id,time_left,unit_price,quantity,buyout,bid,item
1757746376,LONG,10000,8,,,{'id': 168645}
1757520803,MEDIUM,6012800,2,,,{'id': 139503}
1757687711,LONG,258500,2,,,{'id': 72103}
1757687854,LONG,770000,28,,,{'id': 52325}
1757701738,LONG,5700000,1,,,{'id': 172370}
1757715997,LONG,10100,2,,,{'id': 40199}
1757718536,LONG,690000,22,,,{'id': 171288}
1757745880,LONG,5700000,2,,,{'id': 172370}
1757730711,LONG,40000,1,,,{'id': 41800}
1757608684,LONG,15000,11,,,{'id': 22573}
1757542519,LONG,434200,27,,,{'id': 52185}
1757571623,LONG,55500,5,,,{'id': 814}
1757648220,LONG,105100,2,,,{'id': 109123}
1757684137,LONG,20008700,1,,,{'id': 38954}
1757975999,VERY_LONG,13550200,1,,,{'id': 68134}
1758092249,VERY_LONG,17000,45,,,{'id': 10620}
1757783032,LONG,11570200,1,,,{'id': 5504}
1757729664,LONG,1200,3,,,{'id': 109144}
1757999319,VERY_LONG,10990000,1,,,{'id': 173160}
1757870249,LONG,753800,5,,,{'id': 172231}
1757815652,LONG,2503100,5,,,{'id': 172408}
1757947056,VERY_LONG,150000000,5,,,{'id': 180445}
1757618670,LONG,120000,50,,,{'id': 109076}
1757586396,LONG,10256960700,4,,,{'id': 38838}
1757568971,LONG,500,6,,,{'id': 171840}
1758062813,VERY_LONG,1200,2,,,{'id': 160298}
1757770936,LONG,11000000,1,,,{'id': 173160}
1757952490,VERY_LONG,90000,1,,,{'id': 171263}
1757581856,LONG,194223100,19,,,{'id': 52188}
1757571219,LONG,6566900,1,,,{'id': 128559}
1757906705,LONG,3800000,1,,,{'id': 172365}
1757527550,MEDIUM,46600,5,,,{'id': 6530}
1757527758,MEDIUM,50000,8,,,{'id': 172055}
1758092729,VERY_LONG,20000,16,,,{'id': 31670}
1758093466,VERY_LONG,1294500,4,,,{'id': 21844}
1757906767,LONG,19700,1,,,{'id': 34068}
1757911965,LONG,183900,40,,,{'id': 52983}
1757581527,LONG,153500,4,,,{'id': 152496}
1757583260,LONG,2979500,3,,,{'id': 172232}
1757999783,VERY_LONG,19880000,1,,,{'id': 173161}
1757581643,LONG,15070200,1,,,{'id': 68134}
1757583828,LONG,105032800,1,,,{'id': 52754}
1757577087,LONG,9884600,1,,,{'id': 38963}
1757660873,LONG,386100,7,,,{'id': 159468}
1757618381,LONG,3750000,7,,,{'id': 181468}
1758069505,VERY_LONG,40000,3,,,{'id': 177716}
1757873429,LONG,18000,29,,,{'id': 5498}
1757588187,LONG,90737600,1,,,{'id': 38988}
1757584014,LONG,60000,2,,,{'id': 3864}
1757862854,LONG,890000,5,,,{'id': 40211}
1757510047,MEDIUM,212200,1,,,{'id': 3358}
1757574122,LONG,14222500,1,,,{'id': 168598}
1757682495,LONG,99965700,3,,,{'id': 38940}
1757571676,LONG,36620300,1,,,{'id': 38836}
1758100583,VERY_LONG,579600,2,,,{'id': 172921}
1758100545,VERY_LONG,693000,1,,,{'id': 173042}
1758181650,VERY_LONG,244500,32,,,{'id': 82441}
1758166244,VERY_LONG,1009500,1,,,{'id': 37147}
1758063999,VERY_LONG,10952700,5,,,{'id': 173049}
1758184976,VERY_LONG,199700,3,,,{'id': 52979}
1757716033,LONG,20000,28,,,{'id': 124118}
1757542744,LONG,349900,225,,,{'id': 123918}
1757902648,LONG,10000,11,,,{'id': 153050}
1757605895,LONG,37200,200,,,{'id': 153635}
1757610145,LONG,37200,180,,,{'id': 153635}
1757979331,VERY_LONG,90000,2,,,{'id': 7971}
1757542781,LONG,256600,585,,,{'id': 2319}
1757576437,LONG,1860900,1,,,{'id': 128561}
1758156722,VERY_LONG,259500,15,,,{'id': 72094}
1758181507,VERY_LONG,1000,6,,,{'id': 163782}
1757663277,LONG,368500,5,,,{'id': 6662}
1757655687,LONG,247500,12,,,{'id': 178550}
1757966746,VERY_LONG,60000,1,,,{'id': 163225}
1757992064,VERY_LONG,1240700,3,,,{'id': 53072}
1757729444,LONG,180000,20,,,{'id': 171830}
1757745797,LONG,20000,1055,,,{'id': 172935}
1757906810,LONG,749900,24,,,{'id': 173204}
1757517913,MEDIUM,550000,1,,,{'id': 31898}
1757542543,LONG,818600,62,,,{'id': 171315}
1757594568,LONG,419500,2,,,{'id': 168586}
1757605600,LONG,129500,59,,,{'id': 174328}
1757608398,LONG,500,153,,,{'id': 19183}
1757887287,LONG,1000000,1,,,{'id': 104104}
1757607931,LONG,3100,10,,,{'id': 3857}
1757609095,LONG,4600,5,,,{'id': 113262}
1757576843,LONG,3300,1,,,{'id': 3730}
1758100609,VERY_LONG,9900,60,,,{'id': 172069}
1757897627,LONG,31005100,2,,,{'id': 173094}
1757586184,LONG,68931900,1,,,{'id': 38855}
1757918069,LONG,1601600,3,,,{'id': 18562}
1757576119,LONG,2419100,1,,,{'id': 49084}
1757923223,LONG,440800,7200,,,{'id': 168487}
1757566759,LONG,790400,1,,,{'id': 87883}
1757793049,LONG,50000,4,,,{'id': 153704}
1757602273,LONG,442400,17,,,{'id': 41814}
1757605958,LONG,37200,200,,,{'id': 153635}
1757600741,LONG,36390200,20,,,{'id': 172367}
1757718419,LONG,770000,8,,,{'id': 171269}
1757718987,LONG,2490000,1,,,{'id': 172419}
1757732529,LONG,80100,16,,,{'id': 41803}
1757862612,LONG,9860000,4,,,{'id': 12363}
1757792946,LONG,792000,2,,,{'id': 154122}
1758166215,VERY_LONG,990000,2,,,{'id': 104126}
1757660598,LONG,4680100,10,,,{'id': 74727}
1757711151,LONG,995000,13,,,{'id': 132516}
1758139255,VERY_LONG,12500,1,,,{'id': 53071}
1757586440,LONG,1000500,3,,,{'id': 44144}
1757599515,LONG,259500,4,,,{'id': 72094}
1757605493,LONG,721900,11,,,{'id': 172094}
1757602745,LONG,118800,9,,,{'id': 173110}
1757682408,LONG,57520400,2,,,{'id': 38816}
1757683003,LONG,2891900,1,,,{'id': 38980}
1757839950,LONG,3401900,1,,,{'id': 137558}
1757848033,LONG,150000000,5,,,{'id': 180445}
1757729564,LONG,3588700,1,,,{'id': 172412}
1758096619,VERY_LONG,420100,20,,,{'id': 180057}
1758100773,VERY_LONG,29300,3,,,{'id': 153494}
1758066611,VERY_LONG,6397500,6,,,{'id': 173170}
1757993734,VERY_LONG,383900,298,,,{'id': 170554}
1758001323,VERY_LONG,92500,5800,,,{'id': 72092}
1757790452,LONG,2500100,16,,,{'id': 167862}
1757897766,LONG,720000,2,,,{'id': 172094}
1757730288,LONG,10000,2,,,{'id': 7972}
1757731051,LONG,510000,6,,,{'id': 76140}
1757958392,VERY_LONG,220000,5,,,{'id': 172360}
1757662114,LONG,100000,5,,,{'id': 174281}
1757716191,LONG,50000,4,,,{'id': 38426}
1757718790,LONG,40000,28,,,{'id': 171370}
1757729551,LONG,50000,35,,,{'id': 153702}
1757656090,LONG,345000,1,,,{'id': 171829}
1757842420,LONG,103900,5,,,{'id': 172357}
1757662140,LONG,3400,6,,,{'id': 172048}
1757730101,LONG,45100,6,,,{'id': 36918}
1757730207,LONG,129991800,16,,,{'id': 154123}
1757730744,LONG,9100,1,,,{'id': 20881}
1757731092,LONG,9100,1,,,{'id': 20872}
1757542751,LONG,212100,225,,,{'id': 123918}
1757581835,LONG,660000,1,,,{'id': 31901}
1757583966,LONG,22750000,1,,,{'id': 38799}
1757594323,LONG,380000,7,,,{'id': 162515}
1757542431,LONG,1030000,584,,,{'id': 171833}
1757887767,LONG,7000000,1,,,{'id': 173081}
1757527781,MEDIUM,4500,23,,,{'id': 21877}
1757740750,LONG,800000,30,,,{'id': 152497}
1757729516,LONG,3920000000,1,,,{'id': 4233}
1757729768,LONG,48999600,3,,,{'id': 124461}
1757520579,MEDIUM,4000,1,,,{'id': 2835}
1757792929,LONG,5000000,5,,,{'id': 182581}
1757602414,LONG,100000,3,,,{'id': 41808}
1757603926,LONG,60000,16,,,{'id': 3864}
1757551995,LONG,400000,1,,,{'id': 171286}
1757499236,MEDIUM,118800,3,,,{'id': 173110}
1758182982,VERY_LONG,100,660,,,{'id': 124121}
1758184808,VERY_LONG,20200,4,,,{'id': 111663}
1758093469,VERY_LONG,348000,2,,,{'id': 32227}
1757576121,LONG,2321200,1,,,{'id': 128544}
1757576713,LONG,1729400,32,,,{'id': 24476}
1757588169,LONG,8500,39,,,{'id': 6470}
1757734147,LONG,690000,10,,,{'id': 171288}
1757510164,MEDIUM,24300,5,,,{'id': 785}
1758145346,VERY_LONG,48600,71,,,{'id': 172055}
1758145309,VERY_LONG,20000,4,,,{'id': 173202}
1758040518,VERY_LONG,7021600,81,,,{'id': 171349}
1758185164,VERY_LONG,2750000,1,,,{'id': 76061}
1758054811,VERY_LONG,91388000,1,,,{'id': 23764}
1757960691,VERY_LONG,51900,67,,,{'id': 111439}
1757806503,LONG,3950000,5,,,{'id': 177659}
1757740656,LONG,1000,2,,,{'id': 124108}
1757566452,LONG,26500,34,,,{'id': 130182}
1757711223,LONG,2458300,2,,,{'id': 153442}
1757638269,LONG,103500,1,,,{'id': 2447}
1757522990,MEDIUM,140000,9,,,{'id': 171271}
1757496927,SHORT,3628500,3,,,{'id': 11754}
1758122707,VERY_LONG,20000,14,,,{'id': 124118}
1757932582,LONG,2000000,2,,,{'id': 172232}
1757505077,MEDIUM,106300,1,,,{'id': 172413}
1757506144,MEDIUM,250000,3576,,,{'id': 2996}
1757761344,LONG,650000,4,,,{'id': 154129}
1757771066,LONG,111300,3,,,{'id': 53010}
1757542814,LONG,1049900,75,,,{'id': 172053}
1757542564,LONG,829800,13,,,{'id': 172231}
1757600827,LONG,12500,4,,,{'id': 53071}
1757518021,MEDIUM,792000,2,,,{'id': 154122}
1757662680,LONG,11900,70,,,{'id': 133592}
1757576765,LONG,188200,1,,,{'id': 5635}
1757542627,LONG,599900,105,,,{'id': 172096}
1757792748,LONG,3600000,7,,,{'id': 181468}
1757729284,LONG,4600,3,,,{'id': 20865}
1757729696,LONG,110000,8,,,{'id': 62780}
1757729701,LONG,4600,2,,,{'id': 74843}
1757662631,LONG,125700,30,,,{'id': 160502}
1758096684,VERY_LONG,220000,200,,,{'id': 129032}
1758092435,VERY_LONG,9000,3,,,{'id': 7909}
1758095291,VERY_LONG,310000,1,,,{'id': 172096}
1758095755,VERY_LONG,49900,15,,,{'id': 27435}
1758096483,VERY_LONG,1000,8,,,{'id': 108326}
1758038267,VERY_LONG,49000,13,,,{'id': 172055}
1758083797,VERY_LONG,368500,20,,,{'id': 6662}
1758092227,VERY_LONG,92500,119,,,{'id': 72092}
1758100963,VERY_LONG,9900,300,,,{'id': 168645}
1757993170,VERY_LONG,20520000,9,,,{'id': 97621}
1758054791,VERY_LONG,28375200,1,,,{'id': 10546}
1758015267,VERY_LONG,3500000,3,,,{'id': 22457}
1757583909,LONG,20648100,2,,,{'id': 162517}
1758153909,VERY_LONG,28500,17,,,{'id': 36903}
1758153771,VERY_LONG,4190700,5,,,{'id': 4600}
1758155302,VERY_LONG,47505000,18,,,{'id': 5833}
1758156014,VERY_LONG,2115100,1,,,{'id': 8952}
1757730781,LONG,10000,2,,,{'id': 12202}
1757813858,LONG,2303200,1,,,{'id': 128544}
1758137424,VERY_LONG,6600,1,,,{'id': 3385}
1758137016,VERY_LONG,150100,7,,,{'id': 108327}
1758095442,VERY_LONG,383900,6,,,{'id': 170554}
1757958996,VERY_LONG,2003500,1,,,{'id': 136852}
1757589008,LONG,635500,1,,,{'id': 1475}
1757762846,LONG,4000000,5,,,{'id': 173122}
1757573015,LONG,119406500,2,,,{'id': 38925}
1757576209,LONG,19760200,2,,,{'id': 22844}
1757576793,LONG,15809000,1,,,{'id': 79869}
1758166907,VERY_LONG,740000,7,,,{'id': 173204}
1757542683,LONG,321100,200,,,{'id': 72096}
1757542721,LONG,749900,7,,,{'id': 173204}
1758025791,VERY_LONG,26900,1,,,{'id': 17011}
1758088702,VERY_LONG,1550600,8,,,{'id': 24511}
1758092636,VERY_LONG,3800,21,,,{'id': 7075}
1758062880,VERY_LONG,2000,5,,,{'id': 17056}
1758153930,VERY_LONG,1898500,97,,,{'id': 52078}
1757517845,MEDIUM,70000,1,,,{'id': 163691}
1757661088,LONG,5313500,1,,,{'id': 110645}
1757837913,LONG,436000,5,,,{'id': 173129}
1757792914,LONG,3850000,10,,,{'id': 154166}
1757542759,LONG,699900,67,,,{'id': 173034}
1757887252,LONG,12975000,5,,,{'id': 37147}
1757887270,LONG,700000,1,,,{'id': 104105}
1757608799,LONG,10100,200,,,{'id': 109138}
1757571551,LONG,300,3,,,{'id': 3404}
1757571825,LONG,891400,16,,,{'id': 15412}
1757572654,LONG,157400,1,,,{'id': 153438}
1757729540,LONG,6694800,1,,,{'id': 112160}
1757602316,LONG,70100,14,,,{'id': 27439}
1758093506,VERY_LONG,131400,2,,,{'id': 30809}
1758095367,VERY_LONG,20000,11,,,{'id': 173202}
1757729488,LONG,190000,3,,,{'id': 111245}
1758160430,VERY_LONG,240000,4,,,{'id': 178550}
1758050105,VERY_LONG,3008600,1,,,{'id': 171266}
1758066013,VERY_LONG,85000,3,,,{'id': 152541}
1757981652,VERY_LONG,150000,18,,,{'id': 13466}
1758160483,VERY_LONG,506700,10,,,{'id': 173130}
1758166231,VERY_LONG,1007800,1,,,{'id': 44145}
1758181467,VERY_LONG,2200,20,,,{'id': 154897}
1757572972,LONG,1729400,16,,,{'id': 24476}
1757609084,LONG,45800,10,,,{'id': 113263}
1757636342,LONG,17000,5,,,{'id': 69237}
1758092523,VERY_LONG,90500,168,,,{'id': 74850}
1757993138,VERY_LONG,68500,1,,,{'id': 163691}
1757729259,LONG,4600,4,,,{'id': 20861}
1758092347,VERY_LONG,92500,200,,,{'id': 72092}
1757948904,VERY_LONG,9300,5,,,{'id': 102542}
1757952831,VERY_LONG,7039800,1,,,{'id': 180317}
1758181473,VERY_LONG,800,10,,,{'id': 160298}
1757993120,VERY_LONG,12975000,1,,,{'id': 37147}
1758137078,VERY_LONG,2197100,1,,,{'id': 172437}
1757930334,LONG,817200,18,,,{'id': 171289}
1757605302,LONG,37200,200,,,{'id': 153635}
1757583902,LONG,1743200,1,,,{'id': 38979}
1758150137,VERY_LONG,360800,17,,,{'id': 173036}
1757926636,LONG,19888000,2,,,{'id': 173161}
1757655861,LONG,23500,48,,,{'id': 172054}
1757729314,LONG,1560000,1,,,{'id': 71808}
1757588045,LONG,5000,5,,,{'id': 27681}
1757542427,LONG,415500,200,,,{'id': 36912}
1757571861,LONG,59400,7,,,{'id': 4364}
1758022345,VERY_LONG,360800,3,,,{'id': 173036}
1757648218,LONG,19800,258,,,{'id': 109126}
1757979766,VERY_LONG,400000,1,,,{'id': 36933}
1757930306,LONG,19800,15,,,{'id': 183823}
1757730882,LONG,1210000,1,,,{'id': 18335}
1758182858,VERY_LONG,750000,166,,,{'id': 116981}
1758092564,VERY_LONG,39000,16,,,{'id': 72120}
1758093687,VERY_LONG,500000,11,,,{'id': 79253}
1758184782,VERY_LONG,9900,292,,,{'id': 168645}
1758136644,VERY_LONG,259500,1,,,{'id': 72094}
1757991817,VERY_LONG,453300,2,,,{'id': 63127}
1757638625,LONG,1700,1,,,{'id': 11291}
1757607974,LONG,53800,5,,,{'id': 22576}
1758092958,VERY_LONG,30000,1,,,{'id': 21929}
1758098251,VERY_LONG,4600,2,,,{'id': 113262}
1758100908,VERY_LONG,594000,73,,,{'id': 172936}
1758088966,VERY_LONG,107100,33,,,{'id': 124110}
1758100495,VERY_LONG,2057500,5,,,{'id': 63306}
1758104189,VERY_LONG,1816700,1,,,{'id': 147870}
1757875774,LONG,26041100,1,,,{'id': 139270}
1758095771,VERY_LONG,4000,39,,,{'id': 27677}
1758095832,VERY_LONG,1500,4,,,{'id': 12208}
1758097000,VERY_LONG,150000,9,,,{'id': 41807}
1758100487,VERY_LONG,34200,1,,,{'id': 63307}
1758100572,VERY_LONG,2100,2,,,{'id': 173038}
1758093269,VERY_LONG,8000,6,,,{'id': 37701}
1758096633,VERY_LONG,90000,11,,,{'id': 43125}
1757954019,VERY_LONG,5000000,1,,,{'id': 31886}
1757520930,MEDIUM,19700,1,,,{'id': 23572}
1758177979,VERY_LONG,2077500,8,,,{'id': 113261}
1758184967,VERY_LONG,30000,18,,,{'id': 128499}
1757520701,MEDIUM,99000,4,,,{'id': 37705}
1757968074,VERY_LONG,18500000,1,,,{'id': 173098}
1757525877,MEDIUM,4234300,36,,,{'id': 130183}
1757967610,VERY_LONG,258500,89,,,{'id': 72103}
1757729445,LONG,50000,96,,,{'id': 153700}
1757510176,MEDIUM,45000,1,,,{'id': 3818}
1757605886,LONG,9000000,4,,,{'id': 156526}
1757607874,LONG,230000,5,,,{'id': 171831}
1757729507,LONG,40000,13,,,{'id': 152545}
1757730172,LONG,10100,3,,,{'id': 72988}
1757730391,LONG,200,85,,,{'id': 142335}
1757730699,LONG,33000,9,,,{'id': 34664}
1757494684,SHORT,1000,200,,,{'id': 171840}
1757504929,MEDIUM,78000,3388,,,{'id': 2589}
1757542416,LONG,298200,120,,,{'id': 171831}
1757571347,LONG,2756200,1,,,{'id': 87560}
1757571731,LONG,576100,7,,,{'id': 4357}
1757873400,LONG,4749000,19,,,{'id': 23426}
1758093767,VERY_LONG,67000,14,,,{'id': 36906}
1758104167,VERY_LONG,2500,34,,,{'id': 32897}
1758040696,VERY_LONG,13753500,2,,,{'id': 171276}
1758137422,VERY_LONG,43700,18,,,{'id': 153051}
1757975536,VERY_LONG,361900,2,,,{'id': 180318}
1757544174,LONG,1199900,2,,,{'id': 152549}
1757979893,VERY_LONG,3000000,1,,,{'id': 36930}
1757566862,LONG,1832200,1,,,{'id': 45789}
1757580245,LONG,60000,1,,,{'id': 163225}
1757581778,LONG,43434800,1,,,{'id': 38796}
1757959036,VERY_LONG,201900,20,,,{'id': 133566}
1757729902,LONG,159700,32,,,{'id': 154125}
1757730685,LONG,20600,4,,,{'id': 53062}
1757948234,VERY_LONG,2002300,31,,,{'id': 173040}
1757923735,LONG,2500,38,,,{'id': 168650}
1757571651,LONG,54000,10,,,{'id': 43013}
1757979243,VERY_LONG,8000,8,,,{'id': 37701}
1757862082,LONG,273800,1,,,{'id': 23077}
1757711600,LONG,90500,17,,,{'id': 179271}
1757716722,LONG,22000,22,,,{'id': 124437}
1758183022,VERY_LONG,20000,1,,,{'id': 111658}
1758092596,VERY_LONG,400000,137,,,{'id': 79251}
1757586506,LONG,18000000,1,,,{'id': 52744}
1757583927,LONG,88900,2,,,{'id': 171264}
1757716152,LONG,52100,1,,,{'id': 6372}
1757584001,LONG,41687000,1,,,{'id': 38975}
1757801248,LONG,1009100,1,,,{'id': 20874}
1757499072,MEDIUM,43200,3,,,{'id': 19441}
1757930118,LONG,4361200,11,,,{'id': 171290}
1757710719,LONG,9950000,1,,,{'id': 168593}
1758040386,VERY_LONG,816200,17,,,{'id': 171289}
1758098135,VERY_LONG,220000,137,,,{'id': 129032}
1757873386,LONG,40100,11,,,{'id': 3858}
1757875989,LONG,1601600,1,,,{'id': 18562}
1757926303,LONG,14100,3,,,{'id': 173043}
1758001401,VERY_LONG,258500,10,,,{'id': 72103}
1757684139,LONG,7500,273,,,{'id': 4338}
1758066946,VERY_LONG,330000,6,,,{'id': 172061}
1758065817,VERY_LONG,15000,4,,,{'id': 5498}
1758093141,VERY_LONG,499000,3,,,{'id': 172416}
1758166626,VERY_LONG,7450000,4,,,{'id': 172097}
1758166794,VERY_LONG,191200,1,,,{'id': 171832}
1758181576,VERY_LONG,20600,5,,,{'id': 160710}
1757813931,LONG,9855100,1,,,{'id': 128541}
1757501947,MEDIUM,366700,307,,,{'id': 173036}
1757542517,LONG,214600,200,,,{'id': 124104}
1757605413,LONG,419300,200,,,{'id': 168586}
1757687428,LONG,197500,1,,,{'id': 171832}
1757687939,LONG,39600,1,,,{'id': 74247}
1757970107,VERY_LONG,17500000,1,,,{'id': 173080}
1757574145,LONG,1073100,1,,,{'id': 24449}
1757542842,LONG,434600,200,,,{'id': 72094}
1758166240,VERY_LONG,1000000,1,,,{'id': 37159}
1758181477,VERY_LONG,2459200,15,,,{'id': 163224}
1757520672,MEDIUM,1202900,1,,,{'id': 34052}
1757980049,VERY_LONG,70000,12,,,{'id': 13464}
1757993155,VERY_LONG,19200,17,,,{'id': 173191}
1758189910,VERY_LONG,40000,1,,,{'id': 172359}
1758190116,VERY_LONG,270000,1,,,{'id': 177660}
1757793026,LONG,14256400,6,,,{'id': 10938}
1757542398,LONG,112300,200,,,{'id': 2841}
1757542657,LONG,349900,45,,,{'id': 169701}
1757576463,LONG,10953000,20,,,{'id': 173049}
1757887292,LONG,1038700,2,,,{'id': 104120}
1757650895,LONG,244800,54,,,{'id': 169701}
1757662693,LONG,21700,81,,,{'id': 133591}
1757959075,VERY_LONG,508800,1,,,{'id': 19258}
1757993707,VERY_LONG,140300,8,,,{'id': 169701}
1757732347,LONG,4600,2,,,{'id': 20859}
1757710567,LONG,152600,2,,,{'id': 153647}
1757837012,LONG,30221500,1,,,{'id': 136856}
1757489867,SHORT,4463400,6,,,{'id': 181468}
1757604076,LONG,73000,12,,,{'id': 17010}
1757605880,LONG,900,11,,,{'id': 12037}
1757609040,LONG,503700,91,,,{'id': 158189}
1757730897,LONG,140000,49,,,{'id': 34057}
1757544189,LONG,899900,2,,,{'id': 152549}
1757663282,LONG,696600,1,,,{'id': 32228}
1757711454,LONG,1214400,2,,,{'id': 76086}
1757702769,LONG,50000,4,,,{'id': 172055}
1757716022,LONG,99000,1,,,{'id': 37705}
1758165715,VERY_LONG,720000,4,,,{'id': 172094}
1757607111,LONG,671100,6,,,{'id': 14227}
1757609001,LONG,10000,200,,,{'id': 153669}
1757610220,LONG,37200,200,,,{'id': 153635}
1757542404,LONG,499900,120,,,{'id': 171831}
1757581806,LONG,58405400,1,,,{'id': 38847}
1757583933,LONG,93938500,1,,,{'id': 38842}
1757607904,LONG,17000,76,,,{'id': 10620}
1757718894,LONG,90000,5,,,{'id': 171263}
1758098161,VERY_LONG,500,163,,,{'id': 19183}
1757952129,VERY_LONG,540000,1,,,{'id': 173130}
1758189915,VERY_LONG,40000,1,,,{'id': 172359}
1758190129,VERY_LONG,270000,1,,,{'id': 177660}
1757991801,VERY_LONG,66179800,1,,,{'id': 109628}
1757956128,VERY_LONG,10000,1,,,{'id': 27422}
1757956786,VERY_LONG,1000500,1,,,{'id': 44144}
1757661054,LONG,5001000,8,,,{'id': 128540}
1757730949,LONG,9900,16,,,{'id': 74866}
1757732523,LONG,18000,2,,,{'id': 5498}
1757605841,LONG,78400,2,,,{'id': 4625}
1757542694,LONG,399900,55,,,{'id': 2450}
1757715755,LONG,90000,28,,,{'id': 128304}
1757732509,LONG,230000,14,,,{'id': 52720}
1757730372,LONG,1240700,12,,,{'id': 53072}
1757730833,LONG,3920000000,3,,,{'id': 168635}
1757525490,MEDIUM,7500,4,,,{'id': 124120}
1757729482,LONG,4447500,5,,,{'id': 142406}
1757806510,LONG,2503100,2,,,{'id': 172408}
1757728085,LONG,21100,1,,,{'id': 172054}
1757792841,LONG,50000,55,,,{'id': 172055}
1757542472,LONG,399500,110,,,{'id': 152547}
1757581644,LONG,30228200,1,,,{'id': 52747}
1757581698,LONG,447100,8,,,{'id': 67229}
1757581812,LONG,76200,31,,,{'id': 29425}
1757585047,LONG,360969100,1,,,{'id': 43987}
1757516298,MEDIUM,671100,3,,,{'id': 14227}
1757682922,LONG,4500,112,,,{'id': 21877}
1757571423,LONG,32912200,1,,,{'id': 54449}
1757605376,LONG,11000000,1,,,{'id': 173160}
1757937977,LONG,5500,11,,,{'id': 10286}
1758088715,VERY_LONG,1550600,20,,,{'id': 24511}
1757730872,LONG,850000,1,,,{'id': 23436}
1757862286,LONG,4000,7,,,{'id': 2835}
1757908716,LONG,4001600,3,,,{'id': 38984}
1757521039,MEDIUM,10200,20,,,{'id': 2799}
1757520821,MEDIUM,20000,1,,,{'id': 127835}
1757842607,LONG,3950000,3,,,{'id': 177659}
1757813923,LONG,1392000,1,,,{'id': 76700}
1758155331,VERY_LONG,1625600,3,,,{'id': 13467}
1758166404,VERY_LONG,3100,36,,,{'id': 113262}
1758166427,VERY_LONG,148500,2,,,{'id': 52722}
1758185113,VERY_LONG,8800,8,,,{'id': 72988}
1758089646,VERY_LONG,149400,15,,,{'id': 110610}
1757730928,LONG,540000,13,,,{'id': 723}
1757732259,LONG,8300,3,,,{'id': 24477}
1757732533,LONG,62600,3,,,{'id': 10938}
1757668311,LONG,20001400,1,,,{'id': 132525}
1757715821,LONG,180000,87,,,{'id': 124104}
1757878474,LONG,600000,3,,,{'id': 172051}
1757509853,MEDIUM,230100,13,,,{'id': 2450}
1758092851,VERY_LONG,40000,1,,,{'id': 41800}
1758096245,VERY_LONG,16100,11,,,{'id': 174353}
1758137073,VERY_LONG,10200,1,,,{'id': 108330}
1758040725,VERY_LONG,45000,40,,,{'id': 152507}
1757713351,LONG,3505000,2,,,{'id': 168636}
1757662458,LONG,99000,3,,,{'id': 5469}
1757837071,LONG,474612600,1,,,{'id': 139389}
1757837938,LONG,260000,10,,,{'id': 72096}
1757660703,LONG,3298300,1,,,{'id': 38827}
1757571797,LONG,10000,3,,,{'id': 75014}
1757930167,LONG,689000,8,,,{'id': 171288}
1758100503,VERY_LONG,1289200,3,,,{'id': 63305}
1758100879,VERY_LONG,16000,3,,,{'id': 174353}
1758137898,VERY_LONG,100,42,,,{'id': 6291}
1758139449,VERY_LONG,5000,19,,,{'id': 27681}
1758166233,VERY_LONG,1000500,1,,,{'id': 44144}
1757566824,LONG,223763200,2,,,{'id': 161344}
1757806495,LONG,5700000,9,,,{'id': 172370}
1757571774,LONG,10200,11,,,{'id': 2799}
1757576206,LONG,8888800,9,,,{'id': 128980}
1757505060,MEDIUM,106300,1,,,{'id': 172413}
1757792967,LONG,99900,1,,,{'id': 13463}
1757792887,LONG,753800,18,,,{'id': 172231}
1758093489,VERY_LONG,15000,6,,,{'id': 22573}
1757923162,LONG,5759900,3,,,{'id': 172415}
1757979432,VERY_LONG,40000,9,,,{'id': 3356}
1758033281,VERY_LONG,57200,4,,,{'id': 168310}
1758136742,VERY_LONG,32200,37,,,{'id': 110609}
1758190366,VERY_LONG,1870000,1,,,{'id': 172361}
1758189900,VERY_LONG,40000,1,,,{'id': 172359}
1758185265,VERY_LONG,39000,2,,,{'id': 72120}
1757738500,LONG,458000,11,,,{'id': 76137}
1757608385,LONG,4000,2,,,{'id': 27677}
1757602135,LONG,20100,19,,,{'id': 41801}
1757948845,VERY_LONG,80300,27,,,{'id': 21887}
1758139356,VERY_LONG,40000,3,,,{'id': 27437}
1758100534,VERY_LONG,14000,4,,,{'id': 173043}
1758079849,VERY_LONG,5750000,1,,,{'id': 172415}
1758092524,VERY_LONG,9500,120,,,{'id': 72234}
1758122773,VERY_LONG,100,14,,,{'id': 124119}
1758190150,VERY_LONG,270000,1,,,{'id': 177660}
1757958419,VERY_LONG,8900,4,,,{'id': 6358}
1757583242,LONG,548000,4,,,{'id': 172053}
1757588015,LONG,779100,2,,,{'id': 4371}
1757577585,LONG,548000,1,,,{'id': 172053}
1757962180,VERY_LONG,2500,111,,,{'id': 32897}
1758155364,VERY_LONG,2077500,22,,,{'id': 113261}
1757902690,LONG,720000,56,,,{'id': 172094}
1758096756,VERY_LONG,220000,200,,,{'id': 129032}
1758089577,VERY_LONG,310000,3,,,{'id': 172096}
1758096721,VERY_LONG,220000,200,,,{'id': 129032}
1757576171,LONG,3758000,1,,,{'id': 137557}
1757583981,LONG,57520400,1,,,{'id': 38816}
1757898646,LONG,50000,5,,,{'id': 172359}
1757662777,LONG,49700,6,,,{'id': 111672}
1757662790,LONG,13400,10,,,{'id': 109133}
1757907083,LONG,30946900,3,,,{'id': 44457}
1757583815,LONG,517300,9,,,{'id': 22578}
1757608545,LONG,379200,2,,,{'id': 20424}
1757923840,LONG,9900,2,,,{'id': 168216}
1757956931,VERY_LONG,18700,1,,,{'id': 38938}
1757937849,LONG,14500,20,,,{'id': 22832}
1757572206,LONG,2500,1,,,{'id': 7974}
1757581759,LONG,990000,3,,,{'id': 104126}
1757952633,VERY_LONG,19000,13,,,{'id': 171264}
1757648195,LONG,454100,2,,,{'id': 6359}
1757729202,LONG,522700,2,,,{'id': 74252}
1757729754,LONG,837600,1,,,{'id': 52182}
1757923187,LONG,10400,3,,,{'id': 9318}
1757581667,LONG,76495400,2,,,{'id': 38774}
1757525508,MEDIUM,100,19,,,{'id': 124438}
1757716072,LONG,2500000,2,,,{'id': 41802}
1757717026,LONG,150000,3,,,{'id': 3182}
1757862309,LONG,274700,3,,,{'id': 24478}
1757862478,LONG,9000,2,,,{'id': 7909}
1757974962,VERY_LONG,459400,2,,,{'id': 23100}
1757861948,LONG,110000,5,,,{'id': 22832}
1758100695,VERY_LONG,1027800,60,,,{'id': 172041}
1758153948,VERY_LONG,38400,2467,,,{'id': 152875}
1757954027,VERY_LONG,57700,19,,,{'id': 112321}
1758160447,VERY_LONG,652600,1,,,{'id': 31910}
1757576779,LONG,20800,1,,,{'id': 1705}
1758184937,VERY_LONG,1700,1,,,{'id': 11291}
1757573025,LONG,6788500,1,,,{'id': 52746}
1757574113,LONG,21200,4,,,{'id': 108340}
1757586178,LONG,390000,24,,,{'id': 39343}
1757588493,LONG,500000,2,,,{'id': 43373}
1757605114,LONG,750000,3,,,{'id': 22574}
1757605568,LONG,347500,14,,,{'id': 52185}
1757608273,LONG,891000,1,,,{'id': 29740}
1757525764,MEDIUM,200,11,,,{'id': 142335}
1757525711,MEDIUM,40000,40,,,{'id': 124113}
1757993183,VERY_LONG,40989300,15,,,{'id': 109625}
1757660829,LONG,28712100,1,,,{'id': 38779}
1757729577,LONG,585500,3,,,{'id': 36916}
1757660692,LONG,5480100,1,,,{'id': 38848}
1758093800,VERY_LONG,6500,1,,,{'id': 45087}
1757923629,LONG,881300,1,,,{'id': 109599}
1758015228,VERY_LONG,287100,12,,,{'id': 177660}
1758068270,VERY_LONG,1309500,33,,,{'id': 172439}
1758065894,VERY_LONG,37500,1,,,{'id': 1210}
1758066087,VERY_LONG,49000,11,,,{'id': 172055}
1757734121,LONG,2237100,10,,,{'id': 172437}
1757887225,LONG,538200,20,,,{'id': 2290}
1758182840,VERY_LONG,1509100,2,,,{'id': 38561}
1758150119,VERY_LONG,361900,2,,,{'id': 180318}
1757583975,LONG,9986700,56,,,{'id': 43117}
1757715918,LONG,15500,44,,,{'id': 129158}
1757718676,LONG,40000,8,,,{'id': 171370}
1757730199,LONG,500000,3,,,{'id': 36933}
1758092533,VERY_LONG,259500,7,,,{'id': 72094}
1758092543,VERY_LONG,198000,118,,,{'id': 89112}
1757729604,LONG,3920000000,7,,,{'id': 168191}
1757862509,LONG,498500,13,,,{'id': 23424}
1757948777,VERY_LONG,14269300,1,,,{'id': 128542}
1757702145,LONG,3950000,2,,,{'id': 177659}
1757605560,LONG,1799600,9,,,{'id': 23427}
1757730122,LONG,3920000000,6,,,{'id': 168188}
1757732159,LONG,674900,3,,,{'id': 10939}
1757566500,LONG,3687400,20,,,{'id': 177962}
1757525744,MEDIUM,2000,400,,,{'id': 151567}
1758023842,VERY_LONG,480000,1,,,{'id': 80433}
1757975512,VERY_LONG,7039800,2,,,{'id': 180317}
1758160400,VERY_LONG,740000,5,,,{'id': 173204}
1758168434,VERY_LONG,89100,2,,,{'id': 152579}
1758156709,VERY_LONG,258500,17,,,{'id': 72103}
1758100523,VERY_LONG,18700,2,,,{'id': 173859}
1758102154,VERY_LONG,228200,33,,,{'id': 124444}
1757711440,LONG,890200,4,,,{'id': 109599}
1757713476,LONG,30000,22,,,{'id': 168645}
1757602530,LONG,252000,33,,,{'id': 62791}
1758092880,VERY_LONG,220000,200,,,{'id': 129032}
1758095889,VERY_LONG,80000,3,,,{'id': 12799}
1758096505,VERY_LONG,353500,5,,,{'id': 36912}
1758088935,VERY_LONG,10000,43,,,{'id': 124111}
1758096267,VERY_LONG,2000,2,,,{'id': 17056}
1758098309,VERY_LONG,20200,5,,,{'id': 109627}
1758101050,VERY_LONG,879900,6,,,{'id': 152543}
1758092975,VERY_LONG,4400,3,,,{'id': 7067}
1758096881,VERY_LONG,120000,31,,,{'id': 168663}
1757928940,LONG,2870000,10,,,{'id': 171352}
1758096707,VERY_LONG,902300,1,,,{'id': 25802}
1758122831,VERY_LONG,100000,2,,,{'id': 7912}
1757991970,VERY_LONG,100000,1,,,{'id': 173126}
1757997531,VERY_LONG,20000,1,,,{'id': 14344}
1758155806,VERY_LONG,1990000,1,,,{'id': 179310}
1758166435,VERY_LONG,181100,62,,,{'id': 109140}
1758184599,VERY_LONG,200,196,,,{'id': 142335}
1758185650,VERY_LONG,50000,159,,,{'id': 133607}
1757986906,VERY_LONG,589900,12,,,{'id': 171285}
1758093354,VERY_LONG,90000,1,,,{'id': 23439}
1758093624,VERY_LONG,12500,20,,,{'id': 53071}
1758096228,VERY_LONG,70100,71,,,{'id': 27439}
1758096542,VERY_LONG,10500,19,,,{'id': 89639}
1758096728,VERY_LONG,30000,23,,,{'id': 36903}
1758137447,VERY_LONG,10000,135,,,{'id': 153050}
1757958634,VERY_LONG,107000,20,,,{'id': 133571}
1757671183,LONG,9990000,27,,,{'id': 72104}
1757718301,LONG,1000000,27,,,{'id': 183950}
1757571726,LONG,2000,3,,,{'id': 17056}
1757519148,MEDIUM,390000,18,,,{'id': 109132}
1757583196,LONG,230000,8,,,{'id': 171831}
1757960126,VERY_LONG,33200,1,,,{'id': 19441}
1757696373,LONG,130852100,1,,,{'id': 31900}
1757966576,VERY_LONG,10952700,5,,,{'id': 173049}
1757718598,LONG,2210000,3,,,{'id': 184090}
1757967583,VERY_LONG,259500,133,,,{'id': 72094}
1757605354,LONG,19890000,1,,,{'id': 173161}
1757729401,LONG,4656500,1,,,{'id': 32200}
1757729521,LONG,400,19,,,{'id': 27671}
1757608465,LONG,8000,18,,,{'id': 7077}
1757608893,LONG,37200,200,,,{'id': 153635}
1757730853,LONG,78500,53,,,{'id': 34054}
1757494686,SHORT,1000,200,,,{'id': 171840}
1757576788,LONG,45897000,1,,,{'id': 38991}
1757958819,VERY_LONG,70000,3,,,{'id': 138488}
1757636356,LONG,150000,6,,,{'id': 171438}
1757682586,LONG,73199000,1,,,{'id': 38781}
1757577930,LONG,17000,66,,,{'id': 129158}
1758093847,VERY_LONG,140000,4,,,{'id': 32231}
1757772191,LONG,21100,4,,,{'id': 172054}
1757572928,LONG,9800,9855,,,{'id': 152576}
1757729349,LONG,2500000,9,,,{'id': 41802}
1757729684,LONG,276700,56,,,{'id': 43012}
1757583906,LONG,1420392100,1,,,{'id': 7072}
1757925544,LONG,2237100,5,,,{'id': 172437}
1757873440,LONG,1483500,40,,,{'id': 23445}
1757873411,LONG,539000,19,,,{'id': 22452}
1757875766,LONG,69604200,1,,,{'id': 139348}
1757687807,LONG,1190000,1,,,{'id': 72238}
1757573072,LONG,48100,3,,,{'id': 22787}
1757745923,LONG,10200,1410,,,{'id': 171840}
1757979925,VERY_LONG,250000,3,,,{'id': 35625}
1758060629,VERY_LONG,55000400,3,,,{'id': 8950}
1757813700,LONG,2759200,1,,,{'id': 172232}
1757729728,LONG,75900,18,,,{'id': 53069}
1757572933,LONG,120000,4,,,{'id': 22785}
1757628035,LONG,2979200,1,,,{'id': 172232}
1757525779,MEDIUM,100,48,,,{'id': 124121}
1757542633,LONG,454000,105,,,{'id': 172096}
1758093189,VERY_LONG,5750000,9,,,{'id': 172415}
1757806529,LONG,585400,2,,,{'id': 172921}
1757729332,LONG,2000,49,,,{'id': 151567}
1757716292,LONG,50000,6,,,{'id': 2674}
1757939414,LONG,199900,3,,,{'id': 154127}
1757942790,VERY_LONG,1949900,31,,,{'id': 173204}
1758001446,VERY_LONG,259500,20,,,{'id': 72094}
1757967441,VERY_LONG,37609900,1,,,{'id': 128315}
1757583923,LONG,20000,31,,,{'id': 31670}
1757583957,LONG,68517000,1,,,{'id': 38904}
1757887259,LONG,4675700,10,,,{'id': 4384}
1757792958,LONG,750000,3,,,{'id': 154120}
1757576682,LONG,212200,1,,,{'id': 3358}
1757821700,LONG,191200,13,,,{'id': 171832}
1757576666,LONG,392100,1562,,,{'id': 112158}
1757576701,LONG,4880800,2,,,{'id': 8831}
1757564665,LONG,499700,1,,,{'id': 43398}
1757721241,LONG,1510000,61,,,{'id': 171274}
1757660816,LONG,55172600,1,,,{'id': 38780}
1757693432,LONG,2759200,3,,,{'id': 172232}
1758040664,VERY_LONG,749900,13,,,{'id': 173204}
1758096873,VERY_LONG,220000,173,,,{'id': 129032}
1758101006,VERY_LONG,89100,46,,,{'id': 152579}
1757885385,LONG,384900,894,,,{'id': 170554}
1757588176,LONG,96940400,1,,,{'id': 38884}
1757960139,VERY_LONG,4762100,5,,,{'id': 166270}
1757792991,LONG,13000,1,,,{'id': 158187}
1757925121,LONG,2006900,13,,,{'id': 172232}
1757718841,LONG,4700000,14,,,{'id': 171278}
1757542774,LONG,475100,67,,,{'id': 173034}
1757544129,LONG,207600,200,,,{'id': 4304}
1757517957,MEDIUM,881200,10,,,{'id': 152296}
1757572265,LONG,44742300,1,,,{'id': 38778}
1757576162,LONG,27593200,2,,,{'id': 22845}
1757581732,LONG,499700,1,,,{'id': 43398}
1757588878,LONG,6938600,1,,,{'id': 64396}
1758079999,VERY_LONG,280000,14,,,{'id': 177660}
1758015201,VERY_LONG,2490000,1,,,{'id': 177715}
1758096657,VERY_LONG,400,9,,,{'id': 62779}
1758059242,VERY_LONG,13000,3,,,{'id': 4306}
1758083791,VERY_LONG,6290700,3,,,{'id': 39683}
1758181149,VERY_LONG,1210000,1,,,{'id': 18335}
1757603943,LONG,3000,3,,,{'id': 113264}
1757576688,LONG,305700,2,,,{'id': 12205}
1757650862,LONG,705000,36,,,{'id': 171315}
1757574114,LONG,793212800,1,,,{'id': 68786}
1757662614,LONG,20600,30,,,{'id': 160710}
1758181455,VERY_LONG,879900,1,,,{'id': 152543}
1758184133,VERY_LONG,50200,12,,,{'id': 111675}
1757603645,LONG,500,76,,,{'id': 19183}
1757605271,LONG,5005100,1,,,{'id': 153623}
1757836987,LONG,3758000,1,,,{'id': 137557}
1757660712,LONG,43000500,1,,,{'id': 38796}
1757659140,LONG,140000,2,,,{'id': 171438}
1758190230,VERY_LONG,3000,11,,,{'id': 113264}
1757952262,VERY_LONG,4993100,1,,,{'id': 20520}
1757743639,LONG,418100,56,,,{'id': 168586}
1757792948,LONG,93500,3,,,{'id': 153703}
1757632338,LONG,399500,1,,,{'id': 173108}
1757573075,LONG,76045800,1,,,{'id': 44453}
1757542638,LONG,379000,107,,,{'id': 172096}
1757542655,LONG,449900,45,,,{'id': 169701}
1757583968,LONG,28989800,2,,,{'id': 5471}
1757588036,LONG,100461800,1,,,{'id': 52776}
1757608839,LONG,9500,3,,,{'id': 72234}
1757610194,LONG,37200,200,,,{'id': 153635}
1757496434,SHORT,20000,62,,,{'id': 2841}
1757605576,LONG,37200,200,,,{'id': 153635}
1757608866,LONG,131400,17,,,{'id': 30809}
1757610271,LONG,37200,200,,,{'id': 153635}
1757942157,LONG,2237100,50,,,{'id': 172437}
1757576746,LONG,396000,4,,,{'id': 30810}
1757638308,LONG,75000,3,,,{'id': 765}
1757662652,LONG,200,4,,,{'id': 142335}
1757586139,LONG,5440600,5,,,{'id': 37159}
1757991881,VERY_LONG,1763700,3,,,{'id': 37145}
1757510156,MEDIUM,188200,2,,,{'id': 5635}
1757600954,LONG,10000,12,,,{'id': 27422}
1757687164,LONG,84600,4,,,{'id': 168185}
1757510063,MEDIUM,40000,1,,,{'id': 6471}
1757608504,LONG,1002000,1,,,{'id': 153630}
1757610229,LONG,37200,200,,,{'id': 153635}
1757636443,LONG,23500,3,,,{'id': 172054}
1757663694,LONG,20000100,1,,,{'id': 130248}
1757660680,LONG,68242600,16,,,{'id': 38855}
1757685143,LONG,255100,1,,,{'id': 85559}
1757660866,LONG,5643000,6,,,{'id': 159471}
1757696310,LONG,5000000,1,,,{'id': 31886}
1757662807,LONG,9300,16,,,{'id': 102542}
1757732328,LONG,100100,24,,,{'id': 109143}
1758156685,VERY_LONG,480000,3,,,{'id': 76142}
1758040425,VERY_LONG,687000,11,,,{'id': 171288}
1757682648,LONG,247400,5,,,{'id': 10285}
1757684200,LONG,15000,46,,,{'id': 4306}
1758137395,VERY_LONG,2500,39,,,{'id': 154899}
1757542676,LONG,10000,216,,,{'id': 2453}
1757588071,LONG,84656400,1,,,{'id': 44465}
1757594425,LONG,250000,1,,,{'id': 169701}
1757586167,LONG,42200,296,,,{'id': 3857}
1757687668,LONG,259500,1,,,{'id': 72094}
1757693692,LONG,21100,4,,,{'id': 172054}
1757606005,LONG,99900,7,,,{'id': 13463}
1757718932,LONG,7039800,1,,,{'id': 180317}
1758096960,VERY_LONG,26900,18,,,{'id': 17011}
1758096413,VERY_LONG,33200,12,,,{'id': 19441}
1758148640,VERY_LONG,59900,7361,,,{'id': 173202}
1757793074,LONG,2759200,2,,,{'id': 172232}
1757718565,LONG,6919500,10,,,{'id': 171290}
1757734134,LONG,3950000,2,,,{'id': 177659}
1757740241,LONG,10000,2,,,{'id': 124111}
1757525548,MEDIUM,100,33,,,{'id': 124439}
1757542819,LONG,949900,75,,,{'id': 172053}
1757583978,LONG,17566500,5,,,{'id': 24243}
1757542540,LONG,881400,59,,,{'id': 171315}
1757542558,LONG,899900,13,,,{'id': 172231}
1757571842,LONG,46430200,1,,,{'id': 45628}
1757740666,LONG,12500,1,,,{'id': 124107}
1757887241,LONG,106679800,1,,,{'id': 31904}
1757745556,LONG,720000,56,,,{'id': 172094}
1757993134,VERY_LONG,1317700,48,,,{'id': 109992}
1757873679,LONG,400000,3,,,{'id': 115504}
1757683082,LONG,10002800,1,,,{'id': 52754}
1757607835,LONG,17000,166,,,{'id': 10620}
1757607891,LONG,2600,8,,,{'id': 9262}
1757512659,MEDIUM,3501200,8,,,{'id': 177962}
1757783037,LONG,549800,1,,,{'id': 111658}
1757662159,LONG,990000,11,,,{'id': 154169}
1757662548,LONG,5000,2,,,{'id': 3685}
1757729403,LONG,40000,33,,,{'id': 16202}
1757730353,LONG,1999900,14,,,{'id': 168193}
1757729494,LONG,5999900,1,,,{'id': 172415}
1757813518,LONG,2503100,1,,,{'id': 172408}
1757583979,LONG,100000000,6,,,{'id': 4461}
1757586141,LONG,162100,17,,,{'id': 25699}
1757510009,MEDIUM,49700,7,,,{'id': 3356}
1757542792,LONG,40100,110,,,{'id': 3858}
1757542847,LONG,360800,534,,,{'id': 173036}
1757588248,LONG,2450000,1,,,{'id': 41100}
1757887230,LONG,1950100,2,,,{'id': 104138}
1757887280,LONG,990000,3,,,{'id': 104126}
1758098174,VERY_LONG,185700,8,,,{'id': 118225}
1757682612,LONG,30000000,2,,,{'id': 38964}
1757662501,LONG,35000,18,,,{'id': 53070}
1757660627,LONG,99965700,1,,,{'id': 38940}
1757730262,LONG,1300200,3,,,{'id': 36924}
1757730304,LONG,100,71,,,{'id': 124121}
1757605139,LONG,305700,12,,,{'id': 12205}
1758139549,VERY_LONG,10000,2,,,{'id': 2452}
1758153902,VERY_LONG,250500,5,,,{'id': 62791}
1757970125,VERY_LONG,24650300,3,,,{'id': 177840}
1757568984,LONG,1549500,1,,,{'id': 128560}
1757571581,LONG,640400,212,,,{'id': 13466}
1757542572,LONG,754800,15,,,{'id': 172231}
1757732131,LONG,200000,7,,,{'id': 168640}
1757939124,LONG,129900,2,,,{'id': 153713}
1757953972,VERY_LONG,24300,1,,,{'id': 52750}
1758155373,VERY_LONG,3919998500,13,,,{'id': 8169}
1757520643,MEDIUM,190000,1,,,{'id': 8827}
1757566495,LONG,11006300,20,,,{'id': 173049}
1757576166,LONG,24648300,2,,,{'id': 22842}
1757576203,LONG,53036100,22,,,{'id': 23571}
1757937675,LONG,3800,16,,,{'id': 28103}
1757661072,LONG,207100,3,,,{'id': 128537}
1757993196,VERY_LONG,2500000,1,,,{'id': 41802}
1758088248,VERY_LONG,18002200,1,,,{'id': 180412}
1758180047,VERY_LONG,191200,6,,,{'id': 171832}
1758182992,VERY_LONG,5000,2,,,{'id': 142336}
1758092555,VERY_LONG,900,56,,,{'id': 12037}
1758093190,VERY_LONG,60000,2,,,{'id': 74250}
1758096448,VERY_LONG,5000,5,,,{'id': 27681}
1757930630,LONG,480000,10,,,{'id': 171287}
1758050148,VERY_LONG,3008600,10,,,{'id': 171266}
1758092312,VERY_LONG,250000,100,,,{'id': 72096}
1758063977,VERY_LONG,600000,1,,,{'id': 172406}
1758066075,VERY_LONG,720000,2,,,{'id': 172094}
1757954004,VERY_LONG,34100,3,,,{'id': 6359}
1758189898,VERY_LONG,40000,1,,,{'id': 172359}
1757584011,LONG,484900,4,,,{'id': 108341}
1757584029,LONG,550000,7,,,{'id': 130904}
1757864323,LONG,149900,4,,,{'id': 6037}
1757750442,LONG,224100,99,,,{'id': 169701}
1757542488,LONG,352300,200,,,{'id': 152510}
1758147141,VERY_LONG,20000,7371,,,{'id': 173202}
1758153936,VERY_LONG,273200,1,,,{'id': 24478}
1758153746,VERY_LONG,2901200,3,,,{'id': 19222}
1758184791,VERY_LONG,40000,11,,,{'id': 128500}
1757732273,LONG,2500,23,,,{'id': 154899}
1757563413,LONG,870000,1,,,{'id': 76139}
1757602752,LONG,352400,21,,,{'id': 172061}
1757605622,LONG,37200,200,,,{'id': 153635}
1757607871,LONG,20000,2,,,{'id': 27425}
1757970798,VERY_LONG,884900,4,,,{'id': 172902}
1757950775,VERY_LONG,20200,1,,,{'id': 12184}
1758148118,VERY_LONG,20000,7400,,,{'id': 173202}
1757956345,VERY_LONG,5700000,3,,,{'id': 172370}
1758079982,VERY_LONG,9940000,2,,,{'id': 168593}
1758107956,VERY_LONG,500,226,,,{'id': 171840}
1757972780,VERY_LONG,32400000,7,,,{'id': 180457}
1757576270,LONG,24337100,2,,,{'id': 22847}
1757576737,LONG,4400,1,,,{'id': 7067}
1758155347,VERY_LONG,308200,5,,,{'id': 52719}
1758183035,VERY_LONG,49700,124,,,{'id': 111672}
1758185064,VERY_LONG,30000,10,,,{'id': 74834}
1758168375,VERY_LONG,38400,133,,,{'id': 152875}
1757762810,LONG,490000,1,,,{'id': 173124}
1757542747,LONG,262100,225,,,{'id': 123918}
1758040777,VERY_LONG,1740000,2,,,{'id': 172232}
1758096829,VERY_LONG,40000,1,,,{'id': 6471}
1758107531,VERY_LONG,405500,1403,,,{'id': 168586}
1758153926,VERY_LONG,107500,2,,,{'id': 22575}
1758092569,VERY_LONG,220000,180,,,{'id': 129032}
1758093155,VERY_LONG,198000,4,,,{'id': 89112}
1758096459,VERY_LONG,15000,82,,,{'id': 27438}
1757970171,VERY_LONG,10000000,1,,,{'id': 173079}
1757576732,LONG,38124693000,2,,,{'id': 38875}
1757583896,LONG,40000,1,,,{'id': 1210}
1757581649,LONG,143333600,11,,,{'id': 2924}
1757588328,LONG,171700,5,,,{'id': 112157}
1757782760,LONG,1186500,5,,,{'id': 113992}
1757588194,LONG,490000,195,,,{'id': 12803}
1757542826,LONG,849900,75,,,{'id': 172053}
1757814068,LONG,41400,1,,,{'id': 158381}
1757608556,LONG,29000,75,,,{'id': 2840}
1757711014,LONG,504500,2,,,{'id': 168639}
1757576661,LONG,100,8,,,{'id': 124438}
1757660611,LONG,1489200,1,,,{'id': 44455}
1757542701,LONG,256300,14,,,{'id': 2450}
1757551960,LONG,50000,8,,,{'id': 172055}
1757581895,LONG,9622400,1,,,{'id': 38968}
1757948228,VERY_LONG,5300,25,,,{'id': 176859}
1757861559,LONG,4000000,3,,,{'id': 13926}
1757923746,LONG,3880800000,1,,,{'id': 168188}
1757862722,LONG,4400,4,,,{'id': 13444}
1758092946,VERY_LONG,10100,7,,,{'id': 1015}
1758184953,VERY_LONG,1729400,32,,,{'id': 24476}
1757573066,LONG,10000,13,,,{'id': 12202}
1757576265,LONG,21836800,11,,,{'id': 132509}
1758063029,VERY_LONG,188200,1,,,{'id': 5635}
1758093814,VERY_LONG,80000,2,,,{'id': 111652}
1757981580,VERY_LONG,70000,8,,,{'id': 13465}
1757966520,VERY_LONG,19000,2,,,{'id': 171264}
1758066804,VERY_LONG,485000,27,,,{'id': 172049}
1758190355,VERY_LONG,1870000,1,,,{'id': 172361}
1758079908,VERY_LONG,1930000,15,,,{'id': 172361}
1758168374,VERY_LONG,3440000,4,,,{'id': 181468}
1758156700,VERY_LONG,140000,8,,,{'id': 76136}
1758181278,VERY_LONG,2500,3,,,{'id': 154899}
1757576529,LONG,3491381500,1,,,{'id': 2886}
1757608483,LONG,53308800,1,,,{'id': 19284}
1757638656,LONG,123800,1,,,{'id': 152512}
1757660985,LONG,12898500,1,,,{'id': 128558}
1758092508,VERY_LONG,220000,95,,,{'id': 129032}
1757992078,VERY_LONG,77300,5,,,{'id': 53069}
1757993176,VERY_LONG,3975000,1,,,{'id': 64394}
1758080095,VERY_LONG,180000,1,,,{'id': 111245}
1758100846,VERY_LONG,37224000,3,,,{'id': 53039}
1757928916,LONG,2210000,8,,,{'id': 184090}
1757887221,LONG,4594100,2,,,{'id': 37159}
1757687556,LONG,92500,20,,,{'id': 72092}
1757729434,LONG,9147800,2,,,{'id': 25679}
1757571847,LONG,276700,1,,,{'id': 43012}
1757729124,LONG,150000,8,,,{'id': 52722}
1757842558,LONG,50000,3,,,{'id': 172359}
1757658074,LONG,790000,1,,,{'id': 171437}
1757655758,LONG,19900,1,,,{'id': 152503}
1757861747,LONG,200000,5,,,{'id': 33448}
1757862388,LONG,14200,3,,,{'id': 104314}
1758026047,VERY_LONG,84000,1,,,{'id': 152577}
1757716011,LONG,60000,39,,,{'id': 83064}
1757542785,LONG,103500,200,,,{'id': 3860}
1757520772,MEDIUM,4600,5,,,{'id': 113262}
1757520789,MEDIUM,100000,36,,,{'id': 7912}
1757887218,LONG,2500000,2,,,{'id': 43369}
1757991846,VERY_LONG,48013900,1,,,{'id': 44145}
1758069075,VERY_LONG,2747600,5,,,{'id': 172410}
1758093659,VERY_LONG,20648100,1,,,{'id': 162517}
1758165592,VERY_LONG,64100,450,,,{'id': 109118}
1758180076,VERY_LONG,142400,1,,,{'id': 10285}
1758082010,VERY_LONG,18400,8,,,{'id': 74833}
1757610258,LONG,37200,200,,,{'id': 153635}
1757930547,LONG,4000000,16,,,{'id': 172233}
1758102592,VERY_LONG,118800,360,,,{'id': 152512}
1758092455,VERY_LONG,100000,61,,,{'id': 109118}
1757926208,LONG,99900,1,,,{'id': 3823}
1758136726,VERY_LONG,4000,4,,,{'id': 14047}
1758137147,VERY_LONG,20000,4,,,{'id': 118}
1757991770,VERY_LONG,1767100,1,,,{'id': 163701}
1758092639,VERY_LONG,97500,88,,,{'id': 72093}
1758115776,VERY_LONG,770000,1,,,{'id': 171269}
1758184716,VERY_LONG,258500,10,,,{'id': 72103}
1758184775,VERY_LONG,9900,6,,,{'id': 62782}
1758155382,VERY_LONG,98400,1,,,{'id': 153441}
1758100926,VERY_LONG,48600,11,,,{'id': 172055}
1758117194,VERY_LONG,310000,9,,,{'id': 172096}
1758136735,VERY_LONG,808100,2,,,{'id': 11370}
1757662152,LONG,5782600,1,,,{'id': 158212}
1757696326,LONG,1777900,1,,,{'id': 31892}
1757701931,LONG,9500000,1,,,{'id': 172362}
1757715968,LONG,997500,3,,,{'id': 36909}
1757719002,LONG,600000,1,,,{'id': 172406}
1757599386,LONG,2500700,1,,,{'id': 113289}
1757607908,LONG,22200000,2,,,{'id': 173076}
1757608392,LONG,20000,8,,,{'id': 108332}
1757610158,LONG,37200,200,,,{'id': 153635}
1757730642,LONG,252000,10,,,{'id': 62791}
1757599572,LONG,26900,1,,,{'id': 17011}
1757608810,LONG,10000,5,,,{'id': 108339}
1757594628,LONG,3750000,4,,,{'id': 181468}
1757542560,LONG,849900,13,,,{'id': 172231}
1757542681,LONG,59200,190,,,{'id': 14344}
1757798518,LONG,500,10,,,{'id': 171840}
1757761277,LONG,52500000,5,,,{'id': 166664}
1757571600,LONG,400,34,,,{'id': 1288}
1757943072,VERY_LONG,383900,30,,,{'id': 170554}
1757542718,LONG,145600,200,,,{'id': 124101}
1757542754,LONG,187100,45,,,{'id': 123918}
1757566859,LONG,1703900,1,,,{'id': 77101}
1757542692,LONG,127800,200,,,{'id': 72092}
1757730217,LONG,792000,16,,,{'id': 154122}
1757850402,LONG,299900,5155,,,{'id': 173033}
1757873347,LONG,1758400,7,,,{'id': 23427}
1757629138,LONG,661100,2,,,{'id': 14227}
1757577076,LONG,20634900,1,,,{'id': 52760}
1757729425,LONG,50000,65,,,{'id': 153701}
1757729543,LONG,1272900,1,,,{'id': 112093}
1757953461,VERY_LONG,40127200,2,,,{'id': 170173}
1758185076,VERY_LONG,7500,15,,,{'id': 79011}
1757862682,LONG,1483500,16,,,{'id': 23445}
1757864214,LONG,45000,1,,,{'id': 1529}
1757669094,LONG,754800,1,,,{'id': 172231}
1757913255,LONG,145000,12,,,{'id': 124101}
1757583916,LONG,148810300,2,,,{'id': 39003}
1757583953,LONG,4000,15,,,{'id': 27677}
1757818192,LONG,13756600,7,,,{'id': 171276}
1758057011,VERY_LONG,4259400,15,,,{'id': 153478}
1757887262,LONG,1832200,1,,,{'id': 45789}
1757588180,LONG,831400,12,,,{'id': 112177}
1757761365,LONG,522700,3,,,{'id': 74252}
1757544119,LONG,112300,200,,,{'id': 2841}
1757571544,LONG,10000,6,,,{'id': 12202}
1757863038,LONG,100000,20,,,{'id': 42942}
1757542821,LONG,899900,75,,,{'id': 172053}
1758015178,VERY_LONG,2406200,1,,,{'id': 172363}
1758096328,VERY_LONG,420100,12,,,{'id': 180057}
1758100703,VERY_LONG,584100,1,,,{'id': 171441}
1758166027,VERY_LONG,100600,4,,,{'id': 171828}
1758069018,VERY_LONG,720000,13,,,{'id': 172094}
1758153691,VERY_LONG,6278800,4,,,{'id': 21151}
1758183000,VERY_LONG,9500,16,,,{'id': 72234}
1757956175,VERY_LONG,825600,4,,,{'id': 177660}
1757545501,LONG,1000,6,,,{'id': 171840}
1757573090,LONG,207300,3,,,{'id': 108339}
1757574446,LONG,508800,1,,,{'id': 184340}
1757572962,LONG,20001600,1,,,{'id': 38868}
1757594557,LONG,721900,1,,,{'id': 172094}
1757542410,LONG,348200,120,,,{'id': 171831}
1757663257,LONG,210000,1,,,{'id': 32231}
1758185003,VERY_LONG,10000,6,,,{'id': 75014}
1758184979,VERY_LONG,4000,8,,,{'id': 152631}
1757930830,LONG,61900,6,,,{'id': 173109}
1757605197,LONG,90000,1,,,{'id': 12799}
1757525533,MEDIUM,6487000,6,,,{'id': 124116}
1757605986,LONG,37200,200,,,{'id': 153635}
1757970350,VERY_LONG,19886000,2,,,{'id': 173161}
1757981437,VERY_LONG,1500000,7,,,{'id': 21886}
1757656094,LONG,190000,1,,,{'id': 171830}
1757956726,VERY_LONG,11600,2,,,{'id': 38818}
1757792856,LONG,21100,74,,,{'id': 172054}
1757658045,LONG,98600,20,,,{'id': 120257}
1757648210,LONG,14900,1,,,{'id': 4306}
1757968091,VERY_LONG,2340000,8,,,{'id': 168822}
1757542450,LONG,848700,100,,,{'id': 172094}
1757967479,VERY_LONG,1470000,1,,,{'id': 128314}
1757577747,LONG,721900,3,,,{'id': 172094}
1757517498,MEDIUM,100000,3,,,{'id': 4305}
1757583938,LONG,137452500,2,,,{'id': 38869}
1757608830,LONG,1500,3,,,{'id': 4337}
1757862040,LONG,22300,7,,,{'id': 27674}
1757887738,LONG,31005100,2,,,{'id': 173094}
1757837960,LONG,9000000,4,,,{'id': 72104}
1757603595,LONG,304000,1,,,{'id': 12804}
1758069192,VERY_LONG,106300,11,,,{'id': 172413}
1758122845,VERY_LONG,100,48,,,{'id': 124438}
1758122858,VERY_LONG,2400,13,,,{'id': 21877}
1757510148,MEDIUM,13900,4,,,{'id': 2924}
1757588905,LONG,7322568400,1,,,{'id': 38917}
1757813597,LONG,118500,2,,,{'id': 173110}
1757687324,LONG,340000,1,,,{'id': 171829}
1757731021,LONG,20000,98,,,{'id': 52718}
1757716939,LONG,20000,2,,,{'id': 1705}
1757906811,LONG,200000,3,,,{'id': 168640}
1757493619,SHORT,250000,15,,,{'id': 169701}
1757605956,LONG,11700,285,,,{'id': 168303}
1757610339,LONG,11200,4,,,{'id': 8150}
1757801193,LONG,1009100,1,,,{'id': 20882}
1757654152,LONG,92500,18,,,{'id': 72092}
1757655027,LONG,79205100,1,,,{'id': 38832}
1757693400,LONG,800000,1,,,{'id': 43551}
1757662755,LONG,107100,30,,,{'id': 124110}
1757580460,LONG,600800,3,,,{'id': 171268}
1757687117,LONG,8000,85,,,{'id': 2589}
1757696497,LONG,1762900,1,,,{'id': 31893}
1757917315,LONG,180000,8,,,{'id': 171830}
1757660879,LONG,1416900,4,,,{'id': 153479}
1757608528,LONG,150000,1,,,{'id': 7971}
1757681989,LONG,5759700,3,,,{'id': 162027}
1757958916,VERY_LONG,34500,6,,,{'id': 63307}
1758147545,VERY_LONG,56200,7400,,,{'id': 173202}
1757542525,LONG,1208100,59,,,{'id': 171315}
1757772171,LONG,50000,6,,,{'id': 172055}
1757658008,LONG,647700,26,,,{'id': 172406}
1757588908,LONG,1520000,1,,,{'id': 31902}
1757604019,LONG,1399600,92,,,{'id': 172439}
1757662561,LONG,17390900,52,,,{'id': 24243}
1757608108,LONG,900,11,,,{'id': 12037}
1757605286,LONG,450000,1,,,{'id': 31911}
1757607807,LONG,45000,5,,,{'id': 1529}
1757710968,LONG,107100,33,,,{'id': 124110}
1757730248,LONG,4500,33,,,{'id': 21877}
1758093111,VERY_LONG,100500,96,,,{'id': 74840}
1758102583,VERY_LONG,89100,127,,,{'id': 152579}
1757958450,VERY_LONG,11600,1,,,{'id': 38897}
1758062792,VERY_LONG,30000,5,,,{'id': 30183}
1757782959,LONG,599200,5,,,{'id': 22450}
1757732415,LONG,4600,1,,,{'id': 20862}
1757958481,VERY_LONG,51900,37,,,{'id': 111445}
1757605814,LONG,1500,16,,,{'id': 12208}
1757652237,LONG,11850000,3,,,{'id': 172370}
1757953710,VERY_LONG,331800,4,,,{'id': 124669}
1757782876,LONG,369842200,1,,,{'id': 6149}
1757732242,LONG,20200,16,,,{'id': 12184}
1757571742,LONG,62600,1,,,{'id': 12207}
1757573053,LONG,273885900,1,,,{'id': 21881}
1757583796,LONG,380000,1,,,{'id': 38960}
1757583898,LONG,86537000,1,,,{'id': 44493}
1757581632,LONG,576100,14,,,{'id': 4357}
1757588900,LONG,599900,7,,,{'id': 4382}
1757718204,LONG,818200,10,,,{'id': 171289}
1757608792,LONG,70500,1,,,{'id': 74838}
1757993180,VERY_LONG,183550700,1,,,{'id': 108307}
1757942238,LONG,1940000,7,,,{'id': 172361}
1757873109,LONG,304200,34,,,{'id': 152508}
1757926156,LONG,10000,8,,,{'id': 25649}
1757605442,LONG,249800,200,,,{'id': 169701}
1757583918,LONG,1729400,5,,,{'id': 24476}
1757815634,LONG,2406200,3,,,{'id': 172363}
1757797063,LONG,7039800,1,,,{'id': 180317}
1758182887,VERY_LONG,540000,1,,,{'id': 43102}
1758183046,VERY_LONG,9900,1,,,{'id': 111589}
1758092577,VERY_LONG,6000,35,,,{'id': 72237}
1758093281,VERY_LONG,20000,4,,,{'id': 36904}
1757660994,LONG,453000,3,,,{'id': 128554}
1757732494,LONG,343200,10,,,{'id': 74845}
1757510213,MEDIUM,100,1,,,{'id': 1468}
1757743436,LONG,21100,10,,,{'id': 172054}
1757588890,LONG,53666500,1,,,{'id': 38987}
1757586372,LONG,10421100,2,,,{'id': 3770}
1757589047,LONG,9000,85,,,{'id': 5465}
1758180022,VERY_LONG,1341600,4,,,{'id': 171441}
1758063141,VERY_LONG,102800,1,,,{'id': 163225}
1757740766,LONG,50100,9,,,{'id': 138967}
1757660907,LONG,1416900,1,,,{'id': 153476}
1758131962,VERY_LONG,720000,4,,,{'id': 172094}
1757542689,LONG,59900,200,,,{'id': 179314}
1757576750,LONG,831487300,1,,,{'id': 3821}
1757544123,LONG,176200,200,,,{'id': 152512}
1757551987,LONG,3920000000,2,,,{'id': 152497}
1757608030,LONG,1005100,1,,,{'id': 153617}
1757525801,MEDIUM,39000,57,,,{'id': 72120}
1757937808,LONG,4200,24,,,{'id': 154898}
1758100480,VERY_LONG,528300,3,,,{'id': 63308}
1758100950,VERY_LONG,215800,6,,,{'id': 171831}
1757952713,VERY_LONG,9008600,4,,,{'id': 171266}
1758098291,VERY_LONG,500,164,,,{'id': 19183}
1758093566,VERY_LONG,50100,6,,,{'id': 27669}
1758191111,VERY_LONG,80000,5,,,{'id': 154886}
1757583994,LONG,100975400,1,,,{'id': 38940}
1758181128,VERY_LONG,18700,1,,,{'id': 172360}
1758181508,VERY_LONG,2200,4,,,{'id': 154898}
1758182835,VERY_LONG,50000,1,,,{'id': 38558}
1757721249,LONG,1509900,33,,,{'id': 171351}
1757509882,MEDIUM,100,4,,,{'id': 2677}
1757797073,LONG,361900,1,,,{'id': 180318}
1758136710,VERY_LONG,7500,2,,,{'id': 4338}
1758092916,VERY_LONG,300,20,,,{'id': 12203}
1758189895,VERY_LONG,40000,1,,,{'id': 172359}
1757975125,VERY_LONG,339400,1,,,{'id': 23097}
1757581823,LONG,48178300,1,,,{'id': 52773}
1757732177,LONG,5000000,37,,,{'id': 34056}
1757581670,LONG,64074700,2,,,{'id': 38783}
1757958639,VERY_LONG,11600,16,,,{'id': 38849}
1758168378,VERY_LONG,2077500,2,,,{'id': 113261}
1757542765,LONG,525100,67,,,{'id': 173034}
1757542421,LONG,353500,600,,,{'id': 36912}
1757542444,LONG,966500,100,,,{'id': 172094}
1757542807,LONG,29000,200,,,{'id': 2840}
1757542810,LONG,1199900,75,,,{'id': 172053}
1757958977,VERY_LONG,30000,1,,,{'id': 31912}
1758090729,VERY_LONG,3300,6,,,{'id': 3730}
1758097024,VERY_LONG,400,40,,,{'id': 1288}
1758097038,VERY_LONG,110000,21,,,{'id': 62780}
1757960748,VERY_LONG,2003600,92,,,{'id': 111458}
1757576123,LONG,3265600,4,,,{'id': 76132}
1757583904,LONG,56118200,1,,,{'id': 37603}
1757588084,LONG,6500000,1,,,{'id': 52687}
1757589028,LONG,772560600,1,,,{'id': 52777}
1757588918,LONG,45267100,1,,,{'id': 44146}
1757588932,LONG,1729400,12,,,{'id': 24476}
1757603624,LONG,45000,2,,,{'id': 1529}
1757772247,LONG,224100,144,,,{'id': 169701}
1757815475,LONG,191200,200,,,{'id': 171832}
1757542493,LONG,60000,97,,,{'id': 124109}
1757542713,LONG,113400,314,,,{'id': 172055}
1757572970,LONG,79400,5,,,{'id': 22790}
1757574852,LONG,3740000,11,,,{'id': 171273}
1757581676,LONG,10000,2,,,{'id': 25719}
1757583915,LONG,46087900,1,,,{'id': 39002}
1757542475,LONG,349500,110,,,{'id': 152547}
1757864121,LONG,450000,13,,,{'id': 5500}
1758139200,VERY_LONG,15900,4,,,{'id': 53069}
1757991919,VERY_LONG,685800,1,,,{'id': 41805}
1758095389,VERY_LONG,1730000,1,,,{'id': 172232}
1757566522,LONG,15537800,1,,,{'id': 184097}
1757730331,LONG,650000,2,,,{'id': 38425}
1758089731,VERY_LONG,1892700,1,,,{'id': 42459}
1757979957,VERY_LONG,19000000,6,,,{'id': 23573}
1758155355,VERY_LONG,1597500,4,,,{'id': 153440}
1757580930,LONG,50000,14,,,{'id': 153705}
1757576646,LONG,11371600,2,,,{'id': 36758}
1757782865,LONG,5102200,1,,,{'id': 136375}
1757684736,LONG,68517000,1,,,{'id': 38904}
1758065993,VERY_LONG,75000,6,,,{'id': 7910}
1758001362,VERY_LONG,2990000,2,,,{'id': 76061}
1757660738,LONG,83315900,2,,,{'id': 38788}
1757730066,LONG,100000,34,,,{'id': 154121}
1758133106,VERY_LONG,300000,1,,,{'id': 172346}
1758092486,VERY_LONG,258500,20,,,{'id': 72103}
1758184850,VERY_LONG,2200,138,,,{'id': 154898}
1758066078,VERY_LONG,450000,1,,,{'id': 7070}
1758182526,VERY_LONG,317800,4,,,{'id': 158188}
1758183017,VERY_LONG,157500,10,,,{'id': 127759}
1758136630,VERY_LONG,30000,40,,,{'id': 124113}
1758137556,VERY_LONG,3300,25,,,{'id': 154897}
1757745910,LONG,2490000,3,,,{'id': 172419}
1757730424,LONG,1700,8,,,{'id': 11291}
1758122811,VERY_LONG,15000000,6,,,{'id': 172438}
1757605299,LONG,4885100,1,,,{'id': 153612}
1757730052,LONG,3612200,20,,,{'id': 153706}
1757966446,VERY_LONG,37550400,1,,,{'id': 83763}
1757930697,LONG,3843200,16,,,{'id': 171270}
1757687829,LONG,699900,1,,,{'id': 52326}
1758180081,VERY_LONG,157500,30,,,{'id': 127759}
1758153887,VERY_LONG,373500,1,,,{'id': 52329}
1758166235,VERY_LONG,1000000,4,,,{'id': 37160}
1758181421,VERY_LONG,89100,2,,,{'id': 152579}
1758054803,VERY_LONG,1740000,26,,,{'id': 172232}
1757603803,LONG,39849900,1,,,{'id': 128315}
1757770927,LONG,8719900,1,,,{'id': 173163}
1757928925,LONG,1509900,4,,,{'id': 171351}
1757913752,LONG,6950000,1,,,{'id': 172347}
1758093202,VERY_LONG,9000,3,,,{'id': 32249}
1757991776,VERY_LONG,2578500,2,,,{'id': 32470}
1758001480,VERY_LONG,8800,12,,,{'id': 72988}
1758069395,VERY_LONG,1000000,8,,,{'id': 172357}
1758100549,VERY_LONG,1982300,5,,,{'id': 173040}
1757926727,LONG,15000000,9,,,{'id': 172438}
1757964483,VERY_LONG,1998000,6,,,{'id': 172232}
1758136651,VERY_LONG,100000,3,,,{'id': 109118}
1758137221,VERY_LONG,5500,2,,,{'id': 10286}
1758093786,VERY_LONG,75900,9,,,{'id': 53069}
1758098120,VERY_LONG,217900,118,,,{'id': 171831}
1758090743,VERY_LONG,220000,200,,,{'id': 129032}
1758092930,VERY_LONG,4600,151,,,{'id': 74843}
1758115742,VERY_LONG,190100,1,,,{'id': 172904}
1757520738,MEDIUM,3920000,2,,,{'id': 113261}
1757527766,MEDIUM,13900,4,,,{'id': 6530}
1758155378,VERY_LONG,1888100,1,,,{'id': 74722}
1758166247,VERY_LONG,1440200,1,,,{'id': 183963}
1758083774,VERY_LONG,15000,9,,,{'id': 22573}
1757958214,VERY_LONG,157500,1,,,{'id': 153438}
1757718607,LONG,21100,2,,,{'id': 172054}
1757718631,LONG,50000,1,,,{'id': 172055}
1757686004,LONG,9000,1,,,{'id': 7909}
1757696312,LONG,1520000,1,,,{'id': 31902}
1757962256,VERY_LONG,57900,9,,,{'id': 109585}
1757702825,LONG,720000,9,,,{'id': 172094}
1757648481,LONG,150000,1,,,{'id': 34053}
1757721270,LONG,2870000,32,,,{'id': 171352}
1757605219,LONG,250000,16,,,{'id': 2776}
1757842541,LONG,900000,5,,,{'id': 172418}
1757731063,LONG,37600,2,,,{'id': 130179}
1757729986,LONG,7500,97,,,{'id': 4338}
1757740306,LONG,320000,12,,,{'id': 172096}
1757599542,LONG,154000,19,,,{'id': 52555}
1757602780,LONG,12500,55,,,{'id': 172046}
1757948821,VERY_LONG,151900,6,,,{'id': 140587}
1757542531,LONG,1058100,59,,,{'id': 171315}
1757542783,LONG,105500,443,,,{'id': 152577}
1757571567,LONG,256500,26,,,{'id': 38303}
1757719597,LONG,800000,1,,,{'id': 36913}
1757868965,LONG,2000000,1,,,{'id': 163222}
1757571522,LONG,2223300,4,,,{'id': 39681}
1757730034,LONG,750000,13,,,{'id': 154120}
1757923193,LONG,2465100,2,,,{'id': 163082}
1757906883,LONG,271700,15,,,{'id': 74721}
1757780681,LONG,30000,15,,,{'id': 124113}
1757556170,LONG,55008800,2,,,{'id': 172367}
1757572929,LONG,340300,3,,,{'id': 24246}
1757542483,LONG,415800,235,,,{'id': 173033}
1757864288,LONG,50000,20,,,{'id': 34722}
1757864938,LONG,22000,65,,,{'id': 124437}
1757913829,LONG,728000,3,,,{'id': 172231}
1757914008,LONG,705000,11,,,{'id': 171315}
1757873654,LONG,159000,2,,,{'id': 127759}
1757887256,LONG,3326200,1,,,{'id': 43400}
1757588272,LONG,40732800,1,,,{'id': 38804}
1757588891,LONG,43803500,1,,,{'id': 52768}
1757654972,LONG,6526800,3,,,{'id': 52753}
1757729502,LONG,3000100,1,,,{'id': 180060}
1757729528,LONG,2009400,5,,,{'id': 23793}
1757581629,LONG,217486600,1,,,{'id': 38769}
1757581734,LONG,12975000,1,,,{'id': 37147}
1757711726,LONG,4951400,1,,,{'id': 132517}
1757718763,LONG,770000,8,,,{'id': 171269}
1758153962,VERY_LONG,3806500,19,,,{'id': 118704}
1757650929,LONG,1752100,23,,,{'id': 23782}
1757581652,LONG,1006500,5,,,{'id': 37145}
1757585098,LONG,21466000,2,,,{'id': 44156}
1757586197,LONG,81484000,1,,,{'id': 38824}
1757887206,LONG,651100,25,,,{'id': 2289}
1757989560,VERY_LONG,90000,1,,,{'id': 23439}
1757576768,LONG,5002900,1,,,{'id': 22459}
1757574701,LONG,5999900,15,,,{'id': 181468}
1757588940,LONG,93938500,1,,,{'id': 38842}
1757510351,MEDIUM,10200,1,,,{'id': 2997}
1757581672,LONG,124935800,1,,,{'id': 44469}
1757720011,LONG,20000,14,,,{'id': 173202}
1757732518,LONG,400,20,,,{'id': 62779}
1757542533,LONG,1008100,59,,,{'id': 171315}
1757542672,LONG,107800,200,,,{'id': 2772}
1758153905,VERY_LONG,1988500,23,,,{'id': 169451}
1758136820,VERY_LONG,32400000,5,,,{'id': 180457}
1758156019,VERY_LONG,941000,108,,,{'id': 142266}
1758184667,VERY_LONG,107100,41,,,{'id': 124110}
1758185039,VERY_LONG,2425200,3,,,{'id': 25707}
1758181758,VERY_LONG,13000,2,,,{'id': 79101}
1758184684,VERY_LONG,50000,4,,,{'id': 111676}
1758065373,VERY_LONG,2750000,5,,,{'id': 76061}
1758181262,VERY_LONG,45000,42,,,{'id': 152541}
1758181489,VERY_LONG,9498100,2,,,{'id': 43126}
1757610166,LONG,19800,4,,,{'id': 109126}
1757605405,LONG,1220000,2,,,{'id': 18335}
1757798347,LONG,839500,9,,,{'id': 172045}
1757573069,LONG,2000,2,,,{'id': 17056}
1757648201,LONG,260000,23,,,{'id': 61981}
1758179974,VERY_LONG,50000,2,,,{'id': 38558}
1757993193,VERY_LONG,199545000,1,,,{'id': 64395}
1758184609,VERY_LONG,20000,29,,,{'id': 111669}
1757518010,MEDIUM,129991800,1,,,{'id': 154123}
1757520466,MEDIUM,21000,72,,,{'id': 160712}
1757608559,LONG,2970000,2,,,{'id': 153707}
1757610302,LONG,37200,200,,,{'id': 153635}
1757842472,LONG,96800,2,,,{'id': 172407}
1757991823,VERY_LONG,1568200,2,,,{'id': 37160}
1757948667,VERY_LONG,85000,94,,,{'id': 152541}
1757509920,MEDIUM,40100,14,,,{'id': 108331}
1757806519,LONG,900000,6,,,{'id': 172418}
1757842510,LONG,287100,15,,,{'id': 177660}
1757568858,LONG,4003400,4,,,{'id': 181468}
1757571572,LONG,48013900,2,,,{'id': 44145}
1757576809,LONG,3180600,1,,,{'id': 61978}
1757542395,LONG,308400,179,,,{'id': 152548}
1757542568,LONG,779800,13,,,{'id': 172231}
1757542735,LONG,125300,156,,,{'id': 8170}
1757542741,LONG,164700,200,,,{'id': 23425}
1757586157,LONG,59400,9,,,{'id': 4364}
1757607260,LONG,10000,7,,,{'id': 27422}
1757661084,LONG,1272900,1,,,{'id': 112093}
1757662431,LONG,1516600,30,,,{'id': 8343}
1758122666,VERY_LONG,80300,24,,,{'id': 21887}
1757583818,LONG,1329200,2,,,{'id': 43551}
1757897561,LONG,8000000,14,,,{'id': 173071}
1757862220,LONG,3500,11,,,{'id': 21877}
1757586379,LONG,207300,7,,,{'id': 108339}
1757588039,LONG,30000,56,,,{'id': 168645}
1757605171,LONG,2000,10,,,{'id': 17056}
1757792995,LONG,990000,10,,,{'id': 154169}
1757732218,LONG,14900,122,,,{'id': 159959}
1757599639,LONG,1503100,1,,,{'id': 71998}
1757742157,LONG,340300,4,,,{'id': 24246}
1757660605,LONG,3674300,1,,,{'id': 74712}
1757610312,LONG,37200,200,,,{'id': 153635}
1757887704,LONG,13500000,2,,,{'id': 173103}
1757730152,LONG,540000,12,,,{'id': 43102}
1757732227,LONG,4234300,7,,,{'id': 130183}
1757656085,LONG,197500,1,,,{'id': 171832}
1757837482,LONG,991000,3,,,{'id': 173127}
1758179903,VERY_LONG,33733500,19,,,{'id': 58489}
1757732504,LONG,12500,24,,,{'id': 53071}
1757542799,LONG,205300,400,,,{'id': 172230}
1757578004,LONG,485000,6,,,{'id': 172049}
1757586223,LONG,3300,3,,,{'id': 2675}
1757693413,LONG,1950100,5,,,{'id': 104138}
1757734744,LONG,753800,21,,,{'id': 172231}
1758097099,VERY_LONG,2908800,1,,,{'id': 19274}
1757668276,LONG,20002200,1,,,{'id': 77547}
1757730195,LONG,65600,9,,,{'id': 71998}
1757792894,LONG,317800,2,,,{'id': 158188}
1757718485,LONG,90000,5,,,{'id': 171263}
1757734163,LONG,6919500,15,,,{'id': 171290}
1757862740,LONG,11800,1,,,{'id': 13446}
1757842582,LONG,1940000,12,,,{'id': 172361}
1757605592,LONG,5000000,2,,,{'id': 23449}
1757813966,LONG,99900,1,,,{'id': 153441}
1757731034,LONG,4600,1,,,{'id': 20860}
1757542436,LONG,168000,200,,,{'id': 168649}
1757542686,LONG,64900,200,,,{'id': 179314}
1757542756,LONG,749900,67,,,{'id': 173034}
1757581762,LONG,41570300,2,,,{'id': 38874}
1757510656,MEDIUM,5000700,2,,,{'id': 177659}
1757542435,LONG,129600,347,,,{'id': 168649}
1757743599,LONG,224100,1007,,,{'id': 169701}
1757875228,LONG,20200,4,,,{'id': 109624}
1757950623,VERY_LONG,19990000,1,,,{'id': 172043}
1757970401,VERY_LONG,436000,2,,,{'id': 173129}
1757873309,LONG,60000,4,,,{'id': 3864}
1757729610,LONG,5300000,3,,,{'id': 172367}
1757908137,LONG,12292300,2,,,{'id': 151584}
1757520713,MEDIUM,5500,2,,,{'id': 74841}
1757574489,LONG,1000000,1,,,{'id': 173125}
1757509861,MEDIUM,20000,8,,,{'id': 2452}
1757510195,MEDIUM,40000,1,,,{'id': 1210}
1757510364,MEDIUM,2000,1,,,{'id': 17056}
1758081988,VERY_LONG,150000,18,,,{'id': 12361}
1757576761,LONG,2000,2,,,{'id': 17056}
1757588320,LONG,67969900,1,,,{'id': 38805}
1757509652,MEDIUM,4000700,3,,,{'id': 177659}
1758148415,VERY_LONG,20000,4958,,,{'id': 173202}
1758107650,VERY_LONG,340000,730,,,{'id': 171829}
1758137682,VERY_LONG,30000,3,,,{'id': 171370}
1758137828,VERY_LONG,100,77,,,{'id': 6289}
1758143202,VERY_LONG,490000,20,,,{'id': 136653}
1757499166,MEDIUM,400000,2,,,{'id': 173108}
1757572936,LONG,13600,13,,,{'id': 24401}
1757577078,LONG,1766300,35,,,{'id': 171272}
1757571793,LONG,73199000,1,,,{'id': 38781}
1757806803,LONG,991000,5,,,{'id': 173127}
1757937880,LONG,14500,19,,,{'id': 22832}
1757761425,LONG,7260200,5,,,{'id': 105718}
1757542460,LONG,37200,200,,,{'id': 153635}
1757684228,LONG,4500,200,,,{'id': 21877}
1757730816,LONG,6500,30,,,{'id': 45087}
1758080035,VERY_LONG,40000,3,,,{'id': 172359}
1758122809,VERY_LONG,22000,14,,,{'id': 124437}
1757842621,LONG,259900,1,,,{'id': 172358}
1757718913,LONG,2210000,3,,,{'id': 184090}
1757576829,LONG,39130500,1,,,{'id': 52774}
1757581634,LONG,1000000,3,,,{'id': 37160}
1757906952,LONG,19700,18,,,{'id': 34068}
1758096560,VERY_LONG,20200,5,,,{'id': 12184}
1758097059,VERY_LONG,9900,4,,,{'id': 111589}
1758096371,VERY_LONG,40100,2,,,{'id': 5051}
1758040571,VERY_LONG,2509300,3,,,{'id': 168651}
1758066474,VERY_LONG,3690000,4,,,{'id': 173172}
1757542528,LONG,1108100,59,,,{'id': 171315}
1757636325,LONG,118500,2,,,{'id': 173110}
1757729151,LONG,224200,51,,,{'id': 169701}
1757730660,LONG,190000,9,,,{'id': 76141}
1757509949,MEDIUM,153600,2,,,{'id': 3355}
1758115862,VERY_LONG,1309500,40,,,{'id': 172439}
1758139303,VERY_LONG,3300,5,,,{'id': 3730}
1758093752,VERY_LONG,20000,16,,,{'id': 27425}
1758102113,VERY_LONG,89100,12,,,{'id': 151564}
1758071148,VERY_LONG,485000,2,,,{'id': 172049}
1758093700,VERY_LONG,220000,200,,,{'id': 129032}
1758095786,VERY_LONG,545400,8,,,{'id': 23676}
1757958143,VERY_LONG,11600,2,,,{'id': 38861}
1757970189,VERY_LONG,17500000,1,,,{'id': 173091}
1757493603,SHORT,419600,11,,,{'id': 168586}
1757583943,LONG,119406500,2,,,{'id': 38925}
1758156679,VERY_LONG,92500,1,,,{'id': 72092}
1758184941,VERY_LONG,20200,4,,,{'id': 111668}
1758183099,VERY_LONG,1200,476,,,{'id': 109144}
1758184763,VERY_LONG,10100,498,,,{'id': 109138}
1757948326,VERY_LONG,45400,14,,,{'id': 176853}
1757544141,LONG,187100,180,,,{'id': 123918}
1757887209,LONG,1240900,5,,,{'id': 4425}
1757911871,LONG,375000,40,,,{'id': 52329}
1758040408,VERY_LONG,4358200,16,,,{'id': 171290}
1757928981,LONG,399500,1,,,{'id': 173108}
1757588978,LONG,476965600,2,,,{'id': 39001}
1757588111,LONG,550000,2,,,{'id': 130904}
1757588117,LONG,108548700,1,,,{'id': 38954}
1757588950,LONG,300,2,,,{'id': 12203}
1757610452,LONG,85000,35,,,{'id': 13465}
1757718349,LONG,480000,12,,,{'id': 171287}
1757926368,LONG,100000000,1,,,{'id': 139312}
1757542509,LONG,132800,82,,,{'id': 2447}
1757544184,LONG,949900,2,,,{'id': 152549}
1757713286,LONG,700000,1,,,{'id': 118472}
1757729406,LONG,19012400,3,,,{'id': 180059}
1757730863,LONG,16100,169,,,{'id': 174353}
1757520965,MEDIUM,123800,1,,,{'id': 163698}
1757581827,LONG,3750000,1,,,{'id': 87885}
1757948119,VERY_LONG,700000,31,,,{'id': 173042}
1757862590,LONG,500000,5,,,{'id': 41427}
1757923692,LONG,61900,4,,,{'id': 173109}
1757863080,LONG,109100,5,,,{'id': 33447}
1757923788,LONG,9000,39,,,{'id': 152542}
1758138029,VERY_LONG,100,3,,,{'id': 6361}
1758065559,VERY_LONG,600000,2,,,{'id': 12364}
1758160570,VERY_LONG,20002200,1,,,{'id': 180410}
1757730234,LONG,3920000000,31,,,{'id': 154124}
1758166230,VERY_LONG,9900,18,,,{'id': 172069}
1758185642,VERY_LONG,50000,2,,,{'id': 111662}
1758083707,VERY_LONG,557600,5,,,{'id': 22572}
1758092576,VERY_LONG,4311100,3,,,{'id': 44328}
1758092708,VERY_LONG,59200,14,,,{'id': 8839}
1757975644,VERY_LONG,1451600,9,,,{'id': 38852}
1758063295,VERY_LONG,46400,5,,,{'id': 6530}
1758168409,VERY_LONG,100600,8,,,{'id': 171828}
1758168483,VERY_LONG,118800,7,,,{'id': 152512}
1758166222,VERY_LONG,700000,1,,,{'id': 104105}
1758183069,VERY_LONG,100100,415,,,{'id': 109143}
1758184625,VERY_LONG,8300,11,,,{'id': 24477}
1758184993,VERY_LONG,30000,1,,,{'id': 111651}
1757583179,LONG,721900,1,,,{'id': 172094}
1757605825,LONG,43200,46,,,{'id': 19441}
1757608447,LONG,808100,55,,,{'id': 11370}
1757525885,MEDIUM,37600,63,,,{'id': 130182}
1757610112,LONG,10000,200,,,{'id': 153669}
1757682791,LONG,65054500,1,,,{'id': 38931}
1757588478,LONG,300000,1,,,{'id': 43535}
1757496144,SHORT,20000,6,,,{'id': 3576}
1758092684,VERY_LONG,20000,14,,,{'id': 173202}
1758100502,VERY_LONG,20000,1600,,,{'id': 173202}
1758122751,VERY_LONG,2300,31,,,{'id': 109141}
1758065630,VERY_LONG,7500,1,,,{'id': 774}
1758122850,VERY_LONG,10000,2,,,{'id': 25649}
1758181138,VERY_LONG,399500,2,,,{'id': 173108}
1758182796,VERY_LONG,10000,212,,,{'id': 25649}
1757743561,LONG,2979200,3,,,{'id': 172232}
1758181451,VERY_LONG,368661000,1,,,{'id': 168959}
1758182191,VERY_LONG,162100,28,,,{'id': 25699}
1758131387,VERY_LONG,4984700,8,,,{'id': 116654}
1758139121,VERY_LONG,4000,5,,,{'id': 14047}
1758153919,VERY_LONG,1192366000,1,,,{'id': 168960}
1757718535,LONG,1949900,1,,,{'id': 173204}
1758089678,VERY_LONG,720000,44,,,{'id': 172094}
1758092647,VERY_LONG,8800,200,,,{'id': 72988}
1757840773,LONG,2507600,1,,,{'id': 59596}
1757979127,VERY_LONG,90000,18,,,{'id': 35624}
1757979562,VERY_LONG,80000,5,,,{'id': 12799}
1757980003,VERY_LONG,2228500,2,,,{'id': 52746}
1757701501,LONG,3800000,1,,,{'id': 172365}
1757933859,LONG,100000000,24,,,{'id': 11382}
1758183006,VERY_LONG,660000,1,,,{'id': 31901}
1758093167,VERY_LONG,3950000,6,,,{'id': 177659}
1758166393,VERY_LONG,749300,2,,,{'id': 39774}
1758023929,VERY_LONG,106300,6,,,{'id': 172413}
1757993164,VERY_LONG,14783000,5,,,{'id': 64392}
1758089993,VERY_LONG,49000,11,,,{'id': 172055}
1758102259,VERY_LONG,62000,1,,,{'id': 12207}
1758093450,VERY_LONG,2197100,142,,,{'id': 172437}
1757970149,VERY_LONG,22228200,2,,,{'id': 177842}
1758095594,VERY_LONG,49000,4,,,{'id': 172055}
1758137156,VERY_LONG,1730000,2,,,{'id': 172232}
1758137691,VERY_LONG,800,1,,,{'id': 160298}
1758093639,VERY_LONG,2400,187,,,{'id': 21877}
1757648269,LONG,15000,436,,,{'id': 109124}
1757908630,LONG,1060700,11,,,{'id': 74719}
1758155867,VERY_LONG,18002200,1,,,{'id': 180412}
1758092239,VERY_LONG,5000,3,,,{'id': 3685}
1758122873,VERY_LONG,7500,1,,,{'id': 4338}
1757574101,LONG,28485900,1,,,{'id': 38791}
1757661065,LONG,1748800,1,,,{'id': 128539}
1757662700,LONG,447400,5,,,{'id': 133588}
1757587987,LONG,49408100,9,,,{'id': 39339}
1757588126,LONG,120000,17,,,{'id': 168663}
1757721259,LONG,2487200,29,,,{'id': 171350}
1757605582,LONG,16100,216,,,{'id': 174353}
1757730341,LONG,1499900,13,,,{'id': 168190}
1757862206,LONG,1400,13,,,{'id': 12365}
1757608819,LONG,8700,4,,,{'id': 5471}
1757662607,LONG,376200,4,,,{'id': 162515}
1757542555,LONG,59900,400,,,{'id': 172054}
1757992037,VERY_LONG,45267100,1,,,{'id': 44146}
1757577989,LONG,110000,18,,,{'id': 172040}
1758093290,VERY_LONG,390000,5,,,{'id': 39343}
1758153593,VERY_LONG,2590000,28,,,{'id': 22854}
1757821825,LONG,180000,4,,,{'id': 171830}
1757956741,VERY_LONG,10100,14,,,{'id': 13422}
1757542653,LONG,447800,200,,,{'id': 3575}
1757923772,LONG,49600,48,,,{'id': 153051}
1757555264,LONG,50000,5,,,{'id': 172055}
1757729545,LONG,600000,1,,,{'id': 172406}
1757583952,LONG,594218700,1,,,{'id': 38879}
1757572953,LONG,133845200,1,,,{'id': 38974}
1757887285,LONG,749900,1,,,{'id': 44922}
1757542481,LONG,440800,235,,,{'id': 173033}
1757542656,LONG,399900,45,,,{'id': 169701}
1758185125,VERY_LONG,50200,3,,,{'id': 111671}
1757862750,LONG,1400,8,,,{'id': 12365}
1757754789,LONG,839500,50,,,{'id': 172045}
1757729140,LONG,50000,67,,,{'id': 153705}
1757662622,LONG,1000,30,,,{'id': 160709}
1757621553,LONG,3000,400,,,{'id': 2592}
1757761359,LONG,20000000,2,,,{'id': 153031}
1757761392,LONG,1626900,18,,,{'id': 153710}
1757510184,MEDIUM,8000,20,,,{'id': 2589}
1758054804,VERY_LONG,120131700,1,,,{'id': 70139}
1758096934,VERY_LONG,1949900,894,,,{'id': 173204}
1757887266,LONG,508600,5,,,{'id': 38817}
1757935285,LONG,440800,3561,,,{'id': 168487}
1757792972,LONG,503700,2,,,{'id': 158189}
1757918202,LONG,60000,1,,,{'id': 3864}
1757918424,LONG,37609900,1,,,{'id': 128315}
1758095844,VERY_LONG,800000,2,,,{'id': 152497}
1758102139,VERY_LONG,564000,35,,,{'id': 133680}
1758148512,VERY_LONG,3920000000,7203,,,{'id': 173202}
1758165586,VERY_LONG,30700,100,,,{'id': 110609}
1758165740,VERY_LONG,405500,2,,,{'id': 168586}
1758185171,VERY_LONG,5500,79,,,{'id': 74841}
1758081828,VERY_LONG,252700,32,,,{'id': 17012}
1757502630,MEDIUM,1028000,6,,,{'id': 172041}
1757510279,MEDIUM,47500,5,,,{'id': 2449}
1757542512,LONG,819100,550,,,{'id': 36916}
1757542447,LONG,971300,100,,,{'id': 172094}
1757542535,LONG,1006900,59,,,{'id': 171315}
1758137006,VERY_LONG,20000,14,,,{'id': 173202}
1758181713,VERY_LONG,92500,10,,,{'id': 72092}
1758155325,VERY_LONG,9985200,2,,,{'id': 43117}
1757740727,LONG,4308500,1,,,{'id': 38912}
1757663170,LONG,50100,10,,,{'id': 17194}
1757980067,VERY_LONG,40000,2,,,{'id': 22794}
1758117227,VERY_LONG,720000,47,,,{'id': 172094}
1757948278,VERY_LONG,1005500,17,,,{'id': 172902}
1757780842,LONG,9000,2,,,{'id': 154165}
1757571241,LONG,1950100,1,,,{'id': 104138}
1757577017,LONG,49405500,2,,,{'id': 38871}
1757542496,LONG,435800,533,,,{'id': 173036}
1757542793,LONG,302600,193,,,{'id': 124105}
1757588267,LONG,18776800,4,,,{'id': 44165}
1757588964,LONG,53119000,1,,,{'id': 52779}
1757636397,LONG,29200,1,,,{'id': 109133}
1757629147,LONG,36000,3,,,{'id': 4338}
1758095955,VERY_LONG,60000,26,,,{'id': 83064}
1758065395,VERY_LONG,9000000,6,,,{'id': 12363}
1758150181,VERY_LONG,191200,6,,,{'id': 171832}
1757957004,VERY_LONG,825600,20,,,{'id': 177716}
1757586170,LONG,74435700,1,,,{'id': 38828}
1757862645,LONG,4000,20,,,{'id': 14047}
1757993741,VERY_LONG,405500,86,,,{'id': 168586}
1757910409,LONG,4255100,1,,,{'id': 112301}
1757654423,LONG,55000400,2,,,{'id': 8950}
1757636328,LONG,707500,1,,,{'id': 171315}
1757715851,LONG,30000,74,,,{'id': 124113}
1757716085,LONG,40000,1,,,{'id': 41800}
1757718393,LONG,480000,12,,,{'id': 171287}
1757906799,LONG,20005100,2,,,{'id': 163558}
1757605735,LONG,7000000,9,,,{'id': 156525}
1757610284,LONG,37200,200,,,{'id': 153635}
1757662442,LONG,11100,82,,,{'id': 8150}
1757887228,LONG,11635700,5,,,{'id': 38797}
1757520923,MEDIUM,996900,1,,,{'id': 2842}
1757650976,LONG,2956700,6,,,{'id': 23784}
1757729635,LONG,450000,1,,,{'id': 31911}
1757551565,LONG,3843600,53,,,{'id': 171270}
1757610185,LONG,14500,3,,,{'id': 109129}
1757662526,LONG,30000,21,,,{'id': 43007}
1757662572,LONG,7425000,30,,,{'id': 21842}
1757718697,LONG,40000,20,,,{'id': 171370}
1757793067,LONG,8400,3,,,{'id': 118006}
1757917192,LONG,384900,25,,,{'id': 170554}
1757655608,LONG,16100,3,,,{'id': 9313}
1758160290,VERY_LONG,907100,10,,,{'id': 173127}
1758166693,VERY_LONG,720000,26,,,{'id': 172094}
1757607126,LONG,199900,1,,,{'id': 12361}
1757660632,LONG,4520000,1,,,{'id': 38876}
1757711319,LONG,2450500,1,,,{'id': 159789}
1758136707,VERY_LONG,92500,1,,,{'id': 72092}
1757542498,LONG,385800,533,,,{'id': 173036}
1757594343,LONG,708000,1,,,{'id': 171315}
1757682448,LONG,76045800,1,,,{'id': 44453}
1757718297,LONG,690000,22,,,{'id': 171288}
1757718430,LONG,6919500,10,,,{'id': 171290}
1757604035,LONG,449200,38,,,{'id': 7911}
1757729476,LONG,14500,200,,,{'id': 109129}
1757729617,LONG,45800,6,,,{'id': 113263}
1758092903,VERY_LONG,970000,2,,,{'id': 151718}
1758093245,VERY_LONG,10000,36,,,{'id': 12202}
1758096283,VERY_LONG,250000,5,,,{'id': 79254}
1757946943,VERY_LONG,140400,3,,,{'id': 169701}
1758100816,VERY_LONG,1455300,1,,,{'id': 128314}
1758062941,VERY_LONG,267700,1,,,{'id': 41813}
1757956228,VERY_LONG,1238800,10,,,{'id': 172359}
1757729478,LONG,8154500,1,,,{'id': 128980}
1757729970,LONG,44200,61,,,{'id': 151566}
1757542764,LONG,649900,67,,,{'id': 173034}
1757762903,LONG,10510000,40,,,{'id': 173121}
1757718362,LONG,140000,6,,,{'id': 171271}
1757813501,LONG,2490000,1,,,{'id': 172419}
1757730795,LONG,650000,1,,,{'id': 52177}
1757750406,LONG,720000,15,,,{'id': 172094}
1757733020,LONG,197500,12,,,{'id': 171832}
1757731042,LONG,65800,11,,,{'id': 52192}
1757670525,LONG,5990000,400,,,{'id': 173172}
1757608426,LONG,422500,5,,,{'id': 29739}
1757806469,LONG,629500,43,,,{'id': 172936}
1757522973,MEDIUM,1510000,19,,,{'id': 171274}
1757588466,LONG,452900,31,,,{'id': 37118}
1757510358,MEDIUM,5700,44,,,{'id': 2838}
1757687745,LONG,83800,1,,,{'id': 74865}
1757684692,LONG,5002900,1,,,{'id': 22459}
1757608236,LONG,499500,2,,,{'id': 23424}
1757576456,LONG,1250700,72,,,{'id': 72095}
1757576476,LONG,3401900,2,,,{'id': 137558}
1757864104,LONG,150000,10,,,{'id': 7971}
1757942418,LONG,287100,19,,,{'id': 177660}
1757525854,MEDIUM,120000,40,,,{'id': 109076}
1757913851,LONG,2737900,2,,,{'id': 172232}
1757651016,LONG,450800,16,,,{'id': 23781}
1757875916,LONG,19600,40,,,{'id': 109126}
1757572193,LONG,1024073100,16,,,{'id': 43009}
1757813802,LONG,320000,1,,,{'id': 172096}
1757509991,MEDIUM,10000,8,,,{'id': 108325}
1757512947,MEDIUM,1001100,2,,,{'id': 77532}
1757510085,MEDIUM,4000,21,,,{'id': 2835}
1758181782,VERY_LONG,30000,27,,,{'id': 124113}
1758185016,VERY_LONG,29700,5,,,{'id': 74839}
1757729492,LONG,1399500,4,,,{'id': 172439}
1757729711,LONG,3920000000,3,,,{'id': 74846}
1757862235,LONG,4000,18,,,{'id': 14047}
1757586187,LONG,193395700,10,,,{'id': 44314}
1757588982,LONG,19700,2,,,{'id': 23572}
1757743542,LONG,224100,1046,,,{'id': 169701}
1758137645,VERY_LONG,15000,2,,,{'id': 113585}
1758184742,VERY_LONG,35000,38,,,{'id': 53070}
1758098115,VERY_LONG,11200,1,,,{'id': 111667}
1757792963,LONG,3688600,3,,,{'id': 154124}
1757687615,LONG,9000000,5,,,{'id': 72104}
1757605535,LONG,107500,3,,,{'id': 5637}
1757571803,LONG,288249400,1,,,{'id': 38831}
1757576716,LONG,12672500,2,,,{'id': 44157}
1757510297,MEDIUM,550000,1,,,{'id': 2775}
1757897699,LONG,3000000,3,,,{'id': 173084}
1757552007,LONG,40000,1,,,{'id': 171370}
1757837933,LONG,2990000,10,,,{'id': 76061}
1757520851,MEDIUM,50100,79,,,{'id': 160059}
1758083770,VERY_LONG,1240500,1,,,{'id': 36924}
1757517933,MEDIUM,397600,1,,,{'id': 31905}
1757520547,MEDIUM,540000,1,,,{'id': 43102}
1758111161,VERY_LONG,452800,33,,,{'id': 128554}
1757993662,VERY_LONG,1994000,2,,,{'id': 172232}
1758035579,VERY_LONG,1740000,2,,,{'id': 172232}
1758096891,VERY_LONG,1400,75,,,{'id': 12365}
1758184637,VERY_LONG,10000,22,,,{'id': 25719}
1758093632,VERY_LONG,220000,200,,,{'id': 129032}
1757937729,LONG,4400,19,,,{'id': 13444}
1757958929,VERY_LONG,28500,1,,,{'id': 31893}
1757966886,VERY_LONG,2000,5,,,{'id': 3371}
1757972795,VERY_LONG,1370000,14,,,{'id': 171428}
1758092509,VERY_LONG,1190000,25,,,{'id': 72238}
1757954077,VERY_LONG,11600,2,,,{'id': 38867}
1758190107,VERY_LONG,270000,1,,,{'id': 177660}
1757761373,LONG,11594300,1,,,{'id': 129018}
1757710943,LONG,54500,2,,,{'id': 63307}
1758182986,VERY_LONG,22300,66,,,{'id': 27674}
1757718745,LONG,3843300,1,,,{'id': 171270}
1757732483,LONG,19700,4,,,{'id': 23572}
1757599483,LONG,2257600,1,,,{'id': 36783}
1757605321,LONG,37200,24,,,{'id': 153635}
1758137245,VERY_LONG,50100,2,,,{'id': 154722}
1758096948,VERY_LONG,10100,7,,,{'id': 27668}
1757956854,VERY_LONG,11600,1,,,{'id': 52758}
1758095723,VERY_LONG,10000,6,,,{'id': 27422}
1757942495,VERY_LONG,3800000,3,,,{'id': 172365}
1757980016,VERY_LONG,100000,1,,,{'id': 23439}
1757597660,LONG,25000000,2,,,{'id': 173062}
1758155361,VERY_LONG,1747300,1,,,{'id': 128539}
1758107737,VERY_LONG,100600,139,,,{'id': 171828}
1757887236,LONG,9000000,1,,,{'id': 43394}
1757887247,LONG,48013900,2,,,{'id': 44145}
1757542582,LONG,317800,400,,,{'id': 158188}
1758093145,VERY_LONG,2500,39,,,{'id': 7974}
1758093337,VERY_LONG,500000,1,,,{'id': 112272}
1758079934,VERY_LONG,380000,3,,,{'id': 159468}
1758090796,VERY_LONG,188200,5,,,{'id': 5635}
1757586491,LONG,42454000,1,,,{'id': 38898}
1757873283,LONG,49000,1,,,{'id': 23425}
1757897670,LONG,7000000,14,,,{'id': 173082}
1757792982,LONG,9000,1,,,{'id': 109184}
1757542829,LONG,749100,75,,,{'id': 172053}
1757542454,LONG,787400,100,,,{'id': 172094}
1757542715,LONG,88400,313,,,{'id': 172055}
1757730001,LONG,150000,11,,,{'id': 34053}
1757527814,MEDIUM,80300,16,,,{'id': 21887}
1757958241,VERY_LONG,45000,2,,,{'id': 3818}
1757958941,VERY_LONG,100000,4,,,{'id': 7912}
1757976045,VERY_LONG,180000,7,,,{'id': 124104}
1757873617,LONG,500000,4,,,{'id': 11018}
1758093778,VERY_LONG,220000,200,,,{'id': 129032}
1757942361,LONG,103900,5,,,{'id': 172357}
1758158141,VERY_LONG,25002200,1,,,{'id': 180410}
1758182495,VERY_LONG,4447500,7,,,{'id': 142406}
1758183015,VERY_LONG,10000,547,,,{'id': 153050}
1758185155,VERY_LONG,10800,41,,,{'id': 74844}
1757957095,VERY_LONG,330100,3,,,{'id': 3369}
1757992058,VERY_LONG,3503100,2,,,{'id': 118630}
1757729457,LONG,1940000,2,,,{'id': 172361}
1757729561,LONG,2799900,1,,,{'id': 172411}
1757730315,LONG,699000,2,,,{'id': 51950}
1758166388,VERY_LONG,73500,1,,,{'id': 765}
1758181740,VERY_LONG,50000,16,,,{'id': 38426}
1758182247,VERY_LONG,3000,26,,,{'id': 113264}
1758185107,VERY_LONG,110800,5,,,{'id': 53010}
1758052121,VERY_LONG,350000,1,,,{'id': 43350}
1758091045,VERY_LONG,57500,4,,,{'id': 3864}
1758190095,VERY_LONG,270000,1,,,{'id': 177660}
1757980091,VERY_LONG,1200000,4,,,{'id': 21885}
1758063374,VERY_LONG,24000,2,,,{'id': 23572}
1758065492,VERY_LONG,400000,1,,,{'id': 5500}
1757979991,VERY_LONG,300000,4,,,{'id': 36932}
1758166173,VERY_LONG,240000,13,,,{'id': 178550}
1758185660,VERY_LONG,181100,80,,,{'id': 109140}
1757610265,LONG,37200,200,,,{'id': 153635}
1757648279,LONG,36390000,40,,,{'id': 172367}
1757650623,LONG,23500,15,,,{'id': 172054}
1757629167,LONG,1210000,1,,,{'id': 18335}
1757660772,LONG,51600,3,,,{'id': 38787}
1758081144,VERY_LONG,18000,10,,,{'id': 171264}
1757662381,LONG,3574200,5,,,{'id': 116119}
1757662401,LONG,1002500,1,,,{'id': 87277}
1758093743,VERY_LONG,8900,2,,,{'id': 6358}
1757967306,VERY_LONG,92500,20,,,{'id': 72092}
1757926305,LONG,2100,20,,,{'id': 173038}
1758182805,VERY_LONG,70000,31,,,{'id': 33568}
1757608848,LONG,5500,8,,,{'id': 74841}
1757585043,LONG,192600,93,,,{'id': 19441}
1758185095,VERY_LONG,11600,16,,,{'id': 72235}
1757583793,LONG,646550300,1,,,{'id': 38972}
1757728060,LONG,50000,11,,,{'id': 172055}
1757730964,LONG,7800,15,,,{'id': 32428}
1757542480,LONG,324500,69,,,{'id': 152547}
1757566826,LONG,2018700,1,,,{'id': 114836}
1757729599,LONG,154400,10,,,{'id': 173191}
1757544145,LONG,256300,41,,,{'id': 2450}
1757743975,LONG,9800,1,,,{'id': 152576}
1757746010,LONG,13400,5,,,{'id': 109133}
1757684104,LONG,10001800,1,,,{'id': 52776}
1757929023,LONG,61900,1,,,{'id': 173109}
1757730405,LONG,20000,1,,,{'id': 109991}
1757668929,LONG,415800,233,,,{'id': 173033}
1757682439,LONG,50008600,2,,,{'id': 68785}
1757696324,LONG,2787400,1,,,{'id': 31883}
1758156688,VERY_LONG,510000,4,,,{'id': 76140}
1758185667,VERY_LONG,2300,162,,,{'id': 109141}
1757918267,LONG,45000,3,,,{'id': 1529}
1757636355,LONG,199500,10,,,{'id': 171832}
1758065426,VERY_LONG,150000,2,,,{'id': 12361}
1758093110,VERY_LONG,2490000,5,,,{'id': 177715}
1758095739,VERY_LONG,709800,1,,,{'id': 171437}
1757928950,LONG,7021600,10,,,{'id': 171349}
1757930817,LONG,118500,2,,,{'id': 173110}
1757928589,LONG,2970000,39,,,{'id': 153707}
1758093241,VERY_LONG,20000,29,,,{'id': 21840}
1758102501,VERY_LONG,276600,2,,,{'id': 153490}
1758138074,VERY_LONG,10000,2,,,{'id': 25719}
1758101018,VERY_LONG,148500,2,,,{'id': 152546}
1757956903,VERY_LONG,11600,5,,,{'id': 38833}
1757600926,LONG,10600,7,,,{'id': 53066}
1758184119,VERY_LONG,2000,17,,,{'id': 151567}
1757589055,LONG,2000,20,,,{'id': 17056}
1757638528,LONG,9500,1,,,{'id': 72234}
1757716845,LONG,2200,25,,,{'id': 43013}
1757960604,VERY_LONG,51900,63,,,{'id': 111444}
1757960719,VERY_LONG,51900,107,,,{'id': 111442}
1757648244,LONG,1399500,245,,,{'id': 172439}
1757730280,LONG,10800,2,,,{'id': 74844}
1757599347,LONG,19700,1,,,{'id': 23572}
1757728092,LONG,1024073100,51,,,{'id': 43009}
1757608015,LONG,46117500,1,,,{'id': 153611}
1757654752,LONG,17000,5372,,,{'id': 10620}
1757730669,LONG,159700,26,,,{'id': 127759}
1757731008,LONG,556300,14,,,{'id': 52183}
1757599280,LONG,150000,1,,,{'id': 52722}
1757607246,LONG,6000,32,,,{'id': 72237}
1757609019,LONG,10000,200,,,{'id': 153669}
1757610246,LONG,37200,200,,,{'id': 153635}
1757571271,LONG,41400,1,,,{'id': 158381}
1757757190,LONG,9800,1450,,,{'id': 152576}
1757772416,LONG,197500,126,,,{'id': 171832}
1757910437,LONG,20000100,19,,,{'id': 162012}
1757837860,LONG,991000,3,,,{'id': 173127}
1757873294,LONG,5000000,3,,,{'id': 23449}
1758088232,VERY_LONG,13826000,1,,,{'id': 31903}
1758093257,VERY_LONG,14508500,6,,,{'id': 24272}
1758093537,VERY_LONG,200,2,,,{'id': 12204}
1758098126,VERY_LONG,3100,15,,,{'id': 3857}
1758102470,VERY_LONG,23900,20,,,{'id': 168313}
1758153932,VERY_LONG,4865600,2,,,{'id': 43124}
1757663180,LONG,100,17,,,{'id': 128650}
1757662713,LONG,100,25,,,{'id': 124438}
1757783121,LONG,56070800,3,,,{'id': 124125}
1757573001,LONG,39389100,1,,,{'id': 38962}
1757913145,LONG,100000,34,,,{'id': 109118}
1757571526,LONG,43993600,1,,,{'id': 38905}
1757571807,LONG,100,7,,,{'id': 124121}
1757542707,LONG,204400,200,,,{'id': 171830}
1757544152,LONG,231300,56,,,{'id': 2450}
1757572949,LONG,27378900,1,,,{'id': 38910}
1757873359,LONG,2200,3,,,{'id': 3371}
1757873582,LONG,8000000,26,,,{'id': 4278}
1757696515,LONG,2153000,1,,,{'id': 31910}
1757740555,LONG,1900000,1,,,{'id': 52078}
1757586472,LONG,22300,7,,,{'id': 27674}
1758054980,VERY_LONG,485000,9,,,{'id': 172049}
1757783125,LONG,4372100,2,,,{'id': 18640}
1757572780,LONG,100200,1,,,{'id': 153441}
1757542780,LONG,59900,200,,,{'id': 152875}
1757711090,LONG,990000,7,,,{'id': 168506}
1757910341,LONG,20000100,3,,,{'id': 162011}
1757542396,LONG,79000,155,,,{'id': 2841}
1758181202,VERY_LONG,4000,3,,,{'id': 152631}
1758185130,VERY_LONG,7000,6,,,{'id': 69237}
1758093644,VERY_LONG,2000000,4,,,{'id': 12223}
1758189902,VERY_LONG,40000,1,,,{'id': 172359}
1757862807,LONG,100000,5,,,{'id': 33866}
1757792950,LONG,760500,1,,,{'id': 2318}
1757581724,LONG,30000000,2,,,{'id': 38964}
1757902658,LONG,320000,2,,,{'id': 172096}
1757687409,LONG,220000,1,,,{'id': 171831}
1757926311,LONG,2252300,1,,,{'id': 173040}
1757583996,LONG,50008600,1,,,{'id': 68785}
1757586249,LONG,54763300,1,,,{'id': 52751}
1757586451,LONG,103284000,1,,,{'id': 19270}
1757792902,LONG,159700,1,,,{'id': 154125}
1757578024,LONG,1440200,9,,,{'id': 183963}
1757935454,LONG,287100,3,,,{'id': 177660}
1758107430,VERY_LONG,140300,1377,,,{'id': 169701}
1757588041,LONG,28989800,1,,,{'id': 5471}
1757588150,LONG,16417300,1,,,{'id': 74728}
1757588997,LONG,21662400,1,,,{'id': 44155}
1757542457,LONG,451500,800,,,{'id': 170554}
1757542507,LONG,157800,83,,,{'id': 2447}
1757571513,LONG,900,3,,,{'id': 12037}
1757566634,LONG,3326200,1,,,{'id': 43400}
1757734179,LONG,1399500,1,,,{'id': 172439}
1757542777,LONG,450100,65,,,{'id': 173034}
1758097011,VERY_LONG,20000,4,,,{'id': 127835}
1758166373,VERY_LONG,157500,5,,,{'id': 127759}
1758168368,VERY_LONG,57700,9,,,{'id': 111557}
1758063865,VERY_LONG,2237100,30,,,{'id': 172437}
1757603684,LONG,37200,200,,,{'id': 153635}
1757605282,LONG,400,1,,,{'id': 1288}
1757607849,LONG,13381300,1,,,{'id': 13468}
1757576845,LONG,76200,3,,,{'id': 29425}
1757608575,LONG,3800,8,,,{'id': 7075}
1757979494,VERY_LONG,20000,23,,,{'id': 36904}
1757638592,LONG,800,2,,,{'id': 160298}
1757542710,LONG,403500,200,,,{'id': 52555}
1758139408,VERY_LONG,4000,13,,,{'id': 27677}
1758181334,VERY_LONG,54000,2,,,{'id': 152577}
1758184140,VERY_LONG,273800,1,,,{'id': 23077}
1758184832,VERY_LONG,13000,9,,,{'id': 158187}
1757520560,MEDIUM,250100,1,,,{'id': 29460}
1757525939,MEDIUM,481700,111,,,{'id': 130174}
1757608644,LONG,40100,35,,,{'id': 3858}
1757975063,VERY_LONG,461300,9,,,{'id': 39942}
1758190056,VERY_LONG,270000,1,,,{'id': 177660}
1757991917,VERY_LONG,878200,2,,,{'id': 59230}
1757952183,VERY_LONG,9989900,2,,,{'id': 181468}
1757657111,LONG,229000,1,,,{'id': 171831}
1757783254,LONG,12523500,5,,,{'id': 7071}
1757556647,LONG,9008400,2,,,{'id': 173162}
1757648234,LONG,87100,7,,,{'id': 14343}
1757542467,LONG,475100,200,,,{'id': 113588}
1757740467,LONG,2340000,139,,,{'id': 168822}
1757571506,LONG,662741800,3,,,{'id': 43011}
1757571534,LONG,779100,2,,,{'id': 4371}
1757662532,LONG,1182300,30,,,{'id': 4291}
1757577428,LONG,4003400,11,,,{'id': 181468}
1757544179,LONG,1049900,2,,,{'id': 152549}
1757610211,LONG,10000,200,,,{'id': 153669}
1757702210,LONG,6000000,2,,,{'id': 172415}
1757862701,LONG,189700,2,,,{'id': 22577}
1757617071,LONG,100000,4,,,{'id': 128304}
1757660699,LONG,3871500,1,,,{'id': 38846}
1757662550,LONG,9900,5,,,{'id': 30817}
1758131814,VERY_LONG,130000000,1,,,{'id': 132982}
1758155376,VERY_LONG,148500,22,,,{'id': 12361}
1757586446,LONG,863400,4,,,{'id': 40919}
1757576655,LONG,47499400,1,,,{'id': 52765}
1757815779,LONG,40000,28,,,{'id': 177716}
1757588914,LONG,15746100,2,,,{'id': 38862}
1757588934,LONG,389300,4,,,{'id': 64670}
1757589033,LONG,1609600,3,,,{'id': 44154}
1757711814,LONG,85000,2,,,{'id': 152577}
1757636385,LONG,1100,2,,,{'id': 171840}
1757637071,LONG,37609900,1,,,{'id': 128315}
1757603611,LONG,300,55,,,{'id': 12203}
1757608516,LONG,199900,1,,,{'id': 12361}
1757602215,LONG,20100,13,,,{'id': 41810}
1757918020,LONG,4000,65,,,{'id': 14047}
1757610293,LONG,37200,200,,,{'id': 153635}
1757605727,LONG,37200,200,,,{'id': 153635}
1757608052,LONG,200,9,,,{'id': 12204}
1757732205,LONG,504500,3,,,{'id': 168639}
1757837890,LONG,540000,6,,,{'id': 173130}
1757542836,LONG,674100,75,,,{'id': 172053}
1757718972,LONG,3950000,1,,,{'id': 177659}
1757603785,LONG,9900,2,,,{'id': 62782}
1757581723,LONG,16776100,2,,,{'id': 44147}
1757660854,LONG,2920500,1,,,{'id': 159789}
1757743637,LONG,418100,50,,,{'id': 168586}
1757682565,LONG,96349700,1,,,{'id': 38973}
1757729373,LONG,300,7,,,{'id': 12203}
1758100510,VERY_LONG,1005100,4,,,{'id': 63304}
1758096466,VERY_LONG,500800,200,,,{'id': 173036}
1757958438,VERY_LONG,51900,65,,,{'id': 111456}
1758136696,VERY_LONG,149400,3,,,{'id': 110610}
1757761385,LONG,309700,130,,,{'id': 52719}
1757991985,VERY_LONG,172595000,1,,,{'id': 40010}
1757842596,LONG,2490000,5,,,{'id': 172419}
1757718130,LONG,40000,1,,,{'id': 7069}
1757716107,LONG,50100,1,,,{'id': 43571}
1757783101,LONG,220124500,4,,,{'id': 55055}
1757521019,MEDIUM,198000,2,,,{'id': 89112}
1757583789,LONG,219400,1,,,{'id': 4377}
1757583822,LONG,2000000,7,,,{'id': 12223}
1757542464,LONG,102300,200,,,{'id': 22445}
1757544167,LONG,113200,140,,,{'id': 72093}
1757583976,LONG,21391200,1,,,{'id': 38839}
1757542418,LONG,273200,120,,,{'id': 171831}
1757662450,LONG,9900,30,,,{'id': 62782}
1757608695,LONG,5500,22,,,{'id': 7068}
1757991952,VERY_LONG,3025500,18,,,{'id': 109160}
1757993816,VERY_LONG,3950000,2,,,{'id': 172937}
1758102281,VERY_LONG,302700,61,,,{'id': 12205}
1757806525,LONG,118500,10,,,{'id': 173110}
1757520904,MEDIUM,50000,2,,,{'id': 153701}
1757772480,LONG,770000,6,,,{'id': 52325}
1757586246,LONG,26429600,4,,,{'id': 108337}
1757510326,MEDIUM,8500,9,,,{'id': 6470}
1758168382,VERY_LONG,398500,69,,,{'id': 115504}
1758180017,VERY_LONG,383900,10,,,{'id': 170554}
1757499531,MEDIUM,53446300,1,,,{'id': 19281}
1757770956,LONG,224100,51,,,{'id': 169701}
1757772382,LONG,180000,38,,,{'id': 171830}
1757729741,LONG,99990000,1,,,{'id': 31882}
1757730766,LONG,2300,14,,,{'id': 43501}
1757576776,LONG,159341000,1,,,{'id': 38813}
1757862636,LONG,400,5,,,{'id': 27671}
1757780620,LONG,120000,12,,,{'id': 152512}
1757580152,LONG,48600,2,,,{'id': 152550}
1757542522,LONG,1358100,59,,,{'id': 171315}
1757655625,LONG,1199200,1,,,{'id': 153597}
1758137525,VERY_LONG,9000,10,,,{'id': 154165}
1758092408,VERY_LONG,449200,8,,,{'id': 7911}
1758098154,VERY_LONG,20400,7,,,{'id': 27682}
1757956875,VERY_LONG,7501000,1,,,{'id': 144307}
1758131425,VERY_LONG,4980700,17,,,{'id': 113289}
1758056245,VERY_LONG,2958200,20,,,{'id': 183738}
1758137637,VERY_LONG,118800,16,,,{'id': 152512}
1757660845,LONG,1001900,2,,,{'id': 38679}
1757662209,LONG,800000,2,,,{'id': 152497}
1757887788,LONG,5950000,1,,,{'id': 173083}
1757564808,LONG,11000000,10,,,{'id': 173160}
1757576431,LONG,14223200,1,,,{'id': 139362}
1757783052,LONG,2450000,1,,,{'id': 41100}
1757954043,VERY_LONG,47500,4,,,{'id': 2449}
1757732466,LONG,1754100,16,,,{'id': 127037}
1757599128,LONG,3250000,1,,,{'id': 173053}
1757918303,LONG,409600,1,,,{'id': 12800}
1757521010,MEDIUM,6508800,1,,,{'id': 19278}
1758100969,VERY_LONG,11600,5,,,{'id': 168303}
1758168389,VERY_LONG,720000,1,,,{'id': 172094}
1757814082,LONG,155800,1,,,{'id': 153438}
1757660592,LONG,20290800,1,,,{'id': 83006}
1757727475,LONG,361900,2,,,{'id': 180318}
1757792953,LONG,50000,3,,,{'id': 153702}
1757510336,MEDIUM,10000,6,,,{'id': 108328}
1757798399,LONG,600000,9,,,{'id': 172051}
1757870328,LONG,720000,2,,,{'id': 172094}
1757662102,LONG,90500,2,,,{'id': 179271}
1758096711,VERY_LONG,220000,179,,,{'id': 129032}
1758182829,VERY_LONG,30000,2,,,{'id': 21929}
1758183082,VERY_LONG,20000,7,,,{'id': 111595}
1758093522,VERY_LONG,18700,163,,,{'id': 74842}
1758057023,VERY_LONG,2458300,1,,,{'id': 153442}
1758063904,VERY_LONG,3008300,12,,,{'id': 104316}
1758092611,VERY_LONG,5500,166,,,{'id': 74841}
1758101091,VERY_LONG,118800,219,,,{'id': 152512}
1758066654,VERY_LONG,2197100,20,,,{'id': 172437}
1758083738,VERY_LONG,1946700,1,,,{'id': 7191}
1758137469,VERY_LONG,85000,10,,,{'id': 152541}
1758153659,VERY_LONG,1200000,4,,,{'id': 19221}
1758151666,VERY_LONG,848700,1,,,{'id': 172094}
1758155316,VERY_LONG,8437700,2,,,{'id': 112090}
1757718877,LONG,19000,1,,,{'id': 171264}
1757510208,MEDIUM,20000,36,,,{'id': 4306}
1758095708,VERY_LONG,50000,1,,,{'id': 32228}
1758097055,VERY_LONG,60200,3,,,{'id': 108333}
1758101031,VERY_LONG,39600,1,,,{'id': 152545}
1758098279,VERY_LONG,190000,3,,,{'id': 8827}
1757948592,VERY_LONG,351200,5,,,{'id': 22788}
1757581662,LONG,65054500,1,,,{'id': 38931}
1757922878,LONG,9300000,8,,,{'id': 172362}
1758166211,VERY_LONG,997000,3,,,{'id': 85221}
1758181290,VERY_LONG,20100,7,,,{'id': 154722}
1757948798,VERY_LONG,85000,428,,,{'id': 152541}
1757954098,VERY_LONG,1627100,1,,,{'id': 13467}
1757544158,LONG,111300,1400,,,{'id': 53010}
1757542579,LONG,1017200,329,,,{'id': 36909}
1758100865,VERY_LONG,693000,4,,,{'id': 52326}
1758133424,VERY_LONG,217900,5,,,{'id': 171831}
1758096848,VERY_LONG,40200,3,,,{'id': 111674}
1757966551,VERY_LONG,23233600,2,,,{'id': 85570}
1757574106,LONG,45897000,1,,,{'id': 38991}
1757662120,LONG,148500,30,,,{'id': 172050}
1757648276,LONG,107500,8,,,{'id': 5637}
1757608323,LONG,5500,200,,,{'id': 7068}
1757716045,LONG,80100,1,,,{'id': 41803}
1757542700,LONG,306300,55,,,{'id': 2450}
1757618722,LONG,700000,26,,,{'id': 118472}
1757638546,LONG,25000,2,,,{'id': 36904}
1757581646,LONG,2200,12,,,{'id': 22644}
1757864912,LONG,100,13,,,{'id': 124439}
1757958831,VERY_LONG,2958200,5,,,{'id': 183738}
1757918330,LONG,90000,2,,,{'id': 7910}
1757993688,VERY_LONG,3590000,3,,,{'id': 181468}
1757991792,VERY_LONG,244619500,7,,,{'id': 97620}
1758065945,VERY_LONG,57500,4,,,{'id': 3864}
1758098189,VERY_LONG,10000,1,,,{'id': 25719}
1758154031,VERY_LONG,33200,95,,,{'id': 19441}
1757574143,LONG,38661200,1,,,{'id': 38995}
1757702042,LONG,2800000,1,,,{'id': 172411}
1757729173,LONG,220000,28,,,{'id': 171831}
1757729563,LONG,74000,1,,,{'id': 32230}
1758166397,VERY_LONG,666100,7,,,{'id': 14341}
1758181493,VERY_LONG,12500,51,,,{'id': 124107}
1758181639,VERY_LONG,200,9,,,{'id': 142335}
1758062822,VERY_LONG,80300,5,,,{'id': 21887}
1758189841,VERY_LONG,9999900,9,,,{'id': 4406}
1758187872,VERY_LONG,332900,36,,,{'id': 171829}
1757780732,LONG,10000,14,,,{'id': 153050}
1757702275,LONG,2700000,1,,,{'id': 172419}
1757683074,LONG,3000,69,,,{'id': 2592}
1758092189,VERY_LONG,200,181,,,{'id': 142335}
1757992089,VERY_LONG,185700,5,,,{'id': 118225}
1757958956,VERY_LONG,20500,1,,,{'id': 33458}
1757661094,LONG,3963600,5,,,{'id': 87648}
1758090810,VERY_LONG,260000,9,,,{'id': 61981}
1758122935,VERY_LONG,310000,41,,,{'id': 172096}
1757948140,VERY_LONG,310000,2,,,{'id': 172096}
1757952453,VERY_LONG,40000,16,,,{'id': 171370}
1757960769,VERY_LONG,51900,104,,,{'id': 111446}
1757930243,LONG,9008600,12,,,{'id': 171266}
1758189906,VERY_LONG,40000,1,,,{'id': 172359}
1758137952,VERY_LONG,100,14,,,{'id': 6308}
1758139276,VERY_LONG,100,3,,,{'id': 2677}
1757928607,LONG,3505000,101,,,{'id': 168636}
1757584039,LONG,268424600,2,,,{'id': 38883}
1757586465,LONG,50000,7,,,{'id': 43105}
1757887238,LONG,2831100,10,,,{'id': 4424}
1758184697,VERY_LONG,259500,10,,,{'id': 72094}
1758137126,VERY_LONG,48600,36,,,{'id': 172055}
1758137662,VERY_LONG,89100,4,,,{'id': 152579}
1758081953,VERY_LONG,5500,17,,,{'id': 7068}
1757718324,LONG,818200,14,,,{'id': 171289}
1757842387,LONG,40000,10,,,{'id': 177716}
1757862191,LONG,500000,4,,,{'id': 24479}
1757660586,LONG,14854300,1,,,{'id': 83007}
1757648245,LONG,18000,1,,,{'id': 5498}
1757719361,LONG,20000,7320,,,{'id': 173202}
1757586459,LONG,2323200,39,,,{'id': 41814}
1757638462,LONG,1000000,1,,,{'id': 36905}
1757638489,LONG,67000,1,,,{'id': 36906}
1758115728,VERY_LONG,839500,20,,,{'id': 172045}
1757663272,LONG,311600,5,,,{'id': 5503}
1757732290,LONG,35000,7,,,{'id': 53070}
1757670202,LONG,2979200,7,,,{'id': 172232}
1758182845,VERY_LONG,2000,17,,,{'id': 17056}
1758185047,VERY_LONG,19300,3,,,{'id': 74837}
1758179767,VERY_LONG,37580000,1,,,{'id': 128315}
1758096402,VERY_LONG,220000,200,,,{'id': 129032}
1758063134,VERY_LONG,89200,2,,,{'id': 108326}
1757605335,LONG,26900,10,,,{'id': 17011}
1758104237,VERY_LONG,9900,2,,,{'id': 168216}
1758096387,VERY_LONG,30000,2,,,{'id': 74864}
1758100793,VERY_LONG,276600,6,,,{'id': 153490}
1757930390,LONG,480000,18,,,{'id': 171287}
1758137409,VERY_LONG,3440000,6,,,{'id': 181468}
1758096742,VERY_LONG,13600,2,,,{'id': 24401}
1758100835,VERY_LONG,1223800,1,,,{'id': 132515}
1758100981,VERY_LONG,3761000,8,,,{'id': 162516}
1758093127,VERY_LONG,2406200,5,,,{'id': 172363}
1757601067,LONG,40000,1,,,{'id': 27437}
1757531406,LONG,118800,3,,,{'id': 173110}
1757527542,MEDIUM,4500,5,,,{'id': 21877}
1758184946,VERY_LONG,80000,3,,,{'id': 111652}
1758083822,VERY_LONG,485000,19,,,{'id': 172049}
1758189836,VERY_LONG,39900,634,,,{'id': 158186}
1758185674,VERY_LONG,564000,76,,,{'id': 133680}
1758096905,VERY_LONG,2600,4,,,{'id': 9262}
1758153913,VERY_LONG,38100,2,,,{'id': 74247}
1757525514,MEDIUM,1342300,30,,,{'id': 124441}
1757745980,LONG,44500,22,,,{'id': 109129}
1757670348,LONG,2499500,400,,,{'id': 173173}
1757957042,VERY_LONG,825600,4,,,{'id': 177716}
1757687959,LONG,13826000,1,,,{'id': 31903}
1757648230,LONG,4500,20,,,{'id': 21877}
1757730185,LONG,199900,1,,,{'id': 12361}
1757732312,LONG,166400,6,,,{'id': 52193}
1757650580,LONG,50000,33,,,{'id': 172055}
1757729526,LONG,15000,187,,,{'id': 109124}
1757510268,MEDIUM,10000,6,,,{'id': 108324}
1757608802,LONG,4505100,1,,,{'id': 153622}
1757862346,LONG,15000,1,,,{'id': 22573}
1757655108,LONG,1342200,200,,,{'id': 124441}
1757608716,LONG,15000,2,,,{'id': 109124}
1757979621,VERY_LONG,30000,8,,,{'id': 36903}
1757948310,VERY_LONG,50000,15,,,{'id': 158380}
1757966397,VERY_LONG,485000,69,,,{'id': 172049}
1757542549,LONG,434500,400,,,{'id': 72103}
1757544135,LONG,5000,226,,,{'id': 156930}
1757544170,LONG,434200,173,,,{'id': 52185}
1757712007,LONG,953500,2,,,{'id': 76088}
1757783247,LONG,154200,10,,,{'id': 173191}
1757542788,LONG,202700,192,,,{'id': 124103}
1757580138,LONG,361900,7,,,{'id': 180318}
1757650225,LONG,152900,1,,,{'id': 178535}
1757729920,LONG,140000,39,,,{'id': 76134}
1757618272,LONG,2979200,3,,,{'id': 172232}
1758056194,VERY_LONG,2958200,20,,,{'id': 183738}
1758066141,VERY_LONG,100000,1,,,{'id': 12435}
1757687895,LONG,405000,5,,,{'id': 52329}
1757862006,LONG,750000,2,,,{'id': 22574}
1757561877,LONG,9856900,1,,,{'id': 128541}
1757542696,LONG,349900,55,,,{'id': 2450}
1757713443,LONG,1270400,4,,,{'id': 158202}
1757909054,LONG,9805100,5,,,{'id': 112302}
1757937632,LONG,3800,20,,,{'id': 28103}
1757588139,LONG,73199000,1,,,{'id': 38781}
1757711072,LONG,990000,20,,,{'id': 168506}
1757713505,LONG,44200,119,,,{'id': 151566}
1757648252,LONG,27200,4,,,{'id': 14344}
1757621488,LONG,8000,400,,,{'id': 2589}
1757716676,LONG,7000,11,,,{'id': 124120}
1757925483,LONG,191200,27,,,{'id': 171832}
1757583219,LONG,4003400,4,,,{'id': 181468}
1757585044,LONG,217486600,1,,,{'id': 38769}
1757586455,LONG,122499500,1,,,{'id': 38990}
1757509843,MEDIUM,3000,14,,,{'id': 2592}
1757506203,MEDIUM,250000,3200,,,{'id': 2996}
1757581671,LONG,47499400,1,,,{'id': 52765}
1757814021,LONG,7470000,311,,,{'id': 172097}
1757573057,LONG,22229700,1,,,{'id': 52761}
1757683005,LONG,3804300,1,,,{'id': 52750}
1757950264,VERY_LONG,205300,1,,,{'id': 172230}
1757581846,LONG,96349700,2,,,{'id': 38973}
1757792941,LONG,50000,4,,,{'id': 153701}
1757542521,LONG,827700,200,,,{'id': 53038}
1757571710,LONG,60000,1,,,{'id': 3864}
1757509974,MEDIUM,150000,2,,,{'id': 3357}
1757581796,LONG,116505700,1,,,{'id': 52781}
1757732395,LONG,9100,1,,,{'id': 20869}
1757605789,LONG,1400,183,,,{'id': 12365}
1757608911,LONG,3920000000,15,,,{'id': 153669}
1757929002,LONG,118500,2,,,{'id': 173110}
1758090751,VERY_LONG,10000,43,,,{'id': 3667}
1758096770,VERY_LONG,125000,6,,,{'id': 27429}
1758137276,VERY_LONG,400,34,,,{'id': 1288}
1758184929,VERY_LONG,10600,20,,,{'id': 53066}
1757975627,VERY_LONG,279300,2,,,{'id': 153490}
1757759545,LONG,1028000,20,,,{'id': 172041}
1757761416,LONG,144400,304,,,{'id': 22446}
1757581636,LONG,111700,4,,,{'id': 37700}
1757542636,LONG,404000,105,,,{'id': 172096}
1757588302,LONG,28485900,1,,,{'id': 38791}
1757974805,VERY_LONG,1890300,1,,,{'id': 115811}
1757662255,LONG,287100,92,,,{'id': 116979}
1758184613,VERY_LONG,750000,1,,,{'id': 154120}
1758184797,VERY_LONG,10000,255,,,{'id': 109139}
1758166366,VERY_LONG,1201400,2,,,{'id': 34052}
1758166379,VERY_LONG,3919998500,4,,,{'id': 43123}
1757600887,LONG,120000,6,,,{'id': 41806}
1757710894,LONG,39600,9,,,{'id': 169332}
1757922753,LONG,5500000,1,,,{'id': 172370}
1757603973,LONG,19300,1,,,{'id': 74837}
1757520490,MEDIUM,71087200,1,,,{'id': 19236}
1757605768,LONG,5643800,17,,,{'id': 154990}
1757970216,VERY_LONG,49990000,2,,,{'id': 173072}
1757975601,VERY_LONG,3520000,1,,,{'id': 153512}
1758115682,VERY_LONG,40000,1,,,{'id': 172359}
1758190076,VERY_LONG,270000,1,,,{'id': 177660}
1757740953,LONG,110000,5,,,{'id': 22575}
1757870294,LONG,163300,8,,,{'id': 172230}
1757792984,LONG,10000,2,,,{'id': 108339}
1757908600,LONG,28334000,1,,,{'id': 129029}
1757967123,VERY_LONG,8979200,1,,,{'id': 31913}
1757979854,VERY_LONG,150000,16,,,{'id': 3369}
1757660889,LONG,4259400,5,,,{'id': 153478}
1757576531,LONG,8724900,9,,,{'id': 173163}
1757576523,LONG,469400,144,,,{'id': 130174}
1757577089,LONG,17352200,2,,,{'id': 22841}
1757544194,LONG,849900,2,,,{'id': 152549}
1757544198,LONG,751000,2,,,{'id': 152549}
1757580778,LONG,24300,29,,,{'id': 124437}
1757902640,LONG,70000,46,,,{'id': 33568}
1757576443,LONG,16087700,2,,,{'id': 22846}
1757682366,LONG,20001600,1,,,{'id': 38868}
1757638771,LONG,118800,3,,,{'id': 152579}
1757655841,LONG,50000,25,,,{'id': 172055}
1758081192,VERY_LONG,30000,9,,,{'id': 171370}
1757586230,LONG,304000,4,,,{'id': 12804}
1757908804,LONG,1785100,1,,,{'id': 112297}
1757993109,VERY_LONG,98141700,1,,,{'id': 22835}
1757586110,LONG,76098400,2,,,{'id': 38859}
1757566640,LONG,1038700,1,,,{'id': 104120}
1757603616,LONG,4400,4,,,{'id': 7067}
1757732144,LONG,7000,9,,,{'id': 69237}
1757687474,LONG,40100,50,,,{'id': 3858}
1757660861,LONG,1699400,1,,,{'id': 159788}
1757733093,LONG,480000,5,,,{'id': 171287}
1757887203,LONG,420100,25,,,{'id': 4419}
1757887211,LONG,2109300,1,,,{'id': 80587}
1757701585,LONG,5300000,1,,,{'id': 172367}
1757610130,LONG,10000,200,,,{'id': 153669}
1758166246,VERY_LONG,1006500,2,,,{'id': 37145}
1757588202,LONG,218621000,2,,,{'id': 38919}
1757594384,LONG,384900,29,,,{'id': 170554}
1757588284,LONG,39130500,1,,,{'id': 52774}
1757608880,LONG,6000,7,,,{'id': 32897}
1757687381,LONG,180000,1,,,{'id': 171830}
1757729150,LONG,304000,1,,,{'id': 12804}
1758092672,VERY_LONG,70000,10,,,{'id': 1080}
1758190142,VERY_LONG,270000,1,,,{'id': 177660}
1758065688,VERY_LONG,450000,5,,,{'id': 12803}
1757991807,VERY_LONG,46235700,1,,,{'id': 22827}
1757792977,LONG,6315700,1,,,{'id': 5504}
1757740385,LONG,57700,7,,,{'id': 112321}
1757715949,LONG,720000,10,,,{'id': 172094}
1757716055,LONG,20100,1,,,{'id': 41801}
1757610239,LONG,37200,200,,,{'id': 153635}
1757660580,LONG,2728700,1,,,{'id': 87560}
1757729108,LONG,1999600,1,,,{'id': 168192}
1757732108,LONG,20000,12,,,{'id': 30183}
1757729558,LONG,9500000,8,,,{'id': 172362}
1757783092,LONG,1487000,3,,,{'id': 153647}
1757662642,LONG,1000,30,,,{'id': 160400}
1757603964,LONG,15000,1,,,{'id': 27438}
1757608727,LONG,90000,3,,,{'id': 12799}
1757609074,LONG,37200,200,,,{'id': 153635}
1757815751,LONG,1940000,4,,,{'id': 172361}
1757682602,LONG,3871500,1,,,{'id': 38846}
1757731015,LONG,248500,4,,,{'id': 52191}
1757583912,LONG,13064000,1,,,{'id': 19273}
1757542440,LONG,131400,399,,,{'id': 765}
1757542586,LONG,520800,600,,,{'id': 168586}
1757576773,LONG,10000,1,,,{'id': 2453}
1757743450,LONG,50000,4,,,{'id': 172055}
1757991812,VERY_LONG,2443800,6,,,{'id': 85506}
1757918236,LONG,9000,3,,,{'id': 7909}
1757731079,LONG,50100,392,,,{'id': 160059}
1757906978,LONG,4003900,1,,,{'id': 128793}
1757815812,LONG,287100,30,,,{'id': 177660}
1757571554,LONG,53425800,1,,,{'id': 128558}
1757572587,LONG,14269300,1,,,{'id': 128542}
1757510029,MEDIUM,10000,4,,,{'id': 2453}
1757509872,MEDIUM,1000,1,,,{'id': 108326}
1758170934,VERY_LONG,352202100,23,,,{'id': 19768}
1758092888,VERY_LONG,10000,3,,,{'id': 111601}
1757730136,LONG,270000,20,,,{'id': 76133}
1757580112,LONG,90000,1,,,{'id': 171263}
1757750530,LONG,220000,34,,,{'id': 171831}
1757588217,LONG,3300,5,,,{'id': 3730}
1757542630,LONG,549900,105,,,{'id': 172096}
1757887213,LONG,669600,15,,,{'id': 1477}
1757586190,LONG,173086000,1,,,{'id': 38788}
1757586434,LONG,100461800,1,,,{'id': 52776}
1758137587,VERY_LONG,4200,2,,,{'id': 154898}
1757958656,VERY_LONG,10000,23,,,{'id': 133570}
1757958858,VERY_LONG,51900,18,,,{'id': 111449}
1758131953,VERY_LONG,310000,11,,,{'id': 172096}
1758056273,VERY_LONG,2958200,20,,,{'id': 183738}
1757970676,VERY_LONG,43700,75,,,{'id': 153051}
1757660835,LONG,571400,1,,,{'id': 38771}
1757603655,LONG,150000,2,,,{'id': 108341}
1758137116,VERY_LONG,10000,9,,,{'id': 108339}
1758153711,VERY_LONG,371300,3,,,{'id': 19304}
1757571619,LONG,228477800,1,,,{'id': 38922}
1757576156,LONG,14149600,2,,,{'id': 141910}
1757808374,LONG,540000,5,,,{'id': 173130}
1757873454,LONG,149900,17,,,{'id': 6037}
1757873621,LONG,499400,3,,,{'id': 29426}
1757792970,LONG,710000,1,,,{'id': 173042}
1757572622,LONG,1456200,1,,,{'id': 76700}
1757510190,MEDIUM,107500,2,,,{'id': 5637}
1757542551,LONG,64900,400,,,{'id': 172054}
1757551457,LONG,6919500,22,,,{'id': 171290}
1757733082,LONG,1410000,5,,,{'id': 171292}
1757730989,LONG,25000,8,,,{'id': 41813}
1757605431,LONG,74665500,1,,,{'id': 153606}
1757956961,VERY_LONG,375500,1,,,{'id': 177661}
1757801209,LONG,2500000,1,,,{'id': 20879}
1757572277,LONG,55729800,1,,,{'id': 38780}
1757576650,LONG,10000,7,,,{'id': 108323}
1757609056,LONG,37200,200,,,{'id': 153635}
1757710204,LONG,150000,1,,,{'id': 7971}
1757792907,LONG,90500,2,,,{'id': 179271}
1757793019,LONG,1115000,6,,,{'id': 113585}
1757729386,LONG,120000,3,,,{'id': 168663}
1757873260,LONG,184022700,6,,,{'id': 23448}
1757661097,LONG,1982800,5,,,{'id': 87647}
1757662225,LONG,1700,25,,,{'id': 128768}
1758093282,VERY_LONG,45800,600,,,{'id': 113263}
1757958331,VERY_LONG,85000,1,,,{'id': 13464}
1757981721,VERY_LONG,40000,4,,,{'id': 37921}
1758083631,VERY_LONG,13600,49,,,{'id': 24401}
1758062996,VERY_LONG,54914900,3,,,{'id': 15410}
1758065753,VERY_LONG,50000,2,,,{'id': 7079}
1757862212,LONG,7500,9,,,{'id': 774}
1757636436,LONG,7900,5,,,{'id': 138875}
1757710615,LONG,82500,19,,,{'id': 118576}
1757732929,LONG,5300000,1,,,{'id': 172367}
1757518058,MEDIUM,99990000,1,,,{'id': 31882}
1757605149,LONG,409600,6,,,{'id': 12800}
1757608066,LONG,1138000,1,,,{'id': 108335}
1757608435,LONG,30000,1,,,{'id': 21929}
1758100752,VERY_LONG,3484800,1,,,{'id': 153512}
1758093731,VERY_LONG,409600,1,,,{'id': 12800}
1758097067,VERY_LONG,890000,1,,,{'id': 31915}
1758122740,VERY_LONG,176300,4,,,{'id': 123919}
1758090171,VERY_LONG,100000,1,,,{'id': 109118}
1758092544,VERY_LONG,10200,13,,,{'id': 2799}
1758190224,VERY_LONG,3100,6,,,{'id': 113262}
1757928135,LONG,3800000,58,,,{'id': 172347}
1757616903,LONG,200000,2,,,{'id': 124104}
1757589042,LONG,2200,71,,,{'id': 22644}
1757542833,LONG,699100,75,,,{'id': 172053}
1757583900,LONG,115973300,1,,,{'id': 38967}
1757574136,LONG,107500,4,,,{'id': 5637}
1757575005,LONG,2419100,1,,,{'id': 87881}
1757576498,LONG,78427200,1,,,{'id': 52767}
1757588298,LONG,248863800,1,,,{'id': 38908}
1757923820,LONG,9900,6,,,{'id': 168217}
1758184671,VERY_LONG,1240700,20,,,{'id': 53072}
1757948241,VERY_LONG,18900,12,,,{'id': 176861}
1757542408,LONG,449900,120,,,{'id': 171831}
1758080051,VERY_LONG,100000,10,,,{'id': 172040}
1758093205,VERY_LONG,600000,4,,,{'id': 172406}
1758098242,VERY_LONG,45800,6,,,{'id': 113263}
1757581862,LONG,30946900,1,,,{'id': 44457}
1757586163,LONG,1991500,2,,,{'id': 44143}
1757662239,LONG,8400,7,,,{'id': 118006}
1757605418,LONG,50000,21,,,{'id': 23425}
1757542733,LONG,115100,200,,,{'id': 160399}
1757750423,LONG,180000,271,,,{'id': 171830}
1757923764,LONG,9000,40,,,{'id': 154165}
1757937826,LONG,10000,1,,,{'id': 168645}
1757586218,LONG,55500,1,,,{'id': 814}
1757660929,LONG,1534100,1,,,{'id': 128560}
1757544206,LONG,1017200,149,,,{'id': 36909}
1757730087,LONG,7796400,5,,,{'id': 41163}
1757732440,LONG,30000,21,,,{'id': 74864}
1757518031,MEDIUM,17000,6,,,{'id': 69237}
1757525917,MEDIUM,1978400,177,,,{'id': 130177}
1757650926,LONG,340000,38,,,{'id': 172096}
1757715879,LONG,100,18,,,{'id': 124121}
1757527562,MEDIUM,50000,5,,,{'id': 172055}
1757862145,LONG,3500,20,,,{'id': 21877}
1757864239,LONG,100000,11,,,{'id': 7912}
1758139474,VERY_LONG,20400,12,,,{'id': 27682}
1757993145,VERY_LONG,125000,3,,,{'id': 27429}
1758083711,VERY_LONG,1837400,5,,,{'id': 10559}
1758136606,VERY_LONG,20000,2,,,{'id': 173202}
1758137756,VERY_LONG,500,6,,,{'id': 6362}
1758104208,VERY_LONG,9900,1,,,{'id': 168217}
1757527827,MEDIUM,20000,6,,,{'id': 30183}
1757702346,LONG,600000,5,,,{'id': 172406}
1758093672,VERY_LONG,397600,1,,,{'id': 31905}
1758066423,VERY_LONG,2550000,3,,,{'id': 173171}
1757979687,VERY_LONG,100000,1,,,{'id': 36929}
1758181427,VERY_LONG,28400,4,,,{'id': 152875}
1757870212,LONG,2759200,4,,,{'id': 172232}
1757608981,LONG,10000,200,,,{'id': 153669}
1757628100,LONG,754800,2,,,{'id': 172231}
1757657954,LONG,4447500,103,,,{'id': 142406}
1757662542,LONG,535800,4,,,{'id': 41805}
1757663260,LONG,197000,10,,,{'id': 173191}
1758153946,VERY_LONG,181100,25,,,{'id': 109140}
1757660616,LONG,6697000,1,,,{'id': 38976}
1757660922,LONG,155900,1,,,{'id': 153438}
1758093477,VERY_LONG,55500,7,,,{'id': 814}
1758095815,VERY_LONG,169800,112,,,{'id': 74848}
1758100916,VERY_LONG,18900,183,,,{'id': 172935}
1757958637,VERY_LONG,6800,11,,,{'id': 120150}
1758166408,VERY_LONG,556100,1,,,{'id': 22572}
1758179762,VERY_LONG,1450000,1,,,{'id': 128314}
1757887276,LONG,1214900,25,,,{'id': 4426}
1758184949,VERY_LONG,6500,8,,,{'id': 45087}
1758151756,VERY_LONG,1949900,112,,,{'id': 173204}
1757923756,LONG,4200,1,,,{'id': 154898}
1757711570,LONG,1956700,2,,,{'id': 158201}
1757716992,LONG,150000,2,,,{'id': 10285}
1757864972,LONG,3500,22,,,{'id': 21877}
1757729233,LONG,20000,60,,,{'id': 36782}
1758092718,VERY_LONG,808100,99,,,{'id': 11370}
1757864366,LONG,100000,20,,,{'id': 27659}
1757542839,LONG,299500,186,,,{'id': 72094}
1757729531,LONG,9877300,11,,,{'id': 168189}
1757732252,LONG,469400,13,,,{'id': 130174}
1757738448,LONG,1780300,2,,,{'id': 52194}
1757520532,MEDIUM,8300,4,,,{'id': 24477}
1757525890,MEDIUM,540000,1,,,{'id': 43102}
1757740224,LONG,50000,50,,,{'id': 133607}
1758155338,VERY_LONG,3211100,1,,,{'id': 159467}
1757991796,VERY_LONG,62406000,7,,,{'id': 112182}
1758166751,VERY_LONG,212900,3,,,{'id': 171831}
1758181244,VERY_LONG,30000,1,,,{'id': 152545}
1758100598,VERY_LONG,3465500,1,,,{'id': 172903}
1758137165,VERY_LONG,150000,3,,,{'id': 108341}
1757601023,LONG,15000,18,,,{'id': 27438}
1757906112,LONG,384900,20,,,{'id': 170554}
1758054851,VERY_LONG,4000000,8,,,{'id': 172233}
1758081171,VERY_LONG,2200000,2,,,{'id': 184090}
1758092694,VERY_LONG,8000,33,,,{'id': 7077}
1758093131,VERY_LONG,8500,8,,,{'id': 6470}
1757930453,LONG,191200,2,,,{'id': 171832}
1758093473,VERY_LONG,787400,1,,,{'id': 172094}
1758096667,VERY_LONG,220000,200,,,{'id': 129032}
1758093590,VERY_LONG,1210000,3,,,{'id': 18335}
1758098148,VERY_LONG,40000,1,,,{'id': 5785}
1758088711,VERY_LONG,99959500,1,,,{'id': 31916}
1758166739,VERY_LONG,100600,21,,,{'id': 171828}
1758180094,VERY_LONG,140300,9,,,{'id': 169701}
1758185141,VERY_LONG,35600,27,,,{'id': 71998}
1758181661,VERY_LONG,6000,134,,,{'id': 72237}
1758185190,VERY_LONG,198000,10,,,{'id': 89112}
1758156973,VERY_LONG,55000400,13,,,{'id': 8950}
1757984758,VERY_LONG,99999900,15,,,{'id': 34113}
1758098140,VERY_LONG,5500,29,,,{'id': 7068}
1758131909,VERY_LONG,48600,24,,,{'id': 172055}
1758147773,VERY_LONG,59900,7224,,,{'id': 173202}
1757958417,VERY_LONG,51900,110,,,{'id': 111444}
1757853134,LONG,,1,9550000,,"{'id': 71952, 'context': 0}"
1757853269,LONG,,1,8423300,,"{'id': 71951, 'context': 0}"
1757853369,LONG,,1,9550000,,"{'id': 71952, 'context': 0}"
1758079378,VERY_LONG,,1,633973500,,"{'id': 98603, 'context': 1}"
1758081764,VERY_LONG,,1,13471800,,"{'id': 54476, 'context': 0}"
1758081798,VERY_LONG,,1,45086200,,"{'id': 54478, 'context': 0}"
1758081606,VERY_LONG,,1,88811900,,"{'id': 45626, 'context': 0}"
1758079206,VERY_LONG,,1,279880300,,"{'id': 21876, 'context': 0}"
1758079280,VERY_LONG,,1,105022700,,"{'id': 19047, 'context': 0}"
1757801629,LONG,,1,150000000,,"{'id': 39897, 'context': 11, 'bonus_lists': [1678]}"
1757801134,LONG,,1,30000000,,"{'id': 15082, 'context': 0}"
1757959082,VERY_LONG,,1,77499100,,"{'id': 98892, 'context': 1}"
1757959087,VERY_LONG,,1,54929900,,"{'id': 98837, 'context': 1}"
1757960108,VERY_LONG,,1,73572800,,"{'id': 170358, 'context': 13, 'bonus_lists': [1708]}"
1757960116,VERY_LONG,,1,61635800,,"{'id': 93568, 'context': 0}"
1757960122,VERY_LONG,,1,120027500,,"{'id': 128904, 'context': 13, 'bonus_lists': [669, 600, 689, 1713, 3408]}"
1757960128,VERY_LONG,,1,50658500,,"{'id': 93523, 'context': 0}"
1757960145,VERY_LONG,,1,390557600,,"{'id': 4455, 'context': 0}"
1757960195,VERY_LONG,,1,52240300,,"{'id': 170357, 'context': 13, 'bonus_lists': [1712]}"
1757966441,VERY_LONG,,1,73572800,,"{'id': 170358, 'context': 13, 'bonus_lists': [1708]}"
1757966481,VERY_LONG,,1,23449100,,"{'id': 38592, 'context': 1}"
1757959066,VERY_LONG,,1,72611600,,"{'id': 170360, 'context': 13, 'bonus_lists': [1714]}"
1757966530,VERY_LONG,,1,25619700,,"{'id': 2311, 'context': 0}"
1757959064,VERY_LONG,,1,72611600,,"{'id': 170360, 'context': 13, 'bonus_lists': [1716]}"
1757960210,VERY_LONG,,1,50331200,,"{'id': 93462, 'context': 0}"
1757966452,VERY_LONG,,1,25591600,,"{'id': 128891, 'context': 13, 'bonus_lists': [669, 600, 689, 1706, 3408]}"
1757966580,VERY_LONG,,1,79990000,,"{'id': 170347, 'context': 13, 'bonus_lists': [1677]}"
1757966563,VERY_LONG,,1,65763700,,"{'id': 93494, 'context': 0}"
1757960180,VERY_LONG,,1,52240300,,"{'id': 170357, 'context': 13, 'bonus_lists': [1710]}"
1757959070,VERY_LONG,,1,57850600,,"{'id': 116191, 'context': 13, 'bonus_lists': [99, 525, 536]}"
1757959097,VERY_LONG,,1,103724900,,"{'id': 15070, 'context': 0}"
1757966427,VERY_LONG,,1,37315200,,"{'id': 15072, 'context': 0}"
1757960125,VERY_LONG,,1,207708700,,"{'id': 56563, 'context': 0}"
1757960136,VERY_LONG,,1,17725000,,"{'id': 15083, 'context': 0}"
1757960148,VERY_LONG,,1,79990000,,"{'id': 170350, 'context': 13, 'bonus_lists': [1702]}"
1757960150,VERY_LONG,,1,79990000,,"{'id': 170350, 'context': 13, 'bonus_lists': [1711]}"
1757966638,VERY_LONG,,1,74319400,,"{'id': 98789, 'context': 0}"
1757966505,VERY_LONG,,1,67497000,,"{'id': 170351, 'context': 13, 'bonus_lists': [1704]}"
1757960188,VERY_LONG,,1,52240300,,"{'id': 170357, 'context': 13, 'bonus_lists': [1715]}"
1757960191,VERY_LONG,,1,52240300,,"{'id': 170357, 'context': 13, 'bonus_lists': [1708]}"
1757966472,VERY_LONG,,1,80377300,,"{'id': 6468, 'context': 1}"
1757966536,VERY_LONG,,1,26781400,,"{'id': 5963, 'context': 0}"
1757966439,VERY_LONG,,1,73572800,,"{'id': 170358, 'context': 13, 'bonus_lists': [1704]}"
1757959068,VERY_LONG,,1,72611600,,"{'id': 170360, 'context': 13, 'bonus_lists': [1715]}"
1757966478,VERY_LONG,,1,53679600,,"{'id': 93490, 'context': 0}"
1757959098,VERY_LONG,,1,67499600,,"{'id': 128901, 'context': 13, 'bonus_lists': [669, 600, 689, 1699, 3408]}"
1757960103,VERY_LONG,,1,79990000,,"{'id': 170349, 'context': 13, 'bonus_lists': [1683]}"
1757960217,VERY_LONG,,1,52184500,,"{'id': 93517, 'context': 0}"
1757959090,VERY_LONG,,1,21427400,,"{'id': 2312, 'context': 0}"
1757960104,VERY_LONG,,1,79990000,,"{'id': 170349, 'context': 13, 'bonus_lists': [1717]}"
1757966557,VERY_LONG,,1,51256900,,"{'id': 128886, 'context': 13, 'bonus_lists': [669, 600, 689, 1709, 3408]}"
1757966560,VERY_LONG,,1,51256900,,"{'id': 128886, 'context': 13, 'bonus_lists': [669, 600, 689, 1715, 3408]}"
1757966640,VERY_LONG,,1,72022000,,"{'id': 8209, 'context': 0}"
1757959085,VERY_LONG,,1,16570300,,"{'id': 128878, 'context': 13, 'bonus_lists': [1680, 3408]}"
1757960201,VERY_LONG,,1,50331200,,"{'id': 93462, 'context': 0}"
1757966468,VERY_LONG,,1,57749100,,"{'id': 93591, 'context': 0}"
1757966486,VERY_LONG,,1,521827700,,"{'id': 98604, 'context': 0}"
1757966593,VERY_LONG,,1,79990000,,"{'id': 170347, 'context': 13, 'bonus_lists': [1714]}"
1757966644,VERY_LONG,,1,35283400,,"{'id': 129958, 'context': 13}"
1757960142,VERY_LONG,,1,439773400,,"{'id': 98600, 'context': 0}"
1757960215,VERY_LONG,,1,79990000,,"{'id': 170361, 'context': 13, 'bonus_lists': [1684]}"
1757960220,VERY_LONG,,1,73793800,,"{'id': 170348, 'context': 13, 'bonus_lists': [1684]}"
1757966422,VERY_LONG,,1,21112300,,"{'id': 8201, 'context': 0}"
1757966449,VERY_LONG,,1,25591600,,"{'id': 128891, 'context': 13, 'bonus_lists': [669, 601, 689, 1701, 3408]}"
1757966577,VERY_LONG,,1,150346300,,"{'id': 94271, 'context': 0}"
1757959095,VERY_LONG,,1,75516600,,"{'id': 128902, 'context': 13, 'bonus_lists': [669, 601, 689, 1711, 3408]}"
1757960114,VERY_LONG,,1,36277700,,"{'id': 128907, 'context': 13, 'bonus_lists': [669, 600, 689, 1677, 3408]}"
1757960176,VERY_LONG,,1,5869600,,"{'id': 128883, 'context': 13, 'bonus_lists': [1678, 3408]}"
1757966399,VERY_LONG,,1,24024600,,"{'id': 7387, 'context': 0}"
1757966502,VERY_LONG,,1,67497000,,"{'id': 170351, 'context': 13, 'bonus_lists': [1704]}"
1757966585,VERY_LONG,,1,79990000,,"{'id': 170347, 'context': 13, 'bonus_lists': [1711]}"
1757966596,VERY_LONG,,1,255251200,,"{'id': 56537, 'context': 0}"
1757960105,VERY_LONG,,1,79990000,,"{'id': 170349, 'context': 13, 'bonus_lists': [1684]}"
1757960134,VERY_LONG,,1,18392300,,"{'id': 2317, 'context': 0}"
1757960152,VERY_LONG,,1,79990000,,"{'id': 170350, 'context': 13, 'bonus_lists': [1700]}"
1757960194,VERY_LONG,,1,52240300,,"{'id': 170357, 'context': 13, 'bonus_lists': [1710]}"
1757960198,VERY_LONG,,1,341900400,,"{'id': 29493, 'context': 0}"
1757960205,VERY_LONG,,1,50331200,,"{'id': 93462, 'context': 0}"
1757966509,VERY_LONG,,1,181739400,,"{'id': 43458, 'context': 0}"
1757966513,VERY_LONG,,1,64680800,,"{'id': 98804, 'context': 1}"
1757966620,VERY_LONG,,1,33183500,,"{'id': 8346, 'context': 0}"
1757960107,VERY_LONG,,1,69050300,,"{'id': 8207, 'context': 1}"
1757960146,VERY_LONG,,1,79990000,,"{'id': 170350, 'context': 13, 'bonus_lists': [1717]}"
1757960164,VERY_LONG,,1,63595600,,"{'id': 93506, 'context': 0}"
1757960140,VERY_LONG,,1,67497000,,"{'id': 170351, 'context': 13, 'bonus_lists': [1679]}"
1757966375,VERY_LONG,,1,72611600,,"{'id': 170360, 'context': 13, 'bonus_lists': [1715]}"
1757966540,VERY_LONG,,1,73793800,,"{'id': 170348, 'context': 13, 'bonus_lists': [1688]}"
1757966492,VERY_LONG,,1,47741700,,"{'id': 93458, 'context': 0}"
1757966533,VERY_LONG,,1,46648200,,"{'id': 93513, 'context': 1}"
1757966541,VERY_LONG,,1,73793800,,"{'id': 170348, 'context': 13, 'bonus_lists': [1708]}"
1757966566,VERY_LONG,,1,222872300,,"{'id': 15060, 'context': 0}"
1757959063,VERY_LONG,,1,195552100,,"{'id': 43461, 'context': 0}"
1757960110,VERY_LONG,,1,36277700,,"{'id': 128907, 'context': 13, 'bonus_lists': [669, 601, 689, 1691, 3408]}"
1757960127,VERY_LONG,,1,58447400,,"{'id': 93496, 'context': 0}"
1757960163,VERY_LONG,,1,29007000,,"{'id': 15075, 'context': 0}"
1757966528,VERY_LONG,,1,18877600,,"{'id': 15073, 'context': 0}"
1757959067,VERY_LONG,,1,72611600,,"{'id': 170360, 'context': 13, 'bonus_lists': [1713]}"
1757959071,VERY_LONG,,1,54765800,,"{'id': 93566, 'context': 0}"
1757959100,VERY_LONG,,1,79990000,,"{'id': 170349, 'context': 13, 'bonus_lists': [1691]}"
1757966564,VERY_LONG,,1,20126500,,"{'id': 44438, 'context': 0}"
1758104797,VERY_LONG,,1,1469600,,"{'id': 72015, 'context': 0}"
1758104744,VERY_LONG,,1,14201300,,"{'id': 23638, 'context': 14}"
1757716336,LONG,,1,109870000,,"{'id': 173246, 'context': 66, 'bonus_lists': [6758, 1532]}"
1757948217,VERY_LONG,,1,89870000,,"{'id': 173243, 'context': 66, 'bonus_lists': [6758, 1532]}"
1757948184,VERY_LONG,,1,44500000,,"{'id': 173244, 'context': 65, 'bonus_lists': [6718, 1522]}"
1758145735,VERY_LONG,,1,69850300,,"{'id': 173249, 'context': 66, 'bonus_lists': [6758, 7194, 1532]}"
1757716338,LONG,,1,109870000,,"{'id': 173246, 'context': 66, 'bonus_lists': [6758, 1532]}"
1757951096,VERY_LONG,,1,43870000,,"{'id': 173249, 'context': 65, 'bonus_lists': [6718, 7194, 1522]}"
1757948154,VERY_LONG,,1,29878400,,"{'id': 173244, 'context': 64, 'bonus_lists': [6717, 1507]}"
1758145733,VERY_LONG,,1,69850300,,"{'id': 173249, 'context': 66, 'bonus_lists': [6758, 7193, 1532]}"
1757948147,VERY_LONG,,1,29878400,,"{'id': 173244, 'context': 64, 'bonus_lists': [6717, 1507]}"
1758151918,VERY_LONG,,1,69850300,,"{'id': 173249, 'context': 66, 'bonus_lists': [6758, 7193, 1532]}"
1757948742,VERY_LONG,,1,65000000,,"{'id': 173241, 'context': 65, 'bonus_lists': [6718, 1522]}"
1757948150,VERY_LONG,,1,29878400,,"{'id': 173244, 'context': 64, 'bonus_lists': [6717, 1507]}"
1757948186,VERY_LONG,,1,44500000,,"{'id': 173244, 'context': 65, 'bonus_lists': [6718, 1522]}"
1757948216,VERY_LONG,,1,89870000,,"{'id': 173243, 'context': 66, 'bonus_lists': [6758, 1532]}"
1757948566,VERY_LONG,,1,29870000,,"{'id': 173249, 'context': 64, 'bonus_lists': [6717, 7194, 1507]}"
1757948316,VERY_LONG,,1,62346800,,"{'id': 173246, 'context': 65, 'bonus_lists': [6718, 1522]}"
1757951099,VERY_LONG,,1,43870000,,"{'id': 173249, 'context': 65, 'bonus_lists': [6718, 7194, 1522]}"
1758151922,VERY_LONG,,1,69850300,,"{'id': 173249, 'context': 66, 'bonus_lists': [6758, 7194, 1532]}"
1757948243,VERY_LONG,,1,89740000,,"{'id': 173244, 'context': 66, 'bonus_lists': [6758, 1532]}"
1757948312,VERY_LONG,,1,62346800,,"{'id': 173246, 'context': 65, 'bonus_lists': [6718, 1522]}"
1757948146,VERY_LONG,,1,29878400,,"{'id': 173244, 'context': 64, 'bonus_lists': [6717, 1507]}"
1757948344,VERY_LONG,,1,26580000,,"{'id': 173248, 'context': 64, 'bonus_lists': [6717, 7194, 1507]}"
1757948346,VERY_LONG,,1,26580000,,"{'id': 173248, 'context': 64, 'bonus_lists': [6717, 7193, 1507]}"
1757952133,VERY_LONG,,1,48740000,,"{'id': 173248, 'context': 65, 'bonus_lists': [6718, 7193, 1522]}"
1757952102,VERY_LONG,,1,43870000,,"{'id': 173249, 'context': 65, 'bonus_lists': [6718, 7193, 1522]}"
1757906418,LONG,,1,110000000,,"{'id': 171412, 'context': 65, 'bonus_lists': [6718, 1522]}"
1757906375,LONG,,1,9005300,,"{'id': 171419, 'context': 63, 'bonus_lists': [6716, 7193, 1487]}"
1757906372,LONG,,1,9005300,,"{'id': 171419, 'context': 63, 'bonus_lists': [6716, 7193, 1487]}"
1757906371,LONG,,1,9005300,,"{'id': 171419, 'context': 63, 'bonus_lists': [6716, 7193, 1487]}"
1757906378,LONG,,1,9005300,,"{'id': 171419, 'context': 63, 'bonus_lists': [6716, 7193, 1487]}"
1757906366,LONG,,1,9005300,,"{'id': 171419, 'context': 63, 'bonus_lists': [6716, 7194, 1487]}"
1757906425,LONG,,1,110000000,,"{'id': 171412, 'context': 65, 'bonus_lists': [6718, 1522]}"
1757906416,LONG,,1,110000000,,"{'id': 171412, 'context': 65, 'bonus_lists': [6718, 1522]}"
1757906368,LONG,,1,9005300,,"{'id': 171419, 'context': 63, 'bonus_lists': [6716, 7193, 1487]}"
1757906423,LONG,,1,110000000,,"{'id': 171412, 'context': 65, 'bonus_lists': [6718, 1522]}"
1757693621,LONG,,1,6455400,,"{'id': 175574, 'context': 0, 'bonus_lists': [6907, 1692], 'modifiers': [{'type': 9, 'value': 60}, {'type': 28, 'value': 1707}]}"
1757693676,LONG,,1,5448900,,"{'id': 177771, 'context': 0, 'bonus_lists': [6907, 6652, 1677], 'modifiers': [{'type': 9, 'value': 60}, {'type': 28, 'value': 1707}]}"
1757693272,LONG,,1,2796900,,"{'id': 176802, 'context': 0, 'bonus_lists': [6908, 6652, 1689], 'modifiers': [{'type': 9, 'value': 60}, {'type': 28, 'value': 1707}]}"
1757682634,LONG,,1,144660000,,"{'id': 159128, 'context': 13}"
1757682652,LONG,,1,159373400,,"{'id': 159125, 'context': 13}"
1757682629,LONG,,1,204352800,,"{'id': 159127, 'context': 13}"
1757682641,LONG,,1,142020800,,"{'id': 159126, 'context': 13}"
1757937564,LONG,,1,5000000,,"{'id': 82800, 'context': 0, 'modifiers': [{'type': 6, 'value': 79711}], 'pet_breed_id': 7, 'pet_level': 1, 'pet_quality_id': 3, 'pet_species_id': 2092}"
1757752672,LONG,,1,22858300,,"{'id': 82800, 'context': 0, 'pet_breed_id': 19, 'pet_level': 1, 'pet_quality_id': 3, 'pet_species_id': 1346}"
1757743162,LONG,,1,990300,,"{'id': 33154, 'context': 1}"
1757752741,LONG,,1,4550000,,"{'id': 82800, 'context': 0, 'modifiers': [{'type': 6, 'value': 65120}], 'pet_breed_id': 18, 'pet_level': 1, 'pet_quality_id': 3, 'pet_species_id': 1720}"
1757743166,LONG,,1,990300,,"{'id': 33154, 'context': 1}"
1757752705,LONG,,1,52800,,"{'id': 82800, 'context': 0, 'modifiers': [{'type': 6, 'value': 61547}], 'pet_breed_id': 8, 'pet_level': 1, 'pet_quality_id': 2, 'pet_species_id': 1540}"
1757743160,LONG,,1,990300,,"{'id': 33154, 'context': 1}"
1757743164,LONG,,1,990300,,"{'id': 33154, 'context': 1}"
1757752723,LONG,,1,45000000,,"{'id': 82800, 'context': 0, 'modifiers': [{'type': 6, 'value': 90413}], 'pet_breed_id': 15, 'pet_level': 1, 'pet_quality_id': 3, 'pet_species_id': 2720}"
1757752726,LONG,,1,45000000,,"{'id': 82800, 'context': 0, 'modifiers': [{'type': 6, 'value': 90413}], 'pet_breed_id': 15, 'pet_level': 1, 'pet_quality_id': 3, 'pet_species_id': 2720}"
1757752777,LONG,,1,950000,,"{'id': 82800, 'context': 0, 'modifiers': [{'type': 6, 'value': 79709}], 'pet_breed_id': 9, 'pet_level': 1, 'pet_quality_id': 3, 'pet_species_id': 2088}"
1757752758,LONG,,1,10472800,,"{'id': 15996, 'context': 11}"
1757743169,LONG,,1,990300,,"{'id': 33154, 'context': 1}"
1757742879,LONG,,1,400000,,"{'id': 82800, 'context': 0, 'modifiers': [{'type': 6, 'value': 73692}], 'pet_breed_id': 12, 'pet_level': 1, 'pet_quality_id': 3, 'pet_species_id': 1961}"
1757734906,LONG,,1,12000000,5000000,"{'id': 82800, 'context': 0, 'modifiers': [{'type': 6, 'value': 47252}], 'pet_breed_id': 10, 'pet_level': 1, 'pet_quality_id': 3, 'pet_species_id': 1177}"
1757727648,LONG,,1,7493200,,"{'id': 118331, 'context': 22, 'modifiers': [{'type': 28, 'value': 1139}]}"
1757729157,LONG,,1,1499900,1300000,"{'id': 82800, 'context': 0, 'modifiers': [{'type': 6, 'value': 72658}], 'pet_breed_id': 7, 'pet_level': 2, 'pet_quality_id': 3, 'pet_species_id': 1934}"
1757730296,LONG,,1,12340000,6890900,"{'id': 82800, 'context': 0, 'modifiers': [{'type': 6, 'value': 5555}], 'pet_breed_id': 3, 'pet_level': 1, 'pet_quality_id': 2, 'pet_species_id': 45}"
1757727912,LONG,,1,6650000,,"{'id': 82800, 'context': 0, 'modifiers': [{'type': 6, 'value': 73697}], 'pet_breed_id': 3, 'pet_level': 1, 'pet_quality_id': 3, 'pet_species_id': 1963}"
1757732790,LONG,,1,11866900,8950000,"{'id': 82800, 'context': 0, 'modifiers': [{'type': 6, 'value': 73699}], 'pet_breed_id': 3, 'pet_level': 2, 'pet_quality_id': 3, 'pet_species_id': 1964}"
1757730546,LONG,,1,3990000,3560000,"{'id': 82800, 'context': 0, 'modifiers': [{'type': 6, 'value': 45289}], 'pet_breed_id': 18, 'pet_level': 1, 'pet_quality_id': 3, 'pet_species_id': 2087}"
1757731043,LONG,,1,3000000,2690000,"{'id': 82800, 'context': 0, 'modifiers': [{'type': 6, 'value': 47252}], 'pet_breed_id': 7, 'pet_level': 1, 'pet_quality_id': 3, 'pet_species_id': 1177}"
1757732610,LONG,,1,8500100,7890000,"{'id': 82800, 'context': 0, 'modifiers': [{'type': 6, 'value': 46900}], 'pet_breed_id': 4, 'pet_level': 1, 'pet_quality_id': 3, 'pet_species_id': 1147}"
1757729567,LONG,,1,1499900,1280000,"{'id': 82800, 'context': 0, 'modifiers': [{'type': 6, 'value': 72658}], 'pet_breed_id': 7, 'pet_level': 1, 'pet_quality_id': 3, 'pet_species_id': 1934}"
1757734188,LONG,,1,20001000,17000000,"{'id': 82800, 'context': 0, 'modifiers': [{'type': 6, 'value': 45190}], 'pet_breed_id': 19, 'pet_level': 1, 'pet_quality_id': 3, 'pet_species_id': 2469}"
1757729967,LONG,,1,12000500,10040400,"{'id': 82800, 'context': 0, 'modifiers': [{'type': 6, 'value': 63446}], 'pet_breed_id': 14, 'pet_level': 1, 'pet_quality_id': 3, 'pet_species_id': 1662}"
1757729384,LONG,,1,1499900,1300000,"{'id': 82800, 'context': 0, 'modifiers': [{'type': 6, 'value': 72658}], 'pet_breed_id': 7, 'pet_level': 1, 'pet_quality_id': 3, 'pet_species_id': 1934}"
1757732512,LONG,,1,10556900,6790000,"{'id': 82800, 'context': 0, 'modifiers': [{'type': 6, 'value': 46909}], 'pet_breed_id': 18, 'pet_level': 1, 'pet_quality_id': 3, 'pet_species_id': 1156}"
1758131785,VERY_LONG,,1,1099000000,,"{'id': 111526, 'context': 13, 'bonus_lists': [33, 530, 620]}"
1758131561,VERY_LONG,,1,999900000,,"{'id': 116644, 'context': 13, 'bonus_lists': [113, 548, 620]}"
1758131446,VERY_LONG,,1,122573500,,"{'id': 55246, 'context': 1}"
1758131507,VERY_LONG,,1,999000000,,"{'id': 116646, 'context': 13, 'bonus_lists': [620, 548, 69]}"
1758131717,VERY_LONG,,1,1099000000,,"{'id': 116453, 'context': 13, 'bonus_lists': [620, 549, 57]}"
1758131746,VERY_LONG,,1,1199000000,,"{'id': 113134, 'context': 13, 'bonus_lists': [20, 530, 620]}"
1758131551,VERY_LONG,,1,999900000,,"{'id': 116644, 'context': 13, 'bonus_lists': [620, 549, 225]}"
1758131779,VERY_LONG,,1,1099000000,,"{'id': 111526, 'context': 13, 'bonus_lists': [45, 530, 620]}"
1758131487,VERY_LONG,,1,999000000,,"{'id': 116646, 'context': 13, 'bonus_lists': [620, 549, 191]}"
1758131593,VERY_LONG,,1,999900000,,"{'id': 116454, 'context': 13, 'bonus_lists': [191, 548, 620]}"
1758131669,VERY_LONG,,1,599000000,,"{'id': 116453, 'context': 13, 'bonus_lists': [195, 525, 549]}"
1758131635,VERY_LONG,,1,999900000,,"{'id': 116454, 'context': 13, 'bonus_lists': [142, 548, 620]}"
1758131529,VERY_LONG,,1,999900000,,"{'id': 116644, 'context': 13, 'bonus_lists': [620, 549, 213]}"
1758160650,VERY_LONG,,1,325000000,,"{'id': 82800, 'context': 0, 'pet_breed_id': 4, 'pet_level': 25, 'pet_quality_id': 3, 'pet_species_id': 218}"
1758160697,VERY_LONG,,1,239950000,,"{'id': 82800, 'context': 0, 'modifiers': [{'type': 6, 'value': 28539}], 'pet_breed_id': 20, 'pet_level': 25, 'pet_quality_id': 3, 'pet_species_id': 215}"
1758160530,VERY_LONG,,1,250000000,,"{'id': 45984, 'context': 11, 'modifiers': [{'type': 28, 'value': 196}]}"
1758160854,VERY_LONG,,1,129987200,,"{'id': 82800, 'context': 0, 'modifiers': [{'type': 6, 'value': 47931}], 'pet_breed_id': 17, 'pet_level': 25, 'pet_quality_id': 3, 'pet_species_id': 1478}"
1758160715,VERY_LONG,,1,239500000,,"{'id': 82800, 'context': 0, 'modifiers': [{'type': 6, 'value': 28482}], 'pet_breed_id': 3, 'pet_level': 25, 'pet_quality_id': 3, 'pet_species_id': 204}"
1758160851,VERY_LONG,,1,129987200,,"{'id': 82800, 'context': 0, 'modifiers': [{'type': 6, 'value': 47931}], 'pet_breed_id': 17, 'pet_level': 25, 'pet_quality_id': 3, 'pet_species_id': 1478}"
1758160695,VERY_LONG,,1,239950000,,"{'id': 82800, 'context': 0, 'modifiers': [{'type': 6, 'value': 28539}], 'pet_breed_id': 10, 'pet_level': 25, 'pet_quality_id': 3, 'pet_species_id': 215}"
1757684872,LONG,,1,1999990100,1500000000,"{'id': 52496, 'context': 0}"
1757684467,LONG,,1,4696400,,"{'id': 7976, 'context': 1, 'modifiers': [{'type': 28, 'value': 214}]}"
1757684539,LONG,,1,5000000,,"{'id': 142337, 'context': 1, 'modifiers': [{'type': 28, 'value': 214}]}"
1757684608,LONG,,1,40600,,"{'id': 16248, 'context': 1, 'modifiers': [{'type': 28, 'value': 282}]}"
1757813550,LONG,,1,34507900,,"{'id': 93551, 'context': 0}"
1757813530,LONG,,1,6505800,,"{'id': 54475, 'context': 0}"
1758060407,VERY_LONG,,1,950000,,"{'id': 178952, 'context': 0, 'bonus_lists': [6908, 43, 1686], 'modifiers': [{'type': 9, 'value': 60}, {'type': 28, 'value': 1707}]}"
1757847666,LONG,,1,29870000,,"{'id': 173243, 'context': 64, 'bonus_lists': [6717, 1507]}"
1757844905,LONG,,1,4440000,,"{'id': 173243, 'context': 63, 'bonus_lists': [6716, 1487]}"
1757844871,LONG,,1,4440000,,"{'id': 173243, 'context': 63, 'bonus_lists': [6716, 1487]}"
1757844893,LONG,,1,4440000,,"{'id': 173243, 'context': 63, 'bonus_lists': [6716, 1487]}"
1757844880,LONG,,1,4440000,,"{'id': 173243, 'context': 63, 'bonus_lists': [6716, 1487]}"
1757842962,LONG,,1,4440000,,"{'id': 173243, 'context': 63, 'bonus_lists': [6716, 1487]}"
1757844900,LONG,,1,4440000,,"{'id': 173243, 'context': 63, 'bonus_lists': [6716, 1487]}"
1757847664,LONG,,1,29870000,,"{'id': 173243, 'context': 64, 'bonus_lists': [6717, 1507]}"
1757844888,LONG,,1,4440000,,"{'id': 173243, 'context': 63, 'bonus_lists': [6716, 1487]}"
1757844908,LONG,,1,4440000,,"{'id': 173243, 'context': 63, 'bonus_lists': [6716, 1487]}"
1757844875,LONG,,1,4440000,,"{'id': 173243, 'context': 63, 'bonus_lists': [6716, 1487]}"
1757844883,LONG,,1,4440000,,"{'id': 173243, 'context': 63, 'bonus_lists': [6716, 1487]}"
1757844891,LONG,,1,4440000,,"{'id': 173243, 'context': 63, 'bonus_lists': [6716, 1487]}"
1757844898,LONG,,1,4440000,,"{'id': 173243, 'context': 63, 'bonus_lists': [6716, 1487]}"
1757844902,LONG,,1,4440000,,"{'id': 173243, 'context': 63, 'bonus_lists': [6716, 1487]}"
1757842958,LONG,,1,4440000,,"{'id': 173243, 'context': 63, 'bonus_lists': [6716, 1487]}"
1757908427,LONG,,1,10000000,,"{'id': 179332, 'context': 23, 'bonus_lists': [6908, 6652, 1684], 'modifiers': [{'type': 9, 'value': 60}, {'type': 28, 'value': 749}]}"
1757915169,LONG,,1,1490000,,"{'id': 176962, 'context': 0, 'bonus_lists': [6907, 6652, 1697], 'modifiers': [{'type': 9, 'value': 60}, {'type': 28, 'value': 1707}]}"
1757915148,LONG,,1,20009900,,"{'id': 159599, 'context': 0, 'bonus_lists': [6655, 1702], 'modifiers': [{'type': 9, 'value': 50}, {'type': 28, 'value': 1262}]}"
1757926221,LONG,,1,6005200,,"{'id': 159535, 'context': 0, 'bonus_lists': [6655, 1707], 'modifiers': [{'type': 9, 'value': 50}, {'type': 28, 'value': 704}]}"
1757908520,LONG,,1,752200,,"{'id': 177778, 'context': 5, 'bonus_lists': [6907, 6652, 7193, 1677], 'modifiers': [{'type': 9, 'value': 60}, {'type': 28, 'value': 752}]}"
1757906880,LONG,,1,759300,,"{'id': 175548, 'context': 23, 'bonus_lists': [6907, 1699], 'modifiers': [{'type': 9, 'value': 60}, {'type': 28, 'value': 749}]}"
1757962412,VERY_LONG,,1,4900400,,"{'id': 71953, 'context': 0}"
1757962417,VERY_LONG,,1,4900400,,"{'id': 71953, 'context': 0}"
1757962532,VERY_LONG,,1,9540000,,"{'id': 71952, 'context': 0}"
1757962540,VERY_LONG,,1,9540000,,"{'id': 71952, 'context': 0}"
1757962763,VERY_LONG,,1,3490000,,"{'id': 71635, 'context': 0}"
1757962408,VERY_LONG,,1,4900400,,"{'id': 71953, 'context': 0}"
1757962538,VERY_LONG,,1,9540000,,"{'id': 71952, 'context': 0}"
1757962903,VERY_LONG,,1,3490000,,"{'id': 71715, 'context': 0}"
1757962909,VERY_LONG,,1,3490000,,"{'id': 71715, 'context': 0}"
1757962622,VERY_LONG,,1,8423200,,"{'id': 71951, 'context': 0}"
1757962760,VERY_LONG,,1,3490000,,"{'id': 71635, 'context': 0}"
1757962832,VERY_LONG,,1,3490000,,"{'id': 71637, 'context': 0}"
1757962528,VERY_LONG,,1,9540000,,"{'id': 71952, 'context': 0}"
1757721830,LONG,,1,4440000,,"{'id': 173243, 'context': 63, 'bonus_lists': [6716, 1487]}"
1757722703,LONG,,1,15000000,,"{'id': 173242, 'context': 63, 'bonus_lists': [6716, 1487]}"
1757722790,LONG,,1,5550000,,"{'id': 173249, 'context': 63, 'bonus_lists': [6716, 7193, 1487]}"
1757722809,LONG,,1,5550000,,"{'id': 173249, 'context': 63, 'bonus_lists': [6716, 7194, 1487]}"
1757722879,LONG,,1,8880000,,"{'id': 173246, 'context': 63, 'bonus_lists': [6716, 1487]}"
1757721488,LONG,,1,7770000,,"{'id': 173247, 'context': 63, 'bonus_lists': [6716, 1487]}"
1757721470,LONG,,1,7770000,,"{'id': 173247, 'context': 63, 'bonus_lists': [6716, 1487]}"
1757721484,LONG,,1,7770000,,"{'id': 173247, 'context': 63, 'bonus_lists': [6716, 1487]}"
1757721491,LONG,,1,7770000,,"{'id': 173247, 'context': 63, 'bonus_lists': [6716, 1487]}"
1757721840,LONG,,1,4440000,,"{'id': 173243, 'context': 63, 'bonus_lists': [6716, 1487]}"
1757722639,LONG,,1,4446400,,"{'id': 173248, 'context': 63, 'bonus_lists': [6716, 7193, 1487]}"
1757721393,LONG,,1,4446400,,"{'id': 173248, 'context': 63, 'bonus_lists': [6716, 7193, 1487]}"
1757721395,LONG,,1,4446400,,"{'id': 173248, 'context': 63, 'bonus_lists': [6716, 7194, 1487]}"
1757721501,LONG,,1,7770000,,"{'id': 173247, 'context': 63, 'bonus_lists': [6716, 1487]}"
1757721505,LONG,,1,7770000,,"{'id': 173247, 'context': 63, 'bonus_lists': [6716, 1487]}"
1757721663,LONG,,1,7770000,,"{'id': 173245, 'context': 63, 'bonus_lists': [6716, 7194, 1487]}"
1757721858,LONG,,1,4440000,,"{'id': 173243, 'context': 63, 'bonus_lists': [6716, 1487]}"
1757722457,LONG,,1,5550000,,"{'id': 173241, 'context': 63, 'bonus_lists': [6716, 1487]}"
1757721866,LONG,,1,4440000,,"{'id': 173243, 'context': 63, 'bonus_lists': [6716, 1487]}"
1757722648,LONG,,1,4446400,,"{'id': 173248, 'context': 63, 'bonus_lists': [6716, 7193, 1487]}"
1757722773,LONG,,1,5550000,,"{'id': 173249, 'context': 63, 'bonus_lists': [6716, 7193, 1487]}"
1757721647,LONG,,1,7770000,,"{'id': 173245, 'context': 63, 'bonus_lists': [6716, 7194, 1487]}"
1757721660,LONG,,1,7770000,,"{'id': 173245, 'context': 63, 'bonus_lists': [6716, 7193, 1487]}"
1757722700,LONG,,1,15000000,,"{'id': 173242, 'context': 63, 'bonus_lists': [6716, 1487]}"
1757721458,LONG,,1,7770000,,"{'id': 173247, 'context': 63, 'bonus_lists': [6716, 1487]}"
1757722644,LONG,,1,4446400,,"{'id': 173248, 'context': 63, 'bonus_lists': [6716, 7193, 1487]}"
1757721479,LONG,,1,7770000,,"{'id': 173247, 'context': 63, 'bonus_lists': [6716, 1487]}"
1757721514,LONG,,1,7770000,,"{'id': 173247, 'context': 63, 'bonus_lists': [6716, 1487]}"
1757722465,LONG,,1,5550000,,"{'id': 173241, 'context': 63, 'bonus_lists': [6716, 1487]}"
1757722754,LONG,,1,5550000,,"{'id': 173249, 'context': 63, 'bonus_lists': [6716, 7194, 1487]}"
1757722884,LONG,,1,8880000,,"{'id': 173246, 'context': 63, 'bonus_lists': [6716, 1487]}"
1757721474,LONG,,1,7770000,,"{'id': 173247, 'context': 63, 'bonus_lists': [6716, 1487]}"
1757721715,LONG,,1,4440000,,"{'id': 173244, 'context': 63, 'bonus_lists': [6716, 1487]}"
1757721852,LONG,,1,4440000,,"{'id': 173243, 'context': 63, 'bonus_lists': [6716, 1487]}"
1757721862,LONG,,1,4440000,,"{'id': 173243, 'context': 63, 'bonus_lists': [6716, 1487]}"
1757722887,LONG,,1,8880000,,"{'id': 173246, 'context': 63, 'bonus_lists': [6716, 1487]}"
1757722597,LONG,,1,5550000,,"{'id': 173247, 'context': 63, 'bonus_lists': [6716, 1487]}"
1757721499,LONG,,1,7770000,,"{'id': 173247, 'context': 63, 'bonus_lists': [6716, 1487]}"
1757721863,LONG,,1,4440000,,"{'id': 173243, 'context': 63, 'bonus_lists': [6716, 1487]}"
1757722452,LONG,,1,5550000,,"{'id': 173241, 'context': 63, 'bonus_lists': [6716, 1487]}"
1757721466,LONG,,1,7770000,,"{'id': 173247, 'context': 63, 'bonus_lists': [6716, 1487]}"
1757721720,LONG,,1,4440000,,"{'id': 173244, 'context': 63, 'bonus_lists': [6716, 1487]}"
1757722603,LONG,,1,5550000,,"{'id': 173247, 'context': 63, 'bonus_lists': [6716, 1487]}"
1757722757,LONG,,1,5550000,,"{'id': 173249, 'context': 63, 'bonus_lists': [6716, 7194, 1487]}"
1757722781,LONG,,1,5550000,,"{'id': 173249, 'context': 63, 'bonus_lists': [6716, 7194, 1487]}"
1757722804,LONG,,1,5550000,,"{'id': 173249, 'context': 63, 'bonus_lists': [6716, 7193, 1487]}"
1757722769,LONG,,1,5550000,,"{'id': 173249, 'context': 63, 'bonus_lists': [6716, 7193, 1487]}"
1757721838,LONG,,1,4440000,,"{'id': 173243, 'context': 63, 'bonus_lists': [6716, 1487]}"
1757721842,LONG,,1,4440000,,"{'id': 173243, 'context': 63, 'bonus_lists': [6716, 1487]}"
1757722652,LONG,,1,4446400,,"{'id': 173248, 'context': 63, 'bonus_lists': [6716, 7194, 1487]}"
1757721723,LONG,,1,4440000,,"{'id': 173244, 'context': 63, 'bonus_lists': [6716, 1487]}"
1757721725,LONG,,1,4440000,,"{'id': 173244, 'context': 63, 'bonus_lists': [6716, 1487]}"
1757721834,LONG,,1,4440000,,"{'id': 173243, 'context': 63, 'bonus_lists': [6716, 1487]}"
1757721463,LONG,,1,7770000,,"{'id': 173247, 'context': 63, 'bonus_lists': [6716, 1487]}"
1757721494,LONG,,1,7770000,,"{'id': 173247, 'context': 63, 'bonus_lists': [6716, 1487]}"
1757721854,LONG,,1,4440000,,"{'id': 173243, 'context': 63, 'bonus_lists': [6716, 1487]}"
1757721912,LONG,,1,8880000,,"{'id': 173246, 'context': 63, 'bonus_lists': [6716, 1487]}"
1757722765,LONG,,1,5550000,,"{'id': 173249, 'context': 63, 'bonus_lists': [6716, 7194, 1487]}"
1757722783,LONG,,1,5550000,,"{'id': 173249, 'context': 63, 'bonus_lists': [6716, 7193, 1487]}"
1757721652,LONG,,1,7770000,,"{'id': 173245, 'context': 63, 'bonus_lists': [6716, 7193, 1487]}"
1757722471,LONG,,1,5550000,,"{'id': 173241, 'context': 63, 'bonus_lists': [6716, 1487]}"
1757722797,LONG,,1,5550000,,"{'id': 173249, 'context': 63, 'bonus_lists': [6716, 7193, 1487]}"
1757721658,LONG,,1,7770000,,"{'id': 173245, 'context': 63, 'bonus_lists': [6716, 7193, 1487]}"
1757722787,LONG,,1,5550000,,"{'id': 173249, 'context': 63, 'bonus_lists': [6716, 7193, 1487]}"
1757722778,LONG,,1,5550000,,"{'id': 173249, 'context': 63, 'bonus_lists': [6716, 7194, 1487]}"
1757721390,LONG,,1,4446400,,"{'id': 173248, 'context': 63, 'bonus_lists': [6716, 7193, 1487]}"
1757721510,LONG,,1,7770000,,"{'id': 173247, 'context': 63, 'bonus_lists': [6716, 1487]}"
1757721850,LONG,,1,4440000,,"{'id': 173243, 'context': 63, 'bonus_lists': [6716, 1487]}"
1757722461,LONG,,1,5550000,,"{'id': 173241, 'context': 63, 'bonus_lists': [6716, 1487]}"
1757722600,LONG,,1,5550000,,"{'id': 173247, 'context': 63, 'bonus_lists': [6716, 1487]}"
1757721460,LONG,,1,7770000,,"{'id': 173247, 'context': 63, 'bonus_lists': [6716, 1487]}"
1757721847,LONG,,1,4440000,,"{'id': 173243, 'context': 63, 'bonus_lists': [6716, 1487]}"
1757722369,LONG,,1,4440000,,"{'id': 173243, 'context': 63, 'bonus_lists': [6716, 1487]}"
1757989448,VERY_LONG,,1,110200,,"{'id': 3678, 'context': 0, 'modifiers': [{'type': 28, 'value': 705}]}"
1757911631,LONG,,1,220000,,"{'id': 44794, 'context': 0}"
1757621505,LONG,,1,8423300,,"{'id': 71951, 'context': 0}"
1757621497,LONG,,1,8423300,,"{'id': 71951, 'context': 0}"
1757621571,LONG,,1,4900500,,"{'id': 71636, 'context': 0}"
1757828802,LONG,,1,5000000,,"{'id': 173249, 'context': 63, 'bonus_lists': [6716, 7193, 1487]}"
1757828803,LONG,,1,5000000,,"{'id': 173249, 'context': 63, 'bonus_lists': [6716, 7193, 1487]}"
1757828805,LONG,,1,5000000,,"{'id': 173249, 'context': 63, 'bonus_lists': [6716, 7193, 1487]}"
1757829072,LONG,,1,17000000,,"{'id': 173249, 'context': 64, 'bonus_lists': [6717, 7194, 1507]}"
1757829073,LONG,,1,17000000,,"{'id': 173249, 'context': 64, 'bonus_lists': [6717, 7193, 1507]}"
1757829080,LONG,,1,17000000,,"{'id': 173249, 'context': 64, 'bonus_lists': [6717, 7193, 1507]}"
1757828810,LONG,,1,5000000,,"{'id': 173249, 'context': 63, 'bonus_lists': [6716, 7194, 1487]}"
1757828795,LONG,,1,5000000,,"{'id': 173249, 'context': 63, 'bonus_lists': [6716, 7193, 1487]}"
1757829076,LONG,,1,17000000,,"{'id': 173249, 'context': 64, 'bonus_lists': [6717, 7194, 1507]}"
1757828800,LONG,,1,5000000,,"{'id': 173249, 'context': 63, 'bonus_lists': [6716, 7193, 1487]}"
1757828813,LONG,,1,5000000,,"{'id': 173249, 'context': 63, 'bonus_lists': [6716, 7194, 1487]}"
1757828798,LONG,,1,5000000,,"{'id': 173249, 'context': 63, 'bonus_lists': [6716, 7194, 1487]}"
1757828811,LONG,,1,5000000,,"{'id': 173249, 'context': 63, 'bonus_lists': [6716, 7194, 1487]}"
1757828812,LONG,,1,5000000,,"{'id': 173249, 'context': 63, 'bonus_lists': [6716, 7193, 1487]}"
1757828801,LONG,,1,5000000,,"{'id': 173249, 'context': 63, 'bonus_lists': [6716, 7193, 1487]}"
1757828815,LONG,,1,5000000,,"{'id': 173249, 'context': 63, 'bonus_lists': [6716, 7194, 1487]}"
1757828804,LONG,,1,5000000,,"{'id': 173249, 'context': 63, 'bonus_lists': [6716, 7194, 1487]}"
1757828807,LONG,,1,5000000,,"{'id': 173249, 'context': 63, 'bonus_lists': [6716, 7194, 1487]}"
1758160380,VERY_LONG,,1,132000,,"{'id': 47637, 'context': 0}"
1758096492,VERY_LONG,,1,429383300,,"{'id': 171414, 'context': 65, 'bonus_lists': [6718, 1522]}"
1758096604,VERY_LONG,,1,60500000,,"{'id': 171419, 'context': 64, 'bonus_lists': [6717, 7194, 1507]}"
1758096549,VERY_LONG,,1,38000000,,"{'id': 171412, 'context': 63, 'bonus_lists': [6716, 1487]}"
1757967092,VERY_LONG,,1,5000000,,"{'id': 177808, 'context': 0, 'bonus_lists': [6908, 6652, 1704], 'modifiers': [{'type': 9, 'value': 60}, {'type': 28, 'value': 1707}]}"
1757966942,VERY_LONG,,1,300000,,"{'id': 177779, 'context': 0, 'bonus_lists': [6907, 6652, 7193, 1697], 'modifiers': [{'type': 9, 'value': 60}, {'type': 28, 'value': 1707}]}"
1757967170,VERY_LONG,,1,5000000,,"{'id': 177776, 'context': 0, 'bonus_lists': [6907, 6652, 7193, 1686], 'modifiers': [{'type': 9, 'value': 60}, {'type': 28, 'value': 1707}]}"
1757967140,VERY_LONG,,1,5000000,,"{'id': 179329, 'context': 0, 'bonus_lists': [6908, 6652, 1709], 'modifiers': [{'type': 9, 'value': 60}, {'type': 28, 'value': 1707}]}"
1757967201,VERY_LONG,,1,2500000,,"{'id': 176802, 'context': 0, 'bonus_lists': [6908, 6652, 1694], 'modifiers': [{'type': 9, 'value': 60}, {'type': 28, 'value': 1707}]}"
1757967450,VERY_LONG,,1,5000000,,"{'id': 176803, 'context': 0, 'bonus_lists': [6908, 6652, 1687], 'modifiers': [{'type': 9, 'value': 60}, {'type': 28, 'value': 2060}]}"
1757967252,VERY_LONG,,1,5000000,,"{'id': 176980, 'context': 0, 'bonus_lists': [6907, 6652, 1682], 'modifiers': [{'type': 9, 'value': 60}, {'type': 28, 'value': 2060}]}"
1757779225,LONG,,1,149999900,4999900,"{'id': 172327, 'context': 64, 'bonus_lists': [6717, 1507]}"
1757779226,LONG,,1,149999900,4999900,"{'id': 172327, 'context': 64, 'bonus_lists': [6717, 1507]}"
1757779219,LONG,,1,149999900,4999900,"{'id': 172327, 'context': 64, 'bonus_lists': [6717, 1507]}"
1757779222,LONG,,1,149999900,4999900,"{'id': 172327, 'context': 64, 'bonus_lists': [6717, 1507]}"
1757779218,LONG,,1,149999900,4999900,"{'id': 172327, 'context': 64, 'bonus_lists': [6717, 1507]}"
1757779223,LONG,,1,149999900,4999900,"{'id': 172327, 'context': 64, 'bonus_lists': [6717, 1507]}"
1758050553,VERY_LONG,,1,19996000,,"{'id': 184480, 'context': 0}"
1758196456,VERY_LONG,,1,11030300,,"{'id': 24679, 'context': 22, 'bonus_lists': [6654, 1707], 'modifiers': [{'type': 9, 'value': 30}, {'type': 28, 'value': 1070}]}"
1758196465,VERY_LONG,,1,4629500,,"{'id': 24680, 'context': 22, 'bonus_lists': [6654, 1706], 'modifiers': [{'type': 9, 'value': 30}, {'type': 28, 'value': 1070}]}"
1758196467,VERY_LONG,,1,11259800,,"{'id': 24983, 'context': 22, 'bonus_lists': [6654, 1678], 'modifiers': [{'type': 9, 'value': 30}, {'type': 28, 'value': 1070}]}"
1758196457,VERY_LONG,,1,4998200,,"{'id': 25066, 'context': 22, 'bonus_lists': [6654, 1706], 'modifiers': [{'type': 9, 'value': 30}, {'type': 28, 'value': 1079}]}"
1758196470,VERY_LONG,,1,36044400,,"{'id': 24653, 'context': 22, 'bonus_lists': [6654, 1681], 'modifiers': [{'type': 9, 'value': 30}, {'type': 28, 'value': 1075}]}"
1758196468,VERY_LONG,,1,3120900,,"{'id': 25063, 'context': 22, 'bonus_lists': [6654, 1708], 'modifiers': [{'type': 9, 'value': 30}, {'type': 28, 'value': 1076}]}"
1758196466,VERY_LONG,,1,18602100,,"{'id': 24762, 'context': 22, 'bonus_lists': [6654, 1709], 'modifiers': [{'type': 9, 'value': 30}, {'type': 28, 'value': 1071}]}"
1758196462,VERY_LONG,,1,30009900,,"{'id': 25221, 'context': 22, 'bonus_lists': [6655, 1692], 'modifiers': [{'type': 9, 'value': 30}, {'type': 28, 'value': 1079}]}"
1758196455,VERY_LONG,,1,390000,,"{'id': 25054, 'context': 22, 'bonus_lists': [6654, 1681], 'modifiers': [{'type': 9, 'value': 30}, {'type': 28, 'value': 1075}]}"
1758196463,VERY_LONG,,1,1503000,,"{'id': 24673, 'context': 22, 'bonus_lists': [6654, 1679], 'modifiers': [{'type': 9, 'value': 30}, {'type': 28, 'value': 1075}]}"
1758196458,VERY_LONG,,1,2791200,,"{'id': 24664, 'context': 22, 'bonus_lists': [6654, 1678], 'modifiers': [{'type': 9, 'value': 30}, {'type': 28, 'value': 1075}]}"
1757654318,LONG,,1,1399400,,"{'id': 171379, 'context': 13, 'bonus_lists': [6890], 'modifiers': [{'type': 9, 'value': 60}, {'type': 28, 'value': 391}, {'type': 29, 'value': 40}, {'type': 30, 'value': 49}]}"
1757654267,LONG,,1,1399400,,"{'id': 171379, 'context': 13, 'bonus_lists': [6890], 'modifiers': [{'type': 9, 'value': 60}, {'type': 28, 'value': 391}, {'type': 29, 'value': 32}, {'type': 30, 'value': 49}]}"
1757654307,LONG,,1,1399400,,"{'id': 171379, 'context': 13, 'bonus_lists': [6890], 'modifiers': [{'type': 9, 'value': 60}, {'type': 28, 'value': 391}, {'type': 29, 'value': 40}, {'type': 30, 'value': 36}]}"
1757654262,LONG,,1,1399400,,"{'id': 171379, 'context': 13, 'bonus_lists': [6890], 'modifiers': [{'type': 9, 'value': 60}, {'type': 28, 'value': 391}, {'type': 29, 'value': 32}, {'type': 30, 'value': 49}]}"
1757654355,LONG,,1,8857700,,"{'id': 177808, 'context': 0, 'bonus_lists': [6908, 42, 1708], 'modifiers': [{'type': 9, 'value': 60}, {'type': 28, 'value': 2060}]}"
1757654345,LONG,,1,2345000,,"{'id': 177804, 'context': 0, 'bonus_lists': [6908, 6652, 1702], 'modifiers': [{'type': 9, 'value': 60}, {'type': 28, 'value': 1707}]}"
1757654367,LONG,,1,4444400,,"{'id': 177810, 'context': 0, 'bonus_lists': [6908, 6652, 1708], 'modifiers': [{'type': 9, 'value': 60}, {'type': 28, 'value': 2060}]}"
1757654283,LONG,,1,1399400,,"{'id': 171379, 'context': 13, 'bonus_lists': [6890], 'modifiers': [{'type': 9, 'value': 60}, {'type': 28, 'value': 391}, {'type': 29, 'value': 40}, {'type': 30, 'value': 32}]}"
1757950716,VERY_LONG,,1,1500400,,"{'id': 13113, 'context': 0, 'bonus_lists': [6658], 'modifiers': [{'type': 9, 'value': 30}, {'type': 28, 'value': 1004}]}"
1758189411,VERY_LONG,,1,2500000,,"{'id': 82800, 'context': 0, 'modifiers': [{'type': 6, 'value': 51408}], 'pet_breed_id': 8, 'pet_level': 1, 'pet_quality_id': 3, 'pet_species_id': 1329}"
1758189434,VERY_LONG,,1,5003100,,"{'id': 82800, 'context': 0, 'modifiers': [{'type': 6, 'value': 48664}], 'pet_breed_id': 7, 'pet_level': 1, 'pet_quality_id': 3, 'pet_species_id': 1233}"
1757504833,MEDIUM,,1,550705700,,"{'id': 34061, 'context': 0}"
1757504836,MEDIUM,,1,550705700,,"{'id': 34061, 'context': 0}"
1757950123,VERY_LONG,,1,100000500,,"{'id': 172315, 'context': 63, 'bonus_lists': [6716, 1487]}"
1757950173,VERY_LONG,,1,304310000,,"{'id': 172315, 'context': 65, 'bonus_lists': [6718, 1522]}"
1757949090,VERY_LONG,,1,192160000,,"{'id': 172315, 'context': 64, 'bonus_lists': [6717, 1507]}"
1757950167,VERY_LONG,,1,304310000,,"{'id': 172315, 'context': 65, 'bonus_lists': [6718, 1522]}"
1757950170,VERY_LONG,,1,304310000,,"{'id': 172315, 'context': 65, 'bonus_lists': [6718, 1522]}"
1757949083,VERY_LONG,,1,192160000,,"{'id': 172315, 'context': 64, 'bonus_lists': [6717, 1507]}"
1757949085,VERY_LONG,,1,192160000,,"{'id': 172315, 'context': 64, 'bonus_lists': [6717, 1507]}"
1757949084,VERY_LONG,,1,192160000,,"{'id': 172315, 'context': 64, 'bonus_lists': [6717, 1507]}"
1757950126,VERY_LONG,,1,100000500,,"{'id': 172315, 'context': 63, 'bonus_lists': [6716, 1487]}"
1757949081,VERY_LONG,,1,192160000,,"{'id': 172315, 'context': 64, 'bonus_lists': [6717, 1507]}"
1757512654,MEDIUM,,1,9503000,,"{'id': 87526, 'context': 0, 'modifiers': [{'type': 28, 'value': 373}]}"
1757513051,MEDIUM,,1,9950100,,"{'id': 10498, 'context': 0}"
1757513055,MEDIUM,,1,9950100,,"{'id': 10498, 'context': 0}"
1757513049,MEDIUM,,1,9950100,,"{'id': 10498, 'context': 0}"
1757512655,MEDIUM,,1,9503000,,"{'id': 87526, 'context': 0, 'modifiers': [{'type': 28, 'value': 373}]}"
1757513052,MEDIUM,,1,9950100,,"{'id': 10498, 'context': 0}"
1757805657,LONG,,1,29604300,,"{'id': 173132, 'context': 13, 'bonus_lists': [7185], 'modifiers': [{'type': 9, 'value': 60}, {'type': 29, 'value': 40}]}"
1757806484,LONG,,1,49990000,,"{'id': 173134, 'context': 13, 'bonus_lists': [7185], 'modifiers': [{'type': 9, 'value': 60}, {'type': 29, 'value': 40}]}"
1757805648,LONG,,1,29604300,,"{'id': 173132, 'context': 13, 'bonus_lists': [7185], 'modifiers': [{'type': 9, 'value': 60}, {'type': 29, 'value': 36}]}"
1757805652,LONG,,1,29604300,,"{'id': 173132, 'context': 13, 'bonus_lists': [7185], 'modifiers': [{'type': 9, 'value': 60}, {'type': 29, 'value': 32}]}"
1757805654,LONG,,1,29604300,,"{'id': 173132, 'context': 13, 'bonus_lists': [7185], 'modifiers': [{'type': 9, 'value': 60}, {'type': 29, 'value': 40}]}"
1757824866,LONG,,1,39870000,,"{'id': 173245, 'context': 64, 'bonus_lists': [6717, 7193, 1507]}"
1757636414,LONG,,1,55367200,,"{'id': 116639, 'context': 0, 'bonus_lists': [6655, 113], 'modifiers': [{'type': 9, 'value': 40}, {'type': 28, 'value': 64}]}"
1757636398,LONG,,1,2750000,,"{'id': 177773, 'context': 0, 'bonus_lists': [6907, 6652, 6935, 1689], 'modifiers': [{'type': 9, 'value': 60}, {'type': 28, 'value': 2060}]}"
1757636429,LONG,,1,18685400,,"{'id': 106720, 'context': 23, 'bonus_lists': [6654, 128], 'modifiers': [{'type': 9, 'value': 40}, {'type': 28, 'value': 1189}]}"
1758180033,VERY_LONG,,1,15456100,,"{'id': 10210, 'context': 1, 'bonus_lists': [6654, 1692], 'modifiers': [{'type': 9, 'value': 30}, {'type': 28, 'value': 205}]}"
1758180050,VERY_LONG,,1,20512200,,"{'id': 106699, 'context': 6, 'bonus_lists': [6654, 168], 'modifiers': [{'type': 9, 'value': 40}, {'type': 28, 'value': 2019}]}"
1758180052,VERY_LONG,,1,19918100,,"{'id': 15775, 'context': 1, 'modifiers': [{'type': 28, 'value': 205}]}"
1757636349,LONG,,1,36169500,,"{'id': 106520, 'context': 23, 'bonus_lists': [6654, 56], 'modifiers': [{'type': 9, 'value': 40}, {'type': 28, 'value': 1192}]}"
1757636363,LONG,,1,1511537800,,"{'id': 118808, 'context': 0, 'bonus_lists': [6660], 'modifiers': [{'type': 9, 'value': 40}, {'type': 28, 'value': 1192}]}"
1757636380,LONG,,1,90244800,,"{'id': 106658, 'context': 23, 'bonus_lists': [6654, 109], 'modifiers': [{'type': 9, 'value': 40}, {'type': 28, 'value': 274}]}"
1757636308,LONG,,1,2570900,,"{'id': 55484, 'context': 5, 'bonus_lists': [6655, 1699], 'modifiers': [{'type': 9, 'value': 35}, {'type': 28, 'value': 1029}]}"
1757636311,LONG,,1,11236200,,"{'id': 179334, 'context': 23, 'bonus_lists': [6908, 6652, 1698], 'modifiers': [{'type': 9, 'value': 60}, {'type': 28, 'value': 749}]}"
1757636340,LONG,,1,10000000,,"{'id': 179332, 'context': 23, 'bonus_lists': [6908, 6652, 1715], 'modifiers': [{'type': 9, 'value': 60}, {'type': 28, 'value': 749}]}"
1757636383,LONG,,1,21049000,,"{'id': 177777, 'context': 0, 'bonus_lists': [6907, 6652, 1712], 'modifiers': [{'type': 9, 'value': 60}, {'type': 28, 'value': 2060}]}"
1757636395,LONG,,1,2259600,,"{'id': 55441, 'context': 5, 'bonus_lists': [6655, 1707], 'modifiers': [{'type': 9, 'value': 35}, {'type': 28, 'value': 1029}]}"
1757636404,LONG,,1,19336800,,"{'id': 69968, 'context': 5, 'modifiers': [{'type': 28, 'value': 1029}]}"
1757636418,LONG,,1,101644100,,"{'id': 106507, 'context': 23, 'bonus_lists': [6654, 20], 'modifiers': [{'type': 9, 'value': 40}, {'type': 28, 'value': 1192}]}"
1757636442,LONG,,1,33200,,"{'id': 82800, 'context': 0, 'modifiers': [{'type': 6, 'value': 98466}], 'pet_breed_id': 4, 'pet_level': 1, 'pet_quality_id': 2, 'pet_species_id': 3013}"
1758180016,VERY_LONG,,1,9004500,,"{'id': 82800, 'context': 0, 'modifiers': [{'type': 6, 'value': 71835}], 'pet_breed_id': 8, 'pet_level': 1, 'pet_quality_id': 3, 'pet_species_id': 1721}"
1757636406,LONG,,1,195700,,"{'id': 82800, 'context': 0, 'modifiers': [{'type': 6, 'value': 61547}], 'pet_breed_id': 8, 'pet_level': 1, 'pet_quality_id': 2, 'pet_species_id': 1540}"
1757636454,LONG,,1,57771200,,"{'id': 116624, 'context': 23, 'bonus_lists': [6655, 126, 550], 'modifiers': [{'type': 9, 'value': 40}, {'type': 28, 'value': 1190}]}"
1757636416,LONG,,1,18039400,,"{'id': 106724, 'context': 23, 'bonus_lists': [6654, 33], 'modifiers': [{'type': 9, 'value': 40}, {'type': 28, 'value': 1191}]}"
1757636372,LONG,,1,37638800,,"{'id': 106733, 'context': 6, 'bonus_lists': [6654, 50], 'modifiers': [{'type': 9, 'value': 40}, {'type': 28, 'value': 2021}]}"
1757636384,LONG,,1,74127200,,"{'id': 106578, 'context': 23, 'bonus_lists': [6654, 98], 'modifiers': [{'type': 9, 'value': 40}, {'type': 28, 'value': 1192}]}"
1757636433,LONG,,1,26516200,,"{'id': 106694, 'context': 23, 'bonus_lists': [6655, 200], 'modifiers': [{'type': 9, 'value': 40}, {'type': 28, 'value': 1189}]}"
1758181117,VERY_LONG,,1,73000000,,"{'id': 82800, 'context': 0, 'modifiers': [{'type': 6, 'value': 99891}], 'pet_breed_id': 16, 'pet_level': 1, 'pet_quality_id': 2, 'pet_species_id': 3006}"
1757636334,LONG,,1,3001700,,"{'id': 116629, 'context': 23, 'bonus_lists': [6655, 59], 'modifiers': [{'type': 9, 'value': 40}, {'type': 28, 'value': 1193}]}"
1758180019,VERY_LONG,,1,10472900,,"{'id': 106711, 'context': 6, 'bonus_lists': [6654, 21], 'modifiers': [{'type': 9, 'value': 40}, {'type': 28, 'value': 2019}]}"
1758180039,VERY_LONG,,1,264700,,"{'id': 82800, 'context': 0, 'modifiers': [{'type': 6, 'value': 15663}], 'pet_breed_id': 13, 'pet_level': 1, 'pet_quality_id': 2, 'pet_species_id': 120}"
1758180041,VERY_LONG,,1,21160100,,"{'id': 8299, 'context': 1, 'bonus_lists': [6654], 'modifiers': [{'type': 9, 'value': 30}, {'type': 28, 'value': 205}]}"
1757636330,LONG,,1,17266600,,"{'id': 55702, 'context': 5, 'bonus_lists': [6654, 1693], 'modifiers': [{'type': 9, 'value': 35}, {'type': 28, 'value': 1029}]}"
1757636360,LONG,,1,950000,,"{'id': 82800, 'context': 0, 'modifiers': [{'type': 6, 'value': 79709}], 'pet_breed_id': 9, 'pet_level': 1, 'pet_quality_id': 3, 'pet_species_id': 2088}"
1758180098,VERY_LONG,,1,183400,,"{'id': 82800, 'context': 0, 'modifiers': [{'type': 6, 'value': 1206}], 'pet_breed_id': 5, 'pet_level': 1, 'pet_quality_id': 2, 'pet_species_id': 75}"
1757636455,LONG,,1,6132900,,"{'id': 55592, 'context': 5, 'bonus_lists': [6654, 1684], 'modifiers': [{'type': 9, 'value': 35}, {'type': 28, 'value': 1029}]}"
1757636446,LONG,,1,62219600,,"{'id': 106401, 'context': 23, 'bonus_lists': [6654, 50], 'modifiers': [{'type': 9, 'value': 40}, {'type': 28, 'value': 1194}]}"
1758180020,VERY_LONG,,1,950000,,"{'id': 82800, 'context': 0, 'modifiers': [{'type': 6, 'value': 79709}], 'pet_breed_id': 5, 'pet_level': 1, 'pet_quality_id': 3, 'pet_species_id': 2088}"
1758180044,VERY_LONG,,1,13296300,,"{'id': 15255, 'context': 1, 'bonus_lists': [6655, 1691], 'modifiers': [{'type': 9, 'value': 30}, {'type': 28, 'value': 205}]}"
1758180054,VERY_LONG,,1,8664300,,"{'id': 82800, 'context': 0, 'modifiers': [{'type': 6, 'value': 6303}], 'pet_breed_id': 12, 'pet_level': 1, 'pet_quality_id': 2, 'pet_species_id': 78}"
1758180090,VERY_LONG,,1,72800,,"{'id': 82800, 'context': 0, 'modifiers': [{'type': 6, 'value': 27718}], 'pet_breed_id': 17, 'pet_level': 1, 'pet_quality_id': 2, 'pet_species_id': 90}"
1757636439,LONG,,1,6743900,,"{'id': 55719, 'context': 5, 'bonus_lists': [6654, 1705], 'modifiers': [{'type': 9, 'value': 35}, {'type': 28, 'value': 1029}]}"
1757636461,LONG,,1,18272500,,"{'id': 121018, 'context': 0, 'bonus_lists': [6654, 1713], 'modifiers': [{'type': 9, 'value': 26}, {'type': 28, 'value': 331}]}"
1757636352,LONG,,1,6728900,,"{'id': 176797, 'context': 0, 'bonus_lists': [6908, 6652, 1705], 'modifiers': [{'type': 9, 'value': 60}, {'type': 28, 'value': 1707}]}"
1757636368,LONG,,1,13172000,,"{'id': 176761, 'context': 0, 'bonus_lists': [6907, 6652, 7194, 1708], 'modifiers': [{'type': 9, 'value': 60}, {'type': 28, 'value': 1707}]}"
1757636449,LONG,,1,108559900,,"{'id': 106633, 'context': 23, 'bonus_lists': [6654, 38], 'modifiers': [{'type': 9, 'value': 40}, {'type': 28, 'value': 1190}]}"
1758181112,VERY_LONG,,1,24804600,,"{'id': 10138, 'context': 1, 'bonus_lists': [6654, 1708], 'modifiers': [{'type': 9, 'value': 30}, {'type': 28, 'value': 205}]}"
1757636458,LONG,,1,8413719200,,"{'id': 106631, 'context': 23, 'bonus_lists': [6654, 45], 'modifiers': [{'type': 9, 'value': 40}, {'type': 28, 'value': 1190}]}"
1758180025,VERY_LONG,,1,3450000,,"{'id': 82800, 'context': 0, 'modifiers': [{'type': 6, 'value': 86136}], 'pet_breed_id': 8, 'pet_level': 1, 'pet_quality_id': 2, 'pet_species_id': 2188}"
1757636316,LONG,,1,113385900,,"{'id': 106473, 'context': 23, 'bonus_lists': [6654, 115], 'modifiers': [{'type': 9, 'value': 40}, {'type': 28, 'value': 1192}]}"
1757636452,LONG,,1,47014900,,"{'id': 106587, 'context': 23, 'bonus_lists': [6654, 166], 'modifiers': [{'type': 9, 'value': 40}, {'type': 28, 'value': 1195}]}"
1758181102,VERY_LONG,,1,183400,,"{'id': 82800, 'context': 0, 'modifiers': [{'type': 6, 'value': 1206}], 'pet_breed_id': 15, 'pet_level': 1, 'pet_quality_id': 2, 'pet_species_id': 75}"
1758181151,VERY_LONG,,1,7600000,,"{'id': 82800, 'context': 0, 'modifiers': [{'type': 6, 'value': 99896}], 'pet_breed_id': 4, 'pet_level': 1, 'pet_quality_id': 2, 'pet_species_id': 2921}"
1757636354,LONG,,1,1975400,,"{'id': 171392, 'context': 13, 'modifiers': [{'type': 29, 'value': 40}, {'type': 30, 'value': 32}]}"
1757636402,LONG,,1,10055800,,"{'id': 116643, 'context': 23, 'bonus_lists': [6655, 96], 'modifiers': [{'type': 9, 'value': 40}, {'type': 28, 'value': 1189}]}"
1758180026,VERY_LONG,,1,16170000,,"{'id': 82800, 'context': 0, 'modifiers': [{'type': 6, 'value': 2957}], 'pet_breed_id': 3, 'pet_level': 1, 'pet_quality_id': 2, 'pet_species_id': 77}"
1758180028,VERY_LONG,,1,16170000,,"{'id': 82800, 'context': 0, 'modifiers': [{'type': 6, 'value': 2957}], 'pet_breed_id': 13, 'pet_level': 1, 'pet_quality_id': 2, 'pet_species_id': 77}"
1757636365,LONG,,1,6655000,,"{'id': 113632, 'context': 6, 'bonus_lists': [567], 'modifiers': [{'type': 28, 'value': 2020}]}"
1758180059,VERY_LONG,,1,8664300,,"{'id': 82800, 'context': 0, 'modifiers': [{'type': 6, 'value': 6303}], 'pet_breed_id': 12, 'pet_level': 1, 'pet_quality_id': 2, 'pet_species_id': 78}"
1758181134,VERY_LONG,,1,15116100,,"{'id': 15238, 'context': 1, 'bonus_lists': [6655, 1705], 'modifiers': [{'type': 9, 'value': 30}, {'type': 28, 'value': 205}]}"
1758181141,VERY_LONG,,1,2831400,,"{'id': 82800, 'context': 0, 'modifiers': [{'type': 6, 'value': 99114}], 'pet_breed_id': 8, 'pet_level': 1, 'pet_quality_id': 3, 'pet_species_id': 3046}"
1757636371,LONG,,1,7269700,,"{'id': 55745, 'context': 5, 'bonus_lists': [6654, 1679], 'modifiers': [{'type': 9, 'value': 35}, {'type': 28, 'value': 1029}]}"
1757636391,LONG,,1,32762900,,"{'id': 106721, 'context': 23, 'bonus_lists': [6654, 58], 'modifiers': [{'type': 9, 'value': 40}, {'type': 28, 'value': 1189}]}"
1757636393,LONG,,1,103348300,,"{'id': 106517, 'context': 23, 'bonus_lists': [6654, 89], 'modifiers': [{'type': 9, 'value': 40}, {'type': 28, 'value': 1192}]}"
1757636425,LONG,,1,20991300,,"{'id': 116641, 'context': 23, 'bonus_lists': [6655, 98, 550], 'modifiers': [{'type': 9, 'value': 40}, {'type': 28, 'value': 1191}]}"
1758180036,VERY_LONG,,1,6640000,,"{'id': 82800, 'context': 0, 'modifiers': [{'type': 6, 'value': 65130}], 'pet_breed_id': 21, 'pet_level': 1, 'pet_quality_id': 2, 'pet_species_id': 1727}"
1757953922,VERY_LONG,,1,5002600,,"{'id': 43666, 'context': 0}"
1757952929,VERY_LONG,,1,5002600,,"{'id': 43666, 'context': 0}"
1758185833,VERY_LONG,,1,9007700,,"{'id': 69803, 'context': 2, 'bonus_lists': [4236], 'modifiers': [{'type': 9, 'value': 35}, {'type': 28, 'value': 1111}]}"
1757875167,LONG,,1,24745000,,"{'id': 82800, 'context': 0, 'modifiers': [{'type': 6, 'value': 98457}], 'pet_breed_id': 19, 'pet_level': 1, 'pet_quality_id': 2, 'pet_species_id': 3020}"
1757875184,LONG,,1,3820000,,"{'id': 82800, 'context': 0, 'modifiers': [{'type': 6, 'value': 19600}], 'pet_breed_id': 7, 'pet_level': 1, 'pet_quality_id': 2, 'pet_species_id': 136}"
1757875202,LONG,,1,6640000,,"{'id': 82800, 'context': 0, 'modifiers': [{'type': 6, 'value': 65130}], 'pet_breed_id': 21, 'pet_level': 1, 'pet_quality_id': 2, 'pet_species_id': 1727}"
1757875150,LONG,,1,1100000,,"{'id': 82800, 'context': 0, 'modifiers': [{'type': 6, 'value': 2955}], 'pet_breed_id': 11, 'pet_level': 1, 'pet_quality_id': 2, 'pet_species_id': 74}"
1757958202,VERY_LONG,,1,7501600,,"{'id': 179329, 'context': 6, 'bonus_lists': [6908, 6652, 1700], 'modifiers': [{'type': 9, 'value': 60}, {'type': 28, 'value': 753}]}"
1757958224,VERY_LONG,,1,907700,,"{'id': 178946, 'context': 0, 'bonus_lists': [6908, 6652, 1714], 'modifiers': [{'type': 9, 'value': 60}, {'type': 28, 'value': 1707}]}"
1757958182,VERY_LONG,,1,10009600,,"{'id': 177802, 'context': 5, 'bonus_lists': [6908, 6652, 1716], 'modifiers': [{'type': 9, 'value': 60}, {'type': 28, 'value': 752}]}"
1757958239,VERY_LONG,,1,1507700,,"{'id': 177809, 'context': 6, 'bonus_lists': [6908, 6652, 1678], 'modifiers': [{'type': 9, 'value': 60}, {'type': 28, 'value': 753}]}"
1757958446,VERY_LONG,,1,550000000,,"{'id': 95416, 'context': 0}"
1757960397,VERY_LONG,,1,545300000,,"{'id': 95416, 'context': 0}"
1757875875,LONG,,1,99990100,,"{'id': 140363, 'context': 0}"
1757875898,LONG,,1,99990100,,"{'id': 140363, 'context': 0}"
1757875948,LONG,,1,990100,,"{'id': 136924, 'context': 14}"
1757875890,LONG,,1,99990100,,"{'id': 140363, 'context': 0}"
1757875883,LONG,,1,99990100,,"{'id': 140363, 'context': 0}"
1757875899,LONG,,1,99990100,,"{'id': 140363, 'context': 0}"
1757875887,LONG,,1,99990100,,"{'id': 140363, 'context': 0}"
1757875908,LONG,,1,99990100,,"{'id': 140363, 'context': 0}"
1757875902,LONG,,1,99990100,,"{'id': 140363, 'context': 0}"
1757875905,LONG,,1,99990100,,"{'id': 140363, 'context': 0}"
1757875894,LONG,,1,99990100,,"{'id': 140363, 'context': 0}"
1757875896,LONG,,1,99990100,,"{'id': 140363, 'context': 0}"
1757875878,LONG,,1,99990100,,"{'id': 140363, 'context': 0}"
1757875886,LONG,,1,99990100,,"{'id': 140363, 'context': 0}"
1757875943,LONG,,1,990100,,"{'id': 136924, 'context': 14}"
1757875954,LONG,,1,990100,,"{'id': 136924, 'context': 14}"
1757875881,LONG,,1,99990100,,"{'id': 140363, 'context': 0}"
1758104376,VERY_LONG,,1,19999990000,,"{'id': 169402, 'context': 0, 'bonus_lists': [6654, 4802, 41, 1703], 'modifiers': [{'type': 9, 'value': 60}]}"
1758102809,VERY_LONG,,1,29678430000,,"{'id': 169402, 'context': 0, 'bonus_lists': [6654, 1712], 'modifiers': [{'type': 9, 'value': 60}]}"
1758102822,VERY_LONG,,1,49990000,,"{'id': 169406, 'context': 0, 'bonus_lists': [6654, 1706], 'modifiers': [{'type': 9, 'value': 60}]}"
1758102833,VERY_LONG,,1,199990000,,"{'id': 169426, 'context': 0, 'bonus_lists': [6654, 4802, 1689], 'modifiers': [{'type': 9, 'value': 60}]}"
1758102732,VERY_LONG,,1,1490000,,"{'id': 170114, 'context': 0, 'bonus_lists': [6655, 1715], 'modifiers': [{'type': 9, 'value': 60}]}"
1758102754,VERY_LONG,,1,49990000,,"{'id': 170117, 'context': 0, 'bonus_lists': [6655, 1680], 'modifiers': [{'type': 9, 'value': 60}]}"
1758102769,VERY_LONG,,1,299990000,,"{'id': 169416, 'context': 0, 'bonus_lists': [6654, 1694], 'modifiers': [{'type': 9, 'value': 60}]}"
1758102867,VERY_LONG,,1,4490000,,"{'id': 170201, 'context': 0, 'bonus_lists': [6655, 4802, 1688], 'modifiers': [{'type': 9, 'value': 60}]}"
1758102842,VERY_LONG,,1,39990000,,"{'id': 169433, 'context': 0, 'bonus_lists': [6654, 1715], 'modifiers': [{'type': 9, 'value': 60}]}"
1758102791,VERY_LONG,,1,29990000,,"{'id': 169401, 'context': 0, 'bonus_lists': [6654, 1709], 'modifiers': [{'type': 9, 'value': 60}]}"
1758102763,VERY_LONG,,1,25080000,,"{'id': 170119, 'context': 0, 'bonus_lists': [6655, 1702], 'modifiers': [{'type': 9, 'value': 60}]}"
1758102713,VERY_LONG,,1,1490000,,"{'id': 170114, 'context': 0, 'bonus_lists': [6655, 1678], 'modifiers': [{'type': 9, 'value': 60}]}"
1758102787,VERY_LONG,,1,29990000,,"{'id': 169401, 'context': 0, 'bonus_lists': [6654, 41, 1706], 'modifiers': [{'type': 9, 'value': 60}]}"
1758102793,VERY_LONG,,1,29990000,,"{'id': 169401, 'context': 0, 'bonus_lists': [6654, 1708], 'modifiers': [{'type': 9, 'value': 60}]}"
1758102776,VERY_LONG,,1,4000000,,"{'id': 169418, 'context': 0, 'bonus_lists': [6654, 1717], 'modifiers': [{'type': 9, 'value': 60}]}"
1757509632,MEDIUM,,1,4000100,,"{'id': 82800, 'context': 0, 'modifiers': [{'type': 6, 'value': 45289}], 'pet_breed_id': 18, 'pet_level': 1, 'pet_quality_id': 3, 'pet_species_id': 2087}"
1757509628,MEDIUM,,1,4000100,,"{'id': 82800, 'context': 0, 'modifiers': [{'type': 6, 'value': 45289}], 'pet_breed_id': 18, 'pet_level': 1, 'pet_quality_id': 3, 'pet_species_id': 2087}"
1757509631,MEDIUM,,1,4000100,,"{'id': 82800, 'context': 0, 'modifiers': [{'type': 6, 'value': 45289}], 'pet_breed_id': 18, 'pet_level': 1, 'pet_quality_id': 3, 'pet_species_id': 2087}"
1757926039,LONG,,1,1350000100,,"{'id': 87250, 'context': 0, 'modifiers': [{'type': 28, 'value': 872}]}"
1758159055,VERY_LONG,,1,250003900,,"{'id': 178926, 'context': 65, 'bonus_lists': [6718, 7193, 1522]}"
1758160226,VERY_LONG,,1,30003300,,"{'id': 173242, 'context': 64, 'bonus_lists': [6717, 1507]}"
1758159054,VERY_LONG,,1,250003900,,"{'id': 178926, 'context': 65, 'bonus_lists': [6718, 7193, 1522]}"
1758160225,VERY_LONG,,1,30003300,,"{'id': 173242, 'context': 64, 'bonus_lists': [6717, 1507]}"
1758160113,VERY_LONG,,1,300009500,,"{'id': 82800, 'context': 0, 'modifiers': [{'type': 6, 'value': 99904}], 'pet_breed_id': 5, 'pet_level': 1, 'pet_quality_id': 2, 'pet_species_id': 2900}"
1758160224,VERY_LONG,,1,30003300,,"{'id': 173242, 'context': 64, 'bonus_lists': [6717, 1507]}"
1757876252,LONG,,1,940000000,,"{'id': 184796, 'context': 0, 'bonus_lists': [6652, 1472, 6646], 'modifiers': [{'type': 28, 'value': 1707}]}"
1757933820,LONG,,1,42450000,,"{'id': 171414, 'context': 63, 'bonus_lists': [6716, 1487]}"
1757933993,LONG,,1,144400000,,"{'id': 172328, 'context': 63, 'bonus_lists': [6716, 7193, 1487]}"
1757934002,LONG,,1,144400000,,"{'id': 172328, 'context': 63, 'bonus_lists': [6716, 7193, 1487]}"
1757935947,LONG,,1,599999800,,"{'id': 172325, 'context': 66, 'bonus_lists': [6758, 7194, 1532]}"
1757935384,LONG,,1,125910000,,"{'id': 172326, 'context': 63, 'bonus_lists': [6716, 1487]}"
1757935294,LONG,,1,999990000,,"{'id': 171416, 'context': 66, 'bonus_lists': [6758, 1532]}"
1757935140,LONG,,1,356479900,,"{'id': 171418, 'context': 66, 'bonus_lists': [6758, 7193, 1532]}"
1757934045,LONG,,1,111767200,,"{'id': 172320, 'context': 63, 'bonus_lists': [6716, 7193, 1487]}"
1757934047,LONG,,1,111767200,,"{'id': 172320, 'context': 63, 'bonus_lists': [6716, 7193, 1487]}"
1757934019,LONG,,1,144400000,,"{'id': 172328, 'context': 63, 'bonus_lists': [6716, 7194, 1487]}"
1757935835,LONG,,1,336856100,,"{'id': 171413, 'context': 66, 'bonus_lists': [6758, 1532]}"
1757934042,LONG,,1,111767200,,"{'id': 172320, 'context': 63, 'bonus_lists': [6716, 7194, 1487]}"
1757935189,LONG,,1,80684400,,"{'id': 171418, 'context': 64, 'bonus_lists': [6717, 7194, 1507]}"
1757934049,LONG,,1,111767200,,"{'id': 172320, 'context': 63, 'bonus_lists': [6716, 7193, 1487]}"
1757935176,LONG,,1,80684400,,"{'id': 171418, 'context': 64, 'bonus_lists': [6717, 7193, 1507]}"
1757935182,LONG,,1,80684400,,"{'id': 171418, 'context': 64, 'bonus_lists': [6717, 7193, 1507]}"
1757935186,LONG,,1,80684400,,"{'id': 171418, 'context': 64, 'bonus_lists': [6717, 7194, 1507]}"
1757935974,LONG,,1,172301900,,"{'id': 171414, 'context': 64, 'bonus_lists': [6717, 1507]}"
1757933801,LONG,,1,100000000,,"{'id': 171413, 'context': 65, 'bonus_lists': [6718, 1522]}"
1757933998,LONG,,1,144400000,,"{'id': 172328, 'context': 63, 'bonus_lists': [6716, 7193, 1487]}"
1757935192,LONG,,1,80684400,,"{'id': 171418, 'context': 64, 'bonus_lists': [6717, 7193, 1507]}"
1757935379,LONG,,1,125910000,,"{'id': 172326, 'context': 63, 'bonus_lists': [6716, 1487]}"
1757935776,LONG,,1,1200000000,,"{'id': 171412, 'context': 66, 'bonus_lists': [6758, 1532]}"
1757933988,LONG,,1,144400000,,"{'id': 172328, 'context': 63, 'bonus_lists': [6716, 7194, 1487]}"
1757934010,LONG,,1,144400000,,"{'id': 172328, 'context': 63, 'bonus_lists': [6716, 7193, 1487]}"
1757934006,LONG,,1,144400000,,"{'id': 172328, 'context': 63, 'bonus_lists': [6716, 7193, 1487]}"
1757934096,LONG,,1,204759700,,"{'id': 171418, 'context': 66, 'bonus_lists': [6758, 7194, 1532]}"
1757933768,LONG,,1,810000000,,"{'id': 172320, 'context': 66, 'bonus_lists': [6758, 7194, 1532]}"
1757933929,LONG,,1,204501400,,"{'id': 171414, 'context': 66, 'bonus_lists': [6758, 1532]}"
1757935823,LONG,,1,1199990000,,"{'id': 172324, 'context': 66, 'bonus_lists': [6758, 1532]}"
1757946868,VERY_LONG,,1,1450000000,,"{'id': 172322, 'context': 66, 'bonus_lists': [6758, 1532]}"
1757933953,LONG,,1,1199990000,,"{'id': 172328, 'context': 66, 'bonus_lists': [6758, 7194, 1532]}"
1757935346,LONG,,1,339870000,,"{'id': 172326, 'context': 65, 'bonus_lists': [6718, 1522]}"
1757974128,VERY_LONG,,1,38506100,,"{'id': 172260, 'context': 13, 'bonus_lists': [6893, 7185], 'modifiers': [{'type': 9, 'value': 60}, {'type': 28, 'value': 391}, {'type': 29, 'value': 49}, {'type': 30, 'value': 32}]}"
1758068524,VERY_LONG,,1,9990000,,"{'id': 173214, 'context': 0, 'bonus_lists': [6893, 7185], 'modifiers': [{'type': 9, 'value': 60}, {'type': 28, 'value': 391}, {'type': 29, 'value': 36}, {'type': 30, 'value': 32}]}"
1758068497,VERY_LONG,,1,17989500,,"{'id': 173221, 'context': 0, 'bonus_lists': [6893, 7185], 'modifiers': [{'type': 9, 'value': 60}, {'type': 28, 'value': 391}, {'type': 29, 'value': 32}, {'type': 30, 'value': 40}]}"
1757555461,LONG,,1,99990000,,"{'id': 172321, 'context': 63, 'bonus_lists': [6716, 7193, 1487]}"
1757551397,LONG,,1,99990000,,"{'id': 172321, 'context': 63, 'bonus_lists': [6716, 7194, 1487]}"
1757555460,LONG,,1,99990000,,"{'id': 172321, 'context': 63, 'bonus_lists': [6716, 7194, 1487]}"
1757882829,LONG,,1,19988800,,"{'id': 10250, 'context': 0, 'bonus_lists': [6654, 1706], 'modifiers': [{'type': 9, 'value': 30}, {'type': 28, 'value': 1005}]}"
1757915966,LONG,,1,4134200,,"{'id': 173132, 'context': 13, 'modifiers': [{'type': 29, 'value': 36}]}"
1757915974,LONG,,1,4134200,,"{'id': 173132, 'context': 13, 'modifiers': [{'type': 29, 'value': 32}]}"
1758040437,VERY_LONG,,1,632600,,"{'id': 87216, 'context': 0}"
1758040459,VERY_LONG,,1,632600,,"{'id': 87216, 'context': 0}"
1758040424,VERY_LONG,,1,632600,,"{'id': 87216, 'context': 0}"
1758040426,VERY_LONG,,1,632600,,"{'id': 87216, 'context': 0}"
1758040432,VERY_LONG,,1,632600,,"{'id': 87216, 'context': 11, 'modifiers': [{'type': 28, 'value': 391}]}"
1758040455,VERY_LONG,,1,632600,,"{'id': 87216, 'context': 0}"
1758040635,VERY_LONG,,1,11106200,,"{'id': 87213, 'context': 0}"
1758040418,VERY_LONG,,1,632600,,"{'id': 87216, 'context': 0}"
1758040406,VERY_LONG,,1,632600,,"{'id': 87216, 'context': 0}"
1758040465,VERY_LONG,,1,632600,,"{'id': 87216, 'context': 11, 'modifiers': [{'type': 28, 'value': 391}]}"
1758040410,VERY_LONG,,1,632600,,"{'id': 87216, 'context': 0}"
1758040638,VERY_LONG,,1,11106200,,"{'id': 87213, 'context': 0}"
1758040643,VERY_LONG,,1,11106200,,"{'id': 87213, 'context': 0}"
1758040647,VERY_LONG,,1,11106200,,"{'id': 87213, 'context': 0}"
1758040422,VERY_LONG,,1,632600,,"{'id': 87216, 'context': 0}"
1758040641,VERY_LONG,,1,11106200,,"{'id': 87213, 'context': 0}"
1758040416,VERY_LONG,,1,632600,,"{'id': 87216, 'context': 0}"
1758040441,VERY_LONG,,1,632600,,"{'id': 87216, 'context': 0}"
1758040463,VERY_LONG,,1,632600,,"{'id': 87216, 'context': 0}"
1758040444,VERY_LONG,,1,632600,,"{'id': 87216, 'context': 0}"
1758040430,VERY_LONG,,1,632600,,"{'id': 87216, 'context': 0}"
1758040446,VERY_LONG,,1,632600,,"{'id': 87216, 'context': 0}"
1758040450,VERY_LONG,,1,632600,,"{'id': 87216, 'context': 0}"
1757930356,LONG,,1,1750000100,,"{'id': 128671, 'context': 14, 'modifiers': [{'type': 28, 'value': 302}]}"
1757930481,LONG,,1,1980000100,,"{'id': 82800, 'context': 0, 'modifiers': [{'type': 6, 'value': 40538}], 'pet_breed_id': 8, 'pet_level': 25, 'pet_quality_id': 3, 'pet_species_id': 348}"
1757958932,VERY_LONG,,1,5355100,,"{'id': 123898, 'context': 13, 'bonus_lists': [1717, 3392, 3408]}"
1757958699,VERY_LONG,,1,1202700,,"{'id': 15279, 'context': 0, 'bonus_lists': [1707]}"
1757958576,VERY_LONG,,1,5109200,,"{'id': 116427, 'context': 13, 'bonus_lists': [87]}"
1757958213,VERY_LONG,,1,178760900,,"{'id': 172327, 'context': 64, 'bonus_lists': [6717, 1507]}"
1757958815,VERY_LONG,,1,1923600,,"{'id': 116426, 'context': 13, 'bonus_lists': [119]}"
1758149094,VERY_LONG,,1,19990000,,"{'id': 184480, 'context': 0}"
1758149087,VERY_LONG,,1,19990000,,"{'id': 184480, 'context': 0}"
1758149098,VERY_LONG,,1,19990000,,"{'id': 184480, 'context': 0}"
1758150101,VERY_LONG,,1,19990000,,"{'id': 184480, 'context': 0}"
1758149090,VERY_LONG,,1,19990000,,"{'id': 184480, 'context': 0}"
1757906737,LONG,,1,500,,"{'id': 82800, 'context': 0, 'modifiers': [{'type': 6, 'value': 31073}], 'pet_breed_id': 3, 'pet_level': 1, 'pet_quality_id': 2, 'pet_species_id': 251}"
1757906725,LONG,,1,443500,,"{'id': 21309, 'context': 11, 'modifiers': [{'type': 28, 'value': 420}]}"
1757906751,LONG,,1,443500,,"{'id': 21309, 'context': 11, 'modifiers': [{'type': 28, 'value': 420}]}"
1758180082,VERY_LONG,,1,50500,,"{'id': 10027, 'context': 0}"
1758179997,VERY_LONG,,1,67100,,"{'id': 10053, 'context': 0}"
1758181171,VERY_LONG,,1,342200,,"{'id': 7051, 'context': 0}"
1758182440,VERY_LONG,,1,400000,,"{'id': 82800, 'context': 0, 'modifiers': [{'type': 6, 'value': 73692}], 'pet_breed_id': 6, 'pet_level': 1, 'pet_quality_id': 3, 'pet_species_id': 1961}"
1758182159,VERY_LONG,,1,420000,,"{'id': 82800, 'context': 0, 'modifiers': [{'type': 6, 'value': 73708}], 'pet_breed_id': 5, 'pet_level': 1, 'pet_quality_id': 3, 'pet_species_id': 1968}"
1758182455,VERY_LONG,,1,11554200,,"{'id': 82800, 'context': 0, 'modifiers': [{'type': 6, 'value': 73684}], 'pet_breed_id': 16, 'pet_level': 1, 'pet_quality_id': 3, 'pet_species_id': 1959}"
1758182821,VERY_LONG,,1,23999700,,"{'id': 82800, 'context': 0, 'pet_breed_id': 8, 'pet_level': 1, 'pet_quality_id': 3, 'pet_species_id': 1962}"
1758182555,VERY_LONG,,1,980000,,"{'id': 82800, 'context': 0, 'modifiers': [{'type': 6, 'value': 73706}], 'pet_breed_id': 11, 'pet_level': 1, 'pet_quality_id': 3, 'pet_species_id': 1966}"
1758182556,VERY_LONG,,1,980000,,"{'id': 82800, 'context': 0, 'modifiers': [{'type': 6, 'value': 73706}], 'pet_breed_id': 21, 'pet_level': 1, 'pet_quality_id': 3, 'pet_species_id': 1966}"
1758182822,VERY_LONG,,1,23999700,,"{'id': 82800, 'context': 0, 'pet_breed_id': 18, 'pet_level': 1, 'pet_quality_id': 3, 'pet_species_id': 1962}"
1758182428,VERY_LONG,,1,74451900,,"{'id': 116691, 'context': 11, 'modifiers': [{'type': 28, 'value': 296}]}"
1758184959,VERY_LONG,,1,8759900,,"{'id': 82800, 'context': 0, 'pet_breed_id': 13, 'pet_level': 1, 'pet_quality_id': 3, 'pet_species_id': 1960}"
1758182151,VERY_LONG,,1,980000,,"{'id': 82800, 'context': 0, 'modifiers': [{'type': 6, 'value': 73706}], 'pet_breed_id': 11, 'pet_level': 1, 'pet_quality_id': 3, 'pet_species_id': 1966}"
1758182443,VERY_LONG,,1,400000,,"{'id': 82800, 'context': 0, 'modifiers': [{'type': 6, 'value': 73692}], 'pet_breed_id': 12, 'pet_level': 1, 'pet_quality_id': 3, 'pet_species_id': 1961}"
1758182442,VERY_LONG,,1,400000,,"{'id': 82800, 'context': 0, 'modifiers': [{'type': 6, 'value': 73692}], 'pet_breed_id': 6, 'pet_level': 1, 'pet_quality_id': 3, 'pet_species_id': 1961}"
1758182453,VERY_LONG,,1,11554200,,"{'id': 82800, 'context': 0, 'modifiers': [{'type': 6, 'value': 73684}], 'pet_breed_id': 16, 'pet_level': 1, 'pet_quality_id': 3, 'pet_species_id': 1959}"
1758182132,VERY_LONG,,1,3459900,,"{'id': 82800, 'context': 0, 'pet_breed_id': 17, 'pet_level': 1, 'pet_quality_id': 3, 'pet_species_id': 1958}"
1758182130,VERY_LONG,,1,3459900,,"{'id': 82800, 'context': 0, 'pet_breed_id': 14, 'pet_level': 1, 'pet_quality_id': 3, 'pet_species_id': 1958}"
1757605381,LONG,,1,199800,,"{'id': 21841, 'context': 0}"
1757605452,LONG,,1,18307000,,"{'id': 25041, 'context': 2, 'bonus_lists': [6654, 1691], 'modifiers': [{'type': 9, 'value': 30}, {'type': 28, 'value': 1075}]}"
1757605479,LONG,,1,9970000,,"{'id': 15392, 'context': 1, 'bonus_lists': [6654, 1677], 'modifiers': [{'type': 9, 'value': 30}, {'type': 28, 'value': 218}]}"
1757605737,LONG,,1,199800,,"{'id': 21841, 'context': 0}"
1757606074,LONG,,1,21008100,,"{'id': 24605, 'context': 2, 'bonus_lists': [6654, 1679], 'modifiers': [{'type': 9, 'value': 30}, {'type': 28, 'value': 1072}]}"
1757607787,LONG,,1,32499300,,"{'id': 15931, 'context': 2, 'bonus_lists': [6655], 'modifiers': [{'type': 9, 'value': 30}, {'type': 28, 'value': 1065}]}"
1757603833,LONG,,1,75507000,,"{'id': 7062, 'context': 0}"
1757604004,LONG,,1,140005100,,"{'id': 31238, 'context': 0, 'bonus_lists': [6691, 1678], 'modifiers': [{'type': 9, 'value': 30}, {'type': 28, 'value': 39}]}"
1757605229,LONG,,1,18006500,,"{'id': 8283, 'context': 1, 'bonus_lists': [6654], 'modifiers': [{'type': 9, 'value': 30}, {'type': 28, 'value': 205}]}"
1757605466,LONG,,1,24960000,,"{'id': 10372, 'context': 1, 'bonus_lists': [6654], 'modifiers': [{'type': 9, 'value': 30}, {'type': 28, 'value': 205}]}"
1757605525,LONG,,1,30006800,,"{'id': 8202, 'context': 0}"
1757605545,LONG,,1,350000,,"{'id': 82800, 'context': 0, 'modifiers': [{'type': 6, 'value': 46903}], 'pet_breed_id': 7, 'pet_level': 1, 'pet_quality_id': 3, 'pet_species_id': 1151}"
1757605658,LONG,,1,1110000,,"{'id': 82800, 'context': 0, 'modifiers': [{'type': 6, 'value': 46905}], 'pet_breed_id': 4, 'pet_level': 1, 'pet_quality_id': 3, 'pet_species_id': 1153}"
1757605672,LONG,,1,7588400,,"{'id': 159162, 'context': 0, 'bonus_lists': [6654, 1703], 'modifiers': [{'type': 9, 'value': 50}, {'type': 28, 'value': 502}]}"
1757605777,LONG,,1,75507000,,"{'id': 7062, 'context': 0}"
1757605902,LONG,,1,199800,,"{'id': 21841, 'context': 0}"
1757606091,LONG,,1,199800,,"{'id': 21841, 'context': 0}"
1757607286,LONG,,1,199800,,"{'id': 21841, 'context': 0}"
1757608186,LONG,,1,9320200,,"{'id': 55458, 'context': 2, 'bonus_lists': [6655, 1712], 'modifiers': [{'type': 9, 'value': 35}, {'type': 28, 'value': 1110}]}"
1757603577,LONG,,1,199800,,"{'id': 21841, 'context': 0}"
1757603588,LONG,,1,34504800,,"{'id': 7053, 'context': 0}"
1757608417,LONG,,1,15000,,"{'id': 16251, 'context': 0, 'modifiers': [{'type': 28, 'value': 1005}]}"
1757603602,LONG,,1,151477000,,"{'id': 13869, 'context': 0}"
1757603914,LONG,,1,10000,,"{'id': 12713, 'context': 0, 'modifiers': [{'type': 28, 'value': 1007}]}"
1757604018,LONG,,1,199800,,"{'id': 21841, 'context': 0}"
1757604096,LONG,,1,199800,,"{'id': 21841, 'context': 0}"
1757605247,LONG,,1,14930000,,"{'id': 15256, 'context': 1, 'bonus_lists': [6655, 1695], 'modifiers': [{'type': 9, 'value': 30}, {'type': 28, 'value': 205}]}"
1757608405,LONG,,1,75507000,,"{'id': 7062, 'context': 0}"
1757608617,LONG,,1,30006800,,"{'id': 8202, 'context': 0}"
1757608332,LONG,,1,3026200,,"{'id': 16799, 'context': 0, 'modifiers': [{'type': 28, 'value': 1004}]}"
1757608592,LONG,,1,50000000,,"{'id': 21852, 'context': 0}"
1758090844,VERY_LONG,,1,199800,,"{'id': 21841, 'context': 0}"
1758095717,VERY_LONG,,1,199800,,"{'id': 21841, 'context': 0}"
1757604060,LONG,,1,23002200,,"{'id': 25283, 'context': 2, 'bonus_lists': [6655, 1693], 'modifiers': [{'type': 9, 'value': 30}, {'type': 28, 'value': 1065}]}"
1757605363,LONG,,1,237800,,"{'id': 21949, 'context': 1, 'modifiers': [{'type': 28, 'value': 201}]}"
1758095779,VERY_LONG,,1,199800,,"{'id': 21841, 'context': 0}"
1758095864,VERY_LONG,,1,10000,,"{'id': 12713, 'context': 2, 'modifiers': [{'type': 28, 'value': 1065}]}"
1758095909,VERY_LONG,,1,14400000,,"{'id': 113959, 'context': 6, 'bonus_lists': [567], 'modifiers': [{'type': 28, 'value': 2021}]}"
1758095961,VERY_LONG,,1,199800,,"{'id': 21841, 'context': 0}"
1758095998,VERY_LONG,,1,199800,,"{'id': 21841, 'context': 0}"
1758092269,VERY_LONG,,1,199800,,"{'id': 21841, 'context': 0}"
1757605936,LONG,,1,3322900,,"{'id': 9998, 'context': 0}"
1757603721,LONG,,1,12851300,,"{'id': 10386, 'context': 1, 'bonus_lists': [6654, 1681], 'modifiers': [{'type': 9, 'value': 30}, {'type': 28, 'value': 205}]}"
1757605861,LONG,,1,199800,,"{'id': 21841, 'context': 0}"
1757607181,LONG,,1,508545800,,"{'id': 24305, 'context': 0, 'modifiers': [{'type': 28, 'value': 1012}]}"
1757603707,LONG,,1,199800,,"{'id': 21841, 'context': 0}"
1757603866,LONG,,1,2499800,,"{'id': 82800, 'context': 0, 'modifiers': [{'type': 6, 'value': 48668}], 'pet_breed_id': 6, 'pet_level': 1, 'pet_quality_id': 3, 'pet_species_id': 1234}"
1757604085,LONG,,1,10008600,,"{'id': 116641, 'context': 23, 'bonus_lists': [6655, 163, 517], 'modifiers': [{'type': 9, 'value': 40}, {'type': 28, 'value': 1188}]}"
1757605122,LONG,,1,50000000,,"{'id': 21852, 'context': 0}"
1758090870,VERY_LONG,,1,199800,,"{'id': 21841, 'context': 0}"
1758095745,VERY_LONG,,1,199800,,"{'id': 21841, 'context': 0}"
1758095985,VERY_LONG,,1,199800,,"{'id': 21841, 'context': 0}"
1758090825,VERY_LONG,,1,6800000,,"{'id': 18654, 'context': 1}"
1758092217,VERY_LONG,,1,14590800,,"{'id': 82800, 'context': 0, 'modifiers': [{'type': 6, 'value': 90867}], 'pet_breed_id': 16, 'pet_level': 1, 'pet_quality_id': 3, 'pet_species_id': 2586}"
1758092480,VERY_LONG,,1,199800,,"{'id': 21841, 'context': 0}"
1757603599,LONG,,1,71618000,,"{'id': 21800, 'context': 0, 'modifiers': [{'type': 28, 'value': 1006}]}"
1757608211,LONG,,1,15426700,,"{'id': 10217, 'context': 1, 'bonus_lists': [6654, 1691], 'modifiers': [{'type': 9, 'value': 30}, {'type': 28, 'value': 205}]}"
1757608604,LONG,,1,30006800,,"{'id': 8202, 'context': 0}"
1758093369,VERY_LONG,,1,11008300,,"{'id': 118347, 'context': 1}"
1758096860,VERY_LONG,,1,199800,,"{'id': 21841, 'context': 0}"
1758091075,VERY_LONG,,1,14400000,,"{'id': 113959, 'context': 6, 'bonus_lists': [567], 'modifiers': [{'type': 28, 'value': 2021}]}"
1758091085,VERY_LONG,,1,199800,,"{'id': 21841, 'context': 0}"
1758092291,VERY_LONG,,1,199800,,"{'id': 21841, 'context': 0}"
1758092865,VERY_LONG,,1,2980000,,"{'id': 13047, 'context': 0, 'bonus_lists': [6659], 'modifiers': [{'type': 9, 'value': 30}, {'type': 28, 'value': 1005}]}"
1758092323,VERY_LONG,,1,199800,,"{'id': 21841, 'context': 0}"
1758093462,VERY_LONG,,1,230000100,,"{'id': 35211, 'context': 0, 'modifiers': [{'type': 28, 'value': 1015}]}"
1757603583,LONG,,1,75507000,,"{'id': 7062, 'context': 0}"
1757605351,LONG,,1,5500000,,"{'id': 21940, 'context': 1, 'modifiers': [{'type': 28, 'value': 217}]}"
1757605512,LONG,,1,200002200,,"{'id': 24815, 'context': 2, 'bonus_lists': [6654, 1708], 'modifiers': [{'type': 9, 'value': 30}, {'type': 28, 'value': 1072}]}"
1757605744,LONG,,1,199800,,"{'id': 21841, 'context': 0}"
1757608757,LONG,,1,808700,,"{'id': 24805, 'context': 0, 'bonus_lists': [6654, 1695], 'modifiers': [{'type': 9, 'value': 30}, {'type': 28, 'value': 42}]}"
1757603565,LONG,,1,199800,,"{'id': 21841, 'context': 0}"
1757605756,LONG,,1,27339800,,"{'id': 11992, 'context': 0, 'bonus_lists': [6654, 1691], 'modifiers': [{'type': 9, 'value': 30}, {'type': 28, 'value': 1004}]}"
1757605918,LONG,,1,16861200,,"{'id': 8319, 'context': 1, 'bonus_lists': [6654], 'modifiers': [{'type': 9, 'value': 30}, {'type': 28, 'value': 205}]}"
1757608257,LONG,,1,45504600,,"{'id': 22222, 'context': 0, 'modifiers': [{'type': 28, 'value': 1007}]}"
1757608317,LONG,,1,4058200,,"{'id': 16857, 'context': 0, 'modifiers': [{'type': 28, 'value': 1004}]}"
1757605372,LONG,,1,199800,,"{'id': 21841, 'context': 0}"
1757605182,LONG,,1,3322900,,"{'id': 9998, 'context': 0}"
1758090766,VERY_LONG,,1,2991100,,"{'id': 113882, 'context': 6, 'bonus_lists': [562, 567], 'modifiers': [{'type': 28, 'value': 2021}]}"
1758092122,VERY_LONG,,1,4002000,,"{'id': 15749, 'context': 1, 'modifiers': [{'type': 28, 'value': 205}]}"
1758095697,VERY_LONG,,1,199800,,"{'id': 21841, 'context': 0}"
1758095701,VERY_LONG,,1,199800,,"{'id': 21841, 'context': 0}"
1758095970,VERY_LONG,,1,199800,,"{'id': 21841, 'context': 0}"
1758098172,VERY_LONG,,1,15000,,"{'id': 16251, 'context': 0, 'modifiers': [{'type': 28, 'value': 1005}]}"
1757605159,LONG,,1,15000,,"{'id': 16251, 'context': 0, 'modifiers': [{'type': 28, 'value': 1005}]}"
1757606023,LONG,,1,60337600,,"{'id': 14868, 'context': 0, 'bonus_lists': [6654], 'modifiers': [{'type': 9, 'value': 30}, {'type': 28, 'value': 1007}]}"
1758092160,VERY_LONG,,1,19999800,,"{'id': 6622, 'context': 0, 'bonus_lists': [6659], 'modifiers': [{'type': 9, 'value': 30}, {'type': 28, 'value': 1004}]}"
1757607799,LONG,,1,75507000,,"{'id': 7062, 'context': 0}"
1758092348,VERY_LONG,,1,1500400,,"{'id': 13113, 'context': 0, 'bonus_lists': [6658], 'modifiers': [{'type': 9, 'value': 30}, {'type': 28, 'value': 1004}]}"
1758093858,VERY_LONG,,1,4503800,,"{'id': 7990, 'context': 0, 'modifiers': [{'type': 28, 'value': 30}]}"
1757605647,LONG,,1,199800,,"{'id': 21841, 'context': 0}"
1757607217,LONG,,1,180006600,,"{'id': 15987, 'context': 0, 'bonus_lists': [6655, 1692], 'modifiers': [{'type': 9, 'value': 30}, {'type': 28, 'value': 1006}]}"
1758092106,VERY_LONG,,1,6750200,,"{'id': 10251, 'context': 0, 'bonus_lists': [6654, 1695], 'modifiers': [{'type': 9, 'value': 30}, {'type': 28, 'value': 1004}]}"
1758096013,VERY_LONG,,1,199800,,"{'id': 21841, 'context': 0}"
1758090855,VERY_LONG,,1,199800,,"{'id': 21841, 'context': 0}"
1758092379,VERY_LONG,,1,199800,,"{'id': 21841, 'context': 0}"
1757607823,LONG,,1,149500000,,"{'id': 82800, 'context': 0, 'modifiers': [{'type': 6, 'value': 46924}], 'pet_breed_id': 9, 'pet_level': 1, 'pet_quality_id': 3, 'pet_species_id': 1154}"
1757604067,LONG,,1,30006800,,"{'id': 8202, 'context': 0}"
1757605458,LONG,,1,7515400,,"{'id': 10221, 'context': 1, 'bonus_lists': [6654, 1679], 'modifiers': [{'type': 9, 'value': 30}, {'type': 28, 'value': 205}]}"
1758093411,VERY_LONG,,1,380001600,,"{'id': 118871, 'context': 6, 'bonus_lists': [6659], 'modifiers': [{'type': 9, 'value': 40}, {'type': 28, 'value': 2021}]}"
1758090837,VERY_LONG,,1,199800,,"{'id': 21841, 'context': 0}"
1758092775,VERY_LONG,,1,27709700,,"{'id': 13000, 'context': 0, 'bonus_lists': [6659], 'modifiers': [{'type': 9, 'value': 30}, {'type': 28, 'value': 1004}]}"
1758092791,VERY_LONG,,1,10000,,"{'id': 12713, 'context': 1, 'modifiers': [{'type': 28, 'value': 205}]}"
1757607955,LONG,,1,95240000,,"{'id': 82800, 'context': 0, 'modifiers': [{'type': 6, 'value': 23507}], 'pet_breed_id': 7, 'pet_level': 1, 'pet_quality_id': 3, 'pet_species_id': 173}"
1757608625,LONG,,1,30006800,,"{'id': 8202, 'context': 0}"
1757603606,LONG,,1,34504800,,"{'id': 7053, 'context': 0}"
1757603746,LONG,,1,32499300,,"{'id': 15931, 'context': 2, 'bonus_lists': [6655], 'modifiers': [{'type': 9, 'value': 30}, {'type': 28, 'value': 1065}]}"
1757605103,LONG,,1,58251800,,"{'id': 25134, 'context': 2, 'bonus_lists': [6655, 1691], 'modifiers': [{'type': 9, 'value': 30}, {'type': 28, 'value': 1066}]}"
1757605261,LONG,,1,18980300,,"{'id': 2564, 'context': 0, 'bonus_lists': [6658], 'modifiers': [{'type': 9, 'value': 30}, {'type': 28, 'value': 1004}]}"
1757605718,LONG,,1,6008300,,"{'id': 36270, 'context': 2, 'bonus_lists': [6654, 1706], 'modifiers': [{'type': 9, 'value': 30}, {'type': 28, 'value': 1095}]}"
1757608779,LONG,,1,1185858300,,"{'id': 22388, 'context': 0, 'modifiers': [{'type': 28, 'value': 1005}]}"
1757605606,LONG,,1,35847100,,"{'id': 36609, 'context': 2, 'bonus_lists': [6655, 1677], 'modifiers': [{'type': 9, 'value': 30}, {'type': 28, 'value': 1096}]}"
1757608367,LONG,,1,34504800,,"{'id': 7053, 'context': 0}"
1757608666,LONG,,1,3711400,,"{'id': 7050, 'context': 0}"
1757603853,LONG,,1,18891100,,"{'id': 14325, 'context': 0, 'bonus_lists': [6654, 1678], 'modifiers': [{'type': 9, 'value': 30}, {'type': 28, 'value': 1007}]}"
1757605800,LONG,,1,75507000,,"{'id': 7062, 'context': 0}"
1757607228,LONG,,1,199800,,"{'id': 21841, 'context': 0}"
1757959031,VERY_LONG,,1,50000000,,"{'id': 171418, 'context': 64, 'bonus_lists': [6717, 7193, 1507]}"
1758092736,VERY_LONG,,1,83107500,78121100,"{'id': 18486, 'context': 0}"
1757957008,VERY_LONG,,1,99999800,,"{'id': 12698, 'context': 1}"
1757957006,VERY_LONG,,1,7450000,,"{'id': 32739, 'context': 0}"
1757957010,VERY_LONG,,1,4961300,,"{'id': 10604, 'context': 1, 'modifiers': [{'type': 28, 'value': 209}]}"
1757956989,VERY_LONG,,1,3220500,,"{'id': 21953, 'context': 1, 'modifiers': [{'type': 28, 'value': 205}]}"
1757721127,LONG,,1,5000000,,"{'id': 121004, 'context': 0, 'bonus_lists': [6654, 1714], 'modifiers': [{'type': 9, 'value': 45}, {'type': 28, 'value': 331}]}"
1757718773,LONG,,1,10000000,,"{'id': 121171, 'context': 0, 'bonus_lists': [6654, 1692], 'modifiers': [{'type': 9, 'value': 45}, {'type': 28, 'value': 332}]}"
1757719247,LONG,,1,20000000,,"{'id': 121071, 'context': 0, 'bonus_lists': [6654, 603], 'modifiers': [{'type': 9, 'value': 45}, {'type': 28, 'value': 333}]}"
1757718727,LONG,,1,10000000,,"{'id': 121217, 'context': 0, 'bonus_lists': [6654, 40, 1721], 'modifiers': [{'type': 9, 'value': 45}, {'type': 28, 'value': 332}]}"
1757719109,LONG,,1,10000000,,"{'id': 121052, 'context': 0, 'bonus_lists': [6654, 41, 1699], 'modifiers': [{'type': 9, 'value': 45}, {'type': 28, 'value': 331}]}"
1757718949,LONG,,1,20000000,,"{'id': 141287, 'context': 0, 'bonus_lists': [6654], 'modifiers': [{'type': 9, 'value': 45}, {'type': 28, 'value': 334}]}"
1757718570,LONG,,1,10000000,,"{'id': 121159, 'context': 0, 'bonus_lists': [6654, 1710], 'modifiers': [{'type': 9, 'value': 45}, {'type': 28, 'value': 334}]}"
1757719323,LONG,,1,5000000,,"{'id': 121239, 'context': 0, 'bonus_lists': [6654, 1678], 'modifiers': [{'type': 9, 'value': 45}, {'type': 28, 'value': 335}]}"
1757719657,LONG,,1,5000000,,"{'id': 121043, 'context': 0, 'bonus_lists': [6654, 1715], 'modifiers': [{'type': 9, 'value': 45}, {'type': 28, 'value': 331}]}"
1757719030,LONG,,1,10000000,,"{'id': 121008, 'context': 0, 'bonus_lists': [6654, 1719], 'modifiers': [{'type': 9, 'value': 45}, {'type': 28, 'value': 331}]}"
1757719183,LONG,,1,2200000,,"{'id': 121101, 'context': 0, 'bonus_lists': [6654, 1683], 'modifiers': [{'type': 9, 'value': 45}, {'type': 28, 'value': 333}]}"
1757718660,LONG,,1,20000000,,"{'id': 141288, 'context': 0, 'bonus_lists': [6654], 'modifiers': [{'type': 9, 'value': 43}, {'type': 28, 'value': 333}]}"
1757719072,LONG,,1,20000000,,"{'id': 141291, 'context': 0, 'bonus_lists': [6654], 'modifiers': [{'type': 9, 'value': 45}, {'type': 28, 'value': 332}]}"
1757719819,LONG,,1,200000000,150000000,"{'id': 22279, 'context': 0}"
1757719392,LONG,,1,2000000,,"{'id': 121265, 'context': 0, 'bonus_lists': [6654, 1694], 'modifiers': [{'type': 9, 'value': 45}, {'type': 28, 'value': 335}]}"
1757721169,LONG,,1,5000000,,"{'id': 121137, 'context': 0, 'bonus_lists': [6654, 1766], 'modifiers': [{'type': 9, 'value': 45}, {'type': 28, 'value': 334}]}"
1757719519,LONG,,1,10000000,,"{'id': 121225, 'context': 0, 'bonus_lists': [6654, 1679], 'modifiers': [{'type': 9, 'value': 45}, {'type': 28, 'value': 335}]}"
1757720087,LONG,,1,2000000,,"{'id': 121051, 'context': 0, 'bonus_lists': [6654, 1679], 'modifiers': [{'type': 9, 'value': 45}, {'type': 28, 'value': 331}]}"
1757718991,LONG,,1,20000000,,"{'id': 141287, 'context': 0, 'bonus_lists': [6654], 'modifiers': [{'type': 9, 'value': 45}, {'type': 28, 'value': 334}]}"
1757718479,LONG,,1,10000000,,"{'id': 121269, 'context': 0, 'bonus_lists': [6654, 1695], 'modifiers': [{'type': 9, 'value': 45}, {'type': 28, 'value': 335}]}"
1757719287,LONG,,1,10000000,,"{'id': 121272, 'context': 0, 'bonus_lists': [6654, 1676], 'modifiers': [{'type': 9, 'value': 45}, {'type': 28, 'value': 335}]}"
1757932486,LONG,,1,40000000,,"{'id': 82800, 'context': 0, 'modifiers': [{'type': 6, 'value': 91248}], 'pet_breed_id': 6, 'pet_level': 1, 'pet_quality_id': 3, 'pet_species_id': 2761}"
1757581183,LONG,,1,15180200,,"{'id': 1396, 'context': 0}"
1757581044,LONG,,1,25000000,,"{'id': 15616, 'context': 1, 'bonus_lists': [6654, 1692], 'modifiers': [{'type': 9, 'value': 30}, {'type': 28, 'value': 278}]}"
1757577531,LONG,,1,12990000,,"{'id': 82800, 'context': 0, 'modifiers': [{'type': 6, 'value': 99852}], 'pet_breed_id': 10, 'pet_level': 1, 'pet_quality_id': 2, 'pet_species_id': 3035}"
1757577826,LONG,,1,29999900,,"{'id': 82800, 'context': 0, 'modifiers': [{'type': 6, 'value': 98477}], 'pet_breed_id': 8, 'pet_level': 1, 'pet_quality_id': 2, 'pet_species_id': 3064}"
1757577970,LONG,,1,1210000,,"{'id': 82800, 'context': 0, 'modifiers': [{'type': 6, 'value': 4615}], 'pet_breed_id': 16, 'pet_level': 1, 'pet_quality_id': 2, 'pet_species_id': 68}"
1757580349,LONG,,1,99000000,,"{'id': 164367, 'context': 11}"
1757581092,LONG,,1,209447000,,"{'id': 34087, 'context': 0}"
1757577847,LONG,,1,7000000,,"{'id': 82800, 'context': 0, 'modifiers': [{'type': 6, 'value': 99866}], 'pet_breed_id': 9, 'pet_level': 1, 'pet_quality_id': 2, 'pet_species_id': 2916}"
1757883292,LONG,,1,3000700,,"{'id': 106709, 'context': 0, 'bonus_lists': [6654, 30], 'modifiers': [{'type': 9, 'value': 40}, {'type': 28, 'value': 64}]}"
1757885178,LONG,,1,3002100,,"{'id': 95408, 'context': 0, 'modifiers': [{'type': 28, 'value': 168}]}"
1757883215,LONG,,1,6006300,,"{'id': 116619, 'context': 0, 'bonus_lists': [6655, 200], 'modifiers': [{'type': 9, 'value': 40}, {'type': 28, 'value': 64}]}"
1757883176,LONG,,1,7000100,,"{'id': 116627, 'context': 0, 'bonus_lists': [6655, 51, 517], 'modifiers': [{'type': 9, 'value': 40}, {'type': 28, 'value': 64}]}"
1757885135,LONG,,1,3002100,,"{'id': 95408, 'context': 0, 'modifiers': [{'type': 28, 'value': 168}]}"
1757885243,LONG,,1,3002000,,"{'id': 95410, 'context': 0, 'modifiers': [{'type': 28, 'value': 168}]}"
1757873593,LONG,,1,218500,,"{'id': 10050, 'context': 0}"
1757942026,LONG,,1,19999000,,"{'id': 184480, 'context': 0}"
1757942028,LONG,,1,19999000,,"{'id': 184480, 'context': 0}"
1757942070,LONG,,1,4500000,,"{'id': 154695, 'context': 0}"
1757944167,VERY_LONG,,1,66464300,,"{'id': 82800, 'context': 0, 'modifiers': [{'type': 6, 'value': 63447}], 'pet_breed_id': 18, 'pet_level': 25, 'pet_quality_id': 3, 'pet_species_id': 1661}"
1757944468,VERY_LONG,,1,20000000,,"{'id': 82800, 'context': 0, 'pet_breed_id': 13, 'pet_level': 25, 'pet_quality_id': 3, 'pet_species_id': 340}"
1757947044,VERY_LONG,,1,45000000,,"{'id': 82800, 'context': 0, 'modifiers': [{'type': 6, 'value': 90181}], 'pet_breed_id': 17, 'pet_level': 25, 'pet_quality_id': 3, 'pet_species_id': 2557}"
1757942859,VERY_LONG,,1,120000000,,"{'id': 82800, 'context': 0, 'modifiers': [{'type': 6, 'value': 80414}], 'pet_breed_id': 3, 'pet_level': 25, 'pet_quality_id': 3, 'pet_species_id': 2409}"
1757946141,VERY_LONG,,1,45000000,,"{'id': 82800, 'context': 0, 'modifiers': [{'type': 6, 'value': 77901}], 'pet_breed_id': 13, 'pet_level': 25, 'pet_quality_id': 3, 'pet_species_id': 2566}"
1757942663,VERY_LONG,,1,100000000,,"{'id': 82800, 'context': 0, 'modifiers': [{'type': 6, 'value': 74472}], 'pet_breed_id': 20, 'pet_level': 25, 'pet_quality_id': 3, 'pet_species_id': 2000}"
1757944823,VERY_LONG,,1,45500000,,"{'id': 82800, 'context': 0, 'modifiers': [{'type': 6, 'value': 90413}], 'pet_breed_id': 15, 'pet_level': 25, 'pet_quality_id': 3, 'pet_species_id': 2720}"
1757945093,VERY_LONG,,1,106000000,,"{'id': 82800, 'context': 0, 'pet_breed_id': 14, 'pet_level': 25, 'pet_quality_id': 3, 'pet_species_id': 1655}"
1757944499,VERY_LONG,,1,179900000,,"{'id': 82800, 'context': 0, 'modifiers': [{'type': 6, 'value': 78244}], 'pet_breed_id': 3, 'pet_level': 25, 'pet_quality_id': 3, 'pet_species_id': 2403}"
1757946546,VERY_LONG,,1,36545000,,"{'id': 82800, 'context': 0, 'modifiers': [{'type': 6, 'value': 60820}], 'pet_breed_id': 18, 'pet_level': 25, 'pet_quality_id': 3, 'pet_species_id': 1567}"
1757948176,VERY_LONG,,1,46390000,,"{'id': 82800, 'context': 0, 'pet_breed_id': 13, 'pet_level': 25, 'pet_quality_id': 3, 'pet_species_id': 1598}"
1757944470,VERY_LONG,,1,20000000,,"{'id': 82800, 'context': 0, 'modifiers': [{'type': 6, 'value': 39109}], 'pet_breed_id': 13, 'pet_level': 25, 'pet_quality_id': 3, 'pet_species_id': 340}"
1757946863,VERY_LONG,,1,45008100,,"{'id': 82800, 'context': 0, 'modifiers': [{'type': 6, 'value': 89609}], 'pet_breed_id': 5, 'pet_level': 25, 'pet_quality_id': 3, 'pet_species_id': 2525}"
1757942030,LONG,,1,19999000,,"{'id': 184480, 'context': 0}"
1757943095,VERY_LONG,,1,45000000,,"{'id': 82800, 'context': 0, 'pet_breed_id': 5, 'pet_level': 25, 'pet_quality_id': 3, 'pet_species_id': 1320}"
1757944283,VERY_LONG,,1,100000000,,"{'id': 82800, 'context': 0, 'modifiers': [{'type': 6, 'value': 88064}], 'pet_breed_id': 14, 'pet_level': 25, 'pet_quality_id': 3, 'pet_species_id': 2473}"
1757944466,VERY_LONG,,1,20000000,,"{'id': 82800, 'context': 0, 'pet_breed_id': 13, 'pet_level': 25, 'pet_quality_id': 3, 'pet_species_id': 340}"
1757945026,VERY_LONG,,1,80990000,,"{'id': 82800, 'context': 0, 'modifiers': [{'type': 6, 'value': 68861}], 'pet_breed_id': 15, 'pet_level': 25, 'pet_quality_id': 3, 'pet_species_id': 2050}"
1757942779,VERY_LONG,,1,360000000,,"{'id': 82800, 'context': 0, 'modifiers': [{'type': 6, 'value': 80951}], 'pet_breed_id': 10, 'pet_level': 25, 'pet_quality_id': 3, 'pet_species_id': 2407}"
1757943089,VERY_LONG,,1,45000000,,"{'id': 82800, 'context': 0, 'modifiers': [{'type': 6, 'value': 49289}], 'pet_breed_id': 5, 'pet_level': 25, 'pet_quality_id': 3, 'pet_species_id': 1320}"
1757944171,VERY_LONG,,1,66464300,,"{'id': 82800, 'context': 0, 'modifiers': [{'type': 6, 'value': 63447}], 'pet_breed_id': 18, 'pet_level': 25, 'pet_quality_id': 3, 'pet_species_id': 1661}"
1757942668,VERY_LONG,,1,100000000,,"{'id': 82800, 'context': 0, 'modifiers': [{'type': 6, 'value': 74472}], 'pet_breed_id': 20, 'pet_level': 25, 'pet_quality_id': 3, 'pet_species_id': 2000}"
1757948142,VERY_LONG,,1,34329900,,"{'id': 82800, 'context': 0, 'modifiers': [{'type': 6, 'value': 79638}], 'pet_breed_id': 8, 'pet_level': 25, 'pet_quality_id': 3, 'pet_species_id': 2083}"
1757944174,VERY_LONG,,1,66464300,,"{'id': 82800, 'context': 0, 'modifiers': [{'type': 6, 'value': 63447}], 'pet_breed_id': 18, 'pet_level': 25, 'pet_quality_id': 3, 'pet_species_id': 1661}"
1757944320,VERY_LONG,,1,139900000,,"{'id': 82800, 'context': 0, 'modifiers': [{'type': 6, 'value': 75353}], 'pet_breed_id': 7, 'pet_level': 25, 'pet_quality_id': 3, 'pet_species_id': 2410}"
1757944323,VERY_LONG,,1,139900000,,"{'id': 82800, 'context': 0, 'modifiers': [{'type': 6, 'value': 75353}], 'pet_breed_id': 7, 'pet_level': 25, 'pet_quality_id': 3, 'pet_species_id': 2410}"
1757942032,LONG,,1,19999000,,"{'id': 184480, 'context': 0}"
1757943010,VERY_LONG,,1,50000000,,"{'id': 82800, 'context': 0, 'pet_breed_id': 14, 'pet_level': 25, 'pet_quality_id': 3, 'pet_species_id': 1467}"
1757943014,VERY_LONG,,1,50000000,,"{'id': 82800, 'context': 0, 'modifiers': [{'type': 6, 'value': 58770}], 'pet_breed_id': 15, 'pet_level': 25, 'pet_quality_id': 3, 'pet_species_id': 1467}"
1757944230,VERY_LONG,,1,213615800,,"{'id': 82800, 'context': 0, 'modifiers': [{'type': 6, 'value': 81219}], 'pet_breed_id': 10, 'pet_level': 25, 'pet_quality_id': 3, 'pet_species_id': 2421}"
1757944496,VERY_LONG,,1,179900000,,"{'id': 82800, 'context': 0, 'modifiers': [{'type': 6, 'value': 78244}], 'pet_breed_id': 3, 'pet_level': 25, 'pet_quality_id': 3, 'pet_species_id': 2403}"
1757946248,VERY_LONG,,1,149980000,,"{'id': 82800, 'context': 0, 'modifiers': [{'type': 6, 'value': 69092}], 'pet_breed_id': 12, 'pet_level': 25, 'pet_quality_id': 3, 'pet_species_id': 2408}"
1757946142,VERY_LONG,,1,45000000,,"{'id': 82800, 'context': 0, 'modifiers': [{'type': 6, 'value': 77901}], 'pet_breed_id': 13, 'pet_level': 25, 'pet_quality_id': 3, 'pet_species_id': 2566}"
1757944553,VERY_LONG,,1,100000000,,"{'id': 82800, 'context': 0, 'modifiers': [{'type': 6, 'value': 86805}], 'pet_breed_id': 19, 'pet_level': 25, 'pet_quality_id': 3, 'pet_species_id': 2411}"
1757944671,VERY_LONG,,1,148980000,,"{'id': 82800, 'context': 0, 'modifiers': [{'type': 6, 'value': 86484}], 'pet_breed_id': 17, 'pet_level': 25, 'pet_quality_id': 3, 'pet_species_id': 2197}"
1757946747,VERY_LONG,,1,3500000,,"{'id': 82800, 'context': 0, 'modifiers': [{'type': 6, 'value': 88035}], 'pet_breed_id': 6, 'pet_level': 25, 'pet_quality_id': 3, 'pet_species_id': 2459}"
1757945092,VERY_LONG,,1,106000000,,"{'id': 82800, 'context': 0, 'modifiers': [{'type': 6, 'value': 62440}], 'pet_breed_id': 15, 'pet_level': 25, 'pet_quality_id': 3, 'pet_species_id': 1655}"
1757946191,VERY_LONG,,1,274551300,,"{'id': 82800, 'context': 0, 'modifiers': [{'type': 6, 'value': 59885}], 'pet_breed_id': 3, 'pet_level': 25, 'pet_quality_id': 3, 'pet_species_id': 1536}"
1757946971,VERY_LONG,,1,2000000,,"{'id': 82800, 'context': 0, 'modifiers': [{'type': 6, 'value': 71972}], 'pet_breed_id': 18, 'pet_level': 25, 'pet_quality_id': 3, 'pet_species_id': 2091}"
1757943091,VERY_LONG,,1,45000000,,"{'id': 82800, 'context': 0, 'modifiers': [{'type': 6, 'value': 49289}], 'pet_breed_id': 5, 'pet_level': 25, 'pet_quality_id': 3, 'pet_species_id': 1320}"
1757943092,VERY_LONG,,1,45000000,,"{'id': 82800, 'context': 0, 'pet_breed_id': 5, 'pet_level': 25, 'pet_quality_id': 3, 'pet_species_id': 1320}"
1757944662,VERY_LONG,,1,148980000,,"{'id': 82800, 'context': 0, 'modifiers': [{'type': 6, 'value': 86484}], 'pet_breed_id': 17, 'pet_level': 25, 'pet_quality_id': 3, 'pet_species_id': 2197}"
1757944748,VERY_LONG,,1,98490000,,"{'id': 82800, 'context': 0, 'modifiers': [{'type': 6, 'value': 65671}], 'pet_breed_id': 8, 'pet_level': 25, 'pet_quality_id': 3, 'pet_species_id': 1759}"
1757945031,VERY_LONG,,1,80990000,,"{'id': 82800, 'context': 0, 'modifiers': [{'type': 6, 'value': 68861}], 'pet_breed_id': 15, 'pet_level': 25, 'pet_quality_id': 3, 'pet_species_id': 2050}"
1757946381,VERY_LONG,,1,78942900,,"{'id': 82800, 'context': 0, 'pet_breed_id': 20, 'pet_level': 25, 'pet_quality_id': 3, 'pet_species_id': 1545}"
1757946466,VERY_LONG,,1,20001000,,"{'id': 82800, 'context': 0, 'modifiers': [{'type': 6, 'value': 45190}], 'pet_breed_id': 19, 'pet_level': 25, 'pet_quality_id': 3, 'pet_species_id': 2469}"
1757946659,VERY_LONG,,1,331988500,,"{'id': 82800, 'context': 0, 'modifiers': [{'type': 6, 'value': 81097}], 'pet_breed_id': 12, 'pet_level': 25, 'pet_quality_id': 3, 'pet_species_id': 2576}"
1757946833,VERY_LONG,,1,45000000,,"{'id': 82800, 'context': 0, 'modifiers': [{'type': 6, 'value': 88061}], 'pet_breed_id': 15, 'pet_level': 25, 'pet_quality_id': 3, 'pet_species_id': 2471}"
1757942022,LONG,,1,19999000,,"{'id': 184480, 'context': 0}"
1757942667,VERY_LONG,,1,100000000,,"{'id': 82800, 'context': 0, 'modifiers': [{'type': 6, 'value': 74472}], 'pet_breed_id': 7, 'pet_level': 25, 'pet_quality_id': 3, 'pet_species_id': 2000}"
1757946317,VERY_LONG,,1,45000000,,"{'id': 82800, 'context': 0, 'modifiers': [{'type': 6, 'value': 64425}], 'pet_breed_id': 8, 'pet_level': 25, 'pet_quality_id': 3, 'pet_species_id': 1690}"
1757942665,VERY_LONG,,1,100000000,,"{'id': 82800, 'context': 0, 'modifiers': [{'type': 6, 'value': 74473}], 'pet_breed_id': 7, 'pet_level': 25, 'pet_quality_id': 3, 'pet_species_id': 2000}"
1757943018,VERY_LONG,,1,50000000,,"{'id': 82800, 'context': 0, 'pet_breed_id': 15, 'pet_level': 25, 'pet_quality_id': 3, 'pet_species_id': 1467}"
1757946249,VERY_LONG,,1,149980000,,"{'id': 82800, 'context': 0, 'modifiers': [{'type': 6, 'value': 69092}], 'pet_breed_id': 12, 'pet_level': 25, 'pet_quality_id': 3, 'pet_species_id': 2408}"
1757946916,VERY_LONG,,1,49490100,,"{'id': 82800, 'context': 0, 'modifiers': [{'type': 6, 'value': 45386}], 'pet_breed_id': 5, 'pet_level': 25, 'pet_quality_id': 3, 'pet_species_id': 844}"
1757944168,VERY_LONG,,1,66464300,,"{'id': 82800, 'context': 0, 'modifiers': [{'type': 6, 'value': 63447}], 'pet_breed_id': 18, 'pet_level': 25, 'pet_quality_id': 3, 'pet_species_id': 1661}"
1757946145,VERY_LONG,,1,45000000,,"{'id': 82800, 'context': 0, 'modifiers': [{'type': 6, 'value': 77901}], 'pet_breed_id': 13, 'pet_level': 25, 'pet_quality_id': 3, 'pet_species_id': 2566}"
1757946790,VERY_LONG,,1,54480000,,"{'id': 82800, 'context': 0, 'modifiers': [{'type': 6, 'value': 88016}], 'pet_breed_id': 10, 'pet_level': 25, 'pet_quality_id': 3, 'pet_species_id': 2455}"
1757947042,VERY_LONG,,1,45000000,,"{'id': 82800, 'context': 0, 'modifiers': [{'type': 6, 'value': 90181}], 'pet_breed_id': 17, 'pet_level': 25, 'pet_quality_id': 3, 'pet_species_id': 2557}"
1757942024,LONG,,1,19999000,,"{'id': 184480, 'context': 0}"
1757944826,VERY_LONG,,1,45500000,,"{'id': 82800, 'context': 0, 'modifiers': [{'type': 6, 'value': 90413}], 'pet_breed_id': 15, 'pet_level': 25, 'pet_quality_id': 3, 'pet_species_id': 2720}"
1757942858,VERY_LONG,,1,120000000,,"{'id': 82800, 'context': 0, 'modifiers': [{'type': 6, 'value': 80414}], 'pet_breed_id': 3, 'pet_level': 25, 'pet_quality_id': 3, 'pet_species_id': 2409}"
1757946999,VERY_LONG,,1,75000000,,"{'id': 82800, 'context': 0, 'modifiers': [{'type': 6, 'value': 65667}], 'pet_breed_id': 12, 'pet_level': 25, 'pet_quality_id': 3, 'pet_species_id': 1756}"
1757942722,VERY_LONG,,1,179900000,,"{'id': 82800, 'context': 0, 'modifiers': [{'type': 6, 'value': 27682}], 'pet_breed_id': 3, 'pet_level': 25, 'pet_quality_id': 3, 'pet_species_id': 2406}"
1757944170,VERY_LONG,,1,66464300,,"{'id': 82800, 'context': 0, 'modifiers': [{'type': 6, 'value': 63447}], 'pet_breed_id': 18, 'pet_level': 25, 'pet_quality_id': 3, 'pet_species_id': 1661}"
1757944944,VERY_LONG,,1,435999500,,"{'id': 82800, 'context': 0, 'modifiers': [{'type': 6, 'value': 95148}], 'pet_breed_id': 16, 'pet_level': 25, 'pet_quality_id': 3, 'pet_species_id': 2852}"
1757657665,LONG,,1,21000000,,"{'id': 82800, 'context': 0, 'modifiers': [{'type': 6, 'value': 29802}], 'pet_breed_id': 20, 'pet_level': 1, 'pet_quality_id': 2, 'pet_species_id': 235}"
1757657963,LONG,,1,7000000,,"{'id': 82800, 'context': 0, 'modifiers': [{'type': 6, 'value': 5556}], 'pet_breed_id': 8, 'pet_level': 1, 'pet_quality_id': 2, 'pet_species_id': 40}"
1757658031,LONG,,1,21000000,,"{'id': 82800, 'context': 0, 'modifiers': [{'type': 6, 'value': 99917}], 'pet_breed_id': 15, 'pet_level': 1, 'pet_quality_id': 2, 'pet_species_id': 3008}"
1757657829,LONG,,1,99000000,,"{'id': 82800, 'context': 0, 'modifiers': [{'type': 6, 'value': 97479}], 'pet_breed_id': 17, 'pet_level': 1, 'pet_quality_id': 2, 'pet_species_id': 3038}"
1757657618,LONG,,1,35000000,,"{'id': 82800, 'context': 0, 'modifiers': [{'type': 6, 'value': 61888}], 'pet_breed_id': 4, 'pet_level': 1, 'pet_quality_id': 3, 'pet_species_id': 1624}"
1757657578,LONG,,1,18800000,,"{'id': 82800, 'context': 0, 'modifiers': [{'type': 6, 'value': 46902}], 'pet_breed_id': 9, 'pet_level': 1, 'pet_quality_id': 3, 'pet_species_id': 1150}"
1757657679,LONG,,1,1000000,,"{'id': 82800, 'context': 0, 'modifiers': [{'type': 6, 'value': 98459}], 'pet_breed_id': 5, 'pet_level': 1, 'pet_quality_id': 2, 'pet_species_id': 3022}"
1757657638,LONG,,1,21000000,,"{'id': 82800, 'context': 0, 'modifiers': [{'type': 6, 'value': 29802}], 'pet_breed_id': 20, 'pet_level': 1, 'pet_quality_id': 2, 'pet_species_id': 235}"
1757657619,LONG,,1,35000000,,"{'id': 82800, 'context': 0, 'modifiers': [{'type': 6, 'value': 61888}], 'pet_breed_id': 4, 'pet_level': 1, 'pet_quality_id': 3, 'pet_species_id': 1624}"
1757657681,LONG,,1,1000000,,"{'id': 82800, 'context': 0, 'modifiers': [{'type': 6, 'value': 98459}], 'pet_breed_id': 15, 'pet_level': 1, 'pet_quality_id': 2, 'pet_species_id': 3022}"
1757657666,LONG,,1,21000000,,"{'id': 82800, 'context': 0, 'modifiers': [{'type': 6, 'value': 29802}], 'pet_breed_id': 20, 'pet_level': 1, 'pet_quality_id': 2, 'pet_species_id': 235}"
1757657667,LONG,,1,21000000,,"{'id': 82800, 'context': 0, 'modifiers': [{'type': 6, 'value': 29802}], 'pet_breed_id': 20, 'pet_level': 1, 'pet_quality_id': 2, 'pet_species_id': 235}"
1757657825,LONG,,1,99000000,,"{'id': 82800, 'context': 0, 'modifiers': [{'type': 6, 'value': 97479}], 'pet_breed_id': 3, 'pet_level': 1, 'pet_quality_id': 2, 'pet_species_id': 3038}"
1757729878,LONG,,1,2000000000,,"{'id': 182716, 'context': 0, 'modifiers': [{'type': 28, 'value': 2060}]}"
1757730914,LONG,,1,21932000,,"{'id': 11737, 'context': 0}"
1757598025,LONG,,1,3254600,,"{'id': 173219, 'context': 0, 'bonus_lists': [6893], 'modifiers': [{'type': 9, 'value': 56}, {'type': 28, 'value': 391}, {'type': 29, 'value': 36}, {'type': 30, 'value': 40}]}"
1757598072,LONG,,1,2500000,,"{'id': 71365, 'context': 5, 'modifiers': [{'type': 28, 'value': 1029}]}"
1757597778,LONG,,1,6503900,,"{'id': 50449, 'context': 0, 'modifiers': [{'type': 28, 'value': 1023}]}"
1757970779,VERY_LONG,,1,621000,,"{'id': 176797, 'context': 0, 'bonus_lists': [6908, 6652, 1717], 'modifiers': [{'type': 9, 'value': 60}, {'type': 28, 'value': 2060}]}"
1758062772,VERY_LONG,,1,21197800,,"{'id': 176793, 'context': 0, 'bonus_lists': [6908, 6652, 1686], 'modifiers': [{'type': 9, 'value': 60}, {'type': 28, 'value': 2060}]}"
1758062857,VERY_LONG,,1,15519500,,"{'id': 172248, 'context': 13, 'bonus_lists': [6885], 'modifiers': [{'type': 9, 'value': 55}, {'type': 28, 'value': 391}, {'type': 29, 'value': 36}, {'type': 30, 'value': 40}]}"
1758063015,VERY_LONG,,1,21048800,,"{'id': 25080, 'context': 29, 'bonus_lists': [1680, 3870], 'modifiers': [{'type': 9, 'value': 50}]}"
1758063205,VERY_LONG,,1,15522000,,"{'id': 172261, 'context': 13, 'bonus_lists': [6893], 'modifiers': [{'type': 9, 'value': 60}, {'type': 28, 'value': 391}, {'type': 29, 'value': 32}, {'type': 30, 'value': 49}]}"
1758063248,VERY_LONG,,1,301865600,,"{'id': 159185, 'context': 0, 'bonus_lists': [6654, 1716], 'modifiers': [{'type': 9, 'value': 10}, {'type': 28, 'value': 1220}]}"
1758063263,VERY_LONG,,1,235974000,,"{'id': 36185, 'context': 1, 'bonus_lists': [6654, 1677], 'modifiers': [{'type': 9, 'value': 15}, {'type': 28, 'value': 249}]}"
1758063432,VERY_LONG,,1,12507700,,"{'id': 36553, 'context': 0, 'bonus_lists': [6655, 1708], 'modifiers': [{'type': 9, 'value': 30}, {'type': 28, 'value': 1023}]}"
1758063448,VERY_LONG,,1,18330300,,"{'id': 25041, 'context': 28, 'bonus_lists': [1706, 3840], 'modifiers': [{'type': 9, 'value': 50}]}"
1758062681,VERY_LONG,,1,13920300,,"{'id': 172247, 'context': 13, 'bonus_lists': [6890], 'modifiers': [{'type': 9, 'value': 58}, {'type': 28, 'value': 391}, {'type': 29, 'value': 49}, {'type': 30, 'value': 40}]}"
1758062687,VERY_LONG,,1,7530600,,"{'id': 172247, 'context': 13, 'bonus_lists': [6890], 'modifiers': [{'type': 9, 'value': 57}, {'type': 28, 'value': 391}, {'type': 29, 'value': 40}, {'type': 30, 'value': 32}]}"
1758062698,VERY_LONG,,1,7530600,,"{'id': 172247, 'context': 13, 'bonus_lists': [6890], 'modifiers': [{'type': 9, 'value': 57}, {'type': 28, 'value': 391}, {'type': 29, 'value': 40}, {'type': 30, 'value': 36}]}"
1758062715,VERY_LONG,,1,5622600,,"{'id': 172244, 'context': 13, 'bonus_lists': [6887], 'modifiers': [{'type': 9, 'value': 57}, {'type': 28, 'value': 391}, {'type': 29, 'value': 32}, {'type': 30, 'value': 36}]}"
1758063034,VERY_LONG,,1,11888800,,"{'id': 172240, 'context': 13, 'bonus_lists': [6885], 'modifiers': [{'type': 9, 'value': 54}, {'type': 28, 'value': 391}, {'type': 29, 'value': 49}, {'type': 30, 'value': 36}]}"
1758062726,VERY_LONG,,1,5622600,,"{'id': 172244, 'context': 13, 'bonus_lists': [6887], 'modifiers': [{'type': 9, 'value': 57}, {'type': 28, 'value': 391}, {'type': 29, 'value': 40}, {'type': 30, 'value': 49}]}"
1758062764,VERY_LONG,,1,29137900,,"{'id': 176793, 'context': 17, 'bonus_lists': [6908, 6652, 1706], 'modifiers': [{'type': 9, 'value': 52}, {'type': 28, 'value': 747}]}"
1758062853,VERY_LONG,,1,15519500,,"{'id': 172248, 'context': 13, 'bonus_lists': [6885], 'modifiers': [{'type': 9, 'value': 55}, {'type': 28, 'value': 391}, {'type': 29, 'value': 40}, {'type': 30, 'value': 36}]}"
1758062871,VERY_LONG,,1,15519500,,"{'id': 172248, 'context': 13, 'bonus_lists': [6885], 'modifiers': [{'type': 9, 'value': 55}, {'type': 28, 'value': 391}, {'type': 29, 'value': 32}, {'type': 30, 'value': 49}]}"
1758062909,VERY_LONG,,1,2991872800,,"{'id': 46398, 'context': 14, 'modifiers': [{'type': 28, 'value': 196}]}"
1758062971,VERY_LONG,,1,6252100,,"{'id': 182725, 'context': 0, 'bonus_lists': [6907, 6652, 6935], 'modifiers': [{'type': 9, 'value': 60}, {'type': 28, 'value': 1707}]}"
1758062984,VERY_LONG,,1,117948500,,"{'id': 8490, 'context': 14}"
1758063052,VERY_LONG,,1,18215100,,"{'id': 172240, 'context': 13, 'bonus_lists': [6885], 'modifiers': [{'type': 9, 'value': 53}, {'type': 28, 'value': 391}, {'type': 29, 'value': 32}, {'type': 30, 'value': 36}]}"
1758063063,VERY_LONG,,1,7134500,,"{'id': 55754, 'context': 28, 'bonus_lists': [1713, 4763], 'modifiers': [{'type': 9, 'value': 50}]}"
1758063071,VERY_LONG,,1,35686100,,"{'id': 14212, 'context': 54, 'bonus_lists': [1691, 4277], 'modifiers': [{'type': 9, 'value': 50}]}"
1758063154,VERY_LONG,,1,64750400,,"{'id': 55626, 'context': 2, 'bonus_lists': [6654, 1714], 'modifiers': [{'type': 9, 'value': 35}, {'type': 28, 'value': 1114}]}"
1758063161,VERY_LONG,,1,46998600,,"{'id': 175558, 'context': 0, 'bonus_lists': [6907, 1713], 'modifiers': [{'type': 9, 'value': 60}, {'type': 28, 'value': 1707}]}"
1758063166,VERY_LONG,,1,111917800,,"{'id': 29364, 'context': 14, 'modifiers': [{'type': 28, 'value': 42}]}"
1758063176,VERY_LONG,,1,8974500,,"{'id': 55755, 'context': 5, 'bonus_lists': [1681]}"
1758063260,VERY_LONG,,1,4469400,,"{'id': 24681, 'context': 28, 'bonus_lists': [1709, 3840], 'modifiers': [{'type': 9, 'value': 50}]}"
1758063299,VERY_LONG,,1,179838800,,"{'id': 69797, 'context': 2, 'bonus_lists': [4236], 'modifiers': [{'type': 9, 'value': 50}]}"
1758063305,VERY_LONG,,1,33340200,,"{'id': 55628, 'context': 5, 'bonus_lists': [6654, 1701], 'modifiers': [{'type': 9, 'value': 35}, {'type': 28, 'value': 1029}]}"
1758063321,VERY_LONG,,1,4546400,,"{'id': 172237, 'context': 13, 'bonus_lists': [6887], 'modifiers': [{'type': 9, 'value': 57}, {'type': 28, 'value': 391}, {'type': 29, 'value': 40}, {'type': 30, 'value': 36}]}"
1758063371,VERY_LONG,,1,1506100,,"{'id': 16249, 'context': 1}"
1758063378,VERY_LONG,,1,3416500,,"{'id': 24887, 'context': 28, 'bonus_lists': [1694, 3840], 'modifiers': [{'type': 9, 'value': 50}]}"
1758063393,VERY_LONG,,1,6897000,,"{'id': 55747, 'context': 5, 'bonus_lists': [1678]}"
1758063400,VERY_LONG,,1,49990100,,"{'id': 126925, 'context': 14, 'modifiers': [{'type': 28, 'value': 402}]}"
1758063423,VERY_LONG,,1,25155600,,"{'id': 9922, 'context': 54, 'bonus_lists': [1692, 4278], 'modifiers': [{'type': 9, 'value': 50}]}"
1758063426,VERY_LONG,,1,19150400,,"{'id': 31305, 'context': 28, 'bonus_lists': [3930], 'modifiers': [{'type': 9, 'value': 50}]}"
1758063430,VERY_LONG,,1,9701800,,"{'id': 55432, 'context': 5, 'bonus_lists': [6655, 1679], 'modifiers': [{'type': 9, 'value': 35}, {'type': 28, 'value': 1029}]}"
1758063230,VERY_LONG,,1,106653800,,"{'id': 55608, 'context': 2, 'bonus_lists': [6654, 1679], 'modifiers': [{'type': 9, 'value': 35}, {'type': 28, 'value': 1114}]}"
1758063357,VERY_LONG,,1,51722500,,"{'id': 24878, 'context': 2, 'bonus_lists': [6654, 1677], 'modifiers': [{'type': 9, 'value': 30}, {'type': 28, 'value': 1068}]}"
1758062963,VERY_LONG,,1,3470000,,"{'id': 130154, 'context': 0}"
1758062989,VERY_LONG,,1,130002400,,"{'id': 55627, 'context': 28, 'bonus_lists': [1708, 4763], 'modifiers': [{'type': 9, 'value': 50}]}"
1758063338,VERY_LONG,,1,13009800,,"{'id': 25400, 'context': 22, 'bonus_lists': [6657], 'modifiers': [{'type': 9, 'value': 30}, {'type': 28, 'value': 1066}]}"
1758062841,VERY_LONG,,1,4358400,,"{'id': 24672, 'context': 29, 'bonus_lists': [1677, 3849], 'modifiers': [{'type': 9, 'value': 50}]}"
1758063092,VERY_LONG,,1,37015600,,"{'id': 36372, 'context': 0, 'bonus_lists': [6654, 1679], 'modifiers': [{'type': 9, 'value': 30}, {'type': 28, 'value': 1023}]}"
1758063218,VERY_LONG,,1,8315000,,"{'id': 36035, 'context': 0, 'bonus_lists': [6654, 1678], 'modifiers': [{'type': 9, 'value': 30}, {'type': 28, 'value': 1023}]}"
1758063238,VERY_LONG,,1,23726900,,"{'id': 55664, 'context': 5, 'bonus_lists': [6654, 1707], 'modifiers': [{'type': 9, 'value': 35}, {'type': 28, 'value': 1029}]}"
1758063409,VERY_LONG,,1,7000400,,"{'id': 24675, 'context': 28, 'bonus_lists': [1679, 3840], 'modifiers': [{'type': 9, 'value': 50}]}"
1758063439,VERY_LONG,,1,3086300,,"{'id': 24777, 'context': 28, 'bonus_lists': [1709, 3840], 'modifiers': [{'type': 9, 'value': 50}]}"
1758062829,VERY_LONG,,1,3398247100,,"{'id': 159593, 'context': 0, 'bonus_lists': [6655, 40, 1695], 'modifiers': [{'type': 9, 'value': 50}, {'type': 28, 'value': 187}]}"
1758063186,VERY_LONG,,1,15522000,,"{'id': 172261, 'context': 13, 'bonus_lists': [6893], 'modifiers': [{'type': 9, 'value': 60}, {'type': 28, 'value': 391}, {'type': 29, 'value': 49}, {'type': 30, 'value': 32}]}"
1758063404,VERY_LONG,,1,49990100,,"{'id': 126925, 'context': 14, 'modifiers': [{'type': 28, 'value': 402}]}"
1758062807,VERY_LONG,,1,2950000,,"{'id': 30307, 'context': 0}"
1758063099,VERY_LONG,,1,60976500,,"{'id': 55382, 'context': 2, 'bonus_lists': [6655, 1701], 'modifiers': [{'type': 9, 'value': 35}, {'type': 28, 'value': 1114}]}"
1758062836,VERY_LONG,,1,39996700,,"{'id': 78889, 'context': 0}"
1758062903,VERY_LONG,,1,23621500,,"{'id': 11026, 'context': 1}"
1758062958,VERY_LONG,,1,3470000,,"{'id': 130154, 'context': 0, 'modifiers': [{'type': 28, 'value': 1705}]}"
1758063224,VERY_LONG,,1,606164300,,"{'id': 154854, 'context': 0, 'bonus_lists': [6654, 1707], 'modifiers': [{'type': 9, 'value': 50}, {'type': 28, 'value': 187}]}"
1758063415,VERY_LONG,,1,2796900,,"{'id': 176802, 'context': 2, 'bonus_lists': [6908, 6652, 1687], 'modifiers': [{'type': 9, 'value': 60}, {'type': 28, 'value': 748}]}"
1758063421,VERY_LONG,,1,8409200,,"{'id': 178944, 'context': 0, 'bonus_lists': [6908, 6652, 1688], 'modifiers': [{'type': 9, 'value': 60}, {'type': 28, 'value': 1707}]}"
1758062777,VERY_LONG,,1,318434200,,"{'id': 21277, 'context': 11, 'modifiers': [{'type': 28, 'value': 391}]}"
1758062704,VERY_LONG,,1,26347700,,"{'id': 176791, 'context': 0, 'bonus_lists': [6907, 6652, 6935, 1695], 'modifiers': [{'type': 9, 'value': 60}, {'type': 28, 'value': 1707}]}"
1758062980,VERY_LONG,,1,117948500,,"{'id': 8490, 'context': 14, 'modifiers': [{'type': 28, 'value': 42}]}"
1758063008,VERY_LONG,,1,3849500,,"{'id': 24665, 'context': 22, 'bonus_lists': [6654, 1694], 'modifiers': [{'type': 9, 'value': 30}, {'type': 28, 'value': 1070}]}"
1758063110,VERY_LONG,,1,879500,,"{'id': 176782, 'context': 9, 'bonus_lists': [6907, 6652, 1697], 'modifiers': [{'type': 9, 'value': 60}, {'type': 28, 'value': 1707}]}"
1758062894,VERY_LONG,,1,424642300,,"{'id': 50472, 'context': 0, 'modifiers': [{'type': 28, 'value': 1023}]}"
1758062933,VERY_LONG,,1,11317600,,"{'id': 55746, 'context': 28, 'bonus_lists': [1678, 4763], 'modifiers': [{'type': 9, 'value': 50}]}"
1758063279,VERY_LONG,,1,6797700,,"{'id': 36037, 'context': 0, 'bonus_lists': [6654, 1694], 'modifiers': [{'type': 9, 'value': 30}, {'type': 28, 'value': 1023}]}"
1758063335,VERY_LONG,,1,58598100,,"{'id': 55377, 'context': 28, 'bonus_lists': [1693, 4766], 'modifiers': [{'type': 9, 'value': 50}]}"
1758063418,VERY_LONG,,1,42333200,,"{'id': 36031, 'context': 22, 'bonus_lists': [6654, 1681], 'modifiers': [{'type': 9, 'value': 30}, {'type': 28, 'value': 1098}]}"
1758063446,VERY_LONG,,1,287129800,,"{'id': 25164, 'context': 2, 'bonus_lists': [6655, 1679], 'modifiers': [{'type': 9, 'value': 30}, {'type': 28, 'value': 1079}]}"
1758062844,VERY_LONG,,1,15519500,,"{'id': 172248, 'context': 13, 'bonus_lists': [6885], 'modifiers': [{'type': 9, 'value': 55}, {'type': 28, 'value': 391}, {'type': 29, 'value': 40}, {'type': 30, 'value': 36}]}"
1758062914,VERY_LONG,,1,238068200,,"{'id': 164434, 'context': 11, 'modifiers': [{'type': 28, 'value': 289}]}"
1758063080,VERY_LONG,,1,22679800,,"{'id': 177752, 'context': 17, 'bonus_lists': [6909], 'modifiers': [{'type': 9, 'value': 55}, {'type': 28, 'value': 747}]}"
1758063385,VERY_LONG,,1,4653800,,"{'id': 36264, 'context': 0, 'bonus_lists': [6654, 1677], 'modifiers': [{'type': 9, 'value': 30}, {'type': 28, 'value': 1023}]}"
1758062886,VERY_LONG,,1,19292500,,"{'id': 55656, 'context': 22, 'bonus_lists': [6654, 1686], 'modifiers': [{'type': 9, 'value': 35}, {'type': 28, 'value': 1110}]}"
1758063346,VERY_LONG,,1,3681500,,"{'id': 4401, 'context': 0}"
1758063388,VERY_LONG,,1,37033600,,"{'id': 55760, 'context': 2, 'bonus_lists': [6654, 1692], 'modifiers': [{'type': 9, 'value': 35}, {'type': 28, 'value': 1114}]}"
1758062691,VERY_LONG,,1,7530600,,"{'id': 172247, 'context': 13, 'bonus_lists': [6890], 'modifiers': [{'type': 9, 'value': 57}, {'type': 28, 'value': 391}, {'type': 29, 'value': 32}, {'type': 30, 'value': 49}]}"
1758063023,VERY_LONG,,1,21048800,,"{'id': 25080, 'context': 22, 'bonus_lists': [6655, 1681], 'modifiers': [{'type': 9, 'value': 30}, {'type': 28, 'value': 1079}]}"
1758063354,VERY_LONG,,1,224694000,,"{'id': 36709, 'context': 0, 'bonus_lists': [1707]}"
1758062754,VERY_LONG,,1,1081281900,,"{'id': 175568, 'context': 0, 'bonus_lists': [6907, 1698], 'modifiers': [{'type': 9, 'value': 55}, {'type': 28, 'value': 1707}]}"
1758062924,VERY_LONG,,1,20736800,,"{'id': 172265, 'context': 13, 'bonus_lists': [6893], 'modifiers': [{'type': 9, 'value': 58}, {'type': 28, 'value': 391}, {'type': 29, 'value': 36}, {'type': 30, 'value': 40}]}"
1758063252,VERY_LONG,,1,170060100,,"{'id': 176763, 'context': 0, 'bonus_lists': [6907, 6652, 1706], 'modifiers': [{'type': 9, 'value': 60}, {'type': 28, 'value': 1707}]}"
1758063391,VERY_LONG,,1,2294600,,"{'id': 8501, 'context': 0}"
1758063413,VERY_LONG,,1,20018300,,"{'id': 176768, 'context': 2, 'bonus_lists': [6907, 6652, 1698], 'modifiers': [{'type': 9, 'value': 60}, {'type': 28, 'value': 748}]}"
1758062742,VERY_LONG,,1,1205040300,,"{'id': 175557, 'context': 17, 'bonus_lists': [6907, 1713], 'modifiers': [{'type': 9, 'value': 55}, {'type': 28, 'value': 747}]}"
1758062758,VERY_LONG,,1,929400,,"{'id': 25054, 'context': 28, 'bonus_lists': [1678, 3840], 'modifiers': [{'type': 9, 'value': 50}]}"
1758062948,VERY_LONG,,1,198322500,,"{'id': 29957, 'context': 14, 'modifiers': [{'type': 28, 'value': 77}]}"
1758062966,VERY_LONG,,1,53286500,,"{'id': 36391, 'context': 0, 'bonus_lists': [1678]}"
1758063046,VERY_LONG,,1,18215100,,"{'id': 172240, 'context': 13, 'bonus_lists': [6885], 'modifiers': [{'type': 9, 'value': 53}, {'type': 28, 'value': 391}, {'type': 29, 'value': 36}, {'type': 30, 'value': 32}]}"
1758063128,VERY_LONG,,1,35967000,,"{'id': 24653, 'context': 28, 'bonus_lists': [1707, 3840], 'modifiers': [{'type': 9, 'value': 50}]}"
1758063341,VERY_LONG,,1,3681500,,"{'id': 4401, 'context': 0}"
1758062798,VERY_LONG,,1,2500000,,"{'id': 10392, 'context': 14, 'modifiers': [{'type': 28, 'value': 42}]}"
1758062864,VERY_LONG,,1,15519500,,"{'id': 172248, 'context': 13, 'bonus_lists': [6885], 'modifiers': [{'type': 9, 'value': 55}, {'type': 28, 'value': 391}, {'type': 29, 'value': 40}, {'type': 30, 'value': 32}]}"
1758063283,VERY_LONG,,1,6797700,,"{'id': 36037, 'context': 0, 'bonus_lists': [6654, 1693], 'modifiers': [{'type': 9, 'value': 30}, {'type': 28, 'value': 1023}]}"
1758062709,VERY_LONG,,1,9674700,,"{'id': 36377, 'context': 0, 'bonus_lists': [6654, 1708], 'modifiers': [{'type': 9, 'value': 30}, {'type': 28, 'value': 1023}]}"
1758062734,VERY_LONG,,1,5622600,,"{'id': 172244, 'context': 13, 'bonus_lists': [6887], 'modifiers': [{'type': 9, 'value': 57}, {'type': 28, 'value': 391}, {'type': 29, 'value': 49}, {'type': 30, 'value': 40}]}"
1758062749,VERY_LONG,,1,18433000,,"{'id': 8251, 'context': 1, 'bonus_lists': [6654], 'modifiers': [{'type': 9, 'value': 30}, {'type': 28, 'value': 214}]}"
1758062938,VERY_LONG,,1,18666200,,"{'id': 55493, 'context': 1, 'bonus_lists': [6654, 1701], 'modifiers': [{'type': 9, 'value': 35}, {'type': 28, 'value': 258}]}"
1758063115,VERY_LONG,,1,3870000,,"{'id': 172264, 'context': 13, 'bonus_lists': [6893], 'modifiers': [{'type': 9, 'value': 60}, {'type': 28, 'value': 391}, {'type': 29, 'value': 49}, {'type': 30, 'value': 36}]}"
1758063325,VERY_LONG,,1,4546400,,"{'id': 172237, 'context': 13, 'bonus_lists': [6887], 'modifiers': [{'type': 9, 'value': 57}, {'type': 28, 'value': 391}, {'type': 29, 'value': 32}, {'type': 30, 'value': 36}]}"
1758062953,VERY_LONG,,1,8015366400,,"{'id': 159531, 'context': 0, 'bonus_lists': [6655, 1703], 'modifiers': [{'type': 9, 'value': 60}, {'type': 28, 'value': 807}]}"
1758063364,VERY_LONG,,1,8491500,,"{'id': 24999, 'context': 22, 'bonus_lists': [6654, 1679], 'modifiers': [{'type': 9, 'value': 30}, {'type': 28, 'value': 1070}]}"
1758062783,VERY_LONG,,1,4773900,,"{'id': 25292, 'context': 2, 'bonus_lists': [6655, 1679], 'modifiers': [{'type': 9, 'value': 30}, {'type': 28, 'value': 1068}]}"
1758063196,VERY_LONG,,1,15522000,,"{'id': 172261, 'context': 13, 'bonus_lists': [6893], 'modifiers': [{'type': 9, 'value': 60}, {'type': 28, 'value': 391}, {'type': 29, 'value': 49}, {'type': 30, 'value': 32}]}"
1758063213,VERY_LONG,,1,15522000,,"{'id': 172261, 'context': 13, 'bonus_lists': [6893], 'modifiers': [{'type': 9, 'value': 60}, {'type': 28, 'value': 391}, {'type': 29, 'value': 49}, {'type': 30, 'value': 32}]}"
1758063270,VERY_LONG,,1,20412500,,"{'id': 24765, 'context': 2, 'bonus_lists': [6654, 1706], 'modifiers': [{'type': 9, 'value': 30}, {'type': 28, 'value': 1079}]}"
1758063310,VERY_LONG,,1,298094900,,"{'id': 176799, 'context': 0, 'bonus_lists': [6908, 40, 1702], 'modifiers': [{'type': 9, 'value': 53}, {'type': 28, 'value': 1324}]}"
1758063317,VERY_LONG,,1,6234400,,"{'id': 36373, 'context': 0, 'bonus_lists': [6654, 1679], 'modifiers': [{'type': 9, 'value': 30}, {'type': 28, 'value': 1023}]}"
1758063395,VERY_LONG,,1,49990100,,"{'id': 126925, 'context': 14, 'modifiers': [{'type': 28, 'value': 402}]}"
1757586978,LONG,,1,80000000,,"{'id': 172325, 'context': 63, 'bonus_lists': [6716, 7193, 1487]}"
1757586971,LONG,,1,80000000,,"{'id': 172325, 'context': 63, 'bonus_lists': [6716, 7193, 1487]}"
1757586976,LONG,,1,80000000,,"{'id': 172325, 'context': 63, 'bonus_lists': [6716, 7194, 1487]}"
1757586975,LONG,,1,80000000,,"{'id': 172325, 'context': 63, 'bonus_lists': [6716, 7194, 1487]}"
1758137055,VERY_LONG,,1,96940000,,"{'id': 82800, 'context': 0, 'modifiers': [{'type': 6, 'value': 99629}], 'pet_breed_id': 8, 'pet_level': 1, 'pet_quality_id': 3, 'pet_species_id': 3054}"
1757581901,LONG,,1,129290900,,"{'id': 171418, 'context': 65, 'bonus_lists': [6718, 7194, 1522]}"
1757581891,LONG,,1,129290900,,"{'id': 171418, 'context': 65, 'bonus_lists': [6718, 7194, 1522]}"
1757581883,LONG,,1,129290900,,"{'id': 171418, 'context': 65, 'bonus_lists': [6718, 7194, 1522]}"
1757581886,LONG,,1,129290900,,"{'id': 171418, 'context': 65, 'bonus_lists': [6718, 7193, 1522]}"
1757581898,LONG,,1,129290900,,"{'id': 171418, 'context': 65, 'bonus_lists': [6718, 7193, 1522]}"
1758065841,VERY_LONG,,1,33909500,,"{'id': 173131, 'context': 13, 'bonus_lists': [7185], 'modifiers': [{'type': 9, 'value': 60}, {'type': 29, 'value': 32}]}"
1758066347,VERY_LONG,,1,26901400,,"{'id': 173147, 'context': 13, 'bonus_lists': [7185], 'modifiers': [{'type': 9, 'value': 60}, {'type': 29, 'value': 36}]}"
1758065849,VERY_LONG,,1,33909500,,"{'id': 173131, 'context': 13, 'bonus_lists': [7185], 'modifiers': [{'type': 9, 'value': 60}, {'type': 29, 'value': 32}]}"
1758065851,VERY_LONG,,1,33909500,,"{'id': 173131, 'context': 13, 'bonus_lists': [7185], 'modifiers': [{'type': 9, 'value': 60}, {'type': 29, 'value': 32}]}"
1758065847,VERY_LONG,,1,33909500,,"{'id': 173131, 'context': 13, 'bonus_lists': [7185], 'modifiers': [{'type': 9, 'value': 60}, {'type': 29, 'value': 49}]}"
1758066349,VERY_LONG,,1,26901400,,"{'id': 173147, 'context': 13, 'bonus_lists': [7185], 'modifiers': [{'type': 9, 'value': 60}, {'type': 29, 'value': 40}]}"
1758065845,VERY_LONG,,1,33909500,,"{'id': 173131, 'context': 13, 'bonus_lists': [7185], 'modifiers': [{'type': 9, 'value': 60}, {'type': 29, 'value': 32}]}"
1758066348,VERY_LONG,,1,26901400,,"{'id': 173147, 'context': 13, 'bonus_lists': [7185], 'modifiers': [{'type': 9, 'value': 60}, {'type': 29, 'value': 49}]}"
1757930648,LONG,,1,1771800,,"{'id': 178948, 'context': 0, 'bonus_lists': [6908, 6652, 1689], 'modifiers': [{'type': 9, 'value': 60}, {'type': 28, 'value': 1707}]}"
1757930658,LONG,,1,690000,,"{'id': 176797, 'context': 0, 'bonus_lists': [6908, 6652, 1692], 'modifiers': [{'type': 9, 'value': 60}, {'type': 28, 'value': 2060}]}"
1757930676,LONG,,1,5679200,,"{'id': 177787, 'context': 0, 'bonus_lists': [6907, 6652, 7193, 1711], 'modifiers': [{'type': 9, 'value': 60}, {'type': 28, 'value': 1707}]}"
1757930684,LONG,,1,954500,,"{'id': 176798, 'context': 0, 'bonus_lists': [6908, 6652, 1714], 'modifiers': [{'type': 9, 'value': 60}, {'type': 28, 'value': 1707}]}"
1757930575,LONG,,1,4370000,,"{'id': 82800, 'context': 0, 'modifiers': [{'type': 6, 'value': 49289}], 'pet_breed_id': 5, 'pet_level': 1, 'pet_quality_id': 3, 'pet_species_id': 1320}"
1757930373,LONG,,1,265001600,,"{'id': 151269, 'context': 14, 'modifiers': [{'type': 28, 'value': 425}]}"
1758088564,VERY_LONG,,1,80000000,,"{'id': 172319, 'context': 63, 'bonus_lists': [6716, 1487]}"
1758088559,VERY_LONG,,1,80000000,,"{'id': 172319, 'context': 63, 'bonus_lists': [6716, 1487]}"
1758088560,VERY_LONG,,1,80000000,,"{'id': 172319, 'context': 63, 'bonus_lists': [6716, 1487]}"
1758088558,VERY_LONG,,1,80000000,,"{'id': 172319, 'context': 63, 'bonus_lists': [6716, 1487]}"
1758088557,VERY_LONG,,1,80000000,,"{'id': 172319, 'context': 63, 'bonus_lists': [6716, 1487]}"
1757734109,LONG,,1,237102300,,"{'id': 141572, 'context': 26, 'bonus_lists': [3431, 1472, 3528], 'modifiers': [{'type': 28, 'value': 336}]}"
1757732954,LONG,,1,10761800,,"{'id': 59525, 'context': 0, 'modifiers': [{'type': 28, 'value': 1027}]}"
1757732999,LONG,,1,134500000,,"{'id': 184778, 'context': 4, 'bonus_lists': [7186, 6652, 1459, 6646], 'modifiers': [{'type': 28, 'value': 750}]}"
1757732997,LONG,,1,134500000,,"{'id': 184778, 'context': 4, 'bonus_lists': [7186, 6652, 1459, 6646], 'modifiers': [{'type': 28, 'value': 750}]}"
1757734462,LONG,,1,175000000,,"{'id': 82800, 'context': 0, 'modifiers': [{'type': 6, 'value': 74794}], 'pet_breed_id': 21, 'pet_level': 1, 'pet_quality_id': 2, 'pet_species_id': 3066}"
1757981293,VERY_LONG,,1,1200000,,"{'id': 2697, 'context': 14, 'modifiers': [{'type': 28, 'value': 864}]}"
1757981190,VERY_LONG,,1,800000,,"{'id': 2889, 'context': 14, 'modifiers': [{'type': 28, 'value': 864}]}"
1757981223,VERY_LONG,,1,800000,,"{'id': 2889, 'context': 14, 'modifiers': [{'type': 28, 'value': 864}]}"
1757981148,VERY_LONG,,1,800000,,"{'id': 3680, 'context': 14, 'modifiers': [{'type': 28, 'value': 864}]}"
1757770858,LONG,,1,490000,,"{'id': 82800, 'context': 0, 'pet_breed_id': 15, 'pet_level': 1, 'pet_quality_id': 2, 'pet_species_id': 200}"
1757770991,LONG,,1,10000,,"{'id': 82800, 'context': 0, 'modifiers': [{'type': 6, 'value': 99899}], 'pet_breed_id': 10, 'pet_level': 1, 'pet_quality_id': 2, 'pet_species_id': 2925}"
1757770948,LONG,,1,2507600,,"{'id': 82800, 'context': 0, 'pet_breed_id': 7, 'pet_level': 1, 'pet_quality_id': 2, 'pet_species_id': 153}"
1757772138,LONG,,1,400000,,"{'id': 82800, 'context': 0, 'pet_breed_id': 15, 'pet_level': 1, 'pet_quality_id': 2, 'pet_species_id': 200}"
1757772300,LONG,,1,5000,,"{'id': 82800, 'context': 0, 'pet_breed_id': 3, 'pet_level': 1, 'pet_quality_id': 2, 'pet_species_id': 118}"
1757517888,MEDIUM,,1,1000100,,"{'id': 82800, 'context': 0, 'modifiers': [{'type': 6, 'value': 61887}], 'pet_breed_id': 22, 'pet_level': 1, 'pet_quality_id': 3, 'pet_species_id': 1623}"
1757521013,MEDIUM,,1,5000000,,"{'id': 82800, 'context': 0, 'modifiers': [{'type': 6, 'value': 38283}], 'pet_breed_id': 10, 'pet_level': 1, 'pet_quality_id': 3, 'pet_species_id': 2089}"
1757517747,MEDIUM,,1,1502600,,"{'id': 86279, 'context': 0}"
1757517858,MEDIUM,,1,170000000,,"{'id': 164339, 'context': 11}"
1757520894,MEDIUM,,1,64001300,,"{'id': 163960, 'context': 54, 'bonus_lists': [41, 1472, 4786]}"
1757517757,MEDIUM,,1,162677800,,"{'id': 4347, 'context': 0}"
1757517684,MEDIUM,,1,12001500,,"{'id': 82800, 'context': 0, 'modifiers': [{'type': 6, 'value': 63446}], 'pet_breed_id': 14, 'pet_level': 1, 'pet_quality_id': 3, 'pet_species_id': 1662}"
1757518097,MEDIUM,,1,2332200,,"{'id': 159797, 'context': 0, 'bonus_lists': [4796, 1713], 'modifiers': [{'type': 9, 'value': 50}]}"
1757517784,MEDIUM,,1,150000,,"{'id': 82251, 'context': 6, 'bonus_lists': [1685]}"
1757520829,MEDIUM,,1,9390000,,"{'id': 82800, 'context': 0, 'modifiers': [{'type': 6, 'value': 61896}], 'pet_breed_id': 6, 'pet_level': 1, 'pet_quality_id': 3, 'pet_species_id': 1632}"
1757518038,MEDIUM,,1,16623100,,"{'id': 82800, 'context': 0, 'modifiers': [{'type': 6, 'value': 48664}], 'pet_breed_id': 4, 'pet_level': 1, 'pet_quality_id': 3, 'pet_species_id': 1233}"
1757520397,MEDIUM,,1,81990000,,"{'id': 82800, 'context': 0, 'modifiers': [{'type': 6, 'value': 48855}], 'pet_breed_id': 6, 'pet_level': 1, 'pet_quality_id': 3, 'pet_species_id': 1230}"
1757517880,MEDIUM,,1,90615900,,"{'id': 164712, 'context': 13, 'bonus_lists': [1688]}"
1757517951,MEDIUM,,1,13600000,,"{'id': 82800, 'context': 0, 'modifiers': [{'type': 6, 'value': 61889}], 'pet_breed_id': 19, 'pet_level': 1, 'pet_quality_id': 3, 'pet_species_id': 1627}"
1757518081,MEDIUM,,1,80990000,,"{'id': 82800, 'context': 0, 'modifiers': [{'type': 6, 'value': 40224}], 'pet_breed_id': 15, 'pet_level': 1, 'pet_quality_id': 3, 'pet_species_id': 1631}"
1757517966,MEDIUM,,1,1000000,,"{'id': 82800, 'context': 0, 'modifiers': [{'type': 6, 'value': 46898}], 'pet_breed_id': 18, 'pet_level': 1, 'pet_quality_id': 3, 'pet_species_id': 1143}"
1757518089,MEDIUM,,1,19599900,,"{'id': 82800, 'context': 0, 'modifiers': [{'type': 6, 'value': 79760}], 'pet_breed_id': 15, 'pet_level': 1, 'pet_quality_id': 3, 'pet_species_id': 2120}"
1757517804,MEDIUM,,1,21490000,,"{'id': 82800, 'context': 0, 'modifiers': [{'type': 6, 'value': 48857}], 'pet_breed_id': 7, 'pet_level': 1, 'pet_quality_id': 3, 'pet_species_id': 1227}"
1757520512,MEDIUM,,1,500000,,"{'id': 82258, 'context': 6, 'bonus_lists': [1686]}"
1757520454,MEDIUM,,1,990000,,"{'id': 11603, 'context': 0, 'bonus_lists': [6710], 'modifiers': [{'type': 9, 'value': 30}, {'type': 28, 'value': 27}]}"
1757520942,MEDIUM,,1,12004500,,"{'id': 159229, 'context': 0, 'bonus_lists': [4796, 1695], 'modifiers': [{'type': 9, 'value': 50}]}"
1757517814,MEDIUM,,1,490000,,"{'id': 82800, 'context': 0, 'pet_breed_id': 18, 'pet_level': 6, 'pet_quality_id': 3, 'pet_species_id': 1922}"
1757908590,LONG,,1,33088100,,"{'id': 12836, 'context': 14, 'modifiers': [{'type': 28, 'value': 33}]}"
1757908612,LONG,,1,148980000,,"{'id': 82800, 'context': 0, 'modifiers': [{'type': 6, 'value': 86484}], 'pet_breed_id': 17, 'pet_level': 1, 'pet_quality_id': 2, 'pet_species_id': 2197}"
1757908622,LONG,,1,443500,,"{'id': 21309, 'context': 11, 'modifiers': [{'type': 28, 'value': 420}]}"
1757908656,LONG,,1,4503800,,"{'id': 7990, 'context': 1, 'modifiers': [{'type': 28, 'value': 218}]}"
1757908756,LONG,,1,200000,,"{'id': 82800, 'context': 0, 'modifiers': [{'type': 6, 'value': 65070}], 'pet_breed_id': 6, 'pet_level': 1, 'pet_quality_id': 3, 'pet_species_id': 1706}"
1757908975,LONG,,1,5001300,,"{'id': 15772, 'context': 14, 'modifiers': [{'type': 28, 'value': 32}]}"
1757909049,LONG,,1,80006300,,"{'id': 12040, 'context': 0, 'bonus_lists': [6654, 1706], 'modifiers': [{'type': 9, 'value': 30}, {'type': 28, 'value': 22}]}"
1757909070,LONG,,1,12000000,,"{'id': 82800, 'context': 0, 'modifiers': [{'type': 6, 'value': 58736}], 'pet_breed_id': 18, 'pet_level': 1, 'pet_quality_id': 2, 'pet_species_id': 1515}"
1757910776,LONG,,1,50005500,,"{'id': 141322, 'context': 0}"
1757908229,LONG,,1,1506100,,"{'id': 16249, 'context': 1, 'modifiers': [{'type': 28, 'value': 214}]}"
1757908676,LONG,,1,1006100,,"{'id': 12691, 'context': 0}"
1757908113,LONG,,1,7708100,,"{'id': 7546, 'context': 0, 'bonus_lists': [6654, 1679], 'modifiers': [{'type': 9, 'value': 30}, {'type': 28, 'value': 28}]}"
1757908662,LONG,,1,4503800,,"{'id': 7990, 'context': 0}"
1757908869,LONG,,1,402600,,"{'id': 12719, 'context': 14, 'modifiers': [{'type': 28, 'value': 32}]}"
1757910230,LONG,,1,5000200,,"{'id': 6344, 'context': 1, 'modifiers': [{'type': 28, 'value': 193}]}"
1757906833,LONG,,1,300000,,"{'id': 4684, 'context': 0, 'modifiers': [{'type': 28, 'value': 9}]}"
1757908249,LONG,,1,1697700,,"{'id': 6546, 'context': 1, 'bonus_lists': [6654, 1680], 'modifiers': [{'type': 9, 'value': 30}, {'type': 28, 'value': 8}]}"
1757907057,LONG,,1,79000,,"{'id': 12682, 'context': 0}"
1757908301,LONG,,1,222200,,"{'id': 44794, 'context': 0}"
1757908752,LONG,,1,200000,,"{'id': 82800, 'context': 0, 'modifiers': [{'type': 6, 'value': 65070}], 'pet_breed_id': 6, 'pet_level': 1, 'pet_quality_id': 3, 'pet_species_id': 1706}"
1757909081,LONG,,1,57000000,,"{'id': 82800, 'context': 0, 'modifiers': [{'type': 6, 'value': 45939}], 'pet_breed_id': 12, 'pet_level': 1, 'pet_quality_id': 3, 'pet_species_id': 337}"
1757909092,LONG,,1,49984500,,"{'id': 15677, 'context': 1, 'bonus_lists': [6654, 1705], 'modifiers': [{'type': 9, 'value': 30}, {'type': 28, 'value': 218}]}"
1757908780,LONG,,1,13295300,,"{'id': 142402, 'context': 1, 'modifiers': [{'type': 28, 'value': 218}]}"
1757908920,LONG,,1,12000000,,"{'id': 82800, 'context': 0, 'modifiers': [{'type': 6, 'value': 59602}], 'pet_breed_id': 18, 'pet_level': 1, 'pet_quality_id': 2, 'pet_species_id': 1532}"
1757910361,LONG,,1,55490000,,"{'id': 82800, 'context': 0, 'modifiers': [{'type': 6, 'value': 87895}], 'pet_breed_id': 16, 'pet_level': 1, 'pet_quality_id': 3, 'pet_species_id': 2436}"
1757908216,LONG,,1,100000,,"{'id': 82800, 'context': 0, 'modifiers': [{'type': 6, 'value': 65091}], 'pet_breed_id': 8, 'pet_level': 1, 'pet_quality_id': 3, 'pet_species_id': 1907}"
1757908195,LONG,,1,200000,,"{'id': 82800, 'context': 0, 'modifiers': [{'type': 6, 'value': 95172}], 'pet_breed_id': 13, 'pet_level': 1, 'pet_quality_id': 3, 'pet_species_id': 2843}"
1757910255,LONG,,1,50004600,,"{'id': 15724, 'context': 14, 'modifiers': [{'type': 28, 'value': 36}]}"
1757906910,LONG,,1,4001900,,"{'id': 10300, 'context': 0}"
1757907027,LONG,,1,1009100,,"{'id': 13496, 'context': 14, 'modifiers': [{'type': 28, 'value': 36}]}"
1757910273,LONG,,1,9886600,,"{'id': 9941, 'context': 0, 'bonus_lists': [6654, 1693], 'modifiers': [{'type': 9, 'value': 30}, {'type': 28, 'value': 26}]}"
1757908171,LONG,,1,115630400,,"{'id': 13095, 'context': 0, 'bonus_lists': [6658], 'modifiers': [{'type': 9, 'value': 30}, {'type': 28, 'value': 28}]}"
1757910216,LONG,,1,20000000,,"{'id': 14169, 'context': 1, 'modifiers': [{'type': 28, 'value': 193}]}"
1757910286,LONG,,1,21613800,,"{'id': 10175, 'context': 0, 'bonus_lists': [6654, 1679], 'modifiers': [{'type': 9, 'value': 30}, {'type': 28, 'value': 36}]}"
1757906870,LONG,,1,27139900,,"{'id': 7090, 'context': 0, 'modifiers': [{'type': 28, 'value': 19}]}"
1757909007,LONG,,1,120600000,,"{'id': 82800, 'context': 0, 'modifiers': [{'type': 6, 'value': 86488}], 'pet_breed_id': 11, 'pet_level': 1, 'pet_quality_id': 2, 'pet_species_id': 2198}"
1757908731,LONG,,1,251999300,,"{'id': 82800, 'context': 0, 'modifiers': [{'type': 6, 'value': 75374}], 'pet_breed_id': 10, 'pet_level': 1, 'pet_quality_id': 2, 'pet_species_id': 2685}"
1757908972,LONG,,1,5001300,,"{'id': 15772, 'context': 14, 'modifiers': [{'type': 28, 'value': 32}]}"
1757910139,LONG,,1,4961300,,"{'id': 10604, 'context': 1, 'modifiers': [{'type': 28, 'value': 214}]}"
1757909018,LONG,,1,11613600,,"{'id': 6580, 'context': 0, 'bonus_lists': [6654, 1708], 'modifiers': [{'type': 9, 'value': 30}, {'type': 28, 'value': 12}]}"
1757908255,LONG,,1,354200,,"{'id': 21305, 'context': 11, 'modifiers': [{'type': 28, 'value': 420}]}"
1757908282,LONG,,1,501700,,"{'id': 6047, 'context': 14, 'modifiers': [{'type': 28, 'value': 28}]}"
1757910107,LONG,,1,2882800,,"{'id': 6553, 'context': 0, 'bonus_lists': [6654, 1707], 'modifiers': [{'type': 9, 'value': 30}, {'type': 28, 'value': 9}]}"
1757906856,LONG,,1,100008800,,"{'id': 9490, 'context': 1, 'bonus_lists': [4017], 'modifiers': [{'type': 9, 'value': 25}]}"
1757906953,LONG,,1,1401900,,"{'id': 3869, 'context': 1, 'modifiers': [{'type': 28, 'value': 217}]}"
1757908876,LONG,,1,402600,,"{'id': 12719, 'context': 14, 'modifiers': [{'type': 28, 'value': 32}]}"
1757908900,LONG,,1,250000,,"{'id': 82800, 'context': 0, 'modifiers': [{'type': 6, 'value': 39130}], 'pet_breed_id': 20, 'pet_level': 1, 'pet_quality_id': 2, 'pet_species_id': 1446}"
1757909000,LONG,,1,50000100,,"{'id': 147420, 'context': 0, 'modifiers': [{'type': 28, 'value': 885}]}"
1757910119,LONG,,1,25111500,,"{'id': 7439, 'context': 0, 'bonus_lists': [6654, 1695], 'modifiers': [{'type': 9, 'value': 30}, {'type': 28, 'value': 22}]}"
1757725422,LONG,,1,35990000,,"{'id': 150922, 'context': 11, 'bonus_lists': [6423], 'modifiers': [{'type': 9, 'value': 10}]}"
1757725420,LONG,,1,35990000,,"{'id': 150922, 'context': 11, 'bonus_lists': [6423], 'modifiers': [{'type': 9, 'value': 10}]}"
1757882987,LONG,,1,12420900,11551400,"{'id': 31291, 'context': 0}"
1757882789,LONG,,1,5376700,5000300,"{'id': 45975, 'context': 3, 'modifiers': [{'type': 28, 'value': 1020}]}"
1757942197,LONG,,1,2451221900,2279636400,"{'id': 16671, 'context': 0}"
1758079766,VERY_LONG,,1,129990800,,"{'id': 92426, 'context': 0, 'modifiers': [{'type': 28, 'value': 167}]}"
1757800513,LONG,,1,5790100,,"{'id': 173147, 'context': 13, 'modifiers': [{'type': 29, 'value': 36}]}"
1757805155,LONG,,1,5790100,,"{'id': 173147, 'context': 13, 'modifiers': [{'type': 29, 'value': 40}]}"
1757549162,LONG,,1,102000000,,"{'id': 82800, 'context': 0, 'modifiers': [{'type': 6, 'value': 97479}], 'pet_breed_id': 7, 'pet_level': 1, 'pet_quality_id': 2, 'pet_species_id': 3038}"
1757549176,LONG,,1,1000000,,"{'id': 82800, 'context': 0, 'modifiers': [{'type': 6, 'value': 71827}], 'pet_breed_id': 14, 'pet_level': 1, 'pet_quality_id': 3, 'pet_species_id': 1921}"
1757549170,LONG,,1,13810000,,"{'id': 82800, 'context': 0, 'modifiers': [{'type': 6, 'value': 99898}], 'pet_breed_id': 19, 'pet_level': 1, 'pet_quality_id': 2, 'pet_species_id': 2908}"
1758117239,VERY_LONG,,1,5928000,,"{'id': 173134, 'context': 13, 'modifiers': [{'type': 29, 'value': 49}]}"
1757805176,LONG,,1,5928000,,"{'id': 173134, 'context': 13, 'modifiers': [{'type': 29, 'value': 49}]}"
1758117281,VERY_LONG,,1,4134200,,"{'id': 173132, 'context': 13, 'modifiers': [{'type': 29, 'value': 40}]}"
1758117288,VERY_LONG,,1,4134200,,"{'id': 173132, 'context': 13, 'modifiers': [{'type': 29, 'value': 40}]}"
1758117291,VERY_LONG,,1,4134200,,"{'id': 173132, 'context': 13, 'modifiers': [{'type': 29, 'value': 32}]}"
1757549173,LONG,,1,550000,,"{'id': 82800, 'context': 0, 'modifiers': [{'type': 6, 'value': 81098}], 'pet_breed_id': 6, 'pet_level': 1, 'pet_quality_id': 3, 'pet_species_id': 2472}"
1758117241,VERY_LONG,,1,5928000,,"{'id': 173134, 'context': 13, 'modifiers': [{'type': 29, 'value': 49}]}"
1758117285,VERY_LONG,,1,4134200,,"{'id': 173132, 'context': 13, 'modifiers': [{'type': 29, 'value': 36}]}"
1758117293,VERY_LONG,,1,4134200,,"{'id': 173132, 'context': 13, 'modifiers': [{'type': 29, 'value': 40}]}"
1758025941,VERY_LONG,,1,4750000,,"{'id': 173141, 'context': 13, 'bonus_lists': [3357]}"
1758117283,VERY_LONG,,1,4134200,,"{'id': 173132, 'context': 13, 'modifiers': [{'type': 29, 'value': 40}]}"
1758025990,VERY_LONG,,1,3943900,,"{'id': 173136, 'context': 13, 'bonus_lists': [3360]}"
1757549167,LONG,,1,15000,,"{'id': 82800, 'context': 0, 'modifiers': [{'type': 6, 'value': 99899}], 'pet_breed_id': 10, 'pet_level': 1, 'pet_quality_id': 2, 'pet_species_id': 2925}"
1758117235,VERY_LONG,,1,5928000,,"{'id': 173134, 'context': 13, 'modifiers': [{'type': 29, 'value': 40}]}"
1758025994,VERY_LONG,,1,3943900,,"{'id': 173136, 'context': 13, 'bonus_lists': [3358]}"
1757923801,LONG,,1,4900500,,"{'id': 71953, 'context': 0}"
1757922940,LONG,,1,10009600,,"{'id': 177802, 'context': 0, 'bonus_lists': [6908, 41, 1707], 'modifiers': [{'type': 9, 'value': 55}, {'type': 28, 'value': 1707}]}"
1757922776,LONG,,1,5556500,,"{'id': 183971, 'context': 0, 'bonus_lists': [6908, 6652, 1706], 'modifiers': [{'type': 9, 'value': 55}, {'type': 28, 'value': 1707}]}"
1757923159,LONG,,1,5003500,,"{'id': 176787, 'context': 23, 'bonus_lists': [6907, 6652, 7194, 1685], 'modifiers': [{'type': 9, 'value': 60}, {'type': 28, 'value': 749}]}"
1757514769,MEDIUM,,1,3490000,,"{'id': 82800, 'context': 0, 'modifiers': [{'type': 6, 'value': 86136}], 'pet_breed_id': 8, 'pet_level': 1, 'pet_quality_id': 2, 'pet_species_id': 2188}"
1757514797,MEDIUM,,1,7500100,,"{'id': 82800, 'context': 0, 'modifiers': [{'type': 6, 'value': 95584}], 'pet_breed_id': 18, 'pet_level': 1, 'pet_quality_id': 2, 'pet_species_id': 2942}"
1757514770,MEDIUM,,1,3490000,,"{'id': 82800, 'context': 0, 'modifiers': [{'type': 6, 'value': 86136}], 'pet_breed_id': 8, 'pet_level': 1, 'pet_quality_id': 2, 'pet_species_id': 2188}"
1757514764,MEDIUM,,1,3490000,,"{'id': 82800, 'context': 0, 'modifiers': [{'type': 6, 'value': 86136}], 'pet_breed_id': 8, 'pet_level': 1, 'pet_quality_id': 2, 'pet_species_id': 2188}"
1757514768,MEDIUM,,1,3490000,,"{'id': 82800, 'context': 0, 'modifiers': [{'type': 6, 'value': 86136}], 'pet_breed_id': 8, 'pet_level': 1, 'pet_quality_id': 2, 'pet_species_id': 2188}"
1757514790,MEDIUM,,1,17000000,,"{'id': 82800, 'context': 0, 'modifiers': [{'type': 6, 'value': 59578}], 'pet_breed_id': 14, 'pet_level': 1, 'pet_quality_id': 3, 'pet_species_id': 1530}"
1757514816,MEDIUM,,1,550000,,"{'id': 82800, 'context': 0, 'modifiers': [{'type': 6, 'value': 81098}], 'pet_breed_id': 6, 'pet_level': 1, 'pet_quality_id': 3, 'pet_species_id': 2472}"
1757514780,MEDIUM,,1,5301100,,"{'id': 82800, 'context': 0, 'modifiers': [{'type': 6, 'value': 99856}], 'pet_breed_id': 19, 'pet_level': 1, 'pet_quality_id': 2, 'pet_species_id': 2946}"
1757514774,MEDIUM,,1,9804900,,"{'id': 82800, 'context': 0, 'modifiers': [{'type': 6, 'value': 61548}], 'pet_breed_id': 5, 'pet_level': 1, 'pet_quality_id': 2, 'pet_species_id': 1538}"
1757514766,MEDIUM,,1,3490000,,"{'id': 82800, 'context': 0, 'modifiers': [{'type': 6, 'value': 86136}], 'pet_breed_id': 8, 'pet_level': 1, 'pet_quality_id': 2, 'pet_species_id': 2188}"
1758102975,VERY_LONG,,1,125059900,,"{'id': 82800, 'context': 0, 'modifiers': [{'type': 6, 'value': 91249}], 'pet_breed_id': 20, 'pet_level': 25, 'pet_quality_id': 3, 'pet_species_id': 2758}"
1758102724,VERY_LONG,,1,34303800,,"{'id': 82800, 'context': 0, 'modifiers': [{'type': 6, 'value': 99899}], 'pet_breed_id': 14, 'pet_level': 25, 'pet_quality_id': 3, 'pet_species_id': 2925}"
1758103075,VERY_LONG,,1,24549100,,"{'id': 82800, 'context': 0, 'modifiers': [{'type': 6, 'value': 74513}], 'pet_breed_id': 12, 'pet_level': 25, 'pet_quality_id': 3, 'pet_species_id': 2001}"
1758102309,VERY_LONG,,1,12000100,,"{'id': 2555, 'context': 0}"
1758102329,VERY_LONG,,1,519400,,"{'id': 2553, 'context': 0}"
1758102622,VERY_LONG,,1,2831400,,"{'id': 82800, 'context': 0, 'modifiers': [{'type': 6, 'value': 99114}], 'pet_breed_id': 8, 'pet_level': 1, 'pet_quality_id': 3, 'pet_species_id': 3046}"
1758102627,VERY_LONG,,1,2831400,,"{'id': 82800, 'context': 0, 'modifiers': [{'type': 6, 'value': 99114}], 'pet_breed_id': 8, 'pet_level': 1, 'pet_quality_id': 3, 'pet_species_id': 3046}"
1758102630,VERY_LONG,,1,2831400,,"{'id': 82800, 'context': 0, 'modifiers': [{'type': 6, 'value': 99114}], 'pet_breed_id': 8, 'pet_level': 1, 'pet_quality_id': 3, 'pet_species_id': 3046}"
1758102666,VERY_LONG,,1,19800,,"{'id': 82800, 'context': 0, 'modifiers': [{'type': 6, 'value': 98466}], 'pet_breed_id': 14, 'pet_level': 1, 'pet_quality_id': 2, 'pet_species_id': 3013}"
1758102825,VERY_LONG,,1,88024000,,"{'id': 82800, 'context': 0, 'modifiers': [{'type': 6, 'value': 91219}], 'pet_breed_id': 22, 'pet_level': 25, 'pet_quality_id': 3, 'pet_species_id': 2765}"
1758103033,VERY_LONG,,1,87720000,,"{'id': 82800, 'context': 0, 'modifiers': [{'type': 6, 'value': 78261}], 'pet_breed_id': 3, 'pet_level': 25, 'pet_quality_id': 3, 'pet_species_id': 2072}"
1758104154,VERY_LONG,,1,44550000,,"{'id': 82800, 'context': 0, 'modifiers': [{'type': 6, 'value': 49122}], 'pet_breed_id': 15, 'pet_level': 25, 'pet_quality_id': 3, 'pet_species_id': 1565}"
1758104423,VERY_LONG,,1,63495000,,"{'id': 82800, 'context': 0, 'modifiers': [{'type': 6, 'value': 15660}], 'pet_breed_id': 3, 'pet_level': 25, 'pet_quality_id': 3, 'pet_species_id': 119}"
1758102297,VERY_LONG,,1,2976300,,"{'id': 3679, 'context': 11}"
1758102790,VERY_LONG,,1,9900,,"{'id': 82800, 'context': 0, 'modifiers': [{'type': 6, 'value': 99899}], 'pet_breed_id': 20, 'pet_level': 1, 'pet_quality_id': 2, 'pet_species_id': 2925}"
1758102912,VERY_LONG,,1,83614500,,"{'id': 82800, 'context': 0, 'modifiers': [{'type': 6, 'value': 91248}], 'pet_breed_id': 5, 'pet_level': 25, 'pet_quality_id': 3, 'pet_species_id': 2761}"
1758103061,VERY_LONG,,1,44550000,,"{'id': 82800, 'context': 0, 'modifiers': [{'type': 6, 'value': 75766}], 'pet_breed_id': 18, 'pet_level': 25, 'pet_quality_id': 3, 'pet_species_id': 2042}"
1758104346,VERY_LONG,,1,31880000,,"{'id': 82800, 'context': 0, 'modifiers': [{'type': 6, 'value': 47252}], 'pet_breed_id': 10, 'pet_level': 25, 'pet_quality_id': 3, 'pet_species_id': 1177}"
1758102893,VERY_LONG,,1,74892500,,"{'id': 82800, 'context': 0, 'modifiers': [{'type': 6, 'value': 91220}], 'pet_breed_id': 4, 'pet_level': 1, 'pet_quality_id': 3, 'pet_species_id': 2763}"
1758102647,VERY_LONG,,1,43668500,,"{'id': 82800, 'context': 0, 'modifiers': [{'type': 6, 'value': 98466}], 'pet_breed_id': 17, 'pet_level': 25, 'pet_quality_id': 3, 'pet_species_id': 3013}"
1758104304,VERY_LONG,,1,377100,,"{'id': 21301, 'context': 11}"
1758102768,VERY_LONG,,1,23960800,,"{'id': 82800, 'context': 0, 'modifiers': [{'type': 6, 'value': 99899}], 'pet_breed_id': 7, 'pet_level': 1, 'pet_quality_id': 3, 'pet_species_id': 2925}"
1758103100,VERY_LONG,,1,44550000,,"{'id': 82800, 'context': 0, 'modifiers': [{'type': 6, 'value': 68859}], 'pet_breed_id': 21, 'pet_level': 25, 'pet_quality_id': 3, 'pet_species_id': 1889}"
1758104149,VERY_LONG,,1,44550000,,"{'id': 82800, 'context': 0, 'modifiers': [{'type': 6, 'value': 49122}], 'pet_breed_id': 20, 'pet_level': 25, 'pet_quality_id': 3, 'pet_species_id': 1565}"
1758102628,VERY_LONG,,1,2831400,,"{'id': 82800, 'context': 0, 'modifiers': [{'type': 6, 'value': 99114}], 'pet_breed_id': 8, 'pet_level': 1, 'pet_quality_id': 3, 'pet_species_id': 3046}"
1758103029,VERY_LONG,,1,87720000,,"{'id': 82800, 'context': 0, 'modifiers': [{'type': 6, 'value': 78261}], 'pet_breed_id': 3, 'pet_level': 25, 'pet_quality_id': 3, 'pet_species_id': 2072}"
1758104535,VERY_LONG,,1,75500600,,"{'id': 82800, 'context': 0, 'modifiers': [{'type': 6, 'value': 20026}], 'pet_breed_id': 3, 'pet_level': 25, 'pet_quality_id': 3, 'pet_species_id': 142}"
1758102853,VERY_LONG,,1,95387500,,"{'id': 82800, 'context': 0, 'modifiers': [{'type': 6, 'value': 91220}], 'pet_breed_id': 3, 'pet_level': 25, 'pet_quality_id': 3, 'pet_species_id': 2763}"
1758102932,VERY_LONG,,1,39600000,,"{'id': 82800, 'context': 0, 'modifiers': [{'type': 6, 'value': 91248}], 'pet_breed_id': 3, 'pet_level': 1, 'pet_quality_id': 3, 'pet_species_id': 2761}"
1758104412,VERY_LONG,,1,63495000,,"{'id': 82800, 'context': 0, 'modifiers': [{'type': 6, 'value': 15660}], 'pet_breed_id': 3, 'pet_level': 25, 'pet_quality_id': 3, 'pet_species_id': 119}"
1758104450,VERY_LONG,,1,44550000,,"{'id': 82800, 'context': 0, 'modifiers': [{'type': 6, 'value': 48213}], 'pet_breed_id': 6, 'pet_level': 25, 'pet_quality_id': 3, 'pet_species_id': 1205}"
1758102335,VERY_LONG,,1,5710900,,"{'id': 2406, 'context': 1, 'modifiers': [{'type': 28, 'value': 207}]}"
1758102952,VERY_LONG,,1,126748200,,"{'id': 82800, 'context': 0, 'modifiers': [{'type': 6, 'value': 91232}], 'pet_breed_id': 15, 'pet_level': 25, 'pet_quality_id': 3, 'pet_species_id': 2760}"
1758102441,VERY_LONG,,1,22544300,,"{'id': 7525, 'context': 0, 'bonus_lists': [6654, 1709], 'modifiers': [{'type': 9, 'value': 30}, {'type': 28, 'value': 28}]}"
1758102807,VERY_LONG,,1,44550000,,"{'id': 82800, 'context': 0, 'modifiers': [{'type': 6, 'value': 95171}], 'pet_breed_id': 4, 'pet_level': 25, 'pet_quality_id': 3, 'pet_species_id': 2842}"
1758102979,VERY_LONG,,1,125059900,,"{'id': 82800, 'context': 0, 'modifiers': [{'type': 6, 'value': 91249}], 'pet_breed_id': 20, 'pet_level': 25, 'pet_quality_id': 3, 'pet_species_id': 2758}"
1758102879,VERY_LONG,,1,124433700,,"{'id': 82800, 'context': 0, 'modifiers': [{'type': 6, 'value': 91220}], 'pet_breed_id': 4, 'pet_level': 25, 'pet_quality_id': 3, 'pet_species_id': 2763}"
1758102722,VERY_LONG,,1,34303800,,"{'id': 82800, 'context': 0, 'modifiers': [{'type': 6, 'value': 99899}], 'pet_breed_id': 20, 'pet_level': 25, 'pet_quality_id': 3, 'pet_species_id': 2925}"
1758104124,VERY_LONG,,1,5445000,,"{'id': 82800, 'context': 0, 'modifiers': [{'type': 6, 'value': 60609}], 'pet_breed_id': 13, 'pet_level': 1, 'pet_quality_id': 3, 'pet_species_id': 1656}"
1758104420,VERY_LONG,,1,63495000,,"{'id': 82800, 'context': 0, 'modifiers': [{'type': 6, 'value': 15660}], 'pet_breed_id': 3, 'pet_level': 25, 'pet_quality_id': 3, 'pet_species_id': 119}"
1758104416,VERY_LONG,,1,63495000,,"{'id': 82800, 'context': 0, 'modifiers': [{'type': 6, 'value': 15660}], 'pet_breed_id': 3, 'pet_level': 25, 'pet_quality_id': 3, 'pet_species_id': 119}"
1758104490,VERY_LONG,,1,44550000,,"{'id': 82800, 'context': 0, 'modifiers': [{'type': 6, 'value': 15992}], 'pet_breed_id': 5, 'pet_level': 25, 'pet_quality_id': 3, 'pet_species_id': 122}"
1758103003,VERY_LONG,,1,122624500,,"{'id': 82800, 'context': 0, 'modifiers': [{'type': 6, 'value': 91250}], 'pet_breed_id': 22, 'pet_level': 25, 'pet_quality_id': 3, 'pet_species_id': 2757}"
1758102780,VERY_LONG,,1,9900,,"{'id': 82800, 'context': 0, 'modifiers': [{'type': 6, 'value': 99899}], 'pet_breed_id': 17, 'pet_level': 1, 'pet_quality_id': 2, 'pet_species_id': 2925}"
1758103034,VERY_LONG,,1,87720000,,"{'id': 82800, 'context': 0, 'modifiers': [{'type': 6, 'value': 78261}], 'pet_breed_id': 3, 'pet_level': 25, 'pet_quality_id': 3, 'pet_species_id': 2072}"
1757926315,LONG,,1,1004300,,"{'id': 184506, 'context': 0}"
1757926894,LONG,,1,7000000,,"{'id': 184479, 'context': 0}"
1757504694,MEDIUM,,1,250001100,,"{'id': 172317, 'context': 64, 'bonus_lists': [6717, 7193, 1507]}"
1757504702,MEDIUM,,1,250001100,,"{'id': 172317, 'context': 64, 'bonus_lists': [6717, 7193, 1507]}"
1757504693,MEDIUM,,1,250001100,,"{'id': 172317, 'context': 64, 'bonus_lists': [6717, 7193, 1507]}"
1757504761,MEDIUM,,1,10000000,,"{'id': 173242, 'context': 63, 'bonus_lists': [6716, 1487]}"
1757504759,MEDIUM,,1,10000000,,"{'id': 173242, 'context': 63, 'bonus_lists': [6716, 1487]}"
1757504763,MEDIUM,,1,10000000,,"{'id': 173242, 'context': 63, 'bonus_lists': [6716, 1487]}"
1757504736,MEDIUM,,1,210001100,,"{'id': 172317, 'context': 64, 'bonus_lists': [6717, 7193, 1507]}"
1757504698,MEDIUM,,1,250001100,,"{'id': 172317, 'context': 64, 'bonus_lists': [6717, 7194, 1507]}"
1757504696,MEDIUM,,1,250001100,,"{'id': 172317, 'context': 64, 'bonus_lists': [6717, 7193, 1507]}"
1757504691,MEDIUM,,1,250001100,,"{'id': 172317, 'context': 64, 'bonus_lists': [6717, 7193, 1507]}"
1757504701,MEDIUM,,1,250001100,,"{'id': 172317, 'context': 64, 'bonus_lists': [6717, 7194, 1507]}"
1757504700,MEDIUM,,1,250001100,,"{'id': 172317, 'context': 64, 'bonus_lists': [6717, 7194, 1507]}"
1757504757,MEDIUM,,1,10000000,,"{'id': 173242, 'context': 63, 'bonus_lists': [6716, 1487]}"
1758109702,VERY_LONG,,1,175001300,,"{'id': 173069, 'context': 13}"
1758054635,VERY_LONG,,1,5016600,,"{'id': 172251, 'context': 13, 'bonus_lists': [6893], 'modifiers': [{'type': 9, 'value': 55}, {'type': 28, 'value': 391}, {'type': 29, 'value': 32}, {'type': 30, 'value': 40}]}"
1758054362,VERY_LONG,,1,90000500,,"{'id': 172324, 'context': 63, 'bonus_lists': [6716, 1487]}"
1758054363,VERY_LONG,,1,90000500,,"{'id': 172324, 'context': 63, 'bonus_lists': [6716, 1487]}"
1758054527,VERY_LONG,,1,5606600,,"{'id': 172252, 'context': 13, 'bonus_lists': [6893], 'modifiers': [{'type': 9, 'value': 55}, {'type': 28, 'value': 391}, {'type': 29, 'value': 36}, {'type': 30, 'value': 40}]}"
1758054471,VERY_LONG,,1,5606600,,"{'id': 172252, 'context': 13, 'bonus_lists': [6893], 'modifiers': [{'type': 9, 'value': 55}, {'type': 28, 'value': 391}, {'type': 29, 'value': 32}, {'type': 30, 'value': 40}]}"
1758054546,VERY_LONG,,1,19677700,,"{'id': 172254, 'context': 13, 'bonus_lists': [6893], 'modifiers': [{'type': 9, 'value': 55}, {'type': 28, 'value': 391}, {'type': 29, 'value': 40}, {'type': 30, 'value': 32}]}"
1758054721,VERY_LONG,,1,5016600,,"{'id': 172251, 'context': 13, 'bonus_lists': [6893], 'modifiers': [{'type': 9, 'value': 55}, {'type': 28, 'value': 391}, {'type': 29, 'value': 49}, {'type': 30, 'value': 36}]}"
1758054504,VERY_LONG,,1,5606600,,"{'id': 172252, 'context': 13, 'bonus_lists': [6893], 'modifiers': [{'type': 9, 'value': 55}, {'type': 28, 'value': 391}, {'type': 29, 'value': 32}, {'type': 30, 'value': 40}]}"
1758054361,VERY_LONG,,1,90000500,,"{'id': 172324, 'context': 63, 'bonus_lists': [6716, 1487]}"
1757572982,LONG,,1,18855000,,"{'id': 22539, 'context': 14, 'modifiers': [{'type': 28, 'value': 223}]}"
1757573020,LONG,,1,43170800,,"{'id': 42095, 'context': 0}"
1757574156,LONG,,1,9783600,,"{'id': 2569, 'context': 0}"
1757576686,LONG,,1,4902500,,"{'id': 54477, 'context': 0}"
1757588162,LONG,,1,203849300,,"{'id': 90478, 'context': 0, 'bonus_lists': [1700]}"
1757581992,LONG,,1,873000000,,"{'id': 82800, 'context': 0, 'modifiers': [{'type': 6, 'value': 99859}], 'pet_breed_id': 15, 'pet_level': 1, 'pet_quality_id': 2, 'pet_species_id': 2949}"
1757583951,LONG,,1,31056500,,"{'id': 41523, 'context': 0}"
1757588259,LONG,,1,121708900,,"{'id': 82431, 'context': 0}"
1757588323,LONG,,1,70639300,,"{'id': 23638, 'context': 14, 'modifiers': [{'type': 28, 'value': 43}]}"
1757588507,LONG,,1,50000,,"{'id': 82800, 'context': 0, 'modifiers': [{'type': 6, 'value': 27718}], 'pet_breed_id': 17, 'pet_level': 1, 'pet_quality_id': 2, 'pet_species_id': 90}"
1757588943,LONG,,1,147257200,,"{'id': 75088, 'context': 0}"
1757583959,LONG,,1,55592600,,"{'id': 41608, 'context': 0}"
1757583962,LONG,,1,108628700,,"{'id': 15429, 'context': 0, 'bonus_lists': [6654, 1691], 'modifiers': [{'type': 9, 'value': 30}, {'type': 28, 'value': 36}]}"
1757585055,LONG,,1,1063755300,,"{'id': 24253, 'context': 0}"
1757586228,LONG,,1,67451800,,"{'id': 20576, 'context': 14}"
1757586414,LONG,,1,26952600,,"{'id': 14111, 'context': 0}"
1757586477,LONG,,1,50916700,,"{'id': 75086, 'context': 0}"
1757585050,LONG,,1,21037600,,"{'id': 10002, 'context': 0}"
1757587995,LONG,,1,57375600,,"{'id': 7049, 'context': 0}"
1757588121,LONG,,1,41503600,,"{'id': 98756, 'context': 0}"
1757588153,LONG,,1,67451800,,"{'id': 20576, 'context': 14}"
1757588208,LONG,,1,13457700,,"{'id': 12839, 'context': 1, 'modifiers': [{'type': 28, 'value': 1922}]}"
1757588451,LONG,,1,221917300,,"{'id': 21873, 'context': 0}"
1757588887,LONG,,1,26276300,,"{'id': 2583, 'context': 0}"
1757588888,LONG,,1,7839400,,"{'id': 24955, 'context': 22, 'bonus_lists': [6654, 1705], 'modifiers': [{'type': 9, 'value': 30}, {'type': 28, 'value': 1076}]}"
1757588930,LONG,,1,493274500,,"{'id': 36324, 'context': 0, 'bonus_lists': [1695]}"
1757589038,LONG,,1,53246600,,"{'id': 45811, 'context': 0}"
1757581669,LONG,,1,51693600,,"{'id': 16223, 'context': 0, 'modifiers': [{'type': 28, 'value': 33}]}"
1757581678,LONG,,1,412140800,,"{'id': 15606, 'context': 37, 'bonus_lists': [1705, 3835], 'modifiers': [{'type': 9, 'value': 19}]}"
1757581709,LONG,,1,29037000,,"{'id': 9757, 'context': 0, 'bonus_lists': [6654, 1693], 'modifiers': [{'type': 9, 'value': 26}, {'type': 28, 'value': 1793}]}"
1757581721,LONG,,1,3035300,,"{'id': 17723, 'context': 0}"
1757581885,LONG,,1,3471188600,,"{'id': 12549, 'context': 1, 'bonus_lists': [3999], 'modifiers': [{'type': 9, 'value': 24}]}"
1757583983,LONG,,1,47048900,,"{'id': 41554, 'context': 0}"
1757572997,LONG,,1,286588700,,"{'id': 126997, 'context': 13, 'bonus_lists': [669, 601, 689, 1681, 3408]}"
1757574168,LONG,,1,54134700,,"{'id': 42102, 'context': 0}"
1757571557,LONG,,1,38029600,,"{'id': 82429, 'context': 0}"
1757571638,LONG,,1,53660000,,"{'id': 43970, 'context': 0}"
1757572173,LONG,,1,213243700,,"{'id': 9300, 'context': 14, 'modifiers': [{'type': 28, 'value': 34}]}"
1757588986,LONG,,1,22186200,,"{'id': 8293, 'context': 0, 'bonus_lists': [6654], 'modifiers': [{'type': 9, 'value': 30}, {'type': 28, 'value': 31}]}"
1757588988,LONG,,1,2834100,,"{'id': 10054, 'context': 0}"
1757571604,LONG,,1,337975600,,"{'id': 127019, 'context': 13, 'bonus_lists': [669, 601, 689, 3357, 3408]}"
1757588991,LONG,,1,51170400,,"{'id': 10031, 'context': 0}"
1757589023,LONG,,1,164255200,,"{'id': 13871, 'context': 0}"
1757571615,LONG,,1,3394128700,,"{'id': 106521, 'context': 0, 'bonus_lists': [6654, 97], 'modifiers': [{'type': 9, 'value': 31}, {'type': 28, 'value': 65}]}"
1757571690,LONG,,1,112800,,"{'id': 5772, 'context': 14}"
1757571736,LONG,,1,768815600,,"{'id': 4799, 'context': 14}"
1757571739,LONG,,1,1522693200,,"{'id': 24255, 'context': 0}"
1757571777,LONG,,1,48641300,,"{'id': 4317, 'context': 0}"
1757571867,LONG,,1,19928800,,"{'id': 20855, 'context': 14, 'modifiers': [{'type': 28, 'value': 12}]}"
1757576508,LONG,,1,48865300,,"{'id': 127032, 'context': 13, 'bonus_lists': [3346, 3408]}"
1757576583,LONG,,1,140161600,,"{'id': 14107, 'context': 0}"
1757576595,LONG,,1,150840900,,"{'id': 4327, 'context': 0}"
1757576631,LONG,,1,261988300,,"{'id': 32420, 'context': 0}"
1757576642,LONG,,1,51693600,,"{'id': 16223, 'context': 0, 'modifiers': [{'type': 28, 'value': 33}]}"
1757581664,LONG,,1,121606600,,"{'id': 21868, 'context': 0}"
1757581665,LONG,,1,10343500,,"{'id': 6241, 'context': 0}"
1757581700,LONG,,1,36404500,,"{'id': 10728, 'context': 14, 'modifiers': [{'type': 28, 'value': 24}]}"
1757581740,LONG,,1,8360000,,"{'id': 13083, 'context': 0, 'bonus_lists': [6659], 'modifiers': [{'type': 9, 'value': 30}, {'type': 28, 'value': 1004}]}"
1757581752,LONG,,1,38983100,,"{'id': 24963, 'context': 1, 'bonus_lists': [6654, 1678], 'modifiers': [{'type': 9, 'value': 16}, {'type': 28, 'value': 1888}]}"
1757581821,LONG,,1,10938100,,"{'id': 4332, 'context': 0}"
1757583804,LONG,,1,135551000,,"{'id': 15355, 'context': 1, 'bonus_lists': [6654, 1691], 'modifiers': [{'type': 9, 'value': 33}, {'type': 28, 'value': 1925}]}"
1757583889,LONG,,1,37121300,,"{'id': 3201, 'context': 1, 'bonus_lists': [6655, 1692], 'modifiers': [{'type': 9, 'value': 30}, {'type': 28, 'value': 1909}]}"
1757583891,LONG,,1,271809900,,"{'id': 25103, 'context': 0, 'bonus_lists': [6655, 1705], 'modifiers': [{'type': 9, 'value': 34}, {'type': 28, 'value': 1736}]}"
1757583929,LONG,,1,1205000,,"{'id': 10056, 'context': 0}"
1757583931,LONG,,1,81532200,,"{'id': 7056, 'context': 0}"
1757583934,LONG,,1,62910900,,"{'id': 127031, 'context': 13, 'bonus_lists': [3355, 3408]}"
1757586123,LONG,,1,179463700,,"{'id': 41512, 'context': 0}"
1757586175,LONG,,1,142937800,,"{'id': 82430, 'context': 0}"
1757586404,LONG,,1,25070300,,"{'id': 14811, 'context': 0, 'bonus_lists': [6654], 'modifiers': [{'type': 9, 'value': 30}, {'type': 28, 'value': 33}]}"
1757586410,LONG,,1,277082600,,"{'id': 12006, 'context': 0, 'bonus_lists': [6654, 1695], 'modifiers': [{'type': 9, 'value': 19}, {'type': 28, 'value': 1773}]}"
1757586424,LONG,,1,97775200,,"{'id': 14324, 'context': 0, 'bonus_lists': [6654, 1680], 'modifiers': [{'type': 9, 'value': 30}, {'type': 28, 'value': 33}]}"
1757586541,LONG,,1,111122400,,"{'id': 4321, 'context': 0}"
1757588031,LONG,,1,1229300,,"{'id': 2572, 'context': 0}"
1757588183,LONG,,1,79176800,,"{'id': 7063, 'context': 0}"
1757588205,LONG,,1,61906300,,"{'id': 54485, 'context': 0}"
1757588227,LONG,,1,768978600,,"{'id': 36249, 'context': 1, 'bonus_lists': [6654, 1679], 'modifiers': [{'type': 9, 'value': 30}, {'type': 28, 'value': 238}]}"
1757588239,LONG,,1,989131800,,"{'id': 7087, 'context': 14, 'modifiers': [{'type': 28, 'value': 24}]}"
1757588295,LONG,,1,445454200,,"{'id': 36008, 'context': 1, 'bonus_lists': [6654, 1678], 'modifiers': [{'type': 9, 'value': 19}, {'type': 28, 'value': 1873}]}"
1757571715,LONG,,1,38872400,,"{'id': 98763, 'context': 0}"
1757571787,LONG,,1,3837470100,,"{'id': 25102, 'context': 0, 'bonus_lists': [6655, 1677], 'modifiers': [{'type': 9, 'value': 38}, {'type': 28, 'value': 1736}]}"
1757572181,LONG,,1,69603800,,"{'id': 35977, 'context': 1, 'bonus_lists': [6654, 1708], 'modifiers': [{'type': 9, 'value': 40}, {'type': 28, 'value': 1869}]}"
1757572186,LONG,,1,164886300,,"{'id': 36447, 'context': 1, 'bonus_lists': [6655, 1677], 'modifiers': [{'type': 9, 'value': 40}, {'type': 28, 'value': 1869}]}"
1757572197,LONG,,1,5571200,,"{'id': 15746, 'context': 0, 'modifiers': [{'type': 28, 'value': 34}]}"
1757572956,LONG,,1,20867500,,"{'id': 14103, 'context': 0}"
1757573017,LONG,,1,6908800,,"{'id': 54473, 'context': 0}"
1757573039,LONG,,1,51088400,,"{'id': 98825, 'context': 0}"
1757573063,LONG,,1,69007600,,"{'id': 43583, 'context': 0}"
1757574129,LONG,,1,261599200,,"{'id': 31153, 'context': 1, 'bonus_lists': [6659], 'modifiers': [{'type': 9, 'value': 42}, {'type': 28, 'value': 1886}]}"
1757574148,LONG,,1,34537700,,"{'id': 93430, 'context': 0}"
1757574173,LONG,,1,59880200,,"{'id': 45810, 'context': 0}"
1757576604,LONG,,1,257521000,,"{'id': 127020, 'context': 13, 'bonus_lists': [669, 601, 689, 3374, 3408]}"
1757576620,LONG,,1,8750900,,"{'id': 82398, 'context': 0, 'bonus_lists': [1679]}"
1757576626,LONG,,1,11941700,,"{'id': 9890, 'context': 0, 'bonus_lists': [6654, 1678], 'modifiers': [{'type': 9, 'value': 28}, {'type': 28, 'value': 1803}]}"
1757576695,LONG,,1,8068100,,"{'id': 21854, 'context': 0}"
1757576728,LONG,,1,793606700,,"{'id': 19156, 'context': 0}"
1757576756,LONG,,1,787956000,,"{'id': 14139, 'context': 0}"
1757576815,LONG,,1,98100,,"{'id': 13494, 'context': 1, 'modifiers': [{'type': 28, 'value': 205}]}"
1757576832,LONG,,1,41344000,,"{'id': 151571, 'context': 13, 'bonus_lists': [3598, 601, 1706, 3408, 3609]}"
1757576835,LONG,,1,22987700,,"{'id': 10004, 'context': 0}"
1757576838,LONG,,1,125546000,,"{'id': 127002, 'context': 13, 'bonus_lists': [669, 600, 689, 1679, 3408]}"
1757576851,LONG,,1,53809100,,"{'id': 54479, 'context': 0}"
1757571583,LONG,,1,150000000,,"{'id': 6275, 'context': 14, 'modifiers': [{'type': 28, 'value': 15}]}"
1757571634,LONG,,1,20137200,,"{'id': 10001, 'context': 0}"
1757571658,LONG,,1,13603500,,"{'id': 10082, 'context': 0, 'bonus_lists': [6654, 1691], 'modifiers': [{'type': 9, 'value': 30}, {'type': 28, 'value': 31}]}"
1757581696,LONG,,1,3059500,,"{'id': 4326, 'context': 0}"
1757571687,LONG,,1,411523700,,"{'id': 11101, 'context': 14, 'modifiers': [{'type': 28, 'value': 12}]}"
1757571702,LONG,,1,338162300,,"{'id': 25177, 'context': 1, 'bonus_lists': [6655, 1709], 'modifiers': [{'type': 9, 'value': 17}, {'type': 28, 'value': 1891}]}"
1757581743,LONG,,1,1342200,,"{'id': 7051, 'context': 0}"
1757581978,LONG,,1,460000,,"{'id': 82800, 'context': 0, 'pet_breed_id': 6, 'pet_level': 1, 'pet_quality_id': 2, 'pet_species_id': 89}"
1757583908,LONG,,1,51693600,,"{'id': 16223, 'context': 0, 'modifiers': [{'type': 28, 'value': 33}]}"
1757583921,LONG,,1,34095500,,"{'id': 9848, 'context': 1, 'bonus_lists': [6654, 1681], 'modifiers': [{'type': 9, 'value': 30}, {'type': 28, 'value': 217}]}"
1757583928,LONG,,1,13007500,,"{'id': 7463, 'context': 1, 'bonus_lists': [6655, 1679], 'modifiers': [{'type': 9, 'value': 30}, {'type': 28, 'value': 217}]}"
1757583974,LONG,,1,13100941100,,"{'id': 4800, 'context': 14, 'modifiers': [{'type': 28, 'value': 13}]}"
1757583989,LONG,,1,36007400,,"{'id': 7525, 'context': 43, 'bonus_lists': [1678, 4276], 'modifiers': [{'type': 9, 'value': 22}]}"
1757583998,LONG,,1,25407100,,"{'id': 9794, 'context': 0, 'bonus_lists': [6654, 1678], 'modifiers': [{'type': 9, 'value': 21}, {'type': 28, 'value': 1786}]}"
1757584003,LONG,,1,16947200,,"{'id': 6569, 'context': 0, 'bonus_lists': [6654, 1695], 'modifiers': [{'type': 9, 'value': 30}, {'type': 28, 'value': 15}]}"
1757584017,LONG,,1,1835800,,"{'id': 3683, 'context': 11}"
1757585058,LONG,,1,18978000,,"{'id': 126990, 'context': 13, 'bonus_lists': [1681, 3408]}"
1757585064,LONG,,1,24846600,,"{'id': 126991, 'context': 13, 'bonus_lists': [1696, 3408]}"
1757585067,LONG,,1,79000,,"{'id': 12682, 'context': 1}"
1757586181,LONG,,1,88134800,,"{'id': 75073, 'context': 0}"
1757586232,LONG,,1,59667500,,"{'id': 43975, 'context': 0}"
1757586355,LONG,,1,26640400,,"{'id': 126987, 'context': 13, 'bonus_lists': [1716, 3408]}"
1757586360,LONG,,1,226875300,,"{'id': 24933, 'context': 26, 'bonus_lists': [1694, 3838], 'modifiers': [{'type': 9, 'value': 25}]}"
1757586430,LONG,,1,45240400,,"{'id': 75089, 'context': 0}"
1757588095,LONG,,1,150000000,,"{'id': 6275, 'context': 14, 'modifiers': [{'type': 28, 'value': 9}]}"
1757588912,LONG,,1,11715900,,"{'id': 41550, 'context': 0}"
1757589014,LONG,,1,143351400,,"{'id': 15350, 'context': 42, 'bonus_lists': [1705, 3836], 'modifiers': [{'type': 9, 'value': 20}]}"
1757589030,LONG,,1,49862400,,"{'id': 41986, 'context': 0}"
1757581704,LONG,,1,493241800,,"{'id': 25296, 'context': 0, 'bonus_lists': [6655, 1692], 'modifiers': [{'type': 9, 'value': 33}, {'type': 28, 'value': 1736}]}"
1757581712,LONG,,1,308446600,,"{'id': 15634, 'context': 0, 'bonus_lists': [6654, 1691], 'modifiers': [{'type': 9, 'value': 30}, {'type': 28, 'value': 33}]}"
1757581780,LONG,,1,173414000,,"{'id': 50038, 'context': 0, 'modifiers': [{'type': 28, 'value': 1023}]}"
1757586206,LONG,,1,471060400,,"{'id': 21874, 'context': 0}"
1757571781,LONG,,1,70578100,,"{'id': 37648, 'context': 1, 'bonus_lists': [6710], 'modifiers': [{'type': 9, 'value': 30}, {'type': 28, 'value': 238}]}"
1757588011,LONG,,1,5795800,,"{'id': 6053, 'context': 14, 'modifiers': [{'type': 28, 'value': 9}]}"
1757588165,LONG,,1,195818800,,"{'id': 36318, 'context': 0, 'bonus_lists': [1691]}"
1757588439,LONG,,1,454069200,,"{'id': 21875, 'context': 0}"
1757588902,LONG,,1,31360200,,"{'id': 11290, 'context': 0}"
1757572995,LONG,,1,128853200,,"{'id': 14860, 'context': 0, 'bonus_lists': [6654], 'modifiers': [{'type': 9, 'value': 30}, {'type': 28, 'value': 33}]}"
1757576572,LONG,,1,26998000,,"{'id': 43585, 'context': 0}"
1757576942,LONG,,1,78162700,,"{'id': 42096, 'context': 0}"
1757581691,LONG,,1,1819300,,"{'id': 20752, 'context': 14}"
1757572914,LONG,,1,28657100,,"{'id': 24721, 'context': 1, 'bonus_lists': [6654, 1709], 'modifiers': [{'type': 9, 'value': 16}, {'type': 28, 'value': 1888}]}"
1757572918,LONG,,1,968400,,"{'id': 4330, 'context': 0}"
1757572966,LONG,,1,56222000,,"{'id': 54503, 'context': 0}"
1757572984,LONG,,1,13659800,,"{'id': 114831, 'context': 13, 'bonus_lists': [25]}"
1757573030,LONG,,1,27139500,,"{'id': 41553, 'context': 0}"
1757574118,LONG,,1,1926569600,,"{'id': 116473, 'context': 0, 'bonus_lists': [6655, 119], 'modifiers': [{'type': 9, 'value': 16}, {'type': 28, 'value': 2092}]}"
1757574125,LONG,,1,8439500,,"{'id': 41545, 'context': 0}"
1757576490,LONG,,1,25380000,,"{'id': 82436, 'context': 0}"
1757571518,LONG,,1,16551800,,"{'id': 41548, 'context': 0}"
1757571531,LONG,,1,5006800,,"{'id': 10033, 'context': 0}"
1757571564,LONG,,1,13471800,,"{'id': 54476, 'context': 0}"
1757571578,LONG,,1,57500800,,"{'id': 98874, 'context': 0}"
1757571723,LONG,,1,181789900,,"{'id': 4798, 'context': 14, 'modifiers': [{'type': 28, 'value': 13}]}"
1757571857,LONG,,1,36520400,,"{'id': 4331, 'context': 0}"
1757572989,LONG,,1,558918900,,"{'id': 22252, 'context': 0}"
1757576635,LONG,,1,49799000,,"{'id': 10003, 'context': 0}"
1757588409,LONG,,1,88811900,,"{'id': 45626, 'context': 0}"
1757581880,LONG,,1,50213700,,"{'id': 98828, 'context': 0}"
1757583786,LONG,,1,21969500,,"{'id': 10007, 'context': 0}"
1757583801,LONG,,1,34337300,,"{'id': 4325, 'context': 0}"
1757581674,LONG,,1,9972100,,"{'id': 9877, 'context': 0, 'bonus_lists': [6654, 1708], 'modifiers': [{'type': 9, 'value': 30}, {'type': 28, 'value': 22}]}"
1757585072,LONG,,1,99996600,,"{'id': 14806, 'context': 0, 'bonus_lists': [6654], 'modifiers': [{'type': 9, 'value': 30}, {'type': 28, 'value': 33}]}"
1757586239,LONG,,1,71972900,,"{'id': 82435, 'context': 0}"
1757571663,LONG,,1,25611500,,"{'id': 93499, 'context': 0}"
1757588107,LONG,,1,432673600,,"{'id': 24996, 'context': 1, 'bonus_lists': [6654, 1709], 'modifiers': [{'type': 9, 'value': 34}, {'type': 28, 'value': 1898}]}"
1757572944,LONG,,1,16850300,,"{'id': 24592, 'context': 1, 'bonus_lists': [6654, 1695], 'modifiers': [{'type': 9, 'value': 43}, {'type': 28, 'value': 1885}]}"
1757572960,LONG,,1,177839200,,"{'id': 24252, 'context': 0}"
1757573022,LONG,,1,33190600,,"{'id': 24737, 'context': 0, 'bonus_lists': [6654, 1677], 'modifiers': [{'type': 9, 'value': 47}, {'type': 28, 'value': 1737}]}"
1757573049,LONG,,1,28502200,,"{'id': 93552, 'context': 0}"
1757581639,LONG,,1,299305100,,"{'id': 22521, 'context': 0}"
1757581686,LONG,,1,112800,,"{'id': 5772, 'context': 14, 'modifiers': [{'type': 28, 'value': 9}]}"
1757583831,LONG,,1,24920900,,"{'id': 6597, 'context': 0, 'bonus_lists': [6654, 1693], 'modifiers': [{'type': 9, 'value': 11}, {'type': 28, 'value': 18}]}"
1757583920,LONG,,1,587589900,,"{'id': 24821, 'context': 0, 'bonus_lists': [6654, 1678], 'modifiers': [{'type': 9, 'value': 38}, {'type': 28, 'value': 1736}]}"
1757583950,LONG,,1,67451800,,"{'id': 20576, 'context': 14}"
1757586106,LONG,,1,255500,,"{'id': 18259, 'context': 0, 'modifiers': [{'type': 28, 'value': 1004}]}"
1757586129,LONG,,1,59994900,,"{'id': 98774, 'context': 0}"
1757586182,LONG,,1,110504000,,"{'id': 15184, 'context': 0, 'bonus_lists': [6654, 1692], 'modifiers': [{'type': 9, 'value': 30}, {'type': 28, 'value': 33}]}"
1757586500,LONG,,1,1332879500,,"{'id': 35681, 'context': 1, 'bonus_lists': [4123], 'modifiers': [{'type': 9, 'value': 28}]}"
1757586624,LONG,,1,25427300,,"{'id': 93437, 'context': 0}"
1757586844,LONG,,1,87512900,,"{'id': 21862, 'context': 0}"
1757588131,LONG,,1,129382600,,"{'id': 14627, 'context': 14, 'modifiers': [{'type': 28, 'value': 13}]}"
1757588920,LONG,,1,45138300,,"{'id': 15310, 'context': 0, 'bonus_lists': [6654, 1678], 'modifiers': [{'type': 9, 'value': 19}, {'type': 28, 'value': 1773}]}"
1757588947,LONG,,1,238717100,,"{'id': 5789, 'context': 14, 'modifiers': [{'type': 28, 'value': 24}]}"
1757588967,LONG,,1,86035500,,"{'id': 14858, 'context': 0, 'bonus_lists': [6654], 'modifiers': [{'type': 9, 'value': 30}, {'type': 28, 'value': 33}]}"
1757571763,LONG,,1,267041200,,"{'id': 47587, 'context': 0}"
1757571818,LONG,,1,50359600,,"{'id': 98924, 'context': 0}"
1757572203,LONG,,1,32637000,,"{'id': 10318, 'context': 14, 'modifiers': [{'type': 28, 'value': 24}]}"
1757572991,LONG,,1,40091400,,"{'id': 82433, 'context': 0}"
1757573082,LONG,,1,51352400,,"{'id': 4319, 'context': 0}"
1757576580,LONG,,1,20796300,,"{'id': 93500, 'context': 0}"
1757576615,LONG,,1,54991400,,"{'id': 42093, 'context': 0}"
1757576860,LONG,,1,201673100,,"{'id': 35593, 'context': 1, 'bonus_lists': [6710], 'modifiers': [{'type': 9, 'value': 30}, {'type': 28, 'value': 238}]}"
1757581702,LONG,,1,2789100,,"{'id': 10128, 'context': 0, 'bonus_lists': [6654, 1705], 'modifiers': [{'type': 9, 'value': 30}, {'type': 28, 'value': 31}]}"
1757581970,LONG,,1,460000,,"{'id': 82800, 'context': 0, 'pet_breed_id': 6, 'pet_level': 1, 'pet_quality_id': 2, 'pet_species_id': 89}"
1757583940,LONG,,1,48296200,,"{'id': 138794, 'context': 13}"
1757583946,LONG,,1,1786207400,,"{'id': 25116, 'context': 0, 'bonus_lists': [6655, 1695], 'modifiers': [{'type': 9, 'value': 39}, {'type': 28, 'value': 1736}]}"
1757583986,LONG,,1,48748700,,"{'id': 75070, 'context': 0}"
1757587983,LONG,,1,28400,,"{'id': 3609, 'context': 0, 'modifiers': [{'type': 28, 'value': 74}]}"
1757587993,LONG,,1,183058200,,"{'id': 14175, 'context': 0, 'bonus_lists': [6654, 1691], 'modifiers': [{'type': 9, 'value': 30}, {'type': 28, 'value': 15}]}"
1757588019,LONG,,1,21361300,,"{'id': 4792, 'context': 14, 'modifiers': [{'type': 28, 'value': 15}]}"
1757588234,LONG,,1,50077800,,"{'id': 41528, 'context': 0}"
1757588305,LONG,,1,29300600,,"{'id': 4311, 'context': 0}"
1757588980,LONG,,1,26148000,,"{'id': 82399, 'context': 0, 'bonus_lists': [1714]}"
1757589036,LONG,,1,13949800,,"{'id': 10057, 'context': 0, 'bonus_lists': [6654, 1678], 'modifiers': [{'type': 9, 'value': 30}, {'type': 28, 'value': 31}]}"
1757573097,LONG,,1,7879600,,"{'id': 41513, 'context': 0}"
1757574153,LONG,,1,72532200,,"{'id': 151771, 'context': 0}"
1757574158,LONG,,1,5537200,,"{'id': 126992, 'context': 13, 'bonus_lists': [1712, 3408]}"
1757576679,LONG,,1,327743600,,"{'id': 127001, 'context': 13, 'bonus_lists': [669, 600, 689, 1711, 3408]}"
1757576784,LONG,,1,26894500,,"{'id': 2073, 'context': 0, 'modifiers': [{'type': 28, 'value': 15}]}"
1757576802,LONG,,1,20514700,,"{'id': 14108, 'context': 0}"
1757581784,LONG,,1,105879500,,"{'id': 15427, 'context': 0, 'bonus_lists': [6654, 1679], 'modifiers': [{'type': 9, 'value': 30}, {'type': 28, 'value': 36}]}"
1757581810,LONG,,1,330021800,,"{'id': 15932, 'context': 54, 'bonus_lists': [1705, 4281], 'modifiers': [{'type': 9, 'value': 29}]}"
1757583965,LONG,,1,50911600,,"{'id': 127016, 'context': 13, 'bonus_lists': [3367, 3408]}"
1757586884,LONG,,1,41415800,,"{'id': 21861, 'context': 0}"
1757588200,LONG,,1,164255200,,"{'id': 13857, 'context': 0}"
1757588222,LONG,,1,43156100,,"{'id': 75091, 'context': 0}"
1757588892,LONG,,1,223744700,,"{'id': 10023, 'context': 0}"
1757588975,LONG,,1,13081500,,"{'id': 82401, 'context': 0, 'bonus_lists': [1700]}"
1757585091,LONG,,1,12477100,,"{'id': 54474, 'context': 0}"
1757571752,LONG,,1,84953700,,"{'id': 43584, 'context': 0}"
1757571836,LONG,,1,39001000,,"{'id': 21942, 'context': 14, 'modifiers': [{'type': 28, 'value': 17}]}"
1757573061,LONG,,1,13827400,,"{'id': 41984, 'context': 0}"
1757573079,LONG,,1,34497400,,"{'id': 14104, 'context': 0}"
1757581638,LONG,,1,52159700,,"{'id': 75087, 'context': 0}"
1757581659,LONG,,1,62874300,,"{'id': 14253, 'context': 37, 'bonus_lists': [1680, 3835], 'modifiers': [{'type': 9, 'value': 20}]}"
1757581746,LONG,,1,64567800,,"{'id': 10029, 'context': 0}"
1757581769,LONG,,1,39008800,,"{'id': 21849, 'context': 0}"
1757586486,LONG,,1,12960400,,"{'id': 82403, 'context': 0, 'bonus_lists': [1713]}"
1757583999,LONG,,1,1583200,,"{'id': 2579, 'context': 0}"
1757584008,LONG,,1,295300,,"{'id': 32737, 'context': 3, 'modifiers': [{'type': 28, 'value': 1014}]}"
1757587999,LONG,,1,40746600,,"{'id': 75065, 'context': 0}"
1757588008,LONG,,1,71555800,,"{'id': 75096, 'context': 0}"
1757588158,LONG,,1,12177200,,"{'id': 41546, 'context': 0}"
1757588255,LONG,,1,2308467800,,"{'id': 24945, 'context': 1, 'bonus_lists': [6654, 1708], 'modifiers': [{'type': 9, 'value': 33}, {'type': 28, 'value': 1888}]}"
1757588309,LONG,,1,50000000,,"{'id': 4318, 'context': 0}"
1757588896,LONG,,1,42220000,,"{'id': 41525, 'context': 0}"
1757588958,LONG,,1,16720800,,"{'id': 10153, 'context': 0, 'bonus_lists': [6654, 1694], 'modifiers': [{'type': 9, 'value': 30}, {'type': 28, 'value': 1004}]}"
1757571595,LONG,,1,5294500,,"{'id': 6385, 'context': 0}"
1757573044,LONG,,1,5204900,,"{'id': 14132, 'context': 0}"
1757574171,LONG,,1,53775400,,"{'id': 98757, 'context': 0}"
1757571587,LONG,,1,24621400,,"{'id': 93559, 'context': 0}"
1757576588,LONG,,1,40133500,,"{'id': 82432, 'context': 0}"
1757576692,LONG,,1,40803400,,"{'id': 98923, 'context': 0}"
1757581637,LONG,,1,19627700,,"{'id': 41555, 'context': 0}"
1757581715,LONG,,1,66275300,,"{'id': 10030, 'context': 0}"
1757581789,LONG,,1,29300600,,"{'id': 4311, 'context': 0}"
1757581866,LONG,,1,31997800,,"{'id': 41607, 'context': 0}"
1757586192,LONG,,1,1296900,,"{'id': 2577, 'context': 0}"
1757585077,LONG,,1,56181000,,"{'id': 9971, 'context': 0, 'bonus_lists': [6654, 1679], 'modifiers': [{'type': 9, 'value': 30}, {'type': 28, 'value': 21}]}"
1757586151,LONG,,1,44076600,,"{'id': 14045, 'context': 0}"
1757586385,LONG,,1,73526300,,"{'id': 14299, 'context': 0, 'bonus_lists': [6654, 1692], 'modifiers': [{'type': 9, 'value': 30}, {'type': 28, 'value': 33}]}"
1757586496,LONG,,1,96385700,,"{'id': 13868, 'context': 0}"
1757588091,LONG,,1,14845000,,"{'id': 138790, 'context': 13}"
1757588154,LONG,,1,89184300,,"{'id': 75072, 'context': 0}"
1757588277,LONG,,1,11066898300,,"{'id': 35984, 'context': 0, 'bonus_lists': [1679]}"
1757588288,LONG,,1,38343456000,,"{'id': 15348, 'context': 0, 'bonus_lists': [6654, 1707], 'modifiers': [{'type': 9, 'value': 16}, {'type': 28, 'value': 1773}]}"
1757588954,LONG,,1,31889500,,"{'id': 98868, 'context': 0}"
1757582004,LONG,,1,54075100,,"{'id': 67275, 'context': 0}"
1757583948,LONG,,1,121568400,,"{'id': 21866, 'context': 0}"
1757571668,LONG,,1,12555048000,,"{'id': 36084, 'context': 0, 'bonus_lists': [1695]}"
1757571680,LONG,,1,257942600,,"{'id': 18289, 'context': 1, 'bonus_lists': [4014], 'modifiers': [{'type': 9, 'value': 18}]}"
1757571758,LONG,,1,11693800,,"{'id': 38277, 'context': 0}"
1757586994,LONG,,1,44421600,,"{'id': 21860, 'context': 0}"
1757574111,LONG,,1,8353400,,"{'id': 41549, 'context': 0}"
1757574112,LONG,,1,13757800,,"{'id': 54480, 'context': 0}"
1757574116,LONG,,1,30413000,,"{'id': 54484, 'context': 0}"
1757576563,LONG,,1,345338300,,"{'id': 16979, 'context': 0}"
1757576657,LONG,,1,214714000,,"{'id': 45567, 'context': 0}"
1757576674,LONG,,1,74876100,,"{'id': 151772, 'context': 0}"
1757576781,LONG,,1,35984300,,"{'id': 6836, 'context': 0}"
1757576863,LONG,,1,8754600,,"{'id': 6342, 'context': 0, 'modifiers': [{'type': 28, 'value': 74}]}"
1757574133,LONG,,1,93466300,,"{'id': 14926, 'context': 0, 'bonus_lists': [6654, 1681], 'modifiers': [{'type': 9, 'value': 30}, {'type': 28, 'value': 33}]}"
1757574167,LONG,,1,28614800,,"{'id': 13870, 'context': 0}"
1757574176,LONG,,1,51623500,,"{'id': 82425, 'context': 0}"
1757574179,LONG,,1,14097900,,"{'id': 21855, 'context': 0}"
1757576575,LONG,,1,392086300,,"{'id': 126995, 'context': 13, 'bonus_lists': [669, 601, 689, 1700, 3408]}"
1757576663,LONG,,1,347497400,,"{'id': 127034, 'context': 13, 'bonus_lists': [669, 601, 689, 3346, 3408]}"
1757571666,LONG,,1,263566800,,"{'id': 14397, 'context': 1, 'bonus_lists': [6654], 'modifiers': [{'type': 9, 'value': 33}, {'type': 28, 'value': 1925}]}"
1757571697,LONG,,1,438943200,,"{'id': 5788, 'context': 14, 'modifiers': [{'type': 28, 'value': 24}]}"
1757571877,LONG,,1,116058700,,"{'id': 42113, 'context': 0}"
1757572924,LONG,,1,74612600,,"{'id': 15612, 'context': 1, 'bonus_lists': [6654, 1678], 'modifiers': [{'type': 9, 'value': 36}, {'type': 28, 'value': 1917}]}"
1757581641,LONG,,1,14277800,,"{'id': 75064, 'context': 0}"
1757581650,LONG,,1,46560400,,"{'id': 98873, 'context': 0}"
1757581695,LONG,,1,20532600,,"{'id': 14208, 'context': 0, 'bonus_lists': [6654, 1681], 'modifiers': [{'type': 9, 'value': 33}, {'type': 28, 'value': 1791}]}"
1757581718,LONG,,1,2500000,,"{'id': 11734, 'context': 0, 'modifiers': [{'type': 28, 'value': 33}]}"
1757581940,LONG,,1,50000,,"{'id': 82800, 'context': 0, 'modifiers': [{'type': 6, 'value': 27718}], 'pet_breed_id': 17, 'pet_level': 1, 'pet_quality_id': 2, 'pet_species_id': 90}"
1757583969,LONG,,1,17546700,,"{'id': 75098, 'context': 0}"
1757584036,LONG,,1,19969900,,"{'id': 15217, 'context': 0, 'bonus_lists': [6655, 1707], 'modifiers': [{'type': 9, 'value': 30}, {'type': 28, 'value': 31}]}"
1757581631,LONG,,1,27825200,,"{'id': 54472, 'context': 0}"
1757585052,LONG,,1,257997800,,"{'id': 14209, 'context': 1, 'bonus_lists': [6654, 1678], 'modifiers': [{'type': 9, 'value': 33}, {'type': 28, 'value': 1925}]}"
1757585070,LONG,,1,39954100,,"{'id': 54482, 'context': 0}"
1757586102,LONG,,1,255500,,"{'id': 18259, 'context': 0, 'modifiers': [{'type': 28, 'value': 1004}]}"
1757586145,LONG,,1,14260800,,"{'id': 3611, 'context': 0, 'modifiers': [{'type': 28, 'value': 18}]}"
1757586213,LONG,,1,89932300,,"{'id': 21863, 'context': 0}"
1757588509,LONG,,1,50000,,"{'id': 82800, 'context': 0, 'modifiers': [{'type': 6, 'value': 27718}], 'pet_breed_id': 17, 'pet_level': 1, 'pet_quality_id': 2, 'pet_species_id': 90}"
1757588893,LONG,,1,2526603300,,"{'id': 6328, 'context': 14, 'modifiers': [{'type': 28, 'value': 73}]}"
1757588953,LONG,,1,27702900,,"{'id': 4793, 'context': 14, 'modifiers': [{'type': 28, 'value': 15}]}"
1757589017,LONG,,1,160559900,,"{'id': 4829, 'context': 14, 'modifiers': [{'type': 28, 'value': 15}]}"
1757588027,LONG,,1,44438800,,"{'id': 128533, 'context': 13}"
1757588198,LONG,,1,34895400,,"{'id': 93420, 'context': 0}"
1757588314,LONG,,1,33679000,,"{'id': 5640, 'context': 14, 'modifiers': [{'type': 28, 'value': 9}]}"
1757588915,LONG,,1,5552000,,"{'id': 32749, 'context': 3, 'modifiers': [{'type': 28, 'value': 1014}]}"
1757588925,LONG,,1,50670700,,"{'id': 98922, 'context': 0}"
1757589021,LONG,,1,9429500,,"{'id': 10171, 'context': 0, 'bonus_lists': [6654, 1708], 'modifiers': [{'type': 9, 'value': 30}, {'type': 28, 'value': 31}]}"
1757581661,LONG,,1,30000000,,"{'id': 24647, 'context': 1, 'bonus_lists': [6654, 1677], 'modifiers': [{'type': 9, 'value': 19}, {'type': 28, 'value': 1891}]}"
1757581688,LONG,,1,6450000,,"{'id': 47623, 'context': 0, 'modifiers': [{'type': 28, 'value': 1988}]}"
1757581731,LONG,,1,376129500,,"{'id': 15596, 'context': 1, 'bonus_lists': [6654, 1709], 'modifiers': [{'type': 9, 'value': 36}, {'type': 28, 'value': 1917}]}"
1757581755,LONG,,1,59999300,,"{'id': 47634, 'context': 0, 'modifiers': [{'type': 28, 'value': 1988}]}"
1757571648,LONG,,1,67451800,,"{'id': 20576, 'context': 14}"
1757571682,LONG,,1,460018100,,"{'id': 36236, 'context': 1, 'bonus_lists': [6654, 1693], 'modifiers': [{'type': 9, 'value': 30}, {'type': 28, 'value': 238}]}"
1757573032,LONG,,1,10337700,,"{'id': 10040, 'context': 0}"
1757574139,LONG,,1,315508000,,"{'id': 47605, 'context': 0}"
1757583954,LONG,,1,157155800,,"{'id': 21864, 'context': 0}"
1757588053,LONG,,1,33330000,,"{'id': 21853, 'context': 0}"
1757588211,LONG,,1,2624100,,"{'id': 20753, 'context': 14}"
1757576550,LONG,,1,13759500,,"{'id': 2585, 'context': 0}"
1757576601,LONG,,1,3292300,,"{'id': 9298, 'context': 0, 'modifiers': [{'type': 28, 'value': 31}]}"
1757576819,LONG,,1,46528000,,"{'id': 43973, 'context': 0}"
1757581648,LONG,,1,80215804500,,"{'id': 7361, 'context': 14, 'modifiers': [{'type': 28, 'value': 12}]}"
1757576535,LONG,,1,32120400,,"{'id': 93617, 'context': 0}"
1757576598,LONG,,1,16044600,,"{'id': 14100, 'context': 0}"
1757576708,LONG,,1,8300100,,"{'id': 14128, 'context': 0}"
1757576720,LONG,,1,5613600,,"{'id': 7057, 'context': 0}"
1757576723,LONG,,1,890000,,"{'id': 2889, 'context': 11, 'modifiers': [{'type': 28, 'value': 74}]}"
1757581870,LONG,,1,223744700,,"{'id': 4312, 'context': 0}"
1757584005,LONG,,1,34507900,,"{'id': 93551, 'context': 0}"
1757585085,LONG,,1,128364400,,"{'id': 10201, 'context': 0, 'bonus_lists': [6654, 1694], 'modifiers': [{'type': 9, 'value': 30}, {'type': 28, 'value': 31}]}"
1757586420,LONG,,1,137955300,,"{'id': 31226, 'context': 1, 'bonus_lists': [6658], 'modifiers': [{'type': 9, 'value': 30}, {'type': 28, 'value': 222}]}"
1757588003,LONG,,1,72044500,,"{'id': 12989, 'context': 0, 'bonus_lists': [6659], 'modifiers': [{'type': 9, 'value': 10}, {'type': 28, 'value': 18}]}"
1757588048,LONG,,1,14545700,,"{'id': 9827, 'context': 0, 'bonus_lists': [6654, 1679], 'modifiers': [{'type': 9, 'value': 10}, {'type': 28, 'value': 18}]}"
1757572920,LONG,,1,49311000,,"{'id': 24756, 'context': 1, 'bonus_lists': [6654, 1693], 'modifiers': [{'type': 9, 'value': 45}, {'type': 28, 'value': 1892}]}"
1757574160,LONG,,1,9991800,,"{'id': 6264, 'context': 0}"
1757574189,LONG,,1,12795800,,"{'id': 82397, 'context': 0, 'bonus_lists': [1679]}"
1757588937,LONG,,1,45086200,,"{'id': 54478, 'context': 0}"
1757589000,LONG,,1,2078800,,"{'id': 2701, 'context': 11, 'modifiers': [{'type': 28, 'value': 1786}]}"
1757586400,LONG,,1,20007500,,"{'id': 4044, 'context': 1, 'bonus_lists': [6654], 'modifiers': [{'type': 9, 'value': 30}, {'type': 28, 'value': 217}]}"
1757588022,LONG,,1,73180900,,"{'id': 24851, 'context': 22, 'bonus_lists': [6654, 1705], 'modifiers': [{'type': 9, 'value': 30}, {'type': 28, 'value': 1066}]}"
1757588173,LONG,,1,55705800,,"{'id': 31149, 'context': 1, 'bonus_lists': [6658], 'modifiers': [{'type': 9, 'value': 38}, {'type': 28, 'value': 1887}]}"
1757571707,LONG,,1,32000,,"{'id': 22307, 'context': 14}"
1757571720,LONG,,1,45977800,,"{'id': 8132, 'context': 0, 'bonus_lists': [6654], 'modifiers': [{'type': 9, 'value': 28}, {'type': 28, 'value': 1803}]}"
1757572177,LONG,,1,38738700,,"{'id': 7482, 'context': 0, 'bonus_lists': [6654, 1681], 'modifiers': [{'type': 9, 'value': 27}, {'type': 28, 'value': 24}]}"
1757576855,LONG,,1,76122963000,,"{'id': 15802, 'context': 0}"
1757581680,LONG,,1,112800,,"{'id': 5772, 'context': 14, 'modifiers': [{'type': 28, 'value': 9}]}"
1757581838,LONG,,1,16097900,,"{'id': 10026, 'context': 0}"
1757581975,LONG,,1,460000,,"{'id': 82800, 'context': 0, 'pet_breed_id': 6, 'pet_level': 1, 'pet_quality_id': 2, 'pet_species_id': 89}"
1757583836,LONG,,1,15841400,,"{'id': 4322, 'context': 0}"
1757583967,LONG,,1,151477000,,"{'id': 13869, 'context': 0}"
1757586117,LONG,,1,97494300,,"{'id': 14124, 'context': 0, 'bonus_lists': [6654, 1709], 'modifiers': [{'type': 9, 'value': 23}, {'type': 28, 'value': 1773}]}"
1757586202,LONG,,1,25000000,,"{'id': 4714, 'context': 0, 'bonus_lists': [6654], 'modifiers': [{'type': 9, 'value': 30}, {'type': 28, 'value': 15}]}"
1757586367,LONG,,1,20501400,,"{'id': 93558, 'context': 0}"
1757587977,LONG,,1,51693600,,"{'id': 16223, 'context': 0, 'modifiers': [{'type': 28, 'value': 33}]}"
1757571693,LONG,,1,27757400,,"{'id': 10018, 'context': 0}"
1757572947,LONG,,1,30143600,,"{'id': 7065, 'context': 0}"
1757572975,LONG,,1,8670400,,"{'id': 114829, 'context': 13, 'bonus_lists': [98]}"
1757573009,LONG,,1,85784100,,"{'id': 128534, 'context': 13, 'modifiers': [{'type': 28, 'value': 373}]}"
1757573010,LONG,,1,33125300,,"{'id': 93428, 'context': 0}"
1757573012,LONG,,1,36247000,,"{'id': 82428, 'context': 0}"
1757573034,LONG,,1,14599000,,"{'id': 10036, 'context': 0}"
1757573088,LONG,,1,13207400,,"{'id': 82404, 'context': 0, 'bonus_lists': [1708]}"
1757576521,LONG,,1,249576900,,"{'id': 14675, 'context': 0, 'bonus_lists': [6654], 'modifiers': [{'type': 9, 'value': 30}, {'type': 28, 'value': 33}]}"
1757576543,LONG,,1,18010900,,"{'id': 21851, 'context': 0}"
1757576821,LONG,,1,438943200,,"{'id': 5788, 'context': 14, 'modifiers': [{'type': 28, 'value': 24}]}"
1757581706,LONG,,1,51958100,,"{'id': 98766, 'context': 0}"
1757581851,LONG,,1,6866939900,,"{'id': 15332, 'context': 0, 'bonus_lists': [6655, 1705], 'modifiers': [{'type': 9, 'value': 23}, {'type': 28, 'value': 1773}]}"
1757584027,LONG,,1,196687300,,"{'id': 14175, 'context': 0, 'bonus_lists': [6654, 1693], 'modifiers': [{'type': 9, 'value': 12}, {'type': 28, 'value': 18}]}"
1757584189,LONG,,1,47960300,,"{'id': 21859, 'context': 0}"
1757586135,LONG,,1,84394200,,"{'id': 25117, 'context': 0, 'bonus_lists': [6655, 1680], 'modifiers': [{'type': 9, 'value': 38}, {'type': 28, 'value': 1736}]}"
1757586253,LONG,,1,18564600,,"{'id': 6454, 'context': 0, 'modifiers': [{'type': 28, 'value': 18}]}"
1757572978,LONG,,1,45194000,,"{'id': 98872, 'context': 0}"
1757573007,LONG,,1,286982900,,"{'id': 19684, 'context': 0}"
1757573041,LONG,,1,14272100,,"{'id': 13867, 'context': 0}"
1757574185,LONG,,1,9999500,,"{'id': 6263, 'context': 0}"
1757576567,LONG,,1,17726100,,"{'id': 12542, 'context': 1, 'bonus_lists': [3999], 'modifiers': [{'type': 9, 'value': 22}]}"
1757571746,LONG,,1,441302500,,"{'id': 8126, 'context': 0, 'bonus_lists': [6654], 'modifiers': [{'type': 9, 'value': 30}, {'type': 28, 'value': 31}]}"
1757581728,LONG,,1,20248600,,"{'id': 6270, 'context': 14, 'modifiers': [{'type': 28, 'value': 73}]}"
1757583807,LONG,,1,13999700,,"{'id': 41521, 'context': 0}"
1757583955,LONG,,1,20321100,,"{'id': 43971, 'context': 0}"
1757583964,LONG,,1,87489900,,"{'id': 14168, 'context': 0, 'bonus_lists': [6654, 1708], 'modifiers': [{'type': 9, 'value': 30}, {'type': 28, 'value': 15}]}"
1757586114,LONG,,1,19918200,,"{'id': 15775, 'context': 1, 'modifiers': [{'type': 28, 'value': 205}]}"
1757586241,LONG,,1,193340500,,"{'id': 7064, 'context': 0}"
1757588100,LONG,,1,150000000,,"{'id': 6275, 'context': 14, 'modifiers': [{'type': 28, 'value': 9}]}"
1757588145,LONG,,1,911300,,"{'id': 2587, 'context': 0}"
1757588160,LONG,,1,28275800,,"{'id': 11039, 'context': 14, 'modifiers': [{'type': 28, 'value': 12}]}"
1757589009,LONG,,1,5393076900,,"{'id': 25144, 'context': 1, 'bonus_lists': [6655, 1695], 'modifiers': [{'type': 9, 'value': 30}, {'type': 28, 'value': 1887}]}"
1757586236,LONG,,1,54149600,,"{'id': 21099, 'context': 14}"
1757588076,LONG,,1,401138000,,"{'id': 6401, 'context': 14, 'modifiers': [{'type': 28, 'value': 13}]}"
1757573037,LONG,,1,29472400,,"{'id': 126989, 'context': 13, 'bonus_lists': [1676, 3408]}"
1757573060,LONG,,1,546205700,,"{'id': 5766, 'context': 0}"
1757576612,LONG,,1,280857000,,"{'id': 127033, 'context': 13, 'bonus_lists': [669, 601, 689, 3360, 3408]}"
1757576622,LONG,,1,18837200,,"{'id': 8315, 'context': 0, 'bonus_lists': [6654], 'modifiers': [{'type': 9, 'value': 30}, {'type': 28, 'value': 31}]}"
1757571607,LONG,,1,36404500,,"{'id': 10728, 'context': 14, 'modifiers': [{'type': 28, 'value': 24}]}"
1757571662,LONG,,1,20248600,,"{'id': 6270, 'context': 14, 'modifiers': [{'type': 28, 'value': 73}]}"
1757572189,LONG,,1,166665000,,"{'id': 25119, 'context': 1, 'bonus_lists': [6655, 1680], 'modifiers': [{'type': 9, 'value': 47}, {'type': 28, 'value': 1890}]}"
1757576799,LONG,,1,4195700,,"{'id': 4609, 'context': 14, 'modifiers': [{'type': 28, 'value': 17}]}"
1757576812,LONG,,1,45073500,,"{'id': 93433, 'context': 0}"
1757576858,LONG,,1,1192551800,,"{'id': 21865, 'context': 0}"
1757581655,LONG,,1,14600000,,"{'id': 14130, 'context': 0}"
1757581799,LONG,,1,18352100,,"{'id': 93503, 'context': 0}"
1757583939,LONG,,1,17853700,,"{'id': 21850, 'context': 0}"
1757583944,LONG,,1,26272200,,"{'id': 23803, 'context': 14, 'modifiers': [{'type': 28, 'value': 37}]}"
1757571539,LONG,,1,700078000,,"{'id': 24627, 'context': 0, 'bonus_lists': [6654, 1681], 'modifiers': [{'type': 9, 'value': 30}, {'type': 28, 'value': 1736}]}"
1757571560,LONG,,1,40298900,,"{'id': 14044, 'context': 0}"
1757583925,LONG,,1,65000000,,"{'id': 10325, 'context': 14, 'modifiers': [{'type': 28, 'value': 864}]}"
1757583961,LONG,,1,14106944300,,"{'id': 25242, 'context': 0, 'bonus_lists': [6655, 1691], 'modifiers': [{'type': 9, 'value': 34}, {'type': 28, 'value': 1736}]}"
1757583971,LONG,,1,17991729000,,"{'id': 25247, 'context': 1, 'bonus_lists': [6655, 1709], 'modifiers': [{'type': 9, 'value': 17}, {'type': 28, 'value': 1891}]}"
1757584019,LONG,,1,1835800,,"{'id': 3683, 'context': 11, 'modifiers': [{'type': 28, 'value': 1786}]}"
1757585081,LONG,,1,46892658000,,"{'id': 36619, 'context': 1, 'bonus_lists': [6655, 1680], 'modifiers': [{'type': 9, 'value': 30}, {'type': 28, 'value': 238}]}"
1757586391,LONG,,1,36961300,,"{'id': 93608, 'context': 0}"
1757587973,LONG,,1,240848200,,"{'id': 21867, 'context': 0}"
1757588081,LONG,,1,401138000,,"{'id': 6401, 'context': 14, 'modifiers': [{'type': 28, 'value': 13}]}"
1757588264,LONG,,1,15440900,,"{'id': 16220, 'context': 0, 'modifiers': [{'type': 28, 'value': 31}]}"
1757581654,LONG,,1,890000,,"{'id': 2889, 'context': 11, 'modifiers': [{'type': 28, 'value': 74}]}"
1757581682,LONG,,1,112800,,"{'id': 5772, 'context': 14}"
1757581749,LONG,,1,59994900,,"{'id': 98773, 'context': 0}"
1757581802,LONG,,1,190940400,,"{'id': 7537, 'context': 0, 'bonus_lists': [6655, 1706], 'modifiers': [{'type': 9, 'value': 28}, {'type': 28, 'value': 1803}]}"
1757581952,LONG,,1,3127917100,,"{'id': 138787, 'context': 13}"
1757583825,LONG,,1,727802000,,"{'id': 24249, 'context': 0}"
1757583887,LONG,,1,4500000,,"{'id': 10034, 'context': 0}"
1757571610,LONG,,1,13508300,,"{'id': 41544, 'context': 0}"
1757573058,LONG,,1,102650700,,"{'id': 13858, 'context': 0}"
1757573086,LONG,,1,6871500,,"{'id': 44211, 'context': 0}"
1757573092,LONG,,1,28070800,,"{'id': 93615, 'context': 0}"
1757576638,LONG,,1,51693600,,"{'id': 16223, 'context': 0, 'modifiers': [{'type': 28, 'value': 33}]}"
1757576670,LONG,,1,44372600,,"{'id': 98871, 'context': 0}"
1757571664,LONG,,1,72708700,,"{'id': 15175, 'context': 0, 'bonus_lists': [6654, 1695], 'modifiers': [{'type': 9, 'value': 30}, {'type': 28, 'value': 33}]}"
1757571832,LONG,,1,171826600,,"{'id': 15149, 'context': 0, 'bonus_lists': [6654, 1693], 'modifiers': [{'type': 9, 'value': 33}, {'type': 28, 'value': 1791}]}"
1757573013,LONG,,1,11777200,,"{'id': 114828, 'context': 13, 'bonus_lists': [228]}"
1757581843,LONG,,1,2462602800,,"{'id': 7060, 'context': 0}"
1757581889,LONG,,1,10491500,,"{'id': 6057, 'context': 14, 'modifiers': [{'type': 28, 'value': 22}]}"
1757573027,LONG,,1,11735500,,"{'id': 10008, 'context': 0}"
1757583810,LONG,,1,50000000,,"{'id': 21852, 'context': 0}"
1757583893,LONG,,1,35106800,,"{'id': 93432, 'context': 0}"
1757583973,LONG,,1,100653200,,"{'id': 75095, 'context': 0}"
1757583980,LONG,,1,27051800,,"{'id': 43974, 'context': 0}"
1757585062,LONG,,1,9477600,,"{'id': 13856, 'context': 0}"
1757586705,LONG,,1,90516500,,"{'id': 4320, 'context': 0}"
1757586747,LONG,,1,454069200,,"{'id': 21875, 'context': 0}"
1757588244,LONG,,1,37018000,,"{'id': 82422, 'context': 0}"
1757588325,LONG,,1,38272000,,"{'id': 14630, 'context': 14, 'modifiers': [{'type': 28, 'value': 24}]}"
1757588960,LONG,,1,70586800,,"{'id': 54446, 'context': 0}"
1757589004,LONG,,1,59022100,,"{'id': 24836, 'context': 1, 'bonus_lists': [6654, 1708], 'modifiers': [{'type': 9, 'value': 33}, {'type': 28, 'value': 1888}]}"
1757573055,LONG,,1,83107500,,"{'id': 18486, 'context': 0}"
1757571653,LONG,,1,3860800,,"{'id': 27684, 'context': 11, 'modifiers': [{'type': 28, 'value': 1736}]}"
1757571812,LONG,,1,82012600,,"{'id': 50015, 'context': 0, 'modifiers': [{'type': 28, 'value': 1023}]}"
1757576807,LONG,,1,5004300,,"{'id': 23805, 'context': 14, 'modifiers': [{'type': 28, 'value': 37}]}"
1757576983,LONG,,1,97703900,,"{'id': 128535, 'context': 13, 'modifiers': [{'type': 28, 'value': 373}]}"
1757572941,LONG,,1,67983000,,"{'id': 24992, 'context': 1, 'bonus_lists': [6654, 1678], 'modifiers': [{'type': 9, 'value': 45}, {'type': 28, 'value': 1892}]}"
1757581833,LONG,,1,75507000,,"{'id': 7062, 'context': 0}"
1757584031,LONG,,1,2878725000,,"{'id': 18702, 'context': 1, 'bonus_lists': [6710], 'modifiers': [{'type': 9, 'value': 35}, {'type': 28, 'value': 1905}]}"
1757586120,LONG,,1,1600300,,"{'id': 16851, 'context': 0, 'modifiers': [{'type': 28, 'value': 1004}]}"
1757586601,LONG,,1,21418300,,"{'id': 93618, 'context': 0}"
1757588060,LONG,,1,186935800,,"{'id': 36017, 'context': 1, 'bonus_lists': [6654, 1680], 'modifiers': [{'type': 9, 'value': 30}, {'type': 28, 'value': 238}]}"
1757588190,LONG,,1,54510500,,"{'id': 43969, 'context': 0}"
1757588316,LONG,,1,55592600,,"{'id': 41608, 'context': 0}"
1757588881,LONG,,1,8885100,,"{'id': 93556, 'context': 0}"
1757588971,LONG,,1,40600,,"{'id': 16248, 'context': 1, 'modifiers': [{'type': 28, 'value': 1921}]}"
1757588974,LONG,,1,49965500,,"{'id': 31291, 'context': 0, 'bonus_lists': [6659], 'modifiers': [{'type': 9, 'value': 38}, {'type': 28, 'value': 1742}]}"
1757574164,LONG,,1,4229300,,"{'id': 10042, 'context': 0}"
1757571672,LONG,,1,55304600,,"{'id': 98764, 'context': 0}"
1757571729,LONG,,1,547126500,,"{'id': 4788, 'context': 14, 'modifiers': [{'type': 28, 'value': 9}]}"
1757581693,LONG,,1,141846000,,"{'id': 75093, 'context': 0}"
1757583895,LONG,,1,64295400,,"{'id': 127017, 'context': 13, 'bonus_lists': [3375, 3408]}"
1757583911,LONG,,1,25649700,,"{'id': 126988, 'context': 13, 'bonus_lists': [1683, 3408]}"
1757584021,LONG,,1,9268900,,"{'id': 6238, 'context': 0}"
1757572993,LONG,,1,65000000,,"{'id': 10325, 'context': 14, 'modifiers': [{'type': 28, 'value': 864}]}"
1757586483,LONG,,1,9530900,,"{'id': 41520, 'context': 0}"
1757588056,LONG,,1,139607500,,"{'id': 24817, 'context': 0, 'bonus_lists': [6654, 1705], 'modifiers': [{'type': 9, 'value': 37}, {'type': 28, 'value': 1736}]}"
1757573045,LONG,,1,34504800,,"{'id': 7053, 'context': 0}"
1757588105,LONG,,1,123584800,,"{'id': 14751, 'context': 1, 'bonus_lists': [6654], 'modifiers': [{'type': 9, 'value': 33}, {'type': 28, 'value': 1925}]}"
1757574108,LONG,,1,3027800,,"{'id': 4309, 'context': 0}"
1757588136,LONG,,1,129382600,,"{'id': 14627, 'context': 14, 'modifiers': [{'type': 28, 'value': 13}]}"
1757588946,LONG,,1,370958700,,"{'id': 7413, 'context': 0, 'bonus_lists': [6654, 1709], 'modifiers': [{'type': 9, 'value': 30}, {'type': 28, 'value': 19}]}"
1757588955,LONG,,1,48946600,,"{'id': 6242, 'context': 0}"
1757576558,LONG,,1,24515600,,"{'id': 14101, 'context': 0}"
1757576607,LONG,,1,3322900,,"{'id': 9998, 'context': 0}"
1757576288,LONG,,1,27876300,,"{'id': 173145, 'context': 13, 'bonus_lists': [7185], 'modifiers': [{'type': 9, 'value': 60}, {'type': 29, 'value': 40}]}"
1757576291,LONG,,1,27876300,,"{'id': 173145, 'context': 13, 'bonus_lists': [7185], 'modifiers': [{'type': 9, 'value': 60}, {'type': 29, 'value': 40}]}"
1757576313,LONG,,1,27876300,,"{'id': 173145, 'context': 13, 'bonus_lists': [7185], 'modifiers': [{'type': 9, 'value': 60}, {'type': 29, 'value': 36}]}"
1757575022,LONG,,1,25971400,,"{'id': 173147, 'context': 13, 'bonus_lists': [7185], 'modifiers': [{'type': 9, 'value': 60}, {'type': 29, 'value': 49}]}"
1757575033,LONG,,1,25971400,,"{'id': 173147, 'context': 13, 'bonus_lists': [7185], 'modifiers': [{'type': 9, 'value': 60}, {'type': 29, 'value': 49}]}"
1757575047,LONG,,1,25971400,,"{'id': 173147, 'context': 13, 'bonus_lists': [7185], 'modifiers': [{'type': 9, 'value': 60}, {'type': 29, 'value': 40}]}"
1757575099,LONG,,1,29694300,,"{'id': 173144, 'context': 13, 'bonus_lists': [7185], 'modifiers': [{'type': 9, 'value': 60}, {'type': 29, 'value': 32}]}"
1757576150,LONG,,1,25852700,,"{'id': 173050, 'context': 13, 'modifiers': [{'type': 29, 'value': 36}, {'type': 30, 'value': 32}]}"
1757576241,LONG,,1,27916700,,"{'id': 173146, 'context': 13, 'bonus_lists': [7185], 'modifiers': [{'type': 9, 'value': 60}, {'type': 29, 'value': 32}]}"
1757576296,LONG,,1,27876300,,"{'id': 173145, 'context': 13, 'bonus_lists': [7185], 'modifiers': [{'type': 9, 'value': 60}, {'type': 29, 'value': 40}]}"
1757576308,LONG,,1,27876300,,"{'id': 173145, 'context': 13, 'bonus_lists': [7185], 'modifiers': [{'type': 9, 'value': 60}, {'type': 29, 'value': 36}]}"
1757566454,LONG,,1,395508700,,"{'id': 83088, 'context': 0, 'modifiers': [{'type': 28, 'value': 872}]}"
1757576493,LONG,,1,1264300,,"{'id': 172236, 'context': 13, 'bonus_lists': [6887], 'modifiers': [{'type': 9, 'value': 50}, {'type': 28, 'value': 391}, {'type': 29, 'value': 40}, {'type': 30, 'value': 49}]}"
1757576511,LONG,,1,16202000,,"{'id': 138793, 'context': 13}"
1757577050,LONG,,1,172301900,,"{'id': 171414, 'context': 64, 'bonus_lists': [6717, 1507]}"
1757577062,LONG,,1,21019100,,"{'id': 173428, 'context': 13, 'modifiers': [{'type': 29, 'value': 36}, {'type': 30, 'value': 32}]}"
1757575008,LONG,,1,10472800,,"{'id': 15996, 'context': 0}"
1757575054,LONG,,1,25971400,,"{'id': 173147, 'context': 13, 'bonus_lists': [7185], 'modifiers': [{'type': 9, 'value': 60}, {'type': 29, 'value': 40}]}"
1757575077,LONG,,1,29694300,,"{'id': 173144, 'context': 13, 'bonus_lists': [7185], 'modifiers': [{'type': 9, 'value': 60}, {'type': 29, 'value': 49}]}"
1757576107,LONG,,1,3254200,,"{'id': 153573, 'context': 13}"
1757576128,LONG,,1,172301900,,"{'id': 171414, 'context': 64, 'bonus_lists': [6717, 1507]}"
1757576181,LONG,,1,40544900,,"{'id': 173133, 'context': 13, 'bonus_lists': [7185], 'modifiers': [{'type': 9, 'value': 60}, {'type': 29, 'value': 32}]}"
1757576223,LONG,,1,27916700,,"{'id': 173146, 'context': 13, 'bonus_lists': [7185], 'modifiers': [{'type': 9, 'value': 60}, {'type': 29, 'value': 32}]}"
1757576277,LONG,,1,8527700,,"{'id': 138791, 'context': 13}"
1757576331,LONG,,1,171505600,,"{'id': 171413, 'context': 64, 'bonus_lists': [6717, 1507]}"
1757576590,LONG,,1,29604300,,"{'id': 173132, 'context': 13, 'bonus_lists': [7185], 'modifiers': [{'type': 9, 'value': 60}, {'type': 29, 'value': 32}]}"
1757576600,LONG,,1,29604300,,"{'id': 173132, 'context': 13, 'bonus_lists': [7185], 'modifiers': [{'type': 9, 'value': 60}, {'type': 29, 'value': 32}]}"
1757577067,LONG,,1,21019100,,"{'id': 173428, 'context': 13, 'modifiers': [{'type': 29, 'value': 40}, {'type': 30, 'value': 49}]}"
1757575075,LONG,,1,29694300,,"{'id': 173144, 'context': 13, 'bonus_lists': [7185], 'modifiers': [{'type': 9, 'value': 60}, {'type': 29, 'value': 49}]}"
1757576346,LONG,,1,171505600,,"{'id': 171413, 'context': 64, 'bonus_lists': [6717, 1507]}"
1757566491,LONG,,1,33880000,,"{'id': 82800, 'context': 0, 'modifiers': [{'type': 6, 'value': 90411}], 'pet_breed_id': 18, 'pet_level': 1, 'pet_quality_id': 2, 'pet_species_id': 2530}"
1757575002,LONG,,1,67436900,,"{'id': 132518, 'context': 13}"
1757575020,LONG,,1,25971400,,"{'id': 173147, 'context': 13, 'bonus_lists': [7185], 'modifiers': [{'type': 9, 'value': 60}, {'type': 29, 'value': 49}]}"
1757575072,LONG,,1,17390500,,"{'id': 171417, 'context': 63, 'bonus_lists': [6716, 1487]}"
1757576115,LONG,,1,30010500,,"{'id': 173054, 'context': 13, 'modifiers': [{'type': 29, 'value': 32}, {'type': 30, 'value': 49}]}"
1757576131,LONG,,1,172301900,,"{'id': 171414, 'context': 64, 'bonus_lists': [6717, 1507]}"
1757576334,LONG,,1,171505600,,"{'id': 171413, 'context': 64, 'bonus_lists': [6717, 1507]}"
1757576351,LONG,,1,27442600,,"{'id': 171413, 'context': 63, 'bonus_lists': [6716, 1487]}"
1757576370,LONG,,1,33209500,,"{'id': 173131, 'context': 13, 'bonus_lists': [7185], 'modifiers': [{'type': 9, 'value': 60}, {'type': 29, 'value': 32}]}"
1757576487,LONG,,1,3127917100,,"{'id': 138787, 'context': 13}"
1757566417,LONG,,1,45273500,,"{'id': 173054, 'context': 13, 'bonus_lists': [7180], 'modifiers': [{'type': 9, 'value': 49}, {'type': 29, 'value': 40}, {'type': 30, 'value': 36}]}"
1757566442,LONG,,1,20949700,,"{'id': 180760, 'context': 13}"
1757566465,LONG,,1,900057100,,"{'id': 87251, 'context': 0}"
1757566469,LONG,,1,34907200,,"{'id': 82800, 'context': 0, 'modifiers': [{'type': 6, 'value': 47931}], 'pet_breed_id': 17, 'pet_level': 1, 'pet_quality_id': 3, 'pet_species_id': 1478}"
1757566482,LONG,,1,707057300,,"{'id': 65891, 'context': 0}"
1757566488,LONG,,1,758400,,"{'id': 29958, 'context': 0}"
1757566493,LONG,,1,1224179000,,"{'id': 82453, 'context': 0, 'modifiers': [{'type': 28, 'value': 872}]}"
1757566503,LONG,,1,274780600,,"{'id': 91040, 'context': 11}"
1757566421,LONG,,1,45273500,,"{'id': 173054, 'context': 13, 'modifiers': [{'type': 29, 'value': 40}, {'type': 30, 'value': 49}]}"
1757566459,LONG,,1,350883700,,"{'id': 83087, 'context': 0}"
1757575028,LONG,,1,25971400,,"{'id': 173147, 'context': 13, 'bonus_lists': [7185], 'modifiers': [{'type': 9, 'value': 60}, {'type': 29, 'value': 49}]}"
1757575066,LONG,,1,17390500,,"{'id': 171417, 'context': 63, 'bonus_lists': [6716, 1487]}"
1757576102,LONG,,1,29694300,,"{'id': 173144, 'context': 13, 'bonus_lists': [7185], 'modifiers': [{'type': 9, 'value': 60}, {'type': 29, 'value': 32}]}"
1757576449,LONG,,1,1107000,,"{'id': 173197, 'context': 0, 'bonus_lists': [6887], 'modifiers': [{'type': 9, 'value': 50}, {'type': 28, 'value': 391}, {'type': 29, 'value': 40}, {'type': 30, 'value': 36}]}"
1757575044,LONG,,1,25971400,,"{'id': 173147, 'context': 13, 'bonus_lists': [7185], 'modifiers': [{'type': 9, 'value': 60}, {'type': 29, 'value': 40}]}"
1757576125,LONG,,1,44438800,,"{'id': 128533, 'context': 13}"
1757576480,LONG,,1,3127917100,,"{'id': 138787, 'context': 13}"
1757577060,LONG,,1,35529200,,"{'id': 173050, 'context': 13, 'modifiers': [{'type': 29, 'value': 49}, {'type': 30, 'value': 40}]}"
1757577095,LONG,,1,29694300,,"{'id': 173144, 'context': 13, 'bonus_lists': [7185], 'modifiers': [{'type': 9, 'value': 60}, {'type': 29, 'value': 49}]}"
1757566424,LONG,,1,45273500,,"{'id': 173054, 'context': 13, 'modifiers': [{'type': 29, 'value': 49}, {'type': 30, 'value': 40}]}"
1757566457,LONG,,1,12999000,,"{'id': 11825, 'context': 0}"
1757576137,LONG,,1,172301900,,"{'id': 171414, 'context': 64, 'bonus_lists': [6717, 1507]}"
1757576193,LONG,,1,40544900,,"{'id': 173133, 'context': 13, 'bonus_lists': [7185], 'modifiers': [{'type': 9, 'value': 60}, {'type': 29, 'value': 32}]}"
1757575050,LONG,,1,25971400,,"{'id': 173147, 'context': 13, 'bonus_lists': [7185], 'modifiers': [{'type': 9, 'value': 60}, {'type': 29, 'value': 40}]}"
1757576317,LONG,,1,27876300,,"{'id': 173145, 'context': 13, 'bonus_lists': [7185], 'modifiers': [{'type': 9, 'value': 60}, {'type': 29, 'value': 36}]}"
1757576419,LONG,,1,35769500,,"{'id': 173131, 'context': 13, 'bonus_lists': [7185], 'modifiers': [{'type': 9, 'value': 60}, {'type': 29, 'value': 36}]}"
1757576502,LONG,,1,16202000,,"{'id': 138793, 'context': 13}"
1757575080,LONG,,1,29694300,,"{'id': 173144, 'context': 13, 'bonus_lists': [7185], 'modifiers': [{'type': 9, 'value': 60}, {'type': 29, 'value': 49}]}"
1757575091,LONG,,1,29694300,,"{'id': 173144, 'context': 13, 'bonus_lists': [7185], 'modifiers': [{'type': 9, 'value': 60}, {'type': 29, 'value': 32}]}"
1757576255,LONG,,1,27916700,,"{'id': 173146, 'context': 13, 'bonus_lists': [7185], 'modifiers': [{'type': 9, 'value': 60}, {'type': 29, 'value': 32}]}"
1757576228,LONG,,1,27916700,,"{'id': 173146, 'context': 13, 'bonus_lists': [7185], 'modifiers': [{'type': 9, 'value': 60}, {'type': 29, 'value': 32}]}"
1757576353,LONG,,1,27442600,,"{'id': 171413, 'context': 63, 'bonus_lists': [6716, 1487]}"
1757576576,LONG,,1,29604300,,"{'id': 173132, 'context': 13, 'bonus_lists': [7185], 'modifiers': [{'type': 9, 'value': 60}, {'type': 29, 'value': 32}]}"
1757576602,LONG,,1,29604300,,"{'id': 173132, 'context': 13, 'bonus_lists': [7185], 'modifiers': [{'type': 9, 'value': 60}, {'type': 29, 'value': 32}]}"
1757577070,LONG,,1,21019100,,"{'id': 173428, 'context': 13, 'modifiers': [{'type': 29, 'value': 49}, {'type': 30, 'value': 40}]}"
1757566449,LONG,,1,395645200,,"{'id': 83089, 'context': 0, 'modifiers': [{'type': 28, 'value': 872}]}"
1757566439,LONG,,1,20949700,,"{'id': 180760, 'context': 13}"
1757566474,LONG,,1,750000,,"{'id': 11023, 'context': 0, 'modifiers': [{'type': 28, 'value': 373}]}"
1757566395,LONG,,1,1676400,,"{'id': 90902, 'context': 0}"
1757575063,LONG,,1,17390500,,"{'id': 171417, 'context': 63, 'bonus_lists': [6716, 1487]}"
1757576342,LONG,,1,171505600,,"{'id': 171413, 'context': 64, 'bonus_lists': [6717, 1507]}"
1757576699,LONG,,1,43592400,,"{'id': 171415, 'context': 63, 'bonus_lists': [6716, 7194, 1487]}"
1757575023,LONG,,1,25971400,,"{'id': 173147, 'context': 13, 'bonus_lists': [7185], 'modifiers': [{'type': 9, 'value': 60}, {'type': 29, 'value': 49}]}"
1757575036,LONG,,1,25971400,,"{'id': 173147, 'context': 13, 'bonus_lists': [7185], 'modifiers': [{'type': 9, 'value': 60}, {'type': 29, 'value': 49}]}"
1757575095,LONG,,1,29694300,,"{'id': 173144, 'context': 13, 'bonus_lists': [7185], 'modifiers': [{'type': 9, 'value': 60}, {'type': 29, 'value': 32}]}"
1757576248,LONG,,1,27916700,,"{'id': 173146, 'context': 13, 'bonus_lists': [7185], 'modifiers': [{'type': 9, 'value': 60}, {'type': 29, 'value': 32}]}"
1757576305,LONG,,1,27876300,,"{'id': 173145, 'context': 13, 'bonus_lists': [7185], 'modifiers': [{'type': 9, 'value': 60}, {'type': 29, 'value': 36}]}"
1757576322,LONG,,1,27876300,,"{'id': 173145, 'context': 13, 'bonus_lists': [7185], 'modifiers': [{'type': 9, 'value': 60}, {'type': 29, 'value': 36}]}"
1757576327,LONG,,1,27876300,,"{'id': 173145, 'context': 13, 'bonus_lists': [7185], 'modifiers': [{'type': 9, 'value': 60}, {'type': 29, 'value': 36}]}"
1757576357,LONG,,1,27442600,,"{'id': 171413, 'context': 63, 'bonus_lists': [6716, 1487]}"
1757576659,LONG,,1,43592400,,"{'id': 171415, 'context': 63, 'bonus_lists': [6716, 7194, 1487]}"
1757575014,LONG,,1,90341200,,"{'id': 138789, 'context': 13}"
1757576151,LONG,,1,25852700,,"{'id': 173050, 'context': 13, 'modifiers': [{'type': 29, 'value': 36}, {'type': 30, 'value': 32}]}"
1757576220,LONG,,1,27916700,,"{'id': 173146, 'context': 13, 'bonus_lists': [7185], 'modifiers': [{'type': 9, 'value': 60}, {'type': 29, 'value': 49}]}"
1757576259,LONG,,1,27916700,,"{'id': 173146, 'context': 13, 'bonus_lists': [7185], 'modifiers': [{'type': 9, 'value': 60}, {'type': 29, 'value': 32}]}"
1757576364,LONG,,1,33209500,,"{'id': 173131, 'context': 13, 'bonus_lists': [7185], 'modifiers': [{'type': 9, 'value': 60}, {'type': 29, 'value': 32}]}"
1757566432,LONG,,1,20949700,,"{'id': 180760, 'context': 13}"
1757577082,LONG,,1,30010500,,"{'id': 173054, 'context': 13, 'modifiers': [{'type': 29, 'value': 32}, {'type': 30, 'value': 49}]}"
1757575038,LONG,,1,25971400,,"{'id': 173147, 'context': 13, 'bonus_lists': [7185], 'modifiers': [{'type': 9, 'value': 60}, {'type': 29, 'value': 36}]}"
1757575057,LONG,,1,25971400,,"{'id': 173147, 'context': 13, 'bonus_lists': [7185], 'modifiers': [{'type': 9, 'value': 60}, {'type': 29, 'value': 40}]}"
1757576234,LONG,,1,27916700,,"{'id': 173146, 'context': 13, 'bonus_lists': [7185], 'modifiers': [{'type': 9, 'value': 60}, {'type': 29, 'value': 32}]}"
1757566411,LONG,,1,45273500,,"{'id': 173054, 'context': 13, 'bonus_lists': [7180], 'modifiers': [{'type': 9, 'value': 49}, {'type': 29, 'value': 32}, {'type': 30, 'value': 49}]}"
1757566409,LONG,,1,45273500,,"{'id': 173054, 'context': 13, 'bonus_lists': [7180], 'modifiers': [{'type': 9, 'value': 49}, {'type': 29, 'value': 32}, {'type': 30, 'value': 49}]}"
1757575068,LONG,,1,17390500,,"{'id': 171417, 'context': 63, 'bonus_lists': [6716, 1487]}"
1757576215,LONG,,1,383909400,,"{'id': 94903, 'context': 0}"
1757576384,LONG,,1,33209500,,"{'id': 173131, 'context': 13, 'bonus_lists': [7185], 'modifiers': [{'type': 9, 'value': 60}, {'type': 29, 'value': 32}]}"
1757576560,LONG,,1,29604300,,"{'id': 173132, 'context': 13, 'bonus_lists': [7185], 'modifiers': [{'type': 9, 'value': 60}, {'type': 29, 'value': 32}]}"
1757577086,LONG,,1,192494800,,"{'id': 82800, 'context': 0, 'modifiers': [{'type': 6, 'value': 46174}], 'pet_breed_id': 8, 'pet_level': 1, 'pet_quality_id': 3, 'pet_species_id': 1063}"
1757575012,LONG,,1,90341200,,"{'id': 138789, 'context': 13}"
1757576236,LONG,,1,27916700,,"{'id': 173146, 'context': 13, 'bonus_lists': [7185], 'modifiers': [{'type': 9, 'value': 60}, {'type': 29, 'value': 32}]}"
1757576239,LONG,,1,27916700,,"{'id': 173146, 'context': 13, 'bonus_lists': [7185], 'modifiers': [{'type': 9, 'value': 60}, {'type': 29, 'value': 32}]}"
1757576272,LONG,,1,8527700,,"{'id': 138791, 'context': 13}"
1757576425,LONG,,1,35769500,,"{'id': 173131, 'context': 13, 'bonus_lists': [7185], 'modifiers': [{'type': 9, 'value': 60}, {'type': 29, 'value': 36}]}"
1757576539,LONG,,1,29604300,,"{'id': 173132, 'context': 13, 'bonus_lists': [7185], 'modifiers': [{'type': 9, 'value': 60}, {'type': 29, 'value': 32}]}"
1757577054,LONG,,1,35529200,,"{'id': 173050, 'context': 13, 'modifiers': [{'type': 29, 'value': 36}, {'type': 30, 'value': 49}]}"
1757577084,LONG,,1,30010500,,"{'id': 173054, 'context': 13, 'modifiers': [{'type': 29, 'value': 32}, {'type': 30, 'value': 49}]}"
1757566405,LONG,,1,45273500,,"{'id': 173054, 'context': 13, 'bonus_lists': [7180], 'modifiers': [{'type': 9, 'value': 49}, {'type': 29, 'value': 49}, {'type': 30, 'value': 32}]}"
1757575017,LONG,,1,25971400,,"{'id': 173147, 'context': 13, 'bonus_lists': [7185], 'modifiers': [{'type': 9, 'value': 60}, {'type': 29, 'value': 49}]}"
1757575083,LONG,,1,29694300,,"{'id': 173144, 'context': 13, 'bonus_lists': [7185], 'modifiers': [{'type': 9, 'value': 60}, {'type': 29, 'value': 32}]}"
1757576188,LONG,,1,40544900,,"{'id': 173133, 'context': 13, 'bonus_lists': [7185], 'modifiers': [{'type': 9, 'value': 60}, {'type': 29, 'value': 32}]}"
1757576282,LONG,,1,27876300,,"{'id': 173145, 'context': 13, 'bonus_lists': [7185], 'modifiers': [{'type': 9, 'value': 60}, {'type': 29, 'value': 40}]}"
1757576379,LONG,,1,33209500,,"{'id': 173131, 'context': 13, 'bonus_lists': [7185], 'modifiers': [{'type': 9, 'value': 60}, {'type': 29, 'value': 32}]}"
1757576175,LONG,,1,40544900,,"{'id': 173133, 'context': 13, 'bonus_lists': [7185], 'modifiers': [{'type': 9, 'value': 60}, {'type': 29, 'value': 32}]}"
1757576694,LONG,,1,43592400,,"{'id': 171415, 'context': 63, 'bonus_lists': [6716, 7193, 1487]}"
1757576730,LONG,,1,14845000,,"{'id': 138790, 'context': 13}"
1757577065,LONG,,1,21019100,,"{'id': 173428, 'context': 13, 'modifiers': [{'type': 29, 'value': 32}, {'type': 30, 'value': 36}]}"
1757566414,LONG,,1,45273500,,"{'id': 173054, 'context': 13, 'bonus_lists': [7180], 'modifiers': [{'type': 9, 'value': 49}, {'type': 29, 'value': 49}, {'type': 30, 'value': 36}]}"
1757566444,LONG,,1,20949700,,"{'id': 180760, 'context': 13}"
1757575041,LONG,,1,25971400,,"{'id': 173147, 'context': 13, 'bonus_lists': [7185], 'modifiers': [{'type': 9, 'value': 60}, {'type': 29, 'value': 36}]}"
1757576111,LONG,,1,30010500,,"{'id': 173054, 'context': 13, 'modifiers': [{'type': 29, 'value': 32}, {'type': 30, 'value': 49}]}"
1757576140,LONG,,1,172301900,,"{'id': 171414, 'context': 64, 'bonus_lists': [6717, 1507]}"
1757576148,LONG,,1,18974400,,"{'id': 173050, 'context': 13, 'modifiers': [{'type': 29, 'value': 32}, {'type': 30, 'value': 40}]}"
1757576375,LONG,,1,33209500,,"{'id': 173131, 'context': 13, 'bonus_lists': [7185], 'modifiers': [{'type': 9, 'value': 60}, {'type': 29, 'value': 32}]}"
1757576684,LONG,,1,43592400,,"{'id': 171415, 'context': 63, 'bonus_lists': [6716, 7193, 1487]}"
1757576717,LONG,,1,14845000,,"{'id': 138790, 'context': 13}"
1757576338,LONG,,1,171505600,,"{'id': 171413, 'context': 64, 'bonus_lists': [6717, 1507]}"
1757576402,LONG,,1,33209500,,"{'id': 173131, 'context': 13, 'bonus_lists': [7185], 'modifiers': [{'type': 9, 'value': 60}, {'type': 29, 'value': 49}]}"
1757576414,LONG,,1,35769500,,"{'id': 173131, 'context': 13, 'bonus_lists': [7185], 'modifiers': [{'type': 9, 'value': 60}, {'type': 29, 'value': 36}]}"
1757576671,LONG,,1,43592400,,"{'id': 171415, 'context': 63, 'bonus_lists': [6716, 7194, 1487]}"
1757577073,LONG,,1,21019100,,"{'id': 173428, 'context': 13, 'modifiers': [{'type': 29, 'value': 32}, {'type': 30, 'value': 49}]}"
1757575026,LONG,,1,25971400,,"{'id': 173147, 'context': 13, 'bonus_lists': [7185], 'modifiers': [{'type': 9, 'value': 60}, {'type': 29, 'value': 49}]}"
1757575061,LONG,,1,17390500,,"{'id': 171417, 'context': 63, 'bonus_lists': [6716, 1487]}"
1757575087,LONG,,1,29694300,,"{'id': 173144, 'context': 13, 'bonus_lists': [7185], 'modifiers': [{'type': 9, 'value': 60}, {'type': 29, 'value': 32}]}"
1757917820,LONG,,1,2000000,,"{'id': 82800, 'context': 0, 'modifiers': [{'type': 6, 'value': 46923}], 'pet_breed_id': 8, 'pet_level': 1, 'pet_quality_id': 3, 'pet_species_id': 1149}"
1757917852,LONG,,1,350000,,"{'id': 82800, 'context': 0, 'modifiers': [{'type': 6, 'value': 46903}], 'pet_breed_id': 7, 'pet_level': 1, 'pet_quality_id': 3, 'pet_species_id': 1151}"
1757917910,LONG,,1,880000,,"{'id': 82800, 'context': 0, 'modifiers': [{'type': 6, 'value': 46925}], 'pet_breed_id': 6, 'pet_level': 1, 'pet_quality_id': 3, 'pet_species_id': 1152}"
1757917879,LONG,,1,1110000,,"{'id': 82800, 'context': 0, 'modifiers': [{'type': 6, 'value': 46905}], 'pet_breed_id': 4, 'pet_level': 1, 'pet_quality_id': 3, 'pet_species_id': 1153}"
1757967844,VERY_LONG,,1,251000,,"{'id': 13943, 'context': 14}"
1757970682,VERY_LONG,,1,190000,,"{'id': 82800, 'context': 0, 'modifiers': [{'type': 6, 'value': 95172}], 'pet_breed_id': 13, 'pet_level': 1, 'pet_quality_id': 3, 'pet_species_id': 2843}"
1757972124,VERY_LONG,,1,156400,,"{'id': 82800, 'context': 0, 'modifiers': [{'type': 6, 'value': 64194}], 'pet_breed_id': 3, 'pet_level': 1, 'pet_quality_id': 3, 'pet_species_id': 1687}"
1757972542,VERY_LONG,,1,4540000,,"{'id': 82800, 'context': 0, 'modifiers': [{'type': 6, 'value': 19985}], 'pet_breed_id': 14, 'pet_level': 1, 'pet_quality_id': 2, 'pet_species_id': 140}"
1757967145,VERY_LONG,,1,255000,,"{'id': 6892, 'context': 14, 'modifiers': [{'type': 28, 'value': 9}]}"
1757967316,VERY_LONG,,1,300000,,"{'id': 27697, 'context': 14}"
1757967292,VERY_LONG,,1,300000,,"{'id': 27698, 'context': 14}"
1757972436,VERY_LONG,,1,4990000,,"{'id': 82800, 'context': 0, 'modifiers': [{'type': 6, 'value': 19999}], 'pet_breed_id': 22, 'pet_level': 1, 'pet_quality_id': 2, 'pet_species_id': 141}"
1757972765,VERY_LONG,,1,4360000,,"{'id': 82800, 'context': 0, 'modifiers': [{'type': 6, 'value': 49289}], 'pet_breed_id': 5, 'pet_level': 1, 'pet_quality_id': 3, 'pet_species_id': 1320}"
1757967462,VERY_LONG,,1,300000,,"{'id': 27694, 'context': 14}"
1757967364,VERY_LONG,,1,307000,,"{'id': 27696, 'context': 14}"
1757967167,VERY_LONG,,1,307500,,"{'id': 6329, 'context': 14, 'modifiers': [{'type': 28, 'value': 9}]}"
1757972212,VERY_LONG,,1,8500000,,"{'id': 82800, 'context': 0, 'modifiers': [{'type': 6, 'value': 49122}], 'pet_breed_id': 15, 'pet_level': 1, 'pet_quality_id': 3, 'pet_species_id': 1565}"
1757967612,VERY_LONG,,1,305000,,"{'id': 27690, 'context': 14}"
1757967625,VERY_LONG,,1,307600,,"{'id': 27688, 'context': 14}"
1757967652,VERY_LONG,,1,254600,,"{'id': 18046, 'context': 14, 'modifiers': [{'type': 28, 'value': 28}]}"
1757968098,VERY_LONG,,1,256700,,"{'id': 12229, 'context': 14, 'modifiers': [{'type': 28, 'value': 22}]}"
1757967407,VERY_LONG,,1,305000,,"{'id': 27695, 'context': 14}"
1757968057,VERY_LONG,,1,250000,,"{'id': 12231, 'context': 14, 'modifiers': [{'type': 28, 'value': 18}]}"
1757972624,VERY_LONG,,1,3810000,,"{'id': 82800, 'context': 0, 'modifiers': [{'type': 6, 'value': 19600}], 'pet_breed_id': 3, 'pet_level': 1, 'pet_quality_id': 2, 'pet_species_id': 136}"
1757967933,VERY_LONG,,1,258200,,"{'id': 13940, 'context': 14}"
1757967772,VERY_LONG,,1,255300,,"{'id': 13949, 'context': 14, 'modifiers': [{'type': 28, 'value': 22}]}"
1757970549,VERY_LONG,,1,98990000,,"{'id': 82800, 'context': 0, 'modifiers': [{'type': 6, 'value': 97479}], 'pet_breed_id': 7, 'pet_level': 1, 'pet_quality_id': 2, 'pet_species_id': 3038}"
1757970186,VERY_LONG,,1,990300,,"{'id': 82800, 'context': 0, 'modifiers': [{'type': 6, 'value': 328}], 'pet_breed_id': 3, 'pet_level': 1, 'pet_quality_id': 2, 'pet_species_id': 72}"
1757967497,VERY_LONG,,1,308200,,"{'id': 27693, 'context': 14}"
1757970796,VERY_LONG,,1,9500000,,"{'id': 82800, 'context': 0, 'modifiers': [{'type': 6, 'value': 26524}], 'pet_breed_id': 7, 'pet_level': 1, 'pet_quality_id': 3, 'pet_species_id': 2449}"
1757967053,VERY_LONG,,1,3502600,,"{'id': 38347, 'context': 0}"
1757968023,VERY_LONG,,1,201200,,"{'id': 12233, 'context': 14, 'modifiers': [{'type': 28, 'value': 23}]}"
1757972495,VERY_LONG,,1,9910000,,"{'id': 82800, 'context': 0, 'modifiers': [{'type': 6, 'value': 59021}], 'pet_breed_id': 17, 'pet_level': 1, 'pet_quality_id': 3, 'pet_species_id': 1403}"
1757970374,VERY_LONG,,1,6990000,,"{'id': 82800, 'context': 0, 'modifiers': [{'type': 6, 'value': 5555}], 'pet_breed_id': 3, 'pet_level': 1, 'pet_quality_id': 2, 'pet_species_id': 45}"
1757970836,VERY_LONG,,1,8679900,,"{'id': 82800, 'context': 0, 'modifiers': [{'type': 6, 'value': 86482}], 'pet_breed_id': 3, 'pet_level': 1, 'pet_quality_id': 3, 'pet_species_id': 2201}"
1757970899,VERY_LONG,,1,6990000,,"{'id': 82800, 'context': 0, 'pet_breed_id': 6, 'pet_level': 1, 'pet_quality_id': 3, 'pet_species_id': 211}"
1757967816,VERY_LONG,,1,258900,,"{'id': 13948, 'context': 14}"
1757967225,VERY_LONG,,1,257400,,"{'id': 6039, 'context': 14}"
1757970471,VERY_LONG,,1,4780000,,"{'id': 82800, 'context': 0, 'modifiers': [{'type': 6, 'value': 5586}], 'pet_breed_id': 4, 'pet_level': 1, 'pet_quality_id': 2, 'pet_species_id': 41}"
1757967691,VERY_LONG,,1,254600,,"{'id': 16110, 'context': 14, 'modifiers': [{'type': 28, 'value': 33}]}"
1757972394,VERY_LONG,,1,10251500,,"{'id': 82800, 'context': 0, 'modifiers': [{'type': 6, 'value': 55679}], 'pet_breed_id': 16, 'pet_level': 1, 'pet_quality_id': 3, 'pet_species_id': 1412}"
1757967259,VERY_LONG,,1,305000,,"{'id': 27700, 'context': 14}"
1757967901,VERY_LONG,,1,309100,,"{'id': 13941, 'context': 14, 'modifiers': [{'type': 28, 'value': 24}]}"
1757970250,VERY_LONG,,1,5580300,,"{'id': 82800, 'context': 0, 'modifiers': [{'type': 6, 'value': 6299}], 'pet_breed_id': 13, 'pet_level': 1, 'pet_quality_id': 2, 'pet_species_id': 67}"
1757967584,VERY_LONG,,1,305000,,"{'id': 27691, 'context': 14, 'modifiers': [{'type': 28, 'value': 40}]}"
1757967990,VERY_LONG,,1,202700,,"{'id': 12239, 'context': 14, 'modifiers': [{'type': 28, 'value': 23}]}"
1757967540,VERY_LONG,,1,305000,,"{'id': 27692, 'context': 14}"
1757967265,VERY_LONG,,1,305000,,"{'id': 27699, 'context': 14}"
1757971041,VERY_LONG,,1,7500000,,"{'id': 82800, 'context': 0, 'modifiers': [{'type': 6, 'value': 28215}], 'pet_breed_id': 5, 'pet_level': 1, 'pet_quality_id': 2, 'pet_species_id': 195}"
1757967964,VERY_LONG,,1,250000,,"{'id': 12240, 'context': 14, 'modifiers': [{'type': 28, 'value': 19}]}"
1757967049,VERY_LONG,,1,3502600,,"{'id': 38347, 'context': 0}"
1758072878,VERY_LONG,,1,900000,,"{'id': 82800, 'context': 0, 'modifiers': [{'type': 6, 'value': 61548}], 'pet_breed_id': 5, 'pet_level': 1, 'pet_quality_id': 2, 'pet_species_id': 1538}"
1757713172,LONG,,1,4951500,,"{'id': 71640, 'context': 0}"
1757713228,LONG,,1,38504200,,"{'id': 161981, 'context': 13, 'bonus_lists': [1682, 4926]}"
1757711532,LONG,,1,38505600,,"{'id': 150922, 'context': 11, 'bonus_lists': [5134], 'modifiers': [{'type': 9, 'value': 49}]}"
1757713131,LONG,,1,46958500,,"{'id': 164717, 'context': 13, 'bonus_lists': [1677]}"
1757933879,LONG,,1,390001900,,"{'id': 180162, 'context': 0, 'bonus_lists': [6908, 6652, 1682], 'modifiers': [{'type': 9, 'value': 60}, {'type': 28, 'value': 1229}]}"
1757710738,LONG,,1,7479900,,"{'id': 82800, 'context': 0, 'modifiers': [{'type': 6, 'value': 94713}], 'pet_breed_id': 14, 'pet_level': 1, 'pet_quality_id': 3, 'pet_species_id': 2840}"
1757710790,LONG,,1,58500000,,"{'id': 144406, 'context': 6, 'bonus_lists': [3445, 1472, 5855, 3336], 'modifiers': [{'type': 28, 'value': 621}]}"
1757713243,LONG,,1,2500000,,"{'id': 71365, 'context': 5, 'modifiers': [{'type': 28, 'value': 1029}]}"
1757580260,LONG,,1,41847500,,"{'id': 98913, 'context': 0}"
1757581106,LONG,,1,20795500,,"{'id': 93500, 'context': 0}"
1757581124,LONG,,1,52451500,,"{'id': 42100, 'context': 0}"
1757572560,LONG,,1,160594000,,"{'id': 164713, 'context': 13, 'bonus_lists': [1697]}"
1757564502,LONG,,1,54991400,,"{'id': 42093, 'context': 0}"
1757564518,LONG,,1,17107000,,"{'id': 93438, 'context': 0}"
1757571442,LONG,,1,36415500,,"{'id': 98870, 'context': 0}"
1757564679,LONG,,1,36913000,,"{'id': 126989, 'context': 13, 'bonus_lists': [1682, 3392, 3408]}"
1757564721,LONG,,1,34537700,,"{'id': 93430, 'context': 0}"
1757566770,LONG,,1,25573300,,"{'id': 126991, 'context': 13, 'bonus_lists': [1698, 3392, 3408]}"
1757581076,LONG,,1,27263800,,"{'id': 93434, 'context': 0}"
1757572554,LONG,,1,150840900,,"{'id': 4327, 'context': 0}"
1757572564,LONG,,1,28373000,,"{'id': 93616, 'context': 0}"
1757566604,LONG,,1,149995700,,"{'id': 167985, 'context': 13, 'bonus_lists': [1685]}"
1757571204,LONG,,1,91856900,,"{'id': 43972, 'context': 0}"
1757566681,LONG,,1,59880200,,"{'id': 45810, 'context': 0}"
1757566693,LONG,,1,36913000,,"{'id': 126989, 'context': 13, 'bonus_lists': [1709, 3392, 3408]}"
1757566921,LONG,,1,135910200,,"{'id': 82438, 'context': 0}"
1757571449,LONG,,1,476158800,,"{'id': 21861, 'context': 0}"
1757572693,LONG,,1,1118904200,,"{'id': 19682, 'context': 0}"
1757571286,LONG,,1,36144500,,"{'id': 93607, 'context': 0}"
1757571380,LONG,,1,274051700,,"{'id': 128535, 'context': 13}"
1757571399,LONG,,1,17048200,,"{'id': 41516, 'context': 0}"
1757571411,LONG,,1,45194000,,"{'id': 98872, 'context': 0}"
1757571468,LONG,,1,2462602800,,"{'id': 7060, 'context': 0}"
1757571494,LONG,,1,315508000,,"{'id': 47605, 'context': 0}"
1757564558,LONG,,1,286982900,,"{'id': 19684, 'context': 0}"
1757564572,LONG,,1,35398800,,"{'id': 93431, 'context': 0}"
1757564690,LONG,,1,55304600,,"{'id': 98764, 'context': 0}"
1757564727,LONG,,1,272388800,,"{'id': 161995, 'context': 13, 'bonus_lists': [1707]}"
1757566646,LONG,,1,34678400,,"{'id': 98772, 'context': 0}"
1757566649,LONG,,1,23766000,,"{'id': 93439, 'context': 0}"
1757566882,LONG,,1,88533700,,"{'id': 164716, 'context': 13, 'bonus_lists': [1696]}"
1757566900,LONG,,1,8885100,,"{'id': 93556, 'context': 0}"
1757566902,LONG,,1,59994900,,"{'id': 98773, 'context': 0}"
1757566910,LONG,,1,83955100,,"{'id': 41985, 'context': 0}"
1757564497,LONG,,1,5537200,,"{'id': 126992, 'context': 13, 'bonus_lists': [1713, 3392, 3408]}"
1757571215,LONG,,1,51715900,,"{'id': 98827, 'context': 0}"
1757564514,LONG,,1,21418300,,"{'id': 93618, 'context': 0}"
1757566631,LONG,,1,66316200,,"{'id': 127031, 'context': 13, 'bonus_lists': [3356, 3340, 3408]}"
1757566700,LONG,,1,48728100,,"{'id': 98925, 'context': 0}"
1757564469,LONG,,1,54602800,,"{'id': 98768, 'context': 0}"
1757564673,LONG,,1,40099000,,"{'id': 56519, 'context': 0}"
1757564692,LONG,,1,31401500,,"{'id': 98765, 'context': 0}"
1757566731,LONG,,1,27185300,,"{'id': 126988, 'context': 13, 'bonus_lists': [1710, 3392, 3408]}"
1757566774,LONG,,1,32120400,,"{'id': 93617, 'context': 0}"
1757566898,LONG,,1,50359600,,"{'id': 98924, 'context': 0}"
1757566913,LONG,,1,53775400,,"{'id': 98757, 'context': 0}"
1757569036,LONG,,1,57500800,,"{'id': 98874, 'context': 0}"
1757571322,LONG,,1,52159700,,"{'id': 75087, 'context': 0}"
1757564511,LONG,,1,214714000,,"{'id': 45567, 'context': 0}"
1757566607,LONG,,1,27139500,,"{'id': 41553, 'context': 0}"
1757566642,LONG,,1,44372600,,"{'id': 98871, 'context': 0}"
1757566654,LONG,,1,294295900,,"{'id': 54506, 'context': 0}"
1757566873,LONG,,1,45475800,,"{'id': 98769, 'context': 0}"
1757572777,LONG,,1,34507900,,"{'id': 93551, 'context': 0}"
1757566666,LONG,,1,50213700,,"{'id': 98828, 'context': 0}"
1757566721,LONG,,1,31508600,,"{'id': 93554, 'context': 0}"
1757566753,LONG,,1,267041200,,"{'id': 47587, 'context': 0}"
1757566802,LONG,,1,27051800,,"{'id': 43974, 'context': 0}"
1757566912,LONG,,1,54134700,,"{'id': 42102, 'context': 0}"
1757568982,LONG,,1,28502200,,"{'id': 93552, 'context': 0}"
1757580427,LONG,,1,7715900,,"{'id': 126993, 'context': 13, 'bonus_lists': [1715, 3392, 3408]}"
1757564537,LONG,,1,44076600,,"{'id': 14045, 'context': 0}"
1757564501,LONG,,1,36746100,,"{'id': 98826, 'context': 0}"
1757566609,LONG,,1,25017400,,"{'id': 93619, 'context': 0}"
1757566611,LONG,,1,23340200,,"{'id': 93429, 'context': 0}"
1757566848,LONG,,1,64995400,,"{'id': 161990, 'context': 13, 'bonus_lists': [1678]}"
1757566869,LONG,,1,64823100,,"{'id': 127017, 'context': 13, 'bonus_lists': [3371, 3340, 3408]}"
1757571509,LONG,,1,53246200,,"{'id': 98771, 'context': 0}"
1757580278,LONG,,1,29429100,,"{'id': 93550, 'context': 0}"
1757580419,LONG,,1,84943000,,"{'id': 43584, 'context': 0}"
1757581096,LONG,,1,80872300,,"{'id': 114819, 'context': 13, 'bonus_lists': [99, 525, 537]}"
1757813879,LONG,,1,48863600,,"{'id': 127032, 'context': 13, 'bonus_lists': [3344, 3392, 3408]}"
1757566702,LONG,,1,47152800,,"{'id': 98767, 'context': 0}"
1757561854,LONG,,1,18978000,,"{'id': 126990, 'context': 13, 'bonus_lists': [1681, 3392, 3408]}"
1757564543,LONG,,1,235479500,,"{'id': 5770, 'context': 0}"
1757566628,LONG,,1,66316200,,"{'id': 127031, 'context': 13, 'bonus_lists': [3359, 3392, 3408]}"
1757566643,LONG,,1,26998000,,"{'id': 43585, 'context': 0}"
1757566740,LONG,,1,5537200,,"{'id': 126992, 'context': 13, 'bonus_lists': [1707, 3392, 3408]}"
1757566844,LONG,,1,38634800,,"{'id': 167981, 'context': 13, 'bonus_lists': [1692]}"
1757571252,LONG,,1,7715900,,"{'id': 126993, 'context': 13, 'bonus_lists': [1699, 3392, 3408]}"
1757571256,LONG,,1,7715900,,"{'id': 126993, 'context': 13, 'bonus_lists': [1680, 3392, 3408]}"
1757564513,LONG,,1,37414200,,"{'id': 93501, 'context': 0}"
1757564516,LONG,,1,50670700,,"{'id': 98922, 'context': 0}"
1757564686,LONG,,1,36961300,,"{'id': 93608, 'context': 0}"
1757566765,LONG,,1,25573300,,"{'id': 126991, 'context': 13, 'bonus_lists': [1704, 3392, 3408]}"
1757566793,LONG,,1,51958100,,"{'id': 98766, 'context': 0}"
1757571293,LONG,,1,18352100,,"{'id': 93503, 'context': 0}"
1757571342,LONG,,1,51295600,,"{'id': 114810, 'context': 13, 'bonus_lists': [185, 525, 538]}"
1757571458,LONG,,1,55017800,,"{'id': 98914, 'context': 0}"
1757566658,LONG,,1,6749200,,"{'id': 41984, 'context': 0}"
1757564708,LONG,,1,240848200,,"{'id': 21867, 'context': 0}"
1757566619,LONG,,1,17373400,,"{'id': 93502, 'context': 0}"
1757566807,LONG,,1,475922600,,"{'id': 21859, 'context': 0}"
1757566905,LONG,,1,51399600,,"{'id': 114816, 'context': 13, 'bonus_lists': [199, 525, 537]}"
1757566925,LONG,,1,272504900,,"{'id': 45566, 'context': 0}"
1757571237,LONG,,1,55592600,,"{'id': 41608, 'context': 0}"
1757571329,LONG,,1,266186400,,"{'id': 10021, 'context': 0}"
1757571478,LONG,,1,25610800,,"{'id': 93499, 'context': 0}"
1757566662,LONG,,1,25427300,,"{'id': 93437, 'context': 0}"
1757580390,LONG,,1,40802300,,"{'id': 98923, 'context': 0}"
1757566713,LONG,,1,54510500,,"{'id': 43969, 'context': 0}"
1757581115,LONG,,1,38871500,,"{'id': 98763, 'context': 0}"
1757580382,LONG,,1,10699300,,"{'id': 42103, 'context': 0}"
1757581083,LONG,,1,51994300,,"{'id': 98829, 'context': 0}"
1757566790,LONG,,1,121568400,,"{'id': 21866, 'context': 0}"
1757566866,LONG,,1,64823100,,"{'id': 127017, 'context': 13, 'bonus_lists': [3370, 3392, 3408]}"
1757566895,LONG,,1,45073500,,"{'id': 93433, 'context': 0}"
1757566927,LONG,,1,46560400,,"{'id': 98873, 'context': 0}"
1757571228,LONG,,1,56737300,,"{'id': 161993, 'context': 13, 'bonus_lists': [1682]}"
1757580350,LONG,,1,78158200,,"{'id': 42096, 'context': 0}"
1757564532,LONG,,1,8670400,,"{'id': 114829, 'context': 13, 'bonus_lists': [36]}"
1757566625,LONG,,1,66316200,,"{'id': 127031, 'context': 13, 'bonus_lists': [3357, 3392, 3408]}"
1757566669,LONG,,1,25311500,,"{'id': 93553, 'context': 0}"
1757566725,LONG,,1,27185300,,"{'id': 126988, 'context': 13, 'bonus_lists': [1676, 3392, 3408]}"
1757564566,LONG,,1,64039800,,"{'id': 127032, 'context': 13, 'bonus_lists': [3348, 3392, 3408]}"
1757566778,LONG,,1,49862400,,"{'id': 41986, 'context': 0}"
1757568866,LONG,,1,8274000,,"{'id': 126994, 'context': 13, 'bonus_lists': [1712, 3392, 3408]}"
1757571210,LONG,,1,246123600,,"{'id': 161996, 'context': 13, 'bonus_lists': [1716]}"
1757566711,LONG,,1,33125300,,"{'id': 93428, 'context': 0}"
1757566748,LONG,,1,11777200,,"{'id': 114828, 'context': 13, 'bonus_lists': [219]}"
1757566782,LONG,,1,27425900,,"{'id': 93555, 'context': 0}"
1757566915,LONG,,1,92323700,,"{'id': 22758, 'context': 0}"
1757580222,LONG,,1,48763200,,"{'id': 98866, 'context': 0}"
1757580231,LONG,,1,59994900,,"{'id': 98774, 'context': 0}"
1757580227,LONG,,1,329541000,,"{'id': 126995, 'context': 13, 'bonus_lists': [669, 600, 689, 1718, 3408]}"
1757566818,LONG,,1,90610000,,"{'id': 164712, 'context': 13, 'bonus_lists': [1695]}"
1757566853,LONG,,1,140161600,,"{'id': 14107, 'context': 0}"
1757568927,LONG,,1,20501400,,"{'id': 93558, 'context': 0}"
1757571471,LONG,,1,47048900,,"{'id': 41554, 'context': 0}"
1757566889,LONG,,1,28070800,,"{'id': 93615, 'context': 0}"
1757571227,LONG,,1,64039800,,"{'id': 127032, 'context': 13, 'bonus_lists': [3353, 3392, 3408]}"
1757571315,LONG,,1,125546000,,"{'id': 127002, 'context': 13, 'bonus_lists': [669, 600, 689, 1705, 3408]}"
1757571532,LONG,,1,34895400,,"{'id': 93420, 'context': 0}"
1757576238,LONG,,1,50911600,,"{'id': 127016, 'context': 13, 'bonus_lists': [3365, 3392, 3408]}"
1757572538,LONG,,1,30947700,,"{'id': 93557, 'context': 0}"
1757572524,LONG,,1,42512300,,"{'id': 98921, 'context': 0}"
1757572681,LONG,,1,64823100,,"{'id': 127017, 'context': 13, 'bonus_lists': [3378, 3392, 3408]}"
1757580396,LONG,,1,33506600,,"{'id': 98865, 'context': 0}"
1757566615,LONG,,1,544301300,,"{'id': 21874, 'context': 0}"
1757566762,LONG,,1,25573300,,"{'id': 126991, 'context': 13, 'bonus_lists': [1715, 3392, 3408]}"
1757571406,LONG,,1,27468900,,"{'id': 126990, 'context': 13, 'bonus_lists': [1695, 3392, 3408]}"
1757581091,LONG,,1,143364200,,"{'id': 161998, 'context': 13, 'bonus_lists': [1700]}"
1757564503,LONG,,1,8274000,,"{'id': 126994, 'context': 13, 'bonus_lists': [1698, 3392, 3408]}"
1757566651,LONG,,1,31889500,,"{'id': 98868, 'context': 0}"
1757566829,LONG,,1,48183700,,"{'id': 98770, 'context': 0}"
1757571222,LONG,,1,121606600,,"{'id': 21868, 'context': 0}"
1757571361,LONG,,1,42835600,,"{'id': 114811, 'context': 13, 'bonus_lists': [53, 525, 537]}"
1757571489,LONG,,1,53784900,,"{'id': 98867, 'context': 0}"
1757564642,LONG,,1,64823100,,"{'id': 127017, 'context': 13, 'bonus_lists': [3376, 3340, 3408]}"
1757566814,LONG,,1,24621400,,"{'id': 93559, 'context': 0}"
1757566894,LONG,,1,41503600,,"{'id': 98756, 'context': 0}"
1757576243,LONG,,1,50911600,,"{'id': 127016, 'context': 13, 'bonus_lists': [3369, 3392, 3408]}"
1757572534,LONG,,1,22829300,,"{'id': 42101, 'context': 0}"
1757581080,LONG,,1,35106800,,"{'id': 93432, 'context': 0}"
1758153953,VERY_LONG,,1,14498500,13048700,"{'id': 128313, 'context': 31, 'modifiers': [{'type': 28, 'value': 176}]}"
1757605564,LONG,,1,3500000,,"{'id': 82800, 'context': 0, 'modifiers': [{'type': 6, 'value': 36743}], 'pet_breed_id': 8, 'pet_level': 1, 'pet_quality_id': 3, 'pet_species_id': 2568}"
1757606011,LONG,,1,222200,,"{'id': 44794, 'context': 0}"
1757606018,LONG,,1,222200,,"{'id': 44794, 'context': 0}"
1757606034,LONG,,1,222200,,"{'id': 44794, 'context': 0}"
1757606037,LONG,,1,222200,,"{'id': 44794, 'context': 0}"
1757606040,LONG,,1,222200,,"{'id': 44794, 'context': 0}"
1757605920,LONG,,1,443500,,"{'id': 21309, 'context': 11}"
1757606028,LONG,,1,222200,,"{'id': 44794, 'context': 0}"
1757606025,LONG,,1,222200,,"{'id': 44794, 'context': 0}"
1757605923,LONG,,1,443500,,"{'id': 21309, 'context': 11}"
1757606006,LONG,,1,222200,,"{'id': 44794, 'context': 0}"
1757606002,LONG,,1,222200,,"{'id': 44794, 'context': 0}"
1757606009,LONG,,1,222200,,"{'id': 44794, 'context': 0}"
1757606020,LONG,,1,222200,,"{'id': 44794, 'context': 0}"
1757605328,LONG,,1,234320000,,"{'id': 172321, 'context': 65, 'bonus_lists': [6718, 7193, 1522]}"
1757605548,LONG,,1,50000000,,"{'id': 6211, 'context': 0}"
1757606014,LONG,,1,222200,,"{'id': 44794, 'context': 0}"
1758083604,VERY_LONG,,1,27959000,26561100,"{'id': 8309, 'context': 0}"
1758083612,VERY_LONG,,1,17244800,16382600,"{'id': 6097, 'context': 14}"
1758083637,VERY_LONG,,1,14960400,14212400,"{'id': 8310, 'context': 1}"
1758083639,VERY_LONG,,1,74874400,71130700,"{'id': 23321, 'context': 14}"
1758083645,VERY_LONG,,1,18343100,17425900,"{'id': 38, 'context': 14}"
1758083647,VERY_LONG,,1,58439700,55517700,"{'id': 14858, 'context': 1}"
1758083652,VERY_LONG,,1,21396800,20327000,"{'id': 14866, 'context': 1}"
1758083676,VERY_LONG,,1,20595900,19566100,"{'id': 45, 'context': 14}"
1758083680,VERY_LONG,,1,43796300,41606500,"{'id': 6098, 'context': 14}"
1758083684,VERY_LONG,,1,105727400,100441000,"{'id': 7518, 'context': 54, 'bonus_lists': [1707, 4277], 'modifiers': [{'type': 9, 'value': 42}]}"
1758083688,VERY_LONG,,1,29272800,27809200,"{'id': 15629, 'context': 54, 'bonus_lists': [1707, 4277], 'modifiers': [{'type': 9, 'value': 42}]}"
1758083694,VERY_LONG,,1,498988300,474038900,"{'id': 10400, 'context': 1}"
1758083715,VERY_LONG,,1,258900,254100,"{'id': 13948, 'context': 0}"
1758083735,VERY_LONG,,1,39710600,37725100,"{'id': 29378, 'context': 14}"
1758083742,VERY_LONG,,1,37151300,35293700,"{'id': 4824, 'context': 14}"
1758081677,VERY_LONG,,1,25399300,24129300,"{'id': 8259, 'context': 54, 'bonus_lists': [4277], 'modifiers': [{'type': 9, 'value': 42}]}"
1758081696,VERY_LONG,,1,5538500,5261600,"{'id': 6369, 'context': 0}"
1758081781,VERY_LONG,,1,18855000,17912300,"{'id': 22539, 'context': 14}"
1758081864,VERY_LONG,,1,23531300,22354700,"{'id': 55791, 'context': 1}"
1758081872,VERY_LONG,,1,8187700,7778300,"{'id': 9854, 'context': 53, 'bonus_lists': [1692, 4277], 'modifiers': [{'type': 9, 'value': 42}]}"
1758081914,VERY_LONG,,1,53106100,50450800,"{'id': 56, 'context': 14}"
1758081930,VERY_LONG,,1,67768100,64379700,"{'id': 7424, 'context': 54, 'bonus_lists': [1708, 4277], 'modifiers': [{'type': 9, 'value': 42}]}"
1758081934,VERY_LONG,,1,17757000,16869200,"{'id': 4057, 'context': 1}"
1758081938,VERY_LONG,,1,17757000,16869200,"{'id': 4057, 'context': 54, 'bonus_lists': [4278], 'modifiers': [{'type': 9, 'value': 42}]}"
1758081991,VERY_LONG,,1,6007900,5707500,"{'id': 10380, 'context': 1, 'bonus_lists': [1707]}"
1758082003,VERY_LONG,,1,10999900,10449900,"{'id': 10363, 'context': 1, 'bonus_lists': [1692]}"
1758082022,VERY_LONG,,1,71006100,67455800,"{'id': 4833, 'context': 14}"
1758081726,VERY_LONG,,1,77848800,73956400,"{'id': 39, 'context': 14}"
1758081755,VERY_LONG,,1,204217800,194006900,"{'id': 942, 'context': 54, 'bonus_lists': [4246], 'modifiers': [{'type': 9, 'value': 42}]}"
1758081791,VERY_LONG,,1,15016100,14265300,"{'id': 36431, 'context': 0, 'bonus_lists': [1694]}"
1758081802,VERY_LONG,,1,5774100,5485400,"{'id': 10165, 'context': 54, 'bonus_lists': [1679, 4277], 'modifiers': [{'type': 9, 'value': 42}]}"
1758081684,VERY_LONG,,1,61154200,58096500,"{'id': 4832, 'context': 14}"
1758081692,VERY_LONG,,1,8620000,8189000,"{'id': 9950, 'context': 54, 'bonus_lists': [1678, 4277], 'modifiers': [{'type': 9, 'value': 42}]}"
1758081808,VERY_LONG,,1,8318700,7902800,"{'id': 13947, 'context': 0}"
1758081707,VERY_LONG,,1,46087800,43783400,"{'id': 4830, 'context': 14}"
1758081848,VERY_LONG,,1,19425700,18454400,"{'id': 3832, 'context': 1}"
1758081855,VERY_LONG,,1,47971400,45572800,"{'id': 55, 'context': 14}"
1758081861,VERY_LONG,,1,4441800,4219700,"{'id': 25085, 'context': 0, 'bonus_lists': [6655, 1705], 'modifiers': [{'type': 9, 'value': 30}, {'type': 28, 'value': 1008}]}"
1758081882,VERY_LONG,,1,16811300,15970700,"{'id': 14781, 'context': 54, 'bonus_lists': [4277], 'modifiers': [{'type': 9, 'value': 42}]}"
1758081893,VERY_LONG,,1,373900,,"{'id': 13940, 'context': 0}"
1758081910,VERY_LONG,,1,10006500,9506200,"{'id': 9844, 'context': 1, 'bonus_lists': [1693]}"
1758081918,VERY_LONG,,1,2393200,2273500,"{'id': 20758, 'context': 14}"
1758081713,VERY_LONG,,1,12175400,11566600,"{'id': 4078, 'context': 1}"
1758083748,VERY_LONG,,1,46355100,44037300,"{'id': 57, 'context': 14}"
1758081738,VERY_LONG,,1,22937900,21791000,"{'id': 5616, 'context': 1, 'bonus_lists': [4071], 'modifiers': [{'type': 9, 'value': 25}]}"
1758081895,VERY_LONG,,1,6990000,6640500,"{'id': 14439, 'context': 54, 'bonus_lists': [4277], 'modifiers': [{'type': 9, 'value': 42}]}"
1758081769,VERY_LONG,,1,15000000,14250000,"{'id': 14434, 'context': 54, 'bonus_lists': [4277], 'modifiers': [{'type': 9, 'value': 42}]}"
1758081786,VERY_LONG,,1,9958200,9460300,"{'id': 10230, 'context': 1, 'bonus_lists': [1706]}"
1758081814,VERY_LONG,,1,9094000,8639300,"{'id': 15373, 'context': 54, 'bonus_lists': [1706, 4277], 'modifiers': [{'type': 9, 'value': 42}]}"
1758081748,VERY_LONG,,1,538074400,511170700,"{'id': 12716, 'context': 0}"
1758081703,VERY_LONG,,1,49634600,47152900,"{'id': 14455, 'context': 1}"
1758081796,VERY_LONG,,1,45901300,43606200,"{'id': 14947, 'context': 54, 'bonus_lists': [1708, 4281], 'modifiers': [{'type': 9, 'value': 42}]}"
1758081841,VERY_LONG,,1,24594800,23365100,"{'id': 9873, 'context': 1, 'bonus_lists': [1707]}"
1758081902,VERY_LONG,,1,590283900,560769700,"{'id': 87467, 'context': 0}"
1758081926,VERY_LONG,,1,191504000,181928800,"{'id': 44, 'context': 14}"
1758081995,VERY_LONG,,1,2614900,,"{'id': 13949, 'context': 0}"
1758083601,VERY_LONG,,1,27959000,26561100,"{'id': 8309, 'context': 0}"
1758083668,VERY_LONG,,1,14613100,13882400,"{'id': 6096, 'context': 14}"
1758081948,VERY_LONG,,1,66069800,62766300,"{'id': 8161, 'context': 1}"
1758083615,VERY_LONG,,1,17244800,16382600,"{'id': 6097, 'context': 14}"
1758083813,VERY_LONG,,1,1349900,1282400,"{'id': 25026, 'context': 0, 'bonus_lists': [6654, 1693], 'modifiers': [{'type': 9, 'value': 30}, {'type': 28, 'value': 1008}]}"
1758081720,VERY_LONG,,1,24735500,23498700,"{'id': 14421, 'context': 54, 'bonus_lists': [4278], 'modifiers': [{'type': 9, 'value': 42}]}"
1758081762,VERY_LONG,,1,11676900,11093100,"{'id': 14688, 'context': 1}"
1758081982,VERY_LONG,,1,49143200,46686000,"{'id': 4825, 'context': 14}"
1758081998,VERY_LONG,,1,22928800,21782400,"{'id': 4726, 'context': 1}"
1758083806,VERY_LONG,,1,9505400,9030100,"{'id': 15964, 'context': 54, 'bonus_lists': [4281], 'modifiers': [{'type': 9, 'value': 42}]}"
1758081818,VERY_LONG,,1,4879400,4635400,"{'id': 10107, 'context': 1, 'bonus_lists': [1681]}"
1758081851,VERY_LONG,,1,6173800,5865100,"{'id': 9953, 'context': 54, 'bonus_lists': [1705, 4279], 'modifiers': [{'type': 9, 'value': 42}]}"
1758081889,VERY_LONG,,1,38535200,36608400,"{'id': 67133, 'context': 0}"
1758081744,VERY_LONG,,1,471065100,447511800,"{'id': 40, 'context': 14}"
1758081979,VERY_LONG,,1,3992100,3792500,"{'id': 16218, 'context': 1}"
1758083785,VERY_LONG,,1,73366200,69697900,"{'id': 43, 'context': 14}"
1758082014,VERY_LONG,,1,6822500,6481400,"{'id': 10075, 'context': 54, 'bonus_lists': [1679, 4277], 'modifiers': [{'type': 9, 'value': 42}]}"
1758081733,VERY_LONG,,1,8452800,8030200,"{'id': 15759, 'context': 14}"
1758083760,VERY_LONG,,1,4050000,3847500,"{'id': 10266, 'context': 0, 'bonus_lists': [1678]}"
1758081833,VERY_LONG,,1,21449600,20377100,"{'id': 25725, 'context': 14}"
1758081976,VERY_LONG,,1,1819300,1728300,"{'id': 20752, 'context': 14}"
1758083621,VERY_LONG,,1,319800,,"{'id': 6039, 'context': 0}"
1758083624,VERY_LONG,,1,26771100,25432500,"{'id': 9865, 'context': 54, 'bonus_lists': [1691, 4277], 'modifiers': [{'type': 9, 'value': 42}]}"
1758083655,VERY_LONG,,1,18387100,17467700,"{'id': 29391, 'context': 14}"
1758083697,VERY_LONG,,1,309100,293600,"{'id': 13941, 'context': 0}"
1758083726,VERY_LONG,,1,209447000,198974700,"{'id': 34087, 'context': 0}"
1757648258,LONG,,1,2643200,2511000,"{'id': 40772, 'context': 0}"
1758081958,VERY_LONG,,1,499990000,474990500,"{'id': 7728, 'context': 1, 'bonus_lists': [4043], 'modifiers': [{'type': 9, 'value': 25}]}"
1758083599,VERY_LONG,,1,62203700,59093500,"{'id': 51, 'context': 14}"
1758081944,VERY_LONG,,1,66069800,62766300,"{'id': 8161, 'context': 1}"
1758083755,VERY_LONG,,1,8829000,8387600,"{'id': 7989, 'context': 1}"
1758083764,VERY_LONG,,1,8595700,8165900,"{'id': 11976, 'context': 54, 'bonus_lists': [1681, 4277], 'modifiers': [{'type': 9, 'value': 42}]}"
1758082000,VERY_LONG,,1,90331700,85815100,"{'id': 7754, 'context': 1, 'bonus_lists': [4054], 'modifiers': [{'type': 9, 'value': 25}]}"
1758082017,VERY_LONG,,1,24555700,23327900,"{'id': 53, 'context': 14}"
1758083633,VERY_LONG,,1,62082700,58978600,"{'id': 20576, 'context': 14}"
1758081661,VERY_LONG,,1,4521400,4295300,"{'id': 6591, 'context': 54, 'bonus_lists': [1709, 4277], 'modifiers': [{'type': 9, 'value': 42}]}"
1758081876,VERY_LONG,,1,30786600,29247300,"{'id': 29371, 'context': 14}"
1758083733,VERY_LONG,,1,91523000,86946900,"{'id': 16049, 'context': 1}"
1758081897,VERY_LONG,,1,2624100,2492900,"{'id': 20753, 'context': 14}"
1758082019,VERY_LONG,,1,24555700,23327900,"{'id': 53, 'context': 14}"
1758083717,VERY_LONG,,1,345300,,"{'id': 13943, 'context': 0}"
1758083703,VERY_LONG,,1,34921600,33175500,"{'id': 7610, 'context': 53, 'bonus_lists': [4281], 'modifiers': [{'type': 9, 'value': 42}]}"
1758081773,VERY_LONG,,1,30114100,28608400,"{'id': 7422, 'context': 53, 'bonus_lists': [1708, 4277], 'modifiers': [{'type': 9, 'value': 42}]}"
1758081730,VERY_LONG,,1,17500300,16625300,"{'id': 4729, 'context': 54, 'bonus_lists': [4278], 'modifiers': [{'type': 9, 'value': 42}]}"
1758081869,VERY_LONG,,1,3865100,3671800,"{'id': 10099, 'context': 54, 'bonus_lists': [1693, 4277], 'modifiers': [{'type': 9, 'value': 42}]}"
1758081884,VERY_LONG,,1,16811300,15970700,"{'id': 14781, 'context': 54, 'bonus_lists': [4277], 'modifiers': [{'type': 9, 'value': 42}]}"
1758082027,VERY_LONG,,1,1349900,1282400,"{'id': 25026, 'context': 0, 'bonus_lists': [6654, 1680], 'modifiers': [{'type': 9, 'value': 30}, {'type': 28, 'value': 1008}]}"
1758083628,VERY_LONG,,1,45806000,43515700,"{'id': 29377, 'context': 14}"
1758083779,VERY_LONG,,1,62416500,59295700,"{'id': 37800, 'context': 2}"
1758083802,VERY_LONG,,1,50104900,47599700,"{'id': 6389, 'context': 54, 'bonus_lists': [4277], 'modifiers': [{'type': 9, 'value': 42}]}"
1758081963,VERY_LONG,,1,41524100,39447900,"{'id': 1395, 'context': 14}"
1758081967,VERY_LONG,,1,22911400,21765800,"{'id': 15189, 'context': 1, 'bonus_lists': [1678]}"
1758081969,VERY_LONG,,1,31928600,30332200,"{'id': 15890, 'context': 1}"
1758083608,VERY_LONG,,1,81430100,77358600,"{'id': 29372, 'context': 14}"
1758083636,VERY_LONG,,1,11131800,10575200,"{'id': 10162, 'context': 1, 'bonus_lists': [1705]}"
1758083723,VERY_LONG,,1,8797100,8357200,"{'id': 14658, 'context': 53, 'bonus_lists': [4277], 'modifiers': [{'type': 9, 'value': 42}]}"
1758081835,VERY_LONG,,1,25000000,23750000,"{'id': 15607, 'context': 54, 'bonus_lists': [1708, 4277], 'modifiers': [{'type': 9, 'value': 42}]}"
1758083657,VERY_LONG,,1,23005500,21855200,"{'id': 15935, 'context': 53, 'bonus_lists': [1706, 4281], 'modifiers': [{'type': 9, 'value': 42}]}"
1758083671,VERY_LONG,,1,20595900,19566100,"{'id': 45, 'context': 14}"
1758083641,VERY_LONG,,1,18343100,17425900,"{'id': 38, 'context': 14}"
1758081759,VERY_LONG,,1,1212100,,"{'id': 12229, 'context': 0}"
1757663706,LONG,,1,15801900,,"{'id': 152807, 'context': 13, 'bonus_lists': [1691]}"
1757668357,LONG,,1,20000200,,"{'id': 132502, 'context': 13, 'bonus_lists': [1685, 3392, 3408]}"
1757668199,LONG,,1,20009100,,"{'id': 159855, 'context': 13, 'bonus_lists': [1696, 4927]}"
1757663718,LONG,,1,20002400,,"{'id': 128900, 'context': 13, 'bonus_lists': [669, 600, 689, 1720, 3408]}"
1757682679,LONG,,1,7610000,,"{'id': 126993, 'context': 13, 'bonus_lists': [1689, 3408]}"
1757668228,LONG,,1,20000600,,"{'id': 130230, 'context': 13, 'bonus_lists': [3369, 669, 601, 689]}"
1757684712,LONG,,1,73841500,70149400,"{'id': 82800, 'context': 0, 'modifiers': [{'type': 6, 'value': 55679}], 'pet_breed_id': 16, 'pet_level': 1, 'pet_quality_id': 3, 'pet_species_id': 1412}"
1757682388,LONG,,1,30006800,,"{'id': 8202, 'context': 0}"
1757683018,LONG,,1,26952600,,"{'id': 14111, 'context': 0}"
1757663679,LONG,,1,20008400,,"{'id': 159857, 'context': 13, 'bonus_lists': [1682, 4927]}"
1757682990,LONG,,1,4772300,,"{'id': 5966, 'context': 0}"
1758113657,VERY_LONG,,1,39000000,,"{'id': 172256, 'context': 13, 'bonus_lists': [6893, 7185], 'modifiers': [{'type': 9, 'value': 60}, {'type': 28, 'value': 391}, {'type': 29, 'value': 49}, {'type': 30, 'value': 36}]}"
1758113662,VERY_LONG,,1,39000000,,"{'id': 172251, 'context': 13, 'bonus_lists': [6893, 7185], 'modifiers': [{'type': 9, 'value': 60}, {'type': 28, 'value': 391}, {'type': 29, 'value': 49}, {'type': 30, 'value': 32}]}"
1758113666,VERY_LONG,,1,39000000,,"{'id': 172253, 'context': 13, 'bonus_lists': [6893, 7185], 'modifiers': [{'type': 9, 'value': 60}, {'type': 28, 'value': 391}, {'type': 29, 'value': 49}, {'type': 30, 'value': 40}]}"
1758113656,VERY_LONG,,1,39000000,,"{'id': 172256, 'context': 13, 'bonus_lists': [6893, 7185], 'modifiers': [{'type': 9, 'value': 60}, {'type': 28, 'value': 391}, {'type': 29, 'value': 49}, {'type': 30, 'value': 32}]}"
1758113678,VERY_LONG,,1,38500000,,"{'id': 172254, 'context': 13, 'bonus_lists': [6893, 7185], 'modifiers': [{'type': 9, 'value': 60}, {'type': 28, 'value': 391}, {'type': 29, 'value': 32}, {'type': 30, 'value': 40}]}"
1757815220,LONG,,1,748200,,"{'id': 175546, 'context': 0, 'bonus_lists': [6907, 1678], 'modifiers': [{'type': 9, 'value': 60}, {'type': 28, 'value': 1707}]}"
1757815363,LONG,,1,400000000,,"{'id': 183017, 'context': 3, 'bonus_lists': [7189, 6652, 7194, 1472, 6646], 'modifiers': [{'type': 28, 'value': 751}]}"
1757815236,LONG,,1,1054500,,"{'id': 177767, 'context': 3, 'bonus_lists': [6907, 40, 1706], 'modifiers': [{'type': 9, 'value': 60}, {'type': 28, 'value': 751}]}"
1757773084,LONG,,1,140007200,,"{'id': 2164, 'context': 1, 'bonus_lists': [6661], 'modifiers': [{'type': 9, 'value': 30}, {'type': 28, 'value': 214}]}"
1757972202,VERY_LONG,,1,100001800,,"{'id': 3075, 'context': 0}"
1757662918,LONG,,1,451800,,"{'id': 6661, 'context': 0}"
1757663068,LONG,,1,89181700,,"{'id': 21941, 'context': 14}"
1757663145,LONG,,1,253000,,"{'id': 18259, 'context': 0, 'modifiers': [{'type': 28, 'value': 1004}]}"
1757662975,LONG,,1,111700,,"{'id': 5772, 'context': 14, 'modifiers': [{'type': 28, 'value': 10}]}"
1757662994,LONG,,1,105800,,"{'id': 2598, 'context': 0}"
1757662871,LONG,,1,5440000,,"{'id': 69820, 'context': 2}"
1757660575,LONG,,1,21810700,,"{'id': 176988, 'context': 0, 'bonus_lists': [6907, 6652, 7193, 1712], 'modifiers': [{'type': 9, 'value': 60}, {'type': 28, 'value': 1707}]}"
1757663122,LONG,,1,50700,,"{'id': 18647, 'context': 14}"
1757663020,LONG,,1,15840000,,"{'id': 23817, 'context': 14}"
1757662951,LONG,,1,29239500,,"{'id': 6377, 'context': 14}"
1757662894,LONG,,1,9900,,"{'id': 6663, 'context': 0}"
1757663017,LONG,,1,15840000,,"{'id': 23817, 'context': 14}"
1757662893,LONG,,1,9900,,"{'id': 6663, 'context': 0}"
1757972571,VERY_LONG,,1,5558100,,"{'id': 82800, 'context': 0, 'pet_breed_id': 3, 'pet_level': 1, 'pet_quality_id': 3, 'pet_species_id': 1634}"
1757972805,VERY_LONG,,1,4002600,,"{'id': 115798, 'context': 13, 'bonus_lists': [56, 525, 539]}"
1757973010,VERY_LONG,,1,3330000,,"{'id': 2912, 'context': 1}"
1757974145,VERY_LONG,,1,2224300,,"{'id': 55377, 'context': 0, 'bonus_lists': [1706]}"
1757975355,VERY_LONG,,1,1559200,,"{'id': 55750, 'context': 1, 'bonus_lists': [1677]}"
1757974259,VERY_LONG,,1,2223200,,"{'id': 10149, 'context': 0, 'bonus_lists': [1706]}"
1757972487,VERY_LONG,,1,4007500,,"{'id': 115801, 'context': 13, 'bonus_lists': [441, 525, 540]}"
1757977647,VERY_LONG,,1,8095400,,"{'id': 82800, 'context': 0, 'pet_breed_id': 15, 'pet_level': 1, 'pet_quality_id': 3, 'pet_species_id': 1566}"
1757977235,VERY_LONG,,1,994500,,"{'id': 82133, 'context': 1, 'bonus_lists': [1700]}"
1757977761,VERY_LONG,,1,881700,,"{'id': 55665, 'context': 22, 'bonus_lists': [1709]}"
1757974691,VERY_LONG,,1,9996900,,"{'id': 44308, 'context': 0}"
1757975190,VERY_LONG,,1,774700,,"{'id': 83794, 'context': 0, 'bonus_lists': [1708]}"
1757975464,VERY_LONG,,1,1220400,,"{'id': 25110, 'context': 22, 'bonus_lists': [1680], 'modifiers': [{'type': 9, 'value': 26}]}"
1757972701,VERY_LONG,,1,1450000,,"{'id': 71367, 'context': 0}"
1757977837,VERY_LONG,,1,886500,,"{'id': 82081, 'context': 1, 'bonus_lists': [1708]}"
1757977472,VERY_LONG,,1,22220000,,"{'id': 82800, 'context': 0, 'pet_breed_id': 18, 'pet_level': 1, 'pet_quality_id': 3, 'pet_species_id': 186}"
1757972451,VERY_LONG,,1,4007500,,"{'id': 115801, 'context': 13, 'bonus_lists': [88, 525, 539]}"
1757979213,VERY_LONG,,1,3995700,,"{'id': 160138, 'context': 0, 'bonus_lists': [6654, 4802, 1694], 'modifiers': [{'type': 9, 'value': 31}, {'type': 28, 'value': 1224}]}"
1758136983,VERY_LONG,,1,3500000,,"{'id': 176801, 'context': 23, 'bonus_lists': [6908, 6652, 1685], 'modifiers': [{'type': 9, 'value': 60}, {'type': 28, 'value': 749}]}"
1758137484,VERY_LONG,,1,10000,,"{'id': 82800, 'context': 0, 'modifiers': [{'type': 6, 'value': 42721}], 'pet_breed_id': 22, 'pet_level': 1, 'pet_quality_id': 2, 'pet_species_id': 847}"
1758141271,VERY_LONG,,1,5500000,,"{'id': 176975, 'context': 0, 'bonus_lists': [6907, 42, 7193, 1677], 'modifiers': [{'type': 9, 'value': 60}, {'type': 28, 'value': 1707}]}"
1758137802,VERY_LONG,,1,5000000,,"{'id': 178943, 'context': 0, 'bonus_lists': [6908, 6652, 1715], 'modifiers': [{'type': 9, 'value': 60}, {'type': 28, 'value': 1707}]}"
1758141231,VERY_LONG,,1,920000,,"{'id': 178952, 'context': 0, 'bonus_lists': [6908, 6652, 1681], 'modifiers': [{'type': 9, 'value': 60}, {'type': 28, 'value': 1707}]}"
1758058013,VERY_LONG,,1,3000000,,"{'id': 175557, 'context': 2, 'bonus_lists': [6907, 1698], 'modifiers': [{'type': 9, 'value': 60}, {'type': 28, 'value': 748}]}"
1758136667,VERY_LONG,,1,30000000,,"{'id': 82800, 'context': 0, 'modifiers': [{'type': 6, 'value': 99869}], 'pet_breed_id': 9, 'pet_level': 1, 'pet_quality_id': 2, 'pet_species_id': 3027}"
1758137513,VERY_LONG,,1,10000,,"{'id': 82800, 'context': 0, 'modifiers': [{'type': 6, 'value': 42721}], 'pet_breed_id': 22, 'pet_level': 1, 'pet_quality_id': 2, 'pet_species_id': 847}"
1757960560,VERY_LONG,,1,890100,,"{'id': 136924, 'context': 14}"
1757960573,VERY_LONG,,1,890100,,"{'id': 136924, 'context': 14}"
1757960792,VERY_LONG,,1,15007500,,"{'id': 136972, 'context': 14}"
1757960795,VERY_LONG,,1,15007500,,"{'id': 136972, 'context': 14}"
1757960898,VERY_LONG,,1,650000,,"{'id': 13135, 'context': 0, 'bonus_lists': [6658], 'modifiers': [{'type': 9, 'value': 30}, {'type': 28, 'value': 1004}]}"
1757958958,VERY_LONG,,1,150000,,"{'id': 17722, 'context': 11, 'modifiers': [{'type': 28, 'value': 420}]}"
1757960234,VERY_LONG,,1,890100,,"{'id': 136924, 'context': 14}"
1757960174,VERY_LONG,,1,2009600,,"{'id': 16802, 'context': 0, 'modifiers': [{'type': 28, 'value': 1004}]}"
1757960556,VERY_LONG,,1,890100,,"{'id': 136924, 'context': 14}"
1757960965,VERY_LONG,,1,1004000,,"{'id': 15267, 'context': 0, 'bonus_lists': [6655, 1678], 'modifiers': [{'type': 9, 'value': 30}, {'type': 28, 'value': 1005}]}"
1757960567,VERY_LONG,,1,890100,,"{'id': 136924, 'context': 14}"
1757960161,VERY_LONG,,1,440000,,"{'id': 16804, 'context': 0, 'modifiers': [{'type': 28, 'value': 1004}]}"
1757960942,VERY_LONG,,1,4009800,,"{'id': 13060, 'context': 0}"
1757960563,VERY_LONG,,1,890100,,"{'id': 136924, 'context': 14}"
1757962212,VERY_LONG,,1,1007700,,"{'id': 12036, 'context': 0, 'bonus_lists': [6654, 1691], 'modifiers': [{'type': 9, 'value': 30}, {'type': 28, 'value': 1004}]}"
1757960266,VERY_LONG,,1,800000,,"{'id': 82800, 'context': 0, 'modifiers': [{'type': 6, 'value': 46925}], 'pet_breed_id': 6, 'pet_level': 1, 'pet_quality_id': 3, 'pet_species_id': 1152}"
1757958556,VERY_LONG,,1,25675100,,"{'id': 44709, 'context': 14, 'modifiers': [{'type': 28, 'value': 196}]}"
1757960558,VERY_LONG,,1,890100,,"{'id': 136924, 'context': 14}"
1757962130,VERY_LONG,,1,900300,,"{'id': 33154, 'context': 11}"
1757959054,VERY_LONG,,1,1005900,,"{'id': 13007, 'context': 0, 'bonus_lists': [6658], 'modifiers': [{'type': 9, 'value': 30}, {'type': 28, 'value': 1005}]}"
1757960143,VERY_LONG,,1,350000,,"{'id': 16806, 'context': 0, 'modifiers': [{'type': 28, 'value': 1004}]}"
1757960576,VERY_LONG,,1,890100,,"{'id': 136924, 'context': 14}"
1757960245,VERY_LONG,,1,403500,,"{'id': 21309, 'context': 11, 'modifiers': [{'type': 28, 'value': 420}]}"
1757960578,VERY_LONG,,1,890100,,"{'id': 136924, 'context': 14}"
1757958684,VERY_LONG,,1,1008600,,"{'id': 13006, 'context': 0}"
1757960102,VERY_LONG,,1,1004800,,"{'id': 144457, 'context': 0}"
1757960582,VERY_LONG,,1,890100,,"{'id': 136924, 'context': 14}"
1757960868,VERY_LONG,,1,5000400,,"{'id': 10258, 'context': 0, 'bonus_lists': [6654, 1679], 'modifiers': [{'type': 9, 'value': 30}, {'type': 28, 'value': 1005}]}"
1757960569,VERY_LONG,,1,890100,,"{'id': 136924, 'context': 14}"
1757960919,VERY_LONG,,1,10002900,,"{'id': 9402, 'context': 0, 'bonus_lists': [6658], 'modifiers': [{'type': 9, 'value': 30}, {'type': 28, 'value': 1005}]}"
1758029031,VERY_LONG,,1,252000,,"{'id': 159475, 'context': 0, 'bonus_lists': [4796, 1693], 'modifiers': [{'type': 9, 'value': 50}]}"
1758028968,VERY_LONG,,1,5556500,,"{'id': 183971, 'context': 0, 'bonus_lists': [6908, 6652, 1716], 'modifiers': [{'type': 9, 'value': 52}, {'type': 28, 'value': 1707}]}"
1758029095,VERY_LONG,,1,2332200,,"{'id': 159797, 'context': 0, 'bonus_lists': [4796, 1716], 'modifiers': [{'type': 9, 'value': 50}]}"
1758029007,VERY_LONG,,1,2750000,,"{'id': 177773, 'context': 0, 'bonus_lists': [6907, 6652, 7193, 1700], 'modifiers': [{'type': 9, 'value': 52}, {'type': 28, 'value': 1707}]}"
1757847820,LONG,,1,50002200,,"{'id': 31268, 'context': 0, 'modifiers': [{'type': 28, 'value': 8}]}"
1757847839,LONG,,1,22940000,,"{'id': 82800, 'context': 0, 'modifiers': [{'type': 6, 'value': 88003}], 'pet_breed_id': 7, 'pet_level': 1, 'pet_quality_id': 3, 'pet_species_id': 2452}"
1757847853,LONG,,1,4950000,,"{'id': 71953, 'context': 0}"
1757847883,LONG,,1,166010200,,"{'id': 25680, 'context': 0}"
1757847931,LONG,,1,105000000,,"{'id': 82800, 'context': 0, 'modifiers': [{'type': 6, 'value': 38232}], 'pet_breed_id': 8, 'pet_level': 1, 'pet_quality_id': 3, 'pet_species_id': 310}"
1757847959,LONG,,1,4721400,,"{'id': 41984, 'context': 0}"
1757847975,LONG,,1,132200000,,"{'id': 82800, 'context': 0, 'modifiers': [{'type': 6, 'value': 4732}], 'pet_breed_id': 13, 'pet_level': 1, 'pet_quality_id': 2, 'pet_species_id': 206}"
1757848004,LONG,,1,39990100,,"{'id': 180751, 'context': 13}"
1757848007,LONG,,1,39990100,,"{'id': 180751, 'context': 13}"
1757848009,LONG,,1,39990100,,"{'id': 180751, 'context': 13}"
1757848012,LONG,,1,39990100,,"{'id': 180751, 'context': 13}"
1757849367,LONG,,1,500000,,"{'id': 82800, 'context': 0, 'modifiers': [{'type': 6, 'value': 15660}], 'pet_breed_id': 3, 'pet_level': 1, 'pet_quality_id': 2, 'pet_species_id': 119}"
1757849383,LONG,,1,99000000,,"{'id': 164367, 'context': 11, 'modifiers': [{'type': 28, 'value': 645}]}"
1757849504,LONG,,1,80480000,,"{'id': 82800, 'context': 0, 'modifiers': [{'type': 6, 'value': 88019}], 'pet_breed_id': 11, 'pet_level': 1, 'pet_quality_id': 3, 'pet_species_id': 2696}"
1757849599,LONG,,1,15007800,,"{'id': 90722, 'context': 0, 'bonus_lists': [6694], 'modifiers': [{'type': 9, 'value': 35}, {'type': 28, 'value': 167}]}"
1757847550,LONG,,1,1500000,,"{'id': 82800, 'context': 0, 'modifiers': [{'type': 6, 'value': 88006}], 'pet_breed_id': 5, 'pet_level': 1, 'pet_quality_id': 3, 'pet_species_id': 2451}"
1757847567,LONG,,1,2710000,,"{'id': 82800, 'context': 0, 'modifiers': [{'type': 6, 'value': 99927}], 'pet_breed_id': 17, 'pet_level': 1, 'pet_quality_id': 2, 'pet_species_id': 2920}"
1757847918,LONG,,1,139500100,,"{'id': 82800, 'context': 0, 'modifiers': [{'type': 6, 'value': 92073}], 'pet_breed_id': 7, 'pet_level': 1, 'pet_quality_id': 3, 'pet_species_id': 2755}"
1757849270,LONG,,1,200001100,,"{'id': 15598, 'context': 0, 'bonus_lists': [6654, 1677], 'modifiers': [{'type': 9, 'value': 40}, {'type': 28, 'value': 1791}]}"
1757849391,LONG,,1,9750000,,"{'id': 164342, 'context': 11, 'modifiers': [{'type': 28, 'value': 645}]}"
1757847753,LONG,,1,48000000,,"{'id': 82800, 'context': 0, 'modifiers': [{'type': 6, 'value': 99869}], 'pet_breed_id': 12, 'pet_level': 1, 'pet_quality_id': 2, 'pet_species_id': 3027}"
1757847731,LONG,,1,15000100,,"{'id': 82800, 'context': 0, 'modifiers': [{'type': 6, 'value': 79639}], 'pet_breed_id': 5, 'pet_level': 1, 'pet_quality_id': 3, 'pet_species_id': 2085}"
1757847771,LONG,,1,5248100,,"{'id': 82800, 'context': 0, 'modifiers': [{'type': 6, 'value': 99856}], 'pet_breed_id': 12, 'pet_level': 1, 'pet_quality_id': 2, 'pet_species_id': 2946}"
1757847881,LONG,,1,166010200,,"{'id': 25680, 'context': 0}"
1757849334,LONG,,1,15006900,,"{'id': 44672, 'context': 0, 'bonus_lists': [6691, 1677], 'modifiers': [{'type': 9, 'value': 21}, {'type': 28, 'value': 1745}]}"
1757849443,LONG,,1,3360700,,"{'id': 82800, 'context': 0, 'modifiers': [{'type': 6, 'value': 28084}], 'pet_breed_id': 8, 'pet_level': 1, 'pet_quality_id': 2, 'pet_species_id': 197}"
1757849190,LONG,,1,500,,"{'id': 82800, 'context': 0, 'modifiers': [{'type': 6, 'value': 31073}], 'pet_breed_id': 3, 'pet_level': 1, 'pet_quality_id': 2, 'pet_species_id': 251}"
1757847956,LONG,,1,4721400,,"{'id': 41984, 'context': 0}"
1757848016,LONG,,1,39990100,,"{'id': 180751, 'context': 13}"
1757849288,LONG,,1,48174700,,"{'id': 164346, 'context': 11, 'modifiers': [{'type': 28, 'value': 645}]}"
1757847534,LONG,,1,13462000,,"{'id': 82800, 'context': 0, 'modifiers': [{'type': 6, 'value': 62217}], 'pet_breed_id': 15, 'pet_level': 1, 'pet_quality_id': 2, 'pet_species_id': 194}"
1757847895,LONG,,1,11500000,,"{'id': 82800, 'context': 0, 'modifiers': [{'type': 6, 'value': 28215}], 'pet_breed_id': 15, 'pet_level': 1, 'pet_quality_id': 2, 'pet_species_id': 195}"
1757849135,LONG,,1,12500000,,"{'id': 82800, 'context': 0, 'modifiers': [{'type': 6, 'value': 91028}], 'pet_breed_id': 15, 'pet_level': 1, 'pet_quality_id': 3, 'pet_species_id': 2692}"
1757849162,LONG,,1,90002000,,"{'id': 35639, 'context': 1, 'bonus_lists': [6710], 'modifiers': [{'type': 9, 'value': 44}, {'type': 28, 'value': 1872}]}"
1757849167,LONG,,1,15002400,,"{'id': 15561, 'context': 0, 'bonus_lists': [6654, 1681], 'modifiers': [{'type': 9, 'value': 39}, {'type': 28, 'value': 1791}]}"
1757849302,LONG,,1,1691376800,,"{'id': 164297, 'context': 11, 'modifiers': [{'type': 28, 'value': 645}]}"
1757849192,LONG,,1,500,,"{'id': 82800, 'context': 0, 'modifiers': [{'type': 6, 'value': 31073}], 'pet_breed_id': 3, 'pet_level': 1, 'pet_quality_id': 2, 'pet_species_id': 251}"
1757848064,LONG,,1,7415200,,"{'id': 82800, 'context': 0, 'modifiers': [{'type': 6, 'value': 95584}], 'pet_breed_id': 7, 'pet_level': 1, 'pet_quality_id': 2, 'pet_species_id': 2942}"
1757849471,LONG,,1,41283200,,"{'id': 14236, 'context': 0, 'bonus_lists': [6654, 1679], 'modifiers': [{'type': 9, 'value': 40}, {'type': 28, 'value': 1791}]}"
1757847729,LONG,,1,15000100,,"{'id': 82800, 'context': 0, 'modifiers': [{'type': 6, 'value': 79639}], 'pet_breed_id': 5, 'pet_level': 1, 'pet_quality_id': 3, 'pet_species_id': 2085}"
1757847626,LONG,,1,50001100,,"{'id': 164419, 'context': 11}"
1757848093,LONG,,1,39000000,,"{'id': 82800, 'context': 0, 'modifiers': [{'type': 6, 'value': 57970}], 'pet_breed_id': 16, 'pet_level': 1, 'pet_quality_id': 3, 'pet_species_id': 1442}"
1757847865,LONG,,1,15909500,,"{'id': 82800, 'context': 0, 'modifiers': [{'type': 6, 'value': 60016}], 'pet_breed_id': 20, 'pet_level': 1, 'pet_quality_id': 3, 'pet_species_id': 1541}"
1757849117,LONG,,1,6369900,,"{'id': 87650, 'context': 0, 'bonus_lists': [6694], 'modifiers': [{'type': 9, 'value': 35}, {'type': 28, 'value': 167}]}"
1757849349,LONG,,1,60000,,"{'id': 82800, 'context': 0, 'modifiers': [{'type': 6, 'value': 99900}], 'pet_breed_id': 18, 'pet_level': 1, 'pet_quality_id': 2, 'pet_species_id': 2909}"
1757849532,LONG,,1,38616100,,"{'id': 90725, 'context': 0, 'bonus_lists': [6694], 'modifiers': [{'type': 9, 'value': 35}, {'type': 28, 'value': 59}]}"
1757847785,LONG,,1,150001600,,"{'id': 164471, 'context': 14, 'modifiers': [{'type': 28, 'value': 186}]}"
1757847842,LONG,,1,22940000,,"{'id': 82800, 'context': 0, 'modifiers': [{'type': 6, 'value': 88003}], 'pet_breed_id': 7, 'pet_level': 1, 'pet_quality_id': 3, 'pet_species_id': 2452}"
1757847536,LONG,,1,13462000,,"{'id': 82800, 'context': 0, 'modifiers': [{'type': 6, 'value': 62217}], 'pet_breed_id': 5, 'pet_level': 1, 'pet_quality_id': 2, 'pet_species_id': 194}"
1757847649,LONG,,1,4550000,,"{'id': 82800, 'context': 0, 'modifiers': [{'type': 6, 'value': 38283}], 'pet_breed_id': 12, 'pet_level': 1, 'pet_quality_id': 3, 'pet_species_id': 2089}"
1757849404,LONG,,1,2540000,,"{'id': 82800, 'context': 0, 'modifiers': [{'type': 6, 'value': 46896}], 'pet_breed_id': 9, 'pet_level': 1, 'pet_quality_id': 3, 'pet_species_id': 1144}"
1757849440,LONG,,1,3360700,,"{'id': 82800, 'context': 0, 'modifiers': [{'type': 6, 'value': 28084}], 'pet_breed_id': 8, 'pet_level': 1, 'pet_quality_id': 2, 'pet_species_id': 197}"
1757499977,MEDIUM,,1,8376800,6701400,"{'id': 13072, 'context': 0, 'bonus_lists': [6658], 'modifiers': [{'type': 9, 'value': 30}, {'type': 28, 'value': 1005}]}"
1757520249,MEDIUM,,1,4775200,3820200,"{'id': 5267, 'context': 0, 'bonus_lists': [6659], 'modifiers': [{'type': 9, 'value': 30}, {'type': 28, 'value': 1004}]}"
1757520305,MEDIUM,,1,106263800,85011000,"{'id': 59462, 'context': 0, 'modifiers': [{'type': 28, 'value': 1026}]}"
1757520330,MEDIUM,,1,1174100,,"{'id': 16838, 'context': 0, 'modifiers': [{'type': 28, 'value': 1004}]}"
1757520298,MEDIUM,,1,7306700,5845400,"{'id': 15247, 'context': 0, 'bonus_lists': [6655, 1679], 'modifiers': [{'type': 9, 'value': 30}, {'type': 28, 'value': 1005}]}"
1757520312,MEDIUM,,1,4285700,3428600,"{'id': 10255, 'context': 0, 'bonus_lists': [6654, 1705], 'modifiers': [{'type': 9, 'value': 30}, {'type': 28, 'value': 1005}]}"
1757500034,MEDIUM,,1,9495500,7596400,"{'id': 10152, 'context': 0, 'bonus_lists': [6654, 1681], 'modifiers': [{'type': 9, 'value': 30}, {'type': 28, 'value': 1005}]}"
1757500079,MEDIUM,,1,4031600,3225300,"{'id': 15273, 'context': 0, 'bonus_lists': [6655, 1694], 'modifiers': [{'type': 9, 'value': 30}, {'type': 28, 'value': 1005}]}"
1757501142,MEDIUM,,1,1174100,,"{'id': 16838, 'context': 0, 'modifiers': [{'type': 28, 'value': 1004}]}"
1757501222,MEDIUM,,1,1770000,1416000,"{'id': 16827, 'context': 0, 'modifiers': [{'type': 28, 'value': 1004}]}"
1757520234,MEDIUM,,1,1309100,,"{'id': 15296, 'context': 0, 'bonus_lists': [6655, 1678], 'modifiers': [{'type': 9, 'value': 30}, {'type': 28, 'value': 1004}]}"
1757520241,MEDIUM,,1,12198100,9758500,"{'id': 10273, 'context': 0, 'bonus_lists': [6654, 1677], 'modifiers': [{'type': 9, 'value': 30}, {'type': 28, 'value': 1005}]}"
1757520243,MEDIUM,,1,832000,,"{'id': 16828, 'context': 0, 'modifiers': [{'type': 28, 'value': 1004}]}"
1757501262,MEDIUM,,1,3047200,2437800,"{'id': 10257, 'context': 0, 'bonus_lists': [6654, 1709], 'modifiers': [{'type': 9, 'value': 30}, {'type': 28, 'value': 1005}]}"
1757500011,MEDIUM,,1,832000,,"{'id': 16828, 'context': 0, 'modifiers': [{'type': 28, 'value': 1004}]}"
1757501146,MEDIUM,,1,1174100,,"{'id': 16838, 'context': 0, 'modifiers': [{'type': 28, 'value': 1004}]}"
1757520233,MEDIUM,,1,992700,,"{'id': 16806, 'context': 0, 'modifiers': [{'type': 28, 'value': 1004}]}"
1757501121,MEDIUM,,1,4681300,3745000,"{'id': 10227, 'context': 0, 'bonus_lists': [6654, 1705], 'modifiers': [{'type': 9, 'value': 30}, {'type': 28, 'value': 1004}]}"
1757501138,MEDIUM,,1,1174100,,"{'id': 16838, 'context': 0, 'modifiers': [{'type': 28, 'value': 1004}]}"
1757520264,MEDIUM,,1,3459200,2767400,"{'id': 16858, 'context': 0, 'modifiers': [{'type': 28, 'value': 1004}]}"
1757500023,MEDIUM,,1,4249400,3399600,"{'id': 55638, 'context': 0, 'bonus_lists': [6654, 1692], 'modifiers': [{'type': 9, 'value': 35}, {'type': 28, 'value': 1026}]}"
1757520229,MEDIUM,,1,9844800,8810000,"{'id': 13036, 'context': 0, 'bonus_lists': [6659], 'modifiers': [{'type': 9, 'value': 30}, {'type': 28, 'value': 1005}]}"
1757499988,MEDIUM,,1,8368900,6695100,"{'id': 55583, 'context': 0, 'bonus_lists': [6654, 1677], 'modifiers': [{'type': 9, 'value': 35}, {'type': 28, 'value': 1026}]}"
1757501198,MEDIUM,,1,4058200,3246500,"{'id': 16857, 'context': 0, 'modifiers': [{'type': 28, 'value': 1004}]}"
1757520239,MEDIUM,,1,15720100,12576100,"{'id': 13070, 'context': 0, 'bonus_lists': [6658], 'modifiers': [{'type': 9, 'value': 30}, {'type': 28, 'value': 1004}]}"
1757499980,MEDIUM,,1,2803500,2242800,"{'id': 16819, 'context': 0, 'modifiers': [{'type': 28, 'value': 1004}]}"
1757501134,MEDIUM,,1,1174100,,"{'id': 16838, 'context': 0, 'modifiers': [{'type': 28, 'value': 1004}]}"
1757520261,MEDIUM,,1,3459200,2767400,"{'id': 16858, 'context': 0, 'modifiers': [{'type': 28, 'value': 1004}]}"
1757520220,MEDIUM,,1,4385900,3508800,"{'id': 10261, 'context': 0, 'bonus_lists': [6654, 1677], 'modifiers': [{'type': 9, 'value': 30}, {'type': 28, 'value': 1004}]}"
1757501229,MEDIUM,,1,992700,,"{'id': 16806, 'context': 0, 'modifiers': [{'type': 28, 'value': 1004}]}"
1757501181,MEDIUM,,1,6409000,5127200,"{'id': 10142, 'context': 0, 'bonus_lists': [6654, 1707], 'modifiers': [{'type': 9, 'value': 30}, {'type': 28, 'value': 1004}]}"
1757520292,MEDIUM,,1,7306700,5845400,"{'id': 15247, 'context': 0, 'bonus_lists': [6655, 1678], 'modifiers': [{'type': 9, 'value': 30}, {'type': 28, 'value': 1005}]}"
1757520324,MEDIUM,,1,988200,898800,"{'id': 13013, 'context': 0, 'bonus_lists': [6658], 'modifiers': [{'type': 9, 'value': 30}, {'type': 28, 'value': 1004}]}"
1757520219,MEDIUM,,1,1347300,,"{'id': 16861, 'context': 0, 'modifiers': [{'type': 28, 'value': 1004}]}"
1757501101,MEDIUM,,1,8851100,7080900,"{'id': 10260, 'context': 0, 'bonus_lists': [6654, 1678], 'modifiers': [{'type': 9, 'value': 30}, {'type': 28, 'value': 1005}]}"
1757520273,MEDIUM,,1,8851100,7080900,"{'id': 10260, 'context': 0, 'bonus_lists': [6654, 1693], 'modifiers': [{'type': 9, 'value': 30}, {'type': 28, 'value': 1005}]}"
1757520230,MEDIUM,,1,9844800,8810000,"{'id': 13036, 'context': 0, 'bonus_lists': [6659], 'modifiers': [{'type': 9, 'value': 30}, {'type': 28, 'value': 1005}]}"
1757520288,MEDIUM,,1,30932300,24745900,"{'id': 10368, 'context': 0, 'bonus_lists': [6654], 'modifiers': [{'type': 9, 'value': 30}, {'type': 28, 'value': 1005}]}"
1757501255,MEDIUM,,1,4768300,3814600,"{'id': 13133, 'context': 0, 'bonus_lists': [6658], 'modifiers': [{'type': 9, 'value': 30}, {'type': 28, 'value': 1004}]}"
1757499974,MEDIUM,,1,11876400,9501100,"{'id': 13146, 'context': 0, 'bonus_lists': [6659], 'modifiers': [{'type': 9, 'value': 30}, {'type': 28, 'value': 1004}]}"
1757501218,MEDIUM,,1,4639400,3711500,"{'id': 15288, 'context': 0, 'bonus_lists': [6655, 1695], 'modifiers': [{'type': 9, 'value': 30}, {'type': 28, 'value': 1005}]}"
1757738418,LONG,,1,219722900,,"{'id': 159811, 'context': 0, 'bonus_lists': [4796, 1689], 'modifiers': [{'type': 9, 'value': 50}]}"
1757740698,LONG,,1,1335100,,"{'id': 159800, 'context': 0, 'bonus_lists': [4796, 42, 1680], 'modifiers': [{'type': 9, 'value': 50}]}"
1757740662,LONG,,1,39280000,,"{'id': 82800, 'context': 0, 'modifiers': [{'type': 6, 'value': 94706}], 'pet_breed_id': 6, 'pet_level': 1, 'pet_quality_id': 3, 'pet_species_id': 2833}"
1757740708,LONG,,1,5971500,5016100,"{'id': 36386, 'context': 0, 'bonus_lists': [1694]}"
1757740747,LONG,,1,600000000,,"{'id': 163950, 'context': 54, 'bonus_lists': [1472, 4786]}"
1757740823,LONG,,1,15794200,13267100,"{'id': 55643, 'context': 36, 'bonus_lists': [6654, 1716], 'modifiers': [{'type': 9, 'value': 50}]}"
1757740526,LONG,,1,157290000,141561000,"{'id': 82800, 'context': 0, 'modifiers': [{'type': 6, 'value': 84857}], 'pet_breed_id': 17, 'pet_level': 1, 'pet_quality_id': 2, 'pet_species_id': 2412}"
1757738316,LONG,,1,15884100,,"{'id': 36455, 'context': 36, 'bonus_lists': [1681, 3871], 'modifiers': [{'type': 9, 'value': 50}]}"
1757739027,LONG,,1,454975700,,"{'id': 124150, 'context': 6, 'bonus_lists': [1799, 1473]}"
1757740517,LONG,,1,53176600,44668300,"{'id': 106421, 'context': 29, 'bonus_lists': [3854, 110], 'modifiers': [{'type': 9, 'value': 40}]}"
1757740642,LONG,,1,4772700,4009100,"{'id': 3211, 'context': 28, 'bonus_lists': [3831], 'modifiers': [{'type': 9, 'value': 10}]}"
1757738866,LONG,,1,483152200,434837000,"{'id': 82800, 'context': 0, 'modifiers': [{'type': 6, 'value': 76383}], 'pet_breed_id': 4, 'pet_level': 1, 'pet_quality_id': 2, 'pet_species_id': 2417}"
1757738905,LONG,,1,157038000,,"{'id': 164532, 'context': 11}"
1757740264,LONG,,1,48368500,,"{'id': 164398, 'context': 11}"
1757740438,LONG,,1,2634600000,,"{'id': 124182, 'context': 5, 'bonus_lists': [1798, 1472, 5847, 3441]}"
1757740565,LONG,,1,15115200,12696800,"{'id': 82072, 'context': 36, 'bonus_lists': [1716, 4764], 'modifiers': [{'type': 9, 'value': 50}]}"
1757740700,LONG,,1,29470400,,"{'id': 25081, 'context': 28, 'bonus_lists': [1680, 3869], 'modifiers': [{'type': 9, 'value': 50}]}"
1757740748,LONG,,1,305990000,275391000,"{'id': 82800, 'context': 0, 'modifiers': [{'type': 6, 'value': 81966}], 'pet_breed_id': 11, 'pet_level': 1, 'pet_quality_id': 2, 'pet_species_id': 2404}"
1757738591,LONG,,1,364990000,328491000,"{'id': 82800, 'context': 0, 'modifiers': [{'type': 6, 'value': 86135}], 'pet_breed_id': 8, 'pet_level': 1, 'pet_quality_id': 2, 'pet_species_id': 2189}"
1757738361,LONG,,1,1456047200,,"{'id': 172450, 'context': 2}"
1757740390,LONG,,1,20792300,17465500,"{'id': 55296, 'context': 30, 'bonus_lists': [1713, 4767], 'modifiers': [{'type': 9, 'value': 34}]}"
1757738650,LONG,,1,200005000,,"{'id': 166819, 'context': 0}"
1757738847,LONG,,1,567087800,,"{'id': 118813, 'context': 29, 'bonus_lists': [3916], 'modifiers': [{'type': 9, 'value': 50}]}"
1757740769,LONG,,1,2874990100,2750087300,"{'id': 82800, 'context': 0, 'modifiers': [{'type': 6, 'value': 22903}], 'pet_breed_id': 15, 'pet_level': 25, 'pet_quality_id': 3, 'pet_species_id': 168}"
1757738444,LONG,,1,199999900,,"{'id': 164366, 'context': 31}"
1757740207,LONG,,1,86597100,,"{'id': 160119, 'context': 0, 'bonus_lists': [4796, 1709], 'modifiers': [{'type': 9, 'value': 50}]}"
1757740386,LONG,,1,88833100,,"{'id': 163925, 'context': 14, 'modifiers': [{'type': 28, 'value': 186}]}"
1757738380,LONG,,1,112418800,,"{'id': 164347, 'context': 11}"
1757738432,LONG,,1,7697100,,"{'id': 55430, 'context': 36, 'bonus_lists': [1709, 4767], 'modifiers': [{'type': 9, 'value': 50}]}"
1757740683,LONG,,1,305990000,275391000,"{'id': 82800, 'context': 0, 'modifiers': [{'type': 6, 'value': 80460}], 'pet_breed_id': 8, 'pet_level': 1, 'pet_quality_id': 2, 'pet_species_id': 2414}"
1757740713,LONG,,1,382980000,344682000,"{'id': 82800, 'context': 0, 'modifiers': [{'type': 6, 'value': 80852}], 'pet_breed_id': 10, 'pet_level': 1, 'pet_quality_id': 3, 'pet_species_id': 2420}"
1757740764,LONG,,1,999999900,,"{'id': 164299, 'context': 11}"
1757740360,LONG,,1,18495200,15536000,"{'id': 55366, 'context': 36, 'bonus_lists': [6655, 1685], 'modifiers': [{'type': 9, 'value': 50}]}"
1757738494,LONG,,1,27784700,23339100,"{'id': 106589, 'context': 29, 'bonus_lists': [3855, 30], 'modifiers': [{'type': 9, 'value': 41}]}"
1757740283,LONG,,1,35361000,29703200,"{'id': 55767, 'context': 36, 'bonus_lists': [6654, 1680], 'modifiers': [{'type': 9, 'value': 50}]}"
1757738561,LONG,,1,10455900,9410300,"{'id': 82800, 'context': 0, 'modifiers': [{'type': 6, 'value': 81215}], 'pet_breed_id': 9, 'pet_level': 1, 'pet_quality_id': 3, 'pet_species_id': 2719}"
1757738294,LONG,,1,562600,,"{'id': 86279, 'context': 0}"
1757738333,LONG,,1,79000,,"{'id': 12682, 'context': 1}"
1757738394,LONG,,1,74470000,62554800,"{'id': 2815, 'context': 54, 'bonus_lists': [4273], 'modifiers': [{'type': 9, 'value': 50}]}"
1757740679,LONG,,1,8189700,6879300,"{'id': 55527, 'context': 36, 'bonus_lists': [1693, 4764], 'modifiers': [{'type': 9, 'value': 50}]}"
1757738542,LONG,,1,41809100,,"{'id': 47633, 'context': 0}"
1757740506,LONG,,1,1284300,,"{'id': 152878, 'context': 13}"
1757740631,LONG,,1,33938400,,"{'id': 106727, 'context': 6, 'bonus_lists': [53]}"
1757740634,LONG,,1,32091500,,"{'id': 10362, 'context': 1, 'bonus_lists': [1681]}"
1757740356,LONG,,1,80937600,,"{'id': 154824, 'context': 0, 'bonus_lists': [4796, 1683], 'modifiers': [{'type': 9, 'value': 50}]}"
1757740411,LONG,,1,325150000,292635000,"{'id': 82800, 'context': 0, 'modifiers': [{'type': 6, 'value': 81079}], 'pet_breed_id': 11, 'pet_level': 1, 'pet_quality_id': 2, 'pet_species_id': 2405}"
1757738544,LONG,,1,4235200,3557600,"{'id': 55517, 'context': 36, 'bonus_lists': [1680, 4764], 'modifiers': [{'type': 9, 'value': 50}]}"
1757740213,LONG,,1,79482100,66765000,"{'id': 55466, 'context': 36, 'bonus_lists': [1709, 4767], 'modifiers': [{'type': 9, 'value': 50}]}"
1757740820,LONG,,1,1148331300,,"{'id': 164493, 'context': 0}"
1757740625,LONG,,1,85749200,,"{'id': 164536, 'context': 31}"
1757738549,LONG,,1,2950000,,"{'id': 30307, 'context': 0, 'modifiers': [{'type': 28, 'value': 1012}]}"
1757738308,LONG,,1,21232300,17835100,"{'id': 116642, 'context': 6, 'bonus_lists': [109]}"
1757740848,LONG,,1,199999900,,"{'id': 169284, 'context': 14, 'modifiers': [{'type': 28, 'value': 186}]}"
1757740702,LONG,,1,9950000,8358000,"{'id': 3206, 'context': 54, 'bonus_lists': [1708, 4281], 'modifiers': [{'type': 9, 'value': 50}]}"
1757738835,LONG,,1,990161100,,"{'id': 165520, 'context': 6, 'bonus_lists': [4800, 1808, 1490, 4786]}"
1757740446,LONG,,1,2634600000,,"{'id': 124182, 'context': 6, 'bonus_lists': [1799, 41, 1473]}"
1758170950,VERY_LONG,,1,2274950100,,"{'id': 82800, 'context': 0, 'modifiers': [{'type': 6, 'value': 30157}], 'pet_breed_id': 12, 'pet_level': 25, 'pet_quality_id': 3, 'pet_species_id': 241}"
1758170963,VERY_LONG,,1,300000000,,"{'id': 165509, 'context': 6, 'bonus_lists': [4800, 1490, 4786]}"
1758170965,VERY_LONG,,1,300000000,,"{'id': 165509, 'context': 6, 'bonus_lists': [4800, 1490, 4786]}"
1758170972,VERY_LONG,,1,693640100,,"{'id': 9427, 'context': 1, 'bonus_lists': [4065], 'modifiers': [{'type': 9, 'value': 20}]}"
1758170985,VERY_LONG,,1,1745431100,,"{'id': 22739, 'context': 0}"
1758171008,VERY_LONG,,1,2732403600,,"{'id': 82800, 'context': 0, 'modifiers': [{'type': 6, 'value': 38919}], 'pet_breed_id': 11, 'pet_level': 1, 'pet_quality_id': 3, 'pet_species_id': 333}"
1758171010,VERY_LONG,,1,2338828800,,"{'id': 15774, 'context': 0}"
1758171019,VERY_LONG,,1,980411400,,"{'id': 55334, 'context': 0, 'bonus_lists': [1678]}"
1758170967,VERY_LONG,,1,3573332200,,"{'id': 20655, 'context': 0, 'bonus_lists': [1709]}"
1758170929,VERY_LONG,,1,3111173300,,"{'id': 2021, 'context': 0}"
1758170982,VERY_LONG,,1,200000000,,"{'id': 152091, 'context': 6, 'bonus_lists': [3612, 43, 1472, 3528]}"
1758170995,VERY_LONG,,1,385200200,,"{'id': 140363, 'context': 0}"
1758171023,VERY_LONG,,1,3375206400,,"{'id': 82800, 'context': 0, 'modifiers': [{'type': 6, 'value': 30507}], 'pet_breed_id': 7, 'pet_level': 25, 'pet_quality_id': 3, 'pet_species_id': 302}"
1758171035,VERY_LONG,,1,1136197900,,"{'id': 18701, 'context': 1, 'bonus_lists': [4046], 'modifiers': [{'type': 9, 'value': 25}]}"
1758170991,VERY_LONG,,1,2211652000,,"{'id': 4463, 'context': 0}"
1758170974,VERY_LONG,,1,200000000,,"{'id': 152090, 'context': 4, 'bonus_lists': [3613, 1468, 3528]}"
1758171009,VERY_LONG,,1,1993237900,,"{'id': 15779, 'context': 0}"
1758170969,VERY_LONG,,1,1816012500,,"{'id': 20674, 'context': 0, 'bonus_lists': [1706]}"
1758170999,VERY_LONG,,1,2702571500,,"{'id': 15738, 'context': 0}"
1758171003,VERY_LONG,,1,645970800,,"{'id': 36673, 'context': 0, 'bonus_lists': [1681]}"
1758170919,VERY_LONG,,1,1912978000,,"{'id': 9296, 'context': 0}"
1758170948,VERY_LONG,,1,3061341800,,"{'id': 55460, 'context': 0, 'bonus_lists': [1686]}"
1758170976,VERY_LONG,,1,3730408700,,"{'id': 21548, 'context': 0}"
1758171007,VERY_LONG,,1,1532180400,,"{'id': 12532, 'context': 1, 'bonus_lists': [3999], 'modifiers': [{'type': 9, 'value': 21}]}"
1758171017,VERY_LONG,,1,1324852700,,"{'id': 12828, 'context': 0}"
1758170921,VERY_LONG,,1,566230700,,"{'id': 50379, 'context': 0}"
1758170945,VERY_LONG,,1,3933314200,,"{'id': 20653, 'context': 0, 'bonus_lists': [1678]}"
1758170993,VERY_LONG,,1,2865394400,,"{'id': 82800, 'context': 0, 'modifiers': [{'type': 6, 'value': 40538}], 'pet_breed_id': 8, 'pet_level': 1, 'pet_quality_id': 3, 'pet_species_id': 348}"
1758170994,VERY_LONG,,1,1136293700,,"{'id': 82800, 'context': 0, 'modifiers': [{'type': 6, 'value': 21362}], 'pet_breed_id': 3, 'pet_level': 25, 'pet_quality_id': 3, 'pet_species_id': 156}"
1758171028,VERY_LONG,,1,2799950000,,"{'id': 82800, 'context': 0, 'modifiers': [{'type': 6, 'value': 39694}], 'pet_breed_id': 11, 'pet_level': 1, 'pet_quality_id': 3, 'pet_species_id': 665}"
1758171082,VERY_LONG,,1,200000000,,"{'id': 165547, 'context': 6, 'bonus_lists': [4800, 1492, 4783]}"
1758170938,VERY_LONG,,1,2971346600,,"{'id': 15732, 'context': 0}"
1758170953,VERY_LONG,,1,2599452200,,"{'id': 4597, 'context': 0}"
1758170958,VERY_LONG,,1,2949950100,,"{'id': 82800, 'context': 0, 'pet_breed_id': 5, 'pet_level': 1, 'pet_quality_id': 3, 'pet_species_id': 169}"
1758170984,VERY_LONG,,1,1413250500,,"{'id': 9424, 'context': 1, 'bonus_lists': [4065], 'modifiers': [{'type': 9, 'value': 25}]}"
1758171020,VERY_LONG,,1,3232077200,,"{'id': 18700, 'context': 0}"
1758170943,VERY_LONG,,1,1299225700,,"{'id': 16685, 'context': 0}"
1758171006,VERY_LONG,,1,375426600,,"{'id': 5819, 'context': 1, 'bonus_lists': [4054], 'modifiers': [{'type': 9, 'value': 25}]}"
1758171014,VERY_LONG,,1,4585406700,,"{'id': 82800, 'context': 0, 'modifiers': [{'type': 6, 'value': 37846}], 'pet_breed_id': 15, 'pet_level': 1, 'pet_quality_id': 3, 'pet_species_id': 303}"
1758170924,VERY_LONG,,1,4297011400,,"{'id': 82800, 'context': 0, 'modifiers': [{'type': 6, 'value': 22903}], 'pet_breed_id': 15, 'pet_level': 1, 'pet_quality_id': 3, 'pet_species_id': 168}"
1758170941,VERY_LONG,,1,200000000,,"{'id': 169932, 'context': 4, 'bonus_lists': [4801, 1472, 4786]}"
1758171011,VERY_LONG,,1,400000000,,"{'id': 169931, 'context': 5, 'bonus_lists': [4799, 1485, 4786]}"
1758170917,VERY_LONG,,1,2882867600,,"{'id': 82800, 'context': 0, 'modifiers': [{'type': 6, 'value': 38777}], 'pet_breed_id': 4, 'pet_level': 25, 'pet_quality_id': 3, 'pet_species_id': 328}"
1758170980,VERY_LONG,,1,1747033300,,"{'id': 43613, 'context': 0}"
1758170988,VERY_LONG,,1,3195426800,,"{'id': 82800, 'context': 0, 'modifiers': [{'type': 6, 'value': 32031}], 'pet_breed_id': 10, 'pet_level': 1, 'pet_quality_id': 3, 'pet_species_id': 285}"
1758171031,VERY_LONG,,1,4931473100,,"{'id': 118874, 'context': 29, 'bonus_lists': [3980], 'modifiers': [{'type': 9, 'value': 45}]}"
1758170927,VERY_LONG,,1,200000000,,"{'id': 147425, 'context': 3, 'bonus_lists': [3561, 1472, 3528]}"
1758170997,VERY_LONG,,1,2265077600,,"{'id': 21547, 'context': 0}"
1757740691,LONG,,1,400000,,"{'id': 82262, 'context': 6, 'bonus_lists': [6654, 1685], 'modifiers': [{'type': 9, 'value': 35}, {'type': 28, 'value': 2012}]}"
1757740575,LONG,,1,17721300,,"{'id': 55449, 'context': 2, 'bonus_lists': [6655, 1679], 'modifiers': [{'type': 9, 'value': 35}, {'type': 28, 'value': 1108}]}"
1758063952,VERY_LONG,,1,15008200,,"{'id': 172250, 'context': 13, 'bonus_lists': [6893], 'modifiers': [{'type': 9, 'value': 60}, {'type': 28, 'value': 391}, {'type': 29, 'value': 40}, {'type': 30, 'value': 49}]}"
1757836789,LONG,,1,3333300,3300000,"{'id': 17709, 'context': 11}"
1757836865,LONG,,1,34000000,33660000,"{'id': 31149, 'context': 0}"
1757836916,LONG,,1,155217600,153665400,"{'id': 67115, 'context': 0}"
1757836924,LONG,,1,62648100,62021600,"{'id': 67121, 'context': 0}"
1757836932,LONG,,1,72436100,71711700,"{'id': 13056, 'context': 0}"
1757837001,LONG,,1,59940000,59340600,"{'id': 101571, 'context': 0}"
1757837075,LONG,,1,489445200,484550700,"{'id': 4411, 'context': 1}"
1757837162,LONG,,1,9860800,9762200,"{'id': 13009, 'context': 0}"
1757837212,LONG,,1,5224800,5172600,"{'id': 6716, 'context': 1}"
1757839664,LONG,,1,60778000,60170200,"{'id': 24215, 'context': 3}"
1757839909,LONG,,1,5259800,5207200,"{'id': 13126, 'context': 11}"
1757839921,LONG,,1,95916500,94957300,"{'id': 12983, 'context': 0}"
1757840001,LONG,,1,1343044000,1074435200,"{'id': 820, 'context': 0, 'bonus_lists': [3637, 5739], 'modifiers': [{'type': 9, 'value': 9}]}"
1757840290,LONG,,1,90189100,89287200,"{'id': 41784, 'context': 0}"
1757842930,LONG,,1,57414400,56840300,"{'id': 13054, 'context': 0, 'bonus_lists': [6659], 'modifiers': [{'type': 9, 'value': 30}, {'type': 28, 'value': 22}]}"
1757842949,LONG,,1,68462400,67777800,"{'id': 13035, 'context': 11}"
1757837028,LONG,,1,115051400,113900900,"{'id': 1979, 'context': 54, 'bonus_lists': [4259], 'modifiers': [{'type': 9, 'value': 45}]}"
1757836974,LONG,,1,173804500,172066500,"{'id': 30730, 'context': 0}"
1757839678,LONG,,1,160275500,158672700,"{'id': 116689, 'context': 31}"
1757839962,LONG,,1,36551000,36185500,"{'id': 67242, 'context': 0, 'bonus_lists': [3775], 'modifiers': [{'type': 9, 'value': 35}]}"
1757842787,LONG,,1,99990000,98990100,"{'id': 31289, 'context': 0}"
1757842864,LONG,,1,99990100,98990200,"{'id': 78340, 'context': 11}"
1757842872,LONG,,1,20250000,20047500,"{'id': 40347, 'context': 0}"
1757836922,LONG,,1,375000000,371250000,"{'id': 10463, 'context': 0}"
1757836875,LONG,,1,76033100,75272800,"{'id': 23884, 'context': 0}"
1757837078,LONG,,1,49989500,49489600,"{'id': 8190, 'context': 11}"
1757839792,LONG,,1,16552100,16386600,"{'id': 10317, 'context': 14}"
1757840018,LONG,,1,144253500,142811000,"{'id': 16052, 'context': 1}"
1757840028,LONG,,1,1820010200,1801810100,"{'id': 23632, 'context': 22}"
1757842740,LONG,,1,10491500,10386600,"{'id': 6057, 'context': 14}"
1757842923,LONG,,1,156665400,155098700,"{'id': 15742, 'context': 0}"
1757842971,LONG,,1,95548400,94592900,"{'id': 7451, 'context': 14}"
1757836783,LONG,,1,324963300,321713700,"{'id': 13145, 'context': 0}"
1757836848,LONG,,1,109172100,108080400,"{'id': 118825, 'context': 29, 'bonus_lists': [3915], 'modifiers': [{'type': 9, 'value': 50}]}"
1757837016,LONG,,1,49999800,49499800,"{'id': 13046, 'context': 0}"
1757837040,LONG,,1,173546900,171811400,"{'id': 37746, 'context': 0, 'bonus_lists': [6658], 'modifiers': [{'type': 9, 'value': 33}, {'type': 28, 'value': 1743}]}"
1757837042,LONG,,1,498988300,493998400,"{'id': 10400, 'context': 1, 'bonus_lists': [4005], 'modifiers': [{'type': 9, 'value': 25}]}"
1757837056,LONG,,1,38214900,37832800,"{'id': 13025, 'context': 0}"
1757837068,LONG,,1,3000000,2970000,"{'id': 13118, 'context': 0, 'bonus_lists': [6658], 'modifiers': [{'type': 9, 'value': 30}, {'type': 28, 'value': 32}]}"
1757837135,LONG,,1,2010338300,1990234900,"{'id': 12685, 'context': 0}"
1757837195,LONG,,1,51822500,51304300,"{'id': 7091, 'context': 0}"
1757837208,LONG,,1,66461200,65796600,"{'id': 13043, 'context': 11}"
1757839594,LONG,,1,48980000,48490200,"{'id': 13052, 'context': 0}"
1757839635,LONG,,1,15215300,15063100,"{'id': 1607, 'context': 0, 'bonus_lists': [6659], 'modifiers': [{'type': 9, 'value': 30}, {'type': 28, 'value': 32}]}"
1757839615,LONG,,1,64088800,63447900,"{'id': 45322, 'context': 3}"
1757839617,LONG,,1,63095100,62464100,"{'id': 12997, 'context': 54, 'bonus_lists': [4274], 'modifiers': [{'type': 9, 'value': 45}]}"
1757839639,LONG,,1,126741100,125473700,"{'id': 13026, 'context': 0, 'bonus_lists': [6659], 'modifiers': [{'type': 9, 'value': 30}, {'type': 28, 'value': 28}]}"
1757839672,LONG,,1,1475900,1461100,"{'id': 13007, 'context': 0}"
1757839689,LONG,,1,955514700,945959600,"{'id': 161073, 'context': 3, 'bonus_lists': [4798, 1472, 4786]}"
1757839697,LONG,,1,156856200,155287600,"{'id': 754, 'context': 0}"
1757839827,LONG,,1,20524300,20319100,"{'id': 2601, 'context': 0}"
1757839844,LONG,,1,90619900,89713700,"{'id': 13128, 'context': 11}"
1757839873,LONG,,1,14208000,14065900,"{'id': 45435, 'context': 3}"
1757839894,LONG,,1,94359800,93416200,"{'id': 68601, 'context': 0}"
1757840006,LONG,,1,19638200,19441800,"{'id': 52386, 'context': 5}"
1757840608,LONG,,1,850000,,"{'id': 13135, 'context': 0}"
1757840819,LONG,,1,15926500,,"{'id': 18652, 'context': 14}"
1757842775,LONG,,1,759206000,751613900,"{'id': 10401, 'context': 1, 'bonus_lists': [4005], 'modifiers': [{'type': 9, 'value': 25}]}"
1757840079,LONG,,1,180002200,178202200,"{'id': 163963, 'context': 54, 'bonus_lists': [1472, 4786]}"
1757840094,LONG,,1,20303600,20100600,"{'id': 9433, 'context': 11}"
1757840134,LONG,,1,79300700,78507700,"{'id': 31280, 'context': 0}"
1757840144,LONG,,1,25819200,25561000,"{'id': 67123, 'context': 0}"
1757840148,LONG,,1,21000000,20790000,"{'id': 9483, 'context': 1, 'bonus_lists': [4071], 'modifiers': [{'type': 9, 'value': 25}]}"
1757840164,LONG,,1,1571133000,1555421700,"{'id': 153019, 'context': 5, 'bonus_lists': [3611, 1472, 3528]}"
1757840193,LONG,,1,62959500,62329900,"{'id': 31145, 'context': 0}"
1757840241,LONG,,1,38916500,38527300,"{'id': 7450, 'context': 0}"
1757840276,LONG,,1,3200000,3168000,"{'id': 12697, 'context': 0}"
1757840307,LONG,,1,18387100,14709700,"{'id': 29391, 'context': 14}"
1757840315,LONG,,1,67540500,66865100,"{'id': 55789, 'context': 2}"
1757842801,LONG,,1,873854200,865115700,"{'id': 5083, 'context': 11}"
1757842814,LONG,,1,1064614000,1053967900,"{'id': 17050, 'context': 11}"
1757842855,LONG,,1,358541300,354955900,"{'id': 42554, 'context': 0}"
1757842869,LONG,,1,247205700,244733600,"{'id': 37812, 'context': 0, 'bonus_lists': [6659], 'modifiers': [{'type': 9, 'value': 30}, {'type': 28, 'value': 49}]}"
1757842876,LONG,,1,61207800,60595700,"{'id': 13076, 'context': 11}"
1757842878,LONG,,1,63574100,62938400,"{'id': 37070, 'context': 2, 'bonus_lists': [4196], 'modifiers': [{'type': 9, 'value': 50}]}"
1757842881,LONG,,1,324999900,321749900,"{'id': 37811, 'context': 0}"
1757842961,LONG,,1,237583700,235207900,"{'id': 13034, 'context': 0}"
1757842994,LONG,,1,84770200,83922500,"{'id': 31286, 'context': 0}"
1757843014,LONG,,1,67899700,67220700,"{'id': 13020, 'context': 0}"
1757843019,LONG,,1,797176500,789204700,"{'id': 130169, 'context': 31}"
1757836908,LONG,,1,24990000,24740100,"{'id': 13014, 'context': 11}"
1757839983,LONG,,1,53622900,53086700,"{'id': 67243, 'context': 0, 'bonus_lists': [3775], 'modifiers': [{'type': 9, 'value': 35}]}"
1757839597,LONG,,1,99990000,98990100,"{'id': 35187, 'context': 0}"
1757839707,LONG,,1,150507100,149002000,"{'id': 10608, 'context': 0}"
1757839769,LONG,,1,17268300,17095600,"{'id': 45316, 'context': 3}"
1757839817,LONG,,1,109148400,108056900,"{'id': 24194, 'context': 0}"
1757840087,LONG,,1,13995000,13855100,"{'id': 13109, 'context': 11}"
1757840201,LONG,,1,1253860400,1241321800,"{'id': 23909, 'context': 0, 'bonus_lists': [6713], 'modifiers': [{'type': 9, 'value': 27}, {'type': 28, 'value': 1816}]}"
1757840264,LONG,,1,53202500,52670500,"{'id': 12979, 'context': 0}"
1757843011,LONG,,1,125211100,123959000,"{'id': 118803, 'context': 29, 'bonus_lists': [3936], 'modifiers': [{'type': 9, 'value': 45}]}"
1757839976,LONG,,1,2291800,2268900,"{'id': 11612, 'context': 1}"
1757839994,LONG,,1,11720700,11603500,"{'id': 7364, 'context': 0}"
1757840038,LONG,,1,8453043300,8368512900,"{'id': 158180, 'context': 0}"
1757840114,LONG,,1,26525700,26260400,"{'id': 104224, 'context': 0}"
1757840185,LONG,,1,63306800,62673700,"{'id': 12988, 'context': 0}"
1757842705,LONG,,1,72763400,72035800,"{'id': 22919, 'context': 0}"
1757842714,LONG,,1,32639700,32313300,"{'id': 13022, 'context': 11}"
1757842770,LONG,,1,1764400,1746800,"{'id': 16215, 'context': 1}"
1757842792,LONG,,1,26770000,26502300,"{'id': 69877, 'context': 0, 'bonus_lists': [4207], 'modifiers': [{'type': 9, 'value': 35}]}"
1757842807,LONG,,1,49695500,49198500,"{'id': 15770, 'context': 1}"
1757842843,LONG,,1,37832300,37454000,"{'id': 31190, 'context': 0}"
1757842861,LONG,,1,8376800,8293000,"{'id': 13072, 'context': 0}"
1757842977,LONG,,1,72859100,72130500,"{'id': 35192, 'context': 0}"
1757839944,LONG,,1,123326500,122093200,"{'id': 86191, 'context': 0}"
1757837058,LONG,,1,54032700,53492400,"{'id': 41786, 'context': 0}"
1757836777,LONG,,1,52377900,51854100,"{'id': 31150, 'context': 0}"
1757836915,LONG,,1,5571200,5515500,"{'id': 15746, 'context': 0}"
1757836997,LONG,,1,24773700,24526000,"{'id': 35580, 'context': 0}"
1757837142,LONG,,1,15000000,14850000,"{'id': 6045, 'context': 1}"
1757837155,LONG,,1,9990000,9890100,"{'id': 2912, 'context': 0}"
1757839684,LONG,,1,8760100,8672500,"{'id': 37771, 'context': 0}"
1757839722,LONG,,1,49999900,49499900,"{'id': 120138, 'context': 0, 'modifiers': [{'type': 28, 'value': 58}]}"
1757839728,LONG,,1,177408800,175634700,"{'id': 4090, 'context': 0}"
1757839878,LONG,,1,153409400,151875300,"{'id': 35190, 'context': 0}"
1757839933,LONG,,1,228538500,226253100,"{'id': 13132, 'context': 0}"
1757840014,LONG,,1,27709700,27432600,"{'id': 13000, 'context': 0}"
1757840059,LONG,,1,309882900,306784100,"{'id': 35194, 'context': 0}"
1757840139,LONG,,1,71769000,71051300,"{'id': 13122, 'context': 0}"
1757842831,LONG,,1,20004100,19804100,"{'id': 4696, 'context': 0}"
1757842858,LONG,,1,32677400,32350600,"{'id': 59460, 'context': 0}"
1757839656,LONG,,1,16241400,16079000,"{'id': 6375, 'context': 0}"
1757839755,LONG,,1,612760900,606633300,"{'id': 104235, 'context': 0}"
1757839901,LONG,,1,134353500,133010000,"{'id': 13138, 'context': 0}"
1757840124,LONG,,1,43660700,43224100,"{'id': 13059, 'context': 11}"
1757840720,LONG,,1,224100,,"{'id': 12683, 'context': 0}"
1757842820,LONG,,1,509800,504700,"{'id': 12694, 'context': 0}"
1757842896,LONG,,1,50435700,49931300,"{'id': 115525, 'context': 0}"
1757842953,LONG,,1,88000,87100,"{'id': 128310, 'context': 31, 'modifiers': [{'type': 28, 'value': 176}]}"
1757842990,LONG,,1,37660600,37284000,"{'id': 39717, 'context': 0}"
1757836870,LONG,,1,12414000,12289900,"{'id': 31304, 'context': 0}"
1757837177,LONG,,1,2500000,2475000,"{'id': 21944, 'context': 0}"
1757839611,LONG,,1,4950000,4900500,"{'id': 13066, 'context': 11}"
1757839775,LONG,,1,37810000,37431900,"{'id': 31202, 'context': 0}"
1757839780,LONG,,1,6800000,6732000,"{'id': 18654, 'context': 1}"
1757839959,LONG,,1,4980000,4930200,"{'id': 1203, 'context': 11}"
1757840172,LONG,,1,69970000,69270300,"{'id': 13021, 'context': 11}"
1757840205,LONG,,1,9095400,7276300,"{'id': 4333, 'context': 0}"
1757840282,LONG,,1,216910700,214741600,"{'id': 35197, 'context': 0}"
1757842761,LONG,,1,60007600,59407500,"{'id': 151652, 'context': 13}"
1757839593,LONG,,1,2500000,2475000,"{'id': 18229, 'context': 0}"
1757839659,LONG,,1,4920300,4871100,"{'id': 13073, 'context': 11}"
1757839668,LONG,,1,74359800,73616200,"{'id': 11150, 'context': 14}"
1757839760,LONG,,1,3696458700,3659494100,"{'id': 8397, 'context': 0}"
1757839785,LONG,,1,15000000,14850000,"{'id': 128807, 'context': 0}"
1757839837,LONG,,1,985800,975900,"{'id': 13008, 'context': 11}"
1757840153,LONG,,1,62716200,62089000,"{'id': 13082, 'context': 11}"
1757840256,LONG,,1,35000000,34650000,"{'id': 66993, 'context': 0}"
1757840321,LONG,,1,140706700,139299600,"{'id': 35191, 'context': 0}"
1757840462,LONG,,1,199997400,,"{'id': 63269, 'context': 0}"
1757840575,LONG,,1,2980000,,"{'id': 13047, 'context': 0}"
1757840841,LONG,,1,3501600,,"{'id': 12703, 'context': 14}"
1757842747,LONG,,1,78995500,78205500,"{'id': 37774, 'context': 0}"
1757842849,LONG,,1,57877000,57298200,"{'id': 31193, 'context': 0}"
1757842882,LONG,,1,910255300,901152700,"{'id': 16055, 'context': 1}"
1757842906,LONG,,1,24255900,24013300,"{'id': 13478, 'context': 14}"
1757842912,LONG,,1,58814200,58226100,"{'id': 13131, 'context': 0}"
1757842982,LONG,,1,372852000,369123500,"{'id': 142541, 'context': 4, 'bonus_lists': [3470, 1471, 3528]}"
1757843006,LONG,,1,19776600,19578800,"{'id': 13062, 'context': 0}"
1757839642,LONG,,1,91102400,90191400,"{'id': 24222, 'context': 0}"
1757839752,LONG,,1,39850000,39451500,"{'id': 18661, 'context': 1}"
1757839765,LONG,,1,731833200,724514900,"{'id': 163967, 'context': 54, 'bonus_lists': [42, 1472, 4786]}"
1757839820,LONG,,1,120189800,96151800,"{'id': 4826, 'context': 14}"
1757839861,LONG,,1,15746400,15588900,"{'id': 31293, 'context': 0}"
1757836823,LONG,,1,33650500,33314000,"{'id': 67071, 'context': 28, 'bonus_lists': [4761], 'modifiers': [{'type': 9, 'value': 50}]}"
1757836832,LONG,,1,20318100,20114900,"{'id': 68782, 'context': 0}"
1757837034,LONG,,1,58509300,57924200,"{'id': 13027, 'context': 0}"
1757837179,LONG,,1,1090200,1079300,"{'id': 14513, 'context': 1}"
1757837183,LONG,,1,757126600,749555300,"{'id': 14511, 'context': 0}"
1757836767,LONG,,1,55000000,54450000,"{'id': 31186, 'context': 0}"
1757836862,LONG,,1,1243844700,1231406300,"{'id': 23625, 'context': 1}"
1757836978,LONG,,1,37212700,36840600,"{'id': 13139, 'context': 11}"
1757837049,LONG,,1,199491300,197496400,"{'id': 4415, 'context': 1}"
1757837060,LONG,,1,30786600,24629300,"{'id': 29371, 'context': 14}"
1757837172,LONG,,1,46608800,46142700,"{'id': 31282, 'context': 0}"
1757839743,LONG,,1,241925800,239506500,"{'id': 67120, 'context': 0}"
1757836942,LONG,,1,139086800,137695900,"{'id': 31234, 'context': 0}"
1757840107,LONG,,1,5500000,5445000,"{'id': 18653, 'context': 0}"
1757840178,LONG,,1,592563100,586637500,"{'id': 9385, 'context': 0}"
1757840232,LONG,,1,75645400,74888900,"{'id': 47089, 'context': 0}"
1757842709,LONG,,1,67607500,66931400,"{'id': 24219, 'context': 3}"
1757842765,LONG,,1,22668200,22441500,"{'id': 13030, 'context': 0}"
1757842803,LONG,,1,10561800,10456200,"{'id': 13134, 'context': 11}"
1757842825,LONG,,1,2650000,2623500,"{'id': 13040, 'context': 0}"
1757842833,LONG,,1,24989700,24739800,"{'id': 13074, 'context': 0}"
1757842837,LONG,,1,32239400,31917000,"{'id': 16046, 'context': 14}"
1757839883,LONG,,1,29669400,29372700,"{'id': 21898, 'context': 14}"
1757842847,LONG,,1,31888400,31569500,"{'id': 6660, 'context': 11}"
1757842866,LONG,,1,16912100,16743000,"{'id': 4416, 'context': 1}"
1757842871,LONG,,1,70324800,69621600,"{'id': 5789, 'context': 14}"
1757843004,LONG,,1,920400,911200,"{'id': 13130, 'context': 0}"
1757843009,LONG,,1,72369100,71645400,"{'id': 41787, 'context': 0}"
1757839631,LONG,,1,156447500,154883000,"{'id': 5108, 'context': 1, 'bonus_lists': [3646], 'modifiers': [{'type': 9, 'value': 15}]}"
1757839799,LONG,,1,40874700,40466000,"{'id': 13065, 'context': 11}"
1757839852,LONG,,1,847052100,838581600,"{'id': 144334, 'context': 13, 'bonus_lists': [600, 1696, 3408]}"
1757840246,LONG,,1,12477100,9981700,"{'id': 54474, 'context': 0}"
1757840928,LONG,,1,12490000,,"{'id': 31291, 'context': 0}"
1757842829,LONG,,1,53137300,52605900,"{'id': 13121, 'context': 0, 'bonus_lists': [6658], 'modifiers': [{'type': 9, 'value': 30}, {'type': 28, 'value': 16}]}"
1757842965,LONG,,1,105524300,104469100,"{'id': 13199, 'context': 0}"
1757836852,LONG,,1,97809900,96831800,"{'id': 116690, 'context': 31}"
1757836881,LONG,,1,10738400,10631000,"{'id': 31292, 'context': 0}"
1757837057,LONG,,1,78881700,78092900,"{'id': 116692, 'context': 11}"
1757837118,LONG,,1,219121500,216930300,"{'id': 163946, 'context': 54, 'bonus_lists': [1472, 4786]}"
1757837126,LONG,,1,56259400,55696800,"{'id': 13018, 'context': 11}"
1757839939,LONG,,1,8244600,8162200,"{'id': 18257, 'context': 0}"
1757839970,LONG,,1,1294642500,1281696100,"{'id': 120137, 'context': 0}"
1757840071,LONG,,1,31521800,31206600,"{'id': 69962, 'context': 0}"
1757842860,LONG,,1,391818000,387899800,"{'id': 104227, 'context': 0}"
1757842894,LONG,,1,10880700,10771900,"{'id': 13004, 'context': 0}"
1757842899,LONG,,1,5657100,5600500,"{'id': 31299, 'context': 0, 'bonus_lists': [6659], 'modifiers': [{'type': 9, 'value': 30}, {'type': 28, 'value': 41}]}"
1757842902,LONG,,1,1804200,1786200,"{'id': 16850, 'context': 0}"
1757842918,LONG,,1,77010300,76240200,"{'id': 39194, 'context': 0}"
1757842936,LONG,,1,6315800,5052600,"{'id': 10052, 'context': 0}"
1757843018,LONG,,1,19000000,18810000,"{'id': 37115, 'context': 2}"
1757836895,LONG,,1,108639000,107552600,"{'id': 17007, 'context': 54, 'bonus_lists': [4247], 'modifiers': [{'type': 9, 'value': 46}]}"
1757837036,LONG,,1,21729300,21512000,"{'id': 67140, 'context': 28, 'bonus_lists': [4755], 'modifiers': [{'type': 9, 'value': 45}]}"
1757840137,LONG,,1,22933600,22704300,"{'id': 47629, 'context': 0}"
1757842795,LONG,,1,29025800,28735500,"{'id': 23574, 'context': 14}"
1757842979,LONG,,1,28440700,28156300,"{'id': 40246, 'context': 0}"
1757839605,LONG,,1,61602500,60986500,"{'id': 13055, 'context': 11}"
1757840743,LONG,,1,4950000,,"{'id': 71953, 'context': 0}"
1757837200,LONG,,1,2528400,2503100,"{'id': 37590, 'context': 2, 'bonus_lists': [4196], 'modifiers': [{'type': 9, 'value': 50}]}"
1757839604,LONG,,1,36367300,36003600,"{'id': 1721, 'context': 0}"
1757840046,LONG,,1,18895900,18706900,"{'id': 3831, 'context': 1}"
1757840215,LONG,,1,55041100,54490700,"{'id': 1357, 'context': 0}"
1757842757,LONG,,1,2500000,2475000,"{'id': 50451, 'context': 0}"
1757842782,LONG,,1,1475068900,1460318200,"{'id': 23636, 'context': 1}"
1757842823,LONG,,1,337810100,334432000,"{'id': 35186, 'context': 0}"
1757842940,LONG,,1,78469300,77684600,"{'id': 31175, 'context': 0}"
1757836761,LONG,,1,28000000,27720000,"{'id': 13101, 'context': 0}"
1757837021,LONG,,1,14619900,14473700,"{'id': 2883, 'context': 0}"
1757837031,LONG,,1,59908700,59309600,"{'id': 12984, 'context': 0}"
1757839927,LONG,,1,33770000,33432300,"{'id': 31137, 'context': 0}"
1757842888,LONG,,1,224949900,222700400,"{'id': 108635, 'context': 14}"
1757842944,LONG,,1,7351900,7278400,"{'id': 1678, 'context': 0, 'bonus_lists': [3721], 'modifiers': [{'type': 9, 'value': 25}]}"
1757836755,LONG,,1,81430100,65144100,"{'id': 29372, 'context': 14}"
1757837148,LONG,,1,225002600,222752600,"{'id': 13488, 'context': 0}"
1757836858,LONG,,1,342949700,339520200,"{'id': 163957, 'context': 54, 'bonus_lists': [1472, 4786]}"
1757836901,LONG,,1,3870800,3832100,"{'id': 18265, 'context': 0}"
1757836951,LONG,,1,30829200,30520900,"{'id': 12987, 'context': 0}"
1757837064,LONG,,1,59895800,59296800,"{'id': 13038, 'context': 0}"
1757837080,LONG,,1,46765300,46297600,"{'id': 44674, 'context': 0, 'bonus_lists': [6691, 1695], 'modifiers': [{'type': 9, 'value': 30}, {'type': 28, 'value': 47}]}"
1757839649,LONG,,1,49999500,49499500,"{'id': 10601, 'context': 0}"
1757839653,LONG,,1,36472300,36107600,"{'id': 13137, 'context': 0}"
1757839736,LONG,,1,99365600,98371900,"{'id': 25887, 'context': 0}"
1757839804,LONG,,1,13412100,13278000,"{'id': 10316, 'context': 1}"
1757839808,LONG,,1,691815100,684896900,"{'id': 6672, 'context': 1}"
1757839988,LONG,,1,468083500,463402700,"{'id': 143898, 'context': 11, 'modifiers': [{'type': 28, 'value': 296}]}"
1757840065,LONG,,1,94472800,93528100,"{'id': 105898, 'context': 0, 'modifiers': [{'type': 28, 'value': 402}]}"
1757840159,LONG,,1,145666400,144209700,"{'id': 35189, 'context': 0}"
1757840696,LONG,,1,5000000,,"{'id': 9302, 'context': 14}"
1757842844,LONG,,1,72944700,72215300,"{'id': 13115, 'context': 0}"
1757842891,LONG,,1,129782200,128484400,"{'id': 13039, 'context': 11}"
1757836904,LONG,,1,74451900,73707400,"{'id': 116691, 'context': 11}"
1757836913,LONG,,1,48123900,47642700,"{'id': 13106, 'context': 0}"
1757836992,LONG,,1,37511500,37136400,"{'id': 4410, 'context': 0}"
1757836961,LONG,,1,234900,232600,"{'id': 86382, 'context': 0}"
1757837204,LONG,,1,28040400,27760000,"{'id': 9395, 'context': 0, 'bonus_lists': [6658], 'modifiers': [{'type': 9, 'value': 30}, {'type': 28, 'value': 16}]}"
1757839600,LONG,,1,781026100,773215800,"{'id': 116144, 'context': 14}"
1757839609,LONG,,1,18806800,18618700,"{'id': 13003, 'context': 0}"
1757839621,LONG,,1,156383100,154819300,"{'id': 12992, 'context': 54, 'bonus_lists': [4273], 'modifiers': [{'type': 9, 'value': 45}]}"
1757839625,LONG,,1,91843000,90924600,"{'id': 2721, 'context': 0}"
1757840052,LONG,,1,41809100,41391000,"{'id': 47633, 'context': 0}"
1757840302,LONG,,1,160526000,158920700,"{'id': 67117, 'context': 0}"
1757840789,LONG,,1,900000,,"{'id': 16861, 'context': 0}"
1757842817,LONG,,1,49995900,49495900,"{'id': 35196, 'context': 0}"
1757842834,LONG,,1,35084100,34733300,"{'id': 31138, 'context': 0}"
1757842986,LONG,,1,1990000000,1970100000,"{'id': 52496, 'context': 0}"
1757842987,LONG,,1,616876900,610708100,"{'id': 116146, 'context': 14}"
1757842997,LONG,,1,27254600,26982100,"{'id': 18656, 'context': 14}"
1757847465,LONG,,1,107630000,106553700,"{'id': 164490, 'context': 0}"
1757847499,LONG,,1,272168700,269447000,"{'id': 164511, 'context': 11}"
1757847532,LONG,,1,282593900,279768000,"{'id': 164441, 'context': 31}"
1757847542,LONG,,1,85749200,84891700,"{'id': 164536, 'context': 31}"
1757847556,LONG,,1,107206700,106134600,"{'id': 164534, 'context': 31}"
1757847562,LONG,,1,1198567900,1186582200,"{'id': 164431, 'context': 31}"
1757847571,LONG,,1,119891700,118692800,"{'id': 164363, 'context': 0}"
1757847596,LONG,,1,135000000,133650000,"{'id': 164284, 'context': 0}"
1757845883,LONG,,1,584385400,578541500,"{'id': 164429, 'context': 0}"
1757845912,LONG,,1,199999900,197999900,"{'id': 164476, 'context': 0}"
1757846079,LONG,,1,9990000,9890100,"{'id': 164458, 'context': 11}"
1757846085,LONG,,1,149894800,148395900,"{'id': 164528, 'context': 11}"
1757847462,LONG,,1,359836400,356238000,"{'id': 164328, 'context': 11}"
1757845476,LONG,,1,300442800,297438400,"{'id': 164450, 'context': 11}"
1757845736,LONG,,1,569432700,563738400,"{'id': 164432, 'context': 11}"
1757845969,LONG,,1,170000000,168300000,"{'id': 164339, 'context': 11}"
1757847501,LONG,,1,95171300,94219600,"{'id': 164482, 'context': 0}"
1757847473,LONG,,1,191720500,189803300,"{'id': 164360, 'context': 11}"
1757847495,LONG,,1,99000000,98010000,"{'id': 164367, 'context': 0}"
1757847609,LONG,,1,58793800,58205900,"{'id': 164418, 'context': 0}"
1757845439,LONG,,1,787176700,779304900,"{'id': 164437, 'context': 0}"
1757845458,LONG,,1,978314800,968531700,"{'id': 164428, 'context': 31}"
1757845584,LONG,,1,88833100,87944800,"{'id': 163925, 'context': 11}"
1757847172,LONG,,1,48174700,47693000,"{'id': 164346, 'context': 11}"
1757847530,LONG,,1,132611600,131285500,"{'id': 164563, 'context': 31}"
1757845500,LONG,,1,324454000,321209500,"{'id': 164439, 'context': 31}"
1757845530,LONG,,1,30835600,30527200,"{'id': 164420, 'context': 11}"
1757845710,LONG,,1,251822100,249303900,"{'id': 164569, 'context': 11}"
1757845822,LONG,,1,98008400,97028300,"{'id': 166824, 'context': 0}"
1757845851,LONG,,1,871778400,863060600,"{'id': 164276, 'context': 11}"
1757845870,LONG,,1,199999900,197999900,"{'id': 164469, 'context': 14, 'modifiers': [{'type': 28, 'value': 186}]}"
1757845894,LONG,,1,160035400,158435000,"{'id': 164349, 'context': 14, 'modifiers': [{'type': 28, 'value': 186}]}"
1757845900,LONG,,1,199999900,197999900,"{'id': 166814, 'context': 11}"
1757845962,LONG,,1,71184000,70472200,"{'id': 164357, 'context': 0}"
1757845999,LONG,,1,226638200,224371800,"{'id': 164406, 'context': 0}"
1757847165,LONG,,1,150001600,148501600,"{'id': 164471, 'context': 11}"
1757847486,LONG,,1,199999900,197999900,"{'id': 164332, 'context': 11}"
1757847507,LONG,,1,199999900,197999900,"{'id': 164529, 'context': 0}"
1757845794,LONG,,1,303038900,300008500,"{'id': 164323, 'context': 11}"
1757845834,LONG,,1,212999500,210869500,"{'id': 164531, 'context': 31}"
1757845897,LONG,,1,68996700,68306700,"{'id': 164416, 'context': 11}"
1757845433,LONG,,1,138101200,136720200,"{'id': 164483, 'context': 11}"
1757845564,LONG,,1,314668700,311522000,"{'id': 164358, 'context': 11}"
1757845651,LONG,,1,74960400,74210800,"{'id': 164423, 'context': 0}"
1757845865,LONG,,1,43848000,43409500,"{'id': 164426, 'context': 11}"
1757845943,LONG,,1,299137300,296145900,"{'id': 164542, 'context': 0}"
1757846070,LONG,,1,199999900,197999900,"{'id': 164455, 'context': 11}"
1757847144,LONG,,1,172263800,170541200,"{'id': 164390, 'context': 11}"
1757847156,LONG,,1,166621300,164955100,"{'id': 163926, 'context': 0}"
1757847181,LONG,,1,199999900,197999900,"{'id': 164394, 'context': 31}"
1757847189,LONG,,1,103498100,102463100,"{'id': 164475, 'context': 0}"
1757847539,LONG,,1,151789800,150271900,"{'id': 164350, 'context': 14, 'modifiers': [{'type': 28, 'value': 186}]}"
1757847589,LONG,,1,115005000,113855000,"{'id': 164464, 'context': 11, 'modifiers': [{'type': 28, 'value': 645}]}"
1757847460,LONG,,1,625562500,619306900,"{'id': 164449, 'context': 31}"
1757847174,LONG,,1,1594647900,1578701400,"{'id': 163928, 'context': 11}"
1757845441,LONG,,1,422198600,417976600,"{'id': 166833, 'context': 0}"
1757845491,LONG,,1,276464700,273700100,"{'id': 164324, 'context': 11}"
1757847580,LONG,,1,143696800,142259800,"{'id': 164442, 'context': 11}"
1757847585,LONG,,1,337282800,333910000,"{'id': 164492, 'context': 0}"
1757845484,LONG,,1,256124400,253563200,"{'id': 164389, 'context': 11}"
1757845611,LONG,,1,73288800,72555900,"{'id': 164500, 'context': 14, 'modifiers': [{'type': 28, 'value': 186}]}"
1757845846,LONG,,1,88450600,87566100,"{'id': 164362, 'context': 31}"
1757845876,LONG,,1,65097300,64446300,"{'id': 164355, 'context': 14, 'modifiers': [{'type': 28, 'value': 186}]}"
1757845949,LONG,,1,548076200,542595400,"{'id': 164353, 'context': 11}"
1757845470,LONG,,1,375343500,371590100,"{'id': 164304, 'context': 11}"
1757845481,LONG,,1,199999900,197999900,"{'id': 164457, 'context': 11}"
1757845551,LONG,,1,439526700,435131400,"{'id': 164516, 'context': 11}"
1757845556,LONG,,1,117837600,116659200,"{'id': 164488, 'context': 31}"
1757845594,LONG,,1,92774100,91846400,"{'id': 164453, 'context': 11, 'modifiers': [{'type': 28, 'value': 644}]}"
1757845658,LONG,,1,750000000,742500000,"{'id': 164334, 'context': 0}"
1757845666,LONG,,1,308380100,305296300,"{'id': 164553, 'context': 11}"
1757845698,LONG,,1,342427000,339002700,"{'id': 164315, 'context': 11}"
1757845717,LONG,,1,75201700,74449700,"{'id': 164344, 'context': 11}"
1757845887,LONG,,1,91614000,90697900,"{'id': 164414, 'context': 11}"
1757845940,LONG,,1,269729300,267032000,"{'id': 164523, 'context': 11}"
1757846043,LONG,,1,172262300,170539700,"{'id': 164340, 'context': 11}"
1757847546,LONG,,1,42000000,41580000,"{'id': 164345, 'context': 11}"
1757847603,LONG,,1,163980100,162340300,"{'id': 164524, 'context': 31}"
1757847447,LONG,,1,117123400,115952200,"{'id': 164510, 'context': 11}"
1757845464,LONG,,1,153806600,152268500,"{'id': 164487, 'context': 0}"
1757845604,LONG,,1,34555600,34210000,"{'id': 164336, 'context': 0}"
1757845704,LONG,,1,214802900,212654900,"{'id': 164489, 'context': 0}"
1757845759,LONG,,1,114316400,113173200,"{'id': 164486, 'context': 11}"
1757845764,LONG,,1,125805300,124547200,"{'id': 164407, 'context': 11}"
1757846015,LONG,,1,162781000,161153200,"{'id': 164474, 'context': 11}"
1757846020,LONG,,1,132260500,130937900,"{'id': 166817, 'context': 11}"
1757847150,LONG,,1,453823700,449285500,"{'id': 164331, 'context': 14, 'modifiers': [{'type': 28, 'value': 186}]}"
1757847518,LONG,,1,256873700,254305000,"{'id': 164552, 'context': 0}"
1757845537,LONG,,1,55324200,54771000,"{'id': 164421, 'context': 11}"
1757845633,LONG,,1,288806000,285917900,"{'id': 164568, 'context': 0}"
1757845818,LONG,,1,999999900,989999900,"{'id': 164299, 'context': 11}"
1757845858,LONG,,1,94505500,93560400,"{'id': 164465, 'context': 0}"
1757845990,LONG,,1,112307200,111184100,"{'id': 164307, 'context': 11}"
1757847164,LONG,,1,361177100,357565300,"{'id': 164544, 'context': 11}"
1757845523,LONG,,1,251560800,249045200,"{'id': 164527, 'context': 0}"
1757845787,LONG,,1,1699999900,1682999900,"{'id': 164546, 'context': 0}"
1757845906,LONG,,1,269927200,267227900,"{'id': 164562, 'context': 11, 'modifiers': [{'type': 28, 'value': 645}]}"
1757846004,LONG,,1,120003100,118803100,"{'id': 164467, 'context': 11}"
1757847120,LONG,,1,328164200,324882600,"{'id': 164567, 'context': 0}"
1757847124,LONG,,1,87435600,86561200,"{'id': 164410, 'context': 11}"
1757847450,LONG,,1,60082100,59481300,"{'id': 164477, 'context': 0}"
1757845843,LONG,,1,270565200,267859500,"{'id': 164430, 'context': 31, 'modifiers': [{'type': 28, 'value': 464}]}"
1757845927,LONG,,1,1197383900,1185410100,"{'id': 164440, 'context': 0}"
1757847577,LONG,,1,221954300,219734800,"{'id': 164281, 'context': 11}"
1757845544,LONG,,1,171466700,169752000,"{'id': 164473, 'context': 11}"
1757845921,LONG,,1,51492100,50977200,"{'id': 166829, 'context': 0}"
1757847117,LONG,,1,534722500,529375300,"{'id': 164436, 'context': 14, 'modifiers': [{'type': 28, 'value': 186}]}"
1757847176,LONG,,1,55904900,55345900,"{'id': 164411, 'context': 11}"
1757845513,LONG,,1,238068200,235687500,"{'id': 164434, 'context': 11}"
1757845779,LONG,,1,199999900,197999900,"{'id': 164306, 'context': 31}"
1757845798,LONG,,1,73080800,72350000,"{'id': 164502, 'context': 0}"
1757846037,LONG,,1,199999900,197999900,"{'id': 164505, 'context': 11}"
1757846092,LONG,,1,268281800,265599000,"{'id': 164551, 'context': 11}"
1757847134,LONG,,1,148936600,147447200,"{'id': 164343, 'context': 11}"
1757847184,LONG,,1,195897600,193938600,"{'id': 164369, 'context': 0}"
1757845452,LONG,,1,348009400,344529300,"{'id': 164496, 'context': 11}"
1757846025,LONG,,1,40117600,39716400,"{'id': 164351, 'context': 11}"
1757847161,LONG,,1,90000000,89100000,"{'id': 164266, 'context': 0}"
1757847490,LONG,,1,66170100,65508400,"{'id': 166839, 'context': 0}"
1757847522,LONG,,1,373240600,369508200,"{'id': 164314, 'context': 14, 'modifiers': [{'type': 28, 'value': 186}]}"
1757847551,LONG,,1,310216200,307114000,"{'id': 164318, 'context': 11}"
1757845506,LONG,,1,60009900,59409800,"{'id': 164422, 'context': 11}"
1757845624,LONG,,1,202096400,200075400,"{'id': 164555, 'context': 11, 'modifiers': [{'type': 28, 'value': 645}]}"
1757845812,LONG,,1,487778200,482900400,"{'id': 19267, 'context': 0}"
1757846011,LONG,,1,295773100,292815400,"{'id': 164521, 'context': 11}"
1757847197,LONG,,1,485343100,480489700,"{'id': 164559, 'context': 11}"
1757847564,LONG,,1,40000000,39600000,"{'id': 163927, 'context': 0}"
1757845454,LONG,,1,299723300,296726100,"{'id': 164270, 'context': 0}"
1757845519,LONG,,1,78478200,77693400,"{'id': 164413, 'context': 11}"
1757845829,LONG,,1,177989500,176209600,"{'id': 164520, 'context': 11}"
1757847168,LONG,,1,53001200,52471200,"{'id': 164466, 'context': 0}"
1757847480,LONG,,1,92270000,91347300,"{'id': 164415, 'context': 11}"
1757847483,LONG,,1,327875900,324597100,"{'id': 164392, 'context': 31}"
1757847510,LONG,,1,200522600,198517400,"{'id': 164549, 'context': 11}"
1757847470,LONG,,1,285096100,282245100,"{'id': 164316, 'context': 31}"
1757847525,LONG,,1,208647500,206561000,"{'id': 164517, 'context': 11}"
1757845572,LONG,,1,239444300,237049900,"{'id': 164443, 'context': 11}"
1757845641,LONG,,1,327379800,324106000,"{'id': 164556, 'context': 11}"
1757845689,LONG,,1,875181000,866429200,"{'id': 164402, 'context': 14, 'modifiers': [{'type': 28, 'value': 186}]}"
1757845752,LONG,,1,139999400,138599400,"{'id': 164399, 'context': 11}"
1757845774,LONG,,1,75000000,74250000,"{'id': 164537, 'context': 11}"
1757845805,LONG,,1,112418800,111294600,"{'id': 164347, 'context': 11}"
1757845980,LONG,,1,48368500,47884800,"{'id': 164398, 'context': 14, 'modifiers': [{'type': 28, 'value': 186}]}"
1757845986,LONG,,1,115802800,114644800,"{'id': 164282, 'context': 11, 'modifiers': [{'type': 28, 'value': 670}]}"
1757846058,LONG,,1,112396200,111272200,"{'id': 164504, 'context': 11}"
1757847102,LONG,,1,76002800,75242800,"{'id': 164412, 'context': 11}"
1757847109,LONG,,1,150258900,148756300,"{'id': 164368, 'context': 0}"
1757847128,LONG,,1,337500000,334125000,"{'id': 164558, 'context': 11}"
1758102463,VERY_LONG,,1,51800,,"{'id': 54476, 'context': 0}"
1758102465,VERY_LONG,,1,51800,,"{'id': 54476, 'context': 0}"
1758102620,VERY_LONG,,1,12900,,"{'id': 9998, 'context': 0}"
1758102621,VERY_LONG,,1,12900,,"{'id': 9998, 'context': 0}"
1758102685,VERY_LONG,,1,25200,,"{'id': 54472, 'context': 1}"
1758102689,VERY_LONG,,1,25200,,"{'id': 54472, 'context': 1}"
1758102459,VERY_LONG,,1,51800,,"{'id': 54476, 'context': 0}"
1758102477,VERY_LONG,,1,51800,,"{'id': 54476, 'context': 0}"
1758102487,VERY_LONG,,1,51800,,"{'id': 54476, 'context': 0}"
1758102489,VERY_LONG,,1,51800,,"{'id': 54476, 'context': 0}"
1758102500,VERY_LONG,,1,51800,,"{'id': 54476, 'context': 0}"
1758102509,VERY_LONG,,1,51800,,"{'id': 54476, 'context': 0}"
1758102531,VERY_LONG,,1,51800,,"{'id': 54476, 'context': 0}"
1758102539,VERY_LONG,,1,51800,,"{'id': 54476, 'context': 0}"
1758102559,VERY_LONG,,1,51800,,"{'id': 54476, 'context': 0}"
1758102617,VERY_LONG,,1,12900,,"{'id': 9998, 'context': 0}"
1758102619,VERY_LONG,,1,12900,,"{'id': 9998, 'context': 0}"
1758102507,VERY_LONG,,1,51800,,"{'id': 54476, 'context': 0}"
1758102751,VERY_LONG,,1,16900,,"{'id': 7057, 'context': 0}"
1758102527,VERY_LONG,,1,51800,,"{'id': 54476, 'context': 0}"
1758102612,VERY_LONG,,1,12900,,"{'id': 9998, 'context': 0}"
1758102479,VERY_LONG,,1,51800,,"{'id': 54476, 'context': 0}"
1758102555,VERY_LONG,,1,51800,,"{'id': 54476, 'context': 0}"
1758102523,VERY_LONG,,1,51800,,"{'id': 54476, 'context': 0}"
1758102544,VERY_LONG,,1,51800,,"{'id': 54476, 'context': 0}"
1758102491,VERY_LONG,,1,51800,,"{'id': 54476, 'context': 0}"
1758102526,VERY_LONG,,1,51800,,"{'id': 54476, 'context': 0}"
1758102615,VERY_LONG,,1,12900,,"{'id': 9998, 'context': 0}"
1758102472,VERY_LONG,,1,51800,,"{'id': 54476, 'context': 0}"
1758102483,VERY_LONG,,1,51800,,"{'id': 54476, 'context': 0}"
1758102549,VERY_LONG,,1,51800,,"{'id': 54476, 'context': 0}"
1758102521,VERY_LONG,,1,51800,,"{'id': 54476, 'context': 0}"
1758102750,VERY_LONG,,1,16900,,"{'id': 7057, 'context': 0}"
1758102466,VERY_LONG,,1,51800,,"{'id': 54476, 'context': 0}"
1758102457,VERY_LONG,,1,51800,,"{'id': 54476, 'context': 0}"
1758102616,VERY_LONG,,1,12900,,"{'id': 9998, 'context': 0}"
1758102536,VERY_LONG,,1,51800,,"{'id': 54476, 'context': 0}"
1758102497,VERY_LONG,,1,51800,,"{'id': 54476, 'context': 0}"
1758102553,VERY_LONG,,1,51800,,"{'id': 54476, 'context': 0}"
1758102752,VERY_LONG,,1,16900,,"{'id': 7057, 'context': 0}"
1758102503,VERY_LONG,,1,51800,,"{'id': 54476, 'context': 0}"
1758102511,VERY_LONG,,1,51800,,"{'id': 54476, 'context': 0}"
1758102688,VERY_LONG,,1,25200,,"{'id': 54472, 'context': 1}"
1758102468,VERY_LONG,,1,51800,,"{'id': 54476, 'context': 0}"
1758102541,VERY_LONG,,1,51800,,"{'id': 54476, 'context': 0}"
1758102517,VERY_LONG,,1,51800,,"{'id': 54476, 'context': 0}"
1758102546,VERY_LONG,,1,51800,,"{'id': 54476, 'context': 0}"
1758016397,VERY_LONG,,1,200001100,,"{'id': 172317, 'context': 64, 'bonus_lists': [6717, 7193, 1507]}"
1758016415,VERY_LONG,,1,200001100,,"{'id': 172317, 'context': 64, 'bonus_lists': [6717, 7193, 1507]}"
1757551900,LONG,,1,9994900,,"{'id': 15625, 'context': 1, 'bonus_lists': [6654, 1677], 'modifiers': [{'type': 9, 'value': 30}, {'type': 28, 'value': 218}]}"
1757930768,LONG,,1,20000000,,"{'id': 18661, 'context': 1, 'modifiers': [{'type': 28, 'value': 201}]}"
1757551925,LONG,,1,9994300,,"{'id': 15644, 'context': 1, 'bonus_lists': [6654, 1677], 'modifiers': [{'type': 9, 'value': 30}, {'type': 28, 'value': 218}]}"
1757636857,LONG,,1,76002800,,"{'id': 164412, 'context': 11, 'modifiers': [{'type': 28, 'value': 645}]}"
1757636806,LONG,,1,145000000,,"{'id': 82800, 'context': 0, 'modifiers': [{'type': 6, 'value': 6192}], 'pet_breed_id': 3, 'pet_level': 1, 'pet_quality_id': 3, 'pet_species_id': 49}"
1757636913,LONG,,1,46000000,,"{'id': 82800, 'context': 0, 'modifiers': [{'type': 6, 'value': 29806}], 'pet_breed_id': 14, 'pet_level': 1, 'pet_quality_id': 3, 'pet_species_id': 239}"
1757638208,LONG,,1,94505500,,"{'id': 164465, 'context': 14, 'modifiers': [{'type': 28, 'value': 189}]}"
1757636743,LONG,,1,325000000,,"{'id': 82800, 'context': 0, 'modifiers': [{'type': 6, 'value': 47708}], 'pet_breed_id': 4, 'pet_level': 1, 'pet_quality_id': 3, 'pet_species_id': 1183}"
1757501679,MEDIUM,,1,15000000,,"{'id': 164341, 'context': 11, 'modifiers': [{'type': 28, 'value': 645}]}"
1757501732,MEDIUM,,1,115005000,,"{'id': 164464, 'context': 11, 'modifiers': [{'type': 28, 'value': 645}]}"
1757942289,LONG,,1,8413719200,,"{'id': 106631, 'context': 29, 'bonus_lists': [4503, 166], 'modifiers': [{'type': 9, 'value': 50}]}"
1757942311,LONG,,1,965013000,,"{'id': 36453, 'context': 36, 'bonus_lists': [1679, 3873], 'modifiers': [{'type': 9, 'value': 50}]}"
1757942319,LONG,,1,462984500,,"{'id': 82014, 'context': 0, 'bonus_lists': [6655, 1707], 'modifiers': [{'type': 9, 'value': 35}, {'type': 28, 'value': 60}]}"
1757942324,LONG,,1,250415400,,"{'id': 24807, 'context': 1, 'bonus_lists': [6654, 1707], 'modifiers': [{'type': 9, 'value': 30}, {'type': 28, 'value': 220}]}"
1757942331,LONG,,1,915650300,,"{'id': 25226, 'context': 1, 'bonus_lists': [6655, 1695], 'modifiers': [{'type': 9, 'value': 30}, {'type': 28, 'value': 228}]}"
1757942338,VERY_LONG,,1,39992000,,"{'id': 24942, 'context': 1, 'bonus_lists': [6654, 1680], 'modifiers': [{'type': 9, 'value': 30}, {'type': 28, 'value': 220}]}"
1757942350,VERY_LONG,,1,195641700,,"{'id': 15687, 'context': 1, 'bonus_lists': [6655, 1709], 'modifiers': [{'type': 9, 'value': 30}, {'type': 28, 'value': 218}]}"
1757942355,VERY_LONG,,1,209486200,,"{'id': 943, 'context': 1, 'bonus_lists': [6661], 'modifiers': [{'type': 9, 'value': 30}, {'type': 28, 'value': 218}]}"
1757942357,VERY_LONG,,1,44983300,,"{'id': 15609, 'context': 1, 'bonus_lists': [6654, 1681], 'modifiers': [{'type': 9, 'value': 30}, {'type': 28, 'value': 218}]}"
1757942368,VERY_LONG,,1,32499300,,"{'id': 10204, 'context': 1, 'bonus_lists': [6655, 1680], 'modifiers': [{'type': 9, 'value': 30}, {'type': 28, 'value': 205}]}"
1757942405,VERY_LONG,,1,31238600,,"{'id': 10365, 'context': 53, 'bonus_lists': [1677, 4281], 'modifiers': [{'type': 9, 'value': 50}]}"
1757942528,VERY_LONG,,1,146172200,,"{'id': 25231, 'context': 36, 'bonus_lists': [1681, 3873], 'modifiers': [{'type': 9, 'value': 50}]}"
1757942410,VERY_LONG,,1,78673500,,"{'id': 25230, 'context': 36, 'bonus_lists': [1694, 3871], 'modifiers': [{'type': 9, 'value': 50}]}"
1757942460,VERY_LONG,,1,94067600,,"{'id': 25104, 'context': 36, 'bonus_lists': [1694, 3871], 'modifiers': [{'type': 9, 'value': 50}]}"
1757942463,VERY_LONG,,1,111816600,,"{'id': 15379, 'context': 54, 'bonus_lists': [1678, 4278], 'modifiers': [{'type': 9, 'value': 50}]}"
1757942490,VERY_LONG,,1,448396200,,"{'id': 36128, 'context': 36, 'bonus_lists': [1708, 3850], 'modifiers': [{'type': 9, 'value': 50}]}"
1757942537,VERY_LONG,,1,281121800,,"{'id': 86185, 'context': 0}"
1757942540,VERY_LONG,,1,46524900,,"{'id': 36050, 'context': 2, 'bonus_lists': [6654, 1694], 'modifiers': [{'type': 9, 'value': 30}, {'type': 28, 'value': 1087}]}"
1757942551,VERY_LONG,,1,111110000,,"{'id': 14821, 'context': 1, 'bonus_lists': [6654], 'modifiers': [{'type': 9, 'value': 30}, {'type': 28, 'value': 209}]}"
1757942510,VERY_LONG,,1,25000000,,"{'id': 15171, 'context': 1, 'bonus_lists': [6654, 1693], 'modifiers': [{'type': 9, 'value': 30}, {'type': 28, 'value': 218}]}"
1757942513,VERY_LONG,,1,314517900,,"{'id': 36228, 'context': 1, 'bonus_lists': [6654, 1707], 'modifiers': [{'type': 9, 'value': 30}, {'type': 28, 'value': 237}]}"
1757952324,VERY_LONG,,1,16554500,,"{'id': 7433, 'context': 1, 'bonus_lists': [6654, 1694], 'modifiers': [{'type': 9, 'value': 30}, {'type': 28, 'value': 217}]}"
1757952583,VERY_LONG,,1,41000000,,"{'id': 14950, 'context': 53, 'bonus_lists': [1705, 4277], 'modifiers': [{'type': 9, 'value': 50}]}"
1757935230,LONG,,1,49954400,,"{'id': 14951, 'context': 1, 'bonus_lists': [6654, 1695], 'modifiers': [{'type': 9, 'value': 30}, {'type': 28, 'value': 218}]}"
1757935243,LONG,,1,33304200,,"{'id': 14429, 'context': 54, 'bonus_lists': [4277], 'modifiers': [{'type': 9, 'value': 50}]}"
1757937981,LONG,,1,24980000,,"{'id': 14791, 'context': 1, 'bonus_lists': [6654], 'modifiers': [{'type': 9, 'value': 30}, {'type': 28, 'value': 218}]}"
1757939180,LONG,,1,180006600,,"{'id': 15987, 'context': 1, 'bonus_lists': [1679]}"
1757942615,VERY_LONG,,1,21006700,,"{'id': 6405, 'context': 1, 'bonus_lists': [6654], 'modifiers': [{'type': 9, 'value': 30}, {'type': 28, 'value': 217}]}"
1757946149,VERY_LONG,,1,110003100,,"{'id': 9894, 'context': 1, 'bonus_lists': [6654, 1694], 'modifiers': [{'type': 9, 'value': 30}, {'type': 28, 'value': 217}]}"
1757946588,VERY_LONG,,1,4902500,,"{'id': 54477, 'context': 0}"
1757946738,VERY_LONG,,1,69603800,,"{'id': 35977, 'context': 1, 'bonus_lists': [6654, 1681], 'modifiers': [{'type': 9, 'value': 15}, {'type': 28, 'value': 237}]}"
1757952592,VERY_LONG,,1,90244800,,"{'id': 106658, 'context': 29, 'bonus_lists': [3854, 159], 'modifiers': [{'type': 9, 'value': 50}]}"
1757935144,LONG,,1,124488700,,"{'id': 15157, 'context': 1, 'bonus_lists': [6654, 1693], 'modifiers': [{'type': 9, 'value': 30}, {'type': 28, 'value': 278}]}"
1757952518,VERY_LONG,,1,21000000,,"{'id': 9483, 'context': 1, 'bonus_lists': [4071], 'modifiers': [{'type': 9, 'value': 25}]}"
1757935235,LONG,,1,47259600,,"{'id': 14862, 'context': 1}"
1757937877,LONG,,1,52377900,,"{'id': 31150, 'context': 1, 'bonus_lists': [6658], 'modifiers': [{'type': 9, 'value': 30}, {'type': 28, 'value': 228}]}"
1757939331,LONG,,1,255610500,,"{'id': 82058, 'context': 1, 'bonus_lists': [6655, 1678], 'modifiers': [{'type': 9, 'value': 35}, {'type': 28, 'value': 268}]}"
1757939452,LONG,,1,29584700,,"{'id': 14314, 'context': 1, 'bonus_lists': [1680]}"
1757939482,LONG,,1,86616500,,"{'id': 14953, 'context': 1, 'bonus_lists': [6654, 1691], 'modifiers': [{'type': 9, 'value': 30}, {'type': 28, 'value': 218}]}"
1757939488,LONG,,1,7439100,,"{'id': 10169, 'context': 1, 'bonus_lists': [6654, 1679], 'modifiers': [{'type': 9, 'value': 30}, {'type': 28, 'value': 205}]}"
1757942562,VERY_LONG,,1,212608700,,"{'id': 35640, 'context': 1, 'bonus_lists': [4115], 'modifiers': [{'type': 9, 'value': 30}]}"
1757946150,VERY_LONG,,1,102028100,,"{'id': 15441, 'context': 0, 'bonus_lists': [1693]}"
1757946242,VERY_LONG,,1,48266200,,"{'id': 14947, 'context': 1, 'bonus_lists': [6655, 1709], 'modifiers': [{'type': 9, 'value': 30}, {'type': 28, 'value': 218}]}"
1757952289,VERY_LONG,,1,363402900,,"{'id': 31142, 'context': 36, 'bonus_lists': [3932], 'modifiers': [{'type': 9, 'value': 50}]}"
1757952375,VERY_LONG,,1,42974700,,"{'id': 12429, 'context': 0}"
1757952407,VERY_LONG,,1,60085300,,"{'id': 36240, 'context': 1, 'bonus_lists': [6654, 1681], 'modifiers': [{'type': 9, 'value': 30}, {'type': 28, 'value': 237}]}"
1757952473,VERY_LONG,,1,80423300,,"{'id': 4718, 'context': 1, 'bonus_lists': [6654], 'modifiers': [{'type': 9, 'value': 30}, {'type': 28, 'value': 217}]}"
1757942345,VERY_LONG,,1,844529400,,"{'id': 36579, 'context': 2, 'bonus_lists': [6655, 1706], 'modifiers': [{'type': 9, 'value': 30}, {'type': 28, 'value': 1098}]}"
1757942408,VERY_LONG,,1,41815000,,"{'id': 14833, 'context': 54, 'bonus_lists': [4277], 'modifiers': [{'type': 9, 'value': 50}]}"
1757942422,VERY_LONG,,1,12789400,,"{'id': 15631, 'context': 54, 'bonus_lists': [1708, 4277], 'modifiers': [{'type': 9, 'value': 50}]}"
1757942531,VERY_LONG,,1,142769500,,"{'id': 14249, 'context': 54, 'bonus_lists': [1705, 4279], 'modifiers': [{'type': 9, 'value': 50}]}"
1757942541,VERY_LONG,,1,60007600,,"{'id': 4065, 'context': 1, 'bonus_lists': [6655], 'modifiers': [{'type': 9, 'value': 30}, {'type': 28, 'value': 217}]}"
1757942553,VERY_LONG,,1,69008700,,"{'id': 24727, 'context': 36, 'bonus_lists': [1694, 3851], 'modifiers': [{'type': 9, 'value': 50}]}"
1757952667,VERY_LONG,,1,120379600,,"{'id': 14895, 'context': 1, 'bonus_lists': [6654, 1679], 'modifiers': [{'type': 9, 'value': 30}, {'type': 28, 'value': 278}]}"
1757953473,VERY_LONG,,1,56468800,,"{'id': 15131, 'context': 54, 'bonus_lists': [1692, 4277], 'modifiers': [{'type': 9, 'value': 50}]}"
1757942273,LONG,,1,15033500,,"{'id': 14246, 'context': 54, 'bonus_lists': [1681, 4278], 'modifiers': [{'type': 9, 'value': 50}]}"
1757942395,VERY_LONG,,1,111880500,,"{'id': 14930, 'context': 1, 'bonus_lists': [6655, 1706], 'modifiers': [{'type': 9, 'value': 30}, {'type': 28, 'value': 218}]}"
1757942486,VERY_LONG,,1,239777400,,"{'id': 14896, 'context': 1, 'bonus_lists': [6654, 1680], 'modifiers': [{'type': 9, 'value': 30}, {'type': 28, 'value': 209}]}"
1757945073,VERY_LONG,,1,7484600,,"{'id': 9890, 'context': 54, 'bonus_lists': [1692, 4277], 'modifiers': [{'type': 9, 'value': 50}]}"
1757935188,LONG,,1,2791200,,"{'id': 24664, 'context': 1, 'bonus_lists': [6654, 1694], 'modifiers': [{'type': 9, 'value': 30}, {'type': 28, 'value': 225}]}"
1757935198,LONG,,1,24990000,,"{'id': 14442, 'context': 1, 'bonus_lists': [6654], 'modifiers': [{'type': 9, 'value': 30}, {'type': 28, 'value': 218}]}"
1757935217,LONG,,1,14704100,,"{'id': 6417, 'context': 1, 'bonus_lists': [6654], 'modifiers': [{'type': 9, 'value': 30}, {'type': 28, 'value': 217}]}"
1757935276,LONG,,1,25000000,,"{'id': 6430, 'context': 1, 'bonus_lists': [6654], 'modifiers': [{'type': 9, 'value': 30}, {'type': 28, 'value': 218}]}"
1757935370,LONG,,1,37678400,,"{'id': 14290, 'context': 0, 'bonus_lists': [1681]}"
1757935414,LONG,,1,63887400,,"{'id': 1988, 'context': 1, 'bonus_lists': [6654], 'modifiers': [{'type': 9, 'value': 30}, {'type': 28, 'value': 217}]}"
1757935441,LONG,,1,8376800,,"{'id': 13072, 'context': 1}"
1757937967,LONG,,1,161505700,,"{'id': 25172, 'context': 1, 'bonus_lists': [6655, 1677], 'modifiers': [{'type': 9, 'value': 30}, {'type': 28, 'value': 228}]}"
1757937991,LONG,,1,87656100,,"{'id': 14792, 'context': 1, 'bonus_lists': [6654], 'modifiers': [{'type': 9, 'value': 30}, {'type': 28, 'value': 218}]}"
1757938042,LONG,,1,46767900,,"{'id': 15589, 'context': 1, 'bonus_lists': [6654, 1705], 'modifiers': [{'type': 9, 'value': 30}, {'type': 28, 'value': 209}]}"
1757939291,LONG,,1,92322600,,"{'id': 36340, 'context': 1, 'bonus_lists': [6654, 1681], 'modifiers': [{'type': 9, 'value': 30}, {'type': 28, 'value': 237}]}"
1757939317,LONG,,1,121590600,,"{'id': 24704, 'context': 1, 'bonus_lists': [6654, 1680], 'modifiers': [{'type': 9, 'value': 30}, {'type': 28, 'value': 220}]}"
1757939337,LONG,,1,24658100,,"{'id': 14043, 'context': 0}"
1757939408,LONG,,1,48941200,,"{'id': 106719, 'context': 29, 'bonus_lists': [3854, 63], 'modifiers': [{'type': 9, 'value': 50}]}"
1757939467,LONG,,1,494012100,,"{'id': 116582, 'context': 29, 'bonus_lists': [3875, 165, 550], 'modifiers': [{'type': 9, 'value': 50}]}"
1757942326,LONG,,1,34921600,,"{'id': 7610, 'context': 1, 'bonus_lists': [6655], 'modifiers': [{'type': 9, 'value': 30}, {'type': 28, 'value': 209}]}"
1757946133,VERY_LONG,,1,7500000,,"{'id': 7489, 'context': 1, 'bonus_lists': [6654, 1709], 'modifiers': [{'type': 9, 'value': 30}, {'type': 28, 'value': 217}]}"
1757946135,VERY_LONG,,1,43468600,,"{'id': 15980, 'context': 54, 'bonus_lists': [1709, 4282], 'modifiers': [{'type': 9, 'value': 50}]}"
1757942335,LONG,,1,47074200,,"{'id': 6424, 'context': 1, 'bonus_lists': [6654], 'modifiers': [{'type': 9, 'value': 30}, {'type': 28, 'value': 217}]}"
1757942421,VERY_LONG,,1,1317157100,,"{'id': 944, 'context': 1}"
1757935194,LONG,,1,24960000,,"{'id': 10372, 'context': 1, 'bonus_lists': [6654], 'modifiers': [{'type': 9, 'value': 30}, {'type': 28, 'value': 205}]}"
1757935237,LONG,,1,25825800,,"{'id': 7482, 'context': 1, 'bonus_lists': [6654, 1695], 'modifiers': [{'type': 9, 'value': 30}, {'type': 28, 'value': 217}]}"
1757939125,LONG,,1,1475900,,"{'id': 13007, 'context': 0}"
1757942628,VERY_LONG,,1,61207800,,"{'id': 13076, 'context': 1}"
1757942632,VERY_LONG,,1,115941800,,"{'id': 36235, 'context': 1, 'bonus_lists': [6654, 1694], 'modifiers': [{'type': 9, 'value': 30}, {'type': 28, 'value': 237}]}"
1757952336,VERY_LONG,,1,96988000,,"{'id': 24702, 'context': 1, 'bonus_lists': [6654, 1706], 'modifiers': [{'type': 9, 'value': 30}, {'type': 28, 'value': 220}]}"
1757945085,VERY_LONG,,1,1825700,,"{'id': 16840, 'context': 0}"
1757946130,VERY_LONG,,1,75288600,,"{'id': 24718, 'context': 36, 'bonus_lists': [1679, 3850], 'modifiers': [{'type': 9, 'value': 50}]}"
1757946156,VERY_LONG,,1,306201600,,"{'id': 159478, 'context': 0, 'bonus_lists': [4796, 1683], 'modifiers': [{'type': 9, 'value': 50}]}"
1757946165,VERY_LONG,,1,79149700,,"{'id': 82268, 'context': 0, 'bonus_lists': [6655, 1687], 'modifiers': [{'type': 9, 'value': 35}, {'type': 28, 'value': 1035}]}"
1757946247,VERY_LONG,,1,115632800,,"{'id': 24816, 'context': 1, 'bonus_lists': [6654, 1681], 'modifiers': [{'type': 9, 'value': 30}, {'type': 28, 'value': 220}]}"
1757946351,VERY_LONG,,1,10698600,,"{'id': 31298, 'context': 1, 'bonus_lists': [6658], 'modifiers': [{'type': 9, 'value': 30}, {'type': 28, 'value': 229}]}"
1757946403,VERY_LONG,,1,39479900,,"{'id': 24600, 'context': 1, 'bonus_lists': [6654, 1693], 'modifiers': [{'type': 9, 'value': 30}, {'type': 28, 'value': 220}]}"
1757946789,VERY_LONG,,1,4561500,,"{'id': 1639, 'context': 1, 'bonus_lists': [6655, 1692], 'modifiers': [{'type': 9, 'value': 30}, {'type': 28, 'value': 218}]}"
1757935205,LONG,,1,220796400,,"{'id': 15432, 'context': 1, 'bonus_lists': [1695]}"
1757935247,LONG,,1,52752900,,"{'id': 24931, 'context': 1, 'bonus_lists': [6654, 1694], 'modifiers': [{'type': 9, 'value': 30}, {'type': 28, 'value': 220}]}"
1757935251,LONG,,1,23002200,,"{'id': 25283, 'context': 1, 'bonus_lists': [6655, 1705], 'modifiers': [{'type': 9, 'value': 30}, {'type': 28, 'value': 220}]}"
1757935296,LONG,,1,138218500,,"{'id': 15626, 'context': 1, 'bonus_lists': [6654, 1695], 'modifiers': [{'type': 9, 'value': 30}, {'type': 28, 'value': 218}]}"
1757935316,LONG,,1,209765600,,"{'id': 25200, 'context': 36, 'bonus_lists': [1705, 3872], 'modifiers': [{'type': 9, 'value': 50}]}"
1757939258,LONG,,1,54299900,,"{'id': 31136, 'context': 36, 'bonus_lists': [3911], 'modifiers': [{'type': 9, 'value': 50}]}"
1757939279,LONG,,1,121953800,,"{'id': 36242, 'context': 36, 'bonus_lists': [1707, 3850], 'modifiers': [{'type': 9, 'value': 50}]}"
1757935333,LONG,,1,26665900,,"{'id': 12427, 'context': 0}"
1757935347,LONG,,1,25000000,,"{'id': 7444, 'context': 1, 'bonus_lists': [6654, 1680], 'modifiers': [{'type': 9, 'value': 30}, {'type': 28, 'value': 217}]}"
1757935423,LONG,,1,6665800,,"{'id': 10277, 'context': 1, 'bonus_lists': [6654, 1705], 'modifiers': [{'type': 9, 'value': 30}, {'type': 28, 'value': 205}]}"
1757935438,LONG,,1,94690500,,"{'id': 14683, 'context': 1}"
1757935445,LONG,,1,111110000,,"{'id': 14604, 'context': 1, 'bonus_lists': [6654], 'modifiers': [{'type': 9, 'value': 30}, {'type': 28, 'value': 278}]}"
1757935463,LONG,,1,64181100,,"{'id': 15630, 'context': 54, 'bonus_lists': [1680, 4277], 'modifiers': [{'type': 9, 'value': 50}]}"
1757935471,LONG,,1,119747600,,"{'id': 15991, 'context': 1}"
1757935475,LONG,,1,72732000,,"{'id': 15636, 'context': 1, 'bonus_lists': [6654, 1706], 'modifiers': [{'type': 9, 'value': 30}, {'type': 28, 'value': 218}]}"
1757937871,LONG,,1,35516600,,"{'id': 15178, 'context': 54, 'bonus_lists': [1693, 4277], 'modifiers': [{'type': 9, 'value': 50}]}"
1757937891,LONG,,1,150006300,,"{'id': 9858, 'context': 54, 'bonus_lists': [1678, 4281], 'modifiers': [{'type': 9, 'value': 50}]}"
1757937943,LONG,,1,176977600,,"{'id': 36370, 'context': 36, 'bonus_lists': [1691, 3850], 'modifiers': [{'type': 9, 'value': 50}]}"
1757937996,LONG,,1,587969000,,"{'id': 31134, 'context': 36, 'bonus_lists': [3932], 'modifiers': [{'type': 9, 'value': 50}]}"
1757938059,LONG,,1,25000000,,"{'id': 10224, 'context': 1, 'bonus_lists': [1678]}"
1757939106,LONG,,1,103564300,,"{'id': 24817, 'context': 1, 'bonus_lists': [6654, 1691], 'modifiers': [{'type': 9, 'value': 30}, {'type': 28, 'value': 220}]}"
1757939108,LONG,,1,39943800,,"{'id': 4058, 'context': 1, 'bonus_lists': [6654], 'modifiers': [{'type': 9, 'value': 30}, {'type': 28, 'value': 217}]}"
1757939141,LONG,,1,6908800,,"{'id': 54473, 'context': 0}"
1757939212,LONG,,1,173284700,,"{'id': 15615, 'context': 54, 'bonus_lists': [1677, 4278], 'modifiers': [{'type': 9, 'value': 50}]}"
1757952393,VERY_LONG,,1,13471800,,"{'id': 54476, 'context': 0}"
1757935149,LONG,,1,23782100,,"{'id': 7525, 'context': 1, 'bonus_lists': [1693]}"
1757935158,LONG,,1,532667800,,"{'id': 119332, 'context': 5, 'bonus_lists': [566]}"
1757935183,LONG,,1,740692900,,"{'id': 25100, 'context': 1, 'bonus_lists': [6655, 1708], 'modifiers': [{'type': 9, 'value': 30}, {'type': 28, 'value': 220}]}"
1757935219,LONG,,1,11248000,,"{'id': 10156, 'context': 1, 'bonus_lists': [1695]}"
1757935283,LONG,,1,19692400,,"{'id': 14436, 'context': 1, 'bonus_lists': [6654], 'modifiers': [{'type': 9, 'value': 30}, {'type': 28, 'value': 218}]}"
1757935301,LONG,,1,55428800,,"{'id': 24715, 'context': 1, 'bonus_lists': [6654, 1692], 'modifiers': [{'type': 9, 'value': 30}, {'type': 28, 'value': 220}]}"
1757935318,LONG,,1,69970000,,"{'id': 13021, 'context': 1}"
1757937888,LONG,,1,397346600,,"{'id': 23497, 'context': 0}"
1757937906,LONG,,1,48482700,,"{'id': 14917, 'context': 54, 'bonus_lists': [1680, 4278], 'modifiers': [{'type': 9, 'value': 50}]}"
1757937949,LONG,,1,39157200,,"{'id': 14310, 'context': 1, 'bonus_lists': [1695]}"
1757938000,LONG,,1,72574400,,"{'id': 25187, 'context': 1, 'bonus_lists': [6655, 1677], 'modifiers': [{'type': 9, 'value': 30}, {'type': 28, 'value': 220}]}"
1757939384,LONG,,1,99892000,,"{'id': 4077, 'context': 54, 'bonus_lists': [4277], 'modifiers': [{'type': 9, 'value': 50}]}"
1757942603,VERY_LONG,,1,493241800,,"{'id': 25296, 'context': 1, 'bonus_lists': [6655, 1706], 'modifiers': [{'type': 9, 'value': 30}, {'type': 28, 'value': 220}]}"
1757945090,VERY_LONG,,1,588998100,,"{'id': 31126, 'context': 1, 'bonus_lists': [6658], 'modifiers': [{'type': 9, 'value': 30}, {'type': 28, 'value': 228}]}"
1757946126,VERY_LONG,,1,7879600,,"{'id': 41513, 'context': 0}"
1757952382,VERY_LONG,,1,76547400,,"{'id': 14983, 'context': 1, 'bonus_lists': [1695]}"
1757946190,VERY_LONG,,1,139497900,,"{'id': 6387, 'context': 0, 'bonus_lists': [6654], 'modifiers': [{'type': 9, 'value': 30}, {'type': 28, 'value': 18}]}"
1757952419,VERY_LONG,,1,708253700,,"{'id': 8156, 'context': 1, 'bonus_lists': [6654], 'modifiers': [{'type': 9, 'value': 30}, {'type': 28, 'value': 209}]}"
1757952437,VERY_LONG,,1,62416500,,"{'id': 37800, 'context': 1, 'bonus_lists': [4115], 'modifiers': [{'type': 9, 'value': 30}]}"
1757952457,VERY_LONG,,1,11715900,,"{'id': 41550, 'context': 0}"
1757946257,VERY_LONG,,1,36886500,,"{'id': 15213, 'context': 53, 'bonus_lists': [1708, 4281], 'modifiers': [{'type': 9, 'value': 50}]}"
1757952485,VERY_LONG,,1,131841000,,"{'id': 94040, 'context': 0, 'bonus_lists': [1695], 'modifiers': [{'type': 28, 'value': 1035}]}"
1757939304,LONG,,1,41973200,,"{'id': 6432, 'context': 1, 'bonus_lists': [6654], 'modifiers': [{'type': 9, 'value': 30}, {'type': 28, 'value': 217}]}"
1757939321,LONG,,1,240492700,,"{'id': 25229, 'context': 28, 'bonus_lists': [1693, 3869], 'modifiers': [{'type': 9, 'value': 50}]}"
1757939327,LONG,,1,140007200,,"{'id': 2164, 'context': 54, 'bonus_lists': [4259], 'modifiers': [{'type': 9, 'value': 50}]}"
1757939362,LONG,,1,272874400,,"{'id': 87449, 'context': 0, 'bonus_lists': [6658], 'modifiers': [{'type': 9, 'value': 35}, {'type': 28, 'value': 60}]}"
1757939400,LONG,,1,25000000,,"{'id': 14250, 'context': 53, 'bonus_lists': [1709, 4277], 'modifiers': [{'type': 9, 'value': 50}]}"
1757939422,LONG,,1,15006100,,"{'id': 36499, 'context': 0, 'bonus_lists': [1693]}"
1757939478,LONG,,1,100816800,,"{'id': 25314, 'context': 1, 'bonus_lists': [6655, 1692], 'modifiers': [{'type': 9, 'value': 30}, {'type': 28, 'value': 228}]}"
1757953423,VERY_LONG,,1,8353400,,"{'id': 41549, 'context': 0}"
1757953433,VERY_LONG,,1,90619900,,"{'id': 13128, 'context': 54, 'bonus_lists': [4269], 'modifiers': [{'type': 9, 'value': 50}]}"
1757953447,VERY_LONG,,1,44076600,,"{'id': 14045, 'context': 0}"
1757953451,VERY_LONG,,1,142474900,,"{'id': 14237, 'context': 54, 'bonus_lists': [1709, 4277], 'modifiers': [{'type': 9, 'value': 50}]}"
1757942322,LONG,,1,522926400,,"{'id': 24821, 'context': 1, 'bonus_lists': [6654, 1709], 'modifiers': [{'type': 9, 'value': 30}, {'type': 28, 'value': 228}]}"
1757942426,VERY_LONG,,1,4858300,,"{'id': 25042, 'context': 0, 'bonus_lists': [1679]}"
1757942442,VERY_LONG,,1,54130000,,"{'id': 14660, 'context': 54, 'bonus_lists': [4277], 'modifiers': [{'type': 9, 'value': 50}]}"
1757942483,VERY_LONG,,1,111110000,,"{'id': 9968, 'context': 1, 'bonus_lists': [1708]}"
1757945078,VERY_LONG,,1,20000000,,"{'id': 24831, 'context': 36, 'bonus_lists': [1694, 3850], 'modifiers': [{'type': 9, 'value': 50}]}"
1757946239,VERY_LONG,,1,167746400,,"{'id': 15988, 'context': 1, 'bonus_lists': [1693]}"
1757946335,VERY_LONG,,1,457171700,,"{'id': 24696, 'context': 1, 'bonus_lists': [6654, 1679], 'modifiers': [{'type': 9, 'value': 30}, {'type': 28, 'value': 220}]}"
1757946584,VERY_LONG,,1,253715600,,"{'id': 31127, 'context': 28, 'bonus_lists': [3909], 'modifiers': [{'type': 9, 'value': 50}]}"
1757946606,VERY_LONG,,1,95002200,,"{'id': 9881, 'context': 1, 'bonus_lists': [6654, 1708], 'modifiers': [{'type': 9, 'value': 30}, {'type': 28, 'value': 217}]}"
1757946637,VERY_LONG,,1,105501900,,"{'id': 2100, 'context': 54, 'bonus_lists': [4259], 'modifiers': [{'type': 9, 'value': 50}]}"
1757946653,VERY_LONG,,1,29472400,,"{'id': 126989, 'context': 13, 'bonus_lists': [1718, 3408, 7175], 'modifiers': [{'type': 9, 'value': 50}]}"
1757946682,VERY_LONG,,1,111110000,,"{'id': 14243, 'context': 1, 'bonus_lists': [6654, 1708], 'modifiers': [{'type': 9, 'value': 30}, {'type': 28, 'value': 209}]}"
1757946710,VERY_LONG,,1,19983300,,"{'id': 9285, 'context': 1, 'bonus_lists': [1708]}"
1757946752,VERY_LONG,,1,226042400,,"{'id': 15981, 'context': 54, 'bonus_lists': [1705, 4281], 'modifiers': [{'type': 9, 'value': 50}]}"
1757946770,VERY_LONG,,1,250101700,,"{'id': 36355, 'context': 1, 'bonus_lists': [6654, 1695], 'modifiers': [{'type': 9, 'value': 30}, {'type': 28, 'value': 237}]}"
1757952348,VERY_LONG,,1,98478200,,"{'id': 25088, 'context': 1, 'bonus_lists': [6655, 1677], 'modifiers': [{'type': 9, 'value': 30}, {'type': 28, 'value': 220}]}"
1757952424,VERY_LONG,,1,43377600,,"{'id': 36048, 'context': 36, 'bonus_lists': [1706, 3850], 'modifiers': [{'type': 9, 'value': 50}]}"
1757952440,VERY_LONG,,1,3000000,,"{'id': 13118, 'context': 54, 'bonus_lists': [4269], 'modifiers': [{'type': 9, 'value': 50}]}"
1757952462,VERY_LONG,,1,191359900,,"{'id': 15435, 'context': 1, 'bonus_lists': [1709]}"
1757952486,VERY_LONG,,1,16200000,,"{'id': 13123, 'context': 54, 'bonus_lists': [4269], 'modifiers': [{'type': 9, 'value': 50}]}"
1757952494,VERY_LONG,,1,37711300,,"{'id': 6440, 'context': 1, 'bonus_lists': [4071], 'modifiers': [{'type': 9, 'value': 25}]}"
1757952499,VERY_LONG,,1,316147600,,"{'id': 1930, 'context': 1, 'bonus_lists': [4005], 'modifiers': [{'type': 9, 'value': 25}]}"
1757952512,VERY_LONG,,1,4429800,,"{'id': 13060, 'context': 1}"
1757952550,VERY_LONG,,1,126870200,,"{'id': 14904, 'context': 53, 'bonus_lists': [1679, 4277], 'modifiers': [{'type': 9, 'value': 50}]}"
1757952587,VERY_LONG,,1,33552100,,"{'id': 9291, 'context': 1, 'bonus_lists': [1679]}"
1757952631,VERY_LONG,,1,95165000,,"{'id': 14662, 'context': 53, 'bonus_lists': [4277], 'modifiers': [{'type': 9, 'value': 50}]}"
1757952661,VERY_LONG,,1,42556200,,"{'id': 40302, 'context': 0}"
1757953456,VERY_LONG,,1,45050000,,"{'id': 9882, 'context': 1, 'bonus_lists': [6655, 1707], 'modifiers': [{'type': 9, 'value': 30}, {'type': 28, 'value': 217}]}"
1757953465,VERY_LONG,,1,69972100,,"{'id': 9859, 'context': 1, 'bonus_lists': [6654, 1677], 'modifiers': [{'type': 9, 'value': 30}, {'type': 28, 'value': 217}]}"
1757953507,VERY_LONG,,1,9844800,,"{'id': 13036, 'context': 54, 'bonus_lists': [4273], 'modifiers': [{'type': 9, 'value': 50}]}"
1757953511,VERY_LONG,,1,2000000,,"{'id': 13107, 'context': 0}"
1757953513,VERY_LONG,,1,39493600,,"{'id': 7441, 'context': 1, 'bonus_lists': [6654, 1680], 'modifiers': [{'type': 9, 'value': 30}, {'type': 28, 'value': 217}]}"
1757942232,LONG,,1,71072600,,"{'id': 15670, 'context': 1, 'bonus_lists': [1680]}"
1757942282,LONG,,1,26621300,,"{'id': 14428, 'context': 1, 'bonus_lists': [6654], 'modifiers': [{'type': 9, 'value': 30}, {'type': 28, 'value': 209}]}"
1757942360,VERY_LONG,,1,189186400,,"{'id': 25075, 'context': 1, 'bonus_lists': [6655, 1692], 'modifiers': [{'type': 9, 'value': 30}, {'type': 28, 'value': 220}]}"
1757942414,VERY_LONG,,1,61753500,,"{'id': 24834, 'context': 1, 'bonus_lists': [6654, 1693], 'modifiers': [{'type': 9, 'value': 30}, {'type': 28, 'value': 220}]}"
1757942492,VERY_LONG,,1,72944700,,"{'id': 13115, 'context': 54, 'bonus_lists': [4269], 'modifiers': [{'type': 9, 'value': 50}]}"
1757942517,VERY_LONG,,1,109074100,,"{'id': 39733, 'context': 0}"
1757942608,VERY_LONG,,1,65618100,,"{'id': 3205, 'context': 1}"
1757942641,VERY_LONG,,1,305344700,,"{'id': 25184, 'context': 1, 'bonus_lists': [6655, 1679], 'modifiers': [{'type': 9, 'value': 30}, {'type': 28, 'value': 220}]}"
1757945061,VERY_LONG,,1,4914700,,"{'id': 8305, 'context': 1, 'bonus_lists': [6654], 'modifiers': [{'type': 9, 'value': 30}, {'type': 28, 'value': 205}]}"
1757945082,VERY_LONG,,1,18039700,,"{'id': 14262, 'context': 54, 'bonus_lists': [1695, 4277], 'modifiers': [{'type': 9, 'value': 50}]}"
1757945095,VERY_LONG,,1,51847400,,"{'id': 24723, 'context': 1, 'bonus_lists': [6654, 1691], 'modifiers': [{'type': 9, 'value': 30}, {'type': 28, 'value': 220}]}"
1757946233,VERY_LONG,,1,31000000,,"{'id': 24836, 'context': 36, 'bonus_lists': [1695, 3850], 'modifiers': [{'type': 9, 'value': 50}]}"
1757946254,VERY_LONG,,1,34234500,,"{'id': 15986, 'context': 1, 'bonus_lists': [1681]}"
1757946307,VERY_LONG,,1,13508300,,"{'id': 41544, 'context': 0}"
1757935134,LONG,,1,39986300,,"{'id': 15289, 'context': 1, 'bonus_lists': [1705]}"
1757935172,LONG,,1,25079800,,"{'id': 24793, 'context': 2, 'bonus_lists': [6654, 1707], 'modifiers': [{'type': 9, 'value': 30}, {'type': 28, 'value': 1069}]}"
1757942219,LONG,,1,25000000,,"{'id': 5215, 'context': 1, 'bonus_lists': [1681]}"
1757942363,VERY_LONG,,1,45250500,,"{'id': 14853, 'context': 1, 'bonus_lists': [6654], 'modifiers': [{'type': 9, 'value': 30}, {'type': 28, 'value': 218}]}"
1757942380,VERY_LONG,,1,44739500,,"{'id': 14942, 'context': 1, 'bonus_lists': [6654, 1677], 'modifiers': [{'type': 9, 'value': 30}, {'type': 28, 'value': 278}]}"
1757938026,LONG,,1,10674100,,"{'id': 15272, 'context': 1, 'bonus_lists': [6655, 1708], 'modifiers': [{'type': 9, 'value': 30}, {'type': 28, 'value': 205}]}"
1757935202,LONG,,1,27708800,,"{'id': 15244, 'context': 1, 'bonus_lists': [6655, 1708], 'modifiers': [{'type': 9, 'value': 30}, {'type': 28, 'value': 218}]}"
1757935303,LONG,,1,832333400,,"{'id': 25269, 'context': 36, 'bonus_lists': [1681, 3871], 'modifiers': [{'type': 9, 'value': 50}]}"
1757935328,LONG,,1,733790400,,"{'id': 36549, 'context': 1, 'bonus_lists': [6655, 1691], 'modifiers': [{'type': 9, 'value': 30}, {'type': 28, 'value': 237}]}"
1757935330,LONG,,1,10519200,,"{'id': 36054, 'context': 0, 'bonus_lists': [1680]}"
1757935373,LONG,,1,7574300,,"{'id': 15219, 'context': 1, 'bonus_lists': [6655, 1705], 'modifiers': [{'type': 9, 'value': 30}, {'type': 28, 'value': 205}]}"
1757935467,LONG,,1,38654000,,"{'id': 24885, 'context': 1, 'bonus_lists': [6654, 1693], 'modifiers': [{'type': 9, 'value': 30}, {'type': 28, 'value': 225}]}"
1757939136,LONG,,1,7734896600,,"{'id': 1935, 'context': 1, 'bonus_lists': [4049], 'modifiers': [{'type': 9, 'value': 25}]}"
1757942635,VERY_LONG,,1,39276100,,"{'id': 7472, 'context': 1, 'bonus_lists': [6654, 1677], 'modifiers': [{'type': 9, 'value': 30}, {'type': 28, 'value': 217}]}"
1757946112,VERY_LONG,,1,74450000,,"{'id': 2815, 'context': 54, 'bonus_lists': [4274], 'modifiers': [{'type': 9, 'value': 50}]}"
1757946129,VERY_LONG,,1,21568500,,"{'id': 14433, 'context': 1, 'bonus_lists': [6654], 'modifiers': [{'type': 9, 'value': 30}, {'type': 28, 'value': 218}]}"
1757946177,VERY_LONG,,1,166083700,,"{'id': 14206, 'context': 54, 'bonus_lists': [1709, 4277], 'modifiers': [{'type': 9, 'value': 50}]}"
1757946181,VERY_LONG,,1,111110000,,"{'id': 7491, 'context': 1, 'bonus_lists': [1679]}"
1757946215,VERY_LONG,,1,72007500,,"{'id': 9893, 'context': 1, 'bonus_lists': [6654, 1679], 'modifiers': [{'type': 9, 'value': 30}, {'type': 28, 'value': 217}]}"
1757946286,VERY_LONG,,1,105200400,,"{'id': 25176, 'context': 36, 'bonus_lists': [1695, 3871], 'modifiers': [{'type': 9, 'value': 50}]}"
1757952299,VERY_LONG,,1,19960000,,"{'id': 14280, 'context': 54, 'bonus_lists': [1677, 4277], 'modifiers': [{'type': 9, 'value': 50}]}"
1757952390,VERY_LONG,,1,436473000,,"{'id': 37000, 'context': 1, 'bonus_lists': [4119], 'modifiers': [{'type': 9, 'value': 30}]}"
1757952397,VERY_LONG,,1,220004000,,"{'id': 7495, 'context': 1, 'bonus_lists': [6655, 1679], 'modifiers': [{'type': 9, 'value': 30}, {'type': 28, 'value': 218}]}"
1757952402,VERY_LONG,,1,125441700,,"{'id': 3020, 'context': 1}"
1757952445,VERY_LONG,,1,40298900,,"{'id': 14044, 'context': 0}"
1757952527,VERY_LONG,,1,38126900,,"{'id': 14285, 'context': 54, 'bonus_lists': [1677, 4278], 'modifiers': [{'type': 9, 'value': 50}]}"
1757952578,VERY_LONG,,1,64567800,,"{'id': 10029, 'context': 0}"
1757952532,VERY_LONG,,1,87392400,,"{'id': 13108, 'context': 1}"
1757952580,VERY_LONG,,1,59594600,,"{'id': 87517, 'context': 0}"
1757953409,VERY_LONG,,1,28000000,,"{'id': 13101, 'context': 53, 'bonus_lists': [4269], 'modifiers': [{'type': 9, 'value': 50}]}"
1757945018,VERY_LONG,,1,49841000,,"{'id': 10178, 'context': 1, 'bonus_lists': [1707]}"
1757945088,VERY_LONG,,1,49050500,,"{'id': 15649, 'context': 1, 'bonus_lists': [6654, 1692], 'modifiers': [{'type': 9, 'value': 30}, {'type': 28, 'value': 218}]}"
1757946146,VERY_LONG,,1,37329200,,"{'id': 10413, 'context': 1, 'bonus_lists': [4068], 'modifiers': [{'type': 9, 'value': 25}]}"
1757946201,VERY_LONG,,1,269742600,,"{'id': 36466, 'context': 2, 'bonus_lists': [6655, 1680], 'modifiers': [{'type': 9, 'value': 30}, {'type': 28, 'value': 1098}]}"
1757946210,VERY_LONG,,1,97569300,,"{'id': 15177, 'context': 1, 'bonus_lists': [6654, 1692], 'modifiers': [{'type': 9, 'value': 30}, {'type': 28, 'value': 218}]}"
1757946345,VERY_LONG,,1,113977100,,"{'id': 14254, 'context': 53, 'bonus_lists': [1680, 4277], 'modifiers': [{'type': 9, 'value': 50}]}"
1757952295,VERY_LONG,,1,96766900,,"{'id': 9480, 'context': 1, 'bonus_lists': [4071], 'modifiers': [{'type': 9, 'value': 25}]}"
1757952307,VERY_LONG,,1,121811800,,"{'id': 12428, 'context': 0}"
1757952428,VERY_LONG,,1,17853700,,"{'id': 21850, 'context': 0}"
1757952489,VERY_LONG,,1,12177200,,"{'id': 41546, 'context': 0}"
1757935420,LONG,,1,64017800,,"{'id': 14661, 'context': 1, 'bonus_lists': [6654], 'modifiers': [{'type': 9, 'value': 30}, {'type': 28, 'value': 218}]}"
1757937900,LONG,,1,111663200,,"{'id': 35992, 'context': 1, 'bonus_lists': [1692]}"
1757937918,LONG,,1,51195200,,"{'id': 15383, 'context': 54, 'bonus_lists': [1709, 4277], 'modifiers': [{'type': 9, 'value': 50}]}"
1757937970,LONG,,1,303102200,,"{'id': 24949, 'context': 36, 'bonus_lists': [1681, 3850], 'modifiers': [{'type': 9, 'value': 50}]}"
1757939158,LONG,,1,55505600,,"{'id': 24820, 'context': 1, 'bonus_lists': [6654, 1694], 'modifiers': [{'type': 9, 'value': 30}, {'type': 28, 'value': 220}]}"
1757935120,LONG,,1,102826000,,"{'id': 14230, 'context': 1, 'bonus_lists': [6654, 1708], 'modifiers': [{'type': 9, 'value': 30}, {'type': 28, 'value': 209}]}"
1757935174,LONG,,1,290403600,,"{'id': 25072, 'context': 1, 'bonus_lists': [6655, 1680], 'modifiers': [{'type': 9, 'value': 30}, {'type': 28, 'value': 220}]}"
1757935223,LONG,,1,25000000,,"{'id': 24599, 'context': 1, 'bonus_lists': [6654, 1681], 'modifiers': [{'type': 9, 'value': 30}, {'type': 28, 'value': 220}]}"
1757935286,LONG,,1,22911400,,"{'id': 15189, 'context': 1, 'bonus_lists': [1691]}"
1757935368,LONG,,1,35210400,,"{'id': 9872, 'context': 1, 'bonus_lists': [6654, 1681], 'modifiers': [{'type': 9, 'value': 30}, {'type': 28, 'value': 217}]}"
1757935408,LONG,,1,25002600,,"{'id': 9902, 'context': 54, 'bonus_lists': [1707, 4278], 'modifiers': [{'type': 9, 'value': 50}]}"
1757942605,VERY_LONG,,1,130514800,,"{'id': 14973, 'context': 1, 'bonus_lists': [1681]}"
1757942637,VERY_LONG,,1,81436100,,"{'id': 24819, 'context': 1, 'bonus_lists': [6654, 1677], 'modifiers': [{'type': 9, 'value': 30}, {'type': 28, 'value': 220}]}"
1757935162,LONG,,1,108152800,,"{'id': 39762, 'context': 0}"
1757935239,LONG,,1,25000000,,"{'id': 7430, 'context': 1, 'bonus_lists': [6654, 1694], 'modifiers': [{'type': 9, 'value': 30}, {'type': 28, 'value': 217}]}"
1757935351,LONG,,1,95317700,,"{'id': 15638, 'context': 53, 'bonus_lists': [1681, 4277], 'modifiers': [{'type': 9, 'value': 50}]}"
1757935358,LONG,,1,7735400,,"{'id': 24670, 'context': 1, 'bonus_lists': [6654, 1680], 'modifiers': [{'type': 9, 'value': 30}, {'type': 28, 'value': 225}]}"
1757935365,LONG,,1,66100000,,"{'id': 14863, 'context': 1}"
1757937882,LONG,,1,2009680100,,"{'id': 9432, 'context': 1, 'bonus_lists': [4065], 'modifiers': [{'type': 9, 'value': 25}]}"
1757937902,LONG,,1,8825300,,"{'id': 13116, 'context': 1}"
1757937962,LONG,,1,299591000,,"{'id': 82083, 'context': 1, 'bonus_lists': [6654, 1695], 'modifiers': [{'type': 9, 'value': 35}, {'type': 28, 'value': 268}]}"
1757938069,LONG,,1,1828137100,,"{'id': 147422, 'context': 4, 'bonus_lists': [3564, 1471, 3528]}"
1757939272,LONG,,1,24960000,,"{'id': 8291, 'context': 1, 'bonus_lists': [6654], 'modifiers': [{'type': 9, 'value': 30}, {'type': 28, 'value': 203}]}"
1757939405,LONG,,1,39213400,,"{'id': 15382, 'context': 54, 'bonus_lists': [1678, 4277], 'modifiers': [{'type': 9, 'value': 50}]}"
1757942574,VERY_LONG,,1,62959500,,"{'id': 31145, 'context': 36, 'bonus_lists': [3912], 'modifiers': [{'type': 9, 'value': 50}]}"
1757942584,VERY_LONG,,1,4066816700,,"{'id': 1974, 'context': 1, 'bonus_lists': [4049], 'modifiers': [{'type': 9, 'value': 25}]}"
1757942589,VERY_LONG,,1,134385700,,"{'id': 14665, 'context': 54, 'bonus_lists': [4279], 'modifiers': [{'type': 9, 'value': 50}]}"
1757942480,VERY_LONG,,1,36415400,,"{'id': 13023, 'context': 0}"
1757942515,VERY_LONG,,1,805301300,,"{'id': 9383, 'context': 1, 'bonus_lists': [6710], 'modifiers': [{'type': 9, 'value': 30}, {'type': 28, 'value': 217}]}"
1757942583,VERY_LONG,,1,1492051500,,"{'id': 118833, 'context': 29, 'bonus_lists': [3915], 'modifiers': [{'type': 9, 'value': 50}]}"
1757935113,LONG,,1,23264100,,"{'id': 10138, 'context': 1, 'bonus_lists': [6654, 1694], 'modifiers': [{'type': 9, 'value': 10}, {'type': 28, 'value': 220}]}"
1757935130,LONG,,1,135171400,,"{'id': 15430, 'context': 1, 'bonus_lists': [1681]}"
1757935355,LONG,,1,250554200,,"{'id': 12528, 'context': 1, 'bonus_lists': [3999], 'modifiers': [{'type': 9, 'value': 25}]}"
1757935403,LONG,,1,141252100,,"{'id': 7556, 'context': 1, 'bonus_lists': [6655, 1695], 'modifiers': [{'type': 9, 'value': 30}, {'type': 28, 'value': 217}]}"
1757937885,LONG,,1,10259700,,"{'id': 10274, 'context': 1, 'bonus_lists': [1677]}"
1757937910,LONG,,1,199344900,,"{'id': 24697, 'context': 1, 'bonus_lists': [6654, 1709], 'modifiers': [{'type': 9, 'value': 30}, {'type': 28, 'value': 220}]}"
1757937959,LONG,,1,27857400,,"{'id': 14603, 'context': 1, 'bonus_lists': [6654], 'modifiers': [{'type': 9, 'value': 30}, {'type': 28, 'value': 209}]}"
1757937983,LONG,,1,1522572200,,"{'id': 31334, 'context': 28, 'bonus_lists': [3974], 'modifiers': [{'type': 9, 'value': 50}]}"
1757946123,VERY_LONG,,1,14784100,,"{'id': 14337, 'context': 1, 'bonus_lists': [1679]}"
1757946144,VERY_LONG,,1,179463700,,"{'id': 41512, 'context': 0}"
1757946173,VERY_LONG,,1,90610000,,"{'id': 164712, 'context': 13, 'bonus_lists': [1695]}"
1757946277,VERY_LONG,,1,309137900,,"{'id': 25086, 'context': 1, 'bonus_lists': [6655, 1692], 'modifiers': [{'type': 9, 'value': 30}, {'type': 28, 'value': 220}]}"
1757946278,VERY_LONG,,1,25000000,,"{'id': 10260, 'context': 1, 'bonus_lists': [1679]}"
1757946813,VERY_LONG,,1,27799000,,"{'id': 14800, 'context': 1}"
1757945005,VERY_LONG,,1,126766600,,"{'id': 45237, 'context': 3}"
1757945023,VERY_LONG,,1,252529000,,"{'id': 31288, 'context': 30, 'bonus_lists': [3911], 'modifiers': [{'type': 9, 'value': 50}]}"
1757946136,VERY_LONG,,1,496464200,,"{'id': 25157, 'context': 1, 'bonus_lists': [6655, 1693], 'modifiers': [{'type': 9, 'value': 30}, {'type': 28, 'value': 220}]}"
1757946203,VERY_LONG,,1,431281200,,"{'id': 36690, 'context': 2, 'bonus_lists': [6655, 1679], 'modifiers': [{'type': 9, 'value': 30}, {'type': 28, 'value': 1096}]}"
1757946641,VERY_LONG,,1,32825300,,"{'id': 15604, 'context': 53, 'bonus_lists': [1695, 4281], 'modifiers': [{'type': 9, 'value': 50}]}"
1757952446,VERY_LONG,,1,223043800,,"{'id': 24918, 'context': 1, 'bonus_lists': [6654, 1679], 'modifiers': [{'type': 9, 'value': 30}, {'type': 28, 'value': 220}]}"
1757952502,VERY_LONG,,1,25000000,,"{'id': 7479, 'context': 1, 'bonus_lists': [6654, 1677], 'modifiers': [{'type': 9, 'value': 30}, {'type': 28, 'value': 217}]}"
1757953479,VERY_LONG,,1,18010900,,"{'id': 21851, 'context': 0}"
1757952313,VERY_LONG,,1,5006800,,"{'id': 10033, 'context': 0}"
1757952420,VERY_LONG,,1,27709700,,"{'id': 13000, 'context': 0}"
1757953415,VERY_LONG,,1,298435600,,"{'id': 8162, 'context': 54, 'bonus_lists': [4277], 'modifiers': [{'type': 9, 'value': 50}]}"
1757953417,VERY_LONG,,1,172427500,,"{'id': 15693, 'context': 1, 'bonus_lists': [1678]}"
1757942315,LONG,,1,78566000,,"{'id': 10366, 'context': 1, 'bonus_lists': [6655, 1709], 'modifiers': [{'type': 9, 'value': 30}, {'type': 28, 'value': 205}]}"
1757942343,VERY_LONG,,1,125301600,,"{'id': 15686, 'context': 1, 'bonus_lists': [1695]}"
1757942431,VERY_LONG,,1,9188900,,"{'id': 55332, 'context': 0, 'bonus_lists': [1714]}"
1757942520,VERY_LONG,,1,43990000,,"{'id': 9420, 'context': 1, 'bonus_lists': [4065], 'modifiers': [{'type': 9, 'value': 25}]}"
1757942236,LONG,,1,64329200,,"{'id': 14335, 'context': 1, 'bonus_lists': [1705]}"
1757942301,LONG,,1,25000000,,"{'id': 82278, 'context': 5, 'bonus_lists': [1686]}"
1757942376,VERY_LONG,,1,4401351500,,"{'id': 15941, 'context': 2, 'bonus_lists': [1677]}"
1757942402,VERY_LONG,,1,22805500,,"{'id': 8296, 'context': 53, 'bonus_lists': [4277], 'modifiers': [{'type': 9, 'value': 50}]}"
1757937941,LONG,,1,34864700,,"{'id': 14271, 'context': 54, 'bonus_lists': [1681, 4278], 'modifiers': [{'type': 9, 'value': 50}]}"
1757945045,VERY_LONG,,1,1152057800,,"{'id': 15064, 'context': 0}"
1757945068,VERY_LONG,,1,957966200,,"{'id': 31328, 'context': 0, 'bonus_lists': [6660], 'modifiers': [{'type': 9, 'value': 30}, {'type': 28, 'value': 1013}]}"
1757946208,VERY_LONG,,1,51525300,,"{'id': 24830, 'context': 1, 'bonus_lists': [6654, 1679], 'modifiers': [{'type': 9, 'value': 30}, {'type': 28, 'value': 228}]}"
1757946222,VERY_LONG,,1,39008800,,"{'id': 21849, 'context': 0}"
1757946410,VERY_LONG,,1,320607000,,"{'id': 31131, 'context': 1, 'bonus_lists': [6658], 'modifiers': [{'type': 9, 'value': 30}, {'type': 28, 'value': 228}]}"
1757946561,VERY_LONG,,1,10002900,,"{'id': 7483, 'context': 1, 'bonus_lists': [6654, 1679], 'modifiers': [{'type': 9, 'value': 30}, {'type': 28, 'value': 217}]}"
1757952363,VERY_LONG,,1,200302100,,"{'id': 1981, 'context': 1, 'bonus_lists': [6660], 'modifiers': [{'type': 9, 'value': 30}, {'type': 28, 'value': 209}]}"
1757952472,VERY_LONG,,1,72436100,,"{'id': 13056, 'context': 1}"
1757952653,VERY_LONG,,1,253347600,,"{'id': 36999, 'context': 1, 'bonus_lists': [4119], 'modifiers': [{'type': 9, 'value': 30}]}"
1757953520,VERY_LONG,,1,4768300,,"{'id': 13133, 'context': 1}"
1757935269,LONG,,1,30006900,,"{'id': 24936, 'context': 1, 'bonus_lists': [6654, 1708], 'modifiers': [{'type': 9, 'value': 30}, {'type': 28, 'value': 220}]}"
1757935299,LONG,,1,191205100,,"{'id': 18295, 'context': 1, 'bonus_lists': [4014], 'modifiers': [{'type': 9, 'value': 25}]}"
1757935321,LONG,,1,45646800,,"{'id': 14939, 'context': 1, 'bonus_lists': [6654, 1681], 'modifiers': [{'type': 9, 'value': 30}, {'type': 28, 'value': 218}]}"
1757935366,LONG,,1,171617700,,"{'id': 24812, 'context': 1, 'bonus_lists': [6654, 1706], 'modifiers': [{'type': 9, 'value': 30}, {'type': 28, 'value': 228}]}"
1757935456,LONG,,1,146029500,,"{'id': 6571, 'context': 0, 'bonus_lists': [6655, 1679], 'modifiers': [{'type': 9, 'value': 30}, {'type': 28, 'value': 18}]}"
1757937904,LONG,,1,40953600,,"{'id': 25186, 'context': 1, 'bonus_lists': [6655, 1708], 'modifiers': [{'type': 9, 'value': 30}, {'type': 28, 'value': 228}]}"
1757937932,LONG,,1,25000000,,"{'id': 10145, 'context': 1, 'bonus_lists': [1680]}"
1757937928,LONG,,1,33966400,,"{'id': 9883, 'context': 1, 'bonus_lists': [6654, 1709], 'modifiers': [{'type': 9, 'value': 30}, {'type': 28, 'value': 217}]}"
1757937936,LONG,,1,159447000,,"{'id': 25073, 'context': 1, 'bonus_lists': [6655, 1693], 'modifiers': [{'type': 9, 'value': 30}, {'type': 28, 'value': 220}]}"
1757937975,LONG,,1,34979400,,"{'id': 24710, 'context': 1, 'bonus_lists': [6654, 1709], 'modifiers': [{'type': 9, 'value': 30}, {'type': 28, 'value': 220}]}"
1757935163,LONG,,1,25000000,,"{'id': 24826, 'context': 1, 'bonus_lists': [6654, 1694], 'modifiers': [{'type': 9, 'value': 30}, {'type': 28, 'value': 220}]}"
1757939206,LONG,,1,38369600,,"{'id': 24591, 'context': 2, 'bonus_lists': [6654, 1680], 'modifiers': [{'type': 9, 'value': 30}, {'type': 28, 'value': 1065}]}"
1757935289,LONG,,1,262708700,,"{'id': 25031, 'context': 36, 'bonus_lists': [1709, 3850], 'modifiers': [{'type': 9, 'value': 50}]}"
1757935292,LONG,,1,37836000,,"{'id': 24768, 'context': 1, 'bonus_lists': [6654, 1693], 'modifiers': [{'type': 9, 'value': 30}, {'type': 28, 'value': 225}]}"
1757939447,LONG,,1,1106585400,,"{'id': 13068, 'context': 1}"
1757935305,LONG,,1,24132000,,"{'id': 14776, 'context': 54, 'bonus_lists': [4278], 'modifiers': [{'type': 9, 'value': 50}]}"
1757935417,LONG,,1,74800000,,"{'id': 15439, 'context': 1, 'bonus_lists': [1678]}"
1757942546,VERY_LONG,,1,10000000,,"{'id': 2564, 'context': 0}"
1757942578,VERY_LONG,,1,1571704800,,"{'id': 36508, 'context': 2, 'bonus_lists': [6655, 1691], 'modifiers': [{'type': 9, 'value': 30}, {'type': 28, 'value': 1098}]}"
1757945087,VERY_LONG,,1,25000000,,"{'id': 15617, 'context': 53, 'bonus_lists': [1693, 4277], 'modifiers': [{'type': 9, 'value': 50}]}"
1757946185,VERY_LONG,,1,88567000,,"{'id': 15393, 'context': 54, 'bonus_lists': [1691, 4277], 'modifiers': [{'type': 9, 'value': 50}]}"
1757946299,VERY_LONG,,1,25000000,,"{'id': 10157, 'context': 1, 'bonus_lists': [1695]}"
1757946302,VERY_LONG,,1,25000000,,"{'id': 14846, 'context': 1, 'bonus_lists': [6654], 'modifiers': [{'type': 9, 'value': 30}, {'type': 28, 'value': 218}]}"
1757946572,VERY_LONG,,1,41122600,,"{'id': 9768, 'context': 0, 'bonus_lists': [6654, 1680], 'modifiers': [{'type': 9, 'value': 30}, {'type': 28, 'value': 3}]}"
1757946816,VERY_LONG,,1,492786600,,"{'id': 1484, 'context': 1, 'bonus_lists': [4049], 'modifiers': [{'type': 9, 'value': 25}]}"
1757952320,VERY_LONG,,1,13262200,,"{'id': 41551, 'context': 0}"
1757952328,VERY_LONG,,1,17500300,,"{'id': 4729, 'context': 1, 'bonus_lists': [6654], 'modifiers': [{'type': 9, 'value': 30}, {'type': 28, 'value': 217}]}"
1757952432,VERY_LONG,,1,4775200,,"{'id': 5267, 'context': 0}"
1757953525,VERY_LONG,,1,25000000,,"{'id': 9481, 'context': 1, 'bonus_lists': [4071], 'modifiers': [{'type': 9, 'value': 25}]}"
1757942505,VERY_LONG,,1,76402000,,"{'id': 9838, 'context': 0, 'bonus_lists': [6654, 1680], 'modifiers': [{'type': 9, 'value': 30}, {'type': 28, 'value': 18}]}"
1757935197,LONG,,1,77034700,,"{'id': 40187, 'context': 0}"
1757935311,LONG,,1,43656500,,"{'id': 14687, 'context': 1}"
1757935337,LONG,,1,5881612200,,"{'id': 869, 'context': 54, 'bonus_lists': [4260], 'modifiers': [{'type': 9, 'value': 50}]}"
1757935465,LONG,,1,82289200,,"{'id': 14787, 'context': 54, 'bonus_lists': [4277], 'modifiers': [{'type': 9, 'value': 50}]}"
1757937875,LONG,,1,191626400,,"{'id': 14287, 'context': 1, 'bonus_lists': [6654, 1677], 'modifiers': [{'type': 9, 'value': 30}, {'type': 28, 'value': 218}]}"
1757938005,LONG,,1,25000000,,"{'id': 14247, 'context': 53, 'bonus_lists': [1692, 4277], 'modifiers': [{'type': 9, 'value': 50}]}"
1757938063,LONG,,1,611568600,,"{'id': 25241, 'context': 36, 'bonus_lists': [1706, 3873], 'modifiers': [{'type': 9, 'value': 50}]}"
1757938081,LONG,,1,147608400,,"{'id': 36230, 'context': 1, 'bonus_lists': [6654, 1681], 'modifiers': [{'type': 9, 'value': 30}, {'type': 28, 'value': 237}]}"
1757938093,LONG,,1,44427100,,"{'id': 24582, 'context': 1, 'bonus_lists': [6654, 1709], 'modifiers': [{'type': 9, 'value': 30}, {'type': 28, 'value': 220}]}"
1757939435,LONG,,1,27006300,,"{'id': 25158, 'context': 1, 'bonus_lists': [6655, 1695], 'modifiers': [{'type': 9, 'value': 30}, {'type': 28, 'value': 220}]}"
1757946151,VERY_LONG,,1,111110000,,"{'id': 15624, 'context': 1, 'bonus_lists': [6654, 1694], 'modifiers': [{'type': 9, 'value': 30}, {'type': 28, 'value': 209}]}"
1757946226,VERY_LONG,,1,331752400,,"{'id': 116607, 'context': 29, 'bonus_lists': [3875, 114, 517], 'modifiers': [{'type': 9, 'value': 50}]}"
1757946273,VERY_LONG,,1,1084543600,,"{'id': 25243, 'context': 1, 'bonus_lists': [6655, 1692], 'modifiers': [{'type': 9, 'value': 30}, {'type': 28, 'value': 228}]}"
1757946596,VERY_LONG,,1,94982300,,"{'id': 31140, 'context': 1, 'bonus_lists': [6658], 'modifiers': [{'type': 9, 'value': 30}, {'type': 28, 'value': 228}]}"
1757952482,VERY_LONG,,1,40546300,,"{'id': 15583, 'context': 1, 'bonus_lists': [6654, 1680], 'modifiers': [{'type': 9, 'value': 30}, {'type': 28, 'value': 209}]}"
1757952639,VERY_LONG,,1,60009800,,"{'id': 9904, 'context': 1, 'bonus_lists': [1680]}"
1757946183,VERY_LONG,,1,96825000,,"{'id': 15429, 'context': 1, 'bonus_lists': [1677]}"
1757946294,VERY_LONG,,1,54003100,,"{'id': 14255, 'context': 1, 'bonus_lists': [6654, 1706], 'modifiers': [{'type': 9, 'value': 30}, {'type': 28, 'value': 209}]}"
1757946592,VERY_LONG,,1,63362500,,"{'id': 14307, 'context': 1, 'bonus_lists': [1680]}"
1757946721,VERY_LONG,,1,3837470100,,"{'id': 25102, 'context': 36, 'bonus_lists': [1680, 3871], 'modifiers': [{'type': 9, 'value': 50}]}"
1757946778,VERY_LONG,,1,597514800,,"{'id': 25255, 'context': 36, 'bonus_lists': [1708, 3871], 'modifiers': [{'type': 9, 'value': 50}]}"
1757952303,VERY_LONG,,1,188503700,,"{'id': 36341, 'context': 1, 'bonus_lists': [6654, 1678], 'modifiers': [{'type': 9, 'value': 30}, {'type': 28, 'value': 237}]}"
1757952449,VERY_LONG,,1,8019400,,"{'id': 41522, 'context': 0}"
1757953413,VERY_LONG,,1,42171700,,"{'id': 15614, 'context': 54, 'bonus_lists': [1695, 4277], 'modifiers': [{'type': 9, 'value': 50}]}"
1757953499,VERY_LONG,,1,15746400,,"{'id': 31293, 'context': 36, 'bonus_lists': [3911], 'modifiers': [{'type': 9, 'value': 50}]}"
1757953515,VERY_LONG,,1,60072700,,"{'id': 24930, 'context': 1, 'bonus_lists': [6654, 1706], 'modifiers': [{'type': 9, 'value': 30}, {'type': 28, 'value': 220}]}"
1757939284,LONG,,1,131573600,,"{'id': 36597, 'context': 0, 'bonus_lists': [1708]}"
1757935229,LONG,,1,21008100,,"{'id': 24605, 'context': 1, 'bonus_lists': [6654, 1708], 'modifiers': [{'type': 9, 'value': 30}, {'type': 28, 'value': 220}]}"
1757935339,LONG,,1,97129700,,"{'id': 14810, 'context': 1}"
1757935385,LONG,,1,71993200,,"{'id': 24827, 'context': 1, 'bonus_lists': [6654, 1691], 'modifiers': [{'type': 9, 'value': 30}, {'type': 28, 'value': 220}]}"
1757935473,LONG,,1,50008600,,"{'id': 4736, 'context': 53, 'bonus_lists': [4277], 'modifiers': [{'type': 9, 'value': 50}]}"
1757937878,LONG,,1,24958500,,"{'id': 8320, 'context': 1, 'bonus_lists': [6655], 'modifiers': [{'type': 9, 'value': 30}, {'type': 28, 'value': 205}]}"
1757937937,LONG,,1,43230600,,"{'id': 15374, 'context': 53, 'bonus_lists': [1681, 4277], 'modifiers': [{'type': 9, 'value': 50}]}"
1757937957,LONG,,1,179118700,,"{'id': 35682, 'context': 1, 'bonus_lists': [4123], 'modifiers': [{'type': 9, 'value': 30}]}"
1757939129,LONG,,1,57088800,,"{'id': 25284, 'context': 1, 'bonus_lists': [6655, 1680], 'modifiers': [{'type': 9, 'value': 30}, {'type': 28, 'value': 220}]}"
1757939430,LONG,,1,85420700,,"{'id': 24818, 'context': 1, 'bonus_lists': [6654, 1677], 'modifiers': [{'type': 9, 'value': 30}, {'type': 28, 'value': 220}]}"
1757939162,LONG,,1,26046500,,"{'id': 24714, 'context': 1, 'bonus_lists': [6654, 1678], 'modifiers': [{'type': 9, 'value': 30}, {'type': 28, 'value': 225}]}"
1757939190,LONG,,1,54935000,,"{'id': 7488, 'context': 1, 'bonus_lists': [1691]}"
1757942293,LONG,,1,10000000,,"{'id': 15263, 'context': 1, 'bonus_lists': [6655, 1706], 'modifiers': [{'type': 9, 'value': 30}, {'type': 28, 'value': 218}]}"
1757942471,VERY_LONG,,1,70450600,,"{'id': 9935, 'context': 1, 'bonus_lists': [1678]}"
1757942548,VERY_LONG,,1,25444700,,"{'id': 36390, 'context': 3, 'bonus_lists': [1681]}"
1757942241,LONG,,1,195064600,,"{'id': 169411, 'context': 0, 'bonus_lists': [6654, 40, 1688], 'modifiers': [{'type': 9, 'value': 50}, {'type': 28, 'value': 690}]}"
1757942390,VERY_LONG,,1,89527400,,"{'id': 14312, 'context': 1, 'bonus_lists': [1692]}"
1757942398,VERY_LONG,,1,211039200,,"{'id': 25207, 'context': 30, 'bonus_lists': [1709, 3871], 'modifiers': [{'type': 9, 'value': 50}]}"
1757942434,VERY_LONG,,1,10003600,,"{'id': 7443, 'context': 1, 'bonus_lists': [6654, 1708], 'modifiers': [{'type': 9, 'value': 30}, {'type': 28, 'value': 217}]}"
1757942475,VERY_LONG,,1,29997400,,"{'id': 9381, 'context': 1, 'bonus_lists': [6710], 'modifiers': [{'type': 9, 'value': 30}, {'type': 28, 'value': 217}]}"
1757942503,VERY_LONG,,1,71757500,,"{'id': 36383, 'context': 2, 'bonus_lists': [6654, 1695], 'modifiers': [{'type': 9, 'value': 30}, {'type': 28, 'value': 1097}]}"
1757942508,VERY_LONG,,1,192348200,,"{'id': 15377, 'context': 1, 'bonus_lists': [6654, 1680], 'modifiers': [{'type': 9, 'value': 30}, {'type': 28, 'value': 209}]}"
1757935378,LONG,,1,456147700,,"{'id': 36625, 'context': 0, 'bonus_lists': [1695]}"
1757935164,LONG,,1,42725700,,"{'id': 24612, 'context': 1, 'bonus_lists': [6654, 1691], 'modifiers': [{'type': 9, 'value': 30}, {'type': 28, 'value': 220}]}"
1757935200,LONG,,1,164975800,,"{'id': 2243, 'context': 1, 'bonus_lists': [6661], 'modifiers': [{'type': 9, 'value': 30}, {'type': 28, 'value': 218}]}"
1757935207,LONG,,1,25000000,,"{'id': 24893, 'context': 1, 'bonus_lists': [6654, 1708], 'modifiers': [{'type': 9, 'value': 30}, {'type': 28, 'value': 225}]}"
1757935221,LONG,,1,3148600,,"{'id': 25322, 'context': 2, 'bonus_lists': [6655, 1681], 'modifiers': [{'type': 9, 'value': 30}, {'type': 28, 'value': 1069}]}"
1757935231,LONG,,1,45049300,,"{'id': 60201, 'context': 0}"
1757935342,LONG,,1,105751100,,"{'id': 14319, 'context': 1, 'bonus_lists': [1681]}"
1757935362,LONG,,1,25621100,,"{'id': 24593, 'context': 1, 'bonus_lists': [6654, 1677], 'modifiers': [{'type': 9, 'value': 30}, {'type': 28, 'value': 220}]}"
1757935402,LONG,,1,29832600,,"{'id': 14268, 'context': 54, 'bonus_lists': [1681, 4277], 'modifiers': [{'type': 9, 'value': 50}]}"
1757935459,LONG,,1,237583700,,"{'id': 13034, 'context': 1, 'bonus_lists': [6659], 'modifiers': [{'type': 9, 'value': 15}, {'type': 28, 'value': 278}]}"
1757942599,VERY_LONG,,1,31166100,,"{'id': 15169, 'context': 53, 'bonus_lists': [1680, 4277], 'modifiers': [{'type': 9, 'value': 50}]}"
1757937921,LONG,,1,30002900,,"{'id': 25289, 'context': 29, 'bonus_lists': [1709, 3870], 'modifiers': [{'type': 9, 'value': 50}]}"
1757938032,LONG,,1,596431400,,"{'id': 24924, 'context': 1, 'bonus_lists': [6654, 1693], 'modifiers': [{'type': 9, 'value': 30}, {'type': 28, 'value': 220}]}"
1757942636,VERY_LONG,,1,25000000,,"{'id': 15387, 'context': 54, 'bonus_lists': [1707, 4277], 'modifiers': [{'type': 9, 'value': 50}]}"
1757939101,LONG,,1,121758900,,"{'id': 15658, 'context': 1, 'bonus_lists': [1692]}"
1757939309,LONG,,1,37057200,,"{'id': 121003, 'context': 0, 'bonus_lists': [1812, 1697], 'modifiers': [{'type': 9, 'value': 45}]}"
1757945037,VERY_LONG,,1,102830800,,"{'id': 4069, 'context': 1}"
1757939415,LONG,,1,33470400,,"{'id': 15248, 'context': 0, 'bonus_lists': [6655, 1680], 'modifiers': [{'type': 9, 'value': 30}, {'type': 28, 'value': 3}]}"
1757939426,LONG,,1,274627300,,"{'id': 106640, 'context': 29, 'bonus_lists': [3854, 127], 'modifiers': [{'type': 9, 'value': 50}]}"
1757942560,VERY_LONG,,1,156478500,,"{'id': 15940, 'context': 54, 'bonus_lists': [1681, 4281], 'modifiers': [{'type': 9, 'value': 50}]}"
1757942585,VERY_LONG,,1,72247400,,"{'id': 9910, 'context': 1, 'bonus_lists': [6654, 1678], 'modifiers': [{'type': 9, 'value': 30}, {'type': 28, 'value': 217}]}"
1757942592,VERY_LONG,,1,27172200,,"{'id': 24607, 'context': 2, 'bonus_lists': [6654, 1678], 'modifiers': [{'type': 9, 'value': 30}, {'type': 28, 'value': 1065}]}"
1757946103,VERY_LONG,,1,45019500,,"{'id': 14684, 'context': 1}"
1757946161,VERY_LONG,,1,14106944300,,"{'id': 25242, 'context': 36, 'bonus_lists': [1677, 3871], 'modifiers': [{'type': 9, 'value': 50}]}"
1757946170,VERY_LONG,,1,32093000,,"{'id': 55313, 'context': 5, 'bonus_lists': [1701]}"
1757946194,VERY_LONG,,1,9958200,,"{'id': 10230, 'context': 1, 'bonus_lists': [6654, 1693], 'modifiers': [{'type': 9, 'value': 30}, {'type': 28, 'value': 205}]}"
1757946289,VERY_LONG,,1,19999800,,"{'id': 6622, 'context': 0}"
1757946367,VERY_LONG,,1,33182700,,"{'id': 15618, 'context': 1, 'bonus_lists': [6655, 1679], 'modifiers': [{'type': 9, 'value': 30}, {'type': 28, 'value': 218}]}"
1757946554,VERY_LONG,,1,25000000,,"{'id': 15166, 'context': 1, 'bonus_lists': [6654, 1681], 'modifiers': [{'type': 9, 'value': 30}, {'type': 28, 'value': 218}]}"
1757946579,VERY_LONG,,1,251759500,,"{'id': 15668, 'context': 1, 'bonus_lists': [1692]}"
1757946699,VERY_LONG,,1,9530900,,"{'id': 41520, 'context': 0}"
1757946766,VERY_LONG,,1,40396400,,"{'id': 4732, 'context': 1, 'bonus_lists': [6654], 'modifiers': [{'type': 9, 'value': 30}, {'type': 28, 'value': 217}]}"
1757952543,VERY_LONG,,1,169009600,,"{'id': 24810, 'context': 1, 'bonus_lists': [6654, 1691], 'modifiers': [{'type': 9, 'value': 30}, {'type': 28, 'value': 220}]}"
1757952573,VERY_LONG,,1,112558000,,"{'id': 31143, 'context': 36, 'bonus_lists': [3912], 'modifiers': [{'type': 9, 'value': 50}]}"
1757952663,VERY_LONG,,1,9970000,,"{'id': 15392, 'context': 1, 'bonus_lists': [6654, 1691], 'modifiers': [{'type': 9, 'value': 30}, {'type': 28, 'value': 218}]}"
1757953426,VERY_LONG,,1,16551800,,"{'id': 41548, 'context': 0}"
1757937926,LONG,,1,44214000,,"{'id': 9919, 'context': 1, 'bonus_lists': [6654, 1694], 'modifiers': [{'type': 9, 'value': 30}, {'type': 28, 'value': 217}]}"
1757938050,LONG,,1,54999800,,"{'id': 14449, 'context': 1, 'bonus_lists': [6654], 'modifiers': [{'type': 9, 'value': 30}, {'type': 28, 'value': 218}]}"
1757939339,LONG,,1,175093200,,"{'id': 15660, 'context': 1, 'bonus_lists': [1695]}"
1757935116,LONG,,1,11681700,,"{'id': 25010, 'context': 1, 'bonus_lists': [6654, 1680], 'modifiers': [{'type': 9, 'value': 30}, {'type': 28, 'value': 225}]}"
1757935132,LONG,,1,82883800,,"{'id': 24899, 'context': 1, 'bonus_lists': [6654, 1681], 'modifiers': [{'type': 9, 'value': 30}, {'type': 28, 'value': 225}]}"
1757935232,LONG,,1,39761937100,,"{'id': 36015, 'context': 1, 'bonus_lists': [6654, 1693], 'modifiers': [{'type': 9, 'value': 30}, {'type': 28, 'value': 237}]}"
1757935261,LONG,,1,33772500,,"{'id': 9288, 'context': 1, 'bonus_lists': [6654, 1679], 'modifiers': [{'type': 9, 'value': 30}, {'type': 28, 'value': 217}]}"
1757935280,LONG,,1,144088600,,"{'id': 24922, 'context': 1, 'bonus_lists': [6654, 1680], 'modifiers': [{'type': 9, 'value': 30}, {'type': 28, 'value': 220}]}"
1757935344,LONG,,1,312914900,,"{'id': 15179, 'context': 1, 'bonus_lists': [6654, 1709], 'modifiers': [{'type': 9, 'value': 30}, {'type': 28, 'value': 218}]}"
1757935375,LONG,,1,83006200,,"{'id': 14954, 'context': 54, 'bonus_lists': [1692, 4281], 'modifiers': [{'type': 9, 'value': 50}]}"
1757935392,LONG,,1,65008700,,"{'id': 4061, 'context': 1, 'bonus_lists': [6654], 'modifiers': [{'type': 9, 'value': 30}, {'type': 28, 'value': 217}]}"
1757935427,LONG,,1,11461100,,"{'id': 6379, 'context': 54, 'bonus_lists': [4277], 'modifiers': [{'type': 9, 'value': 50}]}"
1757935449,LONG,,1,29661700,,"{'id': 7542, 'context': 1, 'bonus_lists': [6654, 1679], 'modifiers': [{'type': 9, 'value': 30}, {'type': 28, 'value': 218}]}"
1757935452,LONG,,1,32829800,,"{'id': 24604, 'context': 1, 'bonus_lists': [6654, 1708], 'modifiers': [{'type': 9, 'value': 30}, {'type': 28, 'value': 220}]}"
1757939368,LONG,,1,72711000,,"{'id': 14778, 'context': 1, 'bonus_lists': [6654], 'modifiers': [{'type': 9, 'value': 30}, {'type': 28, 'value': 278}]}"
1757942370,VERY_LONG,,1,129782200,,"{'id': 13039, 'context': 1}"
1757935187,LONG,,1,9407500,,"{'id': 14658, 'context': 1, 'bonus_lists': [6654], 'modifiers': [{'type': 9, 'value': 30}, {'type': 28, 'value': 218}]}"
1757935254,LONG,,1,27651400,,"{'id': 25005, 'context': 2, 'bonus_lists': [6654, 1678], 'modifiers': [{'type': 9, 'value': 30}, {'type': 28, 'value': 1069}]}"
1757935141,LONG,,1,110675700,,"{'id': 14978, 'context': 1, 'bonus_lists': [1694]}"
1757935265,LONG,,1,16669500,,"{'id': 14907, 'context': 53, 'bonus_lists': [1692, 4277], 'modifiers': [{'type': 9, 'value': 50}]}"
1757935431,LONG,,1,7859800,,"{'id': 10378, 'context': 1, 'bonus_lists': [6654, 1692], 'modifiers': [{'type': 9, 'value': 30}, {'type': 28, 'value': 205}]}"
1757938017,LONG,,1,12477100,,"{'id': 54474, 'context': 0}"
1757938046,LONG,,1,44529900,,"{'id': 15438, 'context': 1, 'bonus_lists': [1693]}"
1757939198,LONG,,1,43156100,,"{'id': 15552, 'context': 53, 'bonus_lists': [1691, 4281], 'modifiers': [{'type': 9, 'value': 50}]}"
1757939297,LONG,,1,59162900,,"{'id': 14282, 'context': 1, 'bonus_lists': [6654, 1705], 'modifiers': [{'type': 9, 'value': 30}, {'type': 28, 'value': 218}]}"
1757939456,LONG,,1,57450500,,"{'id': 24711, 'context': 1, 'bonus_lists': [6654, 1694], 'modifiers': [{'type': 9, 'value': 30}, {'type': 28, 'value': 220}]}"
1757942488,VERY_LONG,,1,68055900,,"{'id': 14336, 'context': 1, 'bonus_lists': [6654, 1678], 'modifiers': [{'type': 9, 'value': 30}, {'type': 28, 'value': 218}]}"
1757942522,VERY_LONG,,1,40000000,,"{'id': 31285, 'context': 1, 'bonus_lists': [6658], 'modifiers': [{'type': 9, 'value': 30}, {'type': 28, 'value': 229}]}"
1757942556,VERY_LONG,,1,162710100,,"{'id': 15666, 'context': 1, 'bonus_lists': [1706]}"
1757942611,VERY_LONG,,1,116638400,,"{'id': 87509, 'context': 0}"
1757942620,VERY_LONG,,1,4970000,,"{'id': 10112, 'context': 1, 'bonus_lists': [1677]}"
1757945041,VERY_LONG,,1,4229300,,"{'id': 10042, 'context': 0}"
1757945049,VERY_LONG,,1,105124000,,"{'id': 14960, 'context': 54, 'bonus_lists': [1706, 4279], 'modifiers': [{'type': 9, 'value': 50}]}"
1757945058,VERY_LONG,,1,17268300,,"{'id': 45316, 'context': 3}"
1757946108,VERY_LONG,,1,272709700,,"{'id': 25087, 'context': 1, 'bonus_lists': [6655, 1677], 'modifiers': [{'type': 9, 'value': 30}, {'type': 28, 'value': 220}]}"
1757946118,VERY_LONG,,1,88140200,,"{'id': 15192, 'context': 1, 'bonus_lists': [1708]}"
1757946125,VERY_LONG,,1,6454869300,,"{'id': 168602, 'context': 3, 'bonus_lists': [4798, 1478, 4786], 'modifiers': [{'type': 28, 'value': 719}]}"
1757946164,VERY_LONG,,1,4949100,,"{'id': 54471, 'context': 0}"
1757946196,VERY_LONG,,1,194994000,,"{'id': 36234, 'context': 36, 'bonus_lists': [1677, 4493], 'modifiers': [{'type': 9, 'value': 50}]}"
1757946270,VERY_LONG,,1,25000000,,"{'id': 10376, 'context': 1, 'bonus_lists': [1705]}"
1757952318,VERY_LONG,,1,45086200,,"{'id': 54478, 'context': 0}"
1757952401,VERY_LONG,,1,20250000,,"{'id': 40347, 'context': 0}"
1757952505,VERY_LONG,,1,114183800,,"{'id': 15621, 'context': 54, 'bonus_lists': [1692, 4281], 'modifiers': [{'type': 9, 'value': 50}]}"
1757952525,VERY_LONG,,1,250092000,,"{'id': 1926, 'context': 1, 'bonus_lists': [4005], 'modifiers': [{'type': 9, 'value': 25}]}"
1757952558,VERY_LONG,,1,128893500,,"{'id': 24598, 'context': 1, 'bonus_lists': [6654, 1692], 'modifiers': [{'type': 9, 'value': 30}, {'type': 28, 'value': 220}]}"
1757952597,VERY_LONG,,1,10761800,,"{'id': 59525, 'context': 0}"
1757952604,VERY_LONG,,1,16850300,,"{'id': 24592, 'context': 1, 'bonus_lists': [6654, 1707], 'modifiers': [{'type': 9, 'value': 30}, {'type': 28, 'value': 220}]}"
1757946386,VERY_LONG,,1,27757400,,"{'id': 10018, 'context': 0}"
1757946423,VERY_LONG,,1,114711400,,"{'id': 14331, 'context': 1, 'bonus_lists': [1679]}"
1757952642,VERY_LONG,,1,37660600,,"{'id': 39717, 'context': 0}"
1757946734,VERY_LONG,,1,25649700,,"{'id': 126988, 'context': 13, 'bonus_lists': [1687, 3408, 7175], 'modifiers': [{'type': 9, 'value': 50}]}"
1757952656,VERY_LONG,,1,50000000,,"{'id': 21852, 'context': 0}"
1757952669,VERY_LONG,,1,125655800,,"{'id': 14804, 'context': 1}"
1757953440,VERY_LONG,,1,70722000,,"{'id': 24601, 'context': 1, 'bonus_lists': [6654, 1706], 'modifiers': [{'type': 9, 'value': 30}, {'type': 28, 'value': 220}]}"
1757953489,VERY_LONG,,1,10880700,,"{'id': 13004, 'context': 0}"
1757942305,LONG,,1,118757300,,"{'id': 36365, 'context': 36, 'bonus_lists': [1693, 3850], 'modifiers': [{'type': 9, 'value': 50}]}"
1757942450,VERY_LONG,,1,17989800,,"{'id': 14440, 'context': 1, 'bonus_lists': [6654], 'modifiers': [{'type': 9, 'value': 30}, {'type': 28, 'value': 218}]}"
1757939219,LONG,,1,8505300,,"{'id': 15255, 'context': 1, 'bonus_lists': [6655, 1707], 'modifiers': [{'type': 9, 'value': 30}, {'type': 28, 'value': 205}]}"
1757935168,LONG,,1,206889500,,"{'id': 24933, 'context': 1, 'bonus_lists': [6654, 1693], 'modifiers': [{'type': 9, 'value': 30}, {'type': 28, 'value': 220}]}"
1757935179,LONG,,1,69151500,,"{'id': 24588, 'context': 1, 'bonus_lists': [6654, 1681], 'modifiers': [{'type': 9, 'value': 30}, {'type': 28, 'value': 228}]}"
1757935225,LONG,,1,68895100,,"{'id': 4737, 'context': 1, 'bonus_lists': [6654], 'modifiers': [{'type': 9, 'value': 30}, {'type': 28, 'value': 217}]}"
1757939229,LONG,,1,1741383700,,"{'id': 1483, 'context': 1, 'bonus_lists': [4049], 'modifiers': [{'type': 9, 'value': 25}]}"
1757937872,LONG,,1,41485300,,"{'id': 24608, 'context': 1, 'bonus_lists': [6654, 1691], 'modifiers': [{'type': 9, 'value': 30}, {'type': 28, 'value': 228}]}"
1757938073,LONG,,1,153985200,,"{'id': 25252, 'context': 0, 'bonus_lists': [1707]}"
1757938079,LONG,,1,44646700,,"{'id': 82093, 'context': 1, 'bonus_lists': [6654, 1685], 'modifiers': [{'type': 9, 'value': 35}, {'type': 28, 'value': 268}]}"
1757939410,LONG,,1,74122000,,"{'id': 14670, 'context': 1}"
1757939419,LONG,,1,534847100,,"{'id': 24695, 'context': 1, 'bonus_lists': [6654, 1693], 'modifiers': [{'type': 9, 'value': 30}, {'type': 28, 'value': 225}]}"
1757946114,VERY_LONG,,1,34397300,,"{'id': 9906, 'context': 1, 'bonus_lists': [6654, 1709], 'modifiers': [{'type': 9, 'value': 30}, {'type': 28, 'value': 217}]}"
1757946148,VERY_LONG,,1,25000000,,"{'id': 15372, 'context': 53, 'bonus_lists': [1680, 4277], 'modifiers': [{'type': 9, 'value': 50}]}"
1757946154,VERY_LONG,,1,5259800,,"{'id': 13126, 'context': 0}"
1757946219,VERY_LONG,,1,3861267500,,"{'id': 25144, 'context': 36, 'bonus_lists': [1706, 3872], 'modifiers': [{'type': 9, 'value': 50}]}"
1757946310,VERY_LONG,,1,172943200,,"{'id': 24806, 'context': 1, 'bonus_lists': [6654, 1706], 'modifiers': [{'type': 9, 'value': 30}, {'type': 28, 'value': 220}]}"
1757946613,VERY_LONG,,1,515131100,,"{'id': 25198, 'context': 1, 'bonus_lists': [6655, 1708], 'modifiers': [{'type': 9, 'value': 30}, {'type': 28, 'value': 220}]}"
1757952353,VERY_LONG,,1,22937900,,"{'id': 5616, 'context': 1, 'bonus_lists': [4071], 'modifiers': [{'type': 9, 'value': 25}]}"
1757952378,VERY_LONG,,1,4066100,,"{'id': 10044, 'context': 0}"
1757952411,VERY_LONG,,1,12680700,,"{'id': 10009, 'context': 0}"
1757952468,VERY_LONG,,1,1593032000,,"{'id': 25116, 'context': 1, 'bonus_lists': [6655, 1679], 'modifiers': [{'type': 9, 'value': 30}, {'type': 28, 'value': 228}]}"
1757952520,VERY_LONG,,1,63233000,,"{'id': 24973, 'context': 29, 'bonus_lists': [1707, 3849], 'modifiers': [{'type': 9, 'value': 50}]}"
1757952531,VERY_LONG,,1,91102400,,"{'id': 24222, 'context': 54, 'bonus_lists': [4274], 'modifiers': [{'type': 9, 'value': 50}]}"
1757952619,VERY_LONG,,1,28604200,,"{'id': 9511, 'context': 1, 'bonus_lists': [4071], 'modifiers': [{'type': 9, 'value': 25}]}"
1757952672,VERY_LONG,,1,7254000,,"{'id': 41515, 'context': 0}"
1757942382,VERY_LONG,,1,1714930600,,"{'id': 87431, 'context': 0, 'bonus_lists': [6658], 'modifiers': [{'type': 9, 'value': 35}, {'type': 28, 'value': 60}]}"
1757942457,VERY_LONG,,1,297248800,,"{'id': 25324, 'context': 1, 'bonus_lists': [6655, 1695], 'modifiers': [{'type': 9, 'value': 30}, {'type': 28, 'value': 220}]}"
1757935135,LONG,,1,2989730300,,"{'id': 14727, 'context': 54, 'bonus_lists': [4278], 'modifiers': [{'type': 9, 'value': 50}]}"
1757935155,LONG,,1,9965500,,"{'id': 10104, 'context': 1, 'bonus_lists': [6654, 1680], 'modifiers': [{'type': 9, 'value': 30}, {'type': 28, 'value': 205}]}"
1757935326,LONG,,1,120111300,,"{'id': 14549, 'context': 54, 'bonus_lists': [4247], 'modifiers': [{'type': 9, 'value': 50}]}"
1757935376,LONG,,1,27848100,,"{'id': 24886, 'context': 1, 'bonus_lists': [6654, 1693], 'modifiers': [{'type': 9, 'value': 30}, {'type': 28, 'value': 225}]}"
1757935382,LONG,,1,25000000,,"{'id': 24676, 'context': 1, 'bonus_lists': [6654, 1678], 'modifiers': [{'type': 9, 'value': 30}, {'type': 28, 'value': 225}]}"
1757935397,LONG,,1,68944900,,"{'id': 12424, 'context': 0}"
1757937898,LONG,,1,124399300,,"{'id': 24811, 'context': 1, 'bonus_lists': [6654, 1679], 'modifiers': [{'type': 9, 'value': 30}, {'type': 28, 'value': 220}]}"
1757937914,LONG,,1,25002300,,"{'id': 9917, 'context': 1, 'bonus_lists': [6654, 1695], 'modifiers': [{'type': 9, 'value': 30}, {'type': 28, 'value': 217}]}"
1757939119,LONG,,1,24922100,,"{'id': 14918, 'context': 53, 'bonus_lists': [1694, 4277], 'modifiers': [{'type': 9, 'value': 50}]}"
1757939145,LONG,,1,61386000,,"{'id': 106672, 'context': 29, 'bonus_lists': [3854, 27], 'modifiers': [{'type': 9, 'value': 50}]}"
1757939353,LONG,,1,20004100,,"{'id': 4696, 'context': 54, 'bonus_lists': [4273], 'modifiers': [{'type': 9, 'value': 50}]}"
1757945012,VERY_LONG,,1,29781200,,"{'id': 8304, 'context': 1, 'bonus_lists': [6654], 'modifiers': [{'type': 9, 'value': 30}, {'type': 28, 'value': 205}]}"
1757945098,VERY_LONG,,1,32000000,,"{'id': 9384, 'context': 1, 'bonus_lists': [4065], 'modifiers': [{'type': 9, 'value': 25}]}"
1757946121,VERY_LONG,,1,606737900,,"{'id': 25128, 'context': 1, 'bonus_lists': [6655, 1707], 'modifiers': [{'type': 9, 'value': 30}, {'type': 28, 'value': 220}]}"
1757946138,VERY_LONG,,1,94999800,,"{'id': 25328, 'context': 36, 'bonus_lists': [1693, 3871], 'modifiers': [{'type': 9, 'value': 50}]}"
1757946186,VERY_LONG,,1,172893300,,"{'id': 36361, 'context': 36, 'bonus_lists': [1694, 3851], 'modifiers': [{'type': 9, 'value': 50}]}"
1757946261,VERY_LONG,,1,351426900,,"{'id': 25130, 'context': 1, 'bonus_lists': [6655, 1691], 'modifiers': [{'type': 9, 'value': 30}, {'type': 28, 'value': 220}]}"
1757946283,VERY_LONG,,1,29078800,,"{'id': 14722, 'context': 54, 'bonus_lists': [4277], 'modifiers': [{'type': 9, 'value': 50}]}"
1757946321,VERY_LONG,,1,25000000,,"{'id': 9926, 'context': 1, 'bonus_lists': [6654, 1707], 'modifiers': [{'type': 9, 'value': 30}, {'type': 28, 'value': 217}]}"
1757952434,VERY_LONG,,1,178563300,,"{'id': 9482, 'context': 1, 'bonus_lists': [4071], 'modifiers': [{'type': 9, 'value': 25}]}"
1757952627,VERY_LONG,,1,21969500,,"{'id': 10007, 'context': 0}"
1757953483,VERY_LONG,,1,1804200,,"{'id': 16850, 'context': 0}"
1757953504,VERY_LONG,,1,25000000,,"{'id': 50444, 'context': 0}"
1757935126,LONG,,1,43226600,,"{'id': 14829, 'context': 54, 'bonus_lists': [4278], 'modifiers': [{'type': 9, 'value': 50}]}"
1757935395,LONG,,1,128053700,,"{'id': 24943, 'context': 1, 'bonus_lists': [6654, 1677], 'modifiers': [{'type': 9, 'value': 30}, {'type': 28, 'value': 220}]}"
1757937951,LONG,,1,66790700,,"{'id': 15434, 'context': 1, 'bonus_lists': [1706]}"
1757938055,LONG,,1,39121700,,"{'id': 82041, 'context': 2, 'bonus_lists': [6654, 1706], 'modifiers': [{'type': 9, 'value': 35}, {'type': 28, 'value': 1126}]}"
1757939237,LONG,,1,37667500,,"{'id': 37824, 'context': 0}"
1757939262,LONG,,1,24950000,,"{'id': 15251, 'context': 1, 'bonus_lists': [6655, 1691], 'modifiers': [{'type': 9, 'value': 30}, {'type': 28, 'value': 218}]}"
1757942626,VERY_LONG,,1,510485900,,"{'id': 25272, 'context': 36, 'bonus_lists': [1708, 3871], 'modifiers': [{'type': 9, 'value': 50}]}"
1757942634,VERY_LONG,,1,42645500,,"{'id': 24583, 'context': 1, 'bonus_lists': [6654, 1679], 'modifiers': [{'type': 9, 'value': 30}, {'type': 28, 'value': 220}]}"
1757945067,VERY_LONG,,1,78106500,,"{'id': 24927, 'context': 1, 'bonus_lists': [6654, 1707], 'modifiers': [{'type': 9, 'value': 30}, {'type': 28, 'value': 228}]}"
1757946550,VERY_LONG,,1,49634600,,"{'id': 14455, 'context': 1}"
1757946619,VERY_LONG,,1,39319000,,"{'id': 24738, 'context': 36, 'bonus_lists': [1705, 3851], 'modifiers': [{'type': 9, 'value': 50}]}"
1757952452,VERY_LONG,,1,8068100,,"{'id': 21854, 'context': 0}"
1757952478,VERY_LONG,,1,19817600,,"{'id': 1613, 'context': 1, 'bonus_lists': [6655, 1693], 'modifiers': [{'type': 9, 'value': 30}, {'type': 28, 'value': 278}]}"
1757952508,VERY_LONG,,1,28301600,,"{'id': 7435, 'context': 1, 'bonus_lists': [6654, 1679], 'modifiers': [{'type': 9, 'value': 30}, {'type': 28, 'value': 217}]}"
1757953429,VERY_LONG,,1,9970000,,"{'id': 9512, 'context': 1, 'bonus_lists': [4071], 'modifiers': [{'type': 9, 'value': 25}]}"
1757953509,VERY_LONG,,1,11876400,,"{'id': 13146, 'context': 53, 'bonus_lists': [4273], 'modifiers': [{'type': 9, 'value': 50}]}"
1757953519,VERY_LONG,,1,17476500,,"{'id': 12426, 'context': 0}"
1757942221,LONG,,1,25000000,,"{'id': 5215, 'context': 1, 'bonus_lists': [1708]}"
1757942256,LONG,,1,123326500,,"{'id': 86191, 'context': 0}"
1757942372,VERY_LONG,,1,66857700,,"{'id': 6433, 'context': 1, 'bonus_lists': [6654], 'modifiers': [{'type': 9, 'value': 30}, {'type': 28, 'value': 217}]}"
1757942425,VERY_LONG,,1,291839600,,"{'id': 86190, 'context': 0}"
1757942437,VERY_LONG,,1,32046200,,"{'id': 15375, 'context': 54, 'bonus_lists': [1706, 4277], 'modifiers': [{'type': 9, 'value': 50}]}"
1757942469,VERY_LONG,,1,276200700,,"{'id': 14869, 'context': 1}"
1757942499,VERY_LONG,,1,38404200,,"{'id': 15194, 'context': 1, 'bonus_lists': [1709]}"
1757935166,LONG,,1,64390400,,"{'id': 14785, 'context': 1, 'bonus_lists': [6654], 'modifiers': [{'type': 9, 'value': 30}, {'type': 28, 'value': 218}]}"
1757935190,LONG,,1,39301200,,"{'id': 10195, 'context': 54, 'bonus_lists': [1680, 4281], 'modifiers': [{'type': 9, 'value': 50}]}"
1757935193,LONG,,1,199472900,,"{'id': 15581, 'context': 53, 'bonus_lists': [1706, 4277], 'modifiers': [{'type': 9, 'value': 50}]}"
1757935214,LONG,,1,119681200,,"{'id': 14911, 'context': 53, 'bonus_lists': [1691, 4277], 'modifiers': [{'type': 9, 'value': 50}]}"
1757935410,LONG,,1,1026524900,,"{'id': 106608, 'context': 29, 'bonus_lists': [4503, 115], 'modifiers': [{'type': 9, 'value': 50}]}"
1757935469,LONG,,1,79089900,,"{'id': 15628, 'context': 54, 'bonus_lists': [1680, 4277], 'modifiers': [{'type': 9, 'value': 50}]}"
1757939115,LONG,,1,26557400,,"{'id': 10102, 'context': 1, 'bonus_lists': [6654, 1678], 'modifiers': [{'type': 9, 'value': 10}, {'type': 28, 'value': 220}]}"
1757939131,LONG,,1,49984500,,"{'id': 15677, 'context': 1, 'bonus_lists': [1694]}"
1757942266,LONG,,1,79899100,,"{'id': 14293, 'context': 0, 'bonus_lists': [1708]}"
1757942366,VERY_LONG,,1,93711200,,"{'id': 24726, 'context': 1, 'bonus_lists': [6654, 1681], 'modifiers': [{'type': 9, 'value': 30}, {'type': 28, 'value': 228}]}"
1757942445,VERY_LONG,,1,84333900,,"{'id': 14847, 'context': 1, 'bonus_lists': [6654], 'modifiers': [{'type': 9, 'value': 30}, {'type': 28, 'value': 218}]}"
1757942481,VERY_LONG,,1,25000000,,"{'id': 9886, 'context': 1, 'bonus_lists': [6654, 1708], 'modifiers': [{'type': 9, 'value': 30}, {'type': 28, 'value': 209}]}"
1757939245,LONG,,1,78060600,,"{'id': 12415, 'context': 0}"
1757939252,LONG,,1,25000000,,"{'id': 14937, 'context': 1, 'bonus_lists': [1677]}"
1757939347,LONG,,1,128600400,,"{'id': 94262, 'context': 0, 'bonus_lists': [1702], 'modifiers': [{'type': 28, 'value': 1035}]}"
1757939372,LONG,,1,147170200,,"{'id': 25265, 'context': 30, 'bonus_lists': [1678, 3871], 'modifiers': [{'type': 9, 'value': 50}]}"
1757939393,LONG,,1,486780400,,"{'id': 106625, 'context': 29, 'bonus_lists': [3854, 116], 'modifiers': [{'type': 9, 'value': 50}]}"
1757942566,VERY_LONG,,1,751075900,,"{'id': 25257, 'context': 36, 'bonus_lists': [1695, 3871], 'modifiers': [{'type': 9, 'value': 50}]}"
1757942624,VERY_LONG,,1,27722500,,"{'id': 9921, 'context': 1, 'bonus_lists': [6654, 1707], 'modifiers': [{'type': 9, 'value': 30}, {'type': 28, 'value': 217}]}"
1757946245,VERY_LONG,,1,23827200,,"{'id': 9889, 'context': 1, 'bonus_lists': [6654, 1680], 'modifiers': [{'type': 9, 'value': 30}, {'type': 28, 'value': 217}]}"
1757952293,VERY_LONG,,1,70144300,,"{'id': 15436, 'context': 1, 'bonus_lists': [1693]}"
1757952466,VERY_LONG,,1,6871500,,"{'id': 44211, 'context': 0}"
1757952678,VERY_LONG,,1,1997975700,,"{'id': 118853, 'context': 29, 'bonus_lists': [3916], 'modifiers': [{'type': 9, 'value': 50}]}"
1757953436,VERY_LONG,,1,256013700,,"{'id': 25143, 'context': 1, 'bonus_lists': [6655, 1708], 'modifiers': [{'type': 9, 'value': 30}, {'type': 28, 'value': 220}]}"
1757953493,VERY_LONG,,1,104003300,,"{'id': 9484, 'context': 1, 'bonus_lists': [4071], 'modifiers': [{'type': 9, 'value': 25}]}"
1757953503,VERY_LONG,,1,58509600,,"{'id': 24871, 'context': 30, 'bonus_lists': [1694, 3850], 'modifiers': [{'type': 9, 'value': 50}]}"
1757935143,LONG,,1,39736800,,"{'id': 9290, 'context': 1, 'bonus_lists': [6654, 1707], 'modifiers': [{'type': 9, 'value': 30}, {'type': 28, 'value': 217}]}"
1757935146,LONG,,1,4990000,,"{'id': 9402, 'context': 1}"
1757935258,LONG,,1,32729100,,"{'id': 24788, 'context': 1, 'bonus_lists': [6654, 1694], 'modifiers': [{'type': 9, 'value': 30}, {'type': 28, 'value': 225}]}"
1757935434,LONG,,1,98291600,,"{'id': 13119, 'context': 54, 'bonus_lists': [4269], 'modifiers': [{'type': 9, 'value': 50}]}"
1757938011,LONG,,1,23433500,,"{'id': 14252, 'context': 53, 'bonus_lists': [1680, 4277], 'modifiers': [{'type': 9, 'value': 50}]}"
1757939185,LONG,,1,590570100,,"{'id': 31276, 'context': 1}"
1757939441,LONG,,1,105386100,,"{'id': 15599, 'context': 1, 'bonus_lists': [6654, 1677], 'modifiers': [{'type': 9, 'value': 30}, {'type': 28, 'value': 209}]}"
1757942631,VERY_LONG,,1,26487300,,"{'id': 12422, 'context': 0}"
1757946132,VERY_LONG,,1,66061600,,"{'id': 25142, 'context': 1, 'bonus_lists': [6655, 1677], 'modifiers': [{'type': 9, 'value': 30}, {'type': 28, 'value': 220}]}"
1757946168,VERY_LONG,,1,175910100,,"{'id': 36219, 'context': 36, 'bonus_lists': [1694, 3850], 'modifiers': [{'type': 9, 'value': 50}]}"
1757952369,VERY_LONG,,1,1199178000,,"{'id': 14551, 'context': 54, 'bonus_lists': [4247], 'modifiers': [{'type': 9, 'value': 50}]}"
1757952414,VERY_LONG,,1,90002000,,"{'id': 35639, 'context': 1, 'bonus_lists': [4115], 'modifiers': [{'type': 9, 'value': 30}]}"
1757952488,VERY_LONG,,1,35873500,,"{'id': 15165, 'context': 1, 'bonus_lists': [6654, 1693], 'modifiers': [{'type': 9, 'value': 30}, {'type': 28, 'value': 209}]}"
1757953406,VERY_LONG,,1,392191200,,"{'id': 25101, 'context': 1, 'bonus_lists': [6655, 1678], 'modifiers': [{'type': 9, 'value': 30}, {'type': 28, 'value': 228}]}"
1757935137,LONG,,1,31095700,,"{'id': 8300, 'context': 1, 'bonus_lists': [6654], 'modifiers': [{'type': 9, 'value': 30}, {'type': 28, 'value': 205}]}"
1757935147,LONG,,1,71997800,,"{'id': 9869, 'context': 53, 'bonus_lists': [1679, 4277], 'modifiers': [{'type': 9, 'value': 50}]}"
1757937895,LONG,,1,114087300,,"{'id': 37799, 'context': 2, 'bonus_lists': [4196], 'modifiers': [{'type': 9, 'value': 50}]}"
1757935153,LONG,,1,195906900,,"{'id': 24976, 'context': 36, 'bonus_lists': [1678, 3850], 'modifiers': [{'type': 9, 'value': 50}]}"
1757935210,LONG,,1,222442400,,"{'id': 106669, 'context': 29, 'bonus_lists': [3854, 153], 'modifiers': [{'type': 9, 'value': 50}]}"
1757935216,LONG,,1,25000000,,"{'id': 9923, 'context': 1, 'bonus_lists': [6654, 1678], 'modifiers': [{'type': 9, 'value': 30}, {'type': 28, 'value': 217}]}"
1757935227,LONG,,1,336810300,,"{'id': 36451, 'context': 1, 'bonus_lists': [6655, 1707], 'modifiers': [{'type': 9, 'value': 30}, {'type': 28, 'value': 237}]}"
1757935249,LONG,,1,18851100,,"{'id': 13077, 'context': 0}"
1757935360,LONG,,1,16348900,14714000,"{'id': 7005, 'context': 14}"
1757935389,LONG,,1,25138500,,"{'id': 14945, 'context': 1, 'bonus_lists': [6654, 1709], 'modifiers': [{'type': 9, 'value': 30}, {'type': 28, 'value': 218}]}"
1757938028,LONG,,1,38332400,,"{'id': 37760, 'context': 0}"
1757935477,LONG,,1,49996300,,"{'id': 15641, 'context': 1, 'bonus_lists': [6654, 1694], 'modifiers': [{'type': 9, 'value': 30}, {'type': 28, 'value': 218}]}"
1757935480,LONG,,1,2335923900,,"{'id': 25270, 'context': 36, 'bonus_lists': [1679, 3871], 'modifiers': [{'type': 9, 'value': 50}]}"
1757937987,LONG,,1,25000000,,"{'id': 15616, 'context': 54, 'bonus_lists': [1695, 4277], 'modifiers': [{'type': 9, 'value': 50}]}"
1757946217,VERY_LONG,,1,445454200,,"{'id': 36008, 'context': 1, 'bonus_lists': [6654, 1679], 'modifiers': [{'type': 9, 'value': 30}, {'type': 28, 'value': 237}]}"
1757946545,VERY_LONG,,1,54564400,,"{'id': 14261, 'context': 1, 'bonus_lists': [6654, 1707], 'modifiers': [{'type': 9, 'value': 30}, {'type': 28, 'value': 209}]}"
1757952418,VERY_LONG,,1,53137300,,"{'id': 13121, 'context': 53, 'bonus_lists': [4269], 'modifiers': [{'type': 9, 'value': 50}]}"
1757952464,VERY_LONG,,1,25000000,,"{'id': 1951, 'context': 1, 'bonus_lists': [4005], 'modifiers': [{'type': 9, 'value': 25}]}"
1757952496,VERY_LONG,,1,47773200,,"{'id': 9856, 'context': 54, 'bonus_lists': [1677, 4277], 'modifiers': [{'type': 9, 'value': 50}]}"
1757952537,VERY_LONG,,1,39830700,,"{'id': 7475, 'context': 1, 'bonus_lists': [6654, 1694], 'modifiers': [{'type': 9, 'value': 30}, {'type': 28, 'value': 217}]}"
1757952608,VERY_LONG,,1,8439500,,"{'id': 41545, 'context': 0}"
1757939314,LONG,,1,9817600,,"{'id': 37857, 'context': 2, 'bonus_lists': [4196], 'modifiers': [{'type': 9, 'value': 50}]}"
1757939461,LONG,,1,165387700,,"{'id': 14923, 'context': 54, 'bonus_lists': [1695, 4279], 'modifiers': [{'type': 9, 'value': 50}]}"
1757942559,VERY_LONG,,1,35921700,,"{'id': 24613, 'context': 36, 'bonus_lists': [1677, 3850], 'modifiers': [{'type': 9, 'value': 50}]}"
1757939171,LONG,,1,302248200,,"{'id': 106659, 'context': 29, 'bonus_lists': [3854, 98], 'modifiers': [{'type': 9, 'value': 50}]}"
1757939358,LONG,,1,42686700,,"{'id': 14291, 'context': 1, 'bonus_lists': [6654, 1707], 'modifiers': [{'type': 9, 'value': 30}, {'type': 28, 'value': 218}]}"
1757939379,LONG,,1,24990000,,"{'id': 14659, 'context': 1, 'bonus_lists': [6654], 'modifiers': [{'type': 9, 'value': 30}, {'type': 28, 'value': 278}]}"
1757939396,LONG,,1,759206000,,"{'id': 10401, 'context': 1, 'bonus_lists': [4005], 'modifiers': [{'type': 9, 'value': 25}]}"
1757942602,VERY_LONG,,1,34155000,,"{'id': 14965, 'context': 54, 'bonus_lists': [1705, 4277], 'modifiers': [{'type': 9, 'value': 50}]}"
1757945016,VERY_LONG,,1,34826400,,"{'id': 15632, 'context': 54, 'bonus_lists': [1707, 4277], 'modifiers': [{'type': 9, 'value': 50}]}"
1757945054,VERY_LONG,,1,838423900,,"{'id': 13024, 'context': 54, 'bonus_lists': [4273], 'modifiers': [{'type': 9, 'value': 50}]}"
1757946266,VERY_LONG,,1,62716200,,"{'id': 13082, 'context': 53, 'bonus_lists': [4273], 'modifiers': [{'type': 9, 'value': 50}]}"
1757946668,VERY_LONG,,1,13999700,,"{'id': 41521, 'context': 0}"
1757952513,VERY_LONG,,1,230763200,,"{'id': 13051, 'context': 54, 'bonus_lists': [4273], 'modifiers': [{'type': 9, 'value': 50}]}"
1757952554,VERY_LONG,,1,512565900,,"{'id': 24920, 'context': 1, 'bonus_lists': [6654, 1693], 'modifiers': [{'type': 9, 'value': 30}, {'type': 28, 'value': 220}]}"
1757938084,LONG,,1,26411600,,"{'id': 24610, 'context': 1, 'bonus_lists': [6654, 1679], 'modifiers': [{'type': 9, 'value': 30}, {'type': 28, 'value': 220}]}"
1757942279,LONG,,1,45505500,,"{'id': 25238, 'context': 2, 'bonus_lists': [6655, 1706], 'modifiers': [{'type': 9, 'value': 30}, {'type': 28, 'value': 1069}]}"
1757942329,LONG,,1,34872800,,"{'id': 4072, 'context': 54, 'bonus_lists': [4277], 'modifiers': [{'type': 9, 'value': 50}]}"
1757942454,VERY_LONG,,1,54486900,,"{'id': 3645, 'context': 1}"
1757942534,VERY_LONG,,1,53241100,,"{'id': 24878, 'context': 29, 'bonus_lists': [1691, 3849], 'modifiers': [{'type': 9, 'value': 50}]}"
1757942259,LONG,,1,452091100,,"{'id': 25174, 'context': 36, 'bonus_lists': [1681, 3871], 'modifiers': [{'type': 9, 'value': 50}]}"
1757938023,LONG,,1,3451600,,"{'id': 16817, 'context': 0}"
1757938036,LONG,,1,7893100,,"{'id': 25138, 'context': 1, 'bonus_lists': [6655, 1678], 'modifiers': [{'type': 9, 'value': 30}, {'type': 28, 'value': 225}]}"
1757938067,LONG,,1,72284700,,"{'id': 14980, 'context': 1, 'bonus_lists': [6654, 1681], 'modifiers': [{'type': 9, 'value': 30}, {'type': 28, 'value': 218}]}"
1757935273,LONG,,1,107246600,,"{'id': 2040, 'context': 1, 'bonus_lists': [6710], 'modifiers': [{'type': 9, 'value': 30}, {'type': 28, 'value': 218}]}"
1757942228,LONG,,1,42312100,,"{'id': 24597, 'context': 1, 'bonus_lists': [6654, 1692], 'modifiers': [{'type': 9, 'value': 30}, {'type': 28, 'value': 220}]}"
1757942249,LONG,,1,48287700,,"{'id': 15173, 'context': 54, 'bonus_lists': [1695, 4277], 'modifiers': [{'type': 9, 'value': 50}]}"
1757942387,VERY_LONG,,1,199234600,,"{'id': 24929, 'context': 1, 'bonus_lists': [6654, 1691], 'modifiers': [{'type': 9, 'value': 30}, {'type': 28, 'value': 220}]}"
1757942417,VERY_LONG,,1,19851500,,"{'id': 121243, 'context': 0, 'bonus_lists': [1812, 1677], 'modifiers': [{'type': 9, 'value': 45}]}"
1757942447,VERY_LONG,,1,220762800,,"{'id': 14941, 'context': 1, 'bonus_lists': [6654, 1707], 'modifiers': [{'type': 9, 'value': 30}, {'type': 28, 'value': 209}]}"
1757942467,VERY_LONG,,1,36685200,,"{'id': 13127, 'context': 54, 'bonus_lists': [4270], 'modifiers': [{'type': 9, 'value': 50}]}"
1757942494,VERY_LONG,,1,375489700,,"{'id': 25199, 'context': 1, 'bonus_lists': [6655, 1679], 'modifiers': [{'type': 9, 'value': 30}, {'type': 28, 'value': 220}]}"
1757942525,VERY_LONG,,1,123007300,,"{'id': 25146, 'context': 36, 'bonus_lists': [1695, 3871], 'modifiers': [{'type': 9, 'value': 50}]}"
1757942539,VERY_LONG,,1,18321000,,"{'id': 12425, 'context': 0}"
1757942246,LONG,,1,90917300,,"{'id': 36244, 'context': 2, 'bonus_lists': [6654, 1706], 'modifiers': [{'type': 9, 'value': 30}, {'type': 28, 'value': 1096}]}"
1757942263,LONG,,1,187744300,,"{'id': 36512, 'context': 36, 'bonus_lists': [1681, 3871], 'modifiers': [{'type': 9, 'value': 50}]}"
1757942452,VERY_LONG,,1,27769200,,"{'id': 18298, 'context': 1, 'bonus_lists': [4008], 'modifiers': [{'type': 9, 'value': 25}]}"
1757942497,VERY_LONG,,1,25000000,,"{'id': 15395, 'context': 53, 'bonus_lists': [1694, 4277], 'modifiers': [{'type': 9, 'value': 50}]}"
1757942570,VERY_LONG,,1,11131800,,"{'id': 10162, 'context': 1, 'bonus_lists': [6654, 1708], 'modifiers': [{'type': 9, 'value': 30}, {'type': 28, 'value': 205}]}"
1757942580,VERY_LONG,,1,32499900,,"{'id': 36127, 'context': 2, 'bonus_lists': [6654, 1692], 'modifiers': [{'type': 9, 'value': 30}, {'type': 28, 'value': 1098}]}"
1757942595,VERY_LONG,,1,148296200,,"{'id': 24926, 'context': 1, 'bonus_lists': [6654, 1693], 'modifiers': [{'type': 9, 'value': 30}, {'type': 28, 'value': 228}]}"
1757938090,LONG,,1,25000000,,"{'id': 14259, 'context': 53, 'bonus_lists': [1678, 4277], 'modifiers': [{'type': 9, 'value': 50}]}"
1757939152,LONG,,1,712320500,,"{'id': 37786, 'context': 2}"
1757945008,VERY_LONG,,1,38021100,,"{'id': 36135, 'context': 1, 'bonus_lists': [6654, 1677], 'modifiers': [{'type': 9, 'value': 30}, {'type': 28, 'value': 237}]}"
1757945029,VERY_LONG,,1,11823000,,"{'id': 14784, 'context': 1, 'bonus_lists': [6654], 'modifiers': [{'type': 9, 'value': 30}, {'type': 28, 'value': 218}]}"
1757946140,VERY_LONG,,1,200002200,,"{'id': 24815, 'context': 1, 'bonus_lists': [6654, 1693], 'modifiers': [{'type': 9, 'value': 30}, {'type': 28, 'value': 228}]}"
1757946229,VERY_LONG,,1,13986000,,"{'id': 15386, 'context': 53, 'bonus_lists': [1677, 4277], 'modifiers': [{'type': 9, 'value': 50}]}"
1757946566,VERY_LONG,,1,73703900,,"{'id': 9931, 'context': 1, 'bonus_lists': [6654, 1693], 'modifiers': [{'type': 9, 'value': 30}, {'type': 28, 'value': 217}]}"
1757946685,VERY_LONG,,1,161013000,,"{'id': 14771, 'context': 54, 'bonus_lists': [4277], 'modifiers': [{'type': 9, 'value': 50}]}"
1757946800,VERY_LONG,,1,139567100,,"{'id': 35641, 'context': 1, 'bonus_lists': [4115], 'modifiers': [{'type': 9, 'value': 30}]}"
1757952341,VERY_LONG,,1,34002000,,"{'id': 9876, 'context': 54, 'bonus_lists': [1681, 4278], 'modifiers': [{'type': 9, 'value': 50}]}"
1757952384,VERY_LONG,,1,13629500,,"{'id': 41543, 'context': 0}"
1757952483,VERY_LONG,,1,24846600,,"{'id': 126991, 'context': 13, 'bonus_lists': [1689, 3408, 7175], 'modifiers': [{'type': 9, 'value': 50}]}"
1757952564,VERY_LONG,,1,132977100,,"{'id': 25156, 'context': 2, 'bonus_lists': [6655, 1695], 'modifiers': [{'type': 9, 'value': 30}, {'type': 28, 'value': 1065}]}"
1757952571,VERY_LONG,,1,261711700,,"{'id': 86187, 'context': 0}"
1757952600,VERY_LONG,,1,61602500,,"{'id': 13055, 'context': 54, 'bonus_lists': [4273], 'modifiers': [{'type': 9, 'value': 50}]}"
1757952615,VERY_LONG,,1,177408800,,"{'id': 4090, 'context': 53, 'bonus_lists': [4273], 'modifiers': [{'type': 9, 'value': 50}]}"
1757952637,VERY_LONG,,1,246815700,,"{'id': 24813, 'context': 1, 'bonus_lists': [6654, 1708], 'modifiers': [{'type': 9, 'value': 30}, {'type': 28, 'value': 220}]}"
1757952647,VERY_LONG,,1,142476200,,"{'id': 24814, 'context': 36, 'bonus_lists': [1705, 3850], 'modifiers': [{'type': 9, 'value': 50}]}"
1757953460,VERY_LONG,,1,98229700,,"{'id': 36389, 'context': 0, 'bonus_lists': [1706]}"
1757953469,VERY_LONG,,1,33330000,,"{'id': 21853, 'context': 0}"
1757953496,VERY_LONG,,1,42003600,,"{'id': 14656, 'context': 1, 'bonus_lists': [6654], 'modifiers': [{'type': 9, 'value': 30}, {'type': 28, 'value': 209}]}"
1757933981,LONG,,1,166331600,,"{'id': 164470, 'context': 11}"
1758190709,VERY_LONG,,1,6500000,,"{'id': 184479, 'context': 0}"
1758190748,VERY_LONG,,1,6500000,,"{'id': 184479, 'context': 0}"
1758190740,VERY_LONG,,1,6500000,,"{'id': 184479, 'context': 0}"
1758190665,VERY_LONG,,1,9400000,,"{'id': 114821, 'context': 0}"
1758191095,VERY_LONG,,1,30000,,"{'id': 127748, 'context': 31}"
1758190730,VERY_LONG,,1,6500000,,"{'id': 184479, 'context': 0}"
1758190705,VERY_LONG,,1,6500000,,"{'id': 184479, 'context': 0}"
1758190737,VERY_LONG,,1,6500000,,"{'id': 184479, 'context': 0}"
1757993829,VERY_LONG,,1,5556500,,"{'id': 183971, 'context': 9, 'bonus_lists': [6908, 6652, 1709], 'modifiers': [{'type': 9, 'value': 60}, {'type': 28, 'value': 1707}]}"
1757993843,VERY_LONG,,1,5000000,,"{'id': 177808, 'context': 9, 'bonus_lists': [6908, 6652, 1713], 'modifiers': [{'type': 9, 'value': 60}, {'type': 28, 'value': 746}]}"
1757660007,LONG,,1,10955400,,"{'id': 89367, 'context': 0}"
1758129476,VERY_LONG,,1,4945300,,"{'id': 82800, 'context': 0, 'modifiers': [{'type': 6, 'value': 95584}], 'pet_breed_id': 9, 'pet_level': 1, 'pet_quality_id': 2, 'pet_species_id': 2942}"
1758129502,VERY_LONG,,1,28433300,,"{'id': 82800, 'context': 0, 'modifiers': [{'type': 6, 'value': 36902}], 'pet_breed_id': 3, 'pet_level': 1, 'pet_quality_id': 3, 'pet_species_id': 267}"
1758129563,VERY_LONG,,1,76209900,,"{'id': 82800, 'context': 0, 'pet_breed_id': 18, 'pet_level': 1, 'pet_quality_id': 2, 'pet_species_id': 1596}"
1757659989,LONG,,1,8645400,,"{'id': 89368, 'context': 0}"
1758129549,VERY_LONG,,1,3327100,,"{'id': 82800, 'context': 0, 'modifiers': [{'type': 6, 'value': 28084}], 'pet_breed_id': 8, 'pet_level': 1, 'pet_quality_id': 2, 'pet_species_id': 197}"
1758129612,VERY_LONG,,1,264700,,"{'id': 82800, 'context': 0, 'modifiers': [{'type': 6, 'value': 15663}], 'pet_breed_id': 13, 'pet_level': 1, 'pet_quality_id': 2, 'pet_species_id': 120}"
1758129697,VERY_LONG,,1,272700,,"{'id': 82800, 'context': 0, 'modifiers': [{'type': 6, 'value': 13610}], 'pet_breed_id': 3, 'pet_level': 1, 'pet_quality_id': 2, 'pet_species_id': 117}"
1758129450,VERY_LONG,,1,539100,,"{'id': 82800, 'context': 0, 'modifiers': [{'type': 6, 'value': 2177}], 'pet_breed_id': 16, 'pet_level': 4, 'pet_quality_id': 2, 'pet_species_id': 55}"
1758129512,VERY_LONG,,1,24054100,,"{'id': 82800, 'context': 0, 'modifiers': [{'type': 6, 'value': 74513}], 'pet_breed_id': 7, 'pet_level': 6, 'pet_quality_id': 3, 'pet_species_id': 2001}"
1758129535,VERY_LONG,,1,24054100,,"{'id': 82800, 'context': 0, 'pet_breed_id': 22, 'pet_level': 1, 'pet_quality_id': 3, 'pet_species_id': 2001}"
1758129600,VERY_LONG,,1,8517200,,"{'id': 82800, 'context': 0, 'modifiers': [{'type': 6, 'value': 48091}], 'pet_breed_id': 10, 'pet_level': 1, 'pet_quality_id': 3, 'pet_species_id': 1201}"
1758129700,VERY_LONG,,1,78809900,,"{'id': 67274, 'context': 0}"
1758129705,VERY_LONG,,1,78809900,,"{'id': 67274, 'context': 0}"
1758129947,VERY_LONG,,1,20087100,19000000,"{'id': 82800, 'context': 0, 'modifiers': [{'type': 6, 'value': 99917}], 'pet_breed_id': 15, 'pet_level': 1, 'pet_quality_id': 2, 'pet_species_id': 3008}"
1757659935,LONG,,1,264700,,"{'id': 82800, 'context': 0, 'modifiers': [{'type': 6, 'value': 15663}], 'pet_breed_id': 13, 'pet_level': 1, 'pet_quality_id': 2, 'pet_species_id': 120}"
1758129456,VERY_LONG,,1,24497600,,"{'id': 82800, 'context': 0, 'modifiers': [{'type': 6, 'value': 98457}], 'pet_breed_id': 11, 'pet_level': 1, 'pet_quality_id': 3, 'pet_species_id': 3020}"
1758127669,VERY_LONG,,1,24054100,,"{'id': 82800, 'context': 0, 'pet_breed_id': 22, 'pet_level': 1, 'pet_quality_id': 3, 'pet_species_id': 2001}"
1758129481,VERY_LONG,,1,85965200,,"{'id': 82800, 'context': 0, 'modifiers': [{'type': 6, 'value': 99894}], 'pet_breed_id': 18, 'pet_level': 1, 'pet_quality_id': 2, 'pet_species_id': 2928}"
1758129582,VERY_LONG,,1,59447600,,"{'id': 82800, 'context': 0, 'modifiers': [{'type': 6, 'value': 57803}], 'pet_breed_id': 17, 'pet_level': 1, 'pet_quality_id': 3, 'pet_species_id': 1428}"
1758129552,VERY_LONG,,1,11748300,,"{'id': 82800, 'context': 0, 'modifiers': [{'type': 6, 'value': 73699}], 'pet_breed_id': 10, 'pet_level': 1, 'pet_quality_id': 3, 'pet_species_id': 1964}"
1758129687,VERY_LONG,,1,146500400,,"{'id': 82800, 'context': 0, 'pet_breed_id': 19, 'pet_level': 1, 'pet_quality_id': 3, 'pet_species_id': 1196}"
1758129703,VERY_LONG,,1,78809900,,"{'id': 67274, 'context': 0}"
1757660013,LONG,,1,10955400,,"{'id': 89367, 'context': 0}"
1758129521,VERY_LONG,,1,24054100,,"{'id': 82800, 'context': 0, 'pet_breed_id': 7, 'pet_level': 25, 'pet_quality_id': 3, 'pet_species_id': 2001}"
1758129573,VERY_LONG,,1,8014500,,"{'id': 82800, 'context': 0, 'pet_breed_id': 15, 'pet_level': 1, 'pet_quality_id': 3, 'pet_species_id': 1566}"
1758129489,VERY_LONG,,1,970300,,"{'id': 82800, 'context': 0, 'modifiers': [{'type': 6, 'value': 99883}], 'pet_breed_id': 18, 'pet_level': 1, 'pet_quality_id': 2, 'pet_species_id': 2922}"
1758129692,VERY_LONG,,1,5000,,"{'id': 82800, 'context': 0, 'modifiers': [{'type': 6, 'value': 15904}], 'pet_breed_id': 3, 'pet_level': 1, 'pet_quality_id': 2, 'pet_species_id': 118}"
1758127457,VERY_LONG,,1,1980000,,"{'id': 82800, 'context': 0, 'modifiers': [{'type': 6, 'value': 46923}], 'pet_breed_id': 8, 'pet_level': 1, 'pet_quality_id': 3, 'pet_species_id': 1149}"
1758129591,VERY_LONG,,1,5940000,,"{'id': 82800, 'context': 0, 'modifiers': [{'type': 6, 'value': 4626}], 'pet_breed_id': 15, 'pet_level': 1, 'pet_quality_id': 2, 'pet_species_id': 137}"
1757659987,LONG,,1,8645400,,"{'id': 89368, 'context': 0}"
1757659993,LONG,,1,8645400,,"{'id': 89368, 'context': 0}"
1758129470,VERY_LONG,,1,4700700,,"{'id': 82800, 'context': 0, 'modifiers': [{'type': 6, 'value': 99856}], 'pet_breed_id': 7, 'pet_level': 1, 'pet_quality_id': 2, 'pet_species_id': 2946}"
1758129542,VERY_LONG,,1,19839700,,"{'id': 82800, 'context': 0, 'pet_breed_id': 11, 'pet_level': 1, 'pet_quality_id': 3, 'pet_species_id': 198}"
1758127766,VERY_LONG,,1,5000,,"{'id': 82800, 'context': 0, 'modifiers': [{'type': 6, 'value': 15904}], 'pet_breed_id': 3, 'pet_level': 1, 'pet_quality_id': 2, 'pet_species_id': 118}"
1758129567,VERY_LONG,,1,33796000,,"{'id': 82800, 'context': 0, 'modifiers': [{'type': 6, 'value': 60617}], 'pet_breed_id': 18, 'pet_level': 1, 'pet_quality_id': 3, 'pet_species_id': 1570}"
1757659788,LONG,,1,78952500,,"{'id': 82800, 'context': 0, 'modifiers': [{'type': 6, 'value': 99874}], 'pet_breed_id': 7, 'pet_level': 1, 'pet_quality_id': 2, 'pet_species_id': 2897}"
1758129463,VERY_LONG,,1,20087100,,"{'id': 82800, 'context': 0, 'modifiers': [{'type': 6, 'value': 99917}], 'pet_breed_id': 15, 'pet_level': 1, 'pet_quality_id': 2, 'pet_species_id': 3008}"
1758129558,VERY_LONG,,1,29574500,,"{'id': 82800, 'context': 0, 'modifiers': [{'type': 6, 'value': 22855}], 'pet_breed_id': 16, 'pet_level': 4, 'pet_quality_id': 3, 'pet_species_id': 167}"
1758129494,VERY_LONG,,1,7000,,"{'id': 82800, 'context': 0, 'modifiers': [{'type': 6, 'value': 99018}], 'pet_breed_id': 7, 'pet_level': 1, 'pet_quality_id': 2, 'pet_species_id': 2798}"
1757660018,LONG,,1,10955400,,"{'id': 89367, 'context': 0}"
1758095700,VERY_LONG,,1,250003200,,"{'id': 171415, 'context': 66, 'bonus_lists': [6758, 7193, 1532]}"
1757547237,LONG,,1,67750000,,"{'id': 173245, 'context': 65, 'bonus_lists': [6718, 7193, 1522]}"
1757547151,LONG,,1,2900000,,"{'id': 82800, 'context': 0, 'modifiers': [{'type': 6, 'value': 94166}], 'pet_breed_id': 18, 'pet_level': 1, 'pet_quality_id': 3, 'pet_species_id': 2797}"
1757547192,LONG,,1,100000,,"{'id': 82800, 'context': 0, 'modifiers': [{'type': 6, 'value': 65091}], 'pet_breed_id': 8, 'pet_level': 1, 'pet_quality_id': 3, 'pet_species_id': 1907}"
1757547235,LONG,,1,67750000,,"{'id': 173245, 'context': 65, 'bonus_lists': [6718, 7193, 1522]}"
1757547149,LONG,,1,2900000,,"{'id': 82800, 'context': 0, 'modifiers': [{'type': 6, 'value': 94166}], 'pet_breed_id': 18, 'pet_level': 1, 'pet_quality_id': 3, 'pet_species_id': 2797}"
1757547172,LONG,,1,37280000,,"{'id': 82800, 'context': 0, 'modifiers': [{'type': 6, 'value': 16880}], 'pet_breed_id': 3, 'pet_level': 1, 'pet_quality_id': 3, 'pet_species_id': 2441}"
1758010989,VERY_LONG,,1,674100,,"{'id': 175561, 'context': 23, 'bonus_lists': [6907, 1716], 'modifiers': [{'type': 9, 'value': 60}, {'type': 28, 'value': 749}]}"
1758010967,VERY_LONG,,1,34044900,,"{'id': 176983, 'context': 2, 'bonus_lists': [6907, 6652, 1684], 'modifiers': [{'type': 9, 'value': 60}, {'type': 28, 'value': 748}]}"
1758010999,VERY_LONG,,1,806100,,"{'id': 175551, 'context': 0, 'bonus_lists': [6907, 1692], 'modifiers': [{'type': 9, 'value': 60}, {'type': 28, 'value': 1707}]}"
1758010911,VERY_LONG,,1,10009600,,"{'id': 177802, 'context': 0, 'bonus_lists': [6908, 6652, 1710], 'modifiers': [{'type': 9, 'value': 60}, {'type': 28, 'value': 746}]}"
1758010936,VERY_LONG,,1,4517400,,"{'id': 177781, 'context': 0, 'bonus_lists': [6907, 6652, 1685], 'modifiers': [{'type': 9, 'value': 60}, {'type': 28, 'value': 746}]}"
1757842139,LONG,,1,478159600,,"{'id': 183973, 'context': 0, 'bonus_lists': [6912], 'modifiers': [{'type': 9, 'value': 60}, {'type': 28, 'value': 746}]}"
1758026099,VERY_LONG,,1,4250000,,"{'id': 173138, 'context': 13, 'bonus_lists': [3346]}"
1757761267,LONG,,1,2294600,2156900,"{'id': 8501, 'context': 0}"
1757761248,LONG,,1,5500000,5170000,"{'id': 82800, 'context': 0, 'modifiers': [{'type': 6, 'value': 95171}], 'pet_breed_id': 4, 'pet_level': 1, 'pet_quality_id': 3, 'pet_species_id': 2842}"
1757761352,LONG,,1,7411900,6967200,"{'id': 82800, 'context': 0, 'modifiers': [{'type': 6, 'value': 94711}], 'pet_breed_id': 5, 'pet_level': 1, 'pet_quality_id': 3, 'pet_species_id': 2838}"
1757761389,LONG,,1,9817600,9228500,"{'id': 37857, 'context': 22}"
1757761396,LONG,,1,80690000,75848600,"{'id': 82800, 'context': 0, 'modifiers': [{'type': 6, 'value': 88761}], 'pet_breed_id': 15, 'pet_level': 1, 'pet_quality_id': 2, 'pet_species_id': 2712}"
1757761410,LONG,,1,67780000,63713200,"{'id': 82800, 'context': 0, 'modifiers': [{'type': 6, 'value': 9990}], 'pet_breed_id': 12, 'pet_level': 1, 'pet_quality_id': 2, 'pet_species_id': 46}"
1757761239,LONG,,1,7000000,6580000,"{'id': 82800, 'context': 0, 'modifiers': [{'type': 6, 'value': 5556}], 'pet_breed_id': 18, 'pet_level': 1, 'pet_quality_id': 2, 'pet_species_id': 40}"
1757761381,LONG,,1,2450000,2362500,"{'id': 82800, 'context': 0, 'modifiers': [{'type': 6, 'value': 94166}], 'pet_breed_id': 18, 'pet_level': 1, 'pet_quality_id': 3, 'pet_species_id': 2797}"
1757761244,LONG,,1,179900000,169106000,"{'id': 82800, 'context': 0, 'modifiers': [{'type': 6, 'value': 81099}], 'pet_breed_id': 7, 'pet_level': 1, 'pet_quality_id': 2, 'pet_species_id': 2427}"
1757761252,LONG,,1,3820000,3590800,"{'id': 82800, 'context': 0, 'modifiers': [{'type': 6, 'value': 19600}], 'pet_breed_id': 12, 'pet_level': 1, 'pet_quality_id': 2, 'pet_species_id': 136}"
1757761306,LONG,,1,10190000,9578600,"{'id': 82800, 'context': 0, 'modifiers': [{'type': 6, 'value': 59034}], 'pet_breed_id': 8, 'pet_level': 1, 'pet_quality_id': 2, 'pet_species_id': 1597}"
1757761284,LONG,,1,99900000,93906000,"{'id': 127705, 'context': 14}"
1757761320,LONG,,1,10190000,9578600,"{'id': 82800, 'context': 0, 'modifiers': [{'type': 6, 'value': 59034}], 'pet_breed_id': 18, 'pet_level': 1, 'pet_quality_id': 2, 'pet_species_id': 1597}"
1757761293,LONG,,1,325000000,305500000,"{'id': 82800, 'context': 0, 'modifiers': [{'type': 6, 'value': 83653}], 'pet_breed_id': 3, 'pet_level': 1, 'pet_quality_id': 2, 'pet_species_id': 2477}"
1757761234,LONG,,1,7780000,7313200,"{'id': 82800, 'context': 0, 'modifiers': [{'type': 6, 'value': 79797}], 'pet_breed_id': 4, 'pet_level': 1, 'pet_quality_id': 3, 'pet_species_id': 2119}"
1757761341,LONG,,1,50515400,47484500,"{'id': 82800, 'context': 0, 'modifiers': [{'type': 6, 'value': 71828}], 'pet_breed_id': 10, 'pet_level': 1, 'pet_quality_id': 3, 'pet_species_id': 1920}"
1757761275,LONG,,1,2294600,2156900,"{'id': 8501, 'context': 0}"
1757761332,LONG,,1,50515400,47484500,"{'id': 82800, 'context': 0, 'modifiers': [{'type': 6, 'value': 71828}], 'pet_breed_id': 10, 'pet_level': 1, 'pet_quality_id': 3, 'pet_species_id': 1920}"
1757761260,LONG,,1,2294600,2156900,"{'id': 8501, 'context': 0}"
1757761271,LONG,,1,2294600,2156900,"{'id': 8501, 'context': 0}"
1757761450,LONG,,1,80990000,76130600,"{'id': 82800, 'context': 0, 'modifiers': [{'type': 6, 'value': 68861}], 'pet_breed_id': 15, 'pet_level': 1, 'pet_quality_id': 3, 'pet_species_id': 2050}"
1757761313,LONG,,1,10190000,9578600,"{'id': 82800, 'context': 0, 'modifiers': [{'type': 6, 'value': 59034}], 'pet_breed_id': 18, 'pet_level': 1, 'pet_quality_id': 2, 'pet_species_id': 1597}"
1757761402,LONG,,1,80690000,75848600,"{'id': 82800, 'context': 0, 'modifiers': [{'type': 6, 'value': 88761}], 'pet_breed_id': 5, 'pet_level': 1, 'pet_quality_id': 2, 'pet_species_id': 2712}"
1757761420,LONG,,1,21490000,20200600,"{'id': 82800, 'context': 0, 'modifiers': [{'type': 6, 'value': 48857}], 'pet_breed_id': 6, 'pet_level': 1, 'pet_quality_id': 3, 'pet_species_id': 1227}"
1757761256,LONG,,1,3459900,3252300,"{'id': 29363, 'context': 0}"
1757761370,LONG,,1,3212000,3019300,"{'id': 29903, 'context': 0}"
1757761301,LONG,,1,10190000,9578600,"{'id': 82800, 'context': 0, 'modifiers': [{'type': 6, 'value': 59034}], 'pet_breed_id': 8, 'pet_level': 1, 'pet_quality_id': 2, 'pet_species_id': 1597}"
1757761231,LONG,,1,380900,358000,"{'id': 21301, 'context': 0}"
1757761289,LONG,,1,3550000,3337000,"{'id': 82800, 'context': 0, 'modifiers': [{'type': 6, 'value': 19987}], 'pet_breed_id': 12, 'pet_level': 1, 'pet_quality_id': 2, 'pet_species_id': 138}"
1757761326,LONG,,1,31500000,29610000,"{'id': 82800, 'context': 0, 'modifiers': [{'type': 6, 'value': 87862}], 'pet_breed_id': 19, 'pet_level': 1, 'pet_quality_id': 3, 'pet_species_id': 2432}"
1757761447,LONG,,1,9804900,9216600,"{'id': 82800, 'context': 0, 'modifiers': [{'type': 6, 'value': 61548}], 'pet_breed_id': 5, 'pet_level': 1, 'pet_quality_id': 2, 'pet_species_id': 1538}"
1757761429,LONG,,1,990000,983000,"{'id': 11023, 'context': 0}"
1757761406,LONG,,1,80690000,75848600,"{'id': 82800, 'context': 0, 'modifiers': [{'type': 6, 'value': 88761}], 'pet_breed_id': 15, 'pet_level': 1, 'pet_quality_id': 2, 'pet_species_id': 2712}"
1757761443,LONG,,1,6640000,6241600,"{'id': 82800, 'context': 0, 'modifiers': [{'type': 6, 'value': 65130}], 'pet_breed_id': 21, 'pet_level': 1, 'pet_quality_id': 2, 'pet_species_id': 1727}"
1757761435,LONG,,1,990000,983000,"{'id': 11023, 'context': 0}"
1757761439,LONG,,1,3514700,3303800,"{'id': 44822, 'context': 0}"
1757888284,LONG,,1,10000,,"{'id': 9788, 'context': 0, 'bonus_lists': [6654, 1705], 'modifiers': [{'type': 9, 'value': 30}, {'type': 28, 'value': 10}]}"
1758069397,VERY_LONG,,1,9135700,,"{'id': 60202, 'context': 0}"
1757708107,LONG,,1,27990300,,"{'id': 141285, 'context': 0, 'bonus_lists': [6654], 'modifiers': [{'type': 9, 'value': 30}, {'type': 28, 'value': 1705}]}"
1757708919,LONG,,1,17998900,,"{'id': 121124, 'context': 0, 'bonus_lists': [6654, 603], 'modifiers': [{'type': 9, 'value': 50}, {'type': 28, 'value': 1705}]}"
1757991779,VERY_LONG,,1,54200,,"{'id': 3609, 'context': 0}"
1757991784,VERY_LONG,,1,8210400,,"{'id': 176795, 'context': 0, 'bonus_lists': [6908, 6652, 1717], 'modifiers': [{'type': 9, 'value': 60}, {'type': 28, 'value': 1707}]}"
1757991863,VERY_LONG,,1,23315700,,"{'id': 176769, 'context': 0, 'bonus_lists': [6907, 6652, 1712], 'modifiers': [{'type': 9, 'value': 60}, {'type': 28, 'value': 1707}]}"
1757991975,VERY_LONG,,1,52660100,,"{'id': 176974, 'context': 0, 'bonus_lists': [6907, 43, 7193, 1695], 'modifiers': [{'type': 9, 'value': 60}, {'type': 28, 'value': 1707}]}"
1757992054,VERY_LONG,,1,8953400,,"{'id': 176794, 'context': 9, 'bonus_lists': [6908, 6652, 1683], 'modifiers': [{'type': 9, 'value': 60}, {'type': 28, 'value': 1707}]}"
1757991911,VERY_LONG,,1,2504900,,"{'id': 17706, 'context': 0}"
1757991926,VERY_LONG,,1,3859800,,"{'id': 27684, 'context': 0}"
1757991945,VERY_LONG,,1,30992800,,"{'id': 176781, 'context': 0, 'bonus_lists': [6907, 6652, 1715], 'modifiers': [{'type': 9, 'value': 60}, {'type': 28, 'value': 1707}]}"
1757992100,VERY_LONG,,1,2291984900,,"{'id': 78308, 'context': 14}"
1757993115,VERY_LONG,,1,5000000,,"{'id': 176803, 'context': 2, 'bonus_lists': [6908, 6652, 1683], 'modifiers': [{'type': 9, 'value': 60}, {'type': 28, 'value': 748}]}"
1758069044,VERY_LONG,,1,18844600,,"{'id': 182560, 'context': 0, 'bonus_lists': [6907, 6652, 1688], 'modifiers': [{'type': 9, 'value': 60}, {'type': 28, 'value': 1707}]}"
1757991877,VERY_LONG,,1,1947141300,,"{'id': 78325, 'context': 14}"
1757991892,VERY_LONG,,1,524600,,"{'id': 2553, 'context': 0}"
1757991907,VERY_LONG,,1,8733400,,"{'id': 180795, 'context': 0, 'bonus_lists': [6908, 6652, 1705], 'modifiers': [{'type': 9, 'value': 60}, {'type': 28, 'value': 2060}]}"
1757991989,VERY_LONG,,1,4205900,,"{'id': 175571, 'context': 0, 'bonus_lists': [6907, 1683], 'modifiers': [{'type': 9, 'value': 60}, {'type': 28, 'value': 1707}]}"
1757993202,VERY_LONG,,1,343246400,,"{'id': 3735, 'context': 0}"
1757991995,VERY_LONG,,1,44380200,,"{'id': 177794, 'context': 0, 'bonus_lists': [6907, 6652, 7193, 1679], 'modifiers': [{'type': 9, 'value': 59}, {'type': 28, 'value': 1427}]}"
1757992084,VERY_LONG,,1,11500200,,"{'id': 10302, 'context': 0}"
1757993149,VERY_LONG,,1,5000000,,"{'id': 177776, 'context': 2, 'bonus_lists': [6907, 6652, 7193, 1685], 'modifiers': [{'type': 9, 'value': 60}, {'type': 28, 'value': 748}]}"
1757991858,VERY_LONG,,1,18563600,,"{'id': 4409, 'context': 0}"
1757991831,VERY_LONG,,1,27883500,,"{'id': 176785, 'context': 0, 'bonus_lists': [6907, 6652, 7193, 1717], 'modifiers': [{'type': 9, 'value': 60}, {'type': 28, 'value': 1707}]}"
1757993103,VERY_LONG,,1,15335400,,"{'id': 177809, 'context': 0, 'bonus_lists': [6908, 6652, 1685], 'modifiers': [{'type': 9, 'value': 59}, {'type': 28, 'value': 746}]}"
1757993142,VERY_LONG,,1,22900200,,"{'id': 176975, 'context': 0, 'bonus_lists': [6907, 6652, 7193, 1703], 'modifiers': [{'type': 9, 'value': 60}, {'type': 28, 'value': 1707}]}"
1757993106,VERY_LONG,,1,102545900,,"{'id': 30744, 'context': 0}"
1757993151,VERY_LONG,,1,42051500,,"{'id': 176778, 'context': 0, 'bonus_lists': [6907, 6652, 1680], 'modifiers': [{'type': 9, 'value': 60}, {'type': 28, 'value': 1707}]}"
1757993129,VERY_LONG,,1,8409200,,"{'id': 178944, 'context': 0, 'bonus_lists': [6908, 6652, 1687], 'modifiers': [{'type': 9, 'value': 60}, {'type': 28, 'value': 1707}]}"
1757993158,VERY_LONG,,1,32295400,,"{'id': 176767, 'context': 0, 'bonus_lists': [6907, 6652, 1693], 'modifiers': [{'type': 9, 'value': 60}, {'type': 28, 'value': 1707}]}"
1757991852,VERY_LONG,,1,4444400,,"{'id': 177810, 'context': 1, 'bonus_lists': [6908, 6652, 1709], 'modifiers': [{'type': 9, 'value': 60}, {'type': 28, 'value': 2044}]}"
1757991837,VERY_LONG,,1,2144894500,,"{'id': 78313, 'context': 14}"
1757991937,VERY_LONG,,1,27712100,,"{'id': 176781, 'context': 0, 'bonus_lists': [6907, 6652, 1701], 'modifiers': [{'type': 9, 'value': 60}, {'type': 28, 'value': 1707}]}"
1757992046,VERY_LONG,,1,57066200,,"{'id': 179323, 'context': 17, 'bonus_lists': [6908, 6652, 1701], 'modifiers': [{'type': 9, 'value': 55}, {'type': 28, 'value': 747}]}"
1757991842,VERY_LONG,,1,34044900,,"{'id': 176983, 'context': 0, 'bonus_lists': [6907, 6652, 1701], 'modifiers': [{'type': 9, 'value': 60}, {'type': 28, 'value': 1707}]}"
1757991899,VERY_LONG,,1,299305100,,"{'id': 22521, 'context': 0}"
1757993189,VERY_LONG,,1,68108500,,"{'id': 177802, 'context': 0, 'bonus_lists': [6908, 6652, 1684], 'modifiers': [{'type': 9, 'value': 54}, {'type': 28, 'value': 1707}]}"
1757991867,VERY_LONG,,1,54783000,,"{'id': 177781, 'context': 17, 'bonus_lists': [6907, 6652, 1690], 'modifiers': [{'type': 9, 'value': 56}, {'type': 28, 'value': 747}]}"
1757992002,VERY_LONG,,1,21197800,,"{'id': 176793, 'context': 0, 'bonus_lists': [6908, 6652, 1683], 'modifiers': [{'type': 9, 'value': 60}, {'type': 28, 'value': 2060}]}"
1757992095,VERY_LONG,,1,2912200,,"{'id': 178947, 'context': 1, 'bonus_lists': [6908, 6652, 1711], 'modifiers': [{'type': 9, 'value': 60}, {'type': 28, 'value': 2044}]}"
1757991979,VERY_LONG,,1,25212400,,"{'id': 176968, 'context': 0, 'bonus_lists': [6907, 6652, 1705], 'modifiers': [{'type': 9, 'value': 60}, {'type': 28, 'value': 1707}]}"
1757992029,VERY_LONG,,1,185725600,,"{'id': 176962, 'context': 0, 'bonus_lists': [6907, 40, 1676], 'modifiers': [{'type': 9, 'value': 60}, {'type': 28, 'value': 2060}]}"
1757991965,VERY_LONG,,1,1135200,,"{'id': 176798, 'context': 0, 'bonus_lists': [6908, 6652, 1702], 'modifiers': [{'type': 9, 'value': 60}, {'type': 28, 'value': 1707}]}"
1757608309,LONG,,1,4004100,,"{'id': 43657, 'context': 0}"
1757608410,LONG,,1,77779300,,"{'id': 34827, 'context': 1, 'modifiers': [{'type': 28, 'value': 301}]}"
1757608687,LONG,,1,8886800,,"{'id': 42101, 'context': 0}"
1757608271,LONG,,1,5550000,,"{'id': 44446, 'context': 0}"
1757608274,LONG,,1,5550000,,"{'id': 44446, 'context': 0}"
1757608596,LONG,,1,3337400,,"{'id': 116164, 'context': 13, 'bonus_lists': [64]}"
1757608704,LONG,,1,5553800,,"{'id': 42103, 'context': 0}"
1757608741,LONG,,1,5004600,,"{'id': 85820, 'context': 0}"
1757645592,LONG,,1,11117200,,"{'id': 37744, 'context': 2, 'bonus_lists': [6658], 'modifiers': [{'type': 9, 'value': 30}, {'type': 28, 'value': 1094}]}"
1757608195,LONG,,1,8885100,,"{'id': 93556, 'context': 0}"
1757608764,LONG,,1,15552100,,"{'id': 43566, 'context': 0}"
1757648489,LONG,,1,8880600,,"{'id': 116167, 'context': 13, 'bonus_lists': [70]}"
1757608729,LONG,,1,100006600,,"{'id': 164693, 'context': 13, 'bonus_lists': [1702, 5804]}"
1757608172,LONG,,1,22226000,,"{'id': 8200, 'context': 0}"
1757608268,LONG,,1,5550000,,"{'id': 44446, 'context': 0}"
1757608450,LONG,,1,5002600,,"{'id': 43666, 'context': 0}"
1757645547,LONG,,1,22225100,,"{'id': 169399, 'context': 0, 'bonus_lists': [6654, 1679], 'modifiers': [{'type': 9, 'value': 60}]}"
1757627986,LONG,,1,8882400,,"{'id': 43667, 'context': 0}"
1757692030,LONG,,1,88885400,,"{'id': 164696, 'context': 13, 'bonus_lists': [1677]}"
1757608386,LONG,,1,88885400,,"{'id': 34828, 'context': 1, 'modifiers': [{'type': 28, 'value': 301}]}"
1757854705,LONG,,1,49999900,,"{'id': 67151, 'context': 0, 'modifiers': [{'type': 28, 'value': 53}]}"
1757854711,LONG,,1,49999900,,"{'id': 67151, 'context': 0, 'modifiers': [{'type': 28, 'value': 53}]}"
1758136472,VERY_LONG,,1,10000000,,"{'id': 116794, 'context': 0, 'modifiers': [{'type': 28, 'value': 64}]}"
1757854707,LONG,,1,49999900,,"{'id': 67151, 'context': 0, 'modifiers': [{'type': 28, 'value': 53}]}"
1757854704,LONG,,1,49999900,,"{'id': 67151, 'context': 0, 'modifiers': [{'type': 28, 'value': 53}]}"
1757878489,LONG,,1,44999900,,"{'id': 67151, 'context': 0, 'modifiers': [{'type': 28, 'value': 53}]}"
1758136449,VERY_LONG,,1,44999900,,"{'id': 67151, 'context': 0, 'modifiers': [{'type': 28, 'value': 53}]}"
1758136465,VERY_LONG,,1,10000000,,"{'id': 116794, 'context': 0, 'modifiers': [{'type': 28, 'value': 64}]}"
1757878493,LONG,,1,44999900,,"{'id': 67151, 'context': 0, 'modifiers': [{'type': 28, 'value': 53}]}"
1757854703,LONG,,1,49999900,,"{'id': 67151, 'context': 0, 'modifiers': [{'type': 28, 'value': 53}]}"
1757878491,LONG,,1,44999900,,"{'id': 67151, 'context': 0, 'modifiers': [{'type': 28, 'value': 53}]}"
1758136469,VERY_LONG,,1,10000000,,"{'id': 116794, 'context': 0, 'modifiers': [{'type': 28, 'value': 64}]}"
1758136457,VERY_LONG,,1,10000000,,"{'id': 116794, 'context': 0, 'modifiers': [{'type': 28, 'value': 64}]}"
1758136460,VERY_LONG,,1,10000000,,"{'id': 116794, 'context': 0, 'modifiers': [{'type': 28, 'value': 64}]}"
1757759829,LONG,,1,5000000,,"{'id': 82800, 'context': 0, 'modifiers': [{'type': 6, 'value': 90715}], 'pet_breed_id': 14, 'pet_level': 1, 'pet_quality_id': 3, 'pet_species_id': 2580}"
1757545774,LONG,,1,19996000,,"{'id': 167940, 'context': 13, 'bonus_lists': [1693]}"
1757545682,LONG,,1,19996000,,"{'id': 167940, 'context': 13, 'bonus_lists': [1699]}"
1757545691,LONG,,1,19996000,,"{'id': 167940, 'context': 13, 'bonus_lists': [1701]}"
1757545730,LONG,,1,19996000,,"{'id': 167940, 'context': 13, 'bonus_lists': [1705]}"
1757545770,LONG,,1,19996000,,"{'id': 167940, 'context': 13, 'bonus_lists': [1696]}"
1757545788,LONG,,1,19996000,,"{'id': 167940, 'context': 13, 'bonus_lists': [1676]}"
1757545686,LONG,,1,19996000,,"{'id': 167940, 'context': 13, 'bonus_lists': [1699]}"
1757545748,LONG,,1,19996000,,"{'id': 167940, 'context': 13, 'bonus_lists': [1716]}"
1757545726,LONG,,1,19996000,,"{'id': 167940, 'context': 13, 'bonus_lists': [1707]}"
1757545694,LONG,,1,19996000,,"{'id': 167940, 'context': 13, 'bonus_lists': [1698]}"
1757545793,LONG,,1,19996000,,"{'id': 167940, 'context': 13, 'bonus_lists': [1679]}"
1757545728,LONG,,1,19996000,,"{'id': 167940, 'context': 13, 'bonus_lists': [1704]}"
1757545723,LONG,,1,19996000,,"{'id': 167940, 'context': 13, 'bonus_lists': [1706]}"
1757545773,LONG,,1,19996000,,"{'id': 167940, 'context': 13, 'bonus_lists': [1692]}"
1757545779,LONG,,1,19996000,,"{'id': 167940, 'context': 13, 'bonus_lists': [1689]}"
1757545790,LONG,,1,19996000,,"{'id': 167940, 'context': 13, 'bonus_lists': [1678]}"
1757545721,LONG,,1,19996000,,"{'id': 167940, 'context': 13, 'bonus_lists': [1710]}"
1757545745,LONG,,1,19996000,,"{'id': 167940, 'context': 13, 'bonus_lists': [1714]}"
1757576826,LONG,,1,14550000,,"{'id': 82800, 'context': 0, 'modifiers': [{'type': 6, 'value': 88036}], 'pet_breed_id': 6, 'pet_level': 1, 'pet_quality_id': 3, 'pet_species_id': 2458}"
1757576865,LONG,,1,7500000,,"{'id': 82800, 'context': 0, 'modifiers': [{'type': 6, 'value': 90181}], 'pet_breed_id': 17, 'pet_level': 1, 'pet_quality_id': 3, 'pet_species_id': 2557}"
1757576888,LONG,,1,1500000,,"{'id': 82800, 'context': 0, 'modifiers': [{'type': 6, 'value': 88060}], 'pet_breed_id': 6, 'pet_level': 1, 'pet_quality_id': 3, 'pet_species_id': 2468}"
1757576877,LONG,,1,550000,,"{'id': 82800, 'context': 0, 'modifiers': [{'type': 6, 'value': 81098}], 'pet_breed_id': 6, 'pet_level': 1, 'pet_quality_id': 3, 'pet_species_id': 2472}"
1757950860,VERY_LONG,,1,10001900,,"{'id': 36188, 'context': 29, 'bonus_lists': [1694, 3849], 'modifiers': [{'type': 9, 'value': 27}]}"
1757950922,VERY_LONG,,1,7008700,,"{'id': 81982, 'context': 26, 'bonus_lists': [1681, 4309], 'modifiers': [{'type': 9, 'value': 30}]}"
1757948610,VERY_LONG,,1,562600,,"{'id': 86279, 'context': 0, 'modifiers': [{'type': 28, 'value': 1032}]}"
1757950498,VERY_LONG,,1,50003800,,"{'id': 6406, 'context': 0}"
1757950424,VERY_LONG,,1,25009400,,"{'id': 24710, 'context': 28, 'bonus_lists': [1706, 3840], 'modifiers': [{'type': 9, 'value': 27}]}"
1757952140,VERY_LONG,,1,89000000,,"{'id': 164266, 'context': 11}"
1757950736,VERY_LONG,,1,2995300,,"{'id': 36065, 'context': 0, 'bonus_lists': [1706]}"
1757952430,VERY_LONG,,1,4960000,,"{'id': 8389, 'context': 0}"
1757953165,VERY_LONG,,1,45000000,,"{'id': 82800, 'context': 0, 'modifiers': [{'type': 6, 'value': 90173}], 'pet_breed_id': 11, 'pet_level': 1, 'pet_quality_id': 3, 'pet_species_id': 2552}"
1757950336,VERY_LONG,,1,35500000,,"{'id': 1265, 'context': 43, 'bonus_lists': [4272], 'modifiers': [{'type': 9, 'value': 24}]}"
1757953014,VERY_LONG,,1,13509900,,"{'id': 82800, 'context': 0, 'modifiers': [{'type': 6, 'value': 47859}], 'pet_breed_id': 12, 'pet_level': 1, 'pet_quality_id': 3, 'pet_species_id': 2582}"
1757950148,VERY_LONG,,1,600002500,,"{'id': 164449, 'context': 31, 'modifiers': [{'type': 28, 'value': 464}]}"
1757950972,VERY_LONG,,1,1102600,,"{'id': 86381, 'context': 0, 'modifiers': [{'type': 28, 'value': 1032}]}"
1757950580,VERY_LONG,,1,20000600,,"{'id': 82033, 'context': 27, 'bonus_lists': [1714, 4306], 'modifiers': [{'type': 9, 'value': 31}]}"
1757952648,VERY_LONG,,1,802000,,"{'id': 36210, 'context': 30, 'bonus_lists': [1692, 3850], 'modifiers': [{'type': 9, 'value': 29}]}"
1757953138,VERY_LONG,,1,5000000,,"{'id': 82800, 'context': 0, 'modifiers': [{'type': 6, 'value': 88008}], 'pet_breed_id': 14, 'pet_level': 1, 'pet_quality_id': 3, 'pet_species_id': 2454}"
1757953192,VERY_LONG,,1,7000,,"{'id': 82800, 'context': 0, 'modifiers': [{'type': 6, 'value': 99018}], 'pet_breed_id': 7, 'pet_level': 1, 'pet_quality_id': 2, 'pet_species_id': 2798}"
1757950235,VERY_LONG,,1,180008000,,"{'id': 164303, 'context': 11}"
1757953118,VERY_LONG,,1,7500000,,"{'id': 82800, 'context': 0, 'modifiers': [{'type': 6, 'value': 90181}], 'pet_breed_id': 17, 'pet_level': 1, 'pet_quality_id': 3, 'pet_species_id': 2557}"
1757952189,VERY_LONG,,1,14000700,,"{'id': 154843, 'context': 0, 'bonus_lists': [4796, 1709], 'modifiers': [{'type': 9, 'value': 50}]}"
1757950448,VERY_LONG,,1,11720700,,"{'id': 7364, 'context': 0}"
1757949024,VERY_LONG,,1,7502100,,"{'id': 116537, 'context': 28, 'bonus_lists': [3875, 46], 'modifiers': [{'type': 9, 'value': 38}]}"
1757952396,VERY_LONG,,1,4506100,,"{'id': 169403, 'context': 0, 'bonus_lists': [4796, 1689], 'modifiers': [{'type': 9, 'value': 50}]}"
1757948474,VERY_LONG,,1,289000000,,"{'id': 172322, 'context': 65, 'bonus_lists': [6718, 1522]}"
1757950683,VERY_LONG,,1,5004900,,"{'id': 82239, 'context': 0, 'bonus_lists': [1702]}"
1757916031,LONG,,1,35000000,,"{'id': 172259, 'context': 13, 'bonus_lists': [6893, 7185], 'modifiers': [{'type': 9, 'value': 60}, {'type': 28, 'value': 391}, {'type': 29, 'value': 40}, {'type': 30, 'value': 36}]}"
1757916025,LONG,,1,35000000,,"{'id': 172259, 'context': 13, 'bonus_lists': [6893, 7185], 'modifiers': [{'type': 9, 'value': 60}, {'type': 28, 'value': 391}, {'type': 29, 'value': 49}, {'type': 30, 'value': 40}]}"
1757915566,LONG,,1,527000000,,"{'id': 172323, 'context': 66, 'bonus_lists': [6758, 1532]}"
1757915726,LONG,,1,1450000000,,"{'id': 172322, 'context': 66, 'bonus_lists': [6758, 1532]}"
1757915923,LONG,,1,289000000,,"{'id': 172322, 'context': 65, 'bonus_lists': [6718, 1522]}"
1757925603,LONG,,1,299950000,,"{'id': 178926, 'context': 65, 'bonus_lists': [6718, 7193, 1522]}"
1757925583,LONG,,1,210001100,,"{'id': 172317, 'context': 64, 'bonus_lists': [6717, 7194, 1507]}"
1757946858,VERY_LONG,,1,500000000,,"{'id': 182978, 'context': 4, 'bonus_lists': [7186, 6652, 7194, 1459, 6646], 'modifiers': [{'type': 28, 'value': 750}]}"
1757946610,VERY_LONG,,1,6234400,,"{'id': 36373, 'context': 2, 'bonus_lists': [6654, 1677], 'modifiers': [{'type': 9, 'value': 30}, {'type': 28, 'value': 1087}]}"
1757946281,VERY_LONG,,1,30000000,,"{'id': 90494, 'context': 0, 'bonus_lists': [1706]}"
1757946832,VERY_LONG,,1,200000000,,"{'id': 22279, 'context': 0}"
1757947004,VERY_LONG,,1,2001900,,"{'id': 159186, 'context': 0, 'bonus_lists': [6654, 1694], 'modifiers': [{'type': 9, 'value': 50}, {'type': 28, 'value': 704}]}"
1757946184,VERY_LONG,,1,56223800,,"{'id': 94043, 'context': 0, 'bonus_lists': [1686], 'modifiers': [{'type': 28, 'value': 168}]}"
1757946227,VERY_LONG,,1,68720800,,"{'id': 90495, 'context': 0, 'bonus_lists': [1688]}"
1757946871,VERY_LONG,,1,573100,,"{'id': 177785, 'context': 23, 'bonus_lists': [6907, 6652, 1678], 'modifiers': [{'type': 9, 'value': 60}, {'type': 28, 'value': 749}]}"
1757946978,VERY_LONG,,1,10369000,,"{'id': 175568, 'context': 0, 'bonus_lists': [6907, 1680], 'modifiers': [{'type': 9, 'value': 60}, {'type': 28, 'value': 1707}]}"
1757946230,VERY_LONG,,1,68720800,,"{'id': 90495, 'context': 0, 'bonus_lists': [1688]}"
1757946206,VERY_LONG,,1,68720800,,"{'id': 90495, 'context': 0, 'bonus_lists': [1714]}"
1757946567,VERY_LONG,,1,7169200,,"{'id': 36374, 'context': 2, 'bonus_lists': [6654, 1679], 'modifiers': [{'type': 9, 'value': 30}, {'type': 28, 'value': 1087}]}"
1757947022,VERY_LONG,,1,50000000,,"{'id': 10506, 'context': 0}"
1757946797,VERY_LONG,,1,80000000,,"{'id': 24923, 'context': 0, 'bonus_lists': [6654, 1678], 'modifiers': [{'type': 9, 'value': 30}, {'type': 28, 'value': 37}]}"
1757948842,VERY_LONG,,1,1800000000,,"{'id': 50380, 'context': 0, 'modifiers': [{'type': 28, 'value': 1087}]}"
1757946202,VERY_LONG,,1,68720800,,"{'id': 90495, 'context': 0, 'bonus_lists': [1715]}"
1757946298,VERY_LONG,,1,30000000,,"{'id': 90494, 'context': 0, 'bonus_lists': [1702]}"
1757946487,VERY_LONG,,1,41161400,,"{'id': 37761, 'context': 2, 'bonus_lists': [6658], 'modifiers': [{'type': 9, 'value': 30}, {'type': 28, 'value': 1087}]}"
1757946642,VERY_LONG,,1,127311300,,"{'id': 3423, 'context': 14, 'modifiers': [{'type': 28, 'value': 829}]}"
1757946259,VERY_LONG,,1,68720800,,"{'id': 90495, 'context': 0, 'bonus_lists': [1694]}"
1757946956,VERY_LONG,,1,15022200,,"{'id': 176966, 'context': 0, 'bonus_lists': [6907, 6652, 1712], 'modifiers': [{'type': 9, 'value': 60}, {'type': 28, 'value': 1707}]}"
1757946531,VERY_LONG,,1,25444700,,"{'id': 36390, 'context': 2, 'bonus_lists': [6654, 1694], 'modifiers': [{'type': 9, 'value': 30}, {'type': 28, 'value': 1087}]}"
1757946910,VERY_LONG,,1,342200,,"{'id': 177779, 'context': 0, 'bonus_lists': [6907, 6652, 7193, 1700], 'modifiers': [{'type': 9, 'value': 60}, {'type': 28, 'value': 1707}]}"
1757946933,VERY_LONG,,1,6097000,,"{'id': 176987, 'context': 0, 'bonus_lists': [6907, 6652, 6935, 1699], 'modifiers': [{'type': 9, 'value': 60}, {'type': 28, 'value': 2060}]}"
1757692092,LONG,,1,899920000,,"{'id': 172319, 'context': 66, 'bonus_lists': [6758, 1532]}"
1757857810,LONG,,1,29500000,26900000,"{'id': 82800, 'context': 0, 'modifiers': [{'type': 6, 'value': 32790}], 'pet_breed_id': 13, 'pet_level': 1, 'pet_quality_id': 2, 'pet_species_id': 629}"
1757857845,LONG,,1,14290000,12146500,"{'id': 82800, 'context': 0, 'modifiers': [{'type': 6, 'value': 65113}], 'pet_breed_id': 20, 'pet_level': 1, 'pet_quality_id': 3, 'pet_species_id': 1717}"
1757857923,LONG,,1,48990900,41642300,"{'id': 82800, 'context': 0, 'modifiers': [{'type': 6, 'value': 31722}], 'pet_breed_id': 3, 'pet_level': 1, 'pet_quality_id': 3, 'pet_species_id': 253}"
1757857936,LONG,,1,20900000,17765000,"{'id': 82800, 'context': 0, 'modifiers': [{'type': 6, 'value': 29802}], 'pet_breed_id': 20, 'pet_level': 1, 'pet_quality_id': 2, 'pet_species_id': 235}"
1757858000,LONG,,1,2400000,2040000,"{'id': 82800, 'context': 0, 'modifiers': [{'type': 6, 'value': 73671}], 'pet_breed_id': 4, 'pet_level': 1, 'pet_quality_id': 3, 'pet_species_id': 1955}"
1757858035,LONG,,1,324150000,275527500,"{'id': 82800, 'context': 0, 'modifiers': [{'type': 6, 'value': 81079}], 'pet_breed_id': 11, 'pet_level': 1, 'pet_quality_id': 2, 'pet_species_id': 2405}"
1757859149,LONG,,1,79500000,67575000,"{'id': 82800, 'context': 0, 'modifiers': [{'type': 6, 'value': 23506}], 'pet_breed_id': 3, 'pet_level': 1, 'pet_quality_id': 3, 'pet_species_id': 174}"
1757859165,LONG,,1,337000000,286450000,"{'id': 82800, 'context': 0, 'modifiers': [{'type': 6, 'value': 99889}], 'pet_breed_id': 18, 'pet_level': 1, 'pet_quality_id': 2, 'pet_species_id': 2904}"
1757861106,LONG,,1,49232400,41847500,"{'id': 82800, 'context': 0, 'modifiers': [{'type': 6, 'value': 46810}], 'pet_breed_id': 3, 'pet_level': 1, 'pet_quality_id': 3, 'pet_species_id': 1125}"
1757861122,LONG,,1,38440000,32674000,"{'id': 82800, 'context': 0, 'modifiers': [{'type': 6, 'value': 57822}], 'pet_breed_id': 17, 'pet_level': 1, 'pet_quality_id': 3, 'pet_species_id': 1430}"
1757861127,LONG,,1,272000000,231200000,"{'id': 82800, 'context': 0, 'modifiers': [{'type': 6, 'value': 15436}], 'pet_breed_id': 12, 'pet_level': 1, 'pet_quality_id': 3, 'pet_species_id': 114}"
1757861136,LONG,,1,4748100,4035900,"{'id': 82800, 'context': 0, 'modifiers': [{'type': 6, 'value': 99856}], 'pet_breed_id': 6, 'pet_level': 1, 'pet_quality_id': 2, 'pet_species_id': 2946}"
1757861144,LONG,,1,362000000,307700000,"{'id': 82800, 'context': 0, 'modifiers': [{'type': 6, 'value': 76761}], 'pet_breed_id': 11, 'pet_level': 1, 'pet_quality_id': 2, 'pet_species_id': 2419}"
1757861159,LONG,,1,129500000,110075000,"{'id': 82800, 'context': 0, 'modifiers': [{'type': 6, 'value': 27627}], 'pet_breed_id': 4, 'pet_level': 1, 'pet_quality_id': 3, 'pet_species_id': 193}"
1757861165,LONG,,1,268000000,227800000,"{'id': 82800, 'context': 0, 'modifiers': [{'type': 6, 'value': 30969}], 'pet_breed_id': 20, 'pet_level': 1, 'pet_quality_id': 3, 'pet_species_id': 1516}"
1757861212,LONG,,1,247000000,209950000,"{'id': 82800, 'context': 0, 'modifiers': [{'type': 6, 'value': 36211}], 'pet_breed_id': 11, 'pet_level': 6, 'pet_quality_id': 3, 'pet_species_id': 277}"
1757861225,LONG,,1,48990100,41641600,"{'id': 82800, 'context': 0, 'modifiers': [{'type': 6, 'value': 45386}], 'pet_breed_id': 5, 'pet_level': 1, 'pet_quality_id': 3, 'pet_species_id': 844}"
1757861441,LONG,,1,87124400,74055700,"{'id': 82800, 'context': 0, 'modifiers': [{'type': 6, 'value': 91232}], 'pet_breed_id': 15, 'pet_level': 1, 'pet_quality_id': 3, 'pet_species_id': 2760}"
1757861262,LONG,,1,267774300,227608200,"{'id': 82800, 'context': 0, 'modifiers': [{'type': 6, 'value': 73707}], 'pet_breed_id': 13, 'pet_level': 1, 'pet_quality_id': 3, 'pet_species_id': 1967}"
1757861271,LONG,,1,194999900,165749900,"{'id': 82800, 'context': 0, 'modifiers': [{'type': 6, 'value': 90412}], 'pet_breed_id': 15, 'pet_level': 1, 'pet_quality_id': 3, 'pet_species_id': 2565}"
1757861275,LONG,,1,10062100,8552800,"{'id': 82800, 'context': 0, 'modifiers': [{'type': 6, 'value': 26740}], 'pet_breed_id': 12, 'pet_level': 1, 'pet_quality_id': 3, 'pet_species_id': 1956}"
1757861287,LONG,,1,281800000,239530000,"{'id': 82800, 'context': 0, 'modifiers': [{'type': 6, 'value': 38134}], 'pet_breed_id': 3, 'pet_level': 1, 'pet_quality_id': 2, 'pet_species_id': 308}"
1757861445,LONG,,1,490000000,416500000,"{'id': 82800, 'context': 0, 'modifiers': [{'type': 6, 'value': 20042}], 'pet_breed_id': 5, 'pet_level': 1, 'pet_quality_id': 3, 'pet_species_id': 146}"
1757861322,LONG,,1,198999300,169149400,"{'id': 82800, 'context': 0, 'modifiers': [{'type': 6, 'value': 87977}], 'pet_breed_id': 6, 'pet_level': 1, 'pet_quality_id': 3, 'pet_species_id': 2444}"
1757861340,LONG,,1,347009500,,"{'id': 82800, 'context': 0, 'modifiers': [{'type': 6, 'value': 99904}], 'pet_breed_id': 5, 'pet_level': 1, 'pet_quality_id': 2, 'pet_species_id': 2900}"
1757861360,LONG,,1,98490000,83716500,"{'id': 82800, 'context': 0, 'modifiers': [{'type': 6, 'value': 99923}], 'pet_breed_id': 8, 'pet_level': 1, 'pet_quality_id': 2, 'pet_species_id': 3034}"
1757861415,LONG,,1,304000000,258400000,"{'id': 82800, 'context': 0, 'modifiers': [{'type': 6, 'value': 74036}], 'pet_breed_id': 16, 'pet_level': 1, 'pet_quality_id': 3, 'pet_species_id': 1984}"
1757857814,LONG,,1,42640100,36244100,"{'id': 82800, 'context': 0, 'modifiers': [{'type': 6, 'value': 34413}], 'pet_breed_id': 18, 'pet_level': 1, 'pet_quality_id': 3, 'pet_species_id': 266}"
1757857818,LONG,,1,33829800,28755300,"{'id': 82800, 'context': 0, 'modifiers': [{'type': 6, 'value': 79638}], 'pet_breed_id': 12, 'pet_level': 1, 'pet_quality_id': 3, 'pet_species_id': 2083}"
1757857822,LONG,,1,268000000,227800000,"{'id': 82800, 'context': 0, 'modifiers': [{'type': 6, 'value': 91235}], 'pet_breed_id': 20, 'pet_level': 1, 'pet_quality_id': 3, 'pet_species_id': 2681}"
1757857841,LONG,,1,651879300,,"{'id': 82800, 'context': 0, 'modifiers': [{'type': 6, 'value': 47959}], 'pet_breed_id': 20, 'pet_level': 1, 'pet_quality_id': 3, 'pet_species_id': 1206}"
1757857857,LONG,,1,1900100,1615100,"{'id': 82800, 'context': 0, 'modifiers': [{'type': 6, 'value': 90830}], 'pet_breed_id': 11, 'pet_level': 1, 'pet_quality_id': 3, 'pet_species_id': 2581}"
1757857869,LONG,,1,14000000,11900000,"{'id': 82800, 'context': 0, 'modifiers': [{'type': 6, 'value': 8909}], 'pet_breed_id': 9, 'pet_level': 1, 'pet_quality_id': 2, 'pet_species_id': 85}"
1757857897,LONG,,1,148980000,126633000,"{'id': 82800, 'context': 0, 'modifiers': [{'type': 6, 'value': 16205}], 'pet_breed_id': 13, 'pet_level': 1, 'pet_quality_id': 2, 'pet_species_id': 209}"
1757857900,LONG,,1,208000000,176800000,"{'id': 82800, 'context': 0, 'modifiers': [{'type': 6, 'value': 95572}], 'pet_breed_id': 7, 'pet_level': 1, 'pet_quality_id': 2, 'pet_species_id': 2958}"
1757857910,LONG,,1,79500000,67575000,"{'id': 82800, 'context': 0, 'modifiers': [{'type': 6, 'value': 54511}], 'pet_breed_id': 16, 'pet_level': 1, 'pet_quality_id': 3, 'pet_species_id': 1394}"
1757857915,LONG,,1,20040100,17034100,"{'id': 82800, 'context': 0, 'modifiers': [{'type': 6, 'value': 28216}], 'pet_breed_id': 11, 'pet_level': 1, 'pet_quality_id': 3, 'pet_species_id': 198}"
1757857964,LONG,,1,74259500,63120600,"{'id': 82800, 'context': 0, 'modifiers': [{'type': 6, 'value': 65672}], 'pet_breed_id': 8, 'pet_level': 1, 'pet_quality_id': 3, 'pet_species_id': 1760}"
1757857967,LONG,,1,31000000,26350000,"{'id': 82800, 'context': 0, 'modifiers': [{'type': 6, 'value': 59038}], 'pet_breed_id': 8, 'pet_level': 1, 'pet_quality_id': 3, 'pet_species_id': 1568}"
1757857990,LONG,,1,78450100,66682600,"{'id': 82800, 'context': 0, 'modifiers': [{'type': 6, 'value': 51505}], 'pet_breed_id': 4, 'pet_level': 1, 'pet_quality_id': 2, 'pet_species_id': 1349}"
1757858003,LONG,,1,88990000,75641500,"{'id': 82800, 'context': 0, 'modifiers': [{'type': 6, 'value': 51270}], 'pet_breed_id': 18, 'pet_level': 1, 'pet_quality_id': 3, 'pet_species_id': 1333}"
1757858020,LONG,,1,55990000,47591500,"{'id': 82800, 'context': 0, 'modifiers': [{'type': 6, 'value': 38232}], 'pet_breed_id': 8, 'pet_level': 1, 'pet_quality_id': 3, 'pet_species_id': 310}"
1757858028,LONG,,1,258399300,219639400,"{'id': 82800, 'context': 0, 'modifiers': [{'type': 6, 'value': 92158}], 'pet_breed_id': 15, 'pet_level': 1, 'pet_quality_id': 3, 'pet_species_id': 2709}"
1757858041,LONG,,1,125999900,108000000,"{'id': 82800, 'context': 0, 'modifiers': [{'type': 6, 'value': 88023}], 'pet_breed_id': 14, 'pet_level': 1, 'pet_quality_id': 3, 'pet_species_id': 2562}"
1757858042,LONG,,1,552999800,,"{'id': 82800, 'context': 0, 'modifiers': [{'type': 6, 'value': 77989}], 'pet_breed_id': 7, 'pet_level': 1, 'pet_quality_id': 3, 'pet_species_id': 2528}"
1757858044,LONG,,1,31605800,26864900,"{'id': 82800, 'context': 0, 'modifiers': [{'type': 6, 'value': 29805}], 'pet_breed_id': 8, 'pet_level': 1, 'pet_quality_id': 2, 'pet_species_id': 232}"
1757858047,LONG,,1,85700000,72845000,"{'id': 82800, 'context': 0, 'modifiers': [{'type': 6, 'value': 99871}], 'pet_breed_id': 18, 'pet_level': 1, 'pet_quality_id': 2, 'pet_species_id': 3030}"
1757858062,LONG,,1,174000000,147900000,"{'id': 82800, 'context': 0, 'modifiers': [{'type': 6, 'value': 74794}], 'pet_breed_id': 21, 'pet_level': 1, 'pet_quality_id': 2, 'pet_species_id': 3066}"
1757858070,LONG,,1,12268300,10428100,"{'id': 82800, 'context': 0, 'modifiers': [{'type': 6, 'value': 66485}], 'pet_breed_id': 17, 'pet_level': 1, 'pet_quality_id': 3, 'pet_species_id': 1884}"
1757858071,LONG,,1,31500000,26775000,"{'id': 82800, 'context': 0, 'modifiers': [{'type': 6, 'value': 59017}], 'pet_breed_id': 13, 'pet_level': 1, 'pet_quality_id': 3, 'pet_species_id': 1545}"
1757858088,LONG,,1,80990000,68841500,"{'id': 82800, 'context': 0, 'modifiers': [{'type': 6, 'value': 40224}], 'pet_breed_id': 15, 'pet_level': 1, 'pet_quality_id': 3, 'pet_species_id': 1631}"
1757858093,LONG,,1,34490000,29316500,"{'id': 82800, 'context': 0, 'modifiers': [{'type': 6, 'value': 51413}], 'pet_breed_id': 17, 'pet_level': 1, 'pet_quality_id': 2, 'pet_species_id': 1321}"
1757859116,LONG,,1,39280000,33388000,"{'id': 82800, 'context': 0, 'modifiers': [{'type': 6, 'value': 61891}], 'pet_breed_id': 12, 'pet_level': 1, 'pet_quality_id': 3, 'pet_species_id': 1626}"
1757859128,LONG,,1,6500000,5525000,"{'id': 82800, 'context': 0, 'modifiers': [{'type': 6, 'value': 99866}], 'pet_breed_id': 9, 'pet_level': 1, 'pet_quality_id': 2, 'pet_species_id': 2916}"
1757859129,LONG,,1,335999400,285599500,"{'id': 82800, 'context': 0, 'modifiers': [{'type': 6, 'value': 45960}], 'pet_breed_id': 5, 'pet_level': 1, 'pet_quality_id': 2, 'pet_species_id': 213}"
1757859131,LONG,,1,24745000,21033300,"{'id': 82800, 'context': 0, 'modifiers': [{'type': 6, 'value': 98457}], 'pet_breed_id': 9, 'pet_level': 1, 'pet_quality_id': 2, 'pet_species_id': 3020}"
1757859136,LONG,,1,178900000,152065000,"{'id': 82800, 'context': 0, 'modifiers': [{'type': 6, 'value': 74471}], 'pet_breed_id': 18, 'pet_level': 1, 'pet_quality_id': 2, 'pet_species_id': 1999}"
1757859137,LONG,,1,55490000,47166500,"{'id': 82800, 'context': 0, 'modifiers': [{'type': 6, 'value': 87999}], 'pet_breed_id': 7, 'pet_level': 1, 'pet_quality_id': 3, 'pet_species_id': 2445}"
1757861509,LONG,,1,15859900,13480900,"{'id': 82800, 'context': 0, 'modifiers': [{'type': 6, 'value': 47859}], 'pet_breed_id': 12, 'pet_level': 1, 'pet_quality_id': 3, 'pet_species_id': 2582}"
1757862756,LONG,,1,330988500,281340200,"{'id': 82800, 'context': 0, 'modifiers': [{'type': 6, 'value': 81097}], 'pet_breed_id': 12, 'pet_level': 1, 'pet_quality_id': 3, 'pet_species_id': 2576}"
1757862759,LONG,,1,380989500,323841100,"{'id': 82800, 'context': 0, 'modifiers': [{'type': 6, 'value': 92159}], 'pet_breed_id': 19, 'pet_level': 1, 'pet_quality_id': 3, 'pet_species_id': 2704}"
1757862778,LONG,,1,113750000,96687500,"{'id': 82800, 'context': 0, 'modifiers': [{'type': 6, 'value': 28482}], 'pet_breed_id': 3, 'pet_level': 1, 'pet_quality_id': 2, 'pet_species_id': 204}"
1757862788,LONG,,1,38500000,32725000,"{'id': 82800, 'context': 0, 'modifiers': [{'type': 6, 'value': 65128}], 'pet_breed_id': 18, 'pet_level': 1, 'pet_quality_id': 2, 'pet_species_id': 1725}"
1757862803,LONG,,1,161813000,137541100,"{'id': 82800, 'context': 0, 'modifiers': [{'type': 6, 'value': 47991}], 'pet_breed_id': 22, 'pet_level': 1, 'pet_quality_id': 3, 'pet_species_id': 1338}"
1757862958,LONG,,1,39280000,33388000,"{'id': 82800, 'context': 0, 'modifiers': [{'type': 6, 'value': 87871}], 'pet_breed_id': 7, 'pet_level': 1, 'pet_quality_id': 3, 'pet_species_id': 2434}"
1757864219,LONG,,1,432999400,,"{'id': 82800, 'context': 0, 'modifiers': [{'type': 6, 'value': 95148}], 'pet_breed_id': 16, 'pet_level': 1, 'pet_quality_id': 3, 'pet_species_id': 2852}"
1757864349,LONG,,1,275999900,234599900,"{'id': 82800, 'context': 0, 'modifiers': [{'type': 6, 'value': 95929}], 'pet_breed_id': 17, 'pet_level': 1, 'pet_quality_id': 2, 'pet_species_id': 2912}"
1757864374,LONG,,1,152699400,129794500,"{'id': 82800, 'context': 0, 'modifiers': [{'type': 6, 'value': 80254}], 'pet_breed_id': 4, 'pet_level': 1, 'pet_quality_id': 3, 'pet_species_id': 2756}"
1757866465,LONG,,1,30023300,25519800,"{'id': 82800, 'context': 0, 'modifiers': [{'type': 6, 'value': 92162}], 'pet_breed_id': 18, 'pet_level': 1, 'pet_quality_id': 2, 'pet_species_id': 2710}"
1757866470,LONG,,1,14450000,12282500,"{'id': 82800, 'context': 0, 'modifiers': [{'type': 6, 'value': 88036}], 'pet_breed_id': 6, 'pet_level': 1, 'pet_quality_id': 3, 'pet_species_id': 2458}"
1757866642,LONG,,1,80990000,68841500,"{'id': 82800, 'context': 0, 'modifiers': [{'type': 6, 'value': 29404}], 'pet_breed_id': 7, 'pet_level': 1, 'pet_quality_id': 2, 'pet_species_id': 1351}"
1757866986,LONG,,1,344000000,292400000,"{'id': 82800, 'context': 0, 'modifiers': [{'type': 6, 'value': 66147}], 'pet_breed_id': 19, 'pet_level': 1, 'pet_quality_id': 3, 'pet_species_id': 1803}"
1757867066,LONG,,1,1069850000,,"{'id': 82800, 'context': 0, 'modifiers': [{'type': 6, 'value': 86101}], 'pet_breed_id': 6, 'pet_level': 1, 'pet_quality_id': 3, 'pet_species_id': 2187}"
1757868157,LONG,,1,321000000,272850000,"{'id': 82800, 'context': 0, 'modifiers': [{'type': 6, 'value': 99879}], 'pet_breed_id': 5, 'pet_level': 1, 'pet_quality_id': 2, 'pet_species_id': 2923}"
1757861571,LONG,,1,19000000,16150000,"{'id': 82800, 'context': 0, 'modifiers': [{'type': 6, 'value': 86463}], 'pet_breed_id': 18, 'pet_level': 1, 'pet_quality_id': 3, 'pet_species_id': 2457}"
1757861602,LONG,,1,58050000,49342500,"{'id': 82800, 'context': 0, 'modifiers': [{'type': 6, 'value': 99851}], 'pet_breed_id': 3, 'pet_level': 1, 'pet_quality_id': 2, 'pet_species_id': 2918}"
1757862833,LONG,,1,280380000,238323000,"{'id': 82800, 'context': 0, 'modifiers': [{'type': 6, 'value': 99864}], 'pet_breed_id': 13, 'pet_level': 1, 'pet_quality_id': 2, 'pet_species_id': 2965}"
1757862907,LONG,,1,89490000,76066500,"{'id': 82800, 'context': 0, 'modifiers': [{'type': 6, 'value': 58547}], 'pet_breed_id': 18, 'pet_level': 1, 'pet_quality_id': 3, 'pet_species_id': 1450}"
1757863006,LONG,,1,456999700,388449700,"{'id': 82800, 'context': 0, 'modifiers': [{'type': 6, 'value': 93744}], 'pet_breed_id': 18, 'pet_level': 1, 'pet_quality_id': 2, 'pet_species_id': 2933}"
1757863036,LONG,,1,288000000,244800000,"{'id': 82800, 'context': 0, 'modifiers': [{'type': 6, 'value': 38473}], 'pet_breed_id': 14, 'pet_level': 1, 'pet_quality_id': 2, 'pet_species_id': 1517}"
1757864210,LONG,,1,61940000,52649000,"{'id': 82800, 'context': 0, 'modifiers': [{'type': 6, 'value': 27681}], 'pet_breed_id': 10, 'pet_level': 1, 'pet_quality_id': 2, 'pet_species_id': 126}"
1757864402,LONG,,1,42450000,36082500,"{'id': 82800, 'context': 0, 'modifiers': [{'type': 6, 'value': 90176}], 'pet_breed_id': 15, 'pet_level': 1, 'pet_quality_id': 3, 'pet_species_id': 2553}"
1757866547,LONG,,1,55990000,47591500,"{'id': 82800, 'context': 0, 'modifiers': [{'type': 6, 'value': 42520}], 'pet_breed_id': 11, 'pet_level': 1, 'pet_quality_id': 3, 'pet_species_id': 2589}"
1757866978,LONG,,1,20990000,17841500,"{'id': 82800, 'context': 0, 'modifiers': [{'type': 6, 'value': 48857}], 'pet_breed_id': 9, 'pet_level': 1, 'pet_quality_id': 3, 'pet_species_id': 1227}"
1757868233,LONG,,1,178000000,151300000,"{'id': 82800, 'context': 0, 'modifiers': [{'type': 6, 'value': 84157}], 'pet_breed_id': 10, 'pet_level': 1, 'pet_quality_id': 2, 'pet_species_id': 2439}"
1757859138,LONG,,1,125890000,107006500,"{'id': 82800, 'context': 0, 'modifiers': [{'type': 6, 'value': 51272}], 'pet_breed_id': 8, 'pet_level': 1, 'pet_quality_id': 3, 'pet_species_id': 1335}"
1757861151,LONG,,1,38500000,32725000,"{'id': 82800, 'context': 0, 'modifiers': [{'type': 6, 'value': 61884}], 'pet_breed_id': 6, 'pet_level': 1, 'pet_quality_id': 3, 'pet_species_id': 1622}"
1757861154,LONG,,1,149480000,127058000,"{'id': 82800, 'context': 0, 'modifiers': [{'type': 6, 'value': 86529}], 'pet_breed_id': 5, 'pet_level': 4, 'pet_quality_id': 3, 'pet_species_id': 2422}"
1757861241,LONG,,1,38000000,32300000,"{'id': 82800, 'context': 0, 'modifiers': [{'type': 6, 'value': 63691}], 'pet_breed_id': 9, 'pet_level': 1, 'pet_quality_id': 3, 'pet_species_id': 1665}"
1757861452,LONG,,1,39780000,33813000,"{'id': 82800, 'context': 0, 'modifiers': [{'type': 6, 'value': 71938}], 'pet_breed_id': 9, 'pet_level': 1, 'pet_quality_id': 3, 'pet_species_id': 1926}"
1757861118,LONG,,1,35054700,29796500,"{'id': 82800, 'context': 0, 'modifiers': [{'type': 6, 'value': 68860}], 'pet_breed_id': 20, 'pet_level': 1, 'pet_quality_id': 3, 'pet_species_id': 1928}"
1757861240,LONG,,1,13200000,11220000,"{'id': 82800, 'context': 0, 'modifiers': [{'type': 6, 'value': 61889}], 'pet_breed_id': 19, 'pet_level': 1, 'pet_quality_id': 3, 'pet_species_id': 1627}"
1757861292,LONG,,1,286000000,243100000,"{'id': 82800, 'context': 0, 'modifiers': [{'type': 6, 'value': 99902}], 'pet_breed_id': 10, 'pet_level': 1, 'pet_quality_id': 2, 'pet_species_id': 2899}"
1757861378,LONG,,1,112778300,95861600,"{'id': 82800, 'context': 0, 'modifiers': [{'type': 6, 'value': 51267}], 'pet_breed_id': 16, 'pet_level': 1, 'pet_quality_id': 3, 'pet_species_id': 1332}"
1757859141,LONG,,1,68000000,57800000,"{'id': 82800, 'context': 0, 'modifiers': [{'type': 6, 'value': 46001}], 'pet_breed_id': 10, 'pet_level': 1, 'pet_quality_id': 3, 'pet_species_id': 330}"
1757859157,LONG,,1,10529700,8950200,"{'id': 82800, 'context': 0, 'modifiers': [{'type': 6, 'value': 47955}], 'pet_breed_id': 21, 'pet_level': 1, 'pet_quality_id': 2, 'pet_species_id': 652}"
1757861130,LONG,,1,490000000,416500000,"{'id': 82800, 'context': 0, 'modifiers': [{'type': 6, 'value': 88790}], 'pet_breed_id': 9, 'pet_level': 1, 'pet_quality_id': 1, 'pet_species_id': 2531}"
1757861142,LONG,,1,69000000,58650000,"{'id': 82800, 'context': 0, 'modifiers': [{'type': 6, 'value': 1072}], 'pet_breed_id': 4, 'pet_level': 1, 'pet_quality_id': 2, 'pet_species_id': 2063}"
1757861168,LONG,,1,282800000,240380000,"{'id': 82800, 'context': 0, 'modifiers': [{'type': 6, 'value': 45957}], 'pet_breed_id': 15, 'pet_level': 1, 'pet_quality_id': 3, 'pet_species_id': 848}"
1757861258,LONG,,1,17200000,14620000,"{'id': 82800, 'context': 0, 'modifiers': [{'type': 6, 'value': 53748}], 'pet_breed_id': 17, 'pet_level': 1, 'pet_quality_id': 3, 'pet_species_id': 1387}"
1757861310,LONG,,1,42990000,36541500,"{'id': 82800, 'context': 0, 'modifiers': [{'type': 6, 'value': 46811}], 'pet_breed_id': 7, 'pet_level': 1, 'pet_quality_id': 3, 'pet_species_id': 1126}"
1757861404,LONG,,1,342000000,290700000,"{'id': 82800, 'context': 0, 'modifiers': [{'type': 6, 'value': 76624}], 'pet_breed_id': 7, 'pet_level': 1, 'pet_quality_id': 2, 'pet_species_id': 2423}"
1757861433,LONG,,1,50015400,42513100,"{'id': 82800, 'context': 0, 'modifiers': [{'type': 6, 'value': 71828}], 'pet_breed_id': 10, 'pet_level': 1, 'pet_quality_id': 3, 'pet_species_id': 1920}"
1757862790,LONG,,1,178900000,152065000,"{'id': 82800, 'context': 0, 'modifiers': [{'type': 6, 'value': 27682}], 'pet_breed_id': 3, 'pet_level': 1, 'pet_quality_id': 2, 'pet_species_id': 2406}"
1757862792,LONG,,1,9290000,7896500,"{'id': 82800, 'context': 0, 'modifiers': [{'type': 6, 'value': 61896}], 'pet_breed_id': 6, 'pet_level': 1, 'pet_quality_id': 3, 'pet_species_id': 1632}"
1757862827,LONG,,1,49300000,41905000,"{'id': 82800, 'context': 0, 'modifiers': [{'type': 6, 'value': 97089}], 'pet_breed_id': 10, 'pet_level': 1, 'pet_quality_id': 2, 'pet_species_id': 3028}"
1757862838,LONG,,1,188009400,159808000,"{'id': 82800, 'context': 0, 'modifiers': [{'type': 6, 'value': 90991}], 'pet_breed_id': 6, 'pet_level': 1, 'pet_quality_id': 3, 'pet_species_id': 2706}"
1757862841,LONG,,1,49990000,42491500,"{'id': 82800, 'context': 0, 'modifiers': [{'type': 6, 'value': 83052}], 'pet_breed_id': 16, 'pet_level': 1, 'pet_quality_id': 2, 'pet_species_id': 2429}"
1757864144,LONG,,1,38500000,32725000,"{'id': 82800, 'context': 0, 'modifiers': [{'type': 6, 'value': 88040}], 'pet_breed_id': 14, 'pet_level': 1, 'pet_quality_id': 2, 'pet_species_id': 2464}"
1757864330,LONG,,1,77179600,65602700,"{'id': 82800, 'context': 0, 'modifiers': [{'type': 6, 'value': 59603}], 'pet_breed_id': 18, 'pet_level': 1, 'pet_quality_id': 2, 'pet_species_id': 1596}"
1757864372,LONG,,1,179000000,152150000,"{'id': 82800, 'context': 0, 'modifiers': [{'type': 6, 'value': 39163}], 'pet_breed_id': 3, 'pet_level': 1, 'pet_quality_id': 2, 'pet_species_id': 341}"
1757866697,LONG,,1,392000000,333200000,"{'id': 82800, 'context': 0, 'modifiers': [{'type': 6, 'value': 51417}], 'pet_breed_id': 14, 'pet_level': 1, 'pet_quality_id': 3, 'pet_species_id': 1331}"
1757866931,LONG,,1,2487600,2114500,"{'id': 82800, 'context': 0, 'modifiers': [{'type': 6, 'value': 22349}], 'pet_breed_id': 7, 'pet_level': 1, 'pet_quality_id': 2, 'pet_species_id': 153}"
1757868102,LONG,,1,66252300,56314500,"{'id': 82800, 'context': 0, 'modifiers': [{'type': 6, 'value': 27678}], 'pet_breed_id': 12, 'pet_level': 1, 'pet_quality_id': 3, 'pet_species_id': 335}"
1757868167,LONG,,1,274000000,232900000,"{'id': 82800, 'context': 0, 'modifiers': [{'type': 6, 'value': 41833}], 'pet_breed_id': 9, 'pet_level': 1, 'pet_quality_id': 3, 'pet_species_id': 381}"
1757861488,LONG,,1,89490000,76066500,"{'id': 82800, 'context': 0, 'modifiers': [{'type': 6, 'value': 80466}], 'pet_breed_id': 4, 'pet_level': 1, 'pet_quality_id': 3, 'pet_species_id': 2708}"
1757866808,LONG,,1,142080000,120768000,"{'id': 82800, 'context': 0, 'modifiers': [{'type': 6, 'value': 64720}], 'pet_breed_id': 10, 'pet_level': 1, 'pet_quality_id': 3, 'pet_species_id': 1692}"
1757867049,LONG,,1,125490000,106666500,"{'id': 82800, 'context': 0, 'modifiers': [{'type': 6, 'value': 91656}], 'pet_breed_id': 10, 'pet_level': 1, 'pet_quality_id': 3, 'pet_species_id': 2721}"
1757862769,LONG,,1,344000000,292400000,"{'id': 82800, 'context': 0, 'modifiers': [{'type': 6, 'value': 47252}], 'pet_breed_id': 19, 'pet_level': 1, 'pet_quality_id': 3, 'pet_species_id': 2703}"
1757864163,LONG,,1,38399800,32639800,"{'id': 82800, 'context': 0, 'modifiers': [{'type': 6, 'value': 33559}], 'pet_breed_id': 5, 'pet_level': 1, 'pet_quality_id': 2, 'pet_species_id': 262}"
1757864445,LONG,,1,126289900,107346400,"{'id': 82800, 'context': 0, 'modifiers': [{'type': 6, 'value': 39137}], 'pet_breed_id': 18, 'pet_level': 1, 'pet_quality_id': 3, 'pet_species_id': 343}"
1757866500,LONG,,1,177900000,151215000,"{'id': 82800, 'context': 0, 'modifiers': [{'type': 6, 'value': 71945}], 'pet_breed_id': 7, 'pet_level': 1, 'pet_quality_id': 3, 'pet_species_id': 1723}"
1757861132,LONG,,1,379500000,322575000,"{'id': 82800, 'context': 0, 'modifiers': [{'type': 6, 'value': 98456}], 'pet_breed_id': 6, 'pet_level': 1, 'pet_quality_id': 2, 'pet_species_id': 3019}"
1757861195,LONG,,1,230999400,196349500,"{'id': 82800, 'context': 0, 'modifiers': [{'type': 6, 'value': 86465}], 'pet_breed_id': 13, 'pet_level': 1, 'pet_quality_id': 3, 'pet_species_id': 2682}"
1757861201,LONG,,1,108000000,91800000,"{'id': 82800, 'context': 0, 'modifiers': [{'type': 6, 'value': 78837}], 'pet_breed_id': 6, 'pet_level': 1, 'pet_quality_id': 2, 'pet_species_id': 2474}"
1757858040,LONG,,1,75648900,64301600,"{'id': 82800, 'context': 0, 'modifiers': [{'type': 6, 'value': 91220}], 'pet_breed_id': 4, 'pet_level': 1, 'pet_quality_id': 3, 'pet_species_id': 2763}"
1757857905,LONG,,1,410000000,,"{'id': 82800, 'context': 0, 'modifiers': [{'type': 6, 'value': 98454}], 'pet_breed_id': 7, 'pet_level': 1, 'pet_quality_id': 2, 'pet_species_id': 3017}"
1757858056,LONG,,1,839600000,,"{'id': 82800, 'context': 0, 'modifiers': [{'type': 6, 'value': 93752}], 'pet_breed_id': 5, 'pet_level': 1, 'pet_quality_id': 2, 'pet_species_id': 2905}"
1757859118,LONG,,1,139400000,118490000,"{'id': 82800, 'context': 0, 'modifiers': [{'type': 6, 'value': 75353}], 'pet_breed_id': 7, 'pet_level': 1, 'pet_quality_id': 2, 'pet_species_id': 2410}"
1757857763,LONG,,1,140400000,119340000,"{'id': 82800, 'context': 0, 'modifiers': [{'type': 6, 'value': 69532}], 'pet_breed_id': 10, 'pet_level': 1, 'pet_quality_id': 3, 'pet_species_id': 1887}"
1757857920,LONG,,1,149980000,127483000,"{'id': 82800, 'context': 0, 'modifiers': [{'type': 6, 'value': 6292}], 'pet_breed_id': 15, 'pet_level': 1, 'pet_quality_id': 3, 'pet_species_id': 1563}"
1757857946,LONG,,1,71000000,60350000,"{'id': 82800, 'context': 0, 'modifiers': [{'type': 6, 'value': 47848}], 'pet_breed_id': 4, 'pet_level': 1, 'pet_quality_id': 3, 'pet_species_id': 1178}"
1757858010,LONG,,1,104960000,89216000,"{'id': 82800, 'context': 0, 'modifiers': [{'type': 6, 'value': 46174}], 'pet_breed_id': 8, 'pet_level': 13, 'pet_quality_id': 3, 'pet_species_id': 1063}"
1757858067,LONG,,1,54524700,46346000,"{'id': 82800, 'context': 0, 'modifiers': [{'type': 6, 'value': 36637}], 'pet_breed_id': 8, 'pet_level': 1, 'pet_quality_id': 3, 'pet_species_id': 279}"
1757862861,LONG,,1,8600000,7450000,"{'id': 82800, 'context': 0, 'modifiers': [{'type': 6, 'value': 44445}], 'pet_breed_id': 8, 'pet_level': 1, 'pet_quality_id': 3, 'pet_species_id': 2583}"
1757862899,LONG,,1,364000000,309400000,"{'id': 82800, 'context': 0, 'modifiers': [{'type': 6, 'value': 98453}], 'pet_breed_id': 19, 'pet_level': 1, 'pet_quality_id': 2, 'pet_species_id': 3016}"
1757862900,LONG,,1,362000000,307700000,"{'id': 82800, 'context': 0, 'modifiers': [{'type': 6, 'value': 74790}], 'pet_breed_id': 20, 'pet_level': 1, 'pet_quality_id': 3, 'pet_species_id': 319}"
1757862901,LONG,,1,49000000,41650000,"{'id': 82800, 'context': 0, 'modifiers': [{'type': 6, 'value': 42430}], 'pet_breed_id': 4, 'pet_level': 1, 'pet_quality_id': 3, 'pet_species_id': 1518}"
1757862914,LONG,,1,264000000,224400000,"{'id': 82800, 'context': 0, 'modifiers': [{'type': 6, 'value': 98468}], 'pet_breed_id': 17, 'pet_level': 1, 'pet_quality_id': 2, 'pet_species_id': 2956}"
1757862924,LONG,,1,54500000,46325000,"{'id': 82800, 'context': 0, 'modifiers': [{'type': 6, 'value': 48856}], 'pet_breed_id': 4, 'pet_level': 1, 'pet_quality_id': 3, 'pet_species_id': 1228}"
1757862983,LONG,,1,50703400,43097900,"{'id': 82800, 'context': 0, 'modifiers': [{'type': 6, 'value': 48001}], 'pet_breed_id': 20, 'pet_level': 1, 'pet_quality_id': 3, 'pet_species_id': 1202}"
1757864125,LONG,,1,79000000,67150000,"{'id': 82800, 'context': 0, 'modifiers': [{'type': 6, 'value': 79783}], 'pet_breed_id': 4, 'pet_level': 1, 'pet_quality_id': 3, 'pet_species_id': 2117}"
1757858069,LONG,,1,2800000000,2380000000,"{'id': 82800, 'context': 0, 'modifiers': [{'type': 6, 'value': 39694}], 'pet_breed_id': 11, 'pet_level': 1, 'pet_quality_id': 3, 'pet_species_id': 665}"
1757859133,LONG,,1,147290000,125196500,"{'id': 82800, 'context': 0, 'modifiers': [{'type': 6, 'value': 99909}], 'pet_breed_id': 6, 'pet_level': 1, 'pet_quality_id': 2, 'pet_species_id': 2896}"
1757859166,LONG,,1,10090000,8576500,"{'id': 82800, 'context': 0, 'modifiers': [{'type': 6, 'value': 59034}], 'pet_breed_id': 8, 'pet_level': 1, 'pet_quality_id': 2, 'pet_species_id': 1597}"
1757861187,LONG,,1,148479600,126207700,"{'id': 82800, 'context': 0, 'modifiers': [{'type': 6, 'value': 88037}], 'pet_breed_id': 15, 'pet_level': 1, 'pet_quality_id': 3, 'pet_species_id': 2460}"
1757861336,LONG,,1,125290000,106496500,"{'id': 82800, 'context': 0, 'modifiers': [{'type': 6, 'value': 46163}], 'pet_breed_id': 5, 'pet_level': 1, 'pet_quality_id': 3, 'pet_species_id': 1061}"
1757861472,LONG,,1,38490000,32716500,"{'id': 82800, 'context': 0, 'modifiers': [{'type': 6, 'value': 76763}], 'pet_breed_id': 5, 'pet_level': 1, 'pet_quality_id': 3, 'pet_species_id': 2559}"
1757861483,LONG,,1,843989700,,"{'id': 82800, 'context': 0, 'modifiers': [{'type': 6, 'value': 8409}], 'pet_breed_id': 10, 'pet_level': 1, 'pet_quality_id': 3, 'pet_species_id': 172}"
1757861505,LONG,,1,67380000,57273000,"{'id': 82800, 'context': 0, 'modifiers': [{'type': 6, 'value': 9990}], 'pet_breed_id': 12, 'pet_level': 1, 'pet_quality_id': 2, 'pet_species_id': 46}"
1757861511,LONG,,1,392398000,333538300,"{'id': 82800, 'context': 0, 'modifiers': [{'type': 6, 'value': 855}], 'pet_breed_id': 15, 'pet_level': 1, 'pet_quality_id': 3, 'pet_species_id': 1276}"
1757861593,LONG,,1,293000000,249050000,"{'id': 82800, 'context': 0, 'modifiers': [{'type': 6, 'value': 98482}], 'pet_breed_id': 17, 'pet_level': 1, 'pet_quality_id': 2, 'pet_species_id': 3062}"
1757861599,LONG,,1,68405000,58144300,"{'id': 82800, 'context': 0, 'modifiers': [{'type': 6, 'value': 15381}], 'pet_breed_id': 7, 'pet_level': 1, 'pet_quality_id': 3, 'pet_species_id': 338}"
1757868252,LONG,,1,433000000,368050000,"{'id': 82800, 'context': 0, 'modifiers': [{'type': 6, 'value': 81213}], 'pet_breed_id': 11, 'pet_level': 1, 'pet_quality_id': 3, 'pet_species_id': 2578}"
1757864182,LONG,,1,55490000,47166500,"{'id': 82800, 'context': 0, 'modifiers': [{'type': 6, 'value': 88017}], 'pet_breed_id': 5, 'pet_level': 1, 'pet_quality_id': 3, 'pet_species_id': 2462}"
1757864282,LONG,,1,205000000,174250000,"{'id': 82800, 'context': 0, 'modifiers': [{'type': 6, 'value': 97091}], 'pet_breed_id': 3, 'pet_level': 1, 'pet_quality_id': 2, 'pet_species_id': 3040}"
1757866519,LONG,,1,5409900,4598400,"{'id': 82800, 'context': 0, 'modifiers': [{'type': 6, 'value': 62216}], 'pet_breed_id': 20, 'pet_level': 1, 'pet_quality_id': 2, 'pet_species_id': 1711}"
1757866755,LONG,,1,356750000,303237500,"{'id': 82800, 'context': 0, 'modifiers': [{'type': 6, 'value': 98460}], 'pet_breed_id': 8, 'pet_level': 1, 'pet_quality_id': 2, 'pet_species_id': 3023}"
1757866854,LONG,,1,88449700,75182200,"{'id': 82800, 'context': 0, 'modifiers': [{'type': 6, 'value': 90878}], 'pet_breed_id': 7, 'pet_level': 1, 'pet_quality_id': 3, 'pet_species_id': 2717}"
1757866889,LONG,,1,67880000,57698000,"{'id': 82800, 'context': 0, 'modifiers': [{'type': 6, 'value': 74801}], 'pet_breed_id': 11, 'pet_level': 1, 'pet_quality_id': 3, 'pet_species_id': 2715}"
1757866922,LONG,,1,5500000,4675000,"{'id': 82800, 'context': 0, 'modifiers': [{'type': 6, 'value': 58534}], 'pet_breed_id': 17, 'pet_level': 1, 'pet_quality_id': 3, 'pet_species_id': 1569}"
1757866994,LONG,,1,8689900,7386400,"{'id': 82800, 'context': 0, 'modifiers': [{'type': 6, 'value': 86482}], 'pet_breed_id': 3, 'pet_level': 1, 'pet_quality_id': 3, 'pet_species_id': 2201}"
1757866998,LONG,,1,324000000,275400000,"{'id': 82800, 'context': 0, 'modifiers': [{'type': 6, 'value': 47708}], 'pet_breed_id': 4, 'pet_level': 1, 'pet_quality_id': 3, 'pet_species_id': 1183}"
1757867002,LONG,,1,81490000,69266500,"{'id': 82800, 'context': 0, 'modifiers': [{'type': 6, 'value': 48855}], 'pet_breed_id': 9, 'pet_level': 1, 'pet_quality_id': 3, 'pet_species_id': 1230}"
1757867005,LONG,,1,84990000,72241500,"{'id': 82800, 'context': 0, 'modifiers': [{'type': 6, 'value': 91114}], 'pet_breed_id': 9, 'pet_level': 1, 'pet_quality_id': 3, 'pet_species_id': 2700}"
1757867023,LONG,,1,39280000,33388000,"{'id': 82800, 'context': 0, 'modifiers': [{'type': 6, 'value': 26524}], 'pet_breed_id': 7, 'pet_level': 1, 'pet_quality_id': 3, 'pet_species_id': 2449}"
1757867042,LONG,,1,45690000,38836500,"{'id': 82800, 'context': 0, 'pet_breed_id': 3, 'pet_level': 1, 'pet_quality_id': 3, 'pet_species_id': 1598}"
1757867055,LONG,,1,550000000,467500000,"{'id': 82800, 'context': 0, 'modifiers': [{'type': 6, 'value': 48704}], 'pet_breed_id': 8, 'pet_level': 1, 'pet_quality_id': 3, 'pet_species_id': 1243}"
1757868130,LONG,,1,133258100,113269400,"{'id': 82800, 'context': 0, 'modifiers': [{'type': 6, 'value': 99918}], 'pet_breed_id': 7, 'pet_level': 1, 'pet_quality_id': 2, 'pet_species_id': 2889}"
1757868177,LONG,,1,120600000,102510000,"{'id': 82800, 'context': 0, 'modifiers': [{'type': 6, 'value': 86488}], 'pet_breed_id': 11, 'pet_level': 1, 'pet_quality_id': 2, 'pet_species_id': 2198}"
1757857996,LONG,,1,245500000,208675000,"{'id': 82800, 'context': 0, 'modifiers': [{'type': 6, 'value': 95149}], 'pet_breed_id': 18, 'pet_level': 1, 'pet_quality_id': 3, 'pet_species_id': 2853}"
1757858079,LONG,,1,294999400,250749500,"{'id': 82800, 'context': 0, 'modifiers': [{'type': 6, 'value': 88764}], 'pet_breed_id': 18, 'pet_level': 1, 'pet_quality_id': 3, 'pet_species_id': 2711}"
1757862784,LONG,,1,55490000,47166500,"{'id': 82800, 'context': 0, 'modifiers': [{'type': 6, 'value': 90515}], 'pet_breed_id': 22, 'pet_level': 1, 'pet_quality_id': 2, 'pet_species_id': 2698}"
1757863098,LONG,,1,58995100,50145800,"{'id': 82800, 'context': 0, 'pet_breed_id': 19, 'pet_level': 1, 'pet_quality_id': 2, 'pet_species_id': 3045}"
1757864435,LONG,,1,97990000,83291500,"{'id': 82800, 'context': 0, 'modifiers': [{'type': 6, 'value': 65671}], 'pet_breed_id': 8, 'pet_level': 1, 'pet_quality_id': 2, 'pet_species_id': 1759}"
1757866508,LONG,,1,233108300,198142100,"{'id': 82800, 'context': 0, 'modifiers': [{'type': 6, 'value': 82003}], 'pet_breed_id': 8, 'pet_level': 1, 'pet_quality_id': 3, 'pet_species_id': 2575}"
1757867064,LONG,,1,147999700,129900000,"{'id': 82800, 'context': 0, 'modifiers': [{'type': 6, 'value': 6291}], 'pet_breed_id': 19, 'pet_level': 1, 'pet_quality_id': 3, 'pet_species_id': 59}"
1757857772,LONG,,1,55890000,47506500,"{'id': 82800, 'context': 0, 'modifiers': [{'type': 6, 'value': 46809}], 'pet_breed_id': 8, 'pet_level': 1, 'pet_quality_id': 3, 'pet_species_id': 1124}"
1757857862,LONG,,1,34500000,29325000,"{'id': 82800, 'context': 0, 'modifiers': [{'type': 6, 'value': 79637}], 'pet_breed_id': 5, 'pet_level': 12, 'pet_quality_id': 3, 'pet_species_id': 2082}"
1757857942,LONG,,1,365000000,310250000,"{'id': 82800, 'context': 0, 'modifiers': [{'type': 6, 'value': 78849}], 'pet_breed_id': 5, 'pet_level': 1, 'pet_quality_id': 3, 'pet_species_id': 2577}"
1757857951,LONG,,1,33490000,28466500,"{'id': 82800, 'context': 0, 'modifiers': [{'type': 6, 'value': 53610}], 'pet_breed_id': 13, 'pet_level': 1, 'pet_quality_id': 3, 'pet_species_id': 1385}"
1757857962,LONG,,1,42555000,36171800,"{'id': 82800, 'context': 0, 'modifiers': [{'type': 6, 'value': 91250}], 'pet_breed_id': 19, 'pet_level': 1, 'pet_quality_id': 3, 'pet_species_id': 2757}"
1757858080,LONG,,1,73500000,62475000,"{'id': 82800, 'context': 0, 'modifiers': [{'type': 6, 'value': 28489}], 'pet_breed_id': 7, 'pet_level': 1, 'pet_quality_id': 2, 'pet_species_id': 205}"
1757861124,LONG,,1,41400100,35190100,"{'id': 82800, 'context': 0, 'modifiers': [{'type': 6, 'value': 48212}], 'pet_breed_id': 18, 'pet_level': 1, 'pet_quality_id': 3, 'pet_species_id': 1200}"
1757861101,LONG,,1,199490000,169566500,"{'id': 82800, 'context': 0, 'modifiers': [{'type': 6, 'value': 88468}], 'pet_breed_id': 5, 'pet_level': 1, 'pet_quality_id': 2, 'pet_species_id': 2415}"
1757857851,LONG,,1,51650000,43902500,"{'id': 82800, 'context': 0, 'modifiers': [{'type': 6, 'value': 28501}], 'pet_breed_id': 9, 'pet_level': 1, 'pet_quality_id': 3, 'pet_species_id': 165}"
1757857929,LONG,,1,77500000,65875000,"{'id': 82800, 'context': 0, 'modifiers': [{'type': 6, 'value': 17192}], 'pet_breed_id': 12, 'pet_level': 1, 'pet_quality_id': 3, 'pet_species_id': 339}"
1757857985,LONG,,1,79490000,67566500,"{'id': 82800, 'context': 0, 'modifiers': [{'type': 6, 'value': 87945}], 'pet_breed_id': 6, 'pet_level': 1, 'pet_quality_id': 3, 'pet_species_id': 2440}"
1757857993,LONG,,1,38780000,32963000,"{'id': 82800, 'context': 0, 'modifiers': [{'type': 6, 'value': 94706}], 'pet_breed_id': 6, 'pet_level': 1, 'pet_quality_id': 3, 'pet_species_id': 2833}"
1757858094,LONG,,1,430000000,365500000,"{'id': 82800, 'context': 0, 'modifiers': [{'type': 6, 'value': 79798}], 'pet_breed_id': 14, 'pet_level': 1, 'pet_quality_id': 3, 'pet_species_id': 2121}"
1757861455,LONG,,1,1858990000,1580141500,"{'id': 82800, 'context': 0, 'modifiers': [{'type': 6, 'value': 51278}], 'pet_breed_id': 16, 'pet_level': 1, 'pet_quality_id': 3, 'pet_species_id': 1337}"
1757861577,LONG,,1,71500000,60775000,"{'id': 82800, 'context': 0, 'modifiers': [{'type': 6, 'value': 99876}], 'pet_breed_id': 14, 'pet_level': 1, 'pet_quality_id': 3, 'pet_species_id': 2898}"
1757864107,LONG,,1,8800000,7480000,"{'id': 82800, 'context': 0, 'modifiers': [{'type': 6, 'value': 44655}], 'pet_breed_id': 8, 'pet_level': 1, 'pet_quality_id': 3, 'pet_species_id': 650}"
1757864151,LONG,,1,184000000,156400000,"{'id': 82800, 'context': 0, 'modifiers': [{'type': 6, 'value': 91027}], 'pet_breed_id': 8, 'pet_level': 1, 'pet_quality_id': 2, 'pet_species_id': 2689}"
1757866870,LONG,,1,329000000,279650000,"{'id': 82800, 'context': 0, 'modifiers': [{'type': 6, 'value': 95581}], 'pet_breed_id': 21, 'pet_level': 1, 'pet_quality_id': 2, 'pet_species_id': 2915}"
1757866983,LONG,,1,35935000,30544800,"{'id': 82800, 'context': 0, 'modifiers': [{'type': 6, 'value': 60820}], 'pet_breed_id': 18, 'pet_level': 1, 'pet_quality_id': 3, 'pet_species_id': 1567}"
1757867021,LONG,,1,144000000,122400000,"{'id': 82800, 'context': 0, 'modifiers': [{'type': 6, 'value': 6192}], 'pet_breed_id': 3, 'pet_level': 1, 'pet_quality_id': 3, 'pet_species_id': 49}"
1757867028,LONG,,1,83800000,71230000,"{'id': 82800, 'context': 0, 'modifiers': [{'type': 6, 'value': 22388}], 'pet_breed_id': 8, 'pet_level': 1, 'pet_quality_id': 3, 'pet_species_id': 163}"
1757868215,LONG,,1,96999500,82449600,"{'id': 82800, 'context': 0, 'modifiers': [{'type': 6, 'value': 47958}], 'pet_breed_id': 21, 'pet_level': 1, 'pet_quality_id': 3, 'pet_species_id': 1208}"
1757862762,LONG,,1,80990000,68841500,"{'id': 82800, 'context': 0, 'modifiers': [{'type': 6, 'value': 42297}], 'pet_breed_id': 5, 'pet_level': 1, 'pet_quality_id': 2, 'pet_species_id': 846}"
1757857831,LONG,,1,144979400,123232500,"{'id': 82800, 'context': 0, 'modifiers': [{'type': 6, 'value': 88012}], 'pet_breed_id': 11, 'pet_level': 1, 'pet_quality_id': 3, 'pet_species_id': 2456}"
1757858073,LONG,,1,88990000,75641500,"{'id': 82800, 'context': 0, 'modifiers': [{'type': 6, 'value': 98472}], 'pet_breed_id': 4, 'pet_level': 1, 'pet_quality_id': 2, 'pet_species_id': 3009}"
1757858096,LONG,,1,156880000,133348000,"{'id': 82800, 'context': 0, 'modifiers': [{'type': 6, 'value': 73308}], 'pet_breed_id': 10, 'pet_level': 1, 'pet_quality_id': 3, 'pet_species_id': 1949}"
1757859111,LONG,,1,85490000,72666500,"{'id': 82800, 'context': 0, 'modifiers': [{'type': 6, 'value': 91021}], 'pet_breed_id': 14, 'pet_level': 1, 'pet_quality_id': 3, 'pet_species_id': 2691}"
1757859113,LONG,,1,2440000,2074000,"{'id': 82800, 'context': 0, 'modifiers': [{'type': 6, 'value': 46896}], 'pet_breed_id': 9, 'pet_level': 1, 'pet_quality_id': 3, 'pet_species_id': 1144}"
1757859123,LONG,,1,151888600,129105300,"{'id': 82800, 'context': 0, 'modifiers': [{'type': 6, 'value': 73663}], 'pet_breed_id': 5, 'pet_level': 1, 'pet_quality_id': 3, 'pet_species_id': 1953}"
1757859139,LONG,,1,80990000,68841500,"{'id': 82800, 'context': 0, 'modifiers': [{'type': 6, 'value': 93753}], 'pet_breed_id': 13, 'pet_level': 1, 'pet_quality_id': 2, 'pet_species_id': 2935}"
1757861306,LONG,,1,24150000,20527500,"{'id': 82800, 'context': 0, 'modifiers': [{'type': 6, 'value': 25457}], 'pet_breed_id': 3, 'pet_level': 1, 'pet_quality_id': 3, 'pet_species_id': 186}"
1757861316,LONG,,1,140635700,119540300,"{'id': 82800, 'context': 0, 'modifiers': [{'type': 6, 'value': 47748}], 'pet_breed_id': 8, 'pet_level': 1, 'pet_quality_id': 3, 'pet_species_id': 1198}"
1757861394,LONG,,1,19600000,16660000,"{'id': 82800, 'context': 0, 'modifiers': [{'type': 6, 'value': 75334}], 'pet_breed_id': 3, 'pet_level': 1, 'pet_quality_id': 2, 'pet_species_id': 2714}"
1757861523,LONG,,1,36480000,31008000,"{'id': 82800, 'context': 0, 'modifiers': [{'type': 6, 'value': 58768}], 'pet_breed_id': 19, 'pet_level': 1, 'pet_quality_id': 3, 'pet_species_id': 1571}"
1757862863,LONG,,1,211834500,180059300,"{'id': 82800, 'context': 0, 'modifiers': [{'type': 6, 'value': 51268}], 'pet_breed_id': 6, 'pet_level': 1, 'pet_quality_id': 3, 'pet_species_id': 1322}"
1757862879,LONG,,1,80190000,68161500,"{'id': 82800, 'context': 0, 'modifiers': [{'type': 6, 'value': 88761}], 'pet_breed_id': 5, 'pet_level': 1, 'pet_quality_id': 2, 'pet_species_id': 2712}"
1757862961,LONG,,1,497913000,,"{'id': 82800, 'context': 0, 'modifiers': [{'type': 6, 'value': 6294}], 'pet_breed_id': 5, 'pet_level': 1, 'pet_quality_id': 3, 'pet_species_id': 87}"
1757863075,LONG,,1,19500000,17000000,"{'id': 82800, 'context': 0, 'modifiers': [{'type': 6, 'value': 42872}], 'pet_breed_id': 3, 'pet_level': 1, 'pet_quality_id': 2, 'pet_species_id': 630}"
1757864113,LONG,,1,663999500,,"{'id': 82800, 'context': 0, 'modifiers': [{'type': 6, 'value': 86088}], 'pet_breed_id': 18, 'pet_level': 1, 'pet_quality_id': 3, 'pet_species_id': 2186}"
1757864142,LONG,,1,97190000,82611500,"{'id': 82800, 'context': 0, 'modifiers': [{'type': 6, 'value': 84863}], 'pet_breed_id': 10, 'pet_level': 1, 'pet_quality_id': 2, 'pet_species_id': 2413}"
1757864191,LONG,,1,81490000,69266500,"{'id': 82800, 'context': 0, 'modifiers': [{'type': 6, 'value': 15905}], 'pet_breed_id': 10, 'pet_level': 1, 'pet_quality_id': 2, 'pet_species_id': 845}"
1757864363,LONG,,1,304000000,258400000,"{'id': 82800, 'context': 0, 'modifiers': [{'type': 6, 'value': 95582}], 'pet_breed_id': 8, 'pet_level': 1, 'pet_quality_id': 2, 'pet_species_id': 2914}"
1757864492,LONG,,1,17314600,14717400,"{'id': 82800, 'context': 0, 'modifiers': [{'type': 6, 'value': 48878}], 'pet_breed_id': 10, 'pet_level': 1, 'pet_quality_id': 3, 'pet_species_id': 1226}"
1757866940,LONG,,1,72000000,61200000,"{'id': 82800, 'context': 0, 'modifiers': [{'type': 6, 'value': 48662}], 'pet_breed_id': 5, 'pet_level': 1, 'pet_quality_id': 3, 'pet_species_id': 1229}"
1757862835,LONG,,1,34000000,28900000,"{'id': 82800, 'context': 0, 'modifiers': [{'type': 6, 'value': 10269}], 'pet_breed_id': 12, 'pet_level': 1, 'pet_quality_id': 2, 'pet_species_id': 116}"
1757862868,LONG,,1,234968300,199723100,"{'id': 82800, 'context': 0, 'modifiers': [{'type': 6, 'value': 30298}], 'pet_breed_id': 18, 'pet_level': 1, 'pet_quality_id': 3, 'pet_species_id': 2527}"
1757862893,LONG,,1,428134500,363914300,"{'id': 82800, 'context': 0, 'modifiers': [{'type': 6, 'value': 90993}], 'pet_breed_id': 17, 'pet_level': 1, 'pet_quality_id': 3, 'pet_species_id': 2707}"
1757862985,LONG,,1,670000000,,"{'id': 82800, 'context': 0, 'modifiers': [{'type': 6, 'value': 92904}], 'pet_breed_id': 7, 'pet_level': 1, 'pet_quality_id': 3, 'pet_species_id': 2848}"
1757864263,LONG,,1,48490000,41216500,"{'id': 82800, 'context': 0, 'modifiers': [{'type': 6, 'value': 65714}], 'pet_breed_id': 6, 'pet_level': 1, 'pet_quality_id': 3, 'pet_species_id': 1765}"
1757864287,LONG,,1,34407200,29246100,"{'id': 82800, 'context': 0, 'modifiers': [{'type': 6, 'value': 47931}], 'pet_breed_id': 17, 'pet_level': 1, 'pet_quality_id': 3, 'pet_species_id': 1478}"
1757864480,LONG,,1,67990000,57791500,"{'id': 82800, 'context': 0, 'modifiers': [{'type': 6, 'value': 38229}], 'pet_breed_id': 18, 'pet_level': 1, 'pet_quality_id': 3, 'pet_species_id': 309}"
1757866849,LONG,,1,67632100,64000000,"{'id': 82800, 'context': 0, 'modifiers': [{'type': 6, 'value': 36499}], 'pet_breed_id': 3, 'pet_level': 1, 'pet_quality_id': 2, 'pet_species_id': 271}"
1757857768,LONG,,1,45000000,38250000,"{'id': 82800, 'context': 0, 'modifiers': [{'type': 6, 'value': 78222}], 'pet_breed_id': 17, 'pet_level': 1, 'pet_quality_id': 3, 'pet_species_id': 2071}"
1757857780,LONG,,1,97000000,82450000,"{'id': 82800, 'context': 0, 'modifiers': [{'type': 6, 'value': 51277}], 'pet_breed_id': 16, 'pet_level': 1, 'pet_quality_id': 2, 'pet_species_id': 1330}"
1757857807,LONG,,1,147980200,125783200,"{'id': 82800, 'context': 0, 'modifiers': [{'type': 6, 'value': 47747}], 'pet_breed_id': 9, 'pet_level': 1, 'pet_quality_id': 3, 'pet_species_id': 1196}"
1757858021,LONG,,1,270000000,229500000,"{'id': 82800, 'context': 0, 'modifiers': [{'type': 6, 'value': 95575}], 'pet_breed_id': 15, 'pet_level': 1, 'pet_quality_id': 2, 'pet_species_id': 3047}"
1757858072,LONG,,1,80490000,68416500,"{'id': 82800, 'context': 0, 'modifiers': [{'type': 6, 'value': 54855}], 'pet_breed_id': 18, 'pet_level': 1, 'pet_quality_id': 3, 'pet_species_id': 1542}"
1757868188,LONG,,1,17430000,14815500,"{'id': 82800, 'context': 0, 'modifiers': [{'type': 6, 'value': 28217}], 'pet_breed_id': 7, 'pet_level': 1, 'pet_quality_id': 2, 'pet_species_id': 196}"
1757862850,LONG,,1,60248000,51210800,"{'id': 82800, 'context': 0, 'modifiers': [{'type': 6, 'value': 57803}], 'pet_breed_id': 17, 'pet_level': 1, 'pet_quality_id': 3, 'pet_species_id': 1428}"
1757863088,LONG,,1,73780000,62713000,"{'id': 82800, 'context': 0, 'modifiers': [{'type': 6, 'value': 45938}], 'pet_breed_id': 7, 'pet_level': 1, 'pet_quality_id': 3, 'pet_species_id': 834}"
1757866588,LONG,,1,63219800,53736800,"{'id': 82800, 'context': 0, 'modifiers': [{'type': 6, 'value': 48705}], 'pet_breed_id': 7, 'pet_level': 1, 'pet_quality_id': 3, 'pet_species_id': 1244}"
1757866880,LONG,,1,82458000,70089300,"{'id': 82800, 'context': 0, 'modifiers': [{'type': 6, 'value': 86532}], 'pet_breed_id': 15, 'pet_level': 1, 'pet_quality_id': 3, 'pet_species_id': 2794}"
1757868147,LONG,,1,6000000,5100000,"{'id': 82800, 'context': 0, 'modifiers': [{'type': 6, 'value': 75766}], 'pet_breed_id': 18, 'pet_level': 1, 'pet_quality_id': 3, 'pet_species_id': 2042}"
1757859163,LONG,,1,47240000,40154000,"{'id': 82800, 'context': 0, 'modifiers': [{'type': 6, 'value': 21381}], 'pet_breed_id': 3, 'pet_level': 1, 'pet_quality_id': 2, 'pet_species_id': 157}"
1757861114,LONG,,1,67480000,57358000,"{'id': 82800, 'context': 0, 'modifiers': [{'type': 6, 'value': 90513}], 'pet_breed_id': 18, 'pet_level': 1, 'pet_quality_id': 3, 'pet_species_id': 2694}"
1757861346,LONG,,1,9989900,8491400,"{'id': 82800, 'context': 0, 'modifiers': [{'type': 6, 'value': 22778}], 'pet_breed_id': 13, 'pet_level': 1, 'pet_quality_id': 2, 'pet_species_id': 254}"
1757857778,LONG,,1,16590000,14101500,"{'id': 82800, 'context': 0, 'modifiers': [{'type': 6, 'value': 92438}], 'pet_breed_id': 18, 'pet_level': 1, 'pet_quality_id': 3, 'pet_species_id': 2836}"
1757857891,LONG,,1,29459500,26900000,"{'id': 82800, 'context': 0, 'modifiers': [{'type': 6, 'value': 57823}], 'pet_breed_id': 17, 'pet_level': 1, 'pet_quality_id': 3, 'pet_species_id': 1429}"
1757857974,LONG,,1,12000000,10200000,"{'id': 82800, 'context': 0, 'modifiers': [{'type': 6, 'value': 59602}], 'pet_breed_id': 18, 'pet_level': 1, 'pet_quality_id': 2, 'pet_species_id': 1532}"
1757858037,LONG,,1,432999400,368049500,"{'id': 82800, 'context': 0, 'modifiers': [{'type': 6, 'value': 92502}], 'pet_breed_id': 16, 'pet_level': 1, 'pet_quality_id': 3, 'pet_species_id': 2766}"
1757858099,LONG,,1,7600000,7450000,"{'id': 82800, 'context': 0, 'modifiers': [{'type': 6, 'value': 99896}], 'pet_breed_id': 4, 'pet_level': 1, 'pet_quality_id': 2, 'pet_species_id': 2921}"
1757859107,LONG,,1,26500000,22525000,"{'id': 82800, 'context': 0, 'modifiers': [{'type': 6, 'value': 50613}], 'pet_breed_id': 8, 'pet_level': 1, 'pet_quality_id': 3, 'pet_species_id': 2702}"
1757859121,LONG,,1,670000000,,"{'id': 82800, 'context': 0, 'modifiers': [{'type': 6, 'value': 94165}], 'pet_breed_id': 18, 'pet_level': 1, 'pet_quality_id': 3, 'pet_species_id': 2754}"
1757860095,LONG,,1,24555100,20871800,"{'id': 82800, 'context': 0, 'modifiers': [{'type': 6, 'value': 60975}], 'pet_breed_id': 13, 'pet_level': 1, 'pet_quality_id': 3, 'pet_species_id': 1600}"
1757861138,LONG,,1,298000000,253300000,"{'id': 82800, 'context': 0, 'modifiers': [{'type': 6, 'value': 99873}], 'pet_breed_id': 14, 'pet_level': 1, 'pet_quality_id': 2, 'pet_species_id': 2892}"
1757861182,LONG,,1,33480000,28458000,"{'id': 82800, 'context': 0, 'modifiers': [{'type': 6, 'value': 90411}], 'pet_breed_id': 18, 'pet_level': 1, 'pet_quality_id': 2, 'pet_species_id': 2530}"
1757861253,LONG,,1,6915200,5877900,"{'id': 82800, 'context': 0, 'modifiers': [{'type': 6, 'value': 95584}], 'pet_breed_id': 8, 'pet_level': 1, 'pet_quality_id': 2, 'pet_species_id': 2942}"
1757858054,LONG,,1,81400000,69190000,"{'id': 82800, 'context': 0, 'modifiers': [{'type': 6, 'value': 74800}], 'pet_breed_id': 10, 'pet_level': 1, 'pet_quality_id': 2, 'pet_species_id': 2716}"
1757859101,LONG,,1,14500100,12325100,"{'id': 82800, 'context': 0, 'modifiers': [{'type': 6, 'value': 79639}], 'pet_breed_id': 5, 'pet_level': 1, 'pet_quality_id': 3, 'pet_species_id': 2085}"
1757859105,LONG,,1,10490000,8916500,"{'id': 82800, 'context': 0, 'modifiers': [{'type': 6, 'value': 8910}], 'pet_breed_id': 7, 'pet_level': 1, 'pet_quality_id': 2, 'pet_species_id': 86}"
1757861584,LONG,,1,178900000,152065000,"{'id': 82800, 'context': 0, 'modifiers': [{'type': 6, 'value': 78244}], 'pet_breed_id': 3, 'pet_level': 1, 'pet_quality_id': 3, 'pet_species_id': 2403}"
1757862809,LONG,,1,207000000,175950000,"{'id': 82800, 'context': 0, 'modifiers': [{'type': 6, 'value': 88024}], 'pet_breed_id': 5, 'pet_level': 1, 'pet_quality_id': 2, 'pet_species_id': 2475}"
1757861470,LONG,,1,148980000,126633000,"{'id': 82800, 'context': 0, 'modifiers': [{'type': 6, 'value': 69092}], 'pet_breed_id': 12, 'pet_level': 1, 'pet_quality_id': 2, 'pet_species_id': 2408}"
1757861533,LONG,,1,48990000,41641500,"{'id': 82800, 'context': 0, 'modifiers': [{'type': 6, 'value': 6288}], 'pet_breed_id': 18, 'pet_level': 1, 'pet_quality_id': 3, 'pet_species_id': 56}"
1757862780,LONG,,1,57078900,48517100,"{'id': 82800, 'context': 0, 'modifiers': [{'type': 6, 'value': 90028}], 'pet_breed_id': 9, 'pet_level': 1, 'pet_quality_id': 2, 'pet_species_id': 2538}"
1757857803,LONG,,1,55447100,47130000,"{'id': 82800, 'context': 0, 'modifiers': [{'type': 6, 'value': 69490}], 'pet_breed_id': 12, 'pet_level': 1, 'pet_quality_id': 3, 'pet_species_id': 1699}"
1757857956,LONG,,1,17550100,14917600,"{'id': 82800, 'context': 0, 'modifiers': [{'type': 6, 'value': 58770}], 'pet_breed_id': 14, 'pet_level': 1, 'pet_quality_id': 3, 'pet_species_id': 1467}"
1757858046,LONG,,1,68509700,58233200,"{'id': 82800, 'context': 0, 'modifiers': [{'type': 6, 'value': 1418}], 'pet_breed_id': 5, 'pet_level': 1, 'pet_quality_id': 2, 'pet_species_id': 2065}"
1757859112,LONG,,1,254000000,215900000,"{'id': 82800, 'context': 0, 'modifiers': [{'type': 6, 'value': 61016}], 'pet_breed_id': 14, 'pet_level': 1, 'pet_quality_id': 2, 'pet_species_id': 1601}"
1757862867,LONG,,1,460000000,391000000,"{'id': 82800, 'context': 0, 'modifiers': [{'type': 6, 'value': 99857}], 'pet_breed_id': 6, 'pet_level': 1, 'pet_quality_id': 2, 'pet_species_id': 2945}"
1757864254,LONG,,1,156290000,132846500,"{'id': 82800, 'context': 0, 'modifiers': [{'type': 6, 'value': 84857}], 'pet_breed_id': 17, 'pet_level': 1, 'pet_quality_id': 2, 'pet_species_id': 2412}"
1757864414,LONG,,1,24297000,20652500,"{'id': 82800, 'context': 0, 'modifiers': [{'type': 6, 'value': 74513}], 'pet_breed_id': 17, 'pet_level': 1, 'pet_quality_id': 3, 'pet_species_id': 2001}"
1757866460,LONG,,1,13500000,11475000,"{'id': 82800, 'context': 0, 'modifiers': [{'type': 6, 'value': 90422}], 'pet_breed_id': 16, 'pet_level': 1, 'pet_quality_id': 2, 'pet_species_id': 2526}"
1757867008,LONG,,1,57000000,48450000,"{'id': 82800, 'context': 0, 'modifiers': [{'type': 6, 'value': 45939}], 'pet_breed_id': 12, 'pet_level': 1, 'pet_quality_id': 3, 'pet_species_id': 337}"
1757868220,LONG,,1,354000000,300900000,"{'id': 82800, 'context': 0, 'modifiers': [{'type': 6, 'value': 63584}], 'pet_breed_id': 3, 'pet_level': 1, 'pet_quality_id': 3, 'pet_species_id': 1664}"
1757860098,LONG,,1,42753600,36340600,"{'id': 82800, 'context': 0, 'modifiers': [{'type': 6, 'value': 48708}], 'pet_breed_id': 6, 'pet_level': 1, 'pet_quality_id': 3, 'pet_species_id': 1245}"
1757861156,LONG,,1,73000000,64000000,"{'id': 82800, 'context': 0, 'modifiers': [{'type': 6, 'value': 99891}], 'pet_breed_id': 6, 'pet_level': 1, 'pet_quality_id': 2, 'pet_species_id': 3006}"
1757861175,LONG,,1,29873200,25392200,"{'id': 82800, 'context': 0, 'modifiers': [{'type': 6, 'value': 22855}], 'pet_breed_id': 19, 'pet_level': 1, 'pet_quality_id': 3, 'pet_species_id': 167}"
1757862844,LONG,,1,69307700,58911500,"{'id': 82800, 'context': 0, 'modifiers': [{'type': 6, 'value': 58617}], 'pet_breed_id': 13, 'pet_level': 1, 'pet_quality_id': 3, 'pet_species_id': 1458}"
1757862935,LONG,,1,171000000,145350000,"{'id': 82800, 'context': 0, 'modifiers': [{'type': 6, 'value': 59668}], 'pet_breed_id': 8, 'pet_level': 1, 'pet_quality_id': 3, 'pet_species_id': 1533}"
1757864117,LONG,,1,148980000,126633000,"{'id': 82800, 'context': 0, 'modifiers': [{'type': 6, 'value': 58760}], 'pet_breed_id': 16, 'pet_level': 1, 'pet_quality_id': 3, 'pet_species_id': 1663}"
1757866761,LONG,,1,148000000,125800000,"{'id': 82800, 'context': 0, 'modifiers': [{'type': 6, 'value': 28726}], 'pet_breed_id': 15, 'pet_level': 1, 'pet_quality_id': 3, 'pet_species_id': 1943}"
1757866861,LONG,,1,324000000,275400000,"{'id': 82800, 'context': 0, 'modifiers': [{'type': 6, 'value': 83653}], 'pet_breed_id': 3, 'pet_level': 1, 'pet_quality_id': 3, 'pet_species_id': 2477}"
1757867043,LONG,,1,58500000,49725000,"{'id': 82800, 'context': 0, 'modifiers': [{'type': 6, 'value': 80029}], 'pet_breed_id': 5, 'pet_level': 1, 'pet_quality_id': 2, 'pet_species_id': 2426}"
1757866798,LONG,,1,149480000,127058000,"{'id': 82800, 'context': 0, 'modifiers': [{'type': 6, 'value': 28539}], 'pet_breed_id': 10, 'pet_level': 1, 'pet_quality_id': 2, 'pet_species_id': 215}"
1757866919,LONG,,1,79830000,67855500,"{'id': 82800, 'context': 0, 'modifiers': [{'type': 6, 'value': 60909}], 'pet_breed_id': 20, 'pet_level': 1, 'pet_quality_id': 2, 'pet_species_id': 1575}"
1757867074,LONG,,1,55490000,47166500,"{'id': 82800, 'context': 0, 'modifiers': [{'type': 6, 'value': 74038}], 'pet_breed_id': 21, 'pet_level': 1, 'pet_quality_id': 3, 'pet_species_id': 2438}"
1757867084,LONG,,1,88900000,75565000,"{'id': 82800, 'context': 0, 'modifiers': [{'type': 6, 'value': 78240}], 'pet_breed_id': 19, 'pet_level': 1, 'pet_quality_id': 3, 'pet_species_id': 2693}"
1757861520,LONG,,1,162669400,138269000,"{'id': 82800, 'context': 0, 'modifiers': [{'type': 6, 'value': 99860}], 'pet_breed_id': 10, 'pet_level': 1, 'pet_quality_id': 2, 'pet_species_id': 2947}"
1757861525,LONG,,1,246000000,209100000,"{'id': 82800, 'context': 0, 'modifiers': [{'type': 6, 'value': 99855}], 'pet_breed_id': 6, 'pet_level': 1, 'pet_quality_id': 2, 'pet_species_id': 2931}"
1757861536,LONG,,1,8990000,7641500,"{'id': 82800, 'context': 0, 'modifiers': [{'type': 6, 'value': 99870}], 'pet_breed_id': 9, 'pet_level': 1, 'pet_quality_id': 2, 'pet_species_id': 3039}"
1757862749,LONG,,1,55490000,47166500,"{'id': 82800, 'context': 0, 'modifiers': [{'type': 6, 'value': 87870}], 'pet_breed_id': 5, 'pet_level': 1, 'pet_quality_id': 3, 'pet_species_id': 2433}"
1757862751,LONG,,1,176399300,149939400,"{'id': 82800, 'context': 0, 'modifiers': [{'type': 6, 'value': 51269}], 'pet_breed_id': 7, 'pet_level': 1, 'pet_quality_id': 3, 'pet_species_id': 1334}"
1757862870,LONG,,1,27500000,23375000,"{'id': 82800, 'context': 0, 'modifiers': [{'type': 6, 'value': 78261}], 'pet_breed_id': 3, 'pet_level': 1, 'pet_quality_id': 3, 'pet_species_id': 2072}"
1757864136,LONG,,1,19770000,16804500,"{'id': 82800, 'context': 0, 'modifiers': [{'type': 6, 'value': 64222}], 'pet_breed_id': 4, 'pet_level': 1, 'pet_quality_id': 3, 'pet_species_id': 1688}"
1757864449,LONG,,1,22440000,19074000,"{'id': 82800, 'context': 0, 'modifiers': [{'type': 6, 'value': 88003}], 'pet_breed_id': 7, 'pet_level': 1, 'pet_quality_id': 3, 'pet_species_id': 2452}"
1757866786,LONG,,1,96690000,82186500,"{'id': 82800, 'context': 0, 'modifiers': [{'type': 6, 'value': 91224}], 'pet_breed_id': 20, 'pet_level': 1, 'pet_quality_id': 3, 'pet_species_id': 2762}"
1757866960,LONG,,1,73290000,62296500,"{'id': 82800, 'context': 0, 'modifiers': [{'type': 6, 'value': 69488}], 'pet_breed_id': 21, 'pet_level': 1, 'pet_quality_id': 3, 'pet_species_id': 1701}"
1757867094,LONG,,1,255677100,218900000,"{'id': 82800, 'context': 0, 'modifiers': [{'type': 6, 'value': 33217}], 'pet_breed_id': 9, 'pet_level': 1, 'pet_quality_id': 3, 'pet_species_id': 278}"
1757861220,LONG,,1,268797600,228478000,"{'id': 82800, 'context': 0, 'modifiers': [{'type': 6, 'value': 60930}], 'pet_breed_id': 14, 'pet_level': 1, 'pet_quality_id': 3, 'pet_species_id': 1576}"
1757861427,LONG,,1,840989500,,"{'id': 82800, 'context': 0, 'modifiers': [{'type': 6, 'value': 34262}], 'pet_breed_id': 8, 'pet_level': 1, 'pet_quality_id': 3, 'pet_species_id': 264}"
1757859145,LONG,,1,94740000,80529000,"{'id': 82800, 'context': 0, 'modifiers': [{'type': 6, 'value': 23507}], 'pet_breed_id': 7, 'pet_level': 1, 'pet_quality_id': 3, 'pet_species_id': 173}"
1757861108,LONG,,1,58500000,49725000,"{'id': 82800, 'context': 0, 'modifiers': [{'type': 6, 'value': 82688}], 'pet_breed_id': 17, 'pet_level': 1, 'pet_quality_id': 3, 'pet_species_id': 2163}"
1757861110,LONG,,1,88500000,75225000,"{'id': 82800, 'context': 0, 'modifiers': [{'type': 6, 'value': 45854}], 'pet_breed_id': 5, 'pet_level': 11, 'pet_quality_id': 3, 'pet_species_id': 836}"
1757861233,LONG,,1,51360000,43656000,"{'id': 82800, 'context': 0, 'modifiers': [{'type': 6, 'value': 47732}], 'pet_breed_id': 19, 'pet_level': 1, 'pet_quality_id': 3, 'pet_species_id': 1185}"
1757861265,LONG,,1,185000000,157250000,"{'id': 82800, 'context': 0, 'modifiers': [{'type': 6, 'value': 93750}], 'pet_breed_id': 11, 'pet_level': 1, 'pet_quality_id': 2, 'pet_species_id': 2907}"
1757861267,LONG,,1,80990000,68841500,"{'id': 82800, 'context': 0, 'modifiers': [{'type': 6, 'value': 50919}], 'pet_breed_id': 20, 'pet_level': 1, 'pet_quality_id': 3, 'pet_species_id': 2590}"
1757861327,LONG,,1,8990000,7641500,"{'id': 82800, 'context': 0, 'modifiers': [{'type': 6, 'value': 66212}], 'pet_breed_id': 22, 'pet_level': 1, 'pet_quality_id': 3, 'pet_species_id': 1808}"
1757861368,LONG,,1,139000100,118150100,"{'id': 82800, 'context': 0, 'modifiers': [{'type': 6, 'value': 92073}], 'pet_breed_id': 7, 'pet_level': 1, 'pet_quality_id': 3, 'pet_species_id': 2755}"
1757861438,LONG,,1,19000000,16150000,"{'id': 82800, 'context': 0, 'modifiers': [{'type': 6, 'value': 81665}], 'pet_breed_id': 11, 'pet_level': 1, 'pet_quality_id': 3, 'pet_species_id': 2546}"
1757857866,LONG,,1,9905800,8419900,"{'id': 82800, 'context': 0, 'modifiers': [{'type': 6, 'value': 44551}], 'pet_breed_id': 6, 'pet_level': 1, 'pet_quality_id': 2, 'pet_species_id': 1039}"
1757857873,LONG,,1,21090000,17926500,"{'id': 82800, 'context': 0, 'modifiers': [{'type': 6, 'value': 65087}], 'pet_breed_id': 14, 'pet_level': 1, 'pet_quality_id': 3, 'pet_species_id': 1716}"
1757857877,LONG,,1,89490000,76066500,"{'id': 82800, 'context': 0, 'modifiers': [{'type': 6, 'value': 54848}], 'pet_breed_id': 8, 'pet_level': 1, 'pet_quality_id': 3, 'pet_species_id': 1396}"
1757857882,LONG,,1,47450000,40332500,"{'id': 82800, 'context': 0, 'modifiers': [{'type': 6, 'value': 99014}], 'pet_breed_id': 12, 'pet_level': 1, 'pet_quality_id': 2, 'pet_species_id': 2953}"
1757857979,LONG,,1,98490000,83716500,"{'id': 82800, 'context': 0, 'modifiers': [{'type': 6, 'value': 80414}], 'pet_breed_id': 3, 'pet_level': 1, 'pet_quality_id': 2, 'pet_species_id': 2409}"
1757858082,LONG,,1,178900000,152065000,"{'id': 82800, 'context': 0, 'modifiers': [{'type': 6, 'value': 81099}], 'pet_breed_id': 7, 'pet_level': 1, 'pet_quality_id': 2, 'pet_species_id': 2427}"
1757858083,LONG,,1,29670000,25219500,"{'id': 82800, 'context': 0, 'modifiers': [{'type': 6, 'value': 58170}], 'pet_breed_id': 6, 'pet_level': 1, 'pet_quality_id': 1, 'pet_species_id': 1426}"
1757859109,LONG,,1,61500000,52275000,"{'id': 82800, 'context': 0, 'modifiers': [{'type': 6, 'value': 51279}], 'pet_breed_id': 22, 'pet_level': 1, 'pet_quality_id': 3, 'pet_species_id': 1336}"
1757861476,LONG,,1,54500000,46325000,"{'id': 82800, 'context': 0, 'modifiers': [{'type': 6, 'value': 99875}], 'pet_breed_id': 8, 'pet_level': 1, 'pet_quality_id': 2, 'pet_species_id': 3037}"
1757861544,LONG,,1,8603200,7450000,"{'id': 82800, 'context': 0, 'modifiers': [{'type': 6, 'value': 48091}], 'pet_breed_id': 10, 'pet_level': 1, 'pet_quality_id': 3, 'pet_species_id': 1201}"
1757861562,LONG,,1,55049900,46792400,"{'id': 82800, 'context': 0, 'modifiers': [{'type': 6, 'value': 86805}], 'pet_breed_id': 19, 'pet_level': 1, 'pet_quality_id': 2, 'pet_species_id': 2411}"
1757861565,LONG,,1,342000000,290700000,"{'id': 82800, 'context': 0, 'modifiers': [{'type': 6, 'value': 83641}], 'pet_breed_id': 3, 'pet_level': 1, 'pet_quality_id': 2, 'pet_species_id': 2416}"
1757862830,LONG,,1,55490000,47166500,"{'id': 82800, 'context': 0, 'modifiers': [{'type': 6, 'value': 87903}], 'pet_breed_id': 9, 'pet_level': 1, 'pet_quality_id': 3, 'pet_species_id': 2437}"
1757864314,LONG,,1,51799300,44029400,"{'id': 82800, 'context': 0, 'modifiers': [{'type': 6, 'value': 57825}], 'pet_breed_id': 22, 'pet_level': 1, 'pet_quality_id': 3, 'pet_species_id': 1434}"
1757866459,LONG,,1,346999900,294949900,"{'id': 82800, 'context': 0, 'modifiers': [{'type': 6, 'value': 47960}], 'pet_breed_id': 13, 'pet_level': 1, 'pet_quality_id': 3, 'pet_species_id': 1209}"
1757866478,LONG,,1,201678100,171426400,"{'id': 82800, 'context': 0, 'modifiers': [{'type': 6, 'value': 45942}], 'pet_breed_id': 9, 'pet_level': 1, 'pet_quality_id': 3, 'pet_species_id': 868}"
1757866561,LONG,,1,131700000,111945000,"{'id': 82800, 'context': 0, 'modifiers': [{'type': 6, 'value': 4732}], 'pet_breed_id': 9, 'pet_level': 1, 'pet_quality_id': 2, 'pet_species_id': 206}"
1757866705,LONG,,1,41450000,35232500,"{'id': 82800, 'context': 0, 'modifiers': [{'type': 6, 'value': 36901}], 'pet_breed_id': 3, 'pet_level': 1, 'pet_quality_id': 2, 'pet_species_id': 292}"
1757866805,LONG,,1,79990000,67991500,"{'id': 82800, 'context': 0, 'modifiers': [{'type': 6, 'value': 97090}], 'pet_breed_id': 8, 'pet_level': 1, 'pet_quality_id': 2, 'pet_species_id': 3029}"
1757866991,LONG,,1,237800000,202130000,"{'id': 82800, 'context': 0, 'modifiers': [{'type': 6, 'value': 28493}], 'pet_breed_id': 3, 'pet_level': 1, 'pet_quality_id': 2, 'pet_species_id': 212}"
1757868119,LONG,,1,139419300,118506400,"{'id': 82800, 'context': 0, 'modifiers': [{'type': 6, 'value': 70232}], 'pet_breed_id': 3, 'pet_level': 1, 'pet_quality_id': 3, 'pet_species_id': 229}"
1757861197,LONG,,1,79500000,67575000,"{'id': 82800, 'context': 0, 'modifiers': [{'type': 6, 'value': 21382}], 'pet_breed_id': 3, 'pet_level': 1, 'pet_quality_id': 2, 'pet_species_id': 158}"
1757861355,LONG,,1,79490000,67566500,"{'id': 82800, 'context': 0, 'modifiers': [{'type': 6, 'value': 79634}], 'pet_breed_id': 12, 'pet_level': 1, 'pet_quality_id': 3, 'pet_species_id': 2079}"
1757861424,LONG,,1,79500000,67575000,"{'id': 82800, 'context': 0, 'modifiers': [{'type': 6, 'value': 74423}], 'pet_breed_id': 20, 'pet_level': 1, 'pet_quality_id': 3, 'pet_species_id': 2081}"
1757861459,LONG,,1,325999400,277099500,"{'id': 82800, 'context': 0, 'modifiers': [{'type': 6, 'value': 90874}], 'pet_breed_id': 6, 'pet_level': 1, 'pet_quality_id': 3, 'pet_species_id': 2718}"
1757861499,LONG,,1,48680000,41378000,"{'id': 82800, 'context': 0, 'modifiers': [{'type': 6, 'value': 91111}], 'pet_breed_id': 20, 'pet_level': 1, 'pet_quality_id': 2, 'pet_species_id': 2699}"
1757861547,LONG,,1,19600000,16660000,"{'id': 82800, 'context': 0, 'modifiers': [{'type': 6, 'value': 65071}], 'pet_breed_id': 7, 'pet_level': 1, 'pet_quality_id': 3, 'pet_species_id': 1705}"
1757861587,LONG,,1,47500000,40375000,"{'id': 82800, 'context': 0, 'modifiers': [{'type': 6, 'value': 99869}], 'pet_breed_id': 9, 'pet_level': 1, 'pet_quality_id': 2, 'pet_species_id': 3027}"
1757862797,LONG,,1,254000000,215900000,"{'id': 82800, 'context': 0, 'modifiers': [{'type': 6, 'value': 74529}], 'pet_breed_id': 13, 'pet_level': 1, 'pet_quality_id': 3, 'pet_species_id': 382}"
1757862856,LONG,,1,79980000,67983000,"{'id': 82800, 'context': 0, 'modifiers': [{'type': 6, 'value': 88019}], 'pet_breed_id': 11, 'pet_level': 1, 'pet_quality_id': 3, 'pet_species_id': 2696}"
1757862942,LONG,,1,55490000,47166500,"{'id': 82800, 'context': 0, 'pet_breed_id': 6, 'pet_level': 1, 'pet_quality_id': 3, 'pet_species_id': 2078}"
1757864279,LONG,,1,14590800,12402200,"{'id': 82800, 'context': 0, 'modifiers': [{'type': 6, 'value': 90867}], 'pet_breed_id': 16, 'pet_level': 1, 'pet_quality_id': 3, 'pet_species_id': 2586}"
1757864341,LONG,,1,5139900,4368900,"{'id': 82800, 'context': 0, 'modifiers': [{'type': 6, 'value': 9905}], 'pet_breed_id': 7, 'pet_level': 1, 'pet_quality_id': 3, 'pet_species_id': 286}"
1757866451,LONG,,1,870000000,,"{'id': 82800, 'context': 0, 'modifiers': [{'type': 6, 'value': 99859}], 'pet_breed_id': 5, 'pet_level': 1, 'pet_quality_id': 2, 'pet_species_id': 2949}"
1757866490,LONG,,1,88000000,74800000,"{'id': 82800, 'context': 0, 'modifiers': [{'type': 6, 'value': 21393}], 'pet_breed_id': 16, 'pet_level': 1, 'pet_quality_id': 2, 'pet_species_id': 159}"
1757866535,LONG,,1,362000000,307700000,"{'id': 82800, 'context': 0, 'modifiers': [{'type': 6, 'value': 47711}], 'pet_breed_id': 11, 'pet_level': 1, 'pet_quality_id': 3, 'pet_species_id': 1204}"
1757866778,LONG,,1,194200000,165070000,"{'id': 82800, 'context': 0, 'modifiers': [{'type': 6, 'value': 99922}], 'pet_breed_id': 4, 'pet_level': 1, 'pet_quality_id': 2, 'pet_species_id': 2962}"
1757866817,LONG,,1,196000000,166600000,"{'id': 82800, 'context': 0, 'modifiers': [{'type': 6, 'value': 80467}], 'pet_breed_id': 4, 'pet_level': 1, 'pet_quality_id': 2, 'pet_species_id': 2428}"
1757866830,LONG,,1,13710000,11653500,"{'id': 82800, 'context': 0, 'modifiers': [{'type': 6, 'value': 99898}], 'pet_breed_id': 19, 'pet_level': 1, 'pet_quality_id': 2, 'pet_species_id': 2908}"
1757868264,LONG,,1,149000000,129900000,"{'id': 82800, 'context': 0, 'modifiers': [{'type': 6, 'value': 74514}], 'pet_breed_id': 6, 'pet_level': 1, 'pet_quality_id': 3, 'pet_species_id': 2002}"
1757861513,LONG,,1,28491000,24217400,"{'id': 82800, 'context': 0, 'modifiers': [{'type': 6, 'value': 65713}], 'pet_breed_id': 5, 'pet_level': 1, 'pet_quality_id': 3, 'pet_species_id': 1764}"
1757861558,LONG,,1,48999900,41649900,"{'id': 82800, 'context': 0, 'modifiers': [{'type': 6, 'value': 24751}], 'pet_breed_id': 13, 'pet_level': 1, 'pet_quality_id': 3, 'pet_species_id': 2080}"
1757862852,LONG,,1,36012700,30610800,"{'id': 82800, 'context': 0, 'modifiers': [{'type': 6, 'value': 61894}], 'pet_breed_id': 10, 'pet_level': 1, 'pet_quality_id': 3, 'pet_species_id': 1629}"
1757864338,LONG,,1,62500000,53125000,"{'id': 82800, 'context': 0, 'modifiers': [{'type': 6, 'value': 87763}], 'pet_breed_id': 14, 'pet_level': 1, 'pet_quality_id': 2, 'pet_species_id': 2793}"
1757864419,LONG,,1,335989300,285590900,"{'id': 82800, 'context': 0, 'modifiers': [{'type': 6, 'value': 95147}], 'pet_breed_id': 8, 'pet_level': 1, 'pet_quality_id': 3, 'pet_species_id': 2851}"
1757864461,LONG,,1,148500000,126225000,"{'id': 82800, 'context': 0, 'modifiers': [{'type': 6, 'value': 46924}], 'pet_breed_id': 9, 'pet_level': 1, 'pet_quality_id': 3, 'pet_species_id': 1154}"
1757866524,LONG,,1,39280000,33388000,"{'id': 82800, 'context': 0, 'modifiers': [{'type': 6, 'value': 69254}], 'pet_breed_id': 22, 'pet_level': 1, 'pet_quality_id': 3, 'pet_species_id': 1885}"
1757866575,LONG,,1,357850000,304172500,"{'id': 82800, 'context': 0, 'modifiers': [{'type': 6, 'value': 95176}], 'pet_breed_id': 4, 'pet_level': 1, 'pet_quality_id': 3, 'pet_species_id': 2837}"
1757866892,LONG,,1,200000000,170000000,"{'id': 82800, 'context': 0, 'modifiers': [{'type': 6, 'value': 70937}], 'pet_breed_id': 3, 'pet_level': 1, 'pet_quality_id': 2, 'pet_species_id': 1911}"
1757867012,LONG,,1,89000000,75650000,"{'id': 82800, 'context': 0, 'modifiers': [{'type': 6, 'value': 28502}], 'pet_breed_id': 5, 'pet_level': 1, 'pet_quality_id': 2, 'pet_species_id': 210}"
1757859143,LONG,,1,74459500,63290600,"{'id': 82800, 'context': 0, 'modifiers': [{'type': 6, 'value': 74484}], 'pet_breed_id': 6, 'pet_level': 1, 'pet_quality_id': 3, 'pet_species_id': 1805}"
1757861216,LONG,,1,44500000,37825000,"{'id': 82800, 'context': 0, 'modifiers': [{'type': 6, 'value': 90413}], 'pet_breed_id': 15, 'pet_level': 1, 'pet_quality_id': 3, 'pet_species_id': 2720}"
1757861284,LONG,,1,8500000,7225000,"{'id': 82800, 'context': 0, 'modifiers': [{'type': 6, 'value': 62440}], 'pet_breed_id': 15, 'pet_level': 1, 'pet_quality_id': 3, 'pet_species_id': 1655}"
1757861382,LONG,,1,37700000,32045000,"{'id': 82800, 'context': 0, 'modifiers': [{'type': 6, 'value': 58613}], 'pet_breed_id': 20, 'pet_level': 1, 'pet_quality_id': 3, 'pet_species_id': 1577}"
1757861516,LONG,,1,53980000,45883000,"{'id': 82800, 'context': 0, 'modifiers': [{'type': 6, 'value': 88016}], 'pet_breed_id': 10, 'pet_level': 1, 'pet_quality_id': 3, 'pet_species_id': 2455}"
1757862772,LONG,,1,36000000,32000000,"{'id': 82800, 'context': 0, 'modifiers': [{'type': 6, 'value': 90519}], 'pet_breed_id': 3, 'pet_level': 1, 'pet_quality_id': 3, 'pet_species_id': 2697}"
1757863031,LONG,,1,148980000,126633000,"{'id': 82800, 'context': 0, 'modifiers': [{'type': 6, 'value': 78161}], 'pet_breed_id': 8, 'pet_level': 1, 'pet_quality_id': 2, 'pet_species_id': 2418}"
1757864311,LONG,,1,17450000,17000000,"{'id': 82800, 'context': 0, 'modifiers': [{'type': 6, 'value': 23000}], 'pet_breed_id': 7, 'pet_level': 1, 'pet_quality_id': 3, 'pet_species_id': 2547}"
1757864353,LONG,,1,55990000,47591500,"{'id': 82800, 'context': 0, 'modifiers': [{'type': 6, 'value': 90141}], 'pet_breed_id': 4, 'pet_level': 1, 'pet_quality_id': 3, 'pet_species_id': 2549}"
1757866903,LONG,,1,460000000,391000000,"{'id': 82800, 'context': 0, 'modifiers': [{'type': 6, 'value': 98467}], 'pet_breed_id': 19, 'pet_level': 1, 'pet_quality_id': 2, 'pet_species_id': 2954}"
1757868109,LONG,,1,288000000,244800000,"{'id': 82800, 'context': 0, 'modifiers': [{'type': 6, 'value': 86806}], 'pet_breed_id': 4, 'pet_level': 4, 'pet_quality_id': 3, 'pet_species_id': 2199}"
1757861206,LONG,,1,48990000,41641500,"{'id': 82800, 'context': 0, 'modifiers': [{'type': 6, 'value': 99908}], 'pet_breed_id': 4, 'pet_level': 1, 'pet_quality_id': 3, 'pet_species_id': 2961}"
1757861209,LONG,,1,175849400,149472000,"{'id': 82800, 'context': 0, 'modifiers': [{'type': 6, 'value': 54752}], 'pet_breed_id': 16, 'pet_level': 1, 'pet_quality_id': 3, 'pet_species_id': 1395}"
1757861351,LONG,,1,16123100,13704600,"{'id': 82800, 'context': 0, 'modifiers': [{'type': 6, 'value': 48664}], 'pet_breed_id': 7, 'pet_level': 1, 'pet_quality_id': 3, 'pet_species_id': 1233}"
1757862802,LONG,,1,22358300,19004600,"{'id': 82800, 'context': 0, 'modifiers': [{'type': 6, 'value': 47856}], 'pet_breed_id': 9, 'pet_level': 1, 'pet_quality_id': 3, 'pet_species_id': 1346}"
1757862820,LONG,,1,89490000,76066500,"{'id': 82800, 'context': 0, 'modifiers': [{'type': 6, 'value': 69489}], 'pet_breed_id': 10, 'pet_level': 1, 'pet_quality_id': 3, 'pet_species_id': 1700}"
1757862822,LONG,,1,54240000,46104000,"{'id': 82800, 'context': 0, 'modifiers': [{'type': 6, 'value': 16259}], 'pet_breed_id': 5, 'pet_level': 1, 'pet_quality_id': 2, 'pet_species_id': 125}"
1757862846,LONG,,1,251999300,214199400,"{'id': 82800, 'context': 0, 'modifiers': [{'type': 6, 'value': 75374}], 'pet_breed_id': 13, 'pet_level': 1, 'pet_quality_id': 2, 'pet_species_id': 2685}"
1757862874,LONG,,1,254000000,215900000,"{'id': 82800, 'context': 0, 'modifiers': [{'type': 6, 'value': 97518}], 'pet_breed_id': 10, 'pet_level': 1, 'pet_quality_id': 2, 'pet_species_id': 2910}"
1757862876,LONG,,1,50340000,42789000,"{'id': 82800, 'context': 0, 'modifiers': [{'type': 6, 'value': 47858}], 'pet_breed_id': 17, 'pet_level': 1, 'pet_quality_id': 3, 'pet_species_id': 1344}"
1757862883,LONG,,1,78698500,66893700,"{'id': 82800, 'context': 0, 'modifiers': [{'type': 6, 'value': 90944}], 'pet_breed_id': 7, 'pet_level': 1, 'pet_quality_id': 3, 'pet_species_id': 2695}"
1757864294,LONG,,1,15509500,13183100,"{'id': 82800, 'context': 0, 'modifiers': [{'type': 6, 'value': 60016}], 'pet_breed_id': 20, 'pet_level': 1, 'pet_quality_id': 3, 'pet_species_id': 1541}"
1757864427,LONG,,1,23489800,22000000,"{'id': 82800, 'context': 0, 'modifiers': [{'type': 6, 'value': 65717}], 'pet_breed_id': 4, 'pet_level': 1, 'pet_quality_id': 3, 'pet_species_id': 1766}"
1757866838,LONG,,1,349990000,297491500,"{'id': 82800, 'context': 0, 'modifiers': [{'type': 6, 'value': 76383}], 'pet_breed_id': 4, 'pet_level': 1, 'pet_quality_id': 2, 'pet_species_id': 2417}"
1757868135,LONG,,1,55490000,47166500,"{'id': 82800, 'context': 0, 'modifiers': [{'type': 6, 'value': 90745}], 'pet_breed_id': 6, 'pet_level': 1, 'pet_quality_id': 3, 'pet_species_id': 2587}"
1757861554,LONG,,1,58500000,49725000,"{'id': 82800, 'context': 0, 'modifiers': [{'type': 6, 'value': 65667}], 'pet_breed_id': 12, 'pet_level': 1, 'pet_quality_id': 2, 'pet_species_id': 1756}"
1757862774,LONG,,1,76677200,65175600,"{'id': 82800, 'context': 0, 'modifiers': [{'type': 6, 'value': 5187}], 'pet_breed_id': 4, 'pet_level': 1, 'pet_quality_id': 3, 'pet_species_id': 2545}"
1757862805,LONG,,1,14550100,12367600,"{'id': 82800, 'context': 0, 'modifiers': [{'type': 6, 'value': 45878}], 'pet_breed_id': 9, 'pet_level': 1, 'pet_quality_id': 3, 'pet_species_id': 293}"
1757863018,LONG,,1,60770000,56000000,"{'id': 82800, 'context': 0, 'modifiers': [{'type': 6, 'value': 95927}], 'pet_breed_id': 5, 'pet_level': 1, 'pet_quality_id': 2, 'pet_species_id': 2911}"
1757863051,LONG,,1,334999400,284749500,"{'id': 82800, 'context': 0, 'modifiers': [{'type': 6, 'value': 80967}], 'pet_breed_id': 20, 'pet_level': 1, 'pet_quality_id': 3, 'pet_species_id': 2555}"
1757863064,LONG,,1,81490000,69266500,"{'id': 82800, 'context': 0, 'modifiers': [{'type': 6, 'value': 88873}], 'pet_breed_id': 12, 'pet_level': 1, 'pet_quality_id': 3, 'pet_species_id': 2680}"
1757863079,LONG,,1,396990000,337441500,"{'id': 82800, 'context': 0, 'modifiers': [{'type': 6, 'value': 29803}], 'pet_breed_id': 10, 'pet_level': 1, 'pet_quality_id': 3, 'pet_species_id': 234}"
1757864184,LONG,,1,212615800,180723400,"{'id': 82800, 'context': 0, 'modifiers': [{'type': 6, 'value': 81219}], 'pet_breed_id': 10, 'pet_level': 1, 'pet_quality_id': 2, 'pet_species_id': 2421}"
1757864230,LONG,,1,310000000,263500000,"{'id': 82800, 'context': 0, 'modifiers': [{'type': 6, 'value': 99890}], 'pet_breed_id': 3, 'pet_level': 1, 'pet_quality_id': 2, 'pet_species_id': 2903}"
1757864243,LONG,,1,362000000,307700000,"{'id': 82800, 'context': 0, 'modifiers': [{'type': 6, 'value': 49084}], 'pet_breed_id': 11, 'pet_level': 1, 'pet_quality_id': 3, 'pet_species_id': 1256}"
1757864390,LONG,,1,97140000,84000000,"{'id': 82800, 'context': 0, 'modifiers': [{'type': 6, 'value': 99629}], 'pet_breed_id': 8, 'pet_level': 1, 'pet_quality_id': 3, 'pet_species_id': 3054}"
1757864521,LONG,,1,271989500,231191100,"{'id': 82800, 'context': 0, 'modifiers': [{'type': 6, 'value': 78989}], 'pet_breed_id': 8, 'pet_level': 1, 'pet_quality_id': 2, 'pet_species_id': 2077}"
1757867030,LONG,,1,177600100,150960100,"{'id': 82800, 'context': 0, 'modifiers': [{'type': 6, 'value': 90279}], 'pet_breed_id': 8, 'pet_level': 1, 'pet_quality_id': 3, 'pet_species_id': 2564}"
1757867048,LONG,,1,31090000,26426500,"{'id': 82800, 'context': 0, 'modifiers': [{'type': 6, 'value': 88766}], 'pet_breed_id': 22, 'pet_level': 1, 'pet_quality_id': 3, 'pet_species_id': 2713}"
1757867091,LONG,,1,248000000,210800000,"{'id': 82800, 'context': 0, 'modifiers': [{'type': 6, 'value': 86231}], 'pet_breed_id': 3, 'pet_level': 1, 'pet_quality_id': 2, 'pet_species_id': 2192}"
1757858012,LONG,,1,11379700,9672700,"{'id': 82800, 'context': 0, 'modifiers': [{'type': 6, 'value': 28089}], 'pet_breed_id': 12, 'pet_level': 1, 'pet_quality_id': 2, 'pet_species_id': 190}"
1757858030,LONG,,1,169000000,143650000,"{'id': 82800, 'context': 0, 'modifiers': [{'type': 6, 'value': 57824}], 'pet_breed_id': 14, 'pet_level': 1, 'pet_quality_id': 3, 'pet_species_id': 1432}"
1757858087,LONG,,1,55821900,47448600,"{'id': 82800, 'context': 0, 'modifiers': [{'type': 6, 'value': 46922}], 'pet_breed_id': 6, 'pet_level': 1, 'pet_quality_id': 3, 'pet_species_id': 1155}"
1757861461,LONG,,1,69900000,59415000,"{'id': 82800, 'context': 0, 'modifiers': [{'type': 6, 'value': 2176}], 'pet_breed_id': 7, 'pet_level': 1, 'pet_quality_id': 2, 'pet_species_id': 127}"
1757861492,LONG,,1,480000,408000,"{'id': 82800, 'context': 0, 'modifiers': [{'type': 6, 'value': 71826}], 'pet_breed_id': 18, 'pet_level': 1, 'pet_quality_id': 3, 'pet_species_id': 1922}"
1757861496,LONG,,1,89490000,76066500,"{'id': 82800, 'context': 0, 'modifiers': [{'type': 6, 'value': 64097}], 'pet_breed_id': 6, 'pet_level': 1, 'pet_quality_id': 3, 'pet_species_id': 1672}"
1757861529,LONG,,1,43555000,37021800,"{'id': 82800, 'context': 0, 'modifiers': [{'type': 6, 'value': 91248}], 'pet_breed_id': 3, 'pet_level': 1, 'pet_quality_id': 3, 'pet_species_id': 2761}"
1757861567,LONG,,1,80990000,68841500,"{'id': 82800, 'context': 0, 'modifiers': [{'type': 6, 'value': 68861}], 'pet_breed_id': 15, 'pet_level': 1, 'pet_quality_id': 3, 'pet_species_id': 2050}"
1757862816,LONG,,1,64500000,54825000,"{'id': 82800, 'context': 0, 'modifiers': [{'type': 6, 'value': 48661}], 'pet_breed_id': 10, 'pet_level': 1, 'pet_quality_id': 3, 'pet_species_id': 1232}"
1757862950,LONG,,1,147680000,125528000,"{'id': 82800, 'context': 0, 'modifiers': [{'type': 6, 'value': 15470}], 'pet_breed_id': 8, 'pet_level': 1, 'pet_quality_id': 2, 'pet_species_id': 207}"
1757862976,LONG,,1,27990000,23791500,"{'id': 82800, 'context': 0, 'modifiers': [{'type': 6, 'value': 90142}], 'pet_breed_id': 9, 'pet_level': 1, 'pet_quality_id': 3, 'pet_species_id': 2550}"
1757862995,LONG,,1,175899700,149514700,"{'id': 82800, 'context': 0, 'modifiers': [{'type': 6, 'value': 95576}], 'pet_breed_id': 14, 'pet_level': 1, 'pet_quality_id': 2, 'pet_species_id': 2944}"
1757864174,LONG,,1,88413100,75151100,"{'id': 82800, 'context': 0, 'modifiers': [{'type': 6, 'value': 91219}], 'pet_breed_id': 21, 'pet_level': 1, 'pet_quality_id': 3, 'pet_species_id': 2765}"
1757864212,LONG,,1,38500000,32725000,"{'id': 82800, 'context': 0, 'modifiers': [{'type': 6, 'value': 57970}], 'pet_breed_id': 16, 'pet_level': 1, 'pet_quality_id': 3, 'pet_species_id': 1442}"
1757866621,LONG,,1,59500000,50575000,"{'id': 82800, 'context': 0, 'modifiers': [{'type': 6, 'value': 16587}], 'pet_breed_id': 3, 'pet_level': 1, 'pet_quality_id': 2, 'pet_species_id': 128}"
1757866911,LONG,,1,379980000,322983000,"{'id': 82800, 'context': 0, 'modifiers': [{'type': 6, 'value': 80852}], 'pet_breed_id': 10, 'pet_level': 1, 'pet_quality_id': 3, 'pet_species_id': 2420}"
1757866952,LONG,,1,240992800,218900000,"{'id': 82800, 'context': 0, 'modifiers': [{'type': 6, 'value': 6293}], 'pet_breed_id': 4, 'pet_level': 1, 'pet_quality_id': 3, 'pet_species_id': 57}"
1757859153,LONG,,1,48600000,41310000,"{'id': 82800, 'context': 0, 'modifiers': [{'type': 6, 'value': 88034}], 'pet_breed_id': 11, 'pet_level': 1, 'pet_quality_id': 3, 'pet_species_id': 2461}"
1757861147,LONG,,1,27009200,22957800,"{'id': 82800, 'context': 0, 'modifiers': [{'type': 6, 'value': 64425}], 'pet_breed_id': 8, 'pet_level': 1, 'pet_quality_id': 3, 'pet_species_id': 1690}"
1757861372,LONG,,1,21830000,18555500,"{'id': 82800, 'context': 0, 'modifiers': [{'type': 6, 'value': 92157}], 'pet_breed_id': 16, 'pet_level': 1, 'pet_quality_id': 3, 'pet_species_id': 2686}"
1757857839,LONG,,1,28379900,24122900,"{'id': 82800, 'context': 0, 'modifiers': [{'type': 6, 'value': 22629}], 'pet_breed_id': 7, 'pet_level': 1, 'pet_quality_id': 2, 'pet_species_id': 166}"
1757857860,LONG,,1,380989600,323841200,"{'id': 82800, 'context': 0, 'modifiers': [{'type': 6, 'value': 15595}], 'pet_breed_id': 3, 'pet_level': 1, 'pet_quality_id': 2, 'pet_species_id': 115}"
1757858090,LONG,,1,174899600,148664700,"{'id': 82800, 'context': 0, 'modifiers': [{'type': 6, 'value': 51502}], 'pet_breed_id': 16, 'pet_level': 1, 'pet_quality_id': 2, 'pet_species_id': 1345}"
1757857798,LONG,,1,19449800,16532300,"{'id': 82800, 'context': 0, 'modifiers': [{'type': 6, 'value': 48666}], 'pet_breed_id': 10, 'pet_level': 1, 'pet_quality_id': 3, 'pet_species_id': 1231}"
1757858092,LONG,,1,28490000,24216500,"{'id': 82800, 'context': 0, 'modifiers': [{'type': 6, 'value': 74472}], 'pet_breed_id': 20, 'pet_level': 1, 'pet_quality_id': 1, 'pet_species_id': 2000}"
1757858091,LONG,,1,198000000,168300000,"{'id': 82800, 'context': 0, 'modifiers': [{'type': 6, 'value': 58169}], 'pet_breed_id': 18, 'pet_level': 1, 'pet_quality_id': 3, 'pet_species_id': 1521}"
1757858077,LONG,,1,27000000,22950000,"{'id': 82800, 'context': 0, 'modifiers': [{'type': 6, 'value': 95174}], 'pet_breed_id': 7, 'pet_level': 1, 'pet_quality_id': 3, 'pet_species_id': 2834}"
1757858081,LONG,,1,24200000,20570000,"{'id': 82800, 'context': 0, 'modifiers': [{'type': 6, 'value': 901}], 'pet_breed_id': 3, 'pet_level': 1, 'pet_quality_id': 2, 'pet_species_id': 95}"
1757861465,LONG,,1,360000000,306000000,"{'id': 82800, 'context': 0, 'modifiers': [{'type': 6, 'value': 80951}], 'pet_breed_id': 10, 'pet_level': 1, 'pet_quality_id': 2, 'pet_species_id': 2407}"
1757862866,LONG,,1,298000000,253300000,"{'id': 82800, 'context': 0, 'modifiers': [{'type': 6, 'value': 87976}], 'pet_breed_id': 6, 'pet_level': 1, 'pet_quality_id': 3, 'pet_species_id': 2443}"
1757864201,LONG,,1,46300000,39355000,"{'id': 82800, 'context': 0, 'modifiers': [{'type': 6, 'value': 90140}], 'pet_breed_id': 16, 'pet_level': 1, 'pet_quality_id': 3, 'pet_species_id': 2548}"
1757866678,LONG,,1,60280000,51238000,"{'id': 82800, 'context': 0, 'modifiers': [{'type': 6, 'value': 33512}], 'pet_breed_id': 4, 'pet_level': 1, 'pet_quality_id': 2, 'pet_species_id': 261}"
1757861179,LONG,,1,304990000,259241500,"{'id': 82800, 'context': 0, 'modifiers': [{'type': 6, 'value': 81966}], 'pet_breed_id': 11, 'pet_level': 1, 'pet_quality_id': 2, 'pet_species_id': 2404}"
1757861227,LONG,,1,34337300,29186700,"{'id': 82800, 'context': 0, 'modifiers': [{'type': 6, 'value': 60617}], 'pet_breed_id': 8, 'pet_level': 1, 'pet_quality_id': 3, 'pet_species_id': 1570}"
1757861247,LONG,,1,139500000,118575000,"{'id': 82800, 'context': 0, 'modifiers': [{'type': 6, 'value': 60875}], 'pet_breed_id': 3, 'pet_level': 1, 'pet_quality_id': 3, 'pet_species_id': 1495}"
1757868199,LONG,,1,233849700,198772200,"{'id': 82800, 'context': 0, 'modifiers': [{'type': 6, 'value': 91631}], 'pet_breed_id': 6, 'pet_level': 1, 'pet_quality_id': 3, 'pet_species_id': 2753}"
1757857894,LONG,,1,51490000,43766500,"{'id': 82800, 'context': 0, 'modifiers': [{'type': 6, 'value': 29810}], 'pet_breed_id': 3, 'pet_level': 1, 'pet_quality_id': 2, 'pet_species_id': 237}"
1757858060,LONG,,1,34500000,29325000,"{'id': 82800, 'context': 0, 'modifiers': [{'type': 6, 'value': 99872}], 'pet_breed_id': 4, 'pet_level': 1, 'pet_quality_id': 2, 'pet_species_id': 3032}"
1757858063,LONG,,1,303990000,258391500,"{'id': 82800, 'context': 0, 'modifiers': [{'type': 6, 'value': 95143}], 'pet_breed_id': 16, 'pet_level': 1, 'pet_quality_id': 3, 'pet_species_id': 2849}"
1757859161,LONG,,1,33930000,28840500,"{'id': 82800, 'context': 0, 'modifiers': [{'type': 6, 'value': 72239}], 'pet_breed_id': 8, 'pet_level': 1, 'pet_quality_id': 3, 'pet_species_id': 1931}"
1757861171,LONG,,1,169300000,143905000,"{'id': 82800, 'context': 0, 'modifiers': [{'type': 6, 'value': 38135}], 'pet_breed_id': 6, 'pet_level': 1, 'pet_quality_id': 2, 'pet_species_id': 289}"
1757861296,LONG,,1,3080000,2618000,"{'id': 82800, 'context': 0, 'modifiers': [{'type': 6, 'value': 51408}], 'pet_breed_id': 21, 'pet_level': 1, 'pet_quality_id': 3, 'pet_species_id': 1329}"
1757861398,LONG,,1,401000000,340850000,"{'id': 82800, 'context': 0, 'modifiers': [{'type': 6, 'value': 95144}], 'pet_breed_id': 14, 'pet_level': 1, 'pet_quality_id': 3, 'pet_species_id': 2846}"
1757861421,LONG,,1,19199800,16319800,"{'id': 82800, 'context': 0, 'modifiers': [{'type': 6, 'value': 79760}], 'pet_breed_id': 15, 'pet_level': 1, 'pet_quality_id': 3, 'pet_species_id': 2120}"
1757858026,LONG,,1,95520100,81192100,"{'id': 82800, 'context': 0, 'modifiers': [{'type': 6, 'value': 91249}], 'pet_breed_id': 20, 'pet_level': 1, 'pet_quality_id': 3, 'pet_species_id': 2758}"
1757859126,LONG,,1,232999200,198049300,"{'id': 82800, 'context': 0, 'pet_breed_id': 8, 'pet_level': 1, 'pet_quality_id': 3, 'pet_species_id': 2135}"
1757861541,LONG,,1,394000000,334900000,"{'id': 82800, 'context': 0, 'modifiers': [{'type': 6, 'value': 18269}], 'pet_breed_id': 6, 'pet_level': 1, 'pet_quality_id': 3, 'pet_species_id': 132}"
1757862968,LONG,,1,55490000,47166500,"{'id': 82800, 'context': 0, 'modifiers': [{'type': 6, 'value': 87895}], 'pet_breed_id': 17, 'pet_level': 1, 'pet_quality_id': 3, 'pet_species_id': 2436}"
1757864271,LONG,,1,304000000,258400000,"{'id': 82800, 'context': 0, 'modifiers': [{'type': 6, 'value': 89742}], 'pet_breed_id': 3, 'pet_level': 1, 'pet_quality_id': 3, 'pet_species_id': 2529}"
1757864504,LONG,,1,8006400,6805400,"{'id': 82800, 'context': 0, 'modifiers': [{'type': 6, 'value': 51475}], 'pet_breed_id': 7, 'pet_level': 1, 'pet_quality_id': 3, 'pet_species_id': 1343}"
1757866662,LONG,,1,178900000,152065000,"{'id': 82800, 'context': 0, 'modifiers': [{'type': 6, 'value': 68666}], 'pet_breed_id': 6, 'pet_level': 1, 'pet_quality_id': 3, 'pet_species_id': 1886}"
1757866722,LONG,,1,386990000,328941500,"{'id': 82800, 'context': 0, 'modifiers': [{'type': 6, 'value': 39333}], 'pet_breed_id': 3, 'pet_level': 1, 'pet_quality_id': 2, 'pet_species_id': 342}"
1757866739,LONG,,1,89490000,76066500,"{'id': 82800, 'context': 0, 'modifiers': [{'type': 6, 'value': 65112}], 'pet_breed_id': 17, 'pet_level': 1, 'pet_quality_id': 3, 'pet_species_id': 1719}"
1757866962,LONG,,1,363990000,309391500,"{'id': 82800, 'context': 0, 'modifiers': [{'type': 6, 'value': 86135}], 'pet_breed_id': 8, 'pet_level': 1, 'pet_quality_id': 2, 'pet_species_id': 2189}"
1757861191,LONG,,1,77294300,65700200,"{'id': 82800, 'context': 0, 'modifiers': [{'type': 6, 'value': 91810}], 'pet_breed_id': 18, 'pet_level': 1, 'pet_quality_id': 3, 'pet_species_id': 2835}"
1757861230,LONG,,1,13850000,11772500,"{'id': 82800, 'context': 0, 'modifiers': [{'type': 6, 'value': 59766}], 'pet_breed_id': 11, 'pet_level': 1, 'pet_quality_id': 3, 'pet_species_id': 1954}"
1757861279,LONG,,1,148980000,126633000,"{'id': 82800, 'context': 0, 'modifiers': [{'type': 6, 'value': 86484}], 'pet_breed_id': 17, 'pet_level': 1, 'pet_quality_id': 2, 'pet_species_id': 2197}"
1757861331,LONG,,1,354000000,300900000,"{'id': 82800, 'context': 0, 'modifiers': [{'type': 6, 'value': 95578}], 'pet_breed_id': 5, 'pet_level': 1, 'pet_quality_id': 2, 'pet_species_id': 3025}"
1757861364,LONG,,1,12000000,10200000,"{'id': 82800, 'context': 0, 'modifiers': [{'type': 6, 'value': 61890}], 'pet_breed_id': 7, 'pet_level': 1, 'pet_quality_id': 3, 'pet_species_id': 1625}"
1757861388,LONG,,1,59259500,50370600,"{'id': 82800, 'context': 0, 'modifiers': [{'type': 6, 'value': 65638}], 'pet_breed_id': 22, 'pet_level': 1, 'pet_quality_id': 3, 'pet_species_id': 1755}"
1757861409,LONG,,1,28500000,24225000,"{'id': 82800, 'context': 0, 'modifiers': [{'type': 6, 'value': 88004}], 'pet_breed_id': 8, 'pet_level': 1, 'pet_quality_id': 3, 'pet_species_id': 2450}"
1757861449,LONG,,1,164500000,139825000,"{'id': 82800, 'context': 0, 'modifiers': [{'type': 6, 'value': 48651}], 'pet_breed_id': 8, 'pet_level': 1, 'pet_quality_id': 3, 'pet_species_id': 1237}"
1757857788,LONG,,1,36780000,31263000,"{'id': 82800, 'context': 0, 'modifiers': [{'type': 6, 'value': 16880}], 'pet_breed_id': 13, 'pet_level': 1, 'pet_quality_id': 3, 'pet_species_id': 2441}"
1757857889,LONG,,1,148980000,126633000,"{'id': 82800, 'context': 0, 'modifiers': [{'type': 6, 'value': 81058}], 'pet_breed_id': 3, 'pet_level': 1, 'pet_quality_id': 2, 'pet_species_id': 2424}"
1757857949,LONG,,1,31000000,26350000,"{'id': 82800, 'context': 0, 'modifiers': [{'type': 6, 'value': 87862}], 'pet_breed_id': 16, 'pet_level': 1, 'pet_quality_id': 3, 'pet_species_id': 2432}"
1757858017,LONG,,1,64500000,54825000,"{'id': 82800, 'context': 0, 'modifiers': [{'type': 6, 'value': 22389}], 'pet_breed_id': 3, 'pet_level': 1, 'pet_quality_id': 3, 'pet_species_id': 164}"
1757858051,LONG,,1,156590000,133101500,"{'id': 82800, 'context': 0, 'modifiers': [{'type': 6, 'value': 40908}], 'pet_breed_id': 11, 'pet_level': 1, 'pet_quality_id': 2, 'pet_species_id': 1323}"
1757859102,LONG,,1,28500000,24225000,"{'id': 82800, 'context': 0, 'modifiers': [{'type': 6, 'value': 87890}], 'pet_breed_id': 3, 'pet_level': 1, 'pet_quality_id': 3, 'pet_species_id': 2435}"
1757859103,LONG,,1,28720500,24412400,"{'id': 82800, 'context': 0, 'modifiers': [{'type': 6, 'value': 36902}], 'pet_breed_id': 3, 'pet_level': 1, 'pet_quality_id': 3, 'pet_species_id': 267}"
1757861302,LONG,,1,392000000,333200000,"{'id': 82800, 'context': 0, 'modifiers': [{'type': 6, 'value': 96387}], 'pet_breed_id': 11, 'pet_level': 1, 'pet_quality_id': 2, 'pet_species_id': 2913}"
1757857795,LONG,,1,86833500,73808500,"{'id': 82800, 'context': 0, 'modifiers': [{'type': 6, 'value': 99894}], 'pet_breed_id': 18, 'pet_level': 1, 'pet_quality_id': 2, 'pet_species_id': 2928}"
1757857972,LONG,,1,19000000,16150000,"{'id': 82800, 'context': 0, 'modifiers': [{'type': 6, 'value': 90182}], 'pet_breed_id': 4, 'pet_level': 1, 'pet_quality_id': 3, 'pet_species_id': 2558}"
1757861609,LONG,,1,20290000,17246500,"{'id': 82800, 'context': 0, 'modifiers': [{'type': 6, 'value': 99917}], 'pet_breed_id': 15, 'pet_level': 1, 'pet_quality_id': 2, 'pet_species_id': 3008}"
1757862795,LONG,,1,59500000,50575000,"{'id': 82800, 'context': 0, 'modifiers': [{'type': 6, 'value': 59885}], 'pet_breed_id': 3, 'pet_level': 1, 'pet_quality_id': 3, 'pet_species_id': 1536}"
1757862814,LONG,,1,45500000,38675000,"{'id': 82800, 'context': 0, 'modifiers': [{'type': 6, 'value': 29806}], 'pet_breed_id': 14, 'pet_level': 1, 'pet_quality_id': 3, 'pet_species_id': 239}"
1757862933,LONG,,1,80990000,68841500,"{'id': 82800, 'context': 0, 'modifiers': [{'type': 6, 'value': 29807}], 'pet_breed_id': 18, 'pet_level': 1, 'pet_quality_id': 2, 'pet_species_id': 233}"
1757864241,LONG,,1,362000000,307700000,"{'id': 82800, 'context': 0, 'modifiers': [{'type': 6, 'value': 88619}], 'pet_breed_id': 17, 'pet_level': 1, 'pet_quality_id': 3, 'pet_species_id': 2701}"
1757864319,LONG,,1,160070100,136059600,"{'id': 82800, 'context': 0, 'modifiers': [{'type': 6, 'value': 47749}], 'pet_breed_id': 7, 'pet_level': 1, 'pet_quality_id': 3, 'pet_species_id': 1197}"
1757864384,LONG,,1,304709400,259003000,"{'id': 82800, 'context': 0, 'modifiers': [{'type': 6, 'value': 51271}], 'pet_breed_id': 13, 'pet_level': 1, 'pet_quality_id': 3, 'pet_species_id': 1328}"
1757864508,LONG,,1,89480000,76058000,"{'id': 82800, 'context': 0, 'modifiers': [{'type': 6, 'value': 90030}], 'pet_breed_id': 3, 'pet_level': 1, 'pet_quality_id': 3, 'pet_species_id': 2540}"
1757866481,LONG,,1,48990000,41641500,"{'id': 82800, 'context': 0, 'modifiers': [{'type': 6, 'value': 99907}], 'pet_breed_id': 9, 'pet_level': 1, 'pet_quality_id': 2, 'pet_species_id': 3033}"
1757866569,LONG,,1,430000000,365500000,"{'id': 82800, 'context': 0, 'modifiers': [{'type': 6, 'value': 51504}], 'pet_breed_id': 8, 'pet_level': 1, 'pet_quality_id': 3, 'pet_species_id': 1348}"
1757866598,LONG,,1,35099900,29834900,"{'id': 82800, 'context': 0, 'modifiers': [{'type': 6, 'value': 60889}], 'pet_breed_id': 9, 'pet_level': 1, 'pet_quality_id': 3, 'pet_species_id': 1588}"
1757866971,LONG,,1,132980000,113033000,"{'id': 82800, 'context': 0, 'pet_breed_id': 4, 'pet_level': 1, 'pet_quality_id': 2, 'pet_species_id': 218}"
1757868181,LONG,,1,328000000,278800000,"{'id': 82800, 'context': 0, 'modifiers': [{'type': 6, 'value': 86445}], 'pet_breed_id': 8, 'pet_level': 1, 'pet_quality_id': 2, 'pet_species_id': 2196}"
1758095619,VERY_LONG,,1,5000100,,"{'id': 39899, 'context': 0, 'modifiers': [{'type': 28, 'value': 373}]}"
1758095627,VERY_LONG,,1,5000100,,"{'id': 39899, 'context': 0, 'modifiers': [{'type': 28, 'value': 373}]}"
1758095653,VERY_LONG,,1,274780600,,"{'id': 91040, 'context': 11, 'modifiers': [{'type': 28, 'value': 373}]}"
1758095422,VERY_LONG,,1,17430000,,"{'id': 82800, 'context': 0, 'modifiers': [{'type': 6, 'value': 28217}], 'pet_breed_id': 7, 'pet_level': 1, 'pet_quality_id': 2, 'pet_species_id': 196}"
1758095338,VERY_LONG,,1,41400100,,"{'id': 82800, 'context': 0, 'modifiers': [{'type': 6, 'value': 48212}], 'pet_breed_id': 18, 'pet_level': 1, 'pet_quality_id': 3, 'pet_species_id': 1200}"
1757918132,LONG,,1,400000000,,"{'id': 183008, 'context': 3, 'bonus_lists': [7189, 6652, 1472, 6646], 'modifiers': [{'type': 28, 'value': 751}]}"
1757937955,LONG,,1,289870000,,"{'id': 172326, 'context': 65, 'bonus_lists': [6718, 1522]}"
1757937958,LONG,,1,289870000,,"{'id': 172326, 'context': 65, 'bonus_lists': [6718, 1522]}"
1757812702,LONG,,1,3650000,,"{'id': 176800, 'context': 9, 'bonus_lists': [6908, 6652, 1683], 'modifiers': [{'type': 9, 'value': 60}, {'type': 28, 'value': 746}]}"
1757813072,LONG,,1,4006600,,"{'id': 179333, 'context': 0, 'bonus_lists': [6908, 6652, 1713], 'modifiers': [{'type': 9, 'value': 60}, {'type': 28, 'value': 746}]}"
1757812743,LONG,,1,10000000,,"{'id': 179332, 'context': 0, 'bonus_lists': [6908, 6652, 1689], 'modifiers': [{'type': 9, 'value': 60}, {'type': 28, 'value': 2060}]}"
1757812636,LONG,,1,24000000,,"{'id': 177807, 'context': 0, 'bonus_lists': [6706], 'modifiers': [{'type': 9, 'value': 60}, {'type': 28, 'value': 746}]}"
1757812676,LONG,,1,2259300,,"{'id': 177801, 'context': 0, 'bonus_lists': [6908, 6652, 1707], 'modifiers': [{'type': 9, 'value': 60}, {'type': 28, 'value': 1707}]}"
1757812991,LONG,,1,6000000,,"{'id': 173220, 'context': 0, 'bonus_lists': [6893, 7180], 'modifiers': [{'type': 9, 'value': 60}, {'type': 28, 'value': 391}, {'type': 29, 'value': 49}, {'type': 30, 'value': 36}]}"
1757812726,LONG,,1,5003300,,"{'id': 176799, 'context': 0, 'bonus_lists': [6908, 6652, 1683], 'modifiers': [{'type': 9, 'value': 60}, {'type': 28, 'value': 1707}]}"
1757813147,LONG,,1,2000000000,,"{'id': 182716, 'context': 0, 'modifiers': [{'type': 28, 'value': 2060}]}"
1757812738,LONG,,1,2912200,,"{'id': 178947, 'context': 0, 'bonus_lists': [6908, 6652, 1695], 'modifiers': [{'type': 9, 'value': 60}, {'type': 28, 'value': 1707}]}"
1757944723,VERY_LONG,,1,94359800,,"{'id': 68601, 'context': 0, 'modifiers': [{'type': 28, 'value': 1026}]}"
1757944697,VERY_LONG,,1,21552200,,"{'id': 59464, 'context': 0, 'modifiers': [{'type': 28, 'value': 1026}]}"
1757944712,VERY_LONG,,1,7115500,,"{'id': 55754, 'context': 0, 'bonus_lists': [6654, 1677], 'modifiers': [{'type': 9, 'value': 35}, {'type': 28, 'value': 1026}]}"
1757944728,VERY_LONG,,1,106263800,,"{'id': 59462, 'context': 0, 'modifiers': [{'type': 28, 'value': 1026}]}"
1757944733,VERY_LONG,,1,6796800,,"{'id': 55719, 'context': 0, 'bonus_lists': [6654, 1685], 'modifiers': [{'type': 9, 'value': 35}, {'type': 28, 'value': 1026}]}"
1757944708,VERY_LONG,,1,144234300,,"{'id': 63537, 'context': 0, 'modifiers': [{'type': 28, 'value': 1026}]}"
1757944718,VERY_LONG,,1,11276700,,"{'id': 55746, 'context': 0, 'bonus_lists': [6654, 1707], 'modifiers': [{'type': 9, 'value': 35}, {'type': 28, 'value': 1026}]}"
1757944720,VERY_LONG,,1,137789000,,"{'id': 59463, 'context': 0, 'modifiers': [{'type': 28, 'value': 1026}]}"
1758161285,VERY_LONG,,1,10000000,,"{'id': 116794, 'context': 0, 'modifiers': [{'type': 28, 'value': 64}]}"
1758161303,VERY_LONG,,1,899990000,,"{'id': 90655, 'context': 0}"
1758054282,VERY_LONG,,1,4748100,4463200,"{'id': 82800, 'context': 0, 'modifiers': [{'type': 6, 'value': 99856}], 'pet_breed_id': 16, 'pet_level': 1, 'pet_quality_id': 2, 'pet_species_id': 2946}"
1758054274,VERY_LONG,,1,24745000,23260300,"{'id': 82800, 'context': 0, 'modifiers': [{'type': 6, 'value': 98457}], 'pet_breed_id': 19, 'pet_level': 1, 'pet_quality_id': 2, 'pet_species_id': 3020}"
1758054286,VERY_LONG,,1,7600000,7144000,"{'id': 82800, 'context': 0, 'modifiers': [{'type': 6, 'value': 99896}], 'pet_breed_id': 4, 'pet_level': 1, 'pet_quality_id': 2, 'pet_species_id': 2921}"
1758054279,VERY_LONG,,1,354200,332900,"{'id': 21305, 'context': 11, 'modifiers': [{'type': 28, 'value': 420}]}"
1758054276,VERY_LONG,,1,6915200,6500300,"{'id': 82800, 'context': 0, 'modifiers': [{'type': 6, 'value': 95584}], 'pet_breed_id': 19, 'pet_level': 1, 'pet_quality_id': 2, 'pet_species_id': 2942}"
1757766098,LONG,,1,50000,,"{'id': 82800, 'context': 0, 'modifiers': [{'type': 6, 'value': 66155}], 'pet_breed_id': 12, 'pet_level': 1, 'pet_quality_id': 3, 'pet_species_id': 1802}"
1757767138,LONG,,1,50000,,"{'id': 82800, 'context': 0, 'modifiers': [{'type': 6, 'value': 66155}], 'pet_breed_id': 12, 'pet_level': 1, 'pet_quality_id': 3, 'pet_species_id': 1802}"
1757766025,LONG,,1,2500000,,"{'id': 82800, 'context': 0, 'modifiers': [{'type': 6, 'value': 39109}], 'pet_breed_id': 13, 'pet_level': 1, 'pet_quality_id': 2, 'pet_species_id': 340}"
1757824680,LONG,,1,16947200,13557800,"{'id': 6569, 'context': 54, 'bonus_lists': [1692, 4277], 'modifiers': [{'type': 9, 'value': 45}]}"
1757824399,LONG,,1,42946200,42516700,"{'id': 11223, 'context': 14}"
1757824436,LONG,,1,54279600,43423700,"{'id': 4831, 'context': 14}"
1757824439,LONG,,1,8000100,7920100,"{'id': 9301, 'context': 14}"
1757824510,LONG,,1,1637700,1310200,"{'id': 5215, 'context': 1, 'bonus_lists': [1691]}"
1757824567,LONG,,1,9480000,7584000,"{'id': 8306, 'context': 0}"
1757824643,LONG,,1,6409000,5127200,"{'id': 10142, 'context': 0, 'bonus_lists': [1707]}"
1757824675,LONG,,1,57567100,56991400,"{'id': 7290, 'context': 14}"
1757824647,LONG,,1,3813100,3050500,"{'id': 9951, 'context': 54, 'bonus_lists': [1708, 4279], 'modifiers': [{'type': 9, 'value': 47}]}"
1757824695,LONG,,1,2918900,2335100,"{'id': 6574, 'context': 54, 'bonus_lists': [1678, 4279], 'modifiers': [{'type': 9, 'value': 50}]}"
1757824713,LONG,,1,7423600,7349400,"{'id': 23816, 'context': 14}"
1757824769,LONG,,1,59527800,58932500,"{'id': 13288, 'context': 14}"
1757824786,LONG,,1,143120400,114496300,"{'id': 11305, 'context': 14}"
1757824822,LONG,,1,13773700,11019000,"{'id': 25336, 'context': 28, 'bonus_lists': [1706, 3869], 'modifiers': [{'type': 9, 'value': 50}]}"
1757831848,LONG,,1,17515200,17340000,"{'id': 9304, 'context': 14}"
1757831937,LONG,,1,10435200,8348200,"{'id': 25194, 'context': 0, 'bonus_lists': [1694]}"
1757831945,LONG,,1,5113600,4090900,"{'id': 55648, 'context': 0, 'bonus_lists': [1695]}"
1757831964,LONG,,1,29322600,29029400,"{'id': 22565, 'context': 14}"
1757831991,LONG,,1,994500,795600,"{'id': 24691, 'context': 0, 'bonus_lists': [1706]}"
1757832017,LONG,,1,11270700,9016600,"{'id': 9900, 'context': 54, 'bonus_lists': [1695, 4277], 'modifiers': [{'type': 9, 'value': 46}]}"
1757832021,LONG,,1,14985500,14835600,"{'id': 6390, 'context': 0}"
1757832025,LONG,,1,6728600,5382900,"{'id': 10077, 'context': 54, 'bonus_lists': [1691, 4278], 'modifiers': [{'type': 9, 'value': 47}]}"
1757831784,LONG,,1,7188100,7116200,"{'id': 9305, 'context': 14}"
1757831832,LONG,,1,2352400,1881900,"{'id': 25308, 'context': 0, 'bonus_lists': [1694]}"
1757824549,LONG,,1,4890900,3912700,"{'id': 10211, 'context': 54, 'bonus_lists': [1692, 4277], 'modifiers': [{'type': 9, 'value': 50}]}"
1757824275,LONG,,1,15173600,12138900,"{'id': 6420, 'context': 53, 'bonus_lists': [4277], 'modifiers': [{'type': 9, 'value': 45}]}"
1757824305,LONG,,1,69466400,55573100,"{'id': 15595, 'context': 54, 'bonus_lists': [1694, 4279], 'modifiers': [{'type': 9, 'value': 47}]}"
1757824315,LONG,,1,43910700,35128600,"{'id': 7417, 'context': 54, 'bonus_lists': [1680, 4277], 'modifiers': [{'type': 9, 'value': 47}]}"
1757824318,LONG,,1,48287700,38630200,"{'id': 15173, 'context': 54, 'bonus_lists': [1695, 4277], 'modifiers': [{'type': 9, 'value': 50}]}"
1757824328,LONG,,1,7759500,6207600,"{'id': 55585, 'context': 5, 'bonus_lists': [1700]}"
1757824340,LONG,,1,6033200,4826600,"{'id': 10383, 'context': 0, 'bonus_lists': [1677]}"
1757824356,LONG,,1,2500000,2000000,"{'id': 2992, 'context': 28, 'bonus_lists': [3831], 'modifiers': [{'type': 9, 'value': 12}]}"
1757824373,LONG,,1,4621800,3697400,"{'id': 55691, 'context': 0, 'bonus_lists': [1698]}"
1757824444,LONG,,1,3313000,2650400,"{'id': 24995, 'context': 30, 'bonus_lists': [1680, 3850], 'modifiers': [{'type': 9, 'value': 50}]}"
1757824457,LONG,,1,56819000,56250800,"{'id': 21895, 'context': 14}"
1757824463,LONG,,1,4960000,3968000,"{'id': 10112, 'context': 54, 'bonus_lists': [1681, 4277], 'modifiers': [{'type': 9, 'value': 47}]}"
1757824469,LONG,,1,13253500,10602800,"{'id': 10207, 'context': 11, 'bonus_lists': [1695]}"
1757824483,LONG,,1,21613800,17291000,"{'id': 10175, 'context': 54, 'bonus_lists': [1691, 4277], 'modifiers': [{'type': 9, 'value': 50}]}"
1757824490,LONG,,1,15065000,12052000,"{'id': 10154, 'context': 0, 'bonus_lists': [1681]}"
1757824508,LONG,,1,17563600,17388000,"{'id': 6056, 'context': 14}"
1757824513,LONG,,1,111700,110600,"{'id': 5772, 'context': 14}"
1757824519,LONG,,1,2502000,2121400,"{'id': 3056, 'context': 1}"
1757824525,LONG,,1,9782400,7825900,"{'id': 24640, 'context': 36, 'bonus_lists': [1706, 3851], 'modifiers': [{'type': 9, 'value': 50}]}"
1757824614,LONG,,1,10427200,8341800,"{'id': 10183, 'context': 54, 'bonus_lists': [1707, 4277], 'modifiers': [{'type': 9, 'value': 46}]}"
1757829313,LONG,,1,7517400,6013900,"{'id': 10134, 'context': 11, 'bonus_lists': [1692]}"
1757829334,LONG,,1,5187300,4149800,"{'id': 55700, 'context': 0, 'bonus_lists': [1686]}"
1757829434,LONG,,1,24336900,19469500,"{'id': 25139, 'context': 0, 'bonus_lists': [1706]}"
1757829462,LONG,,1,6089000,4871200,"{'id': 7530, 'context': 54, 'bonus_lists': [1694, 4277], 'modifiers': [{'type': 9, 'value': 47}]}"
1757831816,LONG,,1,11681700,9345400,"{'id': 25010, 'context': 0, 'bonus_lists': [1681]}"
1757831999,LONG,,1,9049800,7239800,"{'id': 4790, 'context': 14}"
1757824655,LONG,,1,16525300,16360000,"{'id': 23592, 'context': 14}"
1757824759,LONG,,1,1899900,1519900,"{'id': 24684, 'context': 0, 'bonus_lists': [1681]}"
1757824778,LONG,,1,3992100,3952200,"{'id': 16218, 'context': 0}"
1757829326,LONG,,1,18990000,15192000,"{'id': 7523, 'context': 11, 'bonus_lists': [1695]}"
1757829502,LONG,,1,11335100,9068100,"{'id': 10108, 'context': 11, 'bonus_lists': [1678]}"
1757829542,LONG,,1,80423300,64338600,"{'id': 4718, 'context': 53, 'bonus_lists': [4277], 'modifiers': [{'type': 9, 'value': 45}]}"
1757829550,LONG,,1,5759600,4607700,"{'id': 9863, 'context': 54, 'bonus_lists': [1705, 4279], 'modifiers': [{'type': 9, 'value': 50}]}"
1757829651,LONG,,1,1541500,1233200,"{'id': 9805, 'context': 54, 'bonus_lists': [1680, 4277], 'modifiers': [{'type': 9, 'value': 47}]}"
1757824632,LONG,,1,26917500,26648300,"{'id': 5972, 'context': 0}"
1757824650,LONG,,1,47049300,37639400,"{'id': 15576, 'context': 54, 'bonus_lists': [1705, 4278], 'modifiers': [{'type': 9, 'value': 50}]}"
1757824718,LONG,,1,23566100,23330400,"{'id': 21897, 'context': 14}"
1757824801,LONG,,1,23548900,18839100,"{'id': 10279, 'context': 54, 'bonus_lists': [1708, 4277], 'modifiers': [{'type': 9, 'value': 46}]}"
1757832029,LONG,,1,28281300,22625000,"{'id': 14218, 'context': 53, 'bonus_lists': [1680, 4277], 'modifiers': [{'type': 9, 'value': 50}]}"
1757824619,LONG,,1,5275700,4220600,"{'id': 55674, 'context': 0, 'bonus_lists': [1692]}"
1757824416,LONG,,1,80912800,80103700,"{'id': 13311, 'context': 14}"
1757824530,LONG,,1,32915500,26332400,"{'id': 3011, 'context': 0, 'bonus_lists': [3642], 'modifiers': [{'type': 9, 'value': 25}]}"
1757829275,LONG,,1,26872200,26603500,"{'id': 11207, 'context': 1}"
1757829456,LONG,,1,36404500,36040500,"{'id': 10728, 'context': 14}"
1757829535,LONG,,1,6308900,5047100,"{'id': 9912, 'context': 0, 'bonus_lists': [1677]}"
1757829623,LONG,,1,11306200,9045000,"{'id': 8266, 'context': 11}"
1757829628,LONG,,1,7262800,5810200,"{'id': 7474, 'context': 54, 'bonus_lists': [1691, 4277], 'modifiers': [{'type': 9, 'value': 50}]}"
1757829665,LONG,,1,7703200,6162600,"{'id': 10067, 'context': 54, 'bonus_lists': [1709, 4277], 'modifiers': [{'type': 9, 'value': 50}]}"
1757824734,LONG,,1,29906200,23925000,"{'id': 10208, 'context': 11, 'bonus_lists': [1691]}"
1757824817,LONG,,1,23827200,19061800,"{'id': 9889, 'context': 54, 'bonus_lists': [1692, 4277], 'modifiers': [{'type': 9, 'value': 47}]}"
1757831838,LONG,,1,37210700,29768600,"{'id': 4789, 'context': 14}"
1757829505,LONG,,1,3489600,2791700,"{'id': 24781, 'context': 0, 'bonus_lists': [1705]}"
1757824449,LONG,,1,16236600,12989300,"{'id': 10135, 'context': 0, 'bonus_lists': [1708]}"
1757824580,LONG,,1,5668300,4534600,"{'id': 24789, 'context': 30, 'bonus_lists': [1694, 3850], 'modifiers': [{'type': 9, 'value': 29}]}"
1757824753,LONG,,1,2916800,2333400,"{'id': 10092, 'context': 54, 'bonus_lists': [1679, 4277], 'modifiers': [{'type': 9, 'value': 46}]}"
1757829173,LONG,,1,4512300,4467200,"{'id': 15743, 'context': 11}"
1757829213,LONG,,1,24374800,19499800,"{'id': 36658, 'context': 0, 'bonus_lists': [1692]}"
1757829303,LONG,,1,4437000,3549600,"{'id': 24672, 'context': 0, 'bonus_lists': [1680]}"
1757829392,LONG,,1,9212500,7370000,"{'id': 7524, 'context': 54, 'bonus_lists': [1678, 4277], 'modifiers': [{'type': 9, 'value': 45}]}"
1757829440,LONG,,1,27585700,22068600,"{'id': 15930, 'context': 54, 'bonus_lists': [4282], 'modifiers': [{'type': 9, 'value': 45}]}"
1757824762,LONG,,1,547126500,437701200,"{'id': 4788, 'context': 14}"
1757831841,LONG,,1,37151300,29721000,"{'id': 4824, 'context': 14}"
1757831863,LONG,,1,4171100,4129400,"{'id': 4294, 'context': 0}"
1757824781,LONG,,1,21672700,17338200,"{'id': 8279, 'context': 11}"
1757831867,LONG,,1,6333600,5066900,"{'id': 25020, 'context': 0, 'bonus_lists': [1680]}"
1757831878,LONG,,1,39736800,31789400,"{'id': 9290, 'context': 54, 'bonus_lists': [1708, 4277], 'modifiers': [{'type': 9, 'value': 45}]}"
1757832011,LONG,,1,9965500,7972400,"{'id': 10104, 'context': 54, 'bonus_lists': [1706, 4277], 'modifiers': [{'type': 9, 'value': 46}]}"
1757829160,LONG,,1,6249900,4999900,"{'id': 6614, 'context': 54, 'bonus_lists': [1681, 4278], 'modifiers': [{'type': 9, 'value': 50}]}"
1757829492,LONG,,1,79000,78200,"{'id': 12682, 'context': 0}"
1757829511,LONG,,1,7989200,6391400,"{'id': 10141, 'context': 1, 'bonus_lists': [1679]}"
1757829518,LONG,,1,9186000,7348800,"{'id': 10119, 'context': 54, 'bonus_lists': [1678, 4278], 'modifiers': [{'type': 9, 'value': 50}]}"
1757829576,LONG,,1,9844300,7875400,"{'id': 10066, 'context': 54, 'bonus_lists': [1692, 4277], 'modifiers': [{'type': 9, 'value': 47}]}"
1757829593,LONG,,1,1506100,1491000,"{'id': 16249, 'context': 0}"
1757829612,LONG,,1,3460700,2768600,"{'id': 10139, 'context': 0, 'bonus_lists': [1695]}"
1757829716,LONG,,1,43733200,43295900,"{'id': 7114, 'context': 14}"
1757829723,LONG,,1,32007000,25605600,"{'id': 7407, 'context': 54, 'bonus_lists': [1692, 4277], 'modifiers': [{'type': 9, 'value': 47}]}"
1757824404,LONG,,1,4041000,4000600,"{'id': 17725, 'context': 0}"
1757824575,LONG,,1,16699800,13359800,"{'id': 9871, 'context': 54, 'bonus_lists': [1692, 4278], 'modifiers': [{'type': 9, 'value': 50}]}"
1757824590,LONG,,1,10799700,8639800,"{'id': 14257, 'context': 54, 'bonus_lists': [1693, 4277], 'modifiers': [{'type': 9, 'value': 50}]}"
1757829246,LONG,,1,22789000,18231200,"{'id': 7332, 'context': 54, 'bonus_lists': [1691, 4277], 'modifiers': [{'type': 9, 'value': 45}]}"
1757824386,LONG,,1,9482800,7586200,"{'id': 10186, 'context': 11, 'bonus_lists': [1679]}"
1757824473,LONG,,1,19761700,15809400,"{'id': 10071, 'context': 11, 'bonus_lists': [1705]}"
1757824257,LONG,,1,13944700,11155800,"{'id': 10057, 'context': 54, 'bonus_lists': [1681, 4277], 'modifiers': [{'type': 9, 'value': 46}]}"
1757824331,LONG,,1,10970000,10860300,"{'id': 7975, 'context': 0}"
1757824742,LONG,,1,3469600,2775700,"{'id': 10148, 'context': 54, 'bonus_lists': [1680, 4278], 'modifiers': [{'type': 9, 'value': 50}]}"
1757824748,LONG,,1,75932200,60745800,"{'id': 7424, 'context': 1, 'bonus_lists': [1707]}"
1757831967,LONG,,1,19983300,15986600,"{'id': 9285, 'context': 54, 'bonus_lists': [1677, 4279], 'modifiers': [{'type': 9, 'value': 45}]}"
1757831998,LONG,,1,52648600,52122100,"{'id': 7613, 'context': 14}"
1757832004,LONG,,1,19928800,19729500,"{'id': 20855, 'context': 14}"
1757824488,LONG,,1,3961900,3169500,"{'id': 10253, 'context': 0, 'bonus_lists': [1692]}"
1757824594,LONG,,1,10042300,8033800,"{'id': 10200, 'context': 11, 'bonus_lists': [1694]}"
1757824671,LONG,,1,5813900,4651100,"{'id': 9924, 'context': 54, 'bonus_lists': [1694, 4277], 'modifiers': [{'type': 9, 'value': 47}]}"
1757824744,LONG,,1,5224500,4179600,"{'id': 10130, 'context': 11, 'bonus_lists': [1681]}"
1757831988,LONG,,1,1634700,1307800,"{'id': 10390, 'context': 1, 'bonus_lists': [1677]}"
1757832037,LONG,,1,11684500,11567700,"{'id': 12958, 'context': 14}"
1757824409,LONG,,1,4195700,4153700,"{'id': 4609, 'context': 14}"
1757824425,LONG,,1,761100,608900,"{'id': 24887, 'context': 0, 'bonus_lists': [1694]}"
1757824551,LONG,,1,14419300,11535400,"{'id': 10170, 'context': 54, 'bonus_lists': [1695, 4278], 'modifiers': [{'type': 9, 'value': 50}]}"
1757824600,LONG,,1,5199500,4159600,"{'id': 3647, 'context': 54, 'bonus_lists': [4279], 'modifiers': [{'type': 9, 'value': 45}]}"
1757824639,LONG,,1,27702900,22162300,"{'id': 4793, 'context': 14}"
1757831811,LONG,,1,1504400,1386600,"{'id': 15979, 'context': 53, 'bonus_lists': [1695, 4281], 'modifiers': [{'type': 9, 'value': 50}]}"
1757831845,LONG,,1,1375100,1361300,"{'id': 12693, 'context': 0}"
1757824393,LONG,,1,35007600,28006100,"{'id': 7429, 'context': 54, 'bonus_lists': [1691, 4277], 'modifiers': [{'type': 9, 'value': 50}]}"
1757824478,LONG,,1,1550900,1240700,"{'id': 4710, 'context': 28, 'bonus_lists': [3831], 'modifiers': [{'type': 9, 'value': 11}]}"
1757824501,LONG,,1,78801900,78013900,"{'id': 10858, 'context': 14}"
1757824554,LONG,,1,8148400,6518700,"{'id': 15912, 'context': 54, 'bonus_lists': [1705, 4283], 'modifiers': [{'type': 9, 'value': 45}]}"
1757829183,LONG,,1,3148600,2518900,"{'id': 25322, 'context': 0, 'bonus_lists': [1709]}"
1757829209,LONG,,1,9475700,7580600,"{'id': 10100, 'context': 54, 'bonus_lists': [1678, 4277], 'modifiers': [{'type': 9, 'value': 50}]}"
1757829419,LONG,,1,7636700,6109400,"{'id': 4706, 'context': 54, 'bonus_lists': [4277], 'modifiers': [{'type': 9, 'value': 45}]}"
1757829465,LONG,,1,4208400,3366700,"{'id': 8261, 'context': 54, 'bonus_lists': [4277], 'modifiers': [{'type': 9, 'value': 50}]}"
1757829495,LONG,,1,50364000,40291200,"{'id': 9884, 'context': 54, 'bonus_lists': [1677, 4277], 'modifiers': [{'type': 9, 'value': 50}]}"
1757829616,LONG,,1,21471600,17177300,"{'id': 9289, 'context': 54, 'bonus_lists': [1679, 4279], 'modifiers': [{'type': 9, 'value': 47}]}"
1757829262,LONG,,1,8285300,6628200,"{'id': 10213, 'context': 54, 'bonus_lists': [1693, 4279], 'modifiers': [{'type': 9, 'value': 46}]}"
1757829378,LONG,,1,6000000,4800000,"{'id': 55522, 'context': 0, 'bonus_lists': [1698]}"
1757829458,LONG,,1,44214000,35371200,"{'id': 9919, 'context': 54, 'bonus_lists': [1705, 4277], 'modifiers': [{'type': 9, 'value': 45}]}"
1757829501,LONG,,1,7491900,5993500,"{'id': 7471, 'context': 54, 'bonus_lists': [1707, 4277], 'modifiers': [{'type': 9, 'value': 45}]}"
1757829569,LONG,,1,2624100,2597900,"{'id': 20753, 'context': 14}"
1757829688,LONG,,1,2771300,2217000,"{'id': 24680, 'context': 0, 'bonus_lists': [1678]}"
1757824325,LONG,,1,2731400,2185100,"{'id': 6562, 'context': 54, 'bonus_lists': [1677, 4277], 'modifiers': [{'type': 9, 'value': 50}]}"
1757824837,LONG,,1,4858300,3886600,"{'id': 25042, 'context': 0, 'bonus_lists': [1695]}"
1757831855,LONG,,1,5019800,4015800,"{'id': 6266, 'context': 54, 'bonus_lists': [1695, 4277], 'modifiers': [{'type': 9, 'value': 50}]}"
1757831959,LONG,,1,231997600,185598100,"{'id': 4835, 'context': 14}"
1757831977,LONG,,1,5460100,4368100,"{'id': 24785, 'context': 0, 'bonus_lists': [1681]}"
1757831986,LONG,,1,1701700,1684700,"{'id': 38328, 'context': 14}"
1757829488,LONG,,1,8093800,6475000,"{'id': 9965, 'context': 54, 'bonus_lists': [1677, 4277], 'modifiers': [{'type': 9, 'value': 46}]}"
1757829509,LONG,,1,82457100,81632500,"{'id': 10311, 'context': 14}"
1757829700,LONG,,1,27748300,27470800,"{'id': 21896, 'context': 14}"
1757829232,LONG,,1,984400,787500,"{'id': 24773, 'context': 0, 'bonus_lists': [1691]}"
1757829295,LONG,,1,2223600,1778900,"{'id': 25295, 'context': 0, 'bonus_lists': [1695]}"
1757829410,LONG,,1,24673100,24426400,"{'id': 21943, 'context': 14}"
1757829564,LONG,,1,47890900,38312700,"{'id': 94075, 'context': 0, 'bonus_lists': [1700]}"
1757829177,LONG,,1,160608100,159002000,"{'id': 7088, 'context': 14}"
1757829188,LONG,,1,7754400,6203500,"{'id': 7540, 'context': 54, 'bonus_lists': [1707, 4279], 'modifiers': [{'type': 9, 'value': 47}]}"
1757829270,LONG,,1,55240300,54687900,"{'id': 5642, 'context': 14}"
1757829290,LONG,,1,2950000,2920500,"{'id': 30307, 'context': 0}"
1757829322,LONG,,1,9952900,9853400,"{'id': 18648, 'context': 14}"
1757829374,LONG,,1,6350300,5080200,"{'id': 7520, 'context': 54, 'bonus_lists': [1705, 4277], 'modifiers': [{'type': 9, 'value': 47}]}"
1757829436,LONG,,1,12050100,9640100,"{'id': 9934, 'context': 54, 'bonus_lists': [1679, 4277], 'modifiers': [{'type': 9, 'value': 50}]}"
1757829444,LONG,,1,49050500,39240400,"{'id': 15649, 'context': 54, 'bonus_lists': [1707, 4277], 'modifiers': [{'type': 9, 'value': 50}]}"
1757829474,LONG,,1,7450100,5960100,"{'id': 10229, 'context': 54, 'bonus_lists': [1705, 4277], 'modifiers': [{'type': 9, 'value': 46}]}"
1757829480,LONG,,1,3644500,2915600,"{'id': 24679, 'context': 0, 'bonus_lists': [1692]}"
1757829643,LONG,,1,5000000,4000000,"{'id': 10262, 'context': 0, 'bonus_lists': [1681]}"
1757824261,LONG,,1,9958200,7966600,"{'id': 10230, 'context': 0, 'bonus_lists': [1695]}"
1757824381,LONG,,1,3333300,3300000,"{'id': 17724, 'context': 11}"
1757824496,LONG,,1,19960000,15968000,"{'id': 14280, 'context': 54, 'bonus_lists': [1679, 4278], 'modifiers': [{'type': 9, 'value': 50}]}"
1757829658,LONG,,1,12788300,10230600,"{'id': 7544, 'context': 54, 'bonus_lists': [1705, 4279], 'modifiers': [{'type': 9, 'value': 45}]}"
1757831913,LONG,,1,2501900,2476900,"{'id': 38327, 'context': 14}"
1757831940,LONG,,1,27857400,22285900,"{'id': 14603, 'context': 54, 'bonus_lists': [4278], 'modifiers': [{'type': 9, 'value': 47}]}"
1757831955,LONG,,1,4900000,3920000,"{'id': 7494, 'context': 54, 'bonus_lists': [1677, 4277], 'modifiers': [{'type': 9, 'value': 45}]}"
1757824663,LONG,,1,3466200,2773000,"{'id': 55756, 'context': 0, 'bonus_lists': [1694]}"
1757831788,LONG,,1,15000,14900,"{'id': 16251, 'context': 1}"
1757831806,LONG,,1,3203100,2562500,"{'id': 55592, 'context': 0, 'bonus_lists': [1699]}"
1757831823,LONG,,1,15926500,15767200,"{'id': 18652, 'context': 14}"
1757831827,LONG,,1,7055200,5644200,"{'id': 7532, 'context': 0, 'bonus_lists': [6654, 1707], 'modifiers': [{'type': 9, 'value': 30}, {'type': 28, 'value': 20}]}"
1757831888,LONG,,1,58024800,57444600,"{'id': 7362, 'context': 14}"
1757831950,LONG,,1,3441300,3406900,"{'id': 5643, 'context': 14}"
1757831972,LONG,,1,16640100,13312100,"{'id': 15176, 'context': 54, 'bonus_lists': [1680, 4277], 'modifiers': [{'type': 9, 'value': 46}]}"
1757832007,LONG,,1,26385900,26122000,"{'id': 21948, 'context': 14}"
1757824366,LONG,,1,11340000,9072000,"{'id': 7438, 'context': 54, 'bonus_lists': [1691, 4277], 'modifiers': [{'type': 9, 'value': 47}]}"
1757824546,LONG,,1,17140200,13712200,"{'id': 10160, 'context': 0, 'bonus_lists': [1678]}"
1757824625,LONG,,1,12303500,9842800,"{'id': 10083, 'context': 11, 'bonus_lists': [1679]}"
1757829192,LONG,,1,8565600,6852500,"{'id': 7545, 'context': 54, 'bonus_lists': [1679, 4277], 'modifiers': [{'type': 9, 'value': 50}]}"
1757829241,LONG,,1,5038700,4031000,"{'id': 10081, 'context': 54, 'bonus_lists': [1692, 4277], 'modifiers': [{'type': 9, 'value': 47}]}"
1757829453,LONG,,1,1812700,1794600,"{'id': 12162, 'context': 14}"
1757829486,LONG,,1,46865500,46396800,"{'id': 10424, 'context': 0}"
1757829598,LONG,,1,5183600,4146900,"{'id': 25225, 'context': 0, 'bonus_lists': [1693]}"
1757829637,LONG,,1,1697700,1358200,"{'id': 6546, 'context': 54, 'bonus_lists': [1706, 4278], 'modifiers': [{'type': 9, 'value': 50}]}"
1757829672,LONG,,1,22199600,21977600,"{'id': 22562, 'context': 14}"
1757829679,LONG,,1,35625000,35268800,"{'id': 6391, 'context': 0}"
1757829705,LONG,,1,38464800,38080200,"{'id': 4412, 'context': 1}"
1757829203,LONG,,1,4085600,3268500,"{'id': 6576, 'context': 54, 'bonus_lists': [1678, 4277], 'modifiers': [{'type': 9, 'value': 47}]}"
1757829347,LONG,,1,33523800,26819000,"{'id': 4735, 'context': 53, 'bonus_lists': [4277], 'modifiers': [{'type': 9, 'value': 46}]}"
1757829479,LONG,,1,15219100,12175300,"{'id': 6399, 'context': 54, 'bonus_lists': [4278], 'modifiers': [{'type': 9, 'value': 50}]}"
1757829515,LONG,,1,11630000,9304000,"{'id': 14685, 'context': 0}"
1757829521,LONG,,1,9996600,7997300,"{'id': 2981, 'context': 54, 'bonus_lists': [4277], 'modifiers': [{'type': 9, 'value': 45}]}"
1757829581,LONG,,1,1109000,1097900,"{'id': 12684, 'context': 11}"
1757829587,LONG,,1,25000000,20000000,"{'id': 14259, 'context': 54, 'bonus_lists': [1708, 4277], 'modifiers': [{'type': 9, 'value': 50}]}"
1757831797,LONG,,1,213243700,211111300,"{'id': 9300, 'context': 14}"
1757829168,LONG,,1,2825700,2260600,"{'id': 24678, 'context': 28, 'bonus_lists': [1679, 3840], 'modifiers': [{'type': 9, 'value': 50}]}"
1757829386,LONG,,1,5110800,4088600,"{'id': 10151, 'context': 0, 'bonus_lists': [1680]}"
1757829406,LONG,,1,7066900,5653500,"{'id': 6558, 'context': 54, 'bonus_lists': [1709, 4277], 'modifiers': [{'type': 9, 'value': 47}]}"
1757829469,LONG,,1,14784100,11827300,"{'id': 14337, 'context': 1, 'bonus_lists': [1709]}"
1757829472,LONG,,1,2991300,2393000,"{'id': 25294, 'context': 28, 'bonus_lists': [1691, 3869], 'modifiers': [{'type': 9, 'value': 50}]}"
1757829498,LONG,,1,30799000,24639200,"{'id': 40668, 'context': 0}"
1757829546,LONG,,1,18293400,14634700,"{'id': 25224, 'context': 0, 'bonus_lists': [1678]}"
1757824635,LONG,,1,6457100,5165700,"{'id': 10245, 'context': 11, 'bonus_lists': [1694]}"
1757832014,LONG,,1,2882800,2306200,"{'id': 6553, 'context': 54, 'bonus_lists': [1679, 4277], 'modifiers': [{'type': 9, 'value': 50}]}"
1757824725,LONG,,1,225400,223100,"{'id': 15737, 'context': 0}"
1757824766,LONG,,1,78673500,62938800,"{'id': 25230, 'context': 28, 'bonus_lists': [1679, 3869], 'modifiers': [{'type': 9, 'value': 50}]}"
1757829197,LONG,,1,24000000,19200000,"{'id': 6416, 'context': 54, 'bonus_lists': [4277], 'modifiers': [{'type': 9, 'value': 46}]}"
1757829403,LONG,,1,3071400,2457100,"{'id': 10155, 'context': 54, 'bonus_lists': [1708, 4277], 'modifiers': [{'type': 9, 'value': 50}]}"
1757829467,LONG,,1,2453600,2429100,"{'id': 20758, 'context': 14}"
1757831801,LONG,,1,46087800,36870200,"{'id': 4830, 'context': 14}"
1757831975,LONG,,1,10000000,8000000,"{'id': 8317, 'context': 11}"
1757824321,LONG,,1,12822500,10258000,"{'id': 10281, 'context': 54, 'bonus_lists': [1691, 4277], 'modifiers': [{'type': 9, 'value': 50}]}"
1757829692,LONG,,1,6211300,4969000,"{'id': 24778, 'context': 28, 'bonus_lists': [1677, 3840], 'modifiers': [{'type': 9, 'value': 50}]}"
1757829179,LONG,,1,5144700,4115800,"{'id': 36680, 'context': 36, 'bonus_lists': [1680, 3871], 'modifiers': [{'type': 9, 'value': 34}]}"
1757829424,LONG,,1,25000000,20000000,"{'id': 8116, 'context': 11}"
1757829487,LONG,,1,40007500,32006000,"{'id': 7487, 'context': 54, 'bonus_lists': [1681, 4279], 'modifiers': [{'type': 9, 'value': 50}]}"
1757829522,LONG,,1,7734500,6187600,"{'id': 24615, 'context': 29, 'bonus_lists': [1706, 3849], 'modifiers': [{'type': 9, 'value': 50}]}"
1757824269,LONG,,1,10003500,8002800,"{'id': 8122, 'context': 11}"
1757824361,LONG,,1,4783900,3827100,"{'id': 10179, 'context': 54, 'bonus_lists': [1681, 4277], 'modifiers': [{'type': 9, 'value': 47}]}"
1757824527,LONG,,1,45646800,36517400,"{'id': 14939, 'context': 54, 'bonus_lists': [1709, 4277], 'modifiers': [{'type': 9, 'value': 50}]}"
1757824558,LONG,,1,4824300,3859400,"{'id': 10193, 'context': 54, 'bonus_lists': [1692, 4279], 'modifiers': [{'type': 9, 'value': 46}]}"
1757829252,LONG,,1,25000000,20000000,"{'id': 7430, 'context': 54, 'bonus_lists': [1681, 4278], 'modifiers': [{'type': 9, 'value': 46}]}"
1757829356,LONG,,1,42660100,42233500,"{'id': 24316, 'context': 14}"
1757829484,LONG,,1,37144600,29715700,"{'id': 15367, 'context': 54, 'bonus_lists': [1681, 4281], 'modifiers': [{'type': 9, 'value': 50}]}"
1757829531,LONG,,1,6665800,5332600,"{'id': 10277, 'context': 54, 'bonus_lists': [1707, 4277], 'modifiers': [{'type': 9, 'value': 46}]}"
1757831836,LONG,,1,111110000,88888000,"{'id': 9968, 'context': 54, 'bonus_lists': [1707, 4277], 'modifiers': [{'type': 9, 'value': 45}]}"
1757831901,LONG,,1,5774200,4619400,"{'id': 10165, 'context': 54, 'bonus_lists': [1695, 4277], 'modifiers': [{'type': 9, 'value': 46}]}"
1757831980,LONG,,1,57840100,46272100,"{'id': 14602, 'context': 54, 'bonus_lists': [4277], 'modifiers': [{'type': 9, 'value': 50}]}"
1757824522,LONG,,1,35677200,35320400,"{'id': 30483, 'context': 14}"
1757824263,LONG,,1,2703500,2162800,"{'id': 25040, 'context': 0, 'bonus_lists': [1692]}"
1757824334,LONG,,1,21093700,20882800,"{'id': 23590, 'context': 14}"
1757824412,LONG,,1,5395200,4316200,"{'id': 10076, 'context': 11, 'bonus_lists': [1695]}"
1757824539,LONG,,1,63420700,62786500,"{'id': 5973, 'context': 14}"
1757829439,LONG,,1,981900,785500,"{'id': 24689, 'context': 0, 'bonus_lists': [1706]}"
1757829525,LONG,,1,5855800,4684600,"{'id': 7458, 'context': 54, 'bonus_lists': [1692, 4277], 'modifiers': [{'type': 9, 'value': 50}]}"
1757824775,LONG,,1,1819300,1801100,"{'id': 20752, 'context': 14}"
1757824788,LONG,,1,4503800,4458800,"{'id': 7990, 'context': 1}"
1757824833,LONG,,1,8288400,6630700,"{'id': 10231, 'context': 54, 'bonus_lists': [1695, 4277], 'modifiers': [{'type': 9, 'value': 46}]}"
1757831852,LONG,,1,32838500,32510100,"{'id': 23811, 'context': 14}"
1757831858,LONG,,1,8281200,6625000,"{'id': 10110, 'context': 54, 'bonus_lists': [1678, 4277], 'modifiers': [{'type': 9, 'value': 50}]}"
1757831907,LONG,,1,48632700,48146400,"{'id': 5771, 'context': 14}"
1757832018,LONG,,1,5950700,4760600,"{'id': 25097, 'context': 0, 'bonus_lists': [1707]}"
1757832031,LONG,,1,26258700,21007000,"{'id': 14600, 'context': 54, 'bonus_lists': [4277], 'modifiers': [{'type': 9, 'value': 50}]}"
1757824756,LONG,,1,20167500,16134000,"{'id': 7460, 'context': 54, 'bonus_lists': [1709, 4279], 'modifiers': [{'type': 9, 'value': 50}]}"
1757832020,LONG,,1,2231800,1785400,"{'id': 24801, 'context': 0, 'bonus_lists': [1692]}"
1757824310,LONG,,1,34143800,27315000,"{'id': 8125, 'context': 0}"
1757824351,LONG,,1,29401500,29107500,"{'id': 22900, 'context': 14}"
1757824430,LONG,,1,19497300,19302300,"{'id': 14639, 'context': 14}"
1757824728,LONG,,1,6576100,5260900,"{'id': 9953, 'context': 11, 'bonus_lists': [1677]}"
1757824806,LONG,,1,6251700,5001400,"{'id': 7521, 'context': 54, 'bonus_lists': [1681, 4277], 'modifiers': [{'type': 9, 'value': 46}]}"
1757829369,LONG,,1,2720500,2176400,"{'id': 6551, 'context': 54, 'bonus_lists': [1695, 4277], 'modifiers': [{'type': 9, 'value': 47}]}"
1757831918,LONG,,1,39001000,38611000,"{'id': 21942, 'context': 14}"
1757824811,LONG,,1,23126500,18501200,"{'id': 8106, 'context': 11}"
1757831780,LONG,,1,9188900,7351100,"{'id': 55332, 'context': 5, 'bonus_lists': [1679]}"
1757831794,LONG,,1,61154200,48923400,"{'id': 4832, 'context': 14}"
1757831928,LONG,,1,8187700,6550200,"{'id': 9854, 'context': 0, 'bonus_lists': [1693]}"
1757824722,LONG,,1,19564800,19369200,"{'id': 22563, 'context': 14}"
1757824747,LONG,,1,67024900,66354700,"{'id': 24204, 'context': 0}"
1757831924,LONG,,1,313681300,250945000,"{'id': 36698, 'context': 1, 'bonus_lists': [6655, 1705], 'modifiers': [{'type': 9, 'value': 50}, {'type': 28, 'value': 1870}]}"
1757832024,LONG,,1,28945000,23156000,"{'id': 14260, 'context': 53, 'bonus_lists': [1705, 4277], 'modifiers': [{'type': 9, 'value': 50}]}"
1757824563,LONG,,1,224100,221900,"{'id': 12683, 'context': 11}"
1757824587,LONG,,1,4191000,3352800,"{'id': 55593, 'context': 0, 'bonus_lists': [1698]}"
1757824346,LONG,,1,20443200,16354600,"{'id': 9913, 'context': 54, 'bonus_lists': [1706, 4278], 'modifiers': [{'type': 9, 'value': 47}]}"
1757829220,LONG,,1,29100100,23280100,"{'id': 9804, 'context': 54, 'bonus_lists': [1693, 4282], 'modifiers': [{'type': 9, 'value': 45}]}"
1757829257,LONG,,1,21361300,17089000,"{'id': 4792, 'context': 14}"
1757829339,LONG,,1,21003200,16802600,"{'id': 9862, 'context': 54, 'bonus_lists': [1709, 4277], 'modifiers': [{'type': 9, 'value': 47}]}"
1757829365,LONG,,1,2500000,2000000,"{'id': 11734, 'context': 0}"
1757829399,LONG,,1,22999600,18399700,"{'id': 10362, 'context': 0, 'bonus_lists': [1705]}"
1757829412,LONG,,1,5996300,4797000,"{'id': 14224, 'context': 53, 'bonus_lists': [1691, 4277], 'modifiers': [{'type': 9, 'value': 50}]}"
1757829427,LONG,,1,3544100,2835300,"{'id': 9784, 'context': 54, 'bonus_lists': [1679, 4277], 'modifiers': [{'type': 9, 'value': 47}]}"
1757829450,LONG,,1,2248000,1798400,"{'id': 14239, 'context': 53, 'bonus_lists': [1707, 4277], 'modifiers': [{'type': 9, 'value': 50}]}"
1757829481,LONG,,1,1250000,1237500,"{'id': 12704, 'context': 1}"
1757829609,LONG,,1,7002100,5601700,"{'id': 10237, 'context': 1, 'bonus_lists': [1678]}"
1757824830,LONG,,1,46712400,37369900,"{'id': 9830, 'context': 54, 'bonus_lists': [1695, 4281], 'modifiers': [{'type': 9, 'value': 31}]}"
1757824571,LONG,,1,2500000,2010200,"{'id': 36269, 'context': 0, 'bonus_lists': [1705]}"
1757824609,LONG,,1,89181700,88289900,"{'id': 21941, 'context': 14}"
1757989798,VERY_LONG,,1,698421300,,"{'id': 82800, 'context': 0, 'modifiers': [{'type': 6, 'value': 39333}], 'pet_breed_id': 3, 'pet_level': 25, 'pet_quality_id': 3, 'pet_species_id': 342}"
1757989957,VERY_LONG,,1,79697700,,"{'id': 82800, 'context': 0, 'modifiers': [{'type': 6, 'value': 59017}], 'pet_breed_id': 13, 'pet_level': 2, 'pet_quality_id': 3, 'pet_species_id': 1545}"
1757991183,VERY_LONG,,1,74059500,,"{'id': 82800, 'context': 0, 'modifiers': [{'type': 6, 'value': 65672}], 'pet_breed_id': 8, 'pet_level': 1, 'pet_quality_id': 3, 'pet_species_id': 1760}"
1757991447,VERY_LONG,,1,21787400,,"{'id': 82800, 'context': 0, 'modifiers': [{'type': 6, 'value': 4626}], 'pet_breed_id': 3, 'pet_level': 1, 'pet_quality_id': 2, 'pet_species_id': 137}"
1757989740,VERY_LONG,,1,16399800,,"{'id': 82800, 'context': 0, 'modifiers': [{'type': 6, 'value': 5585}], 'pet_breed_id': 5, 'pet_level': 1, 'pet_quality_id': 2, 'pet_species_id': 44}"
1757989795,VERY_LONG,,1,161590900,,"{'id': 82800, 'context': 0, 'modifiers': [{'type': 6, 'value': 16587}], 'pet_breed_id': 3, 'pet_level': 13, 'pet_quality_id': 2, 'pet_species_id': 128}"
1757991443,VERY_LONG,,1,59059500,,"{'id': 82800, 'context': 0, 'modifiers': [{'type': 6, 'value': 65638}], 'pet_breed_id': 22, 'pet_level': 1, 'pet_quality_id': 3, 'pet_species_id': 1755}"
1757989581,VERY_LONG,,1,268765300,,"{'id': 82800, 'context': 0, 'pet_breed_id': 4, 'pet_level': 1, 'pet_quality_id': 3, 'pet_species_id': 218}"
1757991283,VERY_LONG,,1,135766600,,"{'id': 82800, 'context': 0, 'modifiers': [{'type': 6, 'value': 21381}], 'pet_breed_id': 3, 'pet_level': 6, 'pet_quality_id': 2, 'pet_species_id': 157}"
1757989851,VERY_LONG,,1,13262000,,"{'id': 82800, 'context': 0, 'modifiers': [{'type': 6, 'value': 62217}], 'pet_breed_id': 9, 'pet_level': 1, 'pet_quality_id': 2, 'pet_species_id': 194}"
1758131307,VERY_LONG,,1,259600,,"{'id': 25291, 'context': 1, 'bonus_lists': [6655, 1706], 'modifiers': [{'type': 9, 'value': 24}, {'type': 28, 'value': 1893}]}"
1758131474,VERY_LONG,,1,102000,,"{'id': 25090, 'context': 1, 'bonus_lists': [6655, 1706], 'modifiers': [{'type': 9, 'value': 12}, {'type': 28, 'value': 1886}]}"
1758131362,VERY_LONG,,1,104800,,"{'id': 25021, 'context': 1, 'bonus_lists': [6654, 1692], 'modifiers': [{'type': 9, 'value': 24}, {'type': 28, 'value': 1893}]}"
1758131270,VERY_LONG,,1,259500,,"{'id': 24792, 'context': 1, 'bonus_lists': [6654, 1705], 'modifiers': [{'type': 9, 'value': 25}, {'type': 28, 'value': 1893}]}"
1758131394,VERY_LONG,,1,255500,,"{'id': 25307, 'context': 1, 'bonus_lists': [6655, 1694], 'modifiers': [{'type': 9, 'value': 25}, {'type': 28, 'value': 1893}]}"
1758131413,VERY_LONG,,1,255500,,"{'id': 25307, 'context': 1, 'bonus_lists': [6655, 1692], 'modifiers': [{'type': 9, 'value': 25}, {'type': 28, 'value': 1893}]}"
1758131443,VERY_LONG,,1,102000,,"{'id': 25090, 'context': 1, 'bonus_lists': [6655, 1679], 'modifiers': [{'type': 9, 'value': 12}, {'type': 28, 'value': 1886}]}"
1758131457,VERY_LONG,,1,102000,,"{'id': 25090, 'context': 1, 'bonus_lists': [6655, 1694], 'modifiers': [{'type': 9, 'value': 16}, {'type': 28, 'value': 1887}]}"
1758131493,VERY_LONG,,1,104800,,"{'id': 25021, 'context': 1, 'bonus_lists': [6654, 1678], 'modifiers': [{'type': 9, 'value': 25}, {'type': 28, 'value': 1893}]}"
1757489560,SHORT,,1,6750200,5400200,"{'id': 10251, 'context': 0, 'bonus_lists': [6654, 1709], 'modifiers': [{'type': 9, 'value': 30}, {'type': 28, 'value': 1004}]}"
1757489570,SHORT,,1,1797900,,"{'id': 15267, 'context': 0, 'bonus_lists': [6655, 1708], 'modifiers': [{'type': 9, 'value': 30}, {'type': 28, 'value': 1005}]}"
1757489611,SHORT,,1,6112100,,"{'id': 10384, 'context': 0, 'bonus_lists': [6654, 1709], 'modifiers': [{'type': 9, 'value': 30}, {'type': 28, 'value': 1005}]}"
1757489521,SHORT,,1,31203900,24963100,"{'id': 59468, 'context': 0, 'modifiers': [{'type': 28, 'value': 1026}]}"
1757489495,SHORT,,1,9969700,7975800,"{'id': 10270, 'context': 0, 'bonus_lists': [6654, 1678], 'modifiers': [{'type': 9, 'value': 30}, {'type': 28, 'value': 1005}]}"
1757489472,SHORT,,1,29006500,23205200,"{'id': 159799, 'context': 0, 'bonus_lists': [4796, 1693], 'modifiers': [{'type': 9, 'value': 50}]}"
1757489553,SHORT,,1,4385900,3508800,"{'id': 10261, 'context': 0, 'bonus_lists': [6654, 1680], 'modifiers': [{'type': 9, 'value': 30}, {'type': 28, 'value': 1004}]}"
1757489483,SHORT,,1,4950000,3960000,"{'id': 13066, 'context': 0, 'bonus_lists': [6658], 'modifiers': [{'type': 9, 'value': 30}, {'type': 28, 'value': 1004}]}"
1757489540,SHORT,,1,985800,788700,"{'id': 13008, 'context': 0, 'bonus_lists': [6658], 'modifiers': [{'type': 9, 'value': 30}, {'type': 28, 'value': 1005}]}"
1757506306,MEDIUM,,1,,10000,"{'id': 82800, 'context': 0, 'modifiers': [{'type': 6, 'value': 90715}], 'pet_breed_id': 14, 'pet_level': 1, 'pet_quality_id': 3, 'pet_species_id': 2580}"
1757506333,MEDIUM,,1,500,,"{'id': 82800, 'context': 0, 'modifiers': [{'type': 6, 'value': 31073}], 'pet_breed_id': 3, 'pet_level': 1, 'pet_quality_id': 2, 'pet_species_id': 251}"
1757966435,VERY_LONG,,1,3859200,,"{'id': 178945, 'context': 0, 'bonus_lists': [6908, 6652, 1709], 'modifiers': [{'type': 9, 'value': 60}, {'type': 28, 'value': 2060}]}"
1757966542,VERY_LONG,,1,47450000,,"{'id': 82800, 'context': 0, 'modifiers': [{'type': 6, 'value': 99014}], 'pet_breed_id': 3, 'pet_level': 1, 'pet_quality_id': 2, 'pet_species_id': 2953}"
1757966473,VERY_LONG,,1,39990100,,"{'id': 180751, 'context': 13}"
1757966483,VERY_LONG,,1,39990100,,"{'id': 180751, 'context': 13}"
1757966598,VERY_LONG,,1,6000000,,"{'id': 178943, 'context': 0, 'bonus_lists': [6908, 6652, 1697], 'modifiers': [{'type': 9, 'value': 60}, {'type': 28, 'value': 1707}]}"
1757966705,VERY_LONG,,1,18000000,,"{'id': 177774, 'context': 0, 'bonus_lists': [6907, 6652, 1706], 'modifiers': [{'type': 9, 'value': 60}, {'type': 28, 'value': 1707}]}"
1757966469,VERY_LONG,,1,39990100,,"{'id': 180751, 'context': 13}"
1757966479,VERY_LONG,,1,39990100,,"{'id': 180751, 'context': 13}"
1757966680,VERY_LONG,,1,9444500,,"{'id': 177789, 'context': 5, 'bonus_lists': [6907, 6652, 1714], 'modifiers': [{'type': 9, 'value': 60}, {'type': 28, 'value': 752}]}"
1757966715,VERY_LONG,,1,9444500,,"{'id': 177789, 'context': 0, 'bonus_lists': [6907, 6652, 1713], 'modifiers': [{'type': 9, 'value': 60}, {'type': 28, 'value': 2060}]}"
1757966770,VERY_LONG,,1,6489200,,"{'id': 176972, 'context': 0, 'bonus_lists': [6907, 43, 1717], 'modifiers': [{'type': 9, 'value': 60}, {'type': 28, 'value': 1707}]}"
1757558779,LONG,,1,1000,,"{'id': 202, 'context': 14, 'modifiers': [{'type': 28, 'value': 864}]}"
1757558768,LONG,,1,100,,"{'id': 793, 'context': 14, 'modifiers': [{'type': 28, 'value': 864}]}"
1757874080,LONG,,1,1502000,,"{'id': 176785, 'context': 23, 'bonus_lists': [6907, 6652, 7194, 1678], 'modifiers': [{'type': 9, 'value': 60}, {'type': 28, 'value': 749}]}"
1757870590,LONG,,1,45000000,,"{'id': 67151, 'context': 0}"
1757837373,LONG,,1,50000000,,"{'id': 67151, 'context': 0}"
1757837950,LONG,,1,300000000,270000000,"{'id': 158887, 'context': 13}"
1757837980,LONG,,1,2900000000,2610000000,"{'id': 52200, 'context': 11}"
1757870582,LONG,,1,45000000,,"{'id': 67151, 'context': 0}"
1757837982,LONG,,1,1990000000,1791000000,"{'id': 52496, 'context': 0}"
1757837974,LONG,,1,1990000000,1791000000,"{'id': 4354, 'context': 1}"
1757837993,LONG,,1,300000000,270000000,"{'id': 158886, 'context': 13}"
1757837999,LONG,,1,1339900000,1205910000,"{'id': 31336, 'context': 0}"
1757837918,LONG,,1,6000000000,5400000000,"{'id': 9296, 'context': 0}"
1757837443,LONG,,1,70000000,,"{'id': 67151, 'context': 0}"
1757837444,LONG,,1,70000000,,"{'id': 67151, 'context': 0}"
1757837453,LONG,,1,70000000,,"{'id': 67151, 'context': 0, 'modifiers': [{'type': 28, 'value': 53}]}"
1757837474,LONG,,1,300000000,190000000,"{'id': 153594, 'context': 13}"
1757870576,LONG,,1,45000000,,"{'id': 67151, 'context': 0}"
1757837418,LONG,,1,60000000,,"{'id': 67151, 'context': 0}"
1757837927,LONG,,1,4750000000,4275000000,"{'id': 52489, 'context': 0}"
1757837969,LONG,,1,1990000000,1791000000,"{'id': 52494, 'context': 0}"
1757837477,LONG,,1,300000000,190000000,"{'id': 153594, 'context': 13}"
1757837930,LONG,,1,2181051400,1962946300,"{'id': 1168, 'context': 54, 'bonus_lists': [4259], 'modifiers': [{'type': 9, 'value': 50}]}"
1757837946,LONG,,1,60000000,54000000,"{'id': 44694, 'context': 14, 'modifiers': [{'type': 28, 'value': 173}]}"
1757837964,LONG,,1,60000000,54000000,"{'id': 44693, 'context': 14, 'modifiers': [{'type': 28, 'value': 173}]}"
1757837922,LONG,,1,300000000,270000000,"{'id': 52486, 'context': 0}"
1757837420,LONG,,1,60000000,,"{'id': 67151, 'context': 0}"
1757837446,LONG,,1,70000000,,"{'id': 67151, 'context': 0}"
1757837505,LONG,,1,300030000,177770000,"{'id': 153594, 'context': 13}"
1757837985,LONG,,1,1990000000,1791000000,"{'id': 52495, 'context': 0}"
1757837371,LONG,,1,50000000,,"{'id': 67151, 'context': 0}"
1757837988,LONG,,1,300000000,270000000,"{'id': 52485, 'context': 0}"
1757837411,LONG,,1,60000000,,"{'id': 67151, 'context': 0}"
1757837953,LONG,,1,6000000000,5400000000,"{'id': 40110, 'context': 0}"
1757837957,LONG,,1,300000000,270000000,"{'id': 52487, 'context': 0}"
1757837382,LONG,,1,50000000,,"{'id': 67151, 'context': 0, 'modifiers': [{'type': 28, 'value': 1828}]}"
1757837451,LONG,,1,70000000,,"{'id': 67151, 'context': 0}"
1757870587,LONG,,1,45000000,,"{'id': 67151, 'context': 0}"
1757837386,LONG,,1,50000000,,"{'id': 67151, 'context': 0, 'modifiers': [{'type': 28, 'value': 1828}]}"
1757837426,LONG,,1,60000000,,"{'id': 67151, 'context': 0}"
1757870572,LONG,,1,45000000,,"{'id': 67151, 'context': 0}"
1757837377,LONG,,1,50000000,,"{'id': 67151, 'context': 0, 'modifiers': [{'type': 28, 'value': 1828}]}"
1757837429,LONG,,1,60000000,,"{'id': 67151, 'context': 0, 'modifiers': [{'type': 28, 'value': 1828}]}"
1758157066,VERY_LONG,,1,35000000,,"{'id': 9393, 'context': 1, 'bonus_lists': [6710], 'modifiers': [{'type': 9, 'value': 30}, {'type': 28, 'value': 217}]}"
1758158120,VERY_LONG,,1,49841000,,"{'id': 10178, 'context': 1, 'bonus_lists': [6654, 1681], 'modifiers': [{'type': 9, 'value': 30}, {'type': 28, 'value': 205}]}"
1758158167,VERY_LONG,,1,23827200,,"{'id': 9889, 'context': 1, 'bonus_lists': [6654, 1681], 'modifiers': [{'type': 9, 'value': 30}, {'type': 28, 'value': 217}]}"
1758158214,VERY_LONG,,1,7450100,,"{'id': 10229, 'context': 1, 'bonus_lists': [6654, 1693], 'modifiers': [{'type': 9, 'value': 30}, {'type': 28, 'value': 205}]}"
1758153985,VERY_LONG,,1,17318300,,"{'id': 4731, 'context': 1, 'bonus_lists': [6654], 'modifiers': [{'type': 9, 'value': 30}, {'type': 28, 'value': 217}]}"
1758154046,VERY_LONG,,1,63887400,,"{'id': 1988, 'context': 1, 'bonus_lists': [6654], 'modifiers': [{'type': 9, 'value': 30}, {'type': 28, 'value': 217}]}"
1758158245,VERY_LONG,,1,14566100,,"{'id': 15918, 'context': 1, 'bonus_lists': [6655, 1691], 'modifiers': [{'type': 9, 'value': 30}, {'type': 28, 'value': 217}]}"
1758154055,VERY_LONG,,1,22928800,,"{'id': 4726, 'context': 1, 'bonus_lists': [6654], 'modifiers': [{'type': 9, 'value': 30}, {'type': 28, 'value': 217}]}"
1758155242,VERY_LONG,,1,54935000,,"{'id': 7488, 'context': 1, 'bonus_lists': [6654, 1705], 'modifiers': [{'type': 9, 'value': 30}, {'type': 28, 'value': 217}]}"
1758155439,VERY_LONG,,1,19148200,,"{'id': 4059, 'context': 1, 'bonus_lists': [6654], 'modifiers': [{'type': 9, 'value': 30}, {'type': 28, 'value': 217}]}"
1758155707,VERY_LONG,,1,36886500,,"{'id': 15213, 'context': 1, 'bonus_lists': [6655, 1691], 'modifiers': [{'type': 9, 'value': 30}, {'type': 28, 'value': 217}]}"
1758155733,VERY_LONG,,1,34001900,,"{'id': 12031, 'context': 1, 'bonus_lists': [6654, 1678], 'modifiers': [{'type': 9, 'value': 30}, {'type': 28, 'value': 217}]}"
1758155745,VERY_LONG,,1,10002900,,"{'id': 7483, 'context': 1, 'bonus_lists': [6654, 1693], 'modifiers': [{'type': 9, 'value': 30}, {'type': 28, 'value': 217}]}"
1758155753,VERY_LONG,,1,34397300,,"{'id': 9906, 'context': 1, 'bonus_lists': [6654, 1705], 'modifiers': [{'type': 9, 'value': 30}, {'type': 28, 'value': 217}]}"
1758155844,VERY_LONG,,1,11083600,,"{'id': 9909, 'context': 1, 'bonus_lists': [6654, 1695], 'modifiers': [{'type': 9, 'value': 30}, {'type': 28, 'value': 217}]}"
1758155917,VERY_LONG,,1,10577000,,"{'id': 15322, 'context': 1, 'bonus_lists': [6655], 'modifiers': [{'type': 9, 'value': 30}, {'type': 28, 'value': 217}]}"
1758158263,VERY_LONG,,1,7909400,,"{'id': 10214, 'context': 1, 'bonus_lists': [6654, 1695], 'modifiers': [{'type': 9, 'value': 30}, {'type': 28, 'value': 205}]}"
1758155992,VERY_LONG,,1,109963000,,"{'id': 6421, 'context': 1, 'bonus_lists': [6654], 'modifiers': [{'type': 9, 'value': 30}, {'type': 28, 'value': 217}]}"
1758156384,VERY_LONG,,1,32499200,,"{'id': 10204, 'context': 1, 'bonus_lists': [6655, 1692], 'modifiers': [{'type': 9, 'value': 30}, {'type': 28, 'value': 205}]}"
1758156478,VERY_LONG,,1,45957500,,"{'id': 7418, 'context': 1, 'bonus_lists': [6654, 1694], 'modifiers': [{'type': 9, 'value': 30}, {'type': 28, 'value': 217}]}"
1757654221,LONG,,1,37858000,,"{'id': 9851, 'context': 1, 'bonus_lists': [6654, 1694], 'modifiers': [{'type': 9, 'value': 30}, {'type': 28, 'value': 217}]}"
1757654236,LONG,,1,11083600,,"{'id': 9909, 'context': 1, 'bonus_lists': [6654, 1705], 'modifiers': [{'type': 9, 'value': 30}, {'type': 28, 'value': 217}]}"
1758158315,VERY_LONG,,1,10577000,,"{'id': 15322, 'context': 1, 'bonus_lists': [6655], 'modifiers': [{'type': 9, 'value': 30}, {'type': 28, 'value': 217}]}"
1758158611,VERY_LONG,,1,14704100,,"{'id': 6417, 'context': 1, 'bonus_lists': [6654], 'modifiers': [{'type': 9, 'value': 30}, {'type': 28, 'value': 217}]}"
1758157013,VERY_LONG,,1,18002400,,"{'id': 6423, 'context': 1, 'bonus_lists': [6654], 'modifiers': [{'type': 9, 'value': 30}, {'type': 28, 'value': 217}]}"
1758157040,VERY_LONG,,1,20007500,,"{'id': 4044, 'context': 1, 'bonus_lists': [6654], 'modifiers': [{'type': 9, 'value': 30}, {'type': 28, 'value': 217}]}"
1758158622,VERY_LONG,,1,25000000,,"{'id': 9886, 'context': 1, 'bonus_lists': [6654, 1678], 'modifiers': [{'type': 9, 'value': 30}, {'type': 28, 'value': 217}]}"
1757654158,LONG,,1,35000000,,"{'id': 9393, 'context': 1, 'bonus_lists': [6710], 'modifiers': [{'type': 9, 'value': 30}, {'type': 28, 'value': 217}]}"
1757654168,LONG,,1,17757000,,"{'id': 4057, 'context': 1, 'bonus_lists': [6654], 'modifiers': [{'type': 9, 'value': 30}, {'type': 28, 'value': 217}]}"
1757654321,LONG,,1,28000000,,"{'id': 9397, 'context': 1, 'bonus_lists': [6710], 'modifiers': [{'type': 9, 'value': 30}, {'type': 28, 'value': 217}]}"
1757654451,LONG,,1,14120700,,"{'id': 864, 'context': 1, 'bonus_lists': [6655, 1706], 'modifiers': [{'type': 9, 'value': 30}, {'type': 28, 'value': 217}]}"
1758059202,VERY_LONG,,1,11500200,,"{'id': 10302, 'context': 1, 'modifiers': [{'type': 28, 'value': 217}]}"
1757654538,LONG,,1,19983300,,"{'id': 9285, 'context': 1, 'bonus_lists': [6654, 1677], 'modifiers': [{'type': 9, 'value': 30}, {'type': 28, 'value': 217}]}"
1758059293,VERY_LONG,,1,109963000,,"{'id': 6421, 'context': 1, 'bonus_lists': [6654], 'modifiers': [{'type': 9, 'value': 30}, {'type': 28, 'value': 217}]}"
1758060135,VERY_LONG,,1,50008600,,"{'id': 4736, 'context': 1, 'bonus_lists': [6654], 'modifiers': [{'type': 9, 'value': 30}, {'type': 28, 'value': 217}]}"
1758060529,VERY_LONG,,1,60007600,,"{'id': 4065, 'context': 1, 'bonus_lists': [6655], 'modifiers': [{'type': 9, 'value': 30}, {'type': 28, 'value': 217}]}"
1757654211,LONG,,1,12175400,,"{'id': 4078, 'context': 1, 'bonus_lists': [6654], 'modifiers': [{'type': 9, 'value': 30}, {'type': 28, 'value': 217}]}"
1757654256,LONG,,1,38967100,,"{'id': 6411, 'context': 1, 'bonus_lists': [6654], 'modifiers': [{'type': 9, 'value': 30}, {'type': 28, 'value': 217}]}"
1757654432,LONG,,1,40007500,,"{'id': 7487, 'context': 1, 'bonus_lists': [6654, 1708], 'modifiers': [{'type': 9, 'value': 30}, {'type': 28, 'value': 217}]}"
1758059223,VERY_LONG,,1,15008500,,"{'id': 6426, 'context': 1, 'bonus_lists': [6654], 'modifiers': [{'type': 9, 'value': 30}, {'type': 28, 'value': 217}]}"
1758059251,VERY_LONG,,1,33966400,,"{'id': 9883, 'context': 1, 'bonus_lists': [6654, 1693], 'modifiers': [{'type': 9, 'value': 30}, {'type': 28, 'value': 217}]}"
1758059275,VERY_LONG,,1,50000000,,"{'id': 9406, 'context': 1, 'bonus_lists': [6710], 'modifiers': [{'type': 9, 'value': 30}, {'type': 28, 'value': 217}]}"
1758059318,VERY_LONG,,1,17318300,,"{'id': 4731, 'context': 1, 'bonus_lists': [6654], 'modifiers': [{'type': 9, 'value': 30}, {'type': 28, 'value': 217}]}"
1758059346,VERY_LONG,,1,5250000,,"{'id': 21940, 'context': 1, 'modifiers': [{'type': 28, 'value': 217}]}"
1758059380,VERY_LONG,,1,25002900,,"{'id': 4041, 'context': 1, 'bonus_lists': [6654], 'modifiers': [{'type': 9, 'value': 30}, {'type': 28, 'value': 217}]}"
1758059433,VERY_LONG,,1,9990000,,"{'id': 11204, 'context': 1, 'modifiers': [{'type': 28, 'value': 217}]}"
1758059483,VERY_LONG,,1,16188200,,"{'id': 4083, 'context': 1, 'bonus_lists': [6654], 'modifiers': [{'type': 9, 'value': 30}, {'type': 28, 'value': 217}]}"
1758060275,VERY_LONG,,1,11257900,,"{'id': 9899, 'context': 1, 'bonus_lists': [6655, 1691], 'modifiers': [{'type': 9, 'value': 30}, {'type': 28, 'value': 217}]}"
1758060730,VERY_LONG,,1,10100800,,"{'id': 10182, 'context': 1, 'bonus_lists': [6654, 1691], 'modifiers': [{'type': 9, 'value': 30}, {'type': 28, 'value': 205}]}"
1758060773,VERY_LONG,,1,21006700,,"{'id': 6405, 'context': 1, 'bonus_lists': [6654], 'modifiers': [{'type': 9, 'value': 30}, {'type': 28, 'value': 217}]}"
1758060821,VERY_LONG,,1,10006500,,"{'id': 9844, 'context': 1, 'bonus_lists': [6654, 1678], 'modifiers': [{'type': 9, 'value': 30}, {'type': 28, 'value': 217}]}"
1758060868,VERY_LONG,,1,8794300,,"{'id': 7993, 'context': 1, 'modifiers': [{'type': 28, 'value': 217}]}"
1758058092,VERY_LONG,,1,15173600,,"{'id': 6420, 'context': 1, 'bonus_lists': [6654], 'modifiers': [{'type': 9, 'value': 30}, {'type': 28, 'value': 217}]}"
1758059130,VERY_LONG,,1,15002000,,"{'id': 7470, 'context': 1, 'bonus_lists': [6654, 1708], 'modifiers': [{'type': 9, 'value': 30}, {'type': 28, 'value': 217}]}"
1758059104,VERY_LONG,,1,19148200,,"{'id': 4059, 'context': 1, 'bonus_lists': [6654], 'modifiers': [{'type': 9, 'value': 30}, {'type': 28, 'value': 217}]}"
1758059122,VERY_LONG,,1,8187700,,"{'id': 9854, 'context': 1, 'bonus_lists': [6654, 1705], 'modifiers': [{'type': 9, 'value': 30}, {'type': 28, 'value': 217}]}"
1758086980,VERY_LONG,,1,10577000,,"{'id': 15322, 'context': 1, 'bonus_lists': [6655], 'modifiers': [{'type': 9, 'value': 30}, {'type': 28, 'value': 217}]}"
1758087018,VERY_LONG,,1,19590000,,"{'id': 14494, 'context': 1, 'modifiers': [{'type': 28, 'value': 203}]}"
1758087025,VERY_LONG,,1,31095700,,"{'id': 8300, 'context': 1, 'bonus_lists': [6654], 'modifiers': [{'type': 9, 'value': 30}, {'type': 28, 'value': 205}]}"
1758087054,VERY_LONG,,1,15312700,,"{'id': 25303, 'context': 1, 'bonus_lists': [6655, 1679], 'modifiers': [{'type': 9, 'value': 30}, {'type': 28, 'value': 222}]}"
1758087073,VERY_LONG,,1,14005500,,"{'id': 15936, 'context': 1, 'bonus_lists': [6655, 1706], 'modifiers': [{'type': 9, 'value': 30}, {'type': 28, 'value': 205}]}"
1758088153,VERY_LONG,,1,19996000,,"{'id': 10215, 'context': 1, 'bonus_lists': [6654, 1692], 'modifiers': [{'type': 9, 'value': 30}, {'type': 28, 'value': 205}]}"
1758088286,VERY_LONG,,1,19811800,,"{'id': 7478, 'context': 1, 'bonus_lists': [6654, 1708], 'modifiers': [{'type': 9, 'value': 30}, {'type': 28, 'value': 217}]}"
1758088423,VERY_LONG,,1,16720800,,"{'id': 10153, 'context': 1, 'bonus_lists': [6654, 1678], 'modifiers': [{'type': 9, 'value': 30}, {'type': 28, 'value': 205}]}"
1758088462,VERY_LONG,,1,74999300,,"{'id': 25203, 'context': 1, 'bonus_lists': [6655, 1692], 'modifiers': [{'type': 9, 'value': 30}, {'type': 28, 'value': 222}]}"
1757652348,LONG,,1,19996000,,"{'id': 116589, 'context': 22, 'bonus_lists': [6655, 170], 'modifiers': [{'type': 9, 'value': 40}, {'type': 28, 'value': 1140}]}"
1758088331,VERY_LONG,,1,13900900,,"{'id': 8292, 'context': 1, 'bonus_lists': [6654], 'modifiers': [{'type': 9, 'value': 30}, {'type': 28, 'value': 203}]}"
1758088458,VERY_LONG,,1,24960000,,"{'id': 8291, 'context': 1, 'bonus_lists': [6654], 'modifiers': [{'type': 9, 'value': 30}, {'type': 28, 'value': 205}]}"
1757654366,LONG,,1,44456800,,"{'id': 7459, 'context': 1, 'bonus_lists': [6654, 1708], 'modifiers': [{'type': 9, 'value': 30}, {'type': 28, 'value': 217}]}"
1758088695,VERY_LONG,,1,12008500,,"{'id': 24744, 'context': 1, 'bonus_lists': [6654, 1705], 'modifiers': [{'type': 9, 'value': 30}, {'type': 28, 'value': 222}]}"
1758154095,VERY_LONG,,1,25002700,,"{'id': 4076, 'context': 1, 'bonus_lists': [6654], 'modifiers': [{'type': 9, 'value': 30}, {'type': 28, 'value': 217}]}"
1758155925,VERY_LONG,,1,21006700,,"{'id': 6405, 'context': 1, 'bonus_lists': [6654], 'modifiers': [{'type': 9, 'value': 30}, {'type': 28, 'value': 217}]}"
1758156002,VERY_LONG,,1,37858000,,"{'id': 9851, 'context': 1, 'bonus_lists': [6654, 1694], 'modifiers': [{'type': 9, 'value': 30}, {'type': 28, 'value': 217}]}"
1758156067,VERY_LONG,,1,14566100,,"{'id': 15918, 'context': 1, 'bonus_lists': [6655, 1680], 'modifiers': [{'type': 9, 'value': 30}, {'type': 28, 'value': 217}]}"
1758158326,VERY_LONG,,1,13000800,,"{'id': 4299, 'context': 1, 'modifiers': [{'type': 28, 'value': 217}]}"
1758059173,VERY_LONG,,1,99996600,,"{'id': 9426, 'context': 1, 'bonus_lists': [6710], 'modifiers': [{'type': 9, 'value': 30}, {'type': 28, 'value': 217}]}"
1758158682,VERY_LONG,,1,17318300,,"{'id': 4731, 'context': 1, 'bonus_lists': [6654], 'modifiers': [{'type': 9, 'value': 30}, {'type': 28, 'value': 217}]}"
1758158805,VERY_LONG,,1,17470400,,"{'id': 7431, 'context': 1, 'bonus_lists': [6654, 1694], 'modifiers': [{'type': 9, 'value': 30}, {'type': 28, 'value': 217}]}"
1758158832,VERY_LONG,,1,14120700,,"{'id': 864, 'context': 1, 'bonus_lists': [6655, 1693], 'modifiers': [{'type': 9, 'value': 30}, {'type': 28, 'value': 217}]}"
1758158838,VERY_LONG,,1,24594800,,"{'id': 9873, 'context': 1, 'bonus_lists': [6655, 1708], 'modifiers': [{'type': 9, 'value': 30}, {'type': 28, 'value': 217}]}"
1757654184,LONG,,1,24000000,,"{'id': 6416, 'context': 1, 'bonus_lists': [6654], 'modifiers': [{'type': 9, 'value': 30}, {'type': 28, 'value': 217}]}"
1757654412,LONG,,1,315841500,,"{'id': 6422, 'context': 1, 'bonus_lists': [6654], 'modifiers': [{'type': 9, 'value': 30}, {'type': 28, 'value': 217}]}"
1758154040,VERY_LONG,,1,11930100,,"{'id': 7473, 'context': 1, 'bonus_lists': [6654, 1708], 'modifiers': [{'type': 9, 'value': 30}, {'type': 28, 'value': 217}]}"
1758158375,VERY_LONG,,1,35000000,,"{'id': 9393, 'context': 1, 'bonus_lists': [6710], 'modifiers': [{'type': 9, 'value': 30}, {'type': 28, 'value': 217}]}"
1758155277,VERY_LONG,,1,44995400,,"{'id': 4054, 'context': 1, 'bonus_lists': [6654], 'modifiers': [{'type': 9, 'value': 30}, {'type': 28, 'value': 217}]}"
1758156030,VERY_LONG,,1,17318300,,"{'id': 4731, 'context': 1, 'bonus_lists': [6654], 'modifiers': [{'type': 9, 'value': 30}, {'type': 28, 'value': 217}]}"
1758158308,VERY_LONG,,1,11083600,,"{'id': 9909, 'context': 1, 'bonus_lists': [6654, 1706], 'modifiers': [{'type': 9, 'value': 30}, {'type': 28, 'value': 217}]}"
1758158676,VERY_LONG,,1,26003400,,"{'id': 9428, 'context': 1, 'bonus_lists': [6710], 'modifiers': [{'type': 9, 'value': 30}, {'type': 28, 'value': 217}]}"
1758087059,VERY_LONG,,1,14932600,,"{'id': 8288, 'context': 1, 'bonus_lists': [6654], 'modifiers': [{'type': 9, 'value': 30}, {'type': 28, 'value': 205}]}"
1757654180,LONG,,1,14704100,,"{'id': 6417, 'context': 1, 'bonus_lists': [6654], 'modifiers': [{'type': 9, 'value': 30}, {'type': 28, 'value': 217}]}"
1757654245,LONG,,1,58850300,,"{'id': 9972, 'context': 1, 'bonus_lists': [6654, 1705], 'modifiers': [{'type': 9, 'value': 30}, {'type': 28, 'value': 217}]}"
1757654467,LONG,,1,123868400,,"{'id': 9920, 'context': 1, 'bonus_lists': [6654, 1708], 'modifiers': [{'type': 9, 'value': 30}, {'type': 28, 'value': 217}]}"
1757654554,LONG,,1,1110000400,,"{'id': 4351, 'context': 1, 'modifiers': [{'type': 28, 'value': 217}]}"
1758088769,VERY_LONG,,1,110003100,,"{'id': 9894, 'context': 1, 'bonus_lists': [6654, 1706], 'modifiers': [{'type': 9, 'value': 30}, {'type': 28, 'value': 217}]}"
1758059210,VERY_LONG,,1,26066000,,"{'id': 159595, 'context': 0, 'bonus_lists': [6655, 1716], 'modifiers': [{'type': 9, 'value': 50}, {'type': 28, 'value': 504}]}"
1758060118,VERY_LONG,,1,37858000,,"{'id': 9851, 'context': 1, 'bonus_lists': [6654, 1695], 'modifiers': [{'type': 9, 'value': 30}, {'type': 28, 'value': 217}]}"
1758060461,VERY_LONG,,1,44995400,,"{'id': 4054, 'context': 1, 'bonus_lists': [6654], 'modifiers': [{'type': 9, 'value': 30}, {'type': 28, 'value': 217}]}"
1758086941,VERY_LONG,,1,18467000,,"{'id': 3197, 'context': 1, 'bonus_lists': [6655, 1691], 'modifiers': [{'type': 9, 'value': 30}, {'type': 28, 'value': 217}]}"
1758088870,VERY_LONG,,1,12003600,,"{'id': 4738, 'context': 1, 'bonus_lists': [6654], 'modifiers': [{'type': 9, 'value': 30}, {'type': 28, 'value': 217}]}"
1758060258,VERY_LONG,,1,13001100,,"{'id': 4300, 'context': 1, 'modifiers': [{'type': 28, 'value': 217}]}"
1758060344,VERY_LONG,,1,29997400,,"{'id': 9381, 'context': 1, 'bonus_lists': [6710], 'modifiers': [{'type': 9, 'value': 30}, {'type': 28, 'value': 217}]}"
1758088671,VERY_LONG,,1,78673500,,"{'id': 25230, 'context': 1, 'bonus_lists': [6655, 1691], 'modifiers': [{'type': 9, 'value': 30}, {'type': 28, 'value': 222}]}"
1757654242,LONG,,1,23782100,,"{'id': 7525, 'context': 1, 'bonus_lists': [6654, 1681], 'modifiers': [{'type': 9, 'value': 30}, {'type': 28, 'value': 217}]}"
1757654263,LONG,,1,111110000,,"{'id': 7491, 'context': 1, 'bonus_lists': [6654, 1695], 'modifiers': [{'type': 9, 'value': 30}, {'type': 28, 'value': 217}]}"
1758088652,VERY_LONG,,1,9002500,,"{'id': 24855, 'context': 1, 'bonus_lists': [6654, 1694], 'modifiers': [{'type': 9, 'value': 30}, {'type': 28, 'value': 222}]}"
1758088727,VERY_LONG,,1,19983300,,"{'id': 9285, 'context': 1, 'bonus_lists': [6654, 1677], 'modifiers': [{'type': 9, 'value': 30}, {'type': 28, 'value': 217}]}"
1757654327,LONG,,1,25000000,,"{'id': 7468, 'context': 1, 'bonus_lists': [6654, 1680], 'modifiers': [{'type': 9, 'value': 30}, {'type': 28, 'value': 217}]}"
1757654370,LONG,,1,15002000,,"{'id': 7470, 'context': 1, 'bonus_lists': [6654, 1694], 'modifiers': [{'type': 9, 'value': 30}, {'type': 28, 'value': 217}]}"
1758059439,VERY_LONG,,1,40008200,,"{'id': 9879, 'context': 1, 'bonus_lists': [6654, 1708], 'modifiers': [{'type': 9, 'value': 30}, {'type': 28, 'value': 217}]}"
1758060559,VERY_LONG,,1,13007500,,"{'id': 7463, 'context': 1, 'bonus_lists': [6655, 1709], 'modifiers': [{'type': 9, 'value': 30}, {'type': 28, 'value': 217}]}"
1758060835,VERY_LONG,,1,25000000,,"{'id': 7444, 'context': 1, 'bonus_lists': [6654, 1694], 'modifiers': [{'type': 9, 'value': 30}, {'type': 28, 'value': 217}]}"
1757654358,LONG,,1,26008100,,"{'id': 9896, 'context': 1, 'bonus_lists': [6654, 1691], 'modifiers': [{'type': 9, 'value': 30}, {'type': 28, 'value': 217}]}"
1757654504,LONG,,1,8442300,,"{'id': 9878, 'context': 1, 'bonus_lists': [6654, 1692], 'modifiers': [{'type': 9, 'value': 30}, {'type': 28, 'value': 217}]}"
1758154085,VERY_LONG,,1,29475900,,"{'id': 4727, 'context': 1, 'bonus_lists': [6654], 'modifiers': [{'type': 9, 'value': 30}, {'type': 28, 'value': 217}]}"
1758155400,VERY_LONG,,1,15000000,,"{'id': 176803, 'context': 0, 'bonus_lists': [6908, 6652, 1687], 'modifiers': [{'type': 9, 'value': 60}, {'type': 28, 'value': 1707}]}"
1758156050,VERY_LONG,,1,29475900,,"{'id': 4727, 'context': 1, 'bonus_lists': [6654], 'modifiers': [{'type': 9, 'value': 30}, {'type': 28, 'value': 217}]}"
1758156470,VERY_LONG,,1,25008600,,"{'id': 9287, 'context': 1, 'bonus_lists': [6654, 1709], 'modifiers': [{'type': 9, 'value': 30}, {'type': 28, 'value': 217}]}"
1758156559,VERY_LONG,,1,19007800,,"{'id': 4066, 'context': 1, 'bonus_lists': [6655], 'modifiers': [{'type': 9, 'value': 30}, {'type': 28, 'value': 217}]}"
1758156656,VERY_LONG,,1,11500200,,"{'id': 10302, 'context': 1, 'modifiers': [{'type': 28, 'value': 217}]}"
1758156887,VERY_LONG,,1,9994900,,"{'id': 15625, 'context': 1, 'bonus_lists': [6654, 1693], 'modifiers': [{'type': 9, 'value': 30}, {'type': 28, 'value': 218}]}"
1758158385,VERY_LONG,,1,33523800,,"{'id': 4735, 'context': 1, 'bonus_lists': [6654], 'modifiers': [{'type': 9, 'value': 30}, {'type': 28, 'value': 217}]}"
1758158707,VERY_LONG,,1,9969900,,"{'id': 4734, 'context': 1, 'bonus_lists': [6654], 'modifiers': [{'type': 9, 'value': 30}, {'type': 28, 'value': 217}]}"
1758158720,VERY_LONG,,1,8187700,,"{'id': 9854, 'context': 1, 'bonus_lists': [6654, 1679], 'modifiers': [{'type': 9, 'value': 30}, {'type': 28, 'value': 217}]}"
1758158745,VERY_LONG,,1,8442300,,"{'id': 9878, 'context': 1, 'bonus_lists': [6654, 1692], 'modifiers': [{'type': 9, 'value': 30}, {'type': 28, 'value': 217}]}"
1758088300,VERY_LONG,,1,33772500,,"{'id': 9288, 'context': 1, 'bonus_lists': [6654, 1706], 'modifiers': [{'type': 9, 'value': 30}, {'type': 28, 'value': 217}]}"
1758059190,VERY_LONG,,1,12006000,,"{'id': 11971, 'context': 1, 'bonus_lists': [6654, 1677], 'modifiers': [{'type': 9, 'value': 30}, {'type': 28, 'value': 217}]}"
1758059423,VERY_LONG,,1,39990000,,"{'id': 11167, 'context': 1, 'modifiers': [{'type': 28, 'value': 217}]}"
1758060571,VERY_LONG,,1,141252100,,"{'id': 7556, 'context': 1, 'bonus_lists': [6655, 1706], 'modifiers': [{'type': 9, 'value': 30}, {'type': 28, 'value': 217}]}"
1757654190,LONG,,1,10002900,,"{'id': 7483, 'context': 1, 'bonus_lists': [6654, 1677], 'modifiers': [{'type': 9, 'value': 30}, {'type': 28, 'value': 217}]}"
1758086955,VERY_LONG,,1,25000000,,"{'id': 7468, 'context': 0, 'bonus_lists': [6654, 1694], 'modifiers': [{'type': 9, 'value': 30}, {'type': 28, 'value': 24}]}"
1758155175,VERY_LONG,,1,50008600,,"{'id': 4736, 'context': 1, 'bonus_lists': [6654], 'modifiers': [{'type': 9, 'value': 30}, {'type': 28, 'value': 217}]}"
1758155634,VERY_LONG,,1,44456800,,"{'id': 7459, 'context': 1, 'bonus_lists': [6654, 1708], 'modifiers': [{'type': 9, 'value': 30}, {'type': 28, 'value': 217}]}"
1758156740,VERY_LONG,,1,34085500,,"{'id': 9848, 'context': 1, 'bonus_lists': [6654, 1678], 'modifiers': [{'type': 9, 'value': 30}, {'type': 28, 'value': 217}]}"
1758158113,VERY_LONG,,1,39736800,,"{'id': 9290, 'context': 1, 'bonus_lists': [6654, 1693], 'modifiers': [{'type': 9, 'value': 30}, {'type': 28, 'value': 217}]}"
1758158226,VERY_LONG,,1,7909400,,"{'id': 10214, 'context': 1, 'bonus_lists': [6654, 1679], 'modifiers': [{'type': 9, 'value': 30}, {'type': 28, 'value': 205}]}"
1758059238,VERY_LONG,,1,15000000,,"{'id': 6045, 'context': 1, 'modifiers': [{'type': 28, 'value': 217}]}"
1758059307,VERY_LONG,,1,21003200,,"{'id': 9862, 'context': 1, 'bonus_lists': [6654, 1694], 'modifiers': [{'type': 9, 'value': 30}, {'type': 28, 'value': 217}]}"
1758060196,VERY_LONG,,1,14204800,,"{'id': 7432, 'context': 1, 'bonus_lists': [6654, 1679], 'modifiers': [{'type': 9, 'value': 30}, {'type': 28, 'value': 217}]}"
1758060484,VERY_LONG,,1,138745800,,"{'id': 7496, 'context': 1, 'bonus_lists': [6655, 1707], 'modifiers': [{'type': 9, 'value': 30}, {'type': 28, 'value': 217}]}"
1758060594,VERY_LONG,,1,79419100,,"{'id': 7369, 'context': 1, 'bonus_lists': [6654, 1694], 'modifiers': [{'type': 9, 'value': 30}, {'type': 28, 'value': 217}]}"
1758154062,VERY_LONG,,1,13008900,,"{'id': 9855, 'context': 1, 'bonus_lists': [6654, 1679], 'modifiers': [{'type': 9, 'value': 30}, {'type': 28, 'value': 217}]}"
1758088203,VERY_LONG,,1,25825800,,"{'id': 7482, 'context': 1, 'bonus_lists': [6654, 1706], 'modifiers': [{'type': 9, 'value': 30}, {'type': 28, 'value': 217}]}"
1758088257,VERY_LONG,,1,6089000,,"{'id': 7530, 'context': 0, 'bonus_lists': [6654, 1680], 'modifiers': [{'type': 9, 'value': 30}, {'type': 28, 'value': 24}]}"
1758088321,VERY_LONG,,1,13406400,,"{'id': 10225, 'context': 1, 'bonus_lists': [6654, 1679], 'modifiers': [{'type': 9, 'value': 30}, {'type': 28, 'value': 205}]}"
1758088466,VERY_LONG,,1,16335000,,"{'id': 25403, 'context': 1, 'bonus_lists': [6657], 'modifiers': [{'type': 9, 'value': 30}, {'type': 28, 'value': 222}]}"
1758155621,VERY_LONG,,1,12050100,,"{'id': 9934, 'context': 1, 'bonus_lists': [6654, 1707], 'modifiers': [{'type': 9, 'value': 30}, {'type': 28, 'value': 217}]}"
1758155648,VERY_LONG,,1,27722500,,"{'id': 9921, 'context': 1, 'bonus_lists': [6654, 1709], 'modifiers': [{'type': 9, 'value': 30}, {'type': 28, 'value': 217}]}"
1758155910,VERY_LONG,,1,315841500,,"{'id': 6422, 'context': 1, 'bonus_lists': [6654], 'modifiers': [{'type': 9, 'value': 30}, {'type': 28, 'value': 217}]}"
1758156059,VERY_LONG,,1,20007500,,"{'id': 4044, 'context': 1, 'bonus_lists': [6654], 'modifiers': [{'type': 9, 'value': 30}, {'type': 28, 'value': 217}]}"
1758156395,VERY_LONG,,1,19954200,,"{'id': 15939, 'context': 1, 'bonus_lists': [6655, 1693], 'modifiers': [{'type': 9, 'value': 30}, {'type': 28, 'value': 205}]}"
1758156771,VERY_LONG,,1,109963000,,"{'id': 6421, 'context': 1, 'bonus_lists': [6654], 'modifiers': [{'type': 9, 'value': 30}, {'type': 28, 'value': 217}]}"
1758059330,VERY_LONG,,1,58998700,,"{'id': 7465, 'context': 1, 'bonus_lists': [6655, 1695], 'modifiers': [{'type': 9, 'value': 30}, {'type': 28, 'value': 217}]}"
1758060685,VERY_LONG,,1,36000200,,"{'id': 9929, 'context': 1, 'bonus_lists': [6654, 1679], 'modifiers': [{'type': 9, 'value': 30}, {'type': 28, 'value': 217}]}"
1758060841,VERY_LONG,,1,42199100,,"{'id': 8294, 'context': 1, 'bonus_lists': [6654], 'modifiers': [{'type': 9, 'value': 30}, {'type': 28, 'value': 205}]}"
1758088539,VERY_LONG,,1,13009800,,"{'id': 25400, 'context': 1, 'bonus_lists': [6657], 'modifiers': [{'type': 9, 'value': 30}, {'type': 28, 'value': 222}]}"
1758088687,VERY_LONG,,1,9002500,,"{'id': 24855, 'context': 1, 'bonus_lists': [6654, 1706], 'modifiers': [{'type': 9, 'value': 30}, {'type': 28, 'value': 222}]}"
1758155163,VERY_LONG,,1,26003000,,"{'id': 8163, 'context': 1, 'bonus_lists': [6654], 'modifiers': [{'type': 9, 'value': 30}, {'type': 28, 'value': 217}]}"
1758155253,VERY_LONG,,1,4992600,,"{'id': 9850, 'context': 1, 'bonus_lists': [6654, 1692], 'modifiers': [{'type': 9, 'value': 30}, {'type': 28, 'value': 217}]}"
1758155858,VERY_LONG,,1,23005500,,"{'id': 15935, 'context': 1, 'bonus_lists': [6655, 1705], 'modifiers': [{'type': 9, 'value': 30}, {'type': 28, 'value': 217}]}"
1758156046,VERY_LONG,,1,14704100,,"{'id': 6417, 'context': 1, 'bonus_lists': [6654], 'modifiers': [{'type': 9, 'value': 30}, {'type': 28, 'value': 217}]}"
1758158619,VERY_LONG,,1,315841500,,"{'id': 6422, 'context': 1, 'bonus_lists': [6654], 'modifiers': [{'type': 9, 'value': 30}, {'type': 28, 'value': 217}]}"
1757652261,LONG,,1,6894575400,,"{'id': 147064, 'context': 5, 'bonus_lists': [3562, 1472, 3528], 'modifiers': [{'type': 28, 'value': 498}]}"
1757654277,LONG,,1,36886500,,"{'id': 15213, 'context': 1, 'bonus_lists': [6655, 1705], 'modifiers': [{'type': 9, 'value': 30}, {'type': 28, 'value': 217}]}"
1758158695,VERY_LONG,,1,37858000,,"{'id': 9851, 'context': 1, 'bonus_lists': [6654, 1695], 'modifiers': [{'type': 9, 'value': 30}, {'type': 28, 'value': 217}]}"
1758158750,VERY_LONG,,1,10970000,,"{'id': 7975, 'context': 1, 'modifiers': [{'type': 28, 'value': 217}]}"
1758158763,VERY_LONG,,1,315841500,,"{'id': 6422, 'context': 1, 'bonus_lists': [6654], 'modifiers': [{'type': 9, 'value': 30}, {'type': 28, 'value': 217}]}"
1758158778,VERY_LONG,,1,10003700,,"{'id': 12012, 'context': 1, 'bonus_lists': [6654, 1707], 'modifiers': [{'type': 9, 'value': 30}, {'type': 28, 'value': 217}]}"
1758059299,VERY_LONG,,1,20007500,,"{'id': 4044, 'context': 1, 'bonus_lists': [6654], 'modifiers': [{'type': 9, 'value': 30}, {'type': 28, 'value': 217}]}"
1758059361,VERY_LONG,,1,25002700,,"{'id': 4076, 'context': 1, 'bonus_lists': [6654], 'modifiers': [{'type': 9, 'value': 30}, {'type': 28, 'value': 217}]}"
1758086967,VERY_LONG,,1,40396400,,"{'id': 4732, 'context': 1, 'bonus_lists': [6654], 'modifiers': [{'type': 9, 'value': 30}, {'type': 28, 'value': 217}]}"
1758088495,VERY_LONG,,1,25005200,,"{'id': 25204, 'context': 1, 'bonus_lists': [6655, 1691], 'modifiers': [{'type': 9, 'value': 30}, {'type': 28, 'value': 222}]}"
1758060437,VERY_LONG,,1,25825800,,"{'id': 7482, 'context': 1, 'bonus_lists': [6654, 1681], 'modifiers': [{'type': 9, 'value': 30}, {'type': 28, 'value': 217}]}"
1758060663,VERY_LONG,,1,34085500,,"{'id': 9848, 'context': 1, 'bonus_lists': [6654, 1680], 'modifiers': [{'type': 9, 'value': 30}, {'type': 28, 'value': 217}]}"
1757654175,LONG,,1,87004800,,"{'id': 8746, 'context': 1, 'bonus_lists': [6656], 'modifiers': [{'type': 9, 'value': 30}, {'type': 28, 'value': 217}]}"
1757654481,LONG,,1,17806000,,"{'id': 7111, 'context': 1, 'bonus_lists': [6654], 'modifiers': [{'type': 9, 'value': 30}, {'type': 28, 'value': 217}]}"
1758058082,VERY_LONG,,1,24950000,,"{'id': 15251, 'context': 1, 'bonus_lists': [6655, 1692], 'modifiers': [{'type': 9, 'value': 30}, {'type': 28, 'value': 217}]}"
1758087094,VERY_LONG,,1,12008500,,"{'id': 24744, 'context': 1, 'bonus_lists': [6654, 1694], 'modifiers': [{'type': 9, 'value': 30}, {'type': 28, 'value': 222}]}"
1758088107,VERY_LONG,,1,19000000,,"{'id': 24732, 'context': 2, 'bonus_lists': [6654, 1692], 'modifiers': [{'type': 9, 'value': 30}, {'type': 28, 'value': 1066}]}"
1758088187,VERY_LONG,,1,24960000,,"{'id': 10372, 'context': 1, 'bonus_lists': [6654], 'modifiers': [{'type': 9, 'value': 30}, {'type': 28, 'value': 205}]}"
1758060418,VERY_LONG,,1,145009400,,"{'id': 1685, 'context': 0, 'modifiers': [{'type': 28, 'value': 217}]}"
1758060848,VERY_LONG,,1,11930100,,"{'id': 7473, 'context': 1, 'bonus_lists': [6654, 1695], 'modifiers': [{'type': 9, 'value': 30}, {'type': 28, 'value': 217}]}"
1758088757,VERY_LONG,,1,10944900,,"{'id': 7522, 'context': 1, 'bonus_lists': [6654, 1705], 'modifiers': [{'type': 9, 'value': 30}, {'type': 28, 'value': 217}]}"
1758088908,VERY_LONG,,1,39736800,,"{'id': 9290, 'context': 1, 'bonus_lists': [6654, 1708], 'modifiers': [{'type': 9, 'value': 30}, {'type': 28, 'value': 217}]}"
1758153999,VERY_LONG,,1,35210400,,"{'id': 9872, 'context': 1, 'bonus_lists': [6654, 1681], 'modifiers': [{'type': 9, 'value': 30}, {'type': 28, 'value': 217}]}"
1758154029,VERY_LONG,,1,30006300,,"{'id': 4074, 'context': 1, 'bonus_lists': [6654], 'modifiers': [{'type': 9, 'value': 30}, {'type': 28, 'value': 217}]}"
1758155491,VERY_LONG,,1,315841500,,"{'id': 6422, 'context': 1, 'bonus_lists': [6654], 'modifiers': [{'type': 9, 'value': 30}, {'type': 28, 'value': 217}]}"
1758155721,VERY_LONG,,1,25000000,,"{'id': 7444, 'context': 1, 'bonus_lists': [6654, 1691], 'modifiers': [{'type': 9, 'value': 30}, {'type': 28, 'value': 217}]}"
1758155774,VERY_LONG,,1,14120700,,"{'id': 864, 'context': 1, 'bonus_lists': [6655, 1692], 'modifiers': [{'type': 9, 'value': 30}, {'type': 28, 'value': 217}]}"
1758155877,VERY_LONG,,1,16861200,,"{'id': 8319, 'context': 1, 'bonus_lists': [6654], 'modifiers': [{'type': 9, 'value': 30}, {'type': 28, 'value': 205}]}"
1758156509,VERY_LONG,,1,26003400,,"{'id': 9428, 'context': 1, 'bonus_lists': [6710], 'modifiers': [{'type': 9, 'value': 30}, {'type': 28, 'value': 217}]}"
1758158738,VERY_LONG,,1,21003200,,"{'id': 9862, 'context': 1, 'bonus_lists': [6654, 1681], 'modifiers': [{'type': 9, 'value': 30}, {'type': 28, 'value': 217}]}"
1758158854,VERY_LONG,,1,11930100,,"{'id': 7473, 'context': 1, 'bonus_lists': [6654, 1706], 'modifiers': [{'type': 9, 'value': 30}, {'type': 28, 'value': 217}]}"
1758156535,VERY_LONG,,1,69542900,,"{'id': 9928, 'context': 1, 'bonus_lists': [6654, 1681], 'modifiers': [{'type': 9, 'value': 30}, {'type': 28, 'value': 217}]}"
1758156568,VERY_LONG,,1,73703900,,"{'id': 9931, 'context': 1, 'bonus_lists': [6654, 1691], 'modifiers': [{'type': 9, 'value': 30}, {'type': 28, 'value': 217}]}"
1758156608,VERY_LONG,,1,7500400,,"{'id': 9849, 'context': 1, 'bonus_lists': [6654, 1680], 'modifiers': [{'type': 9, 'value': 30}, {'type': 28, 'value': 217}]}"
1758157090,VERY_LONG,,1,10008600,,"{'id': 116641, 'context': 22, 'bonus_lists': [6655, 122, 517], 'modifiers': [{'type': 9, 'value': 40}, {'type': 28, 'value': 1141}]}"
1758158640,VERY_LONG,,1,38967100,,"{'id': 6411, 'context': 1, 'bonus_lists': [6654], 'modifiers': [{'type': 9, 'value': 30}, {'type': 28, 'value': 217}]}"
1758158642,VERY_LONG,,1,32007000,,"{'id': 7407, 'context': 1, 'bonus_lists': [6654, 1677], 'modifiers': [{'type': 9, 'value': 30}, {'type': 28, 'value': 217}]}"
1758158698,VERY_LONG,,1,141252100,,"{'id': 7556, 'context': 1, 'bonus_lists': [6655, 1680], 'modifiers': [{'type': 9, 'value': 30}, {'type': 28, 'value': 217}]}"
1758158712,VERY_LONG,,1,90006800,,"{'id': 4070, 'context': 1, 'bonus_lists': [6655], 'modifiers': [{'type': 9, 'value': 30}, {'type': 28, 'value': 217}]}"
1758158863,VERY_LONG,,1,11930100,,"{'id': 7473, 'context': 1, 'bonus_lists': [6654, 1691], 'modifiers': [{'type': 9, 'value': 30}, {'type': 28, 'value': 217}]}"
1758158878,VERY_LONG,,1,50008400,,"{'id': 7534, 'context': 1, 'bonus_lists': [6654, 1707], 'modifiers': [{'type': 9, 'value': 30}, {'type': 28, 'value': 217}]}"
1757654218,LONG,,1,19148200,,"{'id': 4059, 'context': 1, 'bonus_lists': [6654], 'modifiers': [{'type': 9, 'value': 30}, {'type': 28, 'value': 217}]}"
1757654296,LONG,,1,25825800,,"{'id': 7482, 'context': 1, 'bonus_lists': [6654, 1709], 'modifiers': [{'type': 9, 'value': 30}, {'type': 28, 'value': 217}]}"
1757654494,LONG,,1,25111500,,"{'id': 7439, 'context': 1, 'bonus_lists': [6654, 1680], 'modifiers': [{'type': 9, 'value': 30}, {'type': 28, 'value': 217}]}"
1758059454,VERY_LONG,,1,15173600,,"{'id': 6420, 'context': 1, 'bonus_lists': [6654], 'modifiers': [{'type': 9, 'value': 30}, {'type': 28, 'value': 217}]}"
1758060710,VERY_LONG,,1,36000200,,"{'id': 9929, 'context': 1, 'bonus_lists': [6654, 1694], 'modifiers': [{'type': 9, 'value': 30}, {'type': 28, 'value': 217}]}"
1758059140,VERY_LONG,,1,19817600,,"{'id': 1613, 'context': 1, 'bonus_lists': [6655, 1707], 'modifiers': [{'type': 9, 'value': 30}, {'type': 28, 'value': 217}]}"
1758059258,VERY_LONG,,1,24000000,,"{'id': 6416, 'context': 1, 'bonus_lists': [6654], 'modifiers': [{'type': 9, 'value': 30}, {'type': 28, 'value': 217}]}"
1758059393,VERY_LONG,,1,11500200,,"{'id': 10302, 'context': 1, 'modifiers': [{'type': 28, 'value': 217}]}"
1758059414,VERY_LONG,,1,28301600,,"{'id': 7435, 'context': 1, 'bonus_lists': [6654, 1706], 'modifiers': [{'type': 9, 'value': 30}, {'type': 28, 'value': 217}]}"
1758060187,VERY_LONG,,1,65008700,,"{'id': 4061, 'context': 1, 'bonus_lists': [6654], 'modifiers': [{'type': 9, 'value': 30}, {'type': 28, 'value': 217}]}"
1758087000,VERY_LONG,,1,37229300,,"{'id': 24843, 'context': 1, 'bonus_lists': [6654, 1709], 'modifiers': [{'type': 9, 'value': 30}, {'type': 28, 'value': 222}]}"
1758088127,VERY_LONG,,1,14397700,,"{'id': 11991, 'context': 1, 'bonus_lists': [6654, 1679], 'modifiers': [{'type': 9, 'value': 30}, {'type': 28, 'value': 205}]}"
1758088381,VERY_LONG,,1,16335000,,"{'id': 25403, 'context': 1, 'bonus_lists': [6657], 'modifiers': [{'type': 9, 'value': 30}, {'type': 28, 'value': 222}]}"
1757654196,LONG,,1,63887400,,"{'id': 1988, 'context': 1, 'bonus_lists': [6654], 'modifiers': [{'type': 9, 'value': 30}, {'type': 28, 'value': 217}]}"
1757654394,LONG,,1,111110000,,"{'id': 7491, 'context': 1, 'bonus_lists': [6654, 1695], 'modifiers': [{'type': 9, 'value': 30}, {'type': 28, 'value': 217}]}"
1758059113,VERY_LONG,,1,63887400,,"{'id': 1988, 'context': 1, 'bonus_lists': [6654], 'modifiers': [{'type': 9, 'value': 30}, {'type': 28, 'value': 217}]}"
1758088449,VERY_LONG,,1,19962300,,"{'id': 10371, 'context': 1, 'bonus_lists': [6654], 'modifiers': [{'type': 9, 'value': 30}, {'type': 28, 'value': 205}]}"
1757654520,LONG,,1,34453100,,"{'id': 6402, 'context': 1, 'bonus_lists': [6654], 'modifiers': [{'type': 9, 'value': 30}, {'type': 28, 'value': 217}]}"
1757654381,LONG,,1,25000000,,"{'id': 15929, 'context': 1, 'bonus_lists': [6655], 'modifiers': [{'type': 9, 'value': 30}, {'type': 28, 'value': 217}]}"
1757654391,LONG,,1,33966400,,"{'id': 9883, 'context': 1, 'bonus_lists': [6654, 1694], 'modifiers': [{'type': 9, 'value': 30}, {'type': 28, 'value': 217}]}"
1758158798,VERY_LONG,,1,12050100,,"{'id': 9934, 'context': 1, 'bonus_lists': [6654, 1679], 'modifiers': [{'type': 9, 'value': 30}, {'type': 28, 'value': 217}]}"
1758156671,VERY_LONG,,1,17806000,,"{'id': 7111, 'context': 1, 'bonus_lists': [6654], 'modifiers': [{'type': 9, 'value': 30}, {'type': 28, 'value': 217}]}"
1758156925,VERY_LONG,,1,805301300,,"{'id': 9383, 'context': 1, 'bonus_lists': [6710], 'modifiers': [{'type': 9, 'value': 30}, {'type': 28, 'value': 217}]}"
1758158237,VERY_LONG,,1,19918100,,"{'id': 15775, 'context': 1, 'modifiers': [{'type': 28, 'value': 205}]}"
1758158400,VERY_LONG,,1,110003100,,"{'id': 9894, 'context': 1, 'bonus_lists': [6654, 1707], 'modifiers': [{'type': 9, 'value': 30}, {'type': 28, 'value': 217}]}"
1758153792,VERY_LONG,,1,23827200,,"{'id': 9889, 'context': 1, 'bonus_lists': [6654, 1707], 'modifiers': [{'type': 9, 'value': 30}, {'type': 28, 'value': 217}]}"
1758154033,VERY_LONG,,1,13008900,,"{'id': 9855, 'context': 1, 'bonus_lists': [6654, 1678], 'modifiers': [{'type': 9, 'value': 30}, {'type': 28, 'value': 217}]}"
1758155861,VERY_LONG,,1,35007600,,"{'id': 7429, 'context': 1, 'bonus_lists': [6654, 1693], 'modifiers': [{'type': 9, 'value': 30}, {'type': 28, 'value': 217}]}"
1758155957,VERY_LONG,,1,10002300,,"{'id': 10089, 'context': 1, 'bonus_lists': [6654, 1694], 'modifiers': [{'type': 9, 'value': 30}, {'type': 28, 'value': 217}]}"
1758156598,VERY_LONG,,1,39943800,,"{'id': 4058, 'context': 1, 'bonus_lists': [6654], 'modifiers': [{'type': 9, 'value': 30}, {'type': 28, 'value': 217}]}"
1758156665,VERY_LONG,,1,25002900,,"{'id': 4041, 'context': 1, 'bonus_lists': [6654], 'modifiers': [{'type': 9, 'value': 30}, {'type': 28, 'value': 217}]}"
1758088454,VERY_LONG,,1,16335000,,"{'id': 25403, 'context': 1, 'bonus_lists': [6657], 'modifiers': [{'type': 9, 'value': 30}, {'type': 28, 'value': 222}]}"
1758155663,VERY_LONG,,1,10003600,,"{'id': 7443, 'context': 1, 'bonus_lists': [6654, 1679], 'modifiers': [{'type': 9, 'value': 30}, {'type': 28, 'value': 217}]}"
1757654203,LONG,,1,18467000,,"{'id': 3197, 'context': 1, 'bonus_lists': [6655, 1693], 'modifiers': [{'type': 9, 'value': 30}, {'type': 28, 'value': 217}]}"
1757654213,LONG,,1,36886500,,"{'id': 15213, 'context': 1, 'bonus_lists': [6655, 1695], 'modifiers': [{'type': 9, 'value': 30}, {'type': 28, 'value': 217}]}"
1757654312,LONG,,1,19566100,,"{'id': 7447, 'context': 1, 'bonus_lists': [6654, 1709], 'modifiers': [{'type': 9, 'value': 30}, {'type': 28, 'value': 217}]}"
1757654331,LONG,,1,12175400,,"{'id': 4078, 'context': 1, 'bonus_lists': [6654], 'modifiers': [{'type': 9, 'value': 30}, {'type': 28, 'value': 217}]}"
1757654335,LONG,,1,25546400,,"{'id': 7485, 'context': 1, 'bonus_lists': [6654, 1706], 'modifiers': [{'type': 9, 'value': 30}, {'type': 28, 'value': 217}]}"
1757654440,LONG,,1,40002400,,"{'id': 8139, 'context': 1, 'bonus_lists': [6654], 'modifiers': [{'type': 9, 'value': 30}, {'type': 28, 'value': 217}]}"
1757654346,LONG,,1,25002600,,"{'id': 9902, 'context': 1, 'bonus_lists': [6654, 1692], 'modifiers': [{'type': 9, 'value': 30}, {'type': 28, 'value': 217}]}"
1757654400,LONG,,1,34863700,,"{'id': 6429, 'context': 1, 'bonus_lists': [6654], 'modifiers': [{'type': 9, 'value': 30}, {'type': 28, 'value': 217}]}"
1758088470,VERY_LONG,,1,36003700,,"{'id': 25162, 'context': 1, 'bonus_lists': [6655, 1693], 'modifiers': [{'type': 9, 'value': 30}, {'type': 28, 'value': 222}]}"
1758154058,VERY_LONG,,1,17757000,,"{'id': 4057, 'context': 1, 'bonus_lists': [6654], 'modifiers': [{'type': 9, 'value': 30}, {'type': 28, 'value': 217}]}"
1758155832,VERY_LONG,,1,58850300,,"{'id': 9972, 'context': 1, 'bonus_lists': [6654, 1691], 'modifiers': [{'type': 9, 'value': 30}, {'type': 28, 'value': 217}]}"
1758155883,VERY_LONG,,1,44456800,,"{'id': 7459, 'context': 1, 'bonus_lists': [6654, 1695], 'modifiers': [{'type': 9, 'value': 30}, {'type': 28, 'value': 217}]}"
1758155968,VERY_LONG,,1,34002000,,"{'id': 9876, 'context': 1, 'bonus_lists': [6654, 1695], 'modifiers': [{'type': 9, 'value': 30}, {'type': 28, 'value': 217}]}"
1758156409,VERY_LONG,,1,4604100,,"{'id': 7086, 'context': 1, 'modifiers': [{'type': 28, 'value': 217}]}"
1758156449,VERY_LONG,,1,39301100,,"{'id': 10195, 'context': 1, 'bonus_lists': [6655, 1695], 'modifiers': [{'type': 9, 'value': 30}, {'type': 28, 'value': 205}]}"
1758156546,VERY_LONG,,1,10970000,,"{'id': 7975, 'context': 1, 'modifiers': [{'type': 28, 'value': 217}]}"
1758156843,VERY_LONG,,1,40008200,,"{'id': 9879, 'context': 1, 'bonus_lists': [6654, 1680], 'modifiers': [{'type': 9, 'value': 30}, {'type': 28, 'value': 217}]}"
1758157050,VERY_LONG,,1,42893000,,"{'id': 9967, 'context': 1, 'bonus_lists': [6654, 1708], 'modifiers': [{'type': 9, 'value': 30}, {'type': 28, 'value': 217}]}"
1758158104,VERY_LONG,,1,25000000,,"{'id': 6413, 'context': 1, 'bonus_lists': [6654], 'modifiers': [{'type': 9, 'value': 30}, {'type': 28, 'value': 217}]}"
1758158156,VERY_LONG,,1,62351200,,"{'id': 9918, 'context': 1, 'bonus_lists': [6655, 1691], 'modifiers': [{'type': 9, 'value': 30}, {'type': 28, 'value': 217}]}"
1757654269,LONG,,1,35008100,,"{'id': 9392, 'context': 1, 'bonus_lists': [6710], 'modifiers': [{'type': 9, 'value': 30}, {'type': 28, 'value': 217}]}"
1757654338,LONG,,1,21003200,,"{'id': 9862, 'context': 1, 'bonus_lists': [6654, 1709], 'modifiers': [{'type': 9, 'value': 30}, {'type': 28, 'value': 217}]}"
1758087040,VERY_LONG,,1,27747400,,"{'id': 25316, 'context': 1, 'bonus_lists': [6655, 1693], 'modifiers': [{'type': 9, 'value': 30}, {'type': 28, 'value': 222}]}"
1758087088,VERY_LONG,,1,14932600,,"{'id': 8288, 'context': 1, 'bonus_lists': [6654], 'modifiers': [{'type': 9, 'value': 30}, {'type': 28, 'value': 205}]}"
1758088216,VERY_LONG,,1,28646800,,"{'id': 8252, 'context': 1, 'bonus_lists': [6654], 'modifiers': [{'type': 9, 'value': 30}, {'type': 28, 'value': 205}]}"
1758088351,VERY_LONG,,1,10100800,,"{'id': 10182, 'context': 1, 'bonus_lists': [6654, 1692], 'modifiers': [{'type': 9, 'value': 30}, {'type': 28, 'value': 205}]}"
1758088789,VERY_LONG,,1,28301600,,"{'id': 7435, 'context': 1, 'bonus_lists': [6654, 1691], 'modifiers': [{'type': 9, 'value': 30}, {'type': 28, 'value': 217}]}"
1758088950,VERY_LONG,,1,109963000,,"{'id': 6421, 'context': 1, 'bonus_lists': [6654], 'modifiers': [{'type': 9, 'value': 30}, {'type': 28, 'value': 217}]}"
1758086994,VERY_LONG,,1,220004000,,"{'id': 7495, 'context': 1, 'bonus_lists': [6655, 1707], 'modifiers': [{'type': 9, 'value': 30}, {'type': 28, 'value': 217}]}"
1758088263,VERY_LONG,,1,68895100,,"{'id': 4737, 'context': 1, 'bonus_lists': [6654], 'modifiers': [{'type': 9, 'value': 30}, {'type': 28, 'value': 217}]}"
1758088314,VERY_LONG,,1,7578300,,"{'id': 15938, 'context': 1, 'bonus_lists': [6655, 1693], 'modifiers': [{'type': 9, 'value': 30}, {'type': 28, 'value': 205}]}"
1758088446,VERY_LONG,,1,11248000,,"{'id': 10156, 'context': 1, 'bonus_lists': [6654, 1695], 'modifiers': [{'type': 9, 'value': 30}, {'type': 28, 'value': 205}]}"
1758155132,VERY_LONG,,1,9783000,,"{'id': 12042, 'context': 1, 'bonus_lists': [6654, 1708], 'modifiers': [{'type': 9, 'value': 30}, {'type': 28, 'value': 217}]}"
1758155565,VERY_LONG,,1,24594800,,"{'id': 9873, 'context': 1, 'bonus_lists': [6655, 1709], 'modifiers': [{'type': 9, 'value': 30}, {'type': 28, 'value': 217}]}"
1758155763,VERY_LONG,,1,39943800,,"{'id': 4058, 'context': 1, 'bonus_lists': [6654], 'modifiers': [{'type': 9, 'value': 30}, {'type': 28, 'value': 217}]}"
1758155898,VERY_LONG,,1,20493300,,"{'id': 6419, 'context': 1, 'bonus_lists': [6654], 'modifiers': [{'type': 9, 'value': 30}, {'type': 28, 'value': 217}]}"
1758155904,VERY_LONG,,1,40002400,,"{'id': 8139, 'context': 1, 'bonus_lists': [6654], 'modifiers': [{'type': 9, 'value': 30}, {'type': 28, 'value': 217}]}"
1758059282,VERY_LONG,,1,35007600,,"{'id': 7429, 'context': 1, 'bonus_lists': [6654, 1680], 'modifiers': [{'type': 9, 'value': 30}, {'type': 28, 'value': 217}]}"
1758059384,VERY_LONG,,1,34397300,,"{'id': 9906, 'context': 1, 'bonus_lists': [6654, 1691], 'modifiers': [{'type': 9, 'value': 30}, {'type': 28, 'value': 217}]}"
1758060107,VERY_LONG,,1,28771400,,"{'id': 4721, 'context': 1, 'bonus_lists': [6654], 'modifiers': [{'type': 9, 'value': 30}, {'type': 28, 'value': 217}]}"
1758060219,VERY_LONG,,1,150006300,,"{'id': 9858, 'context': 1, 'bonus_lists': [6655, 1692], 'modifiers': [{'type': 9, 'value': 30}, {'type': 28, 'value': 217}]}"
1758060328,VERY_LONG,,1,25000000,,"{'id': 9886, 'context': 1, 'bonus_lists': [6654, 1694], 'modifiers': [{'type': 9, 'value': 30}, {'type': 28, 'value': 217}]}"
1758060828,VERY_LONG,,1,42259300,,"{'id': 4063, 'context': 1, 'bonus_lists': [6654], 'modifiers': [{'type': 9, 'value': 30}, {'type': 28, 'value': 217}]}"
1758087067,VERY_LONG,,1,16784100,,"{'id': 8301, 'context': 1, 'bonus_lists': [6654], 'modifiers': [{'type': 9, 'value': 30}, {'type': 28, 'value': 205}]}"
1758088173,VERY_LONG,,1,21613800,,"{'id': 10175, 'context': 1, 'bonus_lists': [6654, 1695], 'modifiers': [{'type': 9, 'value': 30}, {'type': 28, 'value': 205}]}"
1758088413,VERY_LONG,,1,16720800,,"{'id': 10153, 'context': 1, 'bonus_lists': [6654, 1691], 'modifiers': [{'type': 9, 'value': 30}, {'type': 28, 'value': 205}]}"
1758153995,VERY_LONG,,1,33966400,,"{'id': 9883, 'context': 1, 'bonus_lists': [6654, 1677], 'modifiers': [{'type': 9, 'value': 30}, {'type': 28, 'value': 217}]}"
1758154004,VERY_LONG,,1,30006300,,"{'id': 4074, 'context': 1, 'bonus_lists': [6654], 'modifiers': [{'type': 9, 'value': 30}, {'type': 28, 'value': 217}]}"
1758155678,VERY_LONG,,1,13008900,,"{'id': 9855, 'context': 1, 'bonus_lists': [6654, 1706], 'modifiers': [{'type': 9, 'value': 30}, {'type': 28, 'value': 217}]}"
1758155798,VERY_LONG,,1,10000000,,"{'id': 5974, 'context': 1, 'modifiers': [{'type': 28, 'value': 217}]}"
1758156898,VERY_LONG,,1,12730600,,"{'id': 10370, 'context': 1, 'bonus_lists': [6654], 'modifiers': [{'type': 9, 'value': 30}, {'type': 28, 'value': 205}]}"
1758156954,VERY_LONG,,1,20002500,,"{'id': 6404, 'context': 1, 'bonus_lists': [6654], 'modifiers': [{'type': 9, 'value': 30}, {'type': 28, 'value': 217}]}"
1758158206,VERY_LONG,,1,37454000,,"{'id': 9971, 'context': 1, 'bonus_lists': [6654, 1708], 'modifiers': [{'type': 9, 'value': 30}, {'type': 28, 'value': 217}]}"
1758158271,VERY_LONG,,1,30932300,,"{'id': 10368, 'context': 1, 'bonus_lists': [6654], 'modifiers': [{'type': 9, 'value': 30}, {'type': 28, 'value': 205}]}"
1758158650,VERY_LONG,,1,14120700,,"{'id': 864, 'context': 1, 'bonus_lists': [6655, 1693], 'modifiers': [{'type': 9, 'value': 30}, {'type': 28, 'value': 217}]}"
1758158724,VERY_LONG,,1,12006000,,"{'id': 11971, 'context': 1, 'bonus_lists': [6654, 1691], 'modifiers': [{'type': 9, 'value': 30}, {'type': 28, 'value': 217}]}"
1758158826,VERY_LONG,,1,3006700,,"{'id': 4038, 'context': 1, 'bonus_lists': [6654], 'modifiers': [{'type': 9, 'value': 30}, {'type': 28, 'value': 217}]}"
1758088750,VERY_LONG,,1,29997400,,"{'id': 9381, 'context': 1, 'bonus_lists': [6710], 'modifiers': [{'type': 9, 'value': 30}, {'type': 28, 'value': 217}]}"
1758088889,VERY_LONG,,1,13007500,,"{'id': 7463, 'context': 1, 'bonus_lists': [6655, 1678], 'modifiers': [{'type': 9, 'value': 30}, {'type': 28, 'value': 217}]}"
1758059269,VERY_LONG,,1,20493300,,"{'id': 6419, 'context': 1, 'bonus_lists': [6654], 'modifiers': [{'type': 9, 'value': 30}, {'type': 28, 'value': 217}]}"
1758060166,VERY_LONG,,1,94991600,,"{'id': 9386, 'context': 1, 'bonus_lists': [6710], 'modifiers': [{'type': 9, 'value': 30}, {'type': 28, 'value': 217}]}"
1758060302,VERY_LONG,,1,63887400,,"{'id': 1988, 'context': 1, 'bonus_lists': [6654], 'modifiers': [{'type': 9, 'value': 30}, {'type': 28, 'value': 217}]}"
1758060747,VERY_LONG,,1,33523800,,"{'id': 4735, 'context': 1, 'bonus_lists': [6654], 'modifiers': [{'type': 9, 'value': 30}, {'type': 28, 'value': 217}]}"
1758158690,VERY_LONG,,1,68895100,,"{'id': 4737, 'context': 1, 'bonus_lists': [6654], 'modifiers': [{'type': 9, 'value': 30}, {'type': 28, 'value': 217}]}"
1758158741,VERY_LONG,,1,11340000,,"{'id': 7438, 'context': 1, 'bonus_lists': [6654, 1681], 'modifiers': [{'type': 9, 'value': 30}, {'type': 28, 'value': 217}]}"
1758158812,VERY_LONG,,1,47773200,,"{'id': 9856, 'context': 1, 'bonus_lists': [6654, 1707], 'modifiers': [{'type': 9, 'value': 30}, {'type': 28, 'value': 217}]}"
1758158847,VERY_LONG,,1,17500300,,"{'id': 4729, 'context': 1, 'bonus_lists': [6654], 'modifiers': [{'type': 9, 'value': 30}, {'type': 28, 'value': 217}]}"
1758088828,VERY_LONG,,1,40007500,,"{'id': 7487, 'context': 1, 'bonus_lists': [6654, 1705], 'modifiers': [{'type': 9, 'value': 30}, {'type': 28, 'value': 217}]}"
1757654305,LONG,,1,10002300,,"{'id': 10089, 'context': 1, 'bonus_lists': [6654, 1678], 'modifiers': [{'type': 9, 'value': 30}, {'type': 28, 'value': 217}]}"
1758087083,VERY_LONG,,1,26557400,,"{'id': 10102, 'context': 1, 'bonus_lists': [6654, 1695], 'modifiers': [{'type': 9, 'value': 30}, {'type': 28, 'value': 205}]}"
1758088401,VERY_LONG,,1,22999500,,"{'id': 10362, 'context': 1, 'bonus_lists': [6655, 1693], 'modifiers': [{'type': 9, 'value': 30}, {'type': 28, 'value': 205}]}"
1758086899,VERY_LONG,,1,99792900,,"{'id': 7331, 'context': 1, 'bonus_lists': [6655, 1678], 'modifiers': [{'type': 9, 'value': 30}, {'type': 28, 'value': 217}]}"
1758158716,VERY_LONG,,1,15008500,,"{'id': 6426, 'context': 1, 'bonus_lists': [6654], 'modifiers': [{'type': 9, 'value': 30}, {'type': 28, 'value': 217}]}"
1758158820,VERY_LONG,,1,7470000,,"{'id': 863, 'context': 1, 'bonus_lists': [6655, 1680], 'modifiers': [{'type': 9, 'value': 30}, {'type': 28, 'value': 217}]}"
1758154009,VERY_LONG,,1,63887400,,"{'id': 1988, 'context': 1, 'bonus_lists': [6654], 'modifiers': [{'type': 9, 'value': 30}, {'type': 28, 'value': 217}]}"
1758155457,VERY_LONG,,1,20766600,,"{'id': 11202, 'context': 1, 'modifiers': [{'type': 28, 'value': 217}]}"
1758155691,VERY_LONG,,1,25000000,,"{'id': 7444, 'context': 1, 'bonus_lists': [6654, 1692], 'modifiers': [{'type': 9, 'value': 30}, {'type': 28, 'value': 217}]}"
1758155788,VERY_LONG,,1,19991200,,"{'id': 11164, 'context': 1, 'modifiers': [{'type': 28, 'value': 217}]}"
1758156441,VERY_LONG,,1,19972300,,"{'id': 15167, 'context': 1, 'bonus_lists': [6654, 1693], 'modifiers': [{'type': 9, 'value': 30}, {'type': 28, 'value': 218}]}"
1758156490,VERY_LONG,,1,19817600,,"{'id': 1613, 'context': 1, 'bonus_lists': [6655, 1706], 'modifiers': [{'type': 9, 'value': 30}, {'type': 28, 'value': 217}]}"
1758156605,VERY_LONG,,1,45250500,,"{'id': 14853, 'context': 1, 'bonus_lists': [6654], 'modifiers': [{'type': 9, 'value': 30}, {'type': 28, 'value': 218}]}"
1758156619,VERY_LONG,,1,34085500,,"{'id': 9848, 'context': 1, 'bonus_lists': [6654, 1707], 'modifiers': [{'type': 9, 'value': 30}, {'type': 28, 'value': 217}]}"
1758156756,VERY_LONG,,1,33772500,,"{'id': 9288, 'context': 1, 'bonus_lists': [6654, 1677], 'modifiers': [{'type': 9, 'value': 30}, {'type': 28, 'value': 217}]}"
1758156817,VERY_LONG,,1,15006000,,"{'id': 7112, 'context': 1, 'bonus_lists': [6654], 'modifiers': [{'type': 9, 'value': 30}, {'type': 28, 'value': 217}]}"
1758156859,VERY_LONG,,1,25002900,,"{'id': 4041, 'context': 1, 'bonus_lists': [6654], 'modifiers': [{'type': 9, 'value': 30}, {'type': 28, 'value': 217}]}"
1758158148,VERY_LONG,,1,19918100,,"{'id': 15775, 'context': 1, 'modifiers': [{'type': 28, 'value': 205}]}"
1757652395,LONG,,1,25008600,,"{'id': 8137, 'context': 1, 'bonus_lists': [6654], 'modifiers': [{'type': 9, 'value': 30}, {'type': 28, 'value': 217}]}"
1757652636,LONG,,1,123868400,,"{'id': 9920, 'context': 0, 'bonus_lists': [6654, 1707], 'modifiers': [{'type': 9, 'value': 30}, {'type': 28, 'value': 24}]}"
1757654253,LONG,,1,17318300,,"{'id': 4731, 'context': 1, 'bonus_lists': [6654], 'modifiers': [{'type': 9, 'value': 30}, {'type': 28, 'value': 217}]}"
1757654343,LONG,,1,33966400,,"{'id': 9883, 'context': 1, 'bonus_lists': [6654, 1693], 'modifiers': [{'type': 9, 'value': 30}, {'type': 28, 'value': 217}]}"
1758059159,VERY_LONG,,1,17757000,,"{'id': 4057, 'context': 1, 'bonus_lists': [6654], 'modifiers': [{'type': 9, 'value': 30}, {'type': 28, 'value': 217}]}"
1758059373,VERY_LONG,,1,20493300,,"{'id': 6419, 'context': 1, 'bonus_lists': [6654], 'modifiers': [{'type': 9, 'value': 30}, {'type': 28, 'value': 217}]}"
1758059405,VERY_LONG,,1,13008900,,"{'id': 9855, 'context': 1, 'bonus_lists': [6654, 1681], 'modifiers': [{'type': 9, 'value': 30}, {'type': 28, 'value': 217}]}"
1758059503,VERY_LONG,,1,29475900,,"{'id': 4727, 'context': 1, 'bonus_lists': [6654], 'modifiers': [{'type': 9, 'value': 30}, {'type': 28, 'value': 217}]}"
1758060230,VERY_LONG,,1,19817600,,"{'id': 1613, 'context': 1, 'bonus_lists': [6655, 1677], 'modifiers': [{'type': 9, 'value': 30}, {'type': 28, 'value': 217}]}"
1758088740,VERY_LONG,,1,12099900,,"{'id': 24639, 'context': 1, 'bonus_lists': [6654, 1709], 'modifiers': [{'type': 9, 'value': 30}, {'type': 28, 'value': 222}]}"
1758088848,VERY_LONG,,1,10944900,,"{'id': 7522, 'context': 1, 'bonus_lists': [6654, 1677], 'modifiers': [{'type': 9, 'value': 30}, {'type': 28, 'value': 217}]}"
1758155607,VERY_LONG,,1,38967100,,"{'id': 6411, 'context': 1, 'bonus_lists': [6654], 'modifiers': [{'type': 9, 'value': 30}, {'type': 28, 'value': 217}]}"
1758155851,VERY_LONG,,1,10000000,,"{'id': 5974, 'context': 1, 'modifiers': [{'type': 28, 'value': 217}]}"
1758155984,VERY_LONG,,1,24594800,,"{'id': 9873, 'context': 1, 'bonus_lists': [6655, 1707], 'modifiers': [{'type': 9, 'value': 30}, {'type': 28, 'value': 217}]}"
1758158254,VERY_LONG,,1,49961400,,"{'id': 8312, 'context': 1, 'bonus_lists': [6654], 'modifiers': [{'type': 9, 'value': 30}, {'type': 28, 'value': 205}]}"
1758088928,VERY_LONG,,1,27722500,,"{'id': 9921, 'context': 1, 'bonus_lists': [6654, 1693], 'modifiers': [{'type': 9, 'value': 30}, {'type': 28, 'value': 217}]}"
1758088607,VERY_LONG,,1,25000000,,"{'id': 24746, 'context': 2, 'bonus_lists': [6654, 1707], 'modifiers': [{'type': 9, 'value': 30}, {'type': 28, 'value': 1066}]}"
1758059227,VERY_LONG,,1,15639800,,"{'id': 7476, 'context': 1, 'bonus_lists': [6654, 1677], 'modifiers': [{'type': 9, 'value': 30}, {'type': 28, 'value': 217}]}"
1758059461,VERY_LONG,,1,141252100,,"{'id': 7556, 'context': 1, 'bonus_lists': [6655, 1693], 'modifiers': [{'type': 9, 'value': 30}, {'type': 28, 'value': 217}]}"
1758060207,VERY_LONG,,1,25002000,,"{'id': 4725, 'context': 1, 'bonus_lists': [6654], 'modifiers': [{'type': 9, 'value': 30}, {'type': 28, 'value': 217}]}"
1758060242,VERY_LONG,,1,315841500,,"{'id': 6422, 'context': 1, 'bonus_lists': [6654], 'modifiers': [{'type': 9, 'value': 30}, {'type': 28, 'value': 217}]}"
1758060646,VERY_LONG,,1,19983300,,"{'id': 9285, 'context': 1, 'bonus_lists': [6654, 1694], 'modifiers': [{'type': 9, 'value': 30}, {'type': 28, 'value': 217}]}"
1758060788,VERY_LONG,,1,147004300,,"{'id': 9391, 'context': 1, 'bonus_lists': [6710], 'modifiers': [{'type': 9, 'value': 30}, {'type': 28, 'value': 217}]}"
1758088367,VERY_LONG,,1,14406800,,"{'id': 10381, 'context': 1, 'bonus_lists': [6654, 1692], 'modifiers': [{'type': 9, 'value': 30}, {'type': 28, 'value': 205}]}"
1758158727,VERY_LONG,,1,25000000,,"{'id': 7444, 'context': 1, 'bonus_lists': [6654, 1677], 'modifiers': [{'type': 9, 'value': 30}, {'type': 28, 'value': 217}]}"
1758158734,VERY_LONG,,1,15173600,,"{'id': 6420, 'context': 1, 'bonus_lists': [6654], 'modifiers': [{'type': 9, 'value': 30}, {'type': 28, 'value': 217}]}"
1758155826,VERY_LONG,,1,315841500,,"{'id': 6422, 'context': 1, 'bonus_lists': [6654], 'modifiers': [{'type': 9, 'value': 30}, {'type': 28, 'value': 217}]}"
1758155850,VERY_LONG,,1,37454000,,"{'id': 9971, 'context': 1, 'bonus_lists': [6654, 1693], 'modifiers': [{'type': 9, 'value': 30}, {'type': 28, 'value': 217}]}"
1758156428,VERY_LONG,,1,14930000,,"{'id': 15256, 'context': 1, 'bonus_lists': [6655, 1709], 'modifiers': [{'type': 9, 'value': 30}, {'type': 28, 'value': 205}]}"
1758156460,VERY_LONG,,1,109963000,,"{'id': 6421, 'context': 1, 'bonus_lists': [6654], 'modifiers': [{'type': 9, 'value': 30}, {'type': 28, 'value': 217}]}"
1758156998,VERY_LONG,,1,14960400,,"{'id': 8310, 'context': 1, 'bonus_lists': [6654], 'modifiers': [{'type': 9, 'value': 30}, {'type': 28, 'value': 205}]}"
1758158125,VERY_LONG,,1,30932300,,"{'id': 10368, 'context': 1, 'bonus_lists': [6654], 'modifiers': [{'type': 9, 'value': 30}, {'type': 28, 'value': 205}]}"
1758158349,VERY_LONG,,1,23005500,,"{'id': 15935, 'context': 1, 'bonus_lists': [6655, 1709], 'modifiers': [{'type': 9, 'value': 30}, {'type': 28, 'value': 217}]}"
1758158365,VERY_LONG,,1,33552100,,"{'id': 9291, 'context': 1, 'bonus_lists': [6654, 1709], 'modifiers': [{'type': 9, 'value': 30}, {'type': 28, 'value': 217}]}"
1758158634,VERY_LONG,,1,17470400,,"{'id': 7431, 'context': 1, 'bonus_lists': [6654, 1691], 'modifiers': [{'type': 9, 'value': 30}, {'type': 28, 'value': 217}]}"
1758154021,VERY_LONG,,1,40008200,,"{'id': 9879, 'context': 1, 'bonus_lists': [6654, 1677], 'modifiers': [{'type': 9, 'value': 30}, {'type': 28, 'value': 217}]}"
1758154066,VERY_LONG,,1,28000000,,"{'id': 9397, 'context': 1, 'bonus_lists': [6710], 'modifiers': [{'type': 9, 'value': 30}, {'type': 28, 'value': 217}]}"
1758154071,VERY_LONG,,1,9500500,,"{'id': 7440, 'context': 1, 'bonus_lists': [6654, 1706], 'modifiers': [{'type': 9, 'value': 30}, {'type': 28, 'value': 217}]}"
1758155225,VERY_LONG,,1,19007100,,"{'id': 4079, 'context': 1, 'bonus_lists': [6654], 'modifiers': [{'type': 9, 'value': 30}, {'type': 28, 'value': 217}]}"
1758156523,VERY_LONG,,1,25000000,,"{'id': 7444, 'context': 1, 'bonus_lists': [6654, 1706], 'modifiers': [{'type': 9, 'value': 30}, {'type': 28, 'value': 217}]}"
1758157031,VERY_LONG,,1,39830700,,"{'id': 7475, 'context': 1, 'bonus_lists': [6654, 1707], 'modifiers': [{'type': 9, 'value': 30}, {'type': 28, 'value': 217}]}"
1757654231,LONG,,1,47773200,,"{'id': 9856, 'context': 1, 'bonus_lists': [6654, 1681], 'modifiers': [{'type': 9, 'value': 30}, {'type': 28, 'value': 217}]}"
1757654373,LONG,,1,10577000,,"{'id': 15322, 'context': 1, 'bonus_lists': [6655], 'modifiers': [{'type': 9, 'value': 30}, {'type': 28, 'value': 217}]}"
1758155368,VERY_LONG,,1,9969900,,"{'id': 4734, 'context': 1, 'bonus_lists': [6654], 'modifiers': [{'type': 9, 'value': 30}, {'type': 28, 'value': 217}]}"
1758155820,VERY_LONG,,1,45134500,,"{'id': 7449, 'context': 1, 'modifiers': [{'type': 28, 'value': 217}]}"
1758156041,VERY_LONG,,1,23827200,,"{'id': 9889, 'context': 1, 'bonus_lists': [6654, 1709], 'modifiers': [{'type': 9, 'value': 30}, {'type': 28, 'value': 217}]}"
1758156421,VERY_LONG,,1,14960400,,"{'id': 8310, 'context': 1, 'bonus_lists': [6654], 'modifiers': [{'type': 9, 'value': 30}, {'type': 28, 'value': 205}]}"
1758156634,VERY_LONG,,1,403219300,,"{'id': 154811, 'context': 0, 'bonus_lists': [6654, 1702], 'modifiers': [{'type': 9, 'value': 50}, {'type': 28, 'value': 1262}]}"
1758158283,VERY_LONG,,1,6369900,,"{'id': 87650, 'context': 0, 'bonus_lists': [6694], 'modifiers': [{'type': 9, 'value': 35}, {'type': 28, 'value': 167}]}"
1758158290,VERY_LONG,,1,36000200,,"{'id': 9929, 'context': 1, 'bonus_lists': [6654, 1691], 'modifiers': [{'type': 9, 'value': 30}, {'type': 28, 'value': 217}]}"
1758158300,VERY_LONG,,1,9963000,,"{'id': 10369, 'context': 1, 'bonus_lists': [6654], 'modifiers': [{'type': 9, 'value': 30}, {'type': 28, 'value': 205}]}"
1758158615,VERY_LONG,,1,14704100,,"{'id': 6417, 'context': 1, 'bonus_lists': [6654], 'modifiers': [{'type': 9, 'value': 30}, {'type': 28, 'value': 217}]}"
1758059390,VERY_LONG,,1,14120700,,"{'id': 864, 'context': 1, 'bonus_lists': [6655, 1694], 'modifiers': [{'type': 9, 'value': 30}, {'type': 28, 'value': 217}]}"
1758060514,VERY_LONG,,1,17318300,,"{'id': 4731, 'context': 1, 'bonus_lists': [6654], 'modifiers': [{'type': 9, 'value': 30}, {'type': 28, 'value': 217}]}"
1757654207,LONG,,1,17757000,,"{'id': 4057, 'context': 1, 'bonus_lists': [6654], 'modifiers': [{'type': 9, 'value': 30}, {'type': 28, 'value': 217}]}"
1758158788,VERY_LONG,,1,37858000,,"{'id': 9851, 'context': 1, 'bonus_lists': [6654, 1678], 'modifiers': [{'type': 9, 'value': 30}, {'type': 28, 'value': 217}]}"
1758158875,VERY_LONG,,1,40008200,,"{'id': 9879, 'context': 1, 'bonus_lists': [6654, 1692], 'modifiers': [{'type': 9, 'value': 30}, {'type': 28, 'value': 217}]}"
1757654249,LONG,,1,43990000,,"{'id': 9420, 'context': 1, 'bonus_lists': [6710], 'modifiers': [{'type': 9, 'value': 30}, {'type': 28, 'value': 217}]}"
1757654178,LONG,,1,40396400,,"{'id': 4732, 'context': 1, 'bonus_lists': [6654], 'modifiers': [{'type': 9, 'value': 30}, {'type': 28, 'value': 217}]}"
1757654265,LONG,,1,21003200,,"{'id': 9862, 'context': 1, 'bonus_lists': [6654, 1708], 'modifiers': [{'type': 9, 'value': 30}, {'type': 28, 'value': 217}]}"
1758087011,VERY_LONG,,1,39736800,,"{'id': 9290, 'context': 1, 'bonus_lists': [6654, 1691], 'modifiers': [{'type': 9, 'value': 30}, {'type': 28, 'value': 217}]}"
1758088307,VERY_LONG,,1,8442300,,"{'id': 9878, 'context': 1, 'bonus_lists': [6654, 1679], 'modifiers': [{'type': 9, 'value': 30}, {'type': 28, 'value': 217}]}"
1758088432,VERY_LONG,,1,10688300,,"{'id': 24632, 'context': 1, 'bonus_lists': [6654, 1694], 'modifiers': [{'type': 9, 'value': 30}, {'type': 28, 'value': 222}]}"
1758088439,VERY_LONG,,1,15116100,,"{'id': 15238, 'context': 1, 'bonus_lists': [6655, 1706], 'modifiers': [{'type': 9, 'value': 30}, {'type': 28, 'value': 205}]}"
1758059490,VERY_LONG,,1,10002900,,"{'id': 7483, 'context': 1, 'bonus_lists': [6654, 1677], 'modifiers': [{'type': 9, 'value': 30}, {'type': 28, 'value': 217}]}"
1758155112,VERY_LONG,,1,12507700,,"{'id': 36553, 'context': 0, 'bonus_lists': [6655, 1677], 'modifiers': [{'type': 9, 'value': 30}, {'type': 28, 'value': 1023}]}"
1758155940,VERY_LONG,,1,22544300,,"{'id': 7525, 'context': 1, 'bonus_lists': [6654, 1709], 'modifiers': [{'type': 9, 'value': 30}, {'type': 28, 'value': 217}]}"
1758156025,VERY_LONG,,1,34921600,,"{'id': 7610, 'context': 1, 'bonus_lists': [6655], 'modifiers': [{'type': 9, 'value': 30}, {'type': 28, 'value': 217}]}"
1758156502,VERY_LONG,,1,40396400,,"{'id': 4732, 'context': 1, 'bonus_lists': [6654], 'modifiers': [{'type': 9, 'value': 30}, {'type': 28, 'value': 217}]}"
1758156592,VERY_LONG,,1,45001000,,"{'id': 116520, 'context': 22, 'bonus_lists': [6655, 201], 'modifiers': [{'type': 9, 'value': 40}, {'type': 28, 'value': 1142}]}"
1758059475,VERY_LONG,,1,34453100,,"{'id': 6402, 'context': 1, 'bonus_lists': [6654], 'modifiers': [{'type': 9, 'value': 30}, {'type': 28, 'value': 217}]}"
1758060612,VERY_LONG,,1,12003600,,"{'id': 4738, 'context': 1, 'bonus_lists': [6654], 'modifiers': [{'type': 9, 'value': 30}, {'type': 28, 'value': 217}]}"
1758060875,VERY_LONG,,1,50000000,,"{'id': 9406, 'context': 1, 'bonus_lists': [6710], 'modifiers': [{'type': 9, 'value': 30}, {'type': 28, 'value': 217}]}"
1758088277,VERY_LONG,,1,10674100,,"{'id': 15272, 'context': 1, 'bonus_lists': [6655, 1706], 'modifiers': [{'type': 9, 'value': 30}, {'type': 28, 'value': 205}]}"
1758153796,VERY_LONG,,1,220004000,,"{'id': 7495, 'context': 1, 'bonus_lists': [6655, 1681], 'modifiers': [{'type': 9, 'value': 30}, {'type': 28, 'value': 217}]}"
1758156649,VERY_LONG,,1,22789000,,"{'id': 7332, 'context': 1, 'bonus_lists': [6654, 1708], 'modifiers': [{'type': 9, 'value': 30}, {'type': 28, 'value': 217}]}"
1758156874,VERY_LONG,,1,4960400,,"{'id': 8265, 'context': 1, 'bonus_lists': [6654], 'modifiers': [{'type': 9, 'value': 30}, {'type': 28, 'value': 205}]}"
1758158194,VERY_LONG,,1,47773200,,"{'id': 9856, 'context': 1, 'bonus_lists': [6654, 1679], 'modifiers': [{'type': 9, 'value': 30}, {'type': 28, 'value': 217}]}"
1758158336,VERY_LONG,,1,8442300,,"{'id': 9878, 'context': 1, 'bonus_lists': [6654, 1705], 'modifiers': [{'type': 9, 'value': 30}, {'type': 28, 'value': 217}]}"
1758158626,VERY_LONG,,1,39493600,,"{'id': 7441, 'context': 1, 'bonus_lists': [6654, 1705], 'modifiers': [{'type': 9, 'value': 30}, {'type': 28, 'value': 217}]}"
1758158664,VERY_LONG,,1,25002000,,"{'id': 4725, 'context': 1, 'bonus_lists': [6654], 'modifiers': [{'type': 9, 'value': 30}, {'type': 28, 'value': 217}]}"
1758088682,VERY_LONG,,1,33717400,,"{'id': 24854, 'context': 1, 'bonus_lists': [6654, 1695], 'modifiers': [{'type': 9, 'value': 30}, {'type': 28, 'value': 222}]}"
1757741096,LONG,,1,35005700,,"{'id': 24860, 'context': 1, 'bonus_lists': [6654, 1695], 'modifiers': [{'type': 9, 'value': 33}, {'type': 28, 'value': 1890}]}"
1757745183,LONG,,1,25008000,,"{'id': 159572, 'context': 0, 'bonus_lists': [6655, 1682], 'modifiers': [{'type': 9, 'value': 16}, {'type': 28, 'value': 1224}]}"
1757743959,LONG,,1,2991300,,"{'id': 25294, 'context': 1, 'bonus_lists': [6655, 1681], 'modifiers': [{'type': 9, 'value': 33}, {'type': 28, 'value': 1895}]}"
1757743869,LONG,,1,2306300,,"{'id': 24682, 'context': 1, 'bonus_lists': [6654, 1681], 'modifiers': [{'type': 9, 'value': 33}, {'type': 28, 'value': 1895}]}"
1757744094,LONG,,1,25008600,,"{'id': 159492, 'context': 0, 'bonus_lists': [6655, 1689], 'modifiers': [{'type': 9, 'value': 16}, {'type': 28, 'value': 1224}]}"
1757836910,LONG,,1,2999992000,,"{'id': 147423, 'context': 6, 'bonus_lists': [3563, 1808, 1472, 5855, 3336], 'modifiers': [{'type': 28, 'value': 498}]}"
1757489878,SHORT,,1,22815500,18252400,"{'id': 8296, 'context': 0, 'bonus_lists': [6654], 'modifiers': [{'type': 9, 'value': 30}, {'type': 28, 'value': 1005}]}"
1757499615,MEDIUM,,1,633000,,"{'id': 16864, 'context': 0, 'modifiers': [{'type': 28, 'value': 1004}]}"
1757499591,MEDIUM,,1,3084900,2467900,"{'id': 55647, 'context': 0, 'bonus_lists': [6654, 1681], 'modifiers': [{'type': 9, 'value': 35}, {'type': 28, 'value': 1026}]}"
1757499652,MEDIUM,,1,4768300,3814600,"{'id': 13133, 'context': 0, 'bonus_lists': [6658], 'modifiers': [{'type': 9, 'value': 30}, {'type': 28, 'value': 1004}]}"
1757499638,MEDIUM,,1,183133500,146506800,"{'id': 172316, 'context': 63, 'bonus_lists': [6716, 1487]}"
1757489905,SHORT,,1,4768300,3814600,"{'id': 13133, 'context': 0, 'bonus_lists': [6658], 'modifiers': [{'type': 9, 'value': 30}, {'type': 28, 'value': 1005}]}"
1757489928,SHORT,,1,1475900,1180700,"{'id': 13007, 'context': 0, 'bonus_lists': [6658], 'modifiers': [{'type': 9, 'value': 30}, {'type': 28, 'value': 1005}]}"
1757499644,MEDIUM,,1,4058200,3246500,"{'id': 16857, 'context': 0, 'modifiers': [{'type': 28, 'value': 1004}]}"
1757489888,SHORT,,1,59738600,47790900,"{'id': 59465, 'context': 0, 'modifiers': [{'type': 28, 'value': 1026}]}"
1757489875,SHORT,,1,9860800,7888600,"{'id': 13009, 'context': 0, 'bonus_lists': [6658], 'modifiers': [{'type': 9, 'value': 30}, {'type': 28, 'value': 1004}]}"
1757489914,SHORT,,1,9885500,7908400,"{'id': 13075, 'context': 0, 'bonus_lists': [6658], 'modifiers': [{'type': 9, 'value': 30}, {'type': 28, 'value': 1004}]}"
1757499647,MEDIUM,,1,137789000,110231200,"{'id': 59463, 'context': 0, 'modifiers': [{'type': 28, 'value': 1026}]}"
1757489879,SHORT,,1,6750200,5400200,"{'id': 10251, 'context': 0, 'bonus_lists': [6654, 1707], 'modifiers': [{'type': 9, 'value': 30}, {'type': 28, 'value': 1004}]}"
1757499608,MEDIUM,,1,445283800,356227000,"{'id': 59467, 'context': 0, 'modifiers': [{'type': 28, 'value': 1026}]}"
1757499600,MEDIUM,,1,3451600,2761300,"{'id': 16817, 'context': 0, 'modifiers': [{'type': 28, 'value': 1004}]}"
1757499650,MEDIUM,,1,988200,898800,"{'id': 13013, 'context': 0, 'bonus_lists': [6658], 'modifiers': [{'type': 9, 'value': 30}, {'type': 28, 'value': 1004}]}"
1757499630,MEDIUM,,1,968800,,"{'id': 16825, 'context': 0, 'modifiers': [{'type': 28, 'value': 1004}]}"
1757499581,MEDIUM,,1,5259800,4207800,"{'id': 13126, 'context': 0, 'bonus_lists': [6658], 'modifiers': [{'type': 9, 'value': 30}, {'type': 28, 'value': 1004}]}"
1757489924,SHORT,,1,4265800,,"{'id': 10266, 'context': 0, 'bonus_lists': [6654, 1694], 'modifiers': [{'type': 9, 'value': 30}, {'type': 28, 'value': 1004}]}"
1757499622,MEDIUM,,1,1347300,,"{'id': 16861, 'context': 0, 'modifiers': [{'type': 28, 'value': 1004}]}"
1757512133,MEDIUM,,1,450000000,,"{'id': 172317, 'context': 65, 'bonus_lists': [6718, 7193, 1522]}"
1757499689,MEDIUM,,1,99980000,,"{'id': 171415, 'context': 64, 'bonus_lists': [6717, 7194, 1507]}"
1757499213,MEDIUM,,1,556300,,"{'id': 177797, 'context': 0, 'bonus_lists': [6907, 6652, 1681], 'modifiers': [{'type': 9, 'value': 60}, {'type': 28, 'value': 1707}]}"
1757499198,MEDIUM,,1,20005700,,"{'id': 177799, 'context': 0, 'bonus_lists': [6908, 6652, 1684], 'modifiers': [{'type': 9, 'value': 60}, {'type': 28, 'value': 1707}]}"
1757531392,LONG,,1,1009900,,"{'id': 176982, 'context': 0, 'bonus_lists': [6907, 6652, 1712], 'modifiers': [{'type': 9, 'value': 60}, {'type': 28, 'value': 2060}]}"
1758196074,VERY_LONG,,1,9990000,,"{'id': 82800, 'context': 0, 'modifiers': [{'type': 6, 'value': 65637}], 'pet_breed_id': 9, 'pet_level': 1, 'pet_quality_id': 3, 'pet_species_id': 1754}"
1758196079,VERY_LONG,,1,38399800,,"{'id': 82800, 'context': 0, 'modifiers': [{'type': 6, 'value': 33559}], 'pet_breed_id': 5, 'pet_level': 1, 'pet_quality_id': 2, 'pet_species_id': 262}"
1758196096,VERY_LONG,,1,38000000,,"{'id': 82800, 'context': 0, 'modifiers': [{'type': 6, 'value': 63691}], 'pet_breed_id': 9, 'pet_level': 1, 'pet_quality_id': 3, 'pet_species_id': 1665}"
1758196113,VERY_LONG,,1,1500000,,"{'id': 82800, 'context': 0, 'modifiers': [{'type': 6, 'value': 88060}], 'pet_breed_id': 6, 'pet_level': 1, 'pet_quality_id': 3, 'pet_species_id': 2468}"
1758196154,VERY_LONG,,1,555000,,"{'id': 82800, 'context': 0, 'modifiers': [{'type': 6, 'value': 21900}], 'pet_breed_id': 10, 'pet_level': 1, 'pet_quality_id': 3, 'pet_species_id': 162}"
1758196157,VERY_LONG,,1,20900000,,"{'id': 82800, 'context': 0, 'modifiers': [{'type': 6, 'value': 29802}], 'pet_breed_id': 20, 'pet_level': 1, 'pet_quality_id': 2, 'pet_species_id': 235}"
1758196089,VERY_LONG,,1,5580300,,"{'id': 82800, 'context': 0, 'modifiers': [{'type': 6, 'value': 6299}], 'pet_breed_id': 10, 'pet_level': 1, 'pet_quality_id': 2, 'pet_species_id': 67}"
1758196093,VERY_LONG,,1,3459900,,"{'id': 82800, 'context': 0, 'pet_breed_id': 14, 'pet_level': 1, 'pet_quality_id': 3, 'pet_species_id': 1958}"
1758196094,VERY_LONG,,1,35735000,,"{'id': 82800, 'context': 0, 'modifiers': [{'type': 6, 'value': 60820}], 'pet_breed_id': 18, 'pet_level': 1, 'pet_quality_id': 3, 'pet_species_id': 1567}"
1758196098,VERY_LONG,,1,7958100,,"{'id': 82800, 'context': 0, 'modifiers': [{'type': 6, 'value': 89609}], 'pet_breed_id': 15, 'pet_level': 1, 'pet_quality_id': 3, 'pet_species_id': 2525}"
1758196099,VERY_LONG,,1,1509700,,"{'id': 82800, 'context': 0, 'modifiers': [{'type': 6, 'value': 48057}], 'pet_breed_id': 18, 'pet_level': 1, 'pet_quality_id': 3, 'pet_species_id': 1213}"
1758196103,VERY_LONG,,1,10190000,,"{'id': 82800, 'context': 0, 'modifiers': [{'type': 6, 'value': 11709}], 'pet_breed_id': 20, 'pet_level': 1, 'pet_quality_id': 2, 'pet_species_id': 224}"
1758196110,VERY_LONG,,1,75000000,,"{'id': 82800, 'context': 0, 'modifiers': [{'type': 6, 'value': 79783}], 'pet_breed_id': 4, 'pet_level': 1, 'pet_quality_id': 3, 'pet_species_id': 2117}"
1758196116,VERY_LONG,,1,39280000,,"{'id': 82800, 'context': 0, 'modifiers': [{'type': 6, 'value': 61891}], 'pet_breed_id': 12, 'pet_level': 1, 'pet_quality_id': 3, 'pet_species_id': 1626}"
1758196118,VERY_LONG,,1,22440000,,"{'id': 82800, 'context': 0, 'modifiers': [{'type': 6, 'value': 88003}], 'pet_breed_id': 7, 'pet_level': 1, 'pet_quality_id': 3, 'pet_species_id': 2452}"
1758196120,VERY_LONG,,1,23999700,,"{'id': 82800, 'context': 0, 'pet_breed_id': 8, 'pet_level': 1, 'pet_quality_id': 3, 'pet_species_id': 1962}"
1758196122,VERY_LONG,,1,6800100,,"{'id': 82800, 'context': 0, 'modifiers': [{'type': 6, 'value': 58825}], 'pet_breed_id': 20, 'pet_level': 1, 'pet_quality_id': 2, 'pet_species_id': 1471}"
1758196151,VERY_LONG,,1,12268300,,"{'id': 82800, 'context': 0, 'modifiers': [{'type': 6, 'value': 66485}], 'pet_breed_id': 17, 'pet_level': 1, 'pet_quality_id': 3, 'pet_species_id': 1884}"
1758196152,VERY_LONG,,1,11379700,,"{'id': 82800, 'context': 0, 'modifiers': [{'type': 6, 'value': 28089}], 'pet_breed_id': 6, 'pet_level': 1, 'pet_quality_id': 2, 'pet_species_id': 190}"
1758196156,VERY_LONG,,1,9910000,,"{'id': 82800, 'context': 0, 'modifiers': [{'type': 6, 'value': 59021}], 'pet_breed_id': 17, 'pet_level': 1, 'pet_quality_id': 3, 'pet_species_id': 1403}"
1758196119,VERY_LONG,,1,35000000,,"{'id': 82800, 'context': 0, 'modifiers': [{'type': 6, 'value': 61888}], 'pet_breed_id': 4, 'pet_level': 1, 'pet_quality_id': 3, 'pet_species_id': 1624}"
1758196075,VERY_LONG,,1,21090000,,"{'id': 82800, 'context': 0, 'modifiers': [{'type': 6, 'value': 65087}], 'pet_breed_id': 14, 'pet_level': 1, 'pet_quality_id': 3, 'pet_species_id': 1716}"
1758196083,VERY_LONG,,1,4999900,,"{'id': 82800, 'context': 0, 'modifiers': [{'type': 6, 'value': 40521}], 'pet_breed_id': 6, 'pet_level': 1, 'pet_quality_id': 2, 'pet_species_id': 1040}"
1758196117,VERY_LONG,,1,6660000,,"{'id': 82800, 'context': 0, 'pet_breed_id': 7, 'pet_level': 1, 'pet_quality_id': 3, 'pet_species_id': 1965}"
1758196081,VERY_LONG,,1,177900000,,"{'id': 82800, 'context': 0, 'modifiers': [{'type': 6, 'value': 71945}], 'pet_breed_id': 7, 'pet_level': 1, 'pet_quality_id': 3, 'pet_species_id': 1723}"
1758196111,VERY_LONG,,1,3000000,,"{'id': 82800, 'context': 0, 'modifiers': [{'type': 6, 'value': 28502}], 'pet_breed_id': 5, 'pet_level': 1, 'pet_quality_id': 3, 'pet_species_id': 1511}"
1758196112,VERY_LONG,,1,16005400,,"{'id': 82800, 'context': 0, 'modifiers': [{'type': 6, 'value': 15992}], 'pet_breed_id': 5, 'pet_level': 1, 'pet_quality_id': 2, 'pet_species_id': 122}"
1758196121,VERY_LONG,,1,7600000,,"{'id': 82800, 'context': 0, 'modifiers': [{'type': 6, 'value': 23574}], 'pet_breed_id': 5, 'pet_level': 1, 'pet_quality_id': 3, 'pet_species_id': 175}"
1758196108,VERY_LONG,,1,4360000,,"{'id': 82800, 'context': 0, 'modifiers': [{'type': 6, 'value': 49289}], 'pet_breed_id': 5, 'pet_level': 1, 'pet_quality_id': 3, 'pet_species_id': 1320}"
1758196109,VERY_LONG,,1,7000000,,"{'id': 82800, 'context': 0, 'modifiers': [{'type': 6, 'value': 19986}], 'pet_breed_id': 3, 'pet_level': 1, 'pet_quality_id': 2, 'pet_species_id': 139}"
1758196115,VERY_LONG,,1,33480000,,"{'id': 82800, 'context': 0, 'modifiers': [{'type': 6, 'value': 90411}], 'pet_breed_id': 18, 'pet_level': 1, 'pet_quality_id': 2, 'pet_species_id': 2530}"
1758196077,VERY_LONG,,1,19199800,,"{'id': 82800, 'context': 0, 'modifiers': [{'type': 6, 'value': 79760}], 'pet_breed_id': 15, 'pet_level': 1, 'pet_quality_id': 3, 'pet_species_id': 2120}"
1758196155,VERY_LONG,,1,500000,,"{'id': 82800, 'context': 0, 'modifiers': [{'type': 6, 'value': 15660}], 'pet_breed_id': 3, 'pet_level': 1, 'pet_quality_id': 2, 'pet_species_id': 119}"
1758196091,VERY_LONG,,1,281600000,,"{'id': 82800, 'context': 0, 'modifiers': [{'type': 6, 'value': 38134}], 'pet_breed_id': 3, 'pet_level': 1, 'pet_quality_id': 2, 'pet_species_id': 308}"
1758196073,VERY_LONG,,1,19449800,,"{'id': 82800, 'context': 0, 'modifiers': [{'type': 6, 'value': 48666}], 'pet_breed_id': 12, 'pet_level': 1, 'pet_quality_id': 3, 'pet_species_id': 1231}"
1758196085,VERY_LONG,,1,3990000,,"{'id': 82800, 'context': 0, 'modifiers': [{'type': 6, 'value': 45289}], 'pet_breed_id': 18, 'pet_level': 1, 'pet_quality_id': 3, 'pet_species_id': 2087}"
1758196088,VERY_LONG,,1,880000,,"{'id': 82800, 'context': 0, 'modifiers': [{'type': 6, 'value': 29809}], 'pet_breed_id': 16, 'pet_level': 1, 'pet_quality_id': 2, 'pet_species_id': 236}"
1758196101,VERY_LONG,,1,17200000,,"{'id': 82800, 'context': 0, 'modifiers': [{'type': 6, 'value': 53748}], 'pet_breed_id': 20, 'pet_level': 1, 'pet_quality_id': 3, 'pet_species_id': 1387}"
1758196114,VERY_LONG,,1,1920000,,"{'id': 82800, 'context': 0, 'modifiers': [{'type': 6, 'value': 20029}], 'pet_breed_id': 3, 'pet_level': 1, 'pet_quality_id': 2, 'pet_species_id': 145}"
1758196072,VERY_LONG,,1,9004500,,"{'id': 82800, 'context': 0, 'modifiers': [{'type': 6, 'value': 71835}], 'pet_breed_id': 8, 'pet_level': 1, 'pet_quality_id': 3, 'pet_species_id': 1721}"
1758196102,VERY_LONG,,1,27500000,,"{'id': 82800, 'context': 0, 'modifiers': [{'type': 6, 'value': 78261}], 'pet_breed_id': 3, 'pet_level': 1, 'pet_quality_id': 3, 'pet_species_id': 2072}"
1758196105,VERY_LONG,,1,3810000,,"{'id': 82800, 'context': 0, 'modifiers': [{'type': 6, 'value': 19600}], 'pet_breed_id': 7, 'pet_level': 1, 'pet_quality_id': 2, 'pet_species_id': 136}"
1758196107,VERY_LONG,,1,6950000,,"{'id': 82800, 'context': 0, 'modifiers': [{'type': 6, 'value': 45880}], 'pet_breed_id': 6, 'pet_level': 1, 'pet_quality_id': 3, 'pet_species_id': 211}"
1757808333,LONG,,1,676200,,"{'id': 175545, 'context': 2, 'bonus_lists': [6907, 1693], 'modifiers': [{'type': 9, 'value': 60}, {'type': 28, 'value': 748}]}"
1757527795,MEDIUM,,1,65000000,,"{'id': 171417, 'context': 64, 'bonus_lists': [6717, 1507]}"
1757527800,MEDIUM,,1,65000000,,"{'id': 171417, 'context': 64, 'bonus_lists': [6717, 1507]}"
1757893343,LONG,,1,29990000,,"{'id': 71366, 'context': 3, 'modifiers': [{'type': 28, 'value': 1029}]}"
1757893403,LONG,,1,15509300,,"{'id': 71038, 'context': 3, 'modifiers': [{'type': 28, 'value': 1029}]}"
1757496677,SHORT,,1,14895900,,"{'id': 10224, 'context': 1, 'bonus_lists': [6654, 1693], 'modifiers': [{'type': 9, 'value': 30}, {'type': 28, 'value': 205}]}"
1757496844,SHORT,,1,410000,,"{'id': 10196, 'context': 1, 'bonus_lists': [6654, 1707], 'modifiers': [{'type': 9, 'value': 30}, {'type': 28, 'value': 201}]}"
1757496908,SHORT,,1,7708100,,"{'id': 7546, 'context': 1, 'bonus_lists': [6654, 1678], 'modifiers': [{'type': 9, 'value': 30}, {'type': 28, 'value': 201}]}"
1757496924,SHORT,,1,6688500,,"{'id': 13040, 'context': 1, 'bonus_lists': [6659], 'modifiers': [{'type': 9, 'value': 30}, {'type': 28, 'value': 205}]}"
1757498874,MEDIUM,,1,7574300,,"{'id': 15219, 'context': 1, 'bonus_lists': [6655, 1691], 'modifiers': [{'type': 9, 'value': 30}, {'type': 28, 'value': 205}]}"
1757498885,MEDIUM,,1,17504500,,"{'id': 15620, 'context': 1, 'bonus_lists': [6654, 1678], 'modifiers': [{'type': 9, 'value': 30}, {'type': 28, 'value': 218}]}"
1757498891,MEDIUM,,1,84761700,,"{'id': 15628, 'context': 1, 'bonus_lists': [6654, 1708], 'modifiers': [{'type': 9, 'value': 30}, {'type': 28, 'value': 218}]}"
1757499000,MEDIUM,,1,8734500,,"{'id': 10064, 'context': 1, 'bonus_lists': [6654, 1709], 'modifiers': [{'type': 9, 'value': 30}, {'type': 28, 'value': 201}]}"
1757499001,MEDIUM,,1,5718600,,"{'id': 15229, 'context': 1, 'bonus_lists': [6655, 1691], 'modifiers': [{'type': 9, 'value': 30}, {'type': 28, 'value': 201}]}"
1757499003,MEDIUM,,1,187299300,,"{'id': 15330, 'context': 1, 'bonus_lists': [6654, 1706], 'modifiers': [{'type': 9, 'value': 30}, {'type': 28, 'value': 200}]}"
1757499035,MEDIUM,,1,56484800,,"{'id': 4733, 'context': 1, 'bonus_lists': [6654], 'modifiers': [{'type': 9, 'value': 30}, {'type': 28, 'value': 201}]}"
1757499036,MEDIUM,,1,14061500,,"{'id': 8255, 'context': 1, 'bonus_lists': [6654], 'modifiers': [{'type': 9, 'value': 30}, {'type': 28, 'value': 201}]}"
1757499060,MEDIUM,,1,31903600,,"{'id': 14268, 'context': 1, 'bonus_lists': [6654, 1680], 'modifiers': [{'type': 9, 'value': 30}, {'type': 28, 'value': 218}]}"
1757517583,MEDIUM,,1,3578700,,"{'id': 5216, 'context': 1, 'bonus_lists': [6655, 1679], 'modifiers': [{'type': 9, 'value': 30}, {'type': 28, 'value': 278}]}"
1757517595,MEDIUM,,1,5062600,,"{'id': 15227, 'context': 0, 'bonus_lists': [6655, 1680], 'modifiers': [{'type': 9, 'value': 30}, {'type': 28, 'value': 1006}]}"
1757517616,MEDIUM,,1,76390600,,"{'id': 14835, 'context': 0, 'bonus_lists': [6654], 'modifiers': [{'type': 9, 'value': 30}, {'type': 28, 'value': 1006}]}"
1757516430,MEDIUM,,1,6222500,,"{'id': 10099, 'context': 1, 'bonus_lists': [6654, 1681], 'modifiers': [{'type': 9, 'value': 30}, {'type': 28, 'value': 201}]}"
1757516499,MEDIUM,,1,22213800,,"{'id': 10212, 'context': 1, 'bonus_lists': [6654, 1707], 'modifiers': [{'type': 9, 'value': 30}, {'type': 28, 'value': 205}]}"
1757516612,MEDIUM,,1,10841700,,"{'id': 10259, 'context': 1, 'bonus_lists': [6654, 1692], 'modifiers': [{'type': 9, 'value': 30}, {'type': 28, 'value': 205}]}"
1757517218,MEDIUM,,1,63885600,,"{'id': 15635, 'context': 1, 'bonus_lists': [6654, 1691], 'modifiers': [{'type': 9, 'value': 30}, {'type': 28, 'value': 278}]}"
1757517254,MEDIUM,,1,23533300,,"{'id': 14245, 'context': 1, 'bonus_lists': [6654, 1680], 'modifiers': [{'type': 9, 'value': 30}, {'type': 28, 'value': 278}]}"
1757517258,MEDIUM,,1,20832500,,"{'id': 10240, 'context': 1, 'bonus_lists': [6654, 1705], 'modifiers': [{'type': 9, 'value': 30}, {'type': 28, 'value': 205}]}"
1757517534,MEDIUM,,1,172420500,,"{'id': 14923, 'context': 1, 'bonus_lists': [6654, 1681], 'modifiers': [{'type': 9, 'value': 30}, {'type': 28, 'value': 278}]}"
1757517538,MEDIUM,,1,39817800,,"{'id': 15440, 'context': 0, 'bonus_lists': [6654, 1693], 'modifiers': [{'type': 9, 'value': 30}, {'type': 28, 'value': 1006}]}"
1757517548,MEDIUM,,1,19182900,,"{'id': 10121, 'context': 1, 'bonus_lists': [6654, 1705], 'modifiers': [{'type': 9, 'value': 30}, {'type': 28, 'value': 203}]}"
1757496863,SHORT,,1,91118900,,"{'id': 14244, 'context': 0, 'bonus_lists': [6654, 1679], 'modifiers': [{'type': 9, 'value': 30}, {'type': 28, 'value': 33}]}"
1757496940,SHORT,,1,13950300,,"{'id': 8254, 'context': 1, 'bonus_lists': [6654], 'modifiers': [{'type': 9, 'value': 30}, {'type': 28, 'value': 201}]}"
1757496958,SHORT,,1,12909200,,"{'id': 10103, 'context': 1, 'bonus_lists': [6654, 1706], 'modifiers': [{'type': 9, 'value': 30}, {'type': 28, 'value': 201}]}"
1757496966,SHORT,,1,20086000,,"{'id': 8260, 'context': 1, 'bonus_lists': [6654], 'modifiers': [{'type': 9, 'value': 30}, {'type': 28, 'value': 201}]}"
1757497062,SHORT,,1,15194900,,"{'id': 15237, 'context': 1, 'bonus_lists': [6655, 1677], 'modifiers': [{'type': 9, 'value': 30}, {'type': 28, 'value': 205}]}"
1757498858,MEDIUM,,1,29410000,,"{'id': 15176, 'context': 1, 'bonus_lists': [6654, 1677], 'modifiers': [{'type': 9, 'value': 30}, {'type': 28, 'value': 218}]}"
1757498881,MEDIUM,,1,82289200,,"{'id': 14787, 'context': 1, 'bonus_lists': [6654], 'modifiers': [{'type': 9, 'value': 30}, {'type': 28, 'value': 218}]}"
1757499063,MEDIUM,,1,9970400,,"{'id': 15216, 'context': 1, 'bonus_lists': [6655, 1679], 'modifiers': [{'type': 9, 'value': 30}, {'type': 28, 'value': 201}]}"
1757516303,MEDIUM,,1,5701200,,"{'id': 10063, 'context': 1, 'bonus_lists': [6654, 1678], 'modifiers': [{'type': 9, 'value': 30}, {'type': 28, 'value': 201}]}"
1757516310,MEDIUM,,1,14932600,,"{'id': 8288, 'context': 1, 'bonus_lists': [6654], 'modifiers': [{'type': 9, 'value': 30}, {'type': 28, 'value': 205}]}"
1757516545,MEDIUM,,1,5082400,,"{'id': 10376, 'context': 1, 'bonus_lists': [6654, 1709], 'modifiers': [{'type': 9, 'value': 30}, {'type': 28, 'value': 205}]}"
1757516597,MEDIUM,,1,8138100,,"{'id': 10101, 'context': 1, 'bonus_lists': [6654, 1680], 'modifiers': [{'type': 9, 'value': 30}, {'type': 28, 'value': 203}]}"
1757517279,MEDIUM,,1,84333900,,"{'id': 14847, 'context': 1, 'bonus_lists': [6654], 'modifiers': [{'type': 9, 'value': 30}, {'type': 28, 'value': 278}]}"
1757517532,MEDIUM,,1,14973000,,"{'id': 10097, 'context': 1, 'bonus_lists': [6654, 1692], 'modifiers': [{'type': 9, 'value': 30}, {'type': 28, 'value': 203}]}"
1757517650,MEDIUM,,1,40389200,,"{'id': 15166, 'context': 1, 'bonus_lists': [6654, 1709], 'modifiers': [{'type': 9, 'value': 30}, {'type': 28, 'value': 278}]}"
1757517680,MEDIUM,,1,13081600,,"{'id': 10177, 'context': 1, 'bonus_lists': [6654, 1707], 'modifiers': [{'type': 9, 'value': 30}, {'type': 28, 'value': 205}]}"
1757517720,MEDIUM,,1,7578400,,"{'id': 15938, 'context': 1, 'bonus_lists': [6655, 1695], 'modifiers': [{'type': 9, 'value': 30}, {'type': 28, 'value': 205}]}"
1757517737,MEDIUM,,1,42199100,,"{'id': 8294, 'context': 1, 'bonus_lists': [6654], 'modifiers': [{'type': 9, 'value': 30}, {'type': 28, 'value': 205}]}"
1757516659,MEDIUM,,1,29693000,,"{'id': 21804, 'context': 0, 'modifiers': [{'type': 28, 'value': 1006}]}"
1757516664,MEDIUM,,1,15625800,,"{'id': 10374, 'context': 1, 'bonus_lists': [6654], 'modifiers': [{'type': 9, 'value': 30}, {'type': 28, 'value': 205}]}"
1757516666,MEDIUM,,1,15625800,,"{'id': 10374, 'context': 1, 'bonus_lists': [6654], 'modifiers': [{'type': 9, 'value': 30}, {'type': 28, 'value': 203}]}"
1757517171,MEDIUM,,1,49841000,,"{'id': 10178, 'context': 1, 'bonus_lists': [6654, 1709], 'modifiers': [{'type': 9, 'value': 30}, {'type': 28, 'value': 205}]}"
1757517564,MEDIUM,,1,46071400,,"{'id': 14848, 'context': 0, 'bonus_lists': [6654], 'modifiers': [{'type': 9, 'value': 30}, {'type': 28, 'value': 1006}]}"
1757517570,MEDIUM,,1,46071400,,"{'id': 14848, 'context': 1, 'bonus_lists': [6654], 'modifiers': [{'type': 9, 'value': 30}, {'type': 28, 'value': 278}]}"
1757517634,MEDIUM,,1,6461900,,"{'id': 15288, 'context': 0, 'bonus_lists': [6655, 1678], 'modifiers': [{'type': 9, 'value': 30}, {'type': 28, 'value': 1006}]}"
1757517640,MEDIUM,,1,54990000,,"{'id': 14981, 'context': 0, 'bonus_lists': [6654, 1705], 'modifiers': [{'type': 9, 'value': 30}, {'type': 28, 'value': 1006}]}"
1757517653,MEDIUM,,1,4914700,,"{'id': 8305, 'context': 1, 'bonus_lists': [6654], 'modifiers': [{'type': 9, 'value': 30}, {'type': 28, 'value': 205}]}"
1757519119,MEDIUM,,1,99554300,,"{'id': 15638, 'context': 0, 'bonus_lists': [6654, 1693], 'modifiers': [{'type': 9, 'value': 30}, {'type': 28, 'value': 1006}]}"
1757519128,MEDIUM,,1,19603000,,"{'id': 10170, 'context': 1, 'bonus_lists': [6654, 1695], 'modifiers': [{'type': 9, 'value': 30}, {'type': 28, 'value': 205}]}"
1757519154,MEDIUM,,1,60337600,,"{'id': 14868, 'context': 0, 'bonus_lists': [6654], 'modifiers': [{'type': 9, 'value': 30}, {'type': 28, 'value': 1006}]}"
1757519161,MEDIUM,,1,53723500,,"{'id': 15603, 'context': 1, 'bonus_lists': [6654, 1695], 'modifiers': [{'type': 9, 'value': 30}, {'type': 28, 'value': 278}]}"
1757516284,MEDIUM,,1,1114300,,"{'id': 15291, 'context': 1, 'bonus_lists': [6655, 1709], 'modifiers': [{'type': 9, 'value': 30}, {'type': 28, 'value': 201}]}"
1757516291,MEDIUM,,1,7041900,,"{'id': 10211, 'context': 1, 'bonus_lists': [6654, 1694], 'modifiers': [{'type': 9, 'value': 30}, {'type': 28, 'value': 205}]}"
1757516357,MEDIUM,,1,19954200,,"{'id': 15939, 'context': 1, 'bonus_lists': [6655, 1680], 'modifiers': [{'type': 9, 'value': 30}, {'type': 28, 'value': 205}]}"
1757516360,MEDIUM,,1,19954200,,"{'id': 15939, 'context': 1, 'bonus_lists': [6655, 1681], 'modifiers': [{'type': 9, 'value': 30}, {'type': 28, 'value': 205}]}"
1757516366,MEDIUM,,1,19949600,,"{'id': 10163, 'context': 1, 'bonus_lists': [6654, 1694], 'modifiers': [{'type': 9, 'value': 30}, {'type': 28, 'value': 205}]}"
1757516600,MEDIUM,,1,57466500,,"{'id': 14940, 'context': 1, 'bonus_lists': [6654, 1692], 'modifiers': [{'type': 9, 'value': 30}, {'type': 28, 'value': 278}]}"
1757496884,SHORT,,1,22218800,,"{'id': 10212, 'context': 1, 'bonus_lists': [6654, 1681], 'modifiers': [{'type': 9, 'value': 30}, {'type': 28, 'value': 205}]}"
1757496913,SHORT,,1,17881600,,"{'id': 15325, 'context': 1, 'bonus_lists': [6655, 1691], 'modifiers': [{'type': 9, 'value': 30}, {'type': 28, 'value': 205}]}"
1757497001,SHORT,,1,9069500,,"{'id': 10235, 'context': 1, 'bonus_lists': [6654, 1692], 'modifiers': [{'type': 9, 'value': 30}, {'type': 28, 'value': 205}]}"
1757498898,MEDIUM,,1,5962900,,"{'id': 14329, 'context': 1, 'bonus_lists': [6654, 1707], 'modifiers': [{'type': 9, 'value': 30}, {'type': 28, 'value': 218}]}"
1757498960,MEDIUM,,1,4960000,,"{'id': 120166, 'context': 1, 'bonus_lists': [6710], 'modifiers': [{'type': 9, 'value': 30}, {'type': 28, 'value': 200}]}"
1757499009,MEDIUM,,1,3469700,,"{'id': 10148, 'context': 1, 'bonus_lists': [6654, 1677], 'modifiers': [{'type': 9, 'value': 30}, {'type': 28, 'value': 203}]}"
1757499021,MEDIUM,,1,7869900,,"{'id': 10188, 'context': 1, 'bonus_lists': [6654, 1680], 'modifiers': [{'type': 9, 'value': 30}, {'type': 28, 'value': 205}]}"
1757499038,MEDIUM,,1,2731400,,"{'id': 6562, 'context': 1, 'bonus_lists': [6654, 1680], 'modifiers': [{'type': 9, 'value': 30}, {'type': 28, 'value': 200}]}"
1757499047,MEDIUM,,1,7909400,,"{'id': 10214, 'context': 1, 'bonus_lists': [6654, 1692], 'modifiers': [{'type': 9, 'value': 30}, {'type': 28, 'value': 205}]}"
1757499050,MEDIUM,,1,15199100,,"{'id': 15211, 'context': 1, 'bonus_lists': [6655, 1707], 'modifiers': [{'type': 9, 'value': 30}, {'type': 28, 'value': 200}]}"
1757499459,MEDIUM,,1,34098100,,"{'id': 14332, 'context': 1, 'bonus_lists': [6654, 1679], 'modifiers': [{'type': 9, 'value': 30}, {'type': 28, 'value': 218}]}"
1757499500,MEDIUM,,1,16859900,,"{'id': 15264, 'context': 1, 'bonus_lists': [6655, 1681], 'modifiers': [{'type': 9, 'value': 30}, {'type': 28, 'value': 205}]}"
1757496864,SHORT,,1,20150300,,"{'id': 8289, 'context': 1, 'bonus_lists': [6654], 'modifiers': [{'type': 9, 'value': 30}, {'type': 28, 'value': 205}]}"
1757496929,SHORT,,1,16784200,,"{'id': 8301, 'context': 1, 'bonus_lists': [6654], 'modifiers': [{'type': 9, 'value': 30}, {'type': 28, 'value': 205}]}"
1757496955,SHORT,,1,8412400,,"{'id': 10193, 'context': 1, 'bonus_lists': [6654, 1706], 'modifiers': [{'type': 9, 'value': 30}, {'type': 28, 'value': 205}]}"
1757496960,SHORT,,1,12909200,,"{'id': 10103, 'context': 1, 'bonus_lists': [6654, 1706], 'modifiers': [{'type': 9, 'value': 30}, {'type': 28, 'value': 201}]}"
1757496980,SHORT,,1,18980300,,"{'id': 2564, 'context': 0, 'bonus_lists': [6658], 'modifiers': [{'type': 9, 'value': 30}, {'type': 28, 'value': 1005}]}"
1757497012,SHORT,,1,8169400,,"{'id': 10258, 'context': 1, 'bonus_lists': [6654, 1695], 'modifiers': [{'type': 9, 'value': 30}, {'type': 28, 'value': 205}]}"
1757516325,MEDIUM,,1,23605400,,"{'id': 10263, 'context': 1, 'bonus_lists': [6654, 1706], 'modifiers': [{'type': 9, 'value': 30}, {'type': 28, 'value': 205}]}"
1757516521,MEDIUM,,1,38559800,,"{'id': 8259, 'context': 1, 'bonus_lists': [6654], 'modifiers': [{'type': 9, 'value': 30}, {'type': 28, 'value': 201}]}"
1757517513,MEDIUM,,1,35821600,,"{'id': 14334, 'context': 0, 'bonus_lists': [6654, 1691], 'modifiers': [{'type': 9, 'value': 30}, {'type': 28, 'value': 1006}]}"
1757498890,MEDIUM,,1,79089900,,"{'id': 15628, 'context': 1, 'bonus_lists': [6654, 1681], 'modifiers': [{'type': 9, 'value': 30}, {'type': 28, 'value': 218}]}"
1757517523,MEDIUM,,1,4961300,,"{'id': 10604, 'context': 1, 'modifiers': [{'type': 28, 'value': 278}]}"
1757517703,MEDIUM,,1,22186200,,"{'id': 8293, 'context': 1, 'bonus_lists': [6654], 'modifiers': [{'type': 9, 'value': 30}, {'type': 28, 'value': 205}]}"
1757519132,MEDIUM,,1,60132900,,"{'id': 14815, 'context': 0, 'bonus_lists': [6654], 'modifiers': [{'type': 9, 'value': 30}, {'type': 28, 'value': 1006}]}"
1757499006,MEDIUM,,1,13470000,,"{'id': 9937, 'context': 1, 'bonus_lists': [6654, 1695], 'modifiers': [{'type': 9, 'value': 30}, {'type': 28, 'value': 201}]}"
1757519142,MEDIUM,,1,23369600,,"{'id': 15193, 'context': 0, 'bonus_lists': [6654, 1679], 'modifiers': [{'type': 9, 'value': 30}, {'type': 28, 'value': 1006}]}"
1757499045,MEDIUM,,1,24336800,,"{'id': 14793, 'context': 1, 'bonus_lists': [6654], 'modifiers': [{'type': 9, 'value': 30}, {'type': 28, 'value': 218}]}"
1757499068,MEDIUM,,1,34826400,,"{'id': 15632, 'context': 1, 'bonus_lists': [6654, 1677], 'modifiers': [{'type': 9, 'value': 30}, {'type': 28, 'value': 218}]}"
1757517593,MEDIUM,,1,5062600,,"{'id': 15227, 'context': 1, 'bonus_lists': [6655, 1681], 'modifiers': [{'type': 9, 'value': 30}, {'type': 28, 'value': 278}]}"
1757496872,SHORT,,1,8705200,,"{'id': 10151, 'context': 0, 'bonus_lists': [6654, 1679], 'modifiers': [{'type': 9, 'value': 30}, {'type': 28, 'value': 1004}]}"
1757519156,MEDIUM,,1,25938600,,"{'id': 10175, 'context': 1, 'bonus_lists': [6654, 1705], 'modifiers': [{'type': 9, 'value': 30}, {'type': 28, 'value': 205}]}"
1757496985,SHORT,,1,21107700,,"{'id': 10070, 'context': 1, 'bonus_lists': [6654, 1706], 'modifiers': [{'type': 9, 'value': 30}, {'type': 28, 'value': 205}]}"
1757497037,SHORT,,1,8169400,,"{'id': 10258, 'context': 1, 'bonus_lists': [6654, 1677], 'modifiers': [{'type': 9, 'value': 30}, {'type': 28, 'value': 205}]}"
1757499020,MEDIUM,,1,5846000,,"{'id': 10098, 'context': 1, 'bonus_lists': [6654, 1709], 'modifiers': [{'type': 9, 'value': 30}, {'type': 28, 'value': 201}]}"
1757499449,MEDIUM,,1,79296700,,"{'id': 14463, 'context': 1, 'bonus_lists': [6654], 'modifiers': [{'type': 9, 'value': 30}, {'type': 28, 'value': 218}]}"
1757499453,MEDIUM,,1,4098600,,"{'id': 10059, 'context': 1, 'bonus_lists': [6654, 1679], 'modifiers': [{'type': 9, 'value': 30}, {'type': 28, 'value': 218}]}"
1757499475,MEDIUM,,1,14930000,,"{'id': 15256, 'context': 1, 'bonus_lists': [6655, 1680], 'modifiers': [{'type': 9, 'value': 30}, {'type': 28, 'value': 205}]}"
1757499508,MEDIUM,,1,134385700,,"{'id': 14665, 'context': 1, 'bonus_lists': [6654], 'modifiers': [{'type': 9, 'value': 30}, {'type': 28, 'value': 218}]}"
1757516342,MEDIUM,,1,38126900,,"{'id': 14285, 'context': 1, 'bonus_lists': [6654, 1706], 'modifiers': [{'type': 9, 'value': 30}, {'type': 28, 'value': 278}]}"
1757516439,MEDIUM,,1,20658200,,"{'id': 10247, 'context': 1, 'bonus_lists': [6654, 1695], 'modifiers': [{'type': 9, 'value': 30}, {'type': 28, 'value': 205}]}"
1757516592,MEDIUM,,1,36563300,,"{'id': 10181, 'context': 1, 'bonus_lists': [6654, 1705], 'modifiers': [{'type': 9, 'value': 30}, {'type': 28, 'value': 203}]}"
1757516630,MEDIUM,,1,14198700,,"{'id': 10200, 'context': 1, 'bonus_lists': [6654, 1691], 'modifiers': [{'type': 9, 'value': 30}, {'type': 28, 'value': 201}]}"
1757517286,MEDIUM,,1,62654300,,"{'id': 15601, 'context': 1, 'bonus_lists': [6654, 1708], 'modifiers': [{'type': 9, 'value': 30}, {'type': 28, 'value': 278}]}"
1757629135,LONG,,1,76233600,,"{'id': 15675, 'context': 0, 'bonus_lists': [6655, 1678], 'modifiers': [{'type': 9, 'value': 30}, {'type': 28, 'value': 1006}]}"
1757629144,LONG,,1,66120000,,"{'id': 14335, 'context': 0, 'bonus_lists': [6654, 1678], 'modifiers': [{'type': 9, 'value': 30}, {'type': 28, 'value': 1006}]}"
1757629151,LONG,,1,60125600,,"{'id': 14289, 'context': 0, 'bonus_lists': [6654, 1678], 'modifiers': [{'type': 9, 'value': 30}, {'type': 28, 'value': 1006}]}"
1757629159,LONG,,1,4564500,,"{'id': 15220, 'context': 1, 'bonus_lists': [6655, 1694], 'modifiers': [{'type': 9, 'value': 30}, {'type': 28, 'value': 218}]}"
1757629160,LONG,,1,105483900,,"{'id': 15441, 'context': 0, 'bonus_lists': [6654, 1677], 'modifiers': [{'type': 9, 'value': 30}, {'type': 28, 'value': 1006}]}"
1757629169,LONG,,1,8841100,,"{'id': 10260, 'context': 0, 'bonus_lists': [6654, 1681], 'modifiers': [{'type': 9, 'value': 30}, {'type': 28, 'value': 1005}]}"
1757629170,LONG,,1,18895900,,"{'id': 3831, 'context': 1, 'modifiers': [{'type': 28, 'value': 278}]}"
1757629174,LONG,,1,27709700,,"{'id': 13000, 'context': 0, 'bonus_lists': [6659], 'modifiers': [{'type': 9, 'value': 30}, {'type': 28, 'value': 1006}]}"
1757629178,LONG,,1,29693000,,"{'id': 21804, 'context': 0, 'modifiers': [{'type': 28, 'value': 1006}]}"
1757496742,SHORT,,1,14406800,,"{'id': 10381, 'context': 1, 'bonus_lists': [6654, 1677], 'modifiers': [{'type': 9, 'value': 30}, {'type': 28, 'value': 203}]}"
1757496743,SHORT,,1,28831500,,"{'id': 8271, 'context': 1, 'bonus_lists': [6654], 'modifiers': [{'type': 9, 'value': 30}, {'type': 28, 'value': 203}]}"
1757496766,SHORT,,1,6665800,,"{'id': 10277, 'context': 1, 'bonus_lists': [6654, 1691], 'modifiers': [{'type': 9, 'value': 30}, {'type': 28, 'value': 205}]}"
1757496799,SHORT,,1,21160100,,"{'id': 8299, 'context': 1, 'bonus_lists': [6654], 'modifiers': [{'type': 9, 'value': 30}, {'type': 28, 'value': 203}]}"
1757496895,SHORT,,1,14930000,,"{'id': 15256, 'context': 1, 'bonus_lists': [6655, 1706], 'modifiers': [{'type': 9, 'value': 30}, {'type': 28, 'value': 205}]}"
1757496920,SHORT,,1,17066800,,"{'id': 8253, 'context': 1, 'bonus_lists': [6654], 'modifiers': [{'type': 9, 'value': 30}, {'type': 28, 'value': 201}]}"
1757496922,SHORT,,1,141250300,,"{'id': 7537, 'context': 1, 'bonus_lists': [6655, 1709], 'modifiers': [{'type': 9, 'value': 30}, {'type': 28, 'value': 201}]}"
1757496931,SHORT,,1,49961500,,"{'id': 8312, 'context': 1, 'bonus_lists': [6654], 'modifiers': [{'type': 9, 'value': 30}, {'type': 28, 'value': 205}]}"
1757496659,SHORT,,1,9942100,,"{'id': 10224, 'context': 1, 'bonus_lists': [6654, 1680], 'modifiers': [{'type': 9, 'value': 30}, {'type': 28, 'value': 205}]}"
1757496935,SHORT,,1,3716700,,"{'id': 10095, 'context': 1, 'bonus_lists': [6654, 1681], 'modifiers': [{'type': 9, 'value': 30}, {'type': 28, 'value': 205}]}"
1757496939,SHORT,,1,13950300,,"{'id': 8254, 'context': 1, 'bonus_lists': [6654], 'modifiers': [{'type': 9, 'value': 30}, {'type': 28, 'value': 201}]}"
1757496734,SHORT,,1,6148400,,"{'id': 10264, 'context': 1, 'bonus_lists': [6654, 1681], 'modifiers': [{'type': 9, 'value': 30}, {'type': 28, 'value': 205}]}"
1757496963,SHORT,,1,16618600,,"{'id': 8287, 'context': 1, 'bonus_lists': [6654], 'modifiers': [{'type': 9, 'value': 30}, {'type': 28, 'value': 205}]}"
1757496973,SHORT,,1,8260700,,"{'id': 10101, 'context': 1, 'bonus_lists': [6654, 1695], 'modifiers': [{'type': 9, 'value': 30}, {'type': 28, 'value': 201}]}"
1757496975,SHORT,,1,11793400,,"{'id': 10100, 'context': 1, 'bonus_lists': [6654, 1680], 'modifiers': [{'type': 9, 'value': 30}, {'type': 28, 'value': 205}]}"
1757497009,SHORT,,1,4519800,,"{'id': 15271, 'context': 1, 'bonus_lists': [6655, 1691], 'modifiers': [{'type': 9, 'value': 30}, {'type': 28, 'value': 205}]}"
1757497040,SHORT,,1,468574500,,"{'id': 14121, 'context': 1, 'bonus_lists': [6654, 1708], 'modifiers': [{'type': 9, 'value': 30}, {'type': 28, 'value': 200}]}"
1757498853,MEDIUM,,1,13649900,,"{'id': 9950, 'context': 1, 'bonus_lists': [6654, 1678], 'modifiers': [{'type': 9, 'value': 30}, {'type': 28, 'value': 201}]}"
1757498873,MEDIUM,,1,7574300,,"{'id': 15219, 'context': 1, 'bonus_lists': [6655, 1691], 'modifiers': [{'type': 9, 'value': 30}, {'type': 28, 'value': 205}]}"
1757498877,MEDIUM,,1,7574300,,"{'id': 15219, 'context': 1, 'bonus_lists': [6655, 1692], 'modifiers': [{'type': 9, 'value': 30}, {'type': 28, 'value': 205}]}"
1757498883,MEDIUM,,1,168106500,,"{'id': 14814, 'context': 1, 'bonus_lists': [6654], 'modifiers': [{'type': 9, 'value': 30}, {'type': 28, 'value': 218}]}"
1757498951,MEDIUM,,1,21245500,,"{'id': 9792, 'context': 1, 'bonus_lists': [6654, 1677], 'modifiers': [{'type': 9, 'value': 30}, {'type': 28, 'value': 200}]}"
1757498952,MEDIUM,,1,185580600,,"{'id': 14580, 'context': 1, 'bonus_lists': [6654], 'modifiers': [{'type': 9, 'value': 30}, {'type': 28, 'value': 200}]}"
1757499046,MEDIUM,,1,4969600,,"{'id': 8286, 'context': 1, 'bonus_lists': [6654], 'modifiers': [{'type': 9, 'value': 30}, {'type': 28, 'value': 201}]}"
1757499055,MEDIUM,,1,34273500,,"{'id': 10198, 'context': 1, 'bonus_lists': [6654, 1695], 'modifiers': [{'type': 9, 'value': 30}, {'type': 28, 'value': 201}]}"
1757499079,MEDIUM,,1,13422900,,"{'id': 9949, 'context': 1, 'bonus_lists': [6654, 1691], 'modifiers': [{'type': 9, 'value': 30}, {'type': 28, 'value': 201}]}"
1757499469,MEDIUM,,1,108314800,,"{'id': 15177, 'context': 1, 'bonus_lists': [6654, 1679], 'modifiers': [{'type': 9, 'value': 30}, {'type': 28, 'value': 218}]}"
1757516283,MEDIUM,,1,17485800,,"{'id': 15161, 'context': 1, 'bonus_lists': [6654, 1709], 'modifiers': [{'type': 9, 'value': 30}, {'type': 28, 'value': 278}]}"
1757516287,MEDIUM,,1,66569500,,"{'id': 14572, 'context': 1, 'bonus_lists': [6654], 'modifiers': [{'type': 9, 'value': 30}, {'type': 28, 'value': 200}]}"
1757499473,MEDIUM,,1,172399400,,"{'id': 15891, 'context': 0, 'bonus_lists': [6655], 'modifiers': [{'type': 9, 'value': 30}, {'type': 28, 'value': 200}]}"
1757499488,MEDIUM,,1,37646000,,"{'id': 15178, 'context': 1, 'bonus_lists': [6654, 1694], 'modifiers': [{'type': 9, 'value': 30}, {'type': 28, 'value': 218}]}"
1757499490,MEDIUM,,1,75649300,,"{'id': 7417, 'context': 0, 'bonus_lists': [6654, 1691], 'modifiers': [{'type': 9, 'value': 30}, {'type': 28, 'value': 19}]}"
1757516307,MEDIUM,,1,21924900,,"{'id': 9771, 'context': 1, 'bonus_lists': [6654, 1681], 'modifiers': [{'type': 9, 'value': 30}, {'type': 28, 'value': 200}]}"
1757516317,MEDIUM,,1,78286900,,"{'id': 14914, 'context': 1, 'bonus_lists': [6654, 1707], 'modifiers': [{'type': 9, 'value': 30}, {'type': 28, 'value': 278}]}"
1757516333,MEDIUM,,1,14960400,,"{'id': 8310, 'context': 1, 'bonus_lists': [6654], 'modifiers': [{'type': 9, 'value': 30}, {'type': 28, 'value': 205}]}"
1757516517,MEDIUM,,1,17559100,,"{'id': 15266, 'context': 1, 'bonus_lists': [6655, 1706], 'modifiers': [{'type': 9, 'value': 30}, {'type': 28, 'value': 205}]}"
1757516543,MEDIUM,,1,8283000,,"{'id': 10282, 'context': 1, 'bonus_lists': [6654, 1709], 'modifiers': [{'type': 9, 'value': 30}, {'type': 28, 'value': 203}]}"
1757516607,MEDIUM,,1,7299100,,"{'id': 15218, 'context': 1, 'bonus_lists': [6655, 1695], 'modifiers': [{'type': 9, 'value': 30}, {'type': 28, 'value': 201}]}"
1757516628,MEDIUM,,1,14198700,,"{'id': 10200, 'context': 1, 'bonus_lists': [6654, 1695], 'modifiers': [{'type': 9, 'value': 30}, {'type': 28, 'value': 201}]}"
1757516647,MEDIUM,,1,9965500,,"{'id': 10104, 'context': 1, 'bonus_lists': [6654, 1705], 'modifiers': [{'type': 9, 'value': 30}, {'type': 28, 'value': 205}]}"
1757516656,MEDIUM,,1,31488200,,"{'id': 10279, 'context': 1, 'bonus_lists': [6654, 1692], 'modifiers': [{'type': 9, 'value': 30}, {'type': 28, 'value': 205}]}"
1757517246,MEDIUM,,1,10674100,,"{'id': 15272, 'context': 1, 'bonus_lists': [6655, 1695], 'modifiers': [{'type': 9, 'value': 30}, {'type': 28, 'value': 203}]}"
1757517264,MEDIUM,,1,15456100,,"{'id': 10210, 'context': 1, 'bonus_lists': [6654, 1691], 'modifiers': [{'type': 9, 'value': 30}, {'type': 28, 'value': 205}]}"
1757517284,MEDIUM,,1,103884900,,"{'id': 14954, 'context': 1, 'bonus_lists': [6655, 1678], 'modifiers': [{'type': 9, 'value': 30}, {'type': 28, 'value': 278}]}"
1757517289,MEDIUM,,1,240434200,,"{'id': 15989, 'context': 0, 'bonus_lists': [6655, 1677], 'modifiers': [{'type': 9, 'value': 30}, {'type': 28, 'value': 1006}]}"
1757517507,MEDIUM,,1,8138100,,"{'id': 10101, 'context': 1, 'bonus_lists': [6654, 1681], 'modifiers': [{'type': 9, 'value': 30}, {'type': 28, 'value': 205}]}"
1757517571,MEDIUM,,1,74946700,,"{'id': 14680, 'context': 0, 'bonus_lists': [6654], 'modifiers': [{'type': 9, 'value': 30}, {'type': 28, 'value': 1006}]}"
1757517572,MEDIUM,,1,49954400,,"{'id': 14951, 'context': 1, 'bonus_lists': [6654, 1680], 'modifiers': [{'type': 9, 'value': 30}, {'type': 28, 'value': 278}]}"
1757517575,MEDIUM,,1,9532000,,"{'id': 8298, 'context': 1, 'bonus_lists': [6654], 'modifiers': [{'type': 9, 'value': 30}, {'type': 28, 'value': 205}]}"
1757517627,MEDIUM,,1,31238600,,"{'id': 10365, 'context': 1, 'bonus_lists': [6655, 1680], 'modifiers': [{'type': 9, 'value': 30}, {'type': 28, 'value': 205}]}"
1757517645,MEDIUM,,1,8360000,,"{'id': 13083, 'context': 0, 'bonus_lists': [6659], 'modifiers': [{'type': 9, 'value': 30}, {'type': 28, 'value': 1006}]}"
1757517655,MEDIUM,,1,4914700,,"{'id': 8305, 'context': 1, 'bonus_lists': [6654], 'modifiers': [{'type': 9, 'value': 30}, {'type': 28, 'value': 205}]}"
1757517658,MEDIUM,,1,7959400,,"{'id': 10219, 'context': 1, 'bonus_lists': [6654, 1692], 'modifiers': [{'type': 9, 'value': 30}, {'type': 28, 'value': 205}]}"
1757517715,MEDIUM,,1,68710700,,"{'id': 14817, 'context': 0, 'bonus_lists': [6654], 'modifiers': [{'type': 9, 'value': 30}, {'type': 28, 'value': 1006}]}"
1757517724,MEDIUM,,1,8342600,,"{'id': 10385, 'context': 1, 'bonus_lists': [6654, 1705], 'modifiers': [{'type': 9, 'value': 30}, {'type': 28, 'value': 205}]}"
1757496637,SHORT,,1,13901000,,"{'id': 8292, 'context': 1, 'bonus_lists': [6654], 'modifiers': [{'type': 9, 'value': 30}, {'type': 28, 'value': 203}]}"
1757496764,SHORT,,1,4105500,,"{'id': 8302, 'context': 1, 'bonus_lists': [6654], 'modifiers': [{'type': 9, 'value': 30}, {'type': 28, 'value': 205}]}"
1757496793,SHORT,,1,25728100,,"{'id': 15230, 'context': 1, 'bonus_lists': [6655, 1707], 'modifiers': [{'type': 9, 'value': 30}, {'type': 28, 'value': 200}]}"
1757496796,SHORT,,1,7299100,,"{'id': 15218, 'context': 1, 'bonus_lists': [6655, 1680], 'modifiers': [{'type': 9, 'value': 30}, {'type': 28, 'value': 205}]}"
1757496797,SHORT,,1,7299100,,"{'id': 15218, 'context': 1, 'bonus_lists': [6655, 1693], 'modifiers': [{'type': 9, 'value': 30}, {'type': 28, 'value': 205}]}"
1757496977,SHORT,,1,36321800,,"{'id': 8304, 'context': 1, 'bonus_lists': [6654], 'modifiers': [{'type': 9, 'value': 30}, {'type': 28, 'value': 201}]}"
1757496988,SHORT,,1,12037600,,"{'id': 9947, 'context': 0, 'bonus_lists': [6654, 1679], 'modifiers': [{'type': 9, 'value': 30}, {'type': 28, 'value': 29}]}"
1757498970,MEDIUM,,1,19414500,,"{'id': 14292, 'context': 1, 'bonus_lists': [6654, 1680], 'modifiers': [{'type': 9, 'value': 30}, {'type': 28, 'value': 218}]}"
1757499010,MEDIUM,,1,3469600,,"{'id': 10148, 'context': 1, 'bonus_lists': [6654, 1694], 'modifiers': [{'type': 9, 'value': 30}, {'type': 28, 'value': 203}]}"
1757499517,MEDIUM,,1,36060900,,"{'id': 14271, 'context': 1, 'bonus_lists': [6654, 1693], 'modifiers': [{'type': 9, 'value': 30}, {'type': 28, 'value': 218}]}"
1757516636,MEDIUM,,1,49958900,,"{'id': 8275, 'context': 1, 'bonus_lists': [6655], 'modifiers': [{'type': 9, 'value': 30}, {'type': 28, 'value': 205}]}"
1757517204,MEDIUM,,1,69970000,,"{'id': 13021, 'context': 0, 'bonus_lists': [6659], 'modifiers': [{'type': 9, 'value': 30}, {'type': 28, 'value': 28}]}"
1757517208,MEDIUM,,1,451983800,,"{'id': 20769, 'context': 0, 'modifiers': [{'type': 28, 'value': 373}]}"
1757517518,MEDIUM,,1,20312600,,"{'id': 14330, 'context': 0, 'bonus_lists': [6654, 1678], 'modifiers': [{'type': 9, 'value': 30}, {'type': 28, 'value': 1006}]}"
1757517642,MEDIUM,,1,39224900,,"{'id': 14931, 'context': 0, 'bonus_lists': [6654, 1706], 'modifiers': [{'type': 9, 'value': 30}, {'type': 28, 'value': 1006}]}"
1757519110,MEDIUM,,1,1637700,,"{'id': 5215, 'context': 1, 'bonus_lists': [6655, 1677], 'modifiers': [{'type': 9, 'value': 30}, {'type': 28, 'value': 278}]}"
1757519116,MEDIUM,,1,8825300,,"{'id': 13116, 'context': 0, 'bonus_lists': [6658], 'modifiers': [{'type': 9, 'value': 30}, {'type': 28, 'value': 1006}]}"
1757519137,MEDIUM,,1,54564400,,"{'id': 14261, 'context': 1, 'bonus_lists': [6654, 1695], 'modifiers': [{'type': 9, 'value': 30}, {'type': 28, 'value': 278}]}"
1757519147,MEDIUM,,1,37631200,,"{'id': 15680, 'context': 0, 'bonus_lists': [6654, 1679], 'modifiers': [{'type': 9, 'value': 30}, {'type': 28, 'value': 1006}]}"
1757519155,MEDIUM,,1,24960000,,"{'id': 8291, 'context': 1, 'bonus_lists': [6654], 'modifiers': [{'type': 9, 'value': 30}, {'type': 28, 'value': 205}]}"
1757519159,MEDIUM,,1,16342300,,"{'id': 10156, 'context': 1, 'bonus_lists': [6654, 1709], 'modifiers': [{'type': 9, 'value': 30}, {'type': 28, 'value': 205}]}"
1757519168,MEDIUM,,1,32247300,,"{'id': 15643, 'context': 0, 'bonus_lists': [6654, 1677], 'modifiers': [{'type': 9, 'value': 30}, {'type': 28, 'value': 1006}]}"
1757519169,MEDIUM,,1,14415900,,"{'id': 10111, 'context': 1, 'bonus_lists': [6654, 1681], 'modifiers': [{'type': 9, 'value': 30}, {'type': 28, 'value': 205}]}"
1757496694,SHORT,,1,13301900,,"{'id': 15281, 'context': 1, 'bonus_lists': [6655, 1680], 'modifiers': [{'type': 9, 'value': 30}, {'type': 28, 'value': 203}]}"
1757496861,SHORT,,1,29122500,,"{'id': 9767, 'context': 1, 'bonus_lists': [6654, 1708], 'modifiers': [{'type': 9, 'value': 30}, {'type': 28, 'value': 200}]}"
1757496991,SHORT,,1,7131100,,"{'id': 10159, 'context': 1, 'bonus_lists': [6654, 1681], 'modifiers': [{'type': 9, 'value': 30}, {'type': 28, 'value': 205}]}"
1757496994,SHORT,,1,14973000,,"{'id': 10097, 'context': 1, 'bonus_lists': [6654, 1692], 'modifiers': [{'type': 9, 'value': 30}, {'type': 28, 'value': 205}]}"
1757498852,MEDIUM,,1,299982700,,"{'id': 14913, 'context': 1, 'bonus_lists': [6654, 1678], 'modifiers': [{'type': 9, 'value': 30}, {'type': 28, 'value': 218}]}"
1757498968,MEDIUM,,1,35356500,,"{'id': 14276, 'context': 1, 'bonus_lists': [6654, 1707], 'modifiers': [{'type': 9, 'value': 30}, {'type': 28, 'value': 218}]}"
1757499028,MEDIUM,,1,44212100,,"{'id': 8245, 'context': 1, 'bonus_lists': [6654], 'modifiers': [{'type': 9, 'value': 30}, {'type': 28, 'value': 201}]}"
1757516400,MEDIUM,,1,25728100,,"{'id': 15230, 'context': 1, 'bonus_lists': [6655, 1709], 'modifiers': [{'type': 9, 'value': 30}, {'type': 28, 'value': 200}]}"
1757516405,MEDIUM,,1,19950000,,"{'id': 13028, 'context': 1, 'bonus_lists': [6659], 'modifiers': [{'type': 9, 'value': 30}, {'type': 28, 'value': 218}]}"
1757516466,MEDIUM,,1,5774200,,"{'id': 10165, 'context': 1, 'bonus_lists': [6654, 1680], 'modifiers': [{'type': 9, 'value': 30}, {'type': 28, 'value': 205}]}"
1757516513,MEDIUM,,1,4532700,,"{'id': 8390, 'context': 1, 'modifiers': [{'type': 28, 'value': 218}]}"
1757516589,MEDIUM,,1,36563300,,"{'id': 10181, 'context': 1, 'bonus_lists': [6654, 1708], 'modifiers': [{'type': 9, 'value': 30}, {'type': 28, 'value': 205}]}"
1757517242,MEDIUM,,1,10674100,,"{'id': 15272, 'context': 1, 'bonus_lists': [6655, 1708], 'modifiers': [{'type': 9, 'value': 30}, {'type': 28, 'value': 205}]}"
1757517648,MEDIUM,,1,40389200,,"{'id': 15166, 'context': 1, 'bonus_lists': [6654, 1708], 'modifiers': [{'type': 9, 'value': 30}, {'type': 28, 'value': 278}]}"
1757517281,MEDIUM,,1,7461900,,"{'id': 15282, 'context': 1, 'bonus_lists': [6655, 1680], 'modifiers': [{'type': 9, 'value': 30}, {'type': 28, 'value': 205}]}"
1757517515,MEDIUM,,1,72708700,,"{'id': 15175, 'context': 0, 'bonus_lists': [6654, 1693], 'modifiers': [{'type': 9, 'value': 30}, {'type': 28, 'value': 1006}]}"
1757517561,MEDIUM,,1,25642300,,"{'id': 14681, 'context': 0, 'bonus_lists': [6654], 'modifiers': [{'type': 9, 'value': 30}, {'type': 28, 'value': 1006}]}"
1757517585,MEDIUM,,1,213566800,,"{'id': 21801, 'context': 0, 'modifiers': [{'type': 28, 'value': 1006}]}"
1757517651,MEDIUM,,1,33116900,,"{'id': 10275, 'context': 1, 'bonus_lists': [6654, 1678], 'modifiers': [{'type': 9, 'value': 30}, {'type': 28, 'value': 205}]}"
1757517735,MEDIUM,,1,42199100,,"{'id': 8294, 'context': 1, 'bonus_lists': [6654], 'modifiers': [{'type': 9, 'value': 30}, {'type': 28, 'value': 205}]}"
1757519122,MEDIUM,,1,7450100,,"{'id': 10229, 'context': 1, 'bonus_lists': [6654, 1708], 'modifiers': [{'type': 9, 'value': 30}, {'type': 28, 'value': 205}]}"
1757519141,MEDIUM,,1,35906600,,"{'id': 1608, 'context': 1, 'bonus_lists': [6655, 1707], 'modifiers': [{'type': 9, 'value': 30}, {'type': 28, 'value': 278}]}"
1757496909,SHORT,,1,87852400,,"{'id': 7557, 'context': 1, 'bonus_lists': [6655, 1677], 'modifiers': [{'type': 9, 'value': 30}, {'type': 28, 'value': 201}]}"
1757496952,SHORT,,1,22019400,,"{'id': 10244, 'context': 1, 'bonus_lists': [6654, 1679], 'modifiers': [{'type': 9, 'value': 30}, {'type': 28, 'value': 201}]}"
1757496984,SHORT,,1,12110600,,"{'id': 10221, 'context': 1, 'bonus_lists': [6654, 1691], 'modifiers': [{'type': 9, 'value': 30}, {'type': 28, 'value': 205}]}"
1757497005,SHORT,,1,22186200,,"{'id': 8293, 'context': 1, 'bonus_lists': [6654], 'modifiers': [{'type': 9, 'value': 30}, {'type': 28, 'value': 203}]}"
1757498948,MEDIUM,,1,21245500,,"{'id': 9792, 'context': 1, 'bonus_lists': [6654, 1695], 'modifiers': [{'type': 9, 'value': 30}, {'type': 28, 'value': 200}]}"
1757499044,MEDIUM,,1,19960000,,"{'id': 14280, 'context': 1, 'bonus_lists': [6654, 1677], 'modifiers': [{'type': 9, 'value': 30}, {'type': 28, 'value': 218}]}"
1757499056,MEDIUM,,1,26884600,,"{'id': 8268, 'context': 1, 'bonus_lists': [6654], 'modifiers': [{'type': 9, 'value': 30}, {'type': 28, 'value': 201}]}"
1757499076,MEDIUM,,1,19180300,,"{'id': 9952, 'context': 1, 'bonus_lists': [6654, 1692], 'modifiers': [{'type': 9, 'value': 30}, {'type': 28, 'value': 201}]}"
1757499455,MEDIUM,,1,4098600,,"{'id': 10059, 'context': 1, 'bonus_lists': [6654, 1694], 'modifiers': [{'type': 9, 'value': 30}, {'type': 28, 'value': 218}]}"
1757499485,MEDIUM,,1,5005800,,"{'id': 8112, 'context': 1, 'bonus_lists': [6654], 'modifiers': [{'type': 9, 'value': 30}, {'type': 28, 'value': 201}]}"
1757499521,MEDIUM,,1,15008500,,"{'id': 14273, 'context': 1, 'bonus_lists': [6654, 1709], 'modifiers': [{'type': 9, 'value': 30}, {'type': 28, 'value': 218}]}"
1757516301,MEDIUM,,1,4066600,,"{'id': 10060, 'context': 1, 'bonus_lists': [6654, 1695], 'modifiers': [{'type': 9, 'value': 30}, {'type': 28, 'value': 201}]}"
1757516528,MEDIUM,,1,11711200,,"{'id': 10252, 'context': 1, 'bonus_lists': [6654, 1695], 'modifiers': [{'type': 9, 'value': 30}, {'type': 28, 'value': 205}]}"
1757496656,SHORT,,1,90000,,"{'id': 16251, 'context': 0, 'modifiers': [{'type': 28, 'value': 1006}]}"
1757496686,SHORT,,1,9344900,,"{'id': 10223, 'context': 1, 'bonus_lists': [6654, 1678], 'modifiers': [{'type': 9, 'value': 30}, {'type': 28, 'value': 205}]}"
1757496854,SHORT,,1,15116100,,"{'id': 15238, 'context': 1, 'bonus_lists': [6655, 1680], 'modifiers': [{'type': 9, 'value': 30}, {'type': 28, 'value': 205}]}"
1757498899,MEDIUM,,1,20470500,,"{'id': 15212, 'context': 1, 'bonus_lists': [6655, 1680], 'modifiers': [{'type': 9, 'value': 30}, {'type': 28, 'value': 200}]}"
1757498946,MEDIUM,,1,361619100,,"{'id': 2271, 'context': 1, 'bonus_lists': [6710], 'modifiers': [{'type': 9, 'value': 30}, {'type': 28, 'value': 200}]}"
1757499066,MEDIUM,,1,18327600,,"{'id': 10242, 'context': 1, 'bonus_lists': [6654, 1691], 'modifiers': [{'type': 9, 'value': 30}, {'type': 28, 'value': 201}]}"
1757499510,MEDIUM,,1,9970000,,"{'id': 9512, 'context': 1, 'bonus_lists': [6710], 'modifiers': [{'type': 9, 'value': 30}, {'type': 28, 'value': 218}]}"
1757516381,MEDIUM,,1,73960400,,"{'id': 14842, 'context': 1, 'bonus_lists': [6655], 'modifiers': [{'type': 9, 'value': 30}, {'type': 28, 'value': 218}]}"
1757516537,MEDIUM,,1,8150400,,"{'id': 10258, 'context': 0, 'bonus_lists': [6654, 1705], 'modifiers': [{'type': 9, 'value': 30}, {'type': 28, 'value': 1005}]}"
1757516569,MEDIUM,,1,16618600,,"{'id': 8287, 'context': 1, 'bonus_lists': [6654], 'modifiers': [{'type': 9, 'value': 30}, {'type': 28, 'value': 205}]}"
1757516585,MEDIUM,,1,31095700,,"{'id': 8300, 'context': 1, 'bonus_lists': [6654], 'modifiers': [{'type': 9, 'value': 30}, {'type': 28, 'value': 205}]}"
1757517200,MEDIUM,,1,7123400,,"{'id': 10106, 'context': 1, 'bonus_lists': [6654, 1680], 'modifiers': [{'type': 9, 'value': 30}, {'type': 28, 'value': 205}]}"
1757517222,MEDIUM,,1,12583100,,"{'id': 10140, 'context': 1, 'bonus_lists': [6654, 1694], 'modifiers': [{'type': 9, 'value': 30}, {'type': 28, 'value': 205}]}"
1757519143,MEDIUM,,1,23369600,,"{'id': 15193, 'context': 0, 'bonus_lists': [6654, 1681], 'modifiers': [{'type': 9, 'value': 30}, {'type': 28, 'value': 1006}]}"
1757629176,LONG,,1,46432000,,"{'id': 14686, 'context': 0, 'bonus_lists': [6654], 'modifiers': [{'type': 9, 'value': 30}, {'type': 28, 'value': 1006}]}"
1757629142,LONG,,1,191359900,,"{'id': 15435, 'context': 0, 'bonus_lists': [6654, 1681], 'modifiers': [{'type': 9, 'value': 30}, {'type': 28, 'value': 1006}]}"
1757496736,SHORT,,1,19342000,,"{'id': 8284, 'context': 1, 'bonus_lists': [6654], 'modifiers': [{'type': 9, 'value': 30}, {'type': 28, 'value': 203}]}"
1757496794,SHORT,,1,9716900,,"{'id': 15218, 'context': 1, 'bonus_lists': [6655, 1708], 'modifiers': [{'type': 9, 'value': 30}, {'type': 28, 'value': 205}]}"
1757496880,SHORT,,1,121113400,,"{'id': 6660, 'context': 0, 'bonus_lists': [6659], 'modifiers': [{'type': 9, 'value': 30}, {'type': 28, 'value': 26}]}"
1757496893,SHORT,,1,9958200,,"{'id': 10230, 'context': 1, 'bonus_lists': [6654, 1679], 'modifiers': [{'type': 9, 'value': 30}, {'type': 28, 'value': 205}]}"
1757496919,SHORT,,1,20610600,,"{'id': 10364, 'context': 1, 'bonus_lists': [6655, 1709], 'modifiers': [{'type': 9, 'value': 30}, {'type': 28, 'value': 205}]}"
1757496930,SHORT,,1,49961500,,"{'id': 8312, 'context': 1, 'bonus_lists': [6654], 'modifiers': [{'type': 9, 'value': 30}, {'type': 28, 'value': 205}]}"
1757496992,SHORT,,1,9909700,,"{'id': 10159, 'context': 1, 'bonus_lists': [6654, 1708], 'modifiers': [{'type': 9, 'value': 30}, {'type': 28, 'value': 205}]}"
1757498854,MEDIUM,,1,13155700,,"{'id': 9950, 'context': 1, 'bonus_lists': [6654, 1708], 'modifiers': [{'type': 9, 'value': 30}, {'type': 28, 'value': 201}]}"
1757499016,MEDIUM,,1,64309300,,"{'id': 9884, 'context': 1, 'bonus_lists': [6654, 1707], 'modifiers': [{'type': 9, 'value': 30}, {'type': 28, 'value': 218}]}"
1757499513,MEDIUM,,1,23540000,,"{'id': 14655, 'context': 1, 'bonus_lists': [6654], 'modifiers': [{'type': 9, 'value': 30}, {'type': 28, 'value': 218}]}"
1757496732,SHORT,,1,13301900,,"{'id': 15281, 'context': 1, 'bonus_lists': [6655, 1708], 'modifiers': [{'type': 9, 'value': 30}, {'type': 28, 'value': 205}]}"
1757516308,MEDIUM,,1,14932600,,"{'id': 8288, 'context': 1, 'bonus_lists': [6654], 'modifiers': [{'type': 9, 'value': 30}, {'type': 28, 'value': 205}]}"
1757516378,MEDIUM,,1,33767200,,"{'id': 14768, 'context': 1, 'bonus_lists': [6654], 'modifiers': [{'type': 9, 'value': 30}, {'type': 28, 'value': 278}]}"
1757516414,MEDIUM,,1,82704300,,"{'id': 15359, 'context': 1, 'bonus_lists': [6654, 1681], 'modifiers': [{'type': 9, 'value': 30}, {'type': 28, 'value': 278}]}"
1757516422,MEDIUM,,1,4960400,,"{'id': 8265, 'context': 1, 'bonus_lists': [6654], 'modifiers': [{'type': 9, 'value': 30}, {'type': 28, 'value': 205}]}"
1757516469,MEDIUM,,1,139843000,,"{'id': 15157, 'context': 1, 'bonus_lists': [6654, 1705], 'modifiers': [{'type': 9, 'value': 30}, {'type': 28, 'value': 278}]}"
1757516541,MEDIUM,,1,19978600,,"{'id': 10377, 'context': 1, 'bonus_lists': [6654, 1680], 'modifiers': [{'type': 9, 'value': 30}, {'type': 28, 'value': 205}]}"
1757516579,MEDIUM,,1,31095700,,"{'id': 8300, 'context': 1, 'bonus_lists': [6654], 'modifiers': [{'type': 9, 'value': 30}, {'type': 28, 'value': 205}]}"
1757516643,MEDIUM,,1,24960000,,"{'id': 8291, 'context': 1, 'bonus_lists': [6654], 'modifiers': [{'type': 9, 'value': 30}, {'type': 28, 'value': 203}]}"
1757516645,MEDIUM,,1,144118000,,"{'id': 35641, 'context': 1, 'bonus_lists': [4115], 'modifiers': [{'type': 9, 'value': 27}]}"
1757516646,MEDIUM,,1,23540000,,"{'id': 14655, 'context': 1, 'bonus_lists': [6654], 'modifiers': [{'type': 9, 'value': 30}, {'type': 28, 'value': 278}]}"
1757517237,MEDIUM,,1,10674100,,"{'id': 15272, 'context': 1, 'bonus_lists': [6655, 1708], 'modifiers': [{'type': 9, 'value': 30}, {'type': 28, 'value': 205}]}"
1757517685,MEDIUM,,1,13081600,,"{'id': 10177, 'context': 1, 'bonus_lists': [6654, 1705], 'modifiers': [{'type': 9, 'value': 30}, {'type': 28, 'value': 205}]}"
1757516434,MEDIUM,,1,17206500,,"{'id': 8247, 'context': 1, 'bonus_lists': [6654], 'modifiers': [{'type': 9, 'value': 30}, {'type': 28, 'value': 201}]}"
1757496744,SHORT,,1,28831500,,"{'id': 8271, 'context': 1, 'bonus_lists': [6654], 'modifiers': [{'type': 9, 'value': 30}, {'type': 28, 'value': 205}]}"
1757497067,SHORT,,1,8285300,,"{'id': 10213, 'context': 1, 'bonus_lists': [6654, 1679], 'modifiers': [{'type': 9, 'value': 30}, {'type': 28, 'value': 205}]}"
1757516473,MEDIUM,,1,12822500,,"{'id': 10281, 'context': 1, 'bonus_lists': [6654, 1677], 'modifiers': [{'type': 9, 'value': 30}, {'type': 28, 'value': 205}]}"
1757516489,MEDIUM,,1,20980600,,"{'id': 10144, 'context': 1, 'bonus_lists': [6654, 1695], 'modifiers': [{'type': 9, 'value': 30}, {'type': 28, 'value': 205}]}"
1757516520,MEDIUM,,1,75428500,,"{'id': 15608, 'context': 1, 'bonus_lists': [6654, 1708], 'modifiers': [{'type': 9, 'value': 30}, {'type': 28, 'value': 278}]}"
1757516649,MEDIUM,,1,13406400,,"{'id': 10225, 'context': 1, 'bonus_lists': [6654, 1681], 'modifiers': [{'type': 9, 'value': 30}, {'type': 28, 'value': 205}]}"
1757497069,SHORT,,1,73439800,,"{'id': 14279, 'context': 1, 'bonus_lists': [6654, 1705], 'modifiers': [{'type': 9, 'value': 30}, {'type': 28, 'value': 218}]}"
1757517225,MEDIUM,,1,8277000,,"{'id': 10140, 'context': 1, 'bonus_lists': [6654, 1705], 'modifiers': [{'type': 9, 'value': 30}, {'type': 28, 'value': 205}]}"
1757517611,MEDIUM,,1,31903600,,"{'id': 14268, 'context': 1, 'bonus_lists': [6654, 1679], 'modifiers': [{'type': 9, 'value': 30}, {'type': 28, 'value': 278}]}"
1757517662,MEDIUM,,1,7131100,,"{'id': 10159, 'context': 1, 'bonus_lists': [6654, 1678], 'modifiers': [{'type': 9, 'value': 30}, {'type': 28, 'value': 205}]}"
1757519107,MEDIUM,,1,5737400,,"{'id': 15229, 'context': 1, 'bonus_lists': [6655, 1706], 'modifiers': [{'type': 9, 'value': 30}, {'type': 28, 'value': 205}]}"
1757519135,MEDIUM,,1,19136800,,"{'id': 10104, 'context': 1, 'bonus_lists': [6654, 1693], 'modifiers': [{'type': 9, 'value': 30}, {'type': 28, 'value': 205}]}"
1757498862,MEDIUM,,1,68462400,,"{'id': 13035, 'context': 0, 'bonus_lists': [6659], 'modifiers': [{'type': 9, 'value': 30}, {'type': 28, 'value': 28}]}"
1757629129,LONG,,1,720000,,"{'id': 15257, 'context': 1, 'bonus_lists': [6655, 1681], 'modifiers': [{'type': 9, 'value': 30}, {'type': 28, 'value': 205}]}"
1757516300,MEDIUM,,1,52031300,,"{'id': 15329, 'context': 1, 'bonus_lists': [6654, 1706], 'modifiers': [{'type': 9, 'value': 30}, {'type': 28, 'value': 200}]}"
1757516348,MEDIUM,,1,66212800,,"{'id': 15982, 'context': 1, 'bonus_lists': [6655, 1694], 'modifiers': [{'type': 9, 'value': 30}, {'type': 28, 'value': 278}]}"
1757516369,MEDIUM,,1,48266200,,"{'id': 14947, 'context': 1, 'bonus_lists': [6655, 1691], 'modifiers': [{'type': 9, 'value': 30}, {'type': 28, 'value': 278}]}"
1757516393,MEDIUM,,1,12110600,,"{'id': 10221, 'context': 1, 'bonus_lists': [6654, 1692], 'modifiers': [{'type': 9, 'value': 30}, {'type': 28, 'value': 205}]}"
1757516550,MEDIUM,,1,60236200,,"{'id': 8269, 'context': 1, 'bonus_lists': [6654], 'modifiers': [{'type': 9, 'value': 30}, {'type': 28, 'value': 205}]}"
1757516633,MEDIUM,,1,14198700,,"{'id': 10200, 'context': 1, 'bonus_lists': [6654, 1679], 'modifiers': [{'type': 9, 'value': 30}, {'type': 28, 'value': 201}]}"
1757517165,MEDIUM,,1,44812700,,"{'id': 15169, 'context': 1, 'bonus_lists': [6654, 1709], 'modifiers': [{'type': 9, 'value': 30}, {'type': 28, 'value': 278}]}"
1757517247,MEDIUM,,1,10674100,,"{'id': 15272, 'context': 1, 'bonus_lists': [6655, 1694], 'modifiers': [{'type': 9, 'value': 30}, {'type': 28, 'value': 205}]}"
1757517260,MEDIUM,,1,20832500,,"{'id': 10240, 'context': 1, 'bonus_lists': [6654, 1707], 'modifiers': [{'type': 9, 'value': 30}, {'type': 28, 'value': 205}]}"
1757517525,MEDIUM,,1,11580900,,"{'id': 15247, 'context': 0, 'bonus_lists': [6655, 1680], 'modifiers': [{'type': 9, 'value': 30}, {'type': 28, 'value': 1006}]}"
1757519158,MEDIUM,,1,9477400,,"{'id': 10147, 'context': 1, 'bonus_lists': [6654, 1694], 'modifiers': [{'type': 9, 'value': 30}, {'type': 28, 'value': 205}]}"
1757496857,SHORT,,1,15116100,,"{'id': 15238, 'context': 1, 'bonus_lists': [6655, 1691], 'modifiers': [{'type': 9, 'value': 30}, {'type': 28, 'value': 205}]}"
1757496866,SHORT,,1,17503900,,"{'id': 10233, 'context': 1, 'bonus_lists': [6654, 1681], 'modifiers': [{'type': 9, 'value': 30}, {'type': 28, 'value': 203}]}"
1757496886,SHORT,,1,32418500,,"{'id': 15643, 'context': 0, 'bonus_lists': [6654, 1693], 'modifiers': [{'type': 9, 'value': 30}, {'type': 28, 'value': 1006}]}"
1757496888,SHORT,,1,6484500,,"{'id': 8249, 'context': 1, 'bonus_lists': [6654], 'modifiers': [{'type': 9, 'value': 30}, {'type': 28, 'value': 201}]}"
1757497071,SHORT,,1,25217100,,"{'id': 8123, 'context': 1, 'bonus_lists': [6654], 'modifiers': [{'type': 9, 'value': 30}, {'type': 28, 'value': 201}]}"
1757498954,MEDIUM,,1,67497300,,"{'id': 14450, 'context': 1, 'bonus_lists': [6654], 'modifiers': [{'type': 9, 'value': 30}, {'type': 28, 'value': 218}]}"
1757498999,MEDIUM,,1,8734500,,"{'id': 10064, 'context': 1, 'bonus_lists': [6654, 1706], 'modifiers': [{'type': 9, 'value': 30}, {'type': 28, 'value': 201}]}"
1757499023,MEDIUM,,1,4926900,,"{'id': 6574, 'context': 1, 'bonus_lists': [6654, 1707], 'modifiers': [{'type': 9, 'value': 30}, {'type': 28, 'value': 200}]}"
1757499463,MEDIUM,,1,24980000,,"{'id': 14791, 'context': 1, 'bonus_lists': [6654], 'modifiers': [{'type': 9, 'value': 30}, {'type': 28, 'value': 218}]}"
1757499503,MEDIUM,,1,37711300,,"{'id': 6440, 'context': 1, 'bonus_lists': [6710], 'modifiers': [{'type': 9, 'value': 30}, {'type': 28, 'value': 218}]}"
1757517192,MEDIUM,,1,9963000,,"{'id': 10369, 'context': 1, 'bonus_lists': [6654], 'modifiers': [{'type': 9, 'value': 30}, {'type': 28, 'value': 205}]}"
1757517528,MEDIUM,,1,19687600,,"{'id': 10097, 'context': 1, 'bonus_lists': [6654, 1708], 'modifiers': [{'type': 9, 'value': 30}, {'type': 28, 'value': 205}]}"
1757517641,MEDIUM,,1,46939100,,"{'id': 14322, 'context': 0, 'bonus_lists': [6654, 1694], 'modifiers': [{'type': 9, 'value': 30}, {'type': 28, 'value': 1006}]}"
1757519118,MEDIUM,,1,4041100,,"{'id': 15257, 'context': 0, 'bonus_lists': [6655, 1695], 'modifiers': [{'type': 9, 'value': 30}, {'type': 28, 'value': 1006}]}"
1757519145,MEDIUM,,1,3578700,,"{'id': 5216, 'context': 1, 'bonus_lists': [6655, 1681], 'modifiers': [{'type': 9, 'value': 30}, {'type': 28, 'value': 278}]}"
1757519150,MEDIUM,,1,194963400,,"{'id': 13044, 'context': 1, 'bonus_lists': [6659], 'modifiers': [{'type': 9, 'value': 30}, {'type': 28, 'value': 205}]}"
1757519157,MEDIUM,,1,9477400,,"{'id': 10147, 'context': 1, 'bonus_lists': [6654, 1709], 'modifiers': [{'type': 9, 'value': 30}, {'type': 28, 'value': 205}]}"
1757519160,MEDIUM,,1,41706900,,"{'id': 14603, 'context': 1, 'bonus_lists': [6654], 'modifiers': [{'type': 9, 'value': 30}, {'type': 28, 'value': 278}]}"
1757519164,MEDIUM,,1,18417100,,"{'id': 10154, 'context': 1, 'bonus_lists': [6654, 1692], 'modifiers': [{'type': 9, 'value': 30}, {'type': 28, 'value': 205}]}"
1757519166,MEDIUM,,1,7544300,,"{'id': 10255, 'context': 1, 'bonus_lists': [6654, 1707], 'modifiers': [{'type': 9, 'value': 30}, {'type': 28, 'value': 205}]}"
1757519170,MEDIUM,,1,14415900,,"{'id': 10111, 'context': 1, 'bonus_lists': [6654, 1680], 'modifiers': [{'type': 9, 'value': 30}, {'type': 28, 'value': 205}]}"
1757496738,SHORT,,1,13637100,,"{'id': 10177, 'context': 1, 'bonus_lists': [6654, 1695], 'modifiers': [{'type': 9, 'value': 30}, {'type': 28, 'value': 203}]}"
1757496868,SHORT,,1,21770600,,"{'id': 10233, 'context': 1, 'bonus_lists': [6654, 1708], 'modifiers': [{'type': 9, 'value': 30}, {'type': 28, 'value': 205}]}"
1757496982,SHORT,,1,24960000,,"{'id': 8291, 'context': 1, 'bonus_lists': [6654], 'modifiers': [{'type': 9, 'value': 30}, {'type': 28, 'value': 201}]}"
1757497046,SHORT,,1,54332500,,"{'id': 15115, 'context': 1, 'bonus_lists': [6654, 1691], 'modifiers': [{'type': 9, 'value': 30}, {'type': 28, 'value': 200}]}"
1757498957,MEDIUM,,1,38126900,,"{'id': 14285, 'context': 1, 'bonus_lists': [6654, 1708], 'modifiers': [{'type': 9, 'value': 30}, {'type': 28, 'value': 218}]}"
1757498963,MEDIUM,,1,54660600,,"{'id': 15644, 'context': 1, 'bonus_lists': [6654, 1706], 'modifiers': [{'type': 9, 'value': 30}, {'type': 28, 'value': 218}]}"
1757498965,MEDIUM,,1,2980000,,"{'id': 13047, 'context': 1, 'bonus_lists': [6659], 'modifiers': [{'type': 9, 'value': 30}, {'type': 28, 'value': 205}]}"
1757496870,SHORT,,1,21770600,,"{'id': 10233, 'context': 1, 'bonus_lists': [6654, 1705], 'modifiers': [{'type': 9, 'value': 30}, {'type': 28, 'value': 205}]}"
1757497053,SHORT,,1,19085500,,"{'id': 10386, 'context': 1, 'bonus_lists': [6654, 1693], 'modifiers': [{'type': 9, 'value': 30}, {'type': 28, 'value': 205}]}"
1757498849,MEDIUM,,1,2975000,,"{'id': 8318, 'context': 1, 'bonus_lists': [6654], 'modifiers': [{'type': 9, 'value': 30}, {'type': 28, 'value': 205}]}"
1757498855,MEDIUM,,1,12485200,,"{'id': 10113, 'context': 1, 'bonus_lists': [6654, 1677], 'modifiers': [{'type': 9, 'value': 30}, {'type': 28, 'value': 205}]}"
1757499031,MEDIUM,,1,23548900,,"{'id': 10279, 'context': 1, 'bonus_lists': [6654, 1677], 'modifiers': [{'type': 9, 'value': 30}, {'type': 28, 'value': 205}]}"
1757499070,MEDIUM,,1,12567300,,"{'id': 10274, 'context': 1, 'bonus_lists': [6654, 1708], 'modifiers': [{'type': 9, 'value': 30}, {'type': 28, 'value': 205}]}"
1757499080,MEDIUM,,1,22497100,,"{'id': 4088, 'context': 1, 'bonus_lists': [6655, 1693], 'modifiers': [{'type': 9, 'value': 30}, {'type': 28, 'value': 218}]}"
1757499495,MEDIUM,,1,16859900,,"{'id': 15264, 'context': 1, 'bonus_lists': [6655, 1692], 'modifiers': [{'type': 9, 'value': 30}, {'type': 28, 'value': 203}]}"
1757516288,MEDIUM,,1,4890900,,"{'id': 10211, 'context': 1, 'bonus_lists': [6654, 1709], 'modifiers': [{'type': 9, 'value': 30}, {'type': 28, 'value': 205}]}"
1757516304,MEDIUM,,1,10928900,,"{'id': 10219, 'context': 1, 'bonus_lists': [6654, 1679], 'modifiers': [{'type': 9, 'value': 30}, {'type': 28, 'value': 205}]}"
1757516419,MEDIUM,,1,25000000,,"{'id': 10382, 'context': 1, 'bonus_lists': [6654, 1679], 'modifiers': [{'type': 9, 'value': 30}, {'type': 28, 'value': 205}]}"
1757516425,MEDIUM,,1,4960400,,"{'id': 8265, 'context': 1, 'bonus_lists': [6654], 'modifiers': [{'type': 9, 'value': 30}, {'type': 28, 'value': 205}]}"
1757516637,MEDIUM,,1,24440200,,"{'id': 10138, 'context': 1, 'bonus_lists': [6654, 1681], 'modifiers': [{'type': 9, 'value': 30}, {'type': 28, 'value': 205}]}"
1757516641,MEDIUM,,1,14940000,,"{'id': 15256, 'context': 1, 'bonus_lists': [6655, 1692], 'modifiers': [{'type': 9, 'value': 30}, {'type': 28, 'value': 205}]}"
1757516437,MEDIUM,,1,17206500,,"{'id': 8247, 'context': 1, 'bonus_lists': [6654], 'modifiers': [{'type': 9, 'value': 30}, {'type': 28, 'value': 201}]}"
1757516485,MEDIUM,,1,4184100,,"{'id': 10222, 'context': 1, 'bonus_lists': [6654, 1693], 'modifiers': [{'type': 9, 'value': 30}, {'type': 28, 'value': 205}]}"
1757516523,MEDIUM,,1,44722800,,"{'id': 14782, 'context': 1, 'bonus_lists': [6654], 'modifiers': [{'type': 9, 'value': 30}, {'type': 28, 'value': 278}]}"
1757516575,MEDIUM,,1,31095700,,"{'id': 8300, 'context': 1, 'bonus_lists': [6654], 'modifiers': [{'type': 9, 'value': 30}, {'type': 28, 'value': 205}]}"
1757516610,MEDIUM,,1,7299100,,"{'id': 15218, 'context': 1, 'bonus_lists': [6655, 1695], 'modifiers': [{'type': 9, 'value': 30}, {'type': 28, 'value': 205}]}"
1757517212,MEDIUM,,1,19603000,,"{'id': 10170, 'context': 1, 'bonus_lists': [6654, 1695], 'modifiers': [{'type': 9, 'value': 30}, {'type': 28, 'value': 205}]}"
1757517230,MEDIUM,,1,228538500,,"{'id': 13132, 'context': 1, 'bonus_lists': [6658], 'modifiers': [{'type': 9, 'value': 30}, {'type': 28, 'value': 278}]}"
1757519127,MEDIUM,,1,20129700,,"{'id': 14779, 'context': 1, 'bonus_lists': [6654], 'modifiers': [{'type': 9, 'value': 30}, {'type': 28, 'value': 278}]}"
1757519131,MEDIUM,,1,40334500,,"{'id': 14783, 'context': 1, 'bonus_lists': [6654], 'modifiers': [{'type': 9, 'value': 30}, {'type': 28, 'value': 278}]}"
1757499041,MEDIUM,,1,8829000,,"{'id': 7989, 'context': 1, 'modifiers': [{'type': 28, 'value': 218}]}"
1757499530,MEDIUM,,1,49984500,,"{'id': 15677, 'context': 1, 'bonus_lists': [6654, 1707], 'modifiers': [{'type': 9, 'value': 30}, {'type': 28, 'value': 218}]}"
1757498879,MEDIUM,,1,23147600,,"{'id': 10236, 'context': 1, 'bonus_lists': [6654, 1678], 'modifiers': [{'type': 9, 'value': 30}, {'type': 28, 'value': 205}]}"
1757498880,MEDIUM,,1,4561500,,"{'id': 1639, 'context': 1, 'bonus_lists': [6655, 1680], 'modifiers': [{'type': 9, 'value': 30}, {'type': 28, 'value': 218}]}"
1757498987,MEDIUM,,1,6138900,,"{'id': 15288, 'context': 1, 'bonus_lists': [6655, 1692], 'modifiers': [{'type': 9, 'value': 30}, {'type': 28, 'value': 205}]}"
1757499004,MEDIUM,,1,29992600,,"{'id': 10241, 'context': 1, 'bonus_lists': [6654, 1681], 'modifiers': [{'type': 9, 'value': 30}, {'type': 28, 'value': 201}]}"
1757496596,SHORT,,1,13901000,,"{'id': 8292, 'context': 1, 'bonus_lists': [6654], 'modifiers': [{'type': 9, 'value': 30}, {'type': 28, 'value': 205}]}"
1757496647,SHORT,,1,7172500,,"{'id': 10123, 'context': 1, 'bonus_lists': [6654, 1681], 'modifiers': [{'type': 9, 'value': 30}, {'type': 28, 'value': 205}]}"
1757496681,SHORT,,1,4224800,,"{'id': 10223, 'context': 1, 'bonus_lists': [6654, 1705], 'modifiers': [{'type': 9, 'value': 30}, {'type': 28, 'value': 205}]}"
1757496690,SHORT,,1,9344900,,"{'id': 10223, 'context': 1, 'bonus_lists': [6654, 1695], 'modifiers': [{'type': 9, 'value': 30}, {'type': 28, 'value': 205}]}"
1757496697,SHORT,,1,13301900,,"{'id': 15281, 'context': 1, 'bonus_lists': [6655, 1692], 'modifiers': [{'type': 9, 'value': 30}, {'type': 28, 'value': 205}]}"
1757496789,SHORT,,1,13842200,,"{'id': 790, 'context': 1, 'bonus_lists': [6655, 1709], 'modifiers': [{'type': 9, 'value': 30}, {'type': 28, 'value': 200}]}"
1757499008,MEDIUM,,1,19342000,,"{'id': 8284, 'context': 1, 'bonus_lists': [6654], 'modifiers': [{'type': 9, 'value': 30}, {'type': 28, 'value': 201}]}"
1757496970,SHORT,,1,17113200,,"{'id': 10238, 'context': 1, 'bonus_lists': [6654, 1693], 'modifiers': [{'type': 9, 'value': 30}, {'type': 28, 'value': 201}]}"
1757499019,MEDIUM,,1,19988800,,"{'id': 10250, 'context': 1, 'bonus_lists': [6654, 1691], 'modifiers': [{'type': 9, 'value': 30}, {'type': 28, 'value': 205}]}"
1757498871,MEDIUM,,1,7574300,,"{'id': 15219, 'context': 1, 'bonus_lists': [6655, 1709], 'modifiers': [{'type': 9, 'value': 30}, {'type': 28, 'value': 201}]}"
1757629149,LONG,,1,4105500,,"{'id': 8302, 'context': 1, 'bonus_lists': [6654], 'modifiers': [{'type': 9, 'value': 30}, {'type': 28, 'value': 205}]}"
1757516312,MEDIUM,,1,14932600,,"{'id': 8288, 'context': 1, 'bonus_lists': [6654], 'modifiers': [{'type': 9, 'value': 30}, {'type': 28, 'value': 203}]}"
1757516462,MEDIUM,,1,7909400,,"{'id': 10214, 'context': 1, 'bonus_lists': [6654, 1681], 'modifiers': [{'type': 9, 'value': 30}, {'type': 28, 'value': 203}]}"
1757516495,MEDIUM,,1,24673500,,"{'id': 10212, 'context': 1, 'bonus_lists': [6654, 1693], 'modifiers': [{'type': 9, 'value': 30}, {'type': 28, 'value': 205}]}"
1757516532,MEDIUM,,1,9670000,,"{'id': 10249, 'context': 1, 'bonus_lists': [6654, 1709], 'modifiers': [{'type': 9, 'value': 30}, {'type': 28, 'value': 205}]}"
1757516594,MEDIUM,,1,40326400,,"{'id': 10181, 'context': 1, 'bonus_lists': [6654, 1681], 'modifiers': [{'type': 9, 'value': 30}, {'type': 28, 'value': 203}]}"
1757516619,MEDIUM,,1,3609200,,"{'id': 10105, 'context': 1, 'bonus_lists': [6654, 1708], 'modifiers': [{'type': 9, 'value': 30}, {'type': 28, 'value': 205}]}"
1757517547,MEDIUM,,1,15008900,,"{'id': 10121, 'context': 1, 'bonus_lists': [6654, 1678], 'modifiers': [{'type': 9, 'value': 30}, {'type': 28, 'value': 205}]}"
1757517558,MEDIUM,,1,25642300,,"{'id': 14681, 'context': 0, 'bonus_lists': [6654], 'modifiers': [{'type': 9, 'value': 30}, {'type': 28, 'value': 1006}]}"
1757517637,MEDIUM,,1,72606500,,"{'id': 14460, 'context': 0, 'bonus_lists': [6654], 'modifiers': [{'type': 9, 'value': 30}, {'type': 28, 'value': 1006}]}"
1757517672,MEDIUM,,1,35845900,,"{'id': 14781, 'context': 1, 'bonus_lists': [6654], 'modifiers': [{'type': 9, 'value': 30}, {'type': 28, 'value': 278}]}"
1757519129,MEDIUM,,1,19603000,,"{'id': 10170, 'context': 1, 'bonus_lists': [6654, 1691], 'modifiers': [{'type': 9, 'value': 30}, {'type': 28, 'value': 205}]}"
1757519136,MEDIUM,,1,76594700,,"{'id': 14261, 'context': 1, 'bonus_lists': [6654, 1708], 'modifiers': [{'type': 9, 'value': 30}, {'type': 28, 'value': 278}]}"
1757519138,MEDIUM,,1,28831500,,"{'id': 8271, 'context': 1, 'bonus_lists': [6654], 'modifiers': [{'type': 9, 'value': 30}, {'type': 28, 'value': 205}]}"
1757519163,MEDIUM,,1,4561500,,"{'id': 1639, 'context': 0, 'bonus_lists': [6655, 1707], 'modifiers': [{'type': 9, 'value': 30}, {'type': 28, 'value': 1006}]}"
1757516302,MEDIUM,,1,34304900,,"{'id': 10198, 'context': 1, 'bonus_lists': [6654, 1709], 'modifiers': [{'type': 9, 'value': 30}, {'type': 28, 'value': 201}]}"
1757496651,SHORT,,1,7172500,,"{'id': 10123, 'context': 1, 'bonus_lists': [6654, 1680], 'modifiers': [{'type': 9, 'value': 30}, {'type': 28, 'value': 205}]}"
1757496873,SHORT,,1,5749300,,"{'id': 15220, 'context': 1, 'bonus_lists': [6655, 1708], 'modifiers': [{'type': 9, 'value': 30}, {'type': 28, 'value': 205}]}"
1757496911,SHORT,,1,18225700,,"{'id': 10161, 'context': 1, 'bonus_lists': [6654, 1680], 'modifiers': [{'type': 9, 'value': 30}, {'type': 28, 'value': 205}]}"
1757498848,MEDIUM,,1,10507000,,"{'id': 9924, 'context': 1, 'bonus_lists': [6654, 1693], 'modifiers': [{'type': 9, 'value': 30}, {'type': 28, 'value': 201}]}"
1757498867,MEDIUM,,1,11990000,,"{'id': 6348, 'context': 1, 'modifiers': [{'type': 28, 'value': 200}]}"
1757499073,MEDIUM,,1,1220000,,"{'id': 10095, 'context': 1, 'bonus_lists': [6654, 1695], 'modifiers': [{'type': 9, 'value': 30}, {'type': 28, 'value': 205}]}"
1757517272,MEDIUM,,1,23931000,,"{'id': 15174, 'context': 1, 'bonus_lists': [6654, 1705], 'modifiers': [{'type': 9, 'value': 30}, {'type': 28, 'value': 278}]}"
1757517597,MEDIUM,,1,13406400,,"{'id': 10225, 'context': 1, 'bonus_lists': [6654, 1680], 'modifiers': [{'type': 9, 'value': 30}, {'type': 28, 'value': 205}]}"
1757499074,MEDIUM,,1,859900,,"{'id': 4089, 'context': 1, 'bonus_lists': [6655, 1695], 'modifiers': [{'type': 9, 'value': 30}, {'type': 28, 'value': 218}]}"
1757499450,MEDIUM,,1,26872200,,"{'id': 11207, 'context': 1, 'modifiers': [{'type': 28, 'value': 201}]}"
1757499481,MEDIUM,,1,290007400,,"{'id': 14852, 'context': 1, 'bonus_lists': [6655], 'modifiers': [{'type': 9, 'value': 30}, {'type': 28, 'value': 218}]}"
1757517624,MEDIUM,,1,16784200,,"{'id': 8301, 'context': 1, 'bonus_lists': [6654], 'modifiers': [{'type': 9, 'value': 30}, {'type': 28, 'value': 205}]}"
1757517665,MEDIUM,,1,7131100,,"{'id': 10159, 'context': 1, 'bonus_lists': [6654, 1693], 'modifiers': [{'type': 9, 'value': 30}, {'type': 28, 'value': 205}]}"
1757517697,MEDIUM,,1,5082400,,"{'id': 10376, 'context': 1, 'bonus_lists': [6654, 1678], 'modifiers': [{'type': 9, 'value': 30}, {'type': 28, 'value': 205}]}"
1757629126,LONG,,1,51365100,,"{'id': 14666, 'context': 0, 'bonus_lists': [6654], 'modifiers': [{'type': 9, 'value': 30}, {'type': 28, 'value': 1006}]}"
1757629148,LONG,,1,71608000,,"{'id': 21800, 'context': 0, 'modifiers': [{'type': 28, 'value': 1006}]}"
1757629162,LONG,,1,246456900,,"{'id': 15981, 'context': 0, 'bonus_lists': [6655, 1691], 'modifiers': [{'type': 9, 'value': 30}, {'type': 28, 'value': 1006}]}"
1757629179,LONG,,1,29693000,,"{'id': 21804, 'context': 0, 'modifiers': [{'type': 28, 'value': 1006}]}"
1757629182,LONG,,1,88833600,,"{'id': 14917, 'context': 0, 'bonus_lists': [6654, 1707], 'modifiers': [{'type': 9, 'value': 30}, {'type': 28, 'value': 1006}]}"
1757629185,LONG,,1,6461900,,"{'id': 15288, 'context': 0, 'bonus_lists': [6655, 1679], 'modifiers': [{'type': 9, 'value': 30}, {'type': 28, 'value': 1006}]}"
1757496848,SHORT,,1,66711100,,"{'id': 14743, 'context': 1, 'bonus_lists': [6654], 'modifiers': [{'type': 9, 'value': 30}, {'type': 28, 'value': 200}]}"
1757496851,SHORT,,1,27493000,,"{'id': 8263, 'context': 1, 'bonus_lists': [6654], 'modifiers': [{'type': 9, 'value': 30}, {'type': 28, 'value': 201}]}"
1757496883,SHORT,,1,20980600,,"{'id': 10144, 'context': 1, 'bonus_lists': [6654, 1692], 'modifiers': [{'type': 9, 'value': 30}, {'type': 28, 'value': 205}]}"
1757496933,SHORT,,1,49961500,,"{'id': 8312, 'context': 1, 'bonus_lists': [6654], 'modifiers': [{'type': 9, 'value': 30}, {'type': 28, 'value': 205}]}"
1757496938,SHORT,,1,4384300,,"{'id': 10216, 'context': 1, 'bonus_lists': [6654, 1693], 'modifiers': [{'type': 9, 'value': 30}, {'type': 28, 'value': 205}]}"
1757497048,SHORT,,1,17140200,,"{'id': 10160, 'context': 1, 'bonus_lists': [6654, 1695], 'modifiers': [{'type': 9, 'value': 30}, {'type': 28, 'value': 205}]}"
1757497056,SHORT,,1,7959400,,"{'id': 10219, 'context': 1, 'bonus_lists': [6654, 1694], 'modifiers': [{'type': 9, 'value': 30}, {'type': 28, 'value': 205}]}"
1757497060,SHORT,,1,30418200,,"{'id': 10275, 'context': 1, 'bonus_lists': [6654, 1691], 'modifiers': [{'type': 9, 'value': 30}, {'type': 28, 'value': 205}]}"
1757498988,MEDIUM,,1,10436300,,"{'id': 15274, 'context': 1, 'bonus_lists': [6655, 1679], 'modifiers': [{'type': 9, 'value': 30}, {'type': 28, 'value': 201}]}"
1757499013,MEDIUM,,1,83817000,,"{'id': 14921, 'context': 1, 'bonus_lists': [6654, 1706], 'modifiers': [{'type': 9, 'value': 30}, {'type': 28, 'value': 218}]}"
1757516299,MEDIUM,,1,24900700,,"{'id': 8119, 'context': 1, 'bonus_lists': [6654], 'modifiers': [{'type': 9, 'value': 30}, {'type': 28, 'value': 201}]}"
1757516481,MEDIUM,,1,53036500,,"{'id': 15383, 'context': 1, 'bonus_lists': [6654, 1705], 'modifiers': [{'type': 9, 'value': 30}, {'type': 28, 'value': 278}]}"
1757517195,MEDIUM,,1,9963000,,"{'id': 10369, 'context': 1, 'bonus_lists': [6654], 'modifiers': [{'type': 9, 'value': 30}, {'type': 28, 'value': 205}]}"
1757517248,MEDIUM,,1,16669500,,"{'id': 14907, 'context': 1, 'bonus_lists': [6654, 1693], 'modifiers': [{'type': 9, 'value': 30}, {'type': 28, 'value': 278}]}"
1757517269,MEDIUM,,1,11352200,,"{'id': 10213, 'context': 1, 'bonus_lists': [6654, 1691], 'modifiers': [{'type': 9, 'value': 30}, {'type': 28, 'value': 203}]}"
1757517511,MEDIUM,,1,11131800,,"{'id': 10162, 'context': 1, 'bonus_lists': [6654, 1707], 'modifiers': [{'type': 9, 'value': 30}, {'type': 28, 'value': 205}]}"
1757517718,MEDIUM,,1,68710700,,"{'id': 14817, 'context': 0, 'bonus_lists': [6654], 'modifiers': [{'type': 9, 'value': 30}, {'type': 28, 'value': 1006}]}"
1757519114,MEDIUM,,1,42914600,,"{'id': 14788, 'context': 1, 'bonus_lists': [6654], 'modifiers': [{'type': 9, 'value': 30}, {'type': 28, 'value': 278}]}"
1757519133,MEDIUM,,1,9965500,,"{'id': 10104, 'context': 1, 'bonus_lists': [6654, 1705], 'modifiers': [{'type': 9, 'value': 30}, {'type': 28, 'value': 205}]}"
1757516561,MEDIUM,,1,16618600,,"{'id': 8287, 'context': 1, 'bonus_lists': [6654], 'modifiers': [{'type': 9, 'value': 30}, {'type': 28, 'value': 205}]}"
1757516627,MEDIUM,,1,142769500,,"{'id': 14249, 'context': 1, 'bonus_lists': [6654, 1691], 'modifiers': [{'type': 9, 'value': 30}, {'type': 28, 'value': 278}]}"
1757516634,MEDIUM,,1,94927200,,"{'id': 14277, 'context': 1, 'bonus_lists': [6654, 1709], 'modifiers': [{'type': 9, 'value': 30}, {'type': 28, 'value': 278}]}"
1757517252,MEDIUM,,1,99976300,,"{'id': 14899, 'context': 1, 'bonus_lists': [6654, 1708], 'modifiers': [{'type': 9, 'value': 30}, {'type': 28, 'value': 278}]}"
1757496641,SHORT,,1,13901000,,"{'id': 8292, 'context': 1, 'bonus_lists': [6654], 'modifiers': [{'type': 9, 'value': 30}, {'type': 28, 'value': 205}]}"
1757496770,SHORT,,1,17140200,,"{'id': 10160, 'context': 1, 'bonus_lists': [6654, 1707], 'modifiers': [{'type': 9, 'value': 30}, {'type': 28, 'value': 205}]}"
1757517630,MEDIUM,,1,16009200,,"{'id': 10189, 'context': 1, 'bonus_lists': [6654, 1709], 'modifiers': [{'type': 9, 'value': 30}, {'type': 28, 'value': 205}]}"
1757517687,MEDIUM,,1,8502000,,"{'id': 10267, 'context': 1, 'bonus_lists': [6654, 1679], 'modifiers': [{'type': 9, 'value': 30}, {'type': 28, 'value': 205}]}"
1757496889,SHORT,,1,59372000,,"{'id': 8127, 'context': 1, 'bonus_lists': [6654], 'modifiers': [{'type': 9, 'value': 30}, {'type': 28, 'value': 201}]}"
1757517726,MEDIUM,,1,8342600,,"{'id': 10385, 'context': 1, 'bonus_lists': [6654, 1677], 'modifiers': [{'type': 9, 'value': 30}, {'type': 28, 'value': 205}]}"
1757496941,SHORT,,1,61765300,,"{'id': 7517, 'context': 1, 'bonus_lists': [6654, 1691], 'modifiers': [{'type': 9, 'value': 30}, {'type': 28, 'value': 201}]}"
1757496942,SHORT,,1,4561500,,"{'id': 1639, 'context': 1, 'bonus_lists': [6655, 1706], 'modifiers': [{'type': 9, 'value': 30}, {'type': 28, 'value': 201}]}"
1757496968,SHORT,,1,37509800,,"{'id': 10270, 'context': 1, 'bonus_lists': [6654, 1695], 'modifiers': [{'type': 9, 'value': 30}, {'type': 28, 'value': 205}]}"
1757497055,SHORT,,1,60236200,,"{'id': 8269, 'context': 1, 'bonus_lists': [6654], 'modifiers': [{'type': 9, 'value': 30}, {'type': 28, 'value': 201}]}"
1757499017,MEDIUM,,1,4462700,,"{'id': 10267, 'context': 1, 'bonus_lists': [6654, 1709], 'modifiers': [{'type': 9, 'value': 30}, {'type': 28, 'value': 205}]}"
1757516318,MEDIUM,,1,11995800,,"{'id': 10096, 'context': 1, 'bonus_lists': [6654, 1681], 'modifiers': [{'type': 9, 'value': 30}, {'type': 28, 'value': 201}]}"
1757516524,MEDIUM,,1,4960000,,"{'id': 120166, 'context': 1, 'bonus_lists': [6710], 'modifiers': [{'type': 9, 'value': 30}, {'type': 28, 'value': 200}]}"
1757516526,MEDIUM,,1,21638400,,"{'id': 10236, 'context': 1, 'bonus_lists': [6654, 1707], 'modifiers': [{'type': 9, 'value': 30}, {'type': 28, 'value': 205}]}"
1757516538,MEDIUM,,1,57784600,,"{'id': 15582, 'context': 1, 'bonus_lists': [6654, 1680], 'modifiers': [{'type': 9, 'value': 30}, {'type': 28, 'value': 278}]}"
1757629154,LONG,,1,43656500,,"{'id': 14687, 'context': 0, 'bonus_lists': [6654], 'modifiers': [{'type': 9, 'value': 30}, {'type': 28, 'value': 1006}]}"
1757629158,LONG,,1,132434100,,"{'id': 15686, 'context': 0, 'bonus_lists': [6654, 1706], 'modifiers': [{'type': 9, 'value': 30}, {'type': 28, 'value': 1006}]}"
1757496673,SHORT,,1,14895900,,"{'id': 10224, 'context': 1, 'bonus_lists': [6654, 1691], 'modifiers': [{'type': 9, 'value': 30}, {'type': 28, 'value': 205}]}"
1757496878,SHORT,,1,19962300,,"{'id': 10371, 'context': 1, 'bonus_lists': [6654], 'modifiers': [{'type': 9, 'value': 30}, {'type': 28, 'value': 205}]}"
1757496967,SHORT,,1,62755700,,"{'id': 10375, 'context': 1, 'bonus_lists': [6654], 'modifiers': [{'type': 9, 'value': 30}, {'type': 28, 'value': 205}]}"
1757496972,SHORT,,1,15751000,,"{'id': 9955, 'context': 1, 'bonus_lists': [6654, 1677], 'modifiers': [{'type': 9, 'value': 30}, {'type': 28, 'value': 201}]}"
1757496996,SHORT,,1,21618800,,"{'id': 10175, 'context': 1, 'bonus_lists': [6654, 1692], 'modifiers': [{'type': 9, 'value': 30}, {'type': 28, 'value': 205}]}"
1757498857,MEDIUM,,1,165848800,,"{'id': 15513, 'context': 1, 'bonus_lists': [6654, 1691], 'modifiers': [{'type': 9, 'value': 30}, {'type': 28, 'value': 200}]}"
1757498958,MEDIUM,,1,11553400,,"{'id': 9965, 'context': 1, 'bonus_lists': [6654, 1679], 'modifiers': [{'type': 9, 'value': 30}, {'type': 28, 'value': 201}]}"
1757516294,MEDIUM,,1,7041900,,"{'id': 10211, 'context': 1, 'bonus_lists': [6654, 1692], 'modifiers': [{'type': 9, 'value': 30}, {'type': 28, 'value': 205}]}"
1757516476,MEDIUM,,1,12684400,,"{'id': 10232, 'context': 1, 'bonus_lists': [6654, 1709], 'modifiers': [{'type': 9, 'value': 30}, {'type': 28, 'value': 205}]}"
1757516534,MEDIUM,,1,6084100,,"{'id': 8307, 'context': 1, 'bonus_lists': [6654], 'modifiers': [{'type': 9, 'value': 30}, {'type': 28, 'value': 203}]}"
1757516623,MEDIUM,,1,19161900,,"{'id': 10276, 'context': 1, 'bonus_lists': [6654, 1677], 'modifiers': [{'type': 9, 'value': 30}, {'type': 28, 'value': 205}]}"
1757517175,MEDIUM,,1,73528800,,"{'id': 10178, 'context': 1, 'bonus_lists': [6654, 1695], 'modifiers': [{'type': 9, 'value': 30}, {'type': 28, 'value': 205}]}"
1757517620,MEDIUM,,1,16784200,,"{'id': 8301, 'context': 1, 'bonus_lists': [6654], 'modifiers': [{'type': 9, 'value': 30}, {'type': 28, 'value': 205}]}"
1757517690,MEDIUM,,1,16233300,,"{'id': 14462, 'context': 0, 'bonus_lists': [6654], 'modifiers': [{'type': 9, 'value': 30}, {'type': 28, 'value': 1006}]}"
1757517693,MEDIUM,,1,37778600,,"{'id': 14657, 'context': 1, 'bonus_lists': [6654], 'modifiers': [{'type': 9, 'value': 30}, {'type': 28, 'value': 278}]}"
1757519124,MEDIUM,,1,116262800,,"{'id': 2802, 'context': 1, 'bonus_lists': [6658], 'modifiers': [{'type': 9, 'value': 30}, {'type': 28, 'value': 278}]}"
1757519125,MEDIUM,,1,12362900,,"{'id': 15246, 'context': 0, 'bonus_lists': [6655, 1680], 'modifiers': [{'type': 9, 'value': 30}, {'type': 28, 'value': 1006}]}"
1757519126,MEDIUM,,1,20129700,,"{'id': 14779, 'context': 0, 'bonus_lists': [6654], 'modifiers': [{'type': 9, 'value': 30}, {'type': 28, 'value': 1006}]}"
1757519146,MEDIUM,,1,137480300,,"{'id': 14216, 'context': 1, 'bonus_lists': [6654, 1694], 'modifiers': [{'type': 9, 'value': 30}, {'type': 28, 'value': 278}]}"
1757516364,MEDIUM,,1,192348200,,"{'id': 15377, 'context': 1, 'bonus_lists': [6654, 1693], 'modifiers': [{'type': 9, 'value': 30}, {'type': 28, 'value': 278}]}"
1757517210,MEDIUM,,1,19603000,,"{'id': 10170, 'context': 1, 'bonus_lists': [6654, 1705], 'modifiers': [{'type': 9, 'value': 30}, {'type': 28, 'value': 205}]}"
1757517233,MEDIUM,,1,143888400,,"{'id': 15626, 'context': 1, 'bonus_lists': [6654, 1709], 'modifiers': [{'type': 9, 'value': 30}, {'type': 28, 'value': 278}]}"
1757517251,MEDIUM,,1,38268000,,"{'id': 15156, 'context': 1, 'bonus_lists': [6654, 1677], 'modifiers': [{'type': 9, 'value': 30}, {'type': 28, 'value': 278}]}"
1757517708,MEDIUM,,1,22495000,,"{'id': 10234, 'context': 1, 'bonus_lists': [6654, 1709], 'modifiers': [{'type': 9, 'value': 30}, {'type': 28, 'value': 205}]}"
1757519112,MEDIUM,,1,31808000,,"{'id': 10217, 'context': 1, 'bonus_lists': [6654, 1708], 'modifiers': [{'type': 9, 'value': 30}, {'type': 28, 'value': 205}]}"
1757517540,MEDIUM,,1,27805200,,"{'id': 14982, 'context': 0, 'bonus_lists': [6655, 1681], 'modifiers': [{'type': 9, 'value': 30}, {'type': 28, 'value': 1006}]}"
1757517579,MEDIUM,,1,4960000,,"{'id': 10112, 'context': 1, 'bonus_lists': [6654, 1707], 'modifiers': [{'type': 9, 'value': 30}, {'type': 28, 'value': 205}]}"
1757517588,MEDIUM,,1,5976200,,"{'id': 15227, 'context': 0, 'bonus_lists': [6655, 1705], 'modifiers': [{'type': 9, 'value': 30}, {'type': 28, 'value': 1006}]}"
1757517638,MEDIUM,,1,9475700,,"{'id': 10100, 'context': 1, 'bonus_lists': [6654, 1691], 'modifiers': [{'type': 9, 'value': 30}, {'type': 28, 'value': 205}]}"
1757629166,LONG,,1,79519000,,"{'id': 15442, 'context': 0, 'bonus_lists': [6654, 1678], 'modifiers': [{'type': 9, 'value': 30}, {'type': 28, 'value': 1006}]}"
1757496881,SHORT,,1,17193500,,"{'id': 10144, 'context': 1, 'bonus_lists': [6654, 1706], 'modifiers': [{'type': 9, 'value': 30}, {'type': 28, 'value': 205}]}"
1757496665,SHORT,,1,9942100,,"{'id': 10224, 'context': 1, 'bonus_lists': [6654, 1677], 'modifiers': [{'type': 9, 'value': 30}, {'type': 28, 'value': 205}]}"
1757497006,SHORT,,1,4519800,,"{'id': 15271, 'context': 1, 'bonus_lists': [6655, 1707], 'modifiers': [{'type': 9, 'value': 30}, {'type': 28, 'value': 205}]}"
1757497064,SHORT,,1,12822500,,"{'id': 10281, 'context': 1, 'bonus_lists': [6654, 1679], 'modifiers': [{'type': 9, 'value': 30}, {'type': 28, 'value': 203}]}"
1757499057,MEDIUM,,1,49538600,,"{'id': 15183, 'context': 1, 'bonus_lists': [6654, 1706], 'modifiers': [{'type': 9, 'value': 30}, {'type': 28, 'value': 218}]}"
1757499461,MEDIUM,,1,52550100,,"{'id': 8130, 'context': 1, 'bonus_lists': [6654], 'modifiers': [{'type': 9, 'value': 30}, {'type': 28, 'value': 201}]}"
1757499492,MEDIUM,,1,111125700,,"{'id': 14980, 'context': 1, 'bonus_lists': [6654, 1681], 'modifiers': [{'type': 9, 'value': 30}, {'type': 28, 'value': 218}]}"
1757516509,MEDIUM,,1,24950000,,"{'id': 15251, 'context': 1, 'bonus_lists': [6655, 1692], 'modifiers': [{'type': 9, 'value': 30}, {'type': 28, 'value': 278}]}"
1757516616,MEDIUM,,1,36778400,,"{'id': 14424, 'context': 1, 'bonus_lists': [6654], 'modifiers': [{'type': 9, 'value': 30}, {'type': 28, 'value': 278}]}"
1757516661,MEDIUM,,1,42199100,,"{'id': 8294, 'context': 1, 'bonus_lists': [6654], 'modifiers': [{'type': 9, 'value': 30}, {'type': 28, 'value': 205}]}"
1757517185,MEDIUM,,1,5359700,,"{'id': 15239, 'context': 1, 'bonus_lists': [6655, 1691], 'modifiers': [{'type': 9, 'value': 30}, {'type': 28, 'value': 205}]}"
1757517250,MEDIUM,,1,24959500,,"{'id': 8258, 'context': 1, 'bonus_lists': [6654], 'modifiers': [{'type': 9, 'value': 30}, {'type': 28, 'value': 203}]}"
1757517544,MEDIUM,,1,19182900,,"{'id': 10121, 'context': 1, 'bonus_lists': [6654, 1694], 'modifiers': [{'type': 9, 'value': 30}, {'type': 28, 'value': 205}]}"
1757517556,MEDIUM,,1,25642300,,"{'id': 14681, 'context': 0, 'bonus_lists': [6654], 'modifiers': [{'type': 9, 'value': 30}, {'type': 28, 'value': 1006}]}"
1757517577,MEDIUM,,1,4960000,,"{'id': 10112, 'context': 1, 'bonus_lists': [6654, 1695], 'modifiers': [{'type': 9, 'value': 30}, {'type': 28, 'value': 205}]}"
1757519151,MEDIUM,,1,59057700,,"{'id': 15685, 'context': 0, 'bonus_lists': [6654, 1708], 'modifiers': [{'type': 9, 'value': 30}, {'type': 28, 'value': 1006}]}"
1757496892,SHORT,,1,9958200,,"{'id': 10230, 'context': 1, 'bonus_lists': [6654, 1680], 'modifiers': [{'type': 9, 'value': 30}, {'type': 28, 'value': 205}]}"
1757498990,MEDIUM,,1,6155000,,"{'id': 15274, 'context': 1, 'bonus_lists': [6655, 1694], 'modifiers': [{'type': 9, 'value': 30}, {'type': 28, 'value': 201}]}"
1757499064,MEDIUM,,1,42914600,,"{'id': 14788, 'context': 1, 'bonus_lists': [6654], 'modifiers': [{'type': 9, 'value': 30}, {'type': 28, 'value': 218}]}"
1757499065,MEDIUM,,1,32665500,,"{'id': 8297, 'context': 1, 'bonus_lists': [6654], 'modifiers': [{'type': 9, 'value': 30}, {'type': 28, 'value': 201}]}"
1757499069,MEDIUM,,1,88838700,,"{'id': 14312, 'context': 1, 'bonus_lists': [6654, 1677], 'modifiers': [{'type': 9, 'value': 30}, {'type': 28, 'value': 218}]}"
1757499506,MEDIUM,,1,7168800,,"{'id': 15267, 'context': 1, 'bonus_lists': [6655, 1680], 'modifiers': [{'type': 9, 'value': 30}, {'type': 28, 'value': 205}]}"
1757499525,MEDIUM,,1,73439800,,"{'id': 14279, 'context': 0, 'bonus_lists': [6654, 1709], 'modifiers': [{'type': 9, 'value': 30}, {'type': 28, 'value': 1006}]}"
1757499528,MEDIUM,,1,48265600,,"{'id': 9511, 'context': 1, 'bonus_lists': [6710], 'modifiers': [{'type': 9, 'value': 30}, {'type': 28, 'value': 218}]}"
1757516328,MEDIUM,,1,16859900,,"{'id': 15264, 'context': 1, 'bonus_lists': [6655, 1694], 'modifiers': [{'type': 9, 'value': 30}, {'type': 28, 'value': 205}]}"
1757516407,MEDIUM,,1,12090000,,"{'id': 7455, 'context': 0, 'bonus_lists': [6654, 1681], 'modifiers': [{'type': 9, 'value': 30}, {'type': 28, 'value': 22}]}"
1757516410,MEDIUM,,1,10100800,,"{'id': 10182, 'context': 1, 'bonus_lists': [6654, 1695], 'modifiers': [{'type': 9, 'value': 30}, {'type': 28, 'value': 205}]}"
1757516452,MEDIUM,,1,10186900,,"{'id': 10214, 'context': 1, 'bonus_lists': [6654, 1709], 'modifiers': [{'type': 9, 'value': 30}, {'type': 28, 'value': 203}]}"
1757516454,MEDIUM,,1,10186900,,"{'id': 10214, 'context': 1, 'bonus_lists': [6654, 1707], 'modifiers': [{'type': 9, 'value': 30}, {'type': 28, 'value': 205}]}"
1757516458,MEDIUM,,1,7909400,,"{'id': 10214, 'context': 1, 'bonus_lists': [6654, 1691], 'modifiers': [{'type': 9, 'value': 30}, {'type': 28, 'value': 205}]}"
1757499040,MEDIUM,,1,13177100,,"{'id': 15255, 'context': 1, 'bonus_lists': [6655, 1677], 'modifiers': [{'type': 9, 'value': 30}, {'type': 28, 'value': 203}]}"
1757496737,SHORT,,1,19342000,,"{'id': 8284, 'context': 1, 'bonus_lists': [6654], 'modifiers': [{'type': 9, 'value': 30}, {'type': 28, 'value': 205}]}"
1757496739,SHORT,,1,34863700,,"{'id': 6429, 'context': 1, 'bonus_lists': [6654], 'modifiers': [{'type': 9, 'value': 30}, {'type': 28, 'value': 218}]}"
1757496740,SHORT,,1,14406800,,"{'id': 10381, 'context': 1, 'bonus_lists': [6654, 1695], 'modifiers': [{'type': 9, 'value': 30}, {'type': 28, 'value': 205}]}"
1757499478,MEDIUM,,1,9716900,,"{'id': 15218, 'context': 1, 'bonus_lists': [6655, 1705], 'modifiers': [{'type': 9, 'value': 30}, {'type': 28, 'value': 201}]}"
1757516306,MEDIUM,,1,22805500,,"{'id': 8296, 'context': 1, 'bonus_lists': [6654], 'modifiers': [{'type': 9, 'value': 30}, {'type': 28, 'value': 205}]}"
1757516395,MEDIUM,,1,7515400,,"{'id': 10221, 'context': 1, 'bonus_lists': [6654, 1706], 'modifiers': [{'type': 9, 'value': 30}, {'type': 28, 'value': 203}]}"
1757516555,MEDIUM,,1,8716200,,"{'id': 15282, 'context': 1, 'bonus_lists': [6655, 1692], 'modifiers': [{'type': 9, 'value': 30}, {'type': 28, 'value': 205}]}"
1757496798,SHORT,,1,163531500,,"{'id': 2567, 'context': 1, 'bonus_lists': [6710], 'modifiers': [{'type': 9, 'value': 30}, {'type': 28, 'value': 200}]}"
1757516602,MEDIUM,,1,57466500,,"{'id': 14940, 'context': 1, 'bonus_lists': [6654, 1694], 'modifiers': [{'type': 9, 'value': 30}, {'type': 28, 'value': 278}]}"
1757517245,MEDIUM,,1,14234200,,"{'id': 15272, 'context': 1, 'bonus_lists': [6655, 1679], 'modifiers': [{'type': 9, 'value': 30}, {'type': 28, 'value': 205}]}"
1757517256,MEDIUM,,1,18762900,,"{'id': 10240, 'context': 1, 'bonus_lists': [6654, 1678], 'modifiers': [{'type': 9, 'value': 30}, {'type': 28, 'value': 205}]}"
1757517501,MEDIUM,,1,24960000,,"{'id': 10372, 'context': 1, 'bonus_lists': [6654], 'modifiers': [{'type': 9, 'value': 30}, {'type': 28, 'value': 205}]}"
1757517553,MEDIUM,,1,19182900,,"{'id': 10121, 'context': 1, 'bonus_lists': [6654, 1705], 'modifiers': [{'type': 9, 'value': 30}, {'type': 28, 'value': 205}]}"
1757517601,MEDIUM,,1,8283000,,"{'id': 10282, 'context': 1, 'bonus_lists': [6654, 1707], 'modifiers': [{'type': 9, 'value': 30}, {'type': 28, 'value': 205}]}"
1757517605,MEDIUM,,1,79495200,,"{'id': 15442, 'context': 0, 'bonus_lists': [6654, 1692], 'modifiers': [{'type': 9, 'value': 30}, {'type': 28, 'value': 1006}]}"
1757517668,MEDIUM,,1,9909700,,"{'id': 10159, 'context': 1, 'bonus_lists': [6654, 1708], 'modifiers': [{'type': 9, 'value': 30}, {'type': 28, 'value': 205}]}"
1757517675,MEDIUM,,1,35845900,,"{'id': 14781, 'context': 1, 'bonus_lists': [6654], 'modifiers': [{'type': 9, 'value': 30}, {'type': 28, 'value': 278}]}"
1757517705,MEDIUM,,1,38000800,,"{'id': 14428, 'context': 1, 'bonus_lists': [6654], 'modifiers': [{'type': 9, 'value': 30}, {'type': 28, 'value': 278}]}"
1757517712,MEDIUM,,1,81370200,,"{'id': 14975, 'context': 0, 'bonus_lists': [6654, 1708], 'modifiers': [{'type': 9, 'value': 30}, {'type': 28, 'value': 1006}]}"
1757517730,MEDIUM,,1,25070300,,"{'id': 14811, 'context': 0, 'bonus_lists': [6654], 'modifiers': [{'type': 9, 'value': 30}, {'type': 28, 'value': 1006}]}"
1757496914,SHORT,,1,17881600,,"{'id': 15325, 'context': 1, 'bonus_lists': [6655, 1679], 'modifiers': [{'type': 9, 'value': 30}, {'type': 28, 'value': 205}]}"
1757519152,MEDIUM,,1,5766000,,"{'id': 15220, 'context': 0, 'bonus_lists': [6655, 1681], 'modifiers': [{'type': 9, 'value': 30}, {'type': 28, 'value': 1006}]}"
1757496858,SHORT,,1,15116100,,"{'id': 15238, 'context': 1, 'bonus_lists': [6655, 1707], 'modifiers': [{'type': 9, 'value': 30}, {'type': 28, 'value': 205}]}"
1757496934,SHORT,,1,3716700,,"{'id': 10095, 'context': 1, 'bonus_lists': [6654, 1678], 'modifiers': [{'type': 9, 'value': 30}, {'type': 28, 'value': 205}]}"
1757496937,SHORT,,1,104985500,,"{'id': 14747, 'context': 1, 'bonus_lists': [6654], 'modifiers': [{'type': 9, 'value': 30}, {'type': 28, 'value': 200}]}"
1757498847,MEDIUM,,1,10507000,,"{'id': 9924, 'context': 1, 'bonus_lists': [6654, 1705], 'modifiers': [{'type': 9, 'value': 30}, {'type': 28, 'value': 201}]}"
1757498863,MEDIUM,,1,49258100,,"{'id': 15930, 'context': 1, 'bonus_lists': [6655], 'modifiers': [{'type': 9, 'value': 30}, {'type': 28, 'value': 205}]}"
1757498945,MEDIUM,,1,32687900,,"{'id': 14259, 'context': 1, 'bonus_lists': [6654, 1706], 'modifiers': [{'type': 9, 'value': 30}, {'type': 28, 'value': 218}]}"
1757499024,MEDIUM,,1,32853000,,"{'id': 10220, 'context': 1, 'bonus_lists': [6654, 1691], 'modifiers': [{'type': 9, 'value': 30}, {'type': 28, 'value': 205}]}"
1757499027,MEDIUM,,1,30862500,,"{'id': 10220, 'context': 1, 'bonus_lists': [6654, 1708], 'modifiers': [{'type': 9, 'value': 30}, {'type': 28, 'value': 205}]}"
1757516297,MEDIUM,,1,7041900,,"{'id': 10211, 'context': 1, 'bonus_lists': [6654, 1680], 'modifiers': [{'type': 9, 'value': 30}, {'type': 28, 'value': 205}]}"
1757516374,MEDIUM,,1,24980000,,"{'id': 14791, 'context': 1, 'bonus_lists': [6654], 'modifiers': [{'type': 9, 'value': 30}, {'type': 28, 'value': 278}]}"
1757516390,MEDIUM,,1,84333900,,"{'id': 14847, 'context': 1, 'bonus_lists': [6654], 'modifiers': [{'type': 9, 'value': 30}, {'type': 28, 'value': 218}]}"
1757516443,MEDIUM,,1,4041100,,"{'id': 15257, 'context': 1, 'bonus_lists': [6655, 1708], 'modifiers': [{'type': 9, 'value': 30}, {'type': 28, 'value': 205}]}"
1757516447,MEDIUM,,1,27461700,,"{'id': 8313, 'context': 1, 'bonus_lists': [6655], 'modifiers': [{'type': 9, 'value': 30}, {'type': 28, 'value': 205}]}"
1757516504,MEDIUM,,1,9956700,,"{'id': 10373, 'context': 1, 'bonus_lists': [6654], 'modifiers': [{'type': 9, 'value': 30}, {'type': 28, 'value': 205}]}"
1757516540,MEDIUM,,1,14980000,,"{'id': 10070, 'context': 1, 'bonus_lists': [6654, 1695], 'modifiers': [{'type': 9, 'value': 30}, {'type': 28, 'value': 205}]}"
1757516620,MEDIUM,,1,43446300,,"{'id': 15183, 'context': 1, 'bonus_lists': [6654, 1679], 'modifiers': [{'type': 9, 'value': 30}, {'type': 28, 'value': 218}]}"
1757516635,MEDIUM,,1,36321800,,"{'id': 8304, 'context': 1, 'bonus_lists': [6654], 'modifiers': [{'type': 9, 'value': 30}, {'type': 28, 'value': 205}]}"
1757516653,MEDIUM,,1,31488200,,"{'id': 10279, 'context': 1, 'bonus_lists': [6654, 1693], 'modifiers': [{'type': 9, 'value': 30}, {'type': 28, 'value': 205}]}"
1757517215,MEDIUM,,1,26680800,,"{'id': 14936, 'context': 0, 'bonus_lists': [6654, 1709], 'modifiers': [{'type': 9, 'value': 30}, {'type': 28, 'value': 1006}]}"
1757517277,MEDIUM,,1,17021300,,"{'id': 10113, 'context': 1, 'bonus_lists': [6654, 1695], 'modifiers': [{'type': 9, 'value': 30}, {'type': 28, 'value': 205}]}"
1757517632,MEDIUM,,1,7682400,,"{'id': 15288, 'context': 0, 'bonus_lists': [6655, 1707], 'modifiers': [{'type': 9, 'value': 30}, {'type': 28, 'value': 1006}]}"
1757519139,MEDIUM,,1,71618000,,"{'id': 21800, 'context': 0, 'modifiers': [{'type': 28, 'value': 1006}]}"
1757496762,SHORT,,1,4519800,,"{'id': 15271, 'context': 1, 'bonus_lists': [6655, 1691], 'modifiers': [{'type': 9, 'value': 30}, {'type': 28, 'value': 205}]}"
1757496859,SHORT,,1,7238000,,"{'id': 10391, 'context': 1, 'bonus_lists': [6654, 1708], 'modifiers': [{'type': 9, 'value': 30}, {'type': 28, 'value': 203}]}"
1757496971,SHORT,,1,24958500,,"{'id': 8320, 'context': 1, 'bonus_lists': [6655], 'modifiers': [{'type': 9, 'value': 30}, {'type': 28, 'value': 205}]}"
1757496979,SHORT,,1,33129700,,"{'id': 8316, 'context': 1, 'bonus_lists': [6654], 'modifiers': [{'type': 9, 'value': 30}, {'type': 28, 'value': 201}]}"
1757496998,SHORT,,1,7439200,,"{'id': 10169, 'context': 1, 'bonus_lists': [6654, 1708], 'modifiers': [{'type': 9, 'value': 30}, {'type': 28, 'value': 205}]}"
1757497043,SHORT,,1,24959500,,"{'id': 8258, 'context': 1, 'bonus_lists': [6654], 'modifiers': [{'type': 9, 'value': 30}, {'type': 28, 'value': 203}]}"
1757497059,SHORT,,1,10926900,,"{'id': 10219, 'context': 1, 'bonus_lists': [6654, 1709], 'modifiers': [{'type': 9, 'value': 30}, {'type': 28, 'value': 205}]}"
1757498886,MEDIUM,,1,4960000,,"{'id': 8389, 'context': 1, 'modifiers': [{'type': 28, 'value': 218}]}"
1757498962,MEDIUM,,1,4960000,,"{'id': 120166, 'context': 1, 'bonus_lists': [6710], 'modifiers': [{'type': 9, 'value': 30}, {'type': 28, 'value': 200}]}"
1757498984,MEDIUM,,1,6410900,,"{'id': 15270, 'context': 1, 'bonus_lists': [6655, 1677], 'modifiers': [{'type': 9, 'value': 30}, {'type': 28, 'value': 218}]}"
1757499032,MEDIUM,,1,52860600,,"{'id': 14263, 'context': 1, 'bonus_lists': [6654, 1692], 'modifiers': [{'type': 9, 'value': 30}, {'type': 28, 'value': 218}]}"
1757516286,MEDIUM,,1,66569500,,"{'id': 14572, 'context': 1, 'bonus_lists': [6654], 'modifiers': [{'type': 9, 'value': 30}, {'type': 28, 'value': 200}]}"
1757516385,MEDIUM,,1,84333900,,"{'id': 14847, 'context': 1, 'bonus_lists': [6654], 'modifiers': [{'type': 9, 'value': 30}, {'type': 28, 'value': 218}]}"
1757516450,MEDIUM,,1,27461700,,"{'id': 8313, 'context': 1, 'bonus_lists': [6655], 'modifiers': [{'type': 9, 'value': 30}, {'type': 28, 'value': 205}]}"
1757517167,MEDIUM,,1,10469200,,"{'id': 10278, 'context': 1, 'bonus_lists': [6654, 1680], 'modifiers': [{'type': 9, 'value': 30}, {'type': 28, 'value': 205}]}"
1757517179,MEDIUM,,1,9477400,,"{'id': 10147, 'context': 1, 'bonus_lists': [6654, 1679], 'modifiers': [{'type': 9, 'value': 30}, {'type': 28, 'value': 205}]}"
1757517188,MEDIUM,,1,9963000,,"{'id': 10369, 'context': 1, 'bonus_lists': [6654], 'modifiers': [{'type': 9, 'value': 30}, {'type': 28, 'value': 205}]}"
1757517700,MEDIUM,,1,32479700,,"{'id': 8290, 'context': 1, 'bonus_lists': [6654], 'modifiers': [{'type': 9, 'value': 30}, {'type': 28, 'value': 205}]}"
1757519153,MEDIUM,,1,4564500,,"{'id': 15220, 'context': 0, 'bonus_lists': [6655, 1694], 'modifiers': [{'type': 9, 'value': 30}, {'type': 28, 'value': 1006}]}"
1757629164,LONG,,1,7972800,,"{'id': 14443, 'context': 0, 'bonus_lists': [6654], 'modifiers': [{'type': 9, 'value': 30}, {'type': 28, 'value': 1006}]}"
1757496877,SHORT,,1,19962300,,"{'id': 10371, 'context': 1, 'bonus_lists': [6654], 'modifiers': [{'type': 9, 'value': 30}, {'type': 28, 'value': 205}]}"
1757496917,SHORT,,1,17881600,,"{'id': 15325, 'context': 1, 'bonus_lists': [6655, 1680], 'modifiers': [{'type': 9, 'value': 30}, {'type': 28, 'value': 205}]}"
1757497066,SHORT,,1,11352200,,"{'id': 10213, 'context': 1, 'bonus_lists': [6654, 1693], 'modifiers': [{'type': 9, 'value': 30}, {'type': 28, 'value': 205}]}"
1757498865,MEDIUM,,1,35906600,,"{'id': 1608, 'context': 1, 'bonus_lists': [6655, 1706], 'modifiers': [{'type': 9, 'value': 30}, {'type': 28, 'value': 218}]}"
1757498868,MEDIUM,,1,19687600,,"{'id': 10097, 'context': 1, 'bonus_lists': [6654, 1705], 'modifiers': [{'type': 9, 'value': 30}, {'type': 28, 'value': 201}]}"
1757498896,MEDIUM,,1,123868400,,"{'id': 9920, 'context': 1, 'bonus_lists': [6654, 1707], 'modifiers': [{'type': 9, 'value': 30}, {'type': 28, 'value': 218}]}"
1757498995,MEDIUM,,1,8734500,,"{'id': 10064, 'context': 1, 'bonus_lists': [6654, 1679], 'modifiers': [{'type': 9, 'value': 30}, {'type': 28, 'value': 201}]}"
1757499007,MEDIUM,,1,83145100,,"{'id': 14265, 'context': 1, 'bonus_lists': [6654, 1677], 'modifiers': [{'type': 9, 'value': 30}, {'type': 28, 'value': 218}]}"
1757499051,MEDIUM,,1,217174600,,"{'id': 35640, 'context': 1, 'bonus_lists': [4115], 'modifiers': [{'type': 9, 'value': 27}]}"
1757499053,MEDIUM,,1,8794300,,"{'id': 7993, 'context': 1, 'modifiers': [{'type': 28, 'value': 218}]}"
1757499466,MEDIUM,,1,108421500,,"{'id': 15623, 'context': 1, 'bonus_lists': [6654, 1694], 'modifiers': [{'type': 9, 'value': 30}, {'type': 28, 'value': 218}]}"
1757516320,MEDIUM,,1,6959000,,"{'id': 10263, 'context': 1, 'bonus_lists': [6654, 1680], 'modifiers': [{'type': 9, 'value': 30}, {'type': 28, 'value': 205}]}"
1757516351,MEDIUM,,1,230763200,,"{'id': 13051, 'context': 1, 'bonus_lists': [6659], 'modifiers': [{'type': 9, 'value': 30}, {'type': 28, 'value': 278}]}"
1757516614,MEDIUM,,1,23761200,,"{'id': 10260, 'context': 1, 'bonus_lists': [6654, 1709], 'modifiers': [{'type': 9, 'value': 30}, {'type': 28, 'value': 205}]}"
1757516622,MEDIUM,,1,99047500,,"{'id': 36336, 'context': 28, 'bonus_lists': [1678, 3840], 'modifiers': [{'type': 9, 'value': 27}]}"
1757516639,MEDIUM,,1,14940000,,"{'id': 15256, 'context': 1, 'bonus_lists': [6655, 1693], 'modifiers': [{'type': 9, 'value': 30}, {'type': 28, 'value': 205}]}"
1757517503,MEDIUM,,1,24960000,,"{'id': 10372, 'context': 1, 'bonus_lists': [6654], 'modifiers': [{'type': 9, 'value': 30}, {'type': 28, 'value': 205}]}"
1757517509,MEDIUM,,1,6932500,,"{'id': 10188, 'context': 1, 'bonus_lists': [6654, 1705], 'modifiers': [{'type': 9, 'value': 30}, {'type': 28, 'value': 205}]}"
1757517536,MEDIUM,,1,39817800,,"{'id': 15440, 'context': 0, 'bonus_lists': [6654, 1695], 'modifiers': [{'type': 9, 'value': 30}, {'type': 28, 'value': 1006}]}"
1757517677,MEDIUM,,1,15812900,,"{'id': 9402, 'context': 0, 'bonus_lists': [6658], 'modifiers': [{'type': 9, 'value': 30}, {'type': 28, 'value': 1006}]}"
1757519120,MEDIUM,,1,25024200,,"{'id': 14325, 'context': 0, 'bonus_lists': [6654, 1693], 'modifiers': [{'type': 9, 'value': 30}, {'type': 28, 'value': 1006}]}"
1757629132,LONG,,1,6911800,,"{'id': 15283, 'context': 0, 'bonus_lists': [6655, 1678], 'modifiers': [{'type': 9, 'value': 30}, {'type': 28, 'value': 1006}]}"
1757629157,LONG,,1,79296700,,"{'id': 14463, 'context': 0, 'bonus_lists': [6654], 'modifiers': [{'type': 9, 'value': 30}, {'type': 28, 'value': 1006}]}"
1757629181,LONG,,1,8350000,,"{'id': 13083, 'context': 0, 'bonus_lists': [6659], 'modifiers': [{'type': 9, 'value': 30}, {'type': 28, 'value': 1006}]}"
1758179701,VERY_LONG,,1,45007000,,"{'id': 66920, 'context': 22, 'bonus_lists': [6659], 'modifiers': [{'type': 9, 'value': 35}, {'type': 28, 'value': 1115}]}"
1758179717,VERY_LONG,,1,352922100,,"{'id': 3475, 'context': 0}"
1758179738,VERY_LONG,,1,500000,,"{'id': 16825, 'context': 0, 'modifiers': [{'type': 28, 'value': 1004}]}"
1758179775,VERY_LONG,,1,50000000,,"{'id': 172924, 'context': 13}"
1758179705,VERY_LONG,,1,160842500,,"{'id': 90573, 'context': 0}"
1758179743,VERY_LONG,,1,350000000,,"{'id': 164499, 'context': 31}"
1758179751,VERY_LONG,,1,168138000,,"{'id': 144407, 'context': 6, 'bonus_lists': [3445, 1472, 5855, 3336], 'modifiers': [{'type': 28, 'value': 621}]}"
1758179807,VERY_LONG,,1,100000100,,"{'id': 93228, 'context': 0}"
1758179758,VERY_LONG,,1,66727600,,"{'id': 124323, 'context': 6, 'bonus_lists': [1799, 1473]}"
1758179776,VERY_LONG,,1,50000000,,"{'id': 172924, 'context': 13}"
1758179792,VERY_LONG,,1,76033100,,"{'id': 23884, 'context': 0, 'modifiers': [{'type': 28, 'value': 1013}]}"
1758179695,VERY_LONG,,1,990000,,"{'id': 11603, 'context': 0, 'bonus_lists': [6710], 'modifiers': [{'type': 9, 'value': 30}, {'type': 28, 'value': 27}]}"
1758179747,VERY_LONG,,1,76002800,,"{'id': 164412, 'context': 11}"
1758179712,VERY_LONG,,1,37499800,,"{'id': 36326, 'context': 22, 'bonus_lists': [6654, 1695], 'modifiers': [{'type': 9, 'value': 30}, {'type': 28, 'value': 1094}]}"
1758179730,VERY_LONG,,1,1825700,,"{'id': 16840, 'context': 0, 'modifiers': [{'type': 28, 'value': 1004}]}"
1757839842,LONG,,1,168630000,,"{'id': 172329, 'context': 64, 'bonus_lists': [6717, 7193, 1507]}"
1757839737,LONG,,1,39000000,,"{'id': 172329, 'context': 63, 'bonus_lists': [6716, 7194, 1487]}"
1757839990,LONG,,1,125910000,,"{'id': 172326, 'context': 63, 'bonus_lists': [6716, 1487]}"
1757839719,LONG,,1,39000000,,"{'id': 172329, 'context': 63, 'bonus_lists': [6716, 7193, 1487]}"
1757839730,LONG,,1,39000000,,"{'id': 172329, 'context': 63, 'bonus_lists': [6716, 7194, 1487]}"
1757839735,LONG,,1,39000000,,"{'id': 172329, 'context': 63, 'bonus_lists': [6716, 7194, 1487]}"
1757839741,LONG,,1,39000000,,"{'id': 172329, 'context': 63, 'bonus_lists': [6716, 7193, 1487]}"
1757839836,LONG,,1,168630000,,"{'id': 172329, 'context': 64, 'bonus_lists': [6717, 7193, 1507]}"
1757839723,LONG,,1,39000000,,"{'id': 172329, 'context': 63, 'bonus_lists': [6716, 7193, 1487]}"
1758143777,VERY_LONG,,1,56323300,,"{'id': 94093, 'context': 0, 'bonus_lists': [1701]}"
1758143798,VERY_LONG,,1,125441700,,"{'id': 3020, 'context': 1}"
1758143830,VERY_LONG,,1,70939800,,"{'id': 94032, 'context': 0, 'bonus_lists': [1693], 'modifiers': [{'type': 28, 'value': 168}]}"
1758143853,VERY_LONG,,1,28716600,,"{'id': 13019, 'context': 0}"
1758143862,VERY_LONG,,1,16784100,,"{'id': 8301, 'context': 54, 'bonus_lists': [4277], 'modifiers': [{'type': 9, 'value': 50}]}"
1758143883,VERY_LONG,,1,149079600,,"{'id': 9434, 'context': 54, 'bonus_lists': [4269], 'modifiers': [{'type': 9, 'value': 50}]}"
1758143903,VERY_LONG,,1,38967100,,"{'id': 6411, 'context': 54, 'bonus_lists': [4277], 'modifiers': [{'type': 9, 'value': 50}]}"
1758143930,VERY_LONG,,1,225721600,,"{'id': 31272, 'context': 0, 'bonus_lists': [6658], 'modifiers': [{'type': 9, 'value': 30}, {'type': 28, 'value': 41}]}"
1758144035,VERY_LONG,,1,9970000,,"{'id': 15392, 'context': 53, 'bonus_lists': [1707, 4277], 'modifiers': [{'type': 9, 'value': 50}]}"
1758144038,VERY_LONG,,1,105524300,,"{'id': 13199, 'context': 53, 'bonus_lists': [4269], 'modifiers': [{'type': 9, 'value': 50}]}"
1758143709,VERY_LONG,,1,25002000,,"{'id': 4725, 'context': 1}"
1758143714,VERY_LONG,,1,29909600,,"{'id': 13033, 'context': 0}"
1758143974,VERY_LONG,,1,138239800,,"{'id': 14905, 'context': 54, 'bonus_lists': [1707, 4277], 'modifiers': [{'type': 9, 'value': 50}]}"
1758143763,VERY_LONG,,1,24931700,,"{'id': 14276, 'context': 54, 'bonus_lists': [1677, 4277], 'modifiers': [{'type': 9, 'value': 50}]}"
1758143774,VERY_LONG,,1,30796200,,"{'id': 15567, 'context': 54, 'bonus_lists': [1692, 4279], 'modifiers': [{'type': 9, 'value': 50}]}"
1758143782,VERY_LONG,,1,34872800,,"{'id': 4072, 'context': 1}"
1758143827,VERY_LONG,,1,167481200,,"{'id': 14235, 'context': 54, 'bonus_lists': [1681, 4277], 'modifiers': [{'type': 9, 'value': 50}]}"
1758143831,VERY_LONG,,1,57862600,,"{'id': 15144, 'context': 1, 'bonus_lists': [6654, 1693], 'modifiers': [{'type': 9, 'value': 30}, {'type': 28, 'value': 203}]}"
1758143847,VERY_LONG,,1,25000000,,"{'id': 14217, 'context': 54, 'bonus_lists': [1694, 4278], 'modifiers': [{'type': 9, 'value': 50}]}"
1758143865,VERY_LONG,,1,47948600,,"{'id': 15362, 'context': 53, 'bonus_lists': [1693, 4277], 'modifiers': [{'type': 9, 'value': 50}]}"
1758143874,VERY_LONG,,1,399995600,,"{'id': 7753, 'context': 1, 'bonus_lists': [4054], 'modifiers': [{'type': 9, 'value': 25}]}"
1758143882,VERY_LONG,,1,49530100,,"{'id': 37802, 'context': 0}"
1758143896,VERY_LONG,,1,220004000,,"{'id': 7495, 'context': 1, 'bonus_lists': [1693]}"
1758143899,VERY_LONG,,1,54036600,,"{'id': 15557, 'context': 1, 'bonus_lists': [6654, 1693], 'modifiers': [{'type': 9, 'value': 30}, {'type': 28, 'value': 203}]}"
1758143901,VERY_LONG,,1,24959400,,"{'id': 8258, 'context': 54, 'bonus_lists': [4277], 'modifiers': [{'type': 9, 'value': 50}]}"
1758143912,VERY_LONG,,1,41611700,,"{'id': 15156, 'context': 53, 'bonus_lists': [1708, 4277], 'modifiers': [{'type': 9, 'value': 50}]}"
1758143917,VERY_LONG,,1,124599800,,"{'id': 2549, 'context': 1, 'bonus_lists': [4038], 'modifiers': [{'type': 9, 'value': 25}]}"
1758143919,VERY_LONG,,1,25000000,,"{'id': 14228, 'context': 54, 'bonus_lists': [1679, 4278], 'modifiers': [{'type': 9, 'value': 50}]}"
1758144006,VERY_LONG,,1,39337200,,"{'id': 14761, 'context': 54, 'bonus_lists': [4277], 'modifiers': [{'type': 9, 'value': 50}]}"
1758144019,VERY_LONG,,1,31166100,,"{'id': 15169, 'context': 53, 'bonus_lists': [1692, 4277], 'modifiers': [{'type': 9, 'value': 50}]}"
1758144024,VERY_LONG,,1,49996300,,"{'id': 15641, 'context': 53, 'bonus_lists': [1708, 4277], 'modifiers': [{'type': 9, 'value': 50}]}"
1758144031,VERY_LONG,,1,228666800,,"{'id': 164273, 'context': 11}"
1758144048,VERY_LONG,,1,29584700,,"{'id': 14314, 'context': 1, 'bonus_lists': [1680]}"
1758143924,VERY_LONG,,1,100693400,,"{'id': 15366, 'context': 1, 'bonus_lists': [6654, 1695], 'modifiers': [{'type': 9, 'value': 30}, {'type': 28, 'value': 203}]}"
1758143942,VERY_LONG,,1,107246600,,"{'id': 2040, 'context': 1, 'bonus_lists': [4071], 'modifiers': [{'type': 9, 'value': 25}]}"
1758143956,VERY_LONG,,1,28831500,,"{'id': 8271, 'context': 53, 'bonus_lists': [4277], 'modifiers': [{'type': 9, 'value': 50}]}"
1758143963,VERY_LONG,,1,343985100,,"{'id': 36614, 'context': 2, 'bonus_lists': [6655, 1707], 'modifiers': [{'type': 9, 'value': 30}, {'type': 28, 'value': 1091}]}"
1758143969,VERY_LONG,,1,44891400,,"{'id': 15359, 'context': 1, 'bonus_lists': [6654, 1705], 'modifiers': [{'type': 9, 'value': 30}, {'type': 28, 'value': 279}]}"
1758143669,VERY_LONG,,1,94999900,,"{'id': 2877, 'context': 1}"
1758143682,VERY_LONG,,1,77006300,,"{'id': 7555, 'context': 0, 'bonus_lists': [1692]}"
1758143689,VERY_LONG,,1,25000000,,"{'id': 7489, 'context': 1, 'bonus_lists': [1692]}"
1758143706,VERY_LONG,,1,64911300,,"{'id': 94071, 'context': 0, 'bonus_lists': [1693]}"
1758143747,VERY_LONG,,1,97867800,,"{'id': 154843, 'context': 0, 'bonus_lists': [6654, 1685], 'modifiers': [{'type': 9, 'value': 40}, {'type': 28, 'value': 187}]}"
1758145044,VERY_LONG,,1,25051900,,"{'id': 2278, 'context': 1}"
1758145163,VERY_LONG,,1,20007500,,"{'id': 4044, 'context': 1}"
1758145194,VERY_LONG,,1,290735800,,"{'id': 7413, 'context': 1, 'bonus_lists': [1694]}"
1758145197,VERY_LONG,,1,25000000,,"{'id': 14652, 'context': 53, 'bonus_lists': [4277], 'modifiers': [{'type': 9, 'value': 50}]}"
1758145220,VERY_LONG,,1,38126900,,"{'id': 14285, 'context': 54, 'bonus_lists': [1693, 4277], 'modifiers': [{'type': 9, 'value': 50}]}"
1758145239,VERY_LONG,,1,62049100,,"{'id': 15433, 'context': 1, 'bonus_lists': [6654, 1707], 'modifiers': [{'type': 9, 'value': 30}, {'type': 28, 'value': 218}]}"
1758145375,VERY_LONG,,1,97535000,,"{'id': 1169, 'context': 53, 'bonus_lists': [4259], 'modifiers': [{'type': 9, 'value': 50}]}"
1758145469,VERY_LONG,,1,58426600,,"{'id': 15533, 'context': 54, 'bonus_lists': [1678, 4277], 'modifiers': [{'type': 9, 'value': 50}]}"
1758147233,VERY_LONG,,1,45250500,,"{'id': 14853, 'context': 54, 'bonus_lists': [4277], 'modifiers': [{'type': 9, 'value': 50}]}"
1758147250,VERY_LONG,,1,105727400,,"{'id': 7518, 'context': 54, 'bonus_lists': [1681, 4277], 'modifiers': [{'type': 9, 'value': 50}]}"
1758147325,VERY_LONG,,1,447226000,,"{'id': 10624, 'context': 1, 'bonus_lists': [4062], 'modifiers': [{'type': 9, 'value': 25}]}"
1758147507,VERY_LONG,,1,51512800,,"{'id': 15611, 'context': 54, 'bonus_lists': [1708, 4277], 'modifiers': [{'type': 9, 'value': 50}]}"
1758147547,VERY_LONG,,1,50000000,,"{'id': 9406, 'context': 1, 'bonus_lists': [4065], 'modifiers': [{'type': 9, 'value': 25}]}"
1758147672,VERY_LONG,,1,25000000,,"{'id': 15378, 'context': 54, 'bonus_lists': [1707, 4278], 'modifiers': [{'type': 9, 'value': 50}]}"
1758148636,VERY_LONG,,1,49057600,,"{'id': 94095, 'context': 0, 'bonus_lists': [1713]}"
1758148643,VERY_LONG,,1,59621300,,"{'id': 106653, 'context': 22, 'bonus_lists': [6654, 59], 'modifiers': [{'type': 9, 'value': 40}, {'type': 28, 'value': 1145}]}"
1758148716,VERY_LONG,,1,42171700,,"{'id': 15614, 'context': 54, 'bonus_lists': [1679, 4277], 'modifiers': [{'type': 9, 'value': 50}]}"
1758148728,VERY_LONG,,1,877718000,,"{'id': 147038, 'context': 5, 'bonus_lists': [3562, 1472, 3528], 'modifiers': [{'type': 28, 'value': 498}]}"
1758148778,VERY_LONG,,1,33523800,,"{'id': 4735, 'context': 0, 'bonus_lists': [6654], 'modifiers': [{'type': 9, 'value': 45}]}"
1758149075,VERY_LONG,,1,34924500,,"{'id': 14826, 'context': 54, 'bonus_lists': [4279], 'modifiers': [{'type': 9, 'value': 50}]}"
1758149079,VERY_LONG,,1,25000000,,"{'id': 7490, 'context': 0, 'bonus_lists': [6654, 1691], 'modifiers': [{'type': 9, 'value': 45}]}"
1758150130,VERY_LONG,,1,18110200,,"{'id': 9757, 'context': 54, 'bonus_lists': [1678, 4278], 'modifiers': [{'type': 9, 'value': 50}]}"
1758150165,VERY_LONG,,1,25000000,,"{'id': 14409, 'context': 1, 'bonus_lists': [6654], 'modifiers': [{'type': 9, 'value': 30}, {'type': 28, 'value': 208}]}"
1758150191,VERY_LONG,,1,71919700,,"{'id': 14244, 'context': 53, 'bonus_lists': [1705, 4277], 'modifiers': [{'type': 9, 'value': 50}]}"
1758150718,VERY_LONG,,1,77006300,,"{'id': 7555, 'context': 54, 'bonus_lists': [1681, 4281], 'modifiers': [{'type': 9, 'value': 50}]}"
1758150869,VERY_LONG,,1,25000000,,"{'id': 10093, 'context': 54, 'bonus_lists': [1677, 4281], 'modifiers': [{'type': 9, 'value': 50}]}"
1758151033,VERY_LONG,,1,119999900,,"{'id': 14398, 'context': 1, 'bonus_lists': [6654], 'modifiers': [{'type': 9, 'value': 30}, {'type': 28, 'value': 208}]}"
1758151156,VERY_LONG,,1,37654500,,"{'id': 15633, 'context': 53, 'bonus_lists': [1678, 4281], 'modifiers': [{'type': 9, 'value': 50}]}"
1758151206,VERY_LONG,,1,25000000,,"{'id': 9832, 'context': 1, 'bonus_lists': [6654, 1707], 'modifiers': [{'type': 9, 'value': 30}, {'type': 28, 'value': 208}]}"
1758151270,VERY_LONG,,1,45683200,,"{'id': 15561, 'context': 1, 'bonus_lists': [6654, 1706], 'modifiers': [{'type': 9, 'value': 30}, {'type': 28, 'value': 203}]}"
1758151303,VERY_LONG,,1,34258500,,"{'id': 15142, 'context': 54, 'bonus_lists': [1706, 4277], 'modifiers': [{'type': 9, 'value': 50}]}"
1758151334,VERY_LONG,,1,25000000,,"{'id': 14223, 'context': 54, 'bonus_lists': [1679, 4277], 'modifiers': [{'type': 9, 'value': 50}]}"
1758143737,VERY_LONG,,1,13986000,,"{'id': 15386, 'context': 53, 'bonus_lists': [1679, 4277], 'modifiers': [{'type': 9, 'value': 50}]}"
1758144059,VERY_LONG,,1,394066500,,"{'id': 2166, 'context': 0, 'bonus_lists': [3716], 'modifiers': [{'type': 9, 'value': 17}]}"
1758143743,VERY_LONG,,1,43479800,,"{'id': 94045, 'context': 0, 'bonus_lists': [1698]}"
1758143759,VERY_LONG,,1,36422500,,"{'id': 15548, 'context': 54, 'bonus_lists': [1692, 4277], 'modifiers': [{'type': 9, 'value': 50}]}"
1758145035,VERY_LONG,,1,56032400,,"{'id': 14592, 'context': 53, 'bonus_lists': [4277], 'modifiers': [{'type': 9, 'value': 50}]}"
1758145037,VERY_LONG,,1,58251800,,"{'id': 25134, 'context': 1, 'bonus_lists': [6655, 1709], 'modifiers': [{'type': 9, 'value': 30}, {'type': 28, 'value': 222}]}"
1758145080,VERY_LONG,,1,40546300,,"{'id': 15583, 'context': 53, 'bonus_lists': [1677, 4277], 'modifiers': [{'type': 9, 'value': 50}]}"
1758145108,VERY_LONG,,1,25000000,,"{'id': 14408, 'context': 1, 'bonus_lists': [6654], 'modifiers': [{'type': 9, 'value': 30}, {'type': 28, 'value': 208}]}"
1758145129,VERY_LONG,,1,20493300,,"{'id': 6419, 'context': 1}"
1758145134,VERY_LONG,,1,40254200,,"{'id': 14864, 'context': 1}"
1758145153,VERY_LONG,,1,103448700,,"{'id': 15973, 'context': 54, 'bonus_lists': [1680, 4281], 'modifiers': [{'type': 9, 'value': 50}]}"
1758145190,VERY_LONG,,1,6866939900,,"{'id': 15332, 'context': 54, 'bonus_lists': [1679, 4282], 'modifiers': [{'type': 9, 'value': 50}]}"
1758145264,VERY_LONG,,1,58009300,,"{'id': 14906, 'context': 54, 'bonus_lists': [1681, 4277], 'modifiers': [{'type': 9, 'value': 50}]}"
1758145277,VERY_LONG,,1,59300200,,"{'id': 15336, 'context': 54, 'bonus_lists': [1709, 4277], 'modifiers': [{'type': 9, 'value': 50}]}"
1758145288,VERY_LONG,,1,60108700,,"{'id': 15963, 'context': 1, 'bonus_lists': [6655], 'modifiers': [{'type': 9, 'value': 30}, {'type': 28, 'value': 203}]}"
1758145297,VERY_LONG,,1,26796700,,"{'id': 15128, 'context': 54, 'bonus_lists': [1706, 4277], 'modifiers': [{'type': 9, 'value': 50}]}"
1758145304,VERY_LONG,,1,9994900,,"{'id': 15625, 'context': 54, 'bonus_lists': [1705, 4279], 'modifiers': [{'type': 9, 'value': 50}]}"
1758145320,VERY_LONG,,1,17500300,,"{'id': 4729, 'context': 1}"
1758145340,VERY_LONG,,1,30484100,,"{'id': 13048, 'context': 1}"
1758145353,VERY_LONG,,1,55906100,,"{'id': 14827, 'context': 54, 'bonus_lists': [4278], 'modifiers': [{'type': 9, 'value': 50}]}"
1758145363,VERY_LONG,,1,22999500,,"{'id': 10362, 'context': 53, 'bonus_lists': [1694, 4281], 'modifiers': [{'type': 9, 'value': 50}]}"
1758145387,VERY_LONG,,1,41873600,,"{'id': 14838, 'context': 53, 'bonus_lists': [4277], 'modifiers': [{'type': 9, 'value': 50}]}"
1758145410,VERY_LONG,,1,122654100,,"{'id': 14560, 'context': 1, 'bonus_lists': [6654], 'modifiers': [{'type': 9, 'value': 30}, {'type': 28, 'value': 193}]}"
1758145461,VERY_LONG,,1,25000000,,"{'id': 9481, 'context': 1, 'bonus_lists': [4071], 'modifiers': [{'type': 9, 'value': 25}]}"
1758145472,VERY_LONG,,1,39736800,,"{'id': 9290, 'context': 1, 'bonus_lists': [1678]}"
1758145481,VERY_LONG,,1,199990000,,"{'id': 8226, 'context': 1, 'bonus_lists': [4054], 'modifiers': [{'type': 9, 'value': 25}]}"
1758147410,VERY_LONG,,1,24735500,,"{'id': 14421, 'context': 53, 'bonus_lists': [4277], 'modifiers': [{'type': 9, 'value': 50}]}"
1758147415,VERY_LONG,,1,98291600,,"{'id': 13119, 'context': 54, 'bonus_lists': [4270], 'modifiers': [{'type': 9, 'value': 50}]}"
1758147446,VERY_LONG,,1,52043000,,"{'id': 15594, 'context': 1, 'bonus_lists': [6654, 1680], 'modifiers': [{'type': 9, 'value': 30}, {'type': 28, 'value': 203}]}"
1758147471,VERY_LONG,,1,70450600,,"{'id': 9935, 'context': 54, 'bonus_lists': [1695, 4283], 'modifiers': [{'type': 9, 'value': 50}]}"
1758147495,VERY_LONG,,1,56998900,,"{'id': 14773, 'context': 54, 'bonus_lists': [4278], 'modifiers': [{'type': 9, 'value': 50}]}"
1758147510,VERY_LONG,,1,52572600,,"{'id': 8134, 'context': 54, 'bonus_lists': [4281], 'modifiers': [{'type': 9, 'value': 50}]}"
1758147214,VERY_LONG,,1,33384600,,"{'id': 15158, 'context': 53, 'bonus_lists': [1693, 4277], 'modifiers': [{'type': 9, 'value': 50}]}"
1758147229,VERY_LONG,,1,25000000,,"{'id': 9926, 'context': 1, 'bonus_lists': [1693]}"
1758147235,VERY_LONG,,1,28301600,,"{'id': 7435, 'context': 54, 'bonus_lists': [1680, 4277], 'modifiers': [{'type': 9, 'value': 50}]}"
1758147556,VERY_LONG,,1,43802200,,"{'id': 13081, 'context': 53, 'bonus_lists': [4273], 'modifiers': [{'type': 9, 'value': 50}]}"
1758147568,VERY_LONG,,1,25000000,,"{'id': 14931, 'context': 1, 'bonus_lists': [1706]}"
1758147577,VERY_LONG,,1,87392400,,"{'id': 13108, 'context': 1}"
1758147589,VERY_LONG,,1,25000000,,"{'id': 2912, 'context': 0}"
1758147594,VERY_LONG,,1,37778600,,"{'id': 14657, 'context': 54, 'bonus_lists': [4278], 'modifiers': [{'type': 9, 'value': 50}]}"
1758147607,VERY_LONG,,1,41000000,,"{'id': 14950, 'context': 54, 'bonus_lists': [1678, 4277], 'modifiers': [{'type': 9, 'value': 50}]}"
1758147238,VERY_LONG,,1,32499200,,"{'id': 10204, 'context': 54, 'bonus_lists': [1679, 4283], 'modifiers': [{'type': 9, 'value': 50}]}"
1758147252,VERY_LONG,,1,107817400,,"{'id': 812, 'context': 54, 'bonus_lists': [4259], 'modifiers': [{'type': 9, 'value': 50}]}"
1758147287,VERY_LONG,,1,87644300,,"{'id': 1265, 'context': 1}"
1758147294,VERY_LONG,,1,25000000,,"{'id': 3653, 'context': 0, 'bonus_lists': [6655], 'modifiers': [{'type': 9, 'value': 29}, {'type': 28, 'value': 3}]}"
1758147300,VERY_LONG,,1,29446900,,"{'id': 15558, 'context': 53, 'bonus_lists': [1694, 4277], 'modifiers': [{'type': 9, 'value': 50}]}"
1758147312,VERY_LONG,,1,47120000,,"{'id': 15352, 'context': 54, 'bonus_lists': [1678, 4281], 'modifiers': [{'type': 9, 'value': 50}]}"
1758147316,VERY_LONG,,1,25000000,,"{'id': 15139, 'context': 54, 'bonus_lists': [1707, 4278], 'modifiers': [{'type': 9, 'value': 50}]}"
1758147329,VERY_LONG,,1,27124400,,"{'id': 15694, 'context': 0, 'bonus_lists': [1693]}"
1758147341,VERY_LONG,,1,47259600,,"{'id': 14862, 'context': 1}"
1758147357,VERY_LONG,,1,25000000,,"{'id': 7468, 'context': 54, 'bonus_lists': [1707, 4279], 'modifiers': [{'type': 9, 'value': 50}]}"
1758147397,VERY_LONG,,1,59756500,,"{'id': 1715, 'context': 53, 'bonus_lists': [4269], 'modifiers': [{'type': 9, 'value': 50}]}"
1758147642,VERY_LONG,,1,62290200,,"{'id': 94211, 'context': 0, 'bonus_lists': [1700]}"
1758147663,VERY_LONG,,1,40864400,,"{'id': 14830, 'context': 54, 'bonus_lists': [4279], 'modifiers': [{'type': 9, 'value': 50}]}"
1758148622,VERY_LONG,,1,119664600,,"{'id': 14903, 'context': 54, 'bonus_lists': [1708, 4277], 'modifiers': [{'type': 9, 'value': 50}]}"
1758148626,VERY_LONG,,1,40254200,,"{'id': 94053, 'context': 0, 'bonus_lists': [1705]}"
1758148633,VERY_LONG,,1,26660800,,"{'id': 8124, 'context': 54, 'bonus_lists': [4277], 'modifiers': [{'type': 9, 'value': 50}]}"
1758148639,VERY_LONG,,1,42498700,,"{'id': 4712, 'context': 1}"
1758148670,VERY_LONG,,1,54564400,,"{'id': 14261, 'context': 53, 'bonus_lists': [1691, 4277], 'modifiers': [{'type': 9, 'value': 50}]}"
1758148693,VERY_LONG,,1,184531600,,"{'id': 10574, 'context': 1, 'bonus_lists': [4035], 'modifiers': [{'type': 9, 'value': 25}]}"
1758148699,VERY_LONG,,1,33247400,,"{'id': 13005, 'context': 1}"
1758148705,VERY_LONG,,1,61207800,,"{'id': 13076, 'context': 54, 'bonus_lists': [4269], 'modifiers': [{'type': 9, 'value': 50}]}"
1758148712,VERY_LONG,,1,59895800,,"{'id': 13038, 'context': 0, 'bonus_lists': [6659], 'modifiers': [{'type': 9, 'value': 30}, {'type': 28, 'value': 22}]}"
1758148743,VERY_LONG,,1,93137000,,"{'id': 15513, 'context': 54, 'bonus_lists': [1677, 4277], 'modifiers': [{'type': 9, 'value': 50}]}"
1758148753,VERY_LONG,,1,52975100,,"{'id': 15361, 'context': 1, 'bonus_lists': [6654, 1680], 'modifiers': [{'type': 9, 'value': 30}, {'type': 28, 'value': 203}]}"
1758148785,VERY_LONG,,1,135488500,,"{'id': 10578, 'context': 1, 'bonus_lists': [4035], 'modifiers': [{'type': 9, 'value': 25}]}"
1758148897,VERY_LONG,,1,25615700,,"{'id': 9944, 'context': 54, 'bonus_lists': [1692, 4282], 'modifiers': [{'type': 9, 'value': 50}]}"
1758148914,VERY_LONG,,1,57466500,,"{'id': 14940, 'context': 54, 'bonus_lists': [1678, 4277], 'modifiers': [{'type': 9, 'value': 50}]}"
1758148929,VERY_LONG,,1,25000000,,"{'id': 15616, 'context': 54, 'bonus_lists': [1695, 4277], 'modifiers': [{'type': 9, 'value': 50}]}"
1758149063,VERY_LONG,,1,46355100,,"{'id': 57, 'context': 14}"
1758149083,VERY_LONG,,1,49008500,,"{'id': 8273, 'context': 11}"
1758150121,VERY_LONG,,1,169999900,,"{'id': 14120, 'context': 1, 'bonus_lists': [6654, 1678], 'modifiers': [{'type': 9, 'value': 30}, {'type': 28, 'value': 193}]}"
1758150127,VERY_LONG,,1,25000000,,"{'id': 14220, 'context': 54, 'bonus_lists': [1679, 4277], 'modifiers': [{'type': 9, 'value': 50}]}"
1758150135,VERY_LONG,,1,42651500,,"{'id': 14401, 'context': 54, 'bonus_lists': [4277], 'modifiers': [{'type': 9, 'value': 50}]}"
1758150142,VERY_LONG,,1,100693400,,"{'id': 15366, 'context': 54, 'bonus_lists': [1694, 4278], 'modifiers': [{'type': 9, 'value': 50}]}"
1758150156,VERY_LONG,,1,26130500,,"{'id': 14596, 'context': 1, 'bonus_lists': [6654], 'modifiers': [{'type': 9, 'value': 30}, {'type': 28, 'value': 203}]}"
1758150163,VERY_LONG,,1,95350000,,"{'id': 94034, 'context': 36, 'bonus_lists': [1694]}"
1758150172,VERY_LONG,,1,43156100,,"{'id': 15552, 'context': 54, 'bonus_lists': [1679, 4281], 'modifiers': [{'type': 9, 'value': 50}]}"
1758150176,VERY_LONG,,1,35873500,,"{'id': 15165, 'context': 54, 'bonus_lists': [1693, 4277], 'modifiers': [{'type': 9, 'value': 50}]}"
1758150177,VERY_LONG,,1,49999700,,"{'id': 13046, 'context': 11}"
1758150184,VERY_LONG,,1,25002600,,"{'id': 9902, 'context': 1, 'bonus_lists': [1691]}"
1758150186,VERY_LONG,,1,50537100,,"{'id': 15560, 'context': 54, 'bonus_lists': [1694, 4277], 'modifiers': [{'type': 9, 'value': 50}]}"
1758150194,VERY_LONG,,1,25000000,,"{'id': 9903, 'context': 1, 'bonus_lists': [1680]}"
1758150210,VERY_LONG,,1,15426700,,"{'id': 10217, 'context': 1, 'bonus_lists': [6654, 1706], 'modifiers': [{'type': 9, 'value': 30}, {'type': 28, 'value': 205}]}"
1758150212,VERY_LONG,,1,35832900,,"{'id': 15579, 'context': 1, 'bonus_lists': [6654, 1709], 'modifiers': [{'type': 9, 'value': 30}, {'type': 28, 'value': 203}]}"
1758150227,VERY_LONG,,1,30057800,,"{'id': 15369, 'context': 53, 'bonus_lists': [1678, 4277], 'modifiers': [{'type': 9, 'value': 50}]}"
1758150737,VERY_LONG,,1,24958400,,"{'id': 8320, 'context': 1, 'bonus_lists': [6655], 'modifiers': [{'type': 9, 'value': 30}, {'type': 28, 'value': 205}]}"
1758150759,VERY_LONG,,1,33767200,,"{'id': 14768, 'context': 53, 'bonus_lists': [4277], 'modifiers': [{'type': 9, 'value': 50}]}"
1758150874,VERY_LONG,,1,155515300,,"{'id': 2039, 'context': 1, 'bonus_lists': [4038], 'modifiers': [{'type': 9, 'value': 25}]}"
1758150902,VERY_LONG,,1,120111300,,"{'id': 14549, 'context': 53, 'bonus_lists': [4247], 'modifiers': [{'type': 9, 'value': 50}]}"
1758150913,VERY_LONG,,1,27122400,,"{'id': 15971, 'context': 1, 'bonus_lists': [6655, 1681], 'modifiers': [{'type': 9, 'value': 30}, {'type': 28, 'value': 193}]}"
1758150919,VERY_LONG,,1,47948600,,"{'id': 15362, 'context': 53, 'bonus_lists': [1707, 4277], 'modifiers': [{'type': 9, 'value': 50}]}"
1758150923,VERY_LONG,,1,26621300,,"{'id': 14428, 'context': 53, 'bonus_lists': [4277], 'modifiers': [{'type': 9, 'value': 50}]}"
1758151001,VERY_LONG,,1,25000000,,"{'id': 14211, 'context': 1, 'bonus_lists': [6654, 1708], 'modifiers': [{'type': 9, 'value': 30}, {'type': 28, 'value': 208}]}"
1758151011,VERY_LONG,,1,131841000,,"{'id': 94040, 'context': 0, 'bonus_lists': [1701]}"
1758151045,VERY_LONG,,1,49356200,,"{'id': 15329, 'context': 54, 'bonus_lists': [1678, 4278], 'modifiers': [{'type': 9, 'value': 50}]}"
1758151058,VERY_LONG,,1,34234500,,"{'id': 15986, 'context': 0, 'bonus_lists': [1678]}"
1758151093,VERY_LONG,,1,21568500,,"{'id': 14433, 'context': 54, 'bonus_lists': [4277], 'modifiers': [{'type': 9, 'value': 50}]}"
1758151116,VERY_LONG,,1,33563700,,"{'id': 15582, 'context': 1, 'bonus_lists': [6654, 1693], 'modifiers': [{'type': 9, 'value': 30}, {'type': 28, 'value': 203}]}"
1758151192,VERY_LONG,,1,77948900,,"{'id': 15524, 'context': 1, 'bonus_lists': [6654, 1678], 'modifiers': [{'type': 9, 'value': 30}, {'type': 28, 'value': 208}]}"
1758151229,VERY_LONG,,1,25000000,,"{'id': 37625, 'context': 22, 'modifiers': [{'type': 28, 'value': 1101}]}"
1758151276,VERY_LONG,,1,56668600,,"{'id': 94091, 'context': 0, 'bonus_lists': [1695]}"
1758151282,VERY_LONG,,1,34098100,,"{'id': 14332, 'context': 1, 'bonus_lists': [1705]}"
1758151299,VERY_LONG,,1,69242100,,"{'id': 14901, 'context': 53, 'bonus_lists': [1705, 4277], 'modifiers': [{'type': 9, 'value': 50}]}"
1758151306,VERY_LONG,,1,19247300,,"{'id': 14245, 'context': 54, 'bonus_lists': [1705, 4278], 'modifiers': [{'type': 9, 'value': 50}]}"
1758151308,VERY_LONG,,1,25000000,,"{'id': 15440, 'context': 1, 'bonus_lists': [1681]}"
1758151313,VERY_LONG,,1,50833900,,"{'id': 15129, 'context': 54, 'bonus_lists': [1707, 4277], 'modifiers': [{'type': 9, 'value': 50}]}"
1758151315,VERY_LONG,,1,63075600,,"{'id': 1726, 'context': 53, 'bonus_lists': [4273], 'modifiers': [{'type': 9, 'value': 50}]}"
1758151340,VERY_LONG,,1,23827200,,"{'id': 9889, 'context': 1, 'bonus_lists': [1692]}"
1758151407,VERY_LONG,,1,35625000,,"{'id': 6391, 'context': 0}"
1758143872,VERY_LONG,,1,200001100,,"{'id': 15598, 'context': 53, 'bonus_lists': [1692, 4277], 'modifiers': [{'type': 9, 'value': 50}]}"
1758144051,VERY_LONG,,1,153447400,,"{'id': 14814, 'context': 1}"
1758144055,VERY_LONG,,1,89598400,,"{'id': 14751, 'context': 54, 'bonus_lists': [4277], 'modifiers': [{'type': 9, 'value': 50}]}"
1758143765,VERY_LONG,,1,25000000,,"{'id': 6394, 'context': 1}"
1758143885,VERY_LONG,,1,25000000,,"{'id': 10169, 'context': 54, 'bonus_lists': [1694, 4277], 'modifiers': [{'type': 9, 'value': 50}]}"
1758143990,VERY_LONG,,1,107807300,,"{'id': 13042, 'context': 53, 'bonus_lists': [4273], 'modifiers': [{'type': 9, 'value': 50}]}"
1758143686,VERY_LONG,,1,48287700,,"{'id': 15173, 'context': 54, 'bonus_lists': [1680, 4277], 'modifiers': [{'type': 9, 'value': 50}]}"
1758143840,VERY_LONG,,1,20000000,,"{'id': 37764, 'context': 36, 'bonus_lists': [3911], 'modifiers': [{'type': 9, 'value': 30}]}"
1758143848,VERY_LONG,,1,9505400,,"{'id': 15964, 'context': 53, 'bonus_lists': [4281], 'modifiers': [{'type': 9, 'value': 50}]}"
1758143863,VERY_LONG,,1,25000000,,"{'id': 94058, 'context': 36, 'bonus_lists': [1694]}"
1758143878,VERY_LONG,,1,25000000,,"{'id': 15929, 'context': 1}"
1758143904,VERY_LONG,,1,30006300,,"{'id': 4074, 'context': 1}"
1758143910,VERY_LONG,,1,24922100,,"{'id': 14918, 'context': 54, 'bonus_lists': [1679, 4277], 'modifiers': [{'type': 9, 'value': 50}]}"
1758143937,VERY_LONG,,1,119999900,,"{'id': 14398, 'context': 54, 'bonus_lists': [4277], 'modifiers': [{'type': 9, 'value': 50}]}"
1758143968,VERY_LONG,,1,48482700,,"{'id': 14917, 'context': 54, 'bonus_lists': [1678, 4277], 'modifiers': [{'type': 9, 'value': 50}]}"
1758143997,VERY_LONG,,1,27641700,,"{'id': 15602, 'context': 54, 'bonus_lists': [1678, 4277], 'modifiers': [{'type': 9, 'value': 50}]}"
1758144000,VERY_LONG,,1,25000000,,"{'id': 24760, 'context': 28, 'bonus_lists': [1707, 3840], 'modifiers': [{'type': 9, 'value': 27}]}"
1758144010,VERY_LONG,,1,30247500,,"{'id': 94066, 'context': 0, 'bonus_lists': [1686]}"
1758144017,VERY_LONG,,1,25000000,,"{'id': 14430, 'context': 54, 'bonus_lists': [4277], 'modifiers': [{'type': 9, 'value': 50}]}"
1758144063,VERY_LONG,,1,25000000,,"{'id': 15617, 'context': 54, 'bonus_lists': [1691, 4278], 'modifiers': [{'type': 9, 'value': 50}]}"
1758144069,VERY_LONG,,1,83145100,,"{'id': 14265, 'context': 53, 'bonus_lists': [1677, 4277], 'modifiers': [{'type': 9, 'value': 50}]}"
1758143806,VERY_LONG,,1,115282600,,"{'id': 8006, 'context': 0}"
1758143835,VERY_LONG,,1,103072400,,"{'id': 13017, 'context': 0}"
1758143850,VERY_LONG,,1,48123900,,"{'id': 13106, 'context': 1, 'bonus_lists': [6658], 'modifiers': [{'type': 9, 'value': 30}, {'type': 28, 'value': 208}]}"
1758143946,VERY_LONG,,1,24950000,,"{'id': 15251, 'context': 54, 'bonus_lists': [1680, 4281], 'modifiers': [{'type': 9, 'value': 50}]}"
1758143951,VERY_LONG,,1,24594800,,"{'id': 9873, 'context': 54, 'bonus_lists': [1677, 4281], 'modifiers': [{'type': 9, 'value': 50}]}"
1758144046,VERY_LONG,,1,33507800,,"{'id': 15510, 'context': 54, 'bonus_lists': [1694, 4277], 'modifiers': [{'type': 9, 'value': 50}]}"
1758145101,VERY_LONG,,1,54003100,,"{'id': 14255, 'context': 53, 'bonus_lists': [1692, 4277], 'modifiers': [{'type': 9, 'value': 50}]}"
1758145156,VERY_LONG,,1,11489490000,,"{'id': 9431, 'context': 1, 'bonus_lists': [4065], 'modifiers': [{'type': 9, 'value': 25}]}"
1758145201,VERY_LONG,,1,25000000,,"{'id': 6413, 'context': 1}"
1758145214,VERY_LONG,,1,14566100,,"{'id': 15918, 'context': 54, 'bonus_lists': [1708, 4282], 'modifiers': [{'type': 9, 'value': 50}]}"
1758145216,VERY_LONG,,1,48926100,,"{'id': 4050, 'context': 1}"
1758145429,VERY_LONG,,1,11257900,,"{'id': 9899, 'context': 1, 'bonus_lists': [1679]}"
1758145443,VERY_LONG,,1,25000000,,"{'id': 15990, 'context': 54, 'bonus_lists': [4281], 'modifiers': [{'type': 9, 'value': 50}]}"
1758147201,VERY_LONG,,1,35781400,,"{'id': 15685, 'context': 1, 'bonus_lists': [1691]}"
1758147246,VERY_LONG,,1,74186100,,"{'id': 15976, 'context': 54, 'bonus_lists': [1709, 4281], 'modifiers': [{'type': 9, 'value': 50}]}"
1758147279,VERY_LONG,,1,45050000,,"{'id': 9882, 'context': 1, 'bonus_lists': [1691]}"
1758147371,VERY_LONG,,1,14613100,,"{'id': 6096, 'context': 14}"
1758147554,VERY_LONG,,1,10002300,,"{'id': 10089, 'context': 0, 'bonus_lists': [6654, 1692], 'modifiers': [{'type': 9, 'value': 45}]}"
1758149065,VERY_LONG,,1,25000000,,"{'id': 24832, 'context': 27, 'bonus_lists': [1695, 3839], 'modifiers': [{'type': 9, 'value': 26}]}"
1758149093,VERY_LONG,,1,55909000,,"{'id': 15892, 'context': 1, 'bonus_lists': [6655], 'modifiers': [{'type': 9, 'value': 30}, {'type': 28, 'value': 208}]}"
1758150143,VERY_LONG,,1,54935000,,"{'id': 7488, 'context': 1, 'bonus_lists': [1694]}"
1758150171,VERY_LONG,,1,57654200,,"{'id': 94102, 'context': 0, 'bonus_lists': [1707]}"
1758150778,VERY_LONG,,1,56468800,,"{'id': 15131, 'context': 1, 'bonus_lists': [6654, 1706], 'modifiers': [{'type': 9, 'value': 30}, {'type': 28, 'value': 208}]}"
1758150892,VERY_LONG,,1,124488700,,"{'id': 15157, 'context': 54, 'bonus_lists': [1708, 4277], 'modifiers': [{'type': 9, 'value': 50}]}"
1758150966,VERY_LONG,,1,12273500,,"{'id': 2034, 'context': 1, 'bonus_lists': [4002], 'modifiers': [{'type': 9, 'value': 25}]}"
1758151320,VERY_LONG,,1,18961900,,"{'id': 14769, 'context': 53, 'bonus_lists': [4277], 'modifiers': [{'type': 9, 'value': 50}]}"
1758151324,VERY_LONG,,1,25000000,,"{'id': 15927, 'context': 1}"
1758151333,VERY_LONG,,1,38462700,,"{'id': 15541, 'context': 1, 'bonus_lists': [6654, 1679], 'modifiers': [{'type': 9, 'value': 30}, {'type': 28, 'value': 208}]}"
1758151343,VERY_LONG,,1,50178600,,"{'id': 94052, 'context': 0, 'bonus_lists': [1685]}"
1758143786,VERY_LONG,,1,24132000,,"{'id': 14776, 'context': 53, 'bonus_lists': [4277], 'modifiers': [{'type': 9, 'value': 50}]}"
1758143825,VERY_LONG,,1,157368500,,"{'id': 18743, 'context': 1, 'bonus_lists': [4052], 'modifiers': [{'type': 9, 'value': 25}]}"
1758143834,VERY_LONG,,1,14704100,,"{'id': 6417, 'context': 54, 'bonus_lists': [4279], 'modifiers': [{'type': 9, 'value': 50}]}"
1758143856,VERY_LONG,,1,172399400,,"{'id': 15891, 'context': 54, 'bonus_lists': [4281], 'modifiers': [{'type': 9, 'value': 50}]}"
1758143867,VERY_LONG,,1,70790400,,"{'id': 15350, 'context': 54, 'bonus_lists': [1680, 4277], 'modifiers': [{'type': 9, 'value': 50}]}"
1758143877,VERY_LONG,,1,28753100,,"{'id': 14399, 'context': 1, 'bonus_lists': [6654], 'modifiers': [{'type': 9, 'value': 30}, {'type': 28, 'value': 208}]}"
1758143888,VERY_LONG,,1,25577500,,"{'id': 9958, 'context': 54, 'bonus_lists': [1693, 4281], 'modifiers': [{'type': 9, 'value': 50}]}"
1758143915,VERY_LONG,,1,583304800,,"{'id': 14213, 'context': 54, 'bonus_lists': [1695, 4277], 'modifiers': [{'type': 9, 'value': 50}]}"
1758144005,VERY_LONG,,1,41283200,,"{'id': 14236, 'context': 54, 'bonus_lists': [1693, 4277], 'modifiers': [{'type': 9, 'value': 50}]}"
1758145118,VERY_LONG,,1,31279500,,"{'id': 15580, 'context': 54, 'bonus_lists': [1709, 4277], 'modifiers': [{'type': 9, 'value': 50}]}"
1758145290,VERY_LONG,,1,24000000,,"{'id': 6416, 'context': 54, 'bonus_lists': [4277], 'modifiers': [{'type': 9, 'value': 50}]}"
1758145365,VERY_LONG,,1,25000000,,"{'id': 14598, 'context': 54, 'bonus_lists': [4279], 'modifiers': [{'type': 9, 'value': 50}]}"
1758145392,VERY_LONG,,1,50196100,,"{'id': 94083, 'context': 36, 'bonus_lists': [1700]}"
1758145452,VERY_LONG,,1,28281300,,"{'id': 14218, 'context': 54, 'bonus_lists': [1709, 4279], 'modifiers': [{'type': 9, 'value': 50}]}"
1758145493,VERY_LONG,,1,41100600,,"{'id': 94099, 'context': 36, 'bonus_lists': [1698]}"
1758145524,VERY_LONG,,1,72135100,,"{'id': 36211, 'context': 0, 'bonus_lists': [6654, 1709], 'modifiers': [{'type': 9, 'value': 30}, {'type': 28, 'value': 46}]}"
1758147199,VERY_LONG,,1,69951900,,"{'id': 8113, 'context': 54, 'bonus_lists': [4277], 'modifiers': [{'type': 9, 'value': 50}]}"
1758147391,VERY_LONG,,1,25000000,,"{'id': 3656, 'context': 1}"
1758147571,VERY_LONG,,1,22789000,,"{'id': 7332, 'context': 1, 'bonus_lists': [1681]}"
1758148674,VERY_LONG,,1,111038200,,"{'id': 868, 'context': 53, 'bonus_lists': [4259], 'modifiers': [{'type': 9, 'value': 50}]}"
1758150199,VERY_LONG,,1,70481800,,"{'id': 14124, 'context': 1, 'bonus_lists': [6654, 1679], 'modifiers': [{'type': 9, 'value': 30}, {'type': 28, 'value': 193}]}"
1758150937,VERY_LONG,,1,69999900,,"{'id': 6616, 'context': 54, 'bonus_lists': [1706, 4277], 'modifiers': [{'type': 9, 'value': 50}]}"
1758151146,VERY_LONG,,1,51494600,,"{'id': 14183, 'context': 1, 'bonus_lists': [6654, 1706], 'modifiers': [{'type': 9, 'value': 30}, {'type': 28, 'value': 208}]}"
1758151381,VERY_LONG,,1,26211500,,"{'id': 7363, 'context': 0, 'modifiers': [{'type': 28, 'value': 17}]}"
1758145371,VERY_LONG,,1,206250400,,"{'id': 15168, 'context': 54, 'bonus_lists': [1680, 4277], 'modifiers': [{'type': 9, 'value': 50}]}"
1758145383,VERY_LONG,,1,9480000,,"{'id': 8306, 'context': 53, 'bonus_lists': [4277], 'modifiers': [{'type': 9, 'value': 50}]}"
1758147219,VERY_LONG,,1,25000000,,"{'id': 8116, 'context': 53, 'bonus_lists': [4277], 'modifiers': [{'type': 9, 'value': 50}]}"
1758147639,VERY_LONG,,1,25000000,,"{'id': 15387, 'context': 54, 'bonus_lists': [1707, 4278], 'modifiers': [{'type': 9, 'value': 50}]}"
1758147659,VERY_LONG,,1,22111000,,"{'id': 10205, 'context': 54, 'bonus_lists': [1694, 4277], 'modifiers': [{'type': 9, 'value': 50}]}"
1758148904,VERY_LONG,,1,49961400,,"{'id': 8312, 'context': 53, 'bonus_lists': [4277], 'modifiers': [{'type': 9, 'value': 50}]}"
1758148979,VERY_LONG,,1,94434800,,"{'id': 8159, 'context': 1}"
1758150756,VERY_LONG,,1,54502000,,"{'id': 94104, 'context': 0, 'bonus_lists': [1706]}"
1758150924,VERY_LONG,,1,25000000,,"{'id': 14783, 'context': 54, 'bonus_lists': [4279], 'modifiers': [{'type': 9, 'value': 50}]}"
1758150969,VERY_LONG,,1,87623000,,"{'id': 8160, 'context': 1, 'bonus_lists': [6654], 'modifiers': [{'type': 9, 'value': 45}]}"
1758151196,VERY_LONG,,1,15033500,,"{'id': 14246, 'context': 54, 'bonus_lists': [1691, 4277], 'modifiers': [{'type': 9, 'value': 50}]}"
1758151247,VERY_LONG,,1,36367300,,"{'id': 1721, 'context': 11}"
1758151287,VERY_LONG,,1,176950400,,"{'id': 3309, 'context': 1, 'bonus_lists': [6654], 'modifiers': [{'type': 9, 'value': 30}, {'type': 28, 'value': 193}]}"
1758145052,VERY_LONG,,1,99892000,,"{'id': 4077, 'context': 54, 'bonus_lists': [4278], 'modifiers': [{'type': 9, 'value': 50}]}"
1758145074,VERY_LONG,,1,25000000,,"{'id': 14599, 'context': 53, 'bonus_lists': [4277], 'modifiers': [{'type': 9, 'value': 50}]}"
1758143814,VERY_LONG,,1,29144100,,"{'id': 14912, 'context': 54, 'bonus_lists': [1680, 4281], 'modifiers': [{'type': 9, 'value': 50}]}"
1758144028,VERY_LONG,,1,36778400,,"{'id': 14424, 'context': 54, 'bonus_lists': [4278], 'modifiers': [{'type': 9, 'value': 50}]}"
1758145516,VERY_LONG,,1,29693000,,"{'id': 21804, 'context': 0}"
1758145521,VERY_LONG,,1,25000000,,"{'id': 14203, 'context': 54, 'bonus_lists': [1692, 4278], 'modifiers': [{'type': 9, 'value': 50}]}"
1758147323,VERY_LONG,,1,79150000,,"{'id': 9396, 'context': 1, 'bonus_lists': [4065], 'modifiers': [{'type': 9, 'value': 25}]}"
1758147346,VERY_LONG,,1,34826400,,"{'id': 15632, 'context': 54, 'bonus_lists': [1680, 4278], 'modifiers': [{'type': 9, 'value': 50}]}"
1758147482,VERY_LONG,,1,25000000,,"{'id': 14189, 'context': 1, 'bonus_lists': [6654, 1695], 'modifiers': [{'type': 9, 'value': 30}, {'type': 28, 'value': 208}]}"
1758147519,VERY_LONG,,1,39943800,,"{'id': 4058, 'context': 1}"
1758147533,VERY_LONG,,1,25000000,,"{'id': 13037, 'context': 1}"
1758147540,VERY_LONG,,1,25000000,,"{'id': 15171, 'context': 54, 'bonus_lists': [1691, 4277], 'modifiers': [{'type': 9, 'value': 50}]}"
1758147559,VERY_LONG,,1,21000000,,"{'id': 9483, 'context': 1, 'bonus_lists': [4071], 'modifiers': [{'type': 9, 'value': 25}]}"
1758147586,VERY_LONG,,1,27799000,,"{'id': 14800, 'context': 1}"
1758147591,VERY_LONG,,1,25000000,,"{'id': 14199, 'context': 54, 'bonus_lists': [1694, 4277], 'modifiers': [{'type': 9, 'value': 50}]}"
1758147611,VERY_LONG,,1,30546200,,"{'id': 15164, 'context': 53, 'bonus_lists': [1707, 4277], 'modifiers': [{'type': 9, 'value': 50}]}"
1758147627,VERY_LONG,,1,32000000,,"{'id': 9384, 'context': 1, 'bonus_lists': [4065], 'modifiers': [{'type': 9, 'value': 25}]}"
1758145166,VERY_LONG,,1,69970000,,"{'id': 13021, 'context': 0}"
1758147636,VERY_LONG,,1,44995400,,"{'id': 4054, 'context': 1}"
1758147669,VERY_LONG,,1,34308600,,"{'id': 14426, 'context': 1, 'bonus_lists': [6654], 'modifiers': [{'type': 9, 'value': 30}, {'type': 28, 'value': 203}]}"
1758145188,VERY_LONG,,1,35520000,,"{'id': 13029, 'context': 53, 'bonus_lists': [4273], 'modifiers': [{'type': 9, 'value': 50}]}"
1758148629,VERY_LONG,,1,54129600,,"{'id': 14563, 'context': 1, 'bonus_lists': [6654], 'modifiers': [{'type': 9, 'value': 30}, {'type': 28, 'value': 193}]}"
1758148645,VERY_LONG,,1,25000000,,"{'id': 8318, 'context': 1, 'bonus_lists': [6654], 'modifiers': [{'type': 9, 'value': 30}, {'type': 28, 'value': 205}]}"
1758148648,VERY_LONG,,1,28604200,,"{'id': 9511, 'context': 1, 'bonus_lists': [4071], 'modifiers': [{'type': 9, 'value': 25}]}"
1758148653,VERY_LONG,,1,25000000,,"{'id': 50001, 'context': 0}"
1758148708,VERY_LONG,,1,41577000,,"{'id': 7421, 'context': 1, 'bonus_lists': [6654, 1709], 'modifiers': [{'type': 9, 'value': 45}]}"
1758148719,VERY_LONG,,1,43073300,,"{'id': 8158, 'context': 1}"
1758148731,VERY_LONG,,1,28777200,,"{'id': 8265, 'context': 1, 'bonus_lists': [6654], 'modifiers': [{'type': 9, 'value': 30}, {'type': 28, 'value': 203}]}"
1758148788,VERY_LONG,,1,25000000,,"{'id': 14224, 'context': 1, 'bonus_lists': [6654, 1691], 'modifiers': [{'type': 9, 'value': 30}, {'type': 28, 'value': 203}]}"
1758145208,VERY_LONG,,1,315841500,,"{'id': 6422, 'context': 1}"
1758148798,VERY_LONG,,1,24989700,,"{'id': 13074, 'context': 11}"
1758145301,VERY_LONG,,1,73713600,,"{'id': 90580, 'context': 36, 'bonus_lists': [4254], 'modifiers': [{'type': 9, 'value': 50}]}"
1758148836,VERY_LONG,,1,25000000,,"{'id': 14431, 'context': 53, 'bonus_lists': [4277], 'modifiers': [{'type': 9, 'value': 50}]}"
1758148868,VERY_LONG,,1,52715100,,"{'id': 94082, 'context': 0, 'bonus_lists': [1702]}"
1758145367,VERY_LONG,,1,58814200,,"{'id': 13131, 'context': 1}"
1758145464,VERY_LONG,,1,126393100,,"{'id': 94072, 'context': 9, 'bonus_lists': [1687], 'modifiers': [{'type': 28, 'value': 862}]}"
1758145474,VERY_LONG,,1,34863800,,"{'id': 15353, 'context': 54, 'bonus_lists': [1709, 4277], 'modifiers': [{'type': 9, 'value': 50}]}"
1758148878,VERY_LONG,,1,83754400,,"{'id': 14406, 'context': 54, 'bonus_lists': [4277], 'modifiers': [{'type': 9, 'value': 50}]}"
1758148991,VERY_LONG,,1,47523200,,"{'id': 15345, 'context': 1, 'bonus_lists': [6654, 1677], 'modifiers': [{'type': 9, 'value': 30}, {'type': 28, 'value': 208}]}"
1758143940,VERY_LONG,,1,63075600,,"{'id': 1726, 'context': 0}"
1758143960,VERY_LONG,,1,27009000,,"{'id': 14588, 'context': 54, 'bonus_lists': [4277], 'modifiers': [{'type': 9, 'value': 50}]}"
1758143977,VERY_LONG,,1,53106100,,"{'id': 56, 'context': 14}"
1758143979,VERY_LONG,,1,24555700,,"{'id': 53, 'context': 14}"
1758145349,VERY_LONG,,1,60749900,,"{'id': 14753, 'context': 54, 'bonus_lists': [4277], 'modifiers': [{'type': 9, 'value': 50}]}"
1758145434,VERY_LONG,,1,64306500,,"{'id': 94039, 'context': 0, 'bonus_lists': [1699]}"
1758147542,VERY_LONG,,1,39957100,,"{'id': 14583, 'context': 54, 'bonus_lists': [4279], 'modifiers': [{'type': 9, 'value': 50}]}"
1758147573,VERY_LONG,,1,58890900,,"{'id': 13079, 'context': 0}"
1758147601,VERY_LONG,,1,25008600,,"{'id': 9287, 'context': 1, 'bonus_lists': [1681]}"
1758148682,VERY_LONG,,1,70790400,,"{'id': 15350, 'context': 54, 'bonus_lists': [1707, 4279], 'modifiers': [{'type': 9, 'value': 50}]}"
1758145032,VERY_LONG,,1,25000000,,"{'id': 94059, 'context': 0, 'bonus_lists': [1692]}"
1758145231,VERY_LONG,,1,28098600,,"{'id': 14411, 'context': 54, 'bonus_lists': [4279], 'modifiers': [{'type': 9, 'value': 50}]}"
1758145273,VERY_LONG,,1,26607200,,"{'id': 15574, 'context': 1, 'bonus_lists': [6654, 1695], 'modifiers': [{'type': 9, 'value': 30}, {'type': 28, 'value': 203}]}"
1758145426,VERY_LONG,,1,25335400,,"{'id': 6388, 'context': 53, 'bonus_lists': [4277], 'modifiers': [{'type': 9, 'value': 41}]}"
1758147419,VERY_LONG,,1,36685200,,"{'id': 13127, 'context': 1}"
1758145454,VERY_LONG,,1,25000000,,"{'id': 14211, 'context': 1, 'bonus_lists': [6654, 1707], 'modifiers': [{'type': 9, 'value': 30}, {'type': 28, 'value': 208}]}"
1758147195,VERY_LONG,,1,25000000,,"{'id': 87419, 'context': 36, 'bonus_lists': [4762], 'modifiers': [{'type': 9, 'value': 50}]}"
1758147226,VERY_LONG,,1,44983300,,"{'id': 15609, 'context': 53, 'bonus_lists': [1694, 4277], 'modifiers': [{'type': 9, 'value': 50}]}"
1758147257,VERY_LONG,,1,27857400,,"{'id': 14603, 'context': 53, 'bonus_lists': [4277], 'modifiers': [{'type': 9, 'value': 50}]}"
1758147276,VERY_LONG,,1,25000000,,"{'id': 4037, 'context': 1}"
1758147296,VERY_LONG,,1,43626300,,"{'id': 14200, 'context': 54, 'bonus_lists': [1691, 4279], 'modifiers': [{'type': 9, 'value': 50}]}"
1758147304,VERY_LONG,,1,36916200,,"{'id': 14601, 'context': 54, 'bonus_lists': [4277], 'modifiers': [{'type': 9, 'value': 50}]}"
1758147307,VERY_LONG,,1,193639300,,"{'id': 87501, 'context': 36, 'bonus_lists': [4296], 'modifiers': [{'type': 9, 'value': 50}]}"
1758148886,VERY_LONG,,1,52351000,,"{'id': 15534, 'context': 54, 'bonus_lists': [1681, 4277], 'modifiers': [{'type': 9, 'value': 50}]}"
1758148953,VERY_LONG,,1,189566200,,"{'id': 4438, 'context': 1, 'bonus_lists': [6710], 'modifiers': [{'type': 9, 'value': 30}, {'type': 28, 'value': 208}]}"
1758148964,VERY_LONG,,1,31348700,,"{'id': 14210, 'context': 54, 'bonus_lists': [1679, 4278], 'modifiers': [{'type': 9, 'value': 50}]}"
1758150112,VERY_LONG,,1,200001100,,"{'id': 15598, 'context': 54, 'bonus_lists': [1691, 4277], 'modifiers': [{'type': 9, 'value': 50}]}"
1758150117,VERY_LONG,,1,79989800,,"{'id': 94214, 'context': 0, 'bonus_lists': [1679]}"
1758150150,VERY_LONG,,1,25000000,,"{'id': 31290, 'context': 0, 'bonus_lists': [6658], 'modifiers': [{'type': 9, 'value': 30}, {'type': 28, 'value': 41}]}"
1758150178,VERY_LONG,,1,38014000,,"{'id': 15308, 'context': 1, 'bonus_lists': [6654, 1680], 'modifiers': [{'type': 9, 'value': 30}, {'type': 28, 'value': 193}]}"
1758150233,VERY_LONG,,1,60007600,,"{'id': 4065, 'context': 1}"
1758150235,VERY_LONG,,1,499990000,,"{'id': 7728, 'context': 1, 'bonus_lists': [4043], 'modifiers': [{'type': 9, 'value': 25}]}"
1758150238,VERY_LONG,,1,37798700,,"{'id': 15554, 'context': 54, 'bonus_lists': [1677, 4277], 'modifiers': [{'type': 9, 'value': 50}]}"
1758150795,VERY_LONG,,1,25000000,,"{'id': 14408, 'context': 1, 'bonus_lists': [6654], 'modifiers': [{'type': 9, 'value': 30}, {'type': 28, 'value': 208}]}"
1758150989,VERY_LONG,,1,140345500,,"{'id': 3415, 'context': 1, 'bonus_lists': [3998], 'modifiers': [{'type': 9, 'value': 25}]}"
1758151014,VERY_LONG,,1,274544700,,"{'id': 4035, 'context': 0, 'bonus_lists': [6654], 'modifiers': [{'type': 9, 'value': 48}, {'type': 28, 'value': 1807}]}"
1758151024,VERY_LONG,,1,25000000,,"{'id': 14606, 'context': 54, 'bonus_lists': [4277], 'modifiers': [{'type': 9, 'value': 50}]}"
1758151102,VERY_LONG,,1,85749200,,"{'id': 164536, 'context': 11}"
1758151199,VERY_LONG,,1,24999700,,"{'id': 15672, 'context': 1, 'bonus_lists': [1692]}"
1758151209,VERY_LONG,,1,198598400,,"{'id': 776, 'context': 1, 'bonus_lists': [6710], 'modifiers': [{'type': 9, 'value': 30}, {'type': 28, 'value': 208}]}"
1758151212,VERY_LONG,,1,26153700,,"{'id': 15597, 'context': 54, 'bonus_lists': [1678, 4279], 'modifiers': [{'type': 9, 'value': 50}]}"
1758151216,VERY_LONG,,1,138745800,,"{'id': 7496, 'context': 0, 'bonus_lists': [1677]}"
1758151253,VERY_LONG,,1,61285100,,"{'id': 9836, 'context': 1, 'bonus_lists': [6654, 1677], 'modifiers': [{'type': 9, 'value': 45}]}"
1758151301,VERY_LONG,,1,25000000,,"{'id': 9969, 'context': 54, 'bonus_lists': [1694, 4277], 'modifiers': [{'type': 9, 'value': 50}]}"
1758151310,VERY_LONG,,1,47049300,,"{'id': 15576, 'context': 54, 'bonus_lists': [1679, 4277], 'modifiers': [{'type': 9, 'value': 50}]}"
1758151317,VERY_LONG,,1,25000000,,"{'id': 6430, 'context': 54, 'bonus_lists': [4277], 'modifiers': [{'type': 9, 'value': 50}]}"
1758151323,VERY_LONG,,1,58509300,,"{'id': 13027, 'context': 11}"
1758151337,VERY_LONG,,1,235459200,,"{'id': 2825, 'context': 54, 'bonus_lists': [4259], 'modifiers': [{'type': 9, 'value': 50}]}"
1758151402,VERY_LONG,,1,25306400,,"{'id': 11165, 'context': 0}"
1758151386,VERY_LONG,,1,25000500,,"{'id': 4352, 'context': 0}"
1758143890,VERY_LONG,,1,47940000,,"{'id': 94061, 'context': 0, 'bonus_lists': [1712]}"
1758143893,VERY_LONG,,1,10561800,,"{'id': 13134, 'context': 11}"
1758143720,VERY_LONG,,1,30005700,,"{'id': 37890, 'context': 2, 'bonus_lists': [4196], 'modifiers': [{'type': 9, 'value': 30}, {'type': 28, 'value': 1092}]}"
1758143728,VERY_LONG,,1,37796400,,"{'id': 14686, 'context': 1}"
1758143792,VERY_LONG,,1,42003600,,"{'id': 14656, 'context': 54, 'bonus_lists': [4277], 'modifiers': [{'type': 9, 'value': 50}]}"
1758143842,VERY_LONG,,1,26971400,,"{'id': 13124, 'context': 1}"
1758143909,VERY_LONG,,1,33182700,,"{'id': 15618, 'context': 54, 'bonus_lists': [1709, 4281], 'modifiers': [{'type': 9, 'value': 50}]}"
1758144009,VERY_LONG,,1,103716900,,"{'id': 36599, 'context': 0, 'bonus_lists': [6655, 1680], 'modifiers': [{'type': 9, 'value': 30}, {'type': 28, 'value': 44}]}"
1758144012,VERY_LONG,,1,43849200,,"{'id': 791, 'context': 1}"
1758145049,VERY_LONG,,1,38547400,,"{'id': 14584, 'context': 1, 'bonus_lists': [6654], 'modifiers': [{'type': 9, 'value': 30}, {'type': 28, 'value': 203}]}"
1758145061,VERY_LONG,,1,102826000,,"{'id': 14230, 'context': 54, 'bonus_lists': [1677, 4279], 'modifiers': [{'type': 9, 'value': 50}]}"
1758145087,VERY_LONG,,1,33795100,,"{'id': 14825, 'context': 54, 'bonus_lists': [4282], 'modifiers': [{'type': 9, 'value': 50}]}"
1758145150,VERY_LONG,,1,31046100,,"{'id': 15544, 'context': 54, 'bonus_lists': [1679, 4277], 'modifiers': [{'type': 9, 'value': 50}]}"
1758145172,VERY_LONG,,1,28627300,,"{'id': 14607, 'context': 53, 'bonus_lists': [4281], 'modifiers': [{'type': 9, 'value': 50}]}"
1758145285,VERY_LONG,,1,25000000,,"{'id': 94067, 'context': 0, 'bonus_lists': [1686]}"
1758145293,VERY_LONG,,1,25000000,,"{'id': 14594, 'context': 53, 'bonus_lists': [4277], 'modifiers': [{'type': 9, 'value': 50}]}"
1758145369,VERY_LONG,,1,34088700,,"{'id': 15356, 'context': 1, 'bonus_lists': [6654, 1681], 'modifiers': [{'type': 9, 'value': 30}, {'type': 28, 'value': 203}]}"
1758145385,VERY_LONG,,1,47430900,,"{'id': 15154, 'context': 54, 'bonus_lists': [1709, 4277], 'modifiers': [{'type': 9, 'value': 50}]}"
1758145485,VERY_LONG,,1,34104400,,"{'id': 31152, 'context': 0, 'bonus_lists': [6658], 'modifiers': [{'type': 9, 'value': 30}, {'type': 28, 'value': 37}]}"
1758145508,VERY_LONG,,1,11724700,,"{'id': 15363, 'context': 53, 'bonus_lists': [1707, 4277], 'modifiers': [{'type': 9, 'value': 50}]}"
1758147264,VERY_LONG,,1,91843000,,"{'id': 2721, 'context': 1}"
1758147270,VERY_LONG,,1,127086400,,"{'id': 14898, 'context': 54, 'bonus_lists': [1693, 4277], 'modifiers': [{'type': 9, 'value': 50}]}"
1758147281,VERY_LONG,,1,35651300,,"{'id': 15571, 'context': 54, 'bonus_lists': [1680, 4277], 'modifiers': [{'type': 9, 'value': 50}]}"
1758147285,VERY_LONG,,1,25000000,,"{'id': 15607, 'context': 53, 'bonus_lists': [1707, 4277], 'modifiers': [{'type': 9, 'value': 50}]}"
1758147334,VERY_LONG,,1,592563100,,"{'id': 9385, 'context': 1}"
1758147362,VERY_LONG,,1,68628200,,"{'id': 2565, 'context': 1}"
1758147386,VERY_LONG,,1,222452800,,"{'id': 15304, 'context': 1, 'bonus_lists': [6654, 1695], 'modifiers': [{'type': 9, 'value': 30}, {'type': 28, 'value': 193}]}"
1758147436,VERY_LONG,,1,46767900,,"{'id': 15589, 'context': 54, 'bonus_lists': [1691, 4279], 'modifiers': [{'type': 9, 'value': 50}]}"
1758147465,VERY_LONG,,1,73987700,,"{'id': 15132, 'context': 54, 'bonus_lists': [1677, 4277], 'modifiers': [{'type': 9, 'value': 50}]}"
1758147551,VERY_LONG,,1,76523900,,"{'id': 94086, 'context': 0, 'bonus_lists': [1691]}"
1758147646,VERY_LONG,,1,45957500,,"{'id': 7418, 'context': 1, 'bonus_lists': [6654, 1709], 'modifiers': [{'type': 9, 'value': 45}]}"
1758147676,VERY_LONG,,1,55736700,,"{'id': 14435, 'context': 54, 'bonus_lists': [4277], 'modifiers': [{'type': 9, 'value': 50}]}"
1758149081,VERY_LONG,,1,36202500,,"{'id': 14574, 'context': 54, 'bonus_lists': [4277], 'modifiers': [{'type': 9, 'value': 50}]}"
1758149097,VERY_LONG,,1,43660700,,"{'id': 13059, 'context': 0}"
1758150182,VERY_LONG,,1,25008700,,"{'id': 9930, 'context': 1, 'bonus_lists': [1708]}"
1758150747,VERY_LONG,,1,26051500,,"{'id': 15012, 'context': 1, 'bonus_lists': [6654, 1695], 'modifiers': [{'type': 9, 'value': 30}, {'type': 28, 'value': 193}]}"
1758151239,VERY_LONG,,1,25000000,,"{'id': 14221, 'context': 54, 'bonus_lists': [1695, 4279], 'modifiers': [{'type': 9, 'value': 50}]}"
1758151384,VERY_LONG,,1,27139900,,"{'id': 7090, 'context': 1}"
1758143731,VERY_LONG,,1,45316800,,"{'id': 38318, 'context': 11, 'bonus_lists': [1681], 'modifiers': [{'type': 28, 'value': 391}]}"
1758145308,VERY_LONG,,1,26669200,,"{'id': 14770, 'context': 1, 'bonus_lists': [6654], 'modifiers': [{'type': 9, 'value': 30}, {'type': 28, 'value': 203}]}"
1758145311,VERY_LONG,,1,25140500,,"{'id': 15339, 'context': 1, 'bonus_lists': [6654, 1709], 'modifiers': [{'type': 9, 'value': 30}, {'type': 28, 'value': 208}]}"
1758145344,VERY_LONG,,1,29475900,,"{'id': 4727, 'context': 1}"
1758145420,VERY_LONG,,1,31053500,,"{'id': 14242, 'context': 54, 'bonus_lists': [1678, 4277], 'modifiers': [{'type': 9, 'value': 50}]}"
1758145445,VERY_LONG,,1,25000000,,"{'id': 14774, 'context': 54, 'bonus_lists': [4278], 'modifiers': [{'type': 9, 'value': 50}]}"
1758145457,VERY_LONG,,1,87639900,,"{'id': 94212, 'context': 0, 'bonus_lists': [1705]}"
1758145497,VERY_LONG,,1,28685300,,"{'id': 15676, 'context': 1, 'bonus_lists': [1692]}"
1758145225,VERY_LONG,,1,72436100,,"{'id': 13056, 'context': 54, 'bonus_lists': [4273], 'modifiers': [{'type': 9, 'value': 50}]}"
1758143677,VERY_LONG,,1,31812200,,"{'id': 15134, 'context': 54, 'bonus_lists': [1693, 4277], 'modifiers': [{'type': 9, 'value': 50}]}"
1758150867,VERY_LONG,,1,25000000,,"{'id': 15307, 'context': 1, 'bonus_lists': [6655, 1678], 'modifiers': [{'type': 9, 'value': 30}, {'type': 28, 'value': 193}]}"
1758145056,VERY_LONG,,1,25000000,,"{'id': 15979, 'context': 53, 'bonus_lists': [1695, 4281], 'modifiers': [{'type': 9, 'value': 50}]}"
1758145067,VERY_LONG,,1,25000000,,"{'id': 14952, 'context': 54, 'bonus_lists': [1708, 4277], 'modifiers': [{'type': 9, 'value': 50}]}"
1758145077,VERY_LONG,,1,49891600,,"{'id': 94094, 'context': 0, 'bonus_lists': [1679]}"
1758145336,VERY_LONG,,1,57990300,,"{'id': 106463, 'context': 23, 'bonus_lists': [6655, 199], 'modifiers': [{'type': 9, 'value': 40}, {'type': 28, 'value': 1194}]}"
1758145399,VERY_LONG,,1,56608500,,"{'id': 15147, 'context': 54, 'bonus_lists': [1692, 4277], 'modifiers': [{'type': 9, 'value': 50}]}"
1758145422,VERY_LONG,,1,116262800,,"{'id': 2802, 'context': 53, 'bonus_lists': [4269], 'modifiers': [{'type': 9, 'value': 50}]}"
1758145466,VERY_LONG,,1,38383000,,"{'id': 15543, 'context': 53, 'bonus_lists': [1691, 4281], 'modifiers': [{'type': 9, 'value': 50}]}"
1758145502,VERY_LONG,,1,17244800,,"{'id': 6097, 'context': 14}"
1758147192,VERY_LONG,,1,186318000,,"{'id': 31172, 'context': 0, 'bonus_lists': [1705]}"
1758147203,VERY_LONG,,1,56431800,,"{'id': 14839, 'context': 54, 'bonus_lists': [4277], 'modifiers': [{'type': 9, 'value': 50}]}"
1758147213,VERY_LONG,,1,25000000,,"{'id': 14423, 'context': 53, 'bonus_lists': [4277], 'modifiers': [{'type': 9, 'value': 50}]}"
1758147242,VERY_LONG,,1,43350500,,"{'id': 8140, 'context': 0}"
1758147261,VERY_LONG,,1,44739500,,"{'id': 14942, 'context': 53, 'bonus_lists': [1681, 4277], 'modifiers': [{'type': 9, 'value': 50}]}"
1758147369,VERY_LONG,,1,32046200,,"{'id': 15375, 'context': 54, 'bonus_lists': [1706, 4277], 'modifiers': [{'type': 9, 'value': 50}]}"
1758147378,VERY_LONG,,1,35367900,,"{'id': 94216, 'context': 0, 'bonus_lists': [1709]}"
1758147406,VERY_LONG,,1,25000000,,"{'id': 15592, 'context': 53, 'bonus_lists': [1680, 4281], 'modifiers': [{'type': 9, 'value': 50}]}"
1758147424,VERY_LONG,,1,31112500,,"{'id': 15572, 'context': 1, 'bonus_lists': [6654, 1705], 'modifiers': [{'type': 9, 'value': 30}, {'type': 28, 'value': 203}]}"
1758147441,VERY_LONG,,1,25000000,,"{'id': 3055, 'context': 1}"
1758147488,VERY_LONG,,1,29997400,,"{'id': 9381, 'context': 1, 'bonus_lists': [4065], 'modifiers': [{'type': 9, 'value': 25}]}"
1758147563,VERY_LONG,,1,25000000,,"{'id': 14782, 'context': 54, 'bonus_lists': [4278], 'modifiers': [{'type': 9, 'value': 50}]}"
1758147634,VERY_LONG,,1,57840100,,"{'id': 14602, 'context': 54, 'bonus_lists': [4277], 'modifiers': [{'type': 9, 'value': 50}]}"
1758148651,VERY_LONG,,1,34598000,,"{'id': 14766, 'context': 1, 'bonus_lists': [6654], 'modifiers': [{'type': 9, 'value': 30}, {'type': 28, 'value': 203}]}"
1758148679,VERY_LONG,,1,53355800,,"{'id': 15365, 'context': 54, 'bonus_lists': [1678, 4277], 'modifiers': [{'type': 9, 'value': 50}]}"
1758148690,VERY_LONG,,1,33772500,,"{'id': 9288, 'context': 1, 'bonus_lists': [1709]}"
1758148723,VERY_LONG,,1,147069400,,"{'id': 12546, 'context': 1, 'bonus_lists': [3999], 'modifiers': [{'type': 9, 'value': 25}]}"
1758148822,VERY_LONG,,1,33339500,,"{'id': 15565, 'context': 53, 'bonus_lists': [1695, 4277], 'modifiers': [{'type': 9, 'value': 50}]}"
1758148844,VERY_LONG,,1,25000000,,"{'id': 14937, 'context': 1, 'bonus_lists': [1705]}"
1758148994,VERY_LONG,,1,28771400,,"{'id': 4721, 'context': 1, 'bonus_lists': [6654], 'modifiers': [{'type': 9, 'value': 45}]}"
1758149005,VERY_LONG,,1,25000000,,"{'id': 6398, 'context': 1}"
1758149070,VERY_LONG,,1,43859200,,"{'id': 15130, 'context': 54, 'bonus_lists': [1693, 4278], 'modifiers': [{'type': 9, 'value': 50}]}"
1758149089,VERY_LONG,,1,33612800,,"{'id': 14726, 'context': 1, 'bonus_lists': [6654], 'modifiers': [{'type': 9, 'value': 30}, {'type': 28, 'value': 193}]}"
1758150105,VERY_LONG,,1,31469400,,"{'id': 15140, 'context': 1, 'bonus_lists': [6654, 1706], 'modifiers': [{'type': 9, 'value': 30}, {'type': 28, 'value': 208}]}"
1758150219,VERY_LONG,,1,93105200,,"{'id': 94030, 'context': 36, 'bonus_lists': [1693]}"
1758150726,VERY_LONG,,1,34572700,,"{'id': 15159, 'context': 54, 'bonus_lists': [1677, 4277], 'modifiers': [{'type': 9, 'value': 50}]}"
1758150857,VERY_LONG,,1,36903000,,"{'id': 15555, 'context': 54, 'bonus_lists': [1681, 4277], 'modifiers': [{'type': 9, 'value': 50}]}"
1758143927,VERY_LONG,,1,25000000,,"{'id': 120166, 'context': 1, 'bonus_lists': [3998], 'modifiers': [{'type': 9, 'value': 25}]}"
1758143934,VERY_LONG,,1,52512100,,"{'id': 15612, 'context': 53, 'bonus_lists': [1692, 4277], 'modifiers': [{'type': 9, 'value': 50}]}"
1758143954,VERY_LONG,,1,42056900,,"{'id': 15562, 'context': 53, 'bonus_lists': [1705, 4277], 'modifiers': [{'type': 9, 'value': 50}]}"
1758144042,VERY_LONG,,1,199472900,,"{'id': 15581, 'context': 54, 'bonus_lists': [1680, 4278], 'modifiers': [{'type': 9, 'value': 50}]}"
1758147580,VERY_LONG,,1,16811300,,"{'id': 14781, 'context': 53, 'bonus_lists': [4277], 'modifiers': [{'type': 9, 'value': 50}]}"
1758145030,VERY_LONG,,1,37118900,,"{'id': 14231, 'context': 54, 'bonus_lists': [1692, 4277], 'modifiers': [{'type': 9, 'value': 50}]}"
1758145093,VERY_LONG,,1,164975800,,"{'id': 2243, 'context': 1}"
1758145176,VERY_LONG,,1,25000000,,"{'id': 14193, 'context': 54, 'bonus_lists': [1679, 4279], 'modifiers': [{'type': 9, 'value': 50}]}"
1758145205,VERY_LONG,,1,43230600,,"{'id': 15374, 'context': 54, 'bonus_lists': [1693, 4277], 'modifiers': [{'type': 9, 'value': 50}]}"
1758145243,VERY_LONG,,1,53355800,,"{'id': 15365, 'context': 54, 'bonus_lists': [1706, 4279], 'modifiers': [{'type': 9, 'value': 50}]}"
1758145270,VERY_LONG,,1,30212400,,"{'id': 4720, 'context': 54, 'bonus_lists': [4277], 'modifiers': [{'type': 9, 'value': 41}]}"
1758145511,VERY_LONG,,1,13995000,,"{'id': 13109, 'context': 11}"
1758147431,VERY_LONG,,1,49517100,,"{'id': 14585, 'context': 54, 'bonus_lists': [4277], 'modifiers': [{'type': 9, 'value': 50}]}"
1758147498,VERY_LONG,,1,25000000,,"{'id': 14259, 'context': 54, 'bonus_lists': [1705, 4277], 'modifiers': [{'type': 9, 'value': 50}]}"
1758147609,VERY_LONG,,1,179832800,,"{'id': 14209, 'context': 54, 'bonus_lists': [1679, 4277], 'modifiers': [{'type': 9, 'value': 50}]}"
1758148644,VERY_LONG,,1,25002900,,"{'id': 4041, 'context': 1}"
1758148656,VERY_LONG,,1,46071400,,"{'id': 14848, 'context': 53, 'bonus_lists': [4277], 'modifiers': [{'type': 9, 'value': 50}]}"
1758148659,VERY_LONG,,1,53723500,,"{'id': 15603, 'context': 1, 'bonus_lists': [6654, 1678], 'modifiers': [{'type': 9, 'value': 30}, {'type': 28, 'value': 203}]}"
1758148831,VERY_LONG,,1,25000000,,"{'id': 14207, 'context': 54, 'bonus_lists': [1692, 4277], 'modifiers': [{'type': 9, 'value': 50}]}"
1758149067,VERY_LONG,,1,36350300,,"{'id': 14205, 'context': 54, 'bonus_lists': [1695, 4277], 'modifiers': [{'type': 9, 'value': 50}]}"
1758149100,VERY_LONG,,1,16200000,,"{'id': 31180, 'context': 0, 'bonus_lists': [6658], 'modifiers': [{'type': 9, 'value': 30}, {'type': 28, 'value': 37}]}"
1758150852,VERY_LONG,,1,88539300,,"{'id': 15493, 'context': 1, 'bonus_lists': [6654, 1679], 'modifiers': [{'type': 9, 'value': 30}, {'type': 28, 'value': 193}]}"
1758150878,VERY_LONG,,1,25000000,,"{'id': 24937, 'context': 1, 'bonus_lists': [6654, 1679], 'modifiers': [{'type': 9, 'value': 30}, {'type': 28, 'value': 225}]}"
1758150883,VERY_LONG,,1,25000000,,"{'id': 31292, 'context': 0}"
1758151049,VERY_LONG,,1,43559700,,"{'id': 14969, 'context': 1, 'bonus_lists': [1694]}"
1758151078,VERY_LONG,,1,56562700,,"{'id': 12974, 'context': 1}"
1758151138,VERY_LONG,,1,26082500,,"{'id': 15667, 'context': 1, 'bonus_lists': [1695]}"
1758151224,VERY_LONG,,1,42478600,,"{'id': 141408, 'context': 0}"
1758151259,VERY_LONG,,1,25000000,,"{'id': 14561, 'context': 1, 'bonus_lists': [6654], 'modifiers': [{'type': 9, 'value': 30}, {'type': 28, 'value': 193}]}"
1758151328,VERY_LONG,,1,59372000,,"{'id': 8127, 'context': 53, 'bonus_lists': [4277], 'modifiers': [{'type': 9, 'value': 50}]}"
1758151391,VERY_LONG,,1,283173300,,"{'id': 3871, 'context': 1}"
1758147524,VERY_LONG,,1,26557400,,"{'id': 10102, 'context': 1, 'bonus_lists': [1677]}"
1758147537,VERY_LONG,,1,78786900,,"{'id': 13063, 'context': 1}"
1758147565,VERY_LONG,,1,66069800,,"{'id': 8161, 'context': 1}"
1758147583,VERY_LONG,,1,30295400,,"{'id': 14417, 'context': 54, 'bonus_lists': [4277], 'modifiers': [{'type': 9, 'value': 50}]}"
1758145113,VERY_LONG,,1,32825300,,"{'id': 15604, 'context': 53, 'bonus_lists': [1691, 4281], 'modifiers': [{'type': 9, 'value': 50}]}"
1758145123,VERY_LONG,,1,30587200,,"{'id': 94092, 'context': 36, 'bonus_lists': [1694]}"
1758145185,VERY_LONG,,1,17806000,,"{'id': 7111, 'context': 1}"
1758145211,VERY_LONG,,1,39157200,,"{'id': 14310, 'context': 1, 'bonus_lists': [1681]}"
1758145234,VERY_LONG,,1,49122600,,"{'id': 14946, 'context': 54, 'bonus_lists': [1691, 4277], 'modifiers': [{'type': 9, 'value': 50}]}"
1758145245,VERY_LONG,,1,69242100,,"{'id': 14901, 'context': 54, 'bonus_lists': [1695, 4277], 'modifiers': [{'type': 9, 'value': 50}]}"
1758145252,VERY_LONG,,1,33464900,,"{'id': 14226, 'context': 1, 'bonus_lists': [6654, 1695], 'modifiers': [{'type': 9, 'value': 30}, {'type': 28, 'value': 203}]}"
1758145256,VERY_LONG,,1,25000000,,"{'id': 9847, 'context': 53, 'bonus_lists': [1691, 4277], 'modifiers': [{'type': 9, 'value': 41}]}"
1758145291,VERY_LONG,,1,27769200,,"{'id': 18298, 'context': 1, 'bonus_lists': [6710], 'modifiers': [{'type': 9, 'value': 30}, {'type': 28, 'value': 203}]}"
1758145326,VERY_LONG,,1,35947700,,"{'id': 15358, 'context': 54, 'bonus_lists': [1705, 4278], 'modifiers': [{'type': 9, 'value': 50}]}"
1758145361,VERY_LONG,,1,29006200,,"{'id': 14944, 'context': 54, 'bonus_lists': [1694, 4277], 'modifiers': [{'type': 9, 'value': 50}]}"
1758145518,VERY_LONG,,1,43446300,,"{'id': 15183, 'context': 53, 'bonus_lists': [1681, 4277], 'modifiers': [{'type': 9, 'value': 50}]}"
1758147320,VERY_LONG,,1,59461900,,"{'id': 14109, 'context': 26, 'bonus_lists': [1705, 3829], 'modifiers': [{'type': 9, 'value': 6}]}"
1758147349,VERY_LONG,,1,15508600,,"{'id': 82067, 'context': 0, 'bonus_lists': [6654, 1685], 'modifiers': [{'type': 9, 'value': 30}, {'type': 28, 'value': 57}]}"
1758147382,VERY_LONG,,1,25000000,,"{'id': 14247, 'context': 53, 'bonus_lists': [1695, 4277], 'modifiers': [{'type': 9, 'value': 50}]}"
1758147451,VERY_LONG,,1,32679200,,"{'id': 14403, 'context': 54, 'bonus_lists': [4278], 'modifiers': [{'type': 9, 'value': 50}]}"
1758147461,VERY_LONG,,1,18990000,,"{'id': 7523, 'context': 1, 'bonus_lists': [1679]}"
1758147624,VERY_LONG,,1,159447000,,"{'id': 25073, 'context': 26, 'bonus_lists': [1691, 3867], 'modifiers': [{'type': 9, 'value': 24}]}"
1758147653,VERY_LONG,,1,101000600,,"{'id': 31157, 'context': 0, 'bonus_lists': [6691, 1678], 'modifiers': [{'type': 9, 'value': 30}, {'type': 28, 'value': 41}]}"
1758148686,VERY_LONG,,1,28753100,,"{'id': 14399, 'context': 1, 'bonus_lists': [6654], 'modifiers': [{'type': 9, 'value': 30}, {'type': 28, 'value': 208}]}"
1758148750,VERY_LONG,,1,18006500,,"{'id': 8283, 'context': 1, 'bonus_lists': [6654], 'modifiers': [{'type': 9, 'value': 30}, {'type': 28, 'value': 205}]}"
1758148852,VERY_LONG,,1,25000000,,"{'id': 14222, 'context': 54, 'bonus_lists': [1678, 4279], 'modifiers': [{'type': 9, 'value': 50}]}"
1758148925,VERY_LONG,,1,14447100,,"{'id': 8316, 'context': 54, 'bonus_lists': [4277], 'modifiers': [{'type': 9, 'value': 50}]}"
1758149072,VERY_LONG,,1,62847300,,"{'id': 15431, 'context': 1, 'bonus_lists': [1705]}"
1758149077,VERY_LONG,,1,21479100,,"{'id': 14843, 'context': 54, 'bonus_lists': [4277], 'modifiers': [{'type': 9, 'value': 50}]}"
1758150129,VERY_LONG,,1,29424900,,"{'id': 14365, 'context': 1, 'bonus_lists': [6654], 'modifiers': [{'type': 9, 'value': 30}, {'type': 28, 'value': 193}]}"
1758150206,VERY_LONG,,1,49958800,,"{'id': 8275, 'context': 54, 'bonus_lists': [4281], 'modifiers': [{'type': 9, 'value': 50}]}"
1758150231,VERY_LONG,,1,277573300,,"{'id': 15606, 'context': 54, 'bonus_lists': [1679, 4278], 'modifiers': [{'type': 9, 'value': 50}]}"
1758150911,VERY_LONG,,1,47890900,,"{'id': 94075, 'context': 36, 'bonus_lists': [1688]}"
1758151162,VERY_LONG,,1,62874300,,"{'id': 14253, 'context': 54, 'bonus_lists': [1707, 4278], 'modifiers': [{'type': 9, 'value': 50}]}"
1758151175,VERY_LONG,,1,79209900,,"{'id': 14565, 'context': 1, 'bonus_lists': [6654], 'modifiers': [{'type': 9, 'value': 30}, {'type': 28, 'value': 193}]}"
1758151213,VERY_LONG,,1,25000000,,"{'id': 8267, 'context': 54, 'bonus_lists': [4277], 'modifiers': [{'type': 9, 'value': 50}]}"
1758151222,VERY_LONG,,1,40953600,,"{'id': 25186, 'context': 26, 'bonus_lists': [1679, 3867], 'modifiers': [{'type': 9, 'value': 25}]}"
1758151234,VERY_LONG,,1,24900700,,"{'id': 8119, 'context': 54, 'bonus_lists': [4277], 'modifiers': [{'type': 9, 'value': 50}]}"
1758151262,VERY_LONG,,1,48123900,,"{'id': 13106, 'context': 1, 'bonus_lists': [6658], 'modifiers': [{'type': 9, 'value': 30}, {'type': 28, 'value': 208}]}"
1758151390,VERY_LONG,,1,9500000,,"{'id': 7085, 'context': 1, 'modifiers': [{'type': 28, 'value': 203}]}"
1758151405,VERY_LONG,,1,286104800,,"{'id': 12702, 'context': 1}"
1758143820,VERY_LONG,,1,49050500,,"{'id': 15649, 'context': 54, 'bonus_lists': [1691, 4278], 'modifiers': [{'type': 9, 'value': 50}]}"
1758143947,VERY_LONG,,1,44516500,,"{'id': 14765, 'context': 53, 'bonus_lists': [4277], 'modifiers': [{'type': 9, 'value': 50}]}"
1758143972,VERY_LONG,,1,36903000,,"{'id': 15555, 'context': 54, 'bonus_lists': [1708, 4277], 'modifiers': [{'type': 9, 'value': 50}]}"
1758143817,VERY_LONG,,1,63887400,,"{'id': 1988, 'context': 1}"
1758143982,VERY_LONG,,1,99990000,,"{'id': 871, 'context': 54, 'bonus_lists': [4259], 'modifiers': [{'type': 9, 'value': 50}]}"
1758145084,VERY_LONG,,1,122213200,,"{'id': 14828, 'context': 54, 'bonus_lists': [4277], 'modifiers': [{'type': 9, 'value': 50}]}"
1758145241,VERY_LONG,,1,18479700,,"{'id': 2299, 'context': 1}"
1758145247,VERY_LONG,,1,120379600,,"{'id': 14895, 'context': 54, 'bonus_lists': [1681, 4278], 'modifiers': [{'type': 9, 'value': 50}]}"
1758145260,VERY_LONG,,1,25000000,,"{'id': 10164, 'context': 54, 'bonus_lists': [1694, 4277], 'modifiers': [{'type': 9, 'value': 45}]}"
1758145268,VERY_LONG,,1,31854800,,"{'id': 94029, 'context': 0, 'bonus_lists': [1715]}"
1758145402,VERY_LONG,,1,26899500,,"{'id': 15155, 'context': 1, 'bonus_lists': [6654, 1695], 'modifiers': [{'type': 9, 'value': 30}, {'type': 28, 'value': 203}]}"
1758145406,VERY_LONG,,1,32215800,,"{'id': 15546, 'context': 1, 'bonus_lists': [6654, 1694], 'modifiers': [{'type': 9, 'value': 30}, {'type': 28, 'value': 203}]}"
1758145449,VERY_LONG,,1,25000000,,"{'id': 14422, 'context': 53, 'bonus_lists': [4277], 'modifiers': [{'type': 9, 'value': 50}]}"
1758147222,VERY_LONG,,1,156856200,,"{'id': 754, 'context': 0}"
1758147259,VERY_LONG,,1,183932000,,"{'id': 14831, 'context': 54, 'bonus_lists': [4277], 'modifiers': [{'type': 9, 'value': 50}]}"
1758147360,VERY_LONG,,1,101429300,,"{'id': 15518, 'context': 54, 'bonus_lists': [1705, 4277], 'modifiers': [{'type': 9, 'value': 50}]}"
1758147400,VERY_LONG,,1,12347000,,"{'id': 8268, 'context': 53, 'bonus_lists': [4277], 'modifiers': [{'type': 9, 'value': 50}]}"
1758147456,VERY_LONG,,1,25000000,,"{'id': 14250, 'context': 53, 'bonus_lists': [1693, 4277], 'modifiers': [{'type': 9, 'value': 50}]}"
1758147475,VERY_LONG,,1,25000000,,"{'id': 14595, 'context': 53, 'bonus_lists': [4277], 'modifiers': [{'type': 9, 'value': 50}]}"
1758147501,VERY_LONG,,1,53137300,,"{'id': 13121, 'context': 0}"
1758147597,VERY_LONG,,1,28121800,,"{'id': 15150, 'context': 1, 'bonus_lists': [6654, 1709], 'modifiers': [{'type': 9, 'value': 30}, {'type': 28, 'value': 203}]}"
1758147618,VERY_LONG,,1,291570700,,"{'id': 164472, 'context': 11}"
1758147654,VERY_LONG,,1,47017800,,"{'id': 94081, 'context': 36, 'bonus_lists': [1679]}"
1758148630,VERY_LONG,,1,88017300,,"{'id': 31231, 'context': 0, 'bonus_lists': [6691, 1707], 'modifiers': [{'type': 9, 'value': 30}, {'type': 28, 'value': 39}]}"
1758148662,VERY_LONG,,1,31238600,,"{'id': 10365, 'context': 1, 'bonus_lists': [6655, 1692], 'modifiers': [{'type': 9, 'value': 30}, {'type': 28, 'value': 205}]}"
1758148725,VERY_LONG,,1,25000000,,"{'id': 15166, 'context': 54, 'bonus_lists': [1694, 4277], 'modifiers': [{'type': 9, 'value': 50}]}"
1758148764,VERY_LONG,,1,35916800,,"{'id': 15357, 'context': 54, 'bonus_lists': [1693, 4277], 'modifiers': [{'type': 9, 'value': 50}]}"
1758148816,VERY_LONG,,1,37454000,,"{'id': 9971, 'context': 1, 'bonus_lists': [1679]}"
1758148819,VERY_LONG,,1,519862800,,"{'id': 18742, 'context': 1, 'bonus_lists': [4052], 'modifiers': [{'type': 9, 'value': 25}]}"
1758148863,VERY_LONG,,1,28646800,,"{'id': 8252, 'context': 1, 'bonus_lists': [6654], 'modifiers': [{'type': 9, 'value': 30}, {'type': 28, 'value': 205}]}"
1758148940,VERY_LONG,,1,20595900,,"{'id': 45, 'context': 14}"
1758148970,VERY_LONG,,1,25000000,,"{'id': 14846, 'context': 54, 'bonus_lists': [4278], 'modifiers': [{'type': 9, 'value': 50}]}"
1758149057,VERY_LONG,,1,73344600,,"{'id': 102348, 'context': 0, 'bonus_lists': [1712]}"
1758150168,VERY_LONG,,1,132537100,,"{'id': 14402, 'context': 54, 'bonus_lists': [4277], 'modifiers': [{'type': 9, 'value': 50}]}"
1758150201,VERY_LONG,,1,25000000,,"{'id': 9864, 'context': 54, 'bonus_lists': [1695, 4279], 'modifiers': [{'type': 9, 'value': 50}]}"
1758150770,VERY_LONG,,1,617798700,,"{'id': 3417, 'context': 1, 'bonus_lists': [3998], 'modifiers': [{'type': 9, 'value': 25}]}"
1758150898,VERY_LONG,,1,24990000,,"{'id': 13014, 'context': 11}"
1758150927,VERY_LONG,,1,30622600,,"{'id': 14198, 'context': 54, 'bonus_lists': [1708, 4279], 'modifiers': [{'type': 9, 'value': 50}]}"
1758150978,VERY_LONG,,1,140007200,,"{'id': 2164, 'context': 54, 'bonus_lists': [4259], 'modifiers': [{'type': 9, 'value': 50}]}"
1758151069,VERY_LONG,,1,25000000,,"{'id': 15152, 'context': 54, 'bonus_lists': [1708, 4278], 'modifiers': [{'type': 9, 'value': 50}]}"
1758151183,VERY_LONG,,1,25000000,,"{'id': 15143, 'context': 54, 'bonus_lists': [1694, 4277], 'modifiers': [{'type': 9, 'value': 50}]}"
1758151226,VERY_LONG,,1,25000000,,"{'id': 15331, 'context': 1, 'bonus_lists': [6654, 1708], 'modifiers': [{'type': 9, 'value': 30}, {'type': 28, 'value': 193}]}"
1758151267,VERY_LONG,,1,25642300,,"{'id': 14681, 'context': 1}"
1758151280,VERY_LONG,,1,80720000,,"{'id': 14943, 'context': 54, 'bonus_lists': [1681, 4277], 'modifiers': [{'type': 9, 'value': 50}]}"
1758143757,VERY_LONG,,1,9966600,,"{'id': 10111, 'context': 1, 'bonus_lists': [1678]}"
1758143796,VERY_LONG,,1,51168500,,"{'id': 14834, 'context': 53, 'bonus_lists': [4277], 'modifiers': [{'type': 9, 'value': 50}]}"
1758143880,VERY_LONG,,1,35000000,,"{'id': 9393, 'context': 1, 'bonus_lists': [4065], 'modifiers': [{'type': 9, 'value': 25}]}"
1758143906,VERY_LONG,,1,61224300,,"{'id': 4039, 'context': 53, 'bonus_lists': [4277], 'modifiers': [{'type': 9, 'value': 50}]}"
1758143920,VERY_LONG,,1,25000000,,"{'id': 15978, 'context': 54, 'bonus_lists': [1706, 4281], 'modifiers': [{'type': 9, 'value': 50}]}"
1758143966,VERY_LONG,,1,21128600,,"{'id': 10289, 'context': 1, 'bonus_lists': [1707]}"
1758143996,VERY_LONG,,1,250004400,,"{'id': 94035, 'context': 0, 'bonus_lists': [1707]}"
1758143702,VERY_LONG,,1,263566800,,"{'id': 14397, 'context': 54, 'bonus_lists': [4279], 'modifiers': [{'type': 9, 'value': 50}]}"
1758145223,VERY_LONG,,1,40670900,,"{'id': 12996, 'context': 54, 'bonus_lists': [4270], 'modifiers': [{'type': 9, 'value': 50}]}"
1758145141,VERY_LONG,,1,16989700,,"{'id': 10118, 'context': 1, 'bonus_lists': [1695]}"
1758147267,VERY_LONG,,1,25000000,,"{'id': 14591, 'context': 54, 'bonus_lists': [4278], 'modifiers': [{'type': 9, 'value': 50}]}"
1758147605,VERY_LONG,,1,9532000,,"{'id': 8298, 'context': 53, 'bonus_lists': [4277], 'modifiers': [{'type': 9, 'value': 50}]}"
1758147615,VERY_LONG,,1,648657300,,"{'id': 1982, 'context': 53, 'bonus_lists': [4259], 'modifiers': [{'type': 9, 'value': 50}]}"
1758148806,VERY_LONG,,1,72944700,,"{'id': 13115, 'context': 53, 'bonus_lists': [4269], 'modifiers': [{'type': 9, 'value': 50}]}"
1758148962,VERY_LONG,,1,399995600,,"{'id': 7753, 'context': 1, 'bonus_lists': [6710], 'modifiers': [{'type': 9, 'value': 30}, {'type': 28, 'value': 211}]}"
1758149059,VERY_LONG,,1,23003000,,"{'id': 15151, 'context': 54, 'bonus_lists': [1693, 4277], 'modifiers': [{'type': 9, 'value': 50}]}"
1758150103,VERY_LONG,,1,456932300,,"{'id': 94036, 'context': 36, 'bonus_lists': [1693]}"
1758150722,VERY_LONG,,1,17318300,,"{'id': 4731, 'context': 53, 'bonus_lists': [4277], 'modifiers': [{'type': 9, 'value': 50}]}"
1758143752,VERY_LONG,,1,43226600,,"{'id': 14829, 'context': 53, 'bonus_lists': [4277], 'modifiers': [{'type': 9, 'value': 50}]}"
1758143810,VERY_LONG,,1,55960200,,"{'id': 94096, 'context': 0, 'bonus_lists': [1686]}"
1758143844,VERY_LONG,,1,50537100,,"{'id': 15560, 'context': 54, 'bonus_lists': [1679, 4277], 'modifiers': [{'type': 9, 'value': 50}]}"
1758143986,VERY_LONG,,1,113977100,,"{'id': 14254, 'context': 54, 'bonus_lists': [1708, 4277], 'modifiers': [{'type': 9, 'value': 50}]}"
1758144021,VERY_LONG,,1,49993800,,"{'id': 14798, 'context': 1}"
1758144066,VERY_LONG,,1,33053000,,"{'id': 14404, 'context': 54, 'bonus_lists': [4279], 'modifiers': [{'type': 9, 'value': 50}]}"
1758143871,VERY_LONG,,1,189566200,,"{'id': 4438, 'context': 1, 'bonus_lists': [6710], 'modifiers': [{'type': 9, 'value': 30}, {'type': 28, 'value': 208}]}"
1758143994,VERY_LONG,,1,40864500,,"{'id': 15384, 'context': 53, 'bonus_lists': [1680, 4277], 'modifiers': [{'type': 9, 'value': 50}]}"
1758144002,VERY_LONG,,1,25000000,,"{'id': 24746, 'context': 1, 'bonus_lists': [6654, 1705], 'modifiers': [{'type': 9, 'value': 30}, {'type': 28, 'value': 222}]}"
1758144015,VERY_LONG,,1,37678400,,"{'id': 14290, 'context': 54, 'bonus_lists': [1677, 4278], 'modifiers': [{'type': 9, 'value': 50}]}"
1758145279,VERY_LONG,,1,41071300,,"{'id': 94050, 'context': 36, 'bonus_lists': [1700]}"
1758145437,VERY_LONG,,1,13900900,,"{'id': 8292, 'context': 54, 'bonus_lists': [4277], 'modifiers': [{'type': 9, 'value': 50}]}"
1758145478,VERY_LONG,,1,35212600,,"{'id': 14420, 'context': 53, 'bonus_lists': [4277], 'modifiers': [{'type': 9, 'value': 50}]}"
1758147336,VERY_LONG,,1,25000000,,"{'id': 10077, 'context': 54, 'bonus_lists': [1709, 4278], 'modifiers': [{'type': 9, 'value': 41}]}"
1758147529,VERY_LONG,,1,239777400,,"{'id': 14896, 'context': 1, 'bonus_lists': [6654, 1681], 'modifiers': [{'type': 9, 'value': 30}, {'type': 28, 'value': 203}]}"
1758147631,VERY_LONG,,1,25000000,,"{'id': 14593, 'context': 54, 'bonus_lists': [4277], 'modifiers': [{'type': 9, 'value': 50}]}"
1758147667,VERY_LONG,,1,25000000,,"{'id': 14212, 'context': 54, 'bonus_lists': [1694, 4277], 'modifiers': [{'type': 9, 'value': 50}]}"
1758148647,VERY_LONG,,1,91430600,,"{'id': 2567, 'context': 1, 'bonus_lists': [3998], 'modifiers': [{'type': 9, 'value': 25}]}"
1758148650,VERY_LONG,,1,145613000,,"{'id': 14180, 'context': 1, 'bonus_lists': [6654, 1694], 'modifiers': [{'type': 9, 'value': 30}, {'type': 28, 'value': 208}]}"
1758149061,VERY_LONG,,1,93423800,,"{'id': 14749, 'context': 54, 'bonus_lists': [4277], 'modifiers': [{'type': 9, 'value': 50}]}"
1758150849,VERY_LONG,,1,68462400,,"{'id': 13035, 'context': 0}"
1758151084,VERY_LONG,,1,194963400,,"{'id': 13044, 'context': 1, 'bonus_lists': [6659], 'modifiers': [{'type': 9, 'value': 30}, {'type': 28, 'value': 205}]}"
1758151292,VERY_LONG,,1,126870200,,"{'id': 14904, 'context': 54, 'bonus_lists': [1694, 4277], 'modifiers': [{'type': 9, 'value': 50}]}"
1758151312,VERY_LONG,,1,45002700,,"{'id': 15591, 'context': 54, 'bonus_lists': [1693, 4277], 'modifiers': [{'type': 9, 'value': 50}]}"
1758151395,VERY_LONG,,1,38654000,,"{'id': 7092, 'context': 1}"
1758151106,VERY_LONG,,1,672120000,,"{'id': 12535, 'context': 1, 'bonus_lists': [6710], 'modifiers': [{'type': 9, 'value': 30}, {'type': 28, 'value': 201}]}"
1758151129,VERY_LONG,,1,51563600,,"{'id': 94078, 'context': 36, 'bonus_lists': [1687]}"
1758151134,VERY_LONG,,1,133249100,,"{'id': 94101, 'context': 0, 'bonus_lists': [1692]}"
1758145315,VERY_LONG,,1,17657000,,"{'id': 14208, 'context': 53, 'bonus_lists': [1706, 4277], 'modifiers': [{'type': 9, 'value': 50}]}"
1758151171,VERY_LONG,,1,126043300,,"{'id': 31248, 'context': 0, 'bonus_lists': [6691, 1692], 'modifiers': [{'type': 9, 'value': 30}, {'type': 28, 'value': 38}]}"
1758145355,VERY_LONG,,1,43796300,,"{'id': 6098, 'context': 14}"
1758145358,VERY_LONG,,1,207208600,,"{'id': 94213, 'context': 0, 'bonus_lists': [1709]}"
1758145378,VERY_LONG,,1,24990000,,"{'id': 14659, 'context': 54, 'bonus_lists': [4278], 'modifiers': [{'type': 9, 'value': 50}]}"
1758147302,VERY_LONG,,1,25000000,,"{'id': 15372, 'context': 54, 'bonus_lists': [1707, 4278], 'modifiers': [{'type': 9, 'value': 50}]}"
1758151242,VERY_LONG,,1,25000000,,"{'id': 8281, 'context': 1}"
1758147513,VERY_LONG,,1,109642300,,"{'id': 14119, 'context': 1, 'bonus_lists': [6654, 1691], 'modifiers': [{'type': 9, 'value': 30}, {'type': 28, 'value': 193}]}"
1758151399,VERY_LONG,,1,27963700,,"{'id': 4296, 'context': 1}"
1758147650,VERY_LONG,,1,122000000,,"{'id': 31226, 'context': 0}"
1758148665,VERY_LONG,,1,41815000,,"{'id': 14833, 'context': 53, 'bonus_lists': [4277], 'modifiers': [{'type': 9, 'value': 50}]}"
1758150214,VERY_LONG,,1,92630000,,"{'id': 15120, 'context': 54, 'bonus_lists': [1678, 4277], 'modifiers': [{'type': 9, 'value': 50}]}"
1758150948,VERY_LONG,,1,18479700,,"{'id': 2299, 'context': 0}"
1758150956,VERY_LONG,,1,29078800,,"{'id': 14722, 'context': 1, 'bonus_lists': [6654], 'modifiers': [{'type': 9, 'value': 30}, {'type': 28, 'value': 193}]}"
1758143673,VERY_LONG,,1,25000000,,"{'id': 14414, 'context': 54, 'bonus_lists': [4278], 'modifiers': [{'type': 9, 'value': 50}]}"
1758143886,VERY_LONG,,1,76547400,,"{'id': 14983, 'context': 1, 'bonus_lists': [1681]}"
1758143770,VERY_LONG,,1,61768000,,"{'id': 9435, 'context': 53, 'bonus_lists': [4269], 'modifiers': [{'type': 9, 'value': 50}]}"
1758143859,VERY_LONG,,1,57379800,,"{'id': 15515, 'context': 54, 'bonus_lists': [1709, 4277], 'modifiers': [{'type': 9, 'value': 50}]}"
1758143984,VERY_LONG,,1,43990000,,"{'id': 9420, 'context': 1, 'bonus_lists': [4065], 'modifiers': [{'type': 9, 'value': 25}]}"
1758145040,VERY_LONG,,1,63772700,,"{'id': 13105, 'context': 1}"
1758145145,VERY_LONG,,1,42478600,,"{'id': 141408, 'context': 0}"
1758145483,VERY_LONG,,1,64390400,,"{'id': 14785, 'context': 53, 'bonus_lists': [4277], 'modifiers': [{'type': 9, 'value': 50}]}"
1758145489,VERY_LONG,,1,375476600,,"{'id': 5819, 'context': 1, 'bonus_lists': [4054], 'modifiers': [{'type': 9, 'value': 25}]}"
1758145500,VERY_LONG,,1,42893000,,"{'id': 9967, 'context': 1, 'bonus_lists': [1691]}"
1758172916,VERY_LONG,,1,1509700,,"{'id': 82800, 'context': 0, 'modifiers': [{'type': 6, 'value': 48057}], 'pet_breed_id': 20, 'pet_level': 1, 'pet_quality_id': 3, 'pet_species_id': 1213}"
1758172945,VERY_LONG,,1,4999900,,"{'id': 82800, 'context': 0, 'modifiers': [{'type': 6, 'value': 40521}], 'pet_breed_id': 6, 'pet_level': 1, 'pet_quality_id': 2, 'pet_species_id': 1040}"
1758172999,VERY_LONG,,1,3000000,,"{'id': 82800, 'context': 0, 'modifiers': [{'type': 6, 'value': 28502}], 'pet_breed_id': 5, 'pet_level': 1, 'pet_quality_id': 3, 'pet_species_id': 1511}"
1758173004,VERY_LONG,,1,61940000,,"{'id': 82800, 'context': 0, 'modifiers': [{'type': 6, 'value': 27681}], 'pet_breed_id': 10, 'pet_level': 1, 'pet_quality_id': 2, 'pet_species_id': 126}"
1758173013,VERY_LONG,,1,169300000,,"{'id': 82800, 'context': 0, 'modifiers': [{'type': 6, 'value': 38135}], 'pet_breed_id': 6, 'pet_level': 1, 'pet_quality_id': 2, 'pet_species_id': 289}"
1758173043,VERY_LONG,,1,4990000,,"{'id': 82800, 'context': 0, 'modifiers': [{'type': 6, 'value': 47731}], 'pet_breed_id': 4, 'pet_level': 1, 'pet_quality_id': 3, 'pet_species_id': 1180}"
1758172948,VERY_LONG,,1,69900000,,"{'id': 82800, 'context': 0, 'modifiers': [{'type': 6, 'value': 2176}], 'pet_breed_id': 7, 'pet_level': 1, 'pet_quality_id': 2, 'pet_species_id': 127}"
1758173005,VERY_LONG,,1,281600000,,"{'id': 82800, 'context': 0, 'modifiers': [{'type': 6, 'value': 38134}], 'pet_breed_id': 3, 'pet_level': 1, 'pet_quality_id': 2, 'pet_species_id': 308}"
1758173031,VERY_LONG,,1,10009900,,"{'id': 82800, 'context': 0, 'modifiers': [{'type': 6, 'value': 48056}], 'pet_breed_id': 5, 'pet_level': 1, 'pet_quality_id': 3, 'pet_species_id': 1212}"
1758173010,VERY_LONG,,1,10190000,,"{'id': 82800, 'context': 0, 'modifiers': [{'type': 6, 'value': 11709}], 'pet_breed_id': 10, 'pet_level': 1, 'pet_quality_id': 2, 'pet_species_id': 224}"
1758173027,VERY_LONG,,1,47240000,,"{'id': 82800, 'context': 0, 'modifiers': [{'type': 6, 'value': 21381}], 'pet_breed_id': 3, 'pet_level': 1, 'pet_quality_id': 2, 'pet_species_id': 157}"
1758172955,VERY_LONG,,1,5500000,,"{'id': 82800, 'context': 0, 'modifiers': [{'type': 6, 'value': 58534}], 'pet_breed_id': 17, 'pet_level': 1, 'pet_quality_id': 3, 'pet_species_id': 1569}"
1758045528,VERY_LONG,,1,100522600,,"{'id': 171412, 'context': 64, 'bonus_lists': [6717, 1507]}"
1758045532,VERY_LONG,,1,100522600,,"{'id': 171412, 'context': 64, 'bonus_lists': [6717, 1507]}"
1758045541,VERY_LONG,,1,100522600,,"{'id': 171412, 'context': 64, 'bonus_lists': [6717, 1507]}"
1758045536,VERY_LONG,,1,100522600,,"{'id': 171412, 'context': 64, 'bonus_lists': [6717, 1507]}"
1758045537,VERY_LONG,,1,100522600,,"{'id': 171412, 'context': 64, 'bonus_lists': [6717, 1507]}"
1758045533,VERY_LONG,,1,100522600,,"{'id': 171412, 'context': 64, 'bonus_lists': [6717, 1507]}"
1758045530,VERY_LONG,,1,100522600,,"{'id': 171412, 'context': 64, 'bonus_lists': [6717, 1507]}"
1757645694,LONG,,1,49999000,,"{'id': 31256, 'context': 0, 'bonus_lists': [3631, 1681], 'modifiers': [{'type': 9, 'value': 30}, {'type': 28, 'value': 4}]}"
1757645677,LONG,,1,49996900,,"{'id': 31264, 'context': 0, 'bonus_lists': [3631, 6697, 1705], 'modifiers': [{'type': 9, 'value': 30}, {'type': 28, 'value': 4}]}"
1757752848,LONG,,1,99000000,,"{'id': 82800, 'context': 0, 'modifiers': [{'type': 6, 'value': 97479}], 'pet_breed_id': 17, 'pet_level': 1, 'pet_quality_id': 2, 'pet_species_id': 3038}"
1757752839,LONG,,1,60000000,,"{'id': 82800, 'context': 0, 'modifiers': [{'type': 6, 'value': 16587}], 'pet_breed_id': 3, 'pet_level': 1, 'pet_quality_id': 2, 'pet_species_id': 128}"
1757752824,LONG,,1,292000000,,"{'id': 82800, 'context': 0, 'modifiers': [{'type': 6, 'value': 38473}], 'pet_breed_id': 4, 'pet_level': 1, 'pet_quality_id': 2, 'pet_species_id': 1517}"
1757752814,LONG,,1,169800000,,"{'id': 82800, 'context': 0, 'modifiers': [{'type': 6, 'value': 38135}], 'pet_breed_id': 6, 'pet_level': 1, 'pet_quality_id': 2, 'pet_species_id': 289}"
1757654959,LONG,,1,19949800,,"{'id': 82800, 'context': 0, 'modifiers': [{'type': 6, 'value': 48666}], 'pet_breed_id': 11, 'pet_level': 1, 'pet_quality_id': 3, 'pet_species_id': 1231}"
1757654957,LONG,,1,19599800,,"{'id': 82800, 'context': 0, 'modifiers': [{'type': 6, 'value': 79760}], 'pet_breed_id': 15, 'pet_level': 1, 'pet_quality_id': 3, 'pet_species_id': 2120}"
1757655269,LONG,,1,498991100,,"{'id': 180163, 'context': 0, 'bonus_lists': [6908, 6652, 1717], 'modifiers': [{'type': 9, 'value': 60}, {'type': 28, 'value': 1229}]}"
1757654948,LONG,,1,9344000,,"{'id': 82800, 'context': 0, 'modifiers': [{'type': 6, 'value': 60732}], 'pet_breed_id': 17, 'pet_level': 1, 'pet_quality_id': 3, 'pet_species_id': 1564}"
1757655030,LONG,,1,34329800,,"{'id': 82800, 'context': 0, 'modifiers': [{'type': 6, 'value': 79638}], 'pet_breed_id': 12, 'pet_level': 1, 'pet_quality_id': 3, 'pet_species_id': 2083}"
1757655020,LONG,,1,100000000,,"{'id': 164452, 'context': 11, 'modifiers': [{'type': 28, 'value': 644}]}"
1757655204,LONG,,1,11479700,,"{'id': 82800, 'context': 0, 'modifiers': [{'type': 6, 'value': 28089}], 'pet_breed_id': 6, 'pet_level': 1, 'pet_quality_id': 2, 'pet_species_id': 190}"
1757654966,LONG,,1,38799800,,"{'id': 82800, 'context': 0, 'modifiers': [{'type': 6, 'value': 33559}], 'pet_breed_id': 5, 'pet_level': 1, 'pet_quality_id': 2, 'pet_species_id': 262}"
1757655114,LONG,,1,176899700,,"{'id': 82800, 'context': 0, 'modifiers': [{'type': 6, 'value': 95576}], 'pet_breed_id': 14, 'pet_level': 1, 'pet_quality_id': 2, 'pet_species_id': 2944}"
1757655064,LONG,,1,233999200,,"{'id': 82800, 'context': 0, 'pet_breed_id': 10, 'pet_level': 1, 'pet_quality_id': 3, 'pet_species_id': 2135}"
1757655106,LONG,,1,10929700,,"{'id': 82800, 'context': 0, 'modifiers': [{'type': 6, 'value': 47955}], 'pet_breed_id': 21, 'pet_level': 1, 'pet_quality_id': 2, 'pet_species_id': 652}"
1757655342,LONG,,1,49891600,,"{'id': 94094, 'context': 0, 'bonus_lists': [1705]}"
1758022836,VERY_LONG,,1,940000000,,"{'id': 184796, 'context': 0, 'bonus_lists': [6652, 1472, 6646], 'modifiers': [{'type': 28, 'value': 1707}]}"
1757655085,LONG,,1,16259900,,"{'id': 82800, 'context': 0, 'modifiers': [{'type': 6, 'value': 47859}], 'pet_breed_id': 12, 'pet_level': 1, 'pet_quality_id': 3, 'pet_species_id': 2582}"
1757655116,LONG,,1,346500000,,"{'id': 50379, 'context': 0}"
1757655394,LONG,,1,49894300,,"{'id': 25167, 'context': 0, 'bonus_lists': [6655, 1678], 'modifiers': [{'type': 9, 'value': 30}, {'type': 28, 'value': 43}]}"
1757655078,LONG,,1,28809800,,"{'id': 82800, 'context': 0, 'modifiers': [{'type': 6, 'value': 22629}], 'pet_breed_id': 7, 'pet_level': 1, 'pet_quality_id': 2, 'pet_species_id': 166}"
1757655012,LONG,,1,44999900,,"{'id': 82800, 'context': 0, 'modifiers': [{'type': 6, 'value': 88007}], 'pet_breed_id': 12, 'pet_level': 1, 'pet_quality_id': 3, 'pet_species_id': 2453}"
1757655093,LONG,,1,14999900,,"{'id': 82800, 'context': 0, 'modifiers': [{'type': 6, 'value': 59577}], 'pet_breed_id': 17, 'pet_level': 1, 'pet_quality_id': 3, 'pet_species_id': 1531}"
1757655023,LONG,,1,3999800,,"{'id': 82800, 'context': 0, 'modifiers': [{'type': 6, 'value': 88001}], 'pet_breed_id': 21, 'pet_level': 1, 'pet_quality_id': 3, 'pet_species_id': 2447}"
1757655096,LONG,,1,49457400,,"{'id': 5958, 'context': 0}"
1757655122,LONG,,1,346500000,,"{'id': 50379, 'context': 0, 'modifiers': [{'type': 28, 'value': 1087}]}"
1757654975,LONG,,1,8550900,,"{'id': 82800, 'context': 0, 'modifiers': [{'type': 6, 'value': 60819}], 'pet_breed_id': 15, 'pet_level': 1, 'pet_quality_id': 3, 'pet_species_id': 1566}"
1757655034,LONG,,1,17714600,,"{'id': 82800, 'context': 0, 'modifiers': [{'type': 6, 'value': 48878}], 'pet_breed_id': 5, 'pet_level': 1, 'pet_quality_id': 3, 'pet_species_id': 1226}"
1757655209,LONG,,1,4999900,,"{'id': 82800, 'context': 0, 'modifiers': [{'type': 6, 'value': 40521}], 'pet_breed_id': 6, 'pet_level': 1, 'pet_quality_id': 2, 'pet_species_id': 1040}"
1757655035,LONG,,1,17714600,,"{'id': 82800, 'context': 0, 'modifiers': [{'type': 6, 'value': 48878}], 'pet_breed_id': 5, 'pet_level': 1, 'pet_quality_id': 3, 'pet_species_id': 1226}"
1757655200,LONG,,1,23999700,,"{'id': 82800, 'context': 0, 'pet_breed_id': 8, 'pet_level': 1, 'pet_quality_id': 3, 'pet_species_id': 1962}"
1757655041,LONG,,1,2499700,,"{'id': 82800, 'context': 0, 'modifiers': [{'type': 6, 'value': 48668}], 'pet_breed_id': 6, 'pet_level': 1, 'pet_quality_id': 3, 'pet_species_id': 1234}"
1757655285,LONG,,1,98993500,,"{'id': 151578, 'context': 13, 'bonus_lists': [3598, 600, 1693, 3408, 3609]}"
1757655437,LONG,,1,149894800,,"{'id': 164528, 'context': 11, 'modifiers': [{'type': 28, 'value': 644}]}"
1757655045,LONG,,1,23989800,,"{'id': 82800, 'context': 0, 'modifiers': [{'type': 6, 'value': 65717}], 'pet_breed_id': 4, 'pet_level': 1, 'pet_quality_id': 3, 'pet_species_id': 1766}"
1757655101,LONG,,1,9999900,,"{'id': 82800, 'context': 0, 'modifiers': [{'type': 6, 'value': 22778}], 'pet_breed_id': 15, 'pet_level': 1, 'pet_quality_id': 2, 'pet_species_id': 254}"
1757654965,LONG,,1,1509700,,"{'id': 82800, 'context': 0, 'modifiers': [{'type': 6, 'value': 48057}], 'pet_breed_id': 18, 'pet_level': 1, 'pet_quality_id': 3, 'pet_species_id': 1213}"
1757655098,LONG,,1,49499900,,"{'id': 82800, 'context': 0, 'modifiers': [{'type': 6, 'value': 24751}], 'pet_breed_id': 13, 'pet_level': 1, 'pet_quality_id': 3, 'pet_species_id': 2080}"
1757655080,LONG,,1,226119300,,"{'id': 163965, 'context': 54, 'bonus_lists': [4802, 1472, 4786], 'modifiers': [{'type': 28, 'value': 186}]}"
1757621659,LONG,,1,38252700,,"{'id': 177807, 'context': 0, 'bonus_lists': [6706], 'modifiers': [{'type': 9, 'value': 60}, {'type': 28, 'value': 746}]}"
1757958311,VERY_LONG,,1,275400,,"{'id': 82800, 'context': 0, 'modifiers': [{'type': 6, 'value': 13610}], 'pet_breed_id': 3, 'pet_level': 1, 'pet_quality_id': 2, 'pet_species_id': 117}"
1757958607,VERY_LONG,,1,196999500,,"{'id': 82800, 'context': 0, 'modifiers': [{'type': 6, 'value': 47958}], 'pet_breed_id': 21, 'pet_level': 1, 'pet_quality_id': 3, 'pet_species_id': 1208}"
1757953610,VERY_LONG,,1,7000100,,"{'id': 82800, 'context': 0, 'modifiers': [{'type': 6, 'value': 58825}], 'pet_breed_id': 20, 'pet_level': 1, 'pet_quality_id': 2, 'pet_species_id': 1471}"
1757956115,VERY_LONG,,1,17430000,,"{'id': 82800, 'context': 0, 'modifiers': [{'type': 6, 'value': 28217}], 'pet_breed_id': 7, 'pet_level': 1, 'pet_quality_id': 2, 'pet_species_id': 196}"
1757956479,VERY_LONG,,1,10000,,"{'id': 82800, 'context': 0, 'modifiers': [{'type': 6, 'value': 42721}], 'pet_breed_id': 22, 'pet_level': 1, 'pet_quality_id': 2, 'pet_species_id': 847}"
1757956481,VERY_LONG,,1,10000,,"{'id': 82800, 'context': 0, 'modifiers': [{'type': 6, 'value': 42721}], 'pet_breed_id': 22, 'pet_level': 1, 'pet_quality_id': 2, 'pet_species_id': 847}"
1757956699,VERY_LONG,,1,195700,,"{'id': 82800, 'context': 0, 'modifiers': [{'type': 6, 'value': 61547}], 'pet_breed_id': 8, 'pet_level': 1, 'pet_quality_id': 2, 'pet_species_id': 1540}"
1757956823,VERY_LONG,,1,7958100,,"{'id': 82800, 'context': 0, 'modifiers': [{'type': 6, 'value': 89609}], 'pet_breed_id': 5, 'pet_level': 1, 'pet_quality_id': 3, 'pet_species_id': 2525}"
1757958310,VERY_LONG,,1,275400,,"{'id': 82800, 'context': 0, 'modifiers': [{'type': 6, 'value': 13610}], 'pet_breed_id': 3, 'pet_level': 1, 'pet_quality_id': 2, 'pet_species_id': 117}"
1757958689,VERY_LONG,,1,45000,,"{'id': 82800, 'context': 0, 'modifiers': [{'type': 6, 'value': 15904}], 'pet_breed_id': 3, 'pet_level': 1, 'pet_quality_id': 2, 'pet_species_id': 118}"
1757958730,VERY_LONG,,1,183400,,"{'id': 82800, 'context': 0, 'modifiers': [{'type': 6, 'value': 1206}], 'pet_breed_id': 5, 'pet_level': 1, 'pet_quality_id': 2, 'pet_species_id': 75}"
1757958922,VERY_LONG,,1,500000,,"{'id': 82800, 'context': 0, 'modifiers': [{'type': 6, 'value': 15660}], 'pet_breed_id': 3, 'pet_level': 1, 'pet_quality_id': 2, 'pet_species_id': 119}"
1757953782,VERY_LONG,,1,8008200,,"{'id': 82800, 'context': 0, 'modifiers': [{'type': 6, 'value': 99899}], 'pet_breed_id': 10, 'pet_level': 1, 'pet_quality_id': 2, 'pet_species_id': 2925}"
1757953919,VERY_LONG,,1,1500000,,"{'id': 82800, 'context': 0, 'modifiers': [{'type': 6, 'value': 29809}], 'pet_breed_id': 6, 'pet_level': 1, 'pet_quality_id': 2, 'pet_species_id': 236}"
1757953579,VERY_LONG,,1,4440000,,"{'id': 173243, 'context': 63, 'bonus_lists': [6716, 1487]}"
1757956755,VERY_LONG,,1,155750000,,"{'id': 82800, 'context': 0, 'modifiers': [{'type': 6, 'value': 46921}], 'pet_breed_id': 7, 'pet_level': 1, 'pet_quality_id': 3, 'pet_species_id': 1146}"
1757956768,VERY_LONG,,1,12000500,,"{'id': 82800, 'context': 0, 'modifiers': [{'type': 6, 'value': 63446}], 'pet_breed_id': 14, 'pet_level': 1, 'pet_quality_id': 3, 'pet_species_id': 1662}"
1757958272,VERY_LONG,,1,6000000,,"{'id': 82800, 'context': 0, 'modifiers': [{'type': 6, 'value': 75766}], 'pet_breed_id': 18, 'pet_level': 1, 'pet_quality_id': 3, 'pet_species_id': 2042}"
1757953829,VERY_LONG,,1,50000,,"{'id': 82800, 'context': 0, 'modifiers': [{'type': 6, 'value': 66155}], 'pet_breed_id': 12, 'pet_level': 1, 'pet_quality_id': 3, 'pet_species_id': 1802}"
1757956555,VERY_LONG,,1,110000,,"{'id': 32747, 'context': 3, 'modifiers': [{'type': 28, 'value': 1014}]}"
1757956659,VERY_LONG,,1,11693800,,"{'id': 38277, 'context': 0}"
1757956698,VERY_LONG,,1,195700,,"{'id': 82800, 'context': 0, 'modifiers': [{'type': 6, 'value': 61547}], 'pet_breed_id': 8, 'pet_level': 1, 'pet_quality_id': 2, 'pet_species_id': 1540}"
1757956602,VERY_LONG,,1,14999900,,"{'id': 82800, 'context': 0, 'modifiers': [{'type': 6, 'value': 59577}], 'pet_breed_id': 17, 'pet_level': 1, 'pet_quality_id': 3, 'pet_species_id': 1531}"
1757958523,VERY_LONG,,1,1950000,,"{'id': 82800, 'context': 0, 'modifiers': [{'type': 6, 'value': 6295}], 'pet_breed_id': 12, 'pet_level': 1, 'pet_quality_id': 2, 'pet_species_id': 65}"
1757953863,VERY_LONG,,1,100000,,"{'id': 82800, 'context': 0, 'modifiers': [{'type': 6, 'value': 99018}], 'pet_breed_id': 7, 'pet_level': 1, 'pet_quality_id': 2, 'pet_species_id': 2798}"
1757953582,VERY_LONG,,1,4440000,,"{'id': 173243, 'context': 63, 'bonus_lists': [6716, 1487]}"
1757953807,VERY_LONG,,1,19600000,,"{'id': 82800, 'context': 0, 'modifiers': [{'type': 6, 'value': 65071}], 'pet_breed_id': 7, 'pet_level': 1, 'pet_quality_id': 3, 'pet_species_id': 1705}"
1757956661,VERY_LONG,,1,11693800,,"{'id': 38277, 'context': 0}"
1757953779,VERY_LONG,,1,8008200,,"{'id': 82800, 'context': 0, 'modifiers': [{'type': 6, 'value': 99899}], 'pet_breed_id': 10, 'pet_level': 1, 'pet_quality_id': 2, 'pet_species_id': 2925}"
1757956311,VERY_LONG,,1,10400,,"{'id': 110294, 'context': 0}"
1757956357,VERY_LONG,,1,553700,,"{'id': 82800, 'context': 0, 'modifiers': [{'type': 6, 'value': 6190}], 'pet_breed_id': 13, 'pet_level': 1, 'pet_quality_id': 2, 'pet_species_id': 51}"
1757956505,VERY_LONG,,1,11379700,,"{'id': 82800, 'context': 0, 'modifiers': [{'type': 6, 'value': 28089}], 'pet_breed_id': 12, 'pet_level': 1, 'pet_quality_id': 2, 'pet_species_id': 190}"
1757958277,VERY_LONG,,1,6000000,,"{'id': 82800, 'context': 0, 'modifiers': [{'type': 6, 'value': 75766}], 'pet_breed_id': 18, 'pet_level': 1, 'pet_quality_id': 3, 'pet_species_id': 2042}"
1757958494,VERY_LONG,,1,36012700,,"{'id': 82800, 'context': 0, 'modifiers': [{'type': 6, 'value': 61894}], 'pet_breed_id': 10, 'pet_level': 1, 'pet_quality_id': 3, 'pet_species_id': 1629}"
1757953577,VERY_LONG,,1,4440000,,"{'id': 173243, 'context': 63, 'bonus_lists': [6716, 1487]}"
1757956660,VERY_LONG,,1,11693800,,"{'id': 38277, 'context': 0}"
1757958492,VERY_LONG,,1,36012700,,"{'id': 82800, 'context': 0, 'modifiers': [{'type': 6, 'value': 61894}], 'pet_breed_id': 12, 'pet_level': 1, 'pet_quality_id': 3, 'pet_species_id': 1629}"
1757956303,VERY_LONG,,1,7600000,,"{'id': 82800, 'context': 0, 'modifiers': [{'type': 6, 'value': 99896}], 'pet_breed_id': 4, 'pet_level': 1, 'pet_quality_id': 2, 'pet_species_id': 2921}"
1757956462,VERY_LONG,,1,2220200,,"{'id': 37163, 'context': 0}"
1757956506,VERY_LONG,,1,11379700,,"{'id': 82800, 'context': 0, 'modifiers': [{'type': 6, 'value': 28089}], 'pet_breed_id': 12, 'pet_level': 1, 'pet_quality_id': 2, 'pet_species_id': 190}"
1757956552,VERY_LONG,,1,110000,,"{'id': 32747, 'context': 3, 'modifiers': [{'type': 28, 'value': 1014}]}"
1757956410,VERY_LONG,,1,17550100,,"{'id': 82800, 'context': 0, 'modifiers': [{'type': 6, 'value': 58770}], 'pet_breed_id': 15, 'pet_level': 1, 'pet_quality_id': 3, 'pet_species_id': 1467}"
1757956581,VERY_LONG,,1,90100,,"{'id': 30308, 'context': 0, 'modifiers': [{'type': 28, 'value': 1012}]}"
1757956626,VERY_LONG,,1,14599000,,"{'id': 10036, 'context': 0}"
1757958691,VERY_LONG,,1,45000,,"{'id': 82800, 'context': 0, 'modifiers': [{'type': 6, 'value': 15904}], 'pet_breed_id': 3, 'pet_level': 1, 'pet_quality_id': 2, 'pet_species_id': 118}"
1757956449,VERY_LONG,,1,2220200,,"{'id': 37163, 'context': 0}"
1757958894,VERY_LONG,,1,1000000,,"{'id': 82800, 'context': 0, 'modifiers': [{'type': 6, 'value': 46898}], 'pet_breed_id': 18, 'pet_level': 1, 'pet_quality_id': 3, 'pet_species_id': 1143}"
1757953867,VERY_LONG,,1,100000,,"{'id': 82800, 'context': 0, 'modifiers': [{'type': 6, 'value': 99018}], 'pet_breed_id': 7, 'pet_level': 1, 'pet_quality_id': 2, 'pet_species_id': 2798}"
1757956664,VERY_LONG,,1,11693800,,"{'id': 38277, 'context': 0}"
1757956977,VERY_LONG,,1,1000000,,"{'id': 82800, 'context': 0, 'modifiers': [{'type': 6, 'value': 98459}], 'pet_breed_id': 15, 'pet_level': 1, 'pet_quality_id': 2, 'pet_species_id': 3022}"
1757958315,VERY_LONG,,1,275400,,"{'id': 82800, 'context': 0, 'modifiers': [{'type': 6, 'value': 13610}], 'pet_breed_id': 3, 'pet_level': 1, 'pet_quality_id': 2, 'pet_species_id': 117}"
1757952212,VERY_LONG,,1,87726100,,"{'id': 60854, 'context': 0}"
1757952222,VERY_LONG,,1,48452900,,"{'id': 87215, 'context': 0}"
1757952217,VERY_LONG,,1,115802700,110012600,"{'id': 164282, 'context': 11, 'modifiers': [{'type': 28, 'value': 645}]}"
1757952206,VERY_LONG,,1,19997700,,"{'id': 109167, 'context': 0}"
1757952215,VERY_LONG,,1,30835500,29293700,"{'id': 164420, 'context': 11, 'modifiers': [{'type': 28, 'value': 645}]}"
1757952204,VERY_LONG,,1,19997700,,"{'id': 109167, 'context': 1}"
1757952199,VERY_LONG,,1,75102400,71347300,"{'id': 164451, 'context': 11, 'modifiers': [{'type': 28, 'value': 644}]}"
1757952218,VERY_LONG,,1,195897500,186102600,"{'id': 164369, 'context': 11}"
1758015905,VERY_LONG,,1,99990900,,"{'id': 171418, 'context': 65, 'bonus_lists': [6718, 7193, 1522]}"
1758015907,VERY_LONG,,1,99990900,,"{'id': 171418, 'context': 65, 'bonus_lists': [6718, 7194, 1522]}"
1758015909,VERY_LONG,,1,99990900,,"{'id': 171418, 'context': 65, 'bonus_lists': [6718, 7193, 1522]}"
1758015903,VERY_LONG,,1,99990900,,"{'id': 171418, 'context': 65, 'bonus_lists': [6718, 7194, 1522]}"
1758015899,VERY_LONG,,1,99990900,,"{'id': 171418, 'context': 65, 'bonus_lists': [6718, 7194, 1522]}"
1757556133,LONG,,1,859990000,,"{'id': 182990, 'context': 5, 'bonus_lists': [7188, 6652, 1485, 6646], 'modifiers': [{'type': 28, 'value': 752}]}"
1758102933,VERY_LONG,,1,100006200,,"{'id': 14805, 'context': 0, 'bonus_lists': [6654], 'modifiers': [{'type': 9, 'value': 30}, {'type': 28, 'value': 36}]}"
1757821876,LONG,,1,148480200,,"{'id': 82800, 'context': 0, 'modifiers': [{'type': 6, 'value': 47747}], 'pet_breed_id': 9, 'pet_level': 1, 'pet_quality_id': 3, 'pet_species_id': 1196}"
1757821909,LONG,,1,9390000,,"{'id': 82800, 'context': 0, 'modifiers': [{'type': 6, 'value': 61896}], 'pet_breed_id': 7, 'pet_level': 1, 'pet_quality_id': 3, 'pet_species_id': 1632}"
1757821720,LONG,,1,16623100,,"{'id': 82800, 'context': 0, 'modifiers': [{'type': 6, 'value': 48664}], 'pet_breed_id': 7, 'pet_level': 1, 'pet_quality_id': 3, 'pet_species_id': 1233}"
1757736638,LONG,,1,2490000,,"{'id': 82800, 'context': 0, 'modifiers': [{'type': 6, 'value': 65630}], 'pet_breed_id': 8, 'pet_level': 1, 'pet_quality_id': 3, 'pet_species_id': 1753}"
1757736684,LONG,,1,360790000,,"{'id': 172327, 'context': 65, 'bonus_lists': [6718, 1522]}"
1757821661,LONG,,1,13600000,,"{'id': 82800, 'context': 0, 'modifiers': [{'type': 6, 'value': 61889}], 'pet_breed_id': 19, 'pet_level': 1, 'pet_quality_id': 3, 'pet_species_id': 1627}"
1757821680,LONG,,1,166400,,"{'id': 82800, 'context': 0, 'modifiers': [{'type': 6, 'value': 64194}], 'pet_breed_id': 3, 'pet_level': 1, 'pet_quality_id': 3, 'pet_species_id': 1687}"
1757821852,LONG,,1,36512700,,"{'id': 82800, 'context': 0, 'modifiers': [{'type': 6, 'value': 61894}], 'pet_breed_id': 12, 'pet_level': 1, 'pet_quality_id': 3, 'pet_species_id': 1629}"
1757821429,LONG,,1,14990800,,"{'id': 82800, 'context': 0, 'modifiers': [{'type': 6, 'value': 90867}], 'pet_breed_id': 16, 'pet_level': 1, 'pet_quality_id': 3, 'pet_species_id': 2586}"
1757821780,LONG,,1,500000,,"{'id': 82800, 'context': 0, 'modifiers': [{'type': 6, 'value': 99850}], 'pet_breed_id': 18, 'pet_level': 1, 'pet_quality_id': 3, 'pet_species_id': 3044}"
1757574256,LONG,,1,5000000,,"{'id': 82800, 'context': 0, 'modifiers': [{'type': 6, 'value': 90715}], 'pet_breed_id': 14, 'pet_level': 1, 'pet_quality_id': 3, 'pet_species_id': 2580}"
1757821635,LONG,,1,7900000,,"{'id': 82800, 'context': 0, 'pet_breed_id': 3, 'pet_level': 1, 'pet_quality_id': 3, 'pet_species_id': 1952}"
1757821380,LONG,,1,8506400,,"{'id': 82800, 'context': 0, 'modifiers': [{'type': 6, 'value': 51475}], 'pet_breed_id': 5, 'pet_level': 25, 'pet_quality_id': 3, 'pet_species_id': 1343}"
1757821614,LONG,,1,2000100,,"{'id': 82800, 'context': 0, 'modifiers': [{'type': 6, 'value': 90830}], 'pet_breed_id': 11, 'pet_level': 1, 'pet_quality_id': 3, 'pet_species_id': 2581}"
1757574254,LONG,,1,5000000,,"{'id': 82800, 'context': 0, 'modifiers': [{'type': 6, 'value': 90715}], 'pet_breed_id': 14, 'pet_level': 1, 'pet_quality_id': 3, 'pet_species_id': 2580}"
1757821754,LONG,,1,100000,,"{'id': 82800, 'context': 0, 'modifiers': [{'type': 6, 'value': 65091}], 'pet_breed_id': 8, 'pet_level': 1, 'pet_quality_id': 3, 'pet_species_id': 1907}"
1757821814,LONG,,1,55990000,,"{'id': 82800, 'context': 0, 'modifiers': [{'type': 6, 'value': 90745}], 'pet_breed_id': 6, 'pet_level': 1, 'pet_quality_id': 3, 'pet_species_id': 2587}"
1757574192,LONG,,1,384310000,,"{'id': 172327, 'context': 65, 'bonus_lists': [6718, 1522]}"
1757736624,LONG,,1,23999700,,"{'id': 82800, 'context': 0, 'pet_breed_id': 18, 'pet_level': 1, 'pet_quality_id': 3, 'pet_species_id': 1962}"
1757821701,LONG,,1,34550000,,"{'id': 82800, 'context': 0, 'modifiers': [{'type': 6, 'value': 59352}], 'pet_breed_id': 19, 'pet_level': 1, 'pet_quality_id': 3, 'pet_species_id': 1524}"
1757821406,LONG,,1,34550000,,"{'id': 82800, 'context': 0, 'modifiers': [{'type': 6, 'value': 59352}], 'pet_breed_id': 19, 'pet_level': 1, 'pet_quality_id': 3, 'pet_species_id': 1524}"
1757984536,VERY_LONG,,1,1499999900,,"{'id': 159840, 'context': 54, 'bonus_lists': [1472, 4786]}"
1757591397,LONG,,1,39989900,,"{'id': 164458, 'context': 11}"
1757997700,VERY_LONG,,1,1000000000,,"{'id': 78212, 'context': 14}"
1757618712,LONG,,1,150009200,,"{'id': 183616, 'context': 0, 'modifiers': [{'type': 28, 'value': 1401}]}"
1757750471,LONG,,1,35000000,,"{'id': 82800, 'context': 0, 'modifiers': [{'type': 6, 'value': 99872}], 'pet_breed_id': 4, 'pet_level': 1, 'pet_quality_id': 2, 'pet_species_id': 3032}"
1757750391,LONG,,1,2710000,,"{'id': 82800, 'context': 0, 'modifiers': [{'type': 6, 'value': 99927}], 'pet_breed_id': 17, 'pet_level': 1, 'pet_quality_id': 2, 'pet_species_id': 2920}"
1757750389,LONG,,1,2710000,,"{'id': 82800, 'context': 0, 'modifiers': [{'type': 6, 'value': 99927}], 'pet_breed_id': 17, 'pet_level': 1, 'pet_quality_id': 2, 'pet_species_id': 2920}"
1758038842,VERY_LONG,,1,1008400,,"{'id': 36066, 'context': 0, 'bonus_lists': [6654, 1678], 'modifiers': [{'type': 9, 'value': 30}, {'type': 28, 'value': 1017}]}"
1758038948,VERY_LONG,,1,2007300,,"{'id': 36677, 'context': 2, 'bonus_lists': [6655, 1678], 'modifiers': [{'type': 9, 'value': 30}, {'type': 28, 'value': 1096}]}"
1758023418,VERY_LONG,,1,1008500,,"{'id': 55601, 'context': 5, 'bonus_lists': [6654, 1698], 'modifiers': [{'type': 9, 'value': 35}, {'type': 28, 'value': 1029}]}"
1758025379,VERY_LONG,,1,28440700,,"{'id': 40246, 'context': 0, 'modifiers': [{'type': 28, 'value': 1017}]}"
1758025574,VERY_LONG,,1,11321300,,"{'id': 10126, 'context': 1, 'bonus_lists': [6654, 1678], 'modifiers': [{'type': 9, 'value': 30}, {'type': 28, 'value': 201}]}"
1758025663,VERY_LONG,,1,3500000,,"{'id': 16806, 'context': 0, 'modifiers': [{'type': 28, 'value': 1004}]}"
1758023291,VERY_LONG,,1,4441800,,"{'id': 25085, 'context': 0, 'bonus_lists': [6655, 1709], 'modifiers': [{'type': 9, 'value': 30}, {'type': 28, 'value': 1011}]}"
1758024007,VERY_LONG,,1,7567800,,"{'id': 36152, 'context': 0, 'bonus_lists': [6654, 1678], 'modifiers': [{'type': 9, 'value': 30}, {'type': 28, 'value': 1023}]}"
1758025852,VERY_LONG,,1,3001300,,"{'id': 15253, 'context': 1, 'bonus_lists': [6655, 1691], 'modifiers': [{'type': 9, 'value': 30}, {'type': 28, 'value': 201}]}"
1758022875,VERY_LONG,,1,1008200,,"{'id': 55729, 'context': 5, 'bonus_lists': [6654, 1716], 'modifiers': [{'type': 9, 'value': 35}, {'type': 28, 'value': 1029}]}"
1758023110,VERY_LONG,,1,2006400,,"{'id': 55539, 'context': 5, 'bonus_lists': [6654, 1680], 'modifiers': [{'type': 9, 'value': 35}, {'type': 28, 'value': 1029}]}"
1758023532,VERY_LONG,,1,41485300,,"{'id': 24608, 'context': 2, 'bonus_lists': [6654, 1691], 'modifiers': [{'type': 9, 'value': 30}, {'type': 28, 'value': 1072}]}"
1758023699,VERY_LONG,,1,6299100,,"{'id': 36259, 'context': 0, 'bonus_lists': [6654, 1706], 'modifiers': [{'type': 9, 'value': 30}, {'type': 28, 'value': 1017}]}"
1758023919,VERY_LONG,,1,135956100,,"{'id': 55342, 'context': 5, 'bonus_lists': [6655, 1715], 'modifiers': [{'type': 9, 'value': 35}, {'type': 28, 'value': 1029}]}"
1758024026,VERY_LONG,,1,9329600,,"{'id': 36150, 'context': 0, 'bonus_lists': [6654, 1678], 'modifiers': [{'type': 9, 'value': 30}, {'type': 28, 'value': 1023}]}"
1758025135,VERY_LONG,,1,8315000,,"{'id': 36035, 'context': 0, 'bonus_lists': [6654, 1693], 'modifiers': [{'type': 9, 'value': 30}, {'type': 28, 'value': 1023}]}"
1758025182,VERY_LONG,,1,10307700,,"{'id': 36363, 'context': 2, 'bonus_lists': [6654, 1707], 'modifiers': [{'type': 9, 'value': 30}, {'type': 28, 'value': 1096}]}"
1758023574,VERY_LONG,,1,1007000,,"{'id': 24594, 'context': 2, 'bonus_lists': [6654, 1679], 'modifiers': [{'type': 9, 'value': 30}, {'type': 28, 'value': 1072}]}"
1758023675,VERY_LONG,,1,4001900,,"{'id': 37672, 'context': 2, 'bonus_lists': [4196], 'modifiers': [{'type': 9, 'value': 30}, {'type': 28, 'value': 1096}]}"
1758023484,VERY_LONG,,1,7008100,,"{'id': 121221, 'context': 0, 'bonus_lists': [6654, 42, 1704], 'modifiers': [{'type': 9, 'value': 45}, {'type': 28, 'value': 1178}]}"
1758025730,VERY_LONG,,1,4920300,,"{'id': 13073, 'context': 0, 'bonus_lists': [6658], 'modifiers': [{'type': 9, 'value': 30}, {'type': 28, 'value': 1004}]}"
1758023828,VERY_LONG,,1,2855400,,"{'id': 172923, 'context': 13, 'modifiers': [{'type': 29, 'value': 40}, {'type': 30, 'value': 32}]}"
1758025906,VERY_LONG,,1,5009100,,"{'id': 121224, 'context': 0, 'bonus_lists': [6654, 1685], 'modifiers': [{'type': 9, 'value': 45}, {'type': 28, 'value': 335}]}"
1758023650,VERY_LONG,,1,32075900,,"{'id': 69976, 'context': 5, 'modifiers': [{'type': 28, 'value': 1029}]}"
1758038964,VERY_LONG,,1,3000200,,"{'id': 70929, 'context': 5, 'modifiers': [{'type': 28, 'value': 1029}]}"
1758022911,VERY_LONG,,1,1505700,,"{'id': 160146, 'context': 0, 'bonus_lists': [6654, 1686], 'modifiers': [{'type': 9, 'value': 50}, {'type': 28, 'value': 706}]}"
1758023003,VERY_LONG,,1,1009600,,"{'id': 55763, 'context': 5, 'bonus_lists': [6654, 1713], 'modifiers': [{'type': 9, 'value': 35}, {'type': 28, 'value': 1029}]}"
1758023063,VERY_LONG,,1,17266600,,"{'id': 55702, 'context': 0, 'bonus_lists': [6654, 1709], 'modifiers': [{'type': 9, 'value': 35}, {'type': 28, 'value': 165}]}"
1758023139,VERY_LONG,,1,9320200,,"{'id': 55458, 'context': 5, 'bonus_lists': [6655, 1712], 'modifiers': [{'type': 9, 'value': 35}, {'type': 28, 'value': 1029}]}"
1758023608,VERY_LONG,,1,3004100,,"{'id': 25166, 'context': 2, 'bonus_lists': [6655, 1692], 'modifiers': [{'type': 9, 'value': 30}, {'type': 28, 'value': 1075}]}"
1758025285,VERY_LONG,,1,1006600,,"{'id': 24800, 'context': 0, 'bonus_lists': [6654, 1694], 'modifiers': [{'type': 9, 'value': 30}, {'type': 28, 'value': 1011}]}"
1758025319,VERY_LONG,,1,5007800,,"{'id': 121012, 'context': 0, 'bonus_lists': [6654, 1704], 'modifiers': [{'type': 9, 'value': 45}, {'type': 28, 'value': 331}]}"
1758025260,VERY_LONG,,1,1007200,,"{'id': 24690, 'context': 0, 'bonus_lists': [6654, 1677], 'modifiers': [{'type': 9, 'value': 30}, {'type': 28, 'value': 1011}]}"
1758023953,VERY_LONG,,1,9807600,,"{'id': 55746, 'context': 5, 'bonus_lists': [6654, 1712], 'modifiers': [{'type': 9, 'value': 35}, {'type': 28, 'value': 1029}]}"
1758038971,VERY_LONG,,1,2803500,,"{'id': 16819, 'context': 0, 'modifiers': [{'type': 28, 'value': 1004}]}"
1758025408,VERY_LONG,,1,1507700,,"{'id': 177809, 'context': 0, 'bonus_lists': [6908, 41, 1688], 'modifiers': [{'type': 9, 'value': 60}, {'type': 28, 'value': 2060}]}"
1758025961,VERY_LONG,,1,4504000,,"{'id': 8262, 'context': 1, 'bonus_lists': [6654], 'modifiers': [{'type': 9, 'value': 30}, {'type': 28, 'value': 201}]}"
1758023737,VERY_LONG,,1,18762900,,"{'id': 10240, 'context': 1, 'bonus_lists': [6654, 1693], 'modifiers': [{'type': 9, 'value': 30}, {'type': 28, 'value': 201}]}"
1758023814,VERY_LONG,,1,2868600,,"{'id': 55709, 'context': 5, 'bonus_lists': [6654, 1705], 'modifiers': [{'type': 9, 'value': 35}, {'type': 28, 'value': 1029}]}"
1758025198,VERY_LONG,,1,81436100,,"{'id': 24819, 'context': 2, 'bonus_lists': [6654, 1679], 'modifiers': [{'type': 9, 'value': 30}, {'type': 28, 'value': 1065}]}"
1758025352,VERY_LONG,,1,25000000,,"{'id': 24599, 'context': 2, 'bonus_lists': [6654, 1694], 'modifiers': [{'type': 9, 'value': 30}, {'type': 28, 'value': 1072}]}"
1758025467,VERY_LONG,,1,1003100,,"{'id': 24675, 'context': 2, 'bonus_lists': [6654, 1707], 'modifiers': [{'type': 9, 'value': 30}, {'type': 28, 'value': 1073}]}"
1758025703,VERY_LONG,,1,3000000,,"{'id': 13118, 'context': 0, 'bonus_lists': [6658], 'modifiers': [{'type': 9, 'value': 30}, {'type': 28, 'value': 1004}]}"
1758038954,VERY_LONG,,1,4105500,,"{'id': 8302, 'context': 1, 'bonus_lists': [6654], 'modifiers': [{'type': 9, 'value': 30}, {'type': 28, 'value': 201}]}"
1758023902,VERY_LONG,,1,1009900,,"{'id': 55727, 'context': 5, 'bonus_lists': [6654, 1699], 'modifiers': [{'type': 9, 'value': 35}, {'type': 28, 'value': 1029}]}"
1758025168,VERY_LONG,,1,30006900,,"{'id': 24936, 'context': 2, 'bonus_lists': [6654, 1692], 'modifiers': [{'type': 9, 'value': 30}, {'type': 28, 'value': 1065}]}"
1758025338,VERY_LONG,,1,206889500,,"{'id': 24933, 'context': 2, 'bonus_lists': [6654, 1693], 'modifiers': [{'type': 9, 'value': 30}, {'type': 28, 'value': 1072}]}"
1758023258,VERY_LONG,,1,1008400,,"{'id': 55547, 'context': 5, 'bonus_lists': [6654, 1706], 'modifiers': [{'type': 9, 'value': 35}, {'type': 28, 'value': 1029}]}"
1758023368,VERY_LONG,,1,1008200,,"{'id': 25022, 'context': 0, 'bonus_lists': [6654, 1705], 'modifiers': [{'type': 9, 'value': 30}, {'type': 28, 'value': 1011}]}"
1758023710,VERY_LONG,,1,32412100,,"{'id': 24963, 'context': 22, 'bonus_lists': [6654, 1695], 'modifiers': [{'type': 9, 'value': 30}, {'type': 28, 'value': 1066}]}"
1758025365,VERY_LONG,,1,342900,,"{'id': 121007, 'context': 0, 'bonus_lists': [6654, 42, 1688], 'modifiers': [{'type': 9, 'value': 45}, {'type': 28, 'value': 331}]}"
1758025427,VERY_LONG,,1,6111600,,"{'id': 24999, 'context': 2, 'bonus_lists': [6654, 1709], 'modifiers': [{'type': 9, 'value': 30}, {'type': 28, 'value': 1073}]}"
1758025554,VERY_LONG,,1,4007600,,"{'id': 82102, 'context': 0, 'bonus_lists': [6655, 1678], 'modifiers': [{'type': 9, 'value': 35}, {'type': 28, 'value': 59}]}"
1758023770,VERY_LONG,,1,1006800,,"{'id': 24671, 'context': 22, 'bonus_lists': [6654, 1709], 'modifiers': [{'type': 9, 'value': 30}, {'type': 28, 'value': 1070}]}"
1758025486,VERY_LONG,,1,2000000,,"{'id': 24913, 'context': 0, 'bonus_lists': [6654, 1693], 'modifiers': [{'type': 9, 'value': 30}, {'type': 28, 'value': 1011}]}"
1758023039,VERY_LONG,,1,50196100,,"{'id': 94083, 'context': 0, 'bonus_lists': [1694], 'modifiers': [{'type': 28, 'value': 168}]}"
1758023783,VERY_LONG,,1,37660600,,"{'id': 39717, 'context': 0, 'modifiers': [{'type': 28, 'value': 1017}]}"
1758023987,VERY_LONG,,1,35847000,,"{'id': 36609, 'context': 0, 'bonus_lists': [6655, 1708], 'modifiers': [{'type': 9, 'value': 30}, {'type': 28, 'value': 1023}]}"
1758025389,VERY_LONG,,1,26329900,,"{'id': 24997, 'context': 2, 'bonus_lists': [6654, 1707], 'modifiers': [{'type': 9, 'value': 30}, {'type': 28, 'value': 1073}]}"
1758025754,VERY_LONG,,1,22186200,,"{'id': 8293, 'context': 1, 'bonus_lists': [6654], 'modifiers': [{'type': 9, 'value': 30}, {'type': 28, 'value': 201}]}"
1758024084,VERY_LONG,,1,3001500,,"{'id': 36623, 'context': 0, 'bonus_lists': [6655, 1691], 'modifiers': [{'type': 9, 'value': 30}, {'type': 28, 'value': 1023}]}"
1758022934,VERY_LONG,,1,7000100,,"{'id': 116627, 'context': 22, 'bonus_lists': [6655, 97, 550], 'modifiers': [{'type': 9, 'value': 40}, {'type': 28, 'value': 1139}]}"
1758025216,VERY_LONG,,1,3760800,,"{'id': 10062, 'context': 1, 'bonus_lists': [6654, 1679], 'modifiers': [{'type': 9, 'value': 30}, {'type': 28, 'value': 201}]}"
1758025604,VERY_LONG,,1,25000000,,"{'id': 8267, 'context': 1, 'bonus_lists': [6654], 'modifiers': [{'type': 9, 'value': 30}, {'type': 28, 'value': 201}]}"
1758038914,VERY_LONG,,1,1503400,,"{'id': 25293, 'context': 2, 'bonus_lists': [6655, 1692], 'modifiers': [{'type': 9, 'value': 30}, {'type': 28, 'value': 1075}]}"
1758027103,VERY_LONG,,1,3004500,,"{'id': 25282, 'context': 2, 'bonus_lists': [6655, 1706], 'modifiers': [{'type': 9, 'value': 30}, {'type': 28, 'value': 1065}]}"
1758023801,VERY_LONG,,1,8000100,,"{'id': 121022, 'context': 0, 'bonus_lists': [6654, 1690], 'modifiers': [{'type': 9, 'value': 45}, {'type': 28, 'value': 331}]}"
1758025114,VERY_LONG,,1,16203200,,"{'id': 36154, 'context': 0, 'bonus_lists': [6654, 1693], 'modifiers': [{'type': 9, 'value': 30}, {'type': 28, 'value': 1023}]}"
1757939114,LONG,,1,4440000,,"{'id': 173243, 'context': 63, 'bonus_lists': [6716, 1487]}"
1757939350,LONG,,1,4440000,,"{'id': 173244, 'context': 63, 'bonus_lists': [6716, 1487]}"
1757638415,LONG,,1,249990000,,"{'id': 184792, 'context': 0, 'bonus_lists': [6652, 1472, 6646], 'modifiers': [{'type': 28, 'value': 1707}]}"
1758050937,VERY_LONG,,1,8701300,,"{'id': 180794, 'context': 0, 'bonus_lists': [6908, 6652, 1707], 'modifiers': [{'type': 9, 'value': 54}, {'type': 28, 'value': 1329}]}"
1758050997,VERY_LONG,,1,2000000,,"{'id': 176793, 'context': 0, 'bonus_lists': [6908, 40, 1681], 'modifiers': [{'type': 9, 'value': 53}, {'type': 28, 'value': 1324}]}"
1758051075,VERY_LONG,,1,50581100,,"{'id': 36369, 'context': 1, 'bonus_lists': [6654, 1680], 'modifiers': [{'type': 9, 'value': 30}, {'type': 28, 'value': 238}]}"
1758050965,VERY_LONG,,1,8701300,,"{'id': 180794, 'context': 0, 'bonus_lists': [6908, 6652, 1696], 'modifiers': [{'type': 9, 'value': 55}, {'type': 28, 'value': 745}]}"
1758051038,VERY_LONG,,1,4893800,,"{'id': 106716, 'context': 0, 'bonus_lists': [6654, 206], 'modifiers': [{'type': 9, 'value': 36}, {'type': 28, 'value': 68}]}"
1757544860,LONG,,1,9740000,,"{'id': 114821, 'context': 0}"
1757544863,LONG,,1,9740000,,"{'id': 114821, 'context': 0}"
1758117451,VERY_LONG,,1,1500000,,"{'id': 159496, 'context': 0, 'bonus_lists': [6655, 1689], 'modifiers': [{'type': 9, 'value': 47}, {'type': 28, 'value': 1222}]}"
1758117578,VERY_LONG,,1,506500,,"{'id': 121150, 'context': 0, 'bonus_lists': [6654, 1681], 'modifiers': [{'type': 9, 'value': 40}, {'type': 28, 'value': 1155}]}"
1757792988,LONG,,1,198897400,,"{'id': 176989, 'context': 0, 'bonus_lists': [6907, 6652, 7194, 1689], 'modifiers': [{'type': 9, 'value': 54}, {'type': 28, 'value': 1327}]}"
1757792990,LONG,,1,82837500,,"{'id': 176792, 'context': 17, 'bonus_lists': [6907, 6652, 7193, 1679], 'modifiers': [{'type': 9, 'value': 51}, {'type': 28, 'value': 1709}]}"
1757793033,LONG,,1,100111900,,"{'id': 106406, 'context': 0, 'bonus_lists': [6654, 126], 'modifiers': [{'type': 9, 'value': 19}, {'type': 28, 'value': 63}]}"
1757793055,LONG,,1,241500200,,"{'id': 176985, 'context': 0, 'bonus_lists': [6907, 6652, 7194, 1691], 'modifiers': [{'type': 9, 'value': 54}, {'type': 28, 'value': 1329}]}"
1757792919,LONG,,1,109939200,,"{'id': 116470, 'context': 0, 'bonus_lists': [6655, 26], 'modifiers': [{'type': 9, 'value': 21}, {'type': 28, 'value': 63}]}"
1757792922,LONG,,1,609000,,"{'id': 172244, 'context': 13, 'bonus_lists': [6887], 'modifiers': [{'type': 9, 'value': 52}, {'type': 28, 'value': 391}, {'type': 29, 'value': 40}, {'type': 30, 'value': 36}]}"
1757792925,LONG,,1,609000,,"{'id': 172244, 'context': 13, 'bonus_lists': [6887], 'modifiers': [{'type': 9, 'value': 52}, {'type': 28, 'value': 391}, {'type': 29, 'value': 32}, {'type': 30, 'value': 40}]}"
1757792939,LONG,,1,108867800,,"{'id': 116472, 'context': 0, 'bonus_lists': [6655, 27], 'modifiers': [{'type': 9, 'value': 20}, {'type': 28, 'value': 63}]}"
1757792943,LONG,,1,83567000,,"{'id': 176768, 'context': 0, 'bonus_lists': [6907, 6652, 1682], 'modifiers': [{'type': 9, 'value': 52}, {'type': 28, 'value': 1323}]}"
1757792974,LONG,,1,8000000,,"{'id': 172253, 'context': 13, 'bonus_lists': [6893], 'modifiers': [{'type': 9, 'value': 58}, {'type': 28, 'value': 391}, {'type': 29, 'value': 49}, {'type': 30, 'value': 40}]}"
1757793045,LONG,,1,22735600,,"{'id': 177794, 'context': 0, 'bonus_lists': [6907, 6652, 7194, 1703], 'modifiers': [{'type': 9, 'value': 58}, {'type': 28, 'value': 1424}]}"
1757792931,LONG,,1,932100,,"{'id': 172237, 'context': 13, 'bonus_lists': [6887], 'modifiers': [{'type': 9, 'value': 52}, {'type': 28, 'value': 391}, {'type': 29, 'value': 32}, {'type': 30, 'value': 40}]}"
1757792911,LONG,,1,6494300,,"{'id': 176793, 'context': 0, 'bonus_lists': [6908, 6652, 1698], 'modifiers': [{'type': 9, 'value': 51}, {'type': 28, 'value': 1316}]}"
1757792979,LONG,,1,5520000,,"{'id': 178952, 'context': 0, 'bonus_lists': [6908, 6652, 1705], 'modifiers': [{'type': 9, 'value': 54}, {'type': 28, 'value': 1326}]}"
1757793014,LONG,,1,35020600,,"{'id': 106428, 'context': 0, 'bonus_lists': [6654, 24], 'modifiers': [{'type': 9, 'value': 22}, {'type': 28, 'value': 63}]}"
1757792903,LONG,,1,49432200,,"{'id': 116465, 'context': 0, 'bonus_lists': [6655, 116, 550], 'modifiers': [{'type': 9, 'value': 25}, {'type': 28, 'value': 63}]}"
1757792905,LONG,,1,44391600,,"{'id': 106418, 'context': 0, 'bonus_lists': [6654, 121], 'modifiers': [{'type': 9, 'value': 22}, {'type': 28, 'value': 63}]}"
1757792908,LONG,,1,2007500,,"{'id': 172256, 'context': 13, 'bonus_lists': [6893, 7180], 'modifiers': [{'type': 9, 'value': 57}, {'type': 28, 'value': 391}, {'type': 29, 'value': 32}, {'type': 30, 'value': 40}]}"
1757792999,LONG,,1,1392100,,"{'id': 172234, 'context': 13, 'bonus_lists': [6890], 'modifiers': [{'type': 9, 'value': 54}, {'type': 28, 'value': 391}, {'type': 29, 'value': 36}, {'type': 30, 'value': 40}]}"
1757793006,LONG,,1,1392100,,"{'id': 172234, 'context': 13, 'bonus_lists': [6890], 'modifiers': [{'type': 9, 'value': 54}, {'type': 28, 'value': 391}, {'type': 29, 'value': 49}, {'type': 30, 'value': 36}]}"
1757793061,LONG,,1,2851300,,"{'id': 175564, 'context': 0, 'bonus_lists': [6907, 1692], 'modifiers': [{'type': 9, 'value': 59}, {'type': 28, 'value': 807}]}"
1757792997,LONG,,1,702100,,"{'id': 172236, 'context': 13, 'bonus_lists': [6887], 'modifiers': [{'type': 9, 'value': 52}, {'type': 28, 'value': 391}, {'type': 29, 'value': 32}, {'type': 30, 'value': 40}]}"
1757793002,LONG,,1,1392100,,"{'id': 172234, 'context': 13, 'bonus_lists': [6890], 'modifiers': [{'type': 9, 'value': 54}, {'type': 28, 'value': 391}, {'type': 29, 'value': 36}, {'type': 30, 'value': 40}]}"
1757793010,LONG,,1,1392100,,"{'id': 172234, 'context': 13, 'bonus_lists': [6890], 'modifiers': [{'type': 9, 'value': 54}, {'type': 28, 'value': 391}, {'type': 29, 'value': 40}, {'type': 30, 'value': 49}]}"
1757793037,LONG,,1,3611500,,"{'id': 175572, 'context': 0, 'bonus_lists': [6907, 1677], 'modifiers': [{'type': 9, 'value': 59}, {'type': 28, 'value': 807}]}"
1757792934,LONG,,1,78930900,,"{'id': 106425, 'context': 0, 'bonus_lists': [6654, 126], 'modifiers': [{'type': 9, 'value': 24}, {'type': 28, 'value': 63}]}"
1757792955,LONG,,1,40848200,,"{'id': 116482, 'context': 0, 'bonus_lists': [6655, 200, 550], 'modifiers': [{'type': 9, 'value': 27}, {'type': 28, 'value': 63}]}"
1757792965,LONG,,1,2978900,,"{'id': 175557, 'context': 0, 'bonus_lists': [6907, 1684], 'modifiers': [{'type': 9, 'value': 56}, {'type': 28, 'value': 1236}]}"
1757788261,LONG,,1,35554700,,"{'id': 82800, 'context': 0, 'modifiers': [{'type': 6, 'value': 68860}], 'pet_breed_id': 20, 'pet_level': 1, 'pet_quality_id': 3, 'pet_species_id': 1928}"
1757790709,LONG,,1,35000500,,"{'id': 5578, 'context': 0}"
1757788276,LONG,,1,2000000,,"{'id': 82800, 'context': 0, 'modifiers': [{'type': 6, 'value': 46923}], 'pet_breed_id': 8, 'pet_level': 1, 'pet_quality_id': 3, 'pet_species_id': 1149}"
1757790513,LONG,,1,999999900,,"{'id': 16252, 'context': 0, 'modifiers': [{'type': 28, 'value': 1788}]}"
1757788288,LONG,,1,35000000,,"{'id': 82800, 'context': 0, 'modifiers': [{'type': 6, 'value': 61888}], 'pet_breed_id': 4, 'pet_level': 1, 'pet_quality_id': 3, 'pet_species_id': 1624}"
1757743601,LONG,,1,220000000,,"{'id': 184778, 'context': 3, 'bonus_lists': [7189, 6652, 1472, 6646], 'modifiers': [{'type': 28, 'value': 751}]}"
1757722313,LONG,,1,118000,,"{'id': 25057, 'context': 3, 'bonus_lists': [6654, 1694], 'modifiers': [{'type': 9, 'value': 30}, {'type': 28, 'value': 1014}]}"
1757722340,LONG,,1,1349900,,"{'id': 25026, 'context': 3, 'bonus_lists': [6654, 1681], 'modifiers': [{'type': 9, 'value': 30}, {'type': 28, 'value': 1014}]}"
1757722407,LONG,,1,3757600,,"{'id': 24911, 'context': 3, 'bonus_lists': [6654, 1678], 'modifiers': [{'type': 9, 'value': 30}, {'type': 28, 'value': 1014}]}"
1757729972,LONG,,1,150000,,"{'id': 82248, 'context': 0, 'bonus_lists': [6654, 1715], 'modifiers': [{'type': 9, 'value': 35}, {'type': 28, 'value': 1035}]}"
1757730813,LONG,,1,5460000,,"{'id': 106718, 'context': 6, 'bonus_lists': [6654, 59], 'modifiers': [{'type': 9, 'value': 40}, {'type': 28, 'value': 2019}]}"
1757721686,LONG,,1,39990000,,"{'id': 71366, 'context': 5, 'modifiers': [{'type': 28, 'value': 1029}]}"
1757727994,LONG,,1,1664500,,"{'id': 25169, 'context': 3, 'bonus_lists': [6655, 1678], 'modifiers': [{'type': 9, 'value': 30}, {'type': 28, 'value': 1014}]}"
1757729226,LONG,,1,29999800,,"{'id': 87452, 'context': 6, 'bonus_lists': [6658], 'modifiers': [{'type': 9, 'value': 35}, {'type': 28, 'value': 2012}]}"
1757729369,LONG,,1,2190000,,"{'id': 82290, 'context': 0, 'bonus_lists': [6654, 1715], 'modifiers': [{'type': 9, 'value': 35}, {'type': 28, 'value': 1033}]}"
1757722095,LONG,,1,110000,,"{'id': 36444, 'context': 0, 'bonus_lists': [6654, 1694], 'modifiers': [{'type': 9, 'value': 30}, {'type': 28, 'value': 1018}]}"
1757722240,LONG,,1,155800,,"{'id': 25099, 'context': 3, 'bonus_lists': [6655, 1692], 'modifiers': [{'type': 9, 'value': 30}, {'type': 28, 'value': 1014}]}"
1757727968,LONG,,1,2223600,,"{'id': 25295, 'context': 0, 'bonus_lists': [6655, 1678], 'modifiers': [{'type': 9, 'value': 30}, {'type': 28, 'value': 1011}]}"
1757730075,LONG,,1,340000,,"{'id': 82246, 'context': 0, 'bonus_lists': [6654, 1679], 'modifiers': [{'type': 9, 'value': 35}, {'type': 28, 'value': 1032}]}"
1757729268,LONG,,1,450800,,"{'id': 82294, 'context': 0, 'bonus_lists': [6655, 1687], 'modifiers': [{'type': 9, 'value': 35}, {'type': 28, 'value': 1035}]}"
1757729774,LONG,,1,110600,,"{'id': 82249, 'context': 0, 'bonus_lists': [6654, 1691], 'modifiers': [{'type': 9, 'value': 35}, {'type': 28, 'value': 1033}]}"
1757730230,LONG,,1,39996700,,"{'id': 78889, 'context': 0, 'modifiers': [{'type': 28, 'value': 1030}]}"
1757731057,LONG,,1,90000,,"{'id': 87411, 'context': 0, 'modifiers': [{'type': 28, 'value': 2007}]}"
1757725137,LONG,,1,115300,,"{'id': 32737, 'context': 3, 'modifiers': [{'type': 28, 'value': 1014}]}"
1757727812,LONG,,1,230000,,"{'id': 55369, 'context': 0, 'bonus_lists': [6655, 1693], 'modifiers': [{'type': 9, 'value': 35}, {'type': 28, 'value': 1030}]}"
1757727932,LONG,,1,2223600,,"{'id': 25295, 'context': 3, 'bonus_lists': [6655, 1705], 'modifiers': [{'type': 9, 'value': 30}, {'type': 28, 'value': 1014}]}"
1757727945,LONG,,1,2223600,,"{'id': 25295, 'context': 3, 'bonus_lists': [6655, 1708], 'modifiers': [{'type': 9, 'value': 30}, {'type': 28, 'value': 1014}]}"
1757730321,LONG,,1,2556800,,"{'id': 55499, 'context': 5, 'bonus_lists': [6654, 1712], 'modifiers': [{'type': 9, 'value': 35}, {'type': 28, 'value': 1029}]}"
1757730460,LONG,,1,1457800,,"{'id': 24915, 'context': 3, 'bonus_lists': [6654, 1709], 'modifiers': [{'type': 9, 'value': 30}, {'type': 28, 'value': 1014}]}"
1757730525,LONG,,1,4997300,,"{'id': 24914, 'context': 3, 'bonus_lists': [6654, 1691], 'modifiers': [{'type': 9, 'value': 30}, {'type': 28, 'value': 1014}]}"
1757730580,LONG,,1,761100,,"{'id': 24887, 'context': 3, 'bonus_lists': [6654, 1706], 'modifiers': [{'type': 9, 'value': 30}, {'type': 28, 'value': 1014}]}"
1757722359,LONG,,1,1349900,,"{'id': 25026, 'context': 0, 'bonus_lists': [6654, 1679], 'modifiers': [{'type': 9, 'value': 30}, {'type': 28, 'value': 1009}]}"
1757722557,LONG,,1,1111900,,"{'id': 24689, 'context': 0, 'bonus_lists': [6654, 1695], 'modifiers': [{'type': 9, 'value': 30}, {'type': 28, 'value': 1012}]}"
1757722083,LONG,,1,200000,,"{'id': 55423, 'context': 5, 'bonus_lists': [6654, 1678], 'modifiers': [{'type': 9, 'value': 35}, {'type': 28, 'value': 1029}]}"
1757722202,LONG,,1,5503400,,"{'id': 36148, 'context': 0, 'bonus_lists': [6654, 1681], 'modifiers': [{'type': 9, 'value': 30}, {'type': 28, 'value': 1022}]}"
1757725098,LONG,,1,110000,,"{'id': 32747, 'context': 3, 'modifiers': [{'type': 28, 'value': 1014}]}"
1757727569,LONG,,1,15462300,,"{'id': 82278, 'context': 6, 'bonus_lists': [6655, 1714], 'modifiers': [{'type': 9, 'value': 35}, {'type': 28, 'value': 2012}]}"
1757727614,LONG,,1,6784700,,"{'id': 82275, 'context': 6, 'bonus_lists': [6655, 1715], 'modifiers': [{'type': 9, 'value': 35}, {'type': 28, 'value': 2012}]}"
1757728077,LONG,,1,9999900,,"{'id': 116639, 'context': 6, 'bonus_lists': [6655, 27], 'modifiers': [{'type': 9, 'value': 40}, {'type': 28, 'value': 2019}]}"
1757729421,LONG,,1,235600,,"{'id': 82289, 'context': 0, 'bonus_lists': [6654, 1713], 'modifiers': [{'type': 9, 'value': 60}]}"
1757730748,LONG,,1,16660000,,"{'id': 160141, 'context': 0, 'bonus_lists': [6654, 1699], 'modifiers': [{'type': 9, 'value': 50}, {'type': 28, 'value': 688}]}"
1757727671,LONG,,1,4550000,,"{'id': 82064, 'context': 0, 'bonus_lists': [6655, 1709], 'modifiers': [{'type': 9, 'value': 35}, {'type': 28, 'value': 1032}]}"
1757727902,LONG,,1,99990000,,"{'id': 31289, 'context': 2, 'bonus_lists': [6659], 'modifiers': [{'type': 9, 'value': 30}, {'type': 28, 'value': 1067}]}"
1757722060,LONG,,1,680000,,"{'id': 55530, 'context': 5, 'bonus_lists': [6654, 1709], 'modifiers': [{'type': 9, 'value': 35}, {'type': 28, 'value': 1029}]}"
1757727642,LONG,,1,5341600,,"{'id': 82266, 'context': 6, 'bonus_lists': [6655, 1691], 'modifiers': [{'type': 9, 'value': 35}, {'type': 28, 'value': 2012}]}"
1757729683,LONG,,1,15000,,"{'id': 82255, 'context': 6, 'bonus_lists': [6654, 1715], 'modifiers': [{'type': 9, 'value': 35}, {'type': 28, 'value': 2012}]}"
1757721985,LONG,,1,5055700,,"{'id': 55755, 'context': 5, 'bonus_lists': [6654, 1716], 'modifiers': [{'type': 9, 'value': 35}, {'type': 28, 'value': 1029}]}"
1757722495,LONG,,1,1805300,,"{'id': 24804, 'context': 0, 'bonus_lists': [6654, 1695], 'modifiers': [{'type': 9, 'value': 30}, {'type': 28, 'value': 1012}]}"
1757727825,LONG,,1,455700,,"{'id': 36681, 'context': 2, 'bonus_lists': [6655, 1677], 'modifiers': [{'type': 9, 'value': 30}, {'type': 28, 'value': 1090}]}"
1757728012,LONG,,1,3253000,,"{'id': 25127, 'context': 3, 'bonus_lists': [6655, 1693], 'modifiers': [{'type': 9, 'value': 30}, {'type': 28, 'value': 1014}]}"
1757729745,LONG,,1,230000,,"{'id': 82250, 'context': 0, 'bonus_lists': [6654, 1705], 'modifiers': [{'type': 9, 'value': 35}, {'type': 28, 'value': 1033}]}"
1757862556,LONG,,1,2990000,,"{'id': 113865, 'context': 6, 'bonus_lists': [567], 'modifiers': [{'type': 28, 'value': 2021}]}"
1757725165,LONG,,1,430000,,"{'id': 30305, 'context': 0, 'modifiers': [{'type': 28, 'value': 1012}]}"
1757725102,LONG,,1,110000,,"{'id': 32747, 'context': 3, 'modifiers': [{'type': 28, 'value': 1014}]}"
1757727874,LONG,,1,3053600,,"{'id': 36525, 'context': 0, 'bonus_lists': [6655, 1691], 'modifiers': [{'type': 9, 'value': 30}, {'type': 28, 'value': 1022}]}"
1757730038,LONG,,1,340000,,"{'id': 82246, 'context': 0, 'bonus_lists': [6654, 1677], 'modifiers': [{'type': 9, 'value': 35}, {'type': 28, 'value': 1035}]}"
1757730302,LONG,,1,768100,,"{'id': 55736, 'context': 5, 'bonus_lists': [6654, 1701], 'modifiers': [{'type': 9, 'value': 35}, {'type': 28, 'value': 1029}]}"
1757730476,LONG,,1,1457800,,"{'id': 24915, 'context': 3, 'bonus_lists': [6654, 1680], 'modifiers': [{'type': 9, 'value': 30}, {'type': 28, 'value': 1014}]}"
1757730646,LONG,,1,342400,,"{'id': 24686, 'context': 0, 'bonus_lists': [6654, 1691], 'modifiers': [{'type': 9, 'value': 30}, {'type': 28, 'value': 1008}]}"
1757731029,LONG,,1,562600,,"{'id': 86279, 'context': 0, 'modifiers': [{'type': 28, 'value': 1034}]}"
1757725028,LONG,,1,63200,,"{'id': 32753, 'context': 3, 'modifiers': [{'type': 28, 'value': 1014}]}"
1757725095,LONG,,1,110000,,"{'id': 32747, 'context': 3, 'modifiers': [{'type': 28, 'value': 1014}]}"
1757725136,LONG,,1,115300,,"{'id': 32737, 'context': 3, 'modifiers': [{'type': 28, 'value': 1014}]}"
1757727588,LONG,,1,15462300,,"{'id': 82278, 'context': 0, 'bonus_lists': [6655, 1706], 'modifiers': [{'type': 9, 'value': 35}, {'type': 28, 'value': 1035}]}"
1757727732,LONG,,1,99995100,,"{'id': 82052, 'context': 0, 'bonus_lists': [6655, 1705], 'modifiers': [{'type': 9, 'value': 35}, {'type': 28, 'value': 1032}]}"
1757729726,LONG,,1,348600,,"{'id': 82252, 'context': 0, 'bonus_lists': [6654, 1692], 'modifiers': [{'type': 9, 'value': 35}, {'type': 28, 'value': 1035}]}"
1757730562,LONG,,1,100000,,"{'id': 24892, 'context': 3, 'bonus_lists': [6654, 1677], 'modifiers': [{'type': 9, 'value': 30}, {'type': 28, 'value': 1014}]}"
1757721885,LONG,,1,1560000,,"{'id': 71367, 'context': 5, 'modifiers': [{'type': 28, 'value': 1029}]}"
1757725210,LONG,,1,26505300,,"{'id': 24200, 'context': 0, 'modifiers': [{'type': 28, 'value': 1008}]}"
1757721931,LONG,,1,190000,,"{'id': 55772, 'context': 5, 'bonus_lists': [6654, 1714], 'modifiers': [{'type': 9, 'value': 35}, {'type': 28, 'value': 1029}]}"
1757729534,LONG,,1,5550000,,"{'id': 82282, 'context': 6, 'bonus_lists': [6655, 1701], 'modifiers': [{'type': 9, 'value': 35}, {'type': 28, 'value': 2012}]}"
1757729559,LONG,,1,215000,,"{'id': 82256, 'context': 6, 'bonus_lists': [6654, 1713], 'modifiers': [{'type': 9, 'value': 35}, {'type': 28, 'value': 2012}]}"
1757729584,LONG,,1,215000,,"{'id': 82256, 'context': 0, 'bonus_lists': [6654, 1694], 'modifiers': [{'type': 9, 'value': 35}, {'type': 28, 'value': 1035}]}"
1757729710,LONG,,1,348600,,"{'id': 82252, 'context': 0, 'bonus_lists': [6654, 1684], 'modifiers': [{'type': 9, 'value': 35}, {'type': 28, 'value': 1033}]}"
1757730686,LONG,,1,190000,,"{'id': 24654, 'context': 2, 'bonus_lists': [6654, 1707], 'modifiers': [{'type': 9, 'value': 30}, {'type': 28, 'value': 1067}]}"
1757730614,LONG,,1,981900,,"{'id': 24689, 'context': 3, 'bonus_lists': [6654, 1708], 'modifiers': [{'type': 9, 'value': 30}, {'type': 28, 'value': 1014}]}"
1757725031,LONG,,1,63200,,"{'id': 32753, 'context': 3, 'modifiers': [{'type': 28, 'value': 1014}]}"
1757729693,LONG,,1,15000,,"{'id': 82255, 'context': 6, 'bonus_lists': [6654, 1680], 'modifiers': [{'type': 9, 'value': 35}, {'type': 28, 'value': 2012}]}"
1757730109,LONG,,1,113100,,"{'id': 82243, 'context': 0, 'bonus_lists': [6654, 1681], 'modifiers': [{'type': 9, 'value': 35}, {'type': 28, 'value': 1033}]}"
1757730156,LONG,,1,322800,,"{'id': 81989, 'context': 0, 'bonus_lists': [6654, 1687], 'modifiers': [{'type': 9, 'value': 35}, {'type': 28, 'value': 1032}]}"
1757721784,LONG,,1,14507500,,"{'id': 71362, 'context': 5, 'modifiers': [{'type': 28, 'value': 1029}]}"
1757724961,LONG,,1,340000,,"{'id': 72008, 'context': 0, 'modifiers': [{'type': 28, 'value': 1030}]}"
1757730129,LONG,,1,23000000,,"{'id': 82030, 'context': 0, 'bonus_lists': [6654, 1685], 'modifiers': [{'type': 9, 'value': 35}, {'type': 28, 'value': 60}]}"
1757731030,LONG,,1,562600,,"{'id': 86279, 'context': 0, 'modifiers': [{'type': 28, 'value': 2009}]}"
1757862491,LONG,,1,2991100,,"{'id': 113882, 'context': 6, 'bonus_lists': [567], 'modifiers': [{'type': 28, 'value': 2021}]}"
1757727532,LONG,,1,656100,,"{'id': 82286, 'context': 0, 'bonus_lists': [6655, 1700], 'modifiers': [{'type': 9, 'value': 35}, {'type': 28, 'value': 1035}]}"
1757730004,LONG,,1,456600,,"{'id': 82247, 'context': 6, 'bonus_lists': [6654, 1708], 'modifiers': [{'type': 9, 'value': 35}, {'type': 28, 'value': 2012}]}"
1757730271,LONG,,1,9807600,,"{'id': 55746, 'context': 5, 'bonus_lists': [6654, 1680], 'modifiers': [{'type': 9, 'value': 35}, {'type': 28, 'value': 1029}]}"
1757730670,LONG,,1,346500,,"{'id': 24666, 'context': 0, 'bonus_lists': [6654, 1691], 'modifiers': [{'type': 9, 'value': 30}, {'type': 28, 'value': 1008}]}"
1757722587,LONG,,1,115600,,"{'id': 24663, 'context': 2, 'bonus_lists': [6654, 1691], 'modifiers': [{'type': 9, 'value': 30}, {'type': 28, 'value': 1067}]}"
1757725074,LONG,,1,780900,,"{'id': 32749, 'context': 3, 'modifiers': [{'type': 28, 'value': 1014}]}"
1757729757,LONG,,1,230000,,"{'id': 82250, 'context': 6, 'bonus_lists': [6654, 1686], 'modifiers': [{'type': 9, 'value': 35}, {'type': 28, 'value': 2012}]}"
1757862186,LONG,,1,23000000,,"{'id': 82030, 'context': 0, 'bonus_lists': [6654, 1686], 'modifiers': [{'type': 9, 'value': 35}, {'type': 28, 'value': 58}]}"
1757722285,LONG,,1,230000,,"{'id': 25071, 'context': 3, 'bonus_lists': [6654, 1678], 'modifiers': [{'type': 9, 'value': 30}, {'type': 28, 'value': 1014}]}"
1757727785,LONG,,1,29990000,,"{'id': 71366, 'context': 5, 'modifiers': [{'type': 28, 'value': 1029}]}"
1757730775,LONG,,1,342900,,"{'id': 121007, 'context': 0, 'bonus_lists': [6654, 1808, 1714], 'modifiers': [{'type': 9, 'value': 45}, {'type': 28, 'value': 331}]}"
1757722264,LONG,,1,4441800,,"{'id': 25085, 'context': 0, 'bonus_lists': [6655, 1707], 'modifiers': [{'type': 9, 'value': 30}, {'type': 28, 'value': 1009}]}"
1757730187,LONG,,1,1227400,,"{'id': 81985, 'context': 0, 'bonus_lists': [6654, 1694], 'modifiers': [{'type': 9, 'value': 35}, {'type': 28, 'value': 60}]}"
1757730352,LONG,,1,14208000,,"{'id': 45435, 'context': 3, 'modifiers': [{'type': 28, 'value': 1020}]}"
1757729126,LONG,,1,56668600,,"{'id': 94091, 'context': 0, 'bonus_lists': [1714], 'modifiers': [{'type': 28, 'value': 1035}]}"
1757730595,LONG,,1,984400,,"{'id': 24773, 'context': 3, 'bonus_lists': [6654, 1706], 'modifiers': [{'type': 9, 'value': 30}, {'type': 28, 'value': 1014}]}"
1757730631,LONG,,1,342400,,"{'id': 24686, 'context': 3, 'bonus_lists': [6654, 1681], 'modifiers': [{'type': 9, 'value': 30}, {'type': 28, 'value': 1014}]}"
1757696304,LONG,,1,9979900,9480900,"{'id': 82800, 'context': 0, 'pet_breed_id': 13, 'pet_level': 1, 'pet_quality_id': 3, 'pet_species_id': 1960}"
1758032024,VERY_LONG,,1,25600,,"{'id': 55611, 'context': 2, 'bonus_lists': [6654, 1684], 'modifiers': [{'type': 9, 'value': 35}, {'type': 28, 'value': 1111}]}"
1758137348,VERY_LONG,,1,1113800,1058100,"{'id': 10047, 'context': 1}"
1758137370,VERY_LONG,,1,4501700,4276600,"{'id': 6240, 'context': 1}"
1757782890,LONG,,1,228906100,217460800,"{'id': 106397, 'context': 0, 'bonus_lists': [6655, 97], 'modifiers': [{'type': 9, 'value': 22}, {'type': 28, 'value': 2092}]}"
1757783199,LONG,,1,35984300,34185100,"{'id': 6836, 'context': 0}"
1757783215,LONG,,1,880000,836000,"{'id': 82800, 'context': 0, 'modifiers': [{'type': 6, 'value': 46925}], 'pet_breed_id': 6, 'pet_level': 1, 'pet_quality_id': 3, 'pet_species_id': 1152}"
1757783221,LONG,,1,1262900,1199800,"{'id': 86272, 'context': 0, 'modifiers': [{'type': 28, 'value': 2008}]}"
1757783230,LONG,,1,275832800,262041200,"{'id': 27686, 'context': 11, 'modifiers': [{'type': 28, 'value': 76}]}"
1757783235,LONG,,1,3713700,3528000,"{'id': 36679, 'context': 0, 'bonus_lists': [6655, 1695], 'modifiers': [{'type': 9, 'value': 30}, {'type': 28, 'value': 1023}]}"
1757783313,LONG,,1,16203200,15393000,"{'id': 36154, 'context': 0, 'bonus_lists': [6654, 1695], 'modifiers': [{'type': 9, 'value': 30}, {'type': 28, 'value': 1023}]}"
1757729533,LONG,,1,14097900,13393000,"{'id': 21855, 'context': 1}"
1757729601,LONG,,1,5000000,4750000,"{'id': 43515, 'context': 1}"
1757729606,LONG,,1,75507000,71731700,"{'id': 7062, 'context': 1}"
1757729651,LONG,,1,8068100,7664700,"{'id': 21854, 'context': 1}"
1757663314,LONG,,1,1999900,,"{'id': 109253, 'context': 0}"
1757782888,LONG,,1,120000,114000,"{'id': 12713, 'context': 0}"
1757663267,LONG,,1,4767600,4529200,"{'id': 24911, 'context': 0, 'bonus_lists': [6654, 1708], 'modifiers': [{'type': 9, 'value': 30}, {'type': 28, 'value': 1015}]}"
1757782898,LONG,,1,151951300,144353700,"{'id': 121179, 'context': 0, 'bonus_lists': [6654, 603], 'modifiers': [{'type': 9, 'value': 35}, {'type': 28, 'value': 332}]}"
1757729615,LONG,,1,9999900,9499900,"{'id': 7058, 'context': 1}"
1757782951,LONG,,1,41062500,39009400,"{'id': 115988, 'context': 13, 'bonus_lists': [121]}"
1757782981,LONG,,1,5462600,5189500,"{'id': 36441, 'context': 0, 'bonus_lists': [6654, 1680], 'modifiers': [{'type': 9, 'value': 30}, {'type': 28, 'value': 1023}]}"
1757783109,LONG,,1,10957200,10409300,"{'id': 180752, 'context': 13}"
1757782768,LONG,,1,106014300,100713600,"{'id': 15114, 'context': 0, 'modifiers': [{'type': 28, 'value': 5}]}"
1757782908,LONG,,1,15591300,14811700,"{'id': 10254, 'context': 0, 'bonus_lists': [6654, 1679], 'modifiers': [{'type': 9, 'value': 30}, {'type': 28, 'value': 1005}]}"
1757782977,LONG,,1,9759600,9271600,"{'id': 36261, 'context': 0, 'bonus_lists': [6654, 1695], 'modifiers': [{'type': 9, 'value': 30}, {'type': 28, 'value': 1023}]}"
1757782999,LONG,,1,2453600,2330900,"{'id': 20758, 'context': 14, 'modifiers': [{'type': 28, 'value': 378}]}"
1757783012,LONG,,1,5708900,5423500,"{'id': 36036, 'context': 0, 'bonus_lists': [6654, 1708], 'modifiers': [{'type': 9, 'value': 30}, {'type': 28, 'value': 1023}]}"
1757783030,LONG,,1,780900,741900,"{'id': 32749, 'context': 3, 'modifiers': [{'type': 28, 'value': 1014}]}"
1757783088,LONG,,1,166400,158100,"{'id': 82800, 'context': 0, 'modifiers': [{'type': 6, 'value': 64194}], 'pet_breed_id': 3, 'pet_level': 1, 'pet_quality_id': 3, 'pet_species_id': 1687}"
1757783096,LONG,,1,1041300,989200,"{'id': 32753, 'context': 3, 'modifiers': [{'type': 28, 'value': 1014}]}"
1757783137,LONG,,1,1281200,1217100,"{'id': 32737, 'context': 3, 'modifiers': [{'type': 28, 'value': 1014}]}"
1757783151,LONG,,1,7346300,6979000,"{'id': 25085, 'context': 0, 'bonus_lists': [6655, 1693], 'modifiers': [{'type': 9, 'value': 30}, {'type': 28, 'value': 1008}]}"
1757783164,LONG,,1,16072300,,"{'id': 36469, 'context': 0, 'bonus_lists': [6655, 1695], 'modifiers': [{'type': 9, 'value': 30}, {'type': 28, 'value': 1023}]}"
1757783241,LONG,,1,3882900,3688800,"{'id': 30421, 'context': 1}"
1757783276,LONG,,1,1999900,,"{'id': 109253, 'context': 0}"
1757783287,LONG,,1,1999900,,"{'id': 109253, 'context': 0}"
1757782741,LONG,,1,60125300,57119000,"{'id': 106479, 'context': 0, 'bonus_lists': [6654, 121], 'modifiers': [{'type': 9, 'value': 40}, {'type': 28, 'value': 63}]}"
1757782899,LONG,,1,3054700,2902000,"{'id': 13863, 'context': 0}"
1757782939,LONG,,1,8540600,,"{'id': 36040, 'context': 0, 'bonus_lists': [6654, 1709], 'modifiers': [{'type': 9, 'value': 30}, {'type': 28, 'value': 1023}]}"
1757783010,LONG,,1,5708900,5423500,"{'id': 36036, 'context': 0, 'bonus_lists': [6654, 1709], 'modifiers': [{'type': 9, 'value': 30}, {'type': 28, 'value': 1023}]}"
1757783129,LONG,,1,1281200,1217100,"{'id': 32737, 'context': 3}"
1757783185,LONG,,1,15181000,14422000,"{'id': 36455, 'context': 0, 'bonus_lists': [6655, 1677], 'modifiers': [{'type': 9, 'value': 30}, {'type': 28, 'value': 1023}]}"
1757729529,LONG,,1,14097900,13393000,"{'id': 21855, 'context': 1}"
1757729658,LONG,,1,8068100,7664700,"{'id': 21854, 'context': 1}"
1757729467,LONG,,1,19355900,18388100,"{'id': 116425, 'context': 13, 'bonus_lists': [87]}"
1757729626,LONG,,1,5984300,5685100,"{'id': 173193, 'context': 1, 'bonus_lists': [6890], 'modifiers': [{'type': 9, 'value': 60}, {'type': 28, 'value': 391}, {'type': 29, 'value': 32}, {'type': 30, 'value': 36}]}"
1757729660,LONG,,1,8711300,8275700,"{'id': 173216, 'context': 1, 'bonus_lists': [6893], 'modifiers': [{'type': 9, 'value': 60}, {'type': 28, 'value': 391}, {'type': 29, 'value': 36}, {'type': 30, 'value': 32}]}"
1757782726,LONG,,1,1263900,1200700,"{'id': 36266, 'context': 0, 'bonus_lists': [6654, 1695], 'modifiers': [{'type': 9, 'value': 30}, {'type': 28, 'value': 1023}]}"
1757782751,LONG,,1,49373900,46905200,"{'id': 15310, 'context': 0, 'bonus_lists': [6654, 1678], 'modifiers': [{'type': 9, 'value': 25}, {'type': 28, 'value': 5}]}"
1757782773,LONG,,1,4361700,4143600,"{'id': 4308, 'context': 0}"
1757782801,LONG,,1,19156500,18198700,"{'id': 36149, 'context': 0, 'bonus_lists': [6654, 1693], 'modifiers': [{'type': 9, 'value': 30}, {'type': 28, 'value': 1023}]}"
1757782904,LONG,,1,6795800,6456000,"{'id': 36037, 'context': 0, 'bonus_lists': [6654, 1677], 'modifiers': [{'type': 9, 'value': 30}, {'type': 28, 'value': 1023}]}"
1757782924,LONG,,1,6850100,6507600,"{'id': 177783, 'context': 0, 'bonus_lists': [6907, 6652, 7194, 1700], 'modifiers': [{'type': 9, 'value': 60}, {'type': 28, 'value': 1707}]}"
1757782942,LONG,,1,158283700,150369500,"{'id': 25250, 'context': 0, 'bonus_lists': [6655, 1677], 'modifiers': [{'type': 9, 'value': 30}, {'type': 28, 'value': 1008}]}"
1757729437,LONG,,1,7228100,6866700,"{'id': 128895, 'context': 13, 'bonus_lists': [1682, 3408]}"
1757729504,LONG,,1,40231000,38219500,"{'id': 115988, 'context': 13, 'bonus_lists': [164]}"
1757729522,LONG,,1,180517600,171491700,"{'id': 126997, 'context': 13, 'bonus_lists': [669, 601, 689, 1698, 3408]}"
1757729585,LONG,,1,48946600,46499300,"{'id': 6242, 'context': 1}"
1758137323,VERY_LONG,,1,2505700,2380400,"{'id': 2582, 'context': 1}"
1758137342,VERY_LONG,,1,10343500,9826300,"{'id': 6241, 'context': 1}"
1758137358,VERY_LONG,,1,1113800,1058100,"{'id': 10047, 'context': 1}"
1758137391,VERY_LONG,,1,7464800,7091600,"{'id': 4310, 'context': 1}"
1758137406,VERY_LONG,,1,8348300,7930900,"{'id': 4314, 'context': 1}"
1758137414,VERY_LONG,,1,9991800,9492200,"{'id': 6264, 'context': 1}"
1758137289,VERY_LONG,,1,13759500,13071500,"{'id': 2585, 'context': 1}"
1758137311,VERY_LONG,,1,9355400,8887600,"{'id': 161955, 'context': 13, 'bonus_lists': [1705]}"
1757729475,LONG,,1,3905400,3710100,"{'id': 2300, 'context': 0}"
1758137294,VERY_LONG,,1,9999500,9499500,"{'id': 6263, 'context': 1}"
1757729548,LONG,,1,82346600,78229300,"{'id': 161936, 'context': 13, 'bonus_lists': [1680]}"
1757729573,LONG,,1,48946600,46499300,"{'id': 6242, 'context': 1}"
1757729596,LONG,,1,17853700,16961000,"{'id': 21850, 'context': 1}"
1757875548,LONG,,1,140161600,133153500,"{'id': 14107, 'context': 0}"
1757875553,LONG,,1,29472400,27998800,"{'id': 126989, 'context': 13, 'bonus_lists': [1707, 3408]}"
1757875566,LONG,,1,13999700,13299700,"{'id': 41521, 'context': 0}"
1757875682,LONG,,1,13757800,13069900,"{'id': 54480, 'context': 0}"
1757875684,LONG,,1,12464800,11841600,"{'id': 54481, 'context': 0}"
1757875738,LONG,,1,7000000,6650000,"{'id': 184479, 'context': 0}"
1757875760,LONG,,1,7000000,6650000,"{'id': 184479, 'context': 0}"
1757875764,LONG,,1,25649700,24367200,"{'id': 126988, 'context': 13, 'bonus_lists': [1687, 3408]}"
1757875771,LONG,,1,164255200,156042400,"{'id': 13871, 'context': 0}"
1757875532,LONG,,1,12177200,11568300,"{'id': 41546, 'context': 0}"
1757875540,LONG,,1,1296900,1232100,"{'id': 2577, 'context': 0}"
1757875625,LONG,,1,889100,844600,"{'id': 4343, 'context': 0}"
1757875647,LONG,,1,534800,508100,"{'id': 2580, 'context': 0}"
1757875653,LONG,,1,534800,508100,"{'id': 2580, 'context': 0}"
1757875777,LONG,,1,36437600,34615700,"{'id': 161981, 'context': 13, 'bonus_lists': [1700]}"
1757729415,LONG,,1,12399200,11779200,"{'id': 116427, 'context': 13, 'bonus_lists': [224]}"
1757729508,LONG,,1,50000000,47500000,"{'id': 21852, 'context': 1}"
1757875593,LONG,,1,593000,563400,"{'id': 4344, 'context': 0}"
1757875629,LONG,,1,889100,844600,"{'id': 4343, 'context': 0}"
1757875679,LONG,,1,26640400,25308400,"{'id': 126987, 'context': 13, 'bonus_lists': [1713, 3408]}"
1757875782,LONG,,1,25287200,24022800,"{'id': 126990, 'context': 13, 'bonus_lists': [1695, 3408]}"
1757875556,LONG,,1,33253000,31590400,"{'id': 126989, 'context': 13, 'bonus_lists': [1693, 3408]}"
1757875575,LONG,,1,26966600,25618300,"{'id': 161980, 'context': 13, 'bonus_lists': [1703]}"
1757875658,LONG,,1,534800,508100,"{'id': 2580, 'context': 0}"
1757875698,LONG,,1,1583200,1504000,"{'id': 2579, 'context': 0}"
1757783060,LONG,,1,10743100,10205900,"{'id': 82800, 'context': 0, 'modifiers': [{'type': 6, 'value': 73706}], 'pet_breed_id': 11, 'pet_level': 1, 'pet_quality_id': 3, 'pet_species_id': 1966}"
1757783085,LONG,,1,166400,158100,"{'id': 82800, 'context': 0, 'modifiers': [{'type': 6, 'value': 64194}], 'pet_breed_id': 3, 'pet_level': 1, 'pet_quality_id': 3, 'pet_species_id': 1687}"
1757783181,LONG,,1,15181000,14422000,"{'id': 36455, 'context': 0, 'bonus_lists': [6655, 1678], 'modifiers': [{'type': 9, 'value': 30}, {'type': 28, 'value': 1023}]}"
1757875640,LONG,,1,179463700,170490500,"{'id': 41512, 'context': 0}"
1757875528,LONG,,1,9477600,9003700,"{'id': 13856, 'context': 0}"
1757875581,LONG,,1,13471800,12798200,"{'id': 54476, 'context': 0}"
1757782862,LONG,,1,2000000,1900000,"{'id': 13107, 'context': 0, 'bonus_lists': [6658], 'modifiers': [{'type': 9, 'value': 30}, {'type': 28, 'value': 1005}]}"
1757782885,LONG,,1,8985100,,"{'id': 123898, 'context': 13, 'bonus_lists': [1682, 3408]}"
1757783022,LONG,,1,5406100,5135800,"{'id': 21767, 'context': 1}"
1757783082,LONG,,1,166400,158100,"{'id': 82800, 'context': 0, 'modifiers': [{'type': 6, 'value': 64194}], 'pet_breed_id': 3, 'pet_level': 1, 'pet_quality_id': 3, 'pet_species_id': 1687}"
1757783282,LONG,,1,1999900,,"{'id': 109253, 'context': 0}"
1757663288,LONG,,1,27848100,26455700,"{'id': 24886, 'context': 0, 'bonus_lists': [6654, 1707], 'modifiers': [{'type': 9, 'value': 30}, {'type': 28, 'value': 1015}]}"
1757782984,LONG,,1,2663300,,"{'id': 36427, 'context': 0, 'bonus_lists': [6654, 1691], 'modifiers': [{'type': 9, 'value': 30}, {'type': 28, 'value': 1023}]}"
1757783046,LONG,,1,52684300,50050100,"{'id': 121158, 'context': 0, 'bonus_lists': [6654, 1693], 'modifiers': [{'type': 9, 'value': 36}, {'type': 28, 'value': 334}]}"
1757783049,LONG,,1,1110000,1054500,"{'id': 82800, 'context': 0, 'modifiers': [{'type': 6, 'value': 46905}], 'pet_breed_id': 4, 'pet_level': 1, 'pet_quality_id': 3, 'pet_species_id': 1153}"
1758137279,VERY_LONG,,1,1229300,1167800,"{'id': 2572, 'context': 1}"
1758137306,VERY_LONG,,1,7530300,7153800,"{'id': 161955, 'context': 13, 'bonus_lists': [1712]}"
1758137334,VERY_LONG,,1,7879600,7485600,"{'id': 41513, 'context': 0}"
1757729589,LONG,,1,17853700,16961000,"{'id': 21850, 'context': 1}"
1757782895,LONG,,1,8533700,8107000,"{'id': 36483, 'context': 0, 'bonus_lists': [6655, 1707], 'modifiers': [{'type': 9, 'value': 30}, {'type': 28, 'value': 1023}]}"
1758137281,VERY_LONG,,1,1229300,1167800,"{'id': 2572, 'context': 1}"
1758137327,VERY_LONG,,1,2505700,2380400,"{'id': 2582, 'context': 1}"
1757875545,LONG,,1,1296900,1232100,"{'id': 2577, 'context': 0}"
1757875568,LONG,,1,13999700,13299700,"{'id': 41521, 'context': 0}"
1757875671,LONG,,1,3027800,2876400,"{'id': 4309, 'context': 0}"
1757729471,LONG,,1,20831700,19790100,"{'id': 116425, 'context': 13, 'bonus_lists': [175]}"
1757729419,LONG,,1,12399200,11779200,"{'id': 116427, 'context': 13, 'bonus_lists': [120]}"
1757729511,LONG,,1,50000000,47500000,"{'id': 21852, 'context': 1}"
1757782790,LONG,,1,350000,338600,"{'id': 82800, 'context': 0, 'modifiers': [{'type': 6, 'value': 46903}], 'pet_breed_id': 7, 'pet_level': 1, 'pet_quality_id': 3, 'pet_species_id': 1151}"
1757782816,LONG,,1,18847500,17905100,"{'id': 176972, 'context': 0, 'bonus_lists': [6907, 6652, 1707], 'modifiers': [{'type': 9, 'value': 60}, {'type': 28, 'value': 1707}]}"
1757782921,LONG,,1,127311300,120945700,"{'id': 3423, 'context': 0}"
1757783028,LONG,,1,2339700,2222700,"{'id': 25001, 'context': 3, 'bonus_lists': [6654, 1709], 'modifiers': [{'type': 9, 'value': 30}, {'type': 28, 'value': 1014}]}"
1757783035,LONG,,1,275400,261600,"{'id': 82800, 'context': 0, 'modifiers': [{'type': 6, 'value': 13610}], 'pet_breed_id': 3, 'pet_level': 1, 'pet_quality_id': 2, 'pet_species_id': 117}"
1757729544,LONG,,1,5908800,5613400,"{'id': 2570, 'context': 1}"
1757729634,LONG,,1,39008800,37058400,"{'id': 21849, 'context': 1}"
1757729410,LONG,,1,16100700,15295700,"{'id': 116427, 'context': 13, 'bonus_lists': [32]}"
1757729430,LONG,,1,22958600,21810700,"{'id': 6796, 'context': 1}"
1757729464,LONG,,1,29333600,27866900,"{'id': 116425, 'context': 13, 'bonus_lists': [227]}"
1757729622,LONG,,1,11735500,11148700,"{'id': 10008, 'context': 1}"
1757729629,LONG,,1,183595300,174415500,"{'id': 126996, 'context': 13, 'bonus_lists': [669, 601, 689, 1709, 3408]}"
1757782780,LONG,,1,4361700,4143600,"{'id': 4308, 'context': 0}"
1757782868,LONG,,1,15730000,14943500,"{'id': 10030, 'context': 0}"
1757783025,LONG,,1,8000100,7600100,"{'id': 9301, 'context': 14}"
1757783143,LONG,,1,1281200,1217100,"{'id': 32737, 'context': 3}"
1757875561,LONG,,1,12477100,11853200,"{'id': 54474, 'context': 0}"
1757875637,LONG,,1,179463700,170490500,"{'id': 41512, 'context': 0}"
1758137302,VERY_LONG,,1,34504800,32779600,"{'id': 7053, 'context': 1}"
1758137352,VERY_LONG,,1,1113800,1058100,"{'id': 10047, 'context': 1}"
1758137366,VERY_LONG,,1,5551300,5273700,"{'id': 6239, 'context': 1}"
1757783159,LONG,,1,2624100,2492900,"{'id': 20753, 'context': 14, 'modifiers': [{'type': 28, 'value': 378}]}"
1757783272,LONG,,1,6358300,6040400,"{'id': 36378, 'context': 0, 'bonus_lists': [6654, 1709], 'modifiers': [{'type': 9, 'value': 30}, {'type': 28, 'value': 1023}]}"
1757729460,LONG,,1,57356000,54488200,"{'id': 115989, 'context': 13, 'bonus_lists': [214]}"
1757729498,LONG,,1,3130000,2973500,"{'id': 173194, 'context': 1, 'bonus_lists': [6887], 'modifiers': [{'type': 9, 'value': 60}, {'type': 28, 'value': 391}, {'type': 29, 'value': 49}, {'type': 30, 'value': 40}]}"
1757729537,LONG,,1,14097900,13393000,"{'id': 21855, 'context': 1}"
1757729608,LONG,,1,11693800,11109100,"{'id': 38277, 'context': 1}"
1757729643,LONG,,1,39008800,37058400,"{'id': 21849, 'context': 1}"
1757783057,LONG,,1,10743100,10205900,"{'id': 82800, 'context': 0, 'modifiers': [{'type': 6, 'value': 73706}], 'pet_breed_id': 21, 'pet_level': 1, 'pet_quality_id': 3, 'pet_species_id': 1966}"
1757783062,LONG,,1,11491900,10917300,"{'id': 36497, 'context': 0, 'bonus_lists': [6655, 1706], 'modifiers': [{'type': 9, 'value': 30}, {'type': 28, 'value': 1023}]}"
1757783116,LONG,,1,10957200,10409300,"{'id': 180752, 'context': 13}"
1757783205,LONG,,1,4653800,4421100,"{'id': 36264, 'context': 0, 'bonus_lists': [6654, 1681], 'modifiers': [{'type': 9, 'value': 30}, {'type': 28, 'value': 1023}]}"
1758137316,VERY_LONG,,1,9446600,8974300,"{'id': 161955, 'context': 13, 'bonus_lists': [1688]}"
1758137321,VERY_LONG,,1,7545300,7168000,"{'id': 161955, 'context': 13, 'bonus_lists': [1680]}"
1757729618,LONG,,1,9999900,9499900,"{'id': 7058, 'context': 1}"
1757729639,LONG,,1,39008800,37058400,"{'id': 21849, 'context': 1}"
1758137339,VERY_LONG,,1,7879600,7485600,"{'id': 41513, 'context': 0}"
1758137345,VERY_LONG,,1,10343500,9826300,"{'id': 6241, 'context': 1}"
1757782738,LONG,,1,7778100,7389200,"{'id': 82800, 'context': 0, 'modifiers': [{'type': 6, 'value': 61898}], 'pet_breed_id': 3, 'pet_level': 1, 'pet_quality_id': 3, 'pet_species_id': 1634}"
1757782893,LONG,,1,9565000,9086800,"{'id': 36377, 'context': 0, 'bonus_lists': [6654, 1677], 'modifiers': [{'type': 9, 'value': 30}, {'type': 28, 'value': 1023}]}"
1757783024,LONG,,1,5437300,5165400,"{'id': 36665, 'context': 0, 'bonus_lists': [6655, 1706], 'modifiers': [{'type': 9, 'value': 30}, {'type': 28, 'value': 1023}]}"
1757783267,LONG,,1,135923100,129126900,"{'id': 121015, 'context': 0, 'bonus_lists': [6654, 607], 'modifiers': [{'type': 9, 'value': 45}, {'type': 28, 'value': 331}]}"
1757783306,LONG,,1,980000,931000,"{'id': 50453, 'context': 0, 'modifiers': [{'type': 28, 'value': 1023}]}"
1757875612,LONG,,1,889100,844600,"{'id': 4343, 'context': 0}"
1757875674,LONG,,1,3027800,2876400,"{'id': 4309, 'context': 0}"
1757875701,LONG,,1,1583200,1504000,"{'id': 2579, 'context': 0}"
1757875740,LONG,,1,7000000,6650000,"{'id': 184479, 'context': 0}"
1757875748,LONG,,1,7000000,6650000,"{'id': 184479, 'context': 0}"
1758137383,VERY_LONG,,1,7228100,6866700,"{'id': 128895, 'context': 13, 'bonus_lists': [1676, 3408]}"
1757875519,LONG,,1,2483500,2359300,"{'id': 2576, 'context': 0}"
1757875714,LONG,,1,55964500,53166300,"{'id': 161978, 'context': 13, 'bonus_lists': [1699]}"
1758137298,VERY_LONG,,1,9999500,9499500,"{'id': 6263, 'context': 1}"
1757663302,LONG,,1,1999900,,"{'id': 109253, 'context': 0}"
1757663293,LONG,,1,8880000,8436000,"{'id': 173247, 'context': 63, 'bonus_lists': [6716, 1487]}"
1757663298,LONG,,1,6628700,6297300,"{'id': 24780, 'context': 0, 'bonus_lists': [6654, 1709], 'modifiers': [{'type': 9, 'value': 30}, {'type': 28, 'value': 1015}]}"
1757729555,LONG,,1,4731800,4495200,"{'id': 10024, 'context': 1}"
1757729572,LONG,,1,30143600,28636400,"{'id': 7065, 'context': 1}"
1757729581,LONG,,1,48946600,46499300,"{'id': 6242, 'context': 1}"
1757782708,LONG,,1,8315000,7899300,"{'id': 36035, 'context': 0, 'bonus_lists': [6654, 1677], 'modifiers': [{'type': 9, 'value': 30}, {'type': 28, 'value': 1023}]}"
1757782712,LONG,,1,8315000,7899300,"{'id': 36035, 'context': 0, 'bonus_lists': [6654, 1678], 'modifiers': [{'type': 9, 'value': 30}, {'type': 28, 'value': 1023}]}"
1757782714,LONG,,1,8776100,8337300,"{'id': 36035, 'context': 0, 'bonus_lists': [6654, 1694], 'modifiers': [{'type': 9, 'value': 30}, {'type': 28, 'value': 1023}]}"
1757782756,LONG,,1,49373900,46905200,"{'id': 15310, 'context': 0, 'bonus_lists': [6654, 1692], 'modifiers': [{'type': 9, 'value': 26}, {'type': 28, 'value': 5}]}"
1757782919,LONG,,1,1588300,1508900,"{'id': 4307, 'context': 0}"
1757782934,LONG,,1,2674500,2540800,"{'id': 36042, 'context': 0, 'bonus_lists': [6654, 1705], 'modifiers': [{'type': 9, 'value': 30}, {'type': 28, 'value': 1023}]}"
1757782947,LONG,,1,17359000,16491100,"{'id': 176763, 'context': 0, 'bonus_lists': [6907, 6652, 1711], 'modifiers': [{'type': 9, 'value': 60}, {'type': 28, 'value': 1707}]}"
1757783098,LONG,,1,1041300,989200,"{'id': 32753, 'context': 3, 'modifiers': [{'type': 28, 'value': 1014}]}"
1757875584,LONG,,1,593000,563400,"{'id': 4344, 'context': 0}"
1757875600,LONG,,1,1588300,1508900,"{'id': 4307, 'context': 0}"
1757875608,LONG,,1,11715900,11130100,"{'id': 41550, 'context': 0}"
1757875755,LONG,,1,7000000,6650000,"{'id': 184479, 'context': 0}"
1758137284,VERY_LONG,,1,13759500,13071500,"{'id': 2585, 'context': 1}"
1758137374,VERY_LONG,,1,4501700,4276600,"{'id': 6240, 'context': 1}"
1757663265,LONG,,1,9525300,9049000,"{'id': 176782, 'context': 0, 'bonus_lists': [6907, 6652, 1691], 'modifiers': [{'type': 9, 'value': 60}, {'type': 28, 'value': 2060}]}"
1757729485,LONG,,1,347497400,330122500,"{'id': 127034, 'context': 13, 'bonus_lists': [669, 600, 689, 3348, 3408]}"
1757729525,LONG,,1,64567800,61339400,"{'id': 10029, 'context': 1}"
1757729646,LONG,,1,8068100,7664700,"{'id': 21854, 'context': 1}"
1757663242,LONG,,1,8732800,8296200,"{'id': 24778, 'context': 0, 'bonus_lists': [6654, 1678], 'modifiers': [{'type': 9, 'value': 30}, {'type': 28, 'value': 1015}]}"
1757663291,LONG,,1,8880000,8436000,"{'id': 173247, 'context': 63, 'bonus_lists': [6716, 1487]}"
1757663304,LONG,,1,1999900,,"{'id': 109253, 'context': 0}"
1757663323,LONG,,1,1541900,1464800,"{'id': 24689, 'context': 0, 'bonus_lists': [6654, 1708], 'modifiers': [{'type': 9, 'value': 30}, {'type': 28, 'value': 1015}]}"
1757875525,LONG,,1,27825200,26433900,"{'id': 54472, 'context': 0}"
1757875537,LONG,,1,39954100,37956400,"{'id': 54482, 'context': 0}"
1757875543,LONG,,1,1296900,1232100,"{'id': 2577, 'context': 0}"
1757875677,LONG,,1,24351200,23133600,"{'id': 126987, 'context': 13, 'bonus_lists': [1698, 3408]}"
1757875687,LONG,,1,57946100,55048800,"{'id': 161983, 'context': 13, 'bonus_lists': [1698]}"
1757875732,LONG,,1,576200,547400,"{'id': 2575, 'context': 0}"
1757875752,LONG,,1,7000000,6650000,"{'id': 184479, 'context': 0}"
1757729524,LONG,,1,64567800,61339400,"{'id': 10029, 'context': 1}"
1757729591,LONG,,1,17853700,16961000,"{'id': 21850, 'context': 1}"
1757782699,LONG,,1,787176700,747817900,"{'id': 164437, 'context': 11}"
1757782881,LONG,,1,16097900,15293000,"{'id': 10026, 'context': 0}"
1757782973,LONG,,1,9759600,9271600,"{'id': 36261, 'context': 0, 'bonus_lists': [6654, 1707], 'modifiers': [{'type': 9, 'value': 30}, {'type': 28, 'value': 1023}]}"
1757783005,LONG,,1,5708900,5423500,"{'id': 36036, 'context': 0, 'bonus_lists': [6654, 1680], 'modifiers': [{'type': 9, 'value': 30}, {'type': 28, 'value': 1023}]}"
1757783068,LONG,,1,11491900,10917300,"{'id': 36497, 'context': 0, 'bonus_lists': [6655, 1681], 'modifiers': [{'type': 9, 'value': 30}, {'type': 28, 'value': 1023}]}"
1757783113,LONG,,1,10957200,10409300,"{'id': 180752, 'context': 13}"
1757729442,LONG,,1,7228100,6866700,"{'id': 128895, 'context': 13, 'bonus_lists': [1690, 3408]}"
1757875587,LONG,,1,593000,563400,"{'id': 4344, 'context': 0}"
1757875669,LONG,,1,3027800,2876400,"{'id': 4309, 'context': 0}"
1757875718,LONG,,1,54915200,52169400,"{'id': 161978, 'context': 13, 'bonus_lists': [1683]}"
1757875727,LONG,,1,576200,547400,"{'id': 2575, 'context': 0}"
1757875735,LONG,,1,7000000,6650000,"{'id': 184479, 'context': 0}"
1757875711,LONG,,1,30413000,28892400,"{'id': 54484, 'context': 0}"
1757663248,LONG,,1,3849500,3657000,"{'id': 24665, 'context': 0, 'bonus_lists': [6654, 1692], 'modifiers': [{'type': 9, 'value': 30}, {'type': 28, 'value': 1015}]}"
1757663251,LONG,,1,390000,370500,"{'id': 25054, 'context': 0, 'bonus_lists': [6654, 1678], 'modifiers': [{'type': 9, 'value': 30}, {'type': 28, 'value': 1015}]}"
1757663326,LONG,,1,5307300,5041900,"{'id': 24890, 'context': 0, 'bonus_lists': [6654, 1708], 'modifiers': [{'type': 9, 'value': 30}, {'type': 28, 'value': 1015}]}"
1758137398,VERY_LONG,,1,8348300,7930900,"{'id': 4314, 'context': 1}"
1758137419,VERY_LONG,,1,9991800,9492200,"{'id': 6264, 'context': 1}"
1757783132,LONG,,1,1281200,1217100,"{'id': 32737, 'context': 3, 'modifiers': [{'type': 28, 'value': 1014}]}"
1757783172,LONG,,1,8754600,8316900,"{'id': 6342, 'context': 0}"
1758137387,VERY_LONG,,1,7464800,7091600,"{'id': 4310, 'context': 1}"
1758137403,VERY_LONG,,1,8348300,7930900,"{'id': 4314, 'context': 1}"
1757782718,LONG,,1,31884900,30290700,"{'id': 106737, 'context': 22, 'bonus_lists': [6654, 168], 'modifiers': [{'type': 9, 'value': 40}, {'type': 28, 'value': 1139}]}"
1757782859,LONG,,1,4066100,3862800,"{'id': 10044, 'context': 0}"
1757783044,LONG,,1,6660000,6327000,"{'id': 82800, 'context': 0, 'pet_breed_id': 3, 'pet_level': 1, 'pet_quality_id': 3, 'pet_species_id': 1965}"
1757783105,LONG,,1,10957200,10409300,"{'id': 180752, 'context': 13}"
1757729566,LONG,,1,30143600,28636400,"{'id': 7065, 'context': 1}"
1757729570,LONG,,1,30143600,28636400,"{'id': 7065, 'context': 1}"
1757783262,LONG,,1,985800,936500,"{'id': 13008, 'context': 0, 'bonus_lists': [6658], 'modifiers': [{'type': 9, 'value': 30}, {'type': 28, 'value': 1004}]}"
1757783294,LONG,,1,150009200,142508700,"{'id': 183616, 'context': 0, 'modifiers': [{'type': 28, 'value': 1401}]}"
1757729631,LONG,,1,12552700,11925100,"{'id': 43655, 'context': 1}"
1758137377,VERY_LONG,,1,10809700,10269200,"{'id': 128895, 'context': 13, 'bonus_lists': [1685, 3408]}"
1757729424,LONG,,1,34504800,32779600,"{'id': 7053, 'context': 1}"
1757729455,LONG,,1,10938100,10391200,"{'id': 4332, 'context': 1}"
1757875512,LONG,,1,2483500,2359300,"{'id': 2576, 'context': 0}"
1757875523,LONG,,1,2483500,2359300,"{'id': 2576, 'context': 0}"
1757875691,LONG,,1,57946100,55048800,"{'id': 161983, 'context': 13, 'bonus_lists': [1699]}"
1757782807,LONG,,1,1819300,1728300,"{'id': 20752, 'context': 14, 'modifiers': [{'type': 28, 'value': 378}]}"
1757782811,LONG,,1,65680200,62396200,"{'id': 4328, 'context': 0}"
1757782878,LONG,,1,111745500,106158200,"{'id': 121181, 'context': 0, 'bonus_lists': [6654, 603], 'modifiers': [{'type': 9, 'value': 34}, {'type': 28, 'value': 332}]}"
1757782987,LONG,,1,2000000,1900000,"{'id': 82800, 'context': 0, 'modifiers': [{'type': 6, 'value': 71972}], 'pet_breed_id': 18, 'pet_level': 1, 'pet_quality_id': 3, 'pet_species_id': 2091}"
1757783014,LONG,,1,47661300,45278200,"{'id': 118338, 'context': 0}"
1757783015,LONG,,1,821959200,780861200,"{'id': 154828, 'context': 0, 'bonus_lists': [6654, 1676], 'modifiers': [{'type': 9, 'value': 50}, {'type': 28, 'value': 190}]}"
1757782703,LONG,,1,8315000,7899300,"{'id': 36035, 'context': 0, 'bonus_lists': [6654, 1677], 'modifiers': [{'type': 9, 'value': 30}, {'type': 28, 'value': 1023}]}"
1757782931,LONG,,1,2674500,2540800,"{'id': 36042, 'context': 0, 'bonus_lists': [6654, 1680], 'modifiers': [{'type': 9, 'value': 30}, {'type': 28, 'value': 1023}]}"
1757782955,LONG,,1,40231000,38219500,"{'id': 115988, 'context': 13, 'bonus_lists': [273]}"
1757783300,LONG,,1,4007000,3806700,"{'id': 16838, 'context': 0, 'modifiers': [{'type': 28, 'value': 1004}]}"
1757875697,LONG,,1,1583200,1504000,"{'id': 2579, 'context': 0}"
1757875513,LONG,,1,2483500,2359300,"{'id': 2576, 'context': 0}"
1757875696,LONG,,1,54293000,51578400,"{'id': 161983, 'context': 13, 'bonus_lists': [1714]}"
1757729513,LONG,,1,50000000,47500000,"{'id': 21852, 'context': 1}"
1757729578,LONG,,1,48946600,46499300,"{'id': 6242, 'context': 1}"
1757729613,LONG,,1,9999900,9499900,"{'id': 7058, 'context': 1}"
1757729450,LONG,,1,10676100,10142300,"{'id': 55701, 'context': 0, 'bonus_lists': [6654, 1715], 'modifiers': [{'type': 9, 'value': 35}, {'type': 28, 'value': 56}]}"
1757875722,LONG,,1,576200,547400,"{'id': 2575, 'context': 0}"
1757783176,LONG,,1,15528800,14752400,"{'id': 23807, 'context': 14}"
1757782787,LONG,,1,4361700,4143600,"{'id': 4308, 'context': 0}"
1757782912,LONG,,1,26272100,24958500,"{'id': 23803, 'context': 14}"
1757783039,LONG,,1,5277500,5013600,"{'id': 36265, 'context': 0, 'bonus_lists': [6654, 1708], 'modifiers': [{'type': 9, 'value': 30}, {'type': 28, 'value': 1023}]}"
1757783041,LONG,,1,16623100,15791900,"{'id': 82800, 'context': 0, 'modifiers': [{'type': 6, 'value': 48664}], 'pet_breed_id': 4, 'pet_level': 1, 'pet_quality_id': 3, 'pet_species_id': 1233}"
1757663310,LONG,,1,1999900,,"{'id': 109253, 'context': 0}"
1757663320,LONG,,1,1541900,1464800,"{'id': 24689, 'context': 0, 'bonus_lists': [6654, 1709], 'modifiers': [{'type': 9, 'value': 30}, {'type': 28, 'value': 1015}]}"
1757875596,LONG,,1,593000,563400,"{'id': 4344, 'context': 0}"
1757875707,LONG,,1,27130100,25773600,"{'id': 126991, 'context': 13, 'bonus_lists': [1708, 3408]}"
1757875715,LONG,,1,55964500,53166300,"{'id': 161978, 'context': 13, 'bonus_lists': [1698]}"
1757875762,LONG,,1,7000000,6650000,"{'id': 184479, 'context': 0}"
1757875620,LONG,,1,889100,844600,"{'id': 4343, 'context': 0}"
1757875665,LONG,,1,3027800,2876400,"{'id': 4309, 'context': 0}"
1757875706,LONG,,1,5984300,5685100,"{'id': 173193, 'context': 0, 'bonus_lists': [6890], 'modifiers': [{'type': 9, 'value': 60}, {'type': 28, 'value': 391}, {'type': 29, 'value': 36}, {'type': 30, 'value': 32}]}"
1757782762,LONG,,1,3451600,3279000,"{'id': 16817, 'context': 0}"
1757782797,LONG,,1,19156500,18198700,"{'id': 36149, 'context': 0, 'bonus_lists': [6654, 1679], 'modifiers': [{'type': 9, 'value': 30}, {'type': 28, 'value': 1023}]}"
1757782970,LONG,,1,25233000,23971400,"{'id': 115993, 'context': 13, 'bonus_lists': [133]}"
1757875661,LONG,,1,534800,508100,"{'id': 2580, 'context': 0}"
1757875725,LONG,,1,576200,547400,"{'id': 2575, 'context': 0}"
1757782746,LONG,,1,105800,100500,"{'id': 2598, 'context': 0, 'modifiers': [{'type': 28, 'value': 869}]}"
1757782917,LONG,,1,14730400,13993900,"{'id': 21765, 'context': 1}"
1757783055,LONG,,1,2000000,1900000,"{'id': 82800, 'context': 0, 'modifiers': [{'type': 6, 'value': 46923}], 'pet_breed_id': 8, 'pet_level': 1, 'pet_quality_id': 3, 'pet_species_id': 1149}"
1757783120,LONG,,1,10957200,10409300,"{'id': 180752, 'context': 13}"
1758137360,VERY_LONG,,1,5551300,5273700,"{'id': 6239, 'context': 1}"
1757782733,LONG,,1,3474600,3300900,"{'id': 36266, 'context': 0, 'bonus_lists': [6654, 1709], 'modifiers': [{'type': 9, 'value': 30}, {'type': 28, 'value': 1023}]}"
1757782927,LONG,,1,1500810800,1425770300,"{'id': 44679, 'context': 0}"
1757782967,LONG,,1,560000,532000,"{'id': 30306, 'context': 0, 'modifiers': [{'type': 28, 'value': 1011}]}"
1757783192,LONG,,1,11662300,11079200,"{'id': 154860, 'context': 0, 'bonus_lists': [6654, 4802, 1717], 'modifiers': [{'type': 9, 'value': 50}, {'type': 28, 'value': 187}]}"
1757616943,LONG,,1,155500,,"{'id': 82293, 'context': 0, 'bonus_lists': [6654, 1677], 'modifiers': [{'type': 9, 'value': 35}, {'type': 28, 'value': 168}]}"
1757617052,LONG,,1,25400,,"{'id': 82253, 'context': 0, 'bonus_lists': [6654, 1707], 'modifiers': [{'type': 9, 'value': 35}, {'type': 28, 'value': 168}]}"
1757617063,LONG,,1,49700,,"{'id': 159821, 'context': 0, 'bonus_lists': [6655, 1686], 'modifiers': [{'type': 9, 'value': 43}, {'type': 28, 'value': 190}]}"
1757617038,LONG,,1,24228800,,"{'id': 94218, 'context': 0, 'bonus_lists': [1687], 'modifiers': [{'type': 28, 'value': 168}]}"
1757616923,LONG,,1,250000,,"{'id': 82248, 'context': 0, 'bonus_lists': [6654, 1700], 'modifiers': [{'type': 9, 'value': 35}, {'type': 28, 'value': 168}]}"
1757701381,LONG,,1,7000000,,"{'id': 184479, 'context': 0}"
1757693151,LONG,,1,9500000,,"{'id': 173242, 'context': 63, 'bonus_lists': [6716, 1487]}"
1757701382,LONG,,1,7000000,,"{'id': 184479, 'context': 0}"
1757701384,LONG,,1,7000000,,"{'id': 184479, 'context': 0}"
1757659104,LONG,,1,1007600,,"{'id': 29529, 'context': 0}"
1757659111,LONG,,1,1007600,,"{'id': 29529, 'context': 0}"
1757659109,LONG,,1,1007600,,"{'id': 29529, 'context': 0}"
1757953642,VERY_LONG,,1,2223600,,"{'id': 25295, 'context': 0, 'bonus_lists': [6655, 1705], 'modifiers': [{'type': 9, 'value': 30}, {'type': 28, 'value': 1011}]}"
1757978007,VERY_LONG,,1,1400000000,,"{'id': 172322, 'context': 66, 'bonus_lists': [6758, 1532]}"
1758065580,VERY_LONG,,1,99999900,,"{'id': 87505, 'context': 36, 'bonus_lists': [4296], 'modifiers': [{'type': 9, 'value': 50}]}"
1757906665,LONG,,1,2000000000,,"{'id': 183013, 'context': 6, 'bonus_lists': [7187, 6652, 1498, 6646], 'modifiers': [{'type': 28, 'value': 753}]}"
1757906736,LONG,,1,2300000000,,"{'id': 183013, 'context': 6, 'bonus_lists': [7187, 6652, 1498, 6646], 'modifiers': [{'type': 28, 'value': 753}]}"
1757928548,LONG,,1,300000000,,"{'id': 116496, 'context': 0, 'bonus_lists': [6655, 88], 'modifiers': [{'type': 9, 'value': 41}, {'type': 28, 'value': 1766}]}"
1757928152,LONG,,1,5255500,,"{'id': 116515, 'context': 0, 'bonus_lists': [6655, 33], 'modifiers': [{'type': 9, 'value': 42}, {'type': 28, 'value': 65}]}"
1758122735,VERY_LONG,,1,7476400,,"{'id': 10278, 'context': 1, 'bonus_lists': [6654, 1691], 'modifiers': [{'type': 9, 'value': 44}, {'type': 28, 'value': 1919}]}"
1757927099,LONG,,1,6006300,,"{'id': 116619, 'context': 1, 'bonus_lists': [6655, 154], 'modifiers': [{'type': 9, 'value': 40}, {'type': 28, 'value': 1854}]}"
1758122657,VERY_LONG,,1,669000,,"{'id': 24850, 'context': 1, 'bonus_lists': [6654, 1707], 'modifiers': [{'type': 9, 'value': 47}, {'type': 28, 'value': 1886}]}"
1758122699,VERY_LONG,,1,166665000,,"{'id': 25119, 'context': 1, 'bonus_lists': [6655, 1680], 'modifiers': [{'type': 9, 'value': 47}, {'type': 28, 'value': 1886}]}"
1757780865,LONG,,1,10009200,,"{'id': 159605, 'context': 0, 'bonus_lists': [6655, 1706], 'modifiers': [{'type': 9, 'value': 24}, {'type': 28, 'value': 186}]}"
1758122792,VERY_LONG,,1,342900,,"{'id': 121007, 'context': 0, 'bonus_lists': [6654, 1692], 'modifiers': [{'type': 9, 'value': 45}, {'type': 28, 'value': 2040}]}"
1757605322,LONG,,1,199990000,,"{'id': 92426, 'context': 0, 'modifiers': [{'type': 28, 'value': 167}]}"
1758201963,VERY_LONG,5999900,23,,,{'id': 181468}
1758203159,VERY_LONG,13743800,1,,,{'id': 171276}
1758203163,VERY_LONG,32400000,4,,,{'id': 180457}
1758203165,VERY_LONG,1729000,3,,,{'id': 172232}
1758203168,VERY_LONG,839500,12,,,{'id': 172045}
1758203170,VERY_LONG,398000,12,,,{'id': 171286}
1758203177,VERY_LONG,720000,10,,,{'id': 172094}
1758205203,VERY_LONG,1851300,1,,,{'id': 172361}
1758205225,VERY_LONG,59400,16,,,{'id': 163225}
1758205229,VERY_LONG,152000,1,,,{'id': 152496}
1758205239,VERY_LONG,5000000,2,,,{'id': 138486}
1758205244,VERY_LONG,2500,16,,,{'id': 168650}
1758205248,VERY_LONG,3910500,10,,,{'id': 172937}
1758205252,VERY_LONG,3440000,4,,,{'id': 181468}
1758206036,VERY_LONG,,1,65000000,,"{'id': 171417, 'context': 64, 'bonus_lists': [6717, 1507]}"
1758206039,VERY_LONG,,1,65000000,,"{'id': 171417, 'context': 64, 'bonus_lists': [6717, 1507]}"
1758206040,VERY_LONG,,1,65000000,,"{'id': 171417, 'context': 64, 'bonus_lists': [6717, 1507]}"
1758206041,VERY_LONG,,1,65000000,,"{'id': 171417, 'context': 64, 'bonus_lists': [6717, 1507]}"
1758206042,VERY_LONG,,1,65000000,,"{'id': 171417, 'context': 64, 'bonus_lists': [6717, 1507]}"
1758206044,VERY_LONG,,1,65000000,,"{'id': 171417, 'context': 64, 'bonus_lists': [6717, 1507]}"
1758206049,VERY_LONG,,1,39980000,,"{'id': 172327, 'context': 63, 'bonus_lists': [6716, 1487]}"
1758206050,VERY_LONG,,1,39980000,,"{'id': 172327, 'context': 63, 'bonus_lists': [6716, 1487]}"
1758206051,VERY_LONG,,1,39980000,,"{'id': 172327, 'context': 63, 'bonus_lists': [6716, 1487]}"
1758206058,VERY_LONG,,1,99990000,,"{'id': 172327, 'context': 63, 'bonus_lists': [6716, 1487]}"
1758206060,VERY_LONG,,1,99990000,,"{'id': 172327, 'context': 63, 'bonus_lists': [6716, 1487]}"
1758206061,VERY_LONG,,1,99990000,,"{'id': 172327, 'context': 63, 'bonus_lists': [6716, 1487]}"
1758206064,VERY_LONG,,1,99990000,,"{'id': 172327, 'context': 63, 'bonus_lists': [6716, 1487]}"
1758206065,VERY_LONG,,1,99990000,,"{'id': 172327, 'context': 63, 'bonus_lists': [6716, 1487]}"
1758206066,VERY_LONG,,1,99990000,,"{'id': 172327, 'context': 63, 'bonus_lists': [6716, 1487]}"
1758206067,VERY_LONG,,1,99990000,,"{'id': 172327, 'context': 63, 'bonus_lists': [6716, 1487]}"
1758206070,VERY_LONG,,1,99990000,,"{'id': 172327, 'context': 63, 'bonus_lists': [6716, 1487]}"
1758206074,VERY_LONG,,1,99970000,,"{'id': 171415, 'context': 64, 'bonus_lists': [6717, 7194, 1507]}"
1758206075,VERY_LONG,,1,99970000,,"{'id': 171415, 'context': 64, 'bonus_lists': [6717, 7193, 1507]}"
1758206076,VERY_LONG,,1,99970000,,"{'id': 171415, 'context': 64, 'bonus_lists': [6717, 7193, 1507]}"
1758206077,VERY_LONG,,1,99970000,,"{'id': 171415, 'context': 64, 'bonus_lists': [6717, 7193, 1507]}"
1758206079,VERY_LONG,,1,99970000,,"{'id': 171415, 'context': 64, 'bonus_lists': [6717, 7193, 1507]}"
1758206080,VERY_LONG,,1,99970000,,"{'id': 171415, 'context': 64, 'bonus_lists': [6717, 7193, 1507]}"
1758206081,VERY_LONG,,1,99970000,,"{'id': 171415, 'context': 64, 'bonus_lists': [6717, 7193, 1507]}"
1758206082,VERY_LONG,,1,99970000,,"{'id': 171415, 'context': 64, 'bonus_lists': [6717, 7193, 1507]}"
1758206085,VERY_LONG,,1,38000000,,"{'id': 171412, 'context': 63, 'bonus_lists': [6716, 1487]}"
1758206086,VERY_LONG,,1,38000000,,"{'id': 171412, 'context': 63, 'bonus_lists': [6716, 1487]}"
1758206089,VERY_LONG,,1,38000000,,"{'id': 171412, 'context': 63, 'bonus_lists': [6716, 1487]}"
1758206091,VERY_LONG,,1,38000000,,"{'id': 171412, 'context': 63, 'bonus_lists': [6716, 1487]}"
1758206093,VERY_LONG,,1,38000000,,"{'id': 171412, 'context': 63, 'bonus_lists': [6716, 1487]}"
1758206096,VERY_LONG,,1,38000000,,"{'id': 171412, 'context': 63, 'bonus_lists': [6716, 1487]}"
1758206098,VERY_LONG,,1,38000000,,"{'id': 171412, 'context': 63, 'bonus_lists': [6716, 1487]}"
1758207124,VERY_LONG,,1,60500000,,"{'id': 171419, 'context': 64, 'bonus_lists': [6717, 7194, 1507]}"
1758207125,VERY_LONG,,1,60500000,,"{'id': 171419, 'context': 64, 'bonus_lists': [6717, 7194, 1507]}"
1758207127,VERY_LONG,,1,60500000,,"{'id': 171419, 'context': 64, 'bonus_lists': [6717, 7193, 1507]}"
1758207128,VERY_LONG,,1,60500000,,"{'id': 171419, 'context': 64, 'bonus_lists': [6717, 7194, 1507]}"
1758207129,VERY_LONG,,1,60500000,,"{'id': 171419, 'context': 64, 'bonus_lists': [6717, 7193, 1507]}"
1758207130,VERY_LONG,,1,60500000,,"{'id': 171419, 'context': 64, 'bonus_lists': [6717, 7193, 1507]}"
1758207132,VERY_LONG,,1,60500000,,"{'id': 171419, 'context': 64, 'bonus_lists': [6717, 7193, 1507]}"
1758207133,VERY_LONG,,1,60500000,,"{'id': 171419, 'context': 64, 'bonus_lists': [6717, 7194, 1507]}"
1758207141,VERY_LONG,,1,110000000,,"{'id': 172322, 'context': 63, 'bonus_lists': [6716, 1487]}"
1758207142,VERY_LONG,,1,110000000,,"{'id': 172322, 'context': 63, 'bonus_lists': [6716, 1487]}"
1758207145,VERY_LONG,,1,110000000,,"{'id': 172322, 'context': 63, 'bonus_lists': [6716, 1487]}"
1758207146,VERY_LONG,,1,110000000,,"{'id': 172322, 'context': 63, 'bonus_lists': [6716, 1487]}"
1758207147,VERY_LONG,,1,110000000,,"{'id': 172322, 'context': 63, 'bonus_lists': [6716, 1487]}"
1758207150,VERY_LONG,,1,138649500,,"{'id': 172325, 'context': 63, 'bonus_lists': [6716, 7193, 1487]}"
1758207151,VERY_LONG,,1,138649500,,"{'id': 172325, 'context': 63, 'bonus_lists': [6716, 7193, 1487]}"
1758207153,VERY_LONG,,1,138649500,,"{'id': 172325, 'context': 63, 'bonus_lists': [6716, 7194, 1487]}"
1758207154,VERY_LONG,,1,43590000,,"{'id': 171415, 'context': 63, 'bonus_lists': [6716, 7193, 1487]}"
1758207155,VERY_LONG,,1,43590000,,"{'id': 171415, 'context': 63, 'bonus_lists': [6716, 7194, 1487]}"
1758207562,VERY_LONG,360800,9,,,{'id': 173036}
1758207571,VERY_LONG,1729000,1,,,{'id': 172232}
1758207599,VERY_LONG,7450000,6,,,{'id': 172097}
1758207600,VERY_LONG,720000,60,,,{'id': 172094}
1758207601,VERY_LONG,310000,9,,,{'id': 172096}
1758207603,VERY_LONG,690000,80,,,{'id': 52326}
1758207604,VERY_LONG,770000,41,,,{'id': 52325}
1758207607,VERY_LONG,100600,12,,,{'id': 171828}
1758207609,VERY_LONG,7500,17,,,{'id': 4338}
1758207621,VERY_LONG,156700,2,,,{'id': 172451}
1758207624,VERY_LONG,4000,114,,,{'id': 14047}
1758209267,VERY_LONG,13743800,3,,,{'id': 171276}
1758209285,VERY_LONG,32400000,1,,,{'id': 180457}
1758209301,VERY_LONG,32400000,1,,,{'id': 180457}
1758209725,VERY_LONG,,1,4500000,,"{'id': 173249, 'context': 63, 'bonus_lists': [6716, 7194, 1487]}"
1758209726,VERY_LONG,,1,4500000,,"{'id': 173249, 'context': 63, 'bonus_lists': [6716, 7194, 1487]}"
1758209727,VERY_LONG,,1,4500000,,"{'id': 173249, 'context': 63, 'bonus_lists': [6716, 7194, 1487]}"
1758209728,VERY_LONG,,1,4500000,,"{'id': 173249, 'context': 63, 'bonus_lists': [6716, 7194, 1487]}"
1758209729,VERY_LONG,,1,4500000,,"{'id': 173249, 'context': 63, 'bonus_lists': [6716, 7193, 1487]}"
1758209730,VERY_LONG,,1,4500000,,"{'id': 173249, 'context': 63, 'bonus_lists': [6716, 7194, 1487]}"
1758209731,VERY_LONG,,1,4500000,,"{'id': 173249, 'context': 63, 'bonus_lists': [6716, 7194, 1487]}"
1758209739,VERY_LONG,,1,38000000,,"{'id': 172327, 'context': 63, 'bonus_lists': [6716, 1487]}"
1758209751,VERY_LONG,,1,4009900,,"{'id': 172262, 'context': 13, 'bonus_lists': [6893], 'modifiers': [{'type': 9, 'value': 60}, {'type': 28, 'value': 391}, {'type': 29, 'value': 36}, {'type': 30, 'value': 49}]}"
1758209753,VERY_LONG,,1,4009900,,"{'id': 172262, 'context': 13, 'bonus_lists': [6893], 'modifiers': [{'type': 9, 'value': 60}, {'type': 28, 'value': 391}, {'type': 29, 'value': 36}, {'type': 30, 'value': 49}]}"
1758209758,VERY_LONG,,1,7000000,,"{'id': 172261, 'context': 13, 'bonus_lists': [6893], 'modifiers': [{'type': 9, 'value': 60}, {'type': 28, 'value': 391}, {'type': 29, 'value': 36}, {'type': 30, 'value': 49}]}"
1758209965,VERY_LONG,,1,38000000,,"{'id': 172327, 'context': 63, 'bonus_lists': [6716, 1487]}"
1758212119,VERY_LONG,163300,50,,,{'id': 172230}
1758212293,VERY_LONG,,1,220000000,,"{'id': 184778, 'context': 3, 'bonus_lists': [7189, 6652, 1472, 6646], 'modifiers': [{'type': 28, 'value': 751}]}"
1758212967,VERY_LONG,29990000,2,,,{'id': 71820}
1758215461,VERY_LONG,57700,2,,,{'id': 111557}
1758215463,VERY_LONG,2500,71,,,{'id': 154899}
1758215464,VERY_LONG,7000,26,,,{'id': 124120}
1758215466,VERY_LONG,16000,28,,,{'id': 174353}
1758215469,VERY_LONG,11600,8,,,{'id': 168303}
1758215477,VERY_LONG,100100,1,,,{'id': 172934}
1758215481,VERY_LONG,720000,15,,,{'id': 172094}
1758215494,VERY_LONG,100000,1,,,{'id': 154121}
1758215496,VERY_LONG,200000,9,,,{'id': 174350}
1758215498,VERY_LONG,92619900,1,,,{'id': 24271}
1758215501,VERY_LONG,15400,4,,,{'id': 112156}
1758215503,VERY_LONG,159700,1,,,{'id': 154125}
1758215507,VERY_LONG,1499900,1,,,{'id': 168190}
1758215510,VERY_LONG,41400,6,,,{'id': 158381}
1758215512,VERY_LONG,,1,4945300,,"{'id': 82800, 'context': 0, 'modifiers': [{'type': 6, 'value': 95584}], 'pet_breed_id': 9, 'pet_level': 1, 'pet_quality_id': 2, 'pet_species_id': 2942}"
1758215516,VERY_LONG,501200,1,,,{'id': 127004}
1758215518,VERY_LONG,54000,125,,,{'id': 152577}
1758215521,VERY_LONG,7800,200,,,{'id': 167738}
1758215524,VERY_LONG,149900,10,,,{'id': 158378}
1758215526,VERY_LONG,2000,1,,,{'id': 151567}
1758215528,VERY_LONG,21800,1,,,{'id': 124437}
1758215530,VERY_LONG,792000,1,,,{'id': 154122}
1758215549,VERY_LONG,30000,6,,,{'id': 171370}
1758215552,VERY_LONG,19700,1,,,{'id': 23572}
1758215554,VERY_LONG,,1,2242400,,"{'id': 173145, 'context': 13, 'modifiers': [{'type': 29, 'value': 40}]}"
1758215555,VERY_LONG,,1,2242400,,"{'id': 173145, 'context': 13, 'modifiers': [{'type': 29, 'value': 40}]}"
1758215556,VERY_LONG,990000,8,,,{'id': 168506}
1758215557,VERY_LONG,70000,2,,,{'id': 138488}
1758215559,VERY_LONG,4500,20,,,{'id': 154885}
1758215560,VERY_LONG,10000,1,,,{'id': 179309}
1758215563,VERY_LONG,1294500,1,,,{'id': 21844}
1758215565,VERY_LONG,2300,4,,,{'id': 118007}
1758215567,VERY_LONG,100000,20,,,{'id': 166343}
1758215569,VERY_LONG,,1,9900,,"{'id': 6663, 'context': 0}"
1758215756,VERY_LONG,,1,1500000000,1300000000,"{'id': 161134, 'context': 13, 'modifiers': [{'type': 28, 'value': 872}]}"
1758215791,VERY_LONG,728000,9,,,{'id': 173204}
1758215812,VERY_LONG,,1,79840000,,"{'id': 173242, 'context': 66, 'bonus_lists': [6758, 1532]}"
1758215827,VERY_LONG,,1,29870000,,"{'id': 173243, 'context': 64, 'bonus_lists': [6717, 1507]}"
1758215846,VERY_LONG,,1,47878500,,"{'id': 173243, 'context': 65, 'bonus_lists': [6718, 1522]}"
1758215861,VERY_LONG,,1,85000000,,"{'id': 173248, 'context': 66, 'bonus_lists': [6758, 7194, 1532]}"
1758215896,VERY_LONG,,1,29878400,,"{'id': 173244, 'context': 64, 'bonus_lists': [6717, 1507]}"
1758216242,VERY_LONG,,1,691938500,622744700,"{'id': 82800, 'context': 0, 'modifiers': [{'type': 6, 'value': 20042}], 'pet_breed_id': 9, 'pet_level': 25, 'pet_quality_id': 3, 'pet_species_id': 146}"
1758216244,VERY_LONG,,1,29834400,,"{'id': 8197, 'context': 0}"
1758216248,VERY_LONG,35059800,1,,,{'id': 23785}
1758216251,VERY_LONG,52150600,1,,,{'id': 39005}
1758216253,VERY_LONG,1032700,9,,,{'id': 132516}
1758216254,VERY_LONG,,1,24024600,,"{'id': 7387, 'context': 0}"
1758216259,VERY_LONG,,1,66414200,55787900,"{'id': 44671, 'context': 0, 'bonus_lists': [1705]}"
1758216260,VERY_LONG,1223800,16,,,{'id': 132515}
1758216262,VERY_LONG,500200,1,,,{'id': 128537}
1758216269,VERY_LONG,4468700,1,,,{'id': 38953}
1758216273,VERY_LONG,,1,87941600,,"{'id': 8349, 'context': 0}"
1758216277,VERY_LONG,,1,17521000,14717600,"{'id': 4794, 'context': 14}"
1758216288,VERY_LONG,,1,8007500,,"{'id': 54475, 'context': 0}"
1758216290,VERY_LONG,,1,4664200,,"{'id': 25671, 'context': 0}"
1758216291,VERY_LONG,10021600,3,,,{'id': 141333}
1758216309,VERY_LONG,2543800,1,,,{'id': 128544}
1758216310,VERY_LONG,,1,5646200,,"{'id': 41984, 'context': 0}"
1758216315,VERY_LONG,44689700,1,,,{'id': 52175}
1758216317,VERY_LONG,9147800,1,,,{'id': 25679}
1758216321,VERY_LONG,,1,4435100,,"{'id': 15084, 'context': 0}"
1758216323,VERY_LONG,,1,82378100,,"{'id': 44441, 'context': 0}"
1758216326,VERY_LONG,7601300,1,,,{'id': 38844}
1758216373,VERY_LONG,40002600,1,,,{'id': 38780}
1758216389,VERY_LONG,,1,10001300,,"{'id': 56509, 'context': 0, 'bonus_lists': [1698]}"
1758216406,VERY_LONG,,1,30004000,,"{'id': 159861, 'context': 13, 'bonus_lists': [1705, 4928]}"
1758216410,VERY_LONG,,1,5505500,,"{'id': 56499, 'context': 0, 'bonus_lists': [1692]}"
1758216428,VERY_LONG,,1,20000600,,"{'id': 7349, 'context': 0}"
1758216447,VERY_LONG,,1,30006300,,"{'id': 128905, 'context': 13, 'bonus_lists': [669, 601, 689, 1678, 3408]}"
1758216465,VERY_LONG,,1,30004500,,"{'id': 45564, 'context': 0}"
1758216474,VERY_LONG,,1,30001500,,"{'id': 54503, 'context': 0}"
1758216476,VERY_LONG,,1,30001800,,"{'id': 144332, 'context': 13, 'bonus_lists': [601, 1714, 3408]}"
1758216479,VERY_LONG,,1,30000800,,"{'id': 128903, 'context': 13, 'bonus_lists': [669, 601, 689, 1681, 3408]}"
1758216488,VERY_LONG,1580000,45,,,{'id': 152557}
1758216491,VERY_LONG,,1,10200500,,"{'id': 132503, 'context': 13, 'bonus_lists': [1679, 3392, 3408]}"
1758216698,VERY_LONG,,1,399990700,,"{'id': 184789, 'context': 2, 'bonus_lists': [6652, 1472, 6646], 'modifiers': [{'type': 28, 'value': 748}]}"
1758216738,VERY_LONG,37609900,5,,,{'id': 128315}
1758216779,VERY_LONG,,1,400000000,,"{'id': 183017, 'context': 3, 'bonus_lists': [7189, 40, 7194, 1472, 6646], 'modifiers': [{'type': 28, 'value': 751}]}"
1758216785,VERY_LONG,1720000,2,,,{'id': 172232}
1758216795,VERY_LONG,3400000,2,,,{'id': 181468}
1758216804,VERY_LONG,,1,1500220000,,"{'id': 184805, 'context': 0, 'bonus_lists': [6652, 1472, 6646], 'modifiers': [{'type': 28, 'value': 1707}]}"
1758216812,VERY_LONG,2223300,4,,,{'id': 39681}
1758216909,VERY_LONG,,1,69990100,,"{'id': 112318, 'context': 13, 'bonus_lists': [525, 530]}"
1758216912,VERY_LONG,,1,69990100,,"{'id': 112318, 'context': 13, 'bonus_lists': [525, 530]}"
1758216972,VERY_LONG,,1,354991200,,"{'id': 83090, 'context': 1}"
1758216973,VERY_LONG,,1,395645100,,"{'id': 83089, 'context': 1}"
1758216975,VERY_LONG,,1,395508500,,"{'id': 83088, 'context': 1}"
1758216981,VERY_LONG,,1,149995300,,"{'id': 19277, 'context': 0}"
1758217031,VERY_LONG,280818900,2,,,{'id': 137289}
1758217032,VERY_LONG,,1,383859400,,"{'id': 94903, 'context': 0}"
1758217033,VERY_LONG,,1,429940000,,"{'id': 100905, 'context': 0}"
1758217036,VERY_LONG,,1,250004200,,"{'id': 183421, 'context': 28, 'bonus_lists': [43, 1520, 5891, 6646]}"
1758217059,VERY_LONG,30006200,2,,,{'id': 139436}
1758217060,VERY_LONG,2499500,200,,,{'id': 173173}
1758217065,VERY_LONG,3900000,180,,,{'id': 173172}
1758218170,VERY_LONG,999700,31,,,{'id': 169456}
1758218301,VERY_LONG,3698500,5,,,{'id': 184308}
1758218447,VERY_LONG,3000,10,,,{'id': 182653}
1758218457,VERY_LONG,2500,10,,,{'id': 182653}
1758218471,VERY_LONG,2000,3,,,{'id': 182653}
1758220372,VERY_LONG,5255100,1,,,{'id': 76564}
1758220401,VERY_LONG,,1,29472400,,"{'id': 126989, 'context': 13, 'bonus_lists': [1698, 3392, 3408]}"
1758220415,VERY_LONG,30946900,1,,,{'id': 44457}
1758220428,VERY_LONG,,1,25649700,,"{'id': 126988, 'context': 13, 'bonus_lists': [1714, 3392, 3408]}"
1758220435,VERY_LONG,13550200,1,,,{'id': 68134}
1758220438,VERY_LONG,81484000,1,,,{'id': 38824}
1758220444,VERY_LONG,21391200,1,,,{'id': 38839}
1758220448,VERY_LONG,,1,6878700,,"{'id': 8193, 'context': 0}"
1758220455,VERY_LONG,42454000,1,,,{'id': 38898}
1758220458,VERY_LONG,1747300,1,,,{'id': 128539}
1758220676,VERY_LONG,78427200,2,,,{'id': 52767}
1758220700,VERY_LONG,6526800,1,,,{'id': 52753}
1758220766,VERY_LONG,9884600,2,,,{'id': 38963}
1758221863,VERY_LONG,172900,37,,,{'id': 171830}
1758221867,VERY_LONG,140300,59,,,{'id': 169701}
1758221868,VERY_LONG,705000,20,,,{'id': 171315}
1758221877,VERY_LONG,405500,8,,,{'id': 168586}
1758221879,VERY_LONG,383900,19,,,{'id': 170554}
1758221892,VERY_LONG,212900,14,,,{'id': 171831}
1758221895,VERY_LONG,585000,28,,,{'id': 168589}
1758225749,VERY_LONG,,1,390000600,,"{'id': 116459, 'context': 22, 'bonus_lists': [6655, 94], 'modifiers': [{'type': 9, 'value': 40}, {'type': 28, 'value': 1144}]}"
1758228889,VERY_LONG,1720000,14,,,{'id': 172232}
1758228897,VERY_LONG,585000,10,,,{'id': 168589}
1758228907,VERY_LONG,405500,11,,,{'id': 168586}
1758228918,VERY_LONG,103800,2,,,{'id': 177062}
1758228935,VERY_LONG,720000,11,,,{'id': 172094}
1758228938,VERY_LONG,7450000,4,,,{'id': 172097}
1758228945,VERY_LONG,21100,19,,,{'id': 172092}
1758228967,VERY_LONG,310000,4,,,{'id': 172096}
1758228970,VERY_LONG,383900,29,,,{'id': 170554}
1758228972,VERY_LONG,705000,13,,,{'id': 171315}
1758230145,VERY_LONG,3400000,20,,,{'id': 181468}
1758230159,VERY_LONG,3400000,20,,,{'id': 181468}
1758230478,VERY_LONG,,1,820000000,,"{'id': 182990, 'context': 5, 'bonus_lists': [7188, 6652, 1485, 6646], 'modifiers': [{'type': 28, 'value': 752}]}"
1758231794,VERY_LONG,579900,71,,,{'id': 168589}
1758231801,VERY_LONG,140300,84,,,{'id': 169701}
1758234079,VERY_LONG,,1,2500000,,"{'id': 71361, 'context': 5, 'modifiers': [{'type': 28, 'value': 1029}]}"
1758234091,VERY_LONG,37800,30,,,{'id': 33470}
1758235109,VERY_LONG,25600,9,,,{'id': 71998}
1758238914,VERY_LONG,30000000,1,,,{'id': 86592}
1758238944,VERY_LONG,35000000,5,,,{'id': 23786}
1758238955,VERY_LONG,176700,76,,,{'id': 37703}
1758238998,VERY_LONG,230000,11,,,{'id': 10560}
1758240266,SHORT,,1,3254600,,"{'id': 173219, 'context': 0, 'bonus_lists': [6893], 'modifiers': [{'type': 9, 'value': 60}, {'type': 28, 'value': 391}, {'type': 29, 'value': 40}, {'type': 30, 'value': 49}]}"
1758240277,SHORT,3843000,3,,,{'id': 171270}
1758240322,SHORT,495700,3,,,{'id': 171268}
1758240340,SHORT,1510000,3,,,{'id': 171274}
1758240381,SHORT,4700000,5,,,{'id': 171278}
1758240398,SHORT,1500000,7,,,{'id': 43366}
1758240400,SHORT,265800,20,,,{'id': 104122}
1758240406,SHORT,1006100,1,,,{'id': 87881}
1758240408,SHORT,700000,1,,,{'id': 104105}
1758240415,SHORT,300000,1,,,{'id': 43535}
1758240425,SHORT,2500000,1,,,{'id': 43369}
1758240452,SHORT,1424900,1,,,{'id': 79538}
1758240495,SHORT,997000,3,,,{'id': 85221}
1758240727,VERY_LONG,,1,31203900,,"{'id': 59468, 'context': 0, 'modifiers': [{'type': 28, 'value': 1026}]}"
1758240732,VERY_LONG,,1,20000000,,"{'id': 82800, 'context': 0, 'modifiers': [{'type': 6, 'value': 88002}], 'pet_breed_id': 9, 'pet_level': 1, 'pet_quality_id': 3, 'pet_species_id': 2448}"
1758240740,VERY_LONG,,1,25007100,,"{'id': 87418, 'context': 0, 'bonus_lists': [6659], 'modifiers': [{'type': 9, 'value': 35}, {'type': 28, 'value': 2005}]}"
1758240750,VERY_LONG,,1,9000000,,"{'id': 13083, 'context': 0}"
1758240772,VERY_LONG,2505100,1,,,{'id': 142262}
1758240789,VERY_LONG,,1,4951500,,"{'id': 71640, 'context': 5, 'modifiers': [{'type': 28, 'value': 1029}]}"
1758240855,VERY_LONG,,1,35000000,,"{'id': 66993, 'context': 5, 'bonus_lists': [6659], 'modifiers': [{'type': 9, 'value': 35}, {'type': 28, 'value': 1029}]}"
1758240920,VERY_LONG,15006000,43,,,{'id': 168960}
1758240964,VERY_LONG,501600,11,,,{'id': 142263}
1758240968,VERY_LONG,12000000,2,,,{'id': 168956}
1758240975,VERY_LONG,100000200,9,,,{'id': 166583}
1758240984,VERY_LONG,18996000,11,,,{'id': 173067}
1758242864,VERY_LONG,,1,500000,,"{'id': 87410, 'context': 0, 'modifiers': [{'type': 28, 'value': 1032}]}"
1758242921,VERY_LONG,,1,5000300,,"{'id': 87413, 'context': 0, 'modifiers': [{'type': 28, 'value': 1032}]}"
1758242957,VERY_LONG,,1,402600,,"{'id': 86279, 'context': 0, 'modifiers': [{'type': 28, 'value': 2008}]}"
1758245010,SHORT,9000,200,,,{'id': 152542}
1758245012,SHORT,10000,400,,,{'id': 153050}
1758245014,SHORT,9005600,200,,,{'id': 15408}
1758245018,SHORT,125300,777,,,{'id': 8170}
1758245021,SHORT,172700,1000,,,{'id': 4304}
1758245024,SHORT,3919998500,1,,,{'id': 8169}
1758245027,SHORT,245500,200,,,{'id': 4234}
1758245067,VERY_LONG,100600,4400,,,{'id': 171828}
1758245094,VERY_LONG,191200,2485,,,{'id': 171832}
1758245627,VERY_LONG,332900,2600,,,{'id': 171829}
1758246031,VERY_LONG,1370000,1038,,,{'id': 171428}
1758246093,VERY_LONG,,1,550705700,,"{'id': 34061, 'context': 0}"
1758247275,SHORT,9005600,24,,,{'id': 15408}
1758247283,VERY_LONG,,1,4961300,,"{'id': 10604, 'context': 1, 'modifiers': [{'type': 28, 'value': 209}]}"
1758247287,SHORT,100000,2,,,{'id': 22447}
1758247288,VERY_LONG,140300,699,,,{'id': 169701}
1758247291,SHORT,4000,622,,,{'id': 14047}
1758247295,SHORT,144400,20,,,{'id': 22446}
1758247298,SHORT,245500,3,,,{'id': 4234}
1758247303,SHORT,661000,32,,,{'id': 14227}
1758247306,VERY_LONG,18263100,1,,,{'id': 137250}
1758247311,SHORT,20000,2,,,{'id': 14344}
1758247313,VERY_LONG,,1,193031600,,"{'id': 12838, 'context': 1, 'modifiers': [{'type': 28, 'value': 205}]}"
1758247315,VERY_LONG,,1,6450000,,"{'id': 47623, 'context': 0}"
1758247319,VERY_LONG,,1,61684300,,"{'id': 24170, 'context': 1, 'modifiers': [{'type': 28, 'value': 229}]}"
1758247321,SHORT,2425200,2,,,{'id': 25707}
1758247325,SHORT,250000,1,,,{'id': 10939}
1758247330,SHORT,125300,114,,,{'id': 8170}
1758247335,VERY_LONG,56500000,1,,,{'id': 139435}
1758247339,SHORT,751000,12,,,{'id': 29740}
1758247342,VERY_LONG,,1,58206200,,"{'id': 4348, 'context': 1}"
1758247346,SHORT,233200,8,,,{'id': 8171}
1758247349,SHORT,250000,3,,,{'id': 2776}
1758247352,SHORT,110000,1,,,{'id': 22449}
1758247355,VERY_LONG,,1,109148400,,"{'id': 24194, 'context': 1}"
1758247360,VERY_LONG,,1,99999800,,"{'id': 12698, 'context': 1}"
1758247365,VERY_LONG,,1,7450000,,"{'id': 32739, 'context': 0}"
1758247368,SHORT,1251600,1,,,{'id': 15416}
1758247372,VERY_LONG,38790600,1,,,{'id': 140630}
1758247376,VERY_LONG,,1,13295300,,"{'id': 142402, 'context': 1, 'modifiers': [{'type': 28, 'value': 218}]}"
1758247380,SHORT,75000,2,,,{'id': 7910}
1758247383,VERY_LONG,,1,3220500,,"{'id': 21953, 'context': 1}"
1758247386,VERY_LONG,280818900,1,,,{'id': 137289}
1758247391,VERY_LONG,,1,36012700,,"{'id': 82800, 'context': 0, 'modifiers': [{'type': 6, 'value': 61894}], 'pet_breed_id': 12, 'pet_level': 1, 'pet_quality_id': 3, 'pet_species_id': 1629}"
1758247394,VERY_LONG,,1,2500000,,"{'id': 21944, 'context': 1, 'modifiers': [{'type': 28, 'value': 217}]}"
1758247396,VERY_LONG,,1,19918000,,"{'id': 15775, 'context': 1, 'modifiers': [{'type': 28, 'value': 205}]}"
1758247430,SHORT,9000,2,,,{'id': 7909}
1758247445,SHORT,172700,50,,,{'id': 4304}
1758247457,SHORT,,1,50000,,"{'id': 82800, 'context': 0, 'modifiers': [{'type': 6, 'value': 15660}], 'pet_breed_id': 3, 'pet_level': 1, 'pet_quality_id': 2, 'pet_species_id': 119}"
1758247472,SHORT,,1,460000,,"{'id': 82800, 'context': 0, 'pet_breed_id': 6, 'pet_level': 1, 'pet_quality_id': 2, 'pet_species_id': 89}"
1758247486,SHORT,,1,50000,,"{'id': 82800, 'context': 0, 'modifiers': [{'type': 6, 'value': 27718}], 'pet_breed_id': 17, 'pet_level': 1, 'pet_quality_id': 2, 'pet_species_id': 90}"
1758247493,SHORT,3499900,1,,,{'id': 137238}
1758247670,SHORT,78500,3,,,{'id': 34054}
1758247703,SHORT,72900,29,,,{'id': 22445}
1758247753,SHORT,20000,14,,,{'id': 16204}
1758247756,VERY_LONG,22004600,1,,,{'id': 168412}
1758247782,VERY_LONG,37700,97,,,{'id': 76135}
1758247801,VERY_LONG,3504000,3,,,{'id': 168636}
1758247817,SHORT,140000,20,,,{'id': 10285}
1758247853,SHORT,1500,13,,,{'id': 4337}
1758247871,VERY_LONG,10000000,3,,,{'id': 168427}
1758247904,SHORT,,1,999900,,"{'id': 3830, 'context': 1, 'modifiers': [{'type': 28, 'value': 217}]}"
1758247916,VERY_LONG,253300,17,,,{'id': 168189}
1758247929,SHORT,,1,237800,,"{'id': 21949, 'context': 1, 'modifiers': [{'type': 28, 'value': 205}]}"
1758247955,SHORT,,1,150000,,"{'id': 86272, 'context': 0}"
1758247986,SHORT,,1,1987100,,"{'id': 12835, 'context': 1}"
1758247989,SHORT,420800,118,,,{'id': 168487}
1758248009,VERY_LONG,10000100,5,,,{'id': 38374}
1758248020,SHORT,,1,225400,223100,"{'id': 15737, 'context': 1}"
1758248035,VERY_LONG,1400,200,,,{'id': 21877}
1758248047,SHORT,,1,1090100,,"{'id': 14513, 'context': 1}"
1758248061,VERY_LONG,140000,63,,,{'id': 76136}
1758248066,SHORT,,1,4604100,3600000,"{'id': 7086, 'context': 1, 'modifiers': [{'type': 28, 'value': 217}]}"
1758248081,VERY_LONG,2500000,3,,,{'id': 173100}
1758248087,SHORT,,1,10000,,"{'id': 12713, 'context': 1, 'modifiers': [{'type': 28, 'value': 203}]}"
1758248099,VERY_LONG,458000,39,,,{'id': 76137}
1758248115,VERY_LONG,2000000,127,,,{'id': 175788}
1758248132,VERY_LONG,67000,120,,,{'id': 36906}
1758248140,VERY_LONG,2286900,1,,,{'id': 153444}
1758248151,VERY_LONG,4259400,1,,,{'id': 153478}
1758248167,VERY_LONG,10000,167,,,{'id': 111601}
1758248194,VERY_LONG,20000,200,,,{'id': 21840}
1758250306,VERY_LONG,,1,699990000,,"{'id': 184802, 'context': 0, 'bonus_lists': [6652, 1472, 6646], 'modifiers': [{'type': 28, 'value': 1707}]}"
1758250410,VERY_LONG,191200,4,,,{'id': 171832}
1758250421,VERY_LONG,84900,14,,,{'id': 152579}
1758250428,VERY_LONG,83900,84,,,{'id': 168185}
1758250453,VERY_LONG,1610000,2,,,{'id': 172232}
1758250484,VERY_LONG,,1,99970100,,"{'id': 127707, 'context': 14}"
1758250498,VERY_LONG,,1,555550000,,"{'id': 82800, 'context': 0, 'modifiers': [{'type': 6, 'value': 5448}], 'pet_breed_id': 7, 'pet_level': 25, 'pet_quality_id': 3, 'pet_species_id': 42}"
1758250506,VERY_LONG,,1,2865394400,,"{'id': 82800, 'context': 0, 'modifiers': [{'type': 6, 'value': 40538}], 'pet_breed_id': 8, 'pet_level': 25, 'pet_quality_id': 3, 'pet_species_id': 348}"
1758250509,VERY_LONG,,1,3286218800,,"{'id': 82800, 'context': 0, 'modifiers': [{'type': 6, 'value': 60441}], 'pet_breed_id': 20, 'pet_level': 25, 'pet_quality_id': 3, 'pet_species_id': 1544}"
1758250517,VERY_LONG,,1,154220100,,"{'id': 127695, 'context': 14}"
1758250542,VERY_LONG,,1,142220100,,"{'id': 82800, 'context': 0, 'modifiers': [{'type': 6, 'value': 45386}], 'pet_breed_id': 5, 'pet_level': 25, 'pet_quality_id': 3, 'pet_species_id': 844}"
1758250556,VERY_LONG,,1,114940000,,"{'id': 82800, 'context': 0, 'modifiers': [{'type': 6, 'value': 73697}], 'pet_breed_id': 3, 'pet_level': 25, 'pet_quality_id': 3, 'pet_species_id': 1963}"
1758250578,VERY_LONG,,1,242220000,,"{'id': 82800, 'context': 0, 'modifiers': [{'type': 6, 'value': 28726}], 'pet_breed_id': 15, 'pet_level': 25, 'pet_quality_id': 3, 'pet_species_id': 1943}"
1758250594,VERY_LONG,,1,281600000,,"{'id': 82800, 'context': 0, 'modifiers': [{'type': 6, 'value': 38134}], 'pet_breed_id': 3, 'pet_level': 25, 'pet_quality_id': 3, 'pet_species_id': 308}"
1758250672,SHORT,,1,129987200,,"{'id': 82800, 'context': 0, 'modifiers': [{'type': 6, 'value': 47931}], 'pet_breed_id': 17, 'pet_level': 25, 'pet_quality_id': 3, 'pet_species_id': 1478}"
1758250702,SHORT,,1,81490000,,"{'id': 82800, 'context': 0, 'modifiers': [{'type': 6, 'value': 15905}], 'pet_breed_id': 18, 'pet_level': 1, 'pet_quality_id': 2, 'pet_species_id': 845}"
1758250713,SHORT,,1,304990000,,"{'id': 82800, 'context': 0, 'modifiers': [{'type': 6, 'value': 81966}], 'pet_breed_id': 11, 'pet_level': 1, 'pet_quality_id': 2, 'pet_species_id': 2404}"
1758250733,SHORT,,1,48990100,,"{'id': 82800, 'context': 0, 'modifiers': [{'type': 6, 'value': 45386}], 'pet_breed_id': 5, 'pet_level': 1, 'pet_quality_id': 3, 'pet_species_id': 844}"
1758250742,SHORT,,1,138800000,,"{'id': 82800, 'context': 0, 'modifiers': [{'type': 6, 'value': 38455}], 'pet_breed_id': 3, 'pet_level': 1, 'pet_quality_id': 3, 'pet_species_id': 317}"
1758250745,VERY_LONG,720000,50,,,{'id': 172094}
1758250752,SHORT,,1,330988400,,"{'id': 82800, 'context': 0, 'modifiers': [{'type': 6, 'value': 81097}], 'pet_breed_id': 12, 'pet_level': 1, 'pet_quality_id': 3, 'pet_species_id': 2576}"
1758250821,VERY_LONG,,1,222225000,,"{'id': 82800, 'context': 0, 'modifiers': [{'type': 6, 'value': 15381}], 'pet_breed_id': 7, 'pet_level': 25, 'pet_quality_id': 3, 'pet_species_id': 338}"
1758250848,VERY_LONG,,1,111749800,,"{'id': 82800, 'context': 0, 'modifiers': [{'type': 6, 'value': 48055}], 'pet_breed_id': 18, 'pet_level': 25, 'pet_quality_id': 3, 'pet_species_id': 1211}"
1758250876,VERY_LONG,,1,252228100,,"{'id': 82800, 'context': 0, 'modifiers': [{'type': 6, 'value': 45942}], 'pet_breed_id': 9, 'pet_level': 25, 'pet_quality_id': 3, 'pet_species_id': 868}"
1758250897,VERY_LONG,,1,442220000,,"{'id': 82800, 'context': 0, 'modifiers': [{'type': 6, 'value': 74790}], 'pet_breed_id': 20, 'pet_level': 25, 'pet_quality_id': 3, 'pet_species_id': 319}"
1758250923,VERY_LONG,,1,114360000,,"{'id': 82800, 'context': 0, 'modifiers': [{'type': 6, 'value': 49289}], 'pet_breed_id': 5, 'pet_level': 25, 'pet_quality_id': 3, 'pet_species_id': 1320}"
1758250957,VERY_LONG,,1,154220000,,"{'id': 82800, 'context': 0, 'modifiers': [{'type': 6, 'value': 21381}], 'pet_breed_id': 3, 'pet_level': 25, 'pet_quality_id': 3, 'pet_species_id': 157}"
1758250992,VERY_LONG,,1,232220000,,"{'id': 82800, 'context': 0, 'modifiers': [{'type': 6, 'value': 17192}], 'pet_breed_id': 12, 'pet_level': 25, 'pet_quality_id': 3, 'pet_species_id': 339}"
1758251013,VERY_LONG,720000,20,,,{'id': 172094}
1758251020,VERY_LONG,,1,187550000,,"{'id': 82800, 'context': 0, 'modifiers': [{'type': 6, 'value': 22459}], 'pet_breed_id': 9, 'pet_level': 25, 'pet_quality_id': 3, 'pet_species_id': 165}"
1758251031,VERY_LONG,,1,274551300,,"{'id': 82800, 'context': 0, 'modifiers': [{'type': 6, 'value': 59885}], 'pet_breed_id': 3, 'pet_level': 25, 'pet_quality_id': 3, 'pet_species_id': 1536}"
1758251043,VERY_LONG,,1,157550000,,"{'id': 82800, 'context': 0, 'modifiers': [{'type': 6, 'value': 42297}], 'pet_breed_id': 5, 'pet_level': 25, 'pet_quality_id': 3, 'pet_species_id': 846}"
1758251068,VERY_LONG,,1,154220000,,"{'id': 82800, 'context': 0, 'modifiers': [{'type': 6, 'value': 15905}], 'pet_breed_id': 20, 'pet_level': 25, 'pet_quality_id': 3, 'pet_species_id': 845}"
1758251086,VERY_LONG,,1,112000000,,"{'id': 82800, 'context': 0, 'modifiers': [{'type': 6, 'value': 71972}], 'pet_breed_id': 8, 'pet_level': 25, 'pet_quality_id': 3, 'pet_species_id': 2091}"
1758252101,VERY_LONG,,1,141114100,,"{'id': 82800, 'context': 0, 'modifiers': [{'type': 6, 'value': 74513}], 'pet_breed_id': 17, 'pet_level': 25, 'pet_quality_id': 3, 'pet_species_id': 2001}"
1758252110,VERY_LONG,,1,110490000,,"{'id': 82800, 'context': 0, 'modifiers': [{'type': 6, 'value': 8910}], 'pet_breed_id': 7, 'pet_level': 25, 'pet_quality_id': 3, 'pet_species_id': 86}"
1758252123,VERY_LONG,,1,142111900,,"{'id': 82800, 'context': 0, 'modifiers': [{'type': 6, 'value': 46922}], 'pet_breed_id': 6, 'pet_level': 25, 'pet_quality_id': 3, 'pet_species_id': 1155}"
1758252142,VERY_LONG,500000,1,,,{'id': 43373}
1758252143,VERY_LONG,,1,272220000,,"{'id': 82800, 'context': 0, 'modifiers': [{'type': 6, 'value': 74529}], 'pet_breed_id': 13, 'pet_level': 25, 'pet_quality_id': 3, 'pet_species_id': 382}"
1758252158,VERY_LONG,,1,175000000,,"{'id': 82800, 'context': 0, 'modifiers': [{'type': 6, 'value': 42872}], 'pet_breed_id': 3, 'pet_level': 25, 'pet_quality_id': 3, 'pet_species_id': 630}"
1758252165,VERY_LONG,10000,200,,,{'id': 109139}
1758252172,VERY_LONG,,1,111800000,,"{'id': 82800, 'context': 0, 'modifiers': [{'type': 6, 'value': 46925}], 'pet_breed_id': 6, 'pet_level': 25, 'pet_quality_id': 3, 'pet_species_id': 1152}"
1758252174,VERY_LONG,,1,77771400,,"{'id': 169410, 'context': 0, 'bonus_lists': [6654, 43, 1688], 'modifiers': [{'type': 9, 'value': 60}]}"
1758252181,VERY_LONG,,1,278900000,,"{'id': 82800, 'context': 0, 'modifiers': [{'type': 6, 'value': 81099}], 'pet_breed_id': 7, 'pet_level': 25, 'pet_quality_id': 3, 'pet_species_id': 2427}"
1758252182,VERY_LONG,22004600,1,,,{'id': 168412}
1758252195,VERY_LONG,,1,149490000,,"{'id': 82800, 'context': 0, 'modifiers': [{'type': 6, 'value': 58547}], 'pet_breed_id': 18, 'pet_level': 25, 'pet_quality_id': 3, 'pet_species_id': 1450}"
1758252207,VERY_LONG,2970000,3,,,{'id': 153707}
1758252214,VERY_LONG,,1,5006500,,"{'id': 43661, 'context': 0}"
1758252215,VERY_LONG,,1,171110000,,"{'id': 82800, 'context': 0, 'modifiers': [{'type': 6, 'value': 29404}], 'pet_breed_id': 7, 'pet_level': 25, 'pet_quality_id': 3, 'pet_species_id': 1351}"
1758252228,VERY_LONG,,1,136480000,,"{'id': 82800, 'context': 0, 'modifiers': [{'type': 6, 'value': 58768}], 'pet_breed_id': 17, 'pet_level': 25, 'pet_quality_id': 3, 'pet_species_id': 1571}"
1758252252,VERY_LONG,,1,117000000,,"{'id': 82800, 'context': 0, 'modifiers': [{'type': 6, 'value': 59578}], 'pet_breed_id': 14, 'pet_level': 25, 'pet_quality_id': 3, 'pet_species_id': 1530}"
1758252259,VERY_LONG,2210000,7,,,{'id': 159786}
1758252267,VERY_LONG,1716500,7,,,{'id': 159787}
1758252268,VERY_LONG,3500000,1,,,{'id': 172365}
1758252310,VERY_LONG,2508700,2,,,{'id': 183738}
1758252325,VERY_LONG,,1,242220000,,"{'id': 82800, 'context': 0, 'modifiers': [{'type': 6, 'value': 69532}], 'pet_breed_id': 10, 'pet_level': 25, 'pet_quality_id': 3, 'pet_species_id': 1887}"
1758252331,VERY_LONG,,1,88880600,,"{'id': 164711, 'context': 13, 'bonus_lists': [1706]}"
1758252338,VERY_LONG,951900,2,,,{'id': 38679}
1758252353,VERY_LONG,3326200,10,,,{'id': 43400}
1758252358,VERY_LONG,,1,154220000,,"{'id': 82800, 'context': 0, 'modifiers': [{'type': 6, 'value': 21382}], 'pet_breed_id': 3, 'pet_level': 25, 'pet_quality_id': 3, 'pet_species_id': 158}"
1758252376,VERY_LONG,,1,100000800,,"{'id': 164691, 'context': 13, 'bonus_lists': [1716, 5804]}"
1758252377,VERY_LONG,,1,187550000,,"{'id': 82800, 'context': 0, 'modifiers': [{'type': 6, 'value': 79783}], 'pet_breed_id': 4, 'pet_level': 25, 'pet_quality_id': 3, 'pet_species_id': 2117}"
1758252381,VERY_LONG,1200,200,,,{'id': 109144}
1758252387,VERY_LONG,50000,12,,,{'id': 36907}
1758252397,VERY_LONG,,1,4721400,,"{'id': 41984, 'context': 0}"
1758252398,VERY_LONG,,1,152220000,,"{'id': 82800, 'context': 0, 'modifiers': [{'type': 6, 'value': 38455}], 'pet_breed_id': 3, 'pet_level': 25, 'pet_quality_id': 3, 'pet_species_id': 317}"
1758252404,VERY_LONG,,1,7789900,,"{'id': 43664, 'context': 0}"
1758252433,VERY_LONG,,1,113990000,,"{'id': 82800, 'context': 0, 'modifiers': [{'type': 6, 'value': 45289}], 'pet_breed_id': 18, 'pet_level': 25, 'pet_quality_id': 3, 'pet_species_id': 2087}"
1758252472,VERY_LONG,,1,272225900,,"{'id': 82800, 'context': 0, 'modifiers': [{'type': 6, 'value': 74514}], 'pet_breed_id': 6, 'pet_level': 25, 'pet_quality_id': 3, 'pet_species_id': 2002}"
1758252490,VERY_LONG,,1,112110000,,"{'id': 82800, 'context': 0, 'modifiers': [{'type': 6, 'value': 48857}], 'pet_breed_id': 9, 'pet_level': 25, 'pet_quality_id': 3, 'pet_species_id': 1227}"
1758252515,VERY_LONG,,1,105209700,,"{'id': 82800, 'context': 0, 'modifiers': [{'type': 6, 'value': 47955}], 'pet_breed_id': 21, 'pet_level': 25, 'pet_quality_id': 3, 'pet_species_id': 652}"
1758252539,VERY_LONG,,1,134220000,,"{'id': 82800, 'context': 0, 'modifiers': [{'type': 6, 'value': 40224}], 'pet_breed_id': 15, 'pet_level': 25, 'pet_quality_id': 3, 'pet_species_id': 1631}"
1758252564,VERY_LONG,,1,99990000,,"{'id': 82800, 'context': 0, 'modifiers': [{'type': 6, 'value': 36743}], 'pet_breed_id': 8, 'pet_level': 25, 'pet_quality_id': 3, 'pet_species_id': 2568}"
1758252593,VERY_LONG,,1,118500000,,"{'id': 82800, 'context': 0, 'modifiers': [{'type': 6, 'value': 65128}], 'pet_breed_id': 20, 'pet_level': 25, 'pet_quality_id': 3, 'pet_species_id': 1725}"
1758252631,VERY_LONG,,1,132000000,,"{'id': 82800, 'context': 0, 'modifiers': [{'type': 6, 'value': 59602}], 'pet_breed_id': 8, 'pet_level': 25, 'pet_quality_id': 3, 'pet_species_id': 1532}"
1758256336,MEDIUM,,1,73770000,,"{'id': 82800, 'context': 0, 'modifiers': [{'type': 6, 'value': 45938}], 'pet_breed_id': 7, 'pet_level': 1, 'pet_quality_id': 3, 'pet_species_id': 834}"
1758256370,MEDIUM,,1,392000000,,"{'id': 163958, 'context': 54, 'bonus_lists': [1472, 4786], 'modifiers': [{'type': 28, 'value': 1260}]}"
1758256425,MEDIUM,420000,9,,,{'id': 173129}
1758256471,MEDIUM,505000,10,,,{'id': 173130}
1758256537,MEDIUM,,1,34900500,,"{'id': 31185, 'context': 0, 'bonus_lists': [1691]}"
1758256644,MEDIUM,449000,3,,,{'id': 171441}
1758256664,MEDIUM,200000,20,,,{'id': 152561}
1758256678,MEDIUM,175000,3,,,{'id': 152495}
1758256694,MEDIUM,230000,9,,,{'id': 124669}
1758256699,VERY_LONG,,1,3000000,,"{'id': 175572, 'context': 0, 'bonus_lists': [6907, 1703], 'modifiers': [{'type': 9, 'value': 60}, {'type': 28, 'value': 1707}]}"
1758256706,VERY_LONG,46400,2,,,{'id': 177061}
1758256733,MEDIUM,980000,1,,,{'id': 153661}
1758258163,MEDIUM,259900,1,,,{'id': 172358}
1758258178,MEDIUM,200000,1,,,{'id': 33448}
1758258194,MEDIUM,20000,8,,,{'id': 182737}
1758258212,MEDIUM,1341200,1,,,{'id': 182121}
1758258226,MEDIUM,800000,2,,,{'id': 152497}
1758258236,MEDIUM,19700,3,,,{'id': 23572}
1758258342,MEDIUM,212900,3,,,{'id': 171831}
1758258371,MEDIUM,152600,16,,,{'id': 153647}
1758259062,VERY_LONG,3298000,25,,,{'id': 181468}
1758259110,VERY_LONG,9500,13,,,{'id': 172068}
1758259132,VERY_LONG,390500,9,,,{'id': 172062}
1758259151,VERY_LONG,330000,18,,,{'id': 172061}
1758259165,VERY_LONG,3400,22,,,{'id': 172048}
1758259194,VERY_LONG,100000,40,,,{'id': 172040}
1758259227,VERY_LONG,9900,33,,,{'id': 172069}
1758259904,VERY_LONG,38100,1,,,{'id': 74247}
1758259915,VERY_LONG,8800,3,,,{'id': 72988}
1758260040,VERY_LONG,720000,30,,,{'id': 172094}
1758263387,VERY_LONG,9900,137,,,{'id': 153051}
1758263444,VERY_LONG,2200,397,,,{'id': 168650}
1758263455,VERY_LONG,2057500,1,,,{'id': 63306}
1758263479,VERY_LONG,2550000,27,,,{'id': 76061}
1758263492,VERY_LONG,2000000,1,,,{'id': 163222}
1758263500,VERY_LONG,198000,7,,,{'id': 89112}
1758263523,VERY_LONG,5000,436,,,{'id': 152542}
1758263534,VERY_LONG,1294500,1,,,{'id': 21844}
1758263541,VERY_LONG,198000,55,,,{'id': 41510}
1758263544,VERY_LONG,370000,52,,,{'id': 162515}
1758263546,VERY_LONG,5000,8,,,{'id': 168646}
1758263551,VERY_LONG,400,12,,,{'id': 40195}
1758263569,VERY_LONG,20000,5,,,{'id': 21840}
1758263586,VERY_LONG,9900,14,,,{'id': 111589}
1758263618,VERY_LONG,3100,4,,,{'id': 113262}
1758263703,VERY_LONG,19500,12,,,{'id': 174328}
1758263766,VERY_LONG,199900,15,,,{'id': 152543}
1758263787,VERY_LONG,9900,2,,,{'id': 168645}
1758263850,VERY_LONG,24200,181,,,{'id': 152508}
1758263877,VERY_LONG,30000,48,,,{'id': 152545}
1758263900,VERY_LONG,20000,54,,,{'id': 168302}
1758264078,VERY_LONG,259500,6,,,{'id': 169445}
1758264090,VERY_LONG,999700,2,,,{'id': 169456}
1758264100,VERY_LONG,18000,1,,,{'id': 171264}
1758265115,VERY_LONG,,1,19000000,,"{'id': 82800, 'context': 0, 'modifiers': [{'type': 6, 'value': 90182}], 'pet_breed_id': 4, 'pet_level': 1, 'pet_quality_id': 3, 'pet_species_id': 2558}"
1758265121,VERY_LONG,,1,26809200,,"{'id': 82800, 'context': 0, 'modifiers': [{'type': 6, 'value': 64425}], 'pet_breed_id': 8, 'pet_level': 1, 'pet_quality_id': 3, 'pet_species_id': 1690}"
1758265145,VERY_LONG,,1,3450000,,"{'id': 82800, 'context': 0, 'modifiers': [{'type': 6, 'value': 86136}], 'pet_breed_id': 8, 'pet_level': 1, 'pet_quality_id': 2, 'pet_species_id': 2188}"
1758265159,VERY_LONG,,1,480000,,"{'id': 82800, 'context': 0, 'modifiers': [{'type': 6, 'value': 71826}], 'pet_breed_id': 18, 'pet_level': 1, 'pet_quality_id': 3, 'pet_species_id': 1922}"
1758265177,VERY_LONG,,1,480000,,"{'id': 82800, 'context': 0, 'modifiers': [{'type': 6, 'value': 71826}], 'pet_breed_id': 18, 'pet_level': 1, 'pet_quality_id': 3, 'pet_species_id': 1922}"
1758265197,VERY_LONG,,1,1000000,,"{'id': 82800, 'context': 0, 'modifiers': [{'type': 6, 'value': 65590}], 'pet_breed_id': 8, 'pet_level': 1, 'pet_quality_id': 3, 'pet_species_id': 1752}"
1758265212,VERY_LONG,,1,9900,,"{'id': 82800, 'context': 0, 'modifiers': [{'type': 6, 'value': 99899}], 'pet_breed_id': 17, 'pet_level': 1, 'pet_quality_id': 2, 'pet_species_id': 2925}"
1758265226,VERY_LONG,,1,12990000,,"{'id': 82800, 'context': 0, 'modifiers': [{'type': 6, 'value': 99852}], 'pet_breed_id': 10, 'pet_level': 1, 'pet_quality_id': 2, 'pet_species_id': 3035}"
1758265251,VERY_LONG,,1,19800,,"{'id': 82800, 'context': 0, 'modifiers': [{'type': 6, 'value': 98466}], 'pet_breed_id': 14, 'pet_level': 1, 'pet_quality_id': 2, 'pet_species_id': 3013}"
1758265272,VERY_LONG,4000,4,,,{'id': 14047}
1758265320,VERY_LONG,199500,27,,,{'id': 53643}
1758265419,MEDIUM,100,1,,,{'id': 178149}
1758265438,VERY_LONG,10000,4,,,{'id': 172360}
1758265449,VERY_LONG,270000,5,,,{'id': 177660}
1758265466,VERY_LONG,40000,6,,,{'id': 177716}
1758265527,VERY_LONG,145800,19,,,{'id': 153438}
1758265555,VERY_LONG,40000,4,,,{'id': 172359}
1758265606,VERY_LONG,212900,41,,,{'id': 171831}
1758265689,MEDIUM,172900,58,,,{'id': 171830}
1758265988,VERY_LONG,,1,2509000,,"{'id': 171444, 'context': 13, 'bonus_lists': [6893], 'modifiers': [{'type': 9, 'value': 60}, {'type': 28, 'value': 391}, {'type': 29, 'value': 32}, {'type': 30, 'value': 36}]}"
1758265989,VERY_LONG,,1,2509000,,"{'id': 171444, 'context': 13, 'bonus_lists': [6893], 'modifiers': [{'type': 9, 'value': 60}, {'type': 28, 'value': 391}, {'type': 29, 'value': 49}, {'type': 30, 'value': 40}]}"
1758266013,VERY_LONG,2490000,4,,,{'id': 177715}
1758267102,VERY_LONG,,1,40000000,,"{'id': 82800, 'context': 0, 'modifiers': [{'type': 6, 'value': 59885}], 'pet_breed_id': 3, 'pet_level': 1, 'pet_quality_id': 3, 'pet_species_id': 1536}"
1758267119,VERY_LONG,,1,19800,,"{'id': 82800, 'context': 0, 'modifiers': [{'type': 6, 'value': 98466}], 'pet_breed_id': 14, 'pet_level': 1, 'pet_quality_id': 2, 'pet_species_id': 3013}"
1758267196,VERY_LONG,,1,4400,,"{'id': 82800, 'context': 0, 'modifiers': [{'type': 6, 'value': 15904}], 'pet_breed_id': 3, 'pet_level': 1, 'pet_quality_id': 2, 'pet_species_id': 118}"
1758267200,VERY_LONG,,1,4400,,"{'id': 82800, 'context': 0, 'modifiers': [{'type': 6, 'value': 15904}], 'pet_breed_id': 3, 'pet_level': 1, 'pet_quality_id': 2, 'pet_species_id': 118}"
1758267221,VERY_LONG,,1,100000,,"{'id': 82800, 'context': 0, 'modifiers': [{'type': 6, 'value': 65091}], 'pet_breed_id': 8, 'pet_level': 1, 'pet_quality_id': 3, 'pet_species_id': 1907}"
1758267441,MEDIUM,,1,780900,,"{'id': 32749, 'context': 3, 'modifiers': [{'type': 28, 'value': 1014}]}"
1758267537,VERY_LONG,709600,385,,,{'id': 171437}
1758267988,VERY_LONG,5300000,4,,,{'id': 172367}
1758268036,VERY_LONG,3500000,3,,,{'id': 172365}
1758268060,VERY_LONG,2508700,3,,,{'id': 183738}
1758268095,VERY_LONG,709600,420,,,{'id': 171437}
1758268199,VERY_LONG,,1,2500000000,,"{'id': 184778, 'context': 6, 'bonus_lists': [7187, 6652, 1498, 6646], 'modifiers': [{'type': 28, 'value': 753}]}"
1758268327,VERY_LONG,449000,3,,,{'id': 171441}
1758268349,VERY_LONG,13743700,20,,,{'id': 171276}
1758271016,VERY_LONG,,1,1450000100,,"{'id': 52252, 'context': 11, 'modifiers': [{'type': 28, 'value': 1023}]}"
1758271642,MEDIUM,797800,1027,,,{'id': 168589}
1758272034,MEDIUM,790700,1234,,,{'id': 168589}
1758273122,VERY_LONG,720000,2,,,{'id': 172094}
1758273131,MEDIUM,580200,4444,,,{'id': 168589}
1758273212,MEDIUM,100600,92,,,{'id': 171828}
1758273266,MEDIUM,679900,3490,,,{'id': 170554}
1758273786,MEDIUM,,1,142800000,,"{'id': 178927, 'context': 64, 'bonus_lists': [6717, 7193, 1507]}"
1758273791,VERY_LONG,10990000,30,,,{'id': 152641}
1758273829,MEDIUM,,1,166523900,,"{'id': 178926, 'context': 64, 'bonus_lists': [6717, 7194, 1507]}"
1758273892,MEDIUM,907100,5,,,{'id': 173127}
1758273943,MEDIUM,420000,6,,,{'id': 173129}
1758273964,MEDIUM,505000,13,,,{'id': 173130}
1758274030,MEDIUM,19900000,5,,,{'id': 172043}
1758275109,MEDIUM,221100,1478,,,{'id': 169701}
1758275440,VERY_LONG,2200000,10,,,{'id': 184090}
1758275510,VERY_LONG,4357100,5,,,{'id': 171290}
1758275534,VERY_LONG,656000,7,,,{'id': 171288}
1758275555,VERY_LONG,815200,8,,,{'id': 171289}
1758275681,VERY_LONG,90000,45,,,{'id': 128304}
1758276095,MEDIUM,100600,1023,,,{'id': 171828}
1758276299,MEDIUM,212900,32,,,{'id': 171831}
1758276529,MEDIUM,907100,1,,,{'id': 173127}
1758276576,MEDIUM,1799800,21,,,{'id': 172233}
1758276588,MEDIUM,1000000,12,,,{'id': 8165}
1758276627,MEDIUM,,1,2242400,,"{'id': 173145, 'context': 13, 'modifiers': [{'type': 29, 'value': 36}]}"
1758276636,MEDIUM,15888000,2,,,{'id': 41594}
1758276649,MEDIUM,3465500,16,,,{'id': 172903}
1758276955,VERY_LONG,485000,20,,,{'id': 172049}
1758276964,VERY_LONG,485000,13,,,{'id': 172049}
1758277096,MEDIUM,310000,3,,,{'id': 172096}
1758278261,MEDIUM,172900,11,,,{'id': 171830}
1758278297,MEDIUM,720000,26,,,{'id': 172094}
1758278330,MEDIUM,17000,2,,,{'id': 10620}
1758278361,MEDIUM,9900,35,,,{'id': 30817}
1758278370,MEDIUM,13826000,1,,,{'id': 31903}
1758278436,MEDIUM,2440000,2,,,{'id': 163082}
1758278442,MEDIUM,18000,2,,,{'id': 171264}
1758278450,MEDIUM,90000,1,,,{'id': 171263}
1758278564,MEDIUM,361900,1,,,{'id': 180318}
1758278661,MEDIUM,,1,2776772700,,"{'id': 184804, 'context': 0, 'bonus_lists': [6652, 1472, 6646], 'modifiers': [{'type': 28, 'value': 1707}]}"
1758279253,MEDIUM,,1,293000000,,"{'id': 82800, 'context': 0, 'modifiers': [{'type': 6, 'value': 98482}], 'pet_breed_id': 17, 'pet_level': 1, 'pet_quality_id': 2, 'pet_species_id': 3062}"
1758279256,MEDIUM,,1,44999900,,"{'id': 108633, 'context': 0, 'modifiers': [{'type': 28, 'value': 176}]}"
1758279264,MEDIUM,,1,149997600,,"{'id': 142265, 'context': 0, 'modifiers': [{'type': 28, 'value': 347}]}"
1758279266,MEDIUM,,1,49997600,,"{'id': 108634, 'context': 0, 'modifiers': [{'type': 28, 'value': 176}]}"
1758279267,MEDIUM,,1,44998200,,"{'id': 108631, 'context': 0, 'modifiers': [{'type': 28, 'value': 176}]}"
1758279275,MEDIUM,,1,999990000,,"{'id': 171416, 'context': 66, 'bonus_lists': [6758, 1532]}"
1758279278,MEDIUM,,1,682031500,,"{'id': 171416, 'context': 65, 'bonus_lists': [6718, 1522]}"
1758279283,MEDIUM,,1,47450000,,"{'id': 82800, 'context': 0, 'modifiers': [{'type': 6, 'value': 99014}], 'pet_breed_id': 3, 'pet_level': 1, 'pet_quality_id': 2, 'pet_species_id': 2953}"
1758279346,MEDIUM,,1,39000000,,"{'id': 171442, 'context': 13, 'bonus_lists': [6893, 7185], 'modifiers': [{'type': 9, 'value': 60}, {'type': 28, 'value': 391}, {'type': 29, 'value': 49}, {'type': 30, 'value': 40}]}"
1758279357,MEDIUM,,1,39001000,,"{'id': 171449, 'context': 13, 'bonus_lists': [6893, 7185], 'modifiers': [{'type': 9, 'value': 60}, {'type': 28, 'value': 391}, {'type': 29, 'value': 49}, {'type': 30, 'value': 36}]}"
1758279370,MEDIUM,,1,38809900,,"{'id': 171445, 'context': 13, 'bonus_lists': [6893, 7185], 'modifiers': [{'type': 9, 'value': 60}, {'type': 28, 'value': 391}, {'type': 29, 'value': 49}, {'type': 30, 'value': 36}]}"
1758279391,MEDIUM,,1,39000000,,"{'id': 171447, 'context': 13, 'bonus_lists': [6893, 7185], 'modifiers': [{'type': 9, 'value': 60}, {'type': 28, 'value': 391}, {'type': 29, 'value': 36}, {'type': 30, 'value': 40}]}"
1758279424,MEDIUM,,1,19409900,,"{'id': 171448, 'context': 13, 'bonus_lists': [6893, 7185], 'modifiers': [{'type': 9, 'value': 60}, {'type': 28, 'value': 391}, {'type': 29, 'value': 32}, {'type': 30, 'value': 40}]}"
1758279450,MEDIUM,,1,31200000,,"{'id': 171443, 'context': 13, 'bonus_lists': [6893, 7185], 'modifiers': [{'type': 9, 'value': 60}, {'type': 28, 'value': 391}, {'type': 29, 'value': 32}, {'type': 30, 'value': 40}]}"
1758279467,MEDIUM,,1,33909600,,"{'id': 171444, 'context': 13, 'bonus_lists': [6893, 7185], 'modifiers': [{'type': 9, 'value': 60}, {'type': 28, 'value': 391}, {'type': 29, 'value': 40}, {'type': 30, 'value': 32}]}"
1758279904,MEDIUM,19877000,2,,,{'id': 173161}
1758279922,MEDIUM,8998500,1,,,{'id': 173162}
1758283167,MEDIUM,,1,3244600,,"{'id': 173219, 'context': 0, 'bonus_lists': [6893], 'modifiers': [{'type': 9, 'value': 60}, {'type': 28, 'value': 391}, {'type': 29, 'value': 40}, {'type': 30, 'value': 36}]}"
1758283172,MEDIUM,,1,3244600,,"{'id': 173219, 'context': 0, 'bonus_lists': [6893], 'modifiers': [{'type': 9, 'value': 60}, {'type': 28, 'value': 391}, {'type': 29, 'value': 49}, {'type': 30, 'value': 32}]}"
1758283177,MEDIUM,,1,3244600,,"{'id': 173219, 'context': 0, 'bonus_lists': [6893], 'modifiers': [{'type': 9, 'value': 60}, {'type': 28, 'value': 391}, {'type': 29, 'value': 32}, {'type': 30, 'value': 36}]}"
1758283778,VERY_LONG,,1,175001300,,"{'id': 173069, 'context': 13}"
1758283796,VERY_LONG,1370000,352,,,{'id': 171428}
1758283835,VERY_LONG,149900,46,,,{'id': 158378}
1758283863,VERY_LONG,5300000,3,,,{'id': 172367}
1758283882,VERY_LONG,3500000,3,,,{'id': 172365}
1758283929,VERY_LONG,2490000,3,,,{'id': 177715}
1758283981,VERY_LONG,270000,3,,,{'id': 177660}
1758284032,VERY_LONG,10952500,5,,,{'id': 173049}
1758284123,MEDIUM,250000,10,,,{'id': 35625}
1758284134,MEDIUM,,1,2483500,,"{'id': 2576, 'context': 0}"
1758284151,MEDIUM,,1,40000000,,"{'id': 31285, 'context': 0}"
1758284182,MEDIUM,541100,4,,,{'id': 35622}
1758284195,MEDIUM,4880800,1,,,{'id': 8831}
1758284210,MEDIUM,,1,1899400,,"{'id': 41255, 'context': 0}"
1758284219,MEDIUM,,1,3410600,,"{'id': 6795, 'context': 0}"
1758284221,VERY_LONG,,1,4009900,,"{'id': 172262, 'context': 13, 'bonus_lists': [6893], 'modifiers': [{'type': 9, 'value': 57}, {'type': 28, 'value': 391}, {'type': 29, 'value': 32}, {'type': 30, 'value': 36}]}"
1758284232,MEDIUM,,1,3375200,,"{'id': 41251, 'context': 0}"
1758284249,VERY_LONG,,1,2007500,,"{'id': 172256, 'context': 13, 'bonus_lists': [6893], 'modifiers': [{'type': 9, 'value': 57}, {'type': 28, 'value': 391}, {'type': 29, 'value': 49}, {'type': 30, 'value': 40}]}"
1758284251,VERY_LONG,,1,2007500,,"{'id': 172256, 'context': 13, 'bonus_lists': [6893], 'modifiers': [{'type': 9, 'value': 57}, {'type': 28, 'value': 391}, {'type': 29, 'value': 36}, {'type': 30, 'value': 32}]}"
1758284252,VERY_LONG,,1,2007500,,"{'id': 172256, 'context': 13, 'bonus_lists': [6893], 'modifiers': [{'type': 9, 'value': 57}, {'type': 28, 'value': 391}, {'type': 29, 'value': 49}, {'type': 30, 'value': 40}]}"
1758284264,MEDIUM,9622400,1,,,{'id': 38968}
1758284274,MEDIUM,99000,6,,,{'id': 37705}
1758284277,VERY_LONG,,1,1103100,,"{'id': 172239, 'context': 13, 'bonus_lists': [6890], 'modifiers': [{'type': 9, 'value': 57}, {'type': 28, 'value': 391}, {'type': 29, 'value': 40}, {'type': 30, 'value': 49}]}"
1758284280,VERY_LONG,,1,1103100,,"{'id': 172239, 'context': 13, 'bonus_lists': [6890], 'modifiers': [{'type': 9, 'value': 57}, {'type': 28, 'value': 391}, {'type': 29, 'value': 36}, {'type': 30, 'value': 49}]}"
1758284284,VERY_LONG,,1,1103100,,"{'id': 172239, 'context': 13, 'bonus_lists': [6890], 'modifiers': [{'type': 9, 'value': 57}, {'type': 28, 'value': 391}, {'type': 29, 'value': 40}, {'type': 30, 'value': 32}]}"
1758284288,MEDIUM,28500,5,,,{'id': 36903}
1758284289,VERY_LONG,,1,1103100,,"{'id': 172239, 'context': 13, 'bonus_lists': [6890], 'modifiers': [{'type': 9, 'value': 57}, {'type': 28, 'value': 391}, {'type': 29, 'value': 36}, {'type': 30, 'value': 49}]}"
1758284292,VERY_LONG,,1,1103100,,"{'id': 172239, 'context': 13, 'bonus_lists': [6890], 'modifiers': [{'type': 9, 'value': 57}, {'type': 28, 'value': 391}, {'type': 29, 'value': 32}, {'type': 30, 'value': 49}]}"
1758284303,MEDIUM,30228200,2,,,{'id': 52747}
1758284320,VERY_LONG,,1,663200,,"{'id': 172237, 'context': 13, 'bonus_lists': [6887], 'modifiers': [{'type': 9, 'value': 57}, {'type': 28, 'value': 391}, {'type': 29, 'value': 36}, {'type': 30, 'value': 32}]}"
1758284323,MEDIUM,1500000,3,,,{'id': 21886}
1758284325,VERY_LONG,,1,663200,,"{'id': 172237, 'context': 13, 'bonus_lists': [6887], 'modifiers': [{'type': 9, 'value': 57}, {'type': 28, 'value': 391}, {'type': 29, 'value': 40}, {'type': 30, 'value': 36}]}"
1758284328,VERY_LONG,,1,663200,,"{'id': 172237, 'context': 13, 'bonus_lists': [6887], 'modifiers': [{'type': 9, 'value': 57}, {'type': 28, 'value': 391}, {'type': 29, 'value': 32}, {'type': 30, 'value': 49}]}"
1758284342,VERY_LONG,,1,702100,,"{'id': 172236, 'context': 13, 'bonus_lists': [6887], 'modifiers': [{'type': 9, 'value': 57}, {'type': 28, 'value': 391}, {'type': 29, 'value': 32}, {'type': 30, 'value': 40}]}"
1758284345,MEDIUM,340300,3,,,{'id': 24246}
1758284347,VERY_LONG,,1,702100,,"{'id': 172236, 'context': 13, 'bonus_lists': [6887], 'modifiers': [{'type': 9, 'value': 57}, {'type': 28, 'value': 391}, {'type': 29, 'value': 49}, {'type': 30, 'value': 40}]}"
1758284349,VERY_LONG,,1,702100,,"{'id': 172236, 'context': 13, 'bonus_lists': [6887], 'modifiers': [{'type': 9, 'value': 57}, {'type': 28, 'value': 391}, {'type': 29, 'value': 40}, {'type': 30, 'value': 36}]}"
1758284352,VERY_LONG,,1,702100,,"{'id': 172236, 'context': 13, 'bonus_lists': [6887], 'modifiers': [{'type': 9, 'value': 57}, {'type': 28, 'value': 391}, {'type': 29, 'value': 36}, {'type': 30, 'value': 40}]}"
1758284354,VERY_LONG,,1,702100,,"{'id': 172236, 'context': 13, 'bonus_lists': [6887], 'modifiers': [{'type': 9, 'value': 57}, {'type': 28, 'value': 391}, {'type': 29, 'value': 49}, {'type': 30, 'value': 36}]}"
1758284357,MEDIUM,,1,199800,,"{'id': 21841, 'context': 0}"
1758284362,MEDIUM,,1,199800,,"{'id': 21841, 'context': 0}"
1758284368,MEDIUM,,1,199800,,"{'id': 21841, 'context': 0}"
1758284372,MEDIUM,,1,199800,,"{'id': 21841, 'context': 0}"
1758284380,MEDIUM,,1,199800,,"{'id': 21841, 'context': 0}"
1758284389,MEDIUM,,1,199800,,"{'id': 21841, 'context': 0}"
1758284450,MEDIUM,,1,199800,,"{'id': 21841, 'context': 0}"
1758284457,MEDIUM,10986000,1,,,{'id': 173160}
1758284461,MEDIUM,,1,199800,,"{'id': 21841, 'context': 0}"
1758284478,MEDIUM,,1,199800,,"{'id': 21841, 'context': 0}"
1758284488,MEDIUM,,1,199800,,"{'id': 21841, 'context': 0}"
1758284501,MEDIUM,,1,199800,,"{'id': 21841, 'context': 0}"
1758284517,MEDIUM,,1,199800,,"{'id': 21841, 'context': 0}"
1758284525,MEDIUM,,1,199800,,"{'id': 21841, 'context': 0}"
1758284535,MEDIUM,,1,199800,,"{'id': 21841, 'context': 0}"
1758284543,MEDIUM,,1,199800,,"{'id': 21841, 'context': 0}"
1758284551,MEDIUM,,1,199800,,"{'id': 21841, 'context': 0}"
1758284558,MEDIUM,,1,199800,,"{'id': 21841, 'context': 0}"
1758284565,MEDIUM,,1,199800,,"{'id': 21841, 'context': 0}"
1758284567,MEDIUM,,1,199800,,"{'id': 21841, 'context': 0}"
1758284572,MEDIUM,,1,199800,,"{'id': 21841, 'context': 0}"
1758284579,MEDIUM,,1,199800,,"{'id': 21841, 'context': 0}"
1758284583,MEDIUM,,1,199800,,"{'id': 21841, 'context': 0}"
1758284588,MEDIUM,,1,199800,,"{'id': 21841, 'context': 0}"
1758284593,MEDIUM,,1,199800,,"{'id': 21841, 'context': 0}"
1758284598,MEDIUM,,1,199800,,"{'id': 21841, 'context': 0}"
1758284628,MEDIUM,90000,2,,,{'id': 35624}
1758284846,MEDIUM,150000,3,,,{'id': 13466}
1758284865,MEDIUM,645500,1,,,{'id': 13447}
1758284906,MEDIUM,100000,3,,,{'id': 37704}
1758284921,MEDIUM,45000,1,,,{'id': 3818}
1758284948,MEDIUM,78400,11,,,{'id': 4625}
1758286125,VERY_LONG,745000,20,,,{'id': 160053}
1758286411,VERY_LONG,40000,3,,,{'id': 172359}
1758286474,VERY_LONG,1499800,20,,,{'id': 172233}
1758286617,MEDIUM,191200,1,,,{'id': 171832}
1758286623,MEDIUM,172900,1,,,{'id': 171830}
1758286652,MEDIUM,212900,1,,,{'id': 171831}
1758288794,VERY_LONG,,1,750000000,,"{'id': 182990, 'context': 5, 'bonus_lists': [7188, 6652, 1485, 6646], 'modifiers': [{'type': 28, 'value': 752}]}"
1758289180,VERY_LONG,,1,17000000,,"{'id': 173249, 'context': 64, 'bonus_lists': [6717, 7194, 1507]}"
1758289182,VERY_LONG,,1,17000000,,"{'id': 173249, 'context': 64, 'bonus_lists': [6717, 7193, 1507]}"
1758289186,VERY_LONG,,1,17000000,,"{'id': 173249, 'context': 64, 'bonus_lists': [6717, 7194, 1507]}"
1758289190,VERY_LONG,,1,17000000,,"{'id': 173249, 'context': 64, 'bonus_lists': [6717, 7194, 1507]}"
1758289193,VERY_LONG,,1,17000000,,"{'id': 173249, 'context': 64, 'bonus_lists': [6717, 7194, 1507]}"
1758289248,VERY_LONG,,1,43000000,,"{'id': 173249, 'context': 65, 'bonus_lists': [6718, 7194, 1522]}"
1758289250,VERY_LONG,,1,43000000,,"{'id': 173249, 'context': 65, 'bonus_lists': [6718, 7193, 1522]}"
1758289251,VERY_LONG,,1,43000000,,"{'id': 173249, 'context': 65, 'bonus_lists': [6718, 7194, 1522]}"
1758289282,VERY_LONG,,1,360790000,,"{'id': 172327, 'context': 65, 'bonus_lists': [6718, 1522]}"
1758289295,VERY_LONG,14000,2,,,{'id': 173043}
1758289322,VERY_LONG,683000,2,,,{'id': 173042}
1758289354,VERY_LONG,1400,22,,,{'id': 21877}
1758289413,VERY_LONG,,1,19989000,,"{'id': 184480, 'context': 0}"
1758289473,VERY_LONG,360800,4,,,{'id': 173036}
1758289971,VERY_LONG,,1,490002100,,"{'id': 30722, 'context': 0, 'modifiers': [{'type': 28, 'value': 43}]}"
1758290023,VERY_LONG,,1,250002600,,"{'id': 30733, 'context': 0, 'modifiers': [{'type': 28, 'value': 1937}]}"
1758290086,VERY_LONG,,1,140006600,,"{'id': 30723, 'context': 0, 'modifiers': [{'type': 28, 'value': 43}]}"
1758291113,VERY_LONG,3989000,41,,,{'id': 21884}
1758291150,VERY_LONG,,1,130000500,,"{'id': 30732, 'context': 0, 'modifiers': [{'type': 28, 'value': 1937}]}"
1758291268,MEDIUM,906000,5,,,{'id': 173127}
1758291402,VERY_LONG,7800,3,,,{'id': 167738}
1758291431,VERY_LONG,2200,1,,,{'id': 168650}
1758291454,VERY_LONG,20000,22,,,{'id': 168302}
1758291475,VERY_LONG,420800,36,,,{'id': 168487}
1758291489,VERY_LONG,5000,2,,,{'id': 168646}
1758291490,MEDIUM,,1,15008500,,"{'id': 14273, 'context': 1, 'bonus_lists': [6654, 1709], 'modifiers': [{'type': 9, 'value': 30}, {'type': 28, 'value': 218}]}"
1758291496,MEDIUM,,1,15008500,,"{'id': 14273, 'context': 1, 'bonus_lists': [6654, 1705], 'modifiers': [{'type': 9, 'value': 30}, {'type': 28, 'value': 218}]}"
1758291513,MEDIUM,,1,26980300,,"{'id': 36118, 'context': 30, 'bonus_lists': [1678, 3850], 'modifiers': [{'type': 9, 'value': 29}]}"
1758291526,MEDIUM,,1,944415500,,"{'id': 164301, 'context': 11}"
1758291538,VERY_LONG,83900,23,,,{'id': 168185}
1758291542,MEDIUM,,1,3544100,,"{'id': 116635, 'context': 6, 'bonus_lists': [150, 517]}"
1758291548,MEDIUM,,1,606900,,"{'id': 82260, 'context': 0, 'bonus_lists': [1681]}"
1758291552,MEDIUM,,1,21479100,,"{'id': 14843, 'context': 54, 'bonus_lists': [4278], 'modifiers': [{'type': 9, 'value': 50}]}"
1758291557,MEDIUM,,1,199999900,,"{'id': 164327, 'context': 11}"
1758291561,VERY_LONG,,1,2332200,,"{'id': 159797, 'context': 0, 'bonus_lists': [6655, 42, 1704], 'modifiers': [{'type': 9, 'value': 50}, {'type': 28, 'value': 1222}]}"
1758291565,MEDIUM,,1,6853900,,"{'id': 10188, 'context': 0, 'bonus_lists': [1705]}"
1758291570,MEDIUM,,1,20140500,,"{'id': 14453, 'context': 1}"
1758291580,MEDIUM,,1,43436400,,"{'id': 9828, 'context': 54, 'bonus_lists': [1681, 4277], 'modifiers': [{'type': 9, 'value': 50}]}"
1758291589,MEDIUM,,1,11340000,,"{'id': 7438, 'context': 54, 'bonus_lists': [1692, 4278], 'modifiers': [{'type': 9, 'value': 50}]}"
1758291590,MEDIUM,,1,20161800,,"{'id': 10079, 'context': 53, 'bonus_lists': [1694, 4277], 'modifiers': [{'type': 9, 'value': 24}]}"
1758291593,MEDIUM,,1,24250500,,"{'id': 12990, 'context': 0}"
1758291600,MEDIUM,,1,17004200,,"{'id': 55399, 'context': 28, 'bonus_lists': [1694, 4763], 'modifiers': [{'type': 9, 'value': 32}]}"
1758291602,MEDIUM,,1,70794600,,"{'id': 14980, 'context': 54, 'bonus_lists': [1706, 4277], 'modifiers': [{'type': 9, 'value': 50}]}"
1758291607,MEDIUM,,1,238068200,,"{'id': 164434, 'context': 11}"
1758291611,MEDIUM,,1,1324600,,"{'id': 55438, 'context': 2, 'bonus_lists': [6655, 1679], 'modifiers': [{'type': 9, 'value': 35}, {'type': 28, 'value': 1114}]}"
1758291619,MEDIUM,,1,251560800,,"{'id': 164527, 'context': 11}"
1758291621,VERY_LONG,,1,17509000,,"{'id': 159524, 'context': 0, 'bonus_lists': [6655, 4802, 1708], 'modifiers': [{'type': 9, 'value': 50}, {'type': 28, 'value': 1220}]}"
1758291629,MEDIUM,,1,19384400,,"{'id': 106462, 'context': 27, 'bonus_lists': [3853, 120], 'modifiers': [{'type': 9, 'value': 36}]}"
1758291634,MEDIUM,,1,9094000,,"{'id': 15373, 'context': 1, 'bonus_lists': [6654, 1695], 'modifiers': [{'type': 9, 'value': 30}, {'type': 28, 'value': 218}]}"
1758291638,MEDIUM,270000,3,,,{'id': 177660}
1758291641,MEDIUM,,1,859900,,"{'id': 4089, 'context': 1, 'bonus_lists': [6655, 1678], 'modifiers': [{'type': 9, 'value': 30}, {'type': 28, 'value': 218}]}"
1758291646,MEDIUM,,1,22251100,,"{'id': 9405, 'context': 54, 'bonus_lists': [4270], 'modifiers': [{'type': 9, 'value': 50}]}"
1758291650,MEDIUM,55230900,10,,,{'id': 8167}
1758291652,MEDIUM,,1,19678600,,"{'id': 55375, 'context': 1, 'bonus_lists': [6655, 1707], 'modifiers': [{'type': 9, 'value': 35}, {'type': 28, 'value': 258}]}"
1758291657,MEDIUM,,1,135103300,,"{'id': 116502, 'context': 28, 'bonus_lists': [3875, 110], 'modifiers': [{'type': 9, 'value': 38}]}"
1758291659,VERY_LONG,,1,6000000,,"{'id': 182561, 'context': 11, 'bonus_lists': [6706, 6652], 'modifiers': [{'type': 9, 'value': 53}, {'type': 28, 'value': 1324}]}"
1758291661,MEDIUM,,1,46865500,,"{'id': 10424, 'context': 1}"
1758291664,MEDIUM,,1,2067900,,"{'id': 15241, 'context': 54, 'bonus_lists': [1695, 4281], 'modifiers': [{'type': 9, 'value': 50}]}"
1758291667,MEDIUM,,1,22096200,,"{'id': 15437, 'context': 1, 'bonus_lists': [1708]}"
1758291671,MEDIUM,10000,5,,,{'id': 172360}
1758291672,MEDIUM,,1,15581400,,"{'id': 10236, 'context': 1, 'bonus_lists': [1693]}"
1758291678,MEDIUM,,1,37711300,,"{'id': 6440, 'context': 1, 'bonus_lists': [4071], 'modifiers': [{'type': 9, 'value': 25}]}"
1758291683,MEDIUM,,1,4074000,,"{'id': 55726, 'context': 1, 'bonus_lists': [6654, 1684], 'modifiers': [{'type': 9, 'value': 35}, {'type': 28, 'value': 258}]}"
1758291686,MEDIUM,40000,4,,,{'id': 172359}
1758291688,MEDIUM,,1,14784100,,"{'id': 14337, 'context': 54, 'bonus_lists': [1695, 4277], 'modifiers': [{'type': 9, 'value': 50}]}"
1758291692,MEDIUM,,1,2999007200,,"{'id': 166844, 'context': 11}"
1758291702,MEDIUM,,1,4832600,,"{'id': 25286, 'context': 30, 'bonus_lists': [1709, 3871], 'modifiers': [{'type': 9, 'value': 29}]}"
1758291711,MEDIUM,,1,168006200,,"{'id': 164513, 'context': 11}"
1758291714,VERY_LONG,,1,106000000,,"{'id': 173078, 'context': 13}"
1758291716,MEDIUM,,1,101696700,,"{'id': 9487, 'context': 1, 'bonus_lists': [4017], 'modifiers': [{'type': 9, 'value': 13}]}"
1758291723,MEDIUM,3582500,2,,,{'id': 172412}
1758291724,MEDIUM,,1,85050100,,"{'id': 116600, 'context': 28, 'bonus_lists': [3875, 87], 'modifiers': [{'type': 9, 'value': 40}]}"
1758291725,VERY_LONG,11600,3,,,{'id': 168303}
1758291729,MEDIUM,,1,75102400,,"{'id': 164451, 'context': 11}"
1758291737,MEDIUM,,1,10691700,,"{'id': 12028, 'context': 54, 'bonus_lists': [1694, 4277], 'modifiers': [{'type': 9, 'value': 50}]}"
1758291741,MEDIUM,,1,37033900,,"{'id': 14977, 'context': 1, 'bonus_lists': [1677]}"
1758291744,MEDIUM,,1,37033900,,"{'id': 14977, 'context': 1, 'bonus_lists': [1679]}"
1758291745,MEDIUM,,1,25070300,,"{'id': 14811, 'context': 0}"
1758291753,VERY_LONG,9900,14,,,{'id': 168645}
1758291755,MEDIUM,2747500,4,,,{'id': 172410}
1758291772,MEDIUM,,1,4013100,,"{'id': 55435, 'context': 28, 'bonus_lists': [1707, 4766], 'modifiers': [{'type': 9, 'value': 49}]}"
1758291782,MEDIUM,,1,41577000,,"{'id': 7421, 'context': 1, 'bonus_lists': [1679]}"
1758291790,MEDIUM,,1,12420400,,"{'id': 11995, 'context': 54, 'bonus_lists': [1707, 4279], 'modifiers': [{'type': 9, 'value': 50}]}"
1758291793,MEDIUM,,1,7484600,,"{'id': 9890, 'context': 54, 'bonus_lists': [1681, 4277], 'modifiers': [{'type': 9, 'value': 50}]}"
1758291799,MEDIUM,,1,7942600,,"{'id': 55501, 'context': 1, 'bonus_lists': [6654, 1699], 'modifiers': [{'type': 9, 'value': 35}, {'type': 28, 'value': 258}]}"
1758291806,MEDIUM,,1,48368500,,"{'id': 164398, 'context': 11}"
1758291810,MEDIUM,405000,445,,,{'id': 20404}
1758291814,MEDIUM,,1,54990000,,"{'id': 14981, 'context': 1, 'bonus_lists': [6654, 1706], 'modifiers': [{'type': 9, 'value': 30}, {'type': 28, 'value': 218}]}"
1758291819,MEDIUM,,1,13198300,,"{'id': 10280, 'context': 1, 'bonus_lists': [1681]}"
1758291821,MEDIUM,,1,270600,,"{'id': 6418, 'context': 54, 'bonus_lists': [4277], 'modifiers': [{'type': 9, 'value': 50}]}"
1758291824,MEDIUM,,1,9544200,,"{'id': 14672, 'context': 54, 'bonus_lists': [4278], 'modifiers': [{'type': 9, 'value': 50}]}"
1758291833,MEDIUM,,1,9544200,,"{'id': 14672, 'context': 54, 'bonus_lists': [4277], 'modifiers': [{'type': 9, 'value': 50}]}"
1758291841,MEDIUM,,1,1703500,,"{'id': 10185, 'context': 0, 'bonus_lists': [1709]}"
1758291847,MEDIUM,,1,9750000,,"{'id': 164342, 'context': 11}"
1758291856,MEDIUM,,1,10999900,,"{'id': 10363, 'context': 1, 'bonus_lists': [1691]}"
1758291861,MEDIUM,,1,22911400,,"{'id': 15189, 'context': 54, 'bonus_lists': [1708, 4277], 'modifiers': [{'type': 9, 'value': 50}]}"
1758291872,MEDIUM,,1,27547800,,"{'id': 36103, 'context': 30, 'bonus_lists': [1691, 3850], 'modifiers': [{'type': 9, 'value': 30}]}"
1758291877,MEDIUM,,1,40987300,,"{'id': 35991, 'context': 29, 'bonus_lists': [1709, 3849], 'modifiers': [{'type': 9, 'value': 28}]}"
1758291880,VERY_LONG,220900,200,,,{'id': 124102}
1758291882,MEDIUM,,1,3992100,,"{'id': 16218, 'context': 0}"
1758291885,MEDIUM,,1,330000,,"{'id': 12689, 'context': 1, 'modifiers': [{'type': 28, 'value': 218}]}"
1758291893,MEDIUM,259900,3,,,{'id': 172358}
1758291897,MEDIUM,,1,330000,,"{'id': 12689, 'context': 0}"
1758291903,MEDIUM,,1,1029787800,,"{'id': 14970, 'context': 54, 'bonus_lists': [1693, 4277], 'modifiers': [{'type': 9, 'value': 50}]}"
1758291910,MEDIUM,,1,12090000,,"{'id': 7455, 'context': 1, 'bonus_lists': [1678]}"
1758291913,MEDIUM,,1,49993800,,"{'id': 14798, 'context': 1}"
1758291923,MEDIUM,,1,29680800,,"{'id': 94097, 'context': 0, 'bonus_lists': [1708]}"
1758291926,MEDIUM,,1,14571100,,"{'id': 35981, 'context': 30, 'bonus_lists': [1706, 3850], 'modifiers': [{'type': 9, 'value': 29}]}"
1758291974,VERY_LONG,24200,200,,,{'id': 152508}
1758293195,VERY_LONG,,1,2338900,,"{'id': 159174, 'context': 0, 'bonus_lists': [6654, 1710], 'modifiers': [{'type': 9, 'value': 50}, {'type': 28, 'value': 1220}]}"
1758293328,VERY_LONG,10100,14,,,{'id': 23984}
1758293451,VERY_LONG,5604300,32,,,{'id': 130180}
1758293488,VERY_LONG,3898000,54,,,{'id': 130178}
1758293754,VERY_LONG,259900,4,,,{'id': 172358}
1758293781,VERY_LONG,140300,104,,,{'id': 169701}
1758293789,VERY_LONG,405500,69,,,{'id': 168586}
1758293918,MEDIUM,,1,43915300,,"{'id': 3608, 'context': 1}"
1758293929,MEDIUM,164300,12,,,{'id': 8154}
1758293947,MEDIUM,,1,13229700,,"{'id': 14459, 'context': 54, 'bonus_lists': [4277], 'modifiers': [{'type': 9, 'value': 50}]}"
1758293952,MEDIUM,,1,2911700,,"{'id': 106734, 'context': 4, 'bonus_lists': [202]}"
1758293957,MEDIUM,,1,19972300,,"{'id': 15167, 'context': 54, 'bonus_lists': [1691, 4277], 'modifiers': [{'type': 9, 'value': 50}]}"
1758293965,MEDIUM,,1,18116200,,"{'id': 13015, 'context': 1}"
1758293973,MEDIUM,256500,10,,,{'id': 38303}
1758293976,MEDIUM,,1,48174700,,"{'id': 164346, 'context': 11}"
1758293983,MEDIUM,,1,48174700,,"{'id': 164346, 'context': 11}"
1758293989,MEDIUM,,1,14157000,,"{'id': 11990, 'context': 54, 'bonus_lists': [1695, 4278], 'modifiers': [{'type': 9, 'value': 50}]}"
1758293997,MEDIUM,,1,57467900,,"{'id': 14852, 'context': 54, 'bonus_lists': [4282], 'modifiers': [{'type': 9, 'value': 50}]}"
1758293999,MEDIUM,,1,2650000,,"{'id': 13040, 'context': 54, 'bonus_lists': [4274], 'modifiers': [{'type': 9, 'value': 50}]}"
1758294001,MEDIUM,,1,9675400,,"{'id': 106491, 'context': 28, 'bonus_lists': [3854, 21], 'modifiers': [{'type': 9, 'value': 38}]}"
1758294004,MEDIUM,,1,17112700,,"{'id': 15380, 'context': 1, 'bonus_lists': [6654, 1691], 'modifiers': [{'type': 9, 'value': 30}, {'type': 28, 'value': 218}]}"
1758294006,MEDIUM,,1,25000000,,"{'id': 8116, 'context': 17}"
1758294020,MEDIUM,,1,36405300,,"{'id': 164405, 'context': 11}"
1758295752,MEDIUM,,1,53001200,,"{'id': 164466, 'context': 11}"
1758295762,MEDIUM,,1,19746900,,"{'id': 15556, 'context': 54, 'bonus_lists': [1677, 4277], 'modifiers': [{'type': 9, 'value': 50}]}"
1758295768,MEDIUM,,1,1117400,,"{'id': 55602, 'context': 0, 'bonus_lists': [1686]}"
1758295774,MEDIUM,,1,15857900,,"{'id': 36033, 'context': 29, 'bonus_lists': [1679, 3849], 'modifiers': [{'type': 9, 'value': 28}]}"
1758295778,MEDIUM,,1,12003200,,"{'id': 25035, 'context': 29, 'bonus_lists': [1707, 3849], 'modifiers': [{'type': 9, 'value': 28}]}"
1758295790,MEDIUM,,1,25000000,,"{'id': 14846, 'context': 53, 'bonus_lists': [4277], 'modifiers': [{'type': 9, 'value': 50}]}"
1758295799,MEDIUM,,1,16669500,,"{'id': 14907, 'context': 1, 'bonus_lists': [6654, 1691], 'modifiers': [{'type': 9, 'value': 30}, {'type': 28, 'value': 218}]}"
1758295805,MEDIUM,,1,3416700,,"{'id': 5216, 'context': 1, 'bonus_lists': [1680]}"
1758295808,MEDIUM,,1,16250600,,"{'id': 15978, 'context': 53, 'bonus_lists': [1694, 4281], 'modifiers': [{'type': 9, 'value': 50}]}"
1758295813,MEDIUM,,1,15271800,,"{'id': 55670, 'context': 2, 'bonus_lists': [6654, 1686], 'modifiers': [{'type': 9, 'value': 35}, {'type': 28, 'value': 1114}]}"
1758295821,MEDIUM,,1,10568500,,"{'id': 10156, 'context': 1, 'bonus_lists': [1691]}"
1758295827,MEDIUM,,1,3184700,,"{'id': 55436, 'context': 2, 'bonus_lists': [6655, 1686], 'modifiers': [{'type': 9, 'value': 35}, {'type': 28, 'value': 1114}]}"
1758295836,MEDIUM,,1,3184700,,"{'id': 55436, 'context': 2, 'bonus_lists': [6655, 1713], 'modifiers': [{'type': 9, 'value': 35}, {'type': 28, 'value': 1114}]}"
1758295842,MEDIUM,,1,16912100,,"{'id': 4416, 'context': 1}"
1758295847,MEDIUM,,1,43468600,,"{'id': 15980, 'context': 54, 'bonus_lists': [1693, 4281], 'modifiers': [{'type': 9, 'value': 50}]}"
1758295855,MEDIUM,,1,1930300,,"{'id': 8184, 'context': 54, 'bonus_lists': [4281], 'modifiers': [{'type': 9, 'value': 50}]}"
1758295862,MEDIUM,,1,17713900,,"{'id': 862, 'context': 1, 'bonus_lists': [4071], 'modifiers': [{'type': 9, 'value': 25}]}"
1758295870,MEDIUM,,1,45587500,,"{'id': 166820, 'context': 11}"
1758295874,MEDIUM,,1,21233200,,"{'id': 1714, 'context': 1, 'bonus_lists': [6658], 'modifiers': [{'type': 9, 'value': 30}, {'type': 28, 'value': 218}]}"
1758295880,MEDIUM,,1,92270000,,"{'id': 164415, 'context': 11}"
1758295884,MEDIUM,,1,92270000,,"{'id': 164415, 'context': 11}"
1758295890,MEDIUM,,1,89999200,,"{'id': 164454, 'context': 11}"
1758298409,VERY_LONG,,1,1054500,,"{'id': 177767, 'context': 0, 'bonus_lists': [6907, 6652, 1681], 'modifiers': [{'type': 9, 'value': 60}, {'type': 28, 'value': 2060}]}"
1758298419,VERY_LONG,,1,1993100,,"{'id': 176764, 'context': 0, 'bonus_lists': [6907, 6652, 1682], 'modifiers': [{'type': 9, 'value': 60}, {'type': 28, 'value': 1707}]}"
1758298428,VERY_LONG,,1,6482000,,"{'id': 176789, 'context': 0, 'bonus_lists': [6907, 6652, 7194, 1678], 'modifiers': [{'type': 9, 'value': 60}, {'type': 28, 'value': 1707}]}"
1758298446,VERY_LONG,,1,1508700,,"{'id': 180865, 'context': 0, 'bonus_lists': [6908, 6652], 'modifiers': [{'type': 9, 'value': 60}, {'type': 28, 'value': 2060}]}"
1758298455,VERY_LONG,,1,893500,,"{'id': 176761, 'context': 0, 'bonus_lists': [6907, 6652, 7194, 1715], 'modifiers': [{'type': 9, 'value': 60}, {'type': 28, 'value': 1707}]}"
1758298462,VERY_LONG,,1,4599800,,"{'id': 175566, 'context': 23, 'bonus_lists': [6907, 1700], 'modifiers': [{'type': 9, 'value': 60}, {'type': 28, 'value': 749}]}"
1758298469,VERY_LONG,,1,387700,,"{'id': 175567, 'context': 23, 'bonus_lists': [6907, 1688], 'modifiers': [{'type': 9, 'value': 60}, {'type': 28, 'value': 749}]}"
1758298909,VERY_LONG,7500000,1216,,,{'id': 168828}
1758299127,MEDIUM,,1,5920000,,"{'id': 55752, 'context': 2, 'bonus_lists': [6654, 1685], 'modifiers': [{'type': 9, 'value': 35}, {'type': 28, 'value': 1114}]}"
1758299135,MEDIUM,,1,1985000,,"{'id': 36043, 'context': 36, 'bonus_lists': [1709, 3850], 'modifiers': [{'type': 9, 'value': 50}]}"
1758299140,MEDIUM,,1,15000000,,"{'id': 164341, 'context': 11}"
1758299147,MEDIUM,,1,101696700,,"{'id': 9487, 'context': 1, 'bonus_lists': [4017], 'modifiers': [{'type': 9, 'value': 12}]}"
1758299153,MEDIUM,,1,172399400,,"{'id': 15891, 'context': 28, 'bonus_lists': [3860], 'modifiers': [{'type': 9, 'value': 11}]}"
1758299160,MEDIUM,,1,13461600,,"{'id': 14681, 'context': 54, 'bonus_lists': [4277], 'modifiers': [{'type': 9, 'value': 50}]}"
1758299167,MEDIUM,,1,6990000,,"{'id': 14439, 'context': 1, 'bonus_lists': [6654], 'modifiers': [{'type': 9, 'value': 30}, {'type': 28, 'value': 218}]}"
1758299173,MEDIUM,,1,52906600,,"{'id': 36504, 'context': 29, 'bonus_lists': [1705, 3870], 'modifiers': [{'type': 9, 'value': 27}]}"
1758299180,MEDIUM,,1,16150700,,"{'id': 15659, 'context': 54, 'bonus_lists': [1694, 4277], 'modifiers': [{'type': 9, 'value': 50}]}"
1758299187,MEDIUM,,1,111468800,,"{'id': 164312, 'context': 11}"
1758299193,MEDIUM,,1,49830200,,"{'id': 15627, 'context': 54, 'bonus_lists': [1709, 4278], 'modifiers': [{'type': 9, 'value': 50}]}"
1758299211,MEDIUM,,1,51234900,,"{'id': 15612, 'context': 36, 'bonus_lists': [1706, 3834], 'modifiers': [{'type': 9, 'value': 16}]}"
1758299216,MEDIUM,,1,26116100,,"{'id': 14170, 'context': 1}"
1758299221,MEDIUM,,1,54384100,,"{'id': 11733, 'context': 0}"
1758299226,MEDIUM,,1,14619900,,"{'id': 2883, 'context': 1}"
1758299233,MEDIUM,,1,2810600,,"{'id': 3202, 'context': 1}"
1758299236,MEDIUM,,1,51194500,,"{'id': 14427, 'context': 1, 'bonus_lists': [6654], 'modifiers': [{'type': 9, 'value': 30}, {'type': 28, 'value': 218}]}"
1758301208,LONG,7500,3,,,{'id': 4338}
1758301237,LONG,728000,12,,,{'id': 173204}
1758301265,LONG,310000,3,,,{'id': 172096}
1758301278,LONG,720000,10,,,{'id': 172094}
1758301362,LONG,1450100,10,,,{'id': 124121}
1758301389,LONG,7000,18,,,{'id': 124120}
1758301501,LONG,199900,6,,,{'id': 154127}
1758301537,LONG,839500,4,,,{'id': 172045}
1758301547,LONG,20000,8,,,{'id': 182737}
1758301879,LONG,,1,12971900,,"{'id': 172234, 'context': 13, 'bonus_lists': [6890, 7224], 'modifiers': [{'type': 9, 'value': 60}, {'type': 28, 'value': 391}, {'type': 29, 'value': 36}, {'type': 30, 'value': 49}]}"
1758301882,LONG,100000,50,,,{'id': 172040}
1758301883,LONG,,1,7289300,,"{'id': 173196, 'context': 0, 'bonus_lists': [6887, 7224], 'modifiers': [{'type': 9, 'value': 60}, {'type': 28, 'value': 391}, {'type': 29, 'value': 32}, {'type': 30, 'value': 36}]}"
1758301886,LONG,,1,3130000,,"{'id': 173194, 'context': 0, 'bonus_lists': [6887], 'modifiers': [{'type': 9, 'value': 60}, {'type': 28, 'value': 391}, {'type': 29, 'value': 36}, {'type': 30, 'value': 32}]}"
1758301888,LONG,,1,12130000,,"{'id': 173194, 'context': 0, 'bonus_lists': [6887, 7224], 'modifiers': [{'type': 9, 'value': 60}, {'type': 28, 'value': 391}, {'type': 29, 'value': 36}, {'type': 30, 'value': 40}]}"
1758301894,LONG,,1,11708400,,"{'id': 172236, 'context': 13, 'bonus_lists': [6887, 7224], 'modifiers': [{'type': 9, 'value': 60}, {'type': 28, 'value': 391}, {'type': 29, 'value': 49}, {'type': 30, 'value': 32}]}"
1758301896,LONG,,1,8617300,,"{'id': 171379, 'context': 13, 'bonus_lists': [6890, 7224], 'modifiers': [{'type': 9, 'value': 60}, {'type': 28, 'value': 391}, {'type': 29, 'value': 36}, {'type': 30, 'value': 40}]}"
1758301907,LONG,,1,42518900,,"{'id': 173050, 'context': 13, 'modifiers': [{'type': 29, 'value': 40}, {'type': 30, 'value': 36}]}"
1758301947,LONG,,1,6264300,,"{'id': 173198, 'context': 0, 'bonus_lists': [6885, 7224], 'modifiers': [{'type': 9, 'value': 60}, {'type': 28, 'value': 391}, {'type': 29, 'value': 40}, {'type': 30, 'value': 32}]}"
1758301949,LONG,,1,8967800,,"{'id': 173193, 'context': 0, 'bonus_lists': [6890, 7224], 'modifiers': [{'type': 9, 'value': 60}, {'type': 28, 'value': 391}, {'type': 29, 'value': 36}, {'type': 30, 'value': 49}]}"
1758301974,LONG,,1,12508500,,"{'id': 172238, 'context': 13, 'bonus_lists': [6885, 7224], 'modifiers': [{'type': 9, 'value': 60}, {'type': 28, 'value': 391}, {'type': 29, 'value': 40}, {'type': 30, 'value': 36}]}"
1758301977,LONG,,1,7821300,,"{'id': 171376, 'context': 13, 'bonus_lists': [6887, 7224], 'modifiers': [{'type': 9, 'value': 60}, {'type': 28, 'value': 391}, {'type': 29, 'value': 32}, {'type': 30, 'value': 49}]}"
1758303223,LONG,,1,34294100,,"{'id': 14855, 'context': 54, 'bonus_lists': [4279], 'modifiers': [{'type': 9, 'value': 50}]}"
1758303227,LONG,,1,11475100,,"{'id': 8311, 'context': 0}"
1758303231,LONG,,1,15725800,,"{'id': 55661, 'context': 28, 'bonus_lists': [1694, 4763], 'modifiers': [{'type': 9, 'value': 31}]}"
1758303249,LONG,,1,26670800,,"{'id': 36216, 'context': 22, 'bonus_lists': [6654, 1691], 'modifiers': [{'type': 9, 'value': 30}, {'type': 28, 'value': 1101}]}"
1758303254,LONG,,1,15157300,,"{'id': 14668, 'context': 54, 'bonus_lists': [4277], 'modifiers': [{'type': 9, 'value': 50}]}"
1758303257,LONG,,1,36967400,,"{'id': 164506, 'context': 11}"
1758303260,LONG,,1,88833100,,"{'id': 163925, 'context': 11}"
1758303268,LONG,,1,93899300,,"{'id': 14924, 'context': 54, 'bonus_lists': [1680, 4278], 'modifiers': [{'type': 9, 'value': 50}]}"
1758303282,LONG,,1,20591000,,"{'id': 14433, 'context': 1, 'bonus_lists': [6654], 'modifiers': [{'type': 9, 'value': 30}, {'type': 28, 'value': 218}]}"
1758303286,LONG,,1,32825300,,"{'id': 15604, 'context': 53, 'bonus_lists': [1705, 4281], 'modifiers': [{'type': 9, 'value': 50}]}"
1758303290,LONG,,1,7574300,,"{'id': 15219, 'context': 1, 'bonus_lists': [1695]}"
1758303297,LONG,,1,7574300,,"{'id': 15219, 'context': 1, 'bonus_lists': [1691]}"
1758303301,LONG,,1,13207200,,"{'id': 10379, 'context': 1, 'bonus_lists': [1692]}"
1758303306,LONG,,1,3200000,,"{'id': 12697, 'context': 1}"
1758303309,LONG,,1,28281300,,"{'id': 14218, 'context': 54, 'bonus_lists': [1695, 4277], 'modifiers': [{'type': 9, 'value': 50}]}"
1758303319,LONG,,1,2321200,,"{'id': 10404, 'context': 54, 'bonus_lists': [1693, 4277], 'modifiers': [{'type': 9, 'value': 50}]}"
1758303885,LONG,1006900,330,,,{'id': 171315}
1758304078,LONG,3500000,102,,,{'id': 172347}
1758304803,LONG,,1,5140600,,"{'id': 10174, 'context': 1, 'bonus_lists': [1677]}"
1758304824,LONG,,1,25519700,,"{'id': 36590, 'context': 30, 'bonus_lists': [1709, 3871], 'modifiers': [{'type': 9, 'value': 30}]}"
1758304874,LONG,,1,36350300,,"{'id': 14205, 'context': 54, 'bonus_lists': [1708, 4277], 'modifiers': [{'type': 9, 'value': 50}]}"
1758304888,LONG,,1,58160200,,"{'id': 15982, 'context': 54, 'bonus_lists': [1677, 4282], 'modifiers': [{'type': 9, 'value': 50}]}"
1758304909,LONG,,1,7578300,,"{'id': 15938, 'context': 1, 'bonus_lists': [1691]}"
1758304914,LONG,,1,20342300,,"{'id': 14233, 'context': 54, 'bonus_lists': [1694, 4278], 'modifiers': [{'type': 9, 'value': 50}]}"
1758304920,LONG,,1,39549400,,"{'id': 14592, 'context': 42, 'bonus_lists': [3836], 'modifiers': [{'type': 9, 'value': 22}]}"
1758304922,LONG,,1,32435500,,"{'id': 164501, 'context': 11}"
1758304931,LONG,,1,2458300,,"{'id': 55855, 'context': 1, 'bonus_lists': [6710], 'modifiers': [{'type': 9, 'value': 35}, {'type': 28, 'value': 258}]}"
1758304942,LONG,,1,2721800,,"{'id': 55716, 'context': 28, 'bonus_lists': [1678, 4763], 'modifiers': [{'type': 9, 'value': 34}]}"
1758304949,LONG,,1,2721800,,"{'id': 55716, 'context': 1, 'bonus_lists': [6654, 1701], 'modifiers': [{'type': 9, 'value': 35}, {'type': 28, 'value': 258}]}"
1758304959,LONG,891400,2,,,{'id': 15412}
1758304972,LONG,,1,21324200,,"{'id': 36105, 'context': 30, 'bonus_lists': [1694, 3850], 'modifiers': [{'type': 9, 'value': 29}]}"
1758304979,LONG,,1,19926300,,"{'id': 15517, 'context': 30, 'bonus_lists': [1709, 3833], 'modifiers': [{'type': 9, 'value': 14}]}"
1758304981,LONG,,1,42000000,,"{'id': 164345, 'context': 11}"
1758304989,LONG,,1,2338300,,"{'id': 82276, 'context': 0, 'bonus_lists': [1684]}"
1758305001,LONG,,1,57330500,,"{'id': 36449, 'context': 28, 'bonus_lists': [1678, 3869], 'modifiers': [{'type': 9, 'value': 27}]}"
1758305017,LONG,,1,656100,,"{'id': 82286, 'context': 0, 'bonus_lists': [1702]}"
1758305024,LONG,,1,25138500,,"{'id': 14945, 'context': 54, 'bonus_lists': [1681, 4277], 'modifiers': [{'type': 9, 'value': 50}]}"
1758305026,LONG,,1,58485800,,"{'id': 14288, 'context': 54, 'bonus_lists': [1678, 4279], 'modifiers': [{'type': 9, 'value': 50}]}"
1758305029,LONG,,1,57789900,,"{'id': 164352, 'context': 11}"
1758305032,LONG,,1,17013600,,"{'id': 82059, 'context': 36, 'bonus_lists': [4767, 1677], 'modifiers': [{'type': 9, 'value': 39}]}"
1758305033,LONG,92591700,10,,,{'id': 4461}
1758305036,LONG,,1,60000000,,"{'id': 164424, 'context': 11}"
1758305040,LONG,,1,60000000,,"{'id': 164424, 'context': 11}"
1758305042,LONG,,1,24538000,,"{'id': 14276, 'context': 54, 'bonus_lists': [1679]}"
1758305045,LONG,,1,25128000,,"{'id': 11989, 'context': 1, 'bonus_lists': [6654, 1679], 'modifiers': [{'type': 9, 'value': 30}, {'type': 28, 'value': 218}]}"
1758305050,LONG,,1,19531100,,"{'id': 14097, 'context': 53, 'bonus_lists': [1679, 4277], 'modifiers': [{'type': 9, 'value': 23}]}"
1758305053,LONG,,1,141585600,,"{'id': 14840, 'context': 53, 'bonus_lists': [4277], 'modifiers': [{'type': 9, 'value': 50}]}"
1758305057,LONG,,1,16029400,,"{'id': 36094, 'context': 0, 'bonus_lists': [1680]}"
1758305058,LONG,8710900,1,,,{'id': 173163}
1758305064,LONG,,1,435900,,"{'id': 7356, 'context': 54, 'bonus_lists': [1691, 4277], 'modifiers': [{'type': 9, 'value': 50}]}"
1758305068,LONG,,1,11475100,,"{'id': 8311, 'context': 0}"
1758305073,LONG,,1,8797100,,"{'id': 14658, 'context': 1, 'bonus_lists': [6654], 'modifiers': [{'type': 9, 'value': 30}, {'type': 28, 'value': 218}]}"
1758305078,LONG,,1,43849200,,"{'id': 791, 'context': 54, 'bonus_lists': [4273], 'modifiers': [{'type': 9, 'value': 50}]}"
1758305086,LONG,,1,42914600,,"{'id': 14788, 'context': 54, 'bonus_lists': [4278], 'modifiers': [{'type': 9, 'value': 45}]}"
1758305087,LONG,10986000,2,,,{'id': 173160}
1758305095,LONG,,1,25836400,,"{'id': 94054, 'context': 0, 'bonus_lists': [1707]}"
1758306102,LONG,,1,11955100,,"{'id': 15195, 'context': 1, 'bonus_lists': [1694]}"
1758306106,LONG,,1,21691700,,"{'id': 14114, 'context': 27, 'bonus_lists': [3830, 1693], 'modifiers': [{'type': 9, 'value': 10}]}"
1758306110,LONG,,1,19588700,,"{'id': 14959, 'context': 54, 'bonus_lists': [1677, 4277], 'modifiers': [{'type': 9, 'value': 50}]}"
1758306113,LONG,,1,13295300,,"{'id': 142402, 'context': 1, 'modifiers': [{'type': 28, 'value': 218}]}"
1758306119,LONG,,1,21577900,,"{'id': 36299, 'context': 28, 'bonus_lists': [1692, 3840], 'modifiers': [{'type': 9, 'value': 27}]}"
1758306121,LONG,,1,51514800,,"{'id': 15427, 'context': 1, 'bonus_lists': [1692]}"
1758306128,LONG,8998500,2,,,{'id': 173162}
1758306316,VERY_LONG,7190000,1,,,{'id': 172097}
1758306343,VERY_LONG,720000,42,,,{'id': 172094}
1758306354,VERY_LONG,310000,10,,,{'id': 172096}
1758306366,VERY_LONG,728000,6,,,{'id': 173204}
1758306519,VERY_LONG,405500,67,,,{'id': 168586}
1758306542,VERY_LONG,140300,142,,,{'id': 169701}
1758309155,VERY_LONG,,1,31009500,,"{'id': 173131, 'context': 13, 'bonus_lists': [7185], 'modifiers': [{'type': 9, 'value': 60}, {'type': 29, 'value': 49}]}"
1758311834,VERY_LONG,,1,1503100,,"{'id': 180795, 'context': 0, 'bonus_lists': [6908, 6652, 1682], 'modifiers': [{'type': 9, 'value': 60}, {'type': 28, 'value': 1707}]}"
1758311857,VERY_LONG,,1,4504300,,"{'id': 180794, 'context': 0, 'bonus_lists': [6908, 6652, 1715], 'modifiers': [{'type': 9, 'value': 60}, {'type': 28, 'value': 1707}]}"
1758311873,VERY_LONG,,1,2500000,,"{'id': 180793, 'context': 23, 'bonus_lists': [6908, 6652, 1707], 'modifiers': [{'type': 9, 'value': 60}, {'type': 28, 'value': 749}]}"
1758311896,VERY_LONG,,1,2506600,,"{'id': 179333, 'context': 4, 'bonus_lists': [6908, 6652, 1707], 'modifiers': [{'type': 9, 'value': 60}, {'type': 28, 'value': 750}]}"
1758311913,VERY_LONG,,1,1541900,,"{'id': 178944, 'context': 0, 'bonus_lists': [6908, 6652, 1705], 'modifiers': [{'type': 9, 'value': 60}, {'type': 28, 'value': 1707}]}"
1758311922,VERY_LONG,,1,1492700,,"{'id': 177809, 'context': 3, 'bonus_lists': [6908, 6652, 1680], 'modifiers': [{'type': 9, 'value': 60}, {'type': 28, 'value': 751}]}"
1758311993,VERY_LONG,,1,1505000,,"{'id': 82118, 'context': 22, 'bonus_lists': [6654, 1708], 'modifiers': [{'type': 9, 'value': 35}, {'type': 28, 'value': 1129}]}"
1758312047,VERY_LONG,,1,2500100,,"{'id': 177789, 'context': 3, 'bonus_lists': [6907, 6652, 1677], 'modifiers': [{'type': 9, 'value': 60}, {'type': 28, 'value': 751}]}"
1758313112,VERY_LONG,,1,3000700,,"{'id': 176985, 'context': 0, 'bonus_lists': [6907, 41, 7194, 1715], 'modifiers': [{'type': 9, 'value': 60}, {'type': 28, 'value': 1707}]}"
1758313132,VERY_LONG,,1,3000700,,"{'id': 176985, 'context': 0, 'bonus_lists': [6907, 6652, 7193, 1677], 'modifiers': [{'type': 9, 'value': 60}, {'type': 28, 'value': 1707}]}"
1758313156,VERY_LONG,,1,999900,,"{'id': 176982, 'context': 0, 'bonus_lists': [6907, 6652, 1696], 'modifiers': [{'type': 9, 'value': 60}, {'type': 28, 'value': 1707}]}"
1758313217,VERY_LONG,,1,2503100,,"{'id': 176974, 'context': 0, 'bonus_lists': [6907, 6652, 6935, 1681], 'modifiers': [{'type': 9, 'value': 60}, {'type': 28, 'value': 1707}]}"
1758313236,VERY_LONG,,1,683100,,"{'id': 176974, 'context': 0, 'bonus_lists': [6907, 6652, 7194, 1691], 'modifiers': [{'type': 9, 'value': 60}, {'type': 28, 'value': 1707}]}"
1758313270,VERY_LONG,,1,4500000,,"{'id': 176792, 'context': 0, 'bonus_lists': [6907, 6652, 7194, 1696], 'modifiers': [{'type': 9, 'value': 60}, {'type': 28, 'value': 2060}]}"
1758313290,VERY_LONG,,1,4505400,,"{'id': 175568, 'context': 0, 'bonus_lists': [6907, 1713], 'modifiers': [{'type': 9, 'value': 60}, {'type': 28, 'value': 1707}]}"
1758313362,VERY_LONG,720800,13,,,{'id': 173204}
1758313379,LONG,172900,4,,,{'id': 171830}
1758313415,LONG,405500,7,,,{'id': 168586}
1758313434,VERY_LONG,574200,29,,,{'id': 168589}
1758313438,LONG,720000,7,,,{'id': 172094}
1758313464,LONG,198000,13,,,{'id': 89112}
1758313641,LONG,1400,17,,,{'id': 21877}
1758313676,LONG,574200,12,,,{'id': 168589}
1758313698,LONG,118800,1,,,{'id': 152512}
1758313843,LONG,720800,22,,,{'id': 173204}
1758313907,LONG,46400,1,,,{'id': 177061}
1758314231,LONG,,1,10000000,,"{'id': 179332, 'context': 3, 'bonus_lists': [6908, 42, 1681], 'modifiers': [{'type': 9, 'value': 60}, {'type': 28, 'value': 751}]}"
1758314721,LONG,13743700,6,,,{'id': 171276}
1758318890,VERY_LONG,,1,4000000,,"{'id': 173243, 'context': 63, 'bonus_lists': [6716, 1487]}"
1758319469,VERY_LONG,,1,49959500,,"{'id': 82800, 'context': 0, 'modifiers': [{'type': 6, 'value': 65638}], 'pet_breed_id': 22, 'pet_level': 1, 'pet_quality_id': 3, 'pet_species_id': 1755}"
1758319501,VERY_LONG,,1,69959500,,"{'id': 82800, 'context': 0, 'modifiers': [{'type': 6, 'value': 65672}], 'pet_breed_id': 8, 'pet_level': 1, 'pet_quality_id': 3, 'pet_species_id': 1760}"
1758319531,VERY_LONG,,1,24959500,,"{'id': 82800, 'context': 0, 'modifiers': [{'type': 6, 'value': 57823}], 'pet_breed_id': 16, 'pet_level': 1, 'pet_quality_id': 3, 'pet_species_id': 1429}"
1758319572,VERY_LONG,,1,69959500,,"{'id': 82800, 'context': 0, 'modifiers': [{'type': 6, 'value': 74484}], 'pet_breed_id': 6, 'pet_level': 1, 'pet_quality_id': 3, 'pet_species_id': 1805}"
1758319689,VERY_LONG,,1,69959500,,"{'id': 82800, 'context': 0, 'modifiers': [{'type': 6, 'value': 55291}], 'pet_breed_id': 19, 'pet_level': 1, 'pet_quality_id': 3, 'pet_species_id': 1453}"
1758319886,VERY_LONG,,1,80684400,,"{'id': 171418, 'context': 64, 'bonus_lists': [6717, 7194, 1507]}"
1758320057,LONG,,1,19989000,,"{'id': 184480, 'context': 0}"
1758320098,LONG,3950000,1,,,{'id': 177659}
1758320129,LONG,5729900,1,,,{'id': 172415}
1758320173,VERY_LONG,398500,2,,,{'id': 115504}
1758320852,LONG,7000000,15,,,{'id': 171349}
1758321052,VERY_LONG,720800,1,,,{'id': 173204}
1758322211,LONG,3198000,4,,,{'id': 181468}
1758322326,LONG,19900000,4,,,{'id': 172043}
1758322340,VERY_LONG,3100,1,,,{'id': 3857}
1758322377,LONG,,1,50000000,,"{'id': 173242, 'context': 65, 'bonus_lists': [6718, 1522]}"
1758322803,LONG,,1,600009900,,"{'id': 183017, 'context': 5, 'bonus_lists': [7188, 6652, 7194, 1485, 6646], 'modifiers': [{'type': 28, 'value': 752}]}"
1758322822,LONG,3842800,8,,,{'id': 171270}
1758322903,LONG,118800,89,,,{'id': 152512}
1758322929,LONG,500600,20,,,{'id': 53065}
1758323524,LONG,574200,113,,,{'id': 168589}
1758323934,LONG,405500,1247,,,{'id': 168586}
1758325336,LONG,7000000,10,,,{'id': 171349}
1758325720,VERY_LONG,700000,19,,,{'id': 173204}
1758325826,VERY_LONG,300000,9,,,{'id': 172096}
1758326263,LONG,1499900,5,,,{'id': 129034}
1758326349,LONG,90000,4,,,{'id': 128304}
1758326411,LONG,150100,2,,,{'id': 151565}
1758326432,LONG,21800,78,,,{'id': 124437}
1758326449,LONG,2000,47,,,{'id': 151567}
1758326534,LONG,,1,19909000,,"{'id': 184480, 'context': 0}"
1758326564,LONG,,1,19909000,,"{'id': 184480, 'context': 0}"
1758326586,LONG,,1,19909000,,"{'id': 184480, 'context': 0}"
1758326598,LONG,,1,19909000,,"{'id': 184480, 'context': 0}"
1758326616,LONG,,1,19909000,,"{'id': 184480, 'context': 0}"
1758326635,LONG,,1,19909000,,"{'id': 184480, 'context': 0}"
1758326662,LONG,,1,19909000,,"{'id': 184480, 'context': 0}"
1758326779,VERY_LONG,3190000,4,,,{'id': 181468}
1758328198,VERY_LONG,3582400,1,,,{'id': 172412}
1758328353,VERY_LONG,5729900,1,,,{'id': 172415}
1758328428,VERY_LONG,600000,1,,,{'id': 172406}
1758328528,LONG,700000,1,,,{'id': 173204}
1758328851,VERY_LONG,,1,42004400,,"{'id': 82800, 'context': 0, 'modifiers': [{'type': 6, 'value': 91232}], 'pet_breed_id': 15, 'pet_level': 1, 'pet_quality_id': 3, 'pet_species_id': 2760}"
1758328867,VERY_LONG,,1,42000000,,"{'id': 82800, 'context': 0, 'modifiers': [{'type': 6, 'value': 88025}], 'pet_breed_id': 5, 'pet_level': 1, 'pet_quality_id': 3, 'pet_species_id': 2462}"
1758328899,VERY_LONG,,1,1909900,,"{'id': 82800, 'context': 0, 'modifiers': [{'type': 6, 'value': 62216}], 'pet_breed_id': 20, 'pet_level': 1, 'pet_quality_id': 2, 'pet_species_id': 1711}"
1758328936,VERY_LONG,,1,1900000,,"{'id': 82800, 'context': 0, 'modifiers': [{'type': 6, 'value': 79711}], 'pet_breed_id': 17, 'pet_level': 1, 'pet_quality_id': 3, 'pet_species_id': 2092}"
1758328976,VERY_LONG,,1,19000000,,"{'id': 82800, 'context': 0, 'modifiers': [{'type': 6, 'value': 88004}], 'pet_breed_id': 18, 'pet_level': 1, 'pet_quality_id': 3, 'pet_species_id': 2450}"
1758329017,VERY_LONG,,1,590000,,"{'id': 82800, 'context': 0, 'modifiers': [{'type': 6, 'value': 90184}], 'pet_breed_id': 9, 'pet_level': 1, 'pet_quality_id': 3, 'pet_species_id': 2561}"
1758329054,VERY_LONG,,1,500000,,"{'id': 82800, 'context': 0, 'modifiers': [{'type': 6, 'value': 94712}], 'pet_breed_id': 8, 'pet_level': 1, 'pet_quality_id': 3, 'pet_species_id': 2839}"
1758329090,VERY_LONG,,1,19000000,,"{'id': 82800, 'context': 0, 'modifiers': [{'type': 6, 'value': 87890}], 'pet_breed_id': 3, 'pet_level': 1, 'pet_quality_id': 3, 'pet_species_id': 2435}"
1758329109,VERY_LONG,,1,530000,,"{'id': 82800, 'context': 0, 'modifiers': [{'type': 6, 'value': 81098}], 'pet_breed_id': 6, 'pet_level': 1, 'pet_quality_id': 3, 'pet_species_id': 2472}"
1758329130,VERY_LONG,5000,2,,,{'id': 155635}
1758329179,VERY_LONG,700000,3,,,{'id': 173204}
1758329223,VERY_LONG,,1,1900000,,"{'id': 82800, 'context': 0, 'modifiers': [{'type': 6, 'value': 94166}], 'pet_breed_id': 18, 'pet_level': 1, 'pet_quality_id': 3, 'pet_species_id': 2797}"
1758329290,VERY_LONG,,1,500000,,"{'id': 82800, 'context': 0, 'modifiers': [{'type': 6, 'value': 37712}], 'pet_breed_id': 21, 'pet_level': 1, 'pet_quality_id': 2, 'pet_species_id': 306}"
1758329320,VERY_LONG,420000,3,,,{'id': 173129}
1758329388,VERY_LONG,1270000,2,,,{'id': 173123}
1758329407,LONG,485000,21,,,{'id': 172049}
1758329429,VERY_LONG,,1,4370600,,"{'id': 173135, 'context': 13, 'bonus_lists': [3365]}"
1758329435,VERY_LONG,100000,6,,,{'id': 173126}
1758329440,LONG,203600,3,,,{'id': 172047}
1758329460,LONG,,1,200001100,,"{'id': 172317, 'context': 64, 'bonus_lists': [6717, 7194, 1507]}"
1758329463,VERY_LONG,490000,5,,,{'id': 173124}
1758329473,LONG,,1,129500000,,"{'id': 82800, 'context': 0, 'pet_breed_id': 4, 'pet_level': 1, 'pet_quality_id': 3, 'pet_species_id': 193}"
1758329509,LONG,,1,999995100,,"{'id': 147315, 'context': 0}"
1758329534,VERY_LONG,300000,6,,,{'id': 172096}
1758330421,VERY_LONG,41993400,1,,,{'id': 168417}
1758330574,VERY_LONG,1250700,107,,,{'id': 72095}
1758330620,LONG,1000,20,,,{'id': 163782}
1758330628,VERY_LONG,14222500,2,,,{'id': 168598}
1758330683,LONG,420000,1,,,{'id': 152640}
1758330714,VERY_LONG,509300,9,,,{'id': 128544}
1758330728,LONG,12600,10,,,{'id': 154883}
1758330762,VERY_LONG,501000,9,,,{'id': 128543}
1758330824,LONG,42600,6,,,{'id': 163225}
1758330877,VERY_LONG,5149400,20,,,{'id': 154705}
1758330884,LONG,,1,12600,,"{'id': 121211, 'context': 0, 'bonus_lists': [6654, 1696], 'modifiers': [{'type': 9, 'value': 30}, {'type': 28, 'value': 1705}]}"
1758330961,LONG,264200,2,,,{'id': 153715}
1758331025,LONG,104200,2,,,{'id': 168663}
1758331075,LONG,260000,2,,,{'id': 152560}
1758332201,LONG,22600,50,,,{'id': 152508}
1758332387,LONG,22600,1,,,{'id': 130216}
1758332394,VERY_LONG,41993400,1,,,{'id': 168417}
1758332484,VERY_LONG,,1,5003400,,"{'id': 85804, 'context': 0}"
1758332531,VERY_LONG,100100,116,,,{'id': 109143}
1758333190,LONG,20000,8,,,{'id': 182737}
1758334091,LONG,501300,5,,,{'id': 141446}
1758334185,LONG,8993600,1,,,{'id': 175970}
1758334212,LONG,1890000,10,,,{'id': 173059}
1758334345,LONG,,1,30007400,,"{'id': 14555, 'context': 0}"
1758334407,LONG,,1,50008500,,"{'id': 159584, 'context': 0, 'bonus_lists': [6655, 1715], 'modifiers': [{'type': 9, 'value': 48}, {'type': 28, 'value': 186}]}"
1758334486,LONG,,1,75000000,,"{'id': 940, 'context': 0}"
1758334526,LONG,3025500,8,,,{'id': 109160}
1758334556,LONG,250000,20,,,{'id': 109217}
1758334601,LONG,60000,1,,,{'id': 173109}
1758334625,LONG,,1,199800,,"{'id': 21841, 'context': 0}"
1758334634,LONG,,1,199800,,"{'id': 21841, 'context': 0}"
1758334641,LONG,,1,7000000,,"{'id': 179332, 'context': 0, 'bonus_lists': [6908, 6652, 1682], 'modifiers': [{'type': 9, 'value': 58}, {'type': 28, 'value': 1426}]}"
1758334669,LONG,751000,10,,,{'id': 152549}
1758334685,LONG,100100,200,,,{'id': 109137}
1758334691,LONG,399000,6,,,{'id': 152877}
1758334742,LONG,37800,200,,,{'id': 33470}
1758334826,LONG,100100,200,,,{'id': 109142}
1758334849,LONG,100100,200,,,{'id': 109143}
1758334922,LONG,353500,149,,,{'id': 36912}
1758334970,LONG,3900000,46,,,{'id': 36910}
1758334994,LONG,499400,41,,,{'id': 29426}
1758335029,LONG,,1,999990000,,"{'id': 41508, 'context': 0}"
1758336136,LONG,200200,100,,,{'id': 18945}
1758336203,LONG,200200,100,,,{'id': 18945}
1758336719,VERY_LONG,,1,,50000000,"{'id': 82800, 'context': 0, 'modifiers': [{'type': 6, 'value': 91232}], 'pet_breed_id': 3, 'pet_level': 25, 'pet_quality_id': 3, 'pet_species_id': 2760}"
1758336942,LONG,700000,10,,,{'id': 173204}
1758337208,VERY_LONG,2470000,3,,,{'id': 172408}
1758337493,LONG,,1,2004400,,"{'id': 106494, 'context': 0, 'bonus_lists': [6654, 198], 'modifiers': [{'type': 9, 'value': 47}, {'type': 28, 'value': 65}]}"
1758337548,LONG,,1,201500,,"{'id': 106515, 'context': 0, 'bonus_lists': [6654, 91], 'modifiers': [{'type': 9, 'value': 47}, {'type': 28, 'value': 65}]}"
1758337706,LONG,,1,202700,,"{'id': 106438, 'context': 0, 'bonus_lists': [6654, 118], 'modifiers': [{'type': 9, 'value': 41}, {'type': 28, 'value': 1764}]}"
1758337908,LONG,,1,5590000,5254600,"{'id': 41599, 'context': 0}"
1758337910,LONG,,1,5590000,5254600,"{'id': 41599, 'context': 0}"
1758338006,LONG,,1,208600,,"{'id': 106553, 'context': 0, 'bonus_lists': [6654, 52], 'modifiers': [{'type': 9, 'value': 44}, {'type': 28, 'value': 1766}]}"
1758338050,LONG,,1,94700,,"{'id': 106519, 'context': 0, 'bonus_lists': [6654, 152], 'modifiers': [{'type': 9, 'value': 43}, {'type': 28, 'value': 65}]}"
1758338068,LONG,,1,91200,,"{'id': 106534, 'context': 0, 'bonus_lists': [6654, 118], 'modifiers': [{'type': 9, 'value': 44}, {'type': 28, 'value': 1766}]}"
1758339116,LONG,,1,502500,,"{'id': 106578, 'context': 0, 'bonus_lists': [6654, 159], 'modifiers': [{'type': 9, 'value': 41}, {'type': 28, 'value': 1764}]}"
1758339157,LONG,,1,103100,,"{'id': 106585, 'context': 0, 'bonus_lists': [6654, 170], 'modifiers': [{'type': 9, 'value': 48}, {'type': 28, 'value': 1767}]}"
1758339233,LONG,1500,34,,,{'id': 109141}
1758339328,LONG,,1,158300,,"{'id': 6565, 'context': 0, 'bonus_lists': [6654, 1680], 'modifiers': [{'type': 9, 'value': 24}, {'type': 28, 'value': 13}]}"
1758339422,LONG,100000,1,,,{'id': 3182}
1758339454,LONG,10000,7,,,{'id': 4306}
1758339567,LONG,20100,513,,,{'id': 172054}
1758339572,LONG,2900,47,,,{'id': 2592}
1758339584,LONG,29000,28,,,{'id': 2840}
1758339615,LONG,50000,2,,,{'id': 4305}
1758339645,LONG,190000,2,,,{'id': 2459}
1758339669,LONG,73500,8,,,{'id': 765}
1758339703,LONG,103500,8,,,{'id': 2447}
1758339707,LONG,1500,1,,,{'id': 4337}
1758339744,LONG,37500,1,,,{'id': 1210}
1758339856,VERY_LONG,,1,530300000,,"{'id': 95416, 'context': 1}"
1758339919,LONG,,1,3350000,3306200,"{'id': 82800, 'context': 0, 'modifiers': [{'type': 6, 'value': 29808}], 'pet_breed_id': 21, 'pet_level': 1, 'pet_quality_id': 2, 'pet_species_id': 238}"
1758339952,LONG,10000,1,,,{'id': 4306}
1758339958,LONG,1997794200,5,,,{'id': 4232}
1758339968,LONG,9000,1,,,{'id': 7909}
1758339973,LONG,,1,3292300,,"{'id': 9298, 'context': 1, 'modifiers': [{'type': 28, 'value': 218}]}"
1758340008,LONG,,1,3200000,,"{'id': 12697, 'context': 0, 'modifiers': [{'type': 28, 'value': 1006}]}"
1758340071,LONG,256100,5,,,{'id': 2319}
1758340076,LONG,245500,5,,,{'id': 4234}
1758340103,LONG,,1,199990000,,"{'id': 82800, 'context': 0, 'modifiers': [{'type': 6, 'value': 21362}], 'pet_breed_id': 3, 'pet_level': 1, 'pet_quality_id': 3, 'pet_species_id': 156}"
1758340110,LONG,80300,4,,,{'id': 21887}
1758340130,LONG,676400,5,,,{'id': 2318}
1758340236,LONG,,1,13295300,,"{'id': 142402, 'context': 1, 'modifiers': [{'type': 28, 'value': 218}]}"
1758340240,LONG,,1,13295300,,"{'id': 142402, 'context': 1, 'modifiers': [{'type': 28, 'value': 218}]}"
1758340246,LONG,75000,3,,,{'id': 7910}
1758340255,LONG,1545786500,5,,,{'id': 52976}
1758340512,LONG,50000,6,,,{'id': 173039}
1758340641,VERY_LONG,,1,540300000,,"{'id': 95416, 'context': 0}"
1758341326,VERY_LONG,,1,520300000,,"{'id': 95416, 'context': 0}"
1758341651,LONG,5729900,1,,,{'id': 172415}
1758343152,LONG,13743600,10,,,{'id': 171276}
1758343194,LONG,4700000,1,,,{'id': 171278}
1758343242,LONG,,1,6000000,,"{'id': 182561, 'context': 11, 'bonus_lists': [6706, 6652], 'modifiers': [{'type': 9, 'value': 60}, {'type': 28, 'value': 1324}]}"
1758343288,LONG,450000,3,,,{'id': 136637}
1758343333,LONG,9900,19,,,{'id': 172069}
1758343363,LONG,129600,121,,,{'id': 168649}
1758343391,LONG,,1,3333300,,"{'id': 17724, 'context': 11, 'modifiers': [{'type': 28, 'value': 420}]}"
1758343470,LONG,720000,8,,,{'id': 173204}
1758343562,LONG,20100,3,,,{'id': 172054}
1758343605,LONG,110800,50,,,{'id': 53010}
1758343709,VERY_LONG,5000000,1,,,{'id': 182581}
1758343720,LONG,146500,9,,,{'id': 52976}
1758343743,VERY_LONG,5000000,1,,,{'id': 182581}
1758343748,LONG,198000,33,,,{'id': 89112}
1758343765,LONG,199700,3,,,{'id': 52979}
1758343780,VERY_LONG,5000000,1,,,{'id': 182581}
1758343808,VERY_LONG,5000000,1,,,{'id': 182581}
1758344033,LONG,300000,1,,,{'id': 172096}
1758344081,LONG,,1,36104300,,"{'id': 118427, 'context': 31}"
1758344757,LONG,360800,3,,,{'id': 173036}
1758344875,VERY_LONG,3582400,1,,,{'id': 172412}
1758344906,VERY_LONG,40000,1,,,{'id': 172359}
1758345057,LONG,611800,1,,,{'id': 160484}
1758345064,VERY_LONG,600000,1,,,{'id': 172406}
1758345078,VERY_LONG,40000,1,,,{'id': 172359}
1758345088,VERY_LONG,40000,1,,,{'id': 172359}
1758345099,VERY_LONG,600000,1,,,{'id': 172406}
1758346115,VERY_LONG,600000,1,,,{'id': 172406}
1758346125,VERY_LONG,3950000,1,,,{'id': 177659}
1758346147,LONG,770000,5,,,{'id': 52325}
1758346152,VERY_LONG,3950000,1,,,{'id': 177659}
1758346170,VERY_LONG,3950000,1,,,{'id': 177659}
1758346186,VERY_LONG,3950000,1,,,{'id': 177659}
1758346199,VERY_LONG,3950000,1,,,{'id': 177659}
1758346216,VERY_LONG,2490000,1,,,{'id': 177715}
1758346241,VERY_LONG,2490000,1,,,{'id': 177715}
1758348004,LONG,,1,400000000,,"{'id': 182978, 'context': 4, 'bonus_lists': [7186, 6652, 7194, 1459, 6646], 'modifiers': [{'type': 28, 'value': 750}]}"
1758348025,LONG,700000,3,,,{'id': 173204}
1758348037,LONG,20100,5,,,{'id': 172054}
1758348065,LONG,16500,3,,,{'id': 179314}
1758349114,LONG,3920000000,3,,,{'id': 173037}
1758349157,LONG,58600,1,,,{'id': 109131}
1758349174,LONG,720000,6,,,{'id': 172094}
1758349189,LONG,728000,3,,,{'id': 172231}
1758349920,LONG,,1,15008200,,"{'id': 172250, 'context': 13, 'bonus_lists': [6893], 'modifiers': [{'type': 9, 'value': 58}, {'type': 28, 'value': 391}, {'type': 29, 'value': 36}, {'type': 30, 'value': 49}]}"
1758349954,LONG,,1,3870000,,"{'id': 172264, 'context': 13, 'bonus_lists': [6893], 'modifiers': [{'type': 9, 'value': 57}, {'type': 28, 'value': 391}, {'type': 29, 'value': 49}, {'type': 30, 'value': 36}]}"
1758349968,LONG,,1,3870000,,"{'id': 172264, 'context': 13, 'bonus_lists': [6893], 'modifiers': [{'type': 9, 'value': 57}, {'type': 28, 'value': 391}, {'type': 29, 'value': 49}, {'type': 30, 'value': 40}]}"
1758349979,LONG,,1,3870000,,"{'id': 172264, 'context': 13, 'bonus_lists': [6893], 'modifiers': [{'type': 9, 'value': 57}, {'type': 28, 'value': 391}, {'type': 29, 'value': 49}, {'type': 30, 'value': 32}]}"
1758350529,VERY_LONG,,1,47649800,,"{'id': 164280, 'context': 11}"
1758350578,VERY_LONG,,1,41100600,,"{'id': 94099, 'context': 36, 'bonus_lists': [1708]}"
1758350726,VERY_LONG,,1,709990000,,"{'id': 90655, 'context': 0, 'modifiers': [{'type': 28, 'value': 872}]}"
1758350854,VERY_LONG,2500000,1,,,{'id': 76061}
1758351069,VERY_LONG,57700,1000,,,{'id': 111557}
1758352153,VERY_LONG,,1,19909000,,"{'id': 184480, 'context': 0}"
1758352157,VERY_LONG,,1,19909000,,"{'id': 184480, 'context': 0}"
1758352162,VERY_LONG,,1,19909000,,"{'id': 184480, 'context': 0}"
1758352167,VERY_LONG,,1,19909000,,"{'id': 184480, 'context': 0}"
1758352170,VERY_LONG,,1,19909000,,"{'id': 184480, 'context': 0}"
1758352173,VERY_LONG,,1,19909000,,"{'id': 184480, 'context': 0}"
1758352177,VERY_LONG,,1,19909000,,"{'id': 184480, 'context': 0}"
1758352181,VERY_LONG,,1,19909000,,"{'id': 184480, 'context': 0}"
1758352186,VERY_LONG,,1,19909000,,"{'id': 184480, 'context': 0}"
1758352190,VERY_LONG,,1,19909000,,"{'id': 184480, 'context': 0}"
1758352195,VERY_LONG,,1,19909000,,"{'id': 184480, 'context': 0}"
1758352204,VERY_LONG,,1,19909000,,"{'id': 184480, 'context': 0}"
1758352208,VERY_LONG,,1,19909000,,"{'id': 184480, 'context': 0}"
1758352213,VERY_LONG,,1,19909000,,"{'id': 184480, 'context': 0}"
1758352216,VERY_LONG,,1,19909000,,"{'id': 184480, 'context': 0}"
1758352223,VERY_LONG,,1,19909000,,"{'id': 184480, 'context': 0}"
1758352272,VERY_LONG,92500,71,,,{'id': 72092}
1758352285,VERY_LONG,504500,30,,,{'id': 168639}
1758352308,VERY_LONG,259500,28,,,{'id': 72094}
1758352336,VERY_LONG,258500,4,,,{'id': 72103}
1758352439,VERY_LONG,700000,20,,,{'id': 173204}
1758352648,VERY_LONG,,1,34133600,,"{'id': 12026, 'context': 1, 'bonus_lists': [6654, 1706], 'modifiers': [{'type': 9, 'value': 30}, {'type': 28, 'value': 205}]}"
1758352649,VERY_LONG,405500,5,,,{'id': 168586}
1758352652,VERY_LONG,44100,5,,,{'id': 4337}
1758352655,VERY_LONG,,1,9966600,,"{'id': 10111, 'context': 1, 'bonus_lists': [6654, 1691], 'modifiers': [{'type': 9, 'value': 30}, {'type': 28, 'value': 205}]}"
1758352658,VERY_LONG,,1,5359700,,"{'id': 15239, 'context': 1, 'bonus_lists': [6655, 1694], 'modifiers': [{'type': 9, 'value': 30}, {'type': 28, 'value': 205}]}"
1758352661,VERY_LONG,700000,1,,,{'id': 173204}
1758352666,VERY_LONG,304000,3,,,{'id': 12804}
1758352670,VERY_LONG,,1,10017200,,"{'id': 176987, 'context': 0, 'bonus_lists': [6907, 6652, 7193, 1714], 'modifiers': [{'type': 9, 'value': 60}, {'type': 28, 'value': 1707}]}"
1758352673,VERY_LONG,,1,4639400,,"{'id': 15288, 'context': 1, 'bonus_lists': [6655, 1694], 'modifiers': [{'type': 9, 'value': 30}, {'type': 28, 'value': 205}]}"
1758352675,VERY_LONG,661000,7,,,{'id': 14227}
1758352678,VERY_LONG,33200,4,,,{'id': 19441}
1758352679,VERY_LONG,4600,7,,,{'id': 12208}
1758352683,VERY_LONG,,1,5082400,,"{'id': 10376, 'context': 1, 'bonus_lists': [6654, 1677], 'modifiers': [{'type': 9, 'value': 30}, {'type': 28, 'value': 205}]}"
1758352685,VERY_LONG,,1,13416400,,"{'id': 10225, 'context': 1, 'bonus_lists': [6654, 1708], 'modifiers': [{'type': 9, 'value': 30}, {'type': 28, 'value': 205}]}"
1758352690,VERY_LONG,,1,13093400,,"{'id': 175558, 'context': 23, 'bonus_lists': [6907, 1701], 'modifiers': [{'type': 9, 'value': 60}, {'type': 28, 'value': 749}]}"
1758352692,VERY_LONG,302700,18,,,{'id': 12205}
1758352695,VERY_LONG,,1,16342300,,"{'id': 10156, 'context': 1, 'bonus_lists': [6654, 1705], 'modifiers': [{'type': 9, 'value': 30}, {'type': 28, 'value': 205}]}"
1758352698,VERY_LONG,,1,34590400,,"{'id': 55490, 'context': 1, 'bonus_lists': [6654, 1712], 'modifiers': [{'type': 9, 'value': 35}, {'type': 28, 'value': 251}]}"
1758352703,VERY_LONG,37500,1,,,{'id': 1210}
1758352705,VERY_LONG,,1,20401600,,"{'id': 55589, 'context': 5, 'bonus_lists': [6654, 1712], 'modifiers': [{'type': 9, 'value': 35}, {'type': 28, 'value': 1029}]}"
1758352717,VERY_LONG,,1,9958200,,"{'id': 10230, 'context': 1, 'bonus_lists': [6654, 1693], 'modifiers': [{'type': 9, 'value': 30}, {'type': 28, 'value': 205}]}"
1758352721,VERY_LONG,1100,25,,,{'id': 171840}
1758354011,VERY_LONG,728000,2,,,{'id': 172231}
1758354028,VERY_LONG,1610000,1,,,{'id': 172232}
1758354048,VERY_LONG,20100,3,,,{'id': 172054}
1758355737,LONG,12609000,1,,,{'id': 172366}
1758356152,LONG,19900000,19,,,{'id': 172043}
1758356180,VERY_LONG,,1,98990000,,"{'id': 82800, 'context': 0, 'modifiers': [{'type': 6, 'value': 97479}], 'pet_breed_id': 13, 'pet_level': 1, 'pet_quality_id': 2, 'pet_species_id': 3038}"
1758356497,LONG,9900000,57,,,{'id': 172042}
1758358714,LONG,,1,128452200,,"{'id': 159597, 'context': 0, 'bonus_lists': [6655, 1677], 'modifiers': [{'type': 9, 'value': 60}, {'type': 28, 'value': 807}]}"
1758358726,LONG,,1,23635200,,"{'id': 182557, 'context': 0, 'bonus_lists': [6907, 6652, 1676], 'modifiers': [{'type': 9, 'value': 60}, {'type': 28, 'value': 1707}]}"
1758358764,LONG,,1,25971400,,"{'id': 173147, 'context': 13, 'bonus_lists': [7185], 'modifiers': [{'type': 9, 'value': 60}, {'type': 29, 'value': 36}]}"
1758358773,LONG,,1,27916700,,"{'id': 173146, 'context': 13, 'bonus_lists': [7185], 'modifiers': [{'type': 9, 'value': 60}, {'type': 29, 'value': 40}]}"
1758358787,LONG,,1,27876300,,"{'id': 173145, 'context': 13, 'bonus_lists': [7185], 'modifiers': [{'type': 9, 'value': 60}, {'type': 29, 'value': 36}]}"
1758358936,VERY_LONG,1510000,1,,,{'id': 171274}
1758362522,VERY_LONG,7000,2,,,{'id': 774}
1758363931,LONG,67000,8,,,{'id': 36906}
1758363942,VERY_LONG,,1,354200,,"{'id': 21305, 'context': 11, 'modifiers': [{'type': 28, 'value': 420}]}"
1758363955,VERY_LONG,151900,12,,,{'id': 140587}
1758363959,VERY_LONG,2008300,11,,,{'id': 104316}
1758363961,LONG,270400,2,,,{'id': 42780}
1758363979,LONG,37800,9,,,{'id': 33470}
1758363982,VERY_LONG,900000,1,,,{'id': 138728}
1758364005,LONG,52100,1,,,{'id': 6372}
1758364007,VERY_LONG,30000,1,,,{'id': 138729}
1758364019,VERY_LONG,70000,3,,,{'id': 138488}
1758364028,VERY_LONG,,1,19800,,"{'id': 82800, 'context': 0, 'modifiers': [{'type': 6, 'value': 98466}], 'pet_breed_id': 4, 'pet_level': 1, 'pet_quality_id': 2, 'pet_species_id': 3013}"
1758364059,VERY_LONG,401500,1,,,{'id': 29739}
1758364085,VERY_LONG,10000000,1,,,{'id': 19261}
1758364137,VERY_LONG,,1,1004100,,"{'id': 44622, 'context': 0}"
1758366858,VERY_LONG,,1,303990000,,"{'id': 82800, 'context': 0, 'modifiers': [{'type': 6, 'value': 95143}], 'pet_breed_id': 16, 'pet_level': 1, 'pet_quality_id': 3, 'pet_species_id': 2849}"
1758366883,VERY_LONG,,1,19990000,,"{'id': 82800, 'context': 0, 'modifiers': [{'type': 6, 'value': 99916}], 'pet_breed_id': 3, 'pet_level': 1, 'pet_quality_id': 2, 'pet_species_id': 2959}"
1758366939,VERY_LONG,,1,3000000100,,"{'id': 82800, 'context': 0, 'modifiers': [{'type': 6, 'value': 25002}], 'pet_breed_id': 3, 'pet_level': 25, 'pet_quality_id': 3, 'pet_species_id': 183}"
1758366943,VERY_LONG,,1,80000000,,"{'id': 82800, 'context': 0, 'modifiers': [{'type': 6, 'value': 26524}], 'pet_breed_id': 7, 'pet_level': 25, 'pet_quality_id': 3, 'pet_species_id': 2449}"
1758366976,VERY_LONG,,1,79490000,,"{'id': 82800, 'context': 0, 'modifiers': [{'type': 6, 'value': 87945}], 'pet_breed_id': 17, 'pet_level': 1, 'pet_quality_id': 3, 'pet_species_id': 2440}"
1758367023,VERY_LONG,,1,303990000,,"{'id': 82800, 'context': 0, 'modifiers': [{'type': 6, 'value': 95143}], 'pet_breed_id': 16, 'pet_level': 1, 'pet_quality_id': 3, 'pet_species_id': 2849}"
1758367178,LONG,,1,121856400,,"{'id': 169409, 'context': 0, 'bonus_lists': [4796, 1683], 'modifiers': [{'type': 9, 'value': 50}]}"
1758367202,LONG,,1,9183800,,"{'id': 121213, 'context': 0, 'bonus_lists': [1812, 1690], 'modifiers': [{'type': 9, 'value': 45}]}"
1758367208,LONG,,1,25326800,,"{'id': 36520, 'context': 0, 'bonus_lists': [1694]}"
1758370425,VERY_LONG,8710900,9,,,{'id': 173163}
1758370462,VERY_LONG,19500000,1,,,{'id': 173097}
1758370483,VERY_LONG,7000000,1,,,{'id': 173081}
1758370525,LONG,,1,1841400,,"{'id': 171374, 'context': 13, 'bonus_lists': [6890], 'modifiers': [{'type': 9, 'value': 60}, {'type': 28, 'value': 391}, {'type': 29, 'value': 49}, {'type': 30, 'value': 40}]}"
1758370528,LONG,,1,1841400,,"{'id': 171374, 'context': 13, 'bonus_lists': [6890], 'modifiers': [{'type': 9, 'value': 60}, {'type': 28, 'value': 391}, {'type': 29, 'value': 32}, {'type': 30, 'value': 49}]}"
1758370536,LONG,,1,1841400,,"{'id': 171374, 'context': 13, 'bonus_lists': [6890], 'modifiers': [{'type': 9, 'value': 55}, {'type': 28, 'value': 391}, {'type': 29, 'value': 32}, {'type': 30, 'value': 40}]}"
1758370543,LONG,,1,1841400,,"{'id': 171374, 'context': 13, 'bonus_lists': [6890], 'modifiers': [{'type': 9, 'value': 60}, {'type': 28, 'value': 391}, {'type': 29, 'value': 32}, {'type': 30, 'value': 36}]}"
1758370547,LONG,,1,1841400,,"{'id': 171374, 'context': 13, 'bonus_lists': [6890], 'modifiers': [{'type': 9, 'value': 55}, {'type': 28, 'value': 391}, {'type': 29, 'value': 40}, {'type': 30, 'value': 49}]}"
1758370552,LONG,,1,5984300,,"{'id': 173193, 'context': 0, 'bonus_lists': [6890], 'modifiers': [{'type': 9, 'value': 60}, {'type': 28, 'value': 391}, {'type': 29, 'value': 49}, {'type': 30, 'value': 40}]}"
1758370560,LONG,,1,5984300,,"{'id': 173193, 'context': 0, 'bonus_lists': [6890], 'modifiers': [{'type': 9, 'value': 60}, {'type': 28, 'value': 391}, {'type': 29, 'value': 49}, {'type': 30, 'value': 36}]}"
1758370563,LONG,,1,5984300,,"{'id': 173193, 'context': 0, 'bonus_lists': [6890], 'modifiers': [{'type': 9, 'value': 60}, {'type': 28, 'value': 391}, {'type': 29, 'value': 49}, {'type': 30, 'value': 36}]}"
1758370570,LONG,,1,3130000,,"{'id': 173194, 'context': 0, 'bonus_lists': [6887], 'modifiers': [{'type': 9, 'value': 60}, {'type': 28, 'value': 391}, {'type': 29, 'value': 40}, {'type': 30, 'value': 49}]}"
1758370573,LONG,2901200,3,,,{'id': 19222}
1758370579,LONG,,1,689833900,,"{'id': 116459, 'context': 27, 'bonus_lists': [3874, 168], 'modifiers': [{'type': 9, 'value': 37}]}"
1758370582,LONG,,1,27491300,,"{'id': 177777, 'context': 9, 'bonus_lists': [6907, 41, 1711], 'modifiers': [{'type': 9, 'value': 60}, {'type': 28, 'value': 1429}]}"
1758370590,LONG,4890000,1,,,{'id': 177962}
1758370597,LONG,157500,1,,,{'id': 127759}
1758370601,LONG,264700,1,,,{'id': 153437}
1758370606,LONG,4890000,1,,,{'id': 172419}
1758370617,LONG,2839400,3,,,{'id': 184090}
1758370624,LONG,1433200,1,,,{'id': 172359}
1758370634,LONG,1433200,1,,,{'id': 172358}
1758370642,VERY_LONG,2490400,1,,,{'id': 128544}
1758370648,LONG,,1,1103100,,"{'id': 172239, 'context': 13, 'bonus_lists': [6890], 'modifiers': [{'type': 9, 'value': 60}, {'type': 28, 'value': 391}, {'type': 29, 'value': 40}, {'type': 30, 'value': 32}]}"
1758370656,LONG,,1,1103100,,"{'id': 172239, 'context': 13, 'bonus_lists': [6890], 'modifiers': [{'type': 9, 'value': 60}, {'type': 28, 'value': 391}, {'type': 29, 'value': 36}, {'type': 30, 'value': 32}]}"
1758370664,LONG,,1,876200,,"{'id': 172239, 'context': 13, 'bonus_lists': [6890], 'modifiers': [{'type': 9, 'value': 60}, {'type': 28, 'value': 391}, {'type': 29, 'value': 40}, {'type': 30, 'value': 49}]}"
1758370671,LONG,,1,4478800,,"{'id': 173197, 'context': 0, 'bonus_lists': [6887], 'modifiers': [{'type': 9, 'value': 60}, {'type': 28, 'value': 391}, {'type': 29, 'value': 40}, {'type': 30, 'value': 32}]}"
1758370677,LONG,,1,4478800,,"{'id': 173197, 'context': 0, 'bonus_lists': [6887], 'modifiers': [{'type': 9, 'value': 60}, {'type': 28, 'value': 391}, {'type': 29, 'value': 36}, {'type': 30, 'value': 32}]}"
1758370684,LONG,,1,703100,,"{'id': 173197, 'context': 0, 'bonus_lists': [6887], 'modifiers': [{'type': 9, 'value': 60}, {'type': 28, 'value': 391}, {'type': 29, 'value': 49}, {'type': 30, 'value': 36}]}"
1758370689,LONG,,1,703100,,"{'id': 173197, 'context': 0, 'bonus_lists': [6887], 'modifiers': [{'type': 9, 'value': 60}, {'type': 28, 'value': 391}, {'type': 29, 'value': 40}, {'type': 30, 'value': 36}]}"
1758370695,LONG,,1,703100,,"{'id': 173197, 'context': 0, 'bonus_lists': [6887], 'modifiers': [{'type': 9, 'value': 60}, {'type': 28, 'value': 391}, {'type': 29, 'value': 40}, {'type': 30, 'value': 36}]}"
1758370703,LONG,,1,4990000,,"{'id': 173143, 'context': 13, 'bonus_lists': [3349]}"
1758370712,LONG,986600,1,,,{'id': 177660}
1758370719,LONG,3437200,1,,,{'id': 110631}
1758370726,LONG,8751000,1,,,{'id': 172370}
1758370733,LONG,,1,10883400,,"{'id': 172253, 'context': 13, 'bonus_lists': [6893], 'modifiers': [{'type': 9, 'value': 60}, {'type': 28, 'value': 391}, {'type': 29, 'value': 32}, {'type': 30, 'value': 49}]}"
1758370741,LONG,,1,8000000,,"{'id': 172253, 'context': 13, 'bonus_lists': [6893], 'modifiers': [{'type': 9, 'value': 60}, {'type': 28, 'value': 391}, {'type': 29, 'value': 36}, {'type': 30, 'value': 40}]}"
1758370744,LONG,,1,5448800,,"{'id': 142401, 'context': 11}"
1758370757,LONG,784500,1,,,{'id': 172407}
1758370765,LONG,,1,527700,,"{'id': 172244, 'context': 13, 'bonus_lists': [6887], 'modifiers': [{'type': 9, 'value': 60}, {'type': 28, 'value': 391}, {'type': 29, 'value': 36}, {'type': 30, 'value': 49}]}"
1758370769,LONG,,1,527700,,"{'id': 172244, 'context': 13, 'bonus_lists': [6887], 'modifiers': [{'type': 9, 'value': 60}, {'type': 28, 'value': 391}, {'type': 29, 'value': 36}, {'type': 30, 'value': 40}]}"
1758370774,LONG,,1,527700,,"{'id': 172244, 'context': 13, 'bonus_lists': [6887], 'modifiers': [{'type': 9, 'value': 60}, {'type': 28, 'value': 391}, {'type': 29, 'value': 49}, {'type': 30, 'value': 40}]}"
1758370781,LONG,,1,1041600,,"{'id': 172242, 'context': 13, 'bonus_lists': [6890], 'modifiers': [{'type': 9, 'value': 60}, {'type': 28, 'value': 391}, {'type': 29, 'value': 32}, {'type': 30, 'value': 40}]}"
1758370824,LONG,2730700,1,,,{'id': 172361}
1758370839,LONG,,1,627700,,"{'id': 172243, 'context': 13, 'modifiers': [{'type': 29, 'value': 32}, {'type': 30, 'value': 36}]}"
1758370851,LONG,320841000,2,,,{'id': 12809}
1758370858,LONG,,1,1392100,,"{'id': 172234, 'context': 13, 'bonus_lists': [6890], 'modifiers': [{'type': 9, 'value': 60}, {'type': 28, 'value': 391}, {'type': 29, 'value': 49}, {'type': 30, 'value': 40}]}"
1758370866,LONG,,1,1091400,,"{'id': 172234, 'context': 13, 'bonus_lists': [6890], 'modifiers': [{'type': 9, 'value': 60}, {'type': 28, 'value': 391}, {'type': 29, 'value': 40}, {'type': 30, 'value': 36}]}"
1758370874,LONG,,1,1091400,,"{'id': 172238, 'context': 13, 'bonus_lists': [6885], 'modifiers': [{'type': 9, 'value': 60}, {'type': 28, 'value': 391}, {'type': 29, 'value': 40}, {'type': 30, 'value': 49}]}"
1758370884,LONG,,1,1392100,,"{'id': 172238, 'context': 13, 'bonus_lists': [6885], 'modifiers': [{'type': 9, 'value': 60}, {'type': 28, 'value': 391}, {'type': 29, 'value': 32}, {'type': 30, 'value': 40}]}"
1758370897,LONG,,1,4125800,,"{'id': 173140, 'context': 13, 'bonus_lists': [3363]}"
1758370909,LONG,,1,4370600,,"{'id': 173140, 'context': 13, 'bonus_lists': [3365]}"
1758370919,LONG,,1,5932100,,"{'id': 173219, 'context': 0, 'bonus_lists': [6893], 'modifiers': [{'type': 9, 'value': 60}, {'type': 28, 'value': 391}, {'type': 29, 'value': 40}, {'type': 30, 'value': 32}]}"
1758370930,LONG,,1,454900,,"{'id': 172248, 'context': 13, 'bonus_lists': [6885], 'modifiers': [{'type': 9, 'value': 60}, {'type': 28, 'value': 391}, {'type': 29, 'value': 36}, {'type': 30, 'value': 49}]}"
1758370943,LONG,,1,4750000,,"{'id': 173141, 'context': 13, 'bonus_lists': [3354]}"
1758370950,LONG,,1,51229700,,"{'id': 176786, 'context': 0, 'bonus_lists': [6907, 6652, 6935, 1686], 'modifiers': [{'type': 9, 'value': 60}, {'type': 28, 'value': 1707}]}"
1758370956,LONG,1210000,1,,,{'id': 18335}
1758370966,LONG,124935800,1,,,{'id': 44469}
1758370971,LONG,,1,11152600,,"{'id': 176793, 'context': 0, 'bonus_lists': [6908, 6652, 1714], 'modifiers': [{'type': 9, 'value': 60}, {'type': 28, 'value': 1707}]}"
1758370972,VERY_LONG,170000,1,,,{'id': 171830}
1758370983,LONG,,1,2000000,,"{'id': 176793, 'context': 0, 'bonus_lists': [6908, 6652, 1693], 'modifiers': [{'type': 9, 'value': 60}, {'type': 28, 'value': 1707}]}"
1758370989,LONG,1433200,1,,,{'id': 172357}
1758371000,LONG,9290000,1,,,{'id': 172362}
1758371009,LONG,8751000,1,,,{'id': 172368}
1758371014,LONG,4890000,1,,,{'id': 177659}
1758371023,LONG,,1,1057500,,"{'id': 171380, 'context': 13, 'bonus_lists': [6885], 'modifiers': [{'type': 9, 'value': 60}, {'type': 28, 'value': 391}, {'type': 29, 'value': 40}, {'type': 30, 'value': 36}]}"
1758371032,LONG,784500,1,,,{'id': 172414}
1758371039,LONG,4890000,1,,,{'id': 172418}
1758371046,LONG,,1,4250000,,"{'id': 173138, 'context': 13, 'bonus_lists': [3345]}"
1758371063,LONG,,1,222940700,,"{'id': 172314, 'context': 64, 'bonus_lists': [6717, 1507]}"
1758371067,LONG,,1,18432800,,"{'id': 171446, 'context': 13, 'bonus_lists': [6893], 'modifiers': [{'type': 9, 'value': 55}, {'type': 28, 'value': 391}, {'type': 29, 'value': 40}, {'type': 30, 'value': 49}]}"
1758371075,VERY_LONG,26900,3,,,{'id': 17011}
1758372106,LONG,3674200,1,,,{'id': 74712}
1758372113,LONG,,1,1975400,,"{'id': 171392, 'context': 13, 'modifiers': [{'type': 29, 'value': 40}, {'type': 30, 'value': 32}]}"
1758372118,LONG,,1,6500000,,"{'id': 184479, 'context': 0}"
1758372124,LONG,,1,6500000,,"{'id': 184479, 'context': 0}"
1758372134,LONG,,1,6500000,,"{'id': 184479, 'context': 0}"
1758372137,LONG,,1,6500000,,"{'id': 184479, 'context': 0}"
1758372144,LONG,,1,6500000,,"{'id': 184479, 'context': 0}"
1758372149,LONG,8751000,1,,,{'id': 172367}
1758372154,LONG,28887300,1,,,{'id': 38909}
1758372160,LONG,,1,1041600,,"{'id': 172246, 'context': 13, 'bonus_lists': [6885], 'modifiers': [{'type': 9, 'value': 60}, {'type': 28, 'value': 391}, {'type': 29, 'value': 40}, {'type': 30, 'value': 36}]}"
1758372164,VERY_LONG,1610000,7,,,{'id': 172232}
1758372168,VERY_LONG,14267400,1,,,{'id': 128542}
1758372173,LONG,,1,668800,,"{'id': 172245, 'context': 13, 'bonus_lists': [6887], 'modifiers': [{'type': 9, 'value': 60}, {'type': 28, 'value': 391}, {'type': 29, 'value': 49}, {'type': 30, 'value': 36}]}"
1758372176,LONG,,1,1671800,,"{'id': 172245, 'context': 13, 'bonus_lists': [6887], 'modifiers': [{'type': 9, 'value': 60}, {'type': 28, 'value': 391}, {'type': 29, 'value': 49}, {'type': 30, 'value': 40}]}"
1758372178,VERY_LONG,728000,6,,,{'id': 172231}
1758372188,LONG,4890000,1,,,{'id': 177715}
1758372194,LONG,1607800,5,,,{'id': 171263}
1758372201,LONG,1716500,1,,,{'id': 159787}
1758372208,LONG,348113100,1,,,{'id': 108296}
1758372217,LONG,784500,1,,,{'id': 177661}
1758372225,LONG,,1,111767200,,"{'id': 172320, 'context': 63, 'bonus_lists': [6716, 7193, 1487]}"
1758372230,LONG,2730700,1,,,{'id': 172363}
1758372237,LONG,,1,22213400,,"{'id': 172914, 'context': 13}"
1758372247,LONG,,1,22213400,,"{'id': 172914, 'context': 13}"
1758372260,LONG,,1,2500000,,"{'id': 11734, 'context': 0}"
1758372265,LONG,,1,7493900,,"{'id': 167979, 'context': 13, 'bonus_lists': [1716]}"
1758372267,LONG,,1,9766900,,"{'id': 173216, 'context': 0, 'bonus_lists': [6893], 'modifiers': [{'type': 9, 'value': 60}, {'type': 28, 'value': 391}, {'type': 29, 'value': 40}, {'type': 30, 'value': 49}]}"
1758372271,LONG,,1,9766900,,"{'id': 173216, 'context': 0, 'bonus_lists': [6893], 'modifiers': [{'type': 9, 'value': 60}, {'type': 28, 'value': 391}, {'type': 29, 'value': 40}, {'type': 30, 'value': 49}]}"
1758372276,LONG,,1,9766900,,"{'id': 173216, 'context': 0, 'bonus_lists': [6893], 'modifiers': [{'type': 9, 'value': 60}, {'type': 28, 'value': 391}, {'type': 29, 'value': 49}, {'type': 30, 'value': 40}]}"
1758372279,LONG,,1,8711300,,"{'id': 173216, 'context': 0, 'bonus_lists': [6893], 'modifiers': [{'type': 9, 'value': 60}, {'type': 28, 'value': 391}, {'type': 29, 'value': 32}, {'type': 30, 'value': 40}]}"
1758372286,LONG,,1,8711300,,"{'id': 173216, 'context': 0, 'bonus_lists': [6893], 'modifiers': [{'type': 9, 'value': 60}, {'type': 28, 'value': 391}, {'type': 29, 'value': 40}, {'type': 30, 'value': 32}]}"
1758372290,LONG,116000,2,,,{'id': 108996}
1758372296,LONG,,1,4819100,,"{'id': 172251, 'context': 13, 'bonus_lists': [6893], 'modifiers': [{'type': 9, 'value': 60}, {'type': 28, 'value': 391}, {'type': 29, 'value': 49}, {'type': 30, 'value': 32}]}"
1758372298,LONG,,1,1194300,,"{'id': 171376, 'context': 13, 'bonus_lists': [6887], 'modifiers': [{'type': 9, 'value': 60}, {'type': 28, 'value': 391}, {'type': 29, 'value': 36}, {'type': 30, 'value': 49}]}"
1758372304,LONG,,1,4125800,,"{'id': 173135, 'context': 13, 'bonus_lists': [3367]}"
1758372317,LONG,784500,1,,,{'id': 172406}
1758372321,LONG,,1,3273700,,"{'id': 172256, 'context': 13, 'bonus_lists': [6893], 'modifiers': [{'type': 9, 'value': 60}, {'type': 28, 'value': 391}, {'type': 29, 'value': 32}, {'type': 30, 'value': 36}]}"
1758372328,LONG,4890000,1,,,{'id': 183738}
1758372335,LONG,11639200,1,,,{'id': 4607}
1758372338,VERY_LONG,343100,1,,,{'id': 153438}
1758372342,LONG,,1,19362300,,"{'id': 172255, 'context': 13, 'bonus_lists': [6893], 'modifiers': [{'type': 9, 'value': 60}, {'type': 28, 'value': 391}, {'type': 29, 'value': 40}, {'type': 30, 'value': 36}]}"
1758372347,LONG,,1,10923200,,"{'id': 172462, 'context': 13, 'modifiers': [{'type': 29, 'value': 40}, {'type': 30, 'value': 36}]}"
1758372352,LONG,,1,10923200,,"{'id': 172462, 'context': 13, 'modifiers': [{'type': 29, 'value': 36}, {'type': 30, 'value': 40}]}"
1758372361,LONG,3582400,1,,,{'id': 172412}
1758372365,LONG,2747400,1,,,{'id': 172410}
1758372371,LONG,21163000,1,,,{'id': 65365}
1758372377,LONG,19200,1,,,{'id': 10286}
1758372379,LONG,,1,3660300,,"{'id': 173136, 'context': 13, 'bonus_lists': [3352]}"
1758372384,VERY_LONG,9853200,1,,,{'id': 128541}
1758372387,LONG,193301700,4,,,{'id': 74661}
1758372392,LONG,264700,1,,,{'id': 153434}
1758372397,LONG,,1,327625400,,"{'id': 116463, 'context': 27, 'bonus_lists': [3874, 62, 517], 'modifiers': [{'type': 9, 'value': 37}]}"
1758372398,LONG,,1,3017500,,"{'id': 172349, 'context': 13, 'modifiers': [{'type': 29, 'value': 32}, {'type': 30, 'value': 49}]}"
1758372403,LONG,50307800,1,,,{'id': 52775}
1758372406,LONG,604600,1,,,{'id': 153430}
1758372407,VERY_LONG,343100,1,,,{'id': 153441}
1758372412,LONG,986600,1,,,{'id': 177716}
1758372415,LONG,5729900,1,,,{'id': 172415}
1758372419,LONG,,1,1130000,,"{'id': 173199, 'context': 0, 'bonus_lists': [6890], 'modifiers': [{'type': 9, 'value': 60}, {'type': 28, 'value': 391}, {'type': 29, 'value': 36}, {'type': 30, 'value': 40}]}"
1758372421,LONG,,1,1130000,,"{'id': 173199, 'context': 0, 'bonus_lists': [6890], 'modifiers': [{'type': 9, 'value': 60}, {'type': 28, 'value': 391}, {'type': 29, 'value': 36}, {'type': 30, 'value': 40}]}"
1758372423,LONG,784500,1,,,{'id': 172413}
1758372427,LONG,4890000,1,,,{'id': 172408}
1758372430,LONG,8751000,1,,,{'id': 172365}
1758372434,LONG,,1,702100,,"{'id': 172236, 'context': 13, 'bonus_lists': [6887], 'modifiers': [{'type': 9, 'value': 60}, {'type': 28, 'value': 391}, {'type': 29, 'value': 49}, {'type': 30, 'value': 32}]}"
1758372436,LONG,,1,10018300,,"{'id': 172261, 'context': 13, 'bonus_lists': [6893], 'modifiers': [{'type': 9, 'value': 60}, {'type': 28, 'value': 391}, {'type': 29, 'value': 32}, {'type': 30, 'value': 36}]}"
1758372439,LONG,,1,1841400,,"{'id': 171378, 'context': 13, 'bonus_lists': [6885], 'modifiers': [{'type': 9, 'value': 60}, {'type': 28, 'value': 391}, {'type': 29, 'value': 49}, {'type': 30, 'value': 32}]}"
1758372546,VERY_LONG,,1,4500000,,"{'id': 128316, 'context': 31, 'modifiers': [{'type': 28, 'value': 176}]}"
1758372586,VERY_LONG,1920600,22,,,{'id': 142117}
1758372632,VERY_LONG,,1,994300,,"{'id': 184506, 'context': 0}"
1758372672,VERY_LONG,728000,102,,,{'id': 172231}
1758372694,VERY_LONG,48999500,16,,,{'id': 124461}
1758372730,VERY_LONG,1509900,1,,,{'id': 171351}
1758372757,VERY_LONG,175800,35,,,{'id': 123919}
1758372915,VERY_LONG,98600,5,,,{'id': 120257}
1758372936,VERY_LONG,47700,200,,,{'id': 111557}
1758372961,VERY_LONG,,1,19909000,,"{'id': 184480, 'context': 0}"
1758373030,VERY_LONG,28400,200,,,{'id': 152875}
1758373048,VERY_LONG,38100,1,,,{'id': 74247}
1758374138,VERY_LONG,199000,11,,,{'id': 152877}
1758374211,VERY_LONG,882400,1,,,{'id': 68780}
1758374426,VERY_LONG,2225500,3,,,{'id': 172903}
1758374542,VERY_LONG,,1,9998500,,"{'id': 128313, 'context': 31, 'modifiers': [{'type': 28, 'value': 176}]}"
1758374584,VERY_LONG,20000,7,,,{'id': 127835}
1758374613,VERY_LONG,210863600,20,,,{'id': 127834}
1758374629,VERY_LONG,750000,682,,,{'id': 124671}
1758374657,VERY_LONG,,1,9998500,,"{'id': 128313, 'context': 31, 'modifiers': [{'type': 28, 'value': 176}]}"
1758374686,VERY_LONG,,1,223400,,"{'id': 172914, 'context': 13}"
1758374766,VERY_LONG,94800,1,,,{'id': 153512}
1758374817,VERY_LONG,4000,86,,,{'id': 152631}
1758374827,VERY_LONG,20000,144,,,{'id': 124118}
1758374836,VERY_LONG,2200,200,,,{'id': 154897}
1758374901,VERY_LONG,16500,3,,,{'id': 179314}
1758374913,VERY_LONG,398500,80,,,{'id': 115504}
1758374927,VERY_LONG,4000,200,,,{'id': 109693}
1758374971,VERY_LONG,883100,3,,,{'id': 107640}
1758374974,LONG,1416900,1,,,{'id': 153476}
1758374984,LONG,20189000,1,,,{'id': 74647}
1758374989,LONG,33200,2,,,{'id': 19441}
1758374994,LONG,16400,2,,,{'id': 7067}
1758374998,VERY_LONG,1400,5,,,{'id': 132513}
1758375000,LONG,,1,1130000,,"{'id': 173199, 'context': 0, 'bonus_lists': [6890], 'modifiers': [{'type': 9, 'value': 60}, {'type': 28, 'value': 391}, {'type': 29, 'value': 49}, {'type': 30, 'value': 40}]}"
1758375004,LONG,,1,2048000,,"{'id': 173194, 'context': 0, 'bonus_lists': [6887], 'modifiers': [{'type': 9, 'value': 60}, {'type': 28, 'value': 391}, {'type': 29, 'value': 36}, {'type': 30, 'value': 40}]}"
1758375009,LONG,,1,3130000,,"{'id': 173194, 'context': 0, 'bonus_lists': [6887], 'modifiers': [{'type': 9, 'value': 60}, {'type': 28, 'value': 391}, {'type': 29, 'value': 40}, {'type': 30, 'value': 49}]}"
1758375013,LONG,,1,40621400,,"{'id': 175568, 'context': 0, 'bonus_lists': [6907, 1682], 'modifiers': [{'type': 9, 'value': 57}, {'type': 28, 'value': 1240}]}"
1758375019,LONG,1379700,2,,,{'id': 109992}
1758375020,LONG,267000,1,,,{'id': 74711}
1758375029,LONG,,1,2730900,,"{'id': 172923, 'context': 13, 'modifiers': [{'type': 29, 'value': 36}, {'type': 30, 'value': 32}]}"
1758375032,LONG,,1,2730900,,"{'id': 172923, 'context': 13, 'modifiers': [{'type': 29, 'value': 49}, {'type': 30, 'value': 36}]}"
1758375034,VERY_LONG,,1,90100,,"{'id': 21308, 'context': 11, 'modifiers': [{'type': 28, 'value': 420}]}"
1758375035,LONG,,1,2855400,,"{'id': 172923, 'context': 13, 'modifiers': [{'type': 29, 'value': 40}, {'type': 30, 'value': 32}]}"
1758375038,LONG,364600,3,,,{'id': 111522}
1758375040,LONG,10455600,1,,,{'id': 7082}
1758375043,LONG,,1,1467800,,"{'id': 171377, 'context': 13, 'bonus_lists': [6887], 'modifiers': [{'type': 9, 'value': 60}, {'type': 28, 'value': 391}, {'type': 29, 'value': 49}, {'type': 30, 'value': 36}]}"
1758375049,LONG,,1,1467800,,"{'id': 171377, 'context': 13, 'bonus_lists': [6887], 'modifiers': [{'type': 9, 'value': 55}, {'type': 28, 'value': 391}, {'type': 29, 'value': 40}, {'type': 30, 'value': 32}]}"
1758375053,LONG,,1,1467800,,"{'id': 171377, 'context': 13, 'bonus_lists': [6887], 'modifiers': [{'type': 9, 'value': 60}, {'type': 28, 'value': 391}, {'type': 29, 'value': 32}, {'type': 30, 'value': 49}]}"
1758375057,LONG,,1,1467800,,"{'id': 171377, 'context': 13, 'bonus_lists': [6887], 'modifiers': [{'type': 9, 'value': 55}, {'type': 28, 'value': 391}, {'type': 29, 'value': 36}, {'type': 30, 'value': 40}]}"
1758375060,LONG,,1,1467800,,"{'id': 171377, 'context': 13, 'bonus_lists': [6887], 'modifiers': [{'type': 9, 'value': 55}, {'type': 28, 'value': 391}, {'type': 29, 'value': 32}, {'type': 30, 'value': 49}]}"
1758375062,LONG,,1,1467800,,"{'id': 171377, 'context': 13, 'bonus_lists': [6887], 'modifiers': [{'type': 9, 'value': 60}, {'type': 28, 'value': 391}, {'type': 29, 'value': 40}, {'type': 30, 'value': 32}]}"
1758375065,LONG,,1,1467800,,"{'id': 171377, 'context': 13, 'bonus_lists': [6887], 'modifiers': [{'type': 9, 'value': 55}, {'type': 28, 'value': 391}, {'type': 29, 'value': 40}, {'type': 30, 'value': 49}]}"
1758375066,VERY_LONG,100000,1,,,{'id': 109076}
1758375070,LONG,,1,4890000,,"{'id': 173143, 'context': 13, 'bonus_lists': [3347]}"
1758375073,LONG,,1,3273700,,"{'id': 172256, 'context': 13, 'bonus_lists': [6893], 'modifiers': [{'type': 9, 'value': 60}, {'type': 28, 'value': 391}, {'type': 29, 'value': 49}, {'type': 30, 'value': 40}]}"
1758375078,LONG,,1,3273700,,"{'id': 172256, 'context': 13, 'bonus_lists': [6893], 'modifiers': [{'type': 9, 'value': 60}, {'type': 28, 'value': 391}, {'type': 29, 'value': 32}, {'type': 30, 'value': 40}]}"
1758375082,LONG,,1,668800,,"{'id': 172245, 'context': 13, 'bonus_lists': [6887], 'modifiers': [{'type': 9, 'value': 60}, {'type': 28, 'value': 391}, {'type': 29, 'value': 36}, {'type': 30, 'value': 40}]}"
1758375087,LONG,,1,1671800,,"{'id': 172245, 'context': 13, 'bonus_lists': [6887], 'modifiers': [{'type': 9, 'value': 60}, {'type': 28, 'value': 391}, {'type': 29, 'value': 32}, {'type': 30, 'value': 40}]}"
1758375090,LONG,,1,48668100,,"{'id': 176779, 'context': 0, 'bonus_lists': [6907, 6652, 1680], 'modifiers': [{'type': 9, 'value': 60}, {'type': 28, 'value': 1707}]}"
1758375093,LONG,11379900,3,,,{'id': 127681}
1758375095,LONG,,1,663200,,"{'id': 172237, 'context': 13, 'bonus_lists': [6887], 'modifiers': [{'type': 9, 'value': 60}, {'type': 28, 'value': 391}, {'type': 29, 'value': 32}, {'type': 30, 'value': 49}]}"
1758375098,LONG,,1,776200,,"{'id': 172237, 'context': 13, 'bonus_lists': [6887], 'modifiers': [{'type': 9, 'value': 49}, {'type': 28, 'value': 391}, {'type': 29, 'value': 32}, {'type': 30, 'value': 49}]}"
1758375099,VERY_LONG,,1,5857200,,"{'id': 173220, 'context': 0, 'bonus_lists': [6893], 'modifiers': [{'type': 9, 'value': 51}, {'type': 28, 'value': 391}, {'type': 29, 'value': 36}, {'type': 30, 'value': 40}]}"
1758375100,LONG,,1,3090000,,"{'id': 173200, 'context': 0, 'bonus_lists': [6885], 'modifiers': [{'type': 9, 'value': 60}, {'type': 28, 'value': 391}, {'type': 29, 'value': 40}, {'type': 30, 'value': 49}]}"
1758375102,LONG,,1,3090000,,"{'id': 173200, 'context': 0, 'bonus_lists': [6885], 'modifiers': [{'type': 9, 'value': 60}, {'type': 28, 'value': 391}, {'type': 29, 'value': 49}, {'type': 30, 'value': 40}]}"
1758375105,LONG,,1,3090000,,"{'id': 173200, 'context': 0, 'bonus_lists': [6885], 'modifiers': [{'type': 9, 'value': 60}, {'type': 28, 'value': 391}, {'type': 29, 'value': 36}, {'type': 30, 'value': 40}]}"
1758375111,LONG,,1,3090000,,"{'id': 173200, 'context': 0, 'bonus_lists': [6885], 'modifiers': [{'type': 9, 'value': 60}, {'type': 28, 'value': 391}, {'type': 29, 'value': 36}, {'type': 30, 'value': 40}]}"
1758375116,LONG,,1,785400,,"{'id': 172247, 'context': 13, 'bonus_lists': [6890], 'modifiers': [{'type': 9, 'value': 60}, {'type': 28, 'value': 391}, {'type': 29, 'value': 36}, {'type': 30, 'value': 32}]}"
1758375117,LONG,,1,785400,,"{'id': 172247, 'context': 13, 'bonus_lists': [6890], 'modifiers': [{'type': 9, 'value': 60}, {'type': 28, 'value': 391}, {'type': 29, 'value': 49}, {'type': 30, 'value': 40}]}"
1758375118,LONG,,1,9886800,,"{'id': 173214, 'context': 0, 'bonus_lists': [6893], 'modifiers': [{'type': 9, 'value': 60}, {'type': 28, 'value': 391}, {'type': 29, 'value': 49}, {'type': 30, 'value': 36}]}"
1758375120,LONG,,1,19362300,,"{'id': 172255, 'context': 13, 'bonus_lists': [6893], 'modifiers': [{'type': 9, 'value': 60}, {'type': 28, 'value': 391}, {'type': 29, 'value': 32}, {'type': 30, 'value': 36}]}"
1758375123,LONG,,1,1993100,,"{'id': 176764, 'context': 0, 'bonus_lists': [6907, 6652, 1677], 'modifiers': [{'type': 9, 'value': 60}, {'type': 28, 'value': 1707}]}"
1758375124,VERY_LONG,220000,5,,,{'id': 154167}
1758375128,LONG,,1,19362300,,"{'id': 172254, 'context': 13, 'bonus_lists': [6893], 'modifiers': [{'type': 9, 'value': 60}, {'type': 28, 'value': 391}, {'type': 29, 'value': 36}, {'type': 30, 'value': 40}]}"
1758375130,LONG,,1,4554600,,"{'id': 172462, 'context': 13, 'modifiers': [{'type': 29, 'value': 40}, {'type': 30, 'value': 32}]}"
1758375133,LONG,,1,10923200,,"{'id': 172462, 'context': 13, 'modifiers': [{'type': 29, 'value': 32}, {'type': 30, 'value': 36}]}"
1758375135,LONG,552474100,1,,,{'id': 14342}
1758375137,LONG,39389100,1,,,{'id': 38962}
1758375141,VERY_LONG,270000,63,,,{'id': 177660}
1758375143,LONG,13598100,3,,,{'id': 114017}
1758375145,LONG,,1,1194300,,"{'id': 171376, 'context': 13, 'bonus_lists': [6887], 'modifiers': [{'type': 9, 'value': 60}, {'type': 28, 'value': 391}, {'type': 29, 'value': 40}, {'type': 30, 'value': 32}]}"
1758375149,LONG,,1,18497200,,"{'id': 172263, 'context': 13, 'bonus_lists': [6893], 'modifiers': [{'type': 9, 'value': 60}, {'type': 28, 'value': 391}, {'type': 29, 'value': 32}, {'type': 30, 'value': 36}]}"
1758375151,LONG,,1,18497200,,"{'id': 172263, 'context': 13, 'bonus_lists': [6893], 'modifiers': [{'type': 9, 'value': 60}, {'type': 28, 'value': 391}, {'type': 29, 'value': 40}, {'type': 30, 'value': 32}]}"
1758375154,LONG,,1,527700,,"{'id': 172244, 'context': 13, 'bonus_lists': [6887], 'modifiers': [{'type': 9, 'value': 60}, {'type': 28, 'value': 391}, {'type': 29, 'value': 36}, {'type': 30, 'value': 32}]}"
1758375158,VERY_LONG,,1,18977300,,"{'id': 126990, 'context': 13, 'bonus_lists': [1682, 3392, 3408]}"
1758375160,VERY_LONG,442400,1,,,{'id': 68778}
1758375162,LONG,2505500,1,,,{'id': 144305}
1758375168,LONG,,1,4819000,,"{'id': 173145, 'context': 13, 'modifiers': [{'type': 29, 'value': 32}]}"
1758375171,VERY_LONG,,1,1220000,,"{'id': 173218, 'context': 0, 'bonus_lists': [6893], 'modifiers': [{'type': 9, 'value': 60}, {'type': 28, 'value': 391}, {'type': 29, 'value': 40}, {'type': 30, 'value': 49}]}"
1758375172,LONG,64074700,1,,,{'id': 38783}
1758375174,VERY_LONG,,1,1220000,,"{'id': 173218, 'context': 0, 'bonus_lists': [6893], 'modifiers': [{'type': 9, 'value': 60}, {'type': 28, 'value': 391}, {'type': 29, 'value': 32}, {'type': 30, 'value': 40}]}"
1758375176,LONG,,1,2997500,,"{'id': 173196, 'context': 0, 'bonus_lists': [6887], 'modifiers': [{'type': 9, 'value': 60}, {'type': 28, 'value': 391}, {'type': 29, 'value': 40}, {'type': 30, 'value': 32}]}"
1758375181,LONG,,1,2997500,,"{'id': 173196, 'context': 0, 'bonus_lists': [6887], 'modifiers': [{'type': 9, 'value': 60}, {'type': 28, 'value': 391}, {'type': 29, 'value': 49}, {'type': 30, 'value': 32}]}"
1758375185,LONG,,1,2997500,,"{'id': 173196, 'context': 0, 'bonus_lists': [6887], 'modifiers': [{'type': 9, 'value': 60}, {'type': 28, 'value': 391}, {'type': 29, 'value': 40}, {'type': 30, 'value': 49}]}"
1758375191,LONG,,1,709782400,,"{'id': 142332, 'context': 13}"
1758375195,LONG,,1,751500,,"{'id': 173198, 'context': 0, 'bonus_lists': [6885], 'modifiers': [{'type': 9, 'value': 60}, {'type': 28, 'value': 391}, {'type': 29, 'value': 40}, {'type': 30, 'value': 32}]}"
1758375200,LONG,,1,5944100,,"{'id': 173198, 'context': 0, 'bonus_lists': [6885], 'modifiers': [{'type': 9, 'value': 60}, {'type': 28, 'value': 391}, {'type': 29, 'value': 32}, {'type': 30, 'value': 36}]}"
1758375221,LONG,,1,5944100,,"{'id': 173198, 'context': 0, 'bonus_lists': [6885], 'modifiers': [{'type': 9, 'value': 60}, {'type': 28, 'value': 391}, {'type': 29, 'value': 49}, {'type': 30, 'value': 32}]}"
1758375223,LONG,,1,37323000,,"{'id': 161925, 'context': 13, 'bonus_lists': [1709, 4927]}"
1758375231,LONG,,1,3891000,,"{'id': 173144, 'context': 13, 'modifiers': [{'type': 29, 'value': 49}]}"
1758375233,LONG,,1,3650000,,"{'id': 176800, 'context': 0, 'bonus_lists': [6908, 6652, 1678], 'modifiers': [{'type': 9, 'value': 60}, {'type': 28, 'value': 1707}]}"
1758375240,LONG,120500,3,,,{'id': 62784}
1758375244,LONG,8885100,1,,,{'id': 37603}
1758375246,LONG,,1,4803400,,"{'id': 173218, 'context': 0, 'bonus_lists': [6893], 'modifiers': [{'type': 9, 'value': 60}, {'type': 28, 'value': 391}, {'type': 29, 'value': 36}, {'type': 30, 'value': 40}]}"
1758375251,LONG,,1,138991600,,"{'id': 121015, 'context': 0, 'bonus_lists': [1812, 603], 'modifiers': [{'type': 9, 'value': 41}]}"
1758375255,LONG,3013600,1,,,{'id': 111433}
1758375258,LONG,1200,1,,,{'id': 160298}
1758375262,LONG,,1,10525900,,"{'id': 173220, 'context': 0, 'bonus_lists': [6893], 'modifiers': [{'type': 9, 'value': 60}, {'type': 28, 'value': 391}, {'type': 29, 'value': 36}, {'type': 30, 'value': 40}]}"
1758375266,LONG,,1,5984300,,"{'id': 173193, 'context': 0, 'bonus_lists': [6890], 'modifiers': [{'type': 9, 'value': 60}, {'type': 28, 'value': 391}, {'type': 29, 'value': 32}, {'type': 30, 'value': 36}]}"
1758375271,LONG,90737600,1,,,{'id': 38988}
1758375278,LONG,618800,3,,,{'id': 62680}
1758375282,LONG,7000,1,,,{'id': 45087}
1758375283,VERY_LONG,,1,5521000,,"{'id': 113632, 'context': 6, 'bonus_lists': [565, 567]}"
1758375287,LONG,,1,8875600,,"{'id': 173133, 'context': 13, 'modifiers': [{'type': 29, 'value': 40}]}"
1758375292,LONG,46700,20,,,{'id': 154882}
1758375298,LONG,,1,40776000,,"{'id': 176792, 'context': 0, 'bonus_lists': [6907, 6652, 7193, 1713], 'modifiers': [{'type': 9, 'value': 60}, {'type': 28, 'value': 1707}]}"
1758375301,LONG,,1,5932100,,"{'id': 173219, 'context': 0, 'bonus_lists': [6893], 'modifiers': [{'type': 9, 'value': 60}, {'type': 28, 'value': 391}, {'type': 29, 'value': 40}, {'type': 30, 'value': 49}]}"
1758375305,LONG,10000000,1,,,{'id': 168427}
1758375307,LONG,11635700,1,,,{'id': 38797}
1758375309,LONG,137452500,1,,,{'id': 38869}
1758375312,LONG,,1,10662600,,"{'id': 171444, 'context': 13, 'bonus_lists': [6893], 'modifiers': [{'type': 9, 'value': 54}, {'type': 28, 'value': 391}, {'type': 29, 'value': 36}, {'type': 30, 'value': 32}]}"
1758375321,LONG,,1,7856100,,"{'id': 161997, 'context': 13, 'bonus_lists': [1691]}"
1758375325,LONG,,1,6524600,,"{'id': 173217, 'context': 0, 'bonus_lists': [6893], 'modifiers': [{'type': 9, 'value': 60}, {'type': 28, 'value': 391}, {'type': 29, 'value': 32}, {'type': 30, 'value': 36}]}"
1758375330,LONG,,1,9998500,,"{'id': 128313, 'context': 31, 'modifiers': [{'type': 28, 'value': 176}]}"
1758375331,VERY_LONG,,1,5521000,,"{'id': 113632, 'context': 6, 'bonus_lists': [567]}"
1758375334,LONG,,1,3650300,,"{'id': 173146, 'context': 13, 'modifiers': [{'type': 29, 'value': 32}]}"
1758375338,LONG,,1,1041600,,"{'id': 172246, 'context': 13, 'bonus_lists': [6885], 'modifiers': [{'type': 9, 'value': 60}, {'type': 28, 'value': 391}, {'type': 29, 'value': 32}, {'type': 30, 'value': 49}]}"
1758375340,LONG,3158300,1,,,{'id': 74644}
1758375344,LONG,1463000,1,,,{'id': 22795}
1758375348,LONG,10786700,1,,,{'id': 22826}
1758375349,LONG,13300,45,,,{'id': 160398}
1758375354,LONG,2286900,1,,,{'id': 153444}
1758375355,VERY_LONG,880000,20,,,{'id': 109220}
1758375356,LONG,594218700,1,,,{'id': 38879}
1758375363,LONG,,1,18497200,,"{'id': 172262, 'context': 13, 'bonus_lists': [6893], 'modifiers': [{'type': 9, 'value': 60}, {'type': 28, 'value': 391}, {'type': 29, 'value': 32}, {'type': 30, 'value': 36}]}"
1758375367,LONG,222607500,1,,,{'id': 74851}
1758375372,LONG,646200,2,,,{'id': 118391}
1758375376,LONG,3709200,1,,,{'id': 76701}
1758375384,VERY_LONG,,1,5521000,,"{'id': 113632, 'context': 6, 'bonus_lists': [562, 567]}"
1758375397,VERY_LONG,153600,127,,,{'id': 124440}
1758375412,VERY_LONG,4400,119,,,{'id': 152542}
1758375416,VERY_LONG,,1,500000,,"{'id': 16864, 'context': 0, 'modifiers': [{'type': 28, 'value': 1004}]}"
1758375471,VERY_LONG,720000,1,,,{'id': 172094}
1758375527,VERY_LONG,360800,3,,,{'id': 173036}
1758375563,VERY_LONG,750000,1000,,,{'id': 124671}
1758375622,VERY_LONG,,1,3635000,,"{'id': 173146, 'context': 13, 'modifiers': [{'type': 29, 'value': 32}]}"
1758375631,VERY_LONG,40000,3,,,{'id': 154128}
1758375655,VERY_LONG,640000,5,,,{'id': 173204}
1758375668,VERY_LONG,1610000,2,,,{'id': 172232}
1758375711,VERY_LONG,10950000,5,,,{'id': 173049}
1758375744,VERY_LONG,16500,14,,,{'id': 179314}
1758375772,VERY_LONG,,1,24507600,,"{'id': 87419, 'context': 0}"
1758375777,LONG,,1,141585600,,"{'id': 14840, 'context': 1, 'bonus_lists': [6654], 'modifiers': [{'type': 9, 'value': 30}, {'type': 28, 'value': 218}]}"
1758375793,LONG,,1,99996400,,"{'id': 14175, 'context': 0, 'bonus_lists': [6654, 1695], 'modifiers': [{'type': 9, 'value': 30}, {'type': 28, 'value': 15}]}"
1758375795,VERY_LONG,8710000,1,,,{'id': 173163}
1758375799,LONG,,1,48482700,,"{'id': 14917, 'context': 1, 'bonus_lists': [6654, 1678], 'modifiers': [{'type': 9, 'value': 30}, {'type': 28, 'value': 218}]}"
1758375807,LONG,,1,199991100,,"{'id': 172317, 'context': 63, 'bonus_lists': [6716, 7193, 1487]}"
1758375814,LONG,,1,199991100,,"{'id': 172317, 'context': 63, 'bonus_lists': [6716, 7194, 1487]}"
1758375816,LONG,,1,199991100,,"{'id': 172317, 'context': 63, 'bonus_lists': [6716, 7193, 1487]}"
1758375826,LONG,300000,24,,,{'id': 172346}
1758375842,LONG,3500000,28,,,{'id': 172347}
1758375853,VERY_LONG,40000,34,,,{'id': 3818}
1758375876,VERY_LONG,2500,200,,,{'id': 154899}
1758375891,VERY_LONG,100000,68,,,{'id': 3357}
1758375897,VERY_LONG,2200,21,,,{'id': 154898}
1758375913,VERY_LONG,1000,8,,,{'id': 163782}
1758375954,VERY_LONG,67500,200,,,{'id': 13464}
1758375964,VERY_LONG,67500,114,,,{'id': 13464}
1758375968,VERY_LONG,665000,12,,,{'id': 160053}
1758375991,VERY_LONG,100,4,,,{'id': 128650}
1758376017,VERY_LONG,45000,166,,,{'id': 2449}
1758376081,VERY_LONG,65000,10,,,{'id': 765}
1758377132,VERY_LONG,10000,89,,,{'id': 2452}
1758377161,VERY_LONG,50200,3,,,{'id': 111671}
1758377274,VERY_LONG,400000,26,,,{'id': 168487}
1758377383,VERY_LONG,75000,165,,,{'id': 13466}
1758377446,VERY_LONG,442400,1,,,{'id': 41814}
1758377464,VERY_LONG,18700,1,,,{'id': 173859}
1758377475,VERY_LONG,50000,13,,,{'id': 158380}
1758377487,VERY_LONG,29300,14,,,{'id': 153494}
1758377492,VERY_LONG,20100,4,,,{'id': 172054}
1758377497,VERY_LONG,50000,56,,,{'id': 22790}
1758377514,VERY_LONG,50000,16,,,{'id': 118007}
1758377531,VERY_LONG,6800,10,,,{'id': 120150}
1758377545,VERY_LONG,10000,4,,,{'id': 114015}
1758377553,VERY_LONG,8400,11,,,{'id': 118006}
1758377604,LONG,,1,1399400,,"{'id': 171379, 'context': 13, 'bonus_lists': [6890], 'modifiers': [{'type': 9, 'value': 60}, {'type': 28, 'value': 391}, {'type': 29, 'value': 49}, {'type': 30, 'value': 40}]}"
1758377606,LONG,,1,1399400,,"{'id': 171379, 'context': 13, 'bonus_lists': [6890], 'modifiers': [{'type': 9, 'value': 60}, {'type': 28, 'value': 391}, {'type': 29, 'value': 32}, {'type': 30, 'value': 40}]}"
1758377607,LONG,,1,8500000,,"{'id': 172251, 'context': 13, 'bonus_lists': [6893], 'modifiers': [{'type': 9, 'value': 60}, {'type': 28, 'value': 391}, {'type': 29, 'value': 36}, {'type': 30, 'value': 49}]}"
1758377609,LONG,,1,4819100,,"{'id': 172251, 'context': 13, 'bonus_lists': [6893], 'modifiers': [{'type': 9, 'value': 60}, {'type': 28, 'value': 391}, {'type': 29, 'value': 40}, {'type': 30, 'value': 32}]}"
1758377614,LONG,43803500,1,,,{'id': 52768}
1758377617,LONG,,1,5790100,,"{'id': 173147, 'context': 13, 'modifiers': [{'type': 29, 'value': 36}]}"
1758377621,LONG,1889600,1,,,{'id': 74706}
1758377626,LONG,,1,18432800,,"{'id': 171446, 'context': 13, 'bonus_lists': [6893], 'modifiers': [{'type': 9, 'value': 55}, {'type': 28, 'value': 391}, {'type': 29, 'value': 36}, {'type': 30, 'value': 32}]}"
1758377628,LONG,,1,18432800,,"{'id': 171446, 'context': 13, 'bonus_lists': [6893], 'modifiers': [{'type': 9, 'value': 54}, {'type': 28, 'value': 391}, {'type': 29, 'value': 36}, {'type': 30, 'value': 40}]}"
1758377629,LONG,,1,18432800,,"{'id': 171446, 'context': 13, 'bonus_lists': [6893], 'modifiers': [{'type': 9, 'value': 54}, {'type': 28, 'value': 391}, {'type': 29, 'value': 49}, {'type': 30, 'value': 40}]}"
1758377636,LONG,3057400,1,,,{'id': 173128}
1758377639,LONG,193800,1,,,{'id': 74848}
1758377645,LONG,,1,663200,,"{'id': 172237, 'context': 13, 'bonus_lists': [6887], 'modifiers': [{'type': 9, 'value': 60}, {'type': 28, 'value': 391}, {'type': 29, 'value': 40}, {'type': 30, 'value': 36}]}"
1758377649,LONG,,1,785400,,"{'id': 172247, 'context': 13, 'bonus_lists': [6890], 'modifiers': [{'type': 9, 'value': 60}, {'type': 28, 'value': 391}, {'type': 29, 'value': 49}, {'type': 30, 'value': 36}]}"
1758377655,LONG,,1,785400,,"{'id': 172247, 'context': 13, 'bonus_lists': [6890], 'modifiers': [{'type': 9, 'value': 60}, {'type': 28, 'value': 391}, {'type': 29, 'value': 36}, {'type': 30, 'value': 40}]}"
1758377661,LONG,,1,4250000,,"{'id': 173138, 'context': 13, 'bonus_lists': [3347]}"
1758377665,LONG,,1,4250000,,"{'id': 173138, 'context': 13, 'bonus_lists': [3346]}"
1758377671,LONG,2220000,1,,,{'id': 153445}
1758377674,LONG,120957300,1,,,{'id': 44963}
1758377684,LONG,,1,1041600,,"{'id': 172246, 'context': 13, 'bonus_lists': [6885], 'modifiers': [{'type': 9, 'value': 60}, {'type': 28, 'value': 391}, {'type': 29, 'value': 32}, {'type': 30, 'value': 36}]}"
1758377695,LONG,,1,1553400,,"{'id': 172351, 'context': 13, 'modifiers': [{'type': 29, 'value': 32}, {'type': 30, 'value': 40}]}"
1758377698,LONG,,1,1553400,,"{'id': 172351, 'context': 13, 'modifiers': [{'type': 29, 'value': 36}, {'type': 30, 'value': 32}]}"
1758377701,LONG,,1,4803400,,"{'id': 173218, 'context': 0, 'bonus_lists': [6893], 'modifiers': [{'type': 9, 'value': 60}, {'type': 28, 'value': 391}, {'type': 29, 'value': 36}, {'type': 30, 'value': 32}]}"
1758377706,LONG,,1,4803400,,"{'id': 173218, 'context': 0, 'bonus_lists': [6893], 'modifiers': [{'type': 9, 'value': 60}, {'type': 28, 'value': 391}, {'type': 29, 'value': 32}, {'type': 30, 'value': 40}]}"
1758377709,LONG,,1,42214700,,"{'id': 173241, 'context': 63, 'bonus_lists': [6716, 1487]}"
1758377712,LONG,40251700,2,,,{'id': 9210}
1758377713,LONG,,1,4890000,,"{'id': 173143, 'context': 13, 'bonus_lists': [3346]}"
1758377716,LONG,,1,4990000,,"{'id': 173143, 'context': 13, 'bonus_lists': [3353]}"
1758377720,LONG,,1,4990000,,"{'id': 173143, 'context': 13, 'bonus_lists': [3349]}"
1758377724,LONG,,1,1041600,,"{'id': 172242, 'context': 13, 'bonus_lists': [6890], 'modifiers': [{'type': 9, 'value': 60}, {'type': 28, 'value': 391}, {'type': 29, 'value': 36}, {'type': 30, 'value': 49}]}"
1758377726,LONG,103493000,1,,,{'id': 74662}
1758377729,LONG,,1,1091400,,"{'id': 172234, 'context': 13, 'bonus_lists': [6890], 'modifiers': [{'type': 9, 'value': 60}, {'type': 28, 'value': 391}, {'type': 29, 'value': 32}, {'type': 30, 'value': 36}]}"
1758377732,LONG,,1,1091400,,"{'id': 172234, 'context': 13, 'bonus_lists': [6890], 'modifiers': [{'type': 9, 'value': 60}, {'type': 28, 'value': 391}, {'type': 29, 'value': 49}, {'type': 30, 'value': 36}]}"
1758377739,LONG,18432200,17,,,{'id': 156526}
1758377742,LONG,1860900,1,,,{'id': 128561}
1758377744,LONG,159341000,1,,,{'id': 38813}
1758377747,LONG,,1,1194300,,"{'id': 171376, 'context': 13, 'bonus_lists': [6887], 'modifiers': [{'type': 9, 'value': 60}, {'type': 28, 'value': 391}, {'type': 29, 'value': 32}, {'type': 30, 'value': 36}]}"
1758377750,LONG,5884100,3,,,{'id': 43490}
1758377754,LONG,,1,8345200,,"{'id': 20815, 'context': 0}"
1758377758,LONG,,1,702100,,"{'id': 172236, 'context': 13, 'bonus_lists': [6887], 'modifiers': [{'type': 9, 'value': 60}, {'type': 28, 'value': 391}, {'type': 29, 'value': 36}, {'type': 30, 'value': 40}]}"
1758377760,LONG,,1,6524600,,"{'id': 173217, 'context': 0, 'bonus_lists': [6893], 'modifiers': [{'type': 9, 'value': 60}, {'type': 28, 'value': 391}, {'type': 29, 'value': 49}, {'type': 30, 'value': 40}]}"
1758377766,LONG,,1,5932100,,"{'id': 173214, 'context': 0, 'bonus_lists': [6893], 'modifiers': [{'type': 9, 'value': 60}, {'type': 28, 'value': 391}, {'type': 29, 'value': 40}, {'type': 30, 'value': 49}]}"
1758377783,LONG,,1,9886800,,"{'id': 173214, 'context': 0, 'bonus_lists': [6893], 'modifiers': [{'type': 9, 'value': 60}, {'type': 28, 'value': 391}, {'type': 29, 'value': 32}, {'type': 30, 'value': 40}]}"
1758377786,LONG,,1,3992500,,"{'id': 173142, 'context': 13, 'bonus_lists': [3373]}"
1758377788,LONG,59500,2,,,{'id': 7079}
1758377789,LONG,,1,4750000,,"{'id': 173141, 'context': 13, 'bonus_lists': [3352]}"
1758377793,LONG,,1,10662600,,"{'id': 171444, 'context': 13, 'bonus_lists': [6893], 'modifiers': [{'type': 9, 'value': 54}, {'type': 28, 'value': 391}, {'type': 29, 'value': 36}, {'type': 30, 'value': 40}]}"
1758377795,LONG,,1,10662600,,"{'id': 171444, 'context': 13, 'bonus_lists': [6893], 'modifiers': [{'type': 9, 'value': 54}, {'type': 28, 'value': 391}, {'type': 29, 'value': 49}, {'type': 30, 'value': 40}]}"
1758377799,LONG,,1,876200,,"{'id': 172239, 'context': 13, 'bonus_lists': [6890], 'modifiers': [{'type': 9, 'value': 60}, {'type': 28, 'value': 391}, {'type': 29, 'value': 49}, {'type': 30, 'value': 36}]}"
1758377806,LONG,,1,1103100,,"{'id': 172239, 'context': 13, 'bonus_lists': [6890], 'modifiers': [{'type': 9, 'value': 60}, {'type': 28, 'value': 391}, {'type': 29, 'value': 40}, {'type': 30, 'value': 36}]}"
1758377809,LONG,,1,2997500,,"{'id': 173196, 'context': 0, 'bonus_lists': [6887], 'modifiers': [{'type': 9, 'value': 60}, {'type': 28, 'value': 391}, {'type': 29, 'value': 32}, {'type': 30, 'value': 40}]}"
1758377815,LONG,,1,2997500,,"{'id': 173196, 'context': 0, 'bonus_lists': [6887], 'modifiers': [{'type': 9, 'value': 60}, {'type': 28, 'value': 391}, {'type': 29, 'value': 32}, {'type': 30, 'value': 49}]}"
1758377819,LONG,,1,10883400,,"{'id': 172253, 'context': 13, 'bonus_lists': [6893], 'modifiers': [{'type': 9, 'value': 60}, {'type': 28, 'value': 391}, {'type': 29, 'value': 40}, {'type': 30, 'value': 49}]}"
1758377825,LONG,,1,18497200,,"{'id': 172263, 'context': 13, 'bonus_lists': [6893], 'modifiers': [{'type': 9, 'value': 60}, {'type': 28, 'value': 391}, {'type': 29, 'value': 49}, {'type': 30, 'value': 36}]}"
1758377829,LONG,,1,1841400,,"{'id': 171378, 'context': 13, 'bonus_lists': [6885], 'modifiers': [{'type': 9, 'value': 60}, {'type': 28, 'value': 391}, {'type': 29, 'value': 36}, {'type': 30, 'value': 32}]}"
1758377832,LONG,,1,3650000,,"{'id': 176800, 'context': 0, 'bonus_lists': [6908, 6652, 1677], 'modifiers': [{'type': 9, 'value': 60}, {'type': 28, 'value': 1707}]}"
1758377834,LONG,30000,3,,,{'id': 30183}
1758377852,LONG,256500,1,,,{'id': 38303}
1758377856,LONG,,1,11098300,,"{'id': 172262, 'context': 13, 'bonus_lists': [6893], 'modifiers': [{'type': 9, 'value': 60}, {'type': 28, 'value': 391}, {'type': 29, 'value': 32}, {'type': 30, 'value': 40}]}"
1758377858,LONG,,1,11098300,,"{'id': 172262, 'context': 13, 'bonus_lists': [6893], 'modifiers': [{'type': 9, 'value': 60}, {'type': 28, 'value': 391}, {'type': 29, 'value': 49}, {'type': 30, 'value': 36}]}"
1758377861,LONG,20600,35,,,{'id': 160710}
1758377863,LONG,,1,3090000,,"{'id': 173200, 'context': 0, 'bonus_lists': [6885], 'modifiers': [{'type': 9, 'value': 60}, {'type': 28, 'value': 391}, {'type': 29, 'value': 36}, {'type': 30, 'value': 49}]}"
1758377869,LONG,,1,20729000,,"{'id': 172912, 'context': 13}"
1758377872,LONG,,1,20729000,,"{'id': 172912, 'context': 13}"
1758377875,LONG,,1,20729000,,"{'id': 172912, 'context': 13}"
1758377878,LONG,,1,20729000,,"{'id': 172912, 'context': 13}"
1758377885,LONG,,1,20729000,,"{'id': 172912, 'context': 13}"
1758377890,LONG,,1,5944100,,"{'id': 173198, 'context': 0, 'bonus_lists': [6885], 'modifiers': [{'type': 9, 'value': 60}, {'type': 28, 'value': 391}, {'type': 29, 'value': 49}, {'type': 30, 'value': 32}]}"
1758377894,LONG,5548300,4,,,{'id': 44481}
1758377897,LONG,,1,11236200,,"{'id': 179334, 'context': 0, 'bonus_lists': [6908, 6652, 1713], 'modifiers': [{'type': 9, 'value': 60}, {'type': 28, 'value': 2060}]}"
1758377900,VERY_LONG,90000,50,,,{'id': 128304}
1758377901,LONG,5633800,1,,,{'id': 154990}
1758377907,LONG,68242600,1,,,{'id': 38855}
1758377911,LONG,46087900,1,,,{'id': 39002}
1758377914,LONG,84656400,1,,,{'id': 44465}
1758377919,LONG,,1,1240200,,"{'id': 172348, 'context': 13, 'modifiers': [{'type': 29, 'value': 36}, {'type': 30, 'value': 49}]}"
1758377923,LONG,30708500,2,,,{'id': 39684}
1758377927,LONG,,1,2730900,,"{'id': 172923, 'context': 13, 'modifiers': [{'type': 29, 'value': 49}, {'type': 30, 'value': 40}]}"
1758377932,LONG,,1,4785700,,"{'id': 173222, 'context': 0, 'bonus_lists': [6893], 'modifiers': [{'type': 9, 'value': 60}, {'type': 28, 'value': 391}, {'type': 29, 'value': 36}, {'type': 30, 'value': 32}]}"
1758377934,LONG,,1,18497200,,"{'id': 172258, 'context': 13, 'bonus_lists': [6893], 'modifiers': [{'type': 9, 'value': 60}, {'type': 28, 'value': 391}, {'type': 29, 'value': 32}, {'type': 30, 'value': 49}]}"
1758377941,LONG,,1,3991900,,"{'id': 173131, 'context': 13, 'modifiers': [{'type': 29, 'value': 36}]}"
1758377946,LONG,,1,326297100,,"{'id': 106637, 'context': 28, 'bonus_lists': [3854, 95], 'modifiers': [{'type': 9, 'value': 38}]}"
1758377949,LONG,57200,1,,,{'id': 34861}
1758377955,LONG,234300,2,,,{'id': 163782}
1758377957,LONG,28485900,1,,,{'id': 38791}
1758377963,LONG,,1,85000,,"{'id': 110274, 'context': 0}"
1758377968,LONG,,1,9950100,,"{'id': 10498, 'context': 0}"
1758377971,LONG,,1,8569100,,"{'id': 176802, 'context': 0, 'bonus_lists': [6908, 6652, 1707], 'modifiers': [{'type': 9, 'value': 60}, {'type': 28, 'value': 1707}]}"
1758377976,LONG,,1,83486600,,"{'id': 13063, 'context': 54, 'bonus_lists': [4273], 'modifiers': [{'type': 9, 'value': 50}]}"
1758377983,LONG,,1,488100,,"{'id': 172240, 'context': 13, 'bonus_lists': [6885], 'modifiers': [{'type': 9, 'value': 60}, {'type': 28, 'value': 391}, {'type': 29, 'value': 49}, {'type': 30, 'value': 32}]}"
1758377988,LONG,,1,1130000,,"{'id': 173199, 'context': 0, 'bonus_lists': [6890], 'modifiers': [{'type': 9, 'value': 60}, {'type': 28, 'value': 391}, {'type': 29, 'value': 40}, {'type': 30, 'value': 36}]}"
1758377991,LONG,268424600,1,,,{'id': 38883}
1758379880,LONG,574200,6,,,{'id': 168589}
1758379907,LONG,16500,22,,,{'id': 179314}
1758379925,LONG,20100,13,,,{'id': 172054}
1758379961,LONG,7000,30,,,{'id': 124120}
1758379971,LONG,3920000000,1,,,{'id': 173037}
1758379985,LONG,360800,2,,,{'id': 173036}
1758380017,LONG,720000,2,,,{'id': 172094}
1758380040,LONG,110800,2,,,{'id': 53010}
1758380054,LONG,37800,1,,,{'id': 33470}
1758380085,LONG,640000,26,,,{'id': 173204}
1758380140,LONG,153600,2,,,{'id': 124440}
1758380384,LONG,,1,4500000,,"{'id': 173137, 'context': 13, 'bonus_lists': [3377]}"
1758380390,LONG,,1,4125800,,"{'id': 173135, 'context': 13, 'bonus_lists': [3361]}"
1758380396,VERY_LONG,1260100,1,,,{'id': 76700}
1758380399,LONG,,1,8405700,,"{'id': 173220, 'context': 0, 'bonus_lists': [6893], 'modifiers': [{'type': 9, 'value': 60}, {'type': 28, 'value': 391}, {'type': 29, 'value': 32}, {'type': 30, 'value': 49}]}"
1758380402,LONG,,1,1240200,,"{'id': 172348, 'context': 13, 'modifiers': [{'type': 29, 'value': 49}, {'type': 30, 'value': 32}]}"
1758380405,LONG,,1,1240200,,"{'id': 172348, 'context': 13, 'modifiers': [{'type': 29, 'value': 49}, {'type': 30, 'value': 40}]}"
1758380406,LONG,,1,22313800,,"{'id': 176794, 'context': 0, 'bonus_lists': [6908, 42, 1702], 'modifiers': [{'type': 9, 'value': 60}, {'type': 28, 'value': 1707}]}"
1758380407,LONG,,1,9886800,,"{'id': 173219, 'context': 0, 'bonus_lists': [6893], 'modifiers': [{'type': 9, 'value': 60}, {'type': 28, 'value': 391}, {'type': 29, 'value': 49}, {'type': 30, 'value': 36}]}"
1758380408,LONG,,1,4554600,,"{'id': 172462, 'context': 13, 'modifiers': [{'type': 29, 'value': 49}, {'type': 30, 'value': 32}]}"
1758380411,LONG,,1,1846600,,"{'id': 171390, 'context': 13, 'modifiers': [{'type': 29, 'value': 49}, {'type': 30, 'value': 40}]}"
1758380414,LONG,,1,702100,,"{'id': 172236, 'context': 13, 'bonus_lists': [6887], 'modifiers': [{'type': 9, 'value': 60}, {'type': 28, 'value': 391}, {'type': 29, 'value': 36}, {'type': 30, 'value': 49}]}"
1758380416,LONG,,1,618600,,"{'id': 172236, 'context': 13, 'bonus_lists': [6887], 'modifiers': [{'type': 9, 'value': 60}, {'type': 28, 'value': 391}, {'type': 29, 'value': 40}, {'type': 30, 'value': 49}]}"
1758380420,LONG,,1,10525800,,"{'id': 171448, 'context': 13, 'bonus_lists': [6893], 'modifiers': [{'type': 9, 'value': 60}, {'type': 28, 'value': 391}, {'type': 29, 'value': 36}, {'type': 30, 'value': 40}]}"
1758380423,LONG,,1,10525800,,"{'id': 171448, 'context': 13, 'bonus_lists': [6893], 'modifiers': [{'type': 9, 'value': 60}, {'type': 28, 'value': 391}, {'type': 29, 'value': 49}, {'type': 30, 'value': 40}]}"
1758380425,LONG,,1,63470200,,"{'id': 173245, 'context': 64, 'bonus_lists': [6717, 7193, 1507]}"
1758380430,LONG,,1,42214700,,"{'id': 173245, 'context': 63, 'bonus_lists': [6716, 7194, 1487]}"
1758380434,LONG,,1,19362300,,"{'id': 172254, 'context': 13, 'bonus_lists': [6893], 'modifiers': [{'type': 9, 'value': 60}, {'type': 28, 'value': 391}, {'type': 29, 'value': 32}, {'type': 30, 'value': 40}]}"
1758380439,LONG,2225500,5,,,{'id': 172903}
1758380441,LONG,,1,138570500,,"{'id': 172325, 'context': 63, 'bonus_lists': [6716, 7193, 1487]}"
1758380445,LONG,,1,10662600,,"{'id': 171444, 'context': 13, 'bonus_lists': [6893], 'modifiers': [{'type': 9, 'value': 54}, {'type': 28, 'value': 391}, {'type': 29, 'value': 32}, {'type': 30, 'value': 49}]}"
1758380448,LONG,,1,10662600,,"{'id': 171444, 'context': 13, 'bonus_lists': [6893], 'modifiers': [{'type': 9, 'value': 54}, {'type': 28, 'value': 391}, {'type': 29, 'value': 32}, {'type': 30, 'value': 40}]}"
1758380452,LONG,,1,3335400,,"{'id': 172350, 'context': 13, 'modifiers': [{'type': 29, 'value': 32}, {'type': 30, 'value': 40}]}"
1758380457,LONG,,1,2242400,,"{'id': 173145, 'context': 13, 'modifiers': [{'type': 29, 'value': 36}]}"
1758380461,LONG,,1,2596400,,"{'id': 173144, 'context': 13, 'modifiers': [{'type': 29, 'value': 36}]}"
1758380467,LONG,,1,2861700,,"{'id': 172264, 'context': 13, 'bonus_lists': [6893], 'modifiers': [{'type': 9, 'value': 60}, {'type': 28, 'value': 391}, {'type': 29, 'value': 40}, {'type': 30, 'value': 49}]}"
1758380472,LONG,306657400,1,,,{'id': 113278}
1758380476,LONG,,1,18432800,,"{'id': 171442, 'context': 13, 'bonus_lists': [6893], 'modifiers': [{'type': 9, 'value': 60}, {'type': 28, 'value': 391}, {'type': 29, 'value': 32}, {'type': 30, 'value': 40}]}"
1758380479,LONG,,1,1041600,,"{'id': 172242, 'context': 13, 'bonus_lists': [6890], 'modifiers': [{'type': 9, 'value': 60}, {'type': 28, 'value': 391}, {'type': 29, 'value': 32}, {'type': 30, 'value': 36}]}"
1758380482,LONG,,1,111569200,,"{'id': 172315, 'context': 63, 'bonus_lists': [6716, 1487]}"
1758380486,LONG,,1,1091400,,"{'id': 172238, 'context': 13, 'bonus_lists': [6885], 'modifiers': [{'type': 9, 'value': 60}, {'type': 28, 'value': 391}, {'type': 29, 'value': 36}, {'type': 30, 'value': 32}]}"
1758380489,LONG,,1,19362300,,"{'id': 172250, 'context': 13, 'bonus_lists': [6893], 'modifiers': [{'type': 9, 'value': 60}, {'type': 28, 'value': 391}, {'type': 29, 'value': 32}, {'type': 30, 'value': 49}]}"
1758380490,LONG,,1,19362300,,"{'id': 172250, 'context': 13, 'bonus_lists': [6893], 'modifiers': [{'type': 9, 'value': 60}, {'type': 28, 'value': 391}, {'type': 29, 'value': 40}, {'type': 30, 'value': 36}]}"
1758380496,LONG,,1,32835100,,"{'id': 173248, 'context': 63, 'bonus_lists': [6716, 7193, 1487]}"
1758380498,LONG,,1,1130000,,"{'id': 173199, 'context': 0, 'bonus_lists': [6890], 'modifiers': [{'type': 9, 'value': 60}, {'type': 28, 'value': 391}, {'type': 29, 'value': 49}, {'type': 30, 'value': 36}]}"
1758380504,LONG,,1,3499900,,"{'id': 173131, 'context': 13, 'modifiers': [{'type': 29, 'value': 49}]}"
1758380510,LONG,2587400,1,,,{'id': 172921}
1758380514,LONG,,1,150000000,,"{'id': 172318, 'context': 63, 'bonus_lists': [6716, 1487]}"
1758380521,LONG,,1,10883400,,"{'id': 172253, 'context': 13, 'bonus_lists': [6893], 'modifiers': [{'type': 9, 'value': 60}, {'type': 28, 'value': 391}, {'type': 29, 'value': 32}, {'type': 30, 'value': 40}]}"
1758380523,LONG,,1,10018300,,"{'id': 172261, 'context': 13, 'bonus_lists': [6893], 'modifiers': [{'type': 9, 'value': 60}, {'type': 28, 'value': 391}, {'type': 29, 'value': 32}, {'type': 30, 'value': 40}]}"
1758380525,LONG,,1,407800,,"{'id': 173201, 'context': 0, 'bonus_lists': [7180], 'modifiers': [{'type': 9, 'value': 60}, {'type': 29, 'value': 40}, {'type': 30, 'value': 32}]}"
1758380529,LONG,,1,6000000,,"{'id': 172265, 'context': 13, 'bonus_lists': [6893], 'modifiers': [{'type': 9, 'value': 60}, {'type': 28, 'value': 391}, {'type': 29, 'value': 32}, {'type': 30, 'value': 40}]}"
1758380531,LONG,,1,32835100,,"{'id': 173244, 'context': 63, 'bonus_lists': [6716, 1487]}"
1758380534,LONG,,1,42214700,,"{'id': 173246, 'context': 63, 'bonus_lists': [6716, 1487]}"
1758380541,LONG,,1,83660300,,"{'id': 172329, 'context': 63, 'bonus_lists': [6716, 7194, 1487]}"
1758380546,LONG,,1,138570500,,"{'id': 172326, 'context': 63, 'bonus_lists': [6716, 1487]}"
1758380551,VERY_LONG,,1,48862200,,"{'id': 127032, 'context': 13, 'bonus_lists': [3343, 3392, 3408]}"
1758380555,LONG,,1,32835100,,"{'id': 173247, 'context': 63, 'bonus_lists': [6716, 1487]}"
1758380560,LONG,,1,5928000,,"{'id': 173134, 'context': 13, 'modifiers': [{'type': 29, 'value': 49}]}"
1758380564,LONG,709500,5,,,{'id': 171437}
1758380572,LONG,1619100,1,,,{'id': 159788}
1758380578,LONG,,1,167512300,,"{'id': 172320, 'context': 64, 'bonus_lists': [6717, 7194, 1507]}"
1758380584,LONG,,1,776200,,"{'id': 172237, 'context': 13, 'bonus_lists': [6887], 'modifiers': [{'type': 9, 'value': 60}, {'type': 28, 'value': 391}, {'type': 29, 'value': 40}, {'type': 30, 'value': 49}]}"
1758380591,LONG,,1,42214700,,"{'id': 173242, 'context': 64, 'bonus_lists': [6717, 1507]}"
1758380599,LONG,,1,139703700,,"{'id': 172314, 'context': 63, 'bonus_lists': [6716, 1487]}"
1758380609,LONG,,1,6524600,,"{'id': 173217, 'context': 0, 'bonus_lists': [6893], 'modifiers': [{'type': 9, 'value': 60}, {'type': 28, 'value': 391}, {'type': 29, 'value': 32}, {'type': 30, 'value': 40}]}"
1758380617,LONG,,1,4719100,,"{'id': 172257, 'context': 13, 'bonus_lists': [6893], 'modifiers': [{'type': 9, 'value': 60}, {'type': 28, 'value': 391}, {'type': 29, 'value': 36}, {'type': 30, 'value': 32}]}"
1758380623,LONG,,1,110640100,,"{'id': 172327, 'context': 63, 'bonus_lists': [6716, 1487]}"
1758380629,LONG,,1,2209900,,"{'id': 173222, 'context': 0, 'bonus_lists': [6893], 'modifiers': [{'type': 9, 'value': 60}, {'type': 28, 'value': 391}, {'type': 29, 'value': 49}, {'type': 30, 'value': 40}]}"
1758380635,LONG,,1,2209900,,"{'id': 173222, 'context': 0, 'bonus_lists': [6893], 'modifiers': [{'type': 9, 'value': 60}, {'type': 28, 'value': 391}, {'type': 29, 'value': 49}, {'type': 30, 'value': 40}]}"
1758380642,LONG,,1,38075800,,"{'id': 173054, 'context': 13, 'modifiers': [{'type': 29, 'value': 40}, {'type': 30, 'value': 32}]}"
1758380645,LONG,,1,18497200,,"{'id': 172262, 'context': 13, 'bonus_lists': [6893], 'modifiers': [{'type': 9, 'value': 53}, {'type': 28, 'value': 391}, {'type': 29, 'value': 36}, {'type': 30, 'value': 49}]}"
1758380649,LONG,,1,21188400,,"{'id': 173428, 'context': 13, 'modifiers': [{'type': 29, 'value': 40}, {'type': 30, 'value': 32}]}"
1758380656,LONG,,1,32835100,,"{'id': 173243, 'context': 63, 'bonus_lists': [6716, 1487]}"
1758380660,LONG,,1,111569200,,"{'id': 172319, 'context': 63, 'bonus_lists': [6716, 1487]}"
1758380664,LONG,,1,668800,,"{'id': 172245, 'context': 13, 'bonus_lists': [6887], 'modifiers': [{'type': 9, 'value': 60}, {'type': 28, 'value': 391}, {'type': 29, 'value': 32}, {'type': 30, 'value': 49}]}"
1758387697,VERY_LONG,1999990000,6,,,{'id': 171841}
1758387835,VERY_LONG,719900,3,,,{'id': 172231}
1758387904,VERY_LONG,1610000,1,,,{'id': 172232}
1758387954,LONG,,1,199990000,,"{'id': 92426, 'context': 0, 'modifiers': [{'type': 28, 'value': 167}]}"
1758387994,LONG,,1,4500100,,"{'id': 82800, 'context': 0, 'modifiers': [{'type': 6, 'value': 79707}], 'pet_breed_id': 10, 'pet_level': 1, 'pet_quality_id': 3, 'pet_species_id': 2086}"
1758387996,LONG,,1,4500100,,"{'id': 82800, 'context': 0, 'modifiers': [{'type': 6, 'value': 79707}], 'pet_breed_id': 20, 'pet_level': 1, 'pet_quality_id': 3, 'pet_species_id': 2086}"
1758387999,LONG,,1,4500100,,"{'id': 82800, 'context': 0, 'modifiers': [{'type': 6, 'value': 79707}], 'pet_breed_id': 11, 'pet_level': 1, 'pet_quality_id': 3, 'pet_species_id': 2086}"
1758388020,LONG,2500000,35,,,{'id': 76061}
1758388051,LONG,1200000,1,,,{'id': 21885}
1758388084,LONG,4999900,1,,,{'id': 22451}
1758388107,LONG,556100,9,,,{'id': 22572}
1758388136,LONG,,1,99990100,,"{'id': 78340, 'context': 11, 'modifiers': [{'type': 28, 'value': 402}]}"
1758388238,LONG,,1,199990000,,"{'id': 92426, 'context': 0, 'modifiers': [{'type': 28, 'value': 167}]}"
1758388442,LONG,,1,16160000,15352000,"{'id': 82800, 'context': 0, 'modifiers': [{'type': 6, 'value': 2957}], 'pet_breed_id': 13, 'pet_level': 1, 'pet_quality_id': 2, 'pet_species_id': 77}"
1758388456,LONG,,1,30013300,27012000,"{'id': 82800, 'context': 0, 'modifiers': [{'type': 6, 'value': 92162}], 'pet_breed_id': 18, 'pet_level': 1, 'pet_quality_id': 2, 'pet_species_id': 2710}"
1758388461,LONG,,1,31595800,30016000,"{'id': 82800, 'context': 0, 'modifiers': [{'type': 6, 'value': 29805}], 'pet_breed_id': 8, 'pet_level': 1, 'pet_quality_id': 2, 'pet_species_id': 232}"
1758388478,LONG,,1,325800,,"{'id': 82800, 'context': 0, 'modifiers': [{'type': 6, 'value': 31073}], 'pet_breed_id': 3, 'pet_level': 1, 'pet_quality_id': 2, 'pet_species_id': 251}"
1758388482,LONG,,1,1285900,,"{'id': 82800, 'context': 0, 'modifiers': [{'type': 6, 'value': 99850}], 'pet_breed_id': 14, 'pet_level': 1, 'pet_quality_id': 3, 'pet_species_id': 3044}"
1758388518,LONG,,1,147004300,123483600,"{'id': 9391, 'context': 1, 'bonus_lists': [6710], 'modifiers': [{'type': 9, 'value': 30}, {'type': 28, 'value': 217}]}"
1758388519,VERY_LONG,3140000,4,,,{'id': 181468}
1758388553,LONG,,1,58500000,49140000,"{'id': 144406, 'context': 5, 'bonus_lists': [3444, 1472, 1813]}"
1758388560,LONG,,1,38616100,32437500,"{'id': 90725, 'context': 0, 'bonus_lists': [6694], 'modifiers': [{'type': 9, 'value': 35}, {'type': 28, 'value': 59}]}"
1758388561,VERY_LONG,140300,17,,,{'id': 169701}
1758388575,LONG,,1,115894400,97351300,"{'id': 31133, 'context': 36, 'bonus_lists': [3912], 'modifiers': [{'type': 9, 'value': 50}]}"
1758388580,LONG,,1,36198300,30406600,"{'id': 90721, 'context': 0, 'bonus_lists': [6694], 'modifiers': [{'type': 9, 'value': 35}, {'type': 28, 'value': 167}]}"
1758388583,LONG,,1,140006600,133333400,"{'id': 30723, 'context': 0, 'modifiers': [{'type': 28, 'value': 43}]}"
1758388595,LONG,,1,79999900,,"{'id': 44554, 'context': 0}"
1758388599,LONG,,1,51350000,48782500,"{'id': 82800, 'context': 0, 'modifiers': [{'type': 6, 'value': 47732}], 'pet_breed_id': 9, 'pet_level': 1, 'pet_quality_id': 3, 'pet_species_id': 1185}"
1758388605,LONG,,1,35725000,33938800,"{'id': 82800, 'context': 0, 'modifiers': [{'type': 6, 'value': 60820}], 'pet_breed_id': 18, 'pet_level': 1, 'pet_quality_id': 3, 'pet_species_id': 1567}"
1758388612,LONG,,1,112307200,94338000,"{'id': 164307, 'context': 0}"
1758388621,LONG,,1,49095100,41239900,"{'id': 69798, 'context': 2, 'bonus_lists': [4236], 'modifiers': [{'type': 9, 'value': 35}, {'type': 28, 'value': 1112}]}"
1758388623,LONG,,1,28526400,23962200,"{'id': 31295, 'context': 0, 'bonus_lists': [6658], 'modifiers': [{'type': 9, 'value': 30}, {'type': 28, 'value': 43}]}"
1758388629,VERY_LONG,640000,6,,,{'id': 173204}
1758388668,LONG,,1,77294300,,"{'id': 82800, 'context': 0, 'modifiers': [{'type': 6, 'value': 91810}], 'pet_breed_id': 18, 'pet_level': 1, 'pet_quality_id': 3, 'pet_species_id': 2835}"
1758388679,LONG,,1,52448200,,"{'id': 130064, 'context': 11}"
1758388910,LONG,,1,24130600,,"{'id': 82800, 'context': 0, 'modifiers': [{'type': 6, 'value': 99852}], 'pet_breed_id': 12, 'pet_level': 1, 'pet_quality_id': 2, 'pet_species_id': 3035}"
1758388917,LONG,,1,24487600,23263200,"{'id': 82800, 'context': 0, 'modifiers': [{'type': 6, 'value': 98457}], 'pet_breed_id': 9, 'pet_level': 1, 'pet_quality_id': 2, 'pet_species_id': 3020}"
1758388918,LONG,,1,427000000,,"{'id': 72145, 'context': 0}"
1758388935,LONG,,1,85490000,81215500,"{'id': 82800, 'context': 0, 'modifiers': [{'type': 6, 'value': 99871}], 'pet_breed_id': 8, 'pet_level': 1, 'pet_quality_id': 2, 'pet_species_id': 3030}"
1758388939,LONG,,1,125109200,,"{'id': 82800, 'context': 0, 'modifiers': [{'type': 6, 'value': 95927}], 'pet_breed_id': 15, 'pet_level': 1, 'pet_quality_id': 2, 'pet_species_id': 2911}"
1758388941,LONG,,1,5923900,,"{'id': 82800, 'context': 0, 'modifiers': [{'type': 6, 'value': 95584}], 'pet_breed_id': 8, 'pet_level': 1, 'pet_quality_id': 2, 'pet_species_id': 2942}"
1758388943,LONG,,1,14752500,,"{'id': 82800, 'context': 0, 'modifiers': [{'type': 6, 'value': 99896}], 'pet_breed_id': 4, 'pet_level': 1, 'pet_quality_id': 2, 'pet_species_id': 2921}"
1758388956,LONG,,1,79999900,,"{'id': 44554, 'context': 0, 'modifiers': [{'type': 28, 'value': 872}]}"
1758389019,VERY_LONG,1890000,20,,,{'id': 173059}
1758389046,VERY_LONG,749400,5,,,{'id': 173058}
1758389091,VERY_LONG,8993600,5,,,{'id': 175970}
1758390174,VERY_LONG,16500,3,,,{'id': 179314}
1758390245,VERY_LONG,20100,5,,,{'id': 172054}
1758390303,VERY_LONG,16500,5,,,{'id': 179314}
1758390574,VERY_LONG,,1,680000000,,"{'id': 184802, 'context': 0, 'bonus_lists': [6652, 1472, 6646], 'modifiers': [{'type': 28, 'value': 1707}]}"
1758390803,VERY_LONG,,1,35000000,,"{'id': 154696, 'context': 0}"
1758390809,VERY_LONG,,1,35000000,,"{'id': 154696, 'context': 0}"
1758392638,VERY_LONG,5729900,10,,,{'id': 172415}
1758392681,VERY_LONG,2490000,5,,,{'id': 172419}
1758392933,VERY_LONG,16500,9,,,{'id': 179314}
1758392937,VERY_LONG,640000,12,,,{'id': 173204}
1758393032,VERY_LONG,360800,22,,,{'id': 173036}
1758393055,VERY_LONG,,1,420000000,,"{'id': 72145, 'context': 0}"
1758393077,LONG,45000,1304,,,{'id': 152507}
1758393093,VERY_LONG,720000,10,,,{'id': 172094}
1758393139,VERY_LONG,20100,13,,,{'id': 172054}
1758393176,VERY_LONG,212900,6,,,{'id': 171831}
1758393668,VERY_LONG,10000000,15,,,{'id': 173037}
1758393754,LONG,100100,35,,,{'id': 172934}
1758393998,VERY_LONG,,1,10000000,,"{'id': 116794, 'context': 0, 'modifiers': [{'type': 28, 'value': 64}]}"
1758394006,VERY_LONG,,1,10000000,,"{'id': 116794, 'context': 0, 'modifiers': [{'type': 28, 'value': 64}]}"
1758394014,VERY_LONG,,1,10000000,,"{'id': 116794, 'context': 0, 'modifiers': [{'type': 28, 'value': 64}]}"
1758394021,VERY_LONG,,1,10000000,,"{'id': 116794, 'context': 0, 'modifiers': [{'type': 28, 'value': 64}]}"
1758394030,VERY_LONG,,1,10000000,,"{'id': 116794, 'context': 0, 'modifiers': [{'type': 28, 'value': 64}]}"
1758394040,VERY_LONG,,1,44999900,,"{'id': 67151, 'context': 0, 'modifiers': [{'type': 28, 'value': 53}]}"
1758394050,VERY_LONG,,1,44999900,,"{'id': 67151, 'context': 0, 'modifiers': [{'type': 28, 'value': 1828}]}"
1758394056,VERY_LONG,,1,44999900,,"{'id': 67151, 'context': 0, 'modifiers': [{'type': 28, 'value': 1828}]}"
1758394063,VERY_LONG,,1,44999900,,"{'id': 67151, 'context': 0, 'modifiers': [{'type': 28, 'value': 1828}]}"
1758394072,VERY_LONG,,1,44999900,,"{'id': 67151, 'context': 0, 'modifiers': [{'type': 28, 'value': 1828}]}"
1758394087,VERY_LONG,200000,1,,,{'id': 168640}
1758395143,VERY_LONG,,1,990000,,"{'id': 82800, 'context': 0, 'modifiers': [{'type': 6, 'value': 88057}], 'pet_breed_id': 17, 'pet_level': 1, 'pet_quality_id': 3, 'pet_species_id': 2465}"
1758395167,VERY_LONG,,1,42450000,,"{'id': 82800, 'context': 0, 'modifiers': [{'type': 6, 'value': 90176}], 'pet_breed_id': 5, 'pet_level': 1, 'pet_quality_id': 3, 'pet_species_id': 2553}"
1758395187,VERY_LONG,,1,990000,,"{'id': 82800, 'context': 0, 'modifiers': [{'type': 6, 'value': 88057}], 'pet_breed_id': 17, 'pet_level': 1, 'pet_quality_id': 3, 'pet_species_id': 2465}"
1758395203,VERY_LONG,89005100,1,,,{'id': 173088}
1758395222,VERY_LONG,27005100,1,,,{'id': 173089}
1758395237,VERY_LONG,17500000,1,,,{'id': 173091}
1758395238,VERY_LONG,,1,395644900,,"{'id': 83089, 'context': 0}"
1758395242,VERY_LONG,,1,395644900,,"{'id': 83089, 'context': 0}"
1758395250,VERY_LONG,,1,395508300,,"{'id': 83088, 'context': 0}"
1758395253,VERY_LONG,,1,395508300,,"{'id': 83088, 'context': 0}"
1758395284,VERY_LONG,54000,4,,,{'id': 152577}
1758395298,VERY_LONG,7800,88,,,{'id': 167738}
1758395327,VERY_LONG,10000,116,,,{'id': 153669}
1758395341,VERY_LONG,51700,145,,,{'id': 152511}
1758395354,VERY_LONG,400000,70,,,{'id': 168487}
1758395391,LONG,13743500,13,,,{'id': 171276}
1758395581,VERY_LONG,,1,17989400,,"{'id': 173221, 'context': 0, 'bonus_lists': [6893, 7185], 'modifiers': [{'type': 9, 'value': 60}, {'type': 28, 'value': 391}, {'type': 29, 'value': 32}, {'type': 30, 'value': 49}]}"
1758395712,VERY_LONG,,1,16440000,,"{'id': 173220, 'context': 0, 'bonus_lists': [6893, 7185], 'modifiers': [{'type': 9, 'value': 60}, {'type': 28, 'value': 391}, {'type': 29, 'value': 36}, {'type': 30, 'value': 40}]}"
1758395803,VERY_LONG,,1,8320000,,"{'id': 173218, 'context': 0, 'bonus_lists': [6893, 7185], 'modifiers': [{'type': 9, 'value': 60}, {'type': 28, 'value': 391}, {'type': 29, 'value': 32}, {'type': 30, 'value': 40}]}"
1758395921,VERY_LONG,,1,16690000,,"{'id': 173217, 'context': 0, 'bonus_lists': [6893, 7185], 'modifiers': [{'type': 9, 'value': 60}, {'type': 28, 'value': 391}, {'type': 29, 'value': 32}, {'type': 30, 'value': 40}]}"
1758396031,VERY_LONG,,1,78000000,,"{'id': 173215, 'context': 0, 'bonus_lists': [6893, 7185], 'modifiers': [{'type': 9, 'value': 60}, {'type': 28, 'value': 391}, {'type': 29, 'value': 36}, {'type': 30, 'value': 32}]}"
1758396050,VERY_LONG,,1,78000000,,"{'id': 173215, 'context': 0, 'bonus_lists': [6893, 7185], 'modifiers': [{'type': 9, 'value': 60}, {'type': 28, 'value': 391}, {'type': 29, 'value': 32}, {'type': 30, 'value': 40}]}"
1758396194,VERY_LONG,,1,766000000,,"{'id': 7452, 'context': 1, 'modifiers': [{'type': 28, 'value': 281}]}"
1758396235,VERY_LONG,,1,50009400,,"{'id': 164408, 'context': 0}"
1758396331,VERY_LONG,,1,45000000,,"{'id': 82800, 'context': 0, 'modifiers': [{'type': 6, 'value': 28502}], 'pet_breed_id': 5, 'pet_level': 25, 'pet_quality_id': 3, 'pet_species_id': 1511}"
1758396334,VERY_LONG,,1,45000000,,"{'id': 82800, 'context': 0, 'modifiers': [{'type': 6, 'value': 28502}], 'pet_breed_id': 5, 'pet_level': 25, 'pet_quality_id': 3, 'pet_species_id': 1511}"
1758396349,VERY_LONG,,1,45000000,,"{'id': 82800, 'context': 0, 'modifiers': [{'type': 6, 'value': 94711}], 'pet_breed_id': 5, 'pet_level': 25, 'pet_quality_id': 3, 'pet_species_id': 2838}"
1758396381,VERY_LONG,,1,45000000,,"{'id': 82800, 'context': 0, 'modifiers': [{'type': 6, 'value': 2955}], 'pet_breed_id': 11, 'pet_level': 25, 'pet_quality_id': 3, 'pet_species_id': 74}"
1758396396,VERY_LONG,,1,45000000,,"{'id': 82800, 'context': 0, 'modifiers': [{'type': 6, 'value': 46903}], 'pet_breed_id': 7, 'pet_level': 25, 'pet_quality_id': 3, 'pet_species_id': 1151}"
1758396411,VERY_LONG,,1,120000000,,"{'id': 82800, 'context': 0, 'modifiers': [{'type': 6, 'value': 88023}], 'pet_breed_id': 15, 'pet_level': 1, 'pet_quality_id': 3, 'pet_species_id': 2562}"
1758396412,VERY_LONG,220900,137,,,{'id': 124102}
1758396422,VERY_LONG,,1,45000000,,"{'id': 82800, 'context': 0, 'modifiers': [{'type': 6, 'value': 5555}], 'pet_breed_id': 3, 'pet_level': 25, 'pet_quality_id': 3, 'pet_species_id': 45}"
1758396424,VERY_LONG,21800,131,,,{'id': 124437}
1758396442,VERY_LONG,,1,45000000,,"{'id': 82800, 'context': 0, 'modifiers': [{'type': 6, 'value': 22778}], 'pet_breed_id': 8, 'pet_level': 25, 'pet_quality_id': 3, 'pet_species_id': 254}"
1758396447,VERY_LONG,,1,45000000,,"{'id': 82800, 'context': 0, 'modifiers': [{'type': 6, 'value': 79707}], 'pet_breed_id': 10, 'pet_level': 25, 'pet_quality_id': 3, 'pet_species_id': 2086}"
1758396464,VERY_LONG,,1,44000000,,"{'id': 82800, 'context': 0, 'modifiers': [{'type': 6, 'value': 49122}], 'pet_breed_id': 21, 'pet_level': 25, 'pet_quality_id': 3, 'pet_species_id': 1565}"
1758396482,VERY_LONG,,1,45000000,,"{'id': 82800, 'context': 0, 'modifiers': [{'type': 6, 'value': 43868}], 'pet_breed_id': 13, 'pet_level': 25, 'pet_quality_id': 2, 'pet_species_id': 792}"
1758396497,VERY_LONG,,1,45000000,,"{'id': 82800, 'context': 0, 'modifiers': [{'type': 6, 'value': 61894}], 'pet_breed_id': 11, 'pet_level': 25, 'pet_quality_id': 3, 'pet_species_id': 1629}"
1758396505,VERY_LONG,,1,45000100,,"{'id': 82800, 'context': 0, 'modifiers': [{'type': 6, 'value': 80954}], 'pet_breed_id': 18, 'pet_level': 25, 'pet_quality_id': 3, 'pet_species_id': 2567}"
1758396547,VERY_LONG,,1,45000000,,"{'id': 82800, 'context': 0, 'modifiers': [{'type': 6, 'value': 58736}], 'pet_breed_id': 18, 'pet_level': 25, 'pet_quality_id': 2, 'pet_species_id': 1515}"
1758396560,VERY_LONG,,1,40000000,,"{'id': 82800, 'context': 0, 'modifiers': [{'type': 6, 'value': 15992}], 'pet_breed_id': 5, 'pet_level': 25, 'pet_quality_id': 3, 'pet_species_id': 122}"
1758396584,LONG,2492300,1,,,{'id': 76683}
1758396586,LONG,,1,33997700,,"{'id': 6386, 'context': 54, 'bonus_lists': [4277], 'modifiers': [{'type': 9, 'value': 50}]}"
1758396587,VERY_LONG,,1,40000000,,"{'id': 82800, 'context': 0, 'modifiers': [{'type': 6, 'value': 89609}], 'pet_breed_id': 5, 'pet_level': 25, 'pet_quality_id': 3, 'pet_species_id': 2525}"
1758396594,LONG,,1,50000000,,"{'id': 10506, 'context': 0}"
1758396618,LONG,1906200,1,,,{'id': 76691}
1758396638,VERY_LONG,,1,45000000,,"{'id': 82800, 'context': 0, 'modifiers': [{'type': 6, 'value': 51475}], 'pet_breed_id': 7, 'pet_level': 25, 'pet_quality_id': 3, 'pet_species_id': 1343}"
1758396676,LONG,1461100,1,,,{'id': 76680}
1758396686,LONG,,1,7119400,,"{'id': 6595, 'context': 1, 'bonus_lists': [1677]}"
1758396692,LONG,3969600,5,,,{'id': 76619}
1758396698,LONG,891000,1,,,{'id': 76553}
1758396723,VERY_LONG,,1,45000000,,"{'id': 82800, 'context': 0, 'modifiers': [{'type': 6, 'value': 72239}], 'pet_breed_id': 8, 'pet_level': 25, 'pet_quality_id': 3, 'pet_species_id': 1931}"
1758396738,LONG,3360000,5,,,{'id': 76688}
1758396779,VERY_LONG,,1,44000000,,"{'id': 82800, 'context': 0, 'modifiers': [{'type': 6, 'value': 48213}], 'pet_breed_id': 3, 'pet_level': 25, 'pet_quality_id': 3, 'pet_species_id': 1205}"
1758396785,LONG,2487400,4,,,{'id': 76687}
1758396790,LONG,2930300,1,,,{'id': 76684}
1758396794,LONG,2821000,1,,,{'id': 76690}
1758396834,VERY_LONG,,1,85000000,,"{'id': 82800, 'context': 0, 'modifiers': [{'type': 6, 'value': 2176}], 'pet_breed_id': 7, 'pet_level': 25, 'pet_quality_id': 3, 'pet_species_id': 127}"
1758396878,VERY_LONG,,1,45000000,,"{'id': 82800, 'context': 0, 'modifiers': [{'type': 6, 'value': 1206}], 'pet_breed_id': 15, 'pet_level': 25, 'pet_quality_id': 2, 'pet_species_id': 75}"
1758396883,VERY_LONG,,1,45000000,,"{'id': 82800, 'context': 0, 'modifiers': [{'type': 6, 'value': 1206}], 'pet_breed_id': 15, 'pet_level': 25, 'pet_quality_id': 3, 'pet_species_id': 75}"
1758396919,VERY_LONG,,1,45000000,,"{'id': 82800, 'context': 0, 'modifiers': [{'type': 6, 'value': 13610}], 'pet_breed_id': 3, 'pet_level': 25, 'pet_quality_id': 3, 'pet_species_id': 117}"
1758396923,VERY_LONG,,1,45000000,,"{'id': 82800, 'context': 0, 'modifiers': [{'type': 6, 'value': 13610}], 'pet_breed_id': 3, 'pet_level': 25, 'pet_quality_id': 3, 'pet_species_id': 117}"
1758396979,VERY_LONG,,1,45000000,,"{'id': 82800, 'context': 0, 'modifiers': [{'type': 6, 'value': 48057}], 'pet_breed_id': 14, 'pet_level': 25, 'pet_quality_id': 3, 'pet_species_id': 1213}"
1758396998,VERY_LONG,,1,45000000,,"{'id': 82800, 'context': 0, 'modifiers': [{'type': 6, 'value': 46898}], 'pet_breed_id': 18, 'pet_level': 25, 'pet_quality_id': 3, 'pet_species_id': 1143}"
1758397031,VERY_LONG,,1,45000000,,"{'id': 82800, 'context': 0, 'modifiers': [{'type': 6, 'value': 88002}], 'pet_breed_id': 9, 'pet_level': 25, 'pet_quality_id': 3, 'pet_species_id': 2448}"
1758397049,VERY_LONG,,1,45000100,,"{'id': 82800, 'context': 0, 'modifiers': [{'type': 6, 'value': 88059}], 'pet_breed_id': 5, 'pet_level': 25, 'pet_quality_id': 3, 'pet_species_id': 2467}"
1758397082,VERY_LONG,,1,45000000,,"{'id': 82800, 'context': 0, 'modifiers': [{'type': 6, 'value': 48663}], 'pet_breed_id': 12, 'pet_level': 25, 'pet_quality_id': 3, 'pet_species_id': 1235}"
1758398116,VERY_LONG,,1,45000000,,"{'id': 82800, 'context': 0, 'modifiers': [{'type': 6, 'value': 79796}], 'pet_breed_id': 6, 'pet_level': 25, 'pet_quality_id': 3, 'pet_species_id': 2118}"
1758398142,VERY_LONG,,1,39000000,,"{'id': 82800, 'context': 0, 'modifiers': [{'type': 6, 'value': 59885}], 'pet_breed_id': 3, 'pet_level': 1, 'pet_quality_id': 3, 'pet_species_id': 1536}"
1758398177,VERY_LONG,,1,40000000,,"{'id': 82800, 'context': 0, 'modifiers': [{'type': 6, 'value': 88061}], 'pet_breed_id': 15, 'pet_level': 25, 'pet_quality_id': 3, 'pet_species_id': 2471}"
1758398242,VERY_LONG,,1,45000000,,"{'id': 82800, 'context': 0, 'modifiers': [{'type': 6, 'value': 28089}], 'pet_breed_id': 7, 'pet_level': 25, 'pet_quality_id': 3, 'pet_species_id': 190}"
1758398276,VERY_LONG,,1,45000000,,"{'id': 82800, 'context': 0, 'modifiers': [{'type': 6, 'value': 65888}], 'pet_breed_id': 14, 'pet_level': 25, 'pet_quality_id': 3, 'pet_species_id': 2090}"
1758398301,VERY_LONG,,1,45000000,,"{'id': 82800, 'context': 0, 'modifiers': [{'type': 6, 'value': 60819}], 'pet_breed_id': 15, 'pet_level': 25, 'pet_quality_id': 3, 'pet_species_id': 1566}"
1758398324,VERY_LONG,,1,45000000,,"{'id': 82800, 'context': 0, 'modifiers': [{'type': 6, 'value': 46900}], 'pet_breed_id': 4, 'pet_level': 25, 'pet_quality_id': 3, 'pet_species_id': 1147}"
1758398363,VERY_LONG,,1,45000000,,"{'id': 82800, 'context': 0, 'modifiers': [{'type': 6, 'value': 61888}], 'pet_breed_id': 4, 'pet_level': 25, 'pet_quality_id': 3, 'pet_species_id': 1624}"
1758398386,VERY_LONG,,1,45000000,,"{'id': 82800, 'context': 0, 'modifiers': [{'type': 6, 'value': 88058}], 'pet_breed_id': 14, 'pet_level': 25, 'pet_quality_id': 3, 'pet_species_id': 2466}"
1758398391,VERY_LONG,,1,45000000,,"{'id': 82800, 'context': 0, 'modifiers': [{'type': 6, 'value': 88058}], 'pet_breed_id': 14, 'pet_level': 25, 'pet_quality_id': 3, 'pet_species_id': 2466}"
1758398439,VERY_LONG,,1,45000000,,"{'id': 82800, 'context': 0, 'modifiers': [{'type': 6, 'value': 100928}], 'pet_breed_id': 14, 'pet_level': 1, 'pet_quality_id': 2, 'pet_species_id': 3028}"
1758398467,VERY_LONG,,1,45000000,,"{'id': 82800, 'context': 0, 'modifiers': [{'type': 6, 'value': 95172}], 'pet_breed_id': 13, 'pet_level': 25, 'pet_quality_id': 3, 'pet_species_id': 2843}"
1758398474,VERY_LONG,,1,45000000,,"{'id': 82800, 'context': 0, 'modifiers': [{'type': 6, 'value': 95172}], 'pet_breed_id': 13, 'pet_level': 25, 'pet_quality_id': 3, 'pet_species_id': 2843}"
1758398509,VERY_LONG,,1,45000000,,"{'id': 82800, 'context': 0, 'modifiers': [{'type': 6, 'value': 61898}], 'pet_breed_id': 3, 'pet_level': 25, 'pet_quality_id': 3, 'pet_species_id': 1634}"
1758398536,VERY_LONG,,1,140000000,,"{'id': 82800, 'context': 0, 'modifiers': [{'type': 6, 'value': 57824}], 'pet_breed_id': 19, 'pet_level': 1, 'pet_quality_id': 3, 'pet_species_id': 1432}"
1758398592,VERY_LONG,,1,79000000,,"{'id': 82800, 'context': 0, 'modifiers': [{'type': 6, 'value': 21382}], 'pet_breed_id': 3, 'pet_level': 25, 'pet_quality_id': 2, 'pet_species_id': 158}"
1758398626,VERY_LONG,,1,45000100,,"{'id': 82800, 'context': 0, 'modifiers': [{'type': 6, 'value': 61887}], 'pet_breed_id': 17, 'pet_level': 25, 'pet_quality_id': 3, 'pet_species_id': 1623}"
1758398720,VERY_LONG,,1,67500000,,"{'id': 82800, 'context': 0, 'modifiers': [{'type': 6, 'value': 65667}], 'pet_breed_id': 12, 'pet_level': 25, 'pet_quality_id': 3, 'pet_species_id': 1756}"
1758398779,VERY_LONG,,1,45000000,,"{'id': 82800, 'context': 0, 'modifiers': [{'type': 6, 'value': 59352}], 'pet_breed_id': 17, 'pet_level': 25, 'pet_quality_id': 3, 'pet_species_id': 1524}"
1758398854,VERY_LONG,,1,88000000,,"{'id': 82800, 'context': 0, 'modifiers': [{'type': 6, 'value': 28502}], 'pet_breed_id': 5, 'pet_level': 1, 'pet_quality_id': 2, 'pet_species_id': 210}"
1758398880,VERY_LONG,,1,40000000,,"{'id': 82800, 'context': 0, 'modifiers': [{'type': 6, 'value': 75766}], 'pet_breed_id': 18, 'pet_level': 25, 'pet_quality_id': 3, 'pet_species_id': 2042}"
1758398882,VERY_LONG,,1,40000000,,"{'id': 82800, 'context': 0, 'modifiers': [{'type': 6, 'value': 75766}], 'pet_breed_id': 18, 'pet_level': 25, 'pet_quality_id': 3, 'pet_species_id': 2042}"
1758398904,VERY_LONG,,1,150000000,,"{'id': 82800, 'context': 0, 'modifiers': [{'type': 6, 'value': 39163}], 'pet_breed_id': 3, 'pet_level': 2, 'pet_quality_id': 2, 'pet_species_id': 341}"
1758398948,VERY_LONG,,1,45050000,,"{'id': 82800, 'context': 0, 'modifiers': [{'type': 6, 'value': 9905}], 'pet_breed_id': 7, 'pet_level': 25, 'pet_quality_id': 3, 'pet_species_id': 286}"
1758398963,VERY_LONG,,1,45000000,,"{'id': 82800, 'context': 0, 'modifiers': [{'type': 6, 'value': 19600}], 'pet_breed_id': 10, 'pet_level': 25, 'pet_quality_id': 3, 'pet_species_id': 136}"
1758398981,VERY_LONG,,1,45009900,,"{'id': 82800, 'context': 0, 'modifiers': [{'type': 6, 'value': 60889}], 'pet_breed_id': 19, 'pet_level': 25, 'pet_quality_id': 3, 'pet_species_id': 1588}"
1758398998,VERY_LONG,,1,44000000,,"{'id': 82800, 'context': 0, 'modifiers': [{'type': 6, 'value': 95171}], 'pet_breed_id': 4, 'pet_level': 25, 'pet_quality_id': 3, 'pet_species_id': 2842}"
1758399001,VERY_LONG,,1,44000000,,"{'id': 82800, 'context': 0, 'modifiers': [{'type': 6, 'value': 95171}], 'pet_breed_id': 4, 'pet_level': 25, 'pet_quality_id': 3, 'pet_species_id': 2842}"
1758399013,VERY_LONG,,1,45002100,,"{'id': 82800, 'context': 0, 'modifiers': [{'type': 6, 'value': 26740}], 'pet_breed_id': 12, 'pet_level': 25, 'pet_quality_id': 3, 'pet_species_id': 1956}"
1758399028,VERY_LONG,,1,175000000,,"{'id': 82800, 'context': 0, 'modifiers': [{'type': 6, 'value': 80467}], 'pet_breed_id': 4, 'pet_level': 1, 'pet_quality_id': 2, 'pet_species_id': 2428}"
1758399043,VERY_LONG,,1,44000000,,"{'id': 82800, 'context': 0, 'modifiers': [{'type': 6, 'value': 77901}], 'pet_breed_id': 13, 'pet_level': 25, 'pet_quality_id': 3, 'pet_species_id': 2566}"
1758399054,VERY_LONG,,1,98000000,,"{'id': 82800, 'context': 0, 'modifiers': [{'type': 6, 'value': 80414}], 'pet_breed_id': 3, 'pet_level': 25, 'pet_quality_id': 3, 'pet_species_id': 2409}"
1758399062,VERY_LONG,,1,40000000,,"{'id': 82800, 'context': 0, 'modifiers': [{'type': 6, 'value': 44655}], 'pet_breed_id': 8, 'pet_level': 25, 'pet_quality_id': 3, 'pet_species_id': 650}"
1758399102,VERY_LONG,,1,59000000,,"{'id': 82800, 'context': 0, 'modifiers': [{'type': 6, 'value': 57803}], 'pet_breed_id': 17, 'pet_level': 25, 'pet_quality_id': 3, 'pet_species_id': 1428}"
1758399132,VERY_LONG,,1,130000000,,"{'id': 82800, 'context': 0, 'modifiers': [{'type': 6, 'value': 60875}], 'pet_breed_id': 5, 'pet_level': 25, 'pet_quality_id': 3, 'pet_species_id': 1495}"
1758399313,LONG,,1,1958600,,"{'id': 171382, 'context': 13, 'modifiers': [{'type': 29, 'value': 40}, {'type': 30, 'value': 36}]}"
1758399314,VERY_LONG,,1,45000000,,"{'id': 82800, 'context': 0, 'modifiers': [{'type': 6, 'value': 23000}], 'pet_breed_id': 7, 'pet_level': 25, 'pet_quality_id': 3, 'pet_species_id': 2547}"
1758399315,LONG,,1,1958600,,"{'id': 171382, 'context': 13, 'modifiers': [{'type': 29, 'value': 32}, {'type': 30, 'value': 49}]}"
1758399317,LONG,,1,4896300,,"{'id': 171382, 'context': 13, 'modifiers': [{'type': 29, 'value': 36}, {'type': 30, 'value': 32}]}"
1758399324,LONG,2722200,1,,,{'id': 172363}
1758399326,VERY_LONG,2466700,1,,,{'id': 128544}
1758399329,LONG,,1,1382600,,"{'id': 171375, 'context': 13, 'modifiers': [{'type': 29, 'value': 49}, {'type': 30, 'value': 40}]}"
1758399332,LONG,,1,1382600,,"{'id': 171375, 'context': 13, 'modifiers': [{'type': 29, 'value': 40}, {'type': 30, 'value': 32}]}"
1758399336,LONG,,1,1382600,,"{'id': 171375, 'context': 13, 'modifiers': [{'type': 29, 'value': 49}, {'type': 30, 'value': 36}]}"
1758399340,VERY_LONG,,1,45000000,,"{'id': 82800, 'context': 0, 'modifiers': [{'type': 6, 'value': 58613}], 'pet_breed_id': 20, 'pet_level': 25, 'pet_quality_id': 3, 'pet_species_id': 1577}"
1758399345,VERY_LONG,,1,45000000,,"{'id': 82800, 'context': 0, 'modifiers': [{'type': 6, 'value': 58613}], 'pet_breed_id': 22, 'pet_level': 25, 'pet_quality_id': 3, 'pet_species_id': 1577}"
1758399355,LONG,,1,1836100,,"{'id': 171390, 'context': 13, 'modifiers': [{'type': 29, 'value': 32}, {'type': 30, 'value': 49}]}"
1758399361,LONG,,1,4590200,,"{'id': 171390, 'context': 13, 'modifiers': [{'type': 29, 'value': 49}, {'type': 30, 'value': 36}]}"
1758399365,LONG,,1,4590200,,"{'id': 171390, 'context': 13, 'modifiers': [{'type': 29, 'value': 40}, {'type': 30, 'value': 36}]}"
1758399372,LONG,8892900,1,,,{'id': 172368}
1758399386,LONG,,1,1836100,,"{'id': 171385, 'context': 13, 'modifiers': [{'type': 29, 'value': 49}, {'type': 30, 'value': 40}]}"
1758399394,LONG,,1,1836100,,"{'id': 171385, 'context': 13, 'modifiers': [{'type': 29, 'value': 40}, {'type': 30, 'value': 32}]}"
1758399398,VERY_LONG,,1,75000000,,"{'id': 82800, 'context': 0, 'modifiers': [{'type': 6, 'value': 65672}], 'pet_breed_id': 8, 'pet_level': 25, 'pet_quality_id': 3, 'pet_species_id': 1760}"
1758399402,LONG,,1,4590200,,"{'id': 171385, 'context': 13, 'modifiers': [{'type': 29, 'value': 49}, {'type': 30, 'value': 32}]}"
1758399410,LONG,,1,1836100,,"{'id': 171385, 'context': 13, 'modifiers': [{'type': 29, 'value': 36}, {'type': 30, 'value': 49}]}"
1758399417,LONG,,1,1101700,,"{'id': 171380, 'context': 13, 'bonus_lists': [6885], 'modifiers': [{'type': 9, 'value': 60}, {'type': 28, 'value': 391}, {'type': 29, 'value': 49}, {'type': 30, 'value': 40}]}"
1758399423,LONG,,1,1101700,,"{'id': 171380, 'context': 13, 'bonus_lists': [6885], 'modifiers': [{'type': 9, 'value': 60}, {'type': 28, 'value': 391}, {'type': 29, 'value': 32}, {'type': 30, 'value': 36}]}"
1758399428,LONG,4960800,1,,,{'id': 177659}
1758399432,VERY_LONG,19877000,1,,,{'id': 173161}
1758399435,LONG,,1,21019100,,"{'id': 173428, 'context': 13, 'modifiers': [{'type': 29, 'value': 32}, {'type': 30, 'value': 49}]}"
1758399437,VERY_LONG,,1,45000000,,"{'id': 82800, 'context': 0, 'modifiers': [{'type': 6, 'value': 6299}], 'pet_breed_id': 3, 'pet_level': 25, 'pet_quality_id': 3, 'pet_species_id': 67}"
1758399445,VERY_LONG,,1,45000000,,"{'id': 82800, 'context': 0, 'modifiers': [{'type': 6, 'value': 6299}], 'pet_breed_id': 20, 'pet_level': 25, 'pet_quality_id': 3, 'pet_species_id': 67}"
1758399448,LONG,,1,21019100,,"{'id': 173428, 'context': 13, 'modifiers': [{'type': 29, 'value': 40}, {'type': 30, 'value': 49}]}"
1758399453,LONG,,1,2520200,,"{'id': 171389, 'context': 13, 'modifiers': [{'type': 29, 'value': 40}, {'type': 30, 'value': 49}]}"
1758399459,LONG,,1,6300400,,"{'id': 171389, 'context': 13, 'modifiers': [{'type': 29, 'value': 40}, {'type': 30, 'value': 32}]}"
1758399464,LONG,,1,2520200,,"{'id': 171389, 'context': 13, 'modifiers': [{'type': 29, 'value': 49}, {'type': 30, 'value': 32}]}"
1758399470,LONG,,1,2520200,,"{'id': 171389, 'context': 13, 'modifiers': [{'type': 29, 'value': 36}, {'type': 30, 'value': 49}]}"
1758399477,VERY_LONG,,1,40000000,,"{'id': 82800, 'context': 0, 'modifiers': [{'type': 6, 'value': 68859}], 'pet_breed_id': 21, 'pet_level': 25, 'pet_quality_id': 3, 'pet_species_id': 1889}"
1758399478,LONG,,1,6300400,,"{'id': 171386, 'context': 13, 'modifiers': [{'type': 29, 'value': 40}, {'type': 30, 'value': 32}]}"
1758399485,LONG,,1,6300400,,"{'id': 171386, 'context': 13, 'modifiers': [{'type': 29, 'value': 32}, {'type': 30, 'value': 49}]}"
1758399495,LONG,,1,6300400,,"{'id': 171386, 'context': 13, 'modifiers': [{'type': 29, 'value': 36}, {'type': 30, 'value': 49}]}"
1758399498,LONG,4960800,1,,,{'id': 183738}
1758399503,LONG,,1,11350700,,"{'id': 171443, 'context': 13, 'bonus_lists': [6893], 'modifiers': [{'type': 9, 'value': 60}, {'type': 28, 'value': 391}, {'type': 29, 'value': 32}, {'type': 30, 'value': 40}]}"
1758399505,VERY_LONG,,1,45000000,,"{'id': 82800, 'context': 0, 'modifiers': [{'type': 6, 'value': 20027}], 'pet_breed_id': 15, 'pet_level': 25, 'pet_quality_id': 3, 'pet_species_id': 143}"
1758399509,LONG,,1,11350700,,"{'id': 171443, 'context': 13, 'bonus_lists': [6893], 'modifiers': [{'type': 9, 'value': 60}, {'type': 28, 'value': 391}, {'type': 29, 'value': 49}, {'type': 30, 'value': 40}]}"
1758399515,LONG,,1,1958600,,"{'id': 171388, 'context': 13, 'modifiers': [{'type': 29, 'value': 32}, {'type': 30, 'value': 49}]}"
1758399518,LONG,,1,1958600,,"{'id': 171388, 'context': 13, 'modifiers': [{'type': 29, 'value': 32}, {'type': 30, 'value': 40}]}"
1758399524,LONG,,1,1958600,,"{'id': 171388, 'context': 13, 'modifiers': [{'type': 29, 'value': 36}, {'type': 30, 'value': 32}]}"
1758399529,LONG,,1,4896300,,"{'id': 171388, 'context': 13, 'modifiers': [{'type': 29, 'value': 40}, {'type': 30, 'value': 36}]}"
1758399540,LONG,,1,1958600,,"{'id': 171387, 'context': 13, 'modifiers': [{'type': 29, 'value': 40}, {'type': 30, 'value': 36}]}"
1758399543,LONG,,1,4896300,,"{'id': 171387, 'context': 13, 'modifiers': [{'type': 29, 'value': 49}, {'type': 30, 'value': 32}]}"
1758399549,VERY_LONG,,1,65000000,,"{'id': 82800, 'context': 0, 'modifiers': [{'type': 6, 'value': 22855}], 'pet_breed_id': 13, 'pet_level': 25, 'pet_quality_id': 3, 'pet_species_id': 167}"
1758399552,LONG,,1,2520200,,"{'id': 171384, 'context': 13, 'modifiers': [{'type': 29, 'value': 49}, {'type': 30, 'value': 40}]}"
1758399556,LONG,,1,2520200,,"{'id': 171384, 'context': 13, 'modifiers': [{'type': 29, 'value': 32}, {'type': 30, 'value': 49}]}"
1758399560,LONG,,1,6300400,,"{'id': 171384, 'context': 13, 'modifiers': [{'type': 29, 'value': 36}, {'type': 30, 'value': 40}]}"
1758399562,LONG,,1,2520200,,"{'id': 171384, 'context': 13, 'modifiers': [{'type': 29, 'value': 36}, {'type': 30, 'value': 32}]}"
1758399566,LONG,,1,835300,,"{'id': 171381, 'context': 13, 'modifiers': [{'type': 29, 'value': 49}, {'type': 30, 'value': 32}]}"
1758399571,LONG,,1,835300,,"{'id': 171381, 'context': 13, 'modifiers': [{'type': 29, 'value': 32}, {'type': 30, 'value': 40}]}"
1758399578,LONG,,1,2088200,,"{'id': 171381, 'context': 13, 'modifiers': [{'type': 29, 'value': 32}, {'type': 30, 'value': 36}]}"
1758399580,VERY_LONG,,1,45000000,,"{'id': 82800, 'context': 0, 'modifiers': [{'type': 6, 'value': 22629}], 'pet_breed_id': 7, 'pet_level': 25, 'pet_quality_id': 3, 'pet_species_id': 166}"
1758399582,LONG,,1,11213900,,"{'id': 171448, 'context': 13, 'bonus_lists': [6893], 'modifiers': [{'type': 9, 'value': 60}, {'type': 28, 'value': 391}, {'type': 29, 'value': 32}, {'type': 30, 'value': 49}]}"
1758399586,LONG,786600,1,,,{'id': 172414}
1758399588,LONG,786600,1,,,{'id': 177661}
1758399593,LONG,,1,1929800,,"{'id': 171378, 'context': 13, 'bonus_lists': [6885], 'modifiers': [{'type': 9, 'value': 60}, {'type': 28, 'value': 391}, {'type': 29, 'value': 36}, {'type': 30, 'value': 49}]}"
1758399594,VERY_LONG,,1,45000000,,"{'id': 82800, 'context': 0, 'modifiers': [{'type': 6, 'value': 46896}], 'pet_breed_id': 9, 'pet_level': 25, 'pet_quality_id': 3, 'pet_species_id': 1144}"
1758399598,LONG,988200,1,,,{'id': 177660}
1758399602,LONG,5729800,1,,,{'id': 172415}
1758399609,VERY_LONG,352900,1,,,{'id': 153438}
1758399611,LONG,4960800,1,,,{'id': 177962}
1758399615,VERY_LONG,,1,45000000,,"{'id': 82800, 'context': 0, 'modifiers': [{'type': 6, 'value': 65637}], 'pet_breed_id': 9, 'pet_level': 25, 'pet_quality_id': 3, 'pet_species_id': 1754}"
1758399619,LONG,,1,19909000,,"{'id': 184480, 'context': 0}"
1758399627,LONG,,1,19909000,,"{'id': 184480, 'context': 0}"
1758399631,LONG,,1,19909000,,"{'id': 184480, 'context': 0}"
1758399635,LONG,,1,19909000,,"{'id': 184480, 'context': 0}"
1758399639,LONG,,1,19909000,,"{'id': 184480, 'context': 0}"
1758399644,LONG,,1,1399400,,"{'id': 171379, 'context': 13, 'bonus_lists': [6890], 'modifiers': [{'type': 9, 'value': 60}, {'type': 28, 'value': 391}, {'type': 29, 'value': 40}, {'type': 30, 'value': 36}]}"
1758399647,LONG,11174200,1,,,{'id': 172366}
1758399650,LONG,4960800,1,,,{'id': 177715}
1758399652,LONG,,1,1958600,,"{'id': 171392, 'context': 13, 'modifiers': [{'type': 29, 'value': 49}, {'type': 30, 'value': 36}]}"
1758399654,VERY_LONG,,1,67000000,,"{'id': 82800, 'context': 0, 'modifiers': [{'type': 6, 'value': 23506}], 'pet_breed_id': 3, 'pet_level': 4, 'pet_quality_id': 3, 'pet_species_id': 174}"
1758399655,LONG,786600,1,,,{'id': 172407}
1758399660,LONG,,1,1663400,,"{'id': 171391, 'context': 13, 'bonus_lists': [6884], 'modifiers': [{'type': 9, 'value': 60}, {'type': 28, 'value': 391}, {'type': 29, 'value': 49}, {'type': 30, 'value': 40}]}"
1758399667,LONG,,1,1663400,,"{'id': 171391, 'context': 13, 'bonus_lists': [6884], 'modifiers': [{'type': 9, 'value': 60}, {'type': 28, 'value': 391}, {'type': 29, 'value': 49}, {'type': 30, 'value': 36}]}"
1758399676,LONG,,1,1663400,,"{'id': 171391, 'context': 13, 'bonus_lists': [6884], 'modifiers': [{'type': 9, 'value': 60}, {'type': 28, 'value': 391}, {'type': 29, 'value': 40}, {'type': 30, 'value': 32}]}"
1758399679,LONG,1431800,1,,,{'id': 172357}
1758399685,LONG,,1,7308900,,"{'id': 171449, 'context': 13, 'bonus_lists': [6893], 'modifiers': [{'type': 9, 'value': 60}, {'type': 28, 'value': 391}, {'type': 29, 'value': 49}, {'type': 30, 'value': 36}]}"
1758399696,LONG,2722200,1,,,{'id': 172361}
1758399699,LONG,786600,1,,,{'id': 172413}
1758399703,LONG,271800,1,,,{'id': 153434}
1758399704,VERY_LONG,,1,40000000,,"{'id': 82800, 'context': 0, 'modifiers': [{'type': 6, 'value': 90181}], 'pet_breed_id': 17, 'pet_level': 25, 'pet_quality_id': 3, 'pet_species_id': 2557}"
1758399708,LONG,4960800,1,,,{'id': 172408}
1758399711,LONG,,1,2520200,,"{'id': 171383, 'context': 13, 'modifiers': [{'type': 29, 'value': 40}, {'type': 30, 'value': 32}]}"
1758399715,LONG,,1,6300400,,"{'id': 171383, 'context': 13, 'modifiers': [{'type': 29, 'value': 40}, {'type': 30, 'value': 49}]}"
1758399721,VERY_LONG,,1,40000000,,"{'id': 82800, 'context': 0, 'modifiers': [{'type': 6, 'value': 90173}], 'pet_breed_id': 11, 'pet_level': 25, 'pet_quality_id': 3, 'pet_species_id': 2552}"
1758399723,LONG,8892900,1,,,{'id': 172365}
1758399728,LONG,,1,19593900,,"{'id': 171442, 'context': 13, 'bonus_lists': [6893], 'modifiers': [{'type': 9, 'value': 60}, {'type': 28, 'value': 391}, {'type': 29, 'value': 36}, {'type': 30, 'value': 32}]}"
1758399732,LONG,988200,1,,,{'id': 177716}
1758399733,LONG,2799500,1,,,{'id': 172411}
1758399735,LONG,3582300,1,,,{'id': 172412}
1758399739,LONG,,1,8084300,,"{'id': 173142, 'context': 13, 'bonus_lists': [3371]}"
1758399740,VERY_LONG,352900,1,,,{'id': 153441}
1758399741,VERY_LONG,,1,45000000,,"{'id': 82800, 'context': 0, 'modifiers': [{'type': 6, 'value': 22349}], 'pet_breed_id': 7, 'pet_level': 25, 'pet_quality_id': 3, 'pet_species_id': 153}"
1758399743,VERY_LONG,,1,45000000,,"{'id': 82800, 'context': 0, 'modifiers': [{'type': 6, 'value': 22349}], 'pet_breed_id': 7, 'pet_level': 25, 'pet_quality_id': 3, 'pet_species_id': 153}"
1758399744,LONG,786600,1,,,{'id': 172406}
1758399748,LONG,8892900,1,,,{'id': 172367}
1758399753,LONG,4960800,1,,,{'id': 172419}
1758399756,LONG,1431800,1,,,{'id': 172359}
1758399758,VERY_LONG,,1,45000000,,"{'id': 82800, 'context': 0, 'modifiers': [{'type': 6, 'value': 66487}], 'pet_breed_id': 17, 'pet_level': 25, 'pet_quality_id': 3, 'pet_species_id': 2551}"
1758399759,LONG,8892900,1,,,{'id': 172370}
1758399765,LONG,1431800,1,,,{'id': 172358}
1758399772,LONG,2747300,1,,,{'id': 172410}
1758399783,VERY_LONG,,1,45000000,,"{'id': 82800, 'context': 0, 'modifiers': [{'type': 6, 'value': 19987}], 'pet_breed_id': 13, 'pet_level': 25, 'pet_quality_id': 2, 'pet_species_id': 138}"
1758399808,VERY_LONG,,1,45000000,,"{'id': 82800, 'context': 0, 'modifiers': [{'type': 6, 'value': 15663}], 'pet_breed_id': 13, 'pet_level': 25, 'pet_quality_id': 3, 'pet_species_id': 120}"
1758399813,VERY_LONG,,1,45000000,,"{'id': 82800, 'context': 0, 'modifiers': [{'type': 6, 'value': 15663}], 'pet_breed_id': 13, 'pet_level': 25, 'pet_quality_id': 3, 'pet_species_id': 120}"
1758399854,VERY_LONG,,1,40000000,,"{'id': 82800, 'context': 0, 'modifiers': [{'type': 6, 'value': 49289}], 'pet_breed_id': 5, 'pet_level': 25, 'pet_quality_id': 3, 'pet_species_id': 1320}"
1758399859,VERY_LONG,,1,40000000,,"{'id': 82800, 'context': 0, 'modifiers': [{'type': 6, 'value': 49289}], 'pet_breed_id': 5, 'pet_level': 25, 'pet_quality_id': 3, 'pet_species_id': 1320}"
1758399888,VERY_LONG,,1,45000000,,"{'id': 82800, 'context': 0, 'modifiers': [{'type': 6, 'value': 36743}], 'pet_breed_id': 8, 'pet_level': 25, 'pet_quality_id': 3, 'pet_species_id': 2568}"
1758399901,VERY_LONG,,1,45000000,,"{'id': 82800, 'context': 0, 'modifiers': [{'type': 6, 'value': 59021}], 'pet_breed_id': 20, 'pet_level': 25, 'pet_quality_id': 3, 'pet_species_id': 1403}"
1758399928,VERY_LONG,,1,45000000,,"{'id': 82800, 'context': 0, 'modifiers': [{'type': 6, 'value': 73684}], 'pet_breed_id': 16, 'pet_level': 25, 'pet_quality_id': 3, 'pet_species_id': 1959}"
1758399979,VERY_LONG,,1,120000000,,"{'id': 82800, 'context': 0, 'modifiers': [{'type': 6, 'value': 51277}], 'pet_breed_id': 13, 'pet_level': 25, 'pet_quality_id': 2, 'pet_species_id': 1330}"
1758400020,VERY_LONG,,1,45000000,,"{'id': 82800, 'context': 0, 'modifiers': [{'type': 6, 'value': 66485}], 'pet_breed_id': 17, 'pet_level': 25, 'pet_quality_id': 3, 'pet_species_id': 1884}"
1758400080,LONG,3790000,5,,,{'id': 154166}
1758400083,VERY_LONG,,1,24000000,,"{'id': 82800, 'context': 0, 'modifiers': [{'type': 6, 'value': 74513}], 'pet_breed_id': 12, 'pet_level': 25, 'pet_quality_id': 3, 'pet_species_id': 2001}"
1758401112,LONG,10000000,5,,,{'id': 154168}
1758401113,VERY_LONG,,1,45000000,,"{'id': 82800, 'context': 0, 'modifiers': [{'type': 6, 'value': 94713}], 'pet_breed_id': 14, 'pet_level': 25, 'pet_quality_id': 3, 'pet_species_id': 2840}"
1758401149,VERY_LONG,,1,55000000,,"{'id': 82800, 'context': 0, 'modifiers': [{'type': 6, 'value': 80029}], 'pet_breed_id': 5, 'pet_level': 1, 'pet_quality_id': 2, 'pet_species_id': 2426}"
1758401187,VERY_LONG,,1,45006400,,"{'id': 82800, 'context': 0, 'modifiers': [{'type': 6, 'value': 64194}], 'pet_breed_id': 3, 'pet_level': 25, 'pet_quality_id': 3, 'pet_species_id': 1687}"
1758401216,VERY_LONG,,1,45000000,,"{'id': 82800, 'context': 0, 'modifiers': [{'type': 6, 'value': 33559}], 'pet_breed_id': 5, 'pet_level': 25, 'pet_quality_id': 3, 'pet_species_id': 262}"
1758401244,VERY_LONG,,1,45000000,,"{'id': 82800, 'context': 0, 'modifiers': [{'type': 6, 'value': 88057}], 'pet_breed_id': 17, 'pet_level': 25, 'pet_quality_id': 3, 'pet_species_id': 2465}"
1758401258,LONG,10000000,5,,,{'id': 154169}
1758401282,VERY_LONG,,1,55000000,,"{'id': 82800, 'context': 0, 'modifiers': [{'type': 6, 'value': 46811}], 'pet_breed_id': 7, 'pet_level': 25, 'pet_quality_id': 3, 'pet_species_id': 1126}"
1758401308,VERY_LONG,,1,45000100,,"{'id': 82800, 'context': 0, 'modifiers': [{'type': 6, 'value': 78243}], 'pet_breed_id': 16, 'pet_level': 25, 'pet_quality_id': 3, 'pet_species_id': 2569}"
1758401344,VERY_LONG,,1,45000000,,"{'id': 82800, 'context': 0, 'modifiers': [{'type': 6, 'value': 88008}], 'pet_breed_id': 14, 'pet_level': 25, 'pet_quality_id': 3, 'pet_species_id': 2454}"
1758401351,VERY_LONG,,1,45000000,,"{'id': 82800, 'context': 0, 'modifiers': [{'type': 6, 'value': 88008}], 'pet_breed_id': 14, 'pet_level': 25, 'pet_quality_id': 3, 'pet_species_id': 2454}"
1758401391,VERY_LONG,,1,40000000,,"{'id': 82800, 'context': 0, 'modifiers': [{'type': 6, 'value': 64425}], 'pet_breed_id': 8, 'pet_level': 25, 'pet_quality_id': 3, 'pet_species_id': 1690}"
1758401394,LONG,40000,10,,,{'id': 172359}
1758401433,VERY_LONG,,1,45000000,,"{'id': 82800, 'context': 0, 'modifiers': [{'type': 6, 'value': 88001}], 'pet_breed_id': 21, 'pet_level': 25, 'pet_quality_id': 3, 'pet_species_id': 2447}"
1758401487,VERY_LONG,,1,75000000,,"{'id': 82800, 'context': 0, 'modifiers': [{'type': 6, 'value': 42430}], 'pet_breed_id': 14, 'pet_level': 25, 'pet_quality_id': 3, 'pet_species_id': 1518}"
1758401494,VERY_LONG,,1,75000000,,"{'id': 82800, 'context': 0, 'modifiers': [{'type': 6, 'value': 42430}], 'pet_breed_id': 4, 'pet_level': 25, 'pet_quality_id': 3, 'pet_species_id': 1518}"
1758401552,VERY_LONG,,1,45000000,,"{'id': 82800, 'context': 0, 'modifiers': [{'type': 6, 'value': 44551}], 'pet_breed_id': 16, 'pet_level': 25, 'pet_quality_id': 3, 'pet_species_id': 1039}"
1758401557,LONG,250000,8,,,{'id': 177660}
1758401583,VERY_LONG,,1,67500000,,"{'id': 82800, 'context': 0, 'modifiers': [{'type': 6, 'value': 75381}], 'pet_breed_id': 22, 'pet_level': 1, 'pet_quality_id': 2, 'pet_species_id': 2425}"
1758401599,VERY_LONG,,1,45000000,,"{'id': 82800, 'context': 0, 'modifiers': [{'type': 6, 'value': 39130}], 'pet_breed_id': 20, 'pet_level': 25, 'pet_quality_id': 2, 'pet_species_id': 1446}"
1758401617,VERY_LONG,,1,120000000,,"{'id': 82800, 'context': 0, 'modifiers': [{'type': 6, 'value': 27627}], 'pet_breed_id': 4, 'pet_level': 25, 'pet_quality_id': 3, 'pet_species_id': 193}"
1758401630,VERY_LONG,,1,40000000,,"{'id': 82800, 'context': 0, 'modifiers': [{'type': 6, 'value': 60876}], 'pet_breed_id': 18, 'pet_level': 1, 'pet_quality_id': 3, 'pet_species_id': 1574}"
1758401650,LONG,,1,4512300,4331800,"{'id': 15743, 'context': 1, 'modifiers': [{'type': 28, 'value': 205}]}"
1758401653,LONG,4447500,10,,,{'id': 142406}
1758401679,LONG,,1,36709000,,"{'id': 170343, 'context': 13, 'bonus_lists': [1693]}"
1758401718,LONG,,1,10738400,10308900,"{'id': 31292, 'context': 0}"
1758401726,LONG,,1,1958600,,"{'id': 171387, 'context': 13, 'modifiers': [{'type': 29, 'value': 32}, {'type': 30, 'value': 40}]}"
1758401732,LONG,709400,25,,,{'id': 171437}
1758401742,LONG,,1,4896300,,"{'id': 171392, 'context': 13, 'modifiers': [{'type': 29, 'value': 36}, {'type': 30, 'value': 32}]}"
1758401748,LONG,,1,835300,,"{'id': 171381, 'context': 13, 'modifiers': [{'type': 29, 'value': 49}, {'type': 30, 'value': 40}]}"
1758401760,LONG,,1,59035300,,"{'id': 170345, 'context': 13, 'bonus_lists': [1703]}"
1758401761,LONG,,1,2500000,2400000,"{'id': 176802, 'context': 0, 'bonus_lists': [6908, 6652, 1717], 'modifiers': [{'type': 9, 'value': 52}, {'type': 28, 'value': 1707}]}"
1758401812,LONG,,1,65189300,,"{'id': 170354, 'context': 13, 'bonus_lists': [1684]}"
1758402067,VERY_LONG,2200,9848,,,{'id': 168650}
1758402085,VERY_LONG,2200,2400,,,{'id': 168650}
1758402116,VERY_LONG,250100,1400,,,{'id': 114931}
1758402139,VERY_LONG,10000,24,,,{'id': 2454}
1758402157,VERY_LONG,880000,29,,,{'id': 109220}
1758402171,VERY_LONG,547600,36,,,{'id': 109221}
1758402200,VERY_LONG,520400,10,,,{'id': 58144}
1758402210,VERY_LONG,35800,22,,,{'id': 58084}
1758402226,VERY_LONG,447600,12,,,{'id': 58091}
1758402251,VERY_LONG,450000,7,,,{'id': 43854}
1758402264,VERY_LONG,1889500,9,,,{'id': 74716}
1758402337,VERY_LONG,,1,882600,,"{'id': 87409, 'context': 0, 'modifiers': [{'type': 28, 'value': 1032}]}"
1758402371,VERY_LONG,1115100,1,,,{'id': 76664}
1758402396,VERY_LONG,450100,6,,,{'id': 43107}
1758402434,VERY_LONG,1115100,2,,,{'id': 76701}
1758402439,VERY_LONG,103800,1,,,{'id': 36926}
1758402460,VERY_LONG,450400,50,,,{'id': 7966}
1758402469,VERY_LONG,,1,4507600,,"{'id': 45093, 'context': 3}"
1758402478,VERY_LONG,,1,3802100,,"{'id': 11208, 'context': 0}"
1758402487,VERY_LONG,199000,13,,,{'id': 152877}
1758402513,VERY_LONG,,1,7508200,,"{'id': 72002, 'context': 0}"
1758402532,VERY_LONG,1115100,9,,,{'id': 76698}
1758402546,VERY_LONG,350800,17,,,{'id': 3466}
1758402591,VERY_LONG,563800,3,,,{'id': 23737}
1758402611,VERY_LONG,1507600,5,,,{'id': 57194}
1758402625,VERY_LONG,770400,1,,,{'id': 57099}
1758402641,VERY_LONG,557600,9,,,{'id': 40081}
1758402661,VERY_LONG,559100,8,,,{'id': 57192}
1758402667,VERY_LONG,953500,3,,,{'id': 76088}
1758402675,VERY_LONG,,1,55551400,,"{'id': 165749, 'context': 11, 'modifiers': [{'type': 28, 'value': 391}]}"
1758402687,VERY_LONG,490000,14,,,{'id': 58090}
1758402708,VERY_LONG,7600,9,,,{'id': 58143}
1758402736,VERY_LONG,,1,45000000,,"{'id': 2194, 'context': 54, 'bonus_lists': [4274], 'modifiers': [{'type': 9, 'value': 36}]}"
1758402784,VERY_LONG,2459900,360,,,{'id': 76061}
1758402994,LONG,,1,24738900,,"{'id': 41357, 'context': 0}"
1758402998,LONG,,1,24738900,,"{'id': 41357, 'context': 0}"
1758403026,VERY_LONG,2200,4000,,,{'id': 168650}
1758403047,VERY_LONG,250100,1414,,,{'id': 114931}
1758403050,LONG,,1,30522900,,"{'id': 41114, 'context': 0}"
1758403079,VERY_LONG,451000,1082,,,{'id': 3577}
1758404152,LONG,,1,5512800,,"{'id': 7969, 'context': 0}"
1758404363,LONG,,1,1186900,,"{'id': 3480, 'context': 0}"
1758404368,LONG,,1,125100,,"{'id': 12682, 'context': 1, 'modifiers': [{'type': 28, 'value': 205}]}"
1758404370,LONG,,1,2345000,,"{'id': 6040, 'context': 0}"
1758404376,LONG,,1,13854800,,"{'id': 40955, 'context': 0}"
1758404380,LONG,,1,13854800,,"{'id': 40955, 'context': 0}"
1758404386,LONG,,1,30522900,,"{'id': 41114, 'context': 0}"
1758404390,LONG,,1,15627200,,"{'id': 82962, 'context': 0}"
1758404393,LONG,,1,15627200,,"{'id': 82962, 'context': 0}"
1758404398,LONG,,1,35303300,,"{'id': 41345, 'context': 0}"
1758404401,LONG,,1,35303300,,"{'id': 41345, 'context': 0}"
1758404404,LONG,,1,1471800,,"{'id': 3835, 'context': 0}"
1758404408,LONG,,1,1471800,,"{'id': 3835, 'context': 0}"
1758404411,LONG,,1,1375100,,"{'id': 12693, 'context': 1, 'modifiers': [{'type': 28, 'value': 205}]}"
1758404417,LONG,,1,5512800,,"{'id': 7969, 'context': 0}"
1758404437,VERY_LONG,300000,103,,,{'id': 52328}
1758404637,LONG,,1,3829400,,"{'id': 31308, 'context': 1, 'bonus_lists': [6659], 'modifiers': [{'type': 9, 'value': 30}, {'type': 28, 'value': 225}]}"
1758404674,LONG,4400,2,,,{'id': 108996}
1758404696,LONG,502300,10,,,{'id': 32464}
1758404710,LONG,100000,1,,,{'id': 41808}
1758404729,LONG,3761000,2,,,{'id': 162516}
1758404739,LONG,1758300,9,,,{'id': 23427}
1758404760,LONG,18700,1,,,{'id': 173859}
1758404795,LONG,800,32,,,{'id': 160298}
1758404808,VERY_LONG,,1,10000000,,"{'id': 116794, 'context': 0, 'modifiers': [{'type': 28, 'value': 64}]}"
1758404814,VERY_LONG,,1,10000000,,"{'id': 116794, 'context': 0, 'modifiers': [{'type': 28, 'value': 64}]}"
1758404818,LONG,507800,10,,,{'id': 116268}
1758404819,VERY_LONG,,1,10000000,,"{'id': 116794, 'context': 0, 'modifiers': [{'type': 28, 'value': 64}]}"
1758404842,LONG,98400,2,,,{'id': 154168}
1758404873,VERY_LONG,130000,1,,,{'id': 104108}
1758404875,LONG,700000,2,,,{'id': 118472}
1758404899,LONG,30000,7,,,{'id': 152545}
1758404912,VERY_LONG,480000,34,,,{'id': 80433}
1758404926,VERY_LONG,11600,181,,,{'id': 168303}
1758404929,LONG,1372800,1,,,{'id': 163223}
1758404945,VERY_LONG,,1,4508800,,"{'id': 32755, 'context': 0}"
1758404949,LONG,2500000,1,,,{'id': 80588}
1758404952,VERY_LONG,,1,4508800,,"{'id': 32755, 'context': 0}"
1758404960,LONG,499700,1,,,{'id': 43398}
1758404965,VERY_LONG,9900,256,,,{'id': 168216}
1758404971,LONG,2109300,1,,,{'id': 80587}
1758404972,VERY_LONG,53800,1,,,{'id': 36920}
1758404985,LONG,9900,46,,,{'id': 168645}
1758404994,VERY_LONG,502300,2,,,{'id': 32464}
1758404998,LONG,228200,30,,,{'id': 124444}
1758405011,VERY_LONG,20000,303,,,{'id': 14344}
1758405015,LONG,9000,1,,,{'id': 109184}
1758405025,VERY_LONG,,1,1502600,,"{'id': 86280, 'context': 0, 'modifiers': [{'type': 28, 'value': 1032}]}"
1758405032,VERY_LONG,,1,3502600,,"{'id': 86281, 'context': 0, 'modifiers': [{'type': 28, 'value': 1032}]}"
1758405042,LONG,,1,2000000000,,"{'id': 52253, 'context': 11}"
1758405056,LONG,14000,1,,,{'id': 173043}
1758405066,LONG,502300,20,,,{'id': 32464}
1758405073,LONG,13000,1,,,{'id': 158187}
1758405075,VERY_LONG,546800,165,,,{'id': 35562}
1758405084,VERY_LONG,447400,62,,,{'id': 133588}
1758405085,LONG,990000,4,,,{'id': 154169}
1758405101,VERY_LONG,,1,350300,,"{'id': 4293, 'context': 0}"
1758405102,LONG,48600,2,,,{'id': 152550}
1758405120,VERY_LONG,3336600,1,,,{'id': 76632}
1758405125,LONG,3400,2,,,{'id': 172048}
1758405138,VERY_LONG,,1,4808200,,"{'id': 72001, 'context': 0}"
1758405164,VERY_LONG,1115100,1,,,{'id': 76657}
1758405193,VERY_LONG,373500,88,,,{'id': 52329}
1758405249,VERY_LONG,857600,86,,,{'id': 52179}
1758405273,VERY_LONG,,1,3900000,,"{'id': 52371, 'context': 0}"
1758405303,VERY_LONG,3336600,13,,,{'id': 76629}
1758405332,VERY_LONG,960000,1,,,{'id': 76639}
1758405352,VERY_LONG,450000,185,,,{'id': 136637}
1758405372,VERY_LONG,690400,22,,,{'id': 58142}
1758405397,VERY_LONG,,1,77770000,,"{'id': 21939, 'context': 0}"
1758405419,VERY_LONG,450000,13,,,{'id': 43104}
1758405439,VERY_LONG,660800,15,,,{'id': 10647}
1758405463,VERY_LONG,930400,7,,,{'id': 15992}
1758405476,VERY_LONG,997500,48,,,{'id': 36909}
1758405482,VERY_LONG,2780100,7,,,{'id': 38845}
1758405493,VERY_LONG,10000,170,,,{'id': 109139}
1758405511,VERY_LONG,15008100,4,,,{'id': 23787}
1758405520,VERY_LONG,1369000,1,,,{'id': 109584}
1758405530,VERY_LONG,3000000,3,,,{'id': 38934}
1758405538,VERY_LONG,16505900,3,,,{'id': 52762}
1758405547,VERY_LONG,2901600,2,,,{'id': 44458}
1758405555,VERY_LONG,2454800,13,,,{'id': 52743}
1758405565,VERY_LONG,78500,1516,,,{'id': 34054}
1758405576,VERY_LONG,4000,1116,,,{'id': 109693}
1758405609,VERY_LONG,,1,22000000,,"{'id': 128311, 'context': 31, 'modifiers': [{'type': 28, 'value': 872}]}"
1758405617,VERY_LONG,,1,22000000,,"{'id': 128311, 'context': 31}"
1758405621,VERY_LONG,,1,22000000,,"{'id': 128311, 'context': 31, 'modifiers': [{'type': 28, 'value': 176}]}"
1758405624,VERY_LONG,,1,22000000,,"{'id': 128311, 'context': 1}"
1758405626,VERY_LONG,,1,22000000,,"{'id': 128311, 'context': 31, 'modifiers': [{'type': 28, 'value': 176}]}"
1758405666,VERY_LONG,,1,40000000,,"{'id': 170201, 'context': 0, 'bonus_lists': [4796, 4802, 1710], 'modifiers': [{'type': 9, 'value': 50}]}"
1758405686,VERY_LONG,,1,4400000,,"{'id': 7494, 'context': 53, 'bonus_lists': [4277, 1706], 'modifiers': [{'type': 9, 'value': 45}]}"
1758405706,VERY_LONG,,1,44009100,,"{'id': 31125, 'context': 36, 'bonus_lists': [3911], 'modifiers': [{'type': 9, 'value': 50}]}"
1758405723,VERY_LONG,,1,30000000,,"{'id': 24836, 'context': 30, 'bonus_lists': [1694, 3850], 'modifiers': [{'type': 9, 'value': 50}]}"
1758405739,VERY_LONG,,1,40007200,,"{'id': 2824, 'context': 54, 'bonus_lists': [4259], 'modifiers': [{'type': 9, 'value': 35}]}"
1758405754,VERY_LONG,,1,45008900,,"{'id': 44741, 'context': 0, 'bonus_lists': [1706]}"
1758405763,VERY_LONG,,1,45001000,,"{'id': 87486, 'context': 36, 'bonus_lists': [4767], 'modifiers': [{'type': 9, 'value': 50}]}"
1758405784,VERY_LONG,,1,7000000,,"{'id': 7489, 'context': 1, 'bonus_lists': [1708]}"
1758405828,VERY_LONG,,1,40009900,,"{'id': 87446, 'context': 36, 'bonus_lists': [4760], 'modifiers': [{'type': 9, 'value': 50}]}"
1758405838,VERY_LONG,,1,500000,,"{'id': 77530, 'context': 0}"
1758405889,VERY_LONG,600000,200,,,{'id': 35625}
1758405911,VERY_LONG,2450000,67,,,{'id': 63128}
1758405931,VERY_LONG,1501600,13,,,{'id': 38949}
1758405955,VERY_LONG,2500000,217,,,{'id': 22456}
1758405959,VERY_LONG,464900,200,,,{'id': 90146}
1758405963,VERY_LONG,6500000,3,,,{'id': 52687}
1758405983,VERY_LONG,,1,8990000,,"{'id': 82800, 'context': 0, 'modifiers': [{'type': 6, 'value': 66212}], 'pet_breed_id': 22, 'pet_level': 1, 'pet_quality_id': 3, 'pet_species_id': 1808}"
1758405992,VERY_LONG,,1,55000000,,"{'id': 82800, 'context': 0, 'modifiers': [{'type': 6, 'value': 46811}], 'pet_breed_id': 7, 'pet_level': 25, 'pet_quality_id': 3, 'pet_species_id': 1126}"
1758405997,VERY_LONG,,1,45000000,,"{'id': 82800, 'context': 0, 'modifiers': [{'type': 6, 'value': 88000}], 'pet_breed_id': 22, 'pet_level': 25, 'pet_quality_id': 3, 'pet_species_id': 2446}"
1758406008,VERY_LONG,,1,50000000,,"{'id': 82800, 'context': 0, 'modifiers': [{'type': 6, 'value': 48856}], 'pet_breed_id': 8, 'pet_level': 1, 'pet_quality_id': 3, 'pet_species_id': 1228}"
1758407121,VERY_LONG,464900,41,,,{'id': 90146}
1758407156,VERY_LONG,4600100,68,,,{'id': 94289}
1758407191,VERY_LONG,1900000,118,,,{'id': 23447}
1758407219,VERY_LONG,130000,100,,,{'id': 74248}
1758407243,VERY_LONG,300000,453,,,{'id': 52328}
1758407265,VERY_LONG,1115100,3,,,{'id': 76675}
1758407289,VERY_LONG,,1,10000000,,"{'id': 116794, 'context': 0, 'modifiers': [{'type': 28, 'value': 64}]}"
1758407294,VERY_LONG,,1,10000000,,"{'id': 116794, 'context': 0, 'modifiers': [{'type': 28, 'value': 64}]}"
1758407301,VERY_LONG,22229700,2,,,{'id': 52761}
1758407317,VERY_LONG,755300,2,,,{'id': 74710}
1758407349,VERY_LONG,150100,29,,,{'id': 168215}
1758407384,VERY_LONG,280000,204,,,{'id': 52988}
1758407390,VERY_LONG,447400,3,,,{'id': 133588}
1758407400,VERY_LONG,373500,53,,,{'id': 52329}
1758407414,VERY_LONG,,1,7503100,,"{'id': 9303, 'context': 14}"
1758407456,VERY_LONG,,1,40007000,,"{'id': 66920, 'context': 0, 'bonus_lists': [6659], 'modifiers': [{'type': 9, 'value': 35}, {'type': 28, 'value': 56}]}"
1758407486,VERY_LONG,,1,26005300,,"{'id': 86847, 'context': 0, 'modifiers': [{'type': 28, 'value': 60}]}"
1758407514,VERY_LONG,,1,33000000,,"{'id': 31149, 'context': 30, 'bonus_lists': [3911], 'modifiers': [{'type': 9, 'value': 50}]}"
1758407539,VERY_LONG,,1,45009000,,"{'id': 87495, 'context': 36, 'bonus_lists': [4296], 'modifiers': [{'type': 9, 'value': 50}]}"
1758407579,VERY_LONG,,1,15001100,,"{'id': 37197, 'context': 2, 'bonus_lists': [4196], 'modifiers': [{'type': 9, 'value': 47}]}"
1758407616,VERY_LONG,,1,6500000,,"{'id': 7490, 'context': 1, 'bonus_lists': [1692]}"
1758407895,VERY_LONG,3940000,1,,,{'id': 177659}
1758408271,VERY_LONG,,1,35009300,,"{'id': 71006, 'context': 3, 'modifiers': [{'type': 28, 'value': 1029}]}"
1758408337,VERY_LONG,,1,15009300,,"{'id': 71038, 'context': 3, 'modifiers': [{'type': 28, 'value': 1029}]}"
1758408444,VERY_LONG,889000,3,,,{'id': 172418}
1758410607,VERY_LONG,,1,16500000,,"{'id': 173249, 'context': 64, 'bonus_lists': [6717, 7193, 1507]}"
1758410613,VERY_LONG,,1,16500000,,"{'id': 173249, 'context': 64, 'bonus_lists': [6717, 7194, 1507]}"
1758410618,VERY_LONG,,1,16500000,,"{'id': 173249, 'context': 64, 'bonus_lists': [6717, 7194, 1507]}"
1758411089,VERY_LONG,1449800,38,,,{'id': 172233}
1758412055,LONG,,1,517000000,,"{'id': 172325, 'context': 66, 'bonus_lists': [6758, 7193, 1532]}"
1758412061,LONG,,1,429309600,,"{'id': 171417, 'context': 66, 'bonus_lists': [6758, 1532]}"
1758412064,LONG,,1,429309600,,"{'id': 171417, 'context': 66, 'bonus_lists': [6758, 1532]}"
1758412072,LONG,,1,781361800,,"{'id': 172320, 'context': 65, 'bonus_lists': [6718, 7194, 1522]}"
1758412078,LONG,,1,800000000,,"{'id': 172320, 'context': 66, 'bonus_lists': [6758, 7193, 1532]}"
1758412085,LONG,,1,400000000,,"{'id': 172321, 'context': 66, 'bonus_lists': [6758, 7194, 1532]}"
1758412088,LONG,,1,336856100,,"{'id': 171413, 'context': 66, 'bonus_lists': [6758, 1532]}"
1758412099,LONG,,1,1199990000,,"{'id': 172329, 'context': 66, 'bonus_lists': [6758, 7193, 1532]}"
1758413103,LONG,,1,360790000,,"{'id': 172327, 'context': 65, 'bonus_lists': [6718, 1522]}"
1758413108,LONG,,1,370310000,,"{'id': 172323, 'context': 65, 'bonus_lists': [6718, 1522]}"
1758413112,LONG,,1,449870000,,"{'id': 172323, 'context': 66, 'bonus_lists': [6758, 1532]}"
1758413120,LONG,,1,1200000000,,"{'id': 172322, 'context': 66, 'bonus_lists': [6758, 1532]}"
1758413123,LONG,,1,435000000,,"{'id': 172315, 'context': 66, 'bonus_lists': [6758, 1532]}"
1758413128,LONG,,1,396088900,,"{'id': 171419, 'context': 66, 'bonus_lists': [6758, 7193, 1532]}"
1758413137,LONG,,1,520007100,,"{'id': 172317, 'context': 66, 'bonus_lists': [6758, 7194, 1532]}"
1758413142,LONG,,1,1200000000,,"{'id': 171412, 'context': 66, 'bonus_lists': [6758, 1532]}"
1758414470,VERY_LONG,259500,64,,,{'id': 72094}
1758414493,VERY_LONG,92500,9000,,,{'id': 72092}
1758414519,VERY_LONG,92500,9000,,,{'id': 72092}
1758414548,VERY_LONG,92500,6088,,,{'id': 72092}
1758414585,VERY_LONG,250000,1098,,,{'id': 72096}
1758414615,VERY_LONG,258500,24,,,{'id': 72103}
1758414636,VERY_LONG,,1,359115300,,"{'id': 172325, 'context': 65, 'bonus_lists': [6718, 7194, 1522]}"
1758414654,VERY_LONG,2459900,2,,,{'id': 76061}
1758414657,VERY_LONG,,1,434310000,,"{'id': 172317, 'context': 65, 'bonus_lists': [6718, 7194, 1522]}"
1758414676,VERY_LONG,8800,5,,,{'id': 72988}
1758414699,VERY_LONG,,1,120462200,,"{'id': 171415, 'context': 65, 'bonus_lists': [6718, 7194, 1522]}"
1758414705,VERY_LONG,,1,120462200,,"{'id': 171415, 'context': 65, 'bonus_lists': [6718, 7193, 1522]}"
1758414711,VERY_LONG,,1,120462200,,"{'id': 171415, 'context': 65, 'bonus_lists': [6718, 7194, 1522]}"
1758414713,VERY_LONG,,1,120462200,,"{'id': 171415, 'context': 65, 'bonus_lists': [6718, 7193, 1522]}"
1758414715,VERY_LONG,,1,120462200,,"{'id': 171415, 'context': 65, 'bonus_lists': [6718, 7194, 1522]}"
1758414717,VERY_LONG,,1,120462200,,"{'id': 171415, 'context': 65, 'bonus_lists': [6718, 7193, 1522]}"
1758414721,VERY_LONG,,1,120462200,,"{'id': 171415, 'context': 65, 'bonus_lists': [6718, 7193, 1522]}"
1758414723,VERY_LONG,,1,120462200,,"{'id': 171415, 'context': 65, 'bonus_lists': [6718, 7194, 1522]}"
1758414727,VERY_LONG,,1,120462200,,"{'id': 171415, 'context': 65, 'bonus_lists': [6718, 7194, 1522]}"
1758414731,VERY_LONG,,1,120462200,,"{'id': 171415, 'context': 65, 'bonus_lists': [6718, 7194, 1522]}"
1758414733,VERY_LONG,,1,120462200,,"{'id': 171415, 'context': 65, 'bonus_lists': [6718, 7193, 1522]}"
1758414737,VERY_LONG,,1,120462200,,"{'id': 171415, 'context': 65, 'bonus_lists': [6718, 7194, 1522]}"
1758414742,VERY_LONG,,1,120462200,,"{'id': 171415, 'context': 65, 'bonus_lists': [6718, 7193, 1522]}"
1758414746,VERY_LONG,,1,120462200,,"{'id': 171415, 'context': 65, 'bonus_lists': [6718, 7194, 1522]}"
1758414751,VERY_LONG,,1,120462200,,"{'id': 171415, 'context': 65, 'bonus_lists': [6718, 7194, 1522]}"
1758414796,VERY_LONG,,1,9005300,,"{'id': 171419, 'context': 63, 'bonus_lists': [6716, 7194, 1487]}"
1758414887,VERY_LONG,,1,19995300,,"{'id': 171419, 'context': 63, 'bonus_lists': [6716, 7193, 1487]}"
1758414891,VERY_LONG,,1,19995300,,"{'id': 171419, 'context': 63, 'bonus_lists': [6716, 7193, 1487]}"
1758414897,VERY_LONG,,1,19995300,,"{'id': 171419, 'context': 63, 'bonus_lists': [6716, 7193, 1487]}"
1758414901,VERY_LONG,,1,19995300,,"{'id': 171419, 'context': 63, 'bonus_lists': [6716, 7194, 1487]}"
1758414907,VERY_LONG,,1,19995300,,"{'id': 171419, 'context': 63, 'bonus_lists': [6716, 7194, 1487]}"
1758414911,VERY_LONG,,1,19995300,,"{'id': 171419, 'context': 63, 'bonus_lists': [6716, 7194, 1487]}"
1758414914,VERY_LONG,,1,19995300,,"{'id': 171419, 'context': 63, 'bonus_lists': [6716, 7194, 1487]}"
1758414919,VERY_LONG,,1,19995300,,"{'id': 171419, 'context': 63, 'bonus_lists': [6716, 7194, 1487]}"
1758414923,VERY_LONG,,1,19995300,,"{'id': 171419, 'context': 63, 'bonus_lists': [6716, 7194, 1487]}"
1758414928,VERY_LONG,,1,19995300,,"{'id': 171419, 'context': 63, 'bonus_lists': [6716, 7193, 1487]}"
1758414933,VERY_LONG,,1,19995300,,"{'id': 171419, 'context': 63, 'bonus_lists': [6716, 7193, 1487]}"
1758414939,VERY_LONG,,1,19995300,,"{'id': 171419, 'context': 63, 'bonus_lists': [6716, 7194, 1487]}"
1758414944,VERY_LONG,,1,19995300,,"{'id': 171419, 'context': 63, 'bonus_lists': [6716, 7194, 1487]}"
1758414948,VERY_LONG,,1,19995300,,"{'id': 171419, 'context': 63, 'bonus_lists': [6716, 7193, 1487]}"
1758414954,VERY_LONG,,1,19995300,,"{'id': 171419, 'context': 63, 'bonus_lists': [6716, 7193, 1487]}"
1758414958,VERY_LONG,,1,19995300,,"{'id': 171419, 'context': 63, 'bonus_lists': [6716, 7194, 1487]}"
1758415048,VERY_LONG,,1,206980000,,"{'id': 172329, 'context': 65, 'bonus_lists': [6718, 7194, 1522]}"
1758415055,VERY_LONG,,1,206980000,,"{'id': 172329, 'context': 65, 'bonus_lists': [6718, 7194, 1522]}"
1758415059,VERY_LONG,,1,206980000,,"{'id': 172329, 'context': 65, 'bonus_lists': [6718, 7193, 1522]}"
1758415065,VERY_LONG,,1,206980000,,"{'id': 172329, 'context': 65, 'bonus_lists': [6718, 7194, 1522]}"
1758415111,VERY_LONG,,1,168630000,,"{'id': 172329, 'context': 64, 'bonus_lists': [6717, 7194, 1507]}"
1758415114,VERY_LONG,,1,168630000,,"{'id': 172329, 'context': 64, 'bonus_lists': [6717, 7194, 1507]}"
1758415119,VERY_LONG,,1,168630000,,"{'id': 172329, 'context': 64, 'bonus_lists': [6717, 7194, 1507]}"
1758415122,VERY_LONG,,1,168630000,,"{'id': 172329, 'context': 64, 'bonus_lists': [6717, 7193, 1507]}"
1758415127,VERY_LONG,,1,168630000,,"{'id': 172329, 'context': 64, 'bonus_lists': [6717, 7194, 1507]}"
1758415211,VERY_LONG,,1,399990000,,"{'id': 172314, 'context': 65, 'bonus_lists': [6718, 1522]}"
1758415214,VERY_LONG,,1,399990000,,"{'id': 172314, 'context': 65, 'bonus_lists': [6718, 1522]}"
1758415318,VERY_LONG,,1,222940700,,"{'id': 172314, 'context': 64, 'bonus_lists': [6717, 1507]}"
1758415322,VERY_LONG,,1,222940700,,"{'id': 172314, 'context': 64, 'bonus_lists': [6717, 1507]}"
1758415324,VERY_LONG,,1,222940700,,"{'id': 172314, 'context': 64, 'bonus_lists': [6717, 1507]}"
1758415329,VERY_LONG,,1,222940700,,"{'id': 172314, 'context': 64, 'bonus_lists': [6717, 1507]}"
1758415333,VERY_LONG,,1,222940700,,"{'id': 172314, 'context': 64, 'bonus_lists': [6717, 1507]}"
1758415340,VERY_LONG,,1,222940700,,"{'id': 172314, 'context': 64, 'bonus_lists': [6717, 1507]}"
1758415364,VERY_LONG,,1,120000000,,"{'id': 172314, 'context': 63, 'bonus_lists': [6716, 1487]}"
1758415368,VERY_LONG,,1,120000000,,"{'id': 172314, 'context': 63, 'bonus_lists': [6716, 1487]}"
1758415421,VERY_LONG,,1,42450000,,"{'id': 171414, 'context': 63, 'bonus_lists': [6716, 1487]}"
1758415429,VERY_LONG,,1,42450000,,"{'id': 171414, 'context': 63, 'bonus_lists': [6716, 1487]}"
1758415440,VERY_LONG,,1,42450000,,"{'id': 171414, 'context': 63, 'bonus_lists': [6716, 1487]}"
1758415446,VERY_LONG,,1,42450000,,"{'id': 171414, 'context': 63, 'bonus_lists': [6716, 1487]}"
1758415448,VERY_LONG,,1,42450000,,"{'id': 171414, 'context': 63, 'bonus_lists': [6716, 1487]}"
1758415451,VERY_LONG,,1,42450000,,"{'id': 171414, 'context': 63, 'bonus_lists': [6716, 1487]}"
1758415486,VERY_LONG,,1,42450000,,"{'id': 171414, 'context': 63, 'bonus_lists': [6716, 1487]}"
1758415489,VERY_LONG,,1,42450000,,"{'id': 171414, 'context': 63, 'bonus_lists': [6716, 1487]}"
1758415493,VERY_LONG,,1,42450000,,"{'id': 171414, 'context': 63, 'bonus_lists': [6716, 1487]}"
1758415494,VERY_LONG,,1,42450000,,"{'id': 171414, 'context': 63, 'bonus_lists': [6716, 1487]}"
1758415512,VERY_LONG,,1,111610500,,"{'id': 172324, 'context': 63, 'bonus_lists': [6716, 1487]}"
1758415514,VERY_LONG,,1,111610500,,"{'id': 172324, 'context': 63, 'bonus_lists': [6716, 1487]}"
1758415519,VERY_LONG,,1,111610500,,"{'id': 172324, 'context': 63, 'bonus_lists': [6716, 1487]}"
1758415522,VERY_LONG,,1,111610500,,"{'id': 172324, 'context': 63, 'bonus_lists': [6716, 1487]}"
1758415524,VERY_LONG,,1,111610500,,"{'id': 172324, 'context': 63, 'bonus_lists': [6716, 1487]}"
1758415527,VERY_LONG,,1,111610500,,"{'id': 172324, 'context': 63, 'bonus_lists': [6716, 1487]}"
1758415530,VERY_LONG,,1,111610500,,"{'id': 172324, 'context': 63, 'bonus_lists': [6716, 1487]}"
1758415534,VERY_LONG,,1,111610500,,"{'id': 172324, 'context': 63, 'bonus_lists': [6716, 1487]}"
1758415539,VERY_LONG,,1,111610500,,"{'id': 172324, 'context': 63, 'bonus_lists': [6716, 1487]}"
1758415542,VERY_LONG,,1,111610500,,"{'id': 172324, 'context': 63, 'bonus_lists': [6716, 1487]}"
1758415548,VERY_LONG,,1,111610500,,"{'id': 172324, 'context': 63, 'bonus_lists': [6716, 1487]}"
1758415672,VERY_LONG,,1,169870000,,"{'id': 172328, 'context': 64, 'bonus_lists': [6717, 7194, 1507]}"
1758415679,VERY_LONG,,1,169870000,,"{'id': 172328, 'context': 64, 'bonus_lists': [6717, 7193, 1507]}"
1758415684,VERY_LONG,,1,169870000,,"{'id': 172328, 'context': 64, 'bonus_lists': [6717, 7193, 1507]}"
1758415688,VERY_LONG,,1,169870000,,"{'id': 172328, 'context': 64, 'bonus_lists': [6717, 7193, 1507]}"
1758415694,VERY_LONG,,1,169870000,,"{'id': 172328, 'context': 64, 'bonus_lists': [6717, 7193, 1507]}"
1758415702,VERY_LONG,,1,169870000,,"{'id': 172328, 'context': 64, 'bonus_lists': [6717, 7194, 1507]}"
1758415707,VERY_LONG,,1,169870000,,"{'id': 172328, 'context': 64, 'bonus_lists': [6717, 7193, 1507]}"
1758415742,VERY_LONG,,1,234310000,,"{'id': 172326, 'context': 64, 'bonus_lists': [6717, 1507]}"
1758415745,VERY_LONG,,1,234310000,,"{'id': 172326, 'context': 64, 'bonus_lists': [6717, 1507]}"
1758415746,VERY_LONG,92500,9000,,,{'id': 72092}
1758415753,VERY_LONG,,1,234310000,,"{'id': 172326, 'context': 64, 'bonus_lists': [6717, 1507]}"
1758415758,VERY_LONG,,1,234310000,,"{'id': 172326, 'context': 64, 'bonus_lists': [6717, 1507]}"
1758415764,VERY_LONG,,1,234310000,,"{'id': 172326, 'context': 64, 'bonus_lists': [6717, 1507]}"
1758415771,VERY_LONG,,1,234310000,,"{'id': 172326, 'context': 64, 'bonus_lists': [6717, 1507]}"
1758415775,VERY_LONG,92500,9000,,,{'id': 72092}
1758415801,VERY_LONG,92500,8167,,,{'id': 72092}
1758415865,LONG,,1,79990000,,"{'id': 180755, 'context': 13}"
1758415888,LONG,19500000,1,,,{'id': 173097}
1758417160,LONG,3140000,40,,,{'id': 181468}
1758417383,LONG,153600,2,,,{'id': 3355}
1758417384,LONG,,1,4300000,,"{'id': 173195, 'context': 0, 'modifiers': [{'type': 29, 'value': 40}, {'type': 30, 'value': 32}]}"
1758417389,VERY_LONG,92500,9000,,,{'id': 72092}
1758417397,LONG,,1,3130000,,"{'id': 173194, 'context': 0, 'bonus_lists': [6887], 'modifiers': [{'type': 9, 'value': 60}, {'type': 28, 'value': 391}, {'type': 29, 'value': 36}, {'type': 30, 'value': 32}]}"
1758417408,VERY_LONG,92500,6200,,,{'id': 72092}
1758417420,LONG,,1,4300000,,"{'id': 173195, 'context': 0, 'modifiers': [{'type': 29, 'value': 36}, {'type': 30, 'value': 32}]}"
1758417470,VERY_LONG,,1,4300000,,"{'id': 173195, 'context': 0, 'modifiers': [{'type': 29, 'value': 49}, {'type': 30, 'value': 36}]}"
1758417494,VERY_LONG,,1,4300000,,"{'id': 173195, 'context': 0, 'modifiers': [{'type': 29, 'value': 32}, {'type': 30, 'value': 49}]}"
1758417521,VERY_LONG,,1,4300000,,"{'id': 173195, 'context': 0, 'modifiers': [{'type': 29, 'value': 40}, {'type': 30, 'value': 36}]}"
1758417629,VERY_LONG,,1,2990000,,"{'id': 173196, 'context': 0, 'bonus_lists': [6887], 'modifiers': [{'type': 9, 'value': 56}, {'type': 28, 'value': 391}, {'type': 29, 'value': 32}, {'type': 30, 'value': 40}]}"
1758417730,VERY_LONG,80000,2,,,{'id': 173192}
1758417941,VERY_LONG,,1,1199990000,,"{'id': 172329, 'context': 66, 'bonus_lists': [6758, 7194, 1532]}"
1758417994,VERY_LONG,,1,400000000,,"{'id': 172321, 'context': 66, 'bonus_lists': [6758, 7194, 1532]}"
1758418041,VERY_LONG,,1,168630000,,"{'id': 172329, 'context': 64, 'bonus_lists': [6717, 7193, 1507]}"
1758418047,VERY_LONG,,1,168630000,,"{'id': 172329, 'context': 64, 'bonus_lists': [6717, 7194, 1507]}"
1758418053,VERY_LONG,,1,168630000,,"{'id': 172329, 'context': 64, 'bonus_lists': [6717, 7193, 1507]}"
1758418081,VERY_LONG,,1,99990000,,"{'id': 172329, 'context': 63, 'bonus_lists': [6716, 7193, 1487]}"
1758418084,VERY_LONG,,1,99990000,,"{'id': 172329, 'context': 63, 'bonus_lists': [6716, 7194, 1487]}"
1758418091,VERY_LONG,,1,99990000,,"{'id': 172329, 'context': 63, 'bonus_lists': [6716, 7193, 1487]}"
1758418097,VERY_LONG,,1,99990000,,"{'id': 172329, 'context': 63, 'bonus_lists': [6716, 7193, 1487]}"
1758418100,VERY_LONG,,1,99990000,,"{'id': 172329, 'context': 63, 'bonus_lists': [6716, 7193, 1487]}"
1758418107,VERY_LONG,,1,99990000,,"{'id': 172329, 'context': 63, 'bonus_lists': [6716, 7193, 1487]}"
1758418115,VERY_LONG,,1,99990000,,"{'id': 172329, 'context': 63, 'bonus_lists': [6716, 7194, 1487]}"
1758418122,VERY_LONG,,1,99990000,,"{'id': 172329, 'context': 63, 'bonus_lists': [6716, 7194, 1487]}"
1758418129,VERY_LONG,,1,99990000,,"{'id': 172329, 'context': 63, 'bonus_lists': [6716, 7193, 1487]}"
1758418139,VERY_LONG,,1,99990000,,"{'id': 172329, 'context': 63, 'bonus_lists': [6716, 7193, 1487]}"
1758418141,VERY_LONG,,1,99990000,,"{'id': 172329, 'context': 63, 'bonus_lists': [6716, 7193, 1487]}"
1758418149,VERY_LONG,,1,99990000,,"{'id': 172329, 'context': 63, 'bonus_lists': [6716, 7194, 1487]}"
1758418249,VERY_LONG,,1,200009800,,"{'id': 172325, 'context': 64, 'bonus_lists': [6717, 7194, 1507]}"
1758418253,VERY_LONG,,1,200009800,,"{'id': 172325, 'context': 64, 'bonus_lists': [6717, 7193, 1507]}"
1758418260,VERY_LONG,,1,200009800,,"{'id': 172325, 'context': 64, 'bonus_lists': [6717, 7193, 1507]}"
1758418265,VERY_LONG,,1,200009800,,"{'id': 172325, 'context': 64, 'bonus_lists': [6717, 7193, 1507]}"
1758418270,VERY_LONG,,1,200009800,,"{'id': 172325, 'context': 64, 'bonus_lists': [6717, 7193, 1507]}"
1758418278,VERY_LONG,,1,200009800,,"{'id': 172325, 'context': 64, 'bonus_lists': [6717, 7194, 1507]}"
1758418283,VERY_LONG,,1,200009800,,"{'id': 172325, 'context': 64, 'bonus_lists': [6717, 7193, 1507]}"
1758418288,VERY_LONG,,1,200009800,,"{'id': 172325, 'context': 64, 'bonus_lists': [6717, 7193, 1507]}"
1758418292,VERY_LONG,,1,200009800,,"{'id': 172325, 'context': 64, 'bonus_lists': [6717, 7193, 1507]}"
1758418318,LONG,,1,9596400,,"{'id': 171375, 'context': 13, 'bonus_lists': [7224], 'modifiers': [{'type': 9, 'value': 60}, {'type': 29, 'value': 40}, {'type': 30, 'value': 36}]}"
1758418320,VERY_LONG,,1,99970000,,"{'id': 171415, 'context': 64, 'bonus_lists': [6717, 7193, 1507]}"
1758418324,VERY_LONG,,1,99970000,,"{'id': 171415, 'context': 64, 'bonus_lists': [6717, 7193, 1507]}"
1758418331,VERY_LONG,,1,99970000,,"{'id': 171415, 'context': 64, 'bonus_lists': [6717, 7193, 1507]}"
1758418333,LONG,,1,64123200,,"{'id': 173221, 'context': 0, 'bonus_lists': [6893, 7185], 'modifiers': [{'type': 9, 'value': 60}, {'type': 28, 'value': 391}, {'type': 29, 'value': 40}, {'type': 30, 'value': 36}]}"
1758418337,VERY_LONG,,1,99970000,,"{'id': 171415, 'context': 64, 'bonus_lists': [6717, 7194, 1507]}"
1758418341,LONG,,1,16440000,,"{'id': 173220, 'context': 0, 'bonus_lists': [6893, 7185], 'modifiers': [{'type': 9, 'value': 60}, {'type': 28, 'value': 391}, {'type': 29, 'value': 36}, {'type': 30, 'value': 40}]}"
1758418366,VERY_LONG,,1,99990000,,"{'id': 172321, 'context': 63, 'bonus_lists': [6716, 7194, 1487]}"
1758418368,LONG,,1,4500000,,"{'id': 173137, 'context': 13, 'bonus_lists': [3375]}"
1758418369,VERY_LONG,,1,99990000,,"{'id': 172321, 'context': 63, 'bonus_lists': [6716, 7193, 1487]}"
1758418371,VERY_LONG,,1,99990000,,"{'id': 172321, 'context': 63, 'bonus_lists': [6716, 7194, 1487]}"
1758418372,VERY_LONG,,1,99990000,,"{'id': 172321, 'context': 63, 'bonus_lists': [6716, 7193, 1487]}"
1758418373,LONG,,1,4500000,,"{'id': 173137, 'context': 13, 'bonus_lists': [3374]}"
1758418376,VERY_LONG,,1,99990000,,"{'id': 172321, 'context': 63, 'bonus_lists': [6716, 7193, 1487]}"
1758418380,VERY_LONG,,1,99990000,,"{'id': 172321, 'context': 63, 'bonus_lists': [6716, 7193, 1487]}"
1758418381,LONG,,1,6300400,,"{'id': 171383, 'context': 13, 'modifiers': [{'type': 29, 'value': 40}, {'type': 30, 'value': 49}]}"
1758418386,VERY_LONG,,1,99990000,,"{'id': 172321, 'context': 63, 'bonus_lists': [6716, 7194, 1487]}"
1758418400,VERY_LONG,,1,48174700,,"{'id': 164346, 'context': 11, 'modifiers': [{'type': 28, 'value': 645}]}"
1758418425,VERY_LONG,,1,44999900,,"{'id': 82800, 'context': 0, 'modifiers': [{'type': 6, 'value': 88007}], 'pet_breed_id': 12, 'pet_level': 1, 'pet_quality_id': 3, 'pet_species_id': 2453}"
1758418443,LONG,,1,6300400,,"{'id': 171386, 'context': 13, 'modifiers': [{'type': 29, 'value': 49}, {'type': 30, 'value': 36}]}"
1758418444,VERY_LONG,,1,166621300,,"{'id': 163926, 'context': 14, 'modifiers': [{'type': 28, 'value': 186}]}"
1758418455,LONG,,1,4250000,,"{'id': 173138, 'context': 13, 'bonus_lists': [3353]}"
1758418458,VERY_LONG,,1,36967400,,"{'id': 164506, 'context': 14, 'modifiers': [{'type': 28, 'value': 186}]}"
1758418486,VERY_LONG,,1,171505600,,"{'id': 171413, 'context': 64, 'bonus_lists': [6717, 1507]}"
1758418493,VERY_LONG,,1,171505600,,"{'id': 171413, 'context': 64, 'bonus_lists': [6717, 1507]}"
1758418499,VERY_LONG,,1,171505600,,"{'id': 171413, 'context': 64, 'bonus_lists': [6717, 1507]}"
1758418503,VERY_LONG,,1,171505600,,"{'id': 171413, 'context': 64, 'bonus_lists': [6717, 1507]}"
1758418511,VERY_LONG,,1,111616500,,"{'id': 164326, 'context': 31, 'modifiers': [{'type': 28, 'value': 464}]}"
1758418537,VERY_LONG,,1,111140600,,"{'id': 164468, 'context': 0}"
1758418551,VERY_LONG,,1,150001600,,"{'id': 164471, 'context': 0}"
1758418571,VERY_LONG,,1,71184000,,"{'id': 164357, 'context': 11}"
1758418585,VERY_LONG,,1,171505600,,"{'id': 171413, 'context': 64, 'bonus_lists': [6717, 1507]}"
1758418591,VERY_LONG,,1,171505600,,"{'id': 171413, 'context': 64, 'bonus_lists': [6717, 1507]}"
1758418636,VERY_LONG,,1,111767200,,"{'id': 172320, 'context': 63, 'bonus_lists': [6716, 7194, 1487]}"
1758418640,VERY_LONG,,1,111767200,,"{'id': 172320, 'context': 63, 'bonus_lists': [6716, 7194, 1487]}"
1758418645,VERY_LONG,,1,111767200,,"{'id': 172320, 'context': 63, 'bonus_lists': [6716, 7193, 1487]}"
1758418646,VERY_LONG,,1,111767200,,"{'id': 172320, 'context': 63, 'bonus_lists': [6716, 7194, 1487]}"
1758418652,VERY_LONG,,1,111767200,,"{'id': 172320, 'context': 63, 'bonus_lists': [6716, 7194, 1487]}"
1758418655,VERY_LONG,,1,111767200,,"{'id': 172320, 'context': 63, 'bonus_lists': [6716, 7193, 1487]}"
1758418729,VERY_LONG,1610000,5,,,{'id': 172232}
1758418742,VERY_LONG,719900,10,,,{'id': 172231}
1758418743,VERY_LONG,,1,520007100,,"{'id': 172317, 'context': 66, 'bonus_lists': [6758, 7194, 1532]}"
1758418770,VERY_LONG,,1,250003200,,"{'id': 171415, 'context': 66, 'bonus_lists': [6758, 7193, 1532]}"
1758418792,VERY_LONG,3140000,4,,,{'id': 181468}
1758418796,VERY_LONG,,1,120462200,,"{'id': 171415, 'context': 65, 'bonus_lists': [6718, 7193, 1522]}"
1758418799,VERY_LONG,,1,120462200,,"{'id': 171415, 'context': 65, 'bonus_lists': [6718, 7194, 1522]}"
1758418819,VERY_LONG,,1,43590000,,"{'id': 171415, 'context': 63, 'bonus_lists': [6716, 7194, 1487]}"
1758418822,VERY_LONG,,1,43590000,,"{'id': 171415, 'context': 63, 'bonus_lists': [6716, 7193, 1487]}"
1758418828,VERY_LONG,,1,43590000,,"{'id': 171415, 'context': 63, 'bonus_lists': [6716, 7194, 1487]}"
1758418833,VERY_LONG,,1,43590000,,"{'id': 171415, 'context': 63, 'bonus_lists': [6716, 7194, 1487]}"
1758418837,VERY_LONG,,1,43590000,,"{'id': 171415, 'context': 63, 'bonus_lists': [6716, 7194, 1487]}"
1758418978,VERY_LONG,5000000,34,,,{'id': 173037}
1758418987,VERY_LONG,,1,499990000,,"{'id': 172327, 'context': 66, 'bonus_lists': [6758, 1532]}"
1758418990,VERY_LONG,,1,499990000,,"{'id': 172327, 'context': 66, 'bonus_lists': [6758, 1532]}"
1758419011,VERY_LONG,,1,439840000,,"{'id': 172319, 'context': 66, 'bonus_lists': [6758, 1532]}"
1758419019,VERY_LONG,,1,429309600,,"{'id': 171417, 'context': 66, 'bonus_lists': [6758, 1532]}"
1758419029,VERY_LONG,,1,360790000,,"{'id': 172327, 'context': 65, 'bonus_lists': [6718, 1522]}"
1758419041,VERY_LONG,,1,799990000,,"{'id': 172319, 'context': 65, 'bonus_lists': [6718, 1522]}"
1758419050,VERY_LONG,,1,141119900,,"{'id': 172319, 'context': 64, 'bonus_lists': [6717, 1507]}"
1758419054,VERY_LONG,,1,141119900,,"{'id': 172319, 'context': 64, 'bonus_lists': [6717, 1507]}"
1758419098,VERY_LONG,,1,80000000,,"{'id': 172319, 'context': 63, 'bonus_lists': [6716, 1487]}"
1758420133,VERY_LONG,,1,16500000,,"{'id': 171417, 'context': 63, 'bonus_lists': [6716, 1487]}"
1758420138,VERY_LONG,,1,16500000,,"{'id': 171417, 'context': 63, 'bonus_lists': [6716, 1487]}"
1758420163,VERY_LONG,,1,435840000,,"{'id': 172316, 'context': 66, 'bonus_lists': [6758, 1532]}"
1758420209,VERY_LONG,,1,499990000,,"{'id': 172324, 'context': 65, 'bonus_lists': [6718, 1522]}"
1758420217,VERY_LONG,,1,499990000,,"{'id': 172324, 'context': 65, 'bonus_lists': [6718, 1522]}"
1758420244,VERY_LONG,,1,298070000,,"{'id': 172316, 'context': 65, 'bonus_lists': [6718, 1522]}"
1758420285,VERY_LONG,,1,429383300,,"{'id': 171414, 'context': 65, 'bonus_lists': [6718, 1522]}"
1758420290,VERY_LONG,,1,429383300,,"{'id': 171414, 'context': 65, 'bonus_lists': [6718, 1522]}"
1758420316,VERY_LONG,,1,396088900,,"{'id': 171419, 'context': 66, 'bonus_lists': [6758, 7194, 1532]}"
1758420376,VERY_LONG,,1,179870000,,"{'id': 172324, 'context': 64, 'bonus_lists': [6717, 1507]}"
1758420382,VERY_LONG,,1,179870000,,"{'id': 172324, 'context': 64, 'bonus_lists': [6717, 1507]}"
1758420386,VERY_LONG,,1,179870000,,"{'id': 172324, 'context': 64, 'bonus_lists': [6717, 1507]}"
1758420396,VERY_LONG,,1,179870000,,"{'id': 172324, 'context': 64, 'bonus_lists': [6717, 1507]}"
1758420458,VERY_LONG,,1,172301900,,"{'id': 171414, 'context': 64, 'bonus_lists': [6717, 1507]}"
1758420462,VERY_LONG,,1,172301900,,"{'id': 171414, 'context': 64, 'bonus_lists': [6717, 1507]}"
1758420467,VERY_LONG,,1,172301900,,"{'id': 171414, 'context': 64, 'bonus_lists': [6717, 1507]}"
1758420500,VERY_LONG,,1,90000500,,"{'id': 172324, 'context': 63, 'bonus_lists': [6716, 1487]}"
1758420533,VERY_LONG,,1,781361800,,"{'id': 172320, 'context': 65, 'bonus_lists': [6718, 7193, 1522]}"
1758420539,VERY_LONG,,1,781361800,,"{'id': 172320, 'context': 65, 'bonus_lists': [6718, 7193, 1522]}"
1758420569,VERY_LONG,,1,99990900,,"{'id': 171418, 'context': 65, 'bonus_lists': [6718, 7193, 1522]}"
1758420621,VERY_LONG,,1,229990000,,"{'id': 172320, 'context': 64, 'bonus_lists': [6717, 7194, 1507]}"
1758420625,VERY_LONG,,1,229990000,,"{'id': 172320, 'context': 64, 'bonus_lists': [6717, 7193, 1507]}"
1758420627,VERY_LONG,,1,229990000,,"{'id': 172320, 'context': 64, 'bonus_lists': [6717, 7194, 1507]}"
1758420657,VERY_LONG,,1,80684400,,"{'id': 171418, 'context': 64, 'bonus_lists': [6717, 7194, 1507]}"
1758420661,VERY_LONG,,1,80684400,,"{'id': 171418, 'context': 64, 'bonus_lists': [6717, 7193, 1507]}"
1758420664,VERY_LONG,,1,80684400,,"{'id': 171418, 'context': 64, 'bonus_lists': [6717, 7194, 1507]}"
1758420698,LONG,19877000,1,,,{'id': 173161}
1758420732,VERY_LONG,,1,504711300,,"{'id': 172326, 'context': 66, 'bonus_lists': [6758, 1532]}"
1758420745,LONG,170000,7,,,{'id': 171830}
1758420770,VERY_LONG,,1,519870000,,"{'id': 172318, 'context': 66, 'bonus_lists': [6758, 1532]}"
1758420783,LONG,5000000,6,,,{'id': 171841}
1758420789,VERY_LONG,,1,448740000,,"{'id': 172318, 'context': 65, 'bonus_lists': [6718, 1522]}"
1758420796,LONG,2499500,1,,,{'id': 173173}
1758420797,VERY_LONG,,1,448740000,,"{'id': 172318, 'context': 65, 'bonus_lists': [6718, 1522]}"
1758420810,LONG,2550000,4,,,{'id': 173171}
1758420816,VERY_LONG,,1,234310000,,"{'id': 172326, 'context': 64, 'bonus_lists': [6717, 1507]}"
1758420821,VERY_LONG,,1,234310000,,"{'id': 172326, 'context': 64, 'bonus_lists': [6717, 1507]}"
1758420903,LONG,399500,10,,,{'id': 173108}
1758420921,VERY_LONG,,1,234319900,,"{'id': 172318, 'context': 64, 'bonus_lists': [6717, 1507]}"
1758420964,VERY_LONG,,1,135000000,,"{'id': 171416, 'context': 64, 'bonus_lists': [6717, 1507]}"
1758420967,VERY_LONG,,1,135000000,,"{'id': 171416, 'context': 64, 'bonus_lists': [6717, 1507]}"
1758420969,LONG,60000,5,,,{'id': 173109}
1758421030,VERY_LONG,,1,449870000,,"{'id': 172323, 'context': 66, 'bonus_lists': [6758, 1532]}"
1758421049,VERY_LONG,,1,435000000,,"{'id': 172315, 'context': 66, 'bonus_lists': [6758, 1532]}"
1758421059,VERY_LONG,,1,370310000,,"{'id': 172323, 'context': 65, 'bonus_lists': [6718, 1522]}"
1758421073,VERY_LONG,,1,304310000,,"{'id': 172315, 'context': 65, 'bonus_lists': [6718, 1522]}"
1758421086,VERY_LONG,,1,284193100,,"{'id': 172323, 'context': 64, 'bonus_lists': [6717, 1507]}"
1758421118,VERY_LONG,,1,192160000,,"{'id': 172315, 'context': 64, 'bonus_lists': [6717, 1507]}"
1758421123,VERY_LONG,,1,192160000,,"{'id': 172315, 'context': 64, 'bonus_lists': [6717, 1507]}"
1758421143,VERY_LONG,,1,111000000,,"{'id': 172323, 'context': 63, 'bonus_lists': [6716, 1487]}"
1758421148,VERY_LONG,,1,111000000,,"{'id': 172323, 'context': 63, 'bonus_lists': [6716, 1487]}"
1758421152,VERY_LONG,,1,111000000,,"{'id': 172323, 'context': 63, 'bonus_lists': [6716, 1487]}"
1758421171,VERY_LONG,,1,100000500,,"{'id': 172315, 'context': 63, 'bonus_lists': [6716, 1487]}"
1758421690,LONG,,1,2500000,,"{'id': 176776, 'context': 23, 'bonus_lists': [6907, 6652, 7193, 1699], 'modifiers': [{'type': 9, 'value': 60}, {'type': 28, 'value': 749}]}"
1758421768,LONG,,1,900300,,"{'id': 33154, 'context': 11, 'modifiers': [{'type': 28, 'value': 181}]}"
1758421822,LONG,20100,9,,,{'id': 154722}
1758421833,LONG,495700,1,,,{'id': 171268}
1758421844,LONG,4400,8,,,{'id': 152542}
1758421865,LONG,770000,1,,,{'id': 171269}
1758421887,LONG,50000,1,,,{'id': 153705}
1758422020,VERY_LONG,,1,517000000,,"{'id': 172325, 'context': 66, 'bonus_lists': [6758, 7194, 1532]}"
1758423497,LONG,,1,90000500,,"{'id': 172324, 'context': 63, 'bonus_lists': [6716, 1487]}"
1758423502,LONG,,1,90000500,,"{'id': 172324, 'context': 63, 'bonus_lists': [6716, 1487]}"
1758423661,LONG,,1,222940700,,"{'id': 172314, 'context': 64, 'bonus_lists': [6717, 1507]}"
1758423876,VERY_LONG,,1,50000000,,"{'id': 82800, 'context': 0, 'modifiers': [{'type': 6, 'value': 93753}], 'pet_breed_id': 13, 'pet_level': 1, 'pet_quality_id': 2, 'pet_species_id': 2935}"
1758423878,VERY_LONG,,1,50000000,,"{'id': 82800, 'context': 0, 'modifiers': [{'type': 6, 'value': 93753}], 'pet_breed_id': 13, 'pet_level': 1, 'pet_quality_id': 2, 'pet_species_id': 2935}"
1758425253,LONG,,1,84500000,,"{'id': 171416, 'context': 63, 'bonus_lists': [6716, 1487]}"
1758425254,LONG,,1,84500000,,"{'id': 171416, 'context': 63, 'bonus_lists': [6716, 1487]}"
1758425268,LONG,,1,38000000,,"{'id': 171412, 'context': 63, 'bonus_lists': [6716, 1487]}"
1758425294,LONG,,1,42400000,,"{'id': 171414, 'context': 63, 'bonus_lists': [6716, 1487]}"
1758425295,LONG,,1,42400000,,"{'id': 171414, 'context': 63, 'bonus_lists': [6716, 1487]}"
1758425579,LONG,,1,92705000,,"{'id': 171419, 'context': 65, 'bonus_lists': [6718, 7193, 1522]}"
1758425581,LONG,,1,92705000,,"{'id': 171419, 'context': 65, 'bonus_lists': [6718, 7194, 1522]}"
1758425583,LONG,,1,92705000,,"{'id': 171419, 'context': 65, 'bonus_lists': [6718, 7193, 1522]}"
1758425624,LONG,,1,392000000,,"{'id': 171419, 'context': 66, 'bonus_lists': [6758, 7194, 1532]}"
1758425694,LONG,,1,60000000,,"{'id': 171419, 'context': 64, 'bonus_lists': [6717, 7193, 1507]}"
1758425696,LONG,,1,60000000,,"{'id': 171419, 'context': 64, 'bonus_lists': [6717, 7193, 1507]}"
1758425700,LONG,,1,60000000,,"{'id': 171419, 'context': 64, 'bonus_lists': [6717, 7194, 1507]}"
1758425987,LONG,5000000,33,,,{'id': 173037}
1758426401,VERY_LONG,,1,10000000,,"{'id': 167081, 'context': 0}"
1758426403,VERY_LONG,,1,10000000,,"{'id': 167081, 'context': 0}"
1758426404,VERY_LONG,,1,10000000,,"{'id': 167081, 'context': 0}"
1758426405,VERY_LONG,,1,10000000,,"{'id': 167081, 'context': 0}"
1758426408,VERY_LONG,,1,10000000,,"{'id': 167081, 'context': 0}"
1758426410,VERY_LONG,,1,10000000,,"{'id': 167081, 'context': 0}"
1758426411,VERY_LONG,,1,10000000,,"{'id': 167081, 'context': 0}"
1758426413,VERY_LONG,,1,10000000,,"{'id': 167081, 'context': 0}"
1758426416,VERY_LONG,,1,10000000,,"{'id': 167081, 'context': 0}"
1758426417,VERY_LONG,,1,10000000,,"{'id': 167081, 'context': 0}"
1758426418,VERY_LONG,,1,10000000,,"{'id': 167081, 'context': 0}"
1758426420,VERY_LONG,,1,10000000,,"{'id': 167081, 'context': 0}"
1758426456,VERY_LONG,,1,100000000,,"{'id': 167193, 'context': 0}"
1758426457,VERY_LONG,,1,100000000,,"{'id': 167193, 'context': 0}"
1758426459,VERY_LONG,,1,100000000,,"{'id': 167193, 'context': 0}"
1758426460,VERY_LONG,,1,100000000,,"{'id': 167193, 'context': 0}"
1758426461,VERY_LONG,,1,100000000,,"{'id': 167193, 'context': 0}"
1758426477,LONG,37500,200,,,{'id': 109119}
1758426509,VERY_LONG,,1,20000000,,"{'id': 167194, 'context': 0}"
1758426511,VERY_LONG,,1,20000000,,"{'id': 167194, 'context': 0}"
1758426512,VERY_LONG,,1,20000000,,"{'id': 167194, 'context': 0}"
1758426513,VERY_LONG,,1,20000000,,"{'id': 167194, 'context': 0}"
1758426514,VERY_LONG,,1,20000000,,"{'id': 167194, 'context': 0}"
1758426517,LONG,420000,32,,,{'id': 173129}
1758426519,VERY_LONG,,1,20000000,,"{'id': 167194, 'context': 0}"
1758426520,VERY_LONG,,1,20000000,,"{'id': 167194, 'context': 0}"
1758426535,LONG,719900,5,,,{'id': 172231}
1758426582,VERY_LONG,,1,50000000,,"{'id': 167195, 'context': 0}"
1758426587,VERY_LONG,,1,50000000,,"{'id': 167195, 'context': 0}"
1758426590,VERY_LONG,,1,50000000,,"{'id': 167195, 'context': 0}"
1758426593,VERY_LONG,,1,50000000,,"{'id': 167195, 'context': 0}"
1758426599,VERY_LONG,,1,50000000,,"{'id': 167195, 'context': 0}"
1758426600,VERY_LONG,,1,50000000,,"{'id': 167195, 'context': 0}"
1758426655,LONG,2550000,5,,,{'id': 173171}
1758426657,VERY_LONG,,1,1199990000,,"{'id': 172314, 'context': 66, 'bonus_lists': [6758, 1532]}"
1758426665,VERY_LONG,,1,30000000,,"{'id': 167181, 'context': 0}"
1758426669,VERY_LONG,,1,30000000,,"{'id': 167181, 'context': 0}"
1758426672,VERY_LONG,,1,30000000,,"{'id': 167181, 'context': 0}"
1758426674,VERY_LONG,,1,30000000,,"{'id': 167181, 'context': 0}"
1758426676,LONG,640000,1,,,{'id': 173204}
1758426700,LONG,21800,16,,,{'id': 124437}
1758426717,VERY_LONG,,1,65000000,,"{'id': 167180, 'context': 0}"
1758426718,VERY_LONG,,1,65000000,,"{'id': 167180, 'context': 0}"
1758426721,VERY_LONG,,1,65000000,,"{'id': 167180, 'context': 0}"
1758426722,VERY_LONG,,1,65000000,,"{'id': 167180, 'context': 0}"
1758426765,LONG,,1,632600,,"{'id': 87216, 'context': 11, 'modifiers': [{'type': 28, 'value': 391}]}"
1758426806,VERY_LONG,,1,100000000,,"{'id': 167197, 'context': 0}"
1758426879,VERY_LONG,,1,1000000,,"{'id': 167177, 'context': 0}"
1758426883,VERY_LONG,,1,1000000,,"{'id': 167177, 'context': 0}"
1758426885,VERY_LONG,,1,1000000,,"{'id': 167177, 'context': 0}"
1758426888,VERY_LONG,,1,1000000,,"{'id': 167177, 'context': 0}"
1758426889,VERY_LONG,,1,1000000,,"{'id': 167177, 'context': 0}"
1758426891,VERY_LONG,,1,1000000,,"{'id': 167177, 'context': 0}"
1758426893,VERY_LONG,,1,1000000,,"{'id': 167177, 'context': 0}"
1758426978,VERY_LONG,,1,10000000,,"{'id': 167082, 'context': 0}"
1758426981,VERY_LONG,,1,10000000,,"{'id': 167082, 'context': 0}"
1758426983,VERY_LONG,,1,10000000,,"{'id': 167082, 'context': 0}"
1758426984,VERY_LONG,,1,10000000,,"{'id': 167082, 'context': 0}"
1758426985,VERY_LONG,,1,10000000,,"{'id': 167082, 'context': 0}"
1758427034,VERY_LONG,,1,100000000,,"{'id': 167192, 'context': 0}"
1758427036,VERY_LONG,,1,100000000,,"{'id': 167192, 'context': 0}"
1758427071,VERY_LONG,,1,100000000,,"{'id': 167182, 'context': 0}"
1758427073,VERY_LONG,,1,100000000,,"{'id': 167182, 'context': 0}"
1758427075,VERY_LONG,,1,100000000,,"{'id': 167182, 'context': 0}"
1758427078,VERY_LONG,,1,100000000,,"{'id': 167182, 'context': 0}"
1758428101,LONG,2508700,1,,,{'id': 183738}
1758428137,LONG,40000,1,,,{'id': 177716}
1758428156,LONG,250000,12,,,{'id': 177660}
1758428167,VERY_LONG,,1,39000000,,"{'id': 172329, 'context': 63, 'bonus_lists': [6716, 7194, 1487]}"
1758428171,LONG,10000,2,,,{'id': 172360}
1758428182,LONG,259900,4,,,{'id': 172358}
1758428191,LONG,103900,3,,,{'id': 172357}
1758428206,LONG,640000,23,,,{'id': 173204}
1758428231,LONG,170000,2,,,{'id': 171830}
1758428255,VERY_LONG,480000,56,,,{'id': 171287}
1758428269,LONG,5000000,24,,,{'id': 171841}
1758428284,VERY_LONG,1000000,15,,,{'id': 4360}
1758428286,LONG,212900,3,,,{'id': 171831}
1758428305,LONG,564000,3,,,{'id': 133680}
1758428334,LONG,199000,3,,,{'id': 152877}
1758428336,VERY_LONG,,1,1490000,,"{'id': 4087, 'context': 43, 'bonus_lists': [1681, 4280], 'modifiers': [{'type': 9, 'value': 23}]}"
1758428371,VERY_LONG,600,1,,,{'id': 10507}
1758428401,VERY_LONG,5000,10,,,{'id': 3685}
1758428452,VERY_LONG,10000000,1,,,{'id': 4366}
1758428486,VERY_LONG,2500000,2,,,{'id': 20879}
1758428506,VERY_LONG,22004600,1,,,{'id': 168412}
1758428525,VERY_LONG,41993400,1,,,{'id': 168417}
1758428545,LONG,110000,3,,,{'id': 173110}
1758428548,VERY_LONG,,1,1000000,,"{'id': 167178, 'context': 0}"
1758428550,VERY_LONG,,1,1000000,,"{'id': 167178, 'context': 0}"
1758428585,LONG,399500,3,,,{'id': 173108}
1758428604,VERY_LONG,5149400,1,,,{'id': 154705}
1758428626,LONG,60000,3,,,{'id': 173109}
1758428713,VERY_LONG,,1,52544500,,"{'id': 114235, 'context': 13, 'bonus_lists': [55, 525, 533]}"
1758428740,VERY_LONG,398000,2,,,{'id': 113588}
1758428769,VERY_LONG,20200,4,,,{'id': 12184}
1758428814,VERY_LONG,1629100,3,,,{'id': 20877}
1758428892,LONG,3842800,90,,,{'id': 171270}
1758428998,VERY_LONG,,1,5437300,,"{'id': 36665, 'context': 0, 'bonus_lists': [6655, 1707], 'modifiers': [{'type': 9, 'value': 30}, {'type': 28, 'value': 1023}]}"
1758429008,LONG,4357100,100,,,{'id': 171290}
1758429065,VERY_LONG,,1,35847000,,"{'id': 36609, 'context': 0, 'bonus_lists': [6655, 1693], 'modifiers': [{'type': 9, 'value': 30}, {'type': 28, 'value': 1023}]}"
1758429071,LONG,3628500,2,,,{'id': 11754}
1758429091,VERY_LONG,,1,16072300,,"{'id': 36469, 'context': 0, 'bonus_lists': [6655, 1681], 'modifiers': [{'type': 9, 'value': 30}, {'type': 28, 'value': 1023}]}"
1758429112,VERY_LONG,,1,113500,,"{'id': 50447, 'context': 0, 'modifiers': [{'type': 28, 'value': 1023}]}"
1758429114,LONG,145800,2,,,{'id': 153438}
1758429120,VERY_LONG,,1,4940000,,"{'id': 50452, 'context': 0, 'modifiers': [{'type': 28, 'value': 1023}]}"
1758429125,VERY_LONG,,1,2500000,,"{'id': 50451, 'context': 0, 'modifiers': [{'type': 28, 'value': 1023}]}"
1758429134,VERY_LONG,,1,6982200,,"{'id': 50450, 'context': 0, 'modifiers': [{'type': 28, 'value': 1023}]}"
1758429142,VERY_LONG,,1,6982200,,"{'id': 50450, 'context': 0, 'modifiers': [{'type': 28, 'value': 1023}]}"
1758429162,VERY_LONG,,1,6982200,,"{'id': 50450, 'context': 0, 'modifiers': [{'type': 28, 'value': 1023}]}"
1758429175,VERY_LONG,,1,100000000,,"{'id': 167186, 'context': 0}"
1758429180,VERY_LONG,,1,100000000,,"{'id': 167186, 'context': 0}"
1758429183,VERY_LONG,,1,100000000,,"{'id': 167186, 'context': 0}"
1758429250,VERY_LONG,,1,5002200,,"{'id': 43656, 'context': 0}"
1758429270,VERY_LONG,152000,5,,,{'id': 152496}
1758429282,VERY_LONG,,1,6503900,,"{'id': 50449, 'context': 0, 'modifiers': [{'type': 28, 'value': 1023}]}"
1758429314,VERY_LONG,,1,25444700,,"{'id': 36390, 'context': 2, 'bonus_lists': [6654, 1707], 'modifiers': [{'type': 9, 'value': 30}, {'type': 28, 'value': 1087}]}"
1758429324,VERY_LONG,,1,25000000,,"{'id': 50444, 'context': 0, 'modifiers': [{'type': 28, 'value': 1023}]}"
1758429345,VERY_LONG,2450000,4,,,{'id': 168638}
1758429348,VERY_LONG,,1,25000000,,"{'id': 50444, 'context': 0, 'modifiers': [{'type': 28, 'value': 1023}]}"
1758429357,VERY_LONG,10000000,5,,,{'id': 44482}
1758429388,VERY_LONG,,1,38332400,,"{'id': 37760, 'context': 0, 'bonus_lists': [6658], 'modifiers': [{'type': 9, 'value': 30}, {'type': 28, 'value': 1023}]}"
1758429403,VERY_LONG,94800,2,,,{'id': 153512}
1758429404,LONG,,1,19996000,,"{'id': 10215, 'context': 1, 'bonus_lists': [6654, 1708], 'modifiers': [{'type': 9, 'value': 30}, {'type': 28, 'value': 205}]}"
1758429420,LONG,,1,9997000,,"{'id': 8138, 'context': 0, 'bonus_lists': [6654], 'modifiers': [{'type': 9, 'value': 30}, {'type': 28, 'value': 30}]}"
1758429423,VERY_LONG,,1,6673100,,"{'id': 36147, 'context': 0, 'bonus_lists': [6654, 1695], 'modifiers': [{'type': 9, 'value': 30}, {'type': 28, 'value': 1023}]}"
1758429426,VERY_LONG,,1,9950100,,"{'id': 10498, 'context': 0}"
1758429439,LONG,,1,14203600,,"{'id': 10187, 'context': 1, 'bonus_lists': [6654, 1705], 'modifiers': [{'type': 9, 'value': 30}, {'type': 28, 'value': 205}]}"
1758429444,VERY_LONG,4237000,5,,,{'id': 169299}
1758429445,VERY_LONG,,1,8533700,,"{'id': 36483, 'context': 0, 'bonus_lists': [6655, 1694], 'modifiers': [{'type': 9, 'value': 30}, {'type': 28, 'value': 1023}]}"
1758429456,LONG,,1,9994300,,"{'id': 15644, 'context': 54, 'bonus_lists': [1694, 4277], 'modifiers': [{'type': 9, 'value': 50}]}"
1758429461,VERY_LONG,208380800,1,,,{'id': 143588}
1758429465,VERY_LONG,,1,5105000,,"{'id': 36038, 'context': 0, 'bonus_lists': [6654, 1706], 'modifiers': [{'type': 9, 'value': 30}, {'type': 28, 'value': 1023}]}"
1758429491,VERY_LONG,,1,16203200,,"{'id': 36154, 'context': 0, 'bonus_lists': [6654, 1707], 'modifiers': [{'type': 9, 'value': 30}, {'type': 28, 'value': 1023}]}"
1758429516,LONG,,1,9966600,,"{'id': 10111, 'context': 1, 'bonus_lists': [6654, 1707], 'modifiers': [{'type': 9, 'value': 30}, {'type': 28, 'value': 205}]}"
1758429568,VERY_LONG,,1,99990000,,"{'id': 871, 'context': 0, 'bonus_lists': [6661], 'modifiers': [{'type': 9, 'value': 30}, {'type': 28, 'value': 27}]}"
1758429580,VERY_LONG,,1,2500000,,"{'id': 50451, 'context': 0, 'modifiers': [{'type': 28, 'value': 1023}]}"
1758429582,VERY_LONG,,1,35000000,,"{'id': 150922, 'context': 11, 'bonus_lists': [6423], 'modifiers': [{'type': 9, 'value': 50}]}"
1758429593,VERY_LONG,,1,6795800,,"{'id': 36037, 'context': 0, 'bonus_lists': [6654, 1679], 'modifiers': [{'type': 9, 'value': 30}, {'type': 28, 'value': 1023}]}"
1758429599,VERY_LONG,,1,3713700,,"{'id': 36679, 'context': 0, 'bonus_lists': [6655, 1677], 'modifiers': [{'type': 9, 'value': 30}, {'type': 28, 'value': 1023}]}"
1758429600,VERY_LONG,,1,49980000,,"{'id': 811, 'context': 1, 'bonus_lists': [6661], 'modifiers': [{'type': 9, 'value': 30}, {'type': 28, 'value': 205}]}"
1758429616,VERY_LONG,,1,5503400,,"{'id': 36148, 'context': 0, 'bonus_lists': [6654, 1707], 'modifiers': [{'type': 9, 'value': 30}, {'type': 28, 'value': 1023}]}"
1758429642,VERY_LONG,,1,34990000,,"{'id': 150922, 'context': 11, 'bonus_lists': [3628], 'modifiers': [{'type': 9, 'value': 45}]}"
1758429652,VERY_LONG,,1,9259800,,"{'id': 36377, 'context': 0, 'bonus_lists': [6654, 1707], 'modifiers': [{'type': 9, 'value': 30}, {'type': 28, 'value': 1023}]}"
1758429655,VERY_LONG,,1,19996900,,"{'id': 14796, 'context': 0, 'bonus_lists': [6654], 'modifiers': [{'type': 9, 'value': 30}, {'type': 28, 'value': 33}]}"
1758429661,VERY_LONG,,1,6123800,,"{'id': 36041, 'context': 0, 'bonus_lists': [6654, 1680], 'modifiers': [{'type': 9, 'value': 30}, {'type': 28, 'value': 1023}]}"
1758429702,VERY_LONG,,1,19996500,,"{'id': 14789, 'context': 0, 'bonus_lists': [6654], 'modifiers': [{'type': 9, 'value': 30}, {'type': 28, 'value': 33}]}"
1758429770,VERY_LONG,,1,9992700,,"{'id': 14797, 'context': 0, 'bonus_lists': [6654], 'modifiers': [{'type': 9, 'value': 30}, {'type': 28, 'value': 36}]}"
1758429787,VERY_LONG,,1,24990000,,"{'id': 13014, 'context': 0, 'bonus_lists': [6659], 'modifiers': [{'type': 9, 'value': 30}, {'type': 28, 'value': 36}]}"
1758429808,VERY_LONG,,1,29998600,,"{'id': 8303, 'context': 1, 'bonus_lists': [6654], 'modifiers': [{'type': 9, 'value': 30}, {'type': 28, 'value': 205}]}"
1758429827,VERY_LONG,,1,48996800,,"{'id': 6592, 'context': 0, 'bonus_lists': [6654, 1694], 'modifiers': [{'type': 9, 'value': 30}, {'type': 28, 'value': 18}]}"
1758429843,VERY_LONG,,1,7119400,,"{'id': 6595, 'context': 1, 'bonus_lists': [6654, 1695], 'modifiers': [{'type': 9, 'value': 30}, {'type': 28, 'value': 215}]}"
1758429857,VERY_LONG,,1,19962300,,"{'id': 10371, 'context': 1, 'bonus_lists': [6654], 'modifiers': [{'type': 9, 'value': 30}, {'type': 28, 'value': 205}]}"
1758429924,VERY_LONG,,1,399990000,,"{'id': 82800, 'context': 0, 'modifiers': [{'type': 6, 'value': 5448}], 'pet_breed_id': 7, 'pet_level': 1, 'pet_quality_id': 2, 'pet_species_id': 42}"
1758429967,VERY_LONG,,1,99990000,,"{'id': 82800, 'context': 0, 'modifiers': [{'type': 6, 'value': 6192}], 'pet_breed_id': 3, 'pet_level': 1, 'pet_quality_id': 3, 'pet_species_id': 49}"
1758429973,VERY_LONG,,1,8002000,,"{'id': 36375, 'context': 0, 'bonus_lists': [6654, 1709], 'modifiers': [{'type': 9, 'value': 30}, {'type': 28, 'value': 1023}]}"
1758429977,VERY_LONG,,1,8002000,,"{'id': 36375, 'context': 0, 'bonus_lists': [6654, 1709], 'modifiers': [{'type': 9, 'value': 30}, {'type': 28, 'value': 1023}]}"
1758429979,VERY_LONG,,1,8002000,,"{'id': 36375, 'context': 0, 'bonus_lists': [6654, 1708], 'modifiers': [{'type': 9, 'value': 30}, {'type': 28, 'value': 1023}]}"
1758429999,LONG,,1,28491000,,"{'id': 82800, 'context': 0, 'modifiers': [{'type': 6, 'value': 65713}], 'pet_breed_id': 5, 'pet_level': 1, 'pet_quality_id': 3, 'pet_species_id': 1764}"
1758430017,LONG,,1,20000000,,"{'id': 82800, 'context': 0, 'modifiers': [{'type': 6, 'value': 88002}], 'pet_breed_id': 19, 'pet_level': 1, 'pet_quality_id': 3, 'pet_species_id': 2448}"
1758430032,LONG,,1,1749900,,"{'id': 82800, 'context': 0, 'modifiers': [{'type': 6, 'value': 48055}], 'pet_breed_id': 15, 'pet_level': 1, 'pet_quality_id': 3, 'pet_species_id': 1211}"
1758430054,VERY_LONG,,1,4102000,,"{'id': 36263, 'context': 0, 'bonus_lists': [6654, 1691], 'modifiers': [{'type': 9, 'value': 30}, {'type': 28, 'value': 1023}]}"
1758431146,VERY_LONG,,1,199997400,,"{'id': 63269, 'context': 0, 'modifiers': [{'type': 28, 'value': 55}]}"
1758431153,LONG,1937700,1,,,{'id': 153668}
1758431157,LONG,,1,461405700,,"{'id': 82113, 'context': 29, 'bonus_lists': [1692, 4313], 'modifiers': [{'type': 9, 'value': 33}]}"
1758431162,LONG,507800,5,,,{'id': 116268}
1758431166,LONG,1434400,1,,,{'id': 172359}
1758431170,LONG,1434400,1,,,{'id': 172358}
1758431193,LONG,,1,582366700,,"{'id': 10398, 'context': 0}"
1758431205,LONG,,1,50000000,,"{'id': 172924, 'context': 13}"
1758431206,VERY_LONG,,1,199990100,,"{'id': 36862, 'context': 0, 'modifiers': [{'type': 28, 'value': 51}]}"
1758431207,VERY_LONG,,1,140000000,,"{'id': 117379, 'context': 11, 'bonus_lists': [3628], 'modifiers': [{'type': 9, 'value': 45}]}"
1758431208,LONG,,1,100000000,,"{'id': 167192, 'context': 0}"
1758431211,VERY_LONG,,1,49501500,,"{'id': 19028, 'context': 0}"
1758431212,LONG,,1,11606000,,"{'id': 167191, 'context': 0}"
1758431215,LONG,,1,32663500,,"{'id': 167183, 'context': 0}"
1758431219,LONG,101000,2,,,{'id': 153435}
1758431223,LONG,,1,12656000,,"{'id': 167987, 'context': 13, 'bonus_lists': [1689]}"
1758431224,VERY_LONG,,1,18753300,,"{'id': 10133, 'context': 0, 'bonus_lists': [6654, 1680], 'modifiers': [{'type': 9, 'value': 30}, {'type': 28, 'value': 30}]}"
1758431227,LONG,,1,129782200,,"{'id': 13039, 'context': 1}"
1758431230,LONG,1559600,1,,,{'id': 165016}
1758431237,LONG,,1,300000000,,"{'id': 153594, 'context': 13, 'modifiers': [{'type': 28, 'value': 872}]}"
1758431243,LONG,1624800,5,,,{'id': 171263}
1758431248,VERY_LONG,,1,58998700,,"{'id': 7465, 'context': 1, 'bonus_lists': [6655, 1680], 'modifiers': [{'type': 9, 'value': 30}, {'type': 28, 'value': 211}]}"
1758431258,LONG,,1,49755500,,"{'id': 141322, 'context': 0}"
1758431287,VERY_LONG,,1,199992700,,"{'id': 14913, 'context': 1, 'bonus_lists': [6654, 1677], 'modifiers': [{'type': 9, 'value': 30}, {'type': 28, 'value': 218}]}"
1758431332,VERY_LONG,,1,199995600,,"{'id': 7753, 'context': 1, 'bonus_lists': [6710], 'modifiers': [{'type': 9, 'value': 30}, {'type': 28, 'value': 211}]}"
1758431357,VERY_LONG,,1,99996600,,"{'id': 9426, 'context': 1, 'bonus_lists': [6710], 'modifiers': [{'type': 9, 'value': 30}, {'type': 28, 'value': 217}]}"
1758431389,VERY_LONG,,1,49992800,,"{'id': 14799, 'context': 0, 'bonus_lists': [6654], 'modifiers': [{'type': 9, 'value': 30}, {'type': 28, 'value': 36}]}"
1758431407,LONG,,1,1199990000,,"{'id': 182982, 'context': 5, 'bonus_lists': [7188, 6652, 7193, 1485, 6646], 'modifiers': [{'type': 28, 'value': 752}]}"
1758431420,VERY_LONG,,1,99997000,,"{'id': 6596, 'context': 1, 'bonus_lists': [6654, 1693], 'modifiers': [{'type': 9, 'value': 30}, {'type': 28, 'value': 211}]}"
1758431450,LONG,,1,9997800,,"{'id': 82800, 'context': 0, 'modifiers': [{'type': 6, 'value': 90177}], 'pet_breed_id': 14, 'pet_level': 1, 'pet_quality_id': 3, 'pet_species_id': 2554}"
1758431469,LONG,,1,38490000,,"{'id': 82800, 'context': 0, 'modifiers': [{'type': 6, 'value': 76763}], 'pet_breed_id': 5, 'pet_level': 1, 'pet_quality_id': 3, 'pet_species_id': 2559}"
1758431486,LONG,,1,240992800,,"{'id': 82800, 'context': 0, 'modifiers': [{'type': 6, 'value': 6293}], 'pet_breed_id': 4, 'pet_level': 25, 'pet_quality_id': 3, 'pet_species_id': 57}"
1758431499,LONG,,1,44998200,,"{'id': 108631, 'context': 0, 'modifiers': [{'type': 28, 'value': 176}]}"
1758431513,LONG,,1,49997600,,"{'id': 108634, 'context': 0, 'modifiers': [{'type': 28, 'value': 176}]}"
1758431529,LONG,,1,3350000,,"{'id': 82800, 'context': 0, 'modifiers': [{'type': 6, 'value': 29808}], 'pet_breed_id': 21, 'pet_level': 1, 'pet_quality_id': 2, 'pet_species_id': 238}"
1758431553,LONG,,1,31110000,,"{'id': 82800, 'context': 0, 'modifiers': [{'type': 6, 'value': 94714}], 'pet_breed_id': 14, 'pet_level': 1, 'pet_quality_id': 3, 'pet_species_id': 2841}"
1758431593,LONG,,1,99990100,,"{'id': 82800, 'context': 0, 'modifiers': [{'type': 6, 'value': 6290}], 'pet_breed_id': 18, 'pet_level': 1, 'pet_quality_id': 3, 'pet_species_id': 58}"
1758431613,LONG,,1,14450000,,"{'id': 82800, 'context': 0, 'modifiers': [{'type': 6, 'value': 88036}], 'pet_breed_id': 6, 'pet_level': 1, 'pet_quality_id': 3, 'pet_species_id': 2458}"
1758431625,LONG,,1,5500000,,"{'id': 82800, 'context': 0, 'modifiers': [{'type': 6, 'value': 95171}], 'pet_breed_id': 4, 'pet_level': 1, 'pet_quality_id': 3, 'pet_species_id': 2842}"
1758431654,LONG,,1,9990000,,"{'id': 82800, 'context': 0, 'pet_breed_id': 4, 'pet_level': 1, 'pet_quality_id': 3, 'pet_species_id': 1624}"
1758431671,LONG,,1,4500100,,"{'id': 82800, 'context': 0, 'modifiers': [{'type': 6, 'value': 79707}], 'pet_breed_id': 10, 'pet_level': 1, 'pet_quality_id': 3, 'pet_species_id': 2086}"
1758431685,LONG,,1,7479900,,"{'id': 82800, 'context': 0, 'modifiers': [{'type': 6, 'value': 94713}], 'pet_breed_id': 14, 'pet_level': 1, 'pet_quality_id': 3, 'pet_species_id': 2840}"
1758431729,LONG,,1,19990000,,"{'id': 82800, 'context': 0, 'modifiers': [{'type': 6, 'value': 88034}], 'pet_breed_id': 11, 'pet_level': 1, 'pet_quality_id': 3, 'pet_species_id': 2461}"
1758431738,LONG,,1,96999500,,"{'id': 82800, 'context': 0, 'modifiers': [{'type': 6, 'value': 47958}], 'pet_breed_id': 21, 'pet_level': 1, 'pet_quality_id': 3, 'pet_species_id': 1208}"
1758431760,LONG,,1,48990000,,"{'id': 82800, 'context': 0, 'modifiers': [{'type': 6, 'value': 6288}], 'pet_breed_id': 18, 'pet_level': 1, 'pet_quality_id': 3, 'pet_species_id': 56}"
1758431775,LONG,,1,3999800,,"{'id': 82800, 'context': 0, 'modifiers': [{'type': 6, 'value': 88001}], 'pet_breed_id': 21, 'pet_level': 1, 'pet_quality_id': 3, 'pet_species_id': 2447}"
1758431794,LONG,,1,7500000,,"{'id': 82800, 'context': 0, 'modifiers': [{'type': 6, 'value': 90181}], 'pet_breed_id': 17, 'pet_level': 1, 'pet_quality_id': 3, 'pet_species_id': 2557}"
1758431827,LONG,,1,499990000,,"{'id': 90655, 'context': 0, 'modifiers': [{'type': 28, 'value': 872}]}"
1758431835,LONG,,1,26999700,,"{'id': 67124, 'context': 0, 'bonus_lists': [6659], 'modifiers': [{'type': 9, 'value': 35}, {'type': 28, 'value': 56}]}"
1758431876,VERY_LONG,,1,199993400,,"{'id': 24947, 'context': 0, 'bonus_lists': [6654, 1705], 'modifiers': [{'type': 9, 'value': 30}, {'type': 28, 'value': 37}]}"
1758431929,VERY_LONG,,1,19988800,,"{'id': 10250, 'context': 0, 'bonus_lists': [6654, 1692], 'modifiers': [{'type': 9, 'value': 30}, {'type': 28, 'value': 1004}]}"
1758431942,VERY_LONG,,1,17995200,,"{'id': 31303, 'context': 0, 'bonus_lists': [6659], 'modifiers': [{'type': 9, 'value': 30}, {'type': 28, 'value': 1015}]}"
1758431954,VERY_LONG,2508700,2,,,{'id': 183738}
1758432000,LONG,3499000,53,,,{'id': 21884}
1758432016,LONG,199500,114,,,{'id': 53643}
1758432023,VERY_LONG,,1,150000900,,"{'id': 118800, 'context': 29, 'bonus_lists': [3936], 'modifiers': [{'type': 9, 'value': 45}]}"
1758432033,VERY_LONG,,1,48990900,,"{'id': 82800, 'context': 0, 'pet_breed_id': 3, 'pet_level': 1, 'pet_quality_id': 3, 'pet_species_id': 253}"
1758432044,VERY_LONG,,1,34490000,,"{'id': 82800, 'context': 0, 'modifiers': [{'type': 6, 'value': 51413}], 'pet_breed_id': 7, 'pet_level': 1, 'pet_quality_id': 2, 'pet_species_id': 1321}"
1758432065,VERY_LONG,10986000,2,,,{'id': 173160}
1758432098,LONG,,1,39993800,,"{'id': 10822, 'context': 0, 'modifiers': [{'type': 28, 'value': 27}]}"
1758432107,LONG,,1,44999900,,"{'id': 108633, 'context': 0, 'modifiers': [{'type': 28, 'value': 176}]}"
1758432125,LONG,,1,49999900,,"{'id': 120138, 'context': 0, 'modifiers': [{'type': 28, 'value': 57}]}"
1758432162,LONG,,1,199992200,,"{'id': 120140, 'context': 0, 'modifiers': [{'type': 28, 'value': 57}]}"
1758432202,LONG,,1,49993800,,"{'id': 14798, 'context': 0, 'bonus_lists': [6654], 'modifiers': [{'type': 9, 'value': 30}, {'type': 28, 'value': 36}]}"
1758432237,LONG,,1,149997600,,"{'id': 142265, 'context': 0, 'modifiers': [{'type': 28, 'value': 347}]}"
1758432257,VERY_LONG,7450000,200,,,{'id': 172097}
1758432312,LONG,,1,48490000,,"{'id': 82800, 'context': 0, 'modifiers': [{'type': 6, 'value': 65714}], 'pet_breed_id': 6, 'pet_level': 1, 'pet_quality_id': 3, 'pet_species_id': 1765}"
1758432370,LONG,,1,12000000,,"{'id': 82800, 'context': 0, 'pet_breed_id': 18, 'pet_level': 1, 'pet_quality_id': 2, 'pet_species_id': 1515}"
1758432407,LONG,,1,19000000,,"{'id': 82800, 'context': 0, 'modifiers': [{'type': 6, 'value': 87890}], 'pet_breed_id': 3, 'pet_level': 1, 'pet_quality_id': 3, 'pet_species_id': 2435}"
1758432464,LONG,,1,1712311100,,"{'id': 163573, 'context': 0, 'modifiers': [{'type': 28, 'value': 188}]}"
1758432502,LONG,,1,34500000,,"{'id': 82800, 'context': 0, 'modifiers': [{'type': 6, 'value': 99872}], 'pet_breed_id': 20, 'pet_level': 1, 'pet_quality_id': 2, 'pet_species_id': 3032}"
1758432526,LONG,,1,4990000,,"{'id': 82800, 'context': 0, 'pet_breed_id': 4, 'pet_level': 1, 'pet_quality_id': 3, 'pet_species_id': 1180}"
1758432549,LONG,,1,48990000,,"{'id': 82800, 'context': 0, 'modifiers': [{'type': 6, 'value': 99907}], 'pet_breed_id': 12, 'pet_level': 1, 'pet_quality_id': 2, 'pet_species_id': 3033}"
1758432576,LONG,,1,48990000,,"{'id': 82800, 'context': 0, 'modifiers': [{'type': 6, 'value': 99908}], 'pet_breed_id': 4, 'pet_level': 1, 'pet_quality_id': 3, 'pet_species_id': 2961}"
1758432607,LONG,,1,31595800,,"{'id': 82800, 'context': 0, 'modifiers': [{'type': 6, 'value': 29805}], 'pet_breed_id': 8, 'pet_level': 1, 'pet_quality_id': 2, 'pet_species_id': 232}"
1758432646,LONG,,1,45000000,,"{'id': 82800, 'context': 0, 'modifiers': [{'type': 6, 'value': 88058}], 'pet_breed_id': 14, 'pet_level': 1, 'pet_quality_id': 3, 'pet_species_id': 2466}"
1758432676,LONG,,1,1500000,,"{'id': 82800, 'context': 0, 'modifiers': [{'type': 6, 'value': 88060}], 'pet_breed_id': 6, 'pet_level': 1, 'pet_quality_id': 3, 'pet_species_id': 2468}"
1758432729,LONG,,1,49990000,,"{'id': 82800, 'context': 0, 'modifiers': [{'type': 6, 'value': 6292}], 'pet_breed_id': 14, 'pet_level': 1, 'pet_quality_id': 3, 'pet_species_id': 1563}"
1758432760,LONG,,1,45500000,,"{'id': 82800, 'context': 0, 'modifiers': [{'type': 6, 'value': 29806}], 'pet_breed_id': 14, 'pet_level': 1, 'pet_quality_id': 3, 'pet_species_id': 239}"
1758432835,VERY_LONG,,1,399990000,,"{'id': 7728, 'context': 1, 'bonus_lists': [6710], 'modifiers': [{'type': 9, 'value': 30}, {'type': 28, 'value': 211}]}"
1758432871,VERY_LONG,,1,49998700,,"{'id': 14967, 'context': 0, 'bonus_lists': [6654, 1681], 'modifiers': [{'type': 9, 'value': 30}, {'type': 28, 'value': 36}]}"
1758432941,VERY_LONG,,1,249990100,,"{'id': 1973, 'context': 0, 'modifiers': [{'type': 28, 'value': 1005}]}"
1758432985,VERY_LONG,,1,29990000,,"{'id': 1265, 'context': 0, 'bonus_lists': [6659], 'modifiers': [{'type': 9, 'value': 30}, {'type': 28, 'value': 21}]}"
1758433005,VERY_LONG,,1,99976300,,"{'id': 14899, 'context': 0, 'bonus_lists': [6654, 1707], 'modifiers': [{'type': 9, 'value': 30}, {'type': 28, 'value': 21}]}"
1758433022,VERY_LONG,,1,69242100,,"{'id': 14901, 'context': 0, 'bonus_lists': [6654, 1695], 'modifiers': [{'type': 9, 'value': 30}, {'type': 28, 'value': 21}]}"
1758434106,VERY_LONG,,1,199996400,,"{'id': 14900, 'context': 0, 'bonus_lists': [6654, 1677], 'modifiers': [{'type': 9, 'value': 30}, {'type': 28, 'value': 21}]}"
1758434142,VERY_LONG,,1,19997300,,"{'id': 15646, 'context': 0, 'bonus_lists': [6654, 1693], 'modifiers': [{'type': 9, 'value': 30}, {'type': 28, 'value': 36}]}"
1758434180,VERY_LONG,,1,19996000,,"{'id': 24944, 'context': 0, 'bonus_lists': [6654, 1708], 'modifiers': [{'type': 9, 'value': 30}, {'type': 28, 'value': 37}]}"
1758434208,VERY_LONG,,1,49990000,,"{'id': 31139, 'context': 0, 'bonus_lists': [6659], 'modifiers': [{'type': 9, 'value': 30}, {'type': 28, 'value': 37}]}"
1758434224,VERY_LONG,,1,24922100,,"{'id': 14918, 'context': 0, 'bonus_lists': [6654, 1695], 'modifiers': [{'type': 9, 'value': 30}, {'type': 28, 'value': 21}]}"
1758434258,VERY_LONG,,1,199998100,,"{'id': 15596, 'context': 0, 'bonus_lists': [6654, 1677], 'modifiers': [{'type': 9, 'value': 30}, {'type': 28, 'value': 21}]}"
1758434269,VERY_LONG,,1,39992000,,"{'id': 24942, 'context': 0, 'bonus_lists': [6654, 1707], 'modifiers': [{'type': 9, 'value': 30}, {'type': 28, 'value': 37}]}"
1758434301,VERY_LONG,,1,48482700,,"{'id': 14917, 'context': 0, 'bonus_lists': [6654, 1694], 'modifiers': [{'type': 9, 'value': 30}, {'type': 28, 'value': 21}]}"
1758434350,VERY_LONG,,1,9992500,,"{'id': 24609, 'context': 0, 'bonus_lists': [6654, 1677], 'modifiers': [{'type': 9, 'value': 30}, {'type': 28, 'value': 37}]}"
1758434805,VERY_LONG,,1,499997500,,"{'id': 14554, 'context': 0, 'bonus_lists': [6660], 'modifiers': [{'type': 9, 'value': 30}, {'type': 28, 'value': 36}]}"
1758434831,LONG,,1,9390000,,"{'id': 114821, 'context': 0}"
1758434832,VERY_LONG,,1,49980000,,"{'id': 2245, 'context': 0, 'bonus_lists': [6660], 'modifiers': [{'type': 9, 'value': 30}, {'type': 28, 'value': 36}]}"
1758434834,LONG,,1,9390000,,"{'id': 114821, 'context': 0}"
1758434836,LONG,,1,9390000,,"{'id': 114821, 'context': 0}"
1758434861,VERY_LONG,,1,99995800,,"{'id': 2243, 'context': 0, 'bonus_lists': [6661], 'modifiers': [{'type': 9, 'value': 30}, {'type': 28, 'value': 36}]}"
1758434893,VERY_LONG,,1,99991900,,"{'id': 2100, 'context': 54, 'bonus_lists': [4259], 'modifiers': [{'type': 9, 'value': 50}]}"
1758434901,LONG,,1,6500000,,"{'id': 184479, 'context': 0}"
1758434903,LONG,,1,6500000,,"{'id': 184479, 'context': 0}"
1758434905,LONG,,1,6500000,,"{'id': 184479, 'context': 0}"
1758434908,LONG,,1,6500000,,"{'id': 184479, 'context': 0}"
1758434944,VERY_LONG,,1,49998700,,"{'id': 14968, 'context': 0, 'bonus_lists': [6654, 1705], 'modifiers': [{'type': 9, 'value': 30}, {'type': 28, 'value': 36}]}"
1758434975,VERY_LONG,,1,99996400,,"{'id': 14175, 'context': 0, 'bonus_lists': [6654, 1708], 'modifiers': [{'type': 9, 'value': 30}, {'type': 28, 'value': 15}]}"
1758434996,VERY_LONG,,1,49999500,,"{'id': 10601, 'context': 1, 'modifiers': [{'type': 28, 'value': 211}]}"
1758435017,VERY_LONG,,1,24997600,,"{'id': 14275, 'context': 0, 'bonus_lists': [6654, 1691], 'modifiers': [{'type': 9, 'value': 30}, {'type': 28, 'value': 36}]}"
1758435030,VERY_LONG,,1,29996600,,"{'id': 4071, 'context': 0, 'bonus_lists': [6654], 'modifiers': [{'type': 9, 'value': 30}, {'type': 28, 'value': 18}]}"
1758435044,VERY_LONG,,1,4996200,,"{'id': 10384, 'context': 1, 'bonus_lists': [6654, 1693], 'modifiers': [{'type': 9, 'value': 30}, {'type': 28, 'value': 205}]}"
1758435061,VERY_LONG,,1,2775500,,"{'id': 10385, 'context': 1, 'bonus_lists': [6654, 1692], 'modifiers': [{'type': 9, 'value': 30}, {'type': 28, 'value': 205}]}"
1758435075,VERY_LONG,,1,49996300,,"{'id': 15641, 'context': 53, 'bonus_lists': [1694, 4277], 'modifiers': [{'type': 9, 'value': 45}]}"
1758435082,VERY_LONG,,1,13900900,,"{'id': 8292, 'context': 1, 'bonus_lists': [6654], 'modifiers': [{'type': 9, 'value': 30}, {'type': 28, 'value': 205}]}"
1758435096,VERY_LONG,,1,9956700,,"{'id': 10373, 'context': 1, 'bonus_lists': [6654], 'modifiers': [{'type': 9, 'value': 30}, {'type': 28, 'value': 205}]}"
1758436119,VERY_LONG,,1,49996300,,"{'id': 14926, 'context': 0, 'bonus_lists': [6654, 1695], 'modifiers': [{'type': 9, 'value': 30}, {'type': 28, 'value': 33}]}"
1758436135,VERY_LONG,,1,4980000,,"{'id': 1203, 'context': 0, 'bonus_lists': [6659], 'modifiers': [{'type': 9, 'value': 30}, {'type': 28, 'value': 36}]}"
1758436150,VERY_LONG,,1,93899300,,"{'id': 14924, 'context': 0, 'bonus_lists': [6654, 1709], 'modifiers': [{'type': 9, 'value': 30}, {'type': 28, 'value': 36}]}"
1758436198,VERY_LONG,,1,19998700,,"{'id': 14802, 'context': 0, 'bonus_lists': [6654], 'modifiers': [{'type': 9, 'value': 30}, {'type': 28, 'value': 36}]}"
1758436263,VERY_LONG,,1,166523900,,"{'id': 178926, 'context': 64, 'bonus_lists': [6717, 7194, 1507]}"
1758436274,VERY_LONG,,1,99990000,,"{'id': 8226, 'context': 1, 'bonus_lists': [6710], 'modifiers': [{'type': 9, 'value': 30}, {'type': 28, 'value': 211}]}"
1758436288,VERY_LONG,,1,166523900,,"{'id': 178926, 'context': 64, 'bonus_lists': [6717, 7193, 1507]}"
1758436331,VERY_LONG,,1,199996900,,"{'id': 14928, 'context': 0, 'bonus_lists': [6654, 1678], 'modifiers': [{'type': 9, 'value': 30}, {'type': 28, 'value': 33}]}"
1758436360,VERY_LONG,,1,99996600,,"{'id': 14806, 'context': 0, 'bonus_lists': [6654], 'modifiers': [{'type': 9, 'value': 30}, {'type': 28, 'value': 36}]}"
1758436403,VERY_LONG,,1,49999200,,"{'id': 14445, 'context': 54, 'bonus_lists': [4277], 'modifiers': [{'type': 9, 'value': 40}]}"
1758436412,VERY_LONG,399500,40,,,{'id': 173108}
1758436420,VERY_LONG,,1,98008400,,"{'id': 166824, 'context': 11}"
1758436432,VERY_LONG,,1,49989800,,"{'id': 15642, 'context': 0, 'bonus_lists': [6654, 1693], 'modifiers': [{'type': 9, 'value': 30}, {'type': 28, 'value': 36}]}"
1758436453,VERY_LONG,,1,14985500,,"{'id': 6390, 'context': 0}"
1758436496,VERY_LONG,,1,199994800,,"{'id': 12702, 'context': 1, 'modifiers': [{'type': 28, 'value': 205}]}"
1758436537,VERY_LONG,,1,99994200,,"{'id': 809, 'context': 0, 'bonus_lists': [6661], 'modifiers': [{'type': 9, 'value': 30}, {'type': 28, 'value': 30}]}"
1758436587,VERY_LONG,,1,49990000,,"{'id': 1715, 'context': 0, 'bonus_lists': [6658], 'modifiers': [{'type': 9, 'value': 30}, {'type': 28, 'value': 27}]}"
1758436630,VERY_LONG,,1,199994700,,"{'id': 4035, 'context': 1, 'bonus_lists': [6654], 'modifiers': [{'type': 9, 'value': 30}, {'type': 28, 'value': 211}]}"
1758436657,VERY_LONG,,1,99996200,,"{'id': 14805, 'context': 0, 'bonus_lists': [6654], 'modifiers': [{'type': 9, 'value': 30}, {'type': 28, 'value': 33}]}"
1758436706,VERY_LONG,,1,199997300,,"{'id': 14915, 'context': 0, 'bonus_lists': [6654, 1709], 'modifiers': [{'type': 9, 'value': 30}, {'type': 28, 'value': 33}]}"
1758436735,VERY_LONG,,1,499997500,,"{'id': 14859, 'context': 0, 'bonus_lists': [6654], 'modifiers': [{'type': 9, 'value': 30}, {'type': 28, 'value': 36}]}"
1758436743,VERY_LONG,,1,99999800,,"{'id': 12698, 'context': 1, 'modifiers': [{'type': 28, 'value': 203}]}"
1758436797,VERY_LONG,,1,699997800,,"{'id': 14970, 'context': 0, 'bonus_lists': [6654, 1692], 'modifiers': [{'type': 9, 'value': 30}, {'type': 28, 'value': 36}]}"
1758436817,VERY_LONG,,1,17345400,,"{'id': 10143, 'context': 0, 'bonus_lists': [6654, 1708], 'modifiers': [{'type': 9, 'value': 30}, {'type': 28, 'value': 1004}]}"
1758436845,VERY_LONG,,1,39990000,,"{'id': 13081, 'context': 0, 'bonus_lists': [6659], 'modifiers': [{'type': 9, 'value': 30}, {'type': 28, 'value': 27}]}"
1758436854,VERY_LONG,,1,49989500,,"{'id': 8190, 'context': 1, 'bonus_lists': [6659], 'modifiers': [{'type': 9, 'value': 30}, {'type': 28, 'value': 205}]}"
1758436871,VERY_LONG,,1,49990000,,"{'id': 12989, 'context': 0, 'bonus_lists': [6659], 'modifiers': [{'type': 9, 'value': 30}, {'type': 28, 'value': 15}]}"
1758436879,VERY_LONG,,1,19950000,,"{'id': 13028, 'context': 0, 'bonus_lists': [6659], 'modifiers': [{'type': 9, 'value': 30}, {'type': 28, 'value': 36}]}"
1758436906,VERY_LONG,,1,9992400,,"{'id': 14922, 'context': 0, 'bonus_lists': [6654, 1708], 'modifiers': [{'type': 9, 'value': 30}, {'type': 28, 'value': 36}]}"
1758436915,VERY_LONG,,1,4050000,,"{'id': 10266, 'context': 0, 'bonus_lists': [6654, 1678], 'modifiers': [{'type': 9, 'value': 30}, {'type': 28, 'value': 1004}]}"
1758436927,VERY_LONG,,1,29997400,,"{'id': 9381, 'context': 1, 'bonus_lists': [6710], 'modifiers': [{'type': 9, 'value': 30}, {'type': 28, 'value': 217}]}"
1758436939,VERY_LONG,,1,19960000,,"{'id': 14280, 'context': 53, 'bonus_lists': [1681, 4277], 'modifiers': [{'type': 9, 'value': 50}]}"
1758436948,VERY_LONG,,1,49894400,,"{'id': 6415, 'context': 1, 'bonus_lists': [6654], 'modifiers': [{'type': 9, 'value': 30}, {'type': 28, 'value': 217}]}"
1758436971,VERY_LONG,,1,9942100,,"{'id': 10224, 'context': 1, 'bonus_lists': [6654, 1680], 'modifiers': [{'type': 9, 'value': 30}, {'type': 28, 'value': 205}]}"
1758436996,VERY_LONG,,1,9998100,,"{'id': 14803, 'context': 0, 'bonus_lists': [6654], 'modifiers': [{'type': 9, 'value': 30}, {'type': 28, 'value': 36}]}"
1758437016,VERY_LONG,,1,49961400,,"{'id': 8312, 'context': 1, 'bonus_lists': [6654], 'modifiers': [{'type': 9, 'value': 30}, {'type': 28, 'value': 205}]}"
1758437040,VERY_LONG,,1,5000900,,"{'id': 10164, 'context': 1, 'bonus_lists': [6654, 1691], 'modifiers': [{'type': 9, 'value': 30}, {'type': 28, 'value': 205}]}"
1758437062,VERY_LONG,,1,7859800,,"{'id': 10378, 'context': 1, 'bonus_lists': [6654, 1694], 'modifiers': [{'type': 9, 'value': 30}, {'type': 28, 'value': 205}]}"
1758437109,VERY_LONG,,1,9993000,,"{'id': 15647, 'context': 0, 'bonus_lists': [6654, 1692], 'modifiers': [{'type': 9, 'value': 30}, {'type': 28, 'value': 36}]}"
1758437171,VERY_LONG,,1,49999300,,"{'id': 3854, 'context': 0}"
1758437200,VERY_LONG,,1,49954400,,"{'id': 14951, 'context': 0, 'bonus_lists': [6654, 1677], 'modifiers': [{'type': 9, 'value': 30}, {'type': 28, 'value': 33}]}"
1758437239,VERY_LONG,,1,49997300,,"{'id': 14948, 'context': 0, 'bonus_lists': [6654, 1693], 'modifiers': [{'type': 9, 'value': 30}, {'type': 28, 'value': 33}]}"
1758437279,VERY_LONG,,1,9970400,,"{'id': 15216, 'context': 0, 'bonus_lists': [6655, 1705], 'modifiers': [{'type': 9, 'value': 30}, {'type': 28, 'value': 30}]}"
1758437298,VERY_LONG,,1,49990400,,"{'id': 7786, 'context': 1, 'bonus_lists': [6710], 'modifiers': [{'type': 9, 'value': 30}, {'type': 28, 'value': 211}]}"
1758437321,VERY_LONG,,1,9996600,,"{'id': 2981, 'context': 0, 'bonus_lists': [6654], 'modifiers': [{'type': 9, 'value': 30}, {'type': 28, 'value': 11}]}"
1758437343,VERY_LONG,,1,4050000,,"{'id': 10266, 'context': 1, 'bonus_lists': [6654, 1678], 'modifiers': [{'type': 9, 'value': 30}, {'type': 28, 'value': 205}]}"
1758437367,VERY_LONG,,1,34294100,,"{'id': 14855, 'context': 0, 'bonus_lists': [6654], 'modifiers': [{'type': 9, 'value': 30}, {'type': 28, 'value': 33}]}"
1758437404,VERY_LONG,,1,49999200,,"{'id': 810, 'context': 0, 'bonus_lists': [6661], 'modifiers': [{'type': 9, 'value': 30}, {'type': 28, 'value': 36}]}"
1758437414,VERY_LONG,,1,47259600,,"{'id': 14862, 'context': 0, 'bonus_lists': [6654], 'modifiers': [{'type': 9, 'value': 30}, {'type': 28, 'value': 36}]}"
1758437431,VERY_LONG,,1,28831500,,"{'id': 8271, 'context': 1, 'bonus_lists': [6654], 'modifiers': [{'type': 9, 'value': 30}, {'type': 28, 'value': 205}]}"
1758437454,VERY_LONG,,1,9958200,,"{'id': 10230, 'context': 1, 'bonus_lists': [6654, 1708], 'modifiers': [{'type': 9, 'value': 30}, {'type': 28, 'value': 205}]}"
1758438027,VERY_LONG,60000,19,,,{'id': 173109}
1758438031,VERY_LONG,110000,33,,,{'id': 173110}
1758438041,VERY_LONG,6397500,4,,,{'id': 173170}
1758438045,VERY_LONG,2499500,2,,,{'id': 173173}
1758438065,VERY_LONG,3690000,20,,,{'id': 173172}
1758438068,VERY_LONG,19500000,1,,,{'id': 173097}
1758439333,VERY_LONG,,1,499990000,,"{'id': 90655, 'context': 0}"
1758439834,VERY_LONG,221100,200,,,{'id': 169701}
1758441177,VERY_LONG,,1,5550000,,"{'id': 44446, 'context': 0}"
1758441213,VERY_LONG,,1,2007600,,"{'id': 168808, 'context': 13}"
1758441245,VERY_LONG,,1,4446400,,"{'id': 85802, 'context': 0}"
1758441280,VERY_LONG,,1,4006200,,"{'id': 87213, 'context': 0}"
1758441473,LONG,,1,79840000,,"{'id': 173242, 'context': 66, 'bonus_lists': [6758, 1532]}"
1758441829,LONG,665000,5,,,{'id': 160053}
1758441852,LONG,191200,5,,,{'id': 171832}
1758442022,VERY_LONG,19877000,1,,,{'id': 173161}
1758442035,VERY_LONG,8998300,1,,,{'id': 173162}
1758442056,VERY_LONG,8993500,61,,,{'id': 175970}
1758442067,VERY_LONG,36014400,1,,,{'id': 168419}
1758442094,VERY_LONG,9000000,6,,,{'id': 173101}
1758443108,VERY_LONG,18500000,5,,,{'id': 173098}
1758443114,VERY_LONG,9995100,9,,,{'id': 173075}
1758443175,VERY_LONG,,1,5553800,,"{'id': 42103, 'context': 0}"
1758443237,VERY_LONG,639500,24,,,{'id': 173204}
1758444316,LONG,1610000,1,,,{'id': 172232}
1758444670,VERY_LONG,,1,1999999900,,"{'id': 163575, 'context': 0}"
1758446290,LONG,,1,50000100,,"{'id': 59597, 'context': 0}"
1758446293,LONG,,1,50000100,,"{'id': 59597, 'context': 0}"
1758446351,LONG,,1,19999100,,"{'id': 173428, 'context': 13, 'modifiers': [{'type': 29, 'value': 40}, {'type': 30, 'value': 49}]}"
1758446409,LONG,4447500,5,,,{'id': 142406}
1758446476,LONG,,1,500,,"{'id': 82800, 'context': 0, 'modifiers': [{'type': 6, 'value': 31073}], 'pet_breed_id': 3, 'pet_level': 1, 'pet_quality_id': 2, 'pet_species_id': 251}"
1758446522,LONG,,1,9900,,"{'id': 82800, 'context': 0, 'modifiers': [{'type': 6, 'value': 99899}], 'pet_breed_id': 4, 'pet_level': 1, 'pet_quality_id': 2, 'pet_species_id': 2925}"
1758446558,LONG,,1,1007500,,"{'id': 178951, 'context': 1, 'bonus_lists': [6908, 6652, 1710], 'modifiers': [{'type': 9, 'value': 60}, {'type': 28, 'value': 747}]}"
1758446637,LONG,,1,188888800,,"{'id': 144400, 'context': 3, 'bonus_lists': [3443, 1472, 3528], 'modifiers': [{'type': 28, 'value': 619}]}"
1758446660,LONG,10986000,7,,,{'id': 173160}
1758446702,LONG,19877000,2,,,{'id': 173161}
1758446811,LONG,5300000,2,,,{'id': 172367}
1758446855,LONG,9290000,20,,,{'id': 172362}
1758446928,LONG,5729800,3,,,{'id': 172415}
1758446960,LONG,2508700,1,,,{'id': 183738}
1758447038,LONG,1851300,3,,,{'id': 172361}
1758447061,LONG,5500000,4,,,{'id': 172370}
1758447088,LONG,,1,19800,,"{'id': 82800, 'context': 0, 'modifiers': [{'type': 6, 'value': 98466}], 'pet_breed_id': 17, 'pet_level': 1, 'pet_quality_id': 2, 'pet_species_id': 3013}"
1758447091,LONG,,1,19800,,"{'id': 82800, 'context': 0, 'modifiers': [{'type': 6, 'value': 98466}], 'pet_breed_id': 17, 'pet_level': 1, 'pet_quality_id': 2, 'pet_species_id': 3013}"
1758447115,LONG,,1,7000,,"{'id': 82800, 'context': 0, 'modifiers': [{'type': 6, 'value': 99018}], 'pet_breed_id': 7, 'pet_level': 1, 'pet_quality_id': 2, 'pet_species_id': 2798}"
1758447117,LONG,,1,7000,,"{'id': 82800, 'context': 0, 'modifiers': [{'type': 6, 'value': 99018}], 'pet_breed_id': 7, 'pet_level': 1, 'pet_quality_id': 2, 'pet_species_id': 2798}"
1758447137,LONG,,1,1000000,,"{'id': 82800, 'context': 0, 'modifiers': [{'type': 6, 'value': 98459}], 'pet_breed_id': 15, 'pet_level': 1, 'pet_quality_id': 2, 'pet_species_id': 3022}"
1758447141,LONG,,1,1000000,,"{'id': 82800, 'context': 0, 'modifiers': [{'type': 6, 'value': 98459}], 'pet_breed_id': 5, 'pet_level': 1, 'pet_quality_id': 2, 'pet_species_id': 3022}"
1758447145,LONG,,1,1000000,,"{'id': 82800, 'context': 0, 'modifiers': [{'type': 6, 'value': 98459}], 'pet_breed_id': 15, 'pet_level': 1, 'pet_quality_id': 2, 'pet_species_id': 3022}"
1758447162,LONG,,1,20087100,,"{'id': 82800, 'context': 0, 'modifiers': [{'type': 6, 'value': 99917}], 'pet_breed_id': 15, 'pet_level': 1, 'pet_quality_id': 2, 'pet_species_id': 3008}"
1758447260,LONG,1449800,5,,,{'id': 172233}
1758447308,LONG,,1,14999500,,"{'id': 172263, 'context': 13, 'bonus_lists': [6893], 'modifiers': [{'type': 9, 'value': 60}, {'type': 28, 'value': 391}, {'type': 29, 'value': 49}, {'type': 30, 'value': 36}]}"
1758447328,LONG,,1,9540000,,"{'id': 71952, 'context': 0}"
1758447337,LONG,,1,10455900,,"{'id': 82800, 'context': 0, 'modifiers': [{'type': 6, 'value': 81214}], 'pet_breed_id': 19, 'pet_level': 1, 'pet_quality_id': 3, 'pet_species_id': 2719}"
1758447348,LONG,,1,55989900,,"{'id': 82800, 'context': 0, 'modifiers': [{'type': 6, 'value': 42520}], 'pet_breed_id': 11, 'pet_level': 1, 'pet_quality_id': 3, 'pet_species_id': 2589}"
1758447390,LONG,,1,45000000,,"{'id': 82800, 'context': 0, 'modifiers': [{'type': 6, 'value': 79796}], 'pet_breed_id': 6, 'pet_level': 1, 'pet_quality_id': 3, 'pet_species_id': 2118}"
1758447395,LONG,,1,45000000,,"{'id': 82800, 'context': 0, 'modifiers': [{'type': 6, 'value': 79796}], 'pet_breed_id': 6, 'pet_level': 1, 'pet_quality_id': 3, 'pet_species_id': 2118}"
1758447441,LONG,40000,8,,,{'id': 177716}
1758447458,LONG,259900,5,,,{'id': 172358}
1758447463,LONG,,1,12999000,,"{'id': 11825, 'context': 11}"
1758447488,LONG,40000,25,,,{'id': 172359}
1758447503,LONG,,1,119999900,,"{'id': 118376, 'context': 0}"
1758447509,LONG,,1,156390000,,"{'id': 82800, 'context': 0, 'modifiers': [{'type': 6, 'value': 40908}], 'pet_breed_id': 11, 'pet_level': 1, 'pet_quality_id': 2, 'pet_species_id': 1323}"
1758447550,LONG,,1,500000,,"{'id': 82800, 'context': 0, 'modifiers': [{'type': 6, 'value': 37712}], 'pet_breed_id': 21, 'pet_level': 1, 'pet_quality_id': 2, 'pet_species_id': 306}"
1758447554,LONG,,1,500000,,"{'id': 82800, 'context': 0, 'modifiers': [{'type': 6, 'value': 37712}], 'pet_breed_id': 21, 'pet_level': 1, 'pet_quality_id': 2, 'pet_species_id': 306}"
1758447563,LONG,,1,500000,,"{'id': 82800, 'context': 0, 'modifiers': [{'type': 6, 'value': 37712}], 'pet_breed_id': 21, 'pet_level': 1, 'pet_quality_id': 2, 'pet_species_id': 306}"
1758447583,LONG,,1,500000,,"{'id': 17720, 'context': 0}"
1758447607,LONG,,1,15509500,,"{'id': 82800, 'context': 0, 'pet_breed_id': 20, 'pet_level': 1, 'pet_quality_id': 3, 'pet_species_id': 1541}"
1758447785,LONG,,1,10000000,,"{'id': 177807, 'context': 0, 'bonus_lists': [6706], 'modifiers': [{'type': 9, 'value': 58}, {'type': 28, 'value': 746}]}"
1758447816,LONG,,1,880000,,"{'id': 82800, 'context': 0, 'modifiers': [{'type': 6, 'value': 29809}], 'pet_breed_id': 16, 'pet_level': 1, 'pet_quality_id': 2, 'pet_species_id': 236}"
1758447833,LONG,,1,97000000,,"{'id': 82800, 'context': 0, 'modifiers': [{'type': 6, 'value': 51277}], 'pet_breed_id': 18, 'pet_level': 1, 'pet_quality_id': 2, 'pet_species_id': 1330}"
1758447849,LONG,,1,50000,,"{'id': 82800, 'context': 0, 'modifiers': [{'type': 6, 'value': 27718}], 'pet_breed_id': 17, 'pet_level': 1, 'pet_quality_id': 2, 'pet_species_id': 90}"
1758447873,LONG,,1,2499700,,"{'id': 82800, 'context': 0, 'modifiers': [{'type': 6, 'value': 48668}], 'pet_breed_id': 6, 'pet_level': 1, 'pet_quality_id': 3, 'pet_species_id': 1234}"
1758447891,LONG,,1,272700,,"{'id': 82800, 'context': 0, 'modifiers': [{'type': 6, 'value': 13610}], 'pet_breed_id': 3, 'pet_level': 1, 'pet_quality_id': 2, 'pet_species_id': 117}"
1758447896,LONG,,1,272700,,"{'id': 82800, 'context': 0, 'modifiers': [{'type': 6, 'value': 13610}], 'pet_breed_id': 3, 'pet_level': 1, 'pet_quality_id': 2, 'pet_species_id': 117}"
1758447913,LONG,,1,2487600,,"{'id': 82800, 'context': 0, 'modifiers': [{'type': 6, 'value': 22349}], 'pet_breed_id': 7, 'pet_level': 1, 'pet_quality_id': 2, 'pet_species_id': 153}"
1758447919,LONG,,1,2487600,,"{'id': 82800, 'context': 0, 'modifiers': [{'type': 6, 'value': 22349}], 'pet_breed_id': 7, 'pet_level': 1, 'pet_quality_id': 2, 'pet_species_id': 153}"
1758447932,LONG,,1,539100,,"{'id': 82800, 'context': 0, 'modifiers': [{'type': 6, 'value': 2177}], 'pet_breed_id': 19, 'pet_level': 1, 'pet_quality_id': 2, 'pet_species_id': 55}"
1758447934,LONG,,1,539100,,"{'id': 82800, 'context': 0, 'modifiers': [{'type': 6, 'value': 2177}], 'pet_breed_id': 9, 'pet_level': 1, 'pet_quality_id': 2, 'pet_species_id': 55}"
1758447946,LONG,,1,990300,,"{'id': 82800, 'context': 0, 'modifiers': [{'type': 6, 'value': 328}], 'pet_breed_id': 15, 'pet_level': 1, 'pet_quality_id': 2, 'pet_species_id': 72}"
1758447948,LONG,,1,990300,,"{'id': 82800, 'context': 0, 'modifiers': [{'type': 6, 'value': 328}], 'pet_breed_id': 13, 'pet_level': 1, 'pet_quality_id': 2, 'pet_species_id': 72}"
1758447956,LONG,,1,61940000,,"{'id': 82800, 'context': 0, 'modifiers': [{'type': 6, 'value': 27681}], 'pet_breed_id': 10, 'pet_level': 1, 'pet_quality_id': 2, 'pet_species_id': 126}"
1758447969,LONG,,1,1000000,,"{'id': 82800, 'context': 0, 'modifiers': [{'type': 6, 'value': 65590}], 'pet_breed_id': 8, 'pet_level': 1, 'pet_quality_id': 3, 'pet_species_id': 1752}"
1758447983,LONG,,1,4999900,,"{'id': 82800, 'context': 0, 'modifiers': [{'type': 6, 'value': 40521}], 'pet_breed_id': 6, 'pet_level': 1, 'pet_quality_id': 2, 'pet_species_id': 1040}"
1758448012,LONG,,1,2005600,,"{'id': 82800, 'context': 0, 'modifiers': [{'type': 6, 'value': 75367}], 'pet_breed_id': 9, 'pet_level': 1, 'pet_quality_id': 2, 'pet_species_id': 2684}"
1758448017,LONG,,1,2005600,,"{'id': 82800, 'context': 0, 'modifiers': [{'type': 6, 'value': 75367}], 'pet_breed_id': 6, 'pet_level': 1, 'pet_quality_id': 2, 'pet_species_id': 2684}"
1758448033,LONG,,1,7780000,,"{'id': 82800, 'context': 0, 'modifiers': [{'type': 6, 'value': 79797}], 'pet_breed_id': 4, 'pet_level': 1, 'pet_quality_id': 3, 'pet_species_id': 2119}"
1758448059,LONG,,1,34000000,,"{'id': 82800, 'context': 0, 'modifiers': [{'type': 6, 'value': 10269}], 'pet_breed_id': 12, 'pet_level': 1, 'pet_quality_id': 2, 'pet_species_id': 116}"
1758448094,LONG,,1,79500000,,"{'id': 82800, 'context': 0, 'modifiers': [{'type': 6, 'value': 79636}], 'pet_breed_id': 18, 'pet_level': 1, 'pet_quality_id': 3, 'pet_species_id': 2081}"
1758448099,LONG,,1,79500000,,"{'id': 82800, 'context': 0, 'modifiers': [{'type': 6, 'value': 79635}], 'pet_breed_id': 21, 'pet_level': 1, 'pet_quality_id': 3, 'pet_species_id': 2081}"
1758449132,LONG,,1,12500000,,"{'id': 82800, 'context': 0, 'modifiers': [{'type': 6, 'value': 79639}], 'pet_breed_id': 5, 'pet_level': 1, 'pet_quality_id': 3, 'pet_species_id': 2085}"
1758449162,LONG,,1,5000000,,"{'id': 82800, 'context': 0, 'modifiers': [{'type': 6, 'value': 90715}], 'pet_breed_id': 14, 'pet_level': 1, 'pet_quality_id': 3, 'pet_species_id': 2580}"
1758449182,LONG,,1,62057400,,"{'id': 82800, 'context': 0, 'modifiers': [{'type': 6, 'value': 39739}], 'pet_breed_id': 21, 'pet_level': 1, 'pet_quality_id': 3, 'pet_species_id': 2584}"
1758449208,LONG,,1,4550000,,"{'id': 82800, 'context': 0, 'modifiers': [{'type': 6, 'value': 38283}], 'pet_breed_id': 11, 'pet_level': 1, 'pet_quality_id': 3, 'pet_species_id': 2089}"
1758449224,LONG,,1,5003100,,"{'id': 82800, 'context': 0, 'modifiers': [{'type': 6, 'value': 48664}], 'pet_breed_id': 4, 'pet_level': 1, 'pet_quality_id': 3, 'pet_species_id': 1233}"
1758449475,LONG,,1,955000,,"{'id': 138010, 'context': 17, 'modifiers': [{'type': 28, 'value': 1699}]}"
1758449506,VERY_LONG,,1,10000000,,"{'id': 116794, 'context': 0, 'modifiers': [{'type': 28, 'value': 64}]}"
1758449509,VERY_LONG,,1,10000000,,"{'id': 116794, 'context': 0, 'modifiers': [{'type': 28, 'value': 64}]}"
1758449513,VERY_LONG,,1,10000000,,"{'id': 116794, 'context': 0, 'modifiers': [{'type': 28, 'value': 64}]}"
1758449515,VERY_LONG,,1,10000000,,"{'id': 116794, 'context': 0, 'modifiers': [{'type': 28, 'value': 64}]}"
1758449519,VERY_LONG,,1,10000000,,"{'id': 116794, 'context': 0, 'modifiers': [{'type': 28, 'value': 64}]}"
1758450456,LONG,,1,6500000,,"{'id': 184479, 'context': 0}"
1758450463,LONG,,1,6500000,,"{'id': 184479, 'context': 0}"
1758450469,LONG,,1,6500000,,"{'id': 184479, 'context': 0}"
1758450473,LONG,,1,6500000,,"{'id': 184479, 'context': 0}"
1758450477,LONG,,1,6500000,,"{'id': 184479, 'context': 0}"
1758450482,LONG,,1,6500000,,"{'id': 184479, 'context': 0}"
1758450486,LONG,,1,6500000,,"{'id': 184479, 'context': 0}"
1758450490,LONG,,1,6500000,,"{'id': 184479, 'context': 0}"
1758450580,LONG,,1,9300000,,"{'id': 114821, 'context': 0}"
1758450583,LONG,,1,9300000,,"{'id': 114821, 'context': 0}"
1758450585,LONG,,1,9300000,,"{'id': 114821, 'context': 0}"
1758450588,LONG,,1,9300000,,"{'id': 114821, 'context': 0}"
1758450594,LONG,,1,9300000,,"{'id': 114821, 'context': 0}"
1758450597,LONG,,1,9300000,,"{'id': 114821, 'context': 0}"
1758450599,LONG,,1,9300000,,"{'id': 114821, 'context': 0}"
1758450604,LONG,,1,9300000,,"{'id': 114821, 'context': 0}"
1758450632,LONG,,1,3490000,,"{'id': 71715, 'context': 0}"
1758450655,LONG,,1,4900400,,"{'id': 71953, 'context': 0}"
1758450659,LONG,,1,4900400,,"{'id': 71953, 'context': 0}"
1758450661,LONG,,1,4900400,,"{'id': 71953, 'context': 0}"
1758450683,LONG,,1,4900500,,"{'id': 71636, 'context': 0}"
1758450707,LONG,,1,3490000,,"{'id': 71637, 'context': 0}"
1758450747,LONG,,1,9000000,,"{'id': 71952, 'context': 0}"
1758450749,LONG,,1,9000000,,"{'id': 71952, 'context': 0}"
1758450751,LONG,,1,9000000,,"{'id': 71952, 'context': 0}"
1758450807,LONG,665000,43,,,{'id': 160053}
1758450923,LONG,140000,20,,,{'id': 171438}
1758450953,VERY_LONG,,1,363600,,"{'id': 176986, 'context': 0, 'bonus_lists': [6907, 6652, 7194, 1697], 'modifiers': [{'type': 9, 'value': 60}, {'type': 28, 'value': 1707}]}"
1758450987,LONG,,1,3200400,,"{'id': 71638, 'context': 0}"
1758450999,LONG,45000,200,,,{'id': 152507}
1758451029,VERY_LONG,100000000,1,,,{'id': 132982}
1758451034,LONG,,1,29509900,,"{'id': 82800, 'context': 0, 'modifiers': [{'type': 6, 'value': 98477}], 'pet_breed_id': 18, 'pet_level': 1, 'pet_quality_id': 2, 'pet_species_id': 3064}"
1758451048,VERY_LONG,,1,742500,,"{'id': 175544, 'context': 0, 'bonus_lists': [6907, 1708], 'modifiers': [{'type': 9, 'value': 60}, {'type': 28, 'value': 807}]}"
1758451059,LONG,,1,72500000,,"{'id': 82800, 'context': 0, 'modifiers': [{'type': 6, 'value': 99891}], 'pet_breed_id': 6, 'pet_level': 1, 'pet_quality_id': 2, 'pet_species_id': 3006}"
1758451075,VERY_LONG,,1,4004400,,"{'id': 177810, 'context': 0, 'bonus_lists': [6908, 6652, 1676], 'modifiers': [{'type': 9, 'value': 60}, {'type': 28, 'value': 1707}]}"
1758451087,LONG,,1,53000000,,"{'id': 82800, 'context': 0, 'modifiers': [{'type': 6, 'value': 99875}], 'pet_breed_id': 20, 'pet_level': 1, 'pet_quality_id': 2, 'pet_species_id': 3037}"
1758451089,LONG,,1,53000000,,"{'id': 82800, 'context': 0, 'modifiers': [{'type': 6, 'value': 99875}], 'pet_breed_id': 10, 'pet_level': 1, 'pet_quality_id': 2, 'pet_species_id': 3037}"
1758451090,VERY_LONG,,1,583600,,"{'id': 177770, 'context': 0, 'bonus_lists': [6907, 6652, 7194, 1693], 'modifiers': [{'type': 9, 'value': 60}, {'type': 28, 'value': 1707}]}"
1758452124,LONG,,1,34000000,,"{'id': 82800, 'context': 0, 'modifiers': [{'type': 6, 'value': 99872}], 'pet_breed_id': 10, 'pet_level': 1, 'pet_quality_id': 2, 'pet_species_id': 3032}"
1758452145,VERY_LONG,,1,1002700,,"{'id': 177809, 'context': 0, 'bonus_lists': [6908, 42, 1680], 'modifiers': [{'type': 9, 'value': 60}, {'type': 28, 'value': 746}]}"
1758452156,LONG,,1,13009900,,"{'id': 82800, 'context': 0, 'modifiers': [{'type': 6, 'value': 59577}], 'pet_breed_id': 17, 'pet_level': 1, 'pet_quality_id': 3, 'pet_species_id': 1531}"
1758452195,VERY_LONG,,1,18005700,,"{'id': 177799, 'context': 0, 'bonus_lists': [6908, 6652, 1712], 'modifiers': [{'type': 9, 'value': 60}, {'type': 28, 'value': 1707}]}"
1758452200,LONG,,1,42300000,,"{'id': 82800, 'context': 0, 'modifiers': [{'type': 6, 'value': 90413}], 'pet_breed_id': 15, 'pet_level': 1, 'pet_quality_id': 3, 'pet_species_id': 2720}"
1758452245,LONG,3250000,2,,,{'id': 173053}
1758452267,VERY_LONG,704400,37,,,{'id': 171315}
1758452288,LONG,17500,60,,,{'id': 171436}
1758452322,LONG,667500,20,,,{'id': 171437}
1758452354,LONG,9500,20,,,{'id': 172068}
1758452364,LONG,800000,2,,,{'id': 152497}
1758452436,LONG,30000,90,,,{'id': 110609}
1758452535,LONG,,1,38500000,,"{'id': 171445, 'context': 13, 'bonus_lists': [6893, 7185], 'modifiers': [{'type': 9, 'value': 60}, {'type': 28, 'value': 391}, {'type': 29, 'value': 49}, {'type': 30, 'value': 40}]}"
1758452603,LONG,,1,38800000,,"{'id': 171447, 'context': 13, 'bonus_lists': [6893, 7185], 'modifiers': [{'type': 9, 'value': 60}, {'type': 28, 'value': 391}, {'type': 29, 'value': 49}, {'type': 30, 'value': 36}]}"
1758452651,LONG,,1,38800000,,"{'id': 171442, 'context': 13, 'bonus_lists': [6893, 7185], 'modifiers': [{'type': 9, 'value': 60}, {'type': 28, 'value': 391}, {'type': 29, 'value': 40}, {'type': 30, 'value': 49}]}"
1758452735,LONG,,1,38801000,,"{'id': 171449, 'context': 13, 'bonus_lists': [6893, 7185], 'modifiers': [{'type': 9, 'value': 60}, {'type': 28, 'value': 391}, {'type': 29, 'value': 40}, {'type': 30, 'value': 36}]}"
1758452778,LONG,5729800,2,,,{'id': 172415}
1758452788,LONG,3940000,15,,,{'id': 177659}
1758452796,LONG,7408400,1,,,{'id': 172368}
1758452797,LONG,,1,26000000,,"{'id': 82800, 'context': 0, 'modifiers': [{'type': 6, 'value': 50613}], 'pet_breed_id': 8, 'pet_level': 1, 'pet_quality_id': 3, 'pet_species_id': 2702}"
1758452813,LONG,,1,70000000,,"{'id': 82800, 'context': 0, 'modifiers': [{'type': 6, 'value': 99876}], 'pet_breed_id': 4, 'pet_level': 1, 'pet_quality_id': 3, 'pet_species_id': 2898}"
1758452824,LONG,,1,1000000,,"{'id': 82800, 'context': 0, 'modifiers': [{'type': 6, 'value': 98459}], 'pet_breed_id': 5, 'pet_level': 1, 'pet_quality_id': 2, 'pet_species_id': 3022}"
1758455279,LONG,99999900,7,,,{'id': 11382}
1758455584,LONG,1499900,30,,,{'id': 74641}
1758459043,LONG,,1,9300000,,"{'id': 114821, 'context': 0}"
1758459066,LONG,,1,6500000,,"{'id': 184479, 'context': 0}"
1758460122,LONG,,1,6500000,,"{'id': 184479, 'context': 0}"
1758460124,LONG,,1,6500000,,"{'id': 184479, 'context': 0}"
1758460125,LONG,,1,6500000,,"{'id': 184479, 'context': 0}"
1758460132,LONG,,1,6500000,,"{'id': 184479, 'context': 0}"
1758460134,LONG,,1,6500000,,"{'id': 184479, 'context': 0}"
1758460138,LONG,,1,6500000,,"{'id': 184479, 'context': 0}"
1758460158,LONG,,1,9300000,,"{'id': 114821, 'context': 0}"
1758460171,LONG,,1,9300000,,"{'id': 114821, 'context': 0}"
1758460187,VERY_LONG,35000000,8,,,{'id': 23786}
1758460579,VERY_LONG,,1,1130455300,,"{'id': 184799, 'context': 23, 'bonus_lists': [40, 1472, 6646], 'modifiers': [{'type': 28, 'value': 749}]}"
1758460676,VERY_LONG,,1,1224178800,,"{'id': 82453, 'context': 0}"
1758460680,VERY_LONG,,1,1224178800,,"{'id': 82453, 'context': 0}"
1758460686,VERY_LONG,,1,3499999800,,"{'id': 163574, 'context': 0, 'modifiers': [{'type': 28, 'value': 805}]}"
1758460694,VERY_LONG,,1,350883400,,"{'id': 83087, 'context': 0}"
1758460698,VERY_LONG,,1,350883400,,"{'id': 83087, 'context': 0}"
1758460840,VERY_LONG,7470000,223,,,{'id': 172097}
1758463703,LONG,,1,27916700,,"{'id': 173146, 'context': 13, 'bonus_lists': [7185], 'modifiers': [{'type': 9, 'value': 60}, {'type': 29, 'value': 40}]}"
1758464059,VERY_LONG,,1,1004000,,"{'id': 15267, 'context': 0, 'bonus_lists': [6655, 1694], 'modifiers': [{'type': 9, 'value': 30}, {'type': 28, 'value': 1005}]}"
1758465159,LONG,,1,30000,,"{'id': 127748, 'context': 31, 'modifiers': [{'type': 28, 'value': 176}]}"
1758465160,LONG,,1,30000,,"{'id': 127748, 'context': 31, 'modifiers': [{'type': 28, 'value': 176}]}"
1758465161,LONG,,1,30000,,"{'id': 127748, 'context': 31, 'modifiers': [{'type': 28, 'value': 373}]}"
1758465165,LONG,,1,30000,,"{'id': 127748, 'context': 31, 'modifiers': [{'type': 28, 'value': 373}]}"
1758465183,LONG,,1,4500000,,"{'id': 128316, 'context': 31, 'modifiers': [{'type': 28, 'value': 176}]}"
1758465186,LONG,,1,4500000,,"{'id': 128316, 'context': 31, 'modifiers': [{'type': 28, 'value': 176}]}"
1758465187,LONG,,1,4500000,,"{'id': 128316, 'context': 31, 'modifiers': [{'type': 28, 'value': 176}]}"
1758465190,LONG,,1,4500000,,"{'id': 128316, 'context': 31, 'modifiers': [{'type': 28, 'value': 176}]}"
1758465212,LONG,4000,800,,,{'id': 109693}
1758465250,LONG,,1,5000000,,"{'id': 113602, 'context': 3}"
1758465252,LONG,,1,5000000,,"{'id': 113602, 'context': 3}"
1758465254,LONG,,1,5000000,,"{'id': 113602, 'context': 3}"
1758465265,LONG,30000,144,,,{'id': 152545}
1758465861,VERY_LONG,,1,8244600,,"{'id': 18257, 'context': 0, 'modifiers': [{'type': 28, 'value': 1004}]}"
1758467193,LONG,212900,8,,,{'id': 171831}
1758467580,VERY_LONG,200000,70,,,{'id': 169300}
1758467624,VERY_LONG,200000,84,,,{'id': 168499}
1758467661,VERY_LONG,200000,48,,,{'id': 168501}
1758467720,VERY_LONG,150000,21,,,{'id': 9187}
1758467793,VERY_LONG,9500100,53,,,{'id': 136708}
1758467830,VERY_LONG,,1,2506100,,"{'id': 109574, 'context': 14}"
1758468054,VERY_LONG,23000,7800,,,{'id': 152576}
1758468084,VERY_LONG,,1,80000000,,"{'id': 82800, 'context': 0, 'modifiers': [{'type': 6, 'value': 59602}], 'pet_breed_id': 18, 'pet_level': 1, 'pet_quality_id': 3, 'pet_species_id': 1532}"
1758468102,LONG,,1,25000000,,"{'id': 4041, 'context': 1, 'bonus_lists': [6654], 'modifiers': [{'type': 9, 'value': 30}, {'type': 28, 'value': 217}]}"
1758468110,VERY_LONG,,1,132000000,,"{'id': 82800, 'context': 0, 'modifiers': [{'type': 6, 'value': 59602}], 'pet_breed_id': 18, 'pet_level': 25, 'pet_quality_id': 3, 'pet_species_id': 1532}"
1758468117,LONG,,1,24000000,,"{'id': 6416, 'context': 1, 'bonus_lists': [6654], 'modifiers': [{'type': 9, 'value': 30}, {'type': 28, 'value': 217}]}"
1758468133,VERY_LONG,,1,12000000,,"{'id': 82800, 'context': 0, 'modifiers': [{'type': 6, 'value': 59602}], 'pet_breed_id': 8, 'pet_level': 1, 'pet_quality_id': 2, 'pet_species_id': 1532}"
1758468136,VERY_LONG,,1,12000000,,"{'id': 82800, 'context': 0, 'modifiers': [{'type': 6, 'value': 59602}], 'pet_breed_id': 18, 'pet_level': 1, 'pet_quality_id': 2, 'pet_species_id': 1532}"
1758468137,LONG,,1,17500000,,"{'id': 4729, 'context': 1, 'bonus_lists': [6654], 'modifiers': [{'type': 9, 'value': 30}, {'type': 28, 'value': 217}]}"
1758468332,LONG,,1,115802700,,"{'id': 164282, 'context': 11}"
1758468401,VERY_LONG,5000000,1,,,{'id': 77544}
1758468408,LONG,5000000,12,,,{'id': 173037}
1758468432,VERY_LONG,5000000,2,,,{'id': 77540}
1758468471,VERY_LONG,,1,5000800,,"{'id': 8497, 'context': 14}"
1758468473,LONG,170000,8,,,{'id': 171830}
1758468475,VERY_LONG,,1,5000800,,"{'id': 8497, 'context': 14}"
1758468535,LONG,,1,730000000,,"{'id': 184782, 'context': 0, 'bonus_lists': [6652, 1472, 6646], 'modifiers': [{'type': 28, 'value': 1707}]}"
1758468555,VERY_LONG,250000,1,,,{'id': 2458}
1758468592,VERY_LONG,50000,4,,,{'id': 163019}
1758468862,LONG,,1,299999900,,"{'id': 164268, 'context': 0}"
1758468867,LONG,,1,299999900,,"{'id': 164268, 'context': 0}"
1758469017,LONG,,1,166331600,,"{'id': 164470, 'context': 11}"
1758469024,LONG,,1,166331600,,"{'id': 164470, 'context': 14, 'modifiers': [{'type': 28, 'value': 186}]}"
1758469080,VERY_LONG,23000,3338,,,{'id': 152576}
1758470560,VERY_LONG,4361000,4,,,{'id': 110633}
1758470658,VERY_LONG,12245800,6,,,{'id': 129289}
1758470699,VERY_LONG,2220000,1,,,{'id': 153445}
1758470721,VERY_LONG,340300,1,,,{'id': 24246}
1758470740,VERY_LONG,2721900,8,,,{'id': 81055}
1758470757,VERY_LONG,2286900,2,,,{'id': 153444}
1758470789,VERY_LONG,890000,2,,,{'id': 110619}
1758470797,VERY_LONG,,1,8423200,,"{'id': 71951, 'context': 0}"
1758470801,VERY_LONG,,1,8423200,,"{'id': 71951, 'context': 0}"
1758470804,VERY_LONG,,1,5448800,,"{'id': 142401, 'context': 11}"
1758470813,VERY_LONG,,1,8757700,,"{'id': 177809, 'context': 0, 'bonus_lists': [6908, 6652, 1678], 'modifiers': [{'type': 9, 'value': 58}, {'type': 28, 'value': 1707}]}"
1758470836,VERY_LONG,,1,5398100,,"{'id': 176990, 'context': 0, 'bonus_lists': [6907, 6652, 6935, 1676], 'modifiers': [{'type': 9, 'value': 60}, {'type': 28, 'value': 1329}]}"
1758470899,VERY_LONG,40000,1,,,{'id': 128500}
1758470946,VERY_LONG,150000,17,,,{'id': 90407}
1758470957,VERY_LONG,256500,4,,,{'id': 38303}
1758473325,VERY_LONG,,1,110000000,,"{'id': 82800, 'context': 0, 'modifiers': [{'type': 6, 'value': 59602}], 'pet_breed_id': 18, 'pet_level': 25, 'pet_quality_id': 2, 'pet_species_id': 1532}"
1758473414,VERY_LONG,8300,4,,,{'id': 24477}
1758473419,VERY_LONG,,1,10889000,,"{'id': 184759, 'context': 0, 'modifiers': [{'type': 28, 'value': 2065}]}"
1758473432,VERY_LONG,,1,2500000,,"{'id': 21944, 'context': 1, 'modifiers': [{'type': 28, 'value': 282}]}"
1758473439,VERY_LONG,19600,7,,,{'id': 109126}
1758473462,VERY_LONG,150000,15,,,{'id': 153434}
1758473471,VERY_LONG,,1,237800,,"{'id': 21949, 'context': 1, 'modifiers': [{'type': 28, 'value': 214}]}"
1758473479,LONG,,1,3672670000,,"{'id': 182978, 'context': 6, 'bonus_lists': [7187, 6652, 7194, 1498, 6646], 'modifiers': [{'type': 28, 'value': 753}]}"
1758473504,VERY_LONG,1006000,24,,,{'id': 38837}
1758473579,VERY_LONG,,1,40600,,"{'id': 16248, 'context': 1, 'modifiers': [{'type': 28, 'value': 282}]}"
1758473581,VERY_LONG,,1,40600,,"{'id': 16248, 'context': 1, 'modifiers': [{'type': 28, 'value': 282}]}"
1758473602,LONG,405000,33,,,{'id': 168586}
1758473643,VERY_LONG,23000,9991,,,{'id': 152576}
1758473662,LONG,720000,25,,,{'id': 172094}
1758473681,VERY_LONG,23000,400,,,{'id': 152576}
1758473688,LONG,7190000,2,,,{'id': 172097}
1758473724,LONG,,1,756000000,710640000,"{'id': 82800, 'context': 0, 'modifiers': [{'type': 6, 'value': 99859}], 'pet_breed_id': 5, 'pet_level': 1, 'pet_quality_id': 2, 'pet_species_id': 2949}"
1758473727,LONG,,1,176199300,165627300,"{'id': 82800, 'context': 0, 'modifiers': [{'type': 6, 'value': 51269}], 'pet_breed_id': 6, 'pet_level': 1, 'pet_quality_id': 3, 'pet_species_id': 1334}"
1758473734,LONG,,1,330988400,311129100,"{'id': 82800, 'context': 0, 'modifiers': [{'type': 6, 'value': 81097}], 'pet_breed_id': 12, 'pet_level': 1, 'pet_quality_id': 3, 'pet_species_id': 2576}"
1758473739,LONG,,1,97000000,91180000,"{'id': 82800, 'context': 0, 'modifiers': [{'type': 6, 'value': 51277}], 'pet_breed_id': 14, 'pet_level': 1, 'pet_quality_id': 2, 'pet_species_id': 1330}"
1758473743,LONG,,1,99990000,93990600,"{'id': 82800, 'context': 0, 'modifiers': [{'type': 6, 'value': 6192}], 'pet_breed_id': 3, 'pet_level': 1, 'pet_quality_id': 3, 'pet_species_id': 49}"
1758473747,LONG,,1,1156000000,1086640000,"{'id': 82800, 'context': 0, 'modifiers': [{'type': 6, 'value': 59042}], 'pet_breed_id': 19, 'pet_level': 1, 'pet_quality_id': 3, 'pet_species_id': 1806}"
1758473749,LONG,,1,138800000,130472000,"{'id': 82800, 'context': 0, 'modifiers': [{'type': 6, 'value': 38455}], 'pet_breed_id': 3, 'pet_level': 1, 'pet_quality_id': 3, 'pet_species_id': 317}"
1758473751,LONG,,1,58500000,54990000,"{'id': 82800, 'context': 0, 'modifiers': [{'type': 6, 'value': 82688}], 'pet_breed_id': 17, 'pet_level': 1, 'pet_quality_id': 3, 'pet_species_id': 2163}"
1758473753,LONG,,1,55490000,52160600,"{'id': 82800, 'context': 0, 'modifiers': [{'type': 6, 'value': 90515}], 'pet_breed_id': 22, 'pet_level': 1, 'pet_quality_id': 2, 'pet_species_id': 2698}"
1758473756,LONG,,1,38500000,36190000,"{'id': 82800, 'context': 0, 'modifiers': [{'type': 6, 'value': 65128}], 'pet_breed_id': 4, 'pet_level': 1, 'pet_quality_id': 2, 'pet_species_id': 1725}"
1758473761,LONG,,1,178900000,168166000,"{'id': 82800, 'context': 0, 'modifiers': [{'type': 6, 'value': 27682}], 'pet_breed_id': 3, 'pet_level': 10, 'pet_quality_id': 2, 'pet_species_id': 2406}"
1758473763,LONG,,1,146500400,137710400,"{'id': 82800, 'context': 0, 'modifiers': [{'type': 6, 'value': 47747}], 'pet_breed_id': 19, 'pet_level': 4, 'pet_quality_id': 3, 'pet_species_id': 1196}"
1758473765,LONG,,1,354000000,332760000,"{'id': 82800, 'context': 0, 'modifiers': [{'type': 6, 'value': 63584}], 'pet_breed_id': 3, 'pet_level': 1, 'pet_quality_id': 3, 'pet_species_id': 1664}"
1758473767,LONG,,1,39000000,38000000,"{'id': 82800, 'context': 0, 'modifiers': [{'type': 6, 'value': 59885}], 'pet_breed_id': 3, 'pet_level': 1, 'pet_quality_id': 3, 'pet_species_id': 1536}"
1758473771,LONG,,1,42440100,39893700,"{'id': 82800, 'context': 0, 'modifiers': [{'type': 6, 'value': 34413}], 'pet_breed_id': 18, 'pet_level': 1, 'pet_quality_id': 3, 'pet_species_id': 266}"
1758473775,LONG,,1,22358300,21016800,"{'id': 82800, 'context': 0, 'modifiers': [{'type': 6, 'value': 47856}], 'pet_breed_id': 9, 'pet_level': 1, 'pet_quality_id': 3, 'pet_species_id': 1346}"
1758473779,LONG,,1,80990000,76130600,"{'id': 82800, 'context': 0, 'modifiers': [{'type': 6, 'value': 29404}], 'pet_breed_id': 7, 'pet_level': 1, 'pet_quality_id': 2, 'pet_species_id': 1351}"
1758473782,LONG,,1,62500000,58750000,"{'id': 82800, 'context': 0, 'modifiers': [{'type': 6, 'value': 87763}], 'pet_breed_id': 13, 'pet_level': 1, 'pet_quality_id': 2, 'pet_species_id': 2793}"
1758473784,LONG,,1,144979400,136280600,"{'id': 82800, 'context': 0, 'modifiers': [{'type': 6, 'value': 88012}], 'pet_breed_id': 11, 'pet_level': 1, 'pet_quality_id': 3, 'pet_species_id': 2456}"
1758473789,LONG,,1,150000000,141000000,"{'id': 82800, 'context': 0, 'modifiers': [{'type': 6, 'value': 39163}], 'pet_breed_id': 3, 'pet_level': 1, 'pet_quality_id': 2, 'pet_species_id': 341}"
1758473791,LONG,,1,41250000,38775000,"{'id': 82800, 'context': 0, 'modifiers': [{'type': 6, 'value': 36901}], 'pet_breed_id': 3, 'pet_level': 1, 'pet_quality_id': 2, 'pet_species_id': 292}"
1758473792,LONG,,1,89490000,84120600,"{'id': 82800, 'context': 0, 'modifiers': [{'type': 6, 'value': 65112}], 'pet_breed_id': 17, 'pet_level': 1, 'pet_quality_id': 3, 'pet_species_id': 1719}"
1758473795,LONG,,1,106000000,99640000,"{'id': 82800, 'context': 0, 'modifiers': [{'type': 6, 'value': 99856}], 'pet_breed_id': 16, 'pet_level': 1, 'pet_quality_id': 2, 'pet_species_id': 2946}"
1758473799,LONG,,1,54240000,50985600,"{'id': 82800, 'context': 0, 'modifiers': [{'type': 6, 'value': 16259}], 'pet_breed_id': 5, 'pet_level': 1, 'pet_quality_id': 2, 'pet_species_id': 125}"
1758473801,LONG,,1,149480000,140511200,"{'id': 82800, 'context': 0, 'modifiers': [{'type': 6, 'value': 28539}], 'pet_breed_id': 20, 'pet_level': 1, 'pet_quality_id': 2, 'pet_species_id': 215}"
1758473805,LONG,,1,55490000,52160600,"{'id': 82800, 'context': 0, 'modifiers': [{'type': 6, 'value': 87903}], 'pet_breed_id': 3, 'pet_level': 1, 'pet_quality_id': 3, 'pet_species_id': 2437}"
1758473808,LONG,,1,335989300,315829900,"{'id': 82800, 'context': 0, 'modifiers': [{'type': 6, 'value': 95147}], 'pet_breed_id': 8, 'pet_level': 1, 'pet_quality_id': 3, 'pet_species_id': 2851}"
1758473811,LONG,,1,88449700,83142700,"{'id': 82800, 'context': 0, 'modifiers': [{'type': 6, 'value': 90878}], 'pet_breed_id': 7, 'pet_level': 1, 'pet_quality_id': 3, 'pet_species_id': 2717}"
1758473815,LONG,,1,69307700,65149200,"{'id': 82800, 'context': 0, 'modifiers': [{'type': 6, 'value': 58617}], 'pet_breed_id': 13, 'pet_level': 1, 'pet_quality_id': 3, 'pet_species_id': 1458}"
1758473819,LONG,,1,251799300,236691300,"{'id': 82800, 'context': 0, 'modifiers': [{'type': 6, 'value': 75374}], 'pet_breed_id': 21, 'pet_level': 1, 'pet_quality_id': 2, 'pet_species_id': 2685}"
1758473823,LONG,,1,26809200,25200600,"{'id': 82800, 'context': 0, 'modifiers': [{'type': 6, 'value': 64425}], 'pet_breed_id': 8, 'pet_level': 1, 'pet_quality_id': 3, 'pet_species_id': 1690}"
1758473831,LONG,,1,106000000,99640000,"{'id': 82800, 'context': 0, 'modifiers': [{'type': 6, 'value': 99900}], 'pet_breed_id': 18, 'pet_level': 1, 'pet_quality_id': 2, 'pet_species_id': 2909}"
1758473832,LONG,,1,126289900,118712500,"{'id': 82800, 'context': 0, 'modifiers': [{'type': 6, 'value': 39137}], 'pet_breed_id': 13, 'pet_level': 1, 'pet_quality_id': 3, 'pet_species_id': 343}"
1758473843,LONG,,1,1156000000,1086640000,"{'id': 82800, 'context': 0, 'modifiers': [{'type': 6, 'value': 99878}], 'pet_breed_id': 20, 'pet_level': 1, 'pet_quality_id': 2, 'pet_species_id': 2938}"
1758473846,LONG,,1,379780000,356993200,"{'id': 82800, 'context': 0, 'modifiers': [{'type': 6, 'value': 80852}], 'pet_breed_id': 10, 'pet_level': 1, 'pet_quality_id': 3, 'pet_species_id': 2420}"
1758473850,LONG,,1,79630000,74852200,"{'id': 82800, 'context': 0, 'modifiers': [{'type': 6, 'value': 60909}], 'pet_breed_id': 20, 'pet_level': 1, 'pet_quality_id': 2, 'pet_species_id': 1575}"
1758473854,LONG,,1,296000000,278240000,"{'id': 82800, 'context': 0, 'modifiers': [{'type': 6, 'value': 80458}], 'pet_breed_id': 18, 'pet_level': 1, 'pet_quality_id': 2, 'pet_species_id': 2476}"
1758473857,LONG,,1,20990000,19730600,"{'id': 82800, 'context': 0, 'modifiers': [{'type': 6, 'value': 48857}], 'pet_breed_id': 6, 'pet_level': 1, 'pet_quality_id': 3, 'pet_species_id': 1227}"
1758473861,LONG,,1,27500000,25850000,"{'id': 82800, 'context': 0, 'modifiers': [{'type': 6, 'value': 78261}], 'pet_breed_id': 3, 'pet_level': 1, 'pet_quality_id': 3, 'pet_species_id': 2072}"
1758473867,LONG,,1,208000000,195520000,"{'id': 82800, 'context': 0, 'modifiers': [{'type': 6, 'value': 95572}], 'pet_breed_id': 7, 'pet_level': 1, 'pet_quality_id': 2, 'pet_species_id': 2958}"
1758473871,LONG,,1,50340000,47319600,"{'id': 82800, 'context': 0, 'modifiers': [{'type': 6, 'value': 47858}], 'pet_breed_id': 7, 'pet_level': 1, 'pet_quality_id': 3, 'pet_species_id': 1344}"
1758473873,LONG,,1,79500000,74730000,"{'id': 82800, 'context': 0, 'modifiers': [{'type': 6, 'value': 54511}], 'pet_breed_id': 16, 'pet_level': 1, 'pet_quality_id': 3, 'pet_species_id': 1394}"
1758473878,LONG,,1,20900000,19646000,"{'id': 82800, 'context': 0, 'modifiers': [{'type': 6, 'value': 29802}], 'pet_breed_id': 20, 'pet_level': 1, 'pet_quality_id': 2, 'pet_species_id': 235}"
1758473881,LONG,,1,71000000,66740000,"{'id': 82800, 'context': 0, 'modifiers': [{'type': 6, 'value': 47848}], 'pet_breed_id': 4, 'pet_level': 1, 'pet_quality_id': 3, 'pet_species_id': 1178}"
1758473889,LONG,,1,33490000,31480600,"{'id': 82800, 'context': 0, 'modifiers': [{'type': 6, 'value': 53610}], 'pet_breed_id': 14, 'pet_level': 1, 'pet_quality_id': 3, 'pet_species_id': 1385}"
1758473895,LONG,,1,148479600,139570800,"{'id': 82800, 'context': 0, 'modifiers': [{'type': 6, 'value': 88037}], 'pet_breed_id': 15, 'pet_level': 1, 'pet_quality_id': 3, 'pet_species_id': 2460}"
1758473900,LONG,,1,12000000,11280000,"{'id': 82800, 'context': 0, 'modifiers': [{'type': 6, 'value': 59602}], 'pet_breed_id': 8, 'pet_level': 1, 'pet_quality_id': 2, 'pet_species_id': 1532}"
1758473914,LONG,,1,108000000,101520000,"{'id': 82800, 'context': 0, 'modifiers': [{'type': 6, 'value': 78837}], 'pet_breed_id': 6, 'pet_level': 1, 'pet_quality_id': 2, 'pet_species_id': 2474}"
1758473919,LONG,,1,304000000,285760000,"{'id': 82800, 'context': 0, 'modifiers': [{'type': 6, 'value': 89742}], 'pet_breed_id': 3, 'pet_level': 1, 'pet_quality_id': 3, 'pet_species_id': 2529}"
1758473923,LONG,,1,247000000,232180000,"{'id': 82800, 'context': 0, 'modifiers': [{'type': 6, 'value': 36211}], 'pet_breed_id': 11, 'pet_level': 1, 'pet_quality_id': 3, 'pet_species_id': 277}"
1758473928,LONG,,1,42300000,39762000,"{'id': 82800, 'context': 0, 'modifiers': [{'type': 6, 'value': 90413}], 'pet_breed_id': 15, 'pet_level': 1, 'pet_quality_id': 3, 'pet_species_id': 2720}"
1758473935,LONG,,1,456999700,429579700,"{'id': 82800, 'context': 0, 'modifiers': [{'type': 6, 'value': 93744}], 'pet_breed_id': 18, 'pet_level': 1, 'pet_quality_id': 2, 'pet_species_id': 2933}"
1758473940,LONG,,1,48990100,46050700,"{'id': 82800, 'context': 0, 'modifiers': [{'type': 6, 'value': 45386}], 'pet_breed_id': 5, 'pet_level': 1, 'pet_quality_id': 3, 'pet_species_id': 844}"
1758473946,LONG,,1,33796000,31768200,"{'id': 82800, 'context': 0, 'modifiers': [{'type': 6, 'value': 60617}], 'pet_breed_id': 18, 'pet_level': 1, 'pet_quality_id': 3, 'pet_species_id': 1570}"
1758473949,LONG,,1,64500000,60630000,"{'id': 82800, 'context': 0, 'modifiers': [{'type': 6, 'value': 22389}], 'pet_breed_id': 3, 'pet_level': 1, 'pet_quality_id': 3, 'pet_species_id': 164}"
1758473951,LONG,,1,38000000,35720000,"{'id': 82800, 'context': 0, 'modifiers': [{'type': 6, 'value': 63691}], 'pet_breed_id': 9, 'pet_level': 1, 'pet_quality_id': 3, 'pet_species_id': 1665}"
1758473956,LONG,,1,270000000,253800000,"{'id': 82800, 'context': 0, 'modifiers': [{'type': 6, 'value': 95575}], 'pet_breed_id': 15, 'pet_level': 1, 'pet_quality_id': 2, 'pet_species_id': 3047}"
1758473961,LONG,,1,106000000,99640000,"{'id': 82800, 'context': 0, 'modifiers': [{'type': 6, 'value': 95584}], 'pet_breed_id': 8, 'pet_level': 1, 'pet_quality_id': 2, 'pet_species_id': 2942}"
1758473965,LONG,,1,17200000,16168000,"{'id': 82800, 'context': 0, 'modifiers': [{'type': 6, 'value': 53748}], 'pet_breed_id': 14, 'pet_level': 1, 'pet_quality_id': 3, 'pet_species_id': 1387}"
1758473969,LONG,,1,81490000,76600600,"{'id': 82800, 'context': 0, 'modifiers': [{'type': 6, 'value': 88873}], 'pet_breed_id': 12, 'pet_level': 1, 'pet_quality_id': 3, 'pet_species_id': 2680}"
1758473974,LONG,,1,258199300,242707300,"{'id': 82800, 'context': 0, 'modifiers': [{'type': 6, 'value': 92158}], 'pet_breed_id': 5, 'pet_level': 1, 'pet_quality_id': 3, 'pet_species_id': 2709}"
1758473977,LONG,,1,140000000,131600000,"{'id': 82800, 'context': 0, 'modifiers': [{'type': 6, 'value': 57824}], 'pet_breed_id': 18, 'pet_level': 1, 'pet_quality_id': 3, 'pet_species_id': 1432}"
1758473980,LONG,,1,323950000,304513000,"{'id': 82800, 'context': 0, 'modifiers': [{'type': 6, 'value': 81079}], 'pet_breed_id': 11, 'pet_level': 1, 'pet_quality_id': 2, 'pet_species_id': 2405}"
1758473985,LONG,,1,490000000,460600000,"{'id': 82800, 'context': 0, 'modifiers': [{'type': 6, 'value': 20042}], 'pet_breed_id': 5, 'pet_level': 1, 'pet_quality_id': 3, 'pet_species_id': 146}"
1758473990,LONG,,1,74892500,70399000,"{'id': 82800, 'context': 0, 'modifiers': [{'type': 6, 'value': 91220}], 'pet_breed_id': 3, 'pet_level': 1, 'pet_quality_id': 3, 'pet_species_id': 2763}"
1758473994,LONG,,1,120000000,112800000,"{'id': 82800, 'context': 0, 'modifiers': [{'type': 6, 'value': 88028}], 'pet_breed_id': 14, 'pet_level': 2, 'pet_quality_id': 3, 'pet_species_id': 2562}"
1758474000,LONG,,1,1076000000,1011440000,"{'id': 82800, 'context': 0, 'modifiers': [{'type': 6, 'value': 98470}], 'pet_breed_id': 15, 'pet_level': 1, 'pet_quality_id': 2, 'pet_species_id': 3011}"
1758474005,LONG,,1,106000000,99640000,"{'id': 82800, 'context': 0, 'modifiers': [{'type': 6, 'value': 62440}], 'pet_breed_id': 15, 'pet_level': 1, 'pet_quality_id': 3, 'pet_species_id': 1655}"
1758474009,LONG,,1,68509700,64399100,"{'id': 82800, 'context': 0, 'modifiers': [{'type': 6, 'value': 1418}], 'pet_breed_id': 13, 'pet_level': 1, 'pet_quality_id': 2, 'pet_species_id': 2065}"
1758474013,LONG,,1,276000000,259440000,"{'id': 82800, 'context': 0, 'modifiers': [{'type': 6, 'value': 99902}], 'pet_breed_id': 10, 'pet_level': 1, 'pet_quality_id': 2, 'pet_species_id': 2899}"
1758474017,LONG,,1,24200000,22748000,"{'id': 82800, 'context': 0, 'modifiers': [{'type': 6, 'value': 901}], 'pet_breed_id': 3, 'pet_level': 1, 'pet_quality_id': 2, 'pet_species_id': 95}"
1758474024,LONG,,1,29670000,27889800,"{'id': 82800, 'context': 0, 'modifiers': [{'type': 6, 'value': 58170}], 'pet_breed_id': 6, 'pet_level': 1, 'pet_quality_id': 1, 'pet_species_id': 1426}"
1758474031,LONG,,1,392000000,368480000,"{'id': 82800, 'context': 0, 'modifiers': [{'type': 6, 'value': 96387}], 'pet_breed_id': 11, 'pet_level': 1, 'pet_quality_id': 2, 'pet_species_id': 2913}"
1758474034,LONG,,1,73770000,69343800,"{'id': 82800, 'context': 0, 'modifiers': [{'type': 6, 'value': 45938}], 'pet_breed_id': 7, 'pet_level': 1, 'pet_quality_id': 3, 'pet_species_id': 834}"
1758474037,LONG,,1,42004400,39484100,"{'id': 82800, 'context': 0, 'modifiers': [{'type': 6, 'value': 91232}], 'pet_breed_id': 20, 'pet_level': 1, 'pet_quality_id': 3, 'pet_species_id': 2760}"
1758474042,LONG,,1,354000000,332760000,"{'id': 82800, 'context': 0, 'modifiers': [{'type': 6, 'value': 95578}], 'pet_breed_id': 5, 'pet_level': 1, 'pet_quality_id': 2, 'pet_species_id': 3025}"
1758474048,LONG,,1,125090000,117584600,"{'id': 82800, 'context': 0, 'modifiers': [{'type': 6, 'value': 46163}], 'pet_breed_id': 5, 'pet_level': 1, 'pet_quality_id': 3, 'pet_species_id': 1061}"
1758474054,LONG,,1,148980000,140041200,"{'id': 82800, 'context': 0, 'modifiers': [{'type': 6, 'value': 58760}], 'pet_breed_id': 16, 'pet_level': 1, 'pet_quality_id': 3, 'pet_species_id': 1663}"
1758474059,LONG,,1,75000000,70500000,"{'id': 82800, 'context': 0, 'modifiers': [{'type': 6, 'value': 79783}], 'pet_breed_id': 4, 'pet_level': 1, 'pet_quality_id': 3, 'pet_species_id': 2117}"
1758474065,LONG,,1,34000000,31960000,"{'id': 82800, 'context': 0, 'modifiers': [{'type': 6, 'value': 99872}], 'pet_breed_id': 20, 'pet_level': 1, 'pet_quality_id': 2, 'pet_species_id': 3032}"
1758474072,LONG,,1,106000000,99640000,"{'id': 82800, 'context': 0, 'modifiers': [{'type': 6, 'value': 81984}], 'pet_breed_id': 3, 'pet_level': 1, 'pet_quality_id': 3, 'pet_species_id': 2157}"
1758474078,LONG,,1,126000000,118440000,"{'id': 82800, 'context': 0, 'modifiers': [{'type': 6, 'value': 99868}], 'pet_breed_id': 16, 'pet_level': 1, 'pet_quality_id': 2, 'pet_species_id': 3026}"
1758474085,LONG,,1,42000000,39480000,"{'id': 82800, 'context': 0, 'modifiers': [{'type': 6, 'value': 88022}], 'pet_breed_id': 5, 'pet_level': 1, 'pet_quality_id': 3, 'pet_species_id': 2462}"
1758474092,LONG,,1,21830000,20520200,"{'id': 82800, 'context': 0, 'modifiers': [{'type': 6, 'value': 92157}], 'pet_breed_id': 16, 'pet_level': 1, 'pet_quality_id': 3, 'pet_species_id': 2686}"
1758474097,LONG,,1,304709400,286426800,"{'id': 82800, 'context': 0, 'modifiers': [{'type': 6, 'value': 51271}], 'pet_breed_id': 19, 'pet_level': 1, 'pet_quality_id': 3, 'pet_species_id': 1328}"
1758474101,LONG,,1,1476000000,1387440000,"{'id': 82800, 'context': 0, 'modifiers': [{'type': 6, 'value': 99882}], 'pet_breed_id': 10, 'pet_level': 1, 'pet_quality_id': 2, 'pet_species_id': 2940}"
1758474106,LONG,,1,12268300,11532200,"{'id': 82800, 'context': 0, 'modifiers': [{'type': 6, 'value': 66485}], 'pet_breed_id': 17, 'pet_level': 1, 'pet_quality_id': 3, 'pet_species_id': 1884}"
1758474111,LONG,,1,237600000,223344000,"{'id': 82800, 'context': 0, 'modifiers': [{'type': 6, 'value': 28493}], 'pet_breed_id': 3, 'pet_level': 1, 'pet_quality_id': 2, 'pet_species_id': 212}"
1758474116,LONG,,1,58500000,54990000,"{'id': 82800, 'context': 0, 'modifiers': [{'type': 6, 'value': 65667}], 'pet_breed_id': 12, 'pet_level': 1, 'pet_quality_id': 2, 'pet_species_id': 1756}"
1758474119,LONG,,1,133258100,125262600,"{'id': 82800, 'context': 0, 'modifiers': [{'type': 6, 'value': 99918}], 'pet_breed_id': 9, 'pet_level': 1, 'pet_quality_id': 2, 'pet_species_id': 2889}"
1758474122,LONG,,1,68000000,63920000,"{'id': 82800, 'context': 0, 'modifiers': [{'type': 6, 'value': 46001}], 'pet_breed_id': 10, 'pet_level': 1, 'pet_quality_id': 3, 'pet_species_id': 330}"
1758474126,LONG,,1,67500000,63450000,"{'id': 82800, 'context': 0, 'modifiers': [{'type': 6, 'value': 75381}], 'pet_breed_id': 22, 'pet_level': 1, 'pet_quality_id': 2, 'pet_species_id': 2425}"
1758474129,LONG,,1,212615800,199858900,"{'id': 82800, 'context': 0, 'modifiers': [{'type': 6, 'value': 81219}], 'pet_breed_id': 10, 'pet_level': 1, 'pet_quality_id': 2, 'pet_species_id': 2421}"
1758474135,LONG,,1,81400000,76516000,"{'id': 82800, 'context': 0, 'modifiers': [{'type': 6, 'value': 74800}], 'pet_breed_id': 10, 'pet_level': 1, 'pet_quality_id': 2, 'pet_species_id': 2716}"
1758474138,LONG,,1,198999300,187059300,"{'id': 82800, 'context': 0, 'modifiers': [{'type': 6, 'value': 87977}], 'pet_breed_id': 7, 'pet_level': 1, 'pet_quality_id': 3, 'pet_species_id': 2444}"
1758474139,LONG,,1,840989500,790530100,"{'id': 82800, 'context': 0, 'modifiers': [{'type': 6, 'value': 34262}], 'pet_breed_id': 8, 'pet_level': 1, 'pet_quality_id': 3, 'pet_species_id': 264}"
1758474143,LONG,,1,106000000,99640000,"{'id': 82800, 'context': 0, 'pet_breed_id': 21, 'pet_level': 1, 'pet_quality_id': 3, 'pet_species_id': 1656}"
1758474147,LONG,,1,56800000,53392000,"{'id': 82800, 'context': 0, 'modifiers': [{'type': 6, 'value': 45939}], 'pet_breed_id': 12, 'pet_level': 1, 'pet_quality_id': 3, 'pet_species_id': 337}"
1758474151,LONG,,1,199800000,187812000,"{'id': 82800, 'context': 0, 'modifiers': [{'type': 6, 'value': 70937}], 'pet_breed_id': 3, 'pet_level': 1, 'pet_quality_id': 3, 'pet_species_id': 1911}"
1758474153,LONG,,1,136000000,127840000,"{'id': 82800, 'context': 0, 'modifiers': [{'type': 6, 'value': 45878}], 'pet_breed_id': 9, 'pet_level': 1, 'pet_quality_id': 3, 'pet_species_id': 293}"
1758474160,LONG,,1,83600000,78584000,"{'id': 82800, 'context': 0, 'modifiers': [{'type': 6, 'value': 22388}], 'pet_breed_id': 8, 'pet_level': 1, 'pet_quality_id': 3, 'pet_species_id': 163}"
1758474166,LONG,,1,148980000,140041200,"{'id': 82800, 'context': 0, 'modifiers': [{'type': 6, 'value': 86484}], 'pet_breed_id': 17, 'pet_level': 1, 'pet_quality_id': 2, 'pet_species_id': 2197}"
1758474169,LONG,,1,48990000,46050600,"{'id': 82800, 'context': 0, 'modifiers': [{'type': 6, 'value': 99907}], 'pet_breed_id': 7, 'pet_level': 1, 'pet_quality_id': 2, 'pet_species_id': 3033}"
1758474172,LONG,,1,76677200,72076600,"{'id': 82800, 'context': 0, 'modifiers': [{'type': 6, 'value': 5187}], 'pet_breed_id': 4, 'pet_level': 1, 'pet_quality_id': 3, 'pet_species_id': 2545}"
1758474174,LONG,,1,10490000,10000000,"{'id': 82800, 'context': 0, 'modifiers': [{'type': 6, 'value': 8910}], 'pet_breed_id': 7, 'pet_level': 1, 'pet_quality_id': 2, 'pet_species_id': 86}"
1758474180,LONG,,1,96940000,91123600,"{'id': 82800, 'context': 0, 'modifiers': [{'type': 6, 'value': 99629}], 'pet_breed_id': 8, 'pet_level': 1, 'pet_quality_id': 3, 'pet_species_id': 3054}"
1758474183,LONG,,1,15000000,14100000,"{'id': 82800, 'context': 0, 'modifiers': [{'type': 6, 'value': 75332}], 'pet_breed_id': 3, 'pet_level': 1, 'pet_quality_id': 2, 'pet_species_id': 2714}"
1758474184,LONG,,1,31090000,29224600,"{'id': 82800, 'context': 0, 'modifiers': [{'type': 6, 'value': 88766}], 'pet_breed_id': 22, 'pet_level': 1, 'pet_quality_id': 3, 'pet_species_id': 2713}"
1758474187,LONG,,1,19990000,18790600,"{'id': 82800, 'context': 0, 'modifiers': [{'type': 6, 'value': 99916}], 'pet_breed_id': 3, 'pet_level': 1, 'pet_quality_id': 2, 'pet_species_id': 2959}"
1758474196,LONG,,1,60280000,56663200,"{'id': 82800, 'context': 0, 'modifiers': [{'type': 6, 'value': 33512}], 'pet_breed_id': 4, 'pet_level': 1, 'pet_quality_id': 2, 'pet_species_id': 261}"
1758474199,LONG,,1,28379900,26677100,"{'id': 82800, 'context': 0, 'modifiers': [{'type': 6, 'value': 22629}], 'pet_breed_id': 7, 'pet_level': 1, 'pet_quality_id': 2, 'pet_species_id': 166}"
1758474202,LONG,,1,106000000,99640000,"{'id': 82800, 'context': 0, 'modifiers': [{'type': 6, 'value': 99114}], 'pet_breed_id': 8, 'pet_level': 1, 'pet_quality_id': 3, 'pet_species_id': 3046}"
1758474204,LONG,,1,55490000,52160600,"{'id': 82800, 'context': 0, 'modifiers': [{'type': 6, 'value': 74038}], 'pet_breed_id': 3, 'pet_level': 1, 'pet_quality_id': 3, 'pet_species_id': 2438}"
1758474205,LONG,,1,298000000,280120000,"{'id': 82800, 'context': 0, 'modifiers': [{'type': 6, 'value': 99873}], 'pet_breed_id': 14, 'pet_level': 1, 'pet_quality_id': 2, 'pet_species_id': 2892}"
1758474209,LONG,,1,69000000,64860000,"{'id': 82800, 'context': 0, 'modifiers': [{'type': 6, 'value': 1072}], 'pet_breed_id': 4, 'pet_level': 1, 'pet_quality_id': 2, 'pet_species_id': 2063}"
1758474210,LONG,,1,39600000,37224000,"{'id': 82800, 'context': 0, 'modifiers': [{'type': 6, 'value': 91248}], 'pet_breed_id': 5, 'pet_level': 1, 'pet_quality_id': 3, 'pet_species_id': 2761}"
1758474212,LONG,,1,304990000,286690600,"{'id': 82800, 'context': 0, 'modifiers': [{'type': 6, 'value': 81966}], 'pet_breed_id': 11, 'pet_level': 1, 'pet_quality_id': 2, 'pet_species_id': 2404}"
1758474217,LONG,,1,756000000,710640000,"{'id': 82800, 'context': 0, 'modifiers': [{'type': 6, 'value': 47957}], 'pet_breed_id': 22, 'pet_level': 1, 'pet_quality_id': 3, 'pet_species_id': 1207}"
1758474222,LONG,,1,394000000,370360000,"{'id': 82800, 'context': 0, 'modifiers': [{'type': 6, 'value': 18269}], 'pet_breed_id': 6, 'pet_level': 1, 'pet_quality_id': 3, 'pet_species_id': 132}"
1758474224,LONG,,1,268000000,251920000,"{'id': 82800, 'context': 0, 'modifiers': [{'type': 6, 'value': 30969}], 'pet_breed_id': 20, 'pet_level': 1, 'pet_quality_id': 3, 'pet_species_id': 1516}"
1758474227,LONG,,1,15000000,14100000,"{'id': 82800, 'context': 0, 'modifiers': [{'type': 6, 'value': 65071}], 'pet_breed_id': 7, 'pet_level': 1, 'pet_quality_id': 3, 'pet_species_id': 1705}"
1758474228,LONG,,1,14000000,13160000,"{'id': 82800, 'context': 0, 'modifiers': [{'type': 6, 'value': 8909}], 'pet_breed_id': 9, 'pet_level': 1, 'pet_quality_id': 2, 'pet_species_id': 85}"
1758474230,LONG,,1,175849400,165298400,"{'id': 82800, 'context': 0, 'modifiers': [{'type': 6, 'value': 54752}], 'pet_breed_id': 16, 'pet_level': 1, 'pet_quality_id': 3, 'pet_species_id': 1395}"
1758474232,LONG,,1,28490000,28000000,"{'id': 82800, 'context': 0, 'modifiers': [{'type': 6, 'value': 74472}], 'pet_breed_id': 20, 'pet_level': 1, 'pet_quality_id': 1, 'pet_species_id': 2000}"
1758474233,LONG,,1,22220000,20886800,"{'id': 82800, 'context': 0, 'modifiers': [{'type': 6, 'value': 25457}], 'pet_breed_id': 4, 'pet_level': 1, 'pet_quality_id': 3, 'pet_species_id': 186}"
1758474236,LONG,,1,178000000,167320000,"{'id': 82800, 'context': 0, 'modifiers': [{'type': 6, 'value': 84157}], 'pet_breed_id': 10, 'pet_level': 1, 'pet_quality_id': 2, 'pet_species_id': 2439}"
1758474240,LONG,,1,73500000,69090000,"{'id': 82800, 'context': 0, 'modifiers': [{'type': 6, 'value': 28489}], 'pet_breed_id': 7, 'pet_level': 1, 'pet_quality_id': 2, 'pet_species_id': 205}"
1758474242,LONG,,1,430000000,404200000,"{'id': 82800, 'context': 0, 'modifiers': [{'type': 6, 'value': 79798}], 'pet_breed_id': 14, 'pet_level': 1, 'pet_quality_id': 3, 'pet_species_id': 2121}"
1758474245,LONG,,1,392000000,368480000,"{'id': 82800, 'context': 0, 'modifiers': [{'type': 6, 'value': 51417}], 'pet_breed_id': 20, 'pet_level': 1, 'pet_quality_id': 3, 'pet_species_id': 1331}"
1758474250,LONG,,1,38500000,36190000,"{'id': 82800, 'context': 0, 'modifiers': [{'type': 6, 'value': 61884}], 'pet_breed_id': 6, 'pet_level': 1, 'pet_quality_id': 3, 'pet_species_id': 1622}"
1758474254,LONG,,1,362000000,340280000,"{'id': 82800, 'context': 0, 'modifiers': [{'type': 6, 'value': 76761}], 'pet_breed_id': 11, 'pet_level': 1, 'pet_quality_id': 2, 'pet_species_id': 2419}"
1758474255,LONG,97500,11,,,{'id': 72093}
1758474257,LONG,,1,89490000,84120600,"{'id': 82800, 'context': 0, 'modifiers': [{'type': 6, 'value': 80466}], 'pet_breed_id': 14, 'pet_level': 1, 'pet_quality_id': 3, 'pet_species_id': 2708}"
1758474260,LONG,,1,47240000,44405600,"{'id': 82800, 'context': 0, 'modifiers': [{'type': 6, 'value': 21381}], 'pet_breed_id': 3, 'pet_level': 1, 'pet_quality_id': 2, 'pet_species_id': 157}"
1758474264,LONG,,1,53000000,49820000,"{'id': 82800, 'context': 0, 'modifiers': [{'type': 6, 'value': 99875}], 'pet_breed_id': 20, 'pet_level': 1, 'pet_quality_id': 2, 'pet_species_id': 3037}"
1758474276,LONG,,1,100007600,,"{'id': 68788, 'context': 0}"
1758474285,LONG,111700,50,,,{'id': 37700}
1758474298,LONG,539000,28,,,{'id': 22452}
1758474302,LONG,770000,25,,,{'id': 52325}
1758474306,LONG,176700,50,,,{'id': 37703}
1758474308,LONG,,1,137199900,,"{'id': 82800, 'context': 0, 'modifiers': [{'type': 6, 'value': 53748}], 'pet_breed_id': 18, 'pet_level': 25, 'pet_quality_id': 3, 'pet_species_id': 1387}"
1758474310,LONG,498500,2,,,{'id': 23424}
1758474315,LONG,750000,3,,,{'id': 22574}
1758474318,LONG,1881700,50,,,{'id': 37702}
1758474323,LONG,1758200,28,,,{'id': 23427}
1758474326,LONG,99000,50,,,{'id': 37705}
1758474346,LONG,20000,5,,,{'id': 52718}
1758474367,LONG,70000,102,,,{'id': 52987}
1758474381,LONG,35000,20,,,{'id': 53070}
1758474401,LONG,15000,55,,,{'id': 22573}
1758474417,LONG,21800,99,,,{'id': 124437}
1758474425,LONG,501200,6,,,{'id': 127004}
1758474434,LONG,148500,1,,,{'id': 52722}
1758474442,LONG,1400,7,,,{'id': 21877}
1758474450,LONG,1240700,1,,,{'id': 53072}
1758474457,LONG,347500,99,,,{'id': 52185}
1758474478,LONG,3920000000,3,,,{'id': 52980}
1758474486,LONG,9900,20,,,{'id': 62782}
1758474497,LONG,1747600,4,,,{'id': 52180}
1758474502,LONG,690000,24,,,{'id': 52326}
1758474512,LONG,2000,51,,,{'id': 151567}
1758474531,LONG,,1,3490000,,"{'id': 71635, 'context': 0}"
1758474542,LONG,,1,4900500,,"{'id': 71636, 'context': 0}"
1758474555,LONG,,1,3200400,,"{'id': 71638, 'context': 0}"
1758474570,LONG,,1,3490000,,"{'id': 71715, 'context': 0}"
1758474581,LONG,,1,3490000,,"{'id': 71637, 'context': 0}"
1758474582,LONG,,1,3490000,,"{'id': 71637, 'context': 0}"
1758474594,LONG,2459900,10,,,{'id': 76061}
1758474607,LONG,3499000,11,,,{'id': 21884}
1758474621,LONG,6485800,7,,,{'id': 124116}
1758474628,LONG,29072600,1,,,{'id': 29539}
1758474639,LONG,20100,202,,,{'id': 154722}
1758474653,LONG,144400,2,,,{'id': 22446}
1758474671,LONG,398500,5,,,{'id': 115504}
1758474700,LONG,130000,2,,,{'id': 74248}
1758474717,LONG,13000,17,,,{'id': 158187}
1758474730,LONG,50000,2,,,{'id': 22450}
1758474785,LONG,751000,2,,,{'id': 29740}
1758474835,LONG,54000,1,,,{'id': 152577}
1758474863,LONG,45000,2,,,{'id': 152541}
1758474886,LONG,19700,10,,,{'id': 23572}
1758474903,LONG,10000,132,,,{'id': 25649}
1758474926,LONG,752600,1,,,{'id': 25700}
1758474957,LONG,300000,13,,,{'id': 52328}
1758474992,LONG,,1,13000800,,"{'id': 4299, 'context': 1}"
1758475017,LONG,,1,38916500,,"{'id': 7450, 'context': 1}"
1758475044,LONG,,1,18564600,,"{'id': 6454, 'context': 1}"
1758475092,LONG,,1,2000000,,"{'id': 176793, 'context': 0, 'bonus_lists': [6908, 6652, 1711], 'modifiers': [{'type': 9, 'value': 58}, {'type': 28, 'value': 1707}]}"
1758476144,LONG,,1,5851200,,"{'id': 177780, 'context': 0, 'bonus_lists': [6907, 6652, 1689], 'modifiers': [{'type': 9, 'value': 58}, {'type': 28, 'value': 1707}]}"
1758476230,LONG,,1,278992300,,"{'id': 1523, 'context': 0, 'bonus_lists': [3649], 'modifiers': [{'type': 9, 'value': 25}]}"
1758476289,VERY_LONG,,1,897410000,,"{'id': 172316, 'context': 66, 'bonus_lists': [6758, 1532]}"
1758476322,LONG,,1,968542200,,"{'id': 1522, 'context': 0, 'bonus_lists': [3649], 'modifiers': [{'type': 9, 'value': 25}]}"
1758476432,LONG,75000,8775,,,{'id': 94288}
1758476478,LONG,259500,4,,,{'id': 72094}
1758476526,LONG,131400,64,,,{'id': 30809}
1758476546,LONG,1190000,1,,,{'id': 72238}
1758476554,VERY_LONG,,1,899920000,,"{'id': 172319, 'context': 66, 'bonus_lists': [6758, 1532]}"
1758476563,LONG,308200,52,,,{'id': 52719}
1758476682,LONG,,1,140200000,131788000,"{'id': 82800, 'context': 0, 'modifiers': [{'type': 6, 'value': 69532}], 'pet_breed_id': 10, 'pet_level': 1, 'pet_quality_id': 3, 'pet_species_id': 1887}"
1758476690,LONG,,1,24555100,23081800,"{'id': 82800, 'context': 0, 'modifiers': [{'type': 6, 'value': 60975}], 'pet_breed_id': 15, 'pet_level': 1, 'pet_quality_id': 3, 'pet_species_id': 1600}"
1758476698,LONG,,1,19199800,18047800,"{'id': 82800, 'context': 0, 'modifiers': [{'type': 6, 'value': 79760}], 'pet_breed_id': 15, 'pet_level': 1, 'pet_quality_id': 3, 'pet_species_id': 2120}"
1758476703,LONG,,1,380989500,358130100,"{'id': 82800, 'context': 0, 'modifiers': [{'type': 6, 'value': 92159}], 'pet_breed_id': 9, 'pet_level': 1, 'pet_quality_id': 3, 'pet_species_id': 2704}"
1758476705,LONG,,1,30013300,28212500,"{'id': 82800, 'context': 0, 'modifiers': [{'type': 6, 'value': 92162}], 'pet_breed_id': 18, 'pet_level': 1, 'pet_quality_id': 2, 'pet_species_id': 2710}"
1758476710,LONG,,1,80990000,76130600,"{'id': 82800, 'context': 0, 'modifiers': [{'type': 6, 'value': 42297}], 'pet_breed_id': 5, 'pet_level': 1, 'pet_quality_id': 2, 'pet_species_id': 846}"
1758476716,LONG,,1,199490000,187520600,"{'id': 82800, 'context': 0, 'modifiers': [{'type': 6, 'value': 88468}], 'pet_breed_id': 5, 'pet_level': 1, 'pet_quality_id': 2, 'pet_species_id': 2415}"
1758476720,LONG,,1,177900000,167226000,"{'id': 82800, 'context': 0, 'modifiers': [{'type': 6, 'value': 71945}], 'pet_breed_id': 7, 'pet_level': 1, 'pet_quality_id': 3, 'pet_species_id': 1723}"
1758476727,LONG,,1,49232400,46278500,"{'id': 82800, 'context': 0, 'modifiers': [{'type': 6, 'value': 46810}], 'pet_breed_id': 3, 'pet_level': 1, 'pet_quality_id': 3, 'pet_species_id': 1125}"
1758476732,LONG,,1,45000000,42300000,"{'id': 82800, 'context': 0, 'modifiers': [{'type': 6, 'value': 43868}], 'pet_breed_id': 13, 'pet_level': 1, 'pet_quality_id': 2, 'pet_species_id': 792}"
1758476736,LONG,,1,328000000,308320000,"{'id': 82800, 'context': 0, 'modifiers': [{'type': 6, 'value': 86445}], 'pet_breed_id': 8, 'pet_level': 1, 'pet_quality_id': 2, 'pet_species_id': 2196}"
1758476740,LONG,,1,88500000,83190000,"{'id': 82800, 'context': 0, 'modifiers': [{'type': 6, 'value': 45854}], 'pet_breed_id': 5, 'pet_level': 1, 'pet_quality_id': 3, 'pet_species_id': 836}"
1758476743,LONG,,1,362000000,340280000,"{'id': 82800, 'context': 0, 'modifiers': [{'type': 6, 'value': 47711}], 'pet_breed_id': 11, 'pet_level': 1, 'pet_quality_id': 3, 'pet_species_id': 1204}"
1758476748,LONG,,1,233849700,219818700,"{'id': 82800, 'context': 0, 'modifiers': [{'type': 6, 'value': 91631}], 'pet_breed_id': 6, 'pet_level': 1, 'pet_quality_id': 3, 'pet_species_id': 2753}"
1758476751,LONG,,1,131700000,123798000,"{'id': 82800, 'context': 0, 'modifiers': [{'type': 6, 'value': 4732}], 'pet_breed_id': 19, 'pet_level': 1, 'pet_quality_id': 2, 'pet_species_id': 206}"
1758476755,LONG,,1,96490000,90700600,"{'id': 82800, 'context': 0, 'modifiers': [{'type': 6, 'value': 91224}], 'pet_breed_id': 18, 'pet_level': 1, 'pet_quality_id': 3, 'pet_species_id': 2762}"
1758476760,LONG,,1,20000000,18800000,"{'id': 82800, 'context': 0, 'modifiers': [{'type': 6, 'value': 32790}], 'pet_breed_id': 3, 'pet_level': 1, 'pet_quality_id': 2, 'pet_species_id': 629}"
1758476766,LONG,,1,63019800,59238600,"{'id': 82800, 'context': 0, 'modifiers': [{'type': 6, 'value': 48705}], 'pet_breed_id': 7, 'pet_level': 1, 'pet_quality_id': 3, 'pet_species_id': 1244}"
1758476770,LONG,,1,254000000,238760000,"{'id': 82800, 'context': 0, 'modifiers': [{'type': 6, 'value': 74529}], 'pet_breed_id': 13, 'pet_level': 1, 'pet_quality_id': 3, 'pet_species_id': 382}"
1758476774,LONG,,1,38440000,36133600,"{'id': 82800, 'context': 0, 'modifiers': [{'type': 6, 'value': 57822}], 'pet_breed_id': 19, 'pet_level': 1, 'pet_quality_id': 3, 'pet_species_id': 1430}"
1758476778,LONG,,1,59500000,55930000,"{'id': 82800, 'context': 0, 'modifiers': [{'type': 6, 'value': 16587}], 'pet_breed_id': 3, 'pet_level': 1, 'pet_quality_id': 2, 'pet_species_id': 128}"
1758476781,LONG,,1,41400100,38916100,"{'id': 82800, 'context': 0, 'modifiers': [{'type': 6, 'value': 48212}], 'pet_breed_id': 18, 'pet_level': 1, 'pet_quality_id': 3, 'pet_species_id': 1200}"
1758476785,LONG,,1,272000000,255680000,"{'id': 82800, 'context': 0, 'modifiers': [{'type': 6, 'value': 15436}], 'pet_breed_id': 12, 'pet_level': 1, 'pet_quality_id': 3, 'pet_species_id': 114}"
1758476792,LONG,,1,178900000,168166000,"{'id': 82800, 'context': 0, 'modifiers': [{'type': 6, 'value': 68666}], 'pet_breed_id': 6, 'pet_level': 1, 'pet_quality_id': 3, 'pet_species_id': 1886}"
1758476796,LONG,,1,490000000,460600000,"{'id': 82800, 'context': 0, 'modifiers': [{'type': 6, 'value': 88790}], 'pet_breed_id': 9, 'pet_level': 1, 'pet_quality_id': 1, 'pet_species_id': 2531}"
1758476801,VERY_LONG,,1,899870000,,"{'id': 172318, 'context': 66, 'bonus_lists': [6758, 1532]}"
1758476802,LONG,,1,139400000,131036000,"{'id': 82800, 'context': 0, 'modifiers': [{'type': 6, 'value': 75353}], 'pet_breed_id': 7, 'pet_level': 1, 'pet_quality_id': 2, 'pet_species_id': 2410}"
1758476805,LONG,,1,64500000,60630000,"{'id': 82800, 'context': 0, 'modifiers': [{'type': 6, 'value': 48661}], 'pet_breed_id': 3, 'pet_level': 1, 'pet_quality_id': 3, 'pet_species_id': 1232}"
1758476808,LONG,,1,651879300,612766500,"{'id': 82800, 'context': 0, 'modifiers': [{'type': 6, 'value': 47959}], 'pet_breed_id': 20, 'pet_level': 1, 'pet_quality_id': 3, 'pet_species_id': 1206}"
1758476810,LONG,,1,89490000,84120600,"{'id': 82800, 'context': 0, 'modifiers': [{'type': 6, 'value': 69489}], 'pet_breed_id': 10, 'pet_level': 1, 'pet_quality_id': 3, 'pet_species_id': 1700}"
1758476811,LONG,,1,147800000,138932000,"{'id': 82800, 'context': 0, 'modifiers': [{'type': 6, 'value': 28726}], 'pet_breed_id': 15, 'pet_level': 1, 'pet_quality_id': 3, 'pet_species_id': 1943}"
1758476817,LONG,,1,194000000,182360000,"{'id': 82800, 'context': 0, 'modifiers': [{'type': 6, 'value': 99922}], 'pet_breed_id': 4, 'pet_level': 1, 'pet_quality_id': 2, 'pet_species_id': 2962}"
1758476820,LONG,,1,148300000,139402000,"{'id': 82800, 'context': 0, 'modifiers': [{'type': 6, 'value': 46924}], 'pet_breed_id': 9, 'pet_level': 1, 'pet_quality_id': 3, 'pet_species_id': 1154}"
1758476824,LONG,,1,141880000,133367200,"{'id': 82800, 'context': 0, 'modifiers': [{'type': 6, 'value': 64720}], 'pet_breed_id': 10, 'pet_level': 1, 'pet_quality_id': 3, 'pet_species_id': 1692}"
1758476831,LONG,,1,13710000,12887400,"{'id': 82800, 'context': 0, 'modifiers': [{'type': 6, 'value': 99898}], 'pet_breed_id': 15, 'pet_level': 1, 'pet_quality_id': 2, 'pet_species_id': 2908}"
1758476834,LONG,,1,188009400,176728800,"{'id': 82800, 'context': 0, 'modifiers': [{'type': 6, 'value': 90991}], 'pet_breed_id': 6, 'pet_level': 1, 'pet_quality_id': 3, 'pet_species_id': 2706}"
1758476837,LONG,,1,254000000,238760000,"{'id': 82800, 'context': 0, 'modifiers': [{'type': 6, 'value': 61016}], 'pet_breed_id': 14, 'pet_level': 1, 'pet_quality_id': 2, 'pet_species_id': 1601}"
1758476840,LONG,,1,45000000,42300000,"{'id': 82800, 'context': 0, 'modifiers': [{'type': 6, 'value': 44551}], 'pet_breed_id': 6, 'pet_level': 1, 'pet_quality_id': 2, 'pet_species_id': 1039}"
1758476844,LONG,,1,21090000,19824600,"{'id': 82800, 'context': 0, 'modifiers': [{'type': 6, 'value': 65087}], 'pet_breed_id': 14, 'pet_level': 1, 'pet_quality_id': 3, 'pet_species_id': 1716}"
1758476847,LONG,,1,89490000,84120600,"{'id': 82800, 'context': 0, 'modifiers': [{'type': 6, 'value': 54848}], 'pet_breed_id': 8, 'pet_level': 1, 'pet_quality_id': 3, 'pet_species_id': 1396}"
1758476849,LONG,,1,23960800,22523200,"{'id': 82800, 'context': 0, 'modifiers': [{'type': 6, 'value': 99899}], 'pet_breed_id': 14, 'pet_level': 1, 'pet_quality_id': 2, 'pet_species_id': 2925}"
1758476855,LONG,,1,76209900,71637300,"{'id': 82800, 'context': 0, 'modifiers': [{'type': 6, 'value': 59603}], 'pet_breed_id': 8, 'pet_level': 1, 'pet_quality_id': 2, 'pet_species_id': 1596}"
1758476859,LONG,,1,240992800,226533200,"{'id': 82800, 'context': 0, 'modifiers': [{'type': 6, 'value': 6293}], 'pet_breed_id': 4, 'pet_level': 2, 'pet_quality_id': 3, 'pet_species_id': 57}"
1758476862,LONG,,1,24959500,24000000,"{'id': 82800, 'context': 0, 'modifiers': [{'type': 6, 'value': 57823}], 'pet_breed_id': 18, 'pet_level': 1, 'pet_quality_id': 3, 'pet_species_id': 1429}"
1758476865,LONG,,1,51490000,48400600,"{'id': 82800, 'context': 0, 'modifiers': [{'type': 6, 'value': 29810}], 'pet_breed_id': 3, 'pet_level': 1, 'pet_quality_id': 2, 'pet_species_id': 237}"
1758476867,LONG,,1,1646000000,1547240000,"{'id': 82800, 'context': 0, 'modifiers': [{'type': 6, 'value': 99915}], 'pet_breed_id': 15, 'pet_level': 1, 'pet_quality_id': 2, 'pet_species_id': 2960}"
1758476870,LONG,,1,148980000,140041200,"{'id': 82800, 'context': 0, 'modifiers': [{'type': 6, 'value': 16205}], 'pet_breed_id': 3, 'pet_level': 1, 'pet_quality_id': 2, 'pet_species_id': 209}"
1758476875,LONG,,1,120000000,112800000,"{'id': 82800, 'context': 0, 'modifiers': [{'type': 6, 'value': 27627}], 'pet_breed_id': 4, 'pet_level': 1, 'pet_quality_id': 3, 'pet_species_id': 193}"
1758476877,LONG,,1,356000000,334640000,"{'id': 82800, 'context': 0, 'modifiers': [{'type': 6, 'value': 98453}], 'pet_breed_id': 19, 'pet_level': 1, 'pet_quality_id': 2, 'pet_species_id': 3016}"
1758476881,LONG,,1,68405000,64300700,"{'id': 82800, 'context': 0, 'modifiers': [{'type': 6, 'value': 15381}], 'pet_breed_id': 7, 'pet_level': 1, 'pet_quality_id': 3, 'pet_species_id': 338}"
1758476885,LONG,,1,264000000,248160000,"{'id': 82800, 'context': 0, 'modifiers': [{'type': 6, 'value': 98468}], 'pet_breed_id': 10, 'pet_level': 1, 'pet_quality_id': 2, 'pet_species_id': 2956}"
1758476889,LONG,,1,1069850000,1005659000,"{'id': 82800, 'context': 0, 'modifiers': [{'type': 6, 'value': 86101}], 'pet_breed_id': 6, 'pet_level': 1, 'pet_quality_id': 3, 'pet_species_id': 2187}"
1758476893,LONG,,1,69959500,65761900,"{'id': 82800, 'context': 0, 'modifiers': [{'type': 6, 'value': 65672}], 'pet_breed_id': 8, 'pet_level': 1, 'pet_quality_id': 3, 'pet_species_id': 1760}"
1758476899,LONG,,1,171000000,160740000,"{'id': 82800, 'context': 0, 'modifiers': [{'type': 6, 'value': 59668}], 'pet_breed_id': 8, 'pet_level': 1, 'pet_quality_id': 3, 'pet_species_id': 1533}"
1758476903,LONG,,1,230999400,217139400,"{'id': 82800, 'context': 0, 'modifiers': [{'type': 6, 'value': 86465}], 'pet_breed_id': 13, 'pet_level': 1, 'pet_quality_id': 3, 'pet_species_id': 2682}"
1758476907,LONG,,1,497913000,468038200,"{'id': 82800, 'context': 0, 'modifiers': [{'type': 6, 'value': 6294}], 'pet_breed_id': 5, 'pet_level': 1, 'pet_quality_id': 3, 'pet_species_id': 87}"
1758476911,LONG,,1,48990000,46050600,"{'id': 82800, 'context': 0, 'modifiers': [{'type': 6, 'value': 99908}], 'pet_breed_id': 8, 'pet_level': 1, 'pet_quality_id': 3, 'pet_species_id': 2961}"
1758476917,LONG,,1,245500000,230770000,"{'id': 82800, 'context': 0, 'modifiers': [{'type': 6, 'value': 95149}], 'pet_breed_id': 18, 'pet_level': 1, 'pet_quality_id': 3, 'pet_species_id': 2853}"
1758476922,LONG,,1,88990000,83650600,"{'id': 82800, 'context': 0, 'modifiers': [{'type': 6, 'value': 51270}], 'pet_breed_id': 15, 'pet_level': 1, 'pet_quality_id': 3, 'pet_species_id': 1333}"
1758476927,LONG,,1,268597600,252481700,"{'id': 82800, 'context': 0, 'modifiers': [{'type': 6, 'value': 60930}], 'pet_breed_id': 14, 'pet_level': 1, 'pet_quality_id': 3, 'pet_species_id': 1576}"
1758476929,VERY_LONG,,1,899870000,,"{'id': 172315, 'context': 66, 'bonus_lists': [6758, 1532]}"
1758476931,LONG,,1,104960000,98662400,"{'id': 82800, 'context': 0, 'modifiers': [{'type': 6, 'value': 46174}], 'pet_breed_id': 8, 'pet_level': 25, 'pet_quality_id': 3, 'pet_species_id': 1063}"
1758476933,LONG,,1,55821900,52472600,"{'id': 82800, 'context': 0, 'pet_breed_id': 6, 'pet_level': 1, 'pet_quality_id': 3, 'pet_species_id': 1155}"
1758476938,LONG,,1,13850000,13019000,"{'id': 82800, 'context': 0, 'modifiers': [{'type': 6, 'value': 59766}], 'pet_breed_id': 18, 'pet_level': 1, 'pet_quality_id': 3, 'pet_species_id': 1954}"
1758476942,LONG,,1,55790000,52442600,"{'id': 82800, 'context': 0, 'modifiers': [{'type': 6, 'value': 38232}], 'pet_breed_id': 8, 'pet_level': 1, 'pet_quality_id': 3, 'pet_species_id': 310}"
1758476946,LONG,,1,136000000,127840000,"{'id': 82800, 'context': 0, 'modifiers': [{'type': 6, 'value': 59577}], 'pet_breed_id': 17, 'pet_level': 1, 'pet_quality_id': 3, 'pet_species_id': 1531}"
1758476951,LONG,,1,334999400,314899400,"{'id': 82800, 'context': 0, 'modifiers': [{'type': 6, 'value': 80967}], 'pet_breed_id': 10, 'pet_level': 1, 'pet_quality_id': 3, 'pet_species_id': 2555}"
1758476953,LONG,,1,95520100,89788900,"{'id': 82800, 'context': 0, 'modifiers': [{'type': 6, 'value': 91249}], 'pet_breed_id': 20, 'pet_level': 1, 'pet_quality_id': 3, 'pet_species_id': 2758}"
1758476958,LONG,,1,185000000,173900000,"{'id': 82800, 'context': 0, 'modifiers': [{'type': 6, 'value': 93750}], 'pet_breed_id': 12, 'pet_level': 1, 'pet_quality_id': 2, 'pet_species_id': 2907}"
1758476959,LONG,,1,80990000,76130600,"{'id': 82800, 'context': 0, 'modifiers': [{'type': 6, 'value': 50919}], 'pet_breed_id': 20, 'pet_level': 1, 'pet_quality_id': 3, 'pet_species_id': 2590}"
1758476961,LONG,,1,194799900,183111900,"{'id': 82800, 'context': 0, 'modifiers': [{'type': 6, 'value': 90412}], 'pet_breed_id': 15, 'pet_level': 1, 'pet_quality_id': 3, 'pet_species_id': 2565}"
1758476966,LONG,,1,324000000,304560000,"{'id': 82800, 'context': 0, 'modifiers': [{'type': 6, 'value': 83653}], 'pet_breed_id': 3, 'pet_level': 1, 'pet_quality_id': 2, 'pet_species_id': 2477}"
1758476971,LONG,,1,432999400,407019400,"{'id': 82800, 'context': 0, 'modifiers': [{'type': 6, 'value': 92502}], 'pet_breed_id': 16, 'pet_level': 1, 'pet_quality_id': 3, 'pet_species_id': 2766}"
1758476977,LONG,,1,19500000,18330000,"{'id': 82800, 'context': 0, 'modifiers': [{'type': 6, 'value': 42872}], 'pet_breed_id': 3, 'pet_level': 1, 'pet_quality_id': 2, 'pet_species_id': 630}"
1758476978,LONG,,1,39280000,36923200,"{'id': 82800, 'context': 0, 'modifiers': [{'type': 6, 'value': 69254}], 'pet_breed_id': 22, 'pet_level': 1, 'pet_quality_id': 3, 'pet_species_id': 1885}"
1758476980,LONG,,1,552999800,519819800,"{'id': 82800, 'context': 0, 'modifiers': [{'type': 6, 'value': 77989}], 'pet_breed_id': 7, 'pet_level': 1, 'pet_quality_id': 3, 'pet_species_id': 2528}"
1758476982,LONG,,1,31595800,29700100,"{'id': 82800, 'context': 0, 'modifiers': [{'type': 6, 'value': 29805}], 'pet_breed_id': 8, 'pet_level': 1, 'pet_quality_id': 2, 'pet_species_id': 232}"
1758476985,LONG,,1,281600000,264704000,"{'id': 82800, 'context': 0, 'modifiers': [{'type': 6, 'value': 38134}], 'pet_breed_id': 3, 'pet_level': 2, 'pet_quality_id': 2, 'pet_species_id': 308}"
1758476991,LONG,,1,396990000,373170600,"{'id': 82800, 'context': 0, 'modifiers': [{'type': 6, 'value': 29803}], 'pet_breed_id': 10, 'pet_level': 1, 'pet_quality_id': 3, 'pet_species_id': 234}"
1758476995,LONG,,1,156390000,147006600,"{'id': 82800, 'context': 0, 'modifiers': [{'type': 6, 'value': 40908}], 'pet_breed_id': 11, 'pet_level': 1, 'pet_quality_id': 2, 'pet_species_id': 1323}"
1758477000,LONG,,1,430000000,404200000,"{'id': 82800, 'context': 0, 'modifiers': [{'type': 6, 'value': 51504}], 'pet_breed_id': 8, 'pet_level': 1, 'pet_quality_id': 3, 'pet_species_id': 1348}"
1758477002,LONG,,1,357850000,336379000,"{'id': 82800, 'context': 0, 'modifiers': [{'type': 6, 'value': 95176}], 'pet_breed_id': 4, 'pet_level': 1, 'pet_quality_id': 3, 'pet_species_id': 2837}"
1758477006,LONG,,1,42990000,40410600,"{'id': 82800, 'context': 0, 'modifiers': [{'type': 6, 'value': 46811}], 'pet_breed_id': 7, 'pet_level': 1, 'pet_quality_id': 3, 'pet_species_id': 1126}"
1758477009,LONG,,1,140635700,132197600,"{'id': 82800, 'context': 0, 'modifiers': [{'type': 6, 'value': 47748}], 'pet_breed_id': 18, 'pet_level': 1, 'pet_quality_id': 3, 'pet_species_id': 1198}"
1758477011,LONG,,1,839400000,789036000,"{'id': 82800, 'context': 0, 'modifiers': [{'type': 6, 'value': 93752}], 'pet_breed_id': 5, 'pet_level': 1, 'pet_quality_id': 2, 'pet_species_id': 2905}"
1758477013,LONG,,1,106000000,99640000,"{'id': 82800, 'context': 0, 'modifiers': [{'type': 6, 'value': 66212}], 'pet_breed_id': 22, 'pet_level': 1, 'pet_quality_id': 3, 'pet_species_id': 1808}"
1758477014,LONG,,1,23594400,22178700,"{'id': 82800, 'context': 0, 'modifiers': [{'type': 6, 'value': 9905}], 'pet_breed_id': 7, 'pet_level': 1, 'pet_quality_id': 3, 'pet_species_id': 286}"
1758477017,LONG,,1,300009500,282008900,"{'id': 82800, 'context': 0, 'modifiers': [{'type': 6, 'value': 99904}], 'pet_breed_id': 5, 'pet_level': 25, 'pet_quality_id': 3, 'pet_species_id': 2900}"
1758477021,LONG,,1,146000000,137240000,"{'id': 82800, 'context': 0, 'modifiers': [{'type': 6, 'value': 65717}], 'pet_breed_id': 4, 'pet_level': 1, 'pet_quality_id': 3, 'pet_species_id': 1766}"
1758477023,LONG,,1,160070100,150465900,"{'id': 82800, 'context': 0, 'modifiers': [{'type': 6, 'value': 47749}], 'pet_breed_id': 17, 'pet_level': 3, 'pet_quality_id': 3, 'pet_species_id': 1197}"
1758477029,LONG,,1,38490000,36180600,"{'id': 82800, 'context': 0, 'modifiers': [{'type': 6, 'value': 76763}], 'pet_breed_id': 5, 'pet_level': 1, 'pet_quality_id': 3, 'pet_species_id': 2559}"
1758477033,LONG,,1,79490000,74720600,"{'id': 82800, 'context': 0, 'modifiers': [{'type': 6, 'value': 79634}], 'pet_breed_id': 12, 'pet_level': 1, 'pet_quality_id': 3, 'pet_species_id': 2079}"
1758477038,LONG,,1,401000000,376940000,"{'id': 82800, 'context': 0, 'modifiers': [{'type': 6, 'value': 95144}], 'pet_breed_id': 14, 'pet_level': 1, 'pet_quality_id': 3, 'pet_species_id': 2846}"
1758477039,LONG,,1,303990000,285750600,"{'id': 82800, 'context': 0, 'modifiers': [{'type': 6, 'value': 95143}], 'pet_breed_id': 16, 'pet_level': 1, 'pet_quality_id': 3, 'pet_species_id': 2849}"
1758477044,LONG,,1,54524700,51253200,"{'id': 82800, 'context': 0, 'modifiers': [{'type': 6, 'value': 36637}], 'pet_breed_id': 8, 'pet_level': 1, 'pet_quality_id': 3, 'pet_species_id': 279}"
1758477048,LONG,,1,433000000,407020000,"{'id': 82800, 'context': 0, 'modifiers': [{'type': 6, 'value': 81213}], 'pet_breed_id': 11, 'pet_level': 1, 'pet_quality_id': 3, 'pet_species_id': 2578}"
1758477049,LONG,,1,49959500,46961900,"{'id': 82800, 'context': 0, 'modifiers': [{'type': 6, 'value': 65638}], 'pet_breed_id': 22, 'pet_level': 1, 'pet_quality_id': 3, 'pet_species_id': 1755}"
1758477052,LONG,,1,149000000,140060000,"{'id': 82800, 'context': 0, 'modifiers': [{'type': 6, 'value': 74514}], 'pet_breed_id': 6, 'pet_level': 1, 'pet_quality_id': 3, 'pet_species_id': 2002}"
1758477054,VERY_LONG,,1,490000000,,"{'id': 44413, 'context': 0, 'modifiers': [{'type': 28, 'value': 872}]}"
1758477055,LONG,,1,147999700,139119700,"{'id': 82800, 'context': 0, 'modifiers': [{'type': 6, 'value': 6291}], 'pet_breed_id': 19, 'pet_level': 1, 'pet_quality_id': 3, 'pet_species_id': 59}"
1758477061,LONG,,1,362000000,340280000,"{'id': 82800, 'context': 0, 'modifiers': [{'type': 6, 'value': 88619}], 'pet_breed_id': 17, 'pet_level': 1, 'pet_quality_id': 3, 'pet_species_id': 2701}"
1758477063,LONG,,1,22440000,21093600,"{'id': 82800, 'context': 0, 'modifiers': [{'type': 6, 'value': 88003}], 'pet_breed_id': 7, 'pet_level': 1, 'pet_quality_id': 3, 'pet_species_id': 2452}"
1758477065,LONG,,1,72000000,67680000,"{'id': 82800, 'context': 0, 'modifiers': [{'type': 6, 'value': 48662}], 'pet_breed_id': 10, 'pet_level': 1, 'pet_quality_id': 3, 'pet_species_id': 1229}"
1758477068,LONG,,1,294999400,277299400,"{'id': 82800, 'context': 0, 'modifiers': [{'type': 6, 'value': 88764}], 'pet_breed_id': 18, 'pet_level': 1, 'pet_quality_id': 3, 'pet_species_id': 2711}"
1758477074,LONG,,1,43668500,41048400,"{'id': 82800, 'context': 0, 'modifiers': [{'type': 6, 'value': 98466}], 'pet_breed_id': 7, 'pet_level': 1, 'pet_quality_id': 2, 'pet_species_id': 3013}"
1758477078,LONG,,1,178900000,168166000,"{'id': 82800, 'context': 0, 'modifiers': [{'type': 6, 'value': 81099}], 'pet_breed_id': 7, 'pet_level': 1, 'pet_quality_id': 2, 'pet_species_id': 2427}"
1758477080,LONG,,1,1156000000,1086640000,"{'id': 82800, 'context': 0, 'modifiers': [{'type': 6, 'value': 88785}], 'pet_breed_id': 14, 'pet_level': 25, 'pet_quality_id': 3, 'pet_species_id': 2532}"
1758477082,LONG,,1,80990000,76130600,"{'id': 82800, 'context': 0, 'modifiers': [{'type': 6, 'value': 40224}], 'pet_breed_id': 15, 'pet_level': 1, 'pet_quality_id': 3, 'pet_species_id': 1631}"
1758477087,LONG,,1,174899600,164405600,"{'id': 82800, 'context': 0, 'modifiers': [{'type': 6, 'value': 51502}], 'pet_breed_id': 16, 'pet_level': 1, 'pet_quality_id': 2, 'pet_species_id': 1345}"
1758477089,LONG,,1,392398000,368854100,"{'id': 82800, 'context': 0, 'modifiers': [{'type': 6, 'value': 855}], 'pet_breed_id': 15, 'pet_level': 1, 'pet_quality_id': 3, 'pet_species_id': 1276}"
1758477092,LONG,,1,1156000000,1086640000,"{'id': 82800, 'context': 0, 'modifiers': [{'type': 6, 'value': 98481}], 'pet_breed_id': 22, 'pet_level': 1, 'pet_quality_id': 2, 'pet_species_id': 3061}"
1758477097,LONG,,1,55000000,54000000,"{'id': 82800, 'context': 0, 'modifiers': [{'type': 6, 'value': 80029}], 'pet_breed_id': 5, 'pet_level': 1, 'pet_quality_id': 2, 'pet_species_id': 2426}"
1758477100,LONG,,1,48680000,45759200,"{'id': 82800, 'context': 0, 'modifiers': [{'type': 6, 'value': 91111}], 'pet_breed_id': 10, 'pet_level': 1, 'pet_quality_id': 2, 'pet_species_id': 2699}"
1758477103,LONG,,1,164500000,154630000,"{'id': 82800, 'context': 0, 'modifiers': [{'type': 6, 'value': 48651}], 'pet_breed_id': 8, 'pet_level': 1, 'pet_quality_id': 3, 'pet_species_id': 1237}"
1758477107,LONG,,1,55890000,52536600,"{'id': 82800, 'context': 0, 'modifiers': [{'type': 6, 'value': 46809}], 'pet_breed_id': 8, 'pet_level': 1, 'pet_quality_id': 3, 'pet_species_id': 1124}"
1758477110,LONG,,1,156880000,147467200,"{'id': 82800, 'context': 0, 'modifiers': [{'type': 6, 'value': 73308}], 'pet_breed_id': 10, 'pet_level': 1, 'pet_quality_id': 3, 'pet_species_id': 1949}"
1758477116,LONG,,1,205000000,192700000,"{'id': 82800, 'context': 0, 'modifiers': [{'type': 6, 'value': 97091}], 'pet_breed_id': 3, 'pet_level': 1, 'pet_quality_id': 2, 'pet_species_id': 3040}"
1758477119,LONG,,1,113750000,106925000,"{'id': 82800, 'context': 0, 'modifiers': [{'type': 6, 'value': 28482}], 'pet_breed_id': 3, 'pet_level': 1, 'pet_quality_id': 2, 'pet_species_id': 204}"
1758477123,LONG,,1,55447100,52120300,"{'id': 82800, 'context': 0, 'modifiers': [{'type': 6, 'value': 69490}], 'pet_breed_id': 12, 'pet_level': 1, 'pet_quality_id': 3, 'pet_species_id': 1699}"
1758477125,LONG,,1,2646000000,2487240000,"{'id': 82800, 'context': 0, 'modifiers': [{'type': 6, 'value': 99854}], 'pet_breed_id': 7, 'pet_level': 1, 'pet_quality_id': 2, 'pet_species_id': 2932}"
1758477128,LONG,,1,175899700,165345700,"{'id': 82800, 'context': 0, 'modifiers': [{'type': 6, 'value': 95576}], 'pet_breed_id': 14, 'pet_level': 1, 'pet_quality_id': 2, 'pet_species_id': 2944}"
1758477132,LONG,,1,50000000,47000000,"{'id': 82800, 'context': 0, 'modifiers': [{'type': 6, 'value': 93753}], 'pet_breed_id': 13, 'pet_level': 1, 'pet_quality_id': 2, 'pet_species_id': 2935}"
1758477138,LONG,,1,178900000,168166000,"{'id': 82800, 'context': 0, 'modifiers': [{'type': 6, 'value': 78244}], 'pet_breed_id': 3, 'pet_level': 1, 'pet_quality_id': 3, 'pet_species_id': 2403}"
1758477140,LONG,,1,1356000000,1274640000,"{'id': 82800, 'context': 0, 'modifiers': [{'type': 6, 'value': 99858}], 'pet_breed_id': 14, 'pet_level': 1, 'pet_quality_id': 2, 'pet_species_id': 2948}"
1758477145,LONG,,1,1276000000,1199440000,"{'id': 82800, 'context': 0, 'modifiers': [{'type': 6, 'value': 99921}], 'pet_breed_id': 10, 'pet_level': 1, 'pet_quality_id': 3, 'pet_species_id': 2963}"
1758477151,LONG,,1,55490000,52160600,"{'id': 82800, 'context': 0, 'modifiers': [{'type': 6, 'value': 87999}], 'pet_breed_id': 7, 'pet_level': 1, 'pet_quality_id': 3, 'pet_species_id': 2445}"
1758477156,LONG,,1,26000000,24440000,"{'id': 82800, 'context': 0, 'modifiers': [{'type': 6, 'value': 50613}], 'pet_breed_id': 8, 'pet_level': 1, 'pet_quality_id': 3, 'pet_species_id': 2702}"
1758477160,LONG,,1,379500000,356730000,"{'id': 82800, 'context': 0, 'modifiers': [{'type': 6, 'value': 98456}], 'pet_breed_id': 6, 'pet_level': 25, 'pet_quality_id': 3, 'pet_species_id': 3019}"
1758477164,LONG,,1,81490000,76600600,"{'id': 82800, 'context': 0, 'modifiers': [{'type': 6, 'value': 15905}], 'pet_breed_id': 3, 'pet_level': 1, 'pet_quality_id': 2, 'pet_species_id': 845}"
1758477169,LONG,,1,356750000,335345000,"{'id': 82800, 'context': 0, 'modifiers': [{'type': 6, 'value': 98460}], 'pet_breed_id': 18, 'pet_level': 1, 'pet_quality_id': 2, 'pet_species_id': 3023}"
1758477174,LONG,,1,46100000,43334000,"{'id': 82800, 'context': 0, 'modifiers': [{'type': 6, 'value': 90140}], 'pet_breed_id': 16, 'pet_level': 1, 'pet_quality_id': 3, 'pet_species_id': 2548}"
1758477178,LONG,,1,88990000,83650600,"{'id': 82800, 'context': 0, 'modifiers': [{'type': 6, 'value': 98472}], 'pet_breed_id': 4, 'pet_level': 1, 'pet_quality_id': 2, 'pet_species_id': 3009}"
1758477182,LONG,,1,148980000,140041200,"{'id': 82800, 'context': 0, 'modifiers': [{'type': 6, 'value': 81058}], 'pet_breed_id': 3, 'pet_level': 1, 'pet_quality_id': 2, 'pet_species_id': 2424}"
1758477188,LONG,,1,293000000,275420000,"{'id': 82800, 'context': 0, 'modifiers': [{'type': 6, 'value': 98482}], 'pet_breed_id': 17, 'pet_level': 1, 'pet_quality_id': 2, 'pet_species_id': 3062}"
1758477194,LONG,,1,304000000,285760000,"{'id': 82800, 'context': 0, 'modifiers': [{'type': 6, 'value': 95582}], 'pet_breed_id': 8, 'pet_level': 1, 'pet_quality_id': 2, 'pet_species_id': 2914}"
1758477224,LONG,,1,275990000,259430600,"{'id': 82800, 'context': 0, 'modifiers': [{'type': 6, 'value': 95929}], 'pet_breed_id': 17, 'pet_level': 1, 'pet_quality_id': 2, 'pet_species_id': 2912}"
1758477227,LONG,,1,69959500,65761900,"{'id': 82800, 'context': 0, 'modifiers': [{'type': 6, 'value': 55291}], 'pet_breed_id': 19, 'pet_level': 1, 'pet_quality_id': 3, 'pet_species_id': 1453}"
1758477288,VERY_LONG,,1,899877100,,"{'id': 172317, 'context': 66, 'bonus_lists': [6758, 7193, 1532]}"
1758477395,VERY_LONG,,1,899870000,,"{'id': 172327, 'context': 66, 'bonus_lists': [6758, 1532]}"
1758477477,LONG,3920000000,13,,,{'id': 109629}
1758477524,LONG,60000,2,,,{'id': 74250}
1758477546,LONG,90000,1,,,{'id': 23439}
1758477566,LONG,197990000,11,,,{'id': 52977}
1758477588,LONG,1758200,2,,,{'id': 23427}
1758477620,LONG,58600,800,,,{'id': 109131}
1758477642,LONG,8800,175,,,{'id': 72988}
1758477673,LONG,39000,387,,,{'id': 72120}
1758477689,LONG,99000,8,,,{'id': 37705}
1758477694,VERY_LONG,,1,899871300,,"{'id': 172326, 'context': 66, 'bonus_lists': [6758, 1532]}"
1758477707,LONG,373500,13,,,{'id': 52329}
1758477735,LONG,3920000000,9,,,{'id': 52327}
1758477763,LONG,110800,7,,,{'id': 53010}
1758477765,VERY_LONG,,1,5911200,5320100,"{'id': 55573, 'context': 2, 'bonus_lists': [6654, 1712], 'modifiers': [{'type': 9, 'value': 35}, {'type': 28, 'value': 1114}]}"
1758477769,VERY_LONG,,1,17237200,15513500,"{'id': 121189, 'context': 0, 'bonus_lists': [1812, 1682], 'modifiers': [{'type': 9, 'value': 45}]}"
1758477773,VERY_LONG,,1,60127500,54114800,"{'id': 170312, 'context': 13, 'bonus_lists': [1701]}"
1758477777,VERY_LONG,,1,59013100,53111800,"{'id': 170312, 'context': 13, 'bonus_lists': [1677]}"
1758477782,VERY_LONG,,1,1867500,1680800,"{'id': 36061, 'context': 0, 'bonus_lists': [6654, 1678], 'modifiers': [{'type': 9, 'value': 30}, {'type': 28, 'value': 1024}]}"
1758477786,VERY_LONG,,1,14953200,13457900,"{'id': 106656, 'context': 0, 'bonus_lists': [61]}"
1758477792,VERY_LONG,,1,55932200,50339000,"{'id': 170355, 'context': 13, 'bonus_lists': [1708]}"
1758477797,LONG,1520000,1,,,{'id': 31902}
1758477799,VERY_LONG,,1,5495800,4946200,"{'id': 82207, 'context': 0, 'bonus_lists': [6654, 1678], 'modifiers': [{'type': 9, 'value': 35}, {'type': 28, 'value': 173}]}"
1758477802,VERY_LONG,14223700,1,,,{'id': 41427}
1758477806,VERY_LONG,,1,4517700,4065900,"{'id': 9860, 'context': 54, 'bonus_lists': [1694, 4277], 'modifiers': [{'type': 9, 'value': 50}]}"
1758477814,VERY_LONG,,1,952910600,857619500,"{'id': 11482, 'context': 0}"
1758477819,VERY_LONG,,1,4704900,4234400,"{'id': 82239, 'context': 0, 'bonus_lists': [1705]}"
1758477821,VERY_LONG,,1,4704900,4234400,"{'id': 82239, 'context': 36, 'bonus_lists': [1698, 4767], 'modifiers': [{'type': 9, 'value': 40}]}"
1758477825,VERY_LONG,,1,4170200,3753200,"{'id': 24758, 'context': 2, 'bonus_lists': [6654, 1678], 'modifiers': [{'type': 9, 'value': 30}, {'type': 28, 'value': 1079}]}"
1758477829,VERY_LONG,,1,5594000,5034600,"{'id': 37820, 'context': 36, 'bonus_lists': [3912], 'modifiers': [{'type': 9, 'value': 50}]}"
1758477832,VERY_LONG,,1,9289600,8360600,"{'id': 55373, 'context': 36, 'bonus_lists': [1681, 4767], 'modifiers': [{'type': 9, 'value': 50}]}"
1758477836,VERY_LONG,,1,1514400,1500000,"{'id': 82228, 'context': 0, 'bonus_lists': [6654, 1680], 'modifiers': [{'type': 9, 'value': 35}, {'type': 28, 'value': 173}]}"
1758477841,VERY_LONG,,1,9617100,8655400,"{'id': 25210, 'context': 1, 'bonus_lists': [6655, 1681], 'modifiers': [{'type': 9, 'value': 50}, {'type': 28, 'value': 1893}]}"
1758477844,VERY_LONG,,1,6296400,5666800,"{'id': 36357, 'context': 1, 'bonus_lists': [6654, 1692], 'modifiers': [{'type': 9, 'value': 30}, {'type': 28, 'value': 238}]}"
1758477847,LONG,199700,6,,,{'id': 52979}
1758477851,VERY_LONG,,1,28524400,25672000,"{'id': 169424, 'context': 0, 'bonus_lists': [6654, 42, 1708], 'modifiers': [{'type': 9, 'value': 50}, {'type': 28, 'value': 690}]}"
1758477854,VERY_LONG,,1,89472200,80525000,"{'id': 170362, 'context': 13, 'bonus_lists': [1688]}"
1758477857,VERY_LONG,,1,11166900,10050200,"{'id': 1608, 'context': 1, 'bonus_lists': [6655, 1691], 'modifiers': [{'type': 9, 'value': 30}, {'type': 28, 'value': 282}]}"
1758477860,VERY_LONG,,1,135857400,122271700,"{'id': 159937, 'context': 13, 'bonus_lists': [1697, 4928]}"
1758477865,VERY_LONG,,1,98170100,88353100,"{'id': 159937, 'context': 13, 'bonus_lists': [1680, 4928]}"
1758477868,VERY_LONG,,1,98170100,88353100,"{'id': 159937, 'context': 13, 'bonus_lists': [1681, 4928]}"
1758477874,VERY_LONG,,1,98170100,88353100,"{'id': 159937, 'context': 13, 'bonus_lists': [1682, 4928]}"
1758477876,VERY_LONG,,1,109760900,98784800,"{'id': 159937, 'context': 13, 'bonus_lists': [1696, 4928]}"
1758477887,VERY_LONG,,1,109760900,98784800,"{'id': 159937, 'context': 13, 'bonus_lists': [1692, 4928]}"
1758477888,LONG,1000000,2,,,{'id': 7080}
1758477893,VERY_LONG,,1,156079000,140471100,"{'id': 159937, 'context': 13, 'bonus_lists': [1713, 4928]}"
1758477897,VERY_LONG,,1,101317800,91186000,"{'id': 159937, 'context': 13, 'bonus_lists': [1686, 4928]}"
1758477903,VERY_LONG,,1,101317800,91186000,"{'id': 159937, 'context': 13, 'bonus_lists': [1687, 4928]}"
1758477910,VERY_LONG,,1,84616800,76155100,"{'id': 82101, 'context': 36, 'bonus_lists': [1698, 4767], 'modifiers': [{'type': 9, 'value': 45}]}"
1758477915,VERY_LONG,,1,2863700,2577300,"{'id': 36378, 'context': 0, 'bonus_lists': [6654, 1692], 'modifiers': [{'type': 9, 'value': 30}, {'type': 28, 'value': 1023}]}"
1758477919,VERY_LONG,,1,1602600,1500000,"{'id': 4087, 'context': 1, 'bonus_lists': [6655, 1695], 'modifiers': [{'type': 9, 'value': 30}, {'type': 28, 'value': 214}]}"
1758477924,VERY_LONG,,1,5361800,4825600,"{'id': 9923, 'context': 1, 'bonus_lists': [6654, 1706], 'modifiers': [{'type': 9, 'value': 30}, {'type': 28, 'value': 282}]}"
1758477927,VERY_LONG,,1,5361800,4825600,"{'id': 9923, 'context': 1, 'bonus_lists': [6654, 1693], 'modifiers': [{'type': 9, 'value': 30}, {'type': 28, 'value': 214}]}"
1758477933,VERY_LONG,,1,8710400,7839400,"{'id': 24716, 'context': 1, 'bonus_lists': [6654, 1677], 'modifiers': [{'type': 9, 'value': 50}, {'type': 28, 'value': 1885}]}"
1758477936,VERY_LONG,,1,795511100,715960000,"{'id': 16722, 'context': 0}"
1758477941,VERY_LONG,,1,2006300,1805700,"{'id': 24682, 'context': 1, 'bonus_lists': [6654, 1677], 'modifiers': [{'type': 9, 'value': 50}, {'type': 28, 'value': 1893}]}"
1758477944,LONG,4749000,4,,,{'id': 23426}
1758477947,VERY_LONG,,1,13758900,12383000,"{'id': 106432, 'context': 0, 'bonus_lists': [6654, 103], 'modifiers': [{'type': 9, 'value': 50}, {'type': 28, 'value': 1764}]}"
1758477953,VERY_LONG,,1,3889900,3500900,"{'id': 24617, 'context': 1, 'bonus_lists': [6654, 1681], 'modifiers': [{'type': 9, 'value': 30}, {'type': 28, 'value': 222}]}"
1758477956,VERY_LONG,,1,51481100,46333000,"{'id': 2507, 'context': 0}"
1758477960,VERY_LONG,,1,57035500,51332000,"{'id': 170354, 'context': 13, 'bonus_lists': [1698]}"
1758477964,VERY_LONG,,1,92096300,82886700,"{'id': 106397, 'context': 0, 'bonus_lists': [6655, 214], 'modifiers': [{'type': 9, 'value': 50}, {'type': 28, 'value': 1764}]}"
1758477971,VERY_LONG,,1,19067100,17581600,"{'id': 55578, 'context': 0, 'bonus_lists': [6654, 1684], 'modifiers': [{'type': 9, 'value': 35}, {'type': 28, 'value': 55}]}"
1758477976,VERY_LONG,,1,1566704000,1410033600,"{'id': 12219, 'context': 0}"
1758477977,LONG,556100,5,,,{'id': 22572}
1758477979,VERY_LONG,,1,2086900,1878200,"{'id': 36395, 'context': 0, 'bonus_lists': [6654, 1709], 'modifiers': [{'type': 9, 'value': 30}, {'type': 28, 'value': 1016}]}"
1758477984,VERY_LONG,,1,9902100,8911900,"{'id': 10088, 'context': 1, 'bonus_lists': [6654, 1693], 'modifiers': [{'type': 9, 'value': 30}, {'type': 28, 'value': 214}]}"
1758477986,VERY_LONG,,1,11702400,11171900,"{'id': 106590, 'context': 29, 'bonus_lists': [3854, 118], 'modifiers': [{'type': 9, 'value': 50}]}"
1758477990,VERY_LONG,,1,2054400,1849000,"{'id': 24621, 'context': 1, 'bonus_lists': [6654, 1694], 'modifiers': [{'type': 9, 'value': 50}, {'type': 28, 'value': 1888}]}"
1758477995,VERY_LONG,,1,596012900,536411600,"{'id': 78245, 'context': 14}"
1758477998,VERY_LONG,,1,152778300,137500500,"{'id': 22277, 'context': 0}"
1758478004,VERY_LONG,,1,2046200,1841600,"{'id': 36151, 'context': 0, 'bonus_lists': [6654, 1705], 'modifiers': [{'type': 9, 'value': 30}, {'type': 28, 'value': 1023}]}"
1758478005,LONG,10800,22,,,{'id': 74844}
1758478008,VERY_LONG,,1,6443400,5799100,"{'id': 37647, 'context': 1, 'bonus_lists': [6710], 'modifiers': [{'type': 9, 'value': 30}, {'type': 28, 'value': 238}]}"
1758478010,VERY_LONG,,1,28249100,25424200,"{'id': 66992, 'context': 0, 'bonus_lists': [6658], 'modifiers': [{'type': 9, 'value': 35}, {'type': 28, 'value': 55}]}"
1758478013,VERY_LONG,,1,10244900,9220400,"{'id': 121218, 'context': 0, 'bonus_lists': [6654, 1698], 'modifiers': [{'type': 9, 'value': 45}, {'type': 28, 'value': 332}]}"
1758478020,VERY_LONG,,1,26541700,23887500,"{'id': 8277, 'context': 1, 'bonus_lists': [6654], 'modifiers': [{'type': 9, 'value': 30}, {'type': 28, 'value': 282}]}"
1758478023,VERY_LONG,,1,7407100,6666400,"{'id': 55456, 'context': 2, 'bonus_lists': [6655, 1707], 'modifiers': [{'type': 9, 'value': 35}, {'type': 28, 'value': 1114}]}"
1758478026,LONG,438800,1,,,{'id': 72163}
1758478028,VERY_LONG,,1,22180400,19962400,"{'id': 7332, 'context': 1, 'bonus_lists': [6654, 1706], 'modifiers': [{'type': 9, 'value': 30}, {'type': 28, 'value': 282}]}"
1758478030,VERY_LONG,,1,12589900,11330900,"{'id': 36238, 'context': 1, 'bonus_lists': [6654, 1677], 'modifiers': [{'type': 9, 'value': 30}, {'type': 28, 'value': 238}]}"
1758478035,VERY_LONG,,1,4123500,3711200,"{'id': 8250, 'context': 1, 'bonus_lists': [6654], 'modifiers': [{'type': 9, 'value': 30}, {'type': 28, 'value': 282}]}"
1758478037,VERY_LONG,,1,1533200,1500000,"{'id': 8108, 'context': 1, 'bonus_lists': [6654], 'modifiers': [{'type': 9, 'value': 30}, {'type': 28, 'value': 282}]}"
1758478040,VERY_LONG,,1,8441400,7597300,"{'id': 24969, 'context': 1, 'bonus_lists': [6654, 1709], 'modifiers': [{'type': 9, 'value': 30}, {'type': 28, 'value': 222}]}"
1758478043,VERY_LONG,,1,3488600,3139700,"{'id': 82193, 'context': 0, 'bonus_lists': [6654, 1701], 'modifiers': [{'type': 9, 'value': 35}, {'type': 28, 'value': 173}]}"
1758478044,LONG,5500,9,,,{'id': 74841}
1758478045,VERY_LONG,,1,4043200,3638900,"{'id': 10085, 'context': 1, 'bonus_lists': [6654, 1695], 'modifiers': [{'type': 9, 'value': 30}, {'type': 28, 'value': 282}]}"
1758478047,VERY_LONG,,1,18026300,16223700,"{'id': 25316, 'context': 1, 'bonus_lists': [6655, 1694], 'modifiers': [{'type': 9, 'value': 30}, {'type': 28, 'value': 222}]}"
1758478050,VERY_LONG,,1,2900100,2610100,"{'id': 25017, 'context': 1, 'bonus_lists': [6654, 1709], 'modifiers': [{'type': 9, 'value': 50}, {'type': 28, 'value': 1893}]}"
1758478053,VERY_LONG,,1,286280800,257652700,"{'id': 115992, 'context': 13, 'bonus_lists': [222]}"
1758478055,VERY_LONG,,1,7576800,6819100,"{'id': 9947, 'context': 1, 'bonus_lists': [6654, 1681], 'modifiers': [{'type': 9, 'value': 30}, {'type': 28, 'value': 282}]}"
1758478058,VERY_LONG,,1,44430200,39987200,"{'id': 106639, 'context': 29, 'bonus_lists': [3855, 152], 'modifiers': [{'type': 9, 'value': 50}]}"
1758478062,VERY_LONG,,1,12953500,11658200,"{'id': 10207, 'context': 1, 'bonus_lists': [6654, 1680], 'modifiers': [{'type': 9, 'value': 30}, {'type': 28, 'value': 282}]}"
1758478066,VERY_LONG,,1,3952000,3556800,"{'id': 24623, 'context': 1, 'bonus_lists': [6654, 1708], 'modifiers': [{'type': 9, 'value': 50}, {'type': 28, 'value': 1888}]}"
1758478072,VERY_LONG,,1,4953100,4457800,"{'id': 9782, 'context': 1, 'bonus_lists': [6654, 1681], 'modifiers': [{'type': 9, 'value': 30}, {'type': 28, 'value': 215}]}"
1758478075,LONG,15500,2,,,{'id': 129158}
1758478077,VERY_LONG,,1,2141700,1927500,"{'id': 1639, 'context': 1, 'bonus_lists': [6655, 1681], 'modifiers': [{'type': 9, 'value': 30}, {'type': 28, 'value': 282}]}"
1758478083,VERY_LONG,,1,5916000,5324400,"{'id': 25019, 'context': 1, 'bonus_lists': [6654, 1705], 'modifiers': [{'type': 9, 'value': 50}, {'type': 28, 'value': 1893}]}"
1758478087,VERY_LONG,,1,4030300,3627300,"{'id': 8112, 'context': 1, 'bonus_lists': [6654], 'modifiers': [{'type': 9, 'value': 30}, {'type': 28, 'value': 282}]}"
1758478089,VERY_LONG,,1,4048700,3643800,"{'id': 24954, 'context': 1, 'bonus_lists': [6654, 1709], 'modifiers': [{'type': 9, 'value': 50}, {'type': 28, 'value': 1887}]}"
1758478095,VERY_LONG,,1,127479600,114731600,"{'id': 25246, 'context': 1, 'bonus_lists': [6655, 1680], 'modifiers': [{'type': 9, 'value': 50}, {'type': 28, 'value': 1886}]}"
1758479103,LONG,131400,20,,,{'id': 30809}
1758479107,VERY_LONG,,1,442660900,398394800,"{'id': 78239, 'context': 14}"
1758479112,VERY_LONG,,1,10156600,9140900,"{'id': 8117, 'context': 1, 'bonus_lists': [6654], 'modifiers': [{'type': 9, 'value': 30}, {'type': 28, 'value': 282}]}"
1758479114,VERY_LONG,,1,33191600,29872400,"{'id': 36530, 'context': 36, 'bonus_lists': [1677, 3871], 'modifiers': [{'type': 9, 'value': 50}]}"
1758479119,VERY_LONG,,1,42398300,38158500,"{'id': 170356, 'context': 13, 'bonus_lists': [1687]}"
1758479123,VERY_LONG,,1,5770600,5193500,"{'id': 25020, 'context': 1, 'bonus_lists': [6654, 1680], 'modifiers': [{'type': 9, 'value': 50}, {'type': 28, 'value': 1893}]}"
1758479131,LONG,4447500,5,,,{'id': 142406}
1758479134,VERY_LONG,,1,2301400,2071300,"{'id': 36285, 'context': 0, 'bonus_lists': [6654, 1694], 'modifiers': [{'type': 9, 'value': 30}, {'type': 28, 'value': 1024}]}"
1758479137,VERY_LONG,,1,2301400,2071300,"{'id': 36285, 'context': 0, 'bonus_lists': [6654, 1692], 'modifiers': [{'type': 9, 'value': 30}, {'type': 28, 'value': 1024}]}"
1758479143,VERY_LONG,,1,16992700,15293400,"{'id': 24606, 'context': 1, 'bonus_lists': [6654, 1680], 'modifiers': [{'type': 9, 'value': 50}, {'type': 28, 'value': 1887}]}"
1758479147,VERY_LONG,,1,4627000,4164300,"{'id': 24961, 'context': 1, 'bonus_lists': [6654, 1691], 'modifiers': [{'type': 9, 'value': 50}, {'type': 28, 'value': 1886}]}"
1758479151,VERY_LONG,,1,18240500,16416500,"{'id': 121214, 'context': 0, 'bonus_lists': [6654, 1808, 1708], 'modifiers': [{'type': 9, 'value': 45}, {'type': 28, 'value': 1172}]}"
1758479156,VERY_LONG,,1,2364500,2128100,"{'id': 36693, 'context': 0, 'bonus_lists': [6655, 1680], 'modifiers': [{'type': 9, 'value': 30}, {'type': 28, 'value': 1023}]}"
1758479163,VERY_LONG,,1,14615100,13153600,"{'id': 25078, 'context': 1, 'bonus_lists': [6655, 1681], 'modifiers': [{'type': 9, 'value': 50}, {'type': 28, 'value': 1886}]}"
1758479167,VERY_LONG,,1,5878000,5290200,"{'id': 121212, 'context': 0, 'bonus_lists': [6654, 1713], 'modifiers': [{'type': 9, 'value': 45}, {'type': 28, 'value': 1172}]}"
1758479170,VERY_LONG,,1,5036800,4533100,"{'id': 24990, 'context': 1, 'bonus_lists': [6654, 1692], 'modifiers': [{'type': 9, 'value': 30}, {'type': 28, 'value': 221}]}"
1758479172,VERY_LONG,,1,10352900,9317600,"{'id': 106471, 'context': 0, 'bonus_lists': [6654, 170], 'modifiers': [{'type': 9, 'value': 50}, {'type': 28, 'value': 1764}]}"
1758479174,VERY_LONG,,1,5230100,4707100,"{'id': 55555, 'context': 2, 'bonus_lists': [6654, 1677], 'modifiers': [{'type': 9, 'value': 35}, {'type': 28, 'value': 1114}]}"
1758479179,VERY_LONG,,1,565656800,509091100,"{'id': 78243, 'context': 14}"
1758479198,LONG,,1,754558300,,"{'id': 118337, 'context': 0}"
1758479222,LONG,76200,87,,,{'id': 29425}
1758479338,LONG,96430100,1,,,{'id': 10593}
1758479412,LONG,,1,33991000,,"{'id': 2316, 'context': 0}"
1758479416,LONG,98995100,1,,,{'id': 8244}
1758479441,LONG,,1,6089000,,"{'id': 7530, 'context': 1, 'bonus_lists': [1693]}"
1758479679,LONG,,1,73693900,,"{'id': 9931, 'context': 1, 'bonus_lists': [1691]}"
1758479762,LONG,,1,10100800,,"{'id': 10182, 'context': 1, 'bonus_lists': [1694]}"
1758479775,VERY_LONG,,1,21619200,19457300,"{'id': 55767, 'context': 0, 'bonus_lists': [6654, 1698], 'modifiers': [{'type': 9, 'value': 35}, {'type': 28, 'value': 55}]}"
1758479776,VERY_LONG,,1,7834700,7051200,"{'id': 55589, 'context': 0, 'bonus_lists': [6654, 1713], 'modifiers': [{'type': 9, 'value': 35}, {'type': 28, 'value': 55}]}"
1758479779,VERY_LONG,,1,2486600,2237900,"{'id': 55419, 'context': 5, 'bonus_lists': [6654, 1679], 'modifiers': [{'type': 9, 'value': 50}]}"
1758479783,VERY_LONG,,1,14507400,13056700,"{'id': 106394, 'context': 22, 'bonus_lists': [6654, 91], 'modifiers': [{'type': 9, 'value': 40}, {'type': 28, 'value': 1144}]}"
1758479785,VERY_LONG,,1,2200000,1980000,"{'id': 50451, 'context': 0, 'modifiers': [{'type': 28, 'value': 1023}]}"
1758479789,VERY_LONG,,1,53508500,48157700,"{'id': 106396, 'context': 0, 'bonus_lists': [6654, 39], 'modifiers': [{'type': 9, 'value': 50}, {'type': 28, 'value': 1764}]}"
1758479792,VERY_LONG,,1,46047800,41443000,"{'id': 169417, 'context': 0, 'bonus_lists': [6654, 1709], 'modifiers': [{'type': 9, 'value': 50}]}"
1758479794,VERY_LONG,,1,470711600,423640400,"{'id': 78241, 'context': 14}"
1758479797,VERY_LONG,,1,5306400,4775800,"{'id': 55724, 'context': 2, 'bonus_lists': [6654, 1694], 'modifiers': [{'type': 9, 'value': 35}, {'type': 28, 'value': 1114}]}"
1758479801,VERY_LONG,,1,4843600,4359200,"{'id': 10192, 'context': 1, 'bonus_lists': [6654, 1692], 'modifiers': [{'type': 9, 'value': 30}, {'type': 28, 'value': 282}]}"
1758479812,LONG,,1,45000000,42300000,"{'id': 82800, 'context': 0, 'modifiers': [{'type': 6, 'value': 78222}], 'pet_breed_id': 17, 'pet_level': 1, 'pet_quality_id': 3, 'pet_species_id': 2071}"
1758479813,LONG,,1,78952500,78000000,"{'id': 82800, 'context': 0, 'modifiers': [{'type': 6, 'value': 99874}], 'pet_breed_id': 18, 'pet_level': 1, 'pet_quality_id': 2, 'pet_species_id': 2897}"
1758479816,LONG,,1,24130600,22682800,"{'id': 82800, 'context': 0, 'modifiers': [{'type': 6, 'value': 99852}], 'pet_breed_id': 22, 'pet_level': 1, 'pet_quality_id': 2, 'pet_species_id': 3035}"
1758479819,VERY_LONG,,1,2903400,2613100,"{'id': 36400, 'context': 0, 'bonus_lists': [6654, 1681], 'modifiers': [{'type': 9, 'value': 30}, {'type': 28, 'value': 1024}]}"
1758479821,LONG,,1,19449800,18282800,"{'id': 82800, 'context': 0, 'modifiers': [{'type': 6, 'value': 48666}], 'pet_breed_id': 10, 'pet_level': 1, 'pet_quality_id': 3, 'pet_species_id': 1231}"
1758479822,VERY_LONG,,1,6053200,5447900,"{'id': 8135, 'context': 1, 'bonus_lists': [6655], 'modifiers': [{'type': 9, 'value': 30}, {'type': 28, 'value': 214}]}"
1758479823,LONG,,1,106000000,99640000,"{'id': 82800, 'context': 0, 'modifiers': [{'type': 6, 'value': 99018}], 'pet_breed_id': 7, 'pet_level': 1, 'pet_quality_id': 2, 'pet_species_id': 2798}"
1758479825,VERY_LONG,,1,21580600,19422500,"{'id': 90582, 'context': 6}"
1758479828,LONG,,1,33829800,31800000,"{'id': 82800, 'context': 0, 'modifiers': [{'type': 6, 'value': 79638}], 'pet_breed_id': 12, 'pet_level': 1, 'pet_quality_id': 3, 'pet_species_id': 2083}"
1758479829,VERY_LONG,,1,4338100,3904300,"{'id': 7531, 'context': 1, 'bonus_lists': [6654, 1706], 'modifiers': [{'type': 9, 'value': 30}, {'type': 28, 'value': 214}]}"
1758479832,LONG,,1,34899900,32805900,"{'id': 82800, 'context': 0, 'modifiers': [{'type': 6, 'value': 60889}], 'pet_breed_id': 9, 'pet_level': 1, 'pet_quality_id': 3, 'pet_species_id': 1588}"
1758479833,VERY_LONG,,1,6755200,6079700,"{'id': 7532, 'context': 1, 'bonus_lists': [6654, 1679], 'modifiers': [{'type': 9, 'value': 30}, {'type': 28, 'value': 282}]}"
1758479835,VERY_LONG,,1,10199700,9268200,"{'id': 55588, 'context': 0, 'bonus_lists': [6654, 1702], 'modifiers': [{'type': 9, 'value': 35}, {'type': 28, 'value': 55}]}"
1758479837,LONG,,1,276000000,259440000,"{'id': 82800, 'context': 0, 'modifiers': [{'type': 6, 'value': 93747}], 'pet_breed_id': 4, 'pet_level': 1, 'pet_quality_id': 2, 'pet_species_id': 2934}"
1758479839,VERY_LONG,,1,10957900,9862100,"{'id': 9899, 'context': 0, 'bonus_lists': [1709]}"
1758479842,LONG,,1,161813000,152104200,"{'id': 82800, 'context': 0, 'modifiers': [{'type': 6, 'value': 47991}], 'pet_breed_id': 7, 'pet_level': 1, 'pet_quality_id': 3, 'pet_species_id': 1338}"
1758479844,VERY_LONG,,1,51213200,46091900,"{'id': 31200, 'context': 36, 'bonus_lists': [3933], 'modifiers': [{'type': 9, 'value': 40}]}"
1758479846,LONG,,1,207000000,194580000,"{'id': 82800, 'context': 0, 'modifiers': [{'type': 6, 'value': 88024}], 'pet_breed_id': 5, 'pet_level': 1, 'pet_quality_id': 2, 'pet_species_id': 2475}"
1758479847,VERY_LONG,19095900,1,,,{'id': 139398}
1758479849,LONG,,1,843989700,793350300,"{'id': 82800, 'context': 0, 'modifiers': [{'type': 6, 'value': 8409}], 'pet_breed_id': 10, 'pet_level': 1, 'pet_quality_id': 3, 'pet_species_id': 172}"
1758479850,VERY_LONG,,1,1445624000,1301061600,"{'id': 15727, 'context': 0}"
1758479852,VERY_LONG,,1,9299000,8369100,"{'id': 121210, 'context': 0, 'bonus_lists': [6654, 1698], 'modifiers': [{'type': 9, 'value': 45}, {'type': 28, 'value': 1172}]}"
1758479853,LONG,,1,42450000,39903000,"{'id': 82800, 'context': 0, 'modifiers': [{'type': 6, 'value': 90176}], 'pet_breed_id': 15, 'pet_level': 1, 'pet_quality_id': 3, 'pet_species_id': 2553}"
1758479854,VERY_LONG,,1,17854400,16069000,"{'id': 106446, 'context': 0, 'bonus_lists': [6654, 36], 'modifiers': [{'type': 9, 'value': 50}, {'type': 28, 'value': 1764}]}"
1758479856,LONG,,1,280380000,263557200,"{'id': 82800, 'context': 0, 'modifiers': [{'type': 6, 'value': 99864}], 'pet_breed_id': 13, 'pet_level': 1, 'pet_quality_id': 2, 'pet_species_id': 2965}"
1758479860,VERY_LONG,,1,4549900,4094900,"{'id': 55491, 'context': 2, 'bonus_lists': [6654, 1684], 'modifiers': [{'type': 9, 'value': 35}, {'type': 28, 'value': 1114}]}"
1758479861,LONG,,1,175000000,164500000,"{'id': 82800, 'context': 0, 'modifiers': [{'type': 6, 'value': 80467}], 'pet_breed_id': 4, 'pet_level': 25, 'pet_quality_id': 2, 'pet_species_id': 2428}"
1758479866,VERY_LONG,,1,10103100,9092800,"{'id': 7539, 'context': 1, 'bonus_lists': [6654, 1692], 'modifiers': [{'type': 9, 'value': 30}, {'type': 28, 'value': 282}]}"
1758479868,LONG,,1,51650000,48551000,"{'id': 82800, 'context': 0, 'modifiers': [{'type': 6, 'value': 28501}], 'pet_breed_id': 9, 'pet_level': 1, 'pet_quality_id': 3, 'pet_species_id': 165}"
1758479870,VERY_LONG,,1,5545700,4991100,"{'id': 9965, 'context': 1, 'bonus_lists': [6654, 1708], 'modifiers': [{'type': 9, 'value': 30}, {'type': 28, 'value': 282}]}"
1758479872,LONG,,1,236000000,221840000,"{'id': 82800, 'context': 0, 'modifiers': [{'type': 6, 'value': 36499}], 'pet_breed_id': 10, 'pet_level': 1, 'pet_quality_id': 2, 'pet_species_id': 271}"
1758479875,VERY_LONG,,1,23791600,21412400,"{'id': 24593, 'context': 1, 'bonus_lists': [6654, 1692], 'modifiers': [{'type': 9, 'value': 30}, {'type': 28, 'value': 221}]}"
1758479878,VERY_LONG,,1,182722000,164449800,"{'id': 118896, 'context': 0, 'bonus_lists': [6660], 'modifiers': [{'type': 9, 'value': 40}, {'type': 28, 'value': 176}]}"
1758479879,LONG,,1,325999400,306439400,"{'id': 82800, 'context': 0, 'modifiers': [{'type': 6, 'value': 90874}], 'pet_breed_id': 6, 'pet_level': 1, 'pet_quality_id': 3, 'pet_species_id': 2718}"
1758479884,VERY_LONG,,1,10292500,9263300,"{'id': 82217, 'context': 0, 'bonus_lists': [6655, 1700], 'modifiers': [{'type': 9, 'value': 35}, {'type': 28, 'value': 173}]}"
1758479885,LONG,,1,34500000,32430000,"{'id': 82800, 'context': 0, 'modifiers': [{'type': 6, 'value': 79637}], 'pet_breed_id': 15, 'pet_level': 1, 'pet_quality_id': 3, 'pet_species_id': 2082}"
1758479887,VERY_LONG,,1,5424500,4882100,"{'id': 82204, 'context': 0, 'bonus_lists': [6654, 1681], 'modifiers': [{'type': 9, 'value': 35}, {'type': 28, 'value': 173}]}"
1758479891,LONG,,1,147090000,138264600,"{'id': 82800, 'context': 0, 'modifiers': [{'type': 6, 'value': 99909}], 'pet_breed_id': 6, 'pet_level': 1, 'pet_quality_id': 2, 'pet_species_id': 2896}"
1758479893,VERY_LONG,,1,16856500,15170900,"{'id': 106429, 'context': 0, 'bonus_lists': [6654, 105], 'modifiers': [{'type': 9, 'value': 50}, {'type': 28, 'value': 1764}]}"
1758479898,LONG,,1,36012700,33851900,"{'id': 82800, 'context': 0, 'modifiers': [{'type': 6, 'value': 61894}], 'pet_breed_id': 11, 'pet_level': 1, 'pet_quality_id': 3, 'pet_species_id': 1629}"
1758479901,LONG,,1,79980000,75181200,"{'id': 82800, 'context': 0, 'modifiers': [{'type': 6, 'value': 88019}], 'pet_breed_id': 11, 'pet_level': 1, 'pet_quality_id': 3, 'pet_species_id': 2696}"
1758479906,LONG,,1,125490000,117960600,"{'id': 82800, 'context': 0, 'modifiers': [{'type': 6, 'value': 91656}], 'pet_breed_id': 10, 'pet_level': 1, 'pet_quality_id': 3, 'pet_species_id': 2721}"
1758479910,LONG,,1,956000000,898640000,"{'id': 82800, 'context': 0, 'modifiers': [{'type': 6, 'value': 91024}], 'pet_breed_id': 18, 'pet_level': 25, 'pet_quality_id': 3, 'pet_species_id': 2690}"
1758479913,LONG,,1,211834500,199124400,"{'id': 82800, 'context': 0, 'modifiers': [{'type': 6, 'value': 51268}], 'pet_breed_id': 4, 'pet_level': 2, 'pet_quality_id': 3, 'pet_species_id': 1322}"
1758479915,LONG,,1,298000000,280120000,"{'id': 82800, 'context': 0, 'modifiers': [{'type': 6, 'value': 87976}], 'pet_breed_id': 7, 'pet_level': 1, 'pet_quality_id': 3, 'pet_species_id': 2443}"
1758479918,LONG,,1,366000000,344040000,"{'id': 82800, 'context': 0, 'modifiers': [{'type': 6, 'value': 99857}], 'pet_breed_id': 6, 'pet_level': 1, 'pet_quality_id': 2, 'pet_species_id': 2945}"
1758479921,LONG,,1,236000000,221840000,"{'id': 82800, 'context': 0, 'modifiers': [{'type': 6, 'value': 97518}], 'pet_breed_id': 10, 'pet_level': 1, 'pet_quality_id': 2, 'pet_species_id': 2910}"
1758479924,LONG,,1,66252300,62277200,"{'id': 82800, 'context': 0, 'modifiers': [{'type': 6, 'value': 27678}], 'pet_breed_id': 12, 'pet_level': 1, 'pet_quality_id': 3, 'pet_species_id': 335}"
1758479928,LONG,,1,106000000,99640000,"{'id': 82800, 'context': 0, 'modifiers': [{'type': 6, 'value': 29808}], 'pet_breed_id': 21, 'pet_level': 1, 'pet_quality_id': 2, 'pet_species_id': 238}"
1758479934,LONG,,1,85490000,80360600,"{'id': 82800, 'context': 0, 'modifiers': [{'type': 6, 'value': 91021}], 'pet_breed_id': 14, 'pet_level': 1, 'pet_quality_id': 3, 'pet_species_id': 2691}"
1758479937,LONG,,1,428134500,402446400,"{'id': 82800, 'context': 0, 'modifiers': [{'type': 6, 'value': 90993}], 'pet_breed_id': 7, 'pet_level': 1, 'pet_quality_id': 3, 'pet_species_id': 2707}"
1758479941,LONG,,1,48990900,46051400,"{'id': 82800, 'context': 0, 'modifiers': [{'type': 6, 'value': 31722}], 'pet_breed_id': 3, 'pet_level': 1, 'pet_quality_id': 3, 'pet_species_id': 253}"
1758479946,LONG,,1,17000000,15980000,"{'id': 82800, 'context': 0, 'modifiers': [{'type': 6, 'value': 59578}], 'pet_breed_id': 14, 'pet_level': 1, 'pet_quality_id': 3, 'pet_species_id': 1530}"
1758479950,LONG,,1,365000000,343100000,"{'id': 82800, 'context': 0, 'modifiers': [{'type': 6, 'value': 78849}], 'pet_breed_id': 5, 'pet_level': 1, 'pet_quality_id': 3, 'pet_species_id': 2577}"
1758479954,LONG,,1,50000000,47000000,"{'id': 82800, 'context': 0, 'modifiers': [{'type': 6, 'value': 48856}], 'pet_breed_id': 4, 'pet_level': 1, 'pet_quality_id': 3, 'pet_species_id': 1228}"
1758479959,LONG,,1,80990000,76130600,"{'id': 82800, 'context': 0, 'modifiers': [{'type': 6, 'value': 29807}], 'pet_breed_id': 18, 'pet_level': 1, 'pet_quality_id': 2, 'pet_species_id': 233}"
1758479963,LONG,,1,31000000,29140000,"{'id': 82800, 'context': 0, 'modifiers': [{'type': 6, 'value': 59038}], 'pet_breed_id': 8, 'pet_level': 1, 'pet_quality_id': 3, 'pet_species_id': 1568}"
1758479967,LONG,,1,147480000,138631200,"{'id': 82800, 'context': 0, 'modifiers': [{'type': 6, 'value': 15470}], 'pet_breed_id': 18, 'pet_level': 1, 'pet_quality_id': 2, 'pet_species_id': 207}"
1758479972,LONG,,1,98000000,92120000,"{'id': 82800, 'context': 0, 'modifiers': [{'type': 6, 'value': 80414}], 'pet_breed_id': 3, 'pet_level': 1, 'pet_quality_id': 2, 'pet_species_id': 2409}"
1758479974,VERY_LONG,,1,8172100,7354900,"{'id': 7479, 'context': 1, 'bonus_lists': [6654, 1709], 'modifiers': [{'type': 9, 'value': 30}, {'type': 28, 'value': 214}]}"
1758479975,LONG,,1,55490000,52160600,"{'id': 82800, 'context': 0, 'modifiers': [{'type': 6, 'value': 87895}], 'pet_breed_id': 17, 'pet_level': 1, 'pet_quality_id': 3, 'pet_species_id': 2436}"
1758479976,VERY_LONG,,1,9537700,8583900,"{'id': 116495, 'context': 0, 'bonus_lists': [6655, 25], 'modifiers': [{'type': 9, 'value': 50}, {'type': 28, 'value': 1764}]}"
1758479982,VERY_LONG,,1,392137000,352923300,"{'id': 78238, 'context': 14}"
1758479983,LONG,,1,27990000,26310600,"{'id': 82800, 'context': 0, 'modifiers': [{'type': 6, 'value': 90142}], 'pet_breed_id': 9, 'pet_level': 1, 'pet_quality_id': 3, 'pet_species_id': 2550}"
1758479989,VERY_LONG,,1,4822700,4340400,"{'id': 55430, 'context': 5, 'bonus_lists': [1680]}"
1758479991,LONG,,1,50703400,47661200,"{'id': 82800, 'context': 0, 'modifiers': [{'type': 6, 'value': 48001}], 'pet_breed_id': 13, 'pet_level': 1, 'pet_quality_id': 3, 'pet_species_id': 1202}"
1758479993,VERY_LONG,,1,22738900,20465000,"{'id': 55359, 'context': 5, 'bonus_lists': [1699]}"
1758479994,LONG,,1,342000000,321480000,"{'id': 82800, 'context': 0, 'modifiers': [{'type': 6, 'value': 83641}], 'pet_breed_id': 3, 'pet_level': 1, 'pet_quality_id': 2, 'pet_species_id': 2416}"
1758479998,VERY_LONG,,1,36846400,33161800,"{'id': 116511, 'context': 0, 'bonus_lists': [6655, 216], 'modifiers': [{'type': 9, 'value': 50}, {'type': 28, 'value': 1764}]}"
1758480002,VERY_LONG,,1,17118900,15407000,"{'id': 55329, 'context': 5, 'bonus_lists': [6655, 1715], 'modifiers': [{'type': 9, 'value': 50}]}"
1758480003,LONG,,1,148980000,140041200,"{'id': 82800, 'context': 0, 'modifiers': [{'type': 6, 'value': 78161}], 'pet_breed_id': 8, 'pet_level': 1, 'pet_quality_id': 2, 'pet_species_id': 2418}"
1758480006,VERY_LONG,,1,39690000,35721000,"{'id': 169433, 'context': 0, 'bonus_lists': [6654, 1698], 'modifiers': [{'type': 9, 'value': 50}, {'type': 28, 'value': 690}]}"
1758480009,LONG,,1,51350000,48269000,"{'id': 82800, 'context': 0, 'modifiers': [{'type': 6, 'value': 47732}], 'pet_breed_id': 9, 'pet_level': 1, 'pet_quality_id': 3, 'pet_species_id': 1185}"
1758480011,VERY_LONG,,1,51603700,46443300,"{'id': 116503, 'context': 22, 'bonus_lists': [6655, 96], 'modifiers': [{'type': 9, 'value': 40}, {'type': 28, 'value': 1142}]}"
1758480015,LONG,,1,13200000,12408000,"{'id': 82800, 'context': 0, 'modifiers': [{'type': 6, 'value': 61889}], 'pet_breed_id': 19, 'pet_level': 1, 'pet_quality_id': 3, 'pet_species_id': 1627}"
1758480016,VERY_LONG,,1,14033500,12630200,"{'id': 116501, 'context': 0, 'bonus_lists': [6655, 199], 'modifiers': [{'type': 9, 'value': 50}, {'type': 28, 'value': 1764}]}"
1758480017,LONG,,1,342000000,321480000,"{'id': 82800, 'context': 0, 'modifiers': [{'type': 6, 'value': 76624}], 'pet_breed_id': 7, 'pet_level': 1, 'pet_quality_id': 2, 'pet_species_id': 2423}"
1758480018,VERY_LONG,,1,13125200,11812700,"{'id': 36584, 'context': 0, 'bonus_lists': [6655, 1709], 'modifiers': [{'type': 9, 'value': 30}, {'type': 28, 'value': 1024}]}"
1758480022,VERY_LONG,,1,6700900,6030800,"{'id': 7546, 'context': 1, 'bonus_lists': [6654, 1707], 'modifiers': [{'type': 9, 'value': 30}, {'type': 28, 'value': 282}]}"
1758480023,LONG,,1,87800000,82532000,"{'id': 82800, 'context': 0, 'modifiers': [{'type': 6, 'value': 21393}], 'pet_breed_id': 16, 'pet_level': 1, 'pet_quality_id': 2, 'pet_species_id': 159}"
1758480025,VERY_LONG,,1,4245200,3820700,"{'id': 36178, 'context': 0, 'bonus_lists': [6654, 1706], 'modifiers': [{'type': 9, 'value': 30}, {'type': 28, 'value': 1024}]}"
1758480027,LONG,,1,17430000,16384200,"{'id': 82800, 'context': 0, 'modifiers': [{'type': 6, 'value': 28217}], 'pet_breed_id': 7, 'pet_level': 2, 'pet_quality_id': 2, 'pet_species_id': 196}"
1758480029,VERY_LONG,,1,4245200,3820700,"{'id': 36178, 'context': 0, 'bonus_lists': [6654, 1709], 'modifiers': [{'type': 9, 'value': 30}, {'type': 28, 'value': 1024}]}"
1758480031,LONG,,1,85490000,80360600,"{'id': 82800, 'context': 0, 'modifiers': [{'type': 6, 'value': 99871}], 'pet_breed_id': 7, 'pet_level': 1, 'pet_quality_id': 2, 'pet_species_id': 3030}"
1758480033,VERY_LONG,,1,577719500,519947600,"{'id': 78234, 'context': 14}"
1758480034,LONG,,1,106000000,99640000,"{'id': 82800, 'context': 0, 'modifiers': [{'type': 6, 'value': 68845}], 'pet_breed_id': 3, 'pet_level': 1, 'pet_quality_id': 3, 'pet_species_id': 1929}"
1758480035,VERY_LONG,,1,70694200,63624800,"{'id': 116177, 'context': 13, 'bonus_lists': [210, 525, 536]}"
1758480039,LONG,,1,58995100,55455400,"{'id': 82800, 'context': 0, 'pet_breed_id': 19, 'pet_level': 1, 'pet_quality_id': 2, 'pet_species_id': 3045}"
1758480040,VERY_LONG,,1,3204000,2883600,"{'id': 10060, 'context': 1, 'bonus_lists': [6654, 1679], 'modifiers': [{'type': 9, 'value': 30}, {'type': 28, 'value': 282}]}"
1758480043,VERY_LONG,,1,4901200,4411100,"{'id': 106485, 'context': 0, 'bonus_lists': [6654, 123], 'modifiers': [{'type': 9, 'value': 50}, {'type': 28, 'value': 1764}]}"
1758480044,LONG,,1,40000000,37600000,"{'id': 82800, 'context': 0, 'modifiers': [{'type': 6, 'value': 44655}], 'pet_breed_id': 8, 'pet_level': 1, 'pet_quality_id': 3, 'pet_species_id': 650}"
1758480048,VERY_LONG,,1,1858900,1673000,"{'id': 36284, 'context': 0, 'bonus_lists': [6654, 1709], 'modifiers': [{'type': 9, 'value': 30}, {'type': 28, 'value': 1024}]}"
1758480050,VERY_LONG,,1,1858900,1673000,"{'id': 36284, 'context': 0, 'bonus_lists': [6654, 1709], 'modifiers': [{'type': 9, 'value': 30}, {'type': 28, 'value': 1024}]}"
1758480053,LONG,,1,96990000,91170600,"{'id': 82800, 'context': 0, 'modifiers': [{'type': 6, 'value': 84863}], 'pet_breed_id': 10, 'pet_level': 1, 'pet_quality_id': 2, 'pet_species_id': 2413}"
1758480056,LONG,,1,156090000,146724600,"{'id': 82800, 'context': 0, 'modifiers': [{'type': 6, 'value': 84857}], 'pet_breed_id': 17, 'pet_level': 1, 'pet_quality_id': 2, 'pet_species_id': 2412}"
1758480062,LONG,,1,310000000,291400000,"{'id': 82800, 'context': 0, 'modifiers': [{'type': 6, 'value': 99890}], 'pet_breed_id': 13, 'pet_level': 1, 'pet_quality_id': 2, 'pet_species_id': 2903}"
1758480064,LONG,,1,61940000,58223600,"{'id': 82800, 'context': 0, 'modifiers': [{'type': 6, 'value': 27681}], 'pet_breed_id': 10, 'pet_level': 1, 'pet_quality_id': 2, 'pet_species_id': 126}"
1758480068,LONG,,1,98490000,92580600,"{'id': 82800, 'context': 0, 'modifiers': [{'type': 6, 'value': 99923}], 'pet_breed_id': 8, 'pet_level': 1, 'pet_quality_id': 2, 'pet_species_id': 3034}"
1758480072,LONG,,1,184000000,172960000,"{'id': 82800, 'context': 0, 'modifiers': [{'type': 6, 'value': 91027}], 'pet_breed_id': 8, 'pet_level': 1, 'pet_quality_id': 2, 'pet_species_id': 2689}"
1758480074,LONG,,1,152499400,143349400,"{'id': 82800, 'context': 0, 'modifiers': [{'type': 6, 'value': 80254}], 'pet_breed_id': 4, 'pet_level': 1, 'pet_quality_id': 3, 'pet_species_id': 2756}"
1758480076,LONG,,1,88024000,82742600,"{'id': 82800, 'context': 0, 'modifiers': [{'type': 6, 'value': 91219}], 'pet_breed_id': 13, 'pet_level': 1, 'pet_quality_id': 3, 'pet_species_id': 2765}"
1758480079,LONG,,1,139000100,130660100,"{'id': 82800, 'context': 0, 'modifiers': [{'type': 6, 'value': 92073}], 'pet_breed_id': 7, 'pet_level': 1, 'pet_quality_id': 3, 'pet_species_id': 2755}"
1758480082,LONG,,1,80490000,75660600,"{'id': 82800, 'context': 0, 'modifiers': [{'type': 6, 'value': 54855}], 'pet_breed_id': 18, 'pet_level': 1, 'pet_quality_id': 3, 'pet_species_id': 1542}"
1758480087,LONG,,1,49990000,46990600,"{'id': 82800, 'context': 0, 'modifiers': [{'type': 6, 'value': 83052}], 'pet_breed_id': 16, 'pet_level': 1, 'pet_quality_id': 2, 'pet_species_id': 2429}"
1758480088,LONG,,1,112778300,106011600,"{'id': 82800, 'context': 0, 'modifiers': [{'type': 6, 'value': 51267}], 'pet_breed_id': 16, 'pet_level': 1, 'pet_quality_id': 3, 'pet_species_id': 1332}"
1758480090,LONG,,1,37500000,35250000,"{'id': 82800, 'context': 0, 'modifiers': [{'type': 6, 'value': 58613}], 'pet_breed_id': 13, 'pet_level': 1, 'pet_quality_id': 3, 'pet_species_id': 1577}"
1758480092,VERY_LONG,49767600,16,,,{'id': 136558}
1758480094,LONG,,1,42555000,40001700,"{'id': 82800, 'context': 0, 'modifiers': [{'type': 6, 'value': 91250}], 'pet_breed_id': 19, 'pet_level': 1, 'pet_quality_id': 3, 'pet_species_id': 2757}"
1758480095,VERY_LONG,,1,7895300,7105800,"{'id': 55428, 'context': 2, 'bonus_lists': [6655, 1678], 'modifiers': [{'type': 9, 'value': 35}, {'type': 28, 'value': 1114}]}"
1758480098,LONG,,1,27000000,25380000,"{'id': 82800, 'context': 0, 'modifiers': [{'type': 6, 'value': 95174}], 'pet_breed_id': 7, 'pet_level': 1, 'pet_quality_id': 3, 'pet_species_id': 2834}"
1758480099,VERY_LONG,,1,96148700,86533800,"{'id': 116470, 'context': 22, 'bonus_lists': [6655, 101], 'modifiers': [{'type': 9, 'value': 40}, {'type': 28, 'value': 1144}]}"
1758480100,LONG,,1,70000000,65800000,"{'id': 82800, 'context': 0, 'modifiers': [{'type': 6, 'value': 99876}], 'pet_breed_id': 14, 'pet_level': 1, 'pet_quality_id': 3, 'pet_species_id': 2898}"
1758480101,VERY_LONG,,1,10274200,9246800,"{'id': 87496, 'context': 0, 'bonus_lists': [6658], 'modifiers': [{'type': 9, 'value': 35}, {'type': 28, 'value': 173}]}"
1758480103,VERY_LONG,,1,7957600,7161800,"{'id': 36416, 'context': 0, 'bonus_lists': [6654, 1709], 'modifiers': [{'type': 9, 'value': 30}, {'type': 28, 'value': 1016}]}"
1758480104,LONG,,1,45000000,42300000,"{'id': 82800, 'context': 0, 'modifiers': [{'type': 6, 'value': 23000}], 'pet_breed_id': 7, 'pet_level': 1, 'pet_quality_id': 3, 'pet_species_id': 2547}"
1758480106,VERY_LONG,,1,27852600,25067300,"{'id': 55393, 'context': 36, 'bonus_lists': [1684, 4767], 'modifiers': [{'type': 9, 'value': 50}]}"
1758480108,LONG,,1,282600000,265644000,"{'id': 82800, 'context': 0, 'modifiers': [{'type': 6, 'value': 45957}], 'pet_breed_id': 3, 'pet_level': 1, 'pet_quality_id': 3, 'pet_species_id': 848}"
1758480112,VERY_LONG,,1,8946000,8051400,"{'id': 36528, 'context': 0, 'bonus_lists': [6655, 1677], 'modifiers': [{'type': 9, 'value': 30}, {'type': 28, 'value': 1016}]}"
1758480114,LONG,,1,329000000,309260000,"{'id': 82800, 'context': 0, 'modifiers': [{'type': 6, 'value': 95581}], 'pet_breed_id': 21, 'pet_level': 1, 'pet_quality_id': 2, 'pet_species_id': 2915}"
1758480117,LONG,,1,82457900,77510400,"{'id': 82800, 'context': 0, 'modifiers': [{'type': 6, 'value': 86532}], 'pet_breed_id': 15, 'pet_level': 1, 'pet_quality_id': 3, 'pet_species_id': 2794}"
1758480119,VERY_LONG,,1,6320700,5688600,"{'id': 176981, 'context': 1, 'bonus_lists': [6907, 6652, 1685], 'modifiers': [{'type': 9, 'value': 60}, {'type': 28, 'value': 747}]}"
1758480120,LONG,,1,162669400,152909200,"{'id': 82800, 'context': 0, 'modifiers': [{'type': 6, 'value': 99860}], 'pet_breed_id': 22, 'pet_level': 1, 'pet_quality_id': 2, 'pet_species_id': 2947}"
1758480121,VERY_LONG,,1,2364500,2128100,"{'id': 36693, 'context': 0, 'bonus_lists': [6655, 1693], 'modifiers': [{'type': 9, 'value': 30}, {'type': 28, 'value': 1023}]}"
1758480124,LONG,,1,432999400,407019400,"{'id': 82800, 'context': 0, 'modifiers': [{'type': 6, 'value': 95148}], 'pet_breed_id': 16, 'pet_level': 1, 'pet_quality_id': 3, 'pet_species_id': 2852}"
1758480125,VERY_LONG,,1,5475100,4927600,"{'id': 8118, 'context': 1, 'bonus_lists': [6654], 'modifiers': [{'type': 9, 'value': 30}, {'type': 28, 'value': 282}]}"
1758480128,VERY_LONG,,1,107113900,96402500,"{'id': 116476, 'context': 22, 'bonus_lists': [6655, 104], 'modifiers': [{'type': 9, 'value': 40}, {'type': 28, 'value': 1144}]}"
1758480130,LONG,,1,466000000,438040000,"{'id': 82800, 'context': 0, 'modifiers': [{'type': 6, 'value': 95146}], 'pet_breed_id': 8, 'pet_level': 1, 'pet_quality_id': 3, 'pet_species_id': 2850}"
1758480133,LONG,,1,436000000,409840000,"{'id': 82800, 'context': 0, 'modifiers': [{'type': 6, 'value': 98467}], 'pet_breed_id': 19, 'pet_level': 1, 'pet_quality_id': 2, 'pet_species_id': 2954}"
1758480138,LONG,,1,362000000,340280000,"{'id': 82800, 'context': 0, 'modifiers': [{'type': 6, 'value': 49084}], 'pet_breed_id': 10, 'pet_level': 25, 'pet_quality_id': 3, 'pet_species_id': 1256}"
1758480142,LONG,,1,59000000,55460000,"{'id': 82800, 'context': 0, 'modifiers': [{'type': 6, 'value': 57803}], 'pet_breed_id': 17, 'pet_level': 1, 'pet_quality_id': 3, 'pet_species_id': 1428}"
1758480148,LONG,,1,77294300,72656600,"{'id': 82800, 'context': 0, 'modifiers': [{'type': 6, 'value': 91810}], 'pet_breed_id': 18, 'pet_level': 1, 'pet_quality_id': 3, 'pet_species_id': 2835}"
1758480152,LONG,,1,67990000,63910600,"{'id': 82800, 'context': 0, 'modifiers': [{'type': 6, 'value': 38229}], 'pet_breed_id': 18, 'pet_level': 25, 'pet_quality_id': 3, 'pet_species_id': 309}"
1758480159,LONG,,1,79500000,74730000,"{'id': 82800, 'context': 0, 'modifiers': [{'type': 6, 'value': 74423}], 'pet_breed_id': 21, 'pet_level': 1, 'pet_quality_id': 3, 'pet_species_id': 2081}"
1758480163,LONG,,1,36200100,34028100,"{'id': 82800, 'context': 0, 'modifiers': [{'type': 6, 'value': 90029}], 'pet_breed_id': 5, 'pet_level': 1, 'pet_quality_id': 3, 'pet_species_id': 2539}"
1758480167,LONG,,1,73090000,68704600,"{'id': 82800, 'context': 0, 'modifiers': [{'type': 6, 'value': 69488}], 'pet_breed_id': 21, 'pet_level': 1, 'pet_quality_id': 3, 'pet_species_id': 1701}"
1758480169,LONG,,1,50015400,47014500,"{'id': 82800, 'context': 0, 'modifiers': [{'type': 6, 'value': 71828}], 'pet_breed_id': 10, 'pet_level': 1, 'pet_quality_id': 3, 'pet_species_id': 1920}"
1758480171,LONG,,1,39280000,36923200,"{'id': 82800, 'context': 0, 'modifiers': [{'type': 6, 'value': 61891}], 'pet_breed_id': 12, 'pet_level': 1, 'pet_quality_id': 3, 'pet_species_id': 1626}"
1758480177,VERY_LONG,,1,8620000,7758000,"{'id': 8107, 'context': 1, 'bonus_lists': [6654], 'modifiers': [{'type': 9, 'value': 30}, {'type': 28, 'value': 214}]}"
1758480179,LONG,,1,34490000,32420600,"{'id': 82800, 'context': 0, 'modifiers': [{'type': 6, 'value': 51413}], 'pet_breed_id': 7, 'pet_level': 1, 'pet_quality_id': 2, 'pet_species_id': 1321}"
1758480181,VERY_LONG,,1,11872500,10685300,"{'id': 36246, 'context': 1, 'bonus_lists': [6654, 1693], 'modifiers': [{'type': 9, 'value': 30}, {'type': 28, 'value': 238}]}"
1758480182,LONG,,1,79990000,75190600,"{'id': 82800, 'context': 0, 'modifiers': [{'type': 6, 'value': 97090}], 'pet_breed_id': 15, 'pet_level': 1, 'pet_quality_id': 2, 'pet_species_id': 3029}"
1758480184,VERY_LONG,,1,55923800,50331400,"{'id': 94043, 'context': 0, 'bonus_lists': [1692]}"
1758480186,LONG,,1,232908200,218933700,"{'id': 82800, 'context': 0, 'modifiers': [{'type': 6, 'value': 82003}], 'pet_breed_id': 8, 'pet_level': 1, 'pet_quality_id': 3, 'pet_species_id': 2575}"
1758480188,VERY_LONG,,1,12501500,11251400,"{'id': 106399, 'context': 0, 'bonus_lists': [6654, 97], 'modifiers': [{'type': 9, 'value': 50}, {'type': 28, 'value': 1764}]}"
1758480190,LONG,,1,316000000,297040000,"{'id': 82800, 'context': 0, 'modifiers': [{'type': 6, 'value': 99879}], 'pet_breed_id': 5, 'pet_level': 1, 'pet_quality_id': 2, 'pet_species_id': 2923}"
1758480192,VERY_LONG,,1,501206600,451085900,"{'id': 78242, 'context': 14}"
1758480194,LONG,,1,12000000,11280000,"{'id': 82800, 'context': 0, 'modifiers': [{'type': 6, 'value': 61890}], 'pet_breed_id': 7, 'pet_level': 1, 'pet_quality_id': 3, 'pet_species_id': 1625}"
1758480195,VERY_LONG,,1,6483500,5835200,"{'id': 36570, 'context': 0, 'bonus_lists': [6655, 1691], 'modifiers': [{'type': 9, 'value': 30}, {'type': 28, 'value': 1024}]}"
1758480200,VERY_LONG,,1,9266200,8339600,"{'id': 106579, 'context': 0, 'bonus_lists': [6654, 126], 'modifiers': [{'type': 9, 'value': 50}, {'type': 28, 'value': 1764}]}"
1758480201,LONG,,1,324000000,304560000,"{'id': 82800, 'context': 0, 'modifiers': [{'type': 6, 'value': 47708}], 'pet_breed_id': 4, 'pet_level': 1, 'pet_quality_id': 3, 'pet_species_id': 1183}"
1758480203,VERY_LONG,,1,2454200,2208800,"{'id': 36287, 'context': 0, 'bonus_lists': [6654, 1678], 'modifiers': [{'type': 9, 'value': 30}, {'type': 28, 'value': 1024}]}"
1758480205,LONG,,1,139419300,131054100,"{'id': 82800, 'context': 0, 'modifiers': [{'type': 6, 'value': 70232}], 'pet_breed_id': 3, 'pet_level': 6, 'pet_quality_id': 3, 'pet_species_id': 229}"
1758480206,VERY_LONG,,1,17098700,15388800,"{'id': 43297, 'context': 0, 'modifiers': [{'type': 28, 'value': 1023}]}"
1758480207,LONG,,1,13509900,12699300,"{'id': 82800, 'context': 0, 'modifiers': [{'type': 6, 'value': 47859}], 'pet_breed_id': 12, 'pet_level': 1, 'pet_quality_id': 3, 'pet_species_id': 2582}"
1758480210,VERY_LONG,,1,6387000,5748300,"{'id': 8255, 'context': 1, 'bonus_lists': [6654], 'modifiers': [{'type': 9, 'value': 30}, {'type': 28, 'value': 282}]}"
1758480211,LONG,,1,19990000,18790600,"{'id': 82800, 'context': 0, 'modifiers': [{'type': 6, 'value': 88034}], 'pet_breed_id': 11, 'pet_level': 1, 'pet_quality_id': 3, 'pet_species_id': 2461}"
1758480212,LONG,,1,69900000,65706000,"{'id': 82800, 'context': 0, 'modifiers': [{'type': 6, 'value': 2176}], 'pet_breed_id': 7, 'pet_level': 1, 'pet_quality_id': 2, 'pet_species_id': 127}"
1758480215,LONG,,1,271989500,255670100,"{'id': 82800, 'context': 0, 'modifiers': [{'type': 6, 'value': 78989}], 'pet_breed_id': 8, 'pet_level': 1, 'pet_quality_id': 2, 'pet_species_id': 2077}"
1758480217,LONG,,1,956000000,898640000,"{'id': 82800, 'context': 0, 'modifiers': [{'type': 6, 'value': 99928}], 'pet_breed_id': 5, 'pet_level': 1, 'pet_quality_id': 2, 'pet_species_id': 2964}"
1758480218,LONG,,1,19839700,18649300,"{'id': 82800, 'context': 0, 'modifiers': [{'type': 6, 'value': 28216}], 'pet_breed_id': 11, 'pet_level': 1, 'pet_quality_id': 3, 'pet_species_id': 198}"
1758480220,LONG,,1,48990000,46050600,"{'id': 82800, 'context': 0, 'modifiers': [{'type': 6, 'value': 6288}], 'pet_breed_id': 18, 'pet_level': 1, 'pet_quality_id': 3, 'pet_species_id': 56}"
1758480222,LONG,,1,57850000,54379000,"{'id': 82800, 'context': 0, 'modifiers': [{'type': 6, 'value': 99851}], 'pet_breed_id': 13, 'pet_level': 1, 'pet_quality_id': 2, 'pet_species_id': 2918}"
1758480226,LONG,,1,30000000,28200000,"{'id': 82800, 'context': 0, 'modifiers': [{'type': 6, 'value': 99869}], 'pet_breed_id': 22, 'pet_level': 1, 'pet_quality_id': 2, 'pet_species_id': 3027}"
1758480228,LONG,,1,94740000,89055600,"{'id': 82800, 'context': 0, 'modifiers': [{'type': 6, 'value': 23507}], 'pet_breed_id': 7, 'pet_level': 1, 'pet_quality_id': 3, 'pet_species_id': 173}"
1758480229,LONG,,1,67000000,62980000,"{'id': 82800, 'context': 0, 'modifiers': [{'type': 6, 'value': 23506}], 'pet_breed_id': 3, 'pet_level': 1, 'pet_quality_id': 3, 'pet_species_id': 174}"
1758480231,LONG,,1,66464300,62476400,"{'id': 82800, 'context': 0, 'modifiers': [{'type': 6, 'value': 63447}], 'pet_breed_id': 18, 'pet_level': 1, 'pet_quality_id': 3, 'pet_species_id': 1661}"
1758480237,LONG,,1,396000000,372240000,"{'id': 82800, 'context': 0, 'modifiers': [{'type': 6, 'value': 99865}], 'pet_breed_id': 11, 'pet_level': 1, 'pet_quality_id': 2, 'pet_species_id': 2917}"
1758480242,LONG,,1,550000000,517000000,"{'id': 82800, 'context': 0, 'modifiers': [{'type': 6, 'value': 48704}], 'pet_breed_id': 8, 'pet_level': 1, 'pet_quality_id': 3, 'pet_species_id': 1243}"
1758480245,LONG,,1,45000000,42300000,"{'id': 82800, 'context': 0, 'modifiers': [{'type': 6, 'value': 100928}], 'pet_breed_id': 20, 'pet_level': 1, 'pet_quality_id': 2, 'pet_species_id': 3028}"
1758480250,LONG,,1,148980000,140041200,"{'id': 82800, 'context': 0, 'modifiers': [{'type': 6, 'value': 69092}], 'pet_breed_id': 12, 'pet_level': 1, 'pet_quality_id': 2, 'pet_species_id': 2408}"
1758480256,LONG,,1,53980000,50741200,"{'id': 82800, 'context': 0, 'modifiers': [{'type': 6, 'value': 88016}], 'pet_breed_id': 10, 'pet_level': 1, 'pet_quality_id': 3, 'pet_species_id': 2455}"
1758480258,LONG,,1,363990000,342150600,"{'id': 82800, 'context': 0, 'modifiers': [{'type': 6, 'value': 86135}], 'pet_breed_id': 8, 'pet_level': 1, 'pet_quality_id': 2, 'pet_species_id': 2189}"
1758480264,LONG,,1,36480000,34291200,"{'id': 82800, 'context': 0, 'modifiers': [{'type': 6, 'value': 58768}], 'pet_breed_id': 16, 'pet_level': 1, 'pet_quality_id': 3, 'pet_species_id': 1571}"
1758480268,LONG,,1,88700000,83378000,"{'id': 82800, 'context': 0, 'modifiers': [{'type': 6, 'value': 78240}], 'pet_breed_id': 19, 'pet_level': 1, 'pet_quality_id': 3, 'pet_species_id': 2693}"
1758480273,LONG,,1,248000000,233120000,"{'id': 82800, 'context': 0, 'modifiers': [{'type': 6, 'value': 86231}], 'pet_breed_id': 3, 'pet_level': 1, 'pet_quality_id': 2, 'pet_species_id': 2192}"
1758480281,LONG,,1,106000000,99640000,"{'id': 82800, 'context': 0, 'modifiers': [{'type': 6, 'value': 99866}], 'pet_breed_id': 19, 'pet_level': 1, 'pet_quality_id': 2, 'pet_species_id': 2916}"
1758480285,LONG,,1,45000000,42300000,"{'id': 82800, 'context': 0, 'modifiers': [{'type': 6, 'value': 51475}], 'pet_breed_id': 7, 'pet_level': 1, 'pet_quality_id': 3, 'pet_species_id': 1343}"
1758480287,LONG,,1,89480000,84111200,"{'id': 82800, 'context': 0, 'modifiers': [{'type': 6, 'value': 90030}], 'pet_breed_id': 3, 'pet_level': 1, 'pet_quality_id': 3, 'pet_species_id': 2540}"
1758480293,LONG,,1,106000000,99640000,"{'id': 82800, 'context': 0, 'modifiers': [{'type': 6, 'value': 99927}], 'pet_breed_id': 17, 'pet_level': 1, 'pet_quality_id': 2, 'pet_species_id': 2920}"
1758480299,LONG,,1,174000000,163560000,"{'id': 82800, 'context': 0, 'modifiers': [{'type': 6, 'value': 74794}], 'pet_breed_id': 21, 'pet_level': 1, 'pet_quality_id': 2, 'pet_species_id': 3066}"
1758480306,LONG,,1,33730000,31706200,"{'id': 82800, 'context': 0, 'modifiers': [{'type': 6, 'value': 72239}], 'pet_breed_id': 8, 'pet_level': 1, 'pet_quality_id': 3, 'pet_species_id': 1931}"
1758480312,VERY_LONG,,1,2221200,,"{'id': 36042, 'context': 0, 'bonus_lists': [6654, 1680], 'modifiers': [{'type': 9, 'value': 30}, {'type': 28, 'value': 1023}]}"
1758480316,VERY_LONG,,1,2221200,,"{'id': 36042, 'context': 0, 'bonus_lists': [6654, 1677], 'modifiers': [{'type': 9, 'value': 30}, {'type': 28, 'value': 1023}]}"
1758480357,VERY_LONG,,1,4102000,,"{'id': 36263, 'context': 0, 'bonus_lists': [6654, 1681], 'modifiers': [{'type': 9, 'value': 30}, {'type': 28, 'value': 1023}]}"
1758480405,LONG,150000,1,,,{'id': 153434}
1758480417,VERY_LONG,,1,5277500,,"{'id': 36265, 'context': 0, 'bonus_lists': [6654, 1708], 'modifiers': [{'type': 9, 'value': 30}, {'type': 28, 'value': 1023}]}"
1758480455,LONG,151900,16,,,{'id': 140587}
1758480499,VERY_LONG,,1,3508000,,"{'id': 36371, 'context': 0, 'bonus_lists': [6654, 1681], 'modifiers': [{'type': 9, 'value': 30}, {'type': 28, 'value': 1023}]}"
1758480508,LONG,395000,250,,,{'id': 30810}
1758480525,VERY_LONG,,1,1008400,,"{'id': 36066, 'context': 0, 'bonus_lists': [6654, 1680], 'modifiers': [{'type': 9, 'value': 30}, {'type': 28, 'value': 1024}]}"
1758480548,LONG,401500,21,,,{'id': 29739}
1758480621,VERY_LONG,,1,3500000,,"{'id': 36060, 'context': 0, 'bonus_lists': [6654, 1693], 'modifiers': [{'type': 9, 'value': 30}, {'type': 28, 'value': 1024}]}"
1758480624,VERY_LONG,12500,18,,,{'id': 172046}
1758480656,VERY_LONG,,1,3500000,,"{'id': 36062, 'context': 0, 'bonus_lists': [6654, 1695], 'modifiers': [{'type': 9, 'value': 30}, {'type': 28, 'value': 1024}]}"
1758480698,VERY_LONG,,1,3500000,,"{'id': 25002, 'context': 1, 'bonus_lists': [6654, 1694], 'modifiers': [{'type': 9, 'value': 50}, {'type': 28, 'value': 1893}]}"
1758480716,LONG,,1,100007600,,"{'id': 68788, 'context': 0}"
1758480734,VERY_LONG,2721900,4,,,{'id': 81055}
1758480777,VERY_LONG,3574200,5,,,{'id': 116119}
1758480884,LONG,,1,2500000,,"{'id': 176802, 'context': 0, 'bonus_lists': [6908, 6652, 1713], 'modifiers': [{'type': 9, 'value': 60}, {'type': 28, 'value': 1707}]}"
1758480930,VERY_LONG,,1,114240000,,"{'id': 173245, 'context': 66, 'bonus_lists': [6758, 7194, 1532]}"
1758480935,VERY_LONG,,1,114240000,,"{'id': 173245, 'context': 66, 'bonus_lists': [6758, 7194, 1532]}"
1758481130,VERY_LONG,250000,4,,,{'id': 38558}
1758481163,VERY_LONG,,1,109870000,,"{'id': 173241, 'context': 66, 'bonus_lists': [6758, 1532]}"
1758481189,VERY_LONG,,1,2506100,,"{'id': 109574, 'context': 14, 'modifiers': [{'type': 28, 'value': 302}]}"
1758481360,LONG,,1,199800,,"{'id': 21841, 'context': 0}"
1758481362,LONG,,1,199800,,"{'id': 21841, 'context': 0}"
1758481365,LONG,,1,199800,,"{'id': 21841, 'context': 0}"
1758481367,LONG,,1,199800,,"{'id': 21841, 'context': 0}"
1758481369,LONG,,1,199800,,"{'id': 21841, 'context': 0}"
1758481371,LONG,,1,199800,,"{'id': 21841, 'context': 0}"
1758481375,LONG,,1,199800,,"{'id': 21841, 'context': 0}"
1758481377,LONG,,1,199800,,"{'id': 21841, 'context': 0}"
1758481380,LONG,,1,199800,,"{'id': 21841, 'context': 0}"
1758481382,LONG,,1,199800,,"{'id': 21841, 'context': 0}"
1758481383,LONG,,1,199800,,"{'id': 21841, 'context': 0}"
1758481384,LONG,,1,199800,,"{'id': 21841, 'context': 0}"
1758481400,LONG,,1,9300000,,"{'id': 114821, 'context': 0}"
1758481403,LONG,,1,9300000,,"{'id': 114821, 'context': 0}"
1758481410,LONG,,1,9300000,,"{'id': 114821, 'context': 0}"
1758481413,LONG,,1,9300000,,"{'id': 114821, 'context': 0}"
1758481478,LONG,,1,55490000,52160600,"{'id': 82800, 'context': 0, 'modifiers': [{'type': 6, 'value': 87870}], 'pet_breed_id': 5, 'pet_level': 1, 'pet_quality_id': 3, 'pet_species_id': 2433}"
1758481480,LONG,,1,288000000,270720000,"{'id': 82800, 'context': 0, 'modifiers': [{'type': 6, 'value': 38473}], 'pet_breed_id': 14, 'pet_level': 1, 'pet_quality_id': 2, 'pet_species_id': 1517}"
1758481487,LONG,,1,42753600,40188400,"{'id': 82800, 'context': 0, 'modifiers': [{'type': 6, 'value': 48708}], 'pet_breed_id': 6, 'pet_level': 1, 'pet_quality_id': 3, 'pet_species_id': 1245}"
1758481490,LONG,,1,130000000,122200000,"{'id': 82800, 'context': 0, 'modifiers': [{'type': 6, 'value': 60875}], 'pet_breed_id': 5, 'pet_level': 1, 'pet_quality_id': 3, 'pet_species_id': 1495}"
1758481494,LONG,,1,305990000,287630600,"{'id': 82800, 'context': 0, 'modifiers': [{'type': 6, 'value': 80460}], 'pet_breed_id': 8, 'pet_level': 1, 'pet_quality_id': 2, 'pet_species_id': 2414}"
1758481495,LONG,,1,267774300,251707800,"{'id': 82800, 'context': 0, 'modifiers': [{'type': 6, 'value': 73707}], 'pet_breed_id': 3, 'pet_level': 1, 'pet_quality_id': 3, 'pet_species_id': 1967}"
1758481499,LONG,,1,201678100,189577400,"{'id': 82800, 'context': 0, 'modifiers': [{'type': 6, 'value': 45942}], 'pet_breed_id': 9, 'pet_level': 1, 'pet_quality_id': 3, 'pet_species_id': 868}"
1758481501,LONG,,1,344000000,323360000,"{'id': 82800, 'context': 0, 'modifiers': [{'type': 6, 'value': 47252}], 'pet_breed_id': 19, 'pet_level': 1, 'pet_quality_id': 3, 'pet_species_id': 2703}"
1758481503,LONG,,1,274000000,257560000,"{'id': 82800, 'context': 0, 'modifiers': [{'type': 6, 'value': 41833}], 'pet_breed_id': 19, 'pet_level': 14, 'pet_quality_id': 3, 'pet_species_id': 381}"
1758481510,LONG,,1,36000000,34000000,"{'id': 82800, 'context': 0, 'modifiers': [{'type': 6, 'value': 90525}], 'pet_breed_id': 13, 'pet_level': 1, 'pet_quality_id': 3, 'pet_species_id': 2697}"
1758481513,LONG,,1,85965200,80807300,"{'id': 82800, 'context': 0, 'modifiers': [{'type': 6, 'value': 99894}], 'pet_breed_id': 18, 'pet_level': 1, 'pet_quality_id': 2, 'pet_species_id': 2928}"
1758481515,LONG,,1,24000000,22560000,"{'id': 82800, 'context': 0, 'modifiers': [{'type': 6, 'value': 74513}], 'pet_breed_id': 22, 'pet_level': 1, 'pet_quality_id': 3, 'pet_species_id': 2001}"
1758481518,LONG,,1,169300000,159142000,"{'id': 82800, 'context': 0, 'modifiers': [{'type': 6, 'value': 38135}], 'pet_breed_id': 6, 'pet_level': 3, 'pet_quality_id': 2, 'pet_species_id': 289}"
1758481519,LONG,,1,80990000,76130600,"{'id': 82800, 'context': 0, 'modifiers': [{'type': 6, 'value': 68861}], 'pet_breed_id': 15, 'pet_level': 1, 'pet_quality_id': 3, 'pet_species_id': 2050}"
1758481523,LONG,,1,205791000,193443500,"{'id': 82800, 'context': 0, 'modifiers': [{'type': 6, 'value': 49259}], 'pet_breed_id': 20, 'pet_level': 1, 'pet_quality_id': 3, 'pet_species_id': 1448}"
1758481527,LONG,,1,19000000,17860000,"{'id': 82800, 'context': 0, 'modifiers': [{'type': 6, 'value': 88004}], 'pet_breed_id': 18, 'pet_level': 1, 'pet_quality_id': 3, 'pet_species_id': 2450}"
1758481531,LONG,,1,268000000,251920000,"{'id': 82800, 'context': 0, 'modifiers': [{'type': 6, 'value': 91235}], 'pet_breed_id': 10, 'pet_level': 1, 'pet_quality_id': 3, 'pet_species_id': 2681}"
1758481536,LONG,,1,232999200,219019200,"{'id': 82800, 'context': 0, 'pet_breed_id': 10, 'pet_level': 25, 'pet_quality_id': 3, 'pet_species_id': 2135}"
1758481539,LONG,,1,344000000,323360000,"{'id': 82800, 'context': 0, 'modifiers': [{'type': 6, 'value': 66147}], 'pet_breed_id': 19, 'pet_level': 1, 'pet_quality_id': 3, 'pet_species_id': 1803}"
1758481542,LONG,,1,226000000,212440000,"{'id': 82800, 'context': 0, 'modifiers': [{'type': 6, 'value': 29806}], 'pet_breed_id': 14, 'pet_level': 1, 'pet_quality_id': 3, 'pet_species_id': 239}"
1758481545,LONG,,1,99990100,93990700,"{'id': 82800, 'context': 0, 'pet_breed_id': 8, 'pet_level': 1, 'pet_quality_id': 3, 'pet_species_id': 58}"
1758481549,LONG,,1,106000000,99640000,"{'id': 82800, 'context': 0, 'modifiers': [{'type': 6, 'value': 99850}], 'pet_breed_id': 8, 'pet_level': 1, 'pet_quality_id': 3, 'pet_species_id': 3044}"
1758481553,LONG,,1,30000000,,"{'id': 86849, 'context': 0, 'modifiers': [{'type': 28, 'value': 60}]}"
1758481554,LONG,,1,304000000,285760000,"{'id': 82800, 'context': 0, 'modifiers': [{'type': 6, 'value': 74036}], 'pet_breed_id': 17, 'pet_level': 7, 'pet_quality_id': 3, 'pet_species_id': 1984}"
1758481558,LONG,,1,69959500,65761900,"{'id': 82800, 'context': 0, 'modifiers': [{'type': 6, 'value': 74484}], 'pet_breed_id': 6, 'pet_level': 1, 'pet_quality_id': 3, 'pet_species_id': 1805}"
1758481563,LONG,,1,410000000,385400000,"{'id': 82800, 'context': 0, 'modifiers': [{'type': 6, 'value': 98454}], 'pet_breed_id': 7, 'pet_level': 1, 'pet_quality_id': 2, 'pet_species_id': 3017}"
1758481565,LONG,,1,78378800,73676100,"{'id': 82800, 'context': 0, 'modifiers': [{'type': 6, 'value': 37949}], 'pet_breed_id': 18, 'pet_level': 1, 'pet_quality_id': 3, 'pet_species_id': 1927}"
1758481569,LONG,,1,38399800,36095800,"{'id': 82800, 'context': 0, 'modifiers': [{'type': 6, 'value': 33559}], 'pet_breed_id': 5, 'pet_level': 1, 'pet_quality_id': 2, 'pet_species_id': 262}"
1758481571,LONG,,1,177400100,166756100,"{'id': 82800, 'context': 0, 'modifiers': [{'type': 6, 'value': 90279}], 'pet_breed_id': 8, 'pet_level': 1, 'pet_quality_id': 3, 'pet_species_id': 2564}"
1758481574,LONG,,1,106000000,99640000,"{'id': 82800, 'context': 0, 'modifiers': [{'type': 6, 'value': 99883}], 'pet_breed_id': 18, 'pet_level': 1, 'pet_quality_id': 2, 'pet_species_id': 2922}"
1758481577,LONG,,1,255677100,240336500,"{'id': 82800, 'context': 0, 'modifiers': [{'type': 6, 'value': 33217}], 'pet_breed_id': 9, 'pet_level': 1, 'pet_quality_id': 3, 'pet_species_id': 278}"
1758481579,LONG,,1,14290000,13432600,"{'id': 82800, 'context': 0, 'modifiers': [{'type': 6, 'value': 65113}], 'pet_breed_id': 20, 'pet_level': 1, 'pet_quality_id': 3, 'pet_species_id': 1717}"
1758481584,LONG,,1,49000000,46060000,"{'id': 82800, 'context': 0, 'modifiers': [{'type': 6, 'value': 42430}], 'pet_breed_id': 4, 'pet_level': 1, 'pet_quality_id': 3, 'pet_species_id': 1518}"
1758481585,LONG,,1,72500000,68150000,"{'id': 82800, 'context': 0, 'modifiers': [{'type': 6, 'value': 99891}], 'pet_breed_id': 16, 'pet_level': 1, 'pet_quality_id': 2, 'pet_species_id': 3006}"
1758481586,LONG,,1,956000000,898640000,"{'id': 82800, 'context': 0, 'modifiers': [{'type': 6, 'value': 97329}], 'pet_breed_id': 15, 'pet_level': 1, 'pet_quality_id': 2, 'pet_species_id': 2893}"
1758481588,LONG,,1,84990000,79890600,"{'id': 82800, 'context': 0, 'modifiers': [{'type': 6, 'value': 91114}], 'pet_breed_id': 19, 'pet_level': 1, 'pet_quality_id': 3, 'pet_species_id': 2700}"
1758481590,LONG,,1,1975800000,1857252000,"{'id': 82800, 'context': 0, 'modifiers': [{'type': 6, 'value': 95573}], 'pet_breed_id': 9, 'pet_level': 1, 'pet_quality_id': 2, 'pet_species_id': 2957}"
1758481592,LONG,,1,346999900,326179900,"{'id': 82800, 'context': 0, 'modifiers': [{'type': 6, 'value': 47960}], 'pet_breed_id': 13, 'pet_level': 2, 'pet_quality_id': 3, 'pet_species_id': 1209}"
1758481593,LONG,,1,380989600,358130200,"{'id': 82800, 'context': 0, 'modifiers': [{'type': 6, 'value': 15595}], 'pet_breed_id': 3, 'pet_level': 1, 'pet_quality_id': 2, 'pet_species_id': 115}"
1758481594,LONG,,1,198000000,186120000,"{'id': 82800, 'context': 0, 'modifiers': [{'type': 6, 'value': 58169}], 'pet_breed_id': 18, 'pet_level': 1, 'pet_quality_id': 3, 'pet_species_id': 1521}"
1758481596,LONG,,1,18005700,,"{'id': 177799, 'context': 0, 'bonus_lists': [6908, 6652, 1702], 'modifiers': [{'type': 9, 'value': 60}, {'type': 28, 'value': 1707}]}"
1758481597,LONG,,1,97990000,92110600,"{'id': 82800, 'context': 0, 'modifiers': [{'type': 6, 'value': 65671}], 'pet_breed_id': 8, 'pet_level': 1, 'pet_quality_id': 2, 'pet_species_id': 1759}"
1758481599,LONG,,1,38500000,36190000,"{'id': 82800, 'context': 0, 'modifiers': [{'type': 6, 'value': 57970}], 'pet_breed_id': 16, 'pet_level': 1, 'pet_quality_id': 3, 'pet_species_id': 1442}"
1758481602,LONG,,1,44999900,42299900,"{'id': 82800, 'context': 0, 'modifiers': [{'type': 6, 'value': 88007}], 'pet_breed_id': 12, 'pet_level': 1, 'pet_quality_id': 3, 'pet_species_id': 2453}"
1758481605,LONG,,1,346000000,325240000,"{'id': 82800, 'context': 0, 'modifiers': [{'type': 6, 'value': 59330}], 'pet_breed_id': 5, 'pet_level': 1, 'pet_quality_id': 3, 'pet_species_id': 1523}"
1758481606,LONG,,1,31500000,29610000,"{'id': 82800, 'context': 0, 'modifiers': [{'type': 6, 'value': 59017}], 'pet_breed_id': 21, 'pet_level': 1, 'pet_quality_id': 3, 'pet_species_id': 1545}"
1758481608,LONG,,1,15509500,14578900,"{'id': 82800, 'context': 0, 'modifiers': [{'type': 6, 'value': 60016}], 'pet_breed_id': 20, 'pet_level': 1, 'pet_quality_id': 3, 'pet_species_id': 1541}"
1758481610,LONG,,1,149480000,140511200,"{'id': 82800, 'context': 0, 'modifiers': [{'type': 6, 'value': 86529}], 'pet_breed_id': 5, 'pet_level': 1, 'pet_quality_id': 2, 'pet_species_id': 2422}"
1758481616,LONG,,1,48999900,46059900,"{'id': 82800, 'context': 0, 'modifiers': [{'type': 6, 'value': 24751}], 'pet_breed_id': 3, 'pet_level': 7, 'pet_quality_id': 3, 'pet_species_id': 2080}"
1758481621,LONG,,1,47450000,44603000,"{'id': 82800, 'context': 0, 'modifiers': [{'type': 6, 'value': 99014}], 'pet_breed_id': 3, 'pet_level': 1, 'pet_quality_id': 2, 'pet_species_id': 2953}"
1758481624,LONG,,1,81490000,76600600,"{'id': 82800, 'context': 0, 'modifiers': [{'type': 6, 'value': 48855}], 'pet_breed_id': 7, 'pet_level': 1, 'pet_quality_id': 3, 'pet_species_id': 1230}"
1758481627,LONG,,1,61500000,57810000,"{'id': 82800, 'context': 0, 'modifiers': [{'type': 6, 'value': 51279}], 'pet_breed_id': 16, 'pet_level': 1, 'pet_quality_id': 3, 'pet_species_id': 1336}"
1758481630,LONG,,1,10529700,10000000,"{'id': 82800, 'context': 0, 'modifiers': [{'type': 6, 'value': 47955}], 'pet_breed_id': 21, 'pet_level': 1, 'pet_quality_id': 2, 'pet_species_id': 652}"
1758481633,LONG,,1,28491000,26781500,"{'id': 82800, 'context': 0, 'modifiers': [{'type': 6, 'value': 65713}], 'pet_breed_id': 5, 'pet_level': 1, 'pet_quality_id': 3, 'pet_species_id': 1764}"
1758481636,LONG,,1,48490000,45580600,"{'id': 82800, 'context': 0, 'modifiers': [{'type': 6, 'value': 65714}], 'pet_breed_id': 6, 'pet_level': 1, 'pet_quality_id': 3, 'pet_species_id': 1765}"
1758481638,LONG,,1,132980000,125001200,"{'id': 82800, 'context': 0, 'pet_breed_id': 4, 'pet_level': 1, 'pet_quality_id': 2, 'pet_species_id': 218}"
1758481640,LONG,,1,234968300,220870200,"{'id': 82800, 'context': 0, 'modifiers': [{'type': 6, 'value': 30298}], 'pet_breed_id': 18, 'pet_level': 1, 'pet_quality_id': 3, 'pet_species_id': 2527}"
1758481643,LONG,,1,34207200,32154800,"{'id': 82800, 'context': 0, 'modifiers': [{'type': 6, 'value': 47931}], 'pet_breed_id': 17, 'pet_level': 1, 'pet_quality_id': 3, 'pet_species_id': 1478}"
1758481644,VERY_LONG,7190000,2,,,{'id': 172097}
1758481649,LONG,,1,399990000,375990600,"{'id': 82800, 'context': 0, 'modifiers': [{'type': 6, 'value': 5448}], 'pet_breed_id': 7, 'pet_level': 1, 'pet_quality_id': 2, 'pet_species_id': 42}"
1758481653,LONG,,1,34000000,31960000,"{'id': 82800, 'context': 0, 'modifiers': [{'type': 6, 'value': 10269}], 'pet_breed_id': 12, 'pet_level': 1, 'pet_quality_id': 2, 'pet_species_id': 116}"
1758481656,LONG,,1,55049900,51746900,"{'id': 82800, 'context': 0, 'modifiers': [{'type': 6, 'value': 86805}], 'pet_breed_id': 19, 'pet_level': 1, 'pet_quality_id': 2, 'pet_species_id': 2411}"
1758481660,LONG,,1,35725000,33581500,"{'id': 82800, 'context': 0, 'modifiers': [{'type': 6, 'value': 60820}], 'pet_breed_id': 18, 'pet_level': 1, 'pet_quality_id': 3, 'pet_species_id': 1567}"
1758481663,LONG,,1,28433300,26727300,"{'id': 82800, 'context': 0, 'modifiers': [{'type': 6, 'value': 36902}], 'pet_breed_id': 3, 'pet_level': 1, 'pet_quality_id': 3, 'pet_species_id': 267}"
1758481664,LONG,,1,11236200,,"{'id': 179334, 'context': 0, 'bonus_lists': [6908, 6652, 1706], 'modifiers': [{'type': 9, 'value': 60}, {'type': 28, 'value': 1707}]}"
1758481672,LONG,,1,78698500,73976600,"{'id': 82800, 'context': 0, 'modifiers': [{'type': 6, 'value': 90944}], 'pet_breed_id': 20, 'pet_level': 1, 'pet_quality_id': 3, 'pet_species_id': 2695}"
1758481678,LONG,,1,146000000,137240000,"{'id': 82800, 'context': 0, 'modifiers': [{'type': 6, 'value': 38429}], 'pet_breed_id': 3, 'pet_level': 1, 'pet_quality_id': 3, 'pet_species_id': 318}"
1758481682,LONG,,1,98990000,93050600,"{'id': 82800, 'context': 0, 'modifiers': [{'type': 6, 'value': 97479}], 'pet_breed_id': 17, 'pet_level': 1, 'pet_quality_id': 2, 'pet_species_id': 3038}"
1758481686,LONG,,1,178900000,168166000,"{'id': 82800, 'context': 0, 'modifiers': [{'type': 6, 'value': 74471}], 'pet_breed_id': 15, 'pet_level': 1, 'pet_quality_id': 2, 'pet_species_id': 1999}"
1758481690,LONG,,1,360000000,338400000,"{'id': 82800, 'context': 0, 'modifiers': [{'type': 6, 'value': 80951}], 'pet_breed_id': 10, 'pet_level': 1, 'pet_quality_id': 2, 'pet_species_id': 2407}"
1758481693,LONG,,1,125890000,118336600,"{'id': 82800, 'context': 0, 'modifiers': [{'type': 6, 'value': 51272}], 'pet_breed_id': 8, 'pet_level': 1, 'pet_quality_id': 3, 'pet_species_id': 1335}"
1758481696,LONG,,1,149980000,140981200,"{'id': 82800, 'context': 0, 'modifiers': [{'type': 6, 'value': 6292}], 'pet_breed_id': 15, 'pet_level': 1, 'pet_quality_id': 3, 'pet_species_id': 1563}"
1758481700,LONG,,1,19000000,17860000,"{'id': 82800, 'context': 0, 'modifiers': [{'type': 6, 'value': 87890}], 'pet_breed_id': 3, 'pet_level': 1, 'pet_quality_id': 3, 'pet_species_id': 2435}"
1758481702,LONG,,1,77500000,72850000,"{'id': 82800, 'context': 0, 'modifiers': [{'type': 6, 'value': 17192}], 'pet_breed_id': 12, 'pet_level': 1, 'pet_quality_id': 3, 'pet_species_id': 339}"
1758481707,LONG,,1,24487600,23018300,"{'id': 82800, 'context': 0, 'modifiers': [{'type': 6, 'value': 98457}], 'pet_breed_id': 9, 'pet_level': 1, 'pet_quality_id': 2, 'pet_species_id': 3020}"
1758481709,LONG,,1,362000000,340280000,"{'id': 82800, 'context': 0, 'modifiers': [{'type': 6, 'value': 74790}], 'pet_breed_id': 20, 'pet_level': 5, 'pet_quality_id': 2, 'pet_species_id': 319}"
1758481710,LONG,,1,45490000,42760600,"{'id': 82800, 'context': 0, 'pet_breed_id': 19, 'pet_level': 1, 'pet_quality_id': 3, 'pet_species_id': 1598}"
1758481714,LONG,,1,89490000,84120600,"{'id': 82800, 'context': 0, 'modifiers': [{'type': 6, 'value': 64097}], 'pet_breed_id': 6, 'pet_level': 1, 'pet_quality_id': 3, 'pet_species_id': 1672}"
1758481718,LONG,,1,33480000,31471200,"{'id': 82800, 'context': 0, 'modifiers': [{'type': 6, 'value': 90411}], 'pet_breed_id': 18, 'pet_level': 1, 'pet_quality_id': 2, 'pet_species_id': 2530}"
1758481725,LONG,,1,89490000,84120600,"{'id': 82800, 'context': 0, 'modifiers': [{'type': 6, 'value': 58547}], 'pet_breed_id': 18, 'pet_level': 1, 'pet_quality_id': 3, 'pet_species_id': 1450}"
1758481727,LONG,,1,80190000,75378600,"{'id': 82800, 'context': 0, 'modifiers': [{'type': 6, 'value': 88761}], 'pet_breed_id': 15, 'pet_level': 1, 'pet_quality_id': 2, 'pet_species_id': 2712}"
1758481730,LONG,,1,336000000,315840000,"{'id': 82800, 'context': 0, 'modifiers': [{'type': 6, 'value': 99889}], 'pet_breed_id': 18, 'pet_level': 1, 'pet_quality_id': 2, 'pet_species_id': 2904}"
1758481732,VERY_LONG,2490000,2,,,{'id': 177715}
1758481734,LONG,,1,17550100,16497100,"{'id': 82800, 'context': 0, 'modifiers': [{'type': 6, 'value': 58770}], 'pet_breed_id': 14, 'pet_level': 1, 'pet_quality_id': 3, 'pet_species_id': 1467}"
1758481737,LONG,,1,126000000,118440000,"{'id': 82800, 'context': 0, 'modifiers': [{'type': 6, 'value': 48091}], 'pet_breed_id': 10, 'pet_level': 1, 'pet_quality_id': 3, 'pet_species_id': 1201}"
1758481739,LONG,,1,670000000,629800000,"{'id': 82800, 'context': 0, 'modifiers': [{'type': 6, 'value': 6290}], 'pet_breed_id': 18, 'pet_level': 1, 'pet_quality_id': 3, 'pet_species_id': 2754}"
1758481741,LONG,,1,19000000,17860000,"{'id': 82800, 'context': 0, 'modifiers': [{'type': 6, 'value': 81665}], 'pet_breed_id': 11, 'pet_level': 1, 'pet_quality_id': 3, 'pet_species_id': 2546}"
1758481744,LONG,,1,246000000,231240000,"{'id': 82800, 'context': 0, 'modifiers': [{'type': 6, 'value': 99855}], 'pet_breed_id': 6, 'pet_level': 1, 'pet_quality_id': 2, 'pet_species_id': 2931}"
1758481747,VERY_LONG,264000,1,,,{'id': 172414}
1758481748,LONG,,1,55490000,52160600,"{'id': 82800, 'context': 0, 'pet_breed_id': 6, 'pet_level': 1, 'pet_quality_id': 3, 'pet_species_id': 2078}"
1758481751,LONG,,1,19000000,18000000,"{'id': 82800, 'context': 0, 'modifiers': [{'type': 6, 'value': 90182}], 'pet_breed_id': 4, 'pet_level': 1, 'pet_quality_id': 3, 'pet_species_id': 2558}"
1758481753,LONG,,1,335999400,315839400,"{'id': 82800, 'context': 0, 'modifiers': [{'type': 6, 'value': 45960}], 'pet_breed_id': 5, 'pet_level': 1, 'pet_quality_id': 2, 'pet_species_id': 213}"
1758481754,LONG,,1,120400000,113176000,"{'id': 82800, 'context': 0, 'modifiers': [{'type': 6, 'value': 86488}], 'pet_breed_id': 11, 'pet_level': 1, 'pet_quality_id': 2, 'pet_species_id': 2198}"
1758481758,LONG,,1,79000000,74260000,"{'id': 82800, 'context': 0, 'modifiers': [{'type': 6, 'value': 21382}], 'pet_breed_id': 3, 'pet_level': 1, 'pet_quality_id': 2, 'pet_species_id': 158}"
1758481763,LONG,,1,106000000,99640000,"{'id': 82800, 'context': 0, 'modifiers': [{'type': 6, 'value': 98459}], 'pet_breed_id': 15, 'pet_level': 1, 'pet_quality_id': 2, 'pet_species_id': 3022}"
1758481767,LONG,,1,79490000,74720600,"{'id': 82800, 'context': 0, 'modifiers': [{'type': 6, 'value': 87945}], 'pet_breed_id': 17, 'pet_level': 1, 'pet_quality_id': 3, 'pet_species_id': 2440}"
1758481773,LONG,,1,106000000,99640000,"{'id': 82800, 'context': 0, 'modifiers': [{'type': 6, 'value': 99870}], 'pet_breed_id': 9, 'pet_level': 1, 'pet_quality_id': 2, 'pet_species_id': 3039}"
1758481776,LONG,,1,78450100,73743100,"{'id': 82800, 'context': 0, 'modifiers': [{'type': 6, 'value': 51505}], 'pet_breed_id': 4, 'pet_level': 1, 'pet_quality_id': 2, 'pet_species_id': 1349}"
1758481778,LONG,,1,670000000,629800000,"{'id': 82800, 'context': 0, 'modifiers': [{'type': 6, 'value': 92904}], 'pet_breed_id': 7, 'pet_level': 1, 'pet_quality_id': 3, 'pet_species_id': 2848}"
1758481780,VERY_LONG,44800,31,,,{'id': 176853}
1758481782,LONG,,1,125109200,117602600,"{'id': 82800, 'context': 0, 'modifiers': [{'type': 6, 'value': 95927}], 'pet_breed_id': 5, 'pet_level': 1, 'pet_quality_id': 2, 'pet_species_id': 2911}"
1758481786,LONG,,1,151888600,142775300,"{'id': 82800, 'context': 0, 'modifiers': [{'type': 6, 'value': 73663}], 'pet_breed_id': 9, 'pet_level': 1, 'pet_quality_id': 3, 'pet_species_id': 1953}"
1758481790,LONG,,1,14752500,13867400,"{'id': 82800, 'context': 0, 'modifiers': [{'type': 6, 'value': 99896}], 'pet_breed_id': 4, 'pet_level': 1, 'pet_quality_id': 2, 'pet_species_id': 2921}"
1758481795,LONG,,1,29574500,27800000,"{'id': 82800, 'context': 0, 'modifiers': [{'type': 6, 'value': 22855}], 'pet_breed_id': 3, 'pet_level': 1, 'pet_quality_id': 3, 'pet_species_id': 167}"
1758481797,LONG,,1,96999500,91179500,"{'id': 82800, 'context': 0, 'modifiers': [{'type': 6, 'value': 47958}], 'pet_breed_id': 21, 'pet_level': 1, 'pet_quality_id': 3, 'pet_species_id': 1208}"
1758481802,LONG,,1,136000000,127840000,"{'id': 82800, 'context': 0, 'modifiers': [{'type': 6, 'value': 99903}], 'pet_breed_id': 21, 'pet_level': 1, 'pet_quality_id': 2, 'pet_species_id': 2901}"
1758481807,LONG,,1,88000000,82720000,"{'id': 82800, 'context': 0, 'modifiers': [{'type': 6, 'value': 28502}], 'pet_breed_id': 5, 'pet_level': 1, 'pet_quality_id': 2, 'pet_species_id': 210}"
1758481811,LONG,,1,288000000,270720000,"{'id': 82800, 'context': 0, 'modifiers': [{'type': 6, 'value': 86806}], 'pet_breed_id': 4, 'pet_level': 1, 'pet_quality_id': 3, 'pet_species_id': 2199}"
1758481816,LONG,,1,20087100,18881900,"{'id': 82800, 'context': 0, 'modifiers': [{'type': 6, 'value': 99917}], 'pet_breed_id': 15, 'pet_level': 1, 'pet_quality_id': 2, 'pet_species_id': 3008}"
1758481818,LONG,,1,40000000,37600000,"{'id': 82800, 'context': 0, 'modifiers': [{'type': 6, 'value': 60876}], 'pet_breed_id': 18, 'pet_level': 1, 'pet_quality_id': 3, 'pet_species_id': 1574}"
1758481844,VERY_LONG,32400000,1,,,{'id': 180457}
1758481985,VERY_LONG,19899900,1,,,{'id': 172043}
1758482009,LONG,,1,249990000,,"{'id': 184792, 'context': 0, 'bonus_lists': [6652, 1472, 6646], 'modifiers': [{'type': 28, 'value': 2060}]}"
1758482011,LONG,,1,1220000,,"{'id': 173218, 'context': 0, 'bonus_lists': [6893], 'modifiers': [{'type': 9, 'value': 60}, {'type': 28, 'value': 391}, {'type': 29, 'value': 40}, {'type': 30, 'value': 36}]}"
1758482021,LONG,33200,5,,,{'id': 19441}
1758482026,LONG,10000,4,,,{'id': 4306}
1758482029,LONG,7500,5,,,{'id': 4338}
1758482034,LONG,,1,703100,,"{'id': 173197, 'context': 0, 'bonus_lists': [6887], 'modifiers': [{'type': 9, 'value': 60}, {'type': 28, 'value': 391}, {'type': 29, 'value': 36}, {'type': 30, 'value': 40}]}"
1758482037,LONG,,1,3244600,,"{'id': 173219, 'context': 0, 'bonus_lists': [6893], 'modifiers': [{'type': 9, 'value': 60}, {'type': 28, 'value': 391}, {'type': 29, 'value': 40}, {'type': 30, 'value': 49}]}"
1758482044,LONG,110800,5,,,{'id': 53010}
1758482053,LONG,,1,2048000,,"{'id': 173194, 'context': 0, 'bonus_lists': [6887], 'modifiers': [{'type': 9, 'value': 60}, {'type': 28, 'value': 391}, {'type': 29, 'value': 36}, {'type': 30, 'value': 40}]}"
1758482056,LONG,,1,2048000,,"{'id': 173194, 'context': 0, 'bonus_lists': [6887], 'modifiers': [{'type': 9, 'value': 60}, {'type': 28, 'value': 391}, {'type': 29, 'value': 40}, {'type': 30, 'value': 32}]}"
1758482059,LONG,,1,2048000,,"{'id': 173194, 'context': 0, 'bonus_lists': [6887], 'modifiers': [{'type': 9, 'value': 60}, {'type': 28, 'value': 391}, {'type': 29, 'value': 36}, {'type': 30, 'value': 49}]}"
1758482064,LONG,,1,2048000,,"{'id': 173194, 'context': 0, 'bonus_lists': [6887], 'modifiers': [{'type': 9, 'value': 60}, {'type': 28, 'value': 391}, {'type': 29, 'value': 40}, {'type': 30, 'value': 32}]}"
1758482072,LONG,,1,2048000,,"{'id': 173194, 'context': 0, 'bonus_lists': [6887], 'modifiers': [{'type': 9, 'value': 60}, {'type': 28, 'value': 391}, {'type': 29, 'value': 32}, {'type': 30, 'value': 40}]}"
1758482079,LONG,2900,5,,,{'id': 2592}
1758482084,LONG,47700,5,,,{'id': 111557}
1758482091,LONG,,1,990000,,"{'id': 82800, 'context': 0, 'modifiers': [{'type': 6, 'value': 88057}], 'pet_breed_id': 17, 'pet_level': 1, 'pet_quality_id': 3, 'pet_species_id': 2465}"
1758482093,LONG,,1,990000,,"{'id': 82800, 'context': 0, 'modifiers': [{'type': 6, 'value': 88057}], 'pet_breed_id': 17, 'pet_level': 1, 'pet_quality_id': 3, 'pet_species_id': 2465}"
1758482097,LONG,,1,990000,,"{'id': 82800, 'context': 0, 'modifiers': [{'type': 6, 'value': 88057}], 'pet_breed_id': 17, 'pet_level': 1, 'pet_quality_id': 3, 'pet_species_id': 2465}"
1758482099,LONG,,1,990000,,"{'id': 82800, 'context': 0, 'modifiers': [{'type': 6, 'value': 88057}], 'pet_breed_id': 17, 'pet_level': 1, 'pet_quality_id': 3, 'pet_species_id': 2465}"
1758483102,LONG,,1,6500000,,"{'id': 184479, 'context': 0}"
1758483104,LONG,,1,6500000,,"{'id': 184479, 'context': 0}"
1758483107,LONG,,1,6500000,,"{'id': 184479, 'context': 0}"
1758483110,LONG,,1,6500000,,"{'id': 184479, 'context': 0}"
1758483113,LONG,,1,6500000,,"{'id': 184479, 'context': 0}"
1758483121,LONG,2106700,5,,,{'id': 27858}
1758483134,LONG,2200,5,,,{'id': 154898}
1758483138,VERY_LONG,1050000,10,,,{'id': 49908}
1758483141,LONG,465000,5,,,{'id': 783}
1758483146,LONG,,1,1130000,,"{'id': 173199, 'context': 0, 'bonus_lists': [6890], 'modifiers': [{'type': 9, 'value': 60}, {'type': 28, 'value': 391}, {'type': 29, 'value': 36}, {'type': 30, 'value': 49}]}"
1758483153,LONG,,1,1130000,,"{'id': 173199, 'context': 0, 'bonus_lists': [6890], 'modifiers': [{'type': 9, 'value': 60}, {'type': 28, 'value': 391}, {'type': 29, 'value': 40}, {'type': 30, 'value': 36}]}"
1758483158,LONG,,1,1130000,,"{'id': 173199, 'context': 0, 'bonus_lists': [6890], 'modifiers': [{'type': 9, 'value': 60}, {'type': 28, 'value': 391}, {'type': 29, 'value': 40}, {'type': 30, 'value': 36}]}"
1758483163,LONG,,1,1130000,,"{'id': 173199, 'context': 0, 'bonus_lists': [6890], 'modifiers': [{'type': 9, 'value': 60}, {'type': 28, 'value': 391}, {'type': 29, 'value': 40}, {'type': 30, 'value': 32}]}"
1758483224,VERY_LONG,,1,970000,,"{'id': 50453, 'context': 0, 'modifiers': [{'type': 28, 'value': 1023}]}"
1758483227,VERY_LONG,,1,970000,,"{'id': 50453, 'context': 0, 'modifiers': [{'type': 28, 'value': 1023}]}"
1758483254,VERY_LONG,320000,18,,,{'id': 172061}
1758483346,VERY_LONG,,1,229200,,"{'id': 176431, 'context': 9, 'bonus_lists': [6909], 'modifiers': [{'type': 9, 'value': 60}, {'type': 28, 'value': 709}]}"
1758483366,LONG,5000000,20,,,{'id': 173037}
1758483371,VERY_LONG,,1,148900,,"{'id': 177745, 'context': 9, 'bonus_lists': [6909], 'modifiers': [{'type': 9, 'value': 60}, {'type': 28, 'value': 709}]}"
1758483393,VERY_LONG,,1,155700,,"{'id': 177750, 'context': 9, 'bonus_lists': [6909], 'modifiers': [{'type': 9, 'value': 60}, {'type': 28, 'value': 709}]}"
1758483452,LONG,19899900,3,,,{'id': 172043}
1758483501,LONG,7000000,10,,,{'id': 171349}
1758483719,VERY_LONG,190500,460,,,{'id': 171832}
1758483755,LONG,,1,36685200,,"{'id': 13127, 'context': 0}"
1758483872,VERY_LONG,550000,8,,,{'id': 166804}
1758484098,VERY_LONG,9500,10,,,{'id': 172068}
1758484200,VERY_LONG,20000,8,,,{'id': 182737}
1758484417,VERY_LONG,280000,20,,,{'id': 172044}
1758484471,VERY_LONG,280000,1,,,{'id': 172044}
1758484546,LONG,170000,10,,,{'id': 171830}
1758484554,LONG,190500,36,,,{'id': 171832}
1758484668,LONG,1609900,9,,,{'id': 172232}
1758484834,VERY_LONG,2459800,17,,,{'id': 76061}
1758484878,VERY_LONG,8000,162,,,{'id': 72988}
1758484928,VERY_LONG,38000,66,,,{'id': 72120}
1758484970,VERY_LONG,10000,3,,,{'id': 102541}
1758485014,VERY_LONG,200000,2,,,{'id': 102543}
1758485036,VERY_LONG,1180000,55,,,{'id': 72238}
1758485064,VERY_LONG,5000,103,,,{'id': 72237}
1758485109,VERY_LONG,3400,20,,,{'id': 172048}
1758485165,VERY_LONG,3400,7,,,{'id': 172048}
1758485184,VERY_LONG,,1,900056500,,"{'id': 87251, 'context': 11, 'modifiers': [{'type': 28, 'value': 391}]}"
1758485292,VERY_LONG,97000,445,,,{'id': 72093}
1758485321,VERY_LONG,1990000,1,,,{'id': 163222}
1758485379,VERY_LONG,450000,3,,,{'id': 76142}
1758485446,VERY_LONG,37000,8,,,{'id': 76135}
1758485493,VERY_LONG,92000,90,,,{'id': 72092}
1758485511,VERY_LONG,250000,10,,,{'id': 76133}
1758485520,VERY_LONG,,1,13000000,,"{'id': 82800, 'context': 0, 'modifiers': [{'type': 6, 'value': 90183}], 'pet_breed_id': 18, 'pet_level': 1, 'pet_quality_id': 3, 'pet_species_id': 2560}"
1758485522,LONG,10510000,1,,,{'id': 173121}
1758485539,VERY_LONG,,1,9997800,,"{'id': 82800, 'context': 0, 'modifiers': [{'type': 6, 'value': 90177}], 'pet_breed_id': 14, 'pet_level': 1, 'pet_quality_id': 3, 'pet_species_id': 2554}"
1758485540,LONG,2550000,9,,,{'id': 173171}
1758485565,LONG,,1,392398000,,"{'id': 82800, 'context': 0, 'modifiers': [{'type': 6, 'value': 855}], 'pet_breed_id': 14, 'pet_level': 1, 'pet_quality_id': 3, 'pet_species_id': 1276}"
1758485574,VERY_LONG,930000,9,,,{'id': 76131}
1758485597,LONG,490000,10,,,{'id': 173124}
1758485630,VERY_LONG,900000,5,,,{'id': 76138}
1758485644,LONG,,1,500,,"{'id': 82800, 'context': 0, 'modifiers': [{'type': 6, 'value': 31073}], 'pet_breed_id': 3, 'pet_level': 1, 'pet_quality_id': 2, 'pet_species_id': 251}"
1758485661,LONG,,1,500,,"{'id': 82800, 'context': 0, 'modifiers': [{'type': 6, 'value': 31073}], 'pet_breed_id': 3, 'pet_level': 1, 'pet_quality_id': 2, 'pet_species_id': 251}"
1758485663,VERY_LONG,257000,150,,,{'id': 72103}
1758485668,VERY_LONG,,1,2000000,,"{'id': 82800, 'context': 0, 'modifiers': [{'type': 6, 'value': 71972}], 'pet_breed_id': 8, 'pet_level': 1, 'pet_quality_id': 3, 'pet_species_id': 2091}"
1758485704,VERY_LONG,92000,141,,,{'id': 72092}
1758485754,VERY_LONG,450000,19,,,{'id': 76137}
1758485792,VERY_LONG,259000,81,,,{'id': 72094}
1758485815,LONG,,1,547500,,"{'id': 176783, 'context': 0, 'bonus_lists': [6907, 6652, 1680], 'modifiers': [{'type': 9, 'value': 60}, {'type': 28, 'value': 1707}]}"
1758485844,VERY_LONG,500000,8,,,{'id': 76140}
1758486020,VERY_LONG,720000,4,,,{'id': 172094}
1758488079,VERY_LONG,32000000,17,,,{'id': 180457}
1758488095,LONG,,1,3400000,,"{'id': 82800, 'context': 0, 'modifiers': [{'type': 6, 'value': 5207}], 'pet_breed_id': 21, 'pet_level': 1, 'pet_quality_id': 2, 'pet_species_id': 50}"
1758488100,LONG,,1,5558100,,"{'id': 82800, 'context': 0, 'modifiers': [{'type': 6, 'value': 61898}], 'pet_breed_id': 3, 'pet_level': 1, 'pet_quality_id': 3, 'pet_species_id': 1634}"
1758488105,LONG,,1,55490000,,"{'id': 82800, 'context': 0, 'modifiers': [{'type': 6, 'value': 74038}], 'pet_breed_id': 3, 'pet_level': 1, 'pet_quality_id': 3, 'pet_species_id': 2438}"
1758488108,LONG,,1,6000000,,"{'id': 82800, 'context': 0, 'modifiers': [{'type': 6, 'value': 75766}], 'pet_breed_id': 18, 'pet_level': 1, 'pet_quality_id': 3, 'pet_species_id': 2042}"
1758488112,LONG,,1,4500100,,"{'id': 82800, 'context': 0, 'modifiers': [{'type': 6, 'value': 79707}], 'pet_breed_id': 21, 'pet_level': 1, 'pet_quality_id': 3, 'pet_species_id': 2086}"
1758488115,LONG,,1,4500100,,"{'id': 82800, 'context': 0, 'modifiers': [{'type': 6, 'value': 79707}], 'pet_breed_id': 21, 'pet_level': 1, 'pet_quality_id': 3, 'pet_species_id': 2086}"
1758488119,LONG,,1,4550000,,"{'id': 82800, 'context': 0, 'modifiers': [{'type': 6, 'value': 38283}], 'pet_breed_id': 10, 'pet_level': 1, 'pet_quality_id': 3, 'pet_species_id': 2089}"
1758488121,LONG,,1,4550000,,"{'id': 82800, 'context': 0, 'modifiers': [{'type': 6, 'value': 38283}], 'pet_breed_id': 12, 'pet_level': 1, 'pet_quality_id': 3, 'pet_species_id': 2089}"
1758488130,LONG,,1,38490000,,"{'id': 82800, 'context': 0, 'modifiers': [{'type': 6, 'value': 76763}], 'pet_breed_id': 5, 'pet_level': 1, 'pet_quality_id': 3, 'pet_species_id': 2559}"
1758488134,LONG,,1,60770000,,"{'id': 82800, 'context': 0, 'modifiers': [{'type': 6, 'value': 95927}], 'pet_breed_id': 15, 'pet_level': 1, 'pet_quality_id': 2, 'pet_species_id': 2911}"
1758488136,LONG,,1,3450000,,"{'id': 82800, 'context': 0, 'modifiers': [{'type': 6, 'value': 86136}], 'pet_breed_id': 8, 'pet_level': 1, 'pet_quality_id': 2, 'pet_species_id': 2188}"
1758488142,LONG,,1,22389200,,"{'id': 82800, 'context': 0, 'modifiers': [{'type': 6, 'value': 90155}], 'pet_breed_id': 8, 'pet_level': 1, 'pet_quality_id': 3, 'pet_species_id': 2544}"
1758488147,LONG,,1,89480000,,"{'id': 82800, 'context': 0, 'modifiers': [{'type': 6, 'value': 90030}], 'pet_breed_id': 3, 'pet_level': 1, 'pet_quality_id': 3, 'pet_species_id': 2540}"
1758488150,LONG,,1,55990000,,"{'id': 82800, 'context': 0, 'modifiers': [{'type': 6, 'value': 90141}], 'pet_breed_id': 4, 'pet_level': 1, 'pet_quality_id': 3, 'pet_species_id': 2549}"
1758488154,LONG,,1,6950000,,"{'id': 82800, 'context': 0, 'modifiers': [{'type': 6, 'value': 5585}], 'pet_breed_id': 5, 'pet_level': 1, 'pet_quality_id': 2, 'pet_species_id': 44}"
1758488157,LONG,,1,27000000,,"{'id': 82800, 'context': 0, 'modifiers': [{'type': 6, 'value': 95174}], 'pet_breed_id': 7, 'pet_level': 1, 'pet_quality_id': 3, 'pet_species_id': 2834}"
1758488162,LONG,,1,264700,,"{'id': 82800, 'context': 0, 'modifiers': [{'type': 6, 'value': 15663}], 'pet_breed_id': 13, 'pet_level': 1, 'pet_quality_id': 2, 'pet_species_id': 120}"
1758488165,LONG,,1,272700,,"{'id': 82800, 'context': 0, 'modifiers': [{'type': 6, 'value': 13610}], 'pet_breed_id': 3, 'pet_level': 1, 'pet_quality_id': 2, 'pet_species_id': 117}"
1758488167,LONG,,1,272700,,"{'id': 82800, 'context': 0, 'modifiers': [{'type': 6, 'value': 13610}], 'pet_breed_id': 3, 'pet_level': 1, 'pet_quality_id': 2, 'pet_species_id': 117}"
1758488171,LONG,,1,272700,,"{'id': 82800, 'context': 0, 'modifiers': [{'type': 6, 'value': 13610}], 'pet_breed_id': 3, 'pet_level': 1, 'pet_quality_id': 2, 'pet_species_id': 117}"
1758488176,LONG,,1,2494100,,"{'id': 82800, 'context': 0, 'modifiers': [{'type': 6, 'value': 40155}], 'pet_breed_id': 6, 'pet_level': 1, 'pet_quality_id': 3, 'pet_species_id': 2579}"
1758488181,LONG,,1,12000000,,"{'id': 82800, 'context': 0, 'modifiers': [{'type': 6, 'value': 59602}], 'pet_breed_id': 18, 'pet_level': 1, 'pet_quality_id': 2, 'pet_species_id': 1532}"
1758488184,LONG,,1,12000000,,"{'id': 82800, 'context': 0, 'modifiers': [{'type': 6, 'value': 59602}], 'pet_breed_id': 8, 'pet_level': 1, 'pet_quality_id': 2, 'pet_species_id': 1532}"
1758488188,LONG,,1,12436200,,"{'id': 82800, 'context': 0, 'modifiers': [{'type': 6, 'value': 22776}], 'pet_breed_id': 3, 'pet_level': 1, 'pet_quality_id': 2, 'pet_species_id': 191}"
1758488190,LONG,,1,12436200,,"{'id': 82800, 'context': 0, 'modifiers': [{'type': 6, 'value': 22776}], 'pet_breed_id': 3, 'pet_level': 1, 'pet_quality_id': 2, 'pet_species_id': 191}"
1758488193,LONG,,1,460000,,"{'id': 82800, 'context': 0, 'pet_breed_id': 6, 'pet_level': 1, 'pet_quality_id': 2, 'pet_species_id': 89}"
1758488199,LONG,,1,106000000,,"{'id': 82800, 'context': 0, 'modifiers': [{'type': 6, 'value': 81984}], 'pet_breed_id': 3, 'pet_level': 1, 'pet_quality_id': 3, 'pet_species_id': 2157}"
1758488203,LONG,,1,7000000,,"{'id': 82800, 'context': 0, 'pet_breed_id': 13, 'pet_level': 1, 'pet_quality_id': 3, 'pet_species_id': 1628}"
1758488211,LONG,,1,19990000,,"{'id': 82800, 'context': 0, 'modifiers': [{'type': 6, 'value': 95152}], 'pet_breed_id': 3, 'pet_level': 1, 'pet_quality_id': 3, 'pet_species_id': 2796}"
1758488213,LONG,,1,13512100,,"{'id': 82800, 'context': 0, 'modifiers': [{'type': 6, 'value': 901}], 'pet_breed_id': 9, 'pet_level': 1, 'pet_quality_id': 2, 'pet_species_id': 64}"
1758488215,LONG,,1,1210000,,"{'id': 82800, 'context': 0, 'modifiers': [{'type': 6, 'value': 4615}], 'pet_breed_id': 7, 'pet_level': 1, 'pet_quality_id': 2, 'pet_species_id': 68}"
1758488223,LONG,,1,19000000,,"{'id': 82800, 'context': 0, 'modifiers': [{'type': 6, 'value': 81665}], 'pet_breed_id': 11, 'pet_level': 1, 'pet_quality_id': 3, 'pet_species_id': 2546}"
1758488227,LONG,,1,19000000,,"{'id': 82800, 'context': 0, 'modifiers': [{'type': 6, 'value': 88004}], 'pet_breed_id': 18, 'pet_level': 1, 'pet_quality_id': 3, 'pet_species_id': 2450}"
1758488229,LONG,,1,12000500,,"{'id': 82800, 'context': 0, 'modifiers': [{'type': 6, 'value': 63446}], 'pet_breed_id': 14, 'pet_level': 1, 'pet_quality_id': 3, 'pet_species_id': 1662}"
1758488232,LONG,,1,555000,,"{'id': 82800, 'context': 0, 'modifiers': [{'type': 6, 'value': 21900}], 'pet_breed_id': 10, 'pet_level': 1, 'pet_quality_id': 3, 'pet_species_id': 162}"
1758488240,LONG,,1,1840600,,"{'id': 82800, 'context': 0, 'modifiers': [{'type': 6, 'value': 62466}], 'pet_breed_id': 10, 'pet_level': 1, 'pet_quality_id': 3, 'pet_species_id': 1633}"
1758488244,LONG,,1,79000000,,"{'id': 82800, 'context': 0, 'modifiers': [{'type': 6, 'value': 21382}], 'pet_breed_id': 3, 'pet_level': 1, 'pet_quality_id': 2, 'pet_species_id': 158}"
1758488247,LONG,,1,2487600,,"{'id': 82800, 'context': 0, 'modifiers': [{'type': 6, 'value': 22349}], 'pet_breed_id': 7, 'pet_level': 1, 'pet_quality_id': 2, 'pet_species_id': 153}"
1758488250,LONG,,1,13509900,,"{'id': 82800, 'context': 0, 'modifiers': [{'type': 6, 'value': 47859}], 'pet_breed_id': 12, 'pet_level': 1, 'pet_quality_id': 3, 'pet_species_id': 2582}"
1758488255,LONG,,1,3990000,,"{'id': 82800, 'context': 0, 'modifiers': [{'type': 6, 'value': 45289}], 'pet_breed_id': 18, 'pet_level': 1, 'pet_quality_id': 3, 'pet_species_id': 2087}"
1758488264,LONG,,1,3990000,,"{'id': 82800, 'context': 0, 'modifiers': [{'type': 6, 'value': 45289}], 'pet_breed_id': 18, 'pet_level': 1, 'pet_quality_id': 3, 'pet_species_id': 2087}"
1758488268,LONG,,1,10000000,,"{'id': 82800, 'context': 0, 'modifiers': [{'type': 6, 'value': 61549}], 'pet_breed_id': 6, 'pet_level': 1, 'pet_quality_id': 2, 'pet_species_id': 1537}"
1758488271,LONG,,1,10000000,,"{'id': 82800, 'context': 0, 'modifiers': [{'type': 6, 'value': 61549}], 'pet_breed_id': 6, 'pet_level': 1, 'pet_quality_id': 2, 'pet_species_id': 1537}"
1758488276,LONG,,1,36780000,,"{'id': 82800, 'context': 0, 'modifiers': [{'type': 6, 'value': 16880}], 'pet_breed_id': 13, 'pet_level': 1, 'pet_quality_id': 3, 'pet_species_id': 2441}"
1758488281,LONG,,1,12000000,,"{'id': 82800, 'context': 0, 'modifiers': [{'type': 6, 'value': 61890}], 'pet_breed_id': 7, 'pet_level': 1, 'pet_quality_id': 3, 'pet_species_id': 1625}"
1758488283,LONG,,1,950000,,"{'id': 82800, 'context': 0, 'modifiers': [{'type': 6, 'value': 79709}], 'pet_breed_id': 5, 'pet_level': 1, 'pet_quality_id': 3, 'pet_species_id': 2088}"
1758488288,LONG,,1,20000000,,"{'id': 82800, 'context': 0, 'modifiers': [{'type': 6, 'value': 32790}], 'pet_breed_id': 13, 'pet_level': 1, 'pet_quality_id': 2, 'pet_species_id': 629}"
1758488732,LONG,,1,5550000,,"{'id': 173247, 'context': 63, 'bonus_lists': [6716, 1487]}"
1758488893,LONG,,1,47878500,,"{'id': 173243, 'context': 65, 'bonus_lists': [6718, 1522]}"
1758488932,LONG,,1,85965200,,"{'id': 82800, 'context': 0, 'modifiers': [{'type': 6, 'value': 99894}], 'pet_breed_id': 18, 'pet_level': 1, 'pet_quality_id': 2, 'pet_species_id': 2928}"
1758488934,LONG,,1,85965200,,"{'id': 82800, 'context': 0, 'modifiers': [{'type': 6, 'value': 99894}], 'pet_breed_id': 18, 'pet_level': 1, 'pet_quality_id': 2, 'pet_species_id': 2928}"
1758488955,LONG,,1,280380000,,"{'id': 82800, 'context': 0, 'modifiers': [{'type': 6, 'value': 99864}], 'pet_breed_id': 13, 'pet_level': 1, 'pet_quality_id': 2, 'pet_species_id': 2965}"
1758488974,LONG,,1,756000000,,"{'id': 82800, 'context': 0, 'modifiers': [{'type': 6, 'value': 99859}], 'pet_breed_id': 8, 'pet_level': 1, 'pet_quality_id': 2, 'pet_species_id': 2949}"
1758488997,LONG,,1,19990000,,"{'id': 82800, 'context': 0, 'modifiers': [{'type': 6, 'value': 99916}], 'pet_breed_id': 3, 'pet_level': 1, 'pet_quality_id': 2, 'pet_species_id': 2959}"
1758490677,VERY_LONG,,1,150000100,,"{'id': 134125, 'context': 13}"
1758491010,LONG,700000,1,,,{'id': 118472}
1758491025,LONG,129900,12,,,{'id': 172063}
1758491047,LONG,45800,66,,,{'id': 113263}
1758492390,VERY_LONG,,1,12500000,,"{'id': 82800, 'context': 0, 'modifiers': [{'type': 6, 'value': 79639}], 'pet_breed_id': 5, 'pet_level': 1, 'pet_quality_id': 3, 'pet_species_id': 2085}"
1758492392,VERY_LONG,,1,12500000,,"{'id': 82800, 'context': 0, 'modifiers': [{'type': 6, 'value': 79639}], 'pet_breed_id': 5, 'pet_level': 1, 'pet_quality_id': 3, 'pet_species_id': 2085}"
1758492429,VERY_LONG,,1,750004300,,"{'id': 184803, 'context': 0, 'bonus_lists': [6652, 1472, 6646], 'modifiers': [{'type': 28, 'value': 2060}]}"
1758492535,LONG,7190000,32,,,{'id': 172097}
1758492581,LONG,1400,77,,,{'id': 21877}
1758492819,LONG,13400,1,,,{'id': 109133}
1758493589,LONG,1400,91,,,{'id': 21877}
1758493606,LONG,3800,4,,,{'id': 21882}
1758493711,LONG,800000,2,,,{'id': 152497}
1758493806,VERY_LONG,,1,165000000,,"{'id': 164339, 'context': 11, 'modifiers': [{'type': 28, 'value': 289}]}"
1758494026,LONG,7000000,10,,,{'id': 171349}
1758495992,VERY_LONG,,1,663999500,,"{'id': 82800, 'context': 0, 'modifiers': [{'type': 6, 'value': 86088}], 'pet_breed_id': 18, 'pet_level': 1, 'pet_quality_id': 3, 'pet_species_id': 2186}"
1758496018,LONG,,1,1350004600,,"{'id': 72146, 'context': 14, 'modifiers': [{'type': 28, 'value': 378}]}"
1758496064,LONG,,1,100000000,,"{'id': 82800, 'context': 0, 'modifiers': [{'type': 6, 'value': 74794}], 'pet_breed_id': 21, 'pet_level': 1, 'pet_quality_id': 2, 'pet_species_id': 3066}"
1758496467,VERY_LONG,17236700,2,,,{'id': 139358}
1758496473,VERY_LONG,16504600,2,,,{'id': 139362}
1758496477,LONG,12800800,2,,,{'id': 173162}
1758496482,VERY_LONG,16504600,2,,,{'id': 139437}
1758496486,LONG,12240700,2,,,{'id': 173163}
1758496493,VERY_LONG,350000,2,,,{'id': 43350}
1758496497,VERY_LONG,997000,2,,,{'id': 85221}
1758496502,VERY_LONG,2725200,2,,,{'id': 42751}
1758496507,VERY_LONG,700000,2,,,{'id': 104105}
1758496512,VERY_LONG,1319100,2,,,{'id': 43386}
1758496520,VERY_LONG,19983600,2,,,{'id': 172449}
1758496525,VERY_LONG,17968800,2,,,{'id': 139288}
1758496529,VERY_LONG,19433000,2,,,{'id': 139339}
1758496534,VERY_LONG,1892700,2,,,{'id': 42459}
1758496537,LONG,19877000,2,,,{'id': 173161}
1758496541,VERY_LONG,990000,2,,,{'id': 104126}
1758496545,VERY_LONG,17968800,2,,,{'id': 137238}
1758496553,VERY_LONG,68242500,2,,,{'id': 139442}
1758496704,VERY_LONG,19433000,2,,,{'id': 136826}
1758496713,VERY_LONG,49134900,1,,,{'id': 141898}
1758496718,VERY_LONG,52500000,2,,,{'id': 166664}
1758496721,VERY_LONG,790400,2,,,{'id': 87883}
1758496729,VERY_LONG,19888600,2,,,{'id': 139338}
1758496735,VERY_LONG,69604200,1,,,{'id': 139348}
1758496741,VERY_LONG,5853800,2,,,{'id': 87392}
1758496753,VERY_LONG,1500000,2,,,{'id': 43366}
1758496762,VERY_LONG,56500000,2,,,{'id': 139435}
1758496773,VERY_LONG,9454200,2,,,{'id': 89868}
1758496784,VERY_LONG,34689200,2,,,{'id': 136825}
1758496794,VERY_LONG,30006200,2,,,{'id': 139436}
1758496802,VERY_LONG,450000,1,,,{'id': 104127}
1758496811,VERY_LONG,938700,2,,,{'id': 87888}
1758496816,VERY_LONG,18771300,2,,,{'id': 167539}
1758496821,VERY_LONG,390000,2,,,{'id': 104099}
1758496827,VERY_LONG,2500000,1,,,{'id': 43369}
1758496931,VERY_LONG,,1,1650000100,,"{'id': 82800, 'context': 0, 'modifiers': [{'type': 6, 'value': 47348}], 'pet_breed_id': 12, 'pet_level': 25, 'pet_quality_id': 3, 'pet_species_id': 1174}"
1758496985,VERY_LONG,,1,670000000,,"{'id': 82800, 'context': 0, 'modifiers': [{'type': 6, 'value': 92904}], 'pet_breed_id': 7, 'pet_level': 1, 'pet_quality_id': 3, 'pet_species_id': 2848}"
1758496988,VERY_LONG,21790000,2,,,{'id': 137274}
1758496993,VERY_LONG,36383100,2,,,{'id': 129028}
1758496995,VERY_LONG,16361800,2,,,{'id': 137191}
1758496996,LONG,,1,12500000,,"{'id': 82800, 'context': 0, 'modifiers': [{'type': 6, 'value': 79639}], 'pet_breed_id': 5, 'pet_level': 1, 'pet_quality_id': 3, 'pet_species_id': 2085}"
1758497000,VERY_LONG,9000000,2,,,{'id': 43394}
1758497002,VERY_LONG,49134900,1,,,{'id': 141898}
1758497003,VERY_LONG,3326200,2,,,{'id': 43400}
1758497005,VERY_LONG,1038700,2,,,{'id': 104120}
1758497008,VERY_LONG,33539700,2,,,{'id': 184100}
1758497014,VERY_LONG,28334000,2,,,{'id': 129029}
1758497016,VERY_LONG,2500000,1,,,{'id': 43369}
1758497020,VERY_LONG,1019600,1,,,{'id': 104104}
1758497022,VERY_LONG,28450000,2,,,{'id': 139278}
1758497024,VERY_LONG,5000000,2,,,{'id': 43334}
1758497025,VERY_LONG,2109300,2,,,{'id': 80587}
1758497028,VERY_LONG,863400,2,,,{'id': 40919}
1758497031,VERY_LONG,9693300,2,,,{'id': 149755}
1758497033,VERY_LONG,26041100,2,,,{'id': 139270}
1758498166,VERY_LONG,1002500,2,,,{'id': 87277}
1758498170,VERY_LONG,42218000,2,,,{'id': 137287}
1758498175,VERY_LONG,18263100,2,,,{'id': 137250}
1758498178,VERY_LONG,1950100,2,,,{'id': 104138}
1758498182,VERY_LONG,18500000,2,,,{'id': 162022}
1758498186,VERY_LONG,69604200,1,,,{'id': 139348}
1758498191,VERY_LONG,5759700,2,,,{'id': 162027}
1758498196,VERY_LONG,1703900,1,,,{'id': 77101}
1758498203,VERY_LONG,17886400,2,,,{'id': 162029}
1758498206,VERY_LONG,17968800,2,,,{'id': 137269}
1758498213,VERY_LONG,15480400,2,,,{'id': 139310}
1758498219,VERY_LONG,23487800,2,,,{'id': 129017}
1758498224,VERY_LONG,2450000,2,,,{'id': 41100}
1758498230,VERY_LONG,29996500,2,,,{'id': 184096}
1758498237,VERY_LONG,25008900,2,,,{'id': 129021}
1758498241,VERY_LONG,15537400,2,,,{'id': 184097}
1758498247,VERY_LONG,1832200,2,,,{'id': 45789}
1758498355,VERY_LONG,110000,218,,,{'id': 173110}
1758498378,VERY_LONG,60000,70,,,{'id': 173109}
1758498645,VERY_LONG,2692200,2,,,{'id': 80588}
1758498651,VERY_LONG,34850100,2,,,{'id': 139417}
1758498657,VERY_LONG,3750000,2,,,{'id': 87885}
1758498662,VERY_LONG,52000000,2,,,{'id': 170168}
1758498666,VERY_LONG,2692200,2,,,{'id': 87881}
1758498670,VERY_LONG,2692200,2,,,{'id': 79538}
1758498673,VERY_LONG,1120600,2,,,{'id': 43373}
1758498676,VERY_LONG,1337900,2,,,{'id': 118061}
1758498680,VERY_LONG,19965200,2,,,{'id': 129019}
1758498684,VERY_LONG,450000,1,,,{'id': 104127}
1758498689,VERY_LONG,26500900,2,,,{'id': 137293}
1758498692,VERY_LONG,43102200,2,,,{'id': 137267}
1758498696,VERY_LONG,1019600,1,,,{'id': 104104}
1758498701,VERY_LONG,25015500,2,,,{'id': 137188}
1758498703,VERY_LONG,15406500,2,,,{'id': 129018}
1758498705,VERY_LONG,1404400,1,,,{'id': 44922}
1758498708,VERY_LONG,2692200,2,,,{'id': 45768}
1758498869,VERY_LONG,4237000,11,,,{'id': 169299}
1758498883,VERY_LONG,,1,9854800,,"{'id': 118602, 'context': 0, 'bonus_lists': [116]}"
1758498892,VERY_LONG,,1,68607300,,"{'id': 62231, 'context': 0}"
1758498899,VERY_LONG,,1,35448400,,"{'id': 38322, 'context': 0}"
1758498908,VERY_LONG,,1,560060800,,"{'id': 87566, 'context': 0}"
1758498914,VERY_LONG,31559800,1,,,{'id': 112289}
1758498942,VERY_LONG,1019600,2,,,{'id': 43398}
1758498952,VERY_LONG,3963600,2,,,{'id': 87648}
1758498956,VERY_LONG,2520882800,4,,,{'id': 37156}
1758498963,VERY_LONG,2692200,2,,,{'id': 49084}
1758498970,VERY_LONG,,1,5000000,,"{'id': 43515, 'context': 0}"
1758498974,VERY_LONG,3448200,1,,,{'id': 44143}
1758498980,VERY_LONG,14854300,1,,,{'id': 83007}
1758498983,VERY_LONG,12224700,3,,,{'id': 168489}
1758498989,VERY_LONG,9805100,1,,,{'id': 112302}
1758498993,VERY_LONG,1270400,15,,,{'id': 158202}
1758498997,VERY_LONG,7212100,1,,,{'id': 112276}
1758499047,VERY_LONG,,1,325999400,,"{'id': 82800, 'context': 0, 'modifiers': [{'type': 6, 'value': 90874}], 'pet_breed_id': 6, 'pet_level': 1, 'pet_quality_id': 3, 'pet_species_id': 2718}"
1758499169,VERY_LONG,,1,5002200,,"{'id': 43656, 'context': 0}"
1758499176,VERY_LONG,1876201500,5,,,{'id': 37143}
1758499178,VERY_LONG,15016800,1,,,{'id': 112278}
1758499181,VERY_LONG,4052400,6,,,{'id': 22824}
1758499185,VERY_LONG,2749900,1,,,{'id': 37145}
1758499187,VERY_LONG,,1,49006100,,"{'id': 79339, 'context': 0}"
1758499190,VERY_LONG,,1,24043900,,"{'id': 43654, 'context': 0}"
1758499192,VERY_LONG,,1,5002600,,"{'id': 43666, 'context': 0}"
1758499194,VERY_LONG,,1,4004100,,"{'id': 43657, 'context': 0}"
1758499195,VERY_LONG,1603400,5,,,{'id': 3383}
1758499200,VERY_LONG,4060300,10,,,{'id': 5996}
1758499202,VERY_LONG,,1,8882400,,"{'id': 43667, 'context': 0}"
1758499204,VERY_LONG,,1,39992500,,"{'id': 45849, 'context': 0}"
1758499205,VERY_LONG,,1,54151800,,"{'id': 43663, 'context': 0}"
1758499209,VERY_LONG,,1,47223600,,"{'id': 43660, 'context': 0}"
1758499213,VERY_LONG,,1,47223600,,"{'id': 43660, 'context': 0}"
1758499216,VERY_LONG,,1,47223600,,"{'id': 43660, 'context': 0}"
1758499385,VERY_LONG,,1,1572852200,,"{'id': 102483, 'context': 0}"
1758499390,VERY_LONG,,1,8882400,,"{'id': 43667, 'context': 0}"
1758499395,VERY_LONG,,1,8882400,,"{'id': 43667, 'context': 0}"
1758499398,VERY_LONG,1186500,1,,,{'id': 113992}
1758499402,LONG,656000,17,,,{'id': 171288}
1758499405,VERY_LONG,,1,336749000,,"{'id': 87561, 'context': 0}"
1758499410,VERY_LONG,,1,2412038700,,"{'id': 87562, 'context': 0}"
1758499413,VERY_LONG,,1,6185100,,"{'id': 43661, 'context': 0}"
1758499420,VERY_LONG,,1,6185100,,"{'id': 43661, 'context': 0}"
1758499424,VERY_LONG,,1,24043900,,"{'id': 43654, 'context': 0}"
1758499425,VERY_LONG,,1,5002600,,"{'id': 43666, 'context': 0}"
1758499427,VERY_LONG,,1,4004100,,"{'id': 43657, 'context': 0}"
1758499429,VERY_LONG,201300,1,,,{'id': 104108}
1758499431,LONG,815200,16,,,{'id': 171289}
1758499432,VERY_LONG,,1,106026700,,"{'id': 79335, 'context': 0}"
1758499437,VERY_LONG,1200000,10,,,{'id': 118711}
1758499441,VERY_LONG,772825700,3,,,{'id': 3829}
1758499444,VERY_LONG,103823600,2,,,{'id': 67319}
1758499450,VERY_LONG,,1,54151800,,"{'id': 43663, 'context': 0}"
1758499630,LONG,872300,4,,,{'id': 176811}
1758499657,VERY_LONG,1133600,2,,,{'id': 43551}
1758499663,VERY_LONG,1956700,20,,,{'id': 158201}
1758499665,LONG,4357100,7,,,{'id': 171290}
1758499670,VERY_LONG,15061000,1,,,{'id': 112274}
1758499676,VERY_LONG,617100,2,,,{'id': 43535}
1758499680,VERY_LONG,591885500,3,,,{'id': 67348}
1758499684,VERY_LONG,10795500,10,,,{'id': 18294}
1758499688,VERY_LONG,,1,131864700,,"{'id': 79334, 'context': 0}"
1758499694,VERY_LONG,1133600,2,,,{'id': 104122}
1758499698,VERY_LONG,19983600,2,,,{'id': 172449}
1758499703,VERY_LONG,6611300,5,,,{'id': 63246}
1758499707,VERY_LONG,,1,65980300,,"{'id': 79333, 'context': 0}"
1758499713,LONG,480000,10,,,{'id': 171287}
1758499714,VERY_LONG,6238900,2,,,{'id': 112296}
1758499718,VERY_LONG,1603400,1,,,{'id': 3383}
1758499722,VERY_LONG,3920000000,2,,,{'id': 37140}
1758499726,VERY_LONG,201300,1,,,{'id': 104108}
1758499734,VERY_LONG,2728700,1,,,{'id': 87560}
1758499739,VERY_LONG,1404400,1,,,{'id': 44922}
1758499742,VERY_LONG,,1,62759800,,"{'id': 44210, 'context': 0}"
1758499830,LONG,749300,3,,,{'id': 173058}
1758499886,VERY_LONG,2877344500,3,,,{'id': 68047}
1758499889,VERY_LONG,4146300,2,,,{'id': 37159}
1758499894,VERY_LONG,2207000,1,,,{'id': 37160}
1758499898,VERY_LONG,24428500,1,,,{'id': 112287}
1758499900,VERY_LONG,25672400,1,,,{'id': 112288}
1758499901,VERY_LONG,,1,666156000,,"{'id': 62235, 'context': 0}"
1758499905,VERY_LONG,,1,12552700,,"{'id': 43655, 'context': 0}"
1758499906,VERY_LONG,,1,131864700,,"{'id': 79334, 'context': 0}"
1758499908,VERY_LONG,,1,5002600,,"{'id': 43666, 'context': 0}"
1758499910,VERY_LONG,,1,5002600,,"{'id': 43666, 'context': 0}"
1758499912,VERY_LONG,9720200,1,,,{'id': 87559}
1758499914,VERY_LONG,,1,65980300,,"{'id': 79333, 'context': 0}"
1758499916,VERY_LONG,4914200,20,,,{'id': 158204}
1758499919,VERY_LONG,,1,47223600,,"{'id': 43660, 'context': 0}"
1758499923,VERY_LONG,,1,8882400,,"{'id': 43667, 'context': 0}"
1758499927,VERY_LONG,,1,7789900,,"{'id': 43664, 'context': 0}"
1758499929,VERY_LONG,,1,7789900,,"{'id': 43664, 'context': 0}"
1758499936,VERY_LONG,,1,19994600,,"{'id': 87565, 'context': 0}"
1758499964,LONG,770000,8,,,{'id': 171269}
1758499992,LONG,3008600,18,,,{'id': 171266}
1758500067,VERY_LONG,,1,106026700,,"{'id': 79335, 'context': 0}"
1758500068,VERY_LONG,,1,49999600,,"{'id': 79342, 'context': 0}"
1758500071,VERY_LONG,1982800,2,,,{'id': 87647}
1758500074,VERY_LONG,59789200,2,,,{'id': 62323}
1758500076,VERY_LONG,,1,7789900,,"{'id': 43664, 'context': 0}"
1758500078,VERY_LONG,,1,5002200,,"{'id': 43656, 'context': 0}"
1758500081,VERY_LONG,21662400,1,,,{'id': 44155}
1758500087,VERY_LONG,14075400,1,,,{'id': 112293}
1758500090,VERY_LONG,,1,12552700,,"{'id': 43655, 'context': 0}"
1758500091,VERY_LONG,,1,35448400,,"{'id': 38322, 'context': 0}"
1758500094,VERY_LONG,,1,6665300,,"{'id': 118603, 'context': 0, 'bonus_lists': [167]}"
1758500095,LONG,90000,5,,,{'id': 171263}
1758500097,VERY_LONG,1200000,50,,,{'id': 60838}
1758500100,VERY_LONG,,1,24043900,,"{'id': 43654, 'context': 0}"
1758501152,LONG,30000,20,,,{'id': 171370}
1758501153,LONG,1879900,1,,,{'id': 153668}
1758501156,LONG,1436500,1,,,{'id': 172359}
1758501159,LONG,1436500,1,,,{'id': 172358}
1758501165,LONG,3582200,1,,,{'id': 172412}
1758501168,LONG,1513400,1,,,{'id': 165016}
1758501194,LONG,30000,4,,,{'id': 171370}
1758501532,VERY_LONG,,1,192160000,,"{'id': 172315, 'context': 64, 'bonus_lists': [6717, 1507]}"
1758501871,LONG,484800,3,,,{'id': 172050}
1758501878,LONG,516900,18,,,{'id': 172051}
1758501883,LONG,7900400,10,,,{'id': 171291}
1758501888,LONG,534000,12,,,{'id': 172047}
1758501899,LONG,2593100,5,,,{'id': 171263}
1758501914,LONG,87500,19,,,{'id': 172068}
1758501920,LONG,480000,10,,,{'id': 171287}
1758501928,LONG,495700,20,,,{'id': 171268}
1758501938,LONG,4700000,10,,,{'id': 171278}
1758501956,LONG,398000,9,,,{'id': 171286}
1758501969,LONG,343200,20,,,{'id': 171267}
1758501981,LONG,366700,3,,,{'id': 172063}
1758501993,LONG,7000000,20,,,{'id': 171349}
1758501997,LONG,408200,18,,,{'id': 172061}
1758502316,LONG,66800,20,,,{'id': 172048}
1758502321,LONG,87700,20,,,{'id': 172046}
1758502329,LONG,703000,9,,,{'id': 172040}
1758502335,LONG,4357100,10,,,{'id': 171290}
1758502342,LONG,151100,15,,,{'id': 172069}
1758502347,LONG,87500,1,,,{'id': 172068}
1758502354,LONG,1027800,18,,,{'id': 172041}
1758502357,LONG,280000,18,,,{'id': 172044}
1758502362,LONG,534000,6,,,{'id': 172047}
1758502537,VERY_LONG,,1,2976300,,"{'id': 3679, 'context': 11, 'modifiers': [{'type': 28, 'value': 1793}]}"
1758502559,VERY_LONG,30000,2,,,{'id': 138729}
1758502586,VERY_LONG,3805800,12,,,{'id': 116276}
1758502916,LONG,700000,1,,,{'id': 118472}
1758502927,LONG,129900,15,,,{'id': 172063}
1758502931,LONG,,1,22000000,,"{'id': 128311, 'context': 31, 'modifiers': [{'type': 28, 'value': 872}]}"
1758502993,LONG,,1,9500000,,"{'id': 87526, 'context': 0}"
1758503085,LONG,,1,500000000,,"{'id': 95416, 'context': 0, 'modifiers': [{'type': 28, 'value': 872}]}"
1758504226,VERY_LONG,720000,1,,,{'id': 172094}
1758504446,LONG,1400,191,,,{'id': 21877}
1758504575,LONG,320000,5,,,{'id': 172061}
1758504621,LONG,665000,3,,,{'id': 160053}
1758504742,LONG,1609900,26,,,{'id': 172232}
1758508821,LONG,720000,20,,,{'id': 172094}
1758508899,LONG,203600,6,,,{'id': 172047}
1758508928,LONG,,1,13009900,,"{'id': 82800, 'context': 0, 'modifiers': [{'type': 6, 'value': 59577}], 'pet_breed_id': 17, 'pet_level': 1, 'pet_quality_id': 3, 'pet_species_id': 1531}"
1758508952,LONG,2459200,1,,,{'id': 163224}
1758508968,LONG,1990000,1,,,{'id': 163222}
1758508987,LONG,700000,3,,,{'id': 118472}
1758508992,VERY_LONG,,1,10000000,,"{'id': 177807, 'context': 0, 'bonus_lists': [6706], 'modifiers': [{'type': 9, 'value': 60}, {'type': 28, 'value': 746}]}"
1758509023,LONG,48600,4,,,{'id': 152550}
1758509030,LONG,98600,1,,,{'id': 120257}
1758509061,LONG,40000,1,,,{'id': 5785}
1758509072,LONG,42600,1,,,{'id': 163225}
1758509086,LONG,7800,14,,,{'id': 32428}
1758509098,LONG,1372800,3,,,{'id': 163223}
1758510117,LONG,140000,5,,,{'id': 32231}
1758510143,LONG,98000,7,,,{'id': 32229}
1758510162,LONG,348000,5,,,{'id': 32227}
1758510175,LONG,320000,2,,,{'id': 2934}
1758510305,LONG,405000,1,,,{'id': 168586}
1758510370,LONG,2500,20,,,{'id': 113264}
1758510398,LONG,2500,1,,,{'id': 113262}
1758510425,LONG,14500,18,,,{'id': 109129}
1758510555,LONG,,1,110000,,"{'id': 32747, 'context': 3, 'modifiers': [{'type': 28, 'value': 1014}]}"
1758510560,LONG,,1,110000,,"{'id': 32747, 'context': 3, 'modifiers': [{'type': 28, 'value': 1014}]}"
1758513212,LONG,3008600,10,,,{'id': 171266}
1758513220,LONG,9900000,11,,,{'id': 172042}
1758513226,LONG,839000,1,,,{'id': 172045}
1758513328,LONG,,1,3499900,,"{'id': 173131, 'context': 13, 'modifiers': [{'type': 29, 'value': 32}]}"
1758513877,LONG,,1,8002100,,"{'id': 173133, 'context': 13, 'modifiers': [{'type': 29, 'value': 40}]}"
1758513885,LONG,,1,8002100,,"{'id': 173133, 'context': 13, 'modifiers': [{'type': 29, 'value': 49}]}"
1758513909,LONG,,1,4134200,,"{'id': 173132, 'context': 13, 'modifiers': [{'type': 29, 'value': 32}]}"
1758513914,LONG,,1,4134200,,"{'id': 173132, 'context': 13, 'modifiers': [{'type': 29, 'value': 36}]}"
1758513918,LONG,,1,4134200,,"{'id': 173132, 'context': 13, 'modifiers': [{'type': 29, 'value': 36}]}"
1758514488,LONG,3269400,9,,,{'id': 180055}
1758514492,LONG,,1,3335400,,"{'id': 172350, 'context': 13, 'modifiers': [{'type': 29, 'value': 40}, {'type': 30, 'value': 32}]}"
1758515094,LONG,,1,2048000,,"{'id': 173194, 'context': 0, 'bonus_lists': [6887], 'modifiers': [{'type': 9, 'value': 60}, {'type': 28, 'value': 391}, {'type': 29, 'value': 40}, {'type': 30, 'value': 32}]}"
1758515097,LONG,,1,2048000,,"{'id': 173194, 'context': 0, 'bonus_lists': [6887], 'modifiers': [{'type': 9, 'value': 60}, {'type': 28, 'value': 391}, {'type': 29, 'value': 49}, {'type': 30, 'value': 36}]}"
1758515099,LONG,,1,4300000,,"{'id': 173195, 'context': 0, 'modifiers': [{'type': 29, 'value': 40}, {'type': 30, 'value': 36}]}"
1758516113,LONG,,1,336749000,,"{'id': 87561, 'context': 0}"
1758516133,LONG,,1,25649300,,"{'id': 173221, 'context': 0, 'bonus_lists': [6893, 7185], 'modifiers': [{'type': 9, 'value': 60}, {'type': 28, 'value': 391}, {'type': 29, 'value': 40}, {'type': 30, 'value': 49}]}"
1758516136,LONG,,1,15000000,,"{'id': 173218, 'context': 0, 'bonus_lists': [6893, 7185], 'modifiers': [{'type': 9, 'value': 60}, {'type': 28, 'value': 391}, {'type': 29, 'value': 32}, {'type': 30, 'value': 49}]}"
1758517402,LONG,134921700,2,,,{'id': 147119}
1758517412,LONG,2500000,2,,,{'id': 80588}
1758517414,LONG,22750000,1,,,{'id': 38799}
1758517419,LONG,9000000,2,,,{'id': 43394}
1758517423,LONG,9693300,1,,,{'id': 149755}
1758517428,LONG,23580200,1,,,{'id': 128552}
1758517432,LONG,5000000,2,,,{'id': 43334}
1758517447,LONG,9454200,2,,,{'id': 89868}
1758517448,LONG,,1,13300500,,"{'id': 127035, 'context': 0}"
1758517449,LONG,,1,13300500,,"{'id': 127035, 'context': 0}"
1758517451,LONG,,1,13300500,,"{'id': 127035, 'context': 0}"
1758517454,LONG,,1,13300500,,"{'id': 127035, 'context': 0}"
1758517460,LONG,2290600,2,,,{'id': 45768}
1758517463,LONG,30228200,1,,,{'id': 52747}
1758517469,LONG,40732800,1,,,{'id': 38804}
1758517474,LONG,2269600,1,,,{'id': 82443}
1758517478,LONG,5088700,1,,,{'id': 38785}
1758517483,LONG,5853800,2,,,{'id': 87392}
1758517488,LONG,54763300,1,,,{'id': 52751}
1758517493,LONG,9889900,1,,,{'id': 74724}
1758517499,LONG,19380000,1,,,{'id': 54447}
1758517502,LONG,18771300,2,,,{'id': 167539}
1758517505,LONG,18834700,1,,,{'id': 128546}
1758517508,LONG,13999900,2,,,{'id': 52757}
1758517509,LONG,16479500,1,,,{'id': 128553}
1758517513,LONG,18500000,2,,,{'id': 162022}
1758517516,LONG,67969900,2,,,{'id': 38805}
1758517520,LONG,22499900,1,,,{'id': 141909}
1758517532,LONG,9889900,1,,,{'id': 74726}
1758517544,LONG,5759700,1,,,{'id': 162027}
1758517552,LONG,33539700,2,,,{'id': 184100}
1758517554,LONG,22004600,2,,,{'id': 168412}
1758517557,LONG,34689200,1,,,{'id': 136825}
1758517561,LONG,49134900,2,,,{'id': 141898}
1758517565,LONG,11594000,1,,,{'id': 129018}
1758517566,LONG,18959900,1,,,{'id': 82444}
1758517574,LONG,17886400,2,,,{'id': 162029}
1758517577,LONG,29996500,2,,,{'id': 184096}
1758517580,LONG,4888800,1,,,{'id': 74723}
1758517582,LONG,15537400,2,,,{'id': 184097}
1758517586,LONG,6350400,1,,,{'id': 87580}
1758517588,LONG,23245700,1,,,{'id': 128551}
1758517589,VERY_LONG,704300,2,,,{'id': 171315}
1758517593,LONG,,1,11735500,,"{'id': 10008, 'context': 0}"
1758517595,LONG,9983900,1,,,{'id': 38810}
1758517655,VERY_LONG,60000,2,,,{'id': 173109}
1758517705,VERY_LONG,5000000,3,,,{'id': 173037}
1758519501,VERY_LONG,7190000,1,,,{'id': 172097}
1758519527,VERY_LONG,720000,3,,,{'id': 172094}
1758519657,VERY_LONG,500000,2632,,,{'id': 124669}
1758519715,VERY_LONG,,1,30000100,,"{'id': 126926, 'context': 14}"
1758519720,VERY_LONG,,1,30000100,,"{'id': 126926, 'context': 14}"
1758519722,VERY_LONG,,1,30000100,,"{'id': 126926, 'context': 14}"
1758519726,VERY_LONG,,1,30000100,,"{'id': 126926, 'context': 14}"
1758519742,VERY_LONG,,1,76209900,,"{'id': 82800, 'context': 0, 'modifiers': [{'type': 6, 'value': 59603}], 'pet_breed_id': 18, 'pet_level': 11, 'pet_quality_id': 2, 'pet_species_id': 1596}"
1758519752,LONG,3397660600,1,,,{'id': 168448}
1758519757,LONG,2269600,1,,,{'id': 82443}
1758519764,LONG,907800,1,,,{'id': 177660}
1758519767,LONG,10991600,3,,,{'id': 177659}
1758519771,LONG,10991600,1,,,{'id': 172418}
1758519773,LONG,2507000,2,,,{'id': 172363}
1758519775,LONG,10000000,1,,,{'id': 168427}
1758519779,LONG,,1,968400,929700,"{'id': 4330, 'context': 0}"
1758519784,LONG,,1,968400,929700,"{'id': 4330, 'context': 0}"
1758519787,LONG,,1,199800,187800,"{'id': 21841, 'context': 0}"
1758519797,LONG,,1,199800,187800,"{'id': 21841, 'context': 0}"
1758519800,LONG,,1,5698000,5356100,"{'id': 22246, 'context': 0}"
1758519806,LONG,,1,539800,518200,"{'id': 6787, 'context': 1}"
1758519809,LONG,,1,539800,518200,"{'id': 6787, 'context': 1}"
1758519815,LONG,,1,70586800,66351600,"{'id': 54446, 'context': 0}"
1758519819,LONG,,1,70586800,66351600,"{'id': 54446, 'context': 0}"
1758519823,LONG,3749800,1,,,{'id': 74729}
1758519826,LONG,,1,147522800,,"{'id': 128535, 'context': 13}"
1758519830,LONG,9421700,1,,,{'id': 153479}
1758519834,LONG,4440000,1,,,{'id': 168447}
1758519839,LONG,5500000,1,,,{'id': 110646}
1758519840,LONG,10991600,2,,,{'id': 177715}
1758519844,LONG,,1,10825900,10392900,"{'id': 6796, 'context': 1}"
1758519848,LONG,,1,10825900,10392900,"{'id': 6796, 'context': 1}"
1758519855,LONG,5500000,1,,,{'id': 110652}
1758519857,LONG,,1,3375200,3240200,"{'id': 41251, 'context': 1}"
1758519860,LONG,,1,15707800,,"{'id': 138790, 'context': 13}"
1758520004,VERY_LONG,,1,99990100,,"{'id': 118101, 'context': 0}"
1758520178,LONG,300800,2,,,{'id': 153431}
1758520185,LONG,,1,85734100,82304700,"{'id': 128534, 'context': 13}"
1758520192,LONG,,1,44438800,42661200,"{'id': 128533, 'context': 13}"
1758520201,LONG,,1,539800,518200,"{'id': 6787, 'context': 1}"
1758520205,LONG,,1,539800,518200,"{'id': 6787, 'context': 0}"
1758520213,LONG,,1,122279000,,"{'id': 170325, 'context': 13, 'bonus_lists': [1685]}"
1758520220,LONG,,1,68776800,,"{'id': 170320, 'context': 13, 'bonus_lists': [1683]}"
1758520228,LONG,1319000,1,,,{'id': 172357}
1758520237,LONG,,1,120212900,,"{'id': 170340, 'context': 13, 'bonus_lists': [1707]}"
1758520246,LONG,,1,120212900,,"{'id': 170340, 'context': 13, 'bonus_lists': [1709]}"
1758520252,LONG,,1,12145200,,"{'id': 170327, 'context': 13, 'bonus_lists': [1698]}"
1758520259,LONG,21641000,1,,,{'id': 41603}
1758520263,LONG,,1,6315800,6063200,"{'id': 10052, 'context': 1}"
1758520272,LONG,,1,10337700,9924200,"{'id': 10040, 'context': 0}"
1758520275,LONG,,1,84943000,81545300,"{'id': 43584, 'context': 1}"
1758520285,LONG,,1,1583200,1519900,"{'id': 2579, 'context': 1}"
1758520295,LONG,,1,12795800,12284000,"{'id': 82397, 'context': 1, 'bonus_lists': [1684]}"
1758520301,LONG,,1,12795800,12284000,"{'id': 82397, 'context': 1, 'bonus_lists': [1693]}"
1758520309,LONG,,1,2834100,2720700,"{'id': 10054, 'context': 1}"
1758520317,LONG,,1,74876100,71881100,"{'id': 151772, 'context': 1}"
1758520321,LONG,,1,3920000000,3684800000,"{'id': 21843, 'context': 0}"
1758520328,LONG,,1,3920000000,3684800000,"{'id': 21843, 'context': 0}"
1758520334,LONG,,1,3920000000,3684800000,"{'id': 21843, 'context': 0}"
1758520339,LONG,,1,3920000000,3684800000,"{'id': 21843, 'context': 0}"
1758520343,LONG,,1,49799000,47807000,"{'id': 10003, 'context': 0}"
1758520348,LONG,,1,78426300,,"{'id': 170324, 'context': 13, 'bonus_lists': [1676]}"
1758520352,LONG,2000000,1,,,{'id': 41601}
1758520954,LONG,,1,4501700,4321600,"{'id': 6240, 'context': 1}"
1758520958,LONG,907800,9,,,{'id': 177716}
1758520959,LONG,,1,10337700,9924200,"{'id': 10040, 'context': 1}"
1758520960,LONG,,1,15730000,15100800,"{'id': 10030, 'context': 1}"
1758520963,LONG,,1,12680700,12173500,"{'id': 10009, 'context': 1}"
1758520967,LONG,,1,7897900,,"{'id': 170323, 'context': 13, 'bonus_lists': [1709]}"
1758520968,LONG,,1,7897900,,"{'id': 170323, 'context': 13, 'bonus_lists': [1684]}"
1758520970,LONG,,1,7897900,,"{'id': 170323, 'context': 13, 'bonus_lists': [1688]}"
1758520972,LONG,,1,1588300,1524800,"{'id': 4307, 'context': 1}"
1758520975,LONG,10991600,1,,,{'id': 172415}
1758520977,LONG,,1,122279000,,"{'id': 170325, 'context': 13, 'bonus_lists': [1678]}"
1758520980,LONG,,1,3035300,2913900,"{'id': 17723, 'context': 1}"
1758520983,LONG,,1,3035300,2913900,"{'id': 17723, 'context': 1}"
1758520990,LONG,,1,54075100,51912100,"{'id': 67275, 'context': 1}"
1758520992,LONG,,1,54075100,51912100,"{'id': 67275, 'context': 1}"
1758520998,LONG,1754800,2,,,{'id': 169456}
1758521001,LONG,,1,9999500,9599500,"{'id': 6263, 'context': 1}"
1758521004,LONG,,1,911300,874800,"{'id': 2587, 'context': 1}"
1758521007,LONG,,1,12145200,,"{'id': 170327, 'context': 13, 'bonus_lists': [1703]}"
1758521012,LONG,,1,12145200,,"{'id': 170327, 'context': 13, 'bonus_lists': [1715]}"
1758521015,LONG,6566900,1,,,{'id': 128559}
1758521019,LONG,,1,90341200,86727600,"{'id': 138789, 'context': 13}"
1758521023,LONG,,1,1296900,1245000,"{'id': 2577, 'context': 1}"
1758521026,LONG,,1,6315800,6063200,"{'id': 10052, 'context': 1}"
1758521030,LONG,,1,5055300,4853100,"{'id': 6384, 'context': 1}"
1758521034,LONG,,1,20211600,19403100,"{'id': 161978, 'context': 13, 'bonus_lists': [1688, 4927]}"
1758521037,LONG,,1,78426300,,"{'id': 170324, 'context': 13, 'bonus_lists': [1681]}"
1758521450,LONG,19380000,1,,,{'id': 54447}
1758521455,LONG,,1,2483500,2384200,"{'id': 2576, 'context': 1}"
1758521462,LONG,,1,78426300,,"{'id': 170324, 'context': 13, 'bonus_lists': [1701]}"
1758521470,LONG,,1,78426300,,"{'id': 170324, 'context': 13, 'bonus_lists': [1679]}"
1758521474,LONG,,1,12477100,11978000,"{'id': 54474, 'context': 1}"
1758521480,LONG,,1,8477200,8138100,"{'id': 2578, 'context': 1}"
1758521485,LONG,,1,16522000,15861100,"{'id': 161981, 'context': 13, 'bonus_lists': [1711, 4927]}"
1758521493,LONG,,1,16202000,15553900,"{'id': 138793, 'context': 13}"
1758521500,LONG,,1,4554600,4372400,"{'id': 172462, 'context': 13, 'modifiers': [{'type': 29, 'value': 32}, {'type': 30, 'value': 40}]}"
1758521505,LONG,2507000,2,,,{'id': 172361}
1758521512,LONG,299300,1,,,{'id': 153437}
1758521521,LONG,,1,90341200,86727600,"{'id': 138789, 'context': 13}"
1758521526,LONG,,1,5055300,4853100,"{'id': 6384, 'context': 1}"
1758521531,LONG,,1,6315800,6063200,"{'id': 10052, 'context': 1}"
1758521538,LONG,,1,5590000,5254600,"{'id': 41599, 'context': 0}"
1758521548,LONG,,1,5590000,5254600,"{'id': 41599, 'context': 0}"
1758521555,LONG,,1,45925000,44088000,"{'id': 161983, 'context': 13, 'bonus_lists': [1688, 4926]}"
1758521561,LONG,,1,13659800,13113400,"{'id': 114831, 'context': 13, 'bonus_lists': [148]}"
1758521568,LONG,,1,2505700,2405500,"{'id': 2582, 'context': 1}"
1758521576,LONG,,1,16097900,15454000,"{'id': 10026, 'context': 0}"
1758521584,LONG,,1,7897900,,"{'id': 170323, 'context': 13, 'bonus_lists': [1713]}"
1758521589,LONG,,1,2834100,2720700,"{'id': 10054, 'context': 1}"
1758521598,LONG,,1,3410600,3274200,"{'id': 6795, 'context': 1}"
1758521609,LONG,,1,1205000,1156800,"{'id': 10056, 'context': 1}"
1758521616,LONG,,1,10677300,10250200,"{'id': 4336, 'context': 0}"
1758521624,LONG,1319000,1,,,{'id': 172358}
1758521630,LONG,,1,243542600,,"{'id': 98603, 'context': 1}"
1758521840,LONG,7190000,1,,,{'id': 172097}
1758521871,LONG,704300,6,,,{'id': 171315}
1758521901,LONG,13743200,23,,,{'id': 171276}
1758521934,LONG,,1,8423200,,"{'id': 71951, 'context': 0}"
1758521936,LONG,,1,8423200,,"{'id': 71951, 'context': 0}"
1758521972,LONG,30000,1,,,{'id': 171370}
1758521976,LONG,720000,8,,,{'id': 172094}
1758523268,LONG,,1,12477100,11978000,"{'id': 54474, 'context': 1}"
1758523274,LONG,,1,539800,518200,"{'id': 6787, 'context': 1}"
1758523280,LONG,,1,8527700,8186600,"{'id': 138791, 'context': 13}"
1758523286,LONG,,1,50000100,48000100,"{'id': 138795, 'context': 13}"
1758523296,LONG,725000,1,,,{'id': 172414}
1758523299,LONG,,1,1583200,1519900,"{'id': 2579, 'context': 1}"
1758523309,LONG,1319000,1,,,{'id': 172360}
1758523316,LONG,3920000000,1,,,{'id': 168449}
1758523321,LONG,,1,53660000,51513600,"{'id': 43970, 'context': 1}"
1758523325,LONG,,1,472911700,453995200,"{'id': 47585, 'context': 0}"
1758523332,LONG,,1,911300,874800,"{'id': 2587, 'context': 1}"
1758523338,LONG,,1,3920000000,3684800000,"{'id': 21843, 'context': 0}"
1758523347,LONG,,1,3920000000,3684800000,"{'id': 21843, 'context': 0}"
1758523353,LONG,,1,10623540100,10198598500,"{'id': 21872, 'context': 0}"
1758523361,LONG,,1,1550000,1488000,"{'id': 9999, 'context': 0}"
1758523367,LONG,,1,540300,,"{'id': 10053, 'context': 1}"
1758523375,LONG,,1,540300,,"{'id': 10053, 'context': 1}"
1758523382,LONG,,1,2341500,2247800,"{'id': 41519, 'context': 1}"
1758523387,LONG,2749700,1,,,{'id': 82442}
1758523393,LONG,,1,5590000,5254600,"{'id': 41599, 'context': 0}"
1758523401,LONG,5915600,2,,,{'id': 168592}
1758523407,LONG,,1,18789600,,"{'id': 42101, 'context': 1}"
1758523414,LONG,,1,1899400,1823400,"{'id': 41255, 'context': 1}"
1758523422,LONG,,1,1205000,1156800,"{'id': 10056, 'context': 1}"
1758523430,LONG,,1,11693800,11226000,"{'id': 38277, 'context': 0}"
1758523438,LONG,8602100,1,,,{'id': 112115}
1758523445,LONG,,1,35984300,34544900,"{'id': 6836, 'context': 0}"
1758523696,LONG,,1,2483500,2384200,"{'id': 2576, 'context': 1}"
1758523701,LONG,,1,75000000,72000000,"{'id': 151790, 'context': 1}"
1758523710,LONG,2038900,1,,,{'id': 159788}
1758523719,LONG,,1,4500000,4320000,"{'id': 10034, 'context': 1}"
1758523724,LONG,9940000,1,,,{'id': 168593}
1758523728,LONG,32912200,1,,,{'id': 54449}
1758523732,LONG,,1,8527700,8186600,"{'id': 138791, 'context': 13}"
1758523737,LONG,1597500,1,,,{'id': 153440}
1758523742,LONG,,1,72532200,69630900,"{'id': 151771, 'context': 1}"
1758523749,LONG,10991600,4,,,{'id': 177962}
1758523758,LONG,,1,3920000000,3684800000,"{'id': 21843, 'context': 0}"
1758523770,LONG,,1,3920000000,3684800000,"{'id': 21843, 'context': 0}"
1758523776,LONG,,1,3920000000,3684800000,"{'id': 21843, 'context': 0}"
1758523781,LONG,,1,3920000000,3684800000,"{'id': 21843, 'context': 0}"
1758523786,LONG,,1,3920000000,3684800000,"{'id': 21843, 'context': 0}"
1758523797,LONG,,1,540300,,"{'id': 10053, 'context': 1}"
1758523802,LONG,,1,69625500,66840500,"{'id': 161978, 'context': 13, 'bonus_lists': [1714, 4927]}"
1758523806,LONG,,1,5590000,5254600,"{'id': 41599, 'context': 0}"
1758523812,LONG,2038900,2,,,{'id': 159787}
1758523818,LONG,,1,9995300,9545300,"{'id': 54445, 'context': 0}"
1758523821,LONG,604600,1,,,{'id': 153430}
1758523828,LONG,,1,2341500,2247800,"{'id': 41519, 'context': 1}"
1758523836,LONG,1319000,6,,,{'id': 172359}
1758523842,LONG,,1,593000,569300,"{'id': 4344, 'context': 1}"
1758523845,LONG,,1,593000,569300,"{'id': 4344, 'context': 1}"
1758523848,LONG,,1,4259200,4088800,"{'id': 10055, 'context': 0}"
1758523983,LONG,,1,142625400,,"{'id': 116531, 'context': 23, 'bonus_lists': [6655, 165, 550], 'modifiers': [{'type': 9, 'value': 40}, {'type': 28, 'value': 1192}]}"
1758523985,LONG,,1,75801700,,"{'id': 14673, 'context': 1, 'bonus_lists': [6654], 'modifiers': [{'type': 9, 'value': 30}, {'type': 28, 'value': 218}]}"
1758523988,LONG,,1,143511600,,"{'id': 6511, 'context': 1, 'bonus_lists': [6654], 'modifiers': [{'type': 9, 'value': 30}, {'type': 28, 'value': 202}]}"
1758523990,LONG,,1,35956200,,"{'id': 9865, 'context': 1, 'bonus_lists': [6654, 1692], 'modifiers': [{'type': 9, 'value': 30}, {'type': 28, 'value': 211}]}"
1758523993,LONG,,1,63201600,,"{'id': 14117, 'context': 1, 'bonus_lists': [6654, 1706], 'modifiers': [{'type': 9, 'value': 30}, {'type': 28, 'value': 193}]}"
1758523996,LONG,815200,10,,,{'id': 171289}
1758523997,LONG,,1,55282600,,"{'id': 3645, 'context': 1, 'bonus_lists': [6654], 'modifiers': [{'type': 9, 'value': 30}, {'type': 28, 'value': 202}]}"
1758524001,LONG,,1,11896100,,"{'id': 179329, 'context': 0, 'bonus_lists': [6908, 6652, 1717], 'modifiers': [{'type': 9, 'value': 60}, {'type': 28, 'value': 2060}]}"
1758524003,LONG,,1,221201800,,"{'id': 15168, 'context': 1, 'bonus_lists': [6654, 1709], 'modifiers': [{'type': 9, 'value': 30}, {'type': 28, 'value': 218}]}"
1758524005,LONG,,1,12390800,,"{'id': 10171, 'context': 1, 'bonus_lists': [6654, 1693], 'modifiers': [{'type': 9, 'value': 30}, {'type': 28, 'value': 216}]}"
1758524008,LONG,,1,99792900,,"{'id': 7331, 'context': 1, 'bonus_lists': [6655, 1709], 'modifiers': [{'type': 9, 'value': 30}, {'type': 28, 'value': 211}]}"
1758524009,LONG,,1,32007000,,"{'id': 7407, 'context': 1, 'bonus_lists': [6654, 1694], 'modifiers': [{'type': 9, 'value': 30}, {'type': 28, 'value': 211}]}"
1758524012,LONG,203600,15,,,{'id': 172047}
1758524014,LONG,4357100,4,,,{'id': 171290}
1758524015,LONG,,1,68912500,,"{'id': 15630, 'context': 1, 'bonus_lists': [6654, 1681], 'modifiers': [{'type': 9, 'value': 30}, {'type': 28, 'value': 218}]}"
1758524018,LONG,,1,31098100,,"{'id': 10074, 'context': 1, 'bonus_lists': [6654, 1707], 'modifiers': [{'type': 9, 'value': 30}, {'type': 28, 'value': 216}]}"
1758524023,LONG,,1,113618700,,"{'id': 6044, 'context': 1, 'modifiers': [{'type': 28, 'value': 211}]}"
1758524027,LONG,,1,25000000,,"{'id': 9832, 'context': 1, 'bonus_lists': [6654, 1707], 'modifiers': [{'type': 9, 'value': 30}, {'type': 28, 'value': 211}]}"
1758524033,LONG,480000,10,,,{'id': 171287}
1758524034,LONG,,1,4922800,,"{'id': 15245, 'context': 1, 'bonus_lists': [6655, 1693], 'modifiers': [{'type': 9, 'value': 30}, {'type': 28, 'value': 218}]}"
1758524038,LONG,,1,45391700,,"{'id': 14607, 'context': 1, 'bonus_lists': [6655], 'modifiers': [{'type': 9, 'value': 30}, {'type': 28, 'value': 206}]}"
1758524041,LONG,245500,5,,,{'id': 4234}
1758524045,LONG,,1,24060000,,"{'id': 15146, 'context': 1, 'bonus_lists': [6654, 1681], 'modifiers': [{'type': 9, 'value': 30}, {'type': 28, 'value': 206}]}"
1758524049,LONG,,1,108714200,,"{'id': 36251, 'context': 1, 'bonus_lists': [6654, 1692], 'modifiers': [{'type': 9, 'value': 30}, {'type': 28, 'value': 239}]}"
1758524053,LONG,,1,702599000,,"{'id': 5819, 'context': 1, 'bonus_lists': [6710], 'modifiers': [{'type': 9, 'value': 30}, {'type': 28, 'value': 211}]}"
1758524057,LONG,,1,117737900,,"{'id': 4716, 'context': 1, 'bonus_lists': [6654], 'modifiers': [{'type': 9, 'value': 30}, {'type': 28, 'value': 211}]}"
1758524059,LONG,,1,105705200,,"{'id': 7408, 'context': 1, 'bonus_lists': [6654, 1677], 'modifiers': [{'type': 9, 'value': 30}, {'type': 28, 'value': 211}]}"
1758524064,LONG,,1,123386700,,"{'id': 7408, 'context': 1, 'bonus_lists': [6654, 1706], 'modifiers': [{'type': 9, 'value': 30}, {'type': 28, 'value': 211}]}"
1758524068,LONG,2900,5,,,{'id': 2592}
1758524072,LONG,,1,51197800,,"{'id': 7368, 'context': 1, 'bonus_lists': [6654, 1695], 'modifiers': [{'type': 9, 'value': 30}, {'type': 28, 'value': 211}]}"
1758524079,LONG,,1,24399000,,"{'id': 6399, 'context': 1, 'bonus_lists': [6654], 'modifiers': [{'type': 9, 'value': 30}, {'type': 28, 'value': 211}]}"
1758524084,LONG,,1,211996500,,"{'id': 14397, 'context': 1, 'bonus_lists': [6654], 'modifiers': [{'type': 9, 'value': 30}, {'type': 28, 'value': 280}]}"
1758524087,LONG,,1,33515600,,"{'id': 7406, 'context': 1, 'bonus_lists': [6654, 1681], 'modifiers': [{'type': 9, 'value': 30}, {'type': 28, 'value': 211}]}"
1758524093,LONG,172700,5,,,{'id': 4304}
1758524099,LONG,,1,45683200,,"{'id': 15561, 'context': 1, 'bonus_lists': [6654, 1709], 'modifiers': [{'type': 9, 'value': 30}, {'type': 28, 'value': 280}]}"
1758524101,LONG,,1,90082800,,"{'id': 14265, 'context': 1, 'bonus_lists': [6654, 1709], 'modifiers': [{'type': 9, 'value': 30}, {'type': 28, 'value': 218}]}"
1758524105,LONG,,1,342299300,,"{'id': 14913, 'context': 1, 'bonus_lists': [6654, 1707], 'modifiers': [{'type': 9, 'value': 30}, {'type': 28, 'value': 218}]}"
1758524110,LONG,,1,77652600,,"{'id': 15134, 'context': 1, 'bonus_lists': [6654, 1679], 'modifiers': [{'type': 9, 'value': 30}, {'type': 28, 'value': 280}]}"
1758524113,LONG,,1,34866600,,"{'id': 14220, 'context': 1, 'bonus_lists': [6654, 1677], 'modifiers': [{'type': 9, 'value': 30}, {'type': 28, 'value': 206}]}"
1758524114,LONG,720000,3,,,{'id': 172094}
1758524117,LONG,,1,18564600,,"{'id': 6454, 'context': 1, 'modifiers': [{'type': 28, 'value': 206}]}"
1758524120,LONG,,1,40773800,,"{'id': 14588, 'context': 1, 'bonus_lists': [6654], 'modifiers': [{'type': 9, 'value': 30}, {'type': 28, 'value': 280}]}"
1758524123,LONG,7500,5,,,{'id': 4338}
1758524127,LONG,,1,370958700,,"{'id': 7413, 'context': 1, 'bonus_lists': [6654, 1709], 'modifiers': [{'type': 9, 'value': 30}, {'type': 28, 'value': 211}]}"
1758524132,LONG,,1,370958700,,"{'id': 7413, 'context': 1, 'bonus_lists': [6654, 1705], 'modifiers': [{'type': 9, 'value': 30}, {'type': 28, 'value': 211}]}"
1758524142,LONG,,1,25002700,,"{'id': 4076, 'context': 1, 'bonus_lists': [6654], 'modifiers': [{'type': 9, 'value': 30}, {'type': 28, 'value': 211}]}"
1758524149,LONG,125300,5,,,{'id': 8170}
1758524155,LONG,,1,72919900,,"{'id': 6603, 'context': 1, 'bonus_lists': [6654, 1691], 'modifiers': [{'type': 9, 'value': 30}, {'type': 28, 'value': 211}]}"
1758524164,LONG,,1,7267800,,"{'id': 5956, 'context': 14}"
1758524167,LONG,,1,20004600,,"{'id': 15158, 'context': 1, 'bonus_lists': [6654, 1678], 'modifiers': [{'type': 9, 'value': 30}, {'type': 28, 'value': 280}]}"
1758524174,LONG,,1,112748600,,"{'id': 9868, 'context': 1, 'bonus_lists': [6654, 1708], 'modifiers': [{'type': 9, 'value': 30}, {'type': 28, 'value': 211}]}"
1758524176,LONG,,1,76911200,,"{'id': 14981, 'context': 1, 'bonus_lists': [6654, 1691], 'modifiers': [{'type': 9, 'value': 30}, {'type': 28, 'value': 218}]}"
1758524185,LONG,,1,12725900,,"{'id': 36054, 'context': 1, 'bonus_lists': [6654, 1691], 'modifiers': [{'type': 9, 'value': 30}, {'type': 28, 'value': 239}]}"
1758524193,LONG,,1,40276000,,"{'id': 9826, 'context': 1, 'bonus_lists': [6654, 1678], 'modifiers': [{'type': 9, 'value': 30}, {'type': 28, 'value': 211}]}"
1758524205,LONG,10000,5,,,{'id': 4306}
1758524210,LONG,,1,21003200,,"{'id': 9862, 'context': 1, 'bonus_lists': [6654, 1681], 'modifiers': [{'type': 9, 'value': 30}, {'type': 28, 'value': 211}]}"
1758524214,LONG,,1,124744000,,"{'id': 7423, 'context': 1, 'bonus_lists': [6654, 1692], 'modifiers': [{'type': 9, 'value': 30}, {'type': 28, 'value': 211}]}"
1758524219,LONG,5000000,12,,,{'id': 173037}
1758524220,LONG,,1,142408700,,"{'id': 15149, 'context': 1, 'bonus_lists': [6654, 1680], 'modifiers': [{'type': 9, 'value': 30}, {'type': 28, 'value': 280}]}"
1758524225,LONG,,1,4501700,4321600,"{'id': 6240, 'context': 1}"
1758524226,LONG,,1,80423300,,"{'id': 4718, 'context': 1, 'bonus_lists': [6654], 'modifiers': [{'type': 9, 'value': 30}, {'type': 28, 'value': 211}]}"
1758524232,LONG,,1,47413200,,"{'id': 36596, 'context': 1, 'bonus_lists': [6655, 1695], 'modifiers': [{'type': 9, 'value': 30}, {'type': 28, 'value': 239}]}"
1758524240,LONG,,1,47413200,,"{'id': 36596, 'context': 1, 'bonus_lists': [6655, 1693], 'modifiers': [{'type': 9, 'value': 30}, {'type': 28, 'value': 239}]}"
1758524250,LONG,,1,2341500,2247800,"{'id': 41519, 'context': 1}"
1758524253,LONG,,1,87004800,,"{'id': 8746, 'context': 1, 'bonus_lists': [6656], 'modifiers': [{'type': 9, 'value': 30}, {'type': 28, 'value': 211}]}"
1758524259,LONG,,1,167773400,,"{'id': 15364, 'context': 1, 'bonus_lists': [6654, 1694], 'modifiers': [{'type': 9, 'value': 30}, {'type': 28, 'value': 280}]}"
1758524269,LONG,,1,75613400,,"{'id': 14441, 'context': 1, 'bonus_lists': [6654], 'modifiers': [{'type': 9, 'value': 30}, {'type': 28, 'value': 218}]}"
1758524274,LONG,10991600,1,,,{'id': 172419}
1758524275,LONG,,1,75790800,,"{'id': 36414, 'context': 1, 'bonus_lists': [6654, 1677], 'modifiers': [{'type': 9, 'value': 30}, {'type': 28, 'value': 239}]}"
1758524282,LONG,,1,13300500,12502500,"{'id': 127035, 'context': 0}"
1758524284,LONG,,1,17806000,,"{'id': 7111, 'context': 1, 'bonus_lists': [6654], 'modifiers': [{'type': 9, 'value': 30}, {'type': 28, 'value': 211}]}"
1758524294,LONG,,1,13300500,12502500,"{'id': 127035, 'context': 0}"
1758524295,LONG,,1,36464600,,"{'id': 8257, 'context': 1, 'bonus_lists': [6654], 'modifiers': [{'type': 9, 'value': 30}, {'type': 28, 'value': 216}]}"
1758524301,LONG,,1,1296900,1245000,"{'id': 2577, 'context': 1}"
1758524303,LONG,,1,60702200,,"{'id': 116624, 'context': 6, 'bonus_lists': [6655, 92, 550], 'modifiers': [{'type': 9, 'value': 40}, {'type': 28, 'value': 2021}]}"
1758524310,LONG,,1,31386800,,"{'id': 15386, 'context': 1, 'bonus_lists': [6654, 1680], 'modifiers': [{'type': 9, 'value': 30}, {'type': 28, 'value': 218}]}"
1758524313,LONG,21800,3,,,{'id': 124437}
1758524317,LONG,,1,135347700,,"{'id': 15686, 'context': 1, 'bonus_lists': [6654, 1692], 'modifiers': [{'type': 9, 'value': 30}, {'type': 28, 'value': 218}]}"
1758524318,LONG,704300,3,,,{'id': 171315}
1758524322,LONG,,1,25000000,,"{'id': 15171, 'context': 1, 'bonus_lists': [6654, 1694], 'modifiers': [{'type': 9, 'value': 30}, {'type': 28, 'value': 218}]}"
1758524330,LONG,8000,5,,,{'id': 72988}
1758524334,LONG,,1,13898100,,"{'id': 180793, 'context': 2, 'bonus_lists': [6908, 6652, 1715], 'modifiers': [{'type': 9, 'value': 60}, {'type': 28, 'value': 748}]}"
1758524340,LONG,,1,937600,,"{'id': 94573, 'context': 0, 'modifiers': [{'type': 28, 'value': 373}]}"
1758524344,LONG,10991600,1,,,{'id': 183738}
1758524346,LONG,,1,28424100,,"{'id': 8132, 'context': 1, 'bonus_lists': [6654], 'modifiers': [{'type': 9, 'value': 30}, {'type': 28, 'value': 216}]}"
1758524353,LONG,,1,1108845100,,"{'id': 138787, 'context': 13}"
1758524354,LONG,56500,1,,,{'id': 3864}
1758524361,LONG,,1,15707800,,"{'id': 138790, 'context': 13}"
1758524362,LONG,,1,9948000,,"{'id': 177806, 'context': 5, 'bonus_lists': [6908, 6652, 1689], 'modifiers': [{'type': 9, 'value': 60}, {'type': 28, 'value': 752}]}"
1758524366,LONG,,1,14120700,,"{'id': 864, 'context': 1, 'bonus_lists': [6655, 1708], 'modifiers': [{'type': 9, 'value': 30}, {'type': 28, 'value': 280}]}"
1758524371,LONG,,1,24938700,23941200,"{'id': 10025, 'context': 1}"
1758524376,LONG,,1,22067900,,"{'id': 36058, 'context': 1, 'bonus_lists': [6654, 1695], 'modifiers': [{'type': 9, 'value': 30}, {'type': 28, 'value': 239}]}"
1758524384,LONG,,1,47360600,,"{'id': 7354, 'context': 1, 'bonus_lists': [6654, 1680], 'modifiers': [{'type': 9, 'value': 30}, {'type': 28, 'value': 211}]}"
1758524394,LONG,,1,58998700,,"{'id': 7465, 'context': 1, 'bonus_lists': [6655, 1693], 'modifiers': [{'type': 9, 'value': 30}, {'type': 28, 'value': 217}]}"
1758524395,LONG,,1,2505700,2405500,"{'id': 2582, 'context': 1}"
1758524402,LONG,,1,294894800,,"{'id': 14405, 'context': 1, 'bonus_lists': [6654], 'modifiers': [{'type': 9, 'value': 30}, {'type': 28, 'value': 206}]}"
1758524407,LONG,10991600,1,,,{'id': 172408}
1758524411,LONG,,1,6484500,,"{'id': 8249, 'context': 1, 'bonus_lists': [6654], 'modifiers': [{'type': 9, 'value': 30}, {'type': 28, 'value': 216}]}"
1758524414,LONG,5500000,1,,,{'id': 110654}
1758524417,LONG,,1,139268200,,"{'id': 6427, 'context': 1, 'bonus_lists': [6654], 'modifiers': [{'type': 9, 'value': 30}, {'type': 28, 'value': 282}]}"
1758524424,LONG,,1,798163900,,"{'id': 9867, 'context': 1, 'bonus_lists': [6654, 1707], 'modifiers': [{'type': 9, 'value': 30}, {'type': 28, 'value': 211}]}"
1758524429,LONG,,1,250119900,,"{'id': 15545, 'context': 1, 'bonus_lists': [6654, 1709], 'modifiers': [{'type': 9, 'value': 30}, {'type': 28, 'value': 206}]}"
1758524432,LONG,5000000,3,,,{'id': 173037}
1758524436,LONG,,1,9151200,,"{'id': 10172, 'context': 1, 'bonus_lists': [6654, 1695], 'modifiers': [{'type': 9, 'value': 30}, {'type': 28, 'value': 216}]}"
1758524442,LONG,,1,47943100,,"{'id': 4722, 'context': 1, 'bonus_lists': [6654], 'modifiers': [{'type': 9, 'value': 30}, {'type': 28, 'value': 211}]}"
1758524447,LONG,,1,64856900,,"{'id': 15381, 'context': 1, 'bonus_lists': [6654, 1678], 'modifiers': [{'type': 9, 'value': 30}, {'type': 28, 'value': 218}]}"
1758524453,LONG,,1,25227800,,"{'id': 14325, 'context': 1, 'bonus_lists': [6654, 1707], 'modifiers': [{'type': 9, 'value': 30}, {'type': 28, 'value': 218}]}"
1758524463,LONG,,1,5997500,,"{'id': 10190, 'context': 1, 'bonus_lists': [6654, 1708], 'modifiers': [{'type': 9, 'value': 30}, {'type': 28, 'value': 216}]}"
1758524472,LONG,,1,5997500,,"{'id': 10190, 'context': 1, 'bonus_lists': [6654, 1707], 'modifiers': [{'type': 9, 'value': 30}, {'type': 28, 'value': 216}]}"
1758524478,LONG,,1,29753900,,"{'id': 14843, 'context': 1, 'bonus_lists': [6654], 'modifiers': [{'type': 9, 'value': 30}, {'type': 28, 'value': 218}]}"
1758524486,LONG,,1,16242600,,"{'id': 10109, 'context': 1, 'bonus_lists': [6654, 1707], 'modifiers': [{'type': 9, 'value': 30}, {'type': 28, 'value': 216}]}"
1758524497,LONG,,1,317712700,,"{'id': 14772, 'context': 1, 'bonus_lists': [6654], 'modifiers': [{'type': 9, 'value': 30}, {'type': 28, 'value': 206}]}"
1758524505,LONG,,1,19692400,,"{'id': 14436, 'context': 1, 'bonus_lists': [6654], 'modifiers': [{'type': 9, 'value': 30}, {'type': 28, 'value': 218}]}"
1758524517,LONG,,1,55928700,,"{'id': 14210, 'context': 1, 'bonus_lists': [6654, 1705], 'modifiers': [{'type': 9, 'value': 30}, {'type': 28, 'value': 280}]}"
1758524537,LONG,,1,151269000,,"{'id': 15365, 'context': 1, 'bonus_lists': [6654, 1695], 'modifiers': [{'type': 9, 'value': 30}, {'type': 28, 'value': 280}]}"
1758524542,LONG,,1,18686500,,"{'id': 7480, 'context': 1, 'bonus_lists': [6654, 1681], 'modifiers': [{'type': 9, 'value': 30}, {'type': 28, 'value': 218}]}"
1758524554,LONG,,1,33641000,,"{'id': 7460, 'context': 1, 'bonus_lists': [6654, 1705], 'modifiers': [{'type': 9, 'value': 30}, {'type': 28, 'value': 211}]}"
1758524664,LONG,720000,1,,,{'id': 172094}
1758524796,LONG,28733000,1,,,{'id': 153480}
1758524803,LONG,,1,315508000,302887700,"{'id': 47605, 'context': 1}"
1758524810,LONG,2210000,1,,,{'id': 159786}
1758524813,LONG,,1,14097900,13534000,"{'id': 21855, 'context': 1}"
1758524816,LONG,,1,14097900,13534000,"{'id': 21855, 'context': 1}"
1758524821,LONG,14898000,1,,,{'id': 168596}
1758524824,LONG,2720200,1,,,{'id': 168446}
1758524828,LONG,3665000,1,,,{'id': 153445}
1758524831,LONG,299300,2,,,{'id': 153435}
1758524844,LONG,22004600,2,,,{'id': 168412}
1758524854,LONG,,1,74656100,,"{'id': 170327, 'context': 13, 'bonus_lists': [1709]}"
1758524861,LONG,,1,4731800,4542500,"{'id': 10024, 'context': 0}"
1758524871,LONG,2454700,1,,,{'id': 52743}
1758524877,LONG,,1,1338300,1284800,"{'id': 4334, 'context': 0}"
1758524887,LONG,,1,1338300,1284800,"{'id': 4334, 'context': 0}"
1758524893,LONG,,1,20137200,19331700,"{'id': 10001, 'context': 0}"
1758524900,LONG,,1,1899400,1823400,"{'id': 41255, 'context': 1}"
1758524904,LONG,,1,44076600,42313500,"{'id': 14045, 'context': 0}"
1758524912,LONG,,1,3375200,3240200,"{'id': 41251, 'context': 0}"
1758524918,LONG,,1,9095400,8731600,"{'id': 4333, 'context': 1}"
1758524925,LONG,,1,2341500,2247800,"{'id': 41519, 'context': 1}"
1758524932,LONG,,1,2341500,2247800,"{'id': 41519, 'context': 1}"
1758524937,LONG,1458800,1,,,{'id': 74708}
1758525225,VERY_LONG,5000000,3,,,{'id': 154706}
1758525235,VERY_LONG,5000000,20,,,{'id': 159791}
1758525245,VERY_LONG,5149400,3,,,{'id': 154705}
1758525247,LONG,50000,20,,,{'id': 173039}
1758525256,VERY_LONG,,1,1133300,1065300,"{'id': 173199, 'context': 0, 'bonus_lists': [6890], 'modifiers': [{'type': 9, 'value': 51}, {'type': 28, 'value': 391}, {'type': 29, 'value': 32}, {'type': 30, 'value': 36}]}"
1758525268,VERY_LONG,,1,1200300,1080300,"{'id': 2572, 'context': 1}"
1758525276,VERY_LONG,7992300,4,,,{'id': 74725}
1758525283,VERY_LONG,,1,6933473700,,"{'id': 14514, 'context': 0}"
1758525293,LONG,4888800,1,,,{'id': 74723}
1758525299,VERY_LONG,19138100,3,,,{'id': 154707}
1758525310,VERY_LONG,,1,989131800,,"{'id': 7087, 'context': 14}"
1758525317,VERY_LONG,,1,1344100,1263500,"{'id': 173197, 'context': 0, 'bonus_lists': [6887], 'modifiers': [{'type': 9, 'value': 51}, {'type': 28, 'value': 391}, {'type': 29, 'value': 49}, {'type': 30, 'value': 36}]}"
1758525324,LONG,5375700,1,,,{'id': 110653}
1758525336,VERY_LONG,22499900,1,,,{'id': 141909}
1758525348,VERY_LONG,,1,1355500,1274200,"{'id': 173198, 'context': 0, 'bonus_lists': [6885], 'modifiers': [{'type': 9, 'value': 52}, {'type': 28, 'value': 391}, {'type': 29, 'value': 36}, {'type': 30, 'value': 40}]}"
1758525353,LONG,3582200,1,,,{'id': 172412}
1758525355,VERY_LONG,23245700,1,,,{'id': 128551}
1758525357,VERY_LONG,23684900,1,,,{'id': 141908}
1758525629,VERY_LONG,,1,911100,856400,"{'id': 173200, 'context': 0, 'bonus_lists': [6885], 'modifiers': [{'type': 9, 'value': 52}, {'type': 28, 'value': 391}, {'type': 29, 'value': 36}, {'type': 30, 'value': 40}]}"
1758525631,VERY_LONG,,1,911100,856400,"{'id': 173200, 'context': 0, 'bonus_lists': [6885], 'modifiers': [{'type': 9, 'value': 52}, {'type': 28, 'value': 391}, {'type': 29, 'value': 49}, {'type': 30, 'value': 40}]}"
1758525638,VERY_LONG,,1,3333300,,"{'id': 17724, 'context': 11}"
1758525836,VERY_LONG,2458300,2,,,{'id': 153442}
1758525926,VERY_LONG,,1,79615100,,"{'id': 5109, 'context': 0, 'modifiers': [{'type': 28, 'value': 9}]}"
1758526094,VERY_LONG,,1,2403300,,"{'id': 121005, 'context': 0, 'bonus_lists': [1812, 1687], 'modifiers': [{'type': 9, 'value': 41}]}"
1758527152,VERY_LONG,,1,14736817000,,"{'id': 23345, 'context': 0}"
1758527220,VERY_LONG,57200,53,,,{'id': 168310}
1758527382,LONG,2340000,30,,,{'id': 168822}
1758527398,LONG,6500000,1,,,{'id': 168828}
1758527447,VERY_LONG,2509300,7,,,{'id': 168651}
1758527551,LONG,1027800,1,,,{'id': 172041}
1758527594,VERY_LONG,13848500,1,,,{'id': 141910}
1758527644,VERY_LONG,250000,1,,,{'id': 174351}
1758527715,VERY_LONG,150000,9,,,{'id': 174349}
1758527741,VERY_LONG,2799400,2,,,{'id': 172411}
1758527764,VERY_LONG,,1,31613000,,"{'id': 158924, 'context': 11}"
1758527818,VERY_LONG,250000,2,,,{'id': 177660}
1758527833,VERY_LONG,,1,83107500,78121100,"{'id': 18486, 'context': 0}"
1758527892,VERY_LONG,889000,6,,,{'id': 172418}
1758527928,VERY_LONG,2508700,6,,,{'id': 183738}
1758528162,VERY_LONG,40000,5,,,{'id': 172359}
1758528163,LONG,9000,1,,,{'id': 7909}
1758528170,LONG,,1,45957500,,"{'id': 7418, 'context': 1, 'bonus_lists': [6654, 1706], 'modifiers': [{'type': 9, 'value': 30}, {'type': 28, 'value': 211}]}"
1758528192,LONG,35000,5,,,{'id': 94288}
1758528197,VERY_LONG,259900,5,,,{'id': 172358}
1758528201,LONG,,1,34002000,,"{'id': 9876, 'context': 1, 'bonus_lists': [6654, 1679], 'modifiers': [{'type': 9, 'value': 30}, {'type': 28, 'value': 217}]}"
1758528206,LONG,,1,34002000,,"{'id': 9876, 'context': 1, 'bonus_lists': [6654, 1693], 'modifiers': [{'type': 9, 'value': 30}, {'type': 28, 'value': 217}]}"
1758528215,LONG,,1,20881100,,"{'id': 37781, 'context': 1, 'bonus_lists': [6658], 'modifiers': [{'type': 9, 'value': 30}, {'type': 28, 'value': 239}]}"
1758528223,LONG,,1,8716200,,"{'id': 15282, 'context': 1, 'bonus_lists': [6655, 1692], 'modifiers': [{'type': 9, 'value': 30}, {'type': 28, 'value': 205}]}"
1758528229,LONG,,1,95073700,,"{'id': 14232, 'context': 1, 'bonus_lists': [6654, 1692], 'modifiers': [{'type': 9, 'value': 30}, {'type': 28, 'value': 206}]}"
1758528235,LONG,,1,9259800,,"{'id': 36377, 'context': 1, 'bonus_lists': [6654, 1707], 'modifiers': [{'type': 9, 'value': 30}, {'type': 28, 'value': 239}]}"
1758528244,LONG,,1,112186800,,"{'id': 15575, 'context': 1, 'bonus_lists': [6654, 1691], 'modifiers': [{'type': 9, 'value': 30}, {'type': 28, 'value': 280}]}"
1758528247,VERY_LONG,103900,3,,,{'id': 172357}
1758528254,LONG,,1,9942100,,"{'id': 10224, 'context': 1, 'bonus_lists': [6654, 1680], 'modifiers': [{'type': 9, 'value': 30}, {'type': 28, 'value': 205}]}"
1758528258,LONG,,1,1935799700,,"{'id': 78252, 'context': 14, 'modifiers': [{'type': 28, 'value': 402}]}"
1758528267,LONG,,1,107081600,,"{'id': 9480, 'context': 1, 'bonus_lists': [6710], 'modifiers': [{'type': 9, 'value': 30}, {'type': 28, 'value': 218}]}"
1758528279,LONG,,1,18433000,,"{'id': 8251, 'context': 1, 'bonus_lists': [6654], 'modifiers': [{'type': 9, 'value': 30}, {'type': 28, 'value': 216}]}"
1758528288,LONG,,1,25290500,,"{'id': 9808, 'context': 1, 'bonus_lists': [6654, 1708], 'modifiers': [{'type': 9, 'value': 30}, {'type': 28, 'value': 211}]}"
1758528293,LONG,,1,90918600,,"{'id': 9840, 'context': 1, 'bonus_lists': [6654, 1681], 'modifiers': [{'type': 9, 'value': 30}, {'type': 28, 'value': 211}]}"
1758528301,VERY_LONG,10000,2,,,{'id': 172360}
1758528302,LONG,,1,33048000,,"{'id': 4566, 'context': 1, 'bonus_lists': [6655, 1681], 'modifiers': [{'type': 9, 'value': 30}, {'type': 28, 'value': 202}]}"
1758528307,LONG,,1,199994700,,"{'id': 4035, 'context': 1, 'bonus_lists': [6654], 'modifiers': [{'type': 9, 'value': 30}, {'type': 28, 'value': 211}]}"
1758528311,LONG,,1,1907954800,,"{'id': 124277, 'context': 6, 'bonus_lists': [1799, 40, 1473], 'modifiers': [{'type': 28, 'value': 2019}]}"
1758528317,LONG,,1,58882500,,"{'id': 10406, 'context': 1, 'bonus_lists': [6654, 1692], 'modifiers': [{'type': 9, 'value': 30}, {'type': 28, 'value': 211}]}"
1758528328,LONG,,1,69111100,,"{'id': 10406, 'context': 1, 'bonus_lists': [6654, 1705], 'modifiers': [{'type': 9, 'value': 30}, {'type': 28, 'value': 211}]}"
1758528332,LONG,,1,54442600,,"{'id': 15140, 'context': 1, 'bonus_lists': [6654, 1694], 'modifiers': [{'type': 9, 'value': 30}, {'type': 28, 'value': 280}]}"
1758528338,LONG,,1,119634700,,"{'id': 15568, 'context': 1, 'bonus_lists': [6654, 1709], 'modifiers': [{'type': 9, 'value': 30}, {'type': 28, 'value': 206}]}"
1758528342,LONG,,1,77671000,,"{'id': 14300, 'context': 1, 'bonus_lists': [6654, 1680], 'modifiers': [{'type': 9, 'value': 30}, {'type': 28, 'value': 218}]}"
1758528348,LONG,,1,77671000,,"{'id': 14300, 'context': 1, 'bonus_lists': [6654, 1707], 'modifiers': [{'type': 9, 'value': 30}, {'type': 28, 'value': 218}]}"
1758528354,LONG,,1,71769600,,"{'id': 14829, 'context': 1, 'bonus_lists': [6654], 'modifiers': [{'type': 9, 'value': 30}, {'type': 28, 'value': 209}]}"
1758528361,LONG,,1,73194600,,"{'id': 6592, 'context': 1, 'bonus_lists': [6654, 1707], 'modifiers': [{'type': 9, 'value': 30}, {'type': 28, 'value': 210}]}"
1758528368,LONG,,1,49902800,,"{'id': 14291, 'context': 1, 'bonus_lists': [6654, 1694], 'modifiers': [{'type': 9, 'value': 30}, {'type': 28, 'value': 218}]}"
1758528372,LONG,,1,71997800,,"{'id': 9869, 'context': 1, 'bonus_lists': [6654, 1693], 'modifiers': [{'type': 9, 'value': 30}, {'type': 28, 'value': 211}]}"
1758528375,LONG,,1,123396100,,"{'id': 7424, 'context': 1, 'bonus_lists': [6654, 1709], 'modifiers': [{'type': 9, 'value': 30}, {'type': 28, 'value': 211}]}"
1758528379,LONG,,1,1985776700,,"{'id': 78186, 'context': 14, 'modifiers': [{'type': 28, 'value': 402}]}"
1758528386,LONG,,1,62996400,,"{'id': 36554, 'context': 1, 'bonus_lists': [6655, 1692], 'modifiers': [{'type': 9, 'value': 30}, {'type': 28, 'value': 239}]}"
1758528392,LONG,,1,10714200,,"{'id': 8261, 'context': 1, 'bonus_lists': [6654], 'modifiers': [{'type': 9, 'value': 30}, {'type': 28, 'value': 216}]}"
1758528396,LONG,,1,291424100,,"{'id': 15133, 'context': 1, 'bonus_lists': [6655, 1693], 'modifiers': [{'type': 9, 'value': 30}, {'type': 28, 'value': 280}]}"
1758528399,LONG,,1,23733700,,"{'id': 8256, 'context': 1, 'bonus_lists': [6654], 'modifiers': [{'type': 9, 'value': 30}, {'type': 28, 'value': 282}]}"
1758528400,LONG,,1,20002500,,"{'id': 6404, 'context': 1, 'bonus_lists': [6654], 'modifiers': [{'type': 9, 'value': 30}, {'type': 28, 'value': 211}]}"
1758528403,LONG,,1,20002500,,"{'id': 6404, 'context': 1, 'bonus_lists': [6654], 'modifiers': [{'type': 9, 'value': 30}, {'type': 28, 'value': 217}]}"
1758528408,LONG,,1,20002500,,"{'id': 6404, 'context': 1, 'bonus_lists': [6654], 'modifiers': [{'type': 9, 'value': 30}, {'type': 28, 'value': 211}]}"
1758528411,LONG,,1,58206200,,"{'id': 4348, 'context': 1, 'modifiers': [{'type': 28, 'value': 215}]}"
1758528417,LONG,,1,60700100,,"{'id': 106725, 'context': 6, 'bonus_lists': [6654, 57], 'modifiers': [{'type': 9, 'value': 40}, {'type': 28, 'value': 2021}]}"
1758528422,LONG,,1,5519900,,"{'id': 175566, 'context': 1, 'bonus_lists': [6907, 1687], 'modifiers': [{'type': 9, 'value': 60}, {'type': 28, 'value': 2044}]}"
1758528428,LONG,,1,68196700,,"{'id': 15977, 'context': 1, 'bonus_lists': [6655, 1706], 'modifiers': [{'type': 9, 'value': 30}, {'type': 28, 'value': 206}]}"
1758528437,LONG,,1,7500400,,"{'id': 9849, 'context': 1, 'bonus_lists': [6654, 1680], 'modifiers': [{'type': 9, 'value': 30}, {'type': 28, 'value': 211}]}"
1758528441,LONG,,1,48926100,,"{'id': 4050, 'context': 1, 'bonus_lists': [6654], 'modifiers': [{'type': 9, 'value': 30}, {'type': 28, 'value': 211}]}"
1758528446,LONG,,1,216620400,,"{'id': 15498, 'context': 1, 'bonus_lists': [6654, 1709], 'modifiers': [{'type': 9, 'value': 30}, {'type': 28, 'value': 193}]}"
1758528452,LONG,1000000,5,,,{'id': 8165}
1758528458,LONG,,1,50675000,,"{'id': 9905, 'context': 1, 'bonus_lists': [6654, 1681], 'modifiers': [{'type': 9, 'value': 30}, {'type': 28, 'value': 282}]}"
1758528462,VERY_LONG,148500,20,,,{'id': 172050}
1758528463,LONG,,1,51197800,,"{'id': 7368, 'context': 1, 'bonus_lists': [6654, 1695], 'modifiers': [{'type': 9, 'value': 30}, {'type': 28, 'value': 211}]}"
1758528467,LONG,,1,8454100,,"{'id': 15241, 'context': 1, 'bonus_lists': [6655, 1681], 'modifiers': [{'type': 9, 'value': 30}, {'type': 28, 'value': 211}]}"
1758528474,LONG,,1,43446300,,"{'id': 15183, 'context': 1, 'bonus_lists': [6654, 1680], 'modifiers': [{'type': 9, 'value': 30}, {'type': 28, 'value': 218}]}"
1758528486,LONG,,1,53231500,,"{'id': 6389, 'context': 1, 'bonus_lists': [6654], 'modifiers': [{'type': 9, 'value': 30}, {'type': 28, 'value': 211}]}"
1758528490,LONG,,1,53231500,,"{'id': 6389, 'context': 1, 'bonus_lists': [6654], 'modifiers': [{'type': 9, 'value': 30}, {'type': 28, 'value': 211}]}"
1758528491,VERY_LONG,148500,1,,,{'id': 172050}
1758528495,LONG,,1,37387100,,"{'id': 6615, 'context': 1, 'bonus_lists': [6654, 1678], 'modifiers': [{'type': 9, 'value': 30}, {'type': 28, 'value': 204}]}"
1758528506,LONG,,1,9627900,,"{'id': 8199, 'context': 1, 'bonus_lists': [6655, 1709], 'modifiers': [{'type': 9, 'value': 30}, {'type': 28, 'value': 218}]}"
1758528514,LONG,,1,49954400,,"{'id': 14951, 'context': 1, 'bonus_lists': [6654, 1694], 'modifiers': [{'type': 9, 'value': 30}, {'type': 28, 'value': 218}]}"
1758528523,LONG,,1,25000000,,"{'id': 3055, 'context': 1, 'bonus_lists': [6654], 'modifiers': [{'type': 9, 'value': 30}, {'type': 28, 'value': 211}]}"
1758528530,LONG,,1,90968100,,"{'id': 6616, 'context': 1, 'bonus_lists': [6654, 1695], 'modifiers': [{'type': 9, 'value': 30}, {'type': 28, 'value': 211}]}"
1758528538,LONG,,1,62649800,,"{'id': 15572, 'context': 1, 'bonus_lists': [6654, 1693], 'modifiers': [{'type': 9, 'value': 30}, {'type': 28, 'value': 206}]}"
1758528544,LONG,,1,4960000,,"{'id': 10112, 'context': 1, 'bonus_lists': [6654, 1706], 'modifiers': [{'type': 9, 'value': 30}, {'type': 28, 'value': 205}]}"
1758528551,LONG,,1,116106200,,"{'id': 15145, 'context': 1, 'bonus_lists': [6655, 1680], 'modifiers': [{'type': 9, 'value': 30}, {'type': 28, 'value': 280}]}"
1758528557,LONG,,1,116106200,,"{'id': 15145, 'context': 1, 'bonus_lists': [6655, 1681], 'modifiers': [{'type': 9, 'value': 30}, {'type': 28, 'value': 280}]}"
1758528566,VERY_LONG,148500,18,,,{'id': 172050}
1758528571,LONG,,1,9994900,,"{'id': 15625, 'context': 1, 'bonus_lists': [6654, 1679], 'modifiers': [{'type': 9, 'value': 30}, {'type': 28, 'value': 218}]}"
1758528576,LONG,,1,113471600,,"{'id': 15502, 'context': 1, 'bonus_lists': [6654, 1679], 'modifiers': [{'type': 9, 'value': 30}, {'type': 28, 'value': 193}]}"
1758528580,LONG,,1,26564400,,"{'id': 14438, 'context': 1, 'bonus_lists': [6654], 'modifiers': [{'type': 9, 'value': 30}, {'type': 28, 'value': 218}]}"
1758528586,LONG,,1,29839100,,"{'id': 9943, 'context': 1, 'bonus_lists': [6654, 1678], 'modifiers': [{'type': 9, 'value': 30}, {'type': 28, 'value': 216}]}"
1758528593,LONG,,1,41734700,,"{'id': 36380, 'context': 1, 'bonus_lists': [6654, 1691], 'modifiers': [{'type': 9, 'value': 30}, {'type': 28, 'value': 239}]}"
1758528600,LONG,,1,16554500,,"{'id': 7433, 'context': 1, 'bonus_lists': [6654, 1680], 'modifiers': [{'type': 9, 'value': 30}, {'type': 28, 'value': 211}]}"
1758528606,LONG,,1,17300900,,"{'id': 7433, 'context': 1, 'bonus_lists': [6654, 1709], 'modifiers': [{'type': 9, 'value': 30}, {'type': 28, 'value': 211}]}"
1758528611,LONG,,1,7578300,,"{'id': 15938, 'context': 1, 'bonus_lists': [6655, 1692], 'modifiers': [{'type': 9, 'value': 30}, {'type': 28, 'value': 205}]}"
1758528615,LONG,,1,12000700,,"{'id': 9877, 'context': 1, 'bonus_lists': [6654, 1691], 'modifiers': [{'type': 9, 'value': 30}, {'type': 28, 'value': 209}]}"
1758528618,LONG,,1,57990300,,"{'id': 106463, 'context': 23, 'bonus_lists': [6655, 215], 'modifiers': [{'type': 9, 'value': 40}, {'type': 28, 'value': 1192}]}"
1758528622,LONG,,1,4969600,,"{'id': 8286, 'context': 1, 'bonus_lists': [6654], 'modifiers': [{'type': 9, 'value': 30}, {'type': 28, 'value': 216}]}"
1758528625,LONG,,1,100781500,,"{'id': 36389, 'context': 1, 'bonus_lists': [6654, 1681], 'modifiers': [{'type': 9, 'value': 30}, {'type': 28, 'value': 239}]}"
1758528630,LONG,,1,42178100,,"{'id': 14965, 'context': 1, 'bonus_lists': [6654, 1677], 'modifiers': [{'type': 9, 'value': 30}, {'type': 28, 'value': 218}]}"
1758528637,LONG,,1,106014300,,"{'id': 15114, 'context': 1, 'modifiers': [{'type': 28, 'value': 193}]}"
1758528643,LONG,,1,61230500,,"{'id': 15677, 'context': 1, 'bonus_lists': [6654, 1677], 'modifiers': [{'type': 9, 'value': 30}, {'type': 28, 'value': 218}]}"
1758528647,LONG,,1,20594700,,"{'id': 8266, 'context': 1, 'bonus_lists': [6654], 'modifiers': [{'type': 9, 'value': 30}, {'type': 28, 'value': 216}]}"
1758528653,LONG,,1,60433800,,"{'id': 15368, 'context': 1, 'bonus_lists': [6654, 1707], 'modifiers': [{'type': 9, 'value': 30}, {'type': 28, 'value': 206}]}"
1758528660,LONG,,1,15625800,,"{'id': 10374, 'context': 1, 'bonus_lists': [6654], 'modifiers': [{'type': 9, 'value': 30}, {'type': 28, 'value': 205}]}"
1758528663,LONG,,1,6104100,,"{'id': 1994, 'context': 1, 'bonus_lists': [6655, 1694], 'modifiers': [{'type': 9, 'value': 30}, {'type': 28, 'value': 209}]}"
1758528669,LONG,,1,10005100,,"{'id': 3042, 'context': 1, 'bonus_lists': [6655], 'modifiers': [{'type': 9, 'value': 30}, {'type': 28, 'value': 211}]}"
1758528673,LONG,,1,10005100,,"{'id': 3042, 'context': 1, 'bonus_lists': [6655], 'modifiers': [{'type': 9, 'value': 30}, {'type': 28, 'value': 280}]}"
1758528676,LONG,,1,16203200,,"{'id': 36154, 'context': 1, 'bonus_lists': [6654, 1707], 'modifiers': [{'type': 9, 'value': 30}, {'type': 28, 'value': 239}]}"
1758528679,LONG,,1,68133500,,"{'id': 15635, 'context': 1, 'bonus_lists': [6654, 1709], 'modifiers': [{'type': 9, 'value': 30}, {'type': 28, 'value': 218}]}"
1758528687,LONG,,1,145039800,,"{'id': 106523, 'context': 23, 'bonus_lists': [6654, 119], 'modifiers': [{'type': 9, 'value': 40}, {'type': 28, 'value': 1192}]}"
1758528692,LONG,,1,33075800,,"{'id': 14268, 'context': 1, 'bonus_lists': [6654, 1705], 'modifiers': [{'type': 9, 'value': 30}, {'type': 28, 'value': 218}]}"
1758528697,LONG,,1,33075800,,"{'id': 14268, 'context': 1, 'bonus_lists': [6654, 1691], 'modifiers': [{'type': 9, 'value': 30}, {'type': 28, 'value': 218}]}"
1758528699,LONG,,1,2975000,,"{'id': 8318, 'context': 1, 'bonus_lists': [6654], 'modifiers': [{'type': 9, 'value': 30}, {'type': 28, 'value': 205}]}"
1758528706,LONG,,1,32591300,,"{'id': 90718, 'context': 0, 'bonus_lists': [6694], 'modifiers': [{'type': 9, 'value': 35}, {'type': 28, 'value': 168}]}"
1758528710,LONG,,1,80140200,,"{'id': 10203, 'context': 1, 'bonus_lists': [6654, 1681], 'modifiers': [{'type': 9, 'value': 30}, {'type': 28, 'value': 216}]}"
1758528716,LONG,,1,80140200,,"{'id': 10203, 'context': 1, 'bonus_lists': [6654, 1706], 'modifiers': [{'type': 9, 'value': 30}, {'type': 28, 'value': 214}]}"
1758528722,LONG,,1,64017800,,"{'id': 14661, 'context': 1, 'bonus_lists': [6654], 'modifiers': [{'type': 9, 'value': 30}, {'type': 28, 'value': 218}]}"
1758528725,LONG,,1,20000400,,"{'id': 7786, 'context': 1, 'bonus_lists': [6710], 'modifiers': [{'type': 9, 'value': 30}, {'type': 28, 'value': 211}]}"
1758528732,LONG,,1,24960000,,"{'id': 15251, 'context': 1, 'bonus_lists': [6655, 1709], 'modifiers': [{'type': 9, 'value': 30}, {'type': 28, 'value': 217}]}"
1758528736,LONG,,1,35912200,,"{'id': 15171, 'context': 1, 'bonus_lists': [6654, 1707], 'modifiers': [{'type': 9, 'value': 30}, {'type': 28, 'value': 218}]}"
1758528742,LONG,,1,88322200,,"{'id': 8492, 'context': 1, 'modifiers': [{'type': 28, 'value': 373}]}"
1758528750,LONG,,1,88322200,,"{'id': 8492, 'context': 1, 'modifiers': [{'type': 28, 'value': 373}]}"
1758528752,LONG,,1,117251200,,"{'id': 15350, 'context': 1, 'bonus_lists': [6654, 1680], 'modifiers': [{'type': 9, 'value': 30}, {'type': 28, 'value': 206}]}"
1758528756,LONG,,1,103372200,,"{'id': 9396, 'context': 1, 'bonus_lists': [6710], 'modifiers': [{'type': 9, 'value': 30}, {'type': 28, 'value': 217}]}"
1758528762,LONG,,1,62932000,,"{'id': 9798, 'context': 0, 'bonus_lists': [6654, 1707], 'modifiers': [{'type': 9, 'value': 30}, {'type': 28, 'value': 75}]}"
1758528767,LONG,,1,117737900,,"{'id': 4716, 'context': 0, 'bonus_lists': [6654], 'modifiers': [{'type': 9, 'value': 30}, {'type': 28, 'value': 75}]}"
1758528771,LONG,,1,48133300,,"{'id': 14601, 'context': 1, 'bonus_lists': [6654], 'modifiers': [{'type': 9, 'value': 30}, {'type': 28, 'value': 209}]}"
1758528779,LONG,,1,34453100,,"{'id': 6402, 'context': 1, 'bonus_lists': [6654], 'modifiers': [{'type': 9, 'value': 30}, {'type': 28, 'value': 211}]}"
1758528783,LONG,,1,298875100,,"{'id': 15598, 'context': 1, 'bonus_lists': [6654, 1695], 'modifiers': [{'type': 9, 'value': 30}, {'type': 28, 'value': 206}]}"
1758528789,LONG,,1,29996600,,"{'id': 4071, 'context': 1, 'bonus_lists': [6654], 'modifiers': [{'type': 9, 'value': 30}, {'type': 28, 'value': 211}]}"
1758528795,LONG,,1,29996600,,"{'id': 4071, 'context': 1, 'bonus_lists': [6654], 'modifiers': [{'type': 9, 'value': 30}, {'type': 28, 'value': 211}]}"
1758528798,LONG,,1,276964300,,"{'id': 14413, 'context': 1, 'bonus_lists': [6654], 'modifiers': [{'type': 9, 'value': 30}, {'type': 28, 'value': 281}]}"
1758528801,LONG,,1,276964300,,"{'id': 14413, 'context': 1, 'bonus_lists': [6654], 'modifiers': [{'type': 9, 'value': 30}, {'type': 28, 'value': 281}]}"
1758528808,LONG,,1,24958300,,"{'id': 8320, 'context': 1, 'bonus_lists': [6655], 'modifiers': [{'type': 9, 'value': 30}, {'type': 28, 'value': 216}]}"
1758528813,LONG,,1,111811200,,"{'id': 106499, 'context': 23, 'bonus_lists': [6654, 198], 'modifiers': [{'type': 9, 'value': 40}, {'type': 28, 'value': 1192}]}"
1758528821,LONG,,1,25209000,,"{'id': 14262, 'context': 1, 'bonus_lists': [6654, 1695], 'modifiers': [{'type': 9, 'value': 30}, {'type': 28, 'value': 209}]}"
1758528828,LONG,,1,25209000,,"{'id': 14262, 'context': 1, 'bonus_lists': [6654, 1706], 'modifiers': [{'type': 9, 'value': 30}, {'type': 28, 'value': 209}]}"
1758528832,LONG,,1,37769600,,"{'id': 14218, 'context': 1, 'bonus_lists': [6654, 1705], 'modifiers': [{'type': 9, 'value': 30}, {'type': 28, 'value': 206}]}"
1758528839,LONG,,1,27046000,,"{'id': 14292, 'context': 1, 'bonus_lists': [6654, 1694], 'modifiers': [{'type': 9, 'value': 30}, {'type': 28, 'value': 218}]}"
1758528845,LONG,,1,33129700,,"{'id': 8316, 'context': 1, 'bonus_lists': [6654], 'modifiers': [{'type': 9, 'value': 30}, {'type': 28, 'value': 216}]}"
1758528849,LONG,,1,35210400,,"{'id': 9872, 'context': 1, 'bonus_lists': [6654, 1681], 'modifiers': [{'type': 9, 'value': 30}, {'type': 28, 'value': 211}]}"
1758528858,LONG,,1,39601000,,"{'id': 9872, 'context': 1, 'bonus_lists': [6654, 1707], 'modifiers': [{'type': 9, 'value': 30}, {'type': 28, 'value': 217}]}"
1758528864,LONG,,1,19928400,,"{'id': 1951, 'context': 1, 'bonus_lists': [6710], 'modifiers': [{'type': 9, 'value': 30}, {'type': 28, 'value': 202}]}"
1758528868,LONG,,1,19928400,,"{'id': 1951, 'context': 1, 'bonus_lists': [6710], 'modifiers': [{'type': 9, 'value': 30}, {'type': 28, 'value': 202}]}"
1758528872,LONG,,1,59865000,,"{'id': 15556, 'context': 1, 'bonus_lists': [6654, 1691], 'modifiers': [{'type': 9, 'value': 30}, {'type': 28, 'value': 206}]}"
1758528881,LONG,,1,154798400,,"{'id': 15160, 'context': 1, 'bonus_lists': [6654, 1681], 'modifiers': [{'type': 9, 'value': 30}, {'type': 28, 'value': 206}]}"
1758528883,LONG,,1,19817600,,"{'id': 1613, 'context': 1, 'bonus_lists': [6655, 1707], 'modifiers': [{'type': 9, 'value': 30}, {'type': 28, 'value': 209}]}"
1758528887,LONG,,1,15259700,,"{'id': 9827, 'context': 1, 'bonus_lists': [6654, 1681], 'modifiers': [{'type': 9, 'value': 30}, {'type': 28, 'value': 210}]}"
1758528890,LONG,,1,8128300,,"{'id': 15219, 'context': 1, 'bonus_lists': [6655, 1681], 'modifiers': [{'type': 9, 'value': 30}, {'type': 28, 'value': 205}]}"
1758528893,LONG,,1,260169300,,"{'id': 36999, 'context': 1, 'bonus_lists': [6710], 'modifiers': [{'type': 9, 'value': 30}, {'type': 28, 'value': 239}]}"
1758528899,LONG,,1,260169300,,"{'id': 36999, 'context': 1, 'bonus_lists': [6710], 'modifiers': [{'type': 9, 'value': 30}, {'type': 28, 'value': 239}]}"
1758528902,LONG,,1,260169300,,"{'id': 36999, 'context': 1, 'bonus_lists': [6710], 'modifiers': [{'type': 9, 'value': 30}, {'type': 28, 'value': 239}]}"
1758528907,LONG,,1,45443800,,"{'id': 10065, 'context': 1, 'bonus_lists': [6654, 1692], 'modifiers': [{'type': 9, 'value': 30}, {'type': 28, 'value': 216}]}"
1758528910,LONG,,1,40002400,,"{'id': 8139, 'context': 1, 'bonus_lists': [6654], 'modifiers': [{'type': 9, 'value': 30}, {'type': 28, 'value': 218}]}"
1758528915,LONG,,1,25000000,,"{'id': 9886, 'context': 1, 'bonus_lists': [6654, 1694], 'modifiers': [{'type': 9, 'value': 30}, {'type': 28, 'value': 217}]}"
1758528917,VERY_LONG,129900,6,,,{'id': 172063}
1758528919,LONG,,1,87656100,,"{'id': 14792, 'context': 1, 'bonus_lists': [6654], 'modifiers': [{'type': 9, 'value': 30}, {'type': 28, 'value': 218}]}"
1758529512,LONG,97609800,20,,,{'id': 161344}
1758529575,LONG,,1,13300500,,"{'id': 127035, 'context': 0}"
1758529589,LONG,,1,13300500,,"{'id': 127035, 'context': 0}"
1758529734,VERY_LONG,812800,5,,,{'id': 177716}
1758531605,LONG,700000,3,,,{'id': 118472}
1758531691,LONG,3008600,5,,,{'id': 171266}
1758532081,LONG,,1,10253500,,"{'id': 2072, 'context': 1, 'bonus_lists': [6655, 1706], 'modifiers': [{'type': 9, 'value': 30}, {'type': 28, 'value': 211}]}"
1758532087,LONG,,1,47646700,,"{'id': 4719, 'context': 1, 'bonus_lists': [6654], 'modifiers': [{'type': 9, 'value': 30}, {'type': 28, 'value': 211}]}"
1758532092,LONG,,1,4384300,,"{'id': 10216, 'context': 1, 'bonus_lists': [6654, 1691], 'modifiers': [{'type': 9, 'value': 30}, {'type': 28, 'value': 205}]}"
1758532097,LONG,,1,230455000,,"{'id': 9839, 'context': 1, 'bonus_lists': [6654, 1691], 'modifiers': [{'type': 9, 'value': 30}, {'type': 28, 'value': 211}]}"
1758533102,LONG,,1,9969900,,"{'id': 4734, 'context': 1, 'bonus_lists': [6654], 'modifiers': [{'type': 9, 'value': 30}, {'type': 28, 'value': 218}]}"
1758533107,LONG,,1,31249500,,"{'id': 9954, 'context': 1, 'bonus_lists': [6654, 1707], 'modifiers': [{'type': 9, 'value': 30}, {'type': 28, 'value': 216}]}"
1758533111,LONG,,1,87077100,,"{'id': 9853, 'context': 1, 'bonus_lists': [6654, 1681], 'modifiers': [{'type': 9, 'value': 30}, {'type': 28, 'value': 211}]}"
1758533114,LONG,,1,194283700,,"{'id': 36512, 'context': 1, 'bonus_lists': [6655, 1709], 'modifiers': [{'type': 9, 'value': 30}, {'type': 28, 'value': 239}]}"
1758533118,LONG,,1,132351600,,"{'id': 9819, 'context': 1, 'bonus_lists': [6654, 1694], 'modifiers': [{'type': 9, 'value': 30}, {'type': 28, 'value': 211}]}"
1758533124,LONG,,1,199994700,,"{'id': 4035, 'context': 1, 'bonus_lists': [6654], 'modifiers': [{'type': 9, 'value': 30}, {'type': 28, 'value': 211}]}"
1758533129,LONG,,1,441045200,,"{'id': 37000, 'context': 1, 'bonus_lists': [6710], 'modifiers': [{'type': 9, 'value': 30}, {'type': 28, 'value': 239}]}"
1758533133,LONG,,1,441045200,,"{'id': 37000, 'context': 1, 'bonus_lists': [6710], 'modifiers': [{'type': 9, 'value': 30}, {'type': 28, 'value': 239}]}"
1758533135,LONG,,1,25000000,,"{'id': 94059, 'context': 0, 'bonus_lists': [1692], 'modifiers': [{'type': 28, 'value': 168}]}"
1758533142,LONG,,1,75649300,,"{'id': 7417, 'context': 1, 'bonus_lists': [6654, 1691], 'modifiers': [{'type': 9, 'value': 30}, {'type': 28, 'value': 211}]}"
1758533148,LONG,,1,43910700,,"{'id': 7417, 'context': 1, 'bonus_lists': [6654, 1706], 'modifiers': [{'type': 9, 'value': 30}, {'type': 28, 'value': 211}]}"
1758533155,LONG,,1,150564900,,"{'id': 14308, 'context': 1, 'bonus_lists': [6654, 1692], 'modifiers': [{'type': 9, 'value': 30}, {'type': 28, 'value': 218}]}"
1758533160,LONG,,1,16669500,,"{'id': 14907, 'context': 1, 'bonus_lists': [6654, 1695], 'modifiers': [{'type': 9, 'value': 30}, {'type': 28, 'value': 218}]}"
1758533165,LONG,,1,102240600,,"{'id': 10288, 'context': 1, 'bonus_lists': [6654, 1680], 'modifiers': [{'type': 9, 'value': 30}, {'type': 28, 'value': 211}]}"
1758533174,LONG,,1,23750400,,"{'id': 15224, 'context': 1, 'bonus_lists': [6655, 1694], 'modifiers': [{'type': 9, 'value': 30}, {'type': 28, 'value': 211}]}"
1758533180,LONG,,1,22121100,,"{'id': 4417, 'context': 1, 'modifiers': [{'type': 28, 'value': 217}]}"
1758533188,LONG,,1,61224300,,"{'id': 4039, 'context': 1, 'bonus_lists': [6654], 'modifiers': [{'type': 9, 'value': 30}, {'type': 28, 'value': 211}]}"
1758533193,LONG,,1,2291984900,,"{'id': 78308, 'context': 14, 'modifiers': [{'type': 28, 'value': 402}]}"
1758533204,LONG,,1,9429500,,"{'id': 10171, 'context': 1, 'bonus_lists': [6654, 1706], 'modifiers': [{'type': 9, 'value': 30}, {'type': 28, 'value': 216}]}"
1758533211,LONG,,1,39422300,,"{'id': 6407, 'context': 1, 'bonus_lists': [6654], 'modifiers': [{'type': 9, 'value': 30}, {'type': 28, 'value': 211}]}"
1758533214,LONG,,1,30862500,,"{'id': 10220, 'context': 1, 'bonus_lists': [6654, 1707], 'modifiers': [{'type': 9, 'value': 30}, {'type': 28, 'value': 204}]}"
1758533220,LONG,,1,23548900,,"{'id': 10279, 'context': 1, 'bonus_lists': [6654, 1677], 'modifiers': [{'type': 9, 'value': 30}, {'type': 28, 'value': 205}]}"
1758533225,LONG,,1,17789400,,"{'id': 9957, 'context': 1, 'bonus_lists': [6654, 1678], 'modifiers': [{'type': 9, 'value': 30}, {'type': 28, 'value': 216}]}"
1758533228,LONG,,1,17789400,,"{'id': 9957, 'context': 1, 'bonus_lists': [6654, 1706], 'modifiers': [{'type': 9, 'value': 30}, {'type': 28, 'value': 282}]}"
1758533229,LONG,,1,52860600,,"{'id': 14263, 'context': 1, 'bonus_lists': [6654, 1692], 'modifiers': [{'type': 9, 'value': 30}, {'type': 28, 'value': 209}]}"
1758533231,LONG,,1,79089900,,"{'id': 15628, 'context': 1, 'bonus_lists': [6654, 1681], 'modifiers': [{'type': 9, 'value': 30}, {'type': 28, 'value': 218}]}"
1758533233,LONG,,1,354254000,,"{'id': 15928, 'context': 1, 'bonus_lists': [6655], 'modifiers': [{'type': 9, 'value': 30}, {'type': 28, 'value': 211}]}"
1758533239,LONG,,1,37769600,,"{'id': 14218, 'context': 1, 'bonus_lists': [6654, 1706], 'modifiers': [{'type': 9, 'value': 30}, {'type': 28, 'value': 280}]}"
1758533242,LONG,,1,13296300,,"{'id': 15255, 'context': 1, 'bonus_lists': [6655, 1695], 'modifiers': [{'type': 9, 'value': 30}, {'type': 28, 'value': 205}]}"
1758533248,LONG,,1,30821000,,"{'id': 14432, 'context': 1, 'bonus_lists': [6654], 'modifiers': [{'type': 9, 'value': 30}, {'type': 28, 'value': 209}]}"
1758533254,LONG,,1,80423300,,"{'id': 4718, 'context': 1, 'bonus_lists': [6654], 'modifiers': [{'type': 9, 'value': 30}, {'type': 28, 'value': 211}]}"
1758533256,LONG,,1,13155700,,"{'id': 9950, 'context': 1, 'bonus_lists': [6654, 1709], 'modifiers': [{'type': 9, 'value': 30}, {'type': 28, 'value': 216}]}"
1758533259,LONG,,1,35949800,,"{'id': 9847, 'context': 1, 'bonus_lists': [6654, 1694], 'modifiers': [{'type': 9, 'value': 30}, {'type': 28, 'value': 211}]}"
1758533264,LONG,,1,144253500,,"{'id': 16052, 'context': 1, 'modifiers': [{'type': 28, 'value': 214}]}"
1758533269,LONG,,1,51046300,,"{'id': 15510, 'context': 1, 'bonus_lists': [6654, 1707], 'modifiers': [{'type': 9, 'value': 30}, {'type': 28, 'value': 193}]}"
1758533273,LONG,,1,45957500,,"{'id': 7418, 'context': 1, 'bonus_lists': [6654, 1705], 'modifiers': [{'type': 9, 'value': 30}, {'type': 28, 'value': 211}]}"
1758533275,LONG,,1,25000000,,"{'id': 6394, 'context': 1, 'bonus_lists': [6654], 'modifiers': [{'type': 9, 'value': 30}, {'type': 28, 'value': 211}]}"
1758533277,LONG,,1,25000000,,"{'id': 6394, 'context': 1, 'bonus_lists': [6654], 'modifiers': [{'type': 9, 'value': 30}, {'type': 28, 'value': 211}]}"
1758533278,LONG,,1,35107300,,"{'id': 2080, 'context': 1, 'bonus_lists': [6655, 1709], 'modifiers': [{'type': 9, 'value': 30}, {'type': 28, 'value': 211}]}"
1758533281,LONG,,1,51439000,,"{'id': 9841, 'context': 1, 'bonus_lists': [6654, 1692], 'modifiers': [{'type': 9, 'value': 30}, {'type': 28, 'value': 211}]}"
1758533284,LONG,,1,48448700,,"{'id': 4720, 'context': 1, 'bonus_lists': [6654], 'modifiers': [{'type': 9, 'value': 30}, {'type': 28, 'value': 211}]}"
1758533286,LONG,,1,21128600,,"{'id': 10289, 'context': 0, 'bonus_lists': [6654, 1693], 'modifiers': [{'type': 9, 'value': 30}, {'type': 28, 'value': 75}]}"
1758533287,LONG,704300,25,,,{'id': 171315}
1758533289,LONG,,1,9956600,,"{'id': 15215, 'context': 1, 'bonus_lists': [6655, 1694], 'modifiers': [{'type': 9, 'value': 30}, {'type': 28, 'value': 218}]}"
1758533291,LONG,,1,48373200,,"{'id': 9828, 'context': 1, 'bonus_lists': [6654, 1705], 'modifiers': [{'type': 9, 'value': 30}, {'type': 28, 'value': 211}]}"
1758533295,LONG,,1,11269500,,"{'id': 10380, 'context': 1, 'bonus_lists': [6654, 1705], 'modifiers': [{'type': 9, 'value': 30}, {'type': 28, 'value': 205}]}"
1758533297,LONG,,1,19990000,,"{'id': 82800, 'context': 0, 'modifiers': [{'type': 6, 'value': 95152}], 'pet_breed_id': 13, 'pet_level': 1, 'pet_quality_id': 3, 'pet_species_id': 2796}"
1758533300,LONG,,1,19990000,,"{'id': 82800, 'context': 0, 'modifiers': [{'type': 6, 'value': 95152}], 'pet_breed_id': 3, 'pet_level': 1, 'pet_quality_id': 3, 'pet_species_id': 2796}"
1758533302,LONG,,1,19990000,,"{'id': 82800, 'context': 0, 'modifiers': [{'type': 6, 'value': 95152}], 'pet_breed_id': 13, 'pet_level': 1, 'pet_quality_id': 3, 'pet_species_id': 2796}"
1758533304,LONG,,1,17036800,,"{'id': 36160, 'context': 1, 'bonus_lists': [6654, 1677], 'modifiers': [{'type': 9, 'value': 30}, {'type': 28, 'value': 239}]}"
1758533306,LONG,,1,51352300,,"{'id': 94058, 'context': 0, 'bonus_lists': [1716], 'modifiers': [{'type': 28, 'value': 168}]}"
1758533308,LONG,,1,112502200,,"{'id': 7330, 'context': 1, 'bonus_lists': [6655, 1693], 'modifiers': [{'type': 9, 'value': 30}, {'type': 28, 'value': 211}]}"
1758533311,LONG,,1,11797000,,"{'id': 8199, 'context': 1, 'bonus_lists': [6655, 1692], 'modifiers': [{'type': 9, 'value': 30}, {'type': 28, 'value': 218}]}"
1758533316,LONG,,1,94981600,,"{'id': 9386, 'context': 1, 'bonus_lists': [6710], 'modifiers': [{'type': 9, 'value': 30}, {'type': 28, 'value': 217}]}"
1758533320,LONG,,1,118591300,,"{'id': 15376, 'context': 1, 'bonus_lists': [6654, 1705], 'modifiers': [{'type': 9, 'value': 30}, {'type': 28, 'value': 218}]}"
1758533330,LONG,,1,45719400,,"{'id': 14850, 'context': 1, 'bonus_lists': [6654], 'modifiers': [{'type': 9, 'value': 30}, {'type': 28, 'value': 218}]}"
1758533336,LONG,,1,19007800,,"{'id': 4066, 'context': 1, 'bonus_lists': [6655], 'modifiers': [{'type': 9, 'value': 30}, {'type': 28, 'value': 217}]}"
1758533339,LONG,,1,7450100,,"{'id': 10229, 'context': 1, 'bonus_lists': [6654, 1708], 'modifiers': [{'type': 9, 'value': 30}, {'type': 28, 'value': 216}]}"
1758533343,LONG,,1,1220000,,"{'id': 10095, 'context': 1, 'bonus_lists': [6654, 1693], 'modifiers': [{'type': 9, 'value': 30}, {'type': 28, 'value': 216}]}"
1758533352,LONG,,1,95735800,,"{'id': 9845, 'context': 1, 'bonus_lists': [6654, 1707], 'modifiers': [{'type': 9, 'value': 30}, {'type': 28, 'value': 211}]}"
1758533355,LONG,,1,83817000,,"{'id': 14921, 'context': 1, 'bonus_lists': [6654, 1707], 'modifiers': [{'type': 9, 'value': 30}, {'type': 28, 'value': 218}]}"
1758533358,LONG,,1,18467000,,"{'id': 3197, 'context': 1, 'bonus_lists': [6655, 1706], 'modifiers': [{'type': 9, 'value': 30}, {'type': 28, 'value': 211}]}"
1758533362,LONG,,1,48926100,,"{'id': 4050, 'context': 0, 'bonus_lists': [6654], 'modifiers': [{'type': 9, 'value': 30}, {'type': 28, 'value': 75}]}"
1758533368,LONG,,1,32506800,,"{'id': 5616, 'context': 1, 'bonus_lists': [6710], 'modifiers': [{'type': 9, 'value': 30}, {'type': 28, 'value': 218}]}"
1758533376,LONG,,1,69101000,,"{'id': 94092, 'context': 0, 'bonus_lists': [1708], 'modifiers': [{'type': 28, 'value': 168}]}"
1758533382,LONG,,1,15000000,,"{'id': 14434, 'context': 1, 'bonus_lists': [6654], 'modifiers': [{'type': 9, 'value': 30}, {'type': 28, 'value': 218}]}"
1758533513,LONG,5000000,1,,,{'id': 173037}
1758533567,LONG,,1,15639800,,"{'id': 7476, 'context': 1, 'bonus_lists': [6654, 1707], 'modifiers': [{'type': 9, 'value': 30}, {'type': 28, 'value': 209}]}"
1758533572,LONG,,1,99892000,,"{'id': 4077, 'context': 1, 'bonus_lists': [6654], 'modifiers': [{'type': 9, 'value': 30}, {'type': 28, 'value': 211}]}"
1758533577,LONG,,1,44590100,,"{'id': 7357, 'context': 1, 'bonus_lists': [6654, 1680], 'modifiers': [{'type': 9, 'value': 30}, {'type': 28, 'value': 211}]}"
1758533581,LONG,,1,92932200,,"{'id': 9974, 'context': 1, 'bonus_lists': [6655, 1680], 'modifiers': [{'type': 9, 'value': 30}, {'type': 28, 'value': 216}]}"
1758533590,LONG,,1,23540000,,"{'id': 14655, 'context': 1, 'bonus_lists': [6654], 'modifiers': [{'type': 9, 'value': 30}, {'type': 28, 'value': 218}]}"
1758533598,LONG,,1,76390600,,"{'id': 14835, 'context': 1, 'bonus_lists': [6654], 'modifiers': [{'type': 9, 'value': 30}, {'type': 28, 'value': 218}]}"
1758533620,LONG,,1,5732707800,,"{'id': 36997, 'context': 1, 'bonus_lists': [6710], 'modifiers': [{'type': 9, 'value': 30}, {'type': 28, 'value': 239}]}"
1758533625,LONG,,1,54273900,,"{'id': 14809, 'context': 1, 'bonus_lists': [6654], 'modifiers': [{'type': 9, 'value': 30}, {'type': 28, 'value': 218}]}"
1758533628,LONG,,1,44212100,,"{'id': 8245, 'context': 1, 'bonus_lists': [6654], 'modifiers': [{'type': 9, 'value': 30}, {'type': 28, 'value': 205}]}"
1758533635,LONG,,1,143101500,,"{'id': 4075, 'context': 1, 'bonus_lists': [6654], 'modifiers': [{'type': 9, 'value': 30}, {'type': 28, 'value': 211}]}"
1758533638,LONG,,1,25290500,,"{'id': 9808, 'context': 1, 'bonus_lists': [6654, 1694], 'modifiers': [{'type': 9, 'value': 30}, {'type': 28, 'value': 211}]}"
1758533641,LONG,749300,4,,,{'id': 173058}
1758533643,LONG,,1,61285100,,"{'id': 9836, 'context': 1, 'bonus_lists': [6654, 1679], 'modifiers': [{'type': 9, 'value': 30}, {'type': 28, 'value': 211}]}"
1758533682,LONG,683000,1,,,{'id': 173042}
1758534548,LONG,,1,79999900,76799900,"{'id': 44554, 'context': 0, 'modifiers': [{'type': 28, 'value': 872}]}"
1758534549,LONG,2799400,2,,,{'id': 172411}
1758534554,LONG,,1,6500000,6110000,"{'id': 184479, 'context': 0}"
1758534559,LONG,,1,6500000,6110000,"{'id': 184479, 'context': 0}"
1758534560,LONG,,1,6500000,6110000,"{'id': 184479, 'context': 0}"
1758534568,LONG,,1,6500000,6110000,"{'id': 184479, 'context': 0}"
1758534574,LONG,,1,6500000,6110000,"{'id': 184479, 'context': 0}"
1758534579,LONG,,1,6500000,6110000,"{'id': 184479, 'context': 0}"
1758534584,LONG,,1,6500000,6110000,"{'id': 184479, 'context': 0}"
1758534590,LONG,,1,19909000,18714500,"{'id': 184480, 'context': 0}"
1758534594,LONG,,1,19909000,18714500,"{'id': 184480, 'context': 0}"
1758534599,LONG,,1,19909000,18714500,"{'id': 184480, 'context': 0}"
1758534604,LONG,,1,19909000,18714500,"{'id': 184480, 'context': 0}"
1758534611,LONG,,1,19909000,18714500,"{'id': 184480, 'context': 0}"
1758534617,LONG,,1,19909000,18714500,"{'id': 184480, 'context': 0}"
1758534624,LONG,,1,19909000,18714500,"{'id': 184480, 'context': 0}"
1758534627,LONG,,1,19909000,18714500,"{'id': 184480, 'context': 0}"
1758534629,LONG,,1,6500000,6110000,"{'id': 184479, 'context': 0}"
1758534801,LONG,190500,25,,,{'id': 171832}
1758534849,LONG,621700,8,,,{'id': 172059}
1758534858,LONG,9900,6,,,{'id': 172069}
1758534887,LONG,320000,15,,,{'id': 172061}
1758534901,LONG,148500,3,,,{'id': 172050}
1758534910,LONG,129900,15,,,{'id': 172063}
1758534921,LONG,730100,7,,,{'id': 172056}
1758534976,LONG,950500,6,,,{'id': 178786}
1758534992,LONG,51500,7,,,{'id': 172057}
1758534998,LONG,9500,1,,,{'id': 172068}
1758535012,LONG,12500,5,,,{'id': 172046}
1758535015,LONG,1700,15,,,{'id': 172058}
1758536120,VERY_LONG,504200,1397,,,{'id': 152508}
1758536187,VERY_LONG,45000,377,,,{'id': 152507}
1758536269,VERY_LONG,501700,600,,,{'id': 152509}
1758536322,VERY_LONG,,1,6660000,6327000,"{'id': 82800, 'context': 0, 'pet_breed_id': 3, 'pet_level': 1, 'pet_quality_id': 3, 'pet_species_id': 1965}"
1758536326,VERY_LONG,,1,38613100,36682400,"{'id': 41249, 'context': 0}"
1758536330,VERY_LONG,,1,5623100,5341900,"{'id': 36262, 'context': 0, 'bonus_lists': [6654, 1705], 'modifiers': [{'type': 9, 'value': 30}, {'type': 28, 'value': 1023}]}"
1758536334,VERY_LONG,,1,3035300,2883500,"{'id': 17723, 'context': 0}"
1758536338,VERY_LONG,,1,5055300,4802500,"{'id': 6384, 'context': 0}"
1758536340,VERY_LONG,,1,1296900,1232100,"{'id': 2577, 'context': 0}"
1758536344,VERY_LONG,,1,2046200,1943900,"{'id': 36151, 'context': 0, 'bonus_lists': [6654, 1706], 'modifiers': [{'type': 9, 'value': 30}, {'type': 28, 'value': 1023}]}"
1758536347,VERY_LONG,,1,1899400,1804400,"{'id': 41255, 'context': 0}"
1758536350,VERY_LONG,1201400,3,,,{'id': 34052}
1758536351,VERY_LONG,,1,5558100,5280200,"{'id': 82800, 'context': 0, 'modifiers': [{'type': 6, 'value': 61898}], 'pet_breed_id': 3, 'pet_level': 1, 'pet_quality_id': 3, 'pet_species_id': 1634}"
1758536353,VERY_LONG,,1,10938100,10391200,"{'id': 4332, 'context': 0}"
1758536355,VERY_LONG,,1,9329600,8863100,"{'id': 36150, 'context': 0, 'bonus_lists': [6654, 1679], 'modifiers': [{'type': 9, 'value': 30}, {'type': 28, 'value': 1023}]}"
1758536357,VERY_LONG,,1,6640000,6308000,"{'id': 82800, 'context': 0, 'modifiers': [{'type': 6, 'value': 65130}], 'pet_breed_id': 21, 'pet_level': 1, 'pet_quality_id': 2, 'pet_species_id': 1727}"
1758536358,VERY_LONG,,1,2364500,2246300,"{'id': 36693, 'context': 0, 'bonus_lists': [6655, 1680], 'modifiers': [{'type': 9, 'value': 30}, {'type': 28, 'value': 1023}]}"
1758536359,VERY_LONG,1489100,2,,,{'id': 153647}
1758536362,VERY_LONG,,1,16072300,,"{'id': 36469, 'context': 0, 'bonus_lists': [6655, 1692], 'modifiers': [{'type': 9, 'value': 30}, {'type': 28, 'value': 1023}]}"
1758536364,VERY_LONG,,1,29524100,28047900,"{'id': 41248, 'context': 0}"
1758536365,VERY_LONG,,1,29629800,28148300,"{'id': 41253, 'context': 0}"
1758536366,VERY_LONG,,1,1840600,1748600,"{'id': 82800, 'context': 0, 'modifiers': [{'type': 6, 'value': 62466}], 'pet_breed_id': 10, 'pet_level': 1, 'pet_quality_id': 3, 'pet_species_id': 1633}"
1758536367,VERY_LONG,,1,1840600,1748600,"{'id': 82800, 'context': 0, 'modifiers': [{'type': 6, 'value': 62466}], 'pet_breed_id': 10, 'pet_level': 1, 'pet_quality_id': 3, 'pet_species_id': 1633}"
1758536369,VERY_LONG,,1,2834100,2692400,"{'id': 10054, 'context': 0}"
1758536371,VERY_LONG,146600,5,,,{'id': 173191}
1758536373,VERY_LONG,,1,9465600,8992300,"{'id': 36040, 'context': 0, 'bonus_lists': [6654, 1692], 'modifiers': [{'type': 9, 'value': 30}, {'type': 28, 'value': 1023}]}"
1758536375,VERY_LONG,,1,9095400,8640600,"{'id': 4333, 'context': 0}"
1758536378,VERY_LONG,,1,5698500,5413600,"{'id': 36665, 'context': 0, 'bonus_lists': [6655, 1695], 'modifiers': [{'type': 9, 'value': 30}, {'type': 28, 'value': 1023}]}"
1758536381,VERY_LONG,,1,1583200,1504000,"{'id': 2579, 'context': 0}"
1758536384,VERY_LONG,,1,8769500,8331000,"{'id': 41250, 'context': 0}"
1758536386,VERY_LONG,,1,4259200,4046200,"{'id': 10055, 'context': 0}"
1758536388,VERY_LONG,348000,1,,,{'id': 32227}
1758536390,VERY_LONG,,1,5294500,5029800,"{'id': 6385, 'context': 0}"
1758536397,VERY_LONG,,1,4940000,4693000,"{'id': 50452, 'context': 0, 'modifiers': [{'type': 28, 'value': 1023}]}"
1758536399,VERY_LONG,,1,4940000,4693000,"{'id': 50452, 'context': 0, 'modifiers': [{'type': 28, 'value': 1023}]}"
1758536403,VERY_LONG,,1,6315800,6000000,"{'id': 10052, 'context': 0}"
1758536406,VERY_LONG,,1,28941800,27494700,"{'id': 41252, 'context': 0}"
1758536408,VERY_LONG,,1,1205000,1144800,"{'id': 10056, 'context': 0}"
1758536409,VERY_LONG,,1,3870600,,"{'id': 36039, 'context': 0, 'bonus_lists': [6654, 1705], 'modifiers': [{'type': 9, 'value': 30}, {'type': 28, 'value': 1023}]}"
1758536411,VERY_LONG,668100,3,,,{'id': 32230}
1758536413,VERY_LONG,,1,19909000,18913600,"{'id': 184480, 'context': 0}"
1758536415,VERY_LONG,512600,5,,,{'id': 22450}
1758536420,VERY_LONG,,1,8648300,8215900,"{'id': 36152, 'context': 0, 'bonus_lists': [6654, 1692], 'modifiers': [{'type': 9, 'value': 30}, {'type': 28, 'value': 1023}]}"
1758536421,VERY_LONG,2200,5,,,{'id': 154898}
1758536441,VERY_LONG,,1,141119900,,"{'id': 172319, 'context': 64, 'bonus_lists': [6717, 1507]}"
1758536533,LONG,5500000,1,,,{'id': 172370}
1758536543,VERY_LONG,501700,1675,,,{'id': 152511}
1758536680,VERY_LONG,53600,225,,,{'id': 152506}
1758536706,VERY_LONG,50000,35,,,{'id': 4305}
1758536807,LONG,700000,1,,,{'id': 118472}
1758536815,LONG,45800,67,,,{'id': 113263}
1758538235,LONG,,1,190000700,,"{'id': 184789, 'context': 0, 'bonus_lists': [6652, 1472, 6646], 'modifiers': [{'type': 28, 'value': 1707}]}"
1758538313,LONG,13743200,10,,,{'id': 171276}
1758538360,LONG,5729700,2,,,{'id': 172415}
1758538377,LONG,,1,5000000,,"{'id': 173241, 'context': 63, 'bonus_lists': [6716, 1487]}"
1758538380,LONG,,1,5000000,,"{'id': 173241, 'context': 63, 'bonus_lists': [6716, 1487]}"
1758538383,LONG,,1,5000000,,"{'id': 173241, 'context': 63, 'bonus_lists': [6716, 1487]}"
1758538387,LONG,,1,5000000,,"{'id': 173241, 'context': 63, 'bonus_lists': [6716, 1487]}"
1758538391,LONG,,1,5000000,,"{'id': 173241, 'context': 63, 'bonus_lists': [6716, 1487]}"
1758538392,LONG,,1,5000000,,"{'id': 173241, 'context': 63, 'bonus_lists': [6716, 1487]}"
1758538397,LONG,,1,5000000,,"{'id': 173241, 'context': 63, 'bonus_lists': [6716, 1487]}"
1758538400,LONG,,1,5000000,,"{'id': 173241, 'context': 63, 'bonus_lists': [6716, 1487]}"
1758538406,LONG,,1,5000000,,"{'id': 173241, 'context': 63, 'bonus_lists': [6716, 1487]}"
1758538410,LONG,,1,5000000,,"{'id': 173241, 'context': 63, 'bonus_lists': [6716, 1487]}"
1758538444,LONG,17500000,1,,,{'id': 173161}
1758538451,LONG,,1,4440000,,"{'id': 173244, 'context': 63, 'bonus_lists': [6716, 1487]}"
1758538453,LONG,,1,4440000,,"{'id': 173244, 'context': 63, 'bonus_lists': [6716, 1487]}"
1758538457,LONG,,1,4440000,,"{'id': 173244, 'context': 63, 'bonus_lists': [6716, 1487]}"
1758538460,LONG,,1,4440000,,"{'id': 173244, 'context': 63, 'bonus_lists': [6716, 1487]}"
1758538463,LONG,,1,4440000,,"{'id': 173244, 'context': 63, 'bonus_lists': [6716, 1487]}"
1758538466,LONG,,1,4440000,,"{'id': 173244, 'context': 63, 'bonus_lists': [6716, 1487]}"
1758538467,LONG,,1,4440000,,"{'id': 173244, 'context': 63, 'bonus_lists': [6716, 1487]}"
1758538471,LONG,,1,4440000,,"{'id': 173244, 'context': 63, 'bonus_lists': [6716, 1487]}"
1758538482,LONG,8710000,1,,,{'id': 173163}
1758538507,LONG,10986000,1,,,{'id': 173160}
1758538524,LONG,700000,1,,,{'id': 118472}
1758538587,VERY_LONG,502600,3253,,,{'id': 152505}
1758538616,LONG,50000,198,,,{'id': 111676}
1758538627,LONG,40000,58,,,{'id': 41800}
1758538635,LONG,535800,9,,,{'id': 41805}
1758538650,LONG,20100,165,,,{'id': 41812}
1758538691,LONG,150000,2,,,{'id': 41802}
1758538723,LONG,2300,50,,,{'id': 43501}
1758538752,LONG,100000,4,,,{'id': 43011}
1758538822,VERY_LONG,250000,1211,,,{'id': 21840}
1758538941,LONG,5000000,5,,,{'id': 171841}
1758538952,LONG,25000,2,,,{'id': 41813}
1758539011,LONG,20400,6,,,{'id': 43010}
1758539036,LONG,,1,2500000,,"{'id': 176802, 'context': 0, 'bonus_lists': [6908, 6652, 1698], 'modifiers': [{'type': 9, 'value': 60}, {'type': 28, 'value': 1707}]}"
1758539043,LONG,9900,18,,,{'id': 62782}
1758539078,LONG,20100,22,,,{'id': 41801}
1758539103,LONG,30000,54,,,{'id': 43007}
1758539121,LONG,60000,6,,,{'id': 173109}
1758539131,LONG,110000,5,,,{'id': 173110}
1758539257,LONG,45800,59,,,{'id': 113263}
1758539268,LONG,700000,2,,,{'id': 118472}
1758539276,LONG,,1,4500000,,"{'id': 128316, 'context': 31, 'modifiers': [{'type': 28, 'value': 176}]}"
1758539431,LONG,,1,1508500,,"{'id': 177755, 'context': 4, 'bonus_lists': [6909], 'modifiers': [{'type': 9, 'value': 60}, {'type': 28, 'value': 750}]}"
1758539529,LONG,100000,1,,,{'id': 36929}
1758539549,LONG,20100,49,,,{'id': 41810}
1758539568,LONG,103800,2,,,{'id': 36926}
1758539590,LONG,2200,96,,,{'id': 43013}
1758539607,LONG,100000,40,,,{'id': 41808}
1758539621,LONG,10100,8,,,{'id': 40199}
1758539647,LONG,150000,2,,,{'id': 41809}
1758539668,LONG,20000,58,,,{'id': 36904}
1758539699,LONG,150000,44,,,{'id': 36901}
1758539739,LONG,1200000,7,,,{'id': 36908}
1758539767,LONG,40000,37,,,{'id': 37921}
1758539787,LONG,,1,9500000,,"{'id': 173242, 'context': 63, 'bonus_lists': [6716, 1487]}"
1758539804,LONG,28500,111,,,{'id': 36903}
1758539818,LONG,400000,1,,,{'id': 36933}
1758539856,LONG,80000,17,,,{'id': 154886}
1758539866,LONG,,1,320000000,,"{'id': 172328, 'context': 65, 'bonus_lists': [6718, 7194, 1522]}"
1758539880,LONG,9900,10,,,{'id': 172069}
1758539885,LONG,,1,169870000,,"{'id': 172328, 'context': 64, 'bonus_lists': [6717, 7194, 1507]}"
1758539895,LONG,,1,19990000,,"{'id': 82800, 'context': 0, 'modifiers': [{'type': 6, 'value': 99916}], 'pet_breed_id': 3, 'pet_level': 1, 'pet_quality_id': 2, 'pet_species_id': 2959}"
1758539899,LONG,150000,105,,,{'id': 166344}
1758539928,LONG,101000,15,,,{'id': 153435}
1758539942,LONG,152600,5,,,{'id': 153647}
1758539961,LONG,320000,2,,,{'id': 172061}
1758539972,LONG,4500,45,,,{'id': 154885}
1758540096,LONG,2200000,1,,,{'id': 184090}
1758541138,LONG,19800,1,,,{'id': 183823}
1758541148,LONG,,1,2205000,,"{'id': 176938, 'context': 9, 'bonus_lists': [6909], 'modifiers': [{'type': 9, 'value': 60}, {'type': 28, 'value': 709}]}"
1758541149,LONG,140000,1,,,{'id': 171438}
1758541180,LONG,704300,13,,,{'id': 171315}
1758541236,LONG,155100,1,,,{'id': 171301}
1758541577,LONG,5900,121,,,{'id': 168311}
1758541604,LONG,,1,4446400,,"{'id': 173248, 'context': 63, 'bonus_lists': [6716, 7193, 1487]}"
1758541608,LONG,,1,4446400,,"{'id': 173248, 'context': 63, 'bonus_lists': [6716, 7193, 1487]}"
1758541611,LONG,,1,4446400,,"{'id': 173248, 'context': 63, 'bonus_lists': [6716, 7194, 1487]}"
1758541615,LONG,,1,4446400,,"{'id': 173248, 'context': 63, 'bonus_lists': [6716, 7194, 1487]}"
1758541617,LONG,,1,4446400,,"{'id': 173248, 'context': 63, 'bonus_lists': [6716, 7193, 1487]}"
1758541620,LONG,,1,4446400,,"{'id': 173248, 'context': 63, 'bonus_lists': [6716, 7194, 1487]}"
1758541625,LONG,,1,4446400,,"{'id': 173248, 'context': 63, 'bonus_lists': [6716, 7193, 1487]}"
1758541629,LONG,,1,4446400,,"{'id': 173248, 'context': 63, 'bonus_lists': [6716, 7194, 1487]}"
1758541632,LONG,,1,4446400,,"{'id': 173248, 'context': 63, 'bonus_lists': [6716, 7194, 1487]}"
1758541635,LONG,,1,4446400,,"{'id': 173248, 'context': 63, 'bonus_lists': [6716, 7194, 1487]}"
1758541638,LONG,,1,4446400,,"{'id': 173248, 'context': 63, 'bonus_lists': [6716, 7194, 1487]}"
1758541653,LONG,200000,20,,,{'id': 154884}
1758541689,LONG,100000,52,,,{'id': 166343}
1758541708,LONG,23900,36,,,{'id': 168313}
1758541739,LONG,200000,27,,,{'id': 154889}
1758542168,VERY_LONG,40000,4,,,{'id': 172359}
1758542181,VERY_LONG,40000,4,,,{'id': 177716}
1758542193,VERY_LONG,259900,2,,,{'id': 172358}
1758542234,VERY_LONG,2508700,5,,,{'id': 183738}
1758542248,VERY_LONG,5729700,2,,,{'id': 172415}
1758542268,VERY_LONG,889000,9,,,{'id': 172418}
1758542270,LONG,,1,307900,,"{'id': 7941, 'context': 0}"
1758542759,VERY_LONG,559600,23,,,{'id': 172921}
1758542814,LONG,,1,65000000,,"{'id': 82800, 'context': 0, 'modifiers': [{'type': 6, 'value': 59577}], 'pet_breed_id': 17, 'pet_level': 14, 'pet_quality_id': 3, 'pet_species_id': 1531}"
1758542911,LONG,,1,12000000,,"{'id': 82800, 'context': 0, 'modifiers': [{'type': 6, 'value': 22778}], 'pet_breed_id': 13, 'pet_level': 12, 'pet_quality_id': 2, 'pet_species_id': 254}"
1758544120,LONG,,1,11000000,,"{'id': 82800, 'context': 0, 'modifiers': [{'type': 6, 'value': 19987}], 'pet_breed_id': 22, 'pet_level': 11, 'pet_quality_id': 2, 'pet_species_id': 138}"
1758544213,VERY_LONG,,1,4200000,,"{'id': 128316, 'context': 31, 'modifiers': [{'type': 28, 'value': 176}]}"
1758544309,LONG,,1,15000000,,"{'id': 82800, 'context': 0, 'modifiers': [{'type': 6, 'value': 8909}], 'pet_breed_id': 9, 'pet_level': 7, 'pet_quality_id': 2, 'pet_species_id': 85}"
1758544311,LONG,,1,15000000,,"{'id': 82800, 'context': 0, 'modifiers': [{'type': 6, 'value': 8909}], 'pet_breed_id': 9, 'pet_level': 7, 'pet_quality_id': 2, 'pet_species_id': 85}"
1758544314,LONG,,1,15000000,,"{'id': 82800, 'context': 0, 'modifiers': [{'type': 6, 'value': 8909}], 'pet_breed_id': 9, 'pet_level': 7, 'pet_quality_id': 2, 'pet_species_id': 85}"
1758544317,LONG,,1,15000000,,"{'id': 82800, 'context': 0, 'modifiers': [{'type': 6, 'value': 8909}], 'pet_breed_id': 9, 'pet_level': 7, 'pet_quality_id': 2, 'pet_species_id': 85}"
1758544321,LONG,,1,15000000,,"{'id': 82800, 'context': 0, 'modifiers': [{'type': 6, 'value': 8909}], 'pet_breed_id': 9, 'pet_level': 7, 'pet_quality_id': 2, 'pet_species_id': 85}"
1758544323,LONG,,1,15000000,,"{'id': 82800, 'context': 0, 'modifiers': [{'type': 6, 'value': 8909}], 'pet_breed_id': 9, 'pet_level': 7, 'pet_quality_id': 2, 'pet_species_id': 85}"
1758544324,LONG,,1,15000000,,"{'id': 82800, 'context': 0, 'modifiers': [{'type': 6, 'value': 8909}], 'pet_breed_id': 9, 'pet_level': 7, 'pet_quality_id': 2, 'pet_species_id': 85}"
1758544370,LONG,,1,7000000,,"{'id': 82800, 'context': 0, 'modifiers': [{'type': 6, 'value': 5585}], 'pet_breed_id': 5, 'pet_level': 7, 'pet_quality_id': 2, 'pet_species_id': 44}"
1758544372,LONG,,1,7000000,,"{'id': 82800, 'context': 0, 'modifiers': [{'type': 6, 'value': 5585}], 'pet_breed_id': 15, 'pet_level': 7, 'pet_quality_id': 2, 'pet_species_id': 44}"
1758544373,LONG,,1,7000000,,"{'id': 82800, 'context': 0, 'modifiers': [{'type': 6, 'value': 5585}], 'pet_breed_id': 15, 'pet_level': 7, 'pet_quality_id': 2, 'pet_species_id': 44}"
1758544377,LONG,,1,7000000,,"{'id': 82800, 'context': 0, 'modifiers': [{'type': 6, 'value': 5585}], 'pet_breed_id': 15, 'pet_level': 7, 'pet_quality_id': 2, 'pet_species_id': 44}"
1758544551,LONG,2000,11,,,{'id': 3371}
1758544597,LONG,12600,58,,,{'id': 154883}
1758544636,LONG,250000,10,,,{'id': 174351}
1758544712,LONG,,1,25000000,,"{'id': 82800, 'context': 0, 'modifiers': [{'type': 6, 'value': 59578}], 'pet_breed_id': 14, 'pet_level': 7, 'pet_quality_id': 3, 'pet_species_id': 1530}"
1758544732,VERY_LONG,,1,658400,,"{'id': 29958, 'context': 0, 'modifiers': [{'type': 28, 'value': 373}]}"
1758544795,VERY_LONG,1200,35,,,{'id': 109144}
1758544957,LONG,80000,5,,,{'id': 173192}
1758545020,LONG,,1,15000000,,"{'id': 82800, 'context': 0, 'modifiers': [{'type': 6, 'value': 65113}], 'pet_breed_id': 20, 'pet_level': 7, 'pet_quality_id': 3, 'pet_species_id': 1717}"
1758545185,LONG,,1,7000000,,"{'id': 82800, 'context': 0, 'modifiers': [{'type': 6, 'value': 19986}], 'pet_breed_id': 3, 'pet_level': 7, 'pet_quality_id': 2, 'pet_species_id': 139}"
1758545189,LONG,,1,7000000,,"{'id': 82800, 'context': 0, 'modifiers': [{'type': 6, 'value': 19986}], 'pet_breed_id': 12, 'pet_level': 7, 'pet_quality_id': 2, 'pet_species_id': 139}"
1758545191,LONG,,1,7000000,,"{'id': 82800, 'context': 0, 'modifiers': [{'type': 6, 'value': 19986}], 'pet_breed_id': 8, 'pet_level': 7, 'pet_quality_id': 2, 'pet_species_id': 139}"
1758545194,LONG,,1,7000000,,"{'id': 82800, 'context': 0, 'modifiers': [{'type': 6, 'value': 19986}], 'pet_breed_id': 13, 'pet_level': 7, 'pet_quality_id': 2, 'pet_species_id': 139}"
1758545196,LONG,,1,7000000,,"{'id': 82800, 'context': 0, 'modifiers': [{'type': 6, 'value': 19986}], 'pet_breed_id': 12, 'pet_level': 7, 'pet_quality_id': 2, 'pet_species_id': 139}"
1758545215,LONG,80000,20,,,{'id': 154886}
1758545305,LONG,,1,900000,,"{'id': 82800, 'context': 0, 'modifiers': [{'type': 6, 'value': 61547}], 'pet_breed_id': 8, 'pet_level': 9, 'pet_quality_id': 2, 'pet_species_id': 1540}"
1758545358,LONG,5000,89,,,{'id': 168314}
1758545386,LONG,992800,5,,,{'id': 153663}
1758545437,LONG,,1,19900000,,"{'id': 184480, 'context': 0}"
1758545442,LONG,,1,19900000,,"{'id': 184480, 'context': 0}"
1758545460,LONG,,1,1205100,,"{'id': 21957, 'context': 14}"
1758545614,LONG,100000,10,,,{'id': 171828}
1758545693,LONG,,1,7776200,,"{'id': 176977, 'context': 0, 'bonus_lists': [6907, 6652, 1679], 'modifiers': [{'type': 9, 'value': 60}, {'type': 28, 'value': 1707}]}"
1758545745,LONG,,1,4558100,,"{'id': 10101, 'context': 0, 'bonus_lists': [6654, 1681], 'modifiers': [{'type': 9, 'value': 30}, {'type': 28, 'value': 30}]}"
1758545770,LONG,,1,2331000,,"{'id': 10122, 'context': 0, 'bonus_lists': [6654, 1708], 'modifiers': [{'type': 9, 'value': 30}, {'type': 28, 'value': 31}]}"
1758545795,LONG,,1,15000000,,"{'id': 82800, 'context': 0, 'modifiers': [{'type': 6, 'value': 60732}], 'pet_breed_id': 17, 'pet_level': 7, 'pet_quality_id': 3, 'pet_species_id': 1564}"
1758545862,LONG,500,105,,,{'id': 19183}
1758545914,LONG,12000000,7,,,{'id': 172010}
1758547102,LONG,12000000,2,,,{'id': 172008}
1758547132,LONG,,1,225400,,"{'id': 15737, 'context': 1}"
1758547134,LONG,,1,225400,,"{'id': 15737, 'context': 1}"
1758547152,LONG,1200000,20,,,{'id': 60838}
1758547309,LONG,,1,13000000,,"{'id': 15755, 'context': 1}"
1758547326,LONG,,1,330000,,"{'id': 12689, 'context': 1}"
1758547352,LONG,,1,2507600,,"{'id': 47630, 'context': 0}"
1758547383,LONG,250000,19,,,{'id': 153712}
1758547427,LONG,,1,125000000,,"{'id': 161892, 'context': 13, 'bonus_lists': [1679, 4928, 5804]}"
1758547450,LONG,267000,1,,,{'id': 74711}
1758547478,LONG,73800,11,,,{'id': 153437}
1758547502,LONG,2509300,8,,,{'id': 168651}
1758547534,LONG,,1,9500000,,"{'id': 173242, 'context': 63, 'bonus_lists': [6716, 1487]}"
1758547539,LONG,,1,9500000,,"{'id': 173242, 'context': 63, 'bonus_lists': [6716, 1487]}"
1758547541,LONG,,1,9500000,,"{'id': 173242, 'context': 63, 'bonus_lists': [6716, 1487]}"
1758547582,LONG,200000,20,,,{'id': 154889}
1758547618,LONG,46700,46,,,{'id': 154882}
1758547634,LONG,53800,1,,,{'id': 36920}
1758547652,LONG,99900,65,,,{'id': 154881}
1758547683,LONG,150000,44,,,{'id': 154887}
1758547701,LONG,250000,16,,,{'id': 168312}
1758547741,LONG,161900,86,,,{'id': 154891}
1758547861,LONG,150000,34,,,{'id': 165755}
1758547880,LONG,148500,7,,,{'id': 172050}
1758547891,LONG,16000,6,,,{'id': 174353}
1758547910,LONG,21900,5,,,{'id': 133575}
1758547989,LONG,1200000,5,,,{'id': 174352}
1758548351,LONG,380000,2,,,{'id': 165016}
1758548371,LONG,100000,100,,,{'id': 166343}
1758548389,LONG,,1,10000000,,"{'id': 82800, 'context': 0, 'modifiers': [{'type': 6, 'value': 61549}], 'pet_breed_id': 6, 'pet_level': 10, 'pet_quality_id': 2, 'pet_species_id': 1537}"
1758548419,LONG,99900,100,,,{'id': 154881}
1758548482,LONG,1200000,6,,,{'id': 116271}
1758548520,LONG,1994500,1,,,{'id': 74713}
1758548546,LONG,137500,25,,,{'id': 153714}
1758548564,LONG,150000,80,,,{'id': 154887}
1758548599,LONG,,1,5000000,,"{'id': 82800, 'context': 0, 'modifiers': [{'type': 6, 'value': 46896}], 'pet_breed_id': 9, 'pet_level': 5, 'pet_quality_id': 3, 'pet_species_id': 1144}"
1758548620,LONG,41400,9,,,{'id': 158381}
1758548660,LONG,,1,9000000,,"{'id': 82800, 'context': 0, 'modifiers': [{'type': 6, 'value': 36743}], 'pet_breed_id': 8, 'pet_level': 9, 'pet_quality_id': 3, 'pet_species_id': 2568}"
1758548778,LONG,,1,22000000,,"{'id': 82800, 'context': 0, 'modifiers': [{'type': 6, 'value': 66485}], 'pet_breed_id': 17, 'pet_level': 14, 'pet_quality_id': 3, 'pet_species_id': 1884}"
1758548810,LONG,3499900,1,,,{'id': 137238}
1758548881,LONG,,1,14000000,,"{'id': 82800, 'context': 0, 'modifiers': [{'type': 6, 'value': 65070}], 'pet_breed_id': 6, 'pet_level': 14, 'pet_quality_id': 3, 'pet_species_id': 1706}"
1758548920,LONG,,1,7780000,,"{'id': 82800, 'context': 0, 'modifiers': [{'type': 6, 'value': 79797}], 'pet_breed_id': 4, 'pet_level': 7, 'pet_quality_id': 3, 'pet_species_id': 2119}"
1758549049,LONG,,1,7000000,,"{'id': 82800, 'context': 0, 'modifiers': [{'type': 6, 'value': 5207}], 'pet_breed_id': 11, 'pet_level': 7, 'pet_quality_id': 2, 'pet_species_id': 50}"
1758549051,LONG,,1,7000000,,"{'id': 82800, 'context': 0, 'modifiers': [{'type': 6, 'value': 5207}], 'pet_breed_id': 21, 'pet_level': 7, 'pet_quality_id': 2, 'pet_species_id': 50}"
1758549054,LONG,,1,7000000,,"{'id': 82800, 'context': 0, 'modifiers': [{'type': 6, 'value': 5207}], 'pet_breed_id': 21, 'pet_level': 7, 'pet_quality_id': 2, 'pet_species_id': 50}"
1758549056,LONG,,1,7000000,,"{'id': 82800, 'context': 0, 'modifiers': [{'type': 6, 'value': 5207}], 'pet_breed_id': 11, 'pet_level': 7, 'pet_quality_id': 2, 'pet_species_id': 50}"
1758550132,LONG,,1,1200000,,"{'id': 82800, 'context': 0, 'modifiers': [{'type': 6, 'value': 2955}], 'pet_breed_id': 11, 'pet_level': 12, 'pet_quality_id': 2, 'pet_species_id': 74}"
1758550156,LONG,,1,1100000,,"{'id': 82800, 'context': 0, 'modifiers': [{'type': 6, 'value': 2955}], 'pet_breed_id': 21, 'pet_level': 11, 'pet_quality_id': 2, 'pet_species_id': 74}"
1758550179,LONG,5000000,5,,,{'id': 173037}
1758550190,LONG,,1,1400000,,"{'id': 82800, 'context': 0, 'modifiers': [{'type': 6, 'value': 2955}], 'pet_breed_id': 11, 'pet_level': 14, 'pet_quality_id': 2, 'pet_species_id': 74}"
1758550191,LONG,,1,1400000,,"{'id': 82800, 'context': 0, 'modifiers': [{'type': 6, 'value': 2955}], 'pet_breed_id': 11, 'pet_level': 14, 'pet_quality_id': 2, 'pet_species_id': 74}"
1758550195,LONG,,1,1400000,,"{'id': 82800, 'context': 0, 'modifiers': [{'type': 6, 'value': 2955}], 'pet_breed_id': 11, 'pet_level': 14, 'pet_quality_id': 2, 'pet_species_id': 74}"
1758550240,LONG,,1,7000000,,"{'id': 82800, 'context': 0, 'modifiers': [{'type': 6, 'value': 58825}], 'pet_breed_id': 20, 'pet_level': 7, 'pet_quality_id': 2, 'pet_species_id': 1471}"
1758550255,LONG,,1,103244800,,"{'id': 113131, 'context': 13, 'bonus_lists': [525, 96, 530]}"
1758550260,LONG,,1,103244800,,"{'id': 113131, 'context': 13, 'bonus_lists': [525, 103, 530]}"
1758550290,LONG,161900,180,,,{'id': 154891}
1758550318,LONG,1997600,6,,,{'id': 168192}
1758550359,LONG,200000,95,,,{'id': 154884}
1758550364,VERY_LONG,1609900,15,,,{'id': 172232}
1758550383,LONG,1400,1,,,{'id': 136606}
1758550430,LONG,46700,74,,,{'id': 154882}
1758550460,LONG,4000,3,,,{'id': 14047}
1758550471,LONG,4500,165,,,{'id': 154885}
1758550497,VERY_LONG,108500,4,,,{'id': 115504}
1758550514,LONG,150000,77,,,{'id': 166344}
1758550531,LONG,20000,21,,,{'id': 111658}
1758550549,LONG,250000,40,,,{'id': 168312}
1758550555,LONG,,1,550000000,,"{'id': 82800, 'context': 0, 'modifiers': [{'type': 6, 'value': 48704}], 'pet_breed_id': 8, 'pet_level': 25, 'pet_quality_id': 3, 'pet_species_id': 1243}"
1758550562,LONG,,1,651879300,,"{'id': 82800, 'context': 0, 'modifiers': [{'type': 6, 'value': 47959}], 'pet_breed_id': 20, 'pet_level': 25, 'pet_quality_id': 3, 'pet_species_id': 1206}"
1758550564,LONG,7800,39,,,{'id': 32428}
1758550567,VERY_LONG,5000000,4,,,{'id': 171841}
1758550570,LONG,,1,840989500,,"{'id': 82800, 'context': 0, 'modifiers': [{'type': 6, 'value': 34262}], 'pet_breed_id': 8, 'pet_level': 25, 'pet_quality_id': 3, 'pet_species_id': 264}"
1758550595,LONG,,1,1789990000,,"{'id': 82800, 'context': 0, 'modifiers': [{'type': 6, 'value': 51278}], 'pet_breed_id': 16, 'pet_level': 25, 'pet_quality_id': 3, 'pet_species_id': 1337}"
1758550607,LONG,,1,843989700,,"{'id': 82800, 'context': 0, 'modifiers': [{'type': 6, 'value': 8409}], 'pet_breed_id': 10, 'pet_level': 25, 'pet_quality_id': 3, 'pet_species_id': 172}"
1758550616,LONG,,1,95000000,,"{'id': 82800, 'context': 0, 'modifiers': [{'type': 6, 'value': 86532}], 'pet_breed_id': 8, 'pet_level': 9, 'pet_quality_id': 3, 'pet_species_id': 2794}"
1758550621,LONG,,1,755999400,,"{'id': 82800, 'context': 0, 'modifiers': [{'type': 6, 'value': 47957}], 'pet_breed_id': 22, 'pet_level': 25, 'pet_quality_id': 3, 'pet_species_id': 1207}"
1758550667,LONG,,1,205000000,,"{'id': 82800, 'context': 0, 'modifiers': [{'type': 6, 'value': 86532}], 'pet_breed_id': 15, 'pet_level': 20, 'pet_quality_id': 3, 'pet_species_id': 2794}"
1758550701,LONG,,1,59993900,,"{'id': 173246, 'context': 65, 'bonus_lists': [6718, 1522]}"
1758550704,LONG,,1,59993900,,"{'id': 173246, 'context': 65, 'bonus_lists': [6718, 1522]}"
1758550706,LONG,,1,59993900,,"{'id': 173246, 'context': 65, 'bonus_lists': [6718, 1522]}"
1758550708,LONG,,1,59993900,,"{'id': 173246, 'context': 65, 'bonus_lists': [6718, 1522]}"
1758552171,LONG,,1,6000000,,"{'id': 82800, 'context': 0, 'modifiers': [{'type': 6, 'value': 28084}], 'pet_breed_id': 8, 'pet_level': 6, 'pet_quality_id': 2, 'pet_species_id': 197}"
1758552225,LONG,,1,8000000,,"{'id': 82800, 'context': 0, 'modifiers': [{'type': 6, 'value': 28084}], 'pet_breed_id': 8, 'pet_level': 8, 'pet_quality_id': 2, 'pet_species_id': 197}"
1758552260,LONG,,1,8000000,,"{'id': 82800, 'context': 0, 'modifiers': [{'type': 6, 'value': 28084}], 'pet_breed_id': 8, 'pet_level': 8, 'pet_quality_id': 2, 'pet_species_id': 197}"
1758552347,LONG,,1,9000000,,"{'id': 82800, 'context': 0, 'modifiers': [{'type': 6, 'value': 28084}], 'pet_breed_id': 8, 'pet_level': 9, 'pet_quality_id': 2, 'pet_species_id': 197}"
1758552350,LONG,,1,9000000,,"{'id': 82800, 'context': 0, 'modifiers': [{'type': 6, 'value': 28084}], 'pet_breed_id': 8, 'pet_level': 9, 'pet_quality_id': 2, 'pet_species_id': 197}"
1758552351,LONG,,1,9000000,,"{'id': 82800, 'context': 0, 'modifiers': [{'type': 6, 'value': 28084}], 'pet_breed_id': 8, 'pet_level': 9, 'pet_quality_id': 2, 'pet_species_id': 197}"
1758552373,LONG,150000,100,,,{'id': 166344}
1758552393,LONG,250000,5,,,{'id': 168232}
1758552409,LONG,19800,20,,,{'id': 183823}
1758553543,LONG,505000,6,,,{'id': 173130}
1758553611,LONG,3500000,20,,,{'id': 172347}
1758553969,VERY_LONG,2799400,1,,,{'id': 172411}
1758555329,VERY_LONG,90000,8,,,{'id': 171263}
1758555344,LONG,,1,140000000,,"{'id': 164343, 'context': 11, 'modifiers': [{'type': 28, 'value': 645}]}"
1758555362,VERY_LONG,19800,5,,,{'id': 183823}
1758555396,VERY_LONG,30000,14,,,{'id': 171370}
1758555397,VERY_LONG,7190000,8,,,{'id': 172097}
1758555403,LONG,6390000,1,,,{'id': 173170}
1758555427,VERY_LONG,383900,10,,,{'id': 170554}
1758555436,VERY_LONG,704300,2,,,{'id': 171315}
1758555445,LONG,250000,5,,,{'id': 174348}
1758555452,VERY_LONG,2200000,10,,,{'id': 184090}
1758555464,LONG,200000,10,,,{'id': 174350}
1758555492,LONG,150000,5,,,{'id': 174349}
1758555499,VERY_LONG,872300,3,,,{'id': 176811}
1758555508,LONG,5900,80,,,{'id': 168311}
1758555530,LONG,50200,214,,,{'id': 111675}
1758555552,LONG,10000,82,,,{'id': 111601}
1758555606,VERY_LONG,3008600,1,,,{'id': 171266}
1758555611,LONG,20200,15,,,{'id': 111664}
1758555639,LONG,80000,243,,,{'id': 154886}
1758555650,VERY_LONG,770000,4,,,{'id': 171269}
1758555654,LONG,56100,58,,,{'id': 111665}
1758555665,LONG,11200,20,,,{'id': 111667}
1758555687,LONG,1200,837,,,{'id': 109144}
1758555713,LONG,90000,139,,,{'id': 154888}
1758555738,LONG,15900,57,,,{'id': 53069}
1758555750,LONG,1200000,10,,,{'id': 118711}
1758555776,LONG,41400,71,,,{'id': 158381}
1758555793,LONG,755300,1,,,{'id': 74710}
1758555842,LONG,12000000,3,,,{'id': 127846}
1758555862,LONG,100,4,,,{'id': 6289}
1758555877,LONG,100,1,,,{'id': 6308}
1758555909,LONG,9900,41,,,{'id': 111589}
1758555944,LONG,250000,2,,,{'id': 169220}
1758555972,LONG,20200,50,,,{'id': 111663}
1758556002,LONG,900,44,,,{'id': 12037}
1758556021,LONG,20000,17,,,{'id': 31670}
1758557229,LONG,1200000,11,,,{'id': 127839}
1758557272,VERY_LONG,,1,200001100,,"{'id': 172317, 'context': 64, 'bonus_lists': [6717, 7193, 1507]}"
1758557297,LONG,150100,22,,,{'id': 13757}
1758557346,LONG,200000,18,,,{'id': 168640}
1758557377,VERY_LONG,,1,100000100,,"{'id': 93228, 'context': 0}"
1758557393,VERY_LONG,704300,1,,,{'id': 171315}
1758557403,LONG,101900,20,,,{'id': 151609}
1758557426,VERY_LONG,8000,25,,,{'id': 72988}
1758557448,LONG,60000,15,,,{'id': 83064}
1758557474,VERY_LONG,,1,1000000,,"{'id': 44742, 'context': 0, 'bonus_lists': [1705]}"
1758557476,LONG,750000,8,,,{'id': 116981}
1758557483,LONG,2500,3,,,{'id': 154899}
1758557505,LONG,400,7,,,{'id': 62779}
1758557521,VERY_LONG,,1,10000000,,"{'id': 165520, 'context': 3, 'bonus_lists': [4798, 1478, 4786], 'modifiers': [{'type': 28, 'value': 686}]}"
1758557525,LONG,12000000,1,,,{'id': 168956}
1758557547,VERY_LONG,9900,2,,,{'id': 168216}
1758557548,LONG,20600,2,,,{'id': 53062}
1758557571,LONG,8000600,7,,,{'id': 123956}
1758557595,VERY_LONG,,1,11236200,,"{'id': 179334, 'context': 23, 'bonus_lists': [6908, 42, 1692], 'modifiers': [{'type': 9, 'value': 60}, {'type': 28, 'value': 749}]}"
1758557613,LONG,13900,12,,,{'id': 6530}
1758557636,VERY_LONG,,1,920000,,"{'id': 178952, 'context': 0, 'bonus_lists': [6908, 6652, 1679], 'modifiers': [{'type': 9, 'value': 60}, {'type': 28, 'value': 1707}]}"
1758557650,LONG,50500,39,,,{'id': 62783}
1758557663,VERY_LONG,208800,8,,,{'id': 72162}
1758557690,LONG,1294500,7,,,{'id': 21844}
1758557709,LONG,35000,12,,,{'id': 53070}
1758557728,LONG,2507600,4,,,{'id': 59596}
1758557846,LONG,,1,95000000,,"{'id': 82800, 'context': 0, 'modifiers': [{'type': 6, 'value': 23506}], 'pet_breed_id': 3, 'pet_level': 9, 'pet_quality_id': 3, 'pet_species_id': 174}"
1758558025,LONG,850200,8,,,{'id': 80431}
1758558139,VERY_LONG,,1,507600,,"{'id': 45090, 'context': 3}"
1758558657,LONG,,1,700000,,"{'id': 82800, 'context': 0, 'modifiers': [{'type': 6, 'value': 66157}], 'pet_breed_id': 13, 'pet_level': 7, 'pet_quality_id': 3, 'pet_species_id': 1804}"
1758558697,LONG,,1,7000000,,"{'id': 82800, 'context': 0, 'modifiers': [{'type': 6, 'value': 7937}], 'pet_breed_id': 21, 'pet_level': 7, 'pet_quality_id': 2, 'pet_species_id': 39}"
1758558699,LONG,,1,7000000,,"{'id': 82800, 'context': 0, 'modifiers': [{'type': 6, 'value': 7937}], 'pet_breed_id': 21, 'pet_level': 7, 'pet_quality_id': 2, 'pet_species_id': 39}"
1758558703,LONG,,1,7000000,,"{'id': 82800, 'context': 0, 'modifiers': [{'type': 6, 'value': 7937}], 'pet_breed_id': 21, 'pet_level': 7, 'pet_quality_id': 2, 'pet_species_id': 39}"
1758558707,LONG,,1,7000000,,"{'id': 82800, 'context': 0, 'modifiers': [{'type': 6, 'value': 7937}], 'pet_breed_id': 11, 'pet_level': 7, 'pet_quality_id': 2, 'pet_species_id': 39}"
1758558709,LONG,,1,7000000,,"{'id': 82800, 'context': 0, 'modifiers': [{'type': 6, 'value': 7937}], 'pet_breed_id': 11, 'pet_level': 7, 'pet_quality_id': 2, 'pet_species_id': 39}"
1758558711,LONG,,1,7000000,,"{'id': 82800, 'context': 0, 'modifiers': [{'type': 6, 'value': 7937}], 'pet_breed_id': 11, 'pet_level': 7, 'pet_quality_id': 2, 'pet_species_id': 39}"
1758558714,LONG,,1,7000000,,"{'id': 82800, 'context': 0, 'modifiers': [{'type': 6, 'value': 7937}], 'pet_breed_id': 11, 'pet_level': 7, 'pet_quality_id': 2, 'pet_species_id': 39}"
1758558734,LONG,,1,62500000,,"{'id': 82800, 'context': 0, 'modifiers': [{'type': 6, 'value': 87763}], 'pet_breed_id': 14, 'pet_level': 5, 'pet_quality_id': 2, 'pet_species_id': 2793}"
1758558763,LONG,140000,5,,,{'id': 171271}
1758558803,LONG,872300,3,,,{'id': 176811}
1758558805,LONG,,1,600000,,"{'id': 82800, 'context': 0, 'modifiers': [{'type': 6, 'value': 6191}], 'pet_breed_id': 15, 'pet_level': 6, 'pet_quality_id': 2, 'pet_species_id': 47}"
1758558809,LONG,,1,600000,,"{'id': 82800, 'context': 0, 'modifiers': [{'type': 6, 'value': 6191}], 'pet_breed_id': 5, 'pet_level': 6, 'pet_quality_id': 2, 'pet_species_id': 47}"
1758558936,LONG,,1,700000,,"{'id': 82800, 'context': 0, 'modifiers': [{'type': 6, 'value': 6190}], 'pet_breed_id': 5, 'pet_level': 7, 'pet_quality_id': 2, 'pet_species_id': 51}"
1758558939,LONG,,1,700000,,"{'id': 82800, 'context': 0, 'modifiers': [{'type': 6, 'value': 6190}], 'pet_breed_id': 13, 'pet_level': 7, 'pet_quality_id': 2, 'pet_species_id': 51}"
1758558948,LONG,,1,700000,,"{'id': 82800, 'context': 0, 'modifiers': [{'type': 6, 'value': 6190}], 'pet_breed_id': 5, 'pet_level': 7, 'pet_quality_id': 2, 'pet_species_id': 51}"
1758558953,LONG,,1,700000,,"{'id': 82800, 'context': 0, 'modifiers': [{'type': 6, 'value': 6190}], 'pet_breed_id': 3, 'pet_level': 7, 'pet_quality_id': 2, 'pet_species_id': 51}"
1758559082,LONG,,1,15000000,,"{'id': 82800, 'context': 0, 'modifiers': [{'type': 6, 'value': 8910}], 'pet_breed_id': 7, 'pet_level': 7, 'pet_quality_id': 2, 'pet_species_id': 86}"
1758559085,LONG,,1,15000000,,"{'id': 82800, 'context': 0, 'modifiers': [{'type': 6, 'value': 8910}], 'pet_breed_id': 7, 'pet_level': 7, 'pet_quality_id': 2, 'pet_species_id': 86}"
1758559089,LONG,,1,15000000,,"{'id': 82800, 'context': 0, 'modifiers': [{'type': 6, 'value': 8910}], 'pet_breed_id': 7, 'pet_level': 7, 'pet_quality_id': 2, 'pet_species_id': 86}"
1758559093,LONG,,1,15000000,,"{'id': 82800, 'context': 0, 'modifiers': [{'type': 6, 'value': 8910}], 'pet_breed_id': 7, 'pet_level': 7, 'pet_quality_id': 2, 'pet_species_id': 86}"
1758559099,LONG,,1,15000000,,"{'id': 82800, 'context': 0, 'modifiers': [{'type': 6, 'value': 8910}], 'pet_breed_id': 7, 'pet_level': 7, 'pet_quality_id': 2, 'pet_species_id': 86}"
1758560104,LONG,,1,15000000,,"{'id': 82800, 'context': 0, 'modifiers': [{'type': 6, 'value': 8910}], 'pet_breed_id': 7, 'pet_level': 7, 'pet_quality_id': 2, 'pet_species_id': 86}"
1758560107,LONG,,1,15000000,,"{'id': 82800, 'context': 0, 'modifiers': [{'type': 6, 'value': 8910}], 'pet_breed_id': 7, 'pet_level': 7, 'pet_quality_id': 2, 'pet_species_id': 86}"
1758560177,LONG,,1,700000,,"{'id': 82800, 'context': 0, 'modifiers': [{'type': 6, 'value': 2177}], 'pet_breed_id': 16, 'pet_level': 7, 'pet_quality_id': 2, 'pet_species_id': 55}"
1758560181,LONG,,1,700000,,"{'id': 82800, 'context': 0, 'modifiers': [{'type': 6, 'value': 2177}], 'pet_breed_id': 9, 'pet_level': 7, 'pet_quality_id': 2, 'pet_species_id': 55}"
1758560183,LONG,,1,700000,,"{'id': 82800, 'context': 0, 'modifiers': [{'type': 6, 'value': 2177}], 'pet_breed_id': 13, 'pet_level': 7, 'pet_quality_id': 2, 'pet_species_id': 55}"
1758560188,LONG,,1,700000,,"{'id': 82800, 'context': 0, 'modifiers': [{'type': 6, 'value': 2177}], 'pet_breed_id': 3, 'pet_level': 7, 'pet_quality_id': 2, 'pet_species_id': 55}"
1758560292,LONG,,1,65000000,,"{'id': 82800, 'context': 0, 'modifiers': [{'type': 6, 'value': 64222}], 'pet_breed_id': 7, 'pet_level': 10, 'pet_quality_id': 3, 'pet_species_id': 1688}"
1758560439,LONG,,1,7000000,,"{'id': 82800, 'context': 0, 'modifiers': [{'type': 6, 'value': 4615}], 'pet_breed_id': 7, 'pet_level': 7, 'pet_quality_id': 2, 'pet_species_id': 68}"
1758560541,LONG,,1,22000000,,"{'id': 82800, 'context': 0, 'modifiers': [{'type': 6, 'value': 9905}], 'pet_breed_id': 7, 'pet_level': 7, 'pet_quality_id': 3, 'pet_species_id': 286}"
1758560569,LONG,,1,7000000,,"{'id': 82800, 'context': 0, 'pet_breed_id': 20, 'pet_level': 7, 'pet_quality_id': 3, 'pet_species_id': 1628}"
1758560620,LONG,,1,65000000,,"{'id': 82800, 'context': 0, 'modifiers': [{'type': 6, 'value': 60016}], 'pet_breed_id': 20, 'pet_level': 10, 'pet_quality_id': 3, 'pet_species_id': 1541}"
1758560672,LONG,,1,6000000,,"{'id': 82800, 'context': 0, 'modifiers': [{'type': 6, 'value': 4626}], 'pet_breed_id': 11, 'pet_level': 6, 'pet_quality_id': 2, 'pet_species_id': 137}"
1758560676,LONG,,1,6000000,,"{'id': 82800, 'context': 0, 'modifiers': [{'type': 6, 'value': 4626}], 'pet_breed_id': 5, 'pet_level': 6, 'pet_quality_id': 2, 'pet_species_id': 137}"
1758560729,LONG,,1,7000000,,"{'id': 82800, 'context': 0, 'modifiers': [{'type': 6, 'value': 19600}], 'pet_breed_id': 7, 'pet_level': 7, 'pet_quality_id': 2, 'pet_species_id': 136}"
1758560733,LONG,,1,7000000,,"{'id': 82800, 'context': 0, 'modifiers': [{'type': 6, 'value': 19600}], 'pet_breed_id': 7, 'pet_level': 7, 'pet_quality_id': 2, 'pet_species_id': 136}"
1758560793,LONG,,1,25000000,,"{'id': 82800, 'context': 0, 'modifiers': [{'type': 6, 'value': 901}], 'pet_breed_id': 3, 'pet_level': 7, 'pet_quality_id': 2, 'pet_species_id': 95}"
1758560794,LONG,,1,25000000,,"{'id': 82800, 'context': 0, 'modifiers': [{'type': 6, 'value': 901}], 'pet_breed_id': 3, 'pet_level': 7, 'pet_quality_id': 2, 'pet_species_id': 95}"
1758560795,LONG,,1,25000000,,"{'id': 82800, 'context': 0, 'modifiers': [{'type': 6, 'value': 901}], 'pet_breed_id': 3, 'pet_level': 7, 'pet_quality_id': 2, 'pet_species_id': 95}"
1758560797,LONG,,1,25000000,,"{'id': 82800, 'context': 0, 'modifiers': [{'type': 6, 'value': 901}], 'pet_breed_id': 3, 'pet_level': 7, 'pet_quality_id': 2, 'pet_species_id': 95}"
1758560798,LONG,,1,25000000,,"{'id': 82800, 'context': 0, 'modifiers': [{'type': 6, 'value': 901}], 'pet_breed_id': 3, 'pet_level': 7, 'pet_quality_id': 2, 'pet_species_id': 95}"
1758560800,LONG,,1,25000000,,"{'id': 82800, 'context': 0, 'modifiers': [{'type': 6, 'value': 901}], 'pet_breed_id': 3, 'pet_level': 7, 'pet_quality_id': 2, 'pet_species_id': 95}"
1758560802,LONG,,1,25000000,,"{'id': 82800, 'context': 0, 'modifiers': [{'type': 6, 'value': 901}], 'pet_breed_id': 3, 'pet_level': 7, 'pet_quality_id': 2, 'pet_species_id': 95}"
1758560815,LONG,,1,7000000,,"{'id': 82800, 'context': 0, 'modifiers': [{'type': 6, 'value': 45880}], 'pet_breed_id': 6, 'pet_level': 7, 'pet_quality_id': 3, 'pet_species_id': 211}"
1758560828,LONG,,1,7000000,,"{'id': 82800, 'context': 0, 'modifiers': [{'type': 6, 'value': 45880}], 'pet_breed_id': 6, 'pet_level': 7, 'pet_quality_id': 3, 'pet_species_id': 211}"
1758560856,LONG,,1,7000000,,"{'id': 82800, 'context': 0, 'modifiers': [{'type': 6, 'value': 45880}], 'pet_breed_id': 6, 'pet_level': 7, 'pet_quality_id': 3, 'pet_species_id': 211}"
1758560894,LONG,,1,7000000,,"{'id': 82800, 'context': 0, 'modifiers': [{'type': 6, 'value': 45880}], 'pet_breed_id': 6, 'pet_level': 7, 'pet_quality_id': 3, 'pet_species_id': 211}"
1758560964,LONG,,1,9000000,,"{'id': 82800, 'context': 0, 'modifiers': [{'type': 6, 'value': 45880}], 'pet_breed_id': 6, 'pet_level': 9, 'pet_quality_id': 3, 'pet_species_id': 211}"
1758560971,LONG,,1,9000000,,"{'id': 82800, 'context': 0, 'modifiers': [{'type': 6, 'value': 45880}], 'pet_breed_id': 6, 'pet_level': 9, 'pet_quality_id': 3, 'pet_species_id': 211}"
1758560978,LONG,,1,9000000,,"{'id': 82800, 'context': 0, 'modifiers': [{'type': 6, 'value': 45880}], 'pet_breed_id': 6, 'pet_level': 9, 'pet_quality_id': 3, 'pet_species_id': 211}"
1758561109,LONG,,1,1500000,,"{'id': 82800, 'context': 0, 'modifiers': [{'type': 6, 'value': 29809}], 'pet_breed_id': 6, 'pet_level': 7, 'pet_quality_id': 2, 'pet_species_id': 236}"
1758561112,LONG,,1,1500000,,"{'id': 82800, 'context': 0, 'modifiers': [{'type': 6, 'value': 29809}], 'pet_breed_id': 16, 'pet_level': 7, 'pet_quality_id': 2, 'pet_species_id': 236}"
1758561115,LONG,,1,1500000,,"{'id': 82800, 'context': 0, 'modifiers': [{'type': 6, 'value': 29809}], 'pet_breed_id': 16, 'pet_level': 7, 'pet_quality_id': 2, 'pet_species_id': 236}"
1758561117,LONG,,1,1500000,,"{'id': 82800, 'context': 0, 'modifiers': [{'type': 6, 'value': 29809}], 'pet_breed_id': 6, 'pet_level': 7, 'pet_quality_id': 2, 'pet_species_id': 236}"
1758561119,LONG,,1,1500000,,"{'id': 82800, 'context': 0, 'modifiers': [{'type': 6, 'value': 29809}], 'pet_breed_id': 16, 'pet_level': 7, 'pet_quality_id': 2, 'pet_species_id': 236}"
1758561121,LONG,,1,1500000,,"{'id': 82800, 'context': 0, 'modifiers': [{'type': 6, 'value': 29809}], 'pet_breed_id': 16, 'pet_level': 7, 'pet_quality_id': 2, 'pet_species_id': 236}"
1758561179,LONG,,1,15000000,,"{'id': 82800, 'context': 0, 'modifiers': [{'type': 6, 'value': 6303}], 'pet_breed_id': 22, 'pet_level': 6, 'pet_quality_id': 2, 'pet_species_id': 78}"
1758561183,LONG,,1,15000000,,"{'id': 82800, 'context': 0, 'modifiers': [{'type': 6, 'value': 6303}], 'pet_breed_id': 22, 'pet_level': 6, 'pet_quality_id': 2, 'pet_species_id': 78}"
1758561196,LONG,150000,5,,,{'id': 153434}
1758561216,LONG,5700,1,,,{'id': 16000}
1758561260,LONG,99900,13,,,{'id': 154881}
1758561297,LONG,161900,79,,,{'id': 154891}
1758561341,LONG,,1,500003400,,"{'id': 37770, 'context': 2, 'bonus_lists': [6658], 'modifiers': [{'type': 9, 'value': 30}, {'type': 28, 'value': 1087}]}"
1758561350,LONG,150000,41,,,{'id': 166344}
1758561429,LONG,5000,14,,,{'id': 168314}
1758561463,LONG,4500,18,,,{'id': 154885}
1758561508,LONG,80000,10,,,{'id': 154886}
1758561546,LONG,12600,49,,,{'id': 154883}
1758561591,LONG,200000,44,,,{'id': 154884}
1758561636,LONG,50000,182,,,{'id': 153700}
1758561664,LONG,100000,30,,,{'id': 166343}
1758561733,LONG,20200,34,,,{'id': 111668}
1758561754,LONG,50000,188,,,{'id': 153702}
1758561780,LONG,,1,224100,,"{'id': 12683, 'context': 1}"
1758561804,LONG,150100,5,,,{'id': 108327}
1758561833,LONG,353500,255,,,{'id': 36912}
1758562016,LONG,,1,1799990000,,"{'id': 50380, 'context': 0, 'modifiers': [{'type': 28, 'value': 1087}]}"
1758563205,LONG,49700,277,,,{'id': 111672}
1758563228,LONG,287100,14,,,{'id': 116979}
1758563254,LONG,9900,85,,,{'id': 172069}
1758563329,LONG,50200,122,,,{'id': 111671}
1758563365,LONG,60000,1,,,{'id': 74250}
1758563387,LONG,1597500,6,,,{'id': 153440}
1758563418,LONG,20000,111,,,{'id': 111669}
1758563447,LONG,145800,3,,,{'id': 153438}
1758563489,LONG,500000,3,,,{'id': 44958}
1758563597,LONG,1500600,8,,,{'id': 8845}
1758563637,LONG,271700,1,,,{'id': 74721}
1758563664,LONG,200000,2,,,{'id': 154889}
1758563688,VERY_LONG,,1,1500000,,"{'id': 159490, 'context': 0, 'bonus_lists': [6655, 1696], 'modifiers': [{'type': 9, 'value': 45}, {'type': 28, 'value': 189}]}"
1758563689,LONG,650000,12,,,{'id': 154129}
1758563712,LONG,150000,4,,,{'id': 108341}
1758563743,LONG,40000,17,,,{'id': 154128}
1758563789,LONG,3920000000,14,,,{'id': 154126}
1758563864,LONG,46700,30,,,{'id': 154882}
1758563912,LONG,,1,34000000,,"{'id': 82800, 'context': 0, 'modifiers': [{'type': 6, 'value': 10269}], 'pet_breed_id': 12, 'pet_level': 7, 'pet_quality_id': 2, 'pet_species_id': 116}"
1758563916,LONG,,1,34000000,,"{'id': 82800, 'context': 0, 'modifiers': [{'type': 6, 'value': 10269}], 'pet_breed_id': 12, 'pet_level': 7, 'pet_quality_id': 2, 'pet_species_id': 116}"
1758563920,LONG,,1,34000000,,"{'id': 82800, 'context': 0, 'modifiers': [{'type': 6, 'value': 10269}], 'pet_breed_id': 12, 'pet_level': 7, 'pet_quality_id': 2, 'pet_species_id': 116}"
1758563922,LONG,,1,34000000,,"{'id': 82800, 'context': 0, 'modifiers': [{'type': 6, 'value': 10269}], 'pet_breed_id': 12, 'pet_level': 7, 'pet_quality_id': 2, 'pet_species_id': 116}"
1758563936,LONG,50200,1,,,{'id': 111675}
1758563979,LONG,20000,120,,,{'id': 111595}
1758564010,LONG,150000,65,,,{'id': 154887}
1758564029,LONG,20200,9,,,{'id': 111664}
1758564057,LONG,257600,13,,,{'id': 76090}
1758564079,LONG,11200,5,,,{'id': 111667}
1758564139,LONG,250000,111,,,{'id': 168312}
1758564206,LONG,23400,3,,,{'id': 169674}
1758564247,LONG,878200,3,,,{'id': 59230}
1758564273,LONG,98400,8,,,{'id': 153441}
1758564285,LONG,31000000,15,,,{'id': 180457}
1758564347,LONG,,1,7000000,,"{'id': 82800, 'context': 0, 'modifiers': [{'type': 6, 'value': 75766}], 'pet_breed_id': 18, 'pet_level': 7, 'pet_quality_id': 3, 'pet_species_id': 2042}"
1758564406,LONG,20200,17,,,{'id': 111650}
1758564429,LONG,10000,7,,,{'id': 108339}
1758564433,LONG,604400,82,,,{'id': 173056}
1758564455,LONG,5915600,2,,,{'id': 168592}
1758564459,LONG,749300,14,,,{'id': 173058}
1758564474,LONG,19275000,1,,,{'id': 137239}
1758564480,LONG,30000000,1,,,{'id': 10940}
1758564492,LONG,1200000,4,,,{'id': 147868}
1758564541,LONG,1200200,4,,,{'id': 118015}
1758564588,LONG,980000,2,,,{'id': 153661}
1758564709,LONG,1622600,1,,,{'id': 19268}
1758564712,LONG,400000,2,,,{'id': 168487}
1758564744,LONG,637200,4,,,{'id': 153662}
1758564752,LONG,9900,11,,,{'id': 168645}
1758564804,LONG,1416900,2,,,{'id': 153476}
1758564844,LONG,22300,42,,,{'id': 27674}
1758564880,LONG,4000,26,,,{'id': 27677}
1758564911,LONG,20400,24,,,{'id': 27682}
1758564967,LONG,250100,1,,,{'id': 27516}
1758564989,LONG,49900,39,,,{'id': 27435}
1758565014,LONG,400,19,,,{'id': 27671}
1758565055,LONG,100,1600,,,{'id': 124121}
1758565079,LONG,15000,169,,,{'id': 27438}
1758566134,LONG,10000,6,,,{'id': 108325}
1758566172,LONG,20200,6,,,{'id': 109624}
1758566205,LONG,1000,5,,,{'id': 108326}
1758566226,LONG,10000,72,,,{'id': 27422}
1758566269,LONG,250100,2,,,{'id': 27515}
1758566295,LONG,20000,95,,,{'id': 27425}
1758566322,LONG,,1,19900000,,"{'id': 184480, 'context': 0}"
1758566341,LONG,20800,5,,,{'id': 24291}
1758566358,LONG,125000,21,,,{'id': 27429}
1758566384,LONG,353500,63,,,{'id': 36912}
1758566414,LONG,49000,219,,,{'id': 23425}
1758566443,LONG,1758200,44,,,{'id': 23427}
1758566463,LONG,498500,294,,,{'id': 23424}
1758566487,LONG,31000000,5,,,{'id': 180457}
1758566551,LONG,19899900,1,,,{'id': 172043}
1758566563,LONG,,1,250000000,,"{'id': 178926, 'context': 65, 'bonus_lists': [6718, 7194, 1522]}"
1758566865,LONG,1200000,5,,,{'id': 36908}
1758566901,LONG,109100,2,,,{'id': 33447}
1758566939,LONG,103800,1,,,{'id': 36926}
1758566977,LONG,10000,15,,,{'id': 25719}
1758567011,LONG,150000,18,,,{'id': 36901}
1758567059,LONG,28500,75,,,{'id': 36903}
1758567095,LONG,40000,35,,,{'id': 37921}
1758567146,LONG,20000,44,,,{'id': 36904}
1758567173,LONG,395000,7,,,{'id': 30810}
1758567237,LONG,30000,2,,,{'id': 21929}
1758567330,LONG,250100,51,,,{'id': 29460}
1758567459,LONG,5000,15,,,{'id': 27681}
1758567482,LONG,53800,8,,,{'id': 22576}
1758567506,LONG,499500,87,,,{'id': 22786}
1758567533,LONG,9500,214,,,{'id': 22787}
1758567549,LONG,99900,52,,,{'id': 13463}
1758567561,LONG,40000,6,,,{'id': 22794}
1758567603,LONG,251900,6,,,{'id': 22792}
1758567629,LONG,100000,3,,,{'id': 3357}
1758567665,LONG,13600,96,,,{'id': 24401}
1758567684,LONG,161900,5,,,{'id': 154891}
1758567717,LONG,,1,4440000,,"{'id': 173244, 'context': 63, 'bonus_lists': [6716, 1487]}"
1758567777,LONG,200000,15,,,{'id': 154889}
1758567799,LONG,351200,11,,,{'id': 22788}
1758567871,LONG,28400,385,,,{'id': 152875}
1758567893,LONG,110000,1,,,{'id': 22449}
1758567909,LONG,144400,5,,,{'id': 22446}
1758567922,LONG,153600,27,,,{'id': 124440}
1758567939,LONG,1342200,12,,,{'id': 124441}
1758567964,LONG,72900,24,,,{'id': 22445}
1758570082,VERY_LONG,1209900,40,,,{'id': 178787}
1758572741,LONG,,1,251799200,249281200,"{'id': 82800, 'context': 0, 'modifiers': [{'type': 6, 'value': 75374}], 'pet_breed_id': 13, 'pet_level': 1, 'pet_quality_id': 2, 'pet_species_id': 2685}"
1758572746,LONG,,1,346999800,343529800,"{'id': 82800, 'context': 0, 'modifiers': [{'type': 6, 'value': 47960}], 'pet_breed_id': 13, 'pet_level': 1, 'pet_quality_id': 3, 'pet_species_id': 1209}"
1758572752,LONG,,1,432999300,428669300,"{'id': 82800, 'context': 0, 'modifiers': [{'type': 6, 'value': 95148}], 'pet_breed_id': 16, 'pet_level': 1, 'pet_quality_id': 3, 'pet_species_id': 2852}"
1758572757,LONG,,1,840989400,832579500,"{'id': 82800, 'context': 0, 'modifiers': [{'type': 6, 'value': 34262}], 'pet_breed_id': 8, 'pet_level': 13, 'pet_quality_id': 3, 'pet_species_id': 264}"
1758572765,LONG,,1,300009400,297009300,"{'id': 82800, 'context': 0, 'modifiers': [{'type': 6, 'value': 99904}], 'pet_breed_id': 5, 'pet_level': 1, 'pet_quality_id': 2, 'pet_species_id': 2900}"
1758572771,LONG,,1,148479500,146994700,"{'id': 82800, 'context': 0, 'modifiers': [{'type': 6, 'value': 88037}], 'pet_breed_id': 15, 'pet_level': 1, 'pet_quality_id': 3, 'pet_species_id': 2460}"
1758572778,LONG,,1,58999900,58409900,"{'id': 82800, 'context': 0, 'modifiers': [{'type': 6, 'value': 57803}], 'pet_breed_id': 17, 'pet_level': 1, 'pet_quality_id': 3, 'pet_species_id': 1428}"
1758572793,LONG,,1,467710200,463033100,"{'id': 82800, 'context': 0, 'modifiers': [{'type': 6, 'value': 49259}], 'pet_breed_id': 21, 'pet_level': 1, 'pet_quality_id': 3, 'pet_species_id': 1448}"
1758572798,LONG,,1,144979300,143529500,"{'id': 82800, 'context': 0, 'modifiers': [{'type': 6, 'value': 88012}], 'pet_breed_id': 11, 'pet_level': 1, 'pet_quality_id': 3, 'pet_species_id': 2456}"
1758572802,LONG,,1,162669300,161042600,"{'id': 82800, 'context': 0, 'modifiers': [{'type': 6, 'value': 99860}], 'pet_breed_id': 22, 'pet_level': 1, 'pet_quality_id': 2, 'pet_species_id': 2947}"
1758572811,LONG,,1,230999300,228689300,"{'id': 82800, 'context': 0, 'modifiers': [{'type': 6, 'value': 86465}], 'pet_breed_id': 3, 'pet_level': 1, 'pet_quality_id': 3, 'pet_species_id': 2682}"
1758572816,LONG,,1,176199200,174437200,"{'id': 82800, 'context': 0, 'modifiers': [{'type': 6, 'value': 51269}], 'pet_breed_id': 9, 'pet_level': 1, 'pet_quality_id': 3, 'pet_species_id': 1334}"
1758572820,LONG,,1,335999300,332639300,"{'id': 82800, 'context': 0, 'modifiers': [{'type': 6, 'value': 45960}], 'pet_breed_id': 5, 'pet_level': 1, 'pet_quality_id': 2, 'pet_species_id': 213}"
1758572827,LONG,,1,380989400,377179500,"{'id': 82800, 'context': 0, 'modifiers': [{'type': 6, 'value': 92159}], 'pet_breed_id': 22, 'pet_level': 1, 'pet_quality_id': 3, 'pet_species_id': 2704}"
1758572832,LONG,,1,651879200,645360400,"{'id': 82800, 'context': 0, 'modifiers': [{'type': 6, 'value': 47959}], 'pet_breed_id': 20, 'pet_level': 1, 'pet_quality_id': 3, 'pet_species_id': 1206}"
1758572837,LONG,,1,294999300,292049300,"{'id': 82800, 'context': 0, 'modifiers': [{'type': 6, 'value': 88764}], 'pet_breed_id': 18, 'pet_level': 1, 'pet_quality_id': 3, 'pet_species_id': 2711}"
1758572842,LONG,,1,432999300,428669300,"{'id': 82800, 'context': 0, 'modifiers': [{'type': 6, 'value': 92502}], 'pet_breed_id': 16, 'pet_level': 1, 'pet_quality_id': 3, 'pet_species_id': 2766}"
1758572847,LONG,,1,335989200,332629300,"{'id': 82800, 'context': 0, 'modifiers': [{'type': 6, 'value': 95147}], 'pet_breed_id': 8, 'pet_level': 25, 'pet_quality_id': 3, 'pet_species_id': 2851}"
1758572855,LONG,,1,175849300,174090800,"{'id': 82800, 'context': 0, 'modifiers': [{'type': 6, 'value': 54752}], 'pet_breed_id': 16, 'pet_level': 1, 'pet_quality_id': 3, 'pet_species_id': 1395}"
1758572865,LONG,,1,552999700,547469700,"{'id': 82800, 'context': 0, 'modifiers': [{'type': 6, 'value': 77989}], 'pet_breed_id': 7, 'pet_level': 1, 'pet_quality_id': 3, 'pet_species_id': 2528}"
1758572868,LONG,,1,392397900,388473900,"{'id': 82800, 'context': 0, 'modifiers': [{'type': 6, 'value': 855}], 'pet_breed_id': 18, 'pet_level': 1, 'pet_quality_id': 3, 'pet_species_id': 1276}"
1758572878,LONG,,1,428134400,423853100,"{'id': 82800, 'context': 0, 'modifiers': [{'type': 6, 'value': 90993}], 'pet_breed_id': 7, 'pet_level': 1, 'pet_quality_id': 3, 'pet_species_id': 2707}"
1758572887,LONG,,1,755999300,748439300,"{'id': 82800, 'context': 0, 'modifiers': [{'type': 6, 'value': 47957}], 'pet_breed_id': 22, 'pet_level': 1, 'pet_quality_id': 3, 'pet_species_id': 1207}"
1758572895,LONG,,1,54524600,53979400,"{'id': 82800, 'context': 0, 'modifiers': [{'type': 6, 'value': 36637}], 'pet_breed_id': 8, 'pet_level': 1, 'pet_quality_id': 3, 'pet_species_id': 279}"
1758572904,LONG,,1,320536900,317331500,"{'id': 82800, 'context': 0, 'modifiers': [{'type': 6, 'value': 47958}], 'pet_breed_id': 21, 'pet_level': 1, 'pet_quality_id': 3, 'pet_species_id': 1208}"
1758572911,LONG,,1,456999600,452429600,"{'id': 82800, 'context': 0, 'modifiers': [{'type': 6, 'value': 93744}], 'pet_breed_id': 18, 'pet_level': 1, 'pet_quality_id': 2, 'pet_species_id': 2933}"
1758572917,LONG,,1,188009300,186129200,"{'id': 82800, 'context': 0, 'modifiers': [{'type': 6, 'value': 90991}], 'pet_breed_id': 16, 'pet_level': 1, 'pet_quality_id': 3, 'pet_species_id': 2706}"
1758572922,LONG,,1,326107700,322846600,"{'id': 82800, 'context': 0, 'modifiers': [{'type': 6, 'value': 36499}], 'pet_breed_id': 10, 'pet_level': 1, 'pet_quality_id': 2, 'pet_species_id': 271}"
1758572927,LONG,,1,325999300,322739300,"{'id': 82800, 'context': 0, 'modifiers': [{'type': 6, 'value': 90874}], 'pet_breed_id': 6, 'pet_level': 1, 'pet_quality_id': 3, 'pet_species_id': 2718}"
1758572933,LONG,,1,275989900,273230000,"{'id': 82800, 'context': 0, 'modifiers': [{'type': 6, 'value': 95929}], 'pet_breed_id': 17, 'pet_level': 1, 'pet_quality_id': 2, 'pet_species_id': 2912}"
1758573369,LONG,,1,198999200,197009200,"{'id': 82800, 'context': 0, 'modifiers': [{'type': 6, 'value': 87977}], 'pet_breed_id': 7, 'pet_level': 1, 'pet_quality_id': 3, 'pet_species_id': 2444}"
1758573375,LONG,,1,82457800,81633200,"{'id': 82800, 'context': 0, 'modifiers': [{'type': 6, 'value': 86532}], 'pet_breed_id': 8, 'pet_level': 1, 'pet_quality_id': 3, 'pet_species_id': 2794}"
1758573381,LONG,,1,334999300,331649300,"{'id': 82800, 'context': 0, 'modifiers': [{'type': 6, 'value': 80967}], 'pet_breed_id': 10, 'pet_level': 1, 'pet_quality_id': 3, 'pet_species_id': 2555}"
1758573387,LONG,,1,663999400,657359400,"{'id': 82800, 'context': 0, 'modifiers': [{'type': 6, 'value': 86088}], 'pet_breed_id': 18, 'pet_level': 1, 'pet_quality_id': 3, 'pet_species_id': 2186}"
1758573392,LONG,,1,258199200,255617200,"{'id': 82800, 'context': 0, 'modifiers': [{'type': 6, 'value': 92158}], 'pet_breed_id': 15, 'pet_level': 1, 'pet_quality_id': 3, 'pet_species_id': 2709}"
1758573396,LONG,,1,843989600,835549700,"{'id': 82800, 'context': 0, 'modifiers': [{'type': 6, 'value': 8409}], 'pet_breed_id': 10, 'pet_level': 1, 'pet_quality_id': 3, 'pet_species_id': 172}"
1758573401,LONG,,1,390560300,386654700,"{'id': 82800, 'context': 0, 'modifiers': [{'type': 6, 'value': 74514}], 'pet_breed_id': 6, 'pet_level': 1, 'pet_quality_id': 3, 'pet_species_id': 2002}"
1758573405,LONG,,1,290684200,287777400,"{'id': 82800, 'context': 0, 'modifiers': [{'type': 6, 'value': 75381}], 'pet_breed_id': 22, 'pet_level': 1, 'pet_quality_id': 2, 'pet_species_id': 2425}"
1758573408,LONG,,1,119999900,118799900,"{'id': 82800, 'context': 0, 'modifiers': [{'type': 6, 'value': 88023}], 'pet_breed_id': 15, 'pet_level': 1, 'pet_quality_id': 3, 'pet_species_id': 2562}"
1758573414,LONG,,1,174899500,173150500,"{'id': 82800, 'context': 0, 'modifiers': [{'type': 6, 'value': 51502}], 'pet_breed_id': 9, 'pet_level': 1, 'pet_quality_id': 2, 'pet_species_id': 1345}"
1758573419,LONG,,1,51599200,51083200,"{'id': 82800, 'context': 0, 'modifiers': [{'type': 6, 'value': 57825}], 'pet_breed_id': 13, 'pet_level': 1, 'pet_quality_id': 3, 'pet_species_id': 1434}"
1758573424,LONG,,1,151888500,150369600,"{'id': 82800, 'context': 0, 'modifiers': [{'type': 6, 'value': 73663}], 'pet_breed_id': 9, 'pet_level': 1, 'pet_quality_id': 3, 'pet_species_id': 1953}"
1758573429,LONG,,1,152499300,150974300,"{'id': 82800, 'context': 0, 'modifiers': [{'type': 6, 'value': 80254}], 'pet_breed_id': 4, 'pet_level': 1, 'pet_quality_id': 3, 'pet_species_id': 2756}"
1758573431,LONG,,1,332829000,329500700,"{'id': 82800, 'context': 0, 'modifiers': [{'type': 6, 'value': 51267}], 'pet_breed_id': 16, 'pet_level': 1, 'pet_quality_id': 3, 'pet_species_id': 1332}"
1758573434,LONG,,1,55049800,54499300,"{'id': 82800, 'context': 0, 'modifiers': [{'type': 6, 'value': 86805}], 'pet_breed_id': 19, 'pet_level': 1, 'pet_quality_id': 2, 'pet_species_id': 2411}"
1758573441,LONG,,1,271989400,269269500,"{'id': 82800, 'context': 0, 'modifiers': [{'type': 6, 'value': 78989}], 'pet_breed_id': 8, 'pet_level': 1, 'pet_quality_id': 2, 'pet_species_id': 2077}"
1758573445,LONG,,1,275357400,272603800,"{'id': 82800, 'context': 0, 'modifiers': [{'type': 6, 'value': 59885}], 'pet_breed_id': 3, 'pet_level': 1, 'pet_quality_id': 3, 'pet_species_id': 1536}"
1758573449,LONG,,1,662395400,655771400,"{'id': 82800, 'context': 0, 'modifiers': [{'type': 6, 'value': 15595}], 'pet_breed_id': 3, 'pet_level': 25, 'pet_quality_id': 3, 'pet_species_id': 115}"
1758573452,LONG,,1,69307600,68614500,"{'id': 82800, 'context': 0, 'modifiers': [{'type': 6, 'value': 58617}], 'pet_breed_id': 13, 'pet_level': 1, 'pet_quality_id': 3, 'pet_species_id': 1458}"
1758573545,LONG,,1,9990000,,"{'id': 173219, 'context': 0, 'bonus_lists': [6893, 7185], 'modifiers': [{'type': 9, 'value': 60}, {'type': 28, 'value': 391}, {'type': 29, 'value': 36}, {'type': 30, 'value': 49}]}"
1758573549,LONG,,1,9990000,,"{'id': 173219, 'context': 0, 'bonus_lists': [6893, 7185], 'modifiers': [{'type': 9, 'value': 60}, {'type': 28, 'value': 391}, {'type': 29, 'value': 32}, {'type': 30, 'value': 40}]}"
1758573554,LONG,,1,9990000,,"{'id': 173219, 'context': 0, 'bonus_lists': [6893, 7185], 'modifiers': [{'type': 9, 'value': 60}, {'type': 28, 'value': 391}, {'type': 29, 'value': 49}, {'type': 30, 'value': 32}]}"
1758576483,LONG,9800,10,,,{'id': 152576}
1758576498,LONG,54000,1,,,{'id': 152577}
1758576522,LONG,148500,2,,,{'id': 152546}
1758576563,LONG,,1,9000000,,"{'id': 82800, 'context': 0, 'modifiers': [{'type': 6, 'value': 45880}], 'pet_breed_id': 6, 'pet_level': 9, 'pet_quality_id': 3, 'pet_species_id': 211}"
1758576593,LONG,20200,16,,,{'id': 111668}
1758576617,VERY_LONG,,1,410000000,,"{'id': 172327, 'context': 66, 'bonus_lists': [6758, 1532]}"
1758576619,VERY_LONG,,1,410000000,,"{'id': 172327, 'context': 66, 'bonus_lists': [6758, 1532]}"
1758576621,LONG,1200,131,,,{'id': 109144}
1758576639,LONG,20000,6,,,{'id': 111658}
1758576687,LONG,60000,214,,,{'id': 124112}
1758576715,LONG,56100,8,,,{'id': 111665}
1758576749,LONG,10000,2,,,{'id': 124111}
1758576778,VERY_LONG,129600,11,,,{'id': 168649}
1758576947,LONG,,1,450000000,,"{'id': 82800, 'context': 0, 'modifiers': [{'type': 6, 'value': 6294}], 'pet_breed_id': 5, 'pet_level': 7, 'pet_quality_id': 3, 'pet_species_id': 87}"
1758576982,LONG,9900,37,,,{'id': 111589}
1758577003,VERY_LONG,3008600,2,,,{'id': 154124}
1758577014,LONG,50000,408,,,{'id': 133607}
1758577055,LONG,12500,1093,,,{'id': 124107}
1758577092,LONG,30000,313,,,{'id': 152545}
1758577120,LONG,115100,46,,,{'id': 160399}
1758577157,LONG,20600,259,,,{'id': 160710}
1758577188,LONG,13300,250,,,{'id': 160398}
1758577213,LONG,37400,125,,,{'id': 160705}
1758577250,LONG,9900,451,,,{'id': 168645}
1758577293,LONG,1000,206,,,{'id': 160709}
1758577325,LONG,1000,121,,,{'id': 160400}
1758577370,LONG,100,873,,,{'id': 124121}
1758577389,LONG,21000,200,,,{'id': 160712}
1758577420,LONG,5000,30,,,{'id': 142336}
1758577454,VERY_LONG,3000000,20,,,{'id': 177659}
1758577496,LONG,11900,58,,,{'id': 133589}
1758577536,LONG,11900,31,,,{'id': 133593}
1758577561,LONG,21700,51,,,{'id': 133591}
1758577580,LONG,,1,2220200,,"{'id': 37163, 'context': 0}"
1758577582,LONG,11900,40,,,{'id': 133592}
1758577583,LONG,,1,2220200,,"{'id': 37163, 'context': 0}"
1758577603,LONG,161900,20,,,{'id': 154891}
1758577619,LONG,10000,72,,,{'id': 109139}
1758577630,LONG,,1,14555500,,"{'id': 44148, 'context': 0}"
1758577643,LONG,13400,16,,,{'id': 109133}
1758577675,LONG,,1,19898900,,"{'id': 37164, 'context': 0}"
1758577679,LONG,200000,73,,,{'id': 154884}
1758577723,LONG,150000,20,,,{'id': 166344}
1758577742,LONG,,1,189552600,,"{'id': 31890, 'context': 0}"
1758577777,LONG,,1,99995100,,"{'id': 19257, 'context': 0}"
1758577797,LONG,150000,28,,,{'id': 154887}
1758577800,LONG,,1,36455500,,"{'id': 129211, 'context': 13}"
1758577824,LONG,,1,8645400,,"{'id': 89368, 'context': 0}"
1758577835,LONG,23900,40,,,{'id': 168313}
1758577863,LONG,,1,10955400,,"{'id': 89367, 'context': 0, 'modifiers': [{'type': 28, 'value': 373}]}"
1758577867,LONG,5900,20,,,{'id': 168311}
1758577897,LONG,80000,20,,,{'id': 154886}
1758577927,LONG,10100,3,,,{'id': 40199}
1758577961,LONG,2350000,1,,,{'id': 141640}
1758577985,LONG,,1,11000000,,"{'id': 82800, 'context': 0, 'modifiers': [{'type': 6, 'value': 37712}], 'pet_breed_id': 21, 'pet_level': 11, 'pet_quality_id': 2, 'pet_species_id': 306}"
1758577992,LONG,3963600,1,,,{'id': 87648}
1758578017,LONG,1982800,1,,,{'id': 87647}
1758578064,LONG,12903000,1,,,{'id': 153646}
1758578081,LONG,,1,12000000,,"{'id': 82800, 'context': 0, 'modifiers': [{'type': 6, 'value': 19985}], 'pet_breed_id': 12, 'pet_level': 12, 'pet_quality_id': 2, 'pet_species_id': 140}"
1758579119,LONG,50200,26,,,{'id': 13423}
1758579120,LONG,12554500,1,,,{'id': 141641}
1758579142,LONG,400,9,,,{'id': 40195}
1758579144,LONG,5662600,1,,,{'id': 141333}
1758579176,LONG,120851400,1,,,{'id': 136857}
1758579197,LONG,30221500,1,,,{'id': 136856}
1758579218,LONG,2003500,1,,,{'id': 136852}
1758579221,LONG,,1,65000000,,"{'id': 82800, 'context': 0, 'modifiers': [{'type': 6, 'value': 59602}], 'pet_breed_id': 8, 'pet_level': 11, 'pet_quality_id': 2, 'pet_species_id': 1532}"
1758579269,LONG,16557300,1,,,{'id': 153673}
1758579300,LONG,,1,10000000,,"{'id': 82800, 'context': 0, 'modifiers': [{'type': 6, 'value': 5207}], 'pet_breed_id': 11, 'pet_level': 10, 'pet_quality_id': 2, 'pet_species_id': 50}"
1758579330,LONG,16550000,1,,,{'id': 165733}
1758579373,LONG,16550000,1,,,{'id': 165692}
1758579403,LONG,,1,18000000,,"{'id': 82800, 'context': 0, 'modifiers': [{'type': 6, 'value': 6303}], 'pet_breed_id': 22, 'pet_level': 10, 'pet_quality_id': 2, 'pet_species_id': 78}"
1758579405,LONG,,1,47223600,,"{'id': 43660, 'context': 0}"
1758579425,LONG,,1,8882400,,"{'id': 43667, 'context': 0}"
1758579447,LONG,,1,24043900,,"{'id': 43654, 'context': 0}"
1758579464,LONG,,1,1000000,,"{'id': 82800, 'context': 0, 'modifiers': [{'type': 6, 'value': 6191}], 'pet_breed_id': 5, 'pet_level': 10, 'pet_quality_id': 2, 'pet_species_id': 47}"
1758579497,LONG,,1,285665100,,"{'id': 164682, 'context': 0, 'bonus_lists': [1694]}"
1758579545,LONG,,1,184550600,,"{'id': 159940, 'context': 13, 'bonus_lists': [1678]}"
1758579573,LONG,,1,78900000,,"{'id': 82800, 'context': 0, 'modifiers': [{'type': 6, 'value': 99874}], 'pet_breed_id': 17, 'pet_level': 1, 'pet_quality_id': 2, 'pet_species_id': 2897}"
1758579621,LONG,,1,127454200,,"{'id': 153643, 'context': 0, 'bonus_lists': [1691]}"
1758579641,LONG,,1,106026700,,"{'id': 79335, 'context': 0}"
1758579670,LONG,,1,18999900,,"{'id': 128978, 'context': 13, 'bonus_lists': [3392]}"
1758579671,LONG,2400,8,,,{'id': 32897}
1758579696,LONG,,1,35448400,,"{'id': 38322, 'context': 0}"
1758579730,LONG,,1,42893800,,"{'id': 113270, 'context': 13, 'bonus_lists': [80, 525, 529]}"
1758579748,LONG,,1,62759800,,"{'id': 44210, 'context': 0}"
1758579778,LONG,,1,5002200,,"{'id': 43656, 'context': 0}"
1758579795,LONG,,1,11950000,,"{'id': 118197, 'context': 23, 'modifiers': [{'type': 28, 'value': 1189}]}"
1758579812,LONG,,1,4004100,,"{'id': 43657, 'context': 0}"
1758579827,LONG,,1,39992500,,"{'id': 45849, 'context': 0}"
1758579843,LONG,,1,5006500,,"{'id': 43661, 'context': 0}"
1758579869,LONG,,1,5000000,,"{'id': 43515, 'context': 0}"
1758579900,LONG,,1,12552700,,"{'id': 43655, 'context': 0}"
1758579904,LONG,,1,7450000,,"{'id': 82800, 'context': 0, 'modifiers': [{'type': 6, 'value': 62440}], 'pet_breed_id': 17, 'pet_level': 1, 'pet_quality_id': 3, 'pet_species_id': 1655}"
1758580036,LONG,5100,1,,,{'id': 7068}
1758580076,LONG,863400,1,,,{'id': 40919}
1758580086,LONG,3900,200,,,{'id': 14047}
1758580097,LONG,18500000,1,,,{'id': 162022}
1758580112,LONG,9454200,1,,,{'id': 89868}
1758580123,LONG,38790600,1,,,{'id': 140630}
1758580132,LONG,3500,23,,,{'id': 21882}
1758580133,LONG,25008900,1,,,{'id': 129021}
1758580143,LONG,34689200,1,,,{'id': 136825}
1758580154,LONG,5000000,1,,,{'id': 43334}
1758580160,LONG,33539700,1,,,{'id': 184100}
1758580164,LONG,,1,13800000,,"{'id': 82800, 'context': 0, 'modifiers': [{'type': 6, 'value': 59766}], 'pet_breed_id': 11, 'pet_level': 1, 'pet_quality_id': 3, 'pet_species_id': 1954}"
1758580169,LONG,15537400,1,,,{'id': 184097}
1758580179,LONG,29996500,1,,,{'id': 184096}
1758580188,LONG,28450000,1,,,{'id': 139278}
1758580216,LONG,23487800,1,,,{'id': 129017}
1758580222,LONG,,1,7850000,,"{'id': 82800, 'context': 0, 'pet_breed_id': 3, 'pet_level': 1, 'pet_quality_id': 3, 'pet_species_id': 1952}"
1758580229,LONG,500000,1,,,{'id': 43373}
1758580239,LONG,5853800,1,,,{'id': 87392}
1758580286,LONG,265800,1,,,{'id': 104122}
1758580289,LONG,,1,13150000,,"{'id': 82800, 'context': 0, 'modifiers': [{'type': 6, 'value': 61889}], 'pet_breed_id': 19, 'pet_level': 1, 'pet_quality_id': 3, 'pet_species_id': 1627}"
1758580311,LONG,1424900,1,,,{'id': 79538}
1758580326,LONG,1038700,1,,,{'id': 104120}
1758580341,LONG,1002500,1,,,{'id': 87277}
1758580361,LONG,20000000,1,,,{'id': 153031}
1758580363,LONG,,1,1800000,,"{'id': 16840, 'context': 0}"
1758580391,LONG,5759700,1,,,{'id': 162027}
1758580416,LONG,450000,1,,,{'id': 104127}
1758580446,LONG,42218000,1,,,{'id': 137287}
1758580468,LONG,,1,4000000,,"{'id': 16857, 'context': 0}"
1758580489,LONG,1319100,1,,,{'id': 43386}
1758580528,LONG,50986900,1,,,{'id': 139289}
1758580557,LONG,990000,1,,,{'id': 104126}
1758580596,LONG,499700,1,,,{'id': 43398}
1758580601,LONG,1950000,1,,,{'id': 163222}
1758580621,LONG,3326200,1,,,{'id': 43400}
1758580644,LONG,2000000,1,,,{'id': 80588}
1758580664,LONG,1500000,1,,,{'id': 49084}
1758580683,LONG,1950100,1,,,{'id': 104138}
1758580705,LONG,2109300,1,,,{'id': 80587}
1758580730,LONG,,1,9500,,"{'id': 82800, 'context': 0, 'modifiers': [{'type': 6, 'value': 99899}], 'pet_breed_id': 20, 'pet_level': 1, 'pet_quality_id': 2, 'pet_species_id': 2925}"
1758580756,LONG,938700,1,,,{'id': 87888}
1758580786,LONG,3750000,1,,,{'id': 87885}
1758580826,LONG,1006100,1,,,{'id': 87881}
1758580851,LONG,4568500,1,,,{'id': 139339}
1758580874,LONG,790400,1,,,{'id': 87883}
1758580888,LONG,95000,200,,,{'id': 171828}
1758580893,LONG,13897600,1,,,{'id': 139362}
1758580943,LONG,1500000,1,,,{'id': 43366}
1758580963,LONG,26500900,1,,,{'id': 137293}
1758580981,LONG,2450000,1,,,{'id': 41100}
1758581006,LONG,2500000,1,,,{'id': 43369}
1758581032,LONG,130000,1,,,{'id': 104108}
1758581058,LONG,3499900,1,,,{'id': 137238}
1758581080,LONG,350000,1,,,{'id': 43350}
1758582101,LONG,,1,6750000,,"{'id': 18654, 'context': 1, 'modifiers': [{'type': 28, 'value': 201}]}"
1758582107,LONG,19275000,1,,,{'id': 137239}
1758582132,LONG,4708500,1,,,{'id': 139288}
1758582154,LONG,18263100,1,,,{'id': 137250}
1758582167,LONG,43102200,1,,,{'id': 137267}
1758582185,LONG,26333500,1,,,{'id': 137249}
1758582214,LONG,300000,1,,,{'id': 43535}
1758582231,LONG,390000,1,,,{'id': 104099}
1758582254,LONG,800000,1,,,{'id': 43551}
1758582270,LONG,16361800,1,,,{'id': 137191}
1758582296,LONG,96488800,1,,,{'id': 139311}
1758582327,LONG,9000000,1,,,{'id': 43394}
1758582356,LONG,1832200,1,,,{'id': 45789}
1758582381,LONG,58019900,1,,,{'id': 139315}
1758582418,LONG,1892700,1,,,{'id': 42459}
1758582451,LONG,15480400,1,,,{'id': 139310}
1758582482,LONG,700000,1,,,{'id': 104105}
1758582504,LONG,19965200,1,,,{'id': 129019}
1758582527,LONG,18771300,1,,,{'id': 167539}
1758582559,LONG,2725200,1,,,{'id': 42751}
1758582604,LONG,19983600,1,,,{'id': 172449}
1758582665,LONG,22500,5,,,{'id': 97624}
1758582669,LONG,,1,250000,,"{'id': 30323, 'context': 0, 'modifiers': [{'type': 28, 'value': 1012}]}"
1758582738,LONG,12200,1,,,{'id': 97621}
1758582782,LONG,,1,19900000,,"{'id': 18661, 'context': 1, 'modifiers': [{'type': 28, 'value': 201}]}"
1758584102,LONG,,1,5450000,,"{'id': 18653, 'context': 1, 'modifiers': [{'type': 28, 'value': 201}]}"
1758584463,LONG,,1,3500000,,"{'id': 32745, 'context': 0}"
1758584577,LONG,,1,700000,,"{'id': 16048, 'context': 1, 'modifiers': [{'type': 28, 'value': 201}]}"
1758584662,LONG,,1,1200000,,"{'id': 12704, 'context': 0}"
1758584836,LONG,,1,9700000,,"{'id': 22220, 'context': 0}"
1758584976,LONG,,1,3150000,,"{'id': 12697, 'context': 0}"
1758585133,LONG,,1,12500000,,"{'id': 52369, 'context': 0}"
1758585247,LONG,,1,300000,,"{'id': 12689, 'context': 0}"
1758585373,LONG,,1,880000,,"{'id': 14499, 'context': 0}"
1758585393,VERY_LONG,961300,100,,,{'id': 76131}
1758585398,LONG,1820000,5,,,{'id': 7081}
1758585405,VERY_LONG,,1,34635600,,"{'id': 173428, 'context': 13, 'bonus_lists': [7180], 'modifiers': [{'type': 9, 'value': 49}, {'type': 29, 'value': 49}, {'type': 30, 'value': 32}]}"
1758585409,VERY_LONG,,1,34635600,,"{'id': 173428, 'context': 13, 'bonus_lists': [7180], 'modifiers': [{'type': 9, 'value': 49}, {'type': 29, 'value': 36}, {'type': 30, 'value': 40}]}"
1758585413,VERY_LONG,,1,34635600,,"{'id': 173428, 'context': 13, 'bonus_lists': [7180], 'modifiers': [{'type': 9, 'value': 49}, {'type': 29, 'value': 32}, {'type': 30, 'value': 40}]}"
1758585417,VERY_LONG,,1,34635600,,"{'id': 173428, 'context': 13, 'bonus_lists': [7180], 'modifiers': [{'type': 9, 'value': 49}, {'type': 29, 'value': 40}, {'type': 30, 'value': 32}]}"
1758585421,VERY_LONG,,1,34635600,,"{'id': 173428, 'context': 13, 'bonus_lists': [7180], 'modifiers': [{'type': 9, 'value': 49}, {'type': 29, 'value': 36}, {'type': 30, 'value': 32}]}"
1758585425,LONG,,1,76873700,,"{'id': 161917, 'context': 13, 'bonus_lists': [1684, 4927, 5804]}"
1758585429,LONG,772100,10,,,{'id': 136638}
1758585433,VERY_LONG,,1,30003300,,"{'id': 82800, 'context': 0, 'modifiers': [{'type': 6, 'value': 92162}], 'pet_breed_id': 18, 'pet_level': 1, 'pet_quality_id': 2, 'pet_species_id': 2710}"
1758585435,VERY_LONG,19888600,1,,,{'id': 139338}
1758585437,VERY_LONG,,1,1817800,,"{'id': 171379, 'context': 13, 'bonus_lists': [6890], 'modifiers': [{'type': 9, 'value': 50}, {'type': 28, 'value': 391}, {'type': 29, 'value': 32}, {'type': 30, 'value': 40}]}"
1758585442,VERY_LONG,3257000,16,,,{'id': 177962}
1758585444,VERY_LONG,,1,2500000,,"{'id': 18229, 'context': 0}"
1758585447,VERY_LONG,,1,84962000,,"{'id': 171418, 'context': 64, 'bonus_lists': [6717, 7193, 1507]}"
1758585450,VERY_LONG,,1,84962000,,"{'id': 171418, 'context': 64, 'bonus_lists': [6717, 7194, 1507]}"
1758585456,VERY_LONG,,1,84962000,,"{'id': 171418, 'context': 64, 'bonus_lists': [6717, 7194, 1507]}"
1758585460,VERY_LONG,,1,84962000,,"{'id': 171418, 'context': 64, 'bonus_lists': [6717, 7194, 1507]}"
1758585463,VERY_LONG,,1,84962000,,"{'id': 171418, 'context': 64, 'bonus_lists': [6717, 7194, 1507]}"
1758585466,VERY_LONG,,1,65166900,,"{'id': 19148, 'context': 1}"
1758585469,VERY_LONG,,1,733100,,"{'id': 44794, 'context': 0}"
1758585472,VERY_LONG,95244500,20,,,{'id': 161344}
1758585476,VERY_LONG,,1,1980000,,"{'id': 82800, 'context': 0, 'modifiers': [{'type': 6, 'value': 48663}], 'pet_breed_id': 11, 'pet_level': 1, 'pet_quality_id': 3, 'pet_species_id': 1235}"
1758585481,VERY_LONG,,1,15394600,,"{'id': 171444, 'context': 13, 'bonus_lists': [6893], 'modifiers': [{'type': 9, 'value': 50}, {'type': 28, 'value': 391}, {'type': 29, 'value': 49}, {'type': 30, 'value': 32}]}"
1758585483,VERY_LONG,,1,15394600,,"{'id': 171444, 'context': 13, 'bonus_lists': [6893], 'modifiers': [{'type': 9, 'value': 50}, {'type': 28, 'value': 391}, {'type': 29, 'value': 49}, {'type': 30, 'value': 36}]}"
1758585486,VERY_LONG,,1,1881050000,,"{'id': 17193, 'context': 1}"
1758585491,VERY_LONG,,1,4555600,,"{'id': 22235, 'context': 0}"
1758585493,VERY_LONG,,1,194724800,,"{'id': 11605, 'context': 1}"
1758585496,LONG,1283900,34,,,{'id': 21844}
1758585498,LONG,104000,191,,,{'id': 109123}
1758585501,LONG,157100,10,,,{'id': 76130}
1758585504,VERY_LONG,,1,2958500,,"{'id': 29903, 'context': 0}"
1758585506,VERY_LONG,,1,912400,,"{'id': 10360, 'context': 0}"
1758585507,LONG,,1,6400000,,"{'id': 47623, 'context': 0}"
1758585510,VERY_LONG,,1,124287600,,"{'id': 118921, 'context': 11}"
1758585512,VERY_LONG,924800,100,,,{'id': 76142}
1758585514,LONG,36500,6,,,{'id': 76135}
1758585519,VERY_LONG,4683100,20,,,{'id': 118415}
1758585522,LONG,9806400,3,,,{'id': 52196}
1758585528,VERY_LONG,,1,105823500,,"{'id': 171412, 'context': 64, 'bonus_lists': [6717, 1507]}"
1758585534,VERY_LONG,,1,105823500,,"{'id': 171412, 'context': 64, 'bonus_lists': [6717, 1507]}"
1758585538,VERY_LONG,,1,105823500,,"{'id': 171412, 'context': 64, 'bonus_lists': [6717, 1507]}"
1758585544,VERY_LONG,,1,105823500,,"{'id': 171412, 'context': 64, 'bonus_lists': [6717, 1507]}"
1758585549,VERY_LONG,,1,350283000,,"{'id': 83090, 'context': 0}"
1758585553,VERY_LONG,,1,19855000,,"{'id': 180760, 'context': 13}"
1758585556,VERY_LONG,,1,19855000,,"{'id': 180760, 'context': 13}"
1758585557,LONG,865300,1,,,{'id': 153668}
1758585561,VERY_LONG,,1,19855000,,"{'id': 180760, 'context': 13}"
1758585563,VERY_LONG,,1,84962000,,"{'id': 171417, 'context': 64, 'bonus_lists': [6717, 1507]}"
1758585568,VERY_LONG,,1,84962000,,"{'id': 171417, 'context': 64, 'bonus_lists': [6717, 1507]}"
1758585570,VERY_LONG,,1,84962000,,"{'id': 171417, 'context': 64, 'bonus_lists': [6717, 1507]}"
1758585573,VERY_LONG,,1,84962000,,"{'id': 171417, 'context': 64, 'bonus_lists': [6717, 1507]}"
1758585575,VERY_LONG,,1,146136700,,"{'id': 17013, 'context': 1}"
1758585576,VERY_LONG,,1,1422800,,"{'id': 48120, 'context': 0}"
1758585578,VERY_LONG,,1,55880000,,"{'id': 82800, 'context': 0, 'modifiers': [{'type': 6, 'value': 46809}], 'pet_breed_id': 8, 'pet_level': 1, 'pet_quality_id': 3, 'pet_species_id': 1124}"
1758585582,VERY_LONG,,1,61284700,,"{'id': 161921, 'context': 13, 'bonus_lists': [1716, 5804]}"
1758585583,VERY_LONG,,1,1078500,,"{'id': 29902, 'context': 0, 'modifiers': [{'type': 28, 'value': 373}]}"
1758585587,VERY_LONG,,1,10090000,,"{'id': 82800, 'context': 0, 'modifiers': [{'type': 6, 'value': 59034}], 'pet_breed_id': 18, 'pet_level': 1, 'pet_quality_id': 2, 'pet_species_id': 1597}"
1758585590,VERY_LONG,8000600,9,,,{'id': 123956}
1758585592,VERY_LONG,17884000,1,,,{'id': 137269}
1758585596,VERY_LONG,,1,2490000,,"{'id': 82800, 'context': 0, 'modifiers': [{'type': 6, 'value': 51408}], 'pet_breed_id': 8, 'pet_level': 1, 'pet_quality_id': 3, 'pet_species_id': 1329}"
1758585598,VERY_LONG,,1,8980000,,"{'id': 82800, 'context': 0, 'modifiers': [{'type': 6, 'value': 66212}], 'pet_breed_id': 22, 'pet_level': 1, 'pet_quality_id': 3, 'pet_species_id': 1808}"
1758585601,LONG,19899900,88,,,{'id': 172043}
1758585605,VERY_LONG,,1,64100500,,"{'id': 171419, 'context': 64, 'bonus_lists': [6717, 7194, 1507]}"
1758585607,VERY_LONG,,1,64100500,,"{'id': 171419, 'context': 64, 'bonus_lists': [6717, 7194, 1507]}"
1758585610,VERY_LONG,,1,64100500,,"{'id': 171419, 'context': 64, 'bonus_lists': [6717, 7193, 1507]}"
1758585612,LONG,2897300,1,,,{'id': 153665}
1758585616,VERY_LONG,,1,64100500,,"{'id': 171419, 'context': 64, 'bonus_lists': [6717, 7194, 1507]}"
1758585619,VERY_LONG,,1,64100500,,"{'id': 171419, 'context': 64, 'bonus_lists': [6717, 7194, 1507]}"
1758585622,LONG,,1,1990000000,,"{'id': 52494, 'context': 0}"
1758585625,VERY_LONG,1163300,48,,,{'id': 76139}
1758585628,VERY_LONG,1010900,100,,,{'id': 76138}
1758585629,LONG,,1,19550000,,"{'id': 14494, 'context': 0}"
1758585632,LONG,,1,12055800,,"{'id': 34249, 'context': 14}"
1758585635,VERY_LONG,,1,105823500,,"{'id': 171415, 'context': 64, 'bonus_lists': [6717, 7194, 1507]}"
1758585638,VERY_LONG,,1,105823500,,"{'id': 171415, 'context': 64, 'bonus_lists': [6717, 7194, 1507]}"
1758585639,LONG,2896000,1,,,{'id': 153667}
1758585640,VERY_LONG,,1,105823500,,"{'id': 171415, 'context': 64, 'bonus_lists': [6717, 7194, 1507]}"
1758585642,VERY_LONG,,1,105823500,,"{'id': 171415, 'context': 64, 'bonus_lists': [6717, 7194, 1507]}"
1758585646,VERY_LONG,,1,105823500,,"{'id': 171415, 'context': 64, 'bonus_lists': [6717, 7194, 1507]}"
1758585649,VERY_LONG,150000000,6,,,{'id': 17771}
1758585656,LONG,3001700,1,,,{'id': 153666}
1758585681,LONG,3227300,1,,,{'id': 153664}
1758585719,LONG,2897300,1,,,{'id': 165017}
1758585743,LONG,6350400,1,,,{'id': 87580}
1758585768,LONG,,1,520000,,"{'id': 30306, 'context': 0}"
1758585778,LONG,19491800,1,,,{'id': 87577}
1758585803,LONG,8698000,1,,,{'id': 87578}
1758585835,LONG,9259200,1,,,{'id': 87579}
1758585889,LONG,501300,1,,,{'id': 141446}
1758585928,LONG,,1,2900000,,"{'id': 30307, 'context': 0}"
1758585930,LONG,152600,1,,,{'id': 153647}
1758585978,LONG,12135400,1,,,{'id': 131746}
1758586035,LONG,1270400,2,,,{'id': 158202}
1758586094,LONG,4914200,2,,,{'id': 158204}
1758586122,LONG,,1,140000,,"{'id': 86272, 'context': 0}"
1758586131,LONG,1956700,2,,,{'id': 158201}
1758586267,LONG,12200,20,,,{'id': 6532}
1758586273,LONG,,1,460000,,"{'id': 87410, 'context': 0}"
1758586393,LONG,,1,400000,,"{'id': 30305, 'context': 0}"
1758586533,VERY_LONG,44293100,195,,,{'id': 12360}
1758586548,LONG,,1,2500000,,"{'id': 87412, 'context': 0}"
1758588362,LONG,8133700,2,,,{'id': 168448}
1758588374,LONG,5313500,2,,,{'id': 110645}
1758588385,LONG,14267400,1,,,{'id': 128542}
1758588392,LONG,3690500,2,,,{'id': 74717}
1758588401,LONG,51435000,1,,,{'id': 52779}
1758588407,LONG,5500000,1,,,{'id': 110638}
1758588413,LONG,5500000,1,,,{'id': 110652}
1758588418,LONG,5500000,2,,,{'id': 110639}
1758588422,LONG,5375700,2,,,{'id': 110653}
1758588431,LONG,91039500,2,,,{'id': 110627}
1758588446,LONG,4440000,2,,,{'id': 168447}
1758588454,LONG,8602100,1,,,{'id': 112115}
1758588463,LONG,,1,78362800,,"{'id': 67274, 'context': 0, 'modifiers': [{'type': 28, 'value': 373}]}"
1758588470,LONG,12223500,2,,,{'id': 168596}
1758588476,LONG,5500000,1,,,{'id': 110654}
1758588484,LONG,19349100,1,,,{'id': 74704}
1758588490,LONG,5500000,2,,,{'id': 110656}
1758588499,LONG,7992300,1,,,{'id': 74725}
1758588505,LONG,10635900,2,,,{'id': 168449}
1758588514,LONG,132979300,1,,,{'id': 68784}
1758588518,LONG,9940000,1,,,{'id': 168593}
1758588521,LONG,50307800,1,,,{'id': 52775}
1758588525,LONG,39130500,1,,,{'id': 52774}
1758588531,LONG,20050700,2,,,{'id': 112164}
1758588536,LONG,3582200,2,,,{'id': 172412}
1758588541,LONG,22499900,2,,,{'id': 141909}
1758588546,LONG,25780500,2,,,{'id': 74705}
1758588594,LONG,1816700,1,,,{'id': 147870}
1758588626,LONG,,1,3656500,,"{'id': 16255, 'context': 1}"
1758588663,LONG,3455600,1,,,{'id': 9061}
1758588669,LONG,,1,141119900,,"{'id': 172319, 'context': 64, 'bonus_lists': [6717, 1507]}"
1758588680,LONG,,1,115282600,,"{'id': 8006, 'context': 0}"
1758588696,VERY_LONG,,1,399990000,,"{'id': 7752, 'context': 1, 'bonus_lists': [6710], 'modifiers': [{'type': 9, 'value': 30}, {'type': 28, 'value': 211}]}"
1758588725,LONG,,1,1255500,,"{'id': 151239, 'context': 13}"
1758588744,LONG,,1,19997700,,"{'id': 109167, 'context': 1}"
1758588779,LONG,,1,1999900,,"{'id': 109253, 'context': 0}"
1758588784,VERY_LONG,,1,199990300,,"{'id': 4298, 'context': 1, 'modifiers': [{'type': 28, 'value': 211}]}"
1758588846,VERY_LONG,,1,249984300,,"{'id': 7110, 'context': 1, 'bonus_lists': [6654], 'modifiers': [{'type': 9, 'value': 30}, {'type': 28, 'value': 211}]}"
1758588981,LONG,22200,20,,,{'id': 111452}
1758589039,LONG,12200,20,,,{'id': 111450}
1758589087,LONG,1900,20,,,{'id': 133572}
1758589118,LONG,10000,20,,,{'id': 133570}
1758589166,LONG,22200,20,,,{'id': 133563}
1758589202,LONG,2003600,20,,,{'id': 111458}
1758589217,VERY_LONG,,1,1999993300,,"{'id': 1728, 'context': 0, 'bonus_lists': [6661], 'modifiers': [{'type': 9, 'value': 30}, {'type': 28, 'value': 1007}]}"
1758589232,LONG,45800,50,,,{'id': 113263}
1758589279,LONG,12333300,1,,,{'id': 130246}
1758589282,VERY_LONG,,1,199990100,,"{'id': 36863, 'context': 0, 'modifiers': [{'type': 28, 'value': 51}]}"
1758589292,LONG,1222700,1,,,{'id': 130217}
1758589299,VERY_LONG,,1,99997200,,"{'id': 14854, 'context': 0, 'bonus_lists': [6654], 'modifiers': [{'type': 9, 'value': 30}, {'type': 28, 'value': 36}]}"
1758589310,LONG,1198800,1,,,{'id': 130215}
1758589328,LONG,1226300,1,,,{'id': 130218}
1758589364,LONG,2557800,1,,,{'id': 130219}
1758589391,LONG,2557800,1,,,{'id': 130222}
1758589421,LONG,200000,1,,,{'id': 168640}
1758589457,LONG,12135400,2,,,{'id': 131746}
1758589479,LONG,1200000,20,,,{'id': 116271}
1758589506,LONG,772825700,1,,,{'id': 3829}
1758589519,LONG,690400,5,,,{'id': 58142}
1758589534,LONG,154400,10,,,{'id': 76098}
1758589572,LONG,123800,6,,,{'id': 58146}
1758589634,VERY_LONG,,1,264558800,,"{'id': 171415, 'context': 66, 'bonus_lists': [6758, 7194, 1532]}"
1758589638,VERY_LONG,,1,264558800,,"{'id': 171415, 'context': 66, 'bonus_lists': [6758, 7194, 1532]}"
1758589641,VERY_LONG,,1,264558800,,"{'id': 171415, 'context': 66, 'bonus_lists': [6758, 7193, 1532]}"
1758589643,LONG,7899900,8,,,{'id': 6373}
1758589646,VERY_LONG,,1,158735300,,"{'id': 171415, 'context': 65, 'bonus_lists': [6718, 7194, 1522]}"
1758589651,VERY_LONG,,1,158735300,,"{'id': 171415, 'context': 65, 'bonus_lists': [6718, 7193, 1522]}"
1758589653,VERY_LONG,,1,158735300,,"{'id': 171415, 'context': 65, 'bonus_lists': [6718, 7193, 1522]}"
1758589658,VERY_LONG,,1,158735300,,"{'id': 171415, 'context': 65, 'bonus_lists': [6718, 7194, 1522]}"
1758589662,VERY_LONG,,1,158735300,,"{'id': 171415, 'context': 65, 'bonus_lists': [6718, 7193, 1522]}"
1758589677,LONG,1214400,5,,,{'id': 76086}
1758589703,VERY_LONG,,1,127443000,,"{'id': 171417, 'context': 65, 'bonus_lists': [6718, 1522]}"
1758589709,LONG,5740100,20,,,{'id': 127838}
1758589710,VERY_LONG,,1,127443000,,"{'id': 171417, 'context': 65, 'bonus_lists': [6718, 1522]}"
1758589727,LONG,4008100,1,,,{'id': 127840}
1758589748,LONG,10795500,1,,,{'id': 18294}
1758589753,VERY_LONG,,1,303565400,,"{'id': 171413, 'context': 66, 'bonus_lists': [6758, 1532]}"
1758589771,VERY_LONG,,1,127443000,,"{'id': 171413, 'context': 65, 'bonus_lists': [6718, 1522]}"
1758589776,VERY_LONG,,1,127443000,,"{'id': 171413, 'context': 65, 'bonus_lists': [6718, 1522]}"
1758589780,VERY_LONG,,1,127443000,,"{'id': 171413, 'context': 65, 'bonus_lists': [6718, 1522]}"
1758589786,LONG,2501000,6,,,{'id': 9197}
1758589787,VERY_LONG,,1,127443000,,"{'id': 171413, 'context': 65, 'bonus_lists': [6718, 1522]}"
1758589794,VERY_LONG,,1,127443000,,"{'id': 171413, 'context': 65, 'bonus_lists': [6718, 1522]}"
1758589814,VERY_LONG,,1,158735300,,"{'id': 171412, 'context': 65, 'bonus_lists': [6718, 1522]}"
1758589817,VERY_LONG,,1,158735300,,"{'id': 171412, 'context': 65, 'bonus_lists': [6718, 1522]}"
1758589821,VERY_LONG,,1,158735300,,"{'id': 171412, 'context': 65, 'bonus_lists': [6718, 1522]}"
1758589827,VERY_LONG,,1,158735300,,"{'id': 171412, 'context': 65, 'bonus_lists': [6718, 1522]}"
1758589833,VERY_LONG,,1,158735300,,"{'id': 171412, 'context': 65, 'bonus_lists': [6718, 1522]}"
1758589844,VERY_LONG,,1,127443000,,"{'id': 171418, 'context': 65, 'bonus_lists': [6718, 7194, 1522]}"
1758589849,VERY_LONG,,1,127443000,,"{'id': 171418, 'context': 65, 'bonus_lists': [6718, 7194, 1522]}"
1758589853,VERY_LONG,,1,127443000,,"{'id': 171418, 'context': 65, 'bonus_lists': [6718, 7194, 1522]}"
1758589858,VERY_LONG,,1,127443000,,"{'id': 171418, 'context': 65, 'bonus_lists': [6718, 7193, 1522]}"
1758589862,LONG,190500,5,,,{'id': 171832}
1758589866,VERY_LONG,,1,127443000,,"{'id': 171418, 'context': 65, 'bonus_lists': [6718, 7194, 1522]}"
1758589893,LONG,3453400,20,,,{'id': 76085}
1758589923,LONG,750000,10,,,{'id': 116981}
1758589992,LONG,363800,8,,,{'id': 40077}
1758590044,LONG,5740100,5,,,{'id': 127838}
1758590065,LONG,5666500,6,,,{'id': 6048}
1758590099,LONG,747400,5,,,{'id': 8949}
1758591140,LONG,750000,20,,,{'id': 109156}
1758591174,LONG,33733500,5,,,{'id': 58489}
1758591281,LONG,1222200,7,,,{'id': 6049}
1758591308,LONG,1222200,5,,,{'id': 6050}
1758591320,LONG,3805800,20,,,{'id': 116276}
1758591338,LONG,1200000,20,,,{'id': 118711}
1758591340,LONG,95000,10,,,{'id': 171828}
1758591403,LONG,2667600,5,,,{'id': 6052}
1758591440,LONG,2899900,4,,,{'id': 3391}
1758591459,LONG,98141700,4,,,{'id': 22835}
1758591461,LONG,,1,499990000,,"{'id': 183418, 'context': 28, 'bonus_lists': [6652, 1520, 5891, 6646]}"
1758591476,LONG,190500,8,,,{'id': 171832}
1758591481,LONG,4604100,6,,,{'id': 58487}
1758591501,LONG,52300,20,,,{'id': 109223}
1758591544,LONG,953500,20,,,{'id': 76088}
1758591564,LONG,3893800,20,,,{'id': 76084}
1758591574,LONG,2453800,10,,,{'id': 76087}
1758591591,LONG,12000000,11,,,{'id': 127846}
1758591626,LONG,2000200,5,,,{'id': 5634}
1758591640,LONG,2777600,20,,,{'id': 40109}
1758591654,LONG,500000,20,,,{'id': 109153}
1758591690,LONG,2113800,20,,,{'id': 46376}
1758591695,LONG,17200,20,,,{'id': 76089}
1758591701,LONG,250000,10,,,{'id': 109219}
1758591712,LONG,2113800,20,,,{'id': 46378}
1758591725,LONG,2111400,6,,,{'id': 40079}
1758591743,LONG,13958100,12,,,{'id': 58148}
1758591771,LONG,2892800,20,,,{'id': 116266}
1758591782,LONG,1000500,4,,,{'id': 157798}
1758591831,LONG,2893800,20,,,{'id': 127845}
1758591905,LONG,54500,16,,,{'id': 13506}
1758591947,LONG,807800,10,,,{'id': 76077}
1758591973,VERY_LONG,,1,1501300,,"{'id': 18260, 'context': 0}"
1758592047,VERY_LONG,,1,1506100,,"{'id': 16249, 'context': 1, 'modifiers': [{'type': 28, 'value': 214}]}"
1758592049,LONG,889000,3,,,{'id': 17708}
1758592091,VERY_LONG,,1,1501300,,"{'id': 18260, 'context': 0}"
1758593114,VERY_LONG,,1,15000,,"{'id': 16251, 'context': 0, 'modifiers': [{'type': 28, 'value': 1006}]}"
1758593123,LONG,5500,1,,,{'id': 2455}
1758593136,VERY_LONG,,1,15000,,"{'id': 16251, 'context': 0, 'modifiers': [{'type': 28, 'value': 1004}]}"
1758593165,LONG,2881000,15,,,{'id': 20008}
1758593176,VERY_LONG,,1,253000,,"{'id': 18259, 'context': 0, 'modifiers': [{'type': 28, 'value': 1004}]}"
1758593190,LONG,507800,20,,,{'id': 116268}
1758593220,LONG,1675000,10,,,{'id': 76081}
1758593252,LONG,1159800,10,,,{'id': 76078}
1758593273,VERY_LONG,508800,1,,,{'id': 19258}
1758593290,LONG,1703100,10,,,{'id': 76083}
1758593297,VERY_LONG,400000,1,,,{'id': 5500}
1758593321,LONG,1700000,15,,,{'id': 76076}
1758593349,VERY_LONG,5100,59,,,{'id': 7068}
1758593366,VERY_LONG,15000,6,,,{'id': 22573}
1758593392,VERY_LONG,40100,55,,,{'id': 3858}
1758593394,LONG,1887600,10,,,{'id': 76080}
1758593415,VERY_LONG,1500,28,,,{'id': 12208}
1758593439,VERY_LONG,,1,1114300,,"{'id': 15291, 'context': 0, 'bonus_lists': [6655, 1707], 'modifiers': [{'type': 9, 'value': 30}, {'type': 28, 'value': 26}]}"
1758593458,VERY_LONG,1820000,1,,,{'id': 7081}
1758593479,VERY_LONG,970000,2,,,{'id': 31883}
1758593509,VERY_LONG,13600,13,,,{'id': 24401}
1758593528,VERY_LONG,103500,36,,,{'id': 3860}
1758593545,VERY_LONG,,1,20000000,,"{'id': 118345, 'context': 1}"
1758593546,LONG,1001800,10,,,{'id': 76075}
1758593566,LONG,1087600,10,,,{'id': 76079}
1758593571,VERY_LONG,10455600,2,,,{'id': 7082}
1758593589,VERY_LONG,50000,79,,,{'id': 22790}
1758593593,LONG,1603400,5,,,{'id': 3383}
1758593616,VERY_LONG,1000000,1,,,{'id': 153633}
1758593636,VERY_LONG,390000,64,,,{'id': 39343}
1758593648,LONG,2337600,20,,,{'id': 40212}
1758593650,VERY_LONG,300,2,,,{'id': 12203}
1758593674,LONG,520400,12,,,{'id': 58144}
1758593685,VERY_LONG,9500,9,,,{'id': 22787}
1758593695,VERY_LONG,,1,15000,,"{'id': 16251, 'context': 0, 'modifiers': [{'type': 28, 'value': 1006}]}"
1758593704,LONG,157600,5,,,{'id': 76093}
1758593708,VERY_LONG,,1,116198600,,"{'id': 8028, 'context': 0, 'modifiers': [{'type': 28, 'value': 1005}]}"
1758593742,VERY_LONG,,1,18116200,,"{'id': 13015, 'context': 0, 'bonus_lists': [6659], 'modifiers': [{'type': 9, 'value': 30}, {'type': 28, 'value': 1004}]}"
1758593753,VERY_LONG,3628500,18,,,{'id': 11754}
1758593756,LONG,153800,5,,,{'id': 76095}
1758593762,VERY_LONG,979600,2,,,{'id': 3821}
1758593774,LONG,4060300,5,,,{'id': 5996}
1758593776,VERY_LONG,40000,7,,,{'id': 3818}
1758593798,VERY_LONG,212200,18,,,{'id': 3358}
1758593808,VERY_LONG,400000,200,,,{'id': 79251}
1758593813,LONG,10990000,1,,,{'id': 152641}
1758593823,VERY_LONG,400000,200,,,{'id': 79251}
1758593840,VERY_LONG,80000,10,,,{'id': 12799}
1758593854,VERY_LONG,1500000,6,,,{'id': 21886}
1758593885,VERY_LONG,59200,1,,,{'id': 8839}
1758593902,VERY_LONG,,1,10000,,"{'id': 12713, 'context': 0}"
1758593954,LONG,3000000,1,,,{'id': 174041}
1758593973,VERY_LONG,,1,700000,,"{'id': 16048, 'context': 1, 'modifiers': [{'type': 28, 'value': 201}]}"
1758593993,LONG,455500,20,,,{'id': 58145}
1758594003,VERY_LONG,,1,4002000,,"{'id': 15749, 'context': 1}"
1758594023,VERY_LONG,450000,4,,,{'id': 12803}
1758594047,VERY_LONG,,1,250000,,"{'id': 30323, 'context': 0, 'modifiers': [{'type': 28, 'value': 1011}]}"
1758594071,VERY_LONG,,1,8829000,,"{'id': 7989, 'context': 11, 'modifiers': [{'type': 28, 'value': 34}]}"
1758594084,VERY_LONG,,1,509800,,"{'id': 12694, 'context': 0, 'modifiers': [{'type': 28, 'value': 1004}]}"
1758594097,VERY_LONG,,1,4503800,,"{'id': 7990, 'context': 1, 'modifiers': [{'type': 28, 'value': 278}]}"
1758594107,VERY_LONG,,1,6750000,,"{'id': 18654, 'context': 1, 'modifiers': [{'type': 28, 'value': 201}]}"
1758594117,VERY_LONG,,1,15000,,"{'id': 16251, 'context': 0, 'modifiers': [{'type': 28, 'value': 1006}]}"
1758594127,VERY_LONG,,1,1375100,,"{'id': 12693, 'context': 0}"
1758594140,VERY_LONG,,1,5002000,,"{'id': 10312, 'context': 1, 'modifiers': [{'type': 28, 'value': 203}]}"
1758594148,VERY_LONG,,1,19550000,,"{'id': 14494, 'context': 0, 'modifiers': [{'type': 28, 'value': 1006}]}"
1758594171,VERY_LONG,449200,61,,,{'id': 7911}
1758594185,VERY_LONG,,1,1701700,,"{'id': 38328, 'context': 14, 'modifiers': [{'type': 28, 'value': 28}]}"
1758594200,VERY_LONG,450000,2,,,{'id': 31911}
1758594203,LONG,5000000,1,,,{'id': 138486}
1758594214,VERY_LONG,2400,9,,,{'id': 32897}
1758594229,VERY_LONG,,1,10000,,"{'id': 12713, 'context': 0, 'modifiers': [{'type': 28, 'value': 1005}]}"
1758594260,VERY_LONG,,1,880000,,"{'id': 14499, 'context': 0, 'modifiers': [{'type': 28, 'value': 1005}]}"
1758594284,VERY_LONG,,1,45504600,,"{'id': 22222, 'context': 0, 'modifiers': [{'type': 28, 'value': 1007}]}"
1758594311,VERY_LONG,,1,4503800,,"{'id': 7990, 'context': 1, 'modifiers': [{'type': 28, 'value': 201}]}"
1758594334,VERY_LONG,,1,10000,,"{'id': 12713, 'context': 0}"
1758594361,VERY_LONG,,1,520000,,"{'id': 30306, 'context': 0, 'modifiers': [{'type': 28, 'value': 1011}]}"
1758594390,VERY_LONG,,1,10000000,,"{'id': 5974, 'context': 0, 'modifiers': [{'type': 28, 'value': 16}]}"
1758594421,VERY_LONG,,1,507600,,"{'id': 45090, 'context': 3, 'modifiers': [{'type': 28, 'value': 1020}]}"
1758594424,LONG,2853700,10,,,{'id': 159827}
1758594444,VERY_LONG,,1,45504600,,"{'id': 22222, 'context': 0, 'modifiers': [{'type': 28, 'value': 1007}]}"
1758594461,LONG,2508700,4,,,{'id': 183738}
1758594491,LONG,889000,9,,,{'id': 172418}
1758594514,VERY_LONG,,1,10000,,"{'id': 12713, 'context': 0, 'modifiers': [{'type': 28, 'value': 1005}]}"
1758594546,VERY_LONG,4999900,2,,,{'id': 22451}
1758594562,LONG,5729700,3,,,{'id': 172415}
1758594620,LONG,250000,4,,,{'id': 177660}
1758594623,VERY_LONG,751000,2,,,{'id': 29740}
1758594659,VERY_LONG,5500,27,,,{'id': 10286}
1758594690,VERY_LONG,250000,4,,,{'id': 2776}
1758594740,VERY_LONG,8000,37,,,{'id': 7077}
1758594795,VERY_LONG,33200,37,,,{'id': 19441}
1758594836,VERY_LONG,5500,1,,,{'id': 74841}
1758594867,VERY_LONG,2500000,3,,,{'id': 12808}
1758594911,VERY_LONG,189700,2,,,{'id': 22577}
1758594938,VERY_LONG,75000,2,,,{'id': 13466}
1758594989,VERY_LONG,379200,3,,,{'id': 20424}
1758595025,VERY_LONG,,1,115300,,"{'id': 32737, 'context': 3, 'modifiers': [{'type': 28, 'value': 1014}]}"
1758595059,VERY_LONG,15061000,1,,,{'id': 112274}
1758595102,VERY_LONG,40000,1,,,{'id': 5785}
1758595121,VERY_LONG,,1,8754600,,"{'id': 6342, 'context': 1, 'modifiers': [{'type': 28, 'value': 193}]}"
1758595146,VERY_LONG,1500000,2,,,{'id': 31906}
1758595176,VERY_LONG,26900,17,,,{'id': 17011}
1758595200,VERY_LONG,,1,11008300,,"{'id': 118347, 'context': 1}"
1758595213,VERY_LONG,99900,12,,,{'id': 13463}
1758595234,VERY_LONG,75000,2,,,{'id': 7910}
1758595254,VERY_LONG,50000,1,,,{'id': 7079}
1758595263,VERY_LONG,400000,200,,,{'id': 79251}
1758595278,VERY_LONG,400000,14,,,{'id': 79251}
1758595322,VERY_LONG,200,2,,,{'id': 142335}
1758595346,VERY_LONG,900000,13,,,{'id': 43109}
1758595377,VERY_LONG,78400,5,,,{'id': 4625}
1758595598,LONG,,1,9005100,,"{'id': 159168, 'context': 0, 'bonus_lists': [6654, 1700], 'modifiers': [{'type': 9, 'value': 50}, {'type': 28, 'value': 186}]}"
1758595909,LONG,29072600,3,,,{'id': 29539}
1758595918,LONG,,1,6008100,,"{'id': 154838, 'context': 0, 'bonus_lists': [4796, 1694], 'modifiers': [{'type': 9, 'value': 50}]}"
1758595953,LONG,300000,8,,,{'id': 172346}
1758597119,VERY_LONG,,1,279872700,,"{'id': 75077, 'context': 0}"
1758597523,VERY_LONG,6238900,1,,,{'id': 112296}
1758597536,VERY_LONG,15016800,1,,,{'id': 112278}
1758597584,VERY_LONG,,1,250000,,"{'id': 30323, 'context': 0, 'modifiers': [{'type': 28, 'value': 1011}]}"
1758597612,VERY_LONG,1520000,2,,,{'id': 31902}
1758597629,VERY_LONG,500,42,,,{'id': 19183}
1758597667,VERY_LONG,200000,3,,,{'id': 8838}
1758597743,VERY_LONG,890000,2,,,{'id': 31915}
1758597756,VERY_LONG,31559800,3,,,{'id': 112289}
1758597824,VERY_LONG,131400,55,,,{'id': 30809}
1758597919,VERY_LONG,,1,7508800,,"{'id': 22309, 'context': 1, 'modifiers': [{'type': 28, 'value': 279}]}"
1758597980,VERY_LONG,,1,2501900,,"{'id': 38327, 'context': 14, 'modifiers': [{'type': 28, 'value': 28}]}"
1758598019,VERY_LONG,400000,200,,,{'id': 79251}
1758598048,LONG,,1,3220500,,"{'id': 21953, 'context': 0, 'modifiers': [{'type': 28, 'value': 1006}]}"
1758598082,VERY_LONG,,1,10000,,"{'id': 12713, 'context': 0, 'modifiers': [{'type': 28, 'value': 1006}]}"
1758598111,VERY_LONG,550000,2,,,{'id': 31898}
1758598131,VERY_LONG,9900,9,,,{'id': 74866}
1758598153,VERY_LONG,98000,1,,,{'id': 32229}
1758598168,VERY_LONG,30000,2,,,{'id': 3819}
1758598190,VERY_LONG,74000,1,,,{'id': 32230}
1758598223,VERY_LONG,1005100,1,,,{'id': 153617}
1758598249,VERY_LONG,30000,4,,,{'id': 31912}
1758598265,LONG,1500000,2,,,{'id': 31906}
1758598279,VERY_LONG,1500000,1,,,{'id': 112300}
1758598296,VERY_LONG,30000,1,,,{'id': 21929}
1758598305,VERY_LONG,652600,1,,,{'id': 31910}
1758598315,LONG,550000,1,,,{'id': 31898}
1758598320,VERY_LONG,56500,4,,,{'id': 3864}
1758598346,VERY_LONG,9000,6,,,{'id': 7909}
1758598359,VERY_LONG,,1,880000,,"{'id': 14499, 'context': 1, 'modifiers': [{'type': 28, 'value': 205}]}"
1758598375,VERY_LONG,400,1,,,{'id': 1288}
1758598402,VERY_LONG,1500,1,,,{'id': 4337}
1758598424,VERY_LONG,139900,2,,,{'id': 10285}
1758598466,VERY_LONG,3100,34,,,{'id': 3857}
1758598477,VERY_LONG,409600,7,,,{'id': 12800}
1758598500,VERY_LONG,100000,3,,,{'id': 22447}
1758598537,VERY_LONG,447100,2,,,{'id': 67229}
1758598622,VERY_LONG,4880800,1,,,{'id': 8831}
1758598636,VERY_LONG,10000,20,,,{'id': 7972}
1758598689,VERY_LONG,15000,2,,,{'id': 5498}
1758598710,VERY_LONG,200,8,,,{'id': 5784}
1758598731,VERY_LONG,49000,51,,,{'id': 23425}
1758598742,VERY_LONG,,1,49997600,,"{'id': 108634, 'context': 0}"
1758598751,VERY_LONG,55500,1,,,{'id': 814}
1758598762,VERY_LONG,4400,8,,,{'id': 7067}
1758598778,VERY_LONG,2600,19,,,{'id': 9262}
1758598786,VERY_LONG,,1,44999900,,"{'id': 108633, 'context': 0}"
1758598792,VERY_LONG,10200,1,,,{'id': 2799}
1758598809,VERY_LONG,395000,59,,,{'id': 30810}
1758598837,VERY_LONG,17000,113,,,{'id': 10620}
1758598854,VERY_LONG,1400,171,,,{'id': 12365}
1758598868,VERY_LONG,500000,140,,,{'id': 79253}
1758598886,VERY_LONG,45800,9,,,{'id': 113263}
1758598908,VERY_LONG,3800,9,,,{'id': 7075}
1758598943,VERY_LONG,148500,11,,,{'id': 12361}
1758598967,VERY_LONG,4000000,1,,,{'id': 13926}
1758598982,VERY_LONG,120500,4,,,{'id': 62784}
1758599002,VERY_LONG,8900,6,,,{'id': 6358}
1758599059,VERY_LONG,25672400,2,,,{'id': 112288}
1758599096,VERY_LONG,4000000,1,,,{'id': 153615}
1758600132,VERY_LONG,302700,1,,,{'id': 12205}
1758600162,VERY_LONG,449200,2,,,{'id': 31896}
1758600178,VERY_LONG,381000,7,,,{'id': 3712}
1758600199,VERY_LONG,1008000,1,,,{'id': 153627}
1758600211,VERY_LONG,,1,120000000,,"{'id': 172314, 'context': 63, 'bonus_lists': [6716, 1487]}"
1758600214,VERY_LONG,,1,120000000,,"{'id': 172314, 'context': 63, 'bonus_lists': [6716, 1487]}"
1758600220,VERY_LONG,660000,2,,,{'id': 31901}
1758600237,VERY_LONG,8998200,1,,,{'id': 173162}
1758600245,VERY_LONG,10000000,2,,,{'id': 112285}
1758600267,VERY_LONG,9805100,2,,,{'id': 112302}
1758600291,VERY_LONG,1622600,1,,,{'id': 19268}
1758600350,LONG,1200000,10,,,{'id': 21885}
1758600372,LONG,517300,186,,,{'id': 22578}
1758600392,VERY_LONG,2500,8,,,{'id': 7974}
1758600424,VERY_LONG,70000,1,,,{'id': 74863}
1758600444,VERY_LONG,2000,9,,,{'id': 17056}
1758600449,VERY_LONG,449000,2,,,{'id': 171441}
1758600464,VERY_LONG,1002000,1,,,{'id': 153630}
1758600485,VERY_LONG,5000000,2,,,{'id': 31886}
1758600501,VERY_LONG,7665100,3,,,{'id': 112284}
1758600529,VERY_LONG,28500,2,,,{'id': 31893}
1758600534,VERY_LONG,240000,4,,,{'id': 178550}
1758600597,VERY_LONG,46700,26,,,{'id': 154882}
1758600677,VERY_LONG,1509100,2,,,{'id': 38561}
1758600680,LONG,1030000,3,,,{'id': 171833}
1758600741,VERY_LONG,2000,5,,,{'id': 3371}
1758600832,VERY_LONG,639400,9,,,{'id': 173204}
1758600950,VERY_LONG,156700,2,,,{'id': 172451}
1758601022,VERY_LONG,7212100,1,,,{'id': 112276}
1758601034,VERY_LONG,162300,8,,,{'id': 172230}
1758601129,VERY_LONG,,1,7508200,,"{'id': 72003, 'context': 0}"
1758601200,VERY_LONG,170000,4,,,{'id': 171830}
1758601245,VERY_LONG,9900,28,,,{'id': 168645}
1758601300,VERY_LONG,,1,40600,,"{'id': 16248, 'context': 1, 'modifiers': [{'type': 28, 'value': 282}]}"
1758601315,VERY_LONG,55906800,1,,,{'id': 178546}
1758601572,VERY_LONG,1449700,41,,,{'id': 172233}
1758601753,VERY_LONG,,1,1263900,1200700,"{'id': 36266, 'context': 0, 'bonus_lists': [6654, 1691], 'modifiers': [{'type': 9, 'value': 30}, {'type': 28, 'value': 1023}]}"
1758601761,VERY_LONG,,1,5558100,5280200,"{'id': 82800, 'context': 0, 'modifiers': [{'type': 6, 'value': 61898}], 'pet_breed_id': 3, 'pet_level': 1, 'pet_quality_id': 3, 'pet_species_id': 1634}"
1758601772,VERY_LONG,,1,13741000,13054000,"{'id': 175553, 'context': 0, 'bonus_lists': [6907, 1680], 'modifiers': [{'type': 9, 'value': 60}, {'type': 28, 'value': 1707}]}"
1758601776,VERY_LONG,,1,5801100,5511000,"{'id': 36264, 'context': 0, 'bonus_lists': [6654, 1705], 'modifiers': [{'type': 9, 'value': 30}, {'type': 28, 'value': 1023}]}"
1758601781,VERY_LONG,,1,9872800,9379200,"{'id': 16830, 'context': 0, 'modifiers': [{'type': 28, 'value': 1004}]}"
1758601784,VERY_LONG,750000,1,,,{'id': 154120}
1758601789,VERY_LONG,1186500,4,,,{'id': 113992}
1758601792,LONG,,1,5790100,,"{'id': 173147, 'context': 13, 'modifiers': [{'type': 29, 'value': 49}]}"
1758601793,LONG,,1,5790100,,"{'id': 173147, 'context': 13, 'modifiers': [{'type': 29, 'value': 40}]}"
1758601794,VERY_LONG,,1,9770700,9282200,"{'id': 25004, 'context': 0, 'bonus_lists': [6654, 1694], 'modifiers': [{'type': 9, 'value': 30}, {'type': 28, 'value': 1015}]}"
1758601798,VERY_LONG,,1,2200000,2090000,"{'id': 50451, 'context': 0, 'modifiers': [{'type': 28, 'value': 1023}]}"
1758601807,VERY_LONG,,1,3451600,3279000,"{'id': 16817, 'context': 0, 'modifiers': [{'type': 28, 'value': 1004}]}"
1758601809,VERY_LONG,,1,7343200,6976000,"{'id': 15283, 'context': 0, 'bonus_lists': [6655, 1692], 'modifiers': [{'type': 9, 'value': 30}, {'type': 28, 'value': 1004}]}"
1758601812,LONG,,1,2596400,,"{'id': 173144, 'context': 13, 'modifiers': [{'type': 29, 'value': 49}]}"
1758601813,VERY_LONG,,1,650000,617500,"{'id': 13135, 'context': 0, 'bonus_lists': [6658], 'modifiers': [{'type': 9, 'value': 30}, {'type': 28, 'value': 1004}]}"
1758601821,VERY_LONG,310500,1,,,{'id': 858}
1758601825,VERY_LONG,792000,1,,,{'id': 154122}
1758601831,VERY_LONG,,1,5377900,5109000,"{'id': 36441, 'context': 0, 'bonus_lists': [6654, 1708], 'modifiers': [{'type': 9, 'value': 30}, {'type': 28, 'value': 1023}]}"
1758601836,VERY_LONG,,1,6123800,5817600,"{'id': 36041, 'context': 0, 'bonus_lists': [6654, 1694], 'modifiers': [{'type': 9, 'value': 30}, {'type': 28, 'value': 1023}]}"
1758601842,VERY_LONG,,1,2009600,1909100,"{'id': 16802, 'context': 0, 'modifiers': [{'type': 28, 'value': 1004}]}"
1758601858,VERY_LONG,19600,5,,,{'id': 109126}
1758601866,VERY_LONG,,1,105943800,100646600,"{'id': 115794, 'context': 13, 'bonus_lists': [333, 525, 539]}"
1758601869,VERY_LONG,,1,10460600,9937600,"{'id': 36567, 'context': 0, 'bonus_lists': [6655, 1693], 'modifiers': [{'type': 9, 'value': 30}, {'type': 28, 'value': 1023}]}"
1758601871,VERY_LONG,,1,3870600,,"{'id': 36039, 'context': 0, 'bonus_lists': [6654, 1709], 'modifiers': [{'type': 9, 'value': 30}, {'type': 28, 'value': 1023}]}"
1758601874,LONG,,1,5928000,,"{'id': 173134, 'context': 13, 'modifiers': [{'type': 29, 'value': 40}]}"
1758601876,VERY_LONG,,1,34289000,32574600,"{'id': 106478, 'context': 0, 'bonus_lists': [6654, 38], 'modifiers': [{'type': 9, 'value': 39}, {'type': 28, 'value': 302}]}"
1758601879,LONG,,1,5928000,,"{'id': 173134, 'context': 13, 'modifiers': [{'type': 29, 'value': 49}]}"
1758601881,LONG,,1,5928000,,"{'id': 173134, 'context': 13, 'modifiers': [{'type': 29, 'value': 36}]}"
1758601883,VERY_LONG,,1,746107500,708802100,"{'id': 35207, 'context': 0, 'modifiers': [{'type': 28, 'value': 1015}]}"
1758601887,VERY_LONG,,1,4050100,3847600,"{'id': 25028, 'context': 0, 'bonus_lists': [6654, 1678], 'modifiers': [{'type': 9, 'value': 30}, {'type': 28, 'value': 1015}]}"
1758601891,VERY_LONG,665400,5,,,{'id': 32230}
1758601903,VERY_LONG,,1,8540600,,"{'id': 36040, 'context': 0, 'bonus_lists': [6654, 1707], 'modifiers': [{'type': 9, 'value': 30}, {'type': 28, 'value': 1023}]}"
1758601908,VERY_LONG,,1,2663300,,"{'id': 36427, 'context': 0, 'bonus_lists': [6654, 1691], 'modifiers': [{'type': 9, 'value': 30}, {'type': 28, 'value': 1023}]}"
1758601918,VERY_LONG,512600,5,,,{'id': 22450}
1758601925,VERY_LONG,,1,6299100,5984100,"{'id': 36259, 'context': 0, 'bonus_lists': [6654, 1707], 'modifiers': [{'type': 9, 'value': 30}, {'type': 28, 'value': 1023}]}"
1758601934,VERY_LONG,348000,5,,,{'id': 32227}
1758601939,VERY_LONG,405000,1,,,{'id': 168586}
1758601944,VERY_LONG,,1,84315600,80099800,"{'id': 115798, 'context': 13, 'bonus_lists': [390, 525, 540]}"
1758601946,LONG,7000,22,,,{'id': 2589}
1758601951,VERY_LONG,,1,5105000,4849800,"{'id': 36038, 'context': 0, 'bonus_lists': [6654, 1709], 'modifiers': [{'type': 9, 'value': 30}, {'type': 28, 'value': 1023}]}"
1758601953,VERY_LONG,,1,18225700,17314400,"{'id': 10161, 'context': 0, 'bonus_lists': [6654, 1680], 'modifiers': [{'type': 9, 'value': 30}, {'type': 28, 'value': 1004}]}"
1758601959,VERY_LONG,558400,3,,,{'id': 32228}
1758601966,VERY_LONG,,1,11711200,11125600,"{'id': 10252, 'context': 0, 'bonus_lists': [6654, 1692], 'modifiers': [{'type': 9, 'value': 30}, {'type': 28, 'value': 1004}]}"
1758601969,VERY_LONG,,1,15817600,15026700,"{'id': 36455, 'context': 0, 'bonus_lists': [6655, 1705], 'modifiers': [{'type': 9, 'value': 30}, {'type': 28, 'value': 1023}]}"
1758601972,VERY_LONG,,1,5500000,5225000,"{'id': 82800, 'context': 0, 'modifiers': [{'type': 6, 'value': 58534}], 'pet_breed_id': 17, 'pet_level': 1, 'pet_quality_id': 3, 'pet_species_id': 1569}"
1758601973,LONG,2900,39,,,{'id': 2592}
1758601975,VERY_LONG,,1,5500000,5225000,"{'id': 82800, 'context': 0, 'modifiers': [{'type': 6, 'value': 58534}], 'pet_breed_id': 17, 'pet_level': 1, 'pet_quality_id': 3, 'pet_species_id': 1569}"
1758601982,VERY_LONG,,1,112875000,107231300,"{'id': 115796, 'context': 13, 'bonus_lists': [324, 525, 539]}"
1758601984,VERY_LONG,,1,1500400,1425400,"{'id': 13113, 'context': 0, 'bonus_lists': [6658], 'modifiers': [{'type': 9, 'value': 30}, {'type': 28, 'value': 1004}]}"
1758601987,VERY_LONG,,1,7423400,7052200,"{'id': 23816, 'context': 14}"
1758601989,VERY_LONG,,1,5776300,5487500,"{'id': 24917, 'context': 0, 'bonus_lists': [6654, 1692], 'modifiers': [{'type': 9, 'value': 30}, {'type': 28, 'value': 1015}]}"
1758601993,VERY_LONG,,1,11842800,11250700,"{'id': 36376, 'context': 0, 'bonus_lists': [6654, 1677], 'modifiers': [{'type': 9, 'value': 30}, {'type': 28, 'value': 1023}]}"
1758601995,LONG,20600,2,,,{'id': 53062}
1758601999,VERY_LONG,,1,8821500,8380400,"{'id': 37794, 'context': 0, 'bonus_lists': [6658], 'modifiers': [{'type': 9, 'value': 30}, {'type': 28, 'value': 1023}]}"
1758602003,VERY_LONG,,1,6503900,6178700,"{'id': 50449, 'context': 0, 'modifiers': [{'type': 28, 'value': 1023}]}"
1758602006,VERY_LONG,,1,3026200,2874900,"{'id': 16799, 'context': 0, 'modifiers': [{'type': 28, 'value': 1004}]}"
1758602009,VERY_LONG,,1,31241300,29679200,"{'id': 10270, 'context': 0, 'bonus_lists': [6654, 1706], 'modifiers': [{'type': 9, 'value': 30}, {'type': 28, 'value': 1004}]}"
1758602015,VERY_LONG,,1,500000,475000,"{'id': 16825, 'context': 0, 'modifiers': [{'type': 28, 'value': 1004}]}"
1758602020,VERY_LONG,1602700,4,,,{'id': 32231}
1758602021,LONG,500600,4,,,{'id': 53065}
1758602025,VERY_LONG,,1,720000,684000,"{'id': 15257, 'context': 0, 'bonus_lists': [6655, 1681], 'modifiers': [{'type': 9, 'value': 30}, {'type': 28, 'value': 1004}]}"
1758602033,VERY_LONG,,1,12198100,11588200,"{'id': 10273, 'context': 0, 'bonus_lists': [6654, 1680], 'modifiers': [{'type': 9, 'value': 30}, {'type': 28, 'value': 1004}]}"
1758602039,VERY_LONG,,1,8181300,7772200,"{'id': 10262, 'context': 0, 'bonus_lists': [6654, 1705], 'modifiers': [{'type': 9, 'value': 30}, {'type': 28, 'value': 1004}]}"
1758602043,VERY_LONG,,1,587900,,"{'id': 176961, 'context': 0, 'bonus_lists': [6907, 40, 7193, 1676], 'modifiers': [{'type': 9, 'value': 60}, {'type': 28, 'value': 1707}]}"
1758602055,VERY_LONG,,1,4974200,4725500,"{'id': 25068, 'context': 0, 'bonus_lists': [6654, 1694], 'modifiers': [{'type': 9, 'value': 30}, {'type': 28, 'value': 1015}]}"
1758602063,VERY_LONG,,1,1508700,1433300,"{'id': 180865, 'context': 0, 'bonus_lists': [6908, 6652], 'modifiers': [{'type': 9, 'value': 60}, {'type': 28, 'value': 2060}]}"
1758602070,VERY_LONG,,1,1840600,1748600,"{'id': 82800, 'context': 0, 'modifiers': [{'type': 6, 'value': 62466}], 'pet_breed_id': 10, 'pet_level': 1, 'pet_quality_id': 3, 'pet_species_id': 1633}"
1758602074,VERY_LONG,621700,5,,,{'id': 172059}
1758602081,VERY_LONG,,1,18980300,18031300,"{'id': 2564, 'context': 0, 'bonus_lists': [6658], 'modifiers': [{'type': 9, 'value': 30}, {'type': 28, 'value': 1004}]}"
1758602091,VERY_LONG,146400,5,,,{'id': 173191}
1758602098,VERY_LONG,,1,100831900,95790300,"{'id': 14555, 'context': 0, 'bonus_lists': [6661], 'modifiers': [{'type': 9, 'value': 30}, {'type': 28, 'value': 1004}]}"
1758603101,VERY_LONG,,1,373500,,"{'id': 176973, 'context': 0, 'bonus_lists': [6907, 43, 1701], 'modifiers': [{'type': 9, 'value': 60}, {'type': 28, 'value': 1707}]}"
1758603102,VERY_LONG,100000,48,,,{'id': 7912}
1758603109,VERY_LONG,4000,5,,,{'id': 109693}
1758603116,VERY_LONG,,1,9095400,8640600,"{'id': 4333, 'context': 0}"
1758603121,VERY_LONG,,1,246705200,234369900,"{'id': 116527, 'context': 0, 'bonus_lists': [6655, 196], 'modifiers': [{'type': 9, 'value': 39}, {'type': 28, 'value': 302}]}"
1758603127,VERY_LONG,,1,8547400,8120000,"{'id': 36147, 'context': 0, 'bonus_lists': [6654, 1680], 'modifiers': [{'type': 9, 'value': 30}, {'type': 28, 'value': 1023}]}"
1758603133,VERY_LONG,,1,36000200,,"{'id': 9929, 'context': 1, 'bonus_lists': [6654, 1691], 'modifiers': [{'type': 9, 'value': 30}, {'type': 28, 'value': 217}]}"
1758603134,VERY_LONG,1501500,5,,,{'id': 153647}
1758603135,LONG,110600,2,,,{'id': 53068}
1758603139,VERY_LONG,,1,48472300,46048700,"{'id': 36707, 'context': 0, 'bonus_lists': [6655, 1677], 'modifiers': [{'type': 9, 'value': 30}, {'type': 28, 'value': 1023}]}"
1758603145,VERY_LONG,,1,5848200,5555800,"{'id': 24890, 'context': 0, 'bonus_lists': [6654, 1680], 'modifiers': [{'type': 9, 'value': 30}, {'type': 28, 'value': 1015}]}"
1758603158,VERY_LONG,20000,6,,,{'id': 108332}
1758603163,VERY_LONG,,1,17387700,16518300,"{'id': 176966, 'context': 0, 'bonus_lists': [6907, 6652, 1687], 'modifiers': [{'type': 9, 'value': 60}, {'type': 28, 'value': 1707}]}"
1758603170,VERY_LONG,,1,9928200,9431800,"{'id': 36377, 'context': 0, 'bonus_lists': [6654, 1691], 'modifiers': [{'type': 9, 'value': 30}, {'type': 28, 'value': 1023}]}"
1758603174,VERY_LONG,730100,5,,,{'id': 172056}
1758603178,LONG,9940000,1,,,{'id': 168593}
1758603181,VERY_LONG,,1,53954200,51256500,"{'id': 106436, 'context': 0, 'bonus_lists': [6654, 88], 'modifiers': [{'type': 9, 'value': 40}, {'type': 28, 'value': 302}]}"
1758603202,VERY_LONG,,1,1007200,,"{'id': 178953, 'context': 0, 'bonus_lists': [6908, 6652, 1713], 'modifiers': [{'type': 9, 'value': 60}, {'type': 28, 'value': 1707}]}"
1758603220,VERY_LONG,67500,1,,,{'id': 13464}
1758603233,VERY_LONG,,1,2500000,,"{'id': 180793, 'context': 0, 'bonus_lists': [6908, 6652, 1712], 'modifiers': [{'type': 9, 'value': 60}, {'type': 28, 'value': 1707}]}"
1758603238,VERY_LONG,19600,7,,,{'id': 109126}
1758603255,VERY_LONG,1138000,1,,,{'id': 108335}
1758603262,VERY_LONG,,1,1771800,,"{'id': 178948, 'context': 0, 'bonus_lists': [6908, 6652, 1680], 'modifiers': [{'type': 9, 'value': 60}, {'type': 28, 'value': 2060}]}"
1758603272,VERY_LONG,10000,4,,,{'id': 108339}
1758603294,VERY_LONG,900,18,,,{'id': 12037}
1758603295,LONG,90000,25,,,{'id': 2836}
1758603320,VERY_LONG,40000,4,,,{'id': 16202}
1758603337,VERY_LONG,,1,601700,,"{'id': 176790, 'context': 0, 'bonus_lists': [6907, 6652, 7193, 1678], 'modifiers': [{'type': 9, 'value': 60}, {'type': 28, 'value': 1707}]}"
1758603338,LONG,15000,26,,,{'id': 16204}
1758603342,VERY_LONG,245500,6,,,{'id': 4234}
1758603399,LONG,495700,1,,,{'id': 171268}
1758603420,LONG,2200,3,,,{'id': 22644}
1758603470,VERY_LONG,121600,1,,,{'id': 10561}
1758603494,VERY_LONG,,1,13004600,,"{'id': 11611, 'context': 1, 'modifiers': [{'type': 28, 'value': 201}]}"
1758603513,VERY_LONG,,1,1125100,,"{'id': 30283, 'context': 0, 'modifiers': [{'type': 28, 'value': 1012}]}"
1758603535,VERY_LONG,,1,18005100,,"{'id': 13520, 'context': 1, 'modifiers': [{'type': 28, 'value': 214}]}"
1758603592,VERY_LONG,,1,7108200,,"{'id': 72006, 'context': 0}"
1758603630,VERY_LONG,30008800,1,,,{'id': 19279}
1758603671,VERY_LONG,3905100,1,,,{'id': 112281}
1758603690,VERY_LONG,21567300,1,,,{'id': 153616}
1758603768,VERY_LONG,3605100,3,,,{'id': 112286}
1758603840,VERY_LONG,18105100,1,,,{'id': 153613}
1758603921,VERY_LONG,,1,7108200,,"{'id': 72006, 'context': 0}"
1758603961,VERY_LONG,,1,500000,,"{'id': 82800, 'context': 0, 'modifiers': [{'type': 6, 'value': 99850}], 'pet_breed_id': 18, 'pet_level': 1, 'pet_quality_id': 3, 'pet_species_id': 3044}"
1758603963,VERY_LONG,,1,500000,,"{'id': 82800, 'context': 0, 'modifiers': [{'type': 6, 'value': 99850}], 'pet_breed_id': 18, 'pet_level': 1, 'pet_quality_id': 3, 'pet_species_id': 3044}"
1758603997,VERY_LONG,,1,34007600,,"{'id': 47622, 'context': 0}"
1758604038,VERY_LONG,,1,21507600,,"{'id': 45105, 'context': 11, 'modifiers': [{'type': 28, 'value': 1020}]}"
1758604064,VERY_LONG,3005100,1,,,{'id': 153621}
1758604108,VERY_LONG,10005100,2,,,{'id': 153610}
1758604144,VERY_LONG,,1,9407600,,"{'id': 45089, 'context': 3, 'modifiers': [{'type': 28, 'value': 1020}]}"
1758604157,VERY_LONG,107500,1,,,{'id': 5637}
1758604172,VERY_LONG,170100,8,,,{'id': 5470}
1758604190,VERY_LONG,5700,7,,,{'id': 2838}
1758604200,VERY_LONG,11100,41,,,{'id': 8150}
1758604587,LONG,212900,5,,,{'id': 171831}
1758604717,VERY_LONG,,1,37990000,,"{'id': 172327, 'context': 63, 'bonus_lists': [6716, 1487]}"
1758606281,LONG,13743200,10,,,{'id': 171276}
1758606520,VERY_LONG,332900,10,,,{'id': 171829}
1758606543,VERY_LONG,405000,56,,,{'id': 168586}
1758606559,VERY_LONG,212900,1,,,{'id': 171831}
1758606569,VERY_LONG,170000,5,,,{'id': 171830}
1758606599,VERY_LONG,639400,4,,,{'id': 173204}
1758606833,VERY_LONG,7450000,1,,,{'id': 172097}
1758606901,VERY_LONG,300000,1,,,{'id': 172096}
1758606938,VERY_LONG,704300,2,,,{'id': 171315}
1758607084,VERY_LONG,,1,62346800,,"{'id': 173246, 'context': 65, 'bonus_lists': [6718, 1522]}"
1758607088,VERY_LONG,,1,62346800,,"{'id': 173246, 'context': 65, 'bonus_lists': [6718, 1522]}"
1758607208,VERY_LONG,,1,67750000,,"{'id': 173245, 'context': 65, 'bonus_lists': [6718, 7194, 1522]}"
1758607218,VERY_LONG,,1,67750000,,"{'id': 173245, 'context': 65, 'bonus_lists': [6718, 7194, 1522]}"
1758607220,VERY_LONG,,1,67750000,,"{'id': 173245, 'context': 65, 'bonus_lists': [6718, 7193, 1522]}"
1758607931,LONG,90000,5,,,{'id': 171263}
1758607936,LONG,1000000,1,,,{'id': 183950}
1758607940,LONG,16100,3,,,{'id': 9313}
1758607946,LONG,156700,5,,,{'id': 172451}
1758607950,VERY_LONG,1510000,2,,,{'id': 171274}
1758607954,LONG,4400,5,,,{'id': 152542}
1758607961,LONG,9900,5,,,{'id': 153051}
1758607965,LONG,225600,1,,,{'id': 33459}
1758607969,VERY_LONG,18000,1,,,{'id': 171264}
1758609470,LONG,49994500,2,,,{'id': 161344}
1758609625,LONG,,1,199800,,"{'id': 21841, 'context': 0}"
1758609632,LONG,,1,199800,,"{'id': 21841, 'context': 0}"
1758609636,LONG,,1,199800,,"{'id': 21841, 'context': 0}"
1758609637,LONG,,1,199800,,"{'id': 21841, 'context': 0}"
1758609640,LONG,,1,199800,,"{'id': 21841, 'context': 0}"
1758609644,LONG,,1,199800,,"{'id': 21841, 'context': 0}"
1758609858,VERY_LONG,2253300,1,,,{'id': 179295}
1758613069,VERY_LONG,5000000,2,,,{'id': 173037}
1758613200,VERY_LONG,639400,4,,,{'id': 173204}
1758613840,LONG,2200,53,,,{'id': 154898}
1758615443,VERY_LONG,150000,15,,,{'id': 174350}
1758615556,LONG,,1,234310000,,"{'id': 172326, 'context': 64, 'bonus_lists': [6717, 1507]}"
1758615683,VERY_LONG,,1,5928000,,"{'id': 173134, 'context': 13, 'modifiers': [{'type': 29, 'value': 36}]}"
1758615697,VERY_LONG,704200,93,,,{'id': 171315}
1758615773,VERY_LONG,,1,47413200,,"{'id': 36596, 'context': 2, 'bonus_lists': [6655, 1706], 'modifiers': [{'type': 9, 'value': 30}, {'type': 28, 'value': 1087}]}"
1758615776,VERY_LONG,,1,2831400,,"{'id': 82800, 'context': 0, 'modifiers': [{'type': 6, 'value': 99114}], 'pet_breed_id': 8, 'pet_level': 1, 'pet_quality_id': 3, 'pet_species_id': 3046}"
1758615784,VERY_LONG,53308800,1,,,{'id': 19284}
1758615790,VERY_LONG,,1,193031600,,"{'id': 12838, 'context': 1, 'modifiers': [{'type': 28, 'value': 205}]}"
1758615796,VERY_LONG,,1,17193500,,"{'id': 10144, 'context': 1, 'bonus_lists': [6654, 1678], 'modifiers': [{'type': 9, 'value': 30}, {'type': 28, 'value': 205}]}"
1758615801,LONG,369000,10,,,{'id': 162515}
1758615802,VERY_LONG,,1,45646800,,"{'id': 14939, 'context': 1, 'bonus_lists': [6654, 1706], 'modifiers': [{'type': 9, 'value': 30}, {'type': 28, 'value': 218}]}"
1758615831,VERY_LONG,383800,846,,,{'id': 170554}
1758615835,VERY_LONG,,1,28000000,,"{'id': 13101, 'context': 1, 'bonus_lists': [6658], 'modifiers': [{'type': 9, 'value': 30}, {'type': 28, 'value': 205}]}"
1758615852,VERY_LONG,,1,11002100,,"{'id': 15162, 'context': 1, 'bonus_lists': [6654, 1709], 'modifiers': [{'type': 9, 'value': 30}, {'type': 28, 'value': 218}]}"
1758615873,VERY_LONG,,1,113977100,,"{'id': 14254, 'context': 1, 'bonus_lists': [6654, 1692], 'modifiers': [{'type': 9, 'value': 30}, {'type': 28, 'value': 218}]}"
1758615885,VERY_LONG,,1,15000000,,"{'id': 90719, 'context': 0, 'bonus_lists': [6694], 'modifiers': [{'type': 9, 'value': 35}, {'type': 28, 'value': 167}]}"
1758615896,LONG,173500,3,,,{'id': 152495}
1758615960,VERY_LONG,,1,9532000,,"{'id': 8298, 'context': 1, 'bonus_lists': [6654], 'modifiers': [{'type': 9, 'value': 30}, {'type': 28, 'value': 205}]}"
1758615983,VERY_LONG,,1,42171700,,"{'id': 15614, 'context': 1, 'bonus_lists': [6654, 1705], 'modifiers': [{'type': 9, 'value': 30}, {'type': 28, 'value': 218}]}"
1758615998,VERY_LONG,,1,8442300,,"{'id': 9878, 'context': 1, 'bonus_lists': [6654, 1695], 'modifiers': [{'type': 9, 'value': 30}, {'type': 28, 'value': 217}]}"
1758616022,VERY_LONG,,1,26557400,,"{'id': 10102, 'context': 1, 'bonus_lists': [6654, 1709], 'modifiers': [{'type': 9, 'value': 30}, {'type': 28, 'value': 205}]}"
1758616039,VERY_LONG,,1,35210400,,"{'id': 9872, 'context': 1, 'bonus_lists': [6654, 1706], 'modifiers': [{'type': 9, 'value': 30}, {'type': 28, 'value': 217}]}"
1758616047,VERY_LONG,,1,123868400,,"{'id': 9920, 'context': 0, 'bonus_lists': [6654, 1693], 'modifiers': [{'type': 9, 'value': 30}, {'type': 28, 'value': 24}]}"
1758616056,VERY_LONG,,1,13406400,,"{'id': 10225, 'context': 1, 'bonus_lists': [6654, 1680], 'modifiers': [{'type': 9, 'value': 30}, {'type': 28, 'value': 205}]}"
1758616065,VERY_LONG,,1,42199100,,"{'id': 8294, 'context': 1, 'bonus_lists': [6654], 'modifiers': [{'type': 9, 'value': 30}, {'type': 28, 'value': 205}]}"
1758616084,VERY_LONG,,1,7123400,,"{'id': 10106, 'context': 1, 'bonus_lists': [6654, 1693], 'modifiers': [{'type': 9, 'value': 30}, {'type': 28, 'value': 205}]}"
1758617124,VERY_LONG,,1,5000900,,"{'id': 10164, 'context': 1, 'bonus_lists': [6654, 1677], 'modifiers': [{'type': 9, 'value': 30}, {'type': 28, 'value': 205}]}"
1758617140,VERY_LONG,,1,16784000,,"{'id': 8301, 'context': 1, 'bonus_lists': [6654], 'modifiers': [{'type': 9, 'value': 30}, {'type': 28, 'value': 205}]}"
1758617150,VERY_LONG,,1,14930000,,"{'id': 15256, 'context': 1, 'bonus_lists': [6655, 1706], 'modifiers': [{'type': 9, 'value': 30}, {'type': 28, 'value': 205}]}"
1758617179,VERY_LONG,,1,9007600,,"{'id': 15385, 'context': 1, 'bonus_lists': [6654, 1708], 'modifiers': [{'type': 9, 'value': 30}, {'type': 28, 'value': 218}]}"
1758617198,VERY_LONG,,1,9532000,,"{'id': 8298, 'context': 1, 'bonus_lists': [6654], 'modifiers': [{'type': 9, 'value': 30}, {'type': 28, 'value': 203}]}"
1758617209,VERY_LONG,,1,7002100,,"{'id': 10237, 'context': 1, 'bonus_lists': [6654, 1707], 'modifiers': [{'type': 9, 'value': 30}, {'type': 28, 'value': 205}]}"
1758617228,VERY_LONG,,1,194963400,,"{'id': 13044, 'context': 1, 'bonus_lists': [6659], 'modifiers': [{'type': 9, 'value': 30}, {'type': 28, 'value': 205}]}"
1758617238,VERY_LONG,,1,47773200,,"{'id': 9856, 'context': 1, 'bonus_lists': [6654, 1692], 'modifiers': [{'type': 9, 'value': 30}, {'type': 28, 'value': 217}]}"
1758617296,VERY_LONG,,1,20009500,,"{'id': 4478, 'context': 0, 'bonus_lists': [3631], 'modifiers': [{'type': 9, 'value': 30}, {'type': 28, 'value': 24}]}"
1758617314,VERY_LONG,,1,14005500,,"{'id': 15936, 'context': 1, 'bonus_lists': [6655, 1680], 'modifiers': [{'type': 9, 'value': 30}, {'type': 28, 'value': 205}]}"
1758617336,VERY_LONG,,1,103372200,,"{'id': 9396, 'context': 1, 'bonus_lists': [6710], 'modifiers': [{'type': 9, 'value': 30}, {'type': 28, 'value': 217}]}"
1758617356,VERY_LONG,,1,42199100,,"{'id': 8294, 'context': 1, 'bonus_lists': [6654], 'modifiers': [{'type': 9, 'value': 30}, {'type': 28, 'value': 205}]}"
1758617439,VERY_LONG,,1,60009800,,"{'id': 116573, 'context': 22, 'bonus_lists': [6655, 102, 517], 'modifiers': [{'type': 9, 'value': 40}, {'type': 28, 'value': 1140}]}"
1758617448,VERY_LONG,,1,83006200,,"{'id': 14954, 'context': 1, 'bonus_lists': [6655, 1706], 'modifiers': [{'type': 9, 'value': 30}, {'type': 28, 'value': 218}]}"
1758617456,VERY_LONG,,1,14930000,,"{'id': 15256, 'context': 1, 'bonus_lists': [6655, 1709], 'modifiers': [{'type': 9, 'value': 30}, {'type': 28, 'value': 205}]}"
1758617469,VERY_LONG,,1,19917900,,"{'id': 15775, 'context': 1, 'modifiers': [{'type': 28, 'value': 205}]}"
1758617478,VERY_LONG,,1,24508600,,"{'id': 9925, 'context': 0, 'bonus_lists': [6654, 1707], 'modifiers': [{'type': 9, 'value': 30}, {'type': 28, 'value': 24}]}"
1758617512,VERY_LONG,,1,7461900,,"{'id': 15282, 'context': 1, 'bonus_lists': [6655, 1678], 'modifiers': [{'type': 9, 'value': 30}, {'type': 28, 'value': 205}]}"
1758617520,VERY_LONG,,1,9970000,,"{'id': 15392, 'context': 1, 'bonus_lists': [6654, 1681], 'modifiers': [{'type': 9, 'value': 30}, {'type': 28, 'value': 218}]}"
1758617530,VERY_LONG,,1,12003600,,"{'id': 4738, 'context': 1, 'bonus_lists': [6654], 'modifiers': [{'type': 9, 'value': 30}, {'type': 28, 'value': 217}]}"
1758617576,VERY_LONG,,1,14400000,,"{'id': 113959, 'context': 6, 'bonus_lists': [562, 567], 'modifiers': [{'type': 28, 'value': 2021}]}"
1758617585,VERY_LONG,55000400,4,,,{'id': 8950}
1758617593,VERY_LONG,33200,38,,,{'id': 19441}
1758617605,VERY_LONG,,1,24000000,,"{'id': 6416, 'context': 1, 'bonus_lists': [6654], 'modifiers': [{'type': 9, 'value': 30}, {'type': 28, 'value': 217}]}"
1758617617,VERY_LONG,,1,9480000,,"{'id': 8306, 'context': 1, 'bonus_lists': [6654], 'modifiers': [{'type': 9, 'value': 30}, {'type': 28, 'value': 205}]}"
1758617626,VERY_LONG,,1,27959000,,"{'id': 8309, 'context': 1, 'bonus_lists': [6654], 'modifiers': [{'type': 9, 'value': 30}, {'type': 28, 'value': 205}]}"
1758617638,VERY_LONG,,1,30006300,,"{'id': 4074, 'context': 1, 'bonus_lists': [6654], 'modifiers': [{'type': 9, 'value': 30}, {'type': 28, 'value': 217}]}"
1758617658,VERY_LONG,,1,12485200,,"{'id': 10113, 'context': 1, 'bonus_lists': [6654, 1706], 'modifiers': [{'type': 9, 'value': 30}, {'type': 28, 'value': 205}]}"
1758617668,VERY_LONG,,1,2975000,,"{'id': 8318, 'context': 1, 'bonus_lists': [6654], 'modifiers': [{'type': 9, 'value': 30}, {'type': 28, 'value': 205}]}"
1758617685,VERY_LONG,,1,9966600,,"{'id': 10111, 'context': 1, 'bonus_lists': [6654, 1705], 'modifiers': [{'type': 9, 'value': 30}, {'type': 28, 'value': 205}]}"
1758617715,VERY_LONG,,1,19917900,,"{'id': 15775, 'context': 1, 'modifiers': [{'type': 28, 'value': 205}]}"
1758617733,VERY_LONG,,1,4969600,,"{'id': 8286, 'context': 1, 'bonus_lists': [6654], 'modifiers': [{'type': 9, 'value': 30}, {'type': 28, 'value': 205}]}"
1758617747,VERY_LONG,,1,18427700,,"{'id': 10145, 'context': 1, 'bonus_lists': [6654, 1677], 'modifiers': [{'type': 9, 'value': 30}, {'type': 28, 'value': 205}]}"
1758617760,VERY_LONG,,1,49841000,,"{'id': 10178, 'context': 1, 'bonus_lists': [6654, 1707], 'modifiers': [{'type': 9, 'value': 30}, {'type': 28, 'value': 205}]}"
1758617766,VERY_LONG,,1,9532000,,"{'id': 8298, 'context': 1, 'bonus_lists': [6654], 'modifiers': [{'type': 9, 'value': 30}, {'type': 28, 'value': 205}]}"
1758617775,VERY_LONG,,1,13900800,,"{'id': 8292, 'context': 1, 'bonus_lists': [6654], 'modifiers': [{'type': 9, 'value': 30}, {'type': 28, 'value': 205}]}"
1758617785,VERY_LONG,,1,32007000,,"{'id': 7407, 'context': 1, 'bonus_lists': [6654, 1691], 'modifiers': [{'type': 9, 'value': 30}, {'type': 28, 'value': 217}]}"
1758617793,VERY_LONG,,1,9965500,,"{'id': 10104, 'context': 1, 'bonus_lists': [6654, 1709], 'modifiers': [{'type': 9, 'value': 30}, {'type': 28, 'value': 205}]}"
1758617801,VERY_LONG,,1,14003000,,"{'id': 6542, 'context': 0, 'bonus_lists': [6654, 1679], 'modifiers': [{'type': 9, 'value': 30}, {'type': 28, 'value': 9}]}"
1758617808,VERY_LONG,,1,14397600,,"{'id': 11991, 'context': 1, 'bonus_lists': [6654, 1677], 'modifiers': [{'type': 9, 'value': 30}, {'type': 28, 'value': 205}]}"
1758617815,VERY_LONG,,1,49894400,,"{'id': 6415, 'context': 1, 'bonus_lists': [6654], 'modifiers': [{'type': 9, 'value': 30}, {'type': 28, 'value': 217}]}"
1758617822,VERY_LONG,,1,14400000,,"{'id': 113959, 'context': 6, 'bonus_lists': [567], 'modifiers': [{'type': 28, 'value': 2021}]}"
1758617834,VERY_LONG,,1,22805500,,"{'id': 8296, 'context': 1, 'bonus_lists': [6654], 'modifiers': [{'type': 9, 'value': 30}, {'type': 28, 'value': 205}]}"
1758617865,VERY_LONG,,1,28008100,,"{'id': 9916, 'context': 0, 'bonus_lists': [6654, 1709], 'modifiers': [{'type': 9, 'value': 30}, {'type': 28, 'value': 24}]}"
1758617878,VERY_LONG,,1,10944900,,"{'id': 7522, 'context': 1, 'bonus_lists': [6654, 1678], 'modifiers': [{'type': 9, 'value': 30}, {'type': 28, 'value': 217}]}"
1758617896,VERY_LONG,3920000000,1,,,{'id': 19275}
1758617915,VERY_LONG,,1,58998700,,"{'id': 7465, 'context': 1, 'bonus_lists': [6655, 1680], 'modifiers': [{'type': 9, 'value': 30}, {'type': 28, 'value': 217}]}"
1758617926,VERY_LONG,,1,9966600,,"{'id': 10111, 'context': 1, 'bonus_lists': [6654, 1708], 'modifiers': [{'type': 9, 'value': 30}, {'type': 28, 'value': 205}]}"
1758617934,VERY_LONG,,1,13900800,,"{'id': 8292, 'context': 1, 'bonus_lists': [6654], 'modifiers': [{'type': 9, 'value': 30}, {'type': 28, 'value': 205}]}"
1758617950,VERY_LONG,,1,14005500,,"{'id': 15936, 'context': 1, 'bonus_lists': [6655, 1694], 'modifiers': [{'type': 9, 'value': 30}, {'type': 28, 'value': 205}]}"
1758617963,VERY_LONG,,1,19962300,,"{'id': 10371, 'context': 1, 'bonus_lists': [6654], 'modifiers': [{'type': 9, 'value': 30}, {'type': 28, 'value': 205}]}"
1758617973,VERY_LONG,,1,20610600,,"{'id': 10364, 'context': 1, 'bonus_lists': [6655, 1679], 'modifiers': [{'type': 9, 'value': 30}, {'type': 28, 'value': 205}]}"
1758617993,VERY_LONG,,1,11500200,,"{'id': 10302, 'context': 1, 'modifiers': [{'type': 28, 'value': 217}]}"
1758618010,VERY_LONG,,1,14566100,,"{'id': 15918, 'context': 1, 'bonus_lists': [6655, 1705], 'modifiers': [{'type': 9, 'value': 30}, {'type': 28, 'value': 217}]}"
1758618022,VERY_LONG,,1,25000000,,"{'id': 7468, 'context': 0, 'bonus_lists': [6654, 1694], 'modifiers': [{'type': 9, 'value': 30}, {'type': 28, 'value': 24}]}"
1758618099,VERY_LONG,,1,80005100,,"{'id': 2246, 'context': 1, 'bonus_lists': [6660], 'modifiers': [{'type': 9, 'value': 30}, {'type': 28, 'value': 205}]}"
1758618116,VERY_LONG,,1,19917900,,"{'id': 15775, 'context': 1, 'modifiers': [{'type': 28, 'value': 205}]}"
1758618133,VERY_LONG,,1,250004400,,"{'id': 94035, 'context': 0, 'bonus_lists': [1694], 'modifiers': [{'type': 28, 'value': 167}]}"
1758618150,VERY_LONG,,1,15116100,,"{'id': 15238, 'context': 1, 'bonus_lists': [6655, 1679], 'modifiers': [{'type': 9, 'value': 30}, {'type': 28, 'value': 205}]}"
1758618151,LONG,,1,88071500,,"{'id': 37800, 'context': 2, 'bonus_lists': [4196], 'modifiers': [{'type': 9, 'value': 30}, {'type': 28, 'value': 1099}]}"
1758618155,LONG,,1,410000000,,"{'id': 82800, 'context': 0, 'modifiers': [{'type': 6, 'value': 98454}], 'pet_breed_id': 7, 'pet_level': 1, 'pet_quality_id': 2, 'pet_species_id': 3017}"
1758618157,LONG,,1,410000000,,"{'id': 82800, 'context': 0, 'modifiers': [{'type': 6, 'value': 98454}], 'pet_breed_id': 7, 'pet_level': 1, 'pet_quality_id': 2, 'pet_species_id': 3017}"
1758618164,LONG,,1,81400000,,"{'id': 82800, 'context': 0, 'modifiers': [{'type': 6, 'value': 74800}], 'pet_breed_id': 10, 'pet_level': 1, 'pet_quality_id': 2, 'pet_species_id': 2716}"
1758618170,LONG,,1,81400000,,"{'id': 82800, 'context': 0, 'modifiers': [{'type': 6, 'value': 74800}], 'pet_breed_id': 10, 'pet_level': 1, 'pet_quality_id': 2, 'pet_species_id': 2716}"
1758618176,LONG,,1,244403700,,"{'id': 164518, 'context': 11}"
1758618181,LONG,,1,197807400,,"{'id': 24694, 'context': 30, 'bonus_lists': [1709, 3850], 'modifiers': [{'type': 9, 'value': 50}]}"
1758618189,VERY_LONG,,1,4960000,,"{'id': 10112, 'context': 1, 'bonus_lists': [6654, 1707], 'modifiers': [{'type': 9, 'value': 30}, {'type': 28, 'value': 205}]}"
1758618190,LONG,,1,161633900,,"{'id': 94218, 'context': 0, 'bonus_lists': [1700]}"
1758618197,LONG,,1,328164200,,"{'id': 164567, 'context': 11}"
1758618205,LONG,,1,387000000,,"{'id': 94585, 'context': 0}"
1758618210,LONG,,1,62346600,,"{'id': 55333, 'context': 5, 'bonus_lists': [1709]}"
1758618217,LONG,,1,19299700,,"{'id': 14262, 'context': 54, 'bonus_lists': [1708, 4277], 'modifiers': [{'type': 9, 'value': 50}]}"
1758618222,VERY_LONG,,1,5006400,,"{'id': 12045, 'context': 1, 'bonus_lists': [6654, 1692], 'modifiers': [{'type': 9, 'value': 30}, {'type': 28, 'value': 205}]}"
1758618236,LONG,,1,1465754800,,"{'id': 164543, 'context': 11}"
1758618237,VERY_LONG,,1,8794000,,"{'id': 7993, 'context': 1, 'modifiers': [{'type': 28, 'value': 217}]}"
1758618241,LONG,,1,4055573100,,"{'id': 164265, 'context': 0}"
1758618252,LONG,,1,234968300,,"{'id': 82800, 'context': 0, 'modifiers': [{'type': 6, 'value': 30298}], 'pet_breed_id': 18, 'pet_level': 1, 'pet_quality_id': 3, 'pet_species_id': 2527}"
1758618256,LONG,,1,75000000,,"{'id': 93540, 'context': 0}"
1758618261,LONG,,1,49695500,,"{'id': 15770, 'context': 1}"
1758618267,LONG,,1,53404500,,"{'id': 55414, 'context': 5, 'bonus_lists': [1713]}"
1758618270,VERY_LONG,,1,15001100,,"{'id': 10124, 'context': 1, 'bonus_lists': [6654, 1681], 'modifiers': [{'type': 9, 'value': 30}, {'type': 28, 'value': 205}]}"
1758618275,LONG,,1,439526700,,"{'id': 164516, 'context': 11}"
1758618282,LONG,,1,582366700,,"{'id': 10398, 'context': 11}"
1758618293,VERY_LONG,,1,99996600,,"{'id': 9426, 'context': 1, 'bonus_lists': [6710], 'modifiers': [{'type': 9, 'value': 30}, {'type': 28, 'value': 217}]}"
1758618295,LONG,,1,517955200,,"{'id': 55447, 'context': 5, 'bonus_lists': [1702]}"
1758618303,LONG,,1,164162900,,"{'id': 90573, 'context': 36, 'bonus_lists': [4756], 'modifiers': [{'type': 9, 'value': 50}]}"
1758618308,LONG,,1,64810300,,"{'id': 93539, 'context': 0}"
1758618312,VERY_LONG,,1,10003600,,"{'id': 7443, 'context': 1, 'bonus_lists': [6654, 1708], 'modifiers': [{'type': 9, 'value': 30}, {'type': 28, 'value': 217}]}"
1758618313,LONG,,1,205791000,,"{'id': 82800, 'context': 0, 'modifiers': [{'type': 6, 'value': 49259}], 'pet_breed_id': 21, 'pet_level': 1, 'pet_quality_id': 3, 'pet_species_id': 1448}"
1758618320,LONG,,1,205791000,,"{'id': 82800, 'context': 0, 'modifiers': [{'type': 6, 'value': 49259}], 'pet_breed_id': 21, 'pet_level': 1, 'pet_quality_id': 3, 'pet_species_id': 1448}"
1758618327,LONG,,1,98460000,,"{'id': 55396, 'context': 5, 'bonus_lists': [1712]}"
1758618331,LONG,,1,79372900,,"{'id': 93536, 'context': 0}"
1758618335,LONG,,1,246000000,,"{'id': 82800, 'context': 0, 'modifiers': [{'type': 6, 'value': 99855}], 'pet_breed_id': 16, 'pet_level': 1, 'pet_quality_id': 2, 'pet_species_id': 2931}"
1758618337,VERY_LONG,,1,5006400,,"{'id': 12045, 'context': 1, 'bonus_lists': [6654, 1705], 'modifiers': [{'type': 9, 'value': 30}, {'type': 28, 'value': 205}]}"
1758618341,LONG,,1,75000000,,"{'id': 93537, 'context': 0}"
1758618345,LONG,,1,316000000,,"{'id': 82800, 'context': 0, 'modifiers': [{'type': 6, 'value': 99879}], 'pet_breed_id': 5, 'pet_level': 1, 'pet_quality_id': 2, 'pet_species_id': 2923}"
1758618352,LONG,,1,4218588900,,"{'id': 152413, 'context': 6, 'bonus_lists': [3612, 1475, 3528], 'modifiers': [{'type': 28, 'value': 637}]}"
1758618355,LONG,,1,19990000,,"{'id': 82800, 'context': 0, 'modifiers': [{'type': 6, 'value': 99916}], 'pet_breed_id': 13, 'pet_level': 1, 'pet_quality_id': 2, 'pet_species_id': 2959}"
1758618358,VERY_LONG,,1,11823000,,"{'id': 14784, 'context': 1, 'bonus_lists': [6654], 'modifiers': [{'type': 9, 'value': 30}, {'type': 28, 'value': 218}]}"
1758618361,LONG,,1,194206100,,"{'id': 55412, 'context': 5, 'bonus_lists': [1713]}"
1758618370,LONG,,1,84765200,,"{'id': 24819, 'context': 36, 'bonus_lists': [1695, 3850], 'modifiers': [{'type': 9, 'value': 50}]}"
1758618377,LONG,,1,482776800,,"{'id': 82800, 'context': 0, 'modifiers': [{'type': 6, 'value': 92502}], 'pet_breed_id': 16, 'pet_level': 2, 'pet_quality_id': 3, 'pet_species_id': 2766}"
1758618379,LONG,,1,75000000,,"{'id': 93541, 'context': 0}"
1758618384,LONG,,1,275989900,,"{'id': 82800, 'context': 0, 'modifiers': [{'type': 6, 'value': 95929}], 'pet_breed_id': 17, 'pet_level': 1, 'pet_quality_id': 2, 'pet_species_id': 2912}"
1758618389,LONG,,1,241925800,,"{'id': 67120, 'context': 5}"
1758618393,LONG,,1,75000000,,"{'id': 93531, 'context': 0}"
1758618397,LONG,,1,17727300,,"{'id': 10143, 'context': 0, 'bonus_lists': [1680]}"
1758618400,LONG,,1,228666800,,"{'id': 164273, 'context': 11}"
1758618406,LONG,,1,1156000000,,"{'id': 82800, 'context': 0, 'modifiers': [{'type': 6, 'value': 98481}], 'pet_breed_id': 22, 'pet_level': 1, 'pet_quality_id': 2, 'pet_species_id': 3061}"
1758618409,LONG,,1,75000000,,"{'id': 93532, 'context': 0}"
1758618415,LONG,,1,80376100,,"{'id': 93542, 'context': 0}"
1758618417,LONG,,1,89999200,,"{'id': 164454, 'context': 11}"
1758618422,LONG,,1,89999200,,"{'id': 164454, 'context': 11}"
1758618425,LONG,,1,89999200,,"{'id': 164454, 'context': 11}"
1758618433,LONG,,1,80910800,,"{'id': 93538, 'context': 0}"
1758618436,LONG,,1,78317000,,"{'id': 93533, 'context': 0}"
1758618440,LONG,,1,6530842000,,"{'id': 94591, 'context': 0}"
1758618444,LONG,,1,4338218600,,"{'id': 94587, 'context': 0}"
1758618461,LONG,,1,89117600,,"{'id': 93535, 'context': 0}"
1758618466,LONG,,1,473513800,,"{'id': 82800, 'context': 0, 'modifiers': [{'type': 6, 'value': 90993}], 'pet_breed_id': 7, 'pet_level': 2, 'pet_quality_id': 3, 'pet_species_id': 2707}"
1758618472,LONG,,1,75000000,,"{'id': 93530, 'context': 0}"
1758618477,LONG,,1,516213100,,"{'id': 116459, 'context': 27, 'bonus_lists': [3874, 212], 'modifiers': [{'type': 9, 'value': 37}]}"
1758618483,LONG,,1,478008700,,"{'id': 67238, 'context': 0, 'bonus_lists': [6691, 6703], 'modifiers': [{'type': 9, 'value': 46}, {'type': 28, 'value': 1823}]}"
1758618486,LONG,,1,412187500,,"{'id': 166815, 'context': 0}"
1758618495,LONG,,1,78317000,,"{'id': 93456, 'context': 0}"
1758618501,LONG,,1,203976600,,"{'id': 15581, 'context': 0, 'bonus_lists': [6654, 1706], 'modifiers': [{'type': 9, 'value': 26}, {'type': 28, 'value': 1791}]}"
1758618504,LONG,,1,656859100,,"{'id': 123869, 'context': 0}"
1758618509,LONG,,1,135000000,,"{'id': 164284, 'context': 11}"
1758618514,LONG,,1,552999700,,"{'id': 82800, 'context': 0, 'modifiers': [{'type': 6, 'value': 77989}], 'pet_breed_id': 7, 'pet_level': 1, 'pet_quality_id': 3, 'pet_species_id': 2528}"
1758618519,LONG,,1,304990000,,"{'id': 82800, 'context': 0, 'modifiers': [{'type': 6, 'value': 81966}], 'pet_breed_id': 11, 'pet_level': 1, 'pet_quality_id': 2, 'pet_species_id': 2404}"
1758618523,LONG,,1,67549900,,"{'id': 93528, 'context': 0}"
1758618526,LONG,1509100,5,,,{'id': 38561}
1758618529,LONG,,1,75000000,,"{'id': 93527, 'context': 0}"
1758618539,LONG,,1,22415100,,"{'id': 67061, 'context': 5}"
1758618671,LONG,110000,200,,,{'id': 173110}
1758618711,VERY_LONG,,1,500000,,"{'id': 82800, 'context': 0, 'modifiers': [{'type': 6, 'value': 99850}], 'pet_breed_id': 14, 'pet_level': 1, 'pet_quality_id': 3, 'pet_species_id': 3044}"
1758618714,LONG,390600,200,,,{'id': 173108}
1758618719,LONG,60000,200,,,{'id': 173109}
1758618734,VERY_LONG,250000,26,,,{'id': 153712}
1758618750,VERY_LONG,7900,5,,,{'id': 138875}
1758618772,VERY_LONG,5400,9,,,{'id': 173871}
1758618838,VERY_LONG,5500,1,,,{'id': 175955}
1758618967,VERY_LONG,,1,4462700,,"{'id': 10267, 'context': 1, 'bonus_lists': [6654, 1707], 'modifiers': [{'type': 9, 'value': 30}, {'type': 28, 'value': 205}]}"
1758618979,VERY_LONG,,1,367537900,,"{'id': 159488, 'context': 0, 'bonus_lists': [6655, 1701], 'modifiers': [{'type': 9, 'value': 50}, {'type': 28, 'value': 1262}]}"
1758618991,VERY_LONG,,1,6500000,,"{'id': 7490, 'context': 1, 'bonus_lists': [6654, 1709], 'modifiers': [{'type': 9, 'value': 30}, {'type': 28, 'value': 217}]}"
1758620146,VERY_LONG,,1,110000000,,"{'id': 160130, 'context': 0, 'bonus_lists': [6654, 1686], 'modifiers': [{'type': 9, 'value': 50}, {'type': 28, 'value': 502}]}"
1758620163,VERY_LONG,,1,14406800,,"{'id': 10381, 'context': 1, 'bonus_lists': [6654, 1695], 'modifiers': [{'type': 9, 'value': 30}, {'type': 28, 'value': 205}]}"
1758620179,VERY_LONG,,1,10008600,,"{'id': 116641, 'context': 22, 'bonus_lists': [6655, 213, 550], 'modifiers': [{'type': 9, 'value': 40}, {'type': 28, 'value': 1139}]}"
1758620211,VERY_LONG,,1,42199100,,"{'id': 8294, 'context': 1, 'bonus_lists': [6654], 'modifiers': [{'type': 9, 'value': 30}, {'type': 28, 'value': 205}]}"
1758620276,VERY_LONG,,1,28251600,,"{'id': 7435, 'context': 1, 'bonus_lists': [6654, 1693], 'modifiers': [{'type': 9, 'value': 30}, {'type': 28, 'value': 217}]}"
1758620296,VERY_LONG,,1,7439100,,"{'id': 10169, 'context': 1, 'bonus_lists': [6654, 1677], 'modifiers': [{'type': 9, 'value': 30}, {'type': 28, 'value': 205}]}"
1758620309,VERY_LONG,,1,24999900,,"{'id': 11978, 'context': 1, 'bonus_lists': [6654, 1680], 'modifiers': [{'type': 9, 'value': 30}, {'type': 28, 'value': 205}]}"
1758620325,VERY_LONG,,1,18427700,,"{'id': 10145, 'context': 1, 'bonus_lists': [6654, 1692], 'modifiers': [{'type': 9, 'value': 30}, {'type': 28, 'value': 205}]}"
1758620336,VERY_LONG,,1,14930000,,"{'id': 15256, 'context': 1, 'bonus_lists': [6655, 1708], 'modifiers': [{'type': 9, 'value': 30}, {'type': 28, 'value': 205}]}"
1758620351,VERY_LONG,,1,7439100,,"{'id': 10169, 'context': 1, 'bonus_lists': [6654, 1677], 'modifiers': [{'type': 9, 'value': 30}, {'type': 28, 'value': 205}]}"
1758620379,VERY_LONG,,1,28831500,,"{'id': 8271, 'context': 1, 'bonus_lists': [6654], 'modifiers': [{'type': 9, 'value': 30}, {'type': 28, 'value': 203}]}"
1758620397,VERY_LONG,,1,32499100,,"{'id': 10204, 'context': 1, 'bonus_lists': [6655, 1679], 'modifiers': [{'type': 9, 'value': 30}, {'type': 28, 'value': 205}]}"
1758620412,VERY_LONG,,1,16188200,,"{'id': 4083, 'context': 1, 'bonus_lists': [6654], 'modifiers': [{'type': 9, 'value': 30}, {'type': 28, 'value': 217}]}"
1758620429,VERY_LONG,,1,25000000,,"{'id': 9886, 'context': 1, 'bonus_lists': [6654, 1693], 'modifiers': [{'type': 9, 'value': 30}, {'type': 28, 'value': 217}]}"
1758620444,VERY_LONG,,1,10519200,,"{'id': 36054, 'context': 2, 'bonus_lists': [6654, 1681], 'modifiers': [{'type': 9, 'value': 30}, {'type': 28, 'value': 1087}]}"
1758620454,VERY_LONG,,1,10004900,,"{'id': 36050, 'context': 2, 'bonus_lists': [6654, 1692], 'modifiers': [{'type': 9, 'value': 30}, {'type': 28, 'value': 1087}]}"
1758620466,VERY_LONG,,1,60009800,,"{'id': 9904, 'context': 1, 'bonus_lists': [6654, 1681], 'modifiers': [{'type': 9, 'value': 30}, {'type': 28, 'value': 217}]}"
1758620483,VERY_LONG,,1,35210400,,"{'id': 9872, 'context': 1, 'bonus_lists': [6654, 1695], 'modifiers': [{'type': 9, 'value': 30}, {'type': 28, 'value': 217}]}"
1758620499,VERY_LONG,,1,5962900,,"{'id': 14329, 'context': 1, 'bonus_lists': [6654, 1706], 'modifiers': [{'type': 9, 'value': 30}, {'type': 28, 'value': 218}]}"
1758620510,VERY_LONG,,1,10568500,,"{'id': 10156, 'context': 1, 'bonus_lists': [6654, 1678], 'modifiers': [{'type': 9, 'value': 30}, {'type': 28, 'value': 205}]}"
1758620520,VERY_LONG,,1,15006100,,"{'id': 36499, 'context': 2, 'bonus_lists': [6655, 1694], 'modifiers': [{'type': 9, 'value': 30}, {'type': 28, 'value': 1087}]}"
1758620528,VERY_LONG,,1,41973200,,"{'id': 6432, 'context': 1, 'bonus_lists': [6654], 'modifiers': [{'type': 9, 'value': 30}, {'type': 28, 'value': 217}]}"
1758620536,VERY_LONG,,1,25825800,,"{'id': 7482, 'context': 1, 'bonus_lists': [6654, 1705], 'modifiers': [{'type': 9, 'value': 30}, {'type': 28, 'value': 217}]}"
1758620550,VERY_LONG,,1,141252100,,"{'id': 7556, 'context': 1, 'bonus_lists': [6655, 1681], 'modifiers': [{'type': 9, 'value': 30}, {'type': 28, 'value': 217}]}"
1758620590,VERY_LONG,,1,45006800,,"{'id': 36457, 'context': 2, 'bonus_lists': [6655, 1692], 'modifiers': [{'type': 9, 'value': 30}, {'type': 28, 'value': 1087}]}"
1758620599,VERY_LONG,,1,36000200,,"{'id': 9929, 'context': 1, 'bonus_lists': [6654, 1681], 'modifiers': [{'type': 9, 'value': 30}, {'type': 28, 'value': 217}]}"
1758620675,VERY_LONG,,1,2339000,,"{'id': 159473, 'context': 0, 'bonus_lists': [6655, 1695], 'modifiers': [{'type': 9, 'value': 50}, {'type': 28, 'value': 704}]}"
1758620777,VERY_LONG,,1,1508300,,"{'id': 159806, 'context': 0, 'bonus_lists': [6655, 1702], 'modifiers': [{'type': 9, 'value': 50}, {'type': 28, 'value': 1243}]}"
1758620798,VERY_LONG,,1,109963000,,"{'id': 6421, 'context': 1, 'bonus_lists': [6654], 'modifiers': [{'type': 9, 'value': 30}, {'type': 28, 'value': 217}]}"
1758620823,VERY_LONG,,1,17500000,,"{'id': 4729, 'context': 1, 'bonus_lists': [6654], 'modifiers': [{'type': 9, 'value': 30}, {'type': 28, 'value': 217}]}"
1758620831,VERY_LONG,330000,12,,,{'id': 171829}
1758620859,VERY_LONG,,1,41973200,,"{'id': 6432, 'context': 1, 'bonus_lists': [6654], 'modifiers': [{'type': 9, 'value': 30}, {'type': 28, 'value': 217}]}"
1758620875,VERY_LONG,,1,50000000,,"{'id': 9406, 'context': 1, 'bonus_lists': [6710], 'modifiers': [{'type': 9, 'value': 30}, {'type': 28, 'value': 217}]}"
1758620892,VERY_LONG,,1,41973200,,"{'id': 6432, 'context': 1, 'bonus_lists': [6654], 'modifiers': [{'type': 9, 'value': 30}, {'type': 28, 'value': 217}]}"
1758620902,VERY_LONG,10940000,5,,,{'id': 173049}
1758620916,VERY_LONG,,1,34002000,,"{'id': 9876, 'context': 1, 'bonus_lists': [6654, 1708], 'modifiers': [{'type': 9, 'value': 30}, {'type': 28, 'value': 217}]}"
1758620937,VERY_LONG,,1,36000200,,"{'id': 9929, 'context': 1, 'bonus_lists': [6654, 1693], 'modifiers': [{'type': 9, 'value': 30}, {'type': 28, 'value': 217}]}"
1758620955,VERY_LONG,,1,19991200,,"{'id': 11164, 'context': 1, 'modifiers': [{'type': 28, 'value': 217}]}"
1758620965,VERY_LONG,1990000,4,,,{'id': 175788}
1758620971,VERY_LONG,,1,58998700,,"{'id': 7465, 'context': 1, 'bonus_lists': [6655, 1694], 'modifiers': [{'type': 9, 'value': 30}, {'type': 28, 'value': 217}]}"
1758620990,VERY_LONG,,1,58998700,,"{'id': 7465, 'context': 1, 'bonus_lists': [6655, 1709], 'modifiers': [{'type': 9, 'value': 30}, {'type': 28, 'value': 217}]}"
1758620999,VERY_LONG,60000,4,,,{'id': 173109}
1758621011,VERY_LONG,,1,10006800,,"{'id': 4070, 'context': 1, 'bonus_lists': [6655], 'modifiers': [{'type': 9, 'value': 30}, {'type': 28, 'value': 217}]}"
1758621023,VERY_LONG,,1,25000000,,"{'id': 9864, 'context': 1, 'bonus_lists': [6654, 1691], 'modifiers': [{'type': 9, 'value': 30}, {'type': 28, 'value': 217}]}"
1758621049,VERY_LONG,29005100,1,,,{'id': 173094}
1758621057,VERY_LONG,,1,37454000,,"{'id': 9971, 'context': 1, 'bonus_lists': [6654, 1693], 'modifiers': [{'type': 9, 'value': 30}, {'type': 28, 'value': 217}]}"
1758621075,VERY_LONG,,1,25002600,,"{'id': 9902, 'context': 1, 'bonus_lists': [6654, 1681], 'modifiers': [{'type': 9, 'value': 30}, {'type': 28, 'value': 217}]}"
1758621091,LONG,3500000,1,,,{'id': 172347}
1758621094,VERY_LONG,,1,29997400,,"{'id': 9381, 'context': 1, 'bonus_lists': [6710], 'modifiers': [{'type': 9, 'value': 30}, {'type': 28, 'value': 217}]}"
1758621111,VERY_LONG,130000,11,,,{'id': 171271}
1758621115,VERY_LONG,,1,38967100,,"{'id': 6411, 'context': 1, 'bonus_lists': [6654], 'modifiers': [{'type': 9, 'value': 30}, {'type': 28, 'value': 217}]}"
1758621131,VERY_LONG,,1,25000000,,"{'id': 7430, 'context': 1, 'bonus_lists': [6654, 1680], 'modifiers': [{'type': 9, 'value': 30}, {'type': 28, 'value': 217}]}"
1758621144,VERY_LONG,,1,25111500,,"{'id': 7439, 'context': 1, 'bonus_lists': [6654, 1679], 'modifiers': [{'type': 9, 'value': 30}, {'type': 28, 'value': 217}]}"
1758621156,VERY_LONG,,1,21613800,,"{'id': 10175, 'context': 1, 'bonus_lists': [6654, 1680], 'modifiers': [{'type': 9, 'value': 30}, {'type': 28, 'value': 205}]}"
1758621159,VERY_LONG,21008200,3,,,{'id': 177842}
1758621165,VERY_LONG,,1,10006800,,"{'id': 4070, 'context': 1, 'bonus_lists': [6655], 'modifiers': [{'type': 9, 'value': 30}, {'type': 28, 'value': 217}]}"
1758621172,VERY_LONG,,1,50364000,,"{'id': 9884, 'context': 1, 'bonus_lists': [6654, 1695], 'modifiers': [{'type': 9, 'value': 30}, {'type': 28, 'value': 217}]}"
1758621191,VERY_LONG,9990000,1,,,{'id': 173085}
1758621209,VERY_LONG,79005100,1,,,{'id': 173077}
1758621228,VERY_LONG,,1,40000700,,"{'id': 159491, 'context': 0, 'bonus_lists': [6655, 4802, 1697], 'modifiers': [{'type': 9, 'value': 50}, {'type': 28, 'value': 1262}]}"
1758621232,VERY_LONG,2500000,2,,,{'id': 173100}
1758621266,VERY_LONG,,1,9993400,,"{'id': 159530, 'context': 0, 'bonus_lists': [6655, 1708], 'modifiers': [{'type': 9, 'value': 50}, {'type': 28, 'value': 1262}]}"
1758621270,VERY_LONG,23000300,1,,,{'id': 177840}
1758621315,VERY_LONG,21005100,1,,,{'id': 173092}
1758621346,VERY_LONG,21000000,1,,,{'id': 173070}
1758621395,VERY_LONG,14900000,1,,,{'id': 173102}
1758621499,VERY_LONG,79005100,2,,,{'id': 173088}
1758621641,VERY_LONG,5000000,30,,,{'id': 171841}
1758623124,LONG,300000,4,,,{'id': 172096}
1758623473,VERY_LONG,,1,112540000,,"{'id': 171417, 'context': 65, 'bonus_lists': [6718, 1522]}"
1758623605,VERY_LONG,,1,25000000,,"{'id': 50444, 'context': 0, 'modifiers': [{'type': 28, 'value': 1023}]}"
1758625234,VERY_LONG,5000000,38,,,{'id': 173037}
1758625292,LONG,,1,129990800,,"{'id': 92426, 'context': 0, 'modifiers': [{'type': 28, 'value': 167}]}"
1758627187,LONG,10000,2,,,{'id': 108339}
1758627271,LONG,310500,2,,,{'id': 858}
1758627364,LONG,198000,3,,,{'id': 89112}
1758627386,LONG,30000,1,,,{'id': 74834}
1758627453,LONG,8000,15,,,{'id': 72988}
1758627688,LONG,3920000000,97,,,{'id': 15417}
1758629286,LONG,,1,250000000,,"{'id': 172316, 'context': 65, 'bonus_lists': [6718, 1522]}"
1758629842,VERY_LONG,,1,1007600,,"{'id': 47626, 'context': 0, 'modifiers': [{'type': 28, 'value': 1988}]}"
1758631242,LONG,,1,11155800,,"{'id': 179332, 'context': 4, 'bonus_lists': [6908, 6652, 1695], 'modifiers': [{'type': 9, 'value': 60}, {'type': 28, 'value': 750}]}"
1758631253,VERY_LONG,,1,234319900,,"{'id': 172318, 'context': 64, 'bonus_lists': [6717, 1507]}"
1758631391,VERY_LONG,,1,260000000,,"{'id': 173087, 'context': 13}"
1758631933,VERY_LONG,,1,900056500,,"{'id': 87251, 'context': 0}"
1758632083,VERY_LONG,103800,2,,,{'id': 177062}
1758632188,LONG,,1,79490000,,"{'id': 82800, 'context': 0, 'modifiers': [{'type': 6, 'value': 87945}], 'pet_breed_id': 6, 'pet_level': 1, 'pet_quality_id': 3, 'pet_species_id': 2440}"
1758632222,LONG,,1,55490000,,"{'id': 82800, 'context': 0, 'modifiers': [{'type': 6, 'value': 87870}], 'pet_breed_id': 5, 'pet_level': 1, 'pet_quality_id': 3, 'pet_species_id': 2433}"
1758632238,VERY_LONG,27005100,5,,,{'id': 173089}
1758634609,VERY_LONG,103900,3,,,{'id': 172357}
1758634641,VERY_LONG,40000,13,,,{'id': 172359}
1758634681,VERY_LONG,3581200,3,,,{'id': 172412}
1758634748,VERY_LONG,250000,5,,,{'id': 177660}
1758634883,VERY_LONG,,1,520007100,,"{'id': 172317, 'context': 66, 'bonus_lists': [6758, 7193, 1532]}"
1758634889,VERY_LONG,,1,410000000,,"{'id': 172327, 'context': 66, 'bonus_lists': [6758, 1532]}"
1758635847,VERY_LONG,,1,490000000,,"{'id': 44413, 'context': 0, 'modifiers': [{'type': 28, 'value': 872}]}"
1758635851,LONG,,1,530000,,"{'id': 82800, 'context': 0, 'modifiers': [{'type': 6, 'value': 81098}], 'pet_breed_id': 6, 'pet_level': 1, 'pet_quality_id': 3, 'pet_species_id': 2472}"
1758635867,LONG,,1,233849700,,"{'id': 82800, 'context': 0, 'modifiers': [{'type': 6, 'value': 91631}], 'pet_breed_id': 6, 'pet_level': 1, 'pet_quality_id': 3, 'pet_species_id': 2753}"
1758635886,LONG,,1,85490000,,"{'id': 82800, 'context': 0, 'modifiers': [{'type': 6, 'value': 91021}], 'pet_breed_id': 4, 'pet_level': 1, 'pet_quality_id': 3, 'pet_species_id': 2691}"
1758635895,LONG,,1,68509700,,"{'id': 82800, 'context': 0, 'modifiers': [{'type': 6, 'value': 1418}], 'pet_breed_id': 13, 'pet_level': 1, 'pet_quality_id': 2, 'pet_species_id': 2065}"
1758635908,LONG,,1,188009300,,"{'id': 82800, 'context': 0, 'modifiers': [{'type': 6, 'value': 90991}], 'pet_breed_id': 6, 'pet_level': 1, 'pet_quality_id': 3, 'pet_species_id': 2706}"
1758635923,LONG,,1,5500000,,"{'id': 82800, 'context': 0, 'modifiers': [{'type': 6, 'value': 95171}], 'pet_breed_id': 4, 'pet_level': 1, 'pet_quality_id': 3, 'pet_species_id': 2842}"
1758635979,LONG,,1,70000000,,"{'id': 164500, 'context': 11}"
1758635984,LONG,80100,4,,,{'id': 3173}
1758635985,LONG,,1,70000000,,"{'id': 164500, 'context': 11}"
1758636018,LONG,103500,1,,,{'id': 2447}
1758636028,LONG,,1,15000000,,"{'id': 14744, 'context': 30, 'bonus_lists': [3833], 'modifiers': [{'type': 9, 'value': 13}]}"
1758636041,LONG,65000,2,,,{'id': 765}
1758636052,LONG,,1,93077000,,"{'id': 9286, 'context': 54, 'bonus_lists': [1692, 4277], 'modifiers': [{'type': 9, 'value': 50}]}"
1758636061,LONG,45000,2,,,{'id': 2449}
1758636073,LONG,,1,50001100,,"{'id': 164419, 'context': 11}"
1758637117,LONG,,1,212999500,,"{'id': 164531, 'context': 0}"
1758637138,LONG,,1,25335400,,"{'id': 6388, 'context': 28, 'bonus_lists': [3831], 'modifiers': [{'type': 9, 'value': 11}]}"
1758637179,LONG,,1,99996600,,"{'id': 14806, 'context': 54, 'bonus_lists': [4277], 'modifiers': [{'type': 9, 'value': 50}]}"
1758637207,LONG,,1,100001800,,"{'id': 3075, 'context': 54, 'bonus_lists': [4247], 'modifiers': [{'type': 9, 'value': 50}]}"
1758637232,LONG,,1,20004600,,"{'id': 15158, 'context': 54, 'bonus_lists': [1709, 4278], 'modifiers': [{'type': 9, 'value': 50}]}"
1758637386,VERY_LONG,951900,1,,,{'id': 38679}
1758637448,LONG,7000,46,,,{'id': 2589}
1758637495,LONG,9800,3,,,{'id': 152576}
1758637509,VERY_LONG,10000,1,,,{'id': 172360}
1758637538,VERY_LONG,40000,4,,,{'id': 172359}
1758638363,LONG,,1,35000000,,"{'id': 173248, 'context': 65, 'bonus_lists': [6718, 7193, 1522]}"
1758641038,VERY_LONG,,1,200000,,"{'id': 82800, 'context': 0, 'modifiers': [{'type': 6, 'value': 65070}], 'pet_breed_id': 6, 'pet_level': 2, 'pet_quality_id': 3, 'pet_species_id': 1706}"
1758641092,VERY_LONG,,1,67750000,,"{'id': 173245, 'context': 65, 'bonus_lists': [6718, 7194, 1522]}"
1758641095,VERY_LONG,,1,67750000,,"{'id': 173245, 'context': 65, 'bonus_lists': [6718, 7194, 1522]}"
1758642119,VERY_LONG,,1,2000000000,,"{'id': 182716, 'context': 0, 'modifiers': [{'type': 28, 'value': 2060}]}"
1758642128,VERY_LONG,10986000,3,,,{'id': 173160}
1758642169,VERY_LONG,7190000,6,,,{'id': 172097}
1758642480,VERY_LONG,152000,6,,,{'id': 152496}
1758642505,VERY_LONG,1204700,52,,,{'id': 118414}
1758642522,VERY_LONG,507000,2,,,{'id': 109152}
1758642556,VERY_LONG,505000,2,,,{'id': 32576}
1758642578,VERY_LONG,50100,20,,,{'id': 34599}
1758642606,VERY_LONG,100000,4,,,{'id': 34747}
1758642620,VERY_LONG,57200,20,,,{'id': 34861}
1758642658,VERY_LONG,11000,367,,,{'id': 124117}
1758642672,VERY_LONG,15900,7,,,{'id': 53069}
1758642691,VERY_LONG,2300,36,,,{'id': 43501}
1758642709,VERY_LONG,400,23,,,{'id': 62779}
1758642729,VERY_LONG,20000,13,,,{'id': 31670}
1758642750,VERY_LONG,30000,220,,,{'id': 43007}
1758642764,VERY_LONG,110000,3,,,{'id': 62780}
1758642781,VERY_LONG,5500,206,,,{'id': 74841}
1758642802,VERY_LONG,2443800,1,,,{'id': 85506}
1758642816,VERY_LONG,9300,36,,,{'id': 102542}
1758642835,VERY_LONG,200000,17,,,{'id': 102543}
1758642848,VERY_LONG,185700,45,,,{'id': 118225}
1758642862,VERY_LONG,100,217,,,{'id': 124121}
1758642879,VERY_LONG,13600,85,,,{'id': 24401}
1758642897,VERY_LONG,20800,15,,,{'id': 24291}
1758642912,VERY_LONG,405000,28,,,{'id': 20404}
1758642925,VERY_LONG,50100,7,,,{'id': 11040}
1758642935,VERY_LONG,500000,150,,,{'id': 11018}
1758642946,VERY_LONG,109100,4,,,{'id': 25463}
1758642956,VERY_LONG,10000,20,,,{'id': 25719}
1758642976,VERY_LONG,8283900,1,,,{'id': 32620}
1758642992,VERY_LONG,256500,10,,,{'id': 38303}
1758643017,VERY_LONG,,1,354200,,"{'id': 21305, 'context': 11}"
1758643021,VERY_LONG,,1,354200,,"{'id': 21305, 'context': 11}"
1758643025,VERY_LONG,,1,354200,,"{'id': 21305, 'context': 11, 'modifiers': [{'type': 28, 'value': 420}]}"
1758643029,VERY_LONG,,1,354200,,"{'id': 21305, 'context': 0}"
1758643032,VERY_LONG,,1,354200,,"{'id': 21305, 'context': 11}"
1758643037,VERY_LONG,,1,354200,,"{'id': 21305, 'context': 11}"
1758643042,VERY_LONG,,1,354200,,"{'id': 21305, 'context': 11}"
1758643061,VERY_LONG,,1,377100,,"{'id': 21301, 'context': 11}"
1758643064,VERY_LONG,,1,377100,,"{'id': 21301, 'context': 11}"
1758643067,VERY_LONG,,1,377100,,"{'id': 21301, 'context': 11}"
1758643074,VERY_LONG,,1,377100,,"{'id': 21301, 'context': 11}"
1758643085,VERY_LONG,,1,377100,,"{'id': 21301, 'context': 11}"
1758643090,VERY_LONG,,1,377100,,"{'id': 21301, 'context': 11}"
1758643096,VERY_LONG,,1,377100,,"{'id': 21301, 'context': 0}"
1758643116,VERY_LONG,1400,196,,,{'id': 21213}
1758643137,VERY_LONG,,1,1004800,,"{'id': 144457, 'context': 0}"
1758643164,VERY_LONG,,1,3470000,,"{'id': 130154, 'context': 0}"
1758643169,VERY_LONG,,1,3470000,,"{'id': 130154, 'context': 0}"
1758643196,VERY_LONG,,1,36104300,,"{'id': 118427, 'context': 31}"
1758643202,VERY_LONG,,1,36104300,,"{'id': 118427, 'context': 1}"
1758643209,VERY_LONG,,1,36104300,,"{'id': 118427, 'context': 1}"
1758643240,VERY_LONG,,1,160275500,,"{'id': 116689, 'context': 11}"
1758643243,VERY_LONG,,1,160275500,,"{'id': 116689, 'context': 11}"
1758643246,VERY_LONG,,1,160275500,,"{'id': 116689, 'context': 11}"
1758643269,VERY_LONG,,1,403500,,"{'id': 21309, 'context': 0}"
1758643273,VERY_LONG,,1,403500,,"{'id': 21309, 'context': 11, 'modifiers': [{'type': 28, 'value': 420}]}"
1758643277,VERY_LONG,,1,403500,,"{'id': 21309, 'context': 11}"
1758643281,VERY_LONG,,1,403500,,"{'id': 21309, 'context': 11}"
1758643285,VERY_LONG,,1,403500,,"{'id': 21309, 'context': 11}"
1758643290,VERY_LONG,,1,403500,,"{'id': 21309, 'context': 11}"
1758643297,VERY_LONG,,1,403500,,"{'id': 21309, 'context': 11, 'modifiers': [{'type': 28, 'value': 420}]}"
1758643302,VERY_LONG,,1,403500,,"{'id': 21309, 'context': 11}"
1758643306,VERY_LONG,,1,403500,,"{'id': 21309, 'context': 11, 'modifiers': [{'type': 28, 'value': 420}]}"
1758643311,VERY_LONG,,1,403500,,"{'id': 21309, 'context': 0}"
1758643319,VERY_LONG,,1,403500,,"{'id': 21309, 'context': 11}"
1758643328,VERY_LONG,,1,403500,,"{'id': 21309, 'context': 11, 'modifiers': [{'type': 28, 'value': 420}]}"
1758643354,VERY_LONG,,1,90100,,"{'id': 21308, 'context': 11, 'modifiers': [{'type': 28, 'value': 420}]}"
1758643360,VERY_LONG,,1,90100,,"{'id': 21308, 'context': 11, 'modifiers': [{'type': 28, 'value': 420}]}"
1758643366,VERY_LONG,,1,90100,,"{'id': 21308, 'context': 11}"
1758643373,VERY_LONG,,1,90100,,"{'id': 21308, 'context': 11, 'modifiers': [{'type': 28, 'value': 420}]}"
1758643381,VERY_LONG,,1,90100,,"{'id': 21308, 'context': 11}"
1758643386,VERY_LONG,,1,90100,,"{'id': 21308, 'context': 11}"
1758643395,VERY_LONG,,1,90100,,"{'id': 21308, 'context': 11, 'modifiers': [{'type': 28, 'value': 420}]}"
1758643400,VERY_LONG,,1,90100,,"{'id': 21308, 'context': 11}"
1758643404,VERY_LONG,,1,90100,,"{'id': 21308, 'context': 11}"
1758643410,VERY_LONG,,1,90100,,"{'id': 21308, 'context': 11}"
1758643413,VERY_LONG,,1,90100,,"{'id': 21308, 'context': 11}"
1758643419,VERY_LONG,,1,90100,,"{'id': 21308, 'context': 11}"
1758643421,VERY_LONG,,1,90100,,"{'id': 21308, 'context': 11}"
1758643441,LONG,,1,39280000,,"{'id': 82800, 'context': 0, 'modifiers': [{'type': 6, 'value': 87871}], 'pet_breed_id': 3, 'pet_level': 1, 'pet_quality_id': 3, 'pet_species_id': 2434}"
1758643449,VERY_LONG,,1,250000000,,"{'id': 45984, 'context': 0}"
1758643464,LONG,,1,19000000,,"{'id': 82800, 'context': 0, 'modifiers': [{'type': 6, 'value': 87890}], 'pet_breed_id': 3, 'pet_level': 1, 'pet_quality_id': 3, 'pet_species_id': 2435}"
1758643474,VERY_LONG,,1,937600,,"{'id': 94573, 'context': 0}"
1758643481,VERY_LONG,,1,937600,,"{'id': 94573, 'context': 0}"
1758643489,VERY_LONG,,1,937600,,"{'id': 94573, 'context': 0}"
1758643497,LONG,,1,89490000,,"{'id': 82800, 'context': 0, 'modifiers': [{'type': 6, 'value': 80466}], 'pet_breed_id': 14, 'pet_level': 1, 'pet_quality_id': 3, 'pet_species_id': 2708}"
1758643546,VERY_LONG,,1,2703500,,"{'id': 25040, 'context': 0, 'bonus_lists': [6654, 1691], 'modifiers': [{'type': 9, 'value': 30}, {'type': 28, 'value': 1012}]}"
1758643555,LONG,2077500,110,,,{'id': 113261}
1758643587,LONG,11600,7,,,{'id': 168303}
1758643597,VERY_LONG,,1,994500,,"{'id': 24691, 'context': 0, 'bonus_lists': [6654, 1693], 'modifiers': [{'type': 9, 'value': 30}, {'type': 28, 'value': 1012}]}"
1758643615,LONG,400000,3,,,{'id': 168487}
1758643624,VERY_LONG,,1,520000,,"{'id': 30306, 'context': 0, 'modifiers': [{'type': 28, 'value': 1012}]}"
1758643668,VERY_LONG,,1,1008700,,"{'id': 24692, 'context': 0, 'bonus_lists': [6654, 1694], 'modifiers': [{'type': 9, 'value': 30}, {'type': 28, 'value': 1012}]}"
1758643690,VERY_LONG,,1,2231800,,"{'id': 24801, 'context': 0, 'bonus_lists': [6654, 1681], 'modifiers': [{'type': 9, 'value': 30}, {'type': 28, 'value': 1012}]}"
1758643713,VERY_LONG,,1,981900,,"{'id': 24689, 'context': 0, 'bonus_lists': [6654, 1678], 'modifiers': [{'type': 9, 'value': 30}, {'type': 28, 'value': 1012}]}"
1758644039,VERY_LONG,4060300,4,,,{'id': 5996}
1758644063,VERY_LONG,1200,10,,,{'id': 44601}
1758644099,VERY_LONG,,1,160275500,,"{'id': 116689, 'context': 11}"
1758645125,VERY_LONG,,1,3470000,,"{'id': 130154, 'context': 0}"
1758645134,VERY_LONG,,1,3470000,,"{'id': 130154, 'context': 0}"
1758645141,VERY_LONG,,1,3470000,,"{'id': 130154, 'context': 0}"
1758645168,VERY_LONG,,1,1004800,,"{'id': 144457, 'context': 0}"
1758645196,VERY_LONG,1400,15,,,{'id': 21213}
1758645218,VERY_LONG,5000,11,,,{'id': 27681}
1758645241,VERY_LONG,4993100,8,,,{'id': 20520}
1758645268,VERY_LONG,16000,40,,,{'id': 174353}
1758645280,VERY_LONG,2000,23,,,{'id': 17056}
1758645292,VERY_LONG,200,266,,,{'id': 142335}
1758645312,VERY_LONG,50100,2,,,{'id': 138967}
1758645330,VERY_LONG,30000,1,,,{'id': 128499}
1758645355,VERY_LONG,1700,11,,,{'id': 11291}
1758645375,VERY_LONG,9000,2,,,{'id': 109184}
1758645395,VERY_LONG,14200,2,,,{'id': 104314}
1758645404,VERY_LONG,,1,9900,,"{'id': 6663, 'context': 0, 'modifiers': [{'type': 28, 'value': 16}]}"
1758645406,VERY_LONG,,1,9900,,"{'id': 6663, 'context': 0, 'modifiers': [{'type': 28, 'value': 16}]}"
1758645407,VERY_LONG,,1,9900,,"{'id': 6663, 'context': 0, 'modifiers': [{'type': 28, 'value': 16}]}"
1758645408,VERY_LONG,,1,9900,,"{'id': 6663, 'context': 0, 'modifiers': [{'type': 28, 'value': 16}]}"
1758645415,VERY_LONG,100100,481,,,{'id': 109137}
1758645423,VERY_LONG,190100,2,,,{'id': 172904}
1758645429,VERY_LONG,10100,30,,,{'id': 109138}
1758645448,VERY_LONG,49700,4,,,{'id': 111672}
1758645452,VERY_LONG,176700,42,,,{'id': 37703}
1758645462,VERY_LONG,50200,3,,,{'id': 111671}
1758645478,VERY_LONG,17500,4,,,{'id': 171436}
1758645493,VERY_LONG,20200,3,,,{'id': 111668}
1758645509,VERY_LONG,17000,3,,,{'id': 111666}
1758645523,VERY_LONG,10100,2,,,{'id': 13422}
1758645525,VERY_LONG,56100,2,,,{'id': 111665}
1758645537,VERY_LONG,20200,4,,,{'id': 111664}
1758645564,VERY_LONG,10000,4,,,{'id': 111601}
1758645576,VERY_LONG,50000,1,,,{'id': 111662}
1758645586,VERY_LONG,100100,45,,,{'id': 109143}
1758645602,VERY_LONG,100100,35,,,{'id': 109142}
1758645620,VERY_LONG,1500,20,,,{'id': 109141}
1758645643,VERY_LONG,1200,41,,,{'id': 109144}
1758645682,VERY_LONG,20200,1,,,{'id': 111650}
1758645720,VERY_LONG,80000,2,,,{'id': 111652}
1758645739,VERY_LONG,20000,4,,,{'id': 111658}
1758645802,VERY_LONG,639400,6,,,{'id': 173204}
1758645812,VERY_LONG,150000,4,,,{'id': 111659}
1758645874,VERY_LONG,2200,172,,,{'id': 43013}
1758645898,VERY_LONG,50500,2,,,{'id': 62783}
1758645917,VERY_LONG,250400,50,,,{'id': 62791}
1758645939,VERY_LONG,883100,18,,,{'id': 107640}
1758645950,VERY_LONG,99000,4,,,{'id': 109222}
1758645961,VERY_LONG,507800,4,,,{'id': 116268}
1758645980,VERY_LONG,15000,8,,,{'id': 113585}
1758645990,VERY_LONG,364600,2,,,{'id': 111522}
1758646003,VERY_LONG,,1,10400,,"{'id': 110294, 'context': 1}"
1758646021,VERY_LONG,1200000,1,,,{'id': 116271}
1758646037,VERY_LONG,6800,19,,,{'id': 120150}
1758646049,VERY_LONG,4683100,1,,,{'id': 118415}
1758646058,VERY_LONG,8400,3,,,{'id': 118006}
1758646063,VERY_LONG,3805800,4,,,{'id': 116276}
1758646070,VERY_LONG,20000,2,,,{'id': 127835}
1758646076,VERY_LONG,1700,180,,,{'id': 128768}
1758646081,VERY_LONG,3790000,27,,,{'id': 154166}
1758646093,VERY_LONG,10795500,10,,,{'id': 18294}
1758646103,VERY_LONG,19700,80,,,{'id': 34068}
1758646114,VERY_LONG,99900,8,,,{'id': 3823}
1758646126,VERY_LONG,109000,15,,,{'id': 44599}
1758646131,VERY_LONG,5548300,4,,,{'id': 44481}
1758646140,VERY_LONG,256900,92,,,{'id': 43004}
1758646156,VERY_LONG,57600,3,,,{'id': 40097}
1758646168,VERY_LONG,52100,9,,,{'id': 6372}
1758646179,VERY_LONG,50600,14,,,{'id': 80591}
1758646196,VERY_LONG,190000,67,,,{'id': 8827}
1758646211,VERY_LONG,162300,3,,,{'id': 172230}
1758646216,VERY_LONG,50400,9,,,{'id': 9030}
1758646225,VERY_LONG,2200000,3,,,{'id': 184090}
1758646239,VERY_LONG,250100,1,,,{'id': 29460}
1758646254,VERY_LONG,90000,20,,,{'id': 171263}
1758646351,VERY_LONG,90000,10,,,{'id': 171263}
1758646391,VERY_LONG,3008600,16,,,{'id': 171266}
1758646841,LONG,17500000,1,,,{'id': 173161}
1758652191,VERY_LONG,7000000,13,,,{'id': 171349}
1758652283,VERY_LONG,639400,6,,,{'id': 173204}
1758652302,VERY_LONG,1999900,1,,,{'id': 168193}
1758652343,VERY_LONG,1551700,2,,,{'id': 171263}
1758654476,VERY_LONG,872300,20,,,{'id': 176811}
1758654702,VERY_LONG,509900,100,,,{'id': 168217}
1758654850,VERY_LONG,200000000,1,,,{'id': 109147}
1758655022,VERY_LONG,494700,9,,,{'id': 171268}
1758655071,VERY_LONG,2490000,1,,,{'id': 177715}
1758656101,VERY_LONG,96800,1,,,{'id': 172407}
1758656193,VERY_LONG,3920000000,1,,,{'id': 152559}
1758656237,VERY_LONG,95000,27,,,{'id': 171828}
1758656263,VERY_LONG,190500,6,,,{'id': 171832}
1758656304,VERY_LONG,5000000,2,,,{'id': 171841}
1758656587,VERY_LONG,2197000,1,,,{'id': 172437}
1758656676,VERY_LONG,46400,10,,,{'id': 177061}
1758656732,LONG,1700000,2,,,{'id': 76076}
1758656870,VERY_LONG,250400,4,,,{'id': 62791}
1758657084,VERY_LONG,699400,6,,,{'id': 172231}
1758657137,LONG,,1,230392200,,"{'id': 178927, 'context': 66, 'bonus_lists': [6758, 7193, 1532]}"
1758657140,VERY_LONG,162300,12,,,{'id': 172230}
1758657260,VERY_LONG,,1,110000000,,"{'id': 172314, 'context': 63, 'bonus_lists': [6716, 1487]}"
1758657334,VERY_LONG,47200,6,,,{'id': 180168}
1758657367,VERY_LONG,13400,12,,,{'id': 173043}
1758657405,VERY_LONG,49400,1,,,{'id': 173039}
1758657529,VERY_LONG,4999400,6,,,{'id': 173037}
1758657608,LONG,,1,8585200,,"{'id': 172264, 'context': 13, 'bonus_lists': [6893], 'modifiers': [{'type': 9, 'value': 50}, {'type': 28, 'value': 391}, {'type': 29, 'value': 49}, {'type': 30, 'value': 32}]}"
1758657661,LONG,,1,46281400,,"{'id': 173054, 'context': 13, 'modifiers': [{'type': 29, 'value': 36}, {'type': 30, 'value': 40}]}"
1758657671,LONG,,1,4250000,,"{'id': 173138, 'context': 13, 'bonus_lists': [3344]}"
1758657673,LONG,,1,54087200,,"{'id': 172251, 'context': 13, 'bonus_lists': [6893, 7224], 'modifiers': [{'type': 9, 'value': 56}, {'type': 28, 'value': 391}, {'type': 29, 'value': 40}, {'type': 30, 'value': 36}]}"
1758657679,LONG,,1,80748800,,"{'id': 172250, 'context': 13, 'bonus_lists': [6893, 7224], 'modifiers': [{'type': 9, 'value': 56}, {'type': 28, 'value': 391}, {'type': 29, 'value': 49}, {'type': 30, 'value': 40}]}"
1758657686,LONG,203600,100,,,{'id': 172047}
1758657753,LONG,28400,13,,,{'id': 152875}
1758657800,LONG,330000,6,,,{'id': 171829}
1758657815,VERY_LONG,3500000,14,,,{'id': 127847}
1758657955,LONG,639400,10,,,{'id': 173204}
1758657971,VERY_LONG,189900,1,,,{'id': 171832}
1758657992,VERY_LONG,212300,1,,,{'id': 171831}
1758658007,LONG,95000,57,,,{'id': 171828}
1758658015,VERY_LONG,169400,9,,,{'id': 171830}
1758658035,VERY_LONG,329400,9,,,{'id': 171829}
1758658095,LONG,212300,26,,,{'id': 171831}
1758658097,VERY_LONG,65000,13,,,{'id': 765}
1758659120,VERY_LONG,103500,14,,,{'id': 2447}
1758659127,LONG,1030000,4,,,{'id': 171833}
1758659137,VERY_LONG,7000,31,,,{'id': 2589}
1758659152,VERY_LONG,45000,4,,,{'id': 2449}
1758659171,VERY_LONG,390600,1,,,{'id': 173108}
1758659212,VERY_LONG,639400,9,,,{'id': 173204}
1758659224,VERY_LONG,21800,62,,,{'id': 124437}
1758659243,VERY_LONG,110000,2,,,{'id': 173110}
1758659277,VERY_LONG,60000,2,,,{'id': 173109}
1758659366,VERY_LONG,166700,1427,,,{'id': 123918}
1758659419,VERY_LONG,100,933,,,{'id': 124121}
1758659422,LONG,169400,12,,,{'id': 171830}
1758659445,VERY_LONG,10000,9,,,{'id': 75014}
1758659457,LONG,500,11,,,{'id': 171840}
1758659466,VERY_LONG,202700,822,,,{'id': 124103}
1758659478,LONG,60000,1,,,{'id': 173109}
1758659536,LONG,,1,5857200,,"{'id': 173220, 'context': 0, 'bonus_lists': [6893, 7224], 'modifiers': [{'type': 9, 'value': 60}, {'type': 28, 'value': 391}, {'type': 29, 'value': 40}, {'type': 30, 'value': 36}]}"
1758659550,LONG,,1,4250000,,"{'id': 173138, 'context': 13, 'bonus_lists': [3345]}"
1758659551,VERY_LONG,15000,289,,,{'id': 109124}
1758659576,LONG,699400,48,,,{'id': 172231}
1758659602,VERY_LONG,1200000,2,,,{'id': 36908}
1758659624,LONG,162300,66,,,{'id': 172230}
1758659636,VERY_LONG,770000,17,,,{'id': 52325}
1758659666,VERY_LONG,67000,17,,,{'id': 36906}
1758659718,VERY_LONG,103500,3,,,{'id': 2447}
1758659756,LONG,,1,37990000,,"{'id': 172327, 'context': 63, 'bonus_lists': [6716, 1487]}"
1758659820,VERY_LONG,29700,86,,,{'id': 74839}
1758659860,VERY_LONG,7000,67,,,{'id': 2589}
1758659884,VERY_LONG,37800,175,,,{'id': 33470}
1758659914,VERY_LONG,100,156,,,{'id': 124438}
1758659947,VERY_LONG,65000,9,,,{'id': 765}
1758659987,VERY_LONG,540000,95,,,{'id': 74861}
1758662738,VERY_LONG,19899900,25,,,{'id': 172043}
1758662770,VERY_LONG,145000000,2,,,{'id': 180445}
1758664156,VERY_LONG,,1,99990000,,"{'id': 173243, 'context': 66, 'bonus_lists': [6758, 1532]}"
1758664277,VERY_LONG,,1,999990000,,"{'id': 172324, 'context': 66, 'bonus_lists': [6758, 1532]}"
1758664326,VERY_LONG,480000,12,,,{'id': 171287}
1758664427,VERY_LONG,150200,16,,,{'id': 172230}
1758664431,VERY_LONG,,1,90000000,,"{'id': 173248, 'context': 66, 'bonus_lists': [6758, 7193, 1532]}"
1758664448,VERY_LONG,647000,6,,,{'id': 172231}
1758664482,VERY_LONG,,1,110000000,,"{'id': 173248, 'context': 66, 'bonus_lists': [6758, 7194, 1532]}"
1758664590,VERY_LONG,,1,212405000,,"{'id': 171414, 'context': 66, 'bonus_lists': [6758, 1532]}"
1758664597,VERY_LONG,,1,212405000,,"{'id': 171414, 'context': 66, 'bonus_lists': [6758, 1532]}"
1758664628,VERY_LONG,,1,39870000,,"{'id': 173245, 'context': 64, 'bonus_lists': [6717, 7194, 1507]}"
1758664670,LONG,5000000,9,,,{'id': 171841}
1758664688,LONG,1030000,16,,,{'id': 171833}
1758664723,VERY_LONG,,1,999990000,,"{'id': 172328, 'context': 66, 'bonus_lists': [6758, 7194, 1532]}"
1758664795,VERY_LONG,,1,204759700,,"{'id': 171418, 'context': 66, 'bonus_lists': [6758, 7193, 1532]}"
1758664820,VERY_LONG,,1,4945300,,"{'id': 82800, 'context': 0, 'modifiers': [{'type': 6, 'value': 95584}], 'pet_breed_id': 9, 'pet_level': 1, 'pet_quality_id': 2, 'pet_species_id': 2942}"
1758664846,VERY_LONG,,1,970300,,"{'id': 82800, 'context': 0, 'modifiers': [{'type': 6, 'value': 99883}], 'pet_breed_id': 8, 'pet_level': 1, 'pet_quality_id': 2, 'pet_species_id': 2922}"
1758664870,VERY_LONG,,1,250003200,,"{'id': 171415, 'context': 66, 'bonus_lists': [6758, 7194, 1532]}"
1758664903,VERY_LONG,639400,3,,,{'id': 173204}
1758664935,VERY_LONG,655000,21,,,{'id': 171288}
1758664973,VERY_LONG,7470000,379,,,{'id': 172097}
1758665001,VERY_LONG,,1,999990000,,"{'id': 172324, 'context': 66, 'bonus_lists': [6758, 1532]}"
1758665047,VERY_LONG,,1,37990000,,"{'id': 172327, 'context': 63, 'bonus_lists': [6716, 1487]}"
1758665051,VERY_LONG,,1,37990000,,"{'id': 172327, 'context': 63, 'bonus_lists': [6716, 1487]}"
1758665080,VERY_LONG,,1,120462200,,"{'id': 171415, 'context': 65, 'bonus_lists': [6718, 7193, 1522]}"
1758665151,VERY_LONG,,1,225470000,,"{'id': 178926, 'context': 65, 'bonus_lists': [6718, 7194, 1522]}"
1758665257,VERY_LONG,,1,137610000,,"{'id': 178927, 'context': 63, 'bonus_lists': [6716, 7194, 1487]}"
1758665280,VERY_LONG,,1,222452700,128586500,"{'id': 15304, 'context': 29, 'bonus_lists': [1694, 3832], 'modifiers': [{'type': 9, 'value': 13}]}"
1758665283,VERY_LONG,,1,38616000,19308000,"{'id': 90725, 'context': 0, 'bonus_lists': [6694], 'modifiers': [{'type': 9, 'value': 35}, {'type': 28, 'value': 167}]}"
1758665297,VERY_LONG,,1,124743900,62372000,"{'id': 7423, 'context': 0, 'bonus_lists': [6654, 1692], 'modifiers': [{'type': 9, 'value': 30}, {'type': 28, 'value': 25}]}"
1758665300,VERY_LONG,,1,64911200,37801900,"{'id': 94071, 'context': 36, 'bonus_lists': [1677]}"
1758665305,VERY_LONG,,1,64911200,37801900,"{'id': 94071, 'context': 0, 'bonus_lists': [1688]}"
1758665308,VERY_LONG,,1,25000000,12500000,"{'id': 24823, 'context': 2, 'bonus_lists': [6654, 1678], 'modifiers': [{'type': 9, 'value': 30}, {'type': 28, 'value': 1065}]}"
1758665312,VERY_LONG,,1,160000000,80000000,"{'id': 118783, 'context': 29, 'bonus_lists': [3937], 'modifiers': [{'type': 9, 'value': 45}]}"
1758665315,VERY_LONG,,1,500000000,250000000,"{'id': 24300, 'context': 2}"
1758665324,VERY_LONG,,1,49999900,25000000,"{'id': 25246, 'context': 36, 'bonus_lists': [1709, 3871], 'modifiers': [{'type': 9, 'value': 50}]}"
1758665329,VERY_LONG,,1,49989700,24994900,"{'id': 15642, 'context': 54, 'bonus_lists': [1678, 4277], 'modifiers': [{'type': 9, 'value': 47}]}"
1758665334,VERY_LONG,,1,27500000,13750000,"{'id': 52382, 'context': 0}"
1758665338,VERY_LONG,,1,160842400,80421200,"{'id': 90573, 'context': 0, 'bonus_lists': [6660], 'modifiers': [{'type': 9, 'value': 35}, {'type': 28, 'value': 168}]}"
1758665343,VERY_LONG,,1,11000000,5500000,"{'id': 106692, 'context': 3, 'bonus_lists': [6654, 64], 'modifiers': [{'type': 9, 'value': 40}, {'type': 28, 'value': 1040}]}"
1758665346,VERY_LONG,,1,40000000,20000000,"{'id': 14560, 'context': 28, 'bonus_lists': [3831], 'modifiers': [{'type': 9, 'value': 11}]}"
1758665353,VERY_LONG,,1,102825900,51413000,"{'id': 14230, 'context': 0, 'bonus_lists': [6654, 1709], 'modifiers': [{'type': 9, 'value': 30}, {'type': 28, 'value': 28}]}"
1758665358,VERY_LONG,,1,40000000,20000000,"{'id': 52377, 'context': 2, 'modifiers': [{'type': 28, 'value': 1114}]}"
1758665364,VERY_LONG,,1,30000000,15000000,"{'id': 14122, 'context': 1, 'bonus_lists': [6654, 1693], 'modifiers': [{'type': 9, 'value': 30}, {'type': 28, 'value': 193}]}"
1758665367,VERY_LONG,,1,60749800,30374900,"{'id': 14753, 'context': 0, 'bonus_lists': [6654], 'modifiers': [{'type': 9, 'value': 30}, {'type': 28, 'value': 22}]}"
1758665372,VERY_LONG,,1,23000000,11500000,"{'id': 15985, 'context': 54, 'bonus_lists': [1681, 4282], 'modifiers': [{'type': 9, 'value': 50}]}"
1758665381,VERY_LONG,,1,140000000,70000000,"{'id': 69957, 'context': 5}"
1758665385,VERY_LONG,,1,60009700,30004900,"{'id': 116573, 'context': 0, 'bonus_lists': [210, 550]}"
1758665393,VERY_LONG,,1,60009700,30004900,"{'id': 116573, 'context': 0, 'bonus_lists': [115, 517]}"
1758665396,VERY_LONG,,1,55000000,27500000,"{'id': 106456, 'context': 0, 'bonus_lists': [6654, 215], 'modifiers': [{'type': 9, 'value': 31}, {'type': 28, 'value': 1765}]}"
1758665403,VERY_LONG,,1,90000000,45000000,"{'id': 14373, 'context': 0, 'bonus_lists': [6654], 'modifiers': [{'type': 9, 'value': 30}, {'type': 28, 'value': 14}]}"
1758665406,VERY_LONG,,1,238068100,119034100,"{'id': 164434, 'context': 0}"
1758665411,VERY_LONG,,1,120000000,60000000,"{'id': 36452, 'context': 0, 'bonus_lists': [1694]}"
1758665419,VERY_LONG,,1,17000000,8500000,"{'id': 55632, 'context': 2, 'bonus_lists': [6654, 1678], 'modifiers': [{'type': 9, 'value': 35}, {'type': 28, 'value': 1111}]}"
1758665425,VERY_LONG,10100,13,,,{'id': 27668}
1758665428,VERY_LONG,,1,60000000,30000000,"{'id': 24587, 'context': 27, 'bonus_lists': [1707, 3839], 'modifiers': [{'type': 9, 'value': 25}]}"
1758665433,VERY_LONG,,1,261599100,130799600,"{'id': 31153, 'context': 0}"
1758665446,VERY_LONG,,1,23000000,11500000,"{'id': 82085, 'context': 36, 'bonus_lists': [1680, 4764], 'modifiers': [{'type': 9, 'value': 50}]}"
1758665455,VERY_LONG,,1,2831300,2068200,"{'id': 82800, 'context': 0, 'modifiers': [{'type': 6, 'value': 99114}], 'pet_breed_id': 8, 'pet_level': 1, 'pet_quality_id': 3, 'pet_species_id': 3046}"
1758665460,VERY_LONG,,1,454975600,227487800,"{'id': 124150, 'context': 5, 'bonus_lists': [1798, 1472]}"
1758665465,VERY_LONG,25000,3297,,,{'id': 167738}
1758665470,VERY_LONG,,1,6500000,3250000,"{'id': 36248, 'context': 1, 'bonus_lists': [6654, 1706], 'modifiers': [{'type': 9, 'value': 30}, {'type': 28, 'value': 247}]}"
1758665473,VERY_LONG,,1,15007400,7503700,"{'id': 136972, 'context': 14, 'modifiers': [{'type': 28, 'value': 488}]}"
1758665480,VERY_LONG,,1,24989600,12494800,"{'id': 13074, 'context': 42, 'bonus_lists': [3905], 'modifiers': [{'type': 9, 'value': 21}]}"
1758665485,VERY_LONG,,1,325000000,162500000,"{'id': 15514, 'context': 30, 'bonus_lists': [1681, 3833], 'modifiers': [{'type': 9, 'value': 14}]}"
1758665490,VERY_LONG,,1,599991300,,"{'id': 172326, 'context': 66, 'bonus_lists': [6758, 1532]}"
1758665492,VERY_LONG,,1,18000000,9000000,"{'id': 24824, 'context': 1, 'bonus_lists': [6654, 1679], 'modifiers': [{'type': 9, 'value': 21}, {'type': 28, 'value': 1888}]}"
1758665496,VERY_LONG,,1,31279400,15639700,"{'id': 15580, 'context': 54, 'bonus_lists': [1692, 4279], 'modifiers': [{'type': 9, 'value': 50}]}"
1758665502,VERY_LONG,,1,275000000,137500000,"{'id': 55290, 'context': 27, 'bonus_lists': [1686, 4312], 'modifiers': [{'type': 9, 'value': 31}]}"
1758665507,VERY_LONG,,1,24999900,12500000,"{'id': 4714, 'context': 1, 'bonus_lists': [6654], 'modifiers': [{'type': 9, 'value': 30}, {'type': 28, 'value': 204}]}"
1758665510,VERY_LONG,,1,210000000,105000000,"{'id': 118785, 'context': 0, 'bonus_lists': [6659], 'modifiers': [{'type': 9, 'value': 40}, {'type': 28, 'value': 64}]}"
1758665514,VERY_LONG,1000000,4,,,{'id': 36928}
1758665521,VERY_LONG,,1,220000000,110000000,"{'id': 164364, 'context': 14, 'modifiers': [{'type': 28, 'value': 186}]}"
1758665525,VERY_LONG,,1,1200000000,600000000,"{'id': 14380, 'context': 36, 'bonus_lists': [3834], 'modifiers': [{'type': 9, 'value': 17}]}"
1758665532,VERY_LONG,,1,170000000,85000000,"{'id': 3288, 'context': 0, 'bonus_lists': [6654], 'modifiers': [{'type': 9, 'value': 21}, {'type': 28, 'value': 5}]}"
1758665538,VERY_LONG,,1,190000000,95000000,"{'id': 31162, 'context': 0, 'bonus_lists': [6691, 1707], 'modifiers': [{'type': 9, 'value': 30}, {'type': 28, 'value': 41}]}"
1758665541,VERY_LONG,,1,190000000,95000000,"{'id': 14182, 'context': 0, 'bonus_lists': [6654, 1709], 'modifiers': [{'type': 9, 'value': 30}, {'type': 28, 'value': 14}]}"
1758665545,VERY_LONG,,1,80000000,40000000,"{'id': 4349, 'context': 0}"
1758665547,VERY_LONG,,1,350000000,175000000,"{'id': 175007, 'context': 4, 'bonus_lists': [4825, 6578, 6579, 6564, 6515, 1472, 4786], 'modifiers': [{'type': 28, 'value': 784}]}"
1758665551,VERY_LONG,,1,13603400,6801700,"{'id': 10082, 'context': 0, 'bonus_lists': [6654, 1677], 'modifiers': [{'type': 9, 'value': 30}, {'type': 28, 'value': 33}]}"
1758665556,VERY_LONG,,1,3250000,1625000,"{'id': 24950, 'context': 2, 'bonus_lists': [6654, 1677], 'modifiers': [{'type': 9, 'value': 30}, {'type': 28, 'value': 1066}]}"
1758665561,VERY_LONG,,1,45000000,22500000,"{'id': 67144, 'context': 0, 'bonus_lists': [6660], 'modifiers': [{'type': 9, 'value': 35}, {'type': 28, 'value': 55}]}"
1758665564,VERY_LONG,,1,1500000000,750000000,"{'id': 31331, 'context': 22, 'bonus_lists': [6661], 'modifiers': [{'type': 9, 'value': 30}, {'type': 28, 'value': 1075}]}"
1758665567,VERY_LONG,,1,170000000,85000000,"{'id': 2291, 'context': 1, 'bonus_lists': [6661], 'modifiers': [{'type': 9, 'value': 30}, {'type': 28, 'value': 282}]}"
1758665571,VERY_LONG,,1,99999900,50000000,"{'id': 3612, 'context': 0}"
1758665575,VERY_LONG,,1,35000000,17500000,"{'id': 37587, 'context': 2, 'bonus_lists': [4196], 'modifiers': [{'type': 9, 'value': 30}, {'type': 28, 'value': 1090}]}"
1758665580,VERY_LONG,,1,1089900,816200,"{'id': 14513, 'context': 1}"
1758665583,VERY_LONG,,1,79989700,39994900,"{'id': 94214, 'context': 36, 'bonus_lists': [1679]}"
1758665586,VERY_LONG,,1,75000000,37500000,"{'id': 87450, 'context': 29, 'bonus_lists': [4295], 'modifiers': [{'type': 9, 'value': 33}]}"
1758665590,VERY_LONG,,1,110000000,55000000,"{'id': 41780, 'context': 0}"
1758665593,VERY_LONG,,1,200000000,100000000,"{'id': 36236, 'context': 30, 'bonus_lists': [1691, 3850], 'modifiers': [{'type': 9, 'value': 28}]}"
1758665599,VERY_LONG,,1,75000000,37500000,"{'id': 106536, 'context': 0, 'bonus_lists': [6654, 22], 'modifiers': [{'type': 9, 'value': 40}, {'type': 28, 'value': 65}]}"
1758665602,VERY_LONG,,1,550000000,275000000,"{'id': 9509, 'context': 1, 'bonus_lists': [6710], 'modifiers': [{'type': 9, 'value': 30}, {'type': 28, 'value': 204}]}"
1758665605,VERY_LONG,,1,190000000,95000000,"{'id': 76154, 'context': 0, 'bonus_lists': [4536]}"
1758665609,VERY_LONG,,1,342426900,171213500,"{'id': 164315, 'context': 14, 'modifiers': [{'type': 28, 'value': 186}]}"
1758665611,VERY_LONG,,1,119999800,59999900,"{'id': 14398, 'context': 0, 'bonus_lists': [6654], 'modifiers': [{'type': 9, 'value': 30}, {'type': 28, 'value': 16}]}"
1758665614,VERY_LONG,,1,275000000,137500000,"{'id': 20555, 'context': 0}"
1758665619,VERY_LONG,,1,170000000,85000000,"{'id': 14184, 'context': 0, 'bonus_lists': [6654, 1707], 'modifiers': [{'type': 9, 'value': 30}, {'type': 28, 'value': 14}]}"
1758665625,VERY_LONG,,1,16856400,12853400,"{'id': 106429, 'context': 1, 'bonus_lists': [6654, 24], 'modifiers': [{'type': 9, 'value': 40}, {'type': 28, 'value': 270}]}"
1758665631,VERY_LONG,,1,599999900,300000000,"{'id': 163950, 'context': 54, 'bonus_lists': [1472, 4786]}"
1758665633,VERY_LONG,,1,120000000,60000000,"{'id': 116486, 'context': 0, 'bonus_lists': [6655, 151], 'modifiers': [{'type': 9, 'value': 27}, {'type': 28, 'value': 1764}]}"
1758665637,VERY_LONG,,1,26005200,13002600,"{'id': 86847, 'context': 0}"
1758665643,VERY_LONG,,1,28831400,14415700,"{'id': 8271, 'context': 54, 'bonus_lists': [4277], 'modifiers': [{'type': 9, 'value': 45}]}"
1758665647,VERY_LONG,50100,10,,,{'id': 138967}
1758665654,VERY_LONG,,1,30099600,15049800,"{'id': 87443, 'context': 3}"
1758665666,VERY_LONG,,1,63232900,31616500,"{'id': 24973, 'context': 36, 'bonus_lists': [1692, 3850], 'modifiers': [{'type': 9, 'value': 50}]}"
1758665674,VERY_LONG,,1,95000000,47500000,"{'id': 106413, 'context': 0, 'bonus_lists': [6654, 128], 'modifiers': [{'type': 9, 'value': 15}, {'type': 28, 'value': 302}]}"
1758665677,VERY_LONG,,1,31203800,15601900,"{'id': 59468, 'context': 0, 'modifiers': [{'type': 28, 'value': 1026}]}"
1758665686,VERY_LONG,,1,234296900,117148500,"{'id': 25161, 'context': 0, 'bonus_lists': [6655, 1695], 'modifiers': [{'type': 9, 'value': 30}, {'type': 28, 'value': 40}]}"
1758665691,VERY_LONG,,1,700000000,350000000,"{'id': 22553, 'context': 2, 'modifiers': [{'type': 28, 'value': 1076}]}"
1758665697,VERY_LONG,,1,283173200,141586600,"{'id': 3871, 'context': 1}"
1758665707,VERY_LONG,4250000,15,,,{'id': 27437}
1758665715,VERY_LONG,,1,65000000,32500000,"{'id': 87459, 'context': 0}"
1758665720,VERY_LONG,,1,24000000,12000000,"{'id': 24941, 'context': 27, 'bonus_lists': [1709, 3839], 'modifiers': [{'type': 9, 'value': 26}]}"
1758665726,VERY_LONG,,1,210000000,105000000,"{'id': 14371, 'context': 54, 'bonus_lists': [4277], 'modifiers': [{'type': 9, 'value': 44}]}"
1758665733,VERY_LONG,,1,32500000,16250000,"{'id': 71025, 'context': 3, 'bonus_lists': [1712]}"
1758665742,VERY_LONG,325000000,1,,,{'id': 35128}
1758665745,VERY_LONG,,1,32499800,16249900,"{'id': 36127, 'context': 0, 'bonus_lists': [6654, 1680], 'modifiers': [{'type': 9, 'value': 30}, {'type': 28, 'value': 48}]}"
1758665755,VERY_LONG,,1,700000000,350000000,"{'id': 66895, 'context': 30, 'bonus_lists': [4762], 'modifiers': [{'type': 9, 'value': 35}]}"
1758665759,VERY_LONG,,1,950000000,475000000,"{'id': 164495, 'context': 31}"
1758665763,VERY_LONG,,1,275000000,137500000,"{'id': 31343, 'context': 29, 'bonus_lists': [3954], 'modifiers': [{'type': 9, 'value': 29}]}"
1758665769,VERY_LONG,,1,70000000,35000000,"{'id': 13114, 'context': 0, 'bonus_lists': [6658], 'modifiers': [{'type': 9, 'value': 30}, {'type': 28, 'value': 15}]}"
1758665776,VERY_LONG,,1,100000000,50000000,"{'id': 69801, 'context': 2, 'bonus_lists': [4236], 'modifiers': [{'type': 9, 'value': 50}]}"
1758665780,VERY_LONG,,1,37500000,18750000,"{'id': 36140, 'context': 0, 'bonus_lists': [6654, 1707], 'modifiers': [{'type': 9, 'value': 30}, {'type': 28, 'value': 51}]}"
1758665786,VERY_LONG,,1,85000000,42500000,"{'id': 47636, 'context': 0}"
1758665792,VERY_LONG,,1,24999900,12500000,"{'id': 72004, 'context': 0}"
1758665798,VERY_LONG,,1,550000000,275000000,"{'id': 141695, 'context': 5, 'bonus_lists': [1805, 1472, 3528]}"
1758665802,VERY_LONG,,1,9699900,4850000,"{'id': 22220, 'context': 0}"
1758665808,VERY_LONG,,1,999999800,499999900,"{'id': 164299, 'context': 11}"
1758665812,VERY_LONG,,1,65000000,32500000,"{'id': 69973, 'context': 5}"
1758665818,VERY_LONG,,1,53355700,32688600,"{'id': 15365, 'context': 42, 'bonus_lists': [1691]}"
1758665823,VERY_LONG,,1,22000000,11000000,"{'id': 37116, 'context': 2, 'bonus_lists': [4196], 'modifiers': [{'type': 9, 'value': 30}, {'type': 28, 'value': 1095}]}"
1758665829,VERY_LONG,,1,180000000,90000000,"{'id': 165520, 'context': 4, 'bonus_lists': [4801, 1472, 4786], 'modifiers': [{'type': 28, 'value': 689}]}"
1758665835,VERY_LONG,,1,55000000,27500000,"{'id': 55722, 'context': 0, 'bonus_lists': [6654, 1688], 'modifiers': [{'type': 9, 'value': 35}, {'type': 28, 'value': 52}]}"
1758665840,VERY_LONG,,1,15999900,8000000,"{'id': 106546, 'context': 0, 'bonus_lists': [6654, 122], 'modifiers': [{'type': 9, 'value': 40}, {'type': 28, 'value': 302}]}"
1758665847,VERY_LONG,,1,26809100,13404600,"{'id': 82800, 'context': 0, 'modifiers': [{'type': 6, 'value': 64425}], 'pet_breed_id': 8, 'pet_level': 1, 'pet_quality_id': 3, 'pet_species_id': 1690}"
1758665850,VERY_LONG,2300000,19,,,{'id': 27669}
1758665854,VERY_LONG,,1,20342200,17959700,"{'id': 14233, 'context': 1, 'bonus_lists': [6654, 1681], 'modifiers': [{'type': 9, 'value': 30}, {'type': 28, 'value': 203}]}"
1758665862,VERY_LONG,,1,70000000,35000000,"{'id': 15344, 'context': 36, 'bonus_lists': [1677, 3834], 'modifiers': [{'type': 9, 'value': 16}]}"
1758665866,VERY_LONG,,1,49999400,24999700,"{'id': 10601, 'context': 1}"
1758665872,VERY_LONG,,1,60000000,30000000,"{'id': 78886, 'context': 0, 'modifiers': [{'type': 28, 'value': 1030}]}"
1758665873,LONG,639400,7,,,{'id': 173204}
1758665877,VERY_LONG,,1,60000000,30000000,"{'id': 78886, 'context': 0, 'modifiers': [{'type': 28, 'value': 1030}]}"
1758665884,VERY_LONG,,1,94505400,47252700,"{'id': 164465, 'context': 31, 'modifiers': [{'type': 28, 'value': 464}]}"
1758665888,VERY_LONG,,1,170000000,85000000,"{'id': 12977, 'context': 54, 'bonus_lists': [4269], 'modifiers': [{'type': 9, 'value': 45}]}"
1758665894,VERY_LONG,,1,47500000,23750000,"{'id': 82078, 'context': 36, 'bonus_lists': [1707, 4764], 'modifiers': [{'type': 9, 'value': 47}]}"
1758665977,LONG,1400,76,,,{'id': 21877}
1758666066,VERY_LONG,,1,999990000,,"{'id': 172314, 'context': 66, 'bonus_lists': [6758, 1532]}"
1758666196,LONG,50000,2,,,{'id': 22790}
1758666532,VERY_LONG,,1,1999900,,"{'id': 109253, 'context': 0}"
1758666534,VERY_LONG,,1,1999900,,"{'id': 109253, 'context': 0}"
1758666538,VERY_LONG,,1,1999900,,"{'id': 109253, 'context': 0}"
1758668136,LONG,13742200,5,,,{'id': 171276}
1758668295,LONG,169400,4,,,{'id': 171830}
1758668449,LONG,3842800,383,,,{'id': 171270}
1758668862,VERY_LONG,,1,120000000,60000000,"{'id': 164538, 'context': 31}"
1758668866,VERY_LONG,,1,145666300,72833200,"{'id': 35189, 'context': 0}"
1758668875,VERY_LONG,,1,25000000,12500000,"{'id': 116720, 'context': 6, 'bonus_lists': [6654, 20, 517], 'modifiers': [{'type': 9, 'value': 40}, {'type': 28, 'value': 2019}]}"
1758668882,VERY_LONG,92619800,3,,,{'id': 24271}
1758668888,VERY_LONG,,1,179838700,89919400,"{'id': 69797, 'context': 2, 'bonus_lists': [4236], 'modifiers': [{'type': 9, 'value': 50}]}"
1758668894,VERY_LONG,,1,70000000,35000000,"{'id': 14374, 'context': 0, 'bonus_lists': [6654], 'modifiers': [{'type': 9, 'value': 30}, {'type': 28, 'value': 12}]}"
1758668898,VERY_LONG,,1,70000000,35000000,"{'id': 47642, 'context': 0}"
1758668907,VERY_LONG,,1,35000000,17500000,"{'id': 36106, 'context': 22, 'bonus_lists': [6654, 1678], 'modifiers': [{'type': 9, 'value': 30}, {'type': 28, 'value': 1101}]}"
1758668911,VERY_LONG,,1,450000000,225000000,"{'id': 119340, 'context': 6, 'bonus_lists': [567], 'modifiers': [{'type': 28, 'value': 2021}]}"
1758668919,VERY_LONG,,1,649999900,325000000,"{'id': 82470, 'context': 14, 'modifiers': [{'type': 28, 'value': 196}]}"
1758668927,VERY_LONG,,1,120000000,60000000,"{'id': 44309, 'context': 0, 'bonus_lists': [6660], 'modifiers': [{'type': 9, 'value': 30}, {'type': 28, 'value': 1023}]}"
1758668933,VERY_LONG,,1,75000000,37500000,"{'id': 106623, 'context': 29, 'bonus_lists': [3854, 56], 'modifiers': [{'type': 9, 'value': 45}]}"
1758668941,VERY_LONG,,1,49517000,24758500,"{'id': 14585, 'context': 1, 'bonus_lists': [6654], 'modifiers': [{'type': 9, 'value': 30}, {'type': 28, 'value': 208}]}"
1758668946,VERY_LONG,,1,240000000,120000000,"{'id': 151576, 'context': 13, 'bonus_lists': [3598, 600, 1703, 3408, 3609]}"
1758668957,VERY_LONG,,1,240000000,120000000,"{'id': 151576, 'context': 13, 'bonus_lists': [3598, 601, 1698, 3408, 3609]}"
1758668961,VERY_LONG,,1,42498600,21249300,"{'id': 4712, 'context': 1, 'bonus_lists': [6654], 'modifiers': [{'type': 9, 'value': 30}, {'type': 28, 'value': 204}]}"
1758668967,VERY_LONG,,1,33334600,16667300,"{'id': 82800, 'context': 0, 'modifiers': [{'type': 6, 'value': 68860}], 'pet_breed_id': 20, 'pet_level': 1, 'pet_quality_id': 3, 'pet_species_id': 1928}"
1758668974,VERY_LONG,,1,44646600,22323300,"{'id': 82093, 'context': 0, 'bonus_lists': [6654, 1692], 'modifiers': [{'type': 9, 'value': 35}, {'type': 28, 'value': 60}]}"
1758668977,VERY_LONG,,1,130000000,65000000,"{'id': 55356, 'context': 2, 'bonus_lists': [6655, 1692], 'modifiers': [{'type': 9, 'value': 35}, {'type': 28, 'value': 1114}]}"
1758668982,VERY_LONG,,1,1900000000,950000000,"{'id': 29731, 'context': 1}"
1758668987,VERY_LONG,,1,168137900,84069000,"{'id': 144407, 'context': 5, 'bonus_lists': [3444, 1472, 3528]}"
1758668993,VERY_LONG,,1,3800000000,1900000000,"{'id': 1943, 'context': 0}"
1758668997,VERY_LONG,,1,60000000,30000000,"{'id': 7558, 'context': 1, 'bonus_lists': [6655, 1705], 'modifiers': [{'type': 9, 'value': 30}, {'type': 28, 'value': 215}]}"
1758669009,VERY_LONG,,1,300000000,150000000,"{'id': 15974, 'context': 28, 'bonus_lists': [1708, 3860], 'modifiers': [{'type': 9, 'value': 11}]}"
1758669016,VERY_LONG,,1,40000000,20000000,"{'id': 138004, 'context': 0}"
1758669024,VERY_LONG,,1,800000000,400000000,"{'id': 118885, 'context': 0, 'bonus_lists': [6660], 'modifiers': [{'type': 9, 'value': 40}, {'type': 28, 'value': 67}]}"
1758669028,VERY_LONG,,1,30000000,15000000,"{'id': 121109, 'context': 0, 'bonus_lists': [6654, 1682], 'modifiers': [{'type': 9, 'value': 45}, {'type': 28, 'value': 333}]}"
1758669033,VERY_LONG,,1,94999800,47499900,"{'id': 2877, 'context': 1, 'bonus_lists': [6659], 'modifiers': [{'type': 9, 'value': 26}, {'type': 28, 'value': 1918}]}"
1758669041,VERY_LONG,,1,140000000,70000000,"{'id': 14190, 'context': 0, 'bonus_lists': [1677]}"
1758669047,VERY_LONG,8000000,2,,,{'id': 71810}
1758669053,VERY_LONG,,1,51693500,25846800,"{'id': 16223, 'context': 0, 'modifiers': [{'type': 28, 'value': 1815}]}"
1758669059,VERY_LONG,,1,64856800,32428400,"{'id': 15381, 'context': 0, 'bonus_lists': [6654, 1678], 'modifiers': [{'type': 9, 'value': 30}, {'type': 28, 'value': 36}]}"
1758669067,VERY_LONG,,1,1300000000,650000000,"{'id': 10333, 'context': 0}"
1758669072,VERY_LONG,,1,18999900,9500000,"{'id': 37115, 'context': 2, 'bonus_lists': [4196], 'modifiers': [{'type': 9, 'value': 30}, {'type': 28, 'value': 1095}]}"
1758669083,VERY_LONG,,1,240000000,120000000,"{'id': 106562, 'context': 0, 'bonus_lists': [6655, 201], 'modifiers': [{'type': 9, 'value': 41}, {'type': 28, 'value': 1765}]}"
1758669086,VERY_LONG,,1,24999900,12500000,"{'id': 8281, 'context': 1, 'bonus_lists': [6654], 'modifiers': [{'type': 9, 'value': 30}, {'type': 28, 'value': 201}]}"
1758669100,VERY_LONG,,1,24999900,14984800,"{'id': 14193, 'context': 0, 'bonus_lists': [6654, 1706], 'modifiers': [{'type': 9, 'value': 30}, {'type': 28, 'value': 14}]}"
1758670108,VERY_LONG,,1,32075800,16037900,"{'id': 69976, 'context': 3, 'modifiers': [{'type': 28, 'value': 1029}]}"
1758670114,VERY_LONG,,1,32075800,16037900,"{'id': 69976, 'context': 0}"
1758670122,VERY_LONG,,1,250000000,125000000,"{'id': 67099, 'context': 0, 'bonus_lists': [6658], 'modifiers': [{'type': 9, 'value': 35}, {'type': 28, 'value': 52}]}"
1758670127,VERY_LONG,,1,140000000,70000000,"{'id': 31182, 'context': 0, 'bonus_lists': [6691, 1677], 'modifiers': [{'type': 9, 'value': 45}, {'type': 28, 'value': 1736}]}"
1758670135,VERY_LONG,,1,40000000,20000000,"{'id': 14179, 'context': 30, 'bonus_lists': [1681, 3833], 'modifiers': [{'type': 9, 'value': 14}]}"
1758670140,VERY_LONG,,1,15000000,7500000,"{'id': 121112, 'context': 0, 'bonus_lists': [6654, 1703], 'modifiers': [{'type': 9, 'value': 39}, {'type': 28, 'value': 334}]}"
1758670147,VERY_LONG,,1,120000000,60000000,"{'id': 69969, 'context': 5}"
1758670156,VERY_LONG,,1,19000000,9500000,"{'id': 55596, 'context': 5, 'bonus_lists': [6654, 1686], 'modifiers': [{'type': 9, 'value': 35}, {'type': 28, 'value': 1029}]}"
1758670170,VERY_LONG,,1,107113800,67217400,"{'id': 116476, 'context': 0, 'bonus_lists': [6655, 109], 'modifiers': [{'type': 9, 'value': 30}, {'type': 28, 'value': 1765}]}"
1758670173,VERY_LONG,,1,1100000000,550000000,"{'id': 118872, 'context': 0}"
1758670182,VERY_LONG,,1,900000000,450000000,"{'id': 42176, 'context': 2}"
1758670196,VERY_LONG,,1,33052900,16526500,"{'id': 14404, 'context': 1, 'bonus_lists': [6654], 'modifiers': [{'type': 9, 'value': 30}, {'type': 28, 'value': 208}]}"
1758670203,VERY_LONG,,1,128600300,64300200,"{'id': 94262, 'context': 36, 'bonus_lists': [1712]}"
1758670216,VERY_LONG,,1,85000000,42500000,"{'id': 116696, 'context': 0, 'bonus_lists': [6654, 208, 517], 'modifiers': [{'type': 9, 'value': 35}, {'type': 28, 'value': 1766}]}"
1758670223,VERY_LONG,,1,170000000,85000000,"{'id': 12977, 'context': 54, 'bonus_lists': [4269], 'modifiers': [{'type': 9, 'value': 50}]}"
1758670231,VERY_LONG,,1,55000000,27500000,"{'id': 31187, 'context': 36, 'bonus_lists': [3912], 'modifiers': [{'type': 9, 'value': 50}]}"
1758670239,VERY_LONG,,1,69999800,34999900,"{'id': 6616, 'context': 0, 'bonus_lists': [6654, 1695], 'modifiers': [{'type': 9, 'value': 30}, {'type': 28, 'value': 20}]}"
1758670246,VERY_LONG,,1,11907500,5953800,"{'id': 121164, 'context': 0, 'bonus_lists': [6654, 1704], 'modifiers': [{'type': 9, 'value': 45}, {'type': 28, 'value': 334}]}"
1758670252,VERY_LONG,,1,281121700,140560900,"{'id': 86185, 'context': 0}"
1758670258,VERY_LONG,,1,450000000,225000000,"{'id': 821, 'context': 0, 'bonus_lists': [3637], 'modifiers': [{'type': 9, 'value': 25}]}"
1758670267,VERY_LONG,,1,60000000,30000000,"{'id': 14919, 'context': 43, 'bonus_lists': [1709, 4276], 'modifiers': [{'type': 9, 'value': 23}]}"
1758670275,VERY_LONG,,1,120000000,60000000,"{'id': 22913, 'context': 2, 'modifiers': [{'type': 28, 'value': 1075}]}"
1758670281,VERY_LONG,,1,445283700,222641900,"{'id': 59467, 'context': 0, 'modifiers': [{'type': 28, 'value': 1026}]}"
1758670291,VERY_LONG,,1,210000000,105000000,"{'id': 36580, 'context': 29, 'bonus_lists': [1705, 3870], 'modifiers': [{'type': 9, 'value': 29}]}"
1758670301,VERY_LONG,,1,47500000,23750000,"{'id': 45141, 'context': 3, 'modifiers': [{'type': 28, 'value': 1020}]}"
1758670312,VERY_LONG,,1,38653900,22636600,"{'id': 7092, 'context': 0, 'modifiers': [{'type': 28, 'value': 16}]}"
1758670329,VERY_LONG,,1,500000,257900,"{'id': 17720, 'context': 11, 'modifiers': [{'type': 28, 'value': 420}]}"
1758670335,VERY_LONG,,1,500000,257900,"{'id': 17720, 'context': 11}"
1758670341,VERY_LONG,,1,500000,257900,"{'id': 17720, 'context': 11, 'modifiers': [{'type': 28, 'value': 420}]}"
1758670349,VERY_LONG,,1,500000,257900,"{'id': 17720, 'context': 11, 'modifiers': [{'type': 28, 'value': 420}]}"
1758670358,VERY_LONG,,1,31521700,15760900,"{'id': 69962, 'context': 5}"
1758670366,VERY_LONG,,1,130000000,65000000,"{'id': 36220, 'context': 0, 'bonus_lists': [6654, 1681], 'modifiers': [{'type': 9, 'value': 46}, {'type': 28, 'value': 1747}]}"
1758670374,VERY_LONG,,1,169999800,84999900,"{'id': 14120, 'context': 25, 'bonus_lists': [1691, 3828], 'modifiers': [{'type': 9, 'value': 12}]}"
1758670379,VERY_LONG,,1,49894300,24947200,"{'id': 6415, 'context': 1, 'bonus_lists': [6654], 'modifiers': [{'type': 9, 'value': 30}, {'type': 28, 'value': 217}]}"
1758670387,VERY_LONG,,1,160000000,80000000,"{'id': 163938, 'context': 54, 'bonus_lists': [1472, 4786], 'modifiers': [{'type': 28, 'value': 190}]}"
1758670393,VERY_LONG,,1,103498000,51749000,"{'id': 164475, 'context': 0}"
1758670397,VERY_LONG,,1,126503100,63251600,"{'id': 5774, 'context': 1}"
1758670404,VERY_LONG,,1,30000000,15000000,"{'id': 68757, 'context': 54, 'bonus_lists': [4278], 'modifiers': [{'type': 9, 'value': 45}]}"
1758670411,VERY_LONG,,1,1699999800,849999900,"{'id': 164546, 'context': 11}"
1758670420,VERY_LONG,,1,8000000,4000000,"{'id': 4037, 'context': 1, 'bonus_lists': [6654], 'modifiers': [{'type': 9, 'value': 30}, {'type': 28, 'value': 204}]}"
1758670423,VERY_LONG,,1,110000000,55000000,"{'id': 24202, 'context': 0}"
1758670435,VERY_LONG,,1,70000000,35000000,"{'id': 55346, 'context': 0, 'bonus_lists': [6655, 1706], 'modifiers': [{'type': 9, 'value': 35}, {'type': 28, 'value': 52}]}"
1758670442,VERY_LONG,,1,65000000,32500000,"{'id': 69965, 'context': 0}"
1758670447,VERY_LONG,,1,130000000,65000000,"{'id': 36565, 'context': 0, 'bonus_lists': [6655, 1693], 'modifiers': [{'type': 9, 'value': 30}, {'type': 28, 'value': 48}]}"
1758670455,VERY_LONG,,1,17000000,8500000,"{'id': 82140, 'context': 36, 'bonus_lists': [1712, 4765], 'modifiers': [{'type': 9, 'value': 49}]}"
1758670459,VERY_LONG,,1,275000000,137500000,"{'id': 58484, 'context': 0}"
1758670470,VERY_LONG,,1,230198000,115099000,"{'id': 90586, 'context': 0}"
1758670474,VERY_LONG,,1,70000000,35000000,"{'id': 69960, 'context': 3, 'modifiers': [{'type': 28, 'value': 1029}]}"
1758670481,VERY_LONG,,1,27500000,13750000,"{'id': 56218, 'context': 2, 'bonus_lists': [4198], 'modifiers': [{'type': 9, 'value': 50}]}"
1758670486,VERY_LONG,,1,210000000,105000000,"{'id': 94085, 'context': 0, 'bonus_lists': [1685]}"
1758670494,VERY_LONG,,1,30000000,15000000,"{'id': 68759, 'context': 54, 'bonus_lists': [4277], 'modifiers': [{'type': 9, 'value': 45}]}"
1758670499,VERY_LONG,,1,9999900,5104400,"{'id': 121269, 'context': 0, 'bonus_lists': [6654, 1717], 'modifiers': [{'type': 9, 'value': 45}, {'type': 28, 'value': 335}]}"
1758670503,VERY_LONG,,1,9994200,8423500,"{'id': 15644, 'context': 0, 'bonus_lists': [6654, 1691], 'modifiers': [{'type': 9, 'value': 30}, {'type': 28, 'value': 36}]}"
1758670508,VERY_LONG,,1,275000000,137500000,"{'id': 87492, 'context': 29, 'bonus_lists': [4295], 'modifiers': [{'type': 9, 'value': 33}]}"
1758670514,VERY_LONG,,1,55367100,27683600,"{'id': 116639, 'context': 3, 'bonus_lists': [6655, 198], 'modifiers': [{'type': 9, 'value': 40}, {'type': 28, 'value': 1040}]}"
1758670521,VERY_LONG,,1,324999800,162499900,"{'id': 37811, 'context': 36, 'bonus_lists': [3932], 'modifiers': [{'type': 9, 'value': 45}]}"
1758670527,VERY_LONG,,1,101000500,50500300,"{'id': 31157, 'context': 0, 'bonus_lists': [1709]}"
1758670534,VERY_LONG,,1,60000000,30000000,"{'id': 55642, 'context': 0, 'bonus_lists': [6654, 1687], 'modifiers': [{'type': 9, 'value': 35}, {'type': 28, 'value': 52}]}"
1758670539,VERY_LONG,,1,25000000,12500000,"{'id': 15494, 'context': 0, 'bonus_lists': [6655, 1695], 'modifiers': [{'type': 9, 'value': 10}, {'type': 28, 'value': 3}]}"
1758670544,VERY_LONG,,1,60000000,30000000,"{'id': 78886, 'context': 0, 'modifiers': [{'type': 28, 'value': 1030}]}"
1758670550,VERY_LONG,,1,75000000,37500000,"{'id': 31148, 'context': 0, 'bonus_lists': [6658], 'modifiers': [{'type': 9, 'value': 11}, {'type': 28, 'value': 1736}]}"
1758670558,VERY_LONG,,1,110000000,55000000,"{'id': 106554, 'context': 29, 'bonus_lists': [4503, 35], 'modifiers': [{'type': 9, 'value': 46}]}"
1758670567,VERY_LONG,,1,32500000,16250000,"{'id': 14174, 'context': 1, 'bonus_lists': [6654, 1694], 'modifiers': [{'type': 9, 'value': 30}, {'type': 28, 'value': 213}]}"
1758670763,LONG,50400,5,,,{'id': 42253}
1758670843,LONG,1000000,3,,,{'id': 183950}
1758670893,VERY_LONG,,1,2121800,,"{'id': 25323, 'context': 0, 'bonus_lists': [6655, 1708], 'modifiers': [{'type': 9, 'value': 30}, {'type': 28, 'value': 1012}]}"
1758670898,LONG,19600,5,,,{'id': 109126}
1758670919,VERY_LONG,,1,2538559900,,"{'id': 180162, 'context': 0, 'bonus_lists': [6908, 41, 1703], 'modifiers': [{'type': 9, 'value': 55}, {'type': 28, 'value': 1229}]}"
1758670940,LONG,,1,5448900,,"{'id': 177771, 'context': 0, 'bonus_lists': [6907, 6652, 1707], 'modifiers': [{'type': 9, 'value': 60}, {'type': 28, 'value': 1707}]}"
1758670941,VERY_LONG,,1,2334400,,"{'id': 25028, 'context': 0, 'bonus_lists': [6654, 1706], 'modifiers': [{'type': 9, 'value': 30}, {'type': 28, 'value': 1011}]}"
1758670958,VERY_LONG,,1,154892000,,"{'id': 171415, 'context': 65, 'bonus_lists': [6718, 7194, 1522]}"
1758670965,VERY_LONG,,1,154892000,,"{'id': 171415, 'context': 65, 'bonus_lists': [6718, 7193, 1522]}"
1758670969,VERY_LONG,,1,154892000,,"{'id': 171415, 'context': 65, 'bonus_lists': [6718, 7194, 1522]}"
1758670972,VERY_LONG,,1,154892000,,"{'id': 171415, 'context': 65, 'bonus_lists': [6718, 7194, 1522]}"
1758670975,VERY_LONG,,1,154892000,,"{'id': 171415, 'context': 65, 'bonus_lists': [6718, 7194, 1522]}"
1758670997,VERY_LONG,,1,124367300,,"{'id': 171413, 'context': 65, 'bonus_lists': [6718, 1522]}"
1758671004,VERY_LONG,,1,124367300,,"{'id': 171413, 'context': 65, 'bonus_lists': [6718, 1522]}"
1758671068,VERY_LONG,,1,154892000,,"{'id': 171412, 'context': 65, 'bonus_lists': [6718, 1522]}"
1758671071,VERY_LONG,,1,154892000,,"{'id': 171412, 'context': 65, 'bonus_lists': [6718, 1522]}"
1758671076,VERY_LONG,,1,154892000,,"{'id': 171412, 'context': 65, 'bonus_lists': [6718, 1522]}"
1758671081,VERY_LONG,,1,154892000,,"{'id': 171412, 'context': 65, 'bonus_lists': [6718, 1522]}"
1758671087,VERY_LONG,,1,154892000,,"{'id': 171412, 'context': 65, 'bonus_lists': [6718, 1522]}"
1758671093,VERY_LONG,,1,124367300,,"{'id': 171418, 'context': 65, 'bonus_lists': [6718, 7194, 1522]}"
1758671096,VERY_LONG,,1,124367300,,"{'id': 171418, 'context': 65, 'bonus_lists': [6718, 7194, 1522]}"
1758671101,VERY_LONG,,1,124367300,,"{'id': 171418, 'context': 65, 'bonus_lists': [6718, 7194, 1522]}"
1758671106,VERY_LONG,,1,124367300,,"{'id': 171418, 'context': 65, 'bonus_lists': [6718, 7193, 1522]}"
1758671127,LONG,,1,5000000,,"{'id': 184479, 'context': 0}"
1758671129,VERY_LONG,1559900,9,,,{'id': 173059}
1758671131,LONG,,1,5000000,,"{'id': 184479, 'context': 0}"
1758671135,LONG,,1,5000000,,"{'id': 184479, 'context': 0}"
1758671136,LONG,,1,5000000,,"{'id': 184479, 'context': 0}"
1758671573,LONG,169400,6,,,{'id': 171830}
1758671596,LONG,95000,12,,,{'id': 171828}
1758671620,LONG,212300,6,,,{'id': 171831}
1758671689,LONG,1030000,3,,,{'id': 171833}
1758671720,LONG,,1,4990000,,"{'id': 82800, 'context': 0, 'modifiers': [{'type': 6, 'value': 99870}], 'pet_breed_id': 9, 'pet_level': 1, 'pet_quality_id': 2, 'pet_species_id': 3039}"
1758671781,LONG,7190000,1,,,{'id': 172097}
1758671798,LONG,,1,620833500,,"{'id': 171416, 'context': 65, 'bonus_lists': [6718, 1522]}"
1758671813,LONG,639400,1,,,{'id': 173204}
1758671838,LONG,264000,18,,,{'id': 172414}
1758671891,LONG,,1,5000000,,"{'id': 184479, 'context': 0}"
1758671893,LONG,,1,5000000,,"{'id': 184479, 'context': 0}"
1758671900,LONG,,1,5000000,,"{'id': 184479, 'context': 0}"
1758671905,LONG,,1,5000000,,"{'id': 184479, 'context': 0}"
1758671915,LONG,,1,5000000,,"{'id': 184479, 'context': 0}"
1758671920,LONG,,1,5000000,,"{'id': 184479, 'context': 0}"
1758671925,LONG,,1,5000000,,"{'id': 184479, 'context': 0}"
1758671933,LONG,,1,5000000,,"{'id': 184479, 'context': 0}"
1758671936,LONG,,1,5000000,,"{'id': 184479, 'context': 0}"
1758671943,LONG,,1,5000000,,"{'id': 184479, 'context': 0}"
1758671951,LONG,,1,5000000,,"{'id': 184479, 'context': 0}"
1758671956,LONG,,1,5000000,,"{'id': 184479, 'context': 0}"
1758671962,LONG,,1,5000000,,"{'id': 184479, 'context': 0}"
1758671967,LONG,,1,5000000,,"{'id': 184479, 'context': 0}"
1758671971,LONG,,1,5000000,,"{'id': 184479, 'context': 0}"
1758671975,LONG,,1,5000000,,"{'id': 184479, 'context': 0}"
1758671980,LONG,,1,5000000,,"{'id': 184479, 'context': 0}"
1758671983,LONG,,1,5000000,,"{'id': 184479, 'context': 0}"
1758671986,LONG,,1,5000000,,"{'id': 184479, 'context': 0}"
1758671990,LONG,,1,5000000,,"{'id': 184479, 'context': 0}"
1758671992,LONG,,1,5000000,,"{'id': 184479, 'context': 0}"
1758672004,LONG,,1,5000000,,"{'id': 184479, 'context': 0}"
1758672010,LONG,,1,5000000,,"{'id': 184479, 'context': 0}"
1758672015,LONG,,1,5000000,,"{'id': 184479, 'context': 0}"
1758672019,LONG,,1,5000000,,"{'id': 184479, 'context': 0}"
1758672024,LONG,,1,5000000,,"{'id': 184479, 'context': 0}"
1758672030,LONG,,1,5000000,,"{'id': 184479, 'context': 0}"
1758673103,LONG,,1,19899000,,"{'id': 184480, 'context': 0}"
1758673106,LONG,,1,19899000,,"{'id': 184480, 'context': 0}"
1758673116,LONG,,1,19899000,,"{'id': 184480, 'context': 0}"
1758673123,LONG,,1,19899000,,"{'id': 184480, 'context': 0}"
1758673126,LONG,,1,19899000,,"{'id': 184480, 'context': 0}"
1758673130,LONG,,1,19899000,,"{'id': 184480, 'context': 0}"
1758673136,LONG,,1,19899000,,"{'id': 184480, 'context': 0}"
1758673139,LONG,,1,19899000,,"{'id': 184480, 'context': 0}"
1758673144,LONG,,1,19899000,,"{'id': 184480, 'context': 0}"
1758673149,LONG,,1,19899000,,"{'id': 184480, 'context': 0}"
1758673153,LONG,,1,19899000,,"{'id': 184480, 'context': 0}"
1758673156,LONG,,1,19899000,,"{'id': 184480, 'context': 0}"
1758673165,LONG,,1,19899000,,"{'id': 184480, 'context': 0}"
1758673199,LONG,40000,1,,,{'id': 177716}
1758673246,LONG,500,15,,,{'id': 171840}
1758673273,LONG,96800,3,,,{'id': 172407}
1758673332,LONG,1030000,15,,,{'id': 171833}
1758673386,LONG,639400,131,,,{'id': 173204}
1758673413,LONG,110000,50,,,{'id': 173110}
1758673433,LONG,60000,40,,,{'id': 173109}
1758673495,LONG,169400,79,,,{'id': 171830}
1758673517,LONG,,1,16886300,,"{'id': 82800, 'context': 0, 'modifiers': [{'type': 6, 'value': 80966}], 'pet_breed_id': 21, 'pet_level': 1, 'pet_quality_id': 3, 'pet_species_id': 2556}"
1758673525,LONG,390600,48,,,{'id': 173108}
1758673545,LONG,,1,1500000,,"{'id': 82800, 'context': 0, 'modifiers': [{'type': 6, 'value': 88060}], 'pet_breed_id': 6, 'pet_level': 1, 'pet_quality_id': 3, 'pet_species_id': 2468}"
1758673568,LONG,95000,46,,,{'id': 171828}
1758673580,LONG,,1,530000,,"{'id': 82800, 'context': 0, 'modifiers': [{'type': 6, 'value': 81098}], 'pet_breed_id': 6, 'pet_level': 1, 'pet_quality_id': 3, 'pet_species_id': 2472}"
1758673613,LONG,,1,20001000,,"{'id': 82800, 'context': 0, 'modifiers': [{'type': 6, 'value': 45190}], 'pet_breed_id': 19, 'pet_level': 1, 'pet_quality_id': 3, 'pet_species_id': 2469}"
1758673623,LONG,7190000,2,,,{'id': 172097}
1758673630,LONG,,1,379780000,,"{'id': 82800, 'context': 0, 'modifiers': [{'type': 6, 'value': 80852}], 'pet_breed_id': 10, 'pet_level': 1, 'pet_quality_id': 3, 'pet_species_id': 2420}"
1758673656,LONG,,1,148980000,,"{'id': 82800, 'context': 0, 'modifiers': [{'type': 6, 'value': 78161}], 'pet_breed_id': 8, 'pet_level': 1, 'pet_quality_id': 2, 'pet_species_id': 2418}"
1758673677,LONG,,1,466000000,,"{'id': 82800, 'context': 0, 'modifiers': [{'type': 6, 'value': 95146}], 'pet_breed_id': 8, 'pet_level': 1, 'pet_quality_id': 3, 'pet_species_id': 2850}"
1758673681,LONG,189900,15,,,{'id': 171832}
1758673697,LONG,,1,76677200,,"{'id': 82800, 'context': 0, 'modifiers': [{'type': 6, 'value': 5187}], 'pet_breed_id': 4, 'pet_level': 1, 'pet_quality_id': 3, 'pet_species_id': 2545}"
1758673717,LONG,,1,5445000,,"{'id': 82800, 'context': 0, 'modifiers': [{'type': 6, 'value': 60609}], 'pet_breed_id': 22, 'pet_level': 1, 'pet_quality_id': 3, 'pet_species_id': 1656}"
1758673728,LONG,212300,27,,,{'id': 171831}
1758673745,LONG,,1,34899900,,"{'id': 82800, 'context': 0, 'modifiers': [{'type': 6, 'value': 60889}], 'pet_breed_id': 3, 'pet_level': 1, 'pet_quality_id': 3, 'pet_species_id': 1588}"
1758673748,LONG,329400,22,,,{'id': 171829}
1758673769,LONG,2000,2,,,{'id': 151567}
1758673770,LONG,,1,20000000,,"{'id': 82800, 'context': 0, 'modifiers': [{'type': 6, 'value': 88002}], 'pet_breed_id': 9, 'pet_level': 1, 'pet_quality_id': 3, 'pet_species_id': 2448}"
1758673790,LONG,,1,9300000,,"{'id': 114821, 'context': 0}"
1758673815,LONG,2340000,212,,,{'id': 168822}
1758673881,LONG,,1,172182100,,"{'id': 12992, 'context': 0, 'bonus_lists': [6659], 'modifiers': [{'type': 9, 'value': 30}, {'type': 28, 'value': 15}]}"
1758673887,LONG,,1,142890500,,"{'id': 14904, 'context': 1, 'bonus_lists': [6654, 1693], 'modifiers': [{'type': 9, 'value': 30}, {'type': 28, 'value': 218}]}"
1758673895,LONG,,1,145003600,,"{'id': 14904, 'context': 1, 'bonus_lists': [6654, 1680], 'modifiers': [{'type': 9, 'value': 30}, {'type': 28, 'value': 218}]}"
1758673899,LONG,,1,298435600,,"{'id': 8162, 'context': 1, 'bonus_lists': [6654], 'modifiers': [{'type': 9, 'value': 30}, {'type': 28, 'value': 218}]}"
1758673902,LONG,,1,76390600,,"{'id': 14835, 'context': 1, 'bonus_lists': [6654], 'modifiers': [{'type': 9, 'value': 30}, {'type': 28, 'value': 218}]}"
1758673907,LONG,,1,293000000,,"{'id': 82800, 'context': 0, 'modifiers': [{'type': 6, 'value': 98482}], 'pet_breed_id': 7, 'pet_level': 1, 'pet_quality_id': 2, 'pet_species_id': 3062}"
1758673912,LONG,,1,2628165100,,"{'id': 180143, 'context': 0, 'bonus_lists': [6908, 6652, 1685], 'modifiers': [{'type': 9, 'value': 53}, {'type': 28, 'value': 1229}]}"
1758673919,LONG,,1,80190000,,"{'id': 82800, 'context': 0, 'modifiers': [{'type': 6, 'value': 88761}], 'pet_breed_id': 5, 'pet_level': 1, 'pet_quality_id': 2, 'pet_species_id': 2712}"
1758673927,LONG,198000,2,,,{'id': 89112}
1758674040,LONG,18000000,11,,,{'id': 168825}
1758674044,LONG,,1,51650000,,"{'id': 82800, 'context': 0, 'modifiers': [{'type': 6, 'value': 28501}], 'pet_breed_id': 9, 'pet_level': 1, 'pet_quality_id': 3, 'pet_species_id': 165}"
1758674236,LONG,7190000,75,,,{'id': 172097}
1758675013,VERY_LONG,,1,499990000,,"{'id': 172315, 'context': 66, 'bonus_lists': [6758, 1532]}"
1758675072,VERY_LONG,320000,100,,,{'id': 172061}
1758675096,VERY_LONG,9900,20,,,{'id': 172069}
1758676109,VERY_LONG,3400,20,,,{'id': 172048}
1758676138,VERY_LONG,129900,6,,,{'id': 172063}
1758676338,VERY_LONG,,1,66622500,,"{'id': 25007, 'context': 1, 'bonus_lists': [6654, 1705], 'modifiers': [{'type': 9, 'value': 30}, {'type': 28, 'value': 231}]}"
1758676342,VERY_LONG,,1,4050000,,"{'id': 10266, 'context': 0, 'bonus_lists': [6654, 1708], 'modifiers': [{'type': 9, 'value': 30}, {'type': 28, 'value': 1005}]}"
1758676349,VERY_LONG,,1,5799400,,"{'id': 5011, 'context': 1, 'bonus_lists': [6654], 'modifiers': [{'type': 9, 'value': 30}, {'type': 28, 'value': 203}]}"
1758676354,VERY_LONG,,1,12434900,,"{'id': 24775, 'context': 3, 'bonus_lists': [6654, 1694], 'modifiers': [{'type': 9, 'value': 30}, {'type': 28, 'value': 1014}]}"
1758676363,VERY_LONG,,1,25000000,,"{'id': 14422, 'context': 1, 'bonus_lists': [6654], 'modifiers': [{'type': 9, 'value': 30}, {'type': 28, 'value': 203}]}"
1758676366,VERY_LONG,,1,14940200,,"{'id': 25346, 'context': 0, 'bonus_lists': [6656], 'modifiers': [{'type': 9, 'value': 30}, {'type': 28, 'value': 1011}]}"
1758676374,VERY_LONG,,1,21962900,,"{'id': 25009, 'context': 1, 'bonus_lists': [6654, 1706], 'modifiers': [{'type': 9, 'value': 30}, {'type': 28, 'value': 231}]}"
1758676380,VERY_LONG,,1,6211300,,"{'id': 24778, 'context': 3, 'bonus_lists': [6654, 1705], 'modifiers': [{'type': 9, 'value': 30}, {'type': 28, 'value': 1014}]}"
1758676384,VERY_LONG,,1,2339700,,"{'id': 25001, 'context': 1, 'bonus_lists': [6654, 1707], 'modifiers': [{'type': 9, 'value': 30}, {'type': 28, 'value': 231}]}"
1758676392,VERY_LONG,,1,71329400,,"{'id': 4082, 'context': 1, 'bonus_lists': [6654], 'modifiers': [{'type': 9, 'value': 30}, {'type': 28, 'value': 282}]}"
1758676396,VERY_LONG,,1,39549400,,"{'id': 14592, 'context': 1, 'bonus_lists': [6654], 'modifiers': [{'type': 9, 'value': 30}, {'type': 28, 'value': 203}]}"
1758676399,VERY_LONG,,1,49961300,,"{'id': 8312, 'context': 1, 'bonus_lists': [6654], 'modifiers': [{'type': 9, 'value': 30}, {'type': 28, 'value': 205}]}"
1758676404,VERY_LONG,,1,15001100,,"{'id': 10124, 'context': 1, 'bonus_lists': [6654, 1691], 'modifiers': [{'type': 9, 'value': 30}, {'type': 28, 'value': 205}]}"
1758676408,VERY_LONG,,1,16784000,,"{'id': 8301, 'context': 1, 'bonus_lists': [6654], 'modifiers': [{'type': 9, 'value': 30}, {'type': 28, 'value': 205}]}"
1758676412,VERY_LONG,,1,26057900,,"{'id': 25015, 'context': 2, 'bonus_lists': [6654, 1707], 'modifiers': [{'type': 9, 'value': 30}, {'type': 28, 'value': 1075}]}"
1758676417,VERY_LONG,,1,359833900,,"{'id': 14760, 'context': 1, 'bonus_lists': [6654], 'modifiers': [{'type': 9, 'value': 30}, {'type': 28, 'value': 203}]}"
1758676421,VERY_LONG,,1,116799600,,"{'id': 15613, 'context': 1, 'bonus_lists': [6654, 1691], 'modifiers': [{'type': 9, 'value': 30}, {'type': 28, 'value': 203}]}"
1758676430,VERY_LONG,,1,33650700,,"{'id': 10131, 'context': 1, 'bonus_lists': [6654, 1679], 'modifiers': [{'type': 9, 'value': 30}, {'type': 28, 'value': 201}]}"
1758676436,VERY_LONG,,1,42199100,,"{'id': 8294, 'context': 1, 'bonus_lists': [6654], 'modifiers': [{'type': 9, 'value': 30}, {'type': 28, 'value': 205}]}"
1758676440,VERY_LONG,,1,43226000,,"{'id': 14173, 'context': 1, 'bonus_lists': [6654, 1709], 'modifiers': [{'type': 9, 'value': 30}, {'type': 28, 'value': 8}]}"
1758676448,VERY_LONG,,1,5759400,,"{'id': 24683, 'context': 1, 'bonus_lists': [6654, 1707], 'modifiers': [{'type': 9, 'value': 30}, {'type': 28, 'value': 231}]}"
1758676451,VERY_LONG,,1,31095700,,"{'id': 8300, 'context': 1, 'bonus_lists': [6654], 'modifiers': [{'type': 9, 'value': 30}, {'type': 28, 'value': 205}]}"
1758676454,VERY_LONG,,1,2975000,,"{'id': 8318, 'context': 1, 'bonus_lists': [6654], 'modifiers': [{'type': 9, 'value': 30}, {'type': 28, 'value': 205}]}"
1758676469,VERY_LONG,,1,40149300,,"{'id': 8109, 'context': 1, 'bonus_lists': [6654], 'modifiers': [{'type': 9, 'value': 30}, {'type': 28, 'value': 282}]}"
1758676485,VERY_LONG,,1,14912100,,"{'id': 25025, 'context': 0, 'bonus_lists': [6654, 1677], 'modifiers': [{'type': 9, 'value': 30}, {'type': 28, 'value': 1011}]}"
1758676489,VERY_LONG,,1,151745100,,"{'id': 15663, 'context': 0, 'bonus_lists': [6654, 1680], 'modifiers': [{'type': 9, 'value': 30}, {'type': 28, 'value': 33}]}"
1758676495,VERY_LONG,,1,7735400,,"{'id': 24670, 'context': 1, 'bonus_lists': [6654, 1695], 'modifiers': [{'type': 9, 'value': 30}, {'type': 28, 'value': 231}]}"
1758676506,VERY_LONG,,1,9127800,,"{'id': 24888, 'context': 2, 'bonus_lists': [6654, 1680], 'modifiers': [{'type': 9, 'value': 30}, {'type': 28, 'value': 1075}]}"
1758676512,VERY_LONG,,1,23910600,,"{'id': 24897, 'context': 1, 'bonus_lists': [6654, 1692], 'modifiers': [{'type': 9, 'value': 30}, {'type': 28, 'value': 231}]}"
1758676516,VERY_LONG,,1,13603400,,"{'id': 10082, 'context': 1, 'bonus_lists': [6654, 1691], 'modifiers': [{'type': 9, 'value': 30}, {'type': 28, 'value': 201}]}"
1758676527,VERY_LONG,,1,42249600,,"{'id': 24771, 'context': 2, 'bonus_lists': [6654, 1709], 'modifiers': [{'type': 9, 'value': 30}, {'type': 28, 'value': 1068}]}"
1758676531,VERY_LONG,,1,9532000,,"{'id': 8298, 'context': 1, 'bonus_lists': [6654], 'modifiers': [{'type': 9, 'value': 30}, {'type': 28, 'value': 205}]}"
1758676535,VERY_LONG,,1,5000900,,"{'id': 10164, 'context': 1, 'bonus_lists': [6654, 1678], 'modifiers': [{'type': 9, 'value': 30}, {'type': 28, 'value': 205}]}"
1758676548,VERY_LONG,,1,69542900,,"{'id': 9928, 'context': 1, 'bonus_lists': [6654, 1705], 'modifiers': [{'type': 9, 'value': 30}, {'type': 28, 'value': 217}]}"
1758676552,VERY_LONG,,1,14406800,,"{'id': 10381, 'context': 1, 'bonus_lists': [6654, 1678], 'modifiers': [{'type': 9, 'value': 30}, {'type': 28, 'value': 205}]}"
1758676556,VERY_LONG,,1,17300400,,"{'id': 10146, 'context': 0, 'bonus_lists': [6654, 1680], 'modifiers': [{'type': 9, 'value': 30}, {'type': 28, 'value': 35}]}"
1758676563,VERY_LONG,,1,206250400,,"{'id': 15168, 'context': 1, 'bonus_lists': [6654, 1692], 'modifiers': [{'type': 9, 'value': 30}, {'type': 28, 'value': 203}]}"
1758676567,VERY_LONG,,1,25000000,,"{'id': 14606, 'context': 1, 'bonus_lists': [6654], 'modifiers': [{'type': 9, 'value': 30}, {'type': 28, 'value': 203}]}"
1758676573,VERY_LONG,,1,43923000,,"{'id': 25006, 'context': 1, 'bonus_lists': [6654, 1679], 'modifiers': [{'type': 9, 'value': 30}, {'type': 28, 'value': 231}]}"
1758676590,VERY_LONG,,1,17470400,,"{'id': 7431, 'context': 0, 'bonus_lists': [6654, 1680], 'modifiers': [{'type': 9, 'value': 30}, {'type': 28, 'value': 35}]}"
1758676594,VERY_LONG,,1,12925000,,"{'id': 24972, 'context': 1, 'bonus_lists': [6654, 1707], 'modifiers': [{'type': 9, 'value': 30}, {'type': 28, 'value': 222}]}"
1758676598,VERY_LONG,,1,5089700,,"{'id': 24667, 'context': 2, 'bonus_lists': [6654, 1708], 'modifiers': [{'type': 9, 'value': 30}, {'type': 28, 'value': 1075}]}"
1758676610,VERY_LONG,,1,23214300,,"{'id': 9959, 'context': 0, 'bonus_lists': [6654, 1691], 'modifiers': [{'type': 9, 'value': 30}, {'type': 28, 'value': 26}]}"
1758676615,VERY_LONG,,1,37329200,,"{'id': 10413, 'context': 1, 'bonus_lists': [6710], 'modifiers': [{'type': 9, 'value': 30}, {'type': 28, 'value': 193}]}"
1758676629,VERY_LONG,,1,30932300,,"{'id': 10368, 'context': 1, 'bonus_lists': [6654], 'modifiers': [{'type': 9, 'value': 30}, {'type': 28, 'value': 205}]}"
1758676639,VERY_LONG,,1,31836700,,"{'id': 24655, 'context': 2, 'bonus_lists': [6654, 1692], 'modifiers': [{'type': 9, 'value': 30}, {'type': 28, 'value': 1068}]}"
1758676653,VERY_LONG,,1,7221000,,"{'id': 8188, 'context': 1, 'bonus_lists': [6655], 'modifiers': [{'type': 9, 'value': 30}, {'type': 28, 'value': 203}]}"
1758676664,VERY_LONG,,1,12086100,,"{'id': 7527, 'context': 1, 'bonus_lists': [6654, 1681], 'modifiers': [{'type': 9, 'value': 30}, {'type': 28, 'value': 282}]}"
1758676672,VERY_LONG,,1,29998600,,"{'id': 8303, 'context': 1, 'bonus_lists': [6654], 'modifiers': [{'type': 9, 'value': 30}, {'type': 28, 'value': 205}]}"
1758676680,VERY_LONG,,1,13081600,,"{'id': 10177, 'context': 0, 'bonus_lists': [6654, 1677], 'modifiers': [{'type': 9, 'value': 30}, {'type': 28, 'value': 33}]}"
1758676688,VERY_LONG,,1,138745800,,"{'id': 7496, 'context': 1, 'bonus_lists': [6655, 1706], 'modifiers': [{'type': 9, 'value': 30}, {'type': 28, 'value': 217}]}"
1758676697,VERY_LONG,,1,14003000,,"{'id': 6542, 'context': 1, 'bonus_lists': [6654, 1709], 'modifiers': [{'type': 9, 'value': 30}, {'type': 28, 'value': 202}]}"
1758676708,VERY_LONG,,1,9958200,,"{'id': 10230, 'context': 1, 'bonus_lists': [6654, 1695], 'modifiers': [{'type': 9, 'value': 30}, {'type': 28, 'value': 205}]}"
1758676712,VERY_LONG,,1,226719000,,"{'id': 44732, 'context': 0, 'bonus_lists': [6691, 1694], 'modifiers': [{'type': 9, 'value': 30}, {'type': 28, 'value': 50}]}"
1758676720,VERY_LONG,,1,24013400,,"{'id': 7519, 'context': 0, 'bonus_lists': [6654, 1707], 'modifiers': [{'type': 9, 'value': 30}, {'type': 28, 'value': 26}]}"
1758676739,VERY_LONG,,1,15173600,,"{'id': 6420, 'context': 1, 'bonus_lists': [6654], 'modifiers': [{'type': 9, 'value': 30}, {'type': 28, 'value': 217}]}"
1758676748,VERY_LONG,,1,36831500,,"{'id': 24862, 'context': 2, 'bonus_lists': [6654, 1677], 'modifiers': [{'type': 9, 'value': 30}, {'type': 28, 'value': 1068}]}"
1758676763,VERY_LONG,,1,270100,,"{'id': 24663, 'context': 2, 'bonus_lists': [6654, 1680], 'modifiers': [{'type': 9, 'value': 30}, {'type': 28, 'value': 1075}]}"
1758676766,VERY_LONG,,1,18171800,,"{'id': 24790, 'context': 2, 'bonus_lists': [6654, 1680], 'modifiers': [{'type': 9, 'value': 30}, {'type': 28, 'value': 1075}]}"
1758676770,VERY_LONG,,1,8893200,,"{'id': 9763, 'context': 1, 'bonus_lists': [6654, 1709], 'modifiers': [{'type': 9, 'value': 30}, {'type': 28, 'value': 202}]}"
1758676780,VERY_LONG,,1,62049100,,"{'id': 15433, 'context': 1, 'bonus_lists': [6654, 1694], 'modifiers': [{'type': 9, 'value': 30}, {'type': 28, 'value': 218}]}"
1758676785,VERY_LONG,,1,2791200,,"{'id': 24664, 'context': 2, 'bonus_lists': [6654, 1680], 'modifiers': [{'type': 9, 'value': 30}, {'type': 28, 'value': 1075}]}"
1758676788,VERY_LONG,647000,2,,,{'id': 172231}
1758676789,VERY_LONG,,1,36778400,,"{'id': 14424, 'context': 1, 'bonus_lists': [6654], 'modifiers': [{'type': 9, 'value': 30}, {'type': 28, 'value': 209}]}"
1758676794,VERY_LONG,,1,13900800,,"{'id': 8292, 'context': 1, 'bonus_lists': [6654], 'modifiers': [{'type': 9, 'value': 30}, {'type': 28, 'value': 205}]}"
1758676798,VERY_LONG,,1,10016400,,"{'id': 9756, 'context': 1, 'bonus_lists': [6654, 1706], 'modifiers': [{'type': 9, 'value': 30}, {'type': 28, 'value': 202}]}"
1758676807,VERY_LONG,,1,33802700,,"{'id': 24875, 'context': 2, 'bonus_lists': [6654, 1693], 'modifiers': [{'type': 9, 'value': 30}, {'type': 28, 'value': 1068}]}"
1758676811,VERY_LONG,,1,2336600,,"{'id': 24998, 'context': 1, 'bonus_lists': [6654, 1695], 'modifiers': [{'type': 9, 'value': 30}, {'type': 28, 'value': 231}]}"
1758676816,VERY_LONG,,1,13608800,,"{'id': 24658, 'context': 2, 'bonus_lists': [6654, 1677], 'modifiers': [{'type': 9, 'value': 30}, {'type': 28, 'value': 1068}]}"
1758676821,VERY_LONG,,1,1770000,,"{'id': 16827, 'context': 0, 'modifiers': [{'type': 28, 'value': 1004}]}"
1758676843,VERY_LONG,500,6,,,{'id': 171840}
1758677006,LONG,,1,454854300,,"{'id': 44158, 'context': 0}"
1758677126,LONG,208380800,1,,,{'id': 143588}
1758677333,LONG,105400,1,,,{'id': 36920}
1758677339,LONG,400000,1,,,{'id': 36933}
1758677346,LONG,7500,200,,,{'id': 4338}
1758677350,LONG,,1,3521134000,,"{'id': 8384, 'context': 1, 'modifiers': [{'type': 28, 'value': 217}]}"
1758677366,LONG,,1,3802100,,"{'id': 11208, 'context': 1, 'modifiers': [{'type': 28, 'value': 282}]}"
1758677381,LONG,,1,1325018500,,"{'id': 24306, 'context': 0, 'modifiers': [{'type': 28, 'value': 1011}]}"
1758677383,LONG,15700,4,,,{'id': 22573}
1758677386,LONG,,1,40600,,"{'id': 16248, 'context': 1, 'modifiers': [{'type': 28, 'value': 282}]}"
1758677391,LONG,,1,40600,,"{'id': 16248, 'context': 1, 'modifiers': [{'type': 28, 'value': 282}]}"
1758677393,LONG,,1,2661447600,,"{'id': 118675, 'context': 0, 'modifiers': [{'type': 28, 'value': 1704}]}"
1758677398,LONG,,1,2431720800,,"{'id': 35218, 'context': 0, 'modifiers': [{'type': 28, 'value': 1015}]}"
1758677403,LONG,381000,2,,,{'id': 3712}
1758677412,LONG,,1,1200000,,"{'id': 12704, 'context': 1, 'modifiers': [{'type': 28, 'value': 205}]}"
1758677414,LONG,,1,525633500,,"{'id': 18658, 'context': 1, 'modifiers': [{'type': 28, 'value': 214}]}"
1758677421,LONG,,1,118900,,"{'id': 13494, 'context': 1, 'modifiers': [{'type': 28, 'value': 205}]}"
1758677426,LONG,,1,118900,,"{'id': 13494, 'context': 1, 'modifiers': [{'type': 28, 'value': 205}]}"
1758677432,LONG,44100,4,,,{'id': 4337}
1758677437,LONG,,1,2010338300,,"{'id': 12685, 'context': 0, 'modifiers': [{'type': 28, 'value': 1005}]}"
1758677439,LONG,,1,5000000,,"{'id': 142337, 'context': 1, 'modifiers': [{'type': 28, 'value': 282}]}"
1758677443,LONG,,1,9339700,,"{'id': 3395, 'context': 1, 'modifiers': [{'type': 28, 'value': 214}]}"
1758677449,LONG,304000,13,,,{'id': 12804}
1758677457,LONG,,1,37230600,,"{'id': 14476, 'context': 0}"
1758677462,LONG,,1,50000000,,"{'id': 82800, 'context': 0, 'modifiers': [{'type': 6, 'value': 48856}], 'pet_breed_id': 4, 'pet_level': 1, 'pet_quality_id': 3, 'pet_species_id': 1228}"
1758677467,LONG,,1,2640100,,"{'id': 14513, 'context': 1, 'modifiers': [{'type': 28, 'value': 205}]}"
1758677489,LONG,,1,72000000,,"{'id': 82800, 'context': 0, 'modifiers': [{'type': 6, 'value': 48662}], 'pet_breed_id': 10, 'pet_level': 1, 'pet_quality_id': 3, 'pet_species_id': 1229}"
1758677495,LONG,187200,80,,,{'id': 34055}
1758677499,LONG,,1,5139900,,"{'id': 82800, 'context': 0, 'modifiers': [{'type': 6, 'value': 9905}], 'pet_breed_id': 7, 'pet_level': 1, 'pet_quality_id': 3, 'pet_species_id': 286}"
1758677525,VERY_LONG,,1,90000,,"{'id': 87411, 'context': 0, 'modifiers': [{'type': 28, 'value': 1032}]}"
1758677607,VERY_LONG,,1,442600,,"{'id': 86380, 'context': 0, 'modifiers': [{'type': 28, 'value': 2008}]}"
1758677698,VERY_LONG,,1,20005800,,"{'id': 141289, 'context': 0, 'bonus_lists': [6654], 'modifiers': [{'type': 9, 'value': 49}, {'type': 28, 'value': 1705}]}"
1758677813,VERY_LONG,,1,5005600,,"{'id': 141285, 'context': 0, 'bonus_lists': [6654], 'modifiers': [{'type': 9, 'value': 34}, {'type': 28, 'value': 1705}]}"
1758677826,VERY_LONG,749300,6,,,{'id': 173058}
1758677899,VERY_LONG,639400,1,,,{'id': 173204}
1758678098,VERY_LONG,1990000,3,,,{'id': 175788}
1758679233,VERY_LONG,647000,2,,,{'id': 172231}
1758679287,VERY_LONG,329400,4,,,{'id': 171829}
1758679829,VERY_LONG,,1,14204800,,"{'id': 7432, 'context': 1, 'bonus_lists': [6654, 1695], 'modifiers': [{'type': 9, 'value': 30}, {'type': 28, 'value': 217}]}"
1758679835,VERY_LONG,,1,4960000,,"{'id': 10112, 'context': 1, 'bonus_lists': [6654, 1695], 'modifiers': [{'type': 9, 'value': 30}, {'type': 28, 'value': 203}]}"
1758679840,VERY_LONG,,1,148400700,,"{'id': 15497, 'context': 1, 'bonus_lists': [6654, 1707], 'modifiers': [{'type': 9, 'value': 30}, {'type': 28, 'value': 193}]}"
1758679846,VERY_LONG,,1,4292900,,"{'id': 15226, 'context': 1, 'bonus_lists': [6655, 1708], 'modifiers': [{'type': 9, 'value': 30}, {'type': 28, 'value': 203}]}"
1758679853,VERY_LONG,,1,6853900,,"{'id': 10188, 'context': 1, 'bonus_lists': [6654, 1695], 'modifiers': [{'type': 9, 'value': 30}, {'type': 28, 'value': 205}]}"
1758679858,VERY_LONG,,1,6409000,,"{'id': 10142, 'context': 1, 'bonus_lists': [6654, 1679], 'modifiers': [{'type': 9, 'value': 30}, {'type': 28, 'value': 205}]}"
1758679860,VERY_LONG,,1,17052200,,"{'id': 10388, 'context': 1, 'bonus_lists': [6654, 1681], 'modifiers': [{'type': 9, 'value': 30}, {'type': 28, 'value': 205}]}"
1758679863,VERY_LONG,,1,2009600,,"{'id': 16802, 'context': 0, 'modifiers': [{'type': 28, 'value': 1004}]}"
1758679866,VERY_LONG,,1,158700200,,"{'id': 14165, 'context': 1, 'bonus_lists': [6654, 1707], 'modifiers': [{'type': 9, 'value': 30}, {'type': 28, 'value': 200}]}"
1758679869,VERY_LONG,,1,19972300,,"{'id': 15167, 'context': 0, 'bonus_lists': [6654, 1707], 'modifiers': [{'type': 9, 'value': 30}, {'type': 28, 'value': 1006}]}"
1758679871,VERY_LONG,,1,4338100,,"{'id': 7531, 'context': 1, 'bonus_lists': [6654, 1706], 'modifiers': [{'type': 9, 'value': 30}, {'type': 28, 'value': 282}]}"
1758679874,VERY_LONG,,1,14930000,,"{'id': 15256, 'context': 1, 'bonus_lists': [6655, 1679], 'modifiers': [{'type': 9, 'value': 30}, {'type': 28, 'value': 205}]}"
1758679883,VERY_LONG,,1,20493300,,"{'id': 6419, 'context': 1, 'bonus_lists': [6654], 'modifiers': [{'type': 9, 'value': 30}, {'type': 28, 'value': 217}]}"
1758679888,VERY_LONG,,1,35007600,,"{'id': 7429, 'context': 1, 'bonus_lists': [6654, 1678], 'modifiers': [{'type': 9, 'value': 30}, {'type': 28, 'value': 217}]}"
1758679892,VERY_LONG,,1,167481200,,"{'id': 14235, 'context': 1, 'bonus_lists': [6654, 1691], 'modifiers': [{'type': 9, 'value': 30}, {'type': 28, 'value': 203}]}"
1758679902,VERY_LONG,,1,24938500,,"{'id': 9942, 'context': 1, 'bonus_lists': [6654, 1709], 'modifiers': [{'type': 9, 'value': 30}, {'type': 28, 'value': 282}]}"
1758679904,VERY_LONG,,1,49008500,,"{'id': 8273, 'context': 1, 'bonus_lists': [6654], 'modifiers': [{'type': 9, 'value': 30}, {'type': 28, 'value': 282}]}"
1758679910,VERY_LONG,,1,112512000,,"{'id': 14742, 'context': 1, 'bonus_lists': [6654], 'modifiers': [{'type': 9, 'value': 30}, {'type': 28, 'value': 200}]}"
1758679914,VERY_LONG,,1,15875900,,"{'id': 10069, 'context': 1, 'bonus_lists': [6654, 1681], 'modifiers': [{'type': 9, 'value': 30}, {'type': 28, 'value': 214}]}"
1758679921,VERY_LONG,,1,76390600,,"{'id': 14835, 'context': 1, 'bonus_lists': [6654], 'modifiers': [{'type': 9, 'value': 30}, {'type': 28, 'value': 218}]}"
1758679924,VERY_LONG,,1,11724700,,"{'id': 15363, 'context': 1, 'bonus_lists': [6654, 1692], 'modifiers': [{'type': 9, 'value': 30}, {'type': 28, 'value': 203}]}"
1758679928,VERY_LONG,,1,4184100,,"{'id': 10222, 'context': 1, 'bonus_lists': [6654, 1679], 'modifiers': [{'type': 9, 'value': 30}, {'type': 28, 'value': 205}]}"
1758679933,VERY_LONG,,1,5545700,,"{'id': 9965, 'context': 1, 'bonus_lists': [6654, 1695], 'modifiers': [{'type': 9, 'value': 30}, {'type': 28, 'value': 214}]}"
1758679934,VERY_LONG,,1,2991100,,"{'id': 113882, 'context': 6, 'bonus_lists': [567], 'modifiers': [{'type': 28, 'value': 2021}]}"
1758679942,VERY_LONG,,1,7123400,,"{'id': 10106, 'context': 1, 'bonus_lists': [6654, 1694], 'modifiers': [{'type': 9, 'value': 30}, {'type': 28, 'value': 205}]}"
1758679944,VERY_LONG,,1,8807700,,"{'id': 10072, 'context': 1, 'bonus_lists': [6654, 1705], 'modifiers': [{'type': 9, 'value': 30}, {'type': 28, 'value': 282}]}"
1758679947,VERY_LONG,,1,11630000,,"{'id': 14685, 'context': 0, 'bonus_lists': [6654], 'modifiers': [{'type': 9, 'value': 30}, {'type': 28, 'value': 1006}]}"
1758679951,VERY_LONG,,1,13470000,,"{'id': 9937, 'context': 1, 'bonus_lists': [6654, 1707], 'modifiers': [{'type': 9, 'value': 30}, {'type': 28, 'value': 282}]}"
1758679954,VERY_LONG,,1,8176600,,"{'id': 6545, 'context': 1, 'bonus_lists': [6654, 1692], 'modifiers': [{'type': 9, 'value': 30}, {'type': 28, 'value': 8}]}"
1758679956,VERY_LONG,,1,15720100,,"{'id': 13070, 'context': 0, 'bonus_lists': [6658], 'modifiers': [{'type': 9, 'value': 30}, {'type': 28, 'value': 1005}]}"
1758679961,VERY_LONG,,1,1132145600,,"{'id': 124350, 'context': 6, 'bonus_lists': [1799, 42, 1473], 'modifiers': [{'type': 28, 'value': 2019}]}"
1758679963,VERY_LONG,,1,132459000,,"{'id': 14730, 'context': 1, 'bonus_lists': [6654], 'modifiers': [{'type': 9, 'value': 30}, {'type': 28, 'value': 200}]}"
1758679965,VERY_LONG,,1,12822400,,"{'id': 10281, 'context': 1, 'bonus_lists': [6654, 1681], 'modifiers': [{'type': 9, 'value': 30}, {'type': 28, 'value': 203}]}"
1758679969,VERY_LONG,,1,2775500,,"{'id': 10385, 'context': 1, 'bonus_lists': [6654, 1694], 'modifiers': [{'type': 9, 'value': 30}, {'type': 28, 'value': 205}]}"
1758679972,VERY_LONG,,1,7576000,,"{'id': 3430, 'context': 1, 'bonus_lists': [6655, 1708], 'modifiers': [{'type': 9, 'value': 30}, {'type': 28, 'value': 214}]}"
1758679976,VERY_LONG,,1,57529500,,"{'id': 10387, 'context': 1, 'bonus_lists': [6654, 1677], 'modifiers': [{'type': 9, 'value': 30}, {'type': 28, 'value': 205}]}"
1758679981,VERY_LONG,,1,10674100,,"{'id': 15272, 'context': 1, 'bonus_lists': [6655, 1709], 'modifiers': [{'type': 9, 'value': 30}, {'type': 28, 'value': 205}]}"
1758679984,VERY_LONG,,1,11340000,,"{'id': 7438, 'context': 1, 'bonus_lists': [6654, 1692], 'modifiers': [{'type': 9, 'value': 30}, {'type': 28, 'value': 217}]}"
1758679986,VERY_LONG,,1,87759600,,"{'id': 4068, 'context': 1, 'bonus_lists': [6655], 'modifiers': [{'type': 9, 'value': 30}, {'type': 28, 'value': 214}]}"
1758679991,VERY_LONG,,1,27959000,,"{'id': 8309, 'context': 1, 'bonus_lists': [6654], 'modifiers': [{'type': 9, 'value': 30}, {'type': 28, 'value': 205}]}"
1758679993,VERY_LONG,,1,11270700,,"{'id': 9900, 'context': 1, 'bonus_lists': [6654, 1679], 'modifiers': [{'type': 9, 'value': 30}, {'type': 28, 'value': 214}]}"
1758679996,VERY_LONG,,1,40000000,,"{'id': 14560, 'context': 1, 'bonus_lists': [6654], 'modifiers': [{'type': 9, 'value': 30}, {'type': 28, 'value': 193}]}"
1758679998,VERY_LONG,,1,18773500,,"{'id': 9939, 'context': 1, 'bonus_lists': [6654, 1709], 'modifiers': [{'type': 9, 'value': 30}, {'type': 28, 'value': 282}]}"
1758680000,VERY_LONG,,1,26876700,,"{'id': 10199, 'context': 1, 'bonus_lists': [6654, 1709], 'modifiers': [{'type': 9, 'value': 30}, {'type': 28, 'value': 201}]}"
1758680002,VERY_LONG,,1,19341900,,"{'id': 8284, 'context': 1, 'bonus_lists': [6654], 'modifiers': [{'type': 9, 'value': 30}, {'type': 28, 'value': 205}]}"
1758680005,VERY_LONG,,1,32285300,,"{'id': 9961, 'context': 1, 'bonus_lists': [6654, 1680], 'modifiers': [{'type': 9, 'value': 30}, {'type': 28, 'value': 214}]}"
1758680007,VERY_LONG,,1,6350300,,"{'id': 7520, 'context': 1, 'bonus_lists': [6654, 1691], 'modifiers': [{'type': 9, 'value': 30}, {'type': 28, 'value': 282}]}"
1758680010,VERY_LONG,,1,15426700,,"{'id': 10217, 'context': 1, 'bonus_lists': [6654, 1694], 'modifiers': [{'type': 9, 'value': 30}, {'type': 28, 'value': 205}]}"
1758680015,VERY_LONG,,1,126847500,,"{'id': 8276, 'context': 1, 'bonus_lists': [6654], 'modifiers': [{'type': 9, 'value': 30}, {'type': 28, 'value': 214}]}"
1758680018,VERY_LONG,,1,13421500,,"{'id': 10209, 'context': 1, 'bonus_lists': [6654, 1694], 'modifiers': [{'type': 9, 'value': 30}, {'type': 28, 'value': 282}]}"
1758680021,VERY_LONG,,1,10100800,,"{'id': 10182, 'context': 1, 'bonus_lists': [6654, 1709], 'modifiers': [{'type': 9, 'value': 30}, {'type': 28, 'value': 205}]}"
1758680024,VERY_LONG,,1,8467000,,"{'id': 3197, 'context': 1, 'bonus_lists': [6655, 1708], 'modifiers': [{'type': 9, 'value': 30}, {'type': 28, 'value': 203}]}"
1758680026,VERY_LONG,,1,12485200,,"{'id': 10113, 'context': 0, 'bonus_lists': [6654, 1677], 'modifiers': [{'type': 9, 'value': 30}, {'type': 28, 'value': 33}]}"
1758680030,VERY_LONG,,1,26541700,,"{'id': 8277, 'context': 1, 'bonus_lists': [6654], 'modifiers': [{'type': 9, 'value': 30}, {'type': 28, 'value': 282}]}"
1758680036,VERY_LONG,,1,583304800,,"{'id': 14213, 'context': 1, 'bonus_lists': [6654, 1694], 'modifiers': [{'type': 9, 'value': 30}, {'type': 28, 'value': 203}]}"
1758680040,VERY_LONG,,1,50001100,,"{'id': 15312, 'context': 1, 'bonus_lists': [6654, 1691], 'modifiers': [{'type': 9, 'value': 30}, {'type': 28, 'value': 193}]}"
1758680044,VERY_LONG,,1,16250600,,"{'id': 15978, 'context': 1, 'bonus_lists': [6655, 1678], 'modifiers': [{'type': 9, 'value': 30}, {'type': 28, 'value': 203}]}"
1758680047,VERY_LONG,,1,17193500,,"{'id': 10144, 'context': 1, 'bonus_lists': [6654, 1705], 'modifiers': [{'type': 9, 'value': 30}, {'type': 28, 'value': 205}]}"
1758680055,VERY_LONG,,1,20129700,,"{'id': 14779, 'context': 53, 'bonus_lists': [4277], 'modifiers': [{'type': 9, 'value': 45}]}"
1758680058,VERY_LONG,,1,83288800,,"{'id': 9774, 'context': 1, 'bonus_lists': [6654, 1708], 'modifiers': [{'type': 9, 'value': 30}, {'type': 28, 'value': 200}]}"
1758680062,VERY_LONG,,1,10103100,,"{'id': 7539, 'context': 1, 'bonus_lists': [6654, 1677], 'modifiers': [{'type': 9, 'value': 30}, {'type': 28, 'value': 282}]}"
1758680073,VERY_LONG,,1,9970400,,"{'id': 15216, 'context': 0, 'bonus_lists': [6655, 1694], 'modifiers': [{'type': 9, 'value': 30}, {'type': 28, 'value': 33}]}"
1758680076,VERY_LONG,,1,4960000,,"{'id': 120166, 'context': 1, 'bonus_lists': [6710], 'modifiers': [{'type': 9, 'value': 30}, {'type': 28, 'value': 200}]}"
1758680078,VERY_LONG,,1,108341100,,"{'id': 12001, 'context': 1, 'bonus_lists': [6654, 1705], 'modifiers': [{'type': 9, 'value': 30}, {'type': 28, 'value': 214}]}"
1758680083,VERY_LONG,,1,12273500,,"{'id': 2034, 'context': 1, 'bonus_lists': [6709], 'modifiers': [{'type': 9, 'value': 30}, {'type': 28, 'value': 200}]}"
1758680086,VERY_LONG,,1,7491900,,"{'id': 7471, 'context': 1, 'bonus_lists': [6654, 1709], 'modifiers': [{'type': 9, 'value': 30}, {'type': 28, 'value': 214}]}"
1758680091,VERY_LONG,,1,6173800,,"{'id': 9953, 'context': 1, 'bonus_lists': [6654, 1692], 'modifiers': [{'type': 9, 'value': 30}, {'type': 28, 'value': 282}]}"
1758680096,VERY_LONG,,1,6750200,,"{'id': 10251, 'context': 0, 'bonus_lists': [6654, 1678], 'modifiers': [{'type': 9, 'value': 30}, {'type': 28, 'value': 1005}]}"
1758680098,VERY_LONG,,1,27151800,,"{'id': 10084, 'context': 1, 'bonus_lists': [6654, 1679], 'modifiers': [{'type': 9, 'value': 30}, {'type': 28, 'value': 282}]}"
1758681959,LONG,90000,1,,,{'id': 2996}
1758681965,LONG,661000,9,,,{'id': 14227}
1758681969,LONG,690000,17,,,{'id': 52326}
1758681983,LONG,182100,19,,,{'id': 10285}
1758681986,LONG,15429000,10,,,{'id': 52325}
1758681990,LONG,1000000,1,,,{'id': 36860}
1758681998,LONG,106400,1,,,{'id': 12207}
1758682001,LONG,302700,22,,,{'id': 12205}
1758682004,LONG,4701900,3,,,{'id': 23784}
1758682011,LONG,248500,1,,,{'id': 52191}
1758682591,VERY_LONG,,1,51622600,,"{'id': 8272, 'context': 1, 'bonus_lists': [6654], 'modifiers': [{'type': 9, 'value': 30}, {'type': 28, 'value': 201}]}"
1758682603,VERY_LONG,,1,14203600,,"{'id': 10187, 'context': 1, 'bonus_lists': [6654, 1677], 'modifiers': [{'type': 9, 'value': 30}, {'type': 28, 'value': 205}]}"
1758682612,VERY_LONG,,1,24958300,,"{'id': 8320, 'context': 1, 'bonus_lists': [6655], 'modifiers': [{'type': 9, 'value': 30}, {'type': 28, 'value': 205}]}"
1758682620,VERY_LONG,,1,1504400,,"{'id': 15979, 'context': 1, 'bonus_lists': [6655, 1694], 'modifiers': [{'type': 9, 'value': 30}, {'type': 28, 'value': 203}]}"
1758682624,VERY_LONG,,1,102825900,,"{'id': 14230, 'context': 1, 'bonus_lists': [6654, 1708], 'modifiers': [{'type': 9, 'value': 30}, {'type': 28, 'value': 203}]}"
1758682630,VERY_LONG,,1,21066900,,"{'id': 11999, 'context': 1, 'bonus_lists': [6654, 1680], 'modifiers': [{'type': 9, 'value': 30}, {'type': 28, 'value': 282}]}"
1758682635,VERY_LONG,,1,5000000,,"{'id': 173241, 'context': 63, 'bonus_lists': [6716, 1487]}"
1758682637,VERY_LONG,,1,36471800,,"{'id': 15153, 'context': 1, 'bonus_lists': [6654, 1709], 'modifiers': [{'type': 9, 'value': 30}, {'type': 28, 'value': 203}]}"
1758682645,VERY_LONG,,1,6148400,,"{'id': 10264, 'context': 0, 'bonus_lists': [6654, 1692], 'modifiers': [{'type': 9, 'value': 30}, {'type': 28, 'value': 1005}]}"
1758682652,VERY_LONG,,1,6527500,,"{'id': 15286, 'context': 1, 'bonus_lists': [6655], 'modifiers': [{'type': 9, 'value': 30}, {'type': 28, 'value': 203}]}"
1758682661,VERY_LONG,,1,4556200,,"{'id': 12030, 'context': 1, 'bonus_lists': [6654, 1679], 'modifiers': [{'type': 9, 'value': 30}, {'type': 28, 'value': 203}]}"
1758682668,VERY_LONG,,1,12730600,,"{'id': 10370, 'context': 1, 'bonus_lists': [6654], 'modifiers': [{'type': 9, 'value': 30}, {'type': 28, 'value': 205}]}"
1758682673,VERY_LONG,,1,7859800,,"{'id': 10378, 'context': 0, 'bonus_lists': [6654, 1694], 'modifiers': [{'type': 9, 'value': 30}, {'type': 28, 'value': 1005}]}"
1758682680,VERY_LONG,,1,650000,,"{'id': 13135, 'context': 1, 'bonus_lists': [6658], 'modifiers': [{'type': 9, 'value': 30}, {'type': 28, 'value': 205}]}"
1758682684,VERY_LONG,,1,187299300,,"{'id': 15330, 'context': 1, 'bonus_lists': [6654, 1681], 'modifiers': [{'type': 9, 'value': 30}, {'type': 28, 'value': 200}]}"
1758682688,VERY_LONG,,1,5062600,,"{'id': 15227, 'context': 1, 'bonus_lists': [6655, 1677], 'modifiers': [{'type': 9, 'value': 30}, {'type': 28, 'value': 282}]}"
1758682699,VERY_LONG,,1,9480000,,"{'id': 8306, 'context': 1, 'bonus_lists': [6654], 'modifiers': [{'type': 9, 'value': 30}, {'type': 28, 'value': 205}]}"
1758682706,VERY_LONG,,1,63802700,,"{'id': 113932, 'context': 6, 'bonus_lists': [562, 565, 567], 'modifiers': [{'type': 28, 'value': 2021}]}"
1758682715,VERY_LONG,,1,1220000,,"{'id': 10095, 'context': 1, 'bonus_lists': [6654, 1691], 'modifiers': [{'type': 9, 'value': 30}, {'type': 28, 'value': 205}]}"
1758682723,VERY_LONG,,1,720695100,,"{'id': 119341, 'context': 6, 'bonus_lists': [41, 567], 'modifiers': [{'type': 28, 'value': 2021}]}"
1758682726,VERY_LONG,,1,13198300,,"{'id': 10280, 'context': 1, 'bonus_lists': [6654, 1677], 'modifiers': [{'type': 9, 'value': 30}, {'type': 28, 'value': 205}]}"
1758682733,VERY_LONG,,1,25128000,,"{'id': 11989, 'context': 1, 'bonus_lists': [6654, 1706], 'modifiers': [{'type': 9, 'value': 30}, {'type': 28, 'value': 282}]}"
1758682745,VERY_LONG,,1,468574500,,"{'id': 14121, 'context': 1, 'bonus_lists': [6654, 1692], 'modifiers': [{'type': 9, 'value': 30}, {'type': 28, 'value': 193}]}"
1758682748,VERY_LONG,,1,8277000,,"{'id': 10140, 'context': 1, 'bonus_lists': [6654, 1707], 'modifiers': [{'type': 9, 'value': 30}, {'type': 28, 'value': 205}]}"
1758682750,VERY_LONG,,1,6145600,,"{'id': 10235, 'context': 1, 'bonus_lists': [6654, 1706], 'modifiers': [{'type': 9, 'value': 30}, {'type': 28, 'value': 203}]}"
1758682751,VERY_LONG,,1,49841000,,"{'id': 10178, 'context': 1, 'bonus_lists': [6654, 1709], 'modifiers': [{'type': 9, 'value': 30}, {'type': 28, 'value': 205}]}"
1758682759,VERY_LONG,,1,6007900,,"{'id': 10380, 'context': 1, 'bonus_lists': [6654, 1693], 'modifiers': [{'type': 9, 'value': 30}, {'type': 28, 'value': 205}]}"
1758682766,VERY_LONG,,1,997600,,"{'id': 10216, 'context': 1, 'bonus_lists': [6654, 1678], 'modifiers': [{'type': 9, 'value': 30}, {'type': 28, 'value': 205}]}"
1758682770,VERY_LONG,,1,193701900,,"{'id': 15573, 'context': 1, 'bonus_lists': [6654, 1707], 'modifiers': [{'type': 9, 'value': 30}, {'type': 28, 'value': 203}]}"
1758682777,VERY_LONG,,1,37591500,,"{'id': 8110, 'context': 1, 'bonus_lists': [6654], 'modifiers': [{'type': 9, 'value': 30}, {'type': 28, 'value': 282}]}"
1758682783,VERY_LONG,,1,19949600,,"{'id': 10163, 'context': 0, 'bonus_lists': [6654, 1692], 'modifiers': [{'type': 9, 'value': 30}, {'type': 28, 'value': 1005}]}"
1758682790,VERY_LONG,,1,13406400,,"{'id': 10225, 'context': 1, 'bonus_lists': [6654, 1679], 'modifiers': [{'type': 9, 'value': 30}, {'type': 28, 'value': 205}]}"
1758682792,VERY_LONG,,1,1578900,,"{'id': 15233, 'context': 1, 'bonus_lists': [6655, 1677], 'modifiers': [{'type': 9, 'value': 30}, {'type': 28, 'value': 203}]}"
1758682800,VERY_LONG,,1,28281300,,"{'id': 14218, 'context': 1, 'bonus_lists': [6654, 1691], 'modifiers': [{'type': 9, 'value': 30}, {'type': 28, 'value': 203}]}"
1758682805,VERY_LONG,,1,21003200,,"{'id': 9862, 'context': 1, 'bonus_lists': [6654, 1678], 'modifiers': [{'type': 9, 'value': 30}, {'type': 28, 'value': 217}]}"
1758682835,LONG,,1,800000000,400000000,"{'id': 71993, 'context': 0}"
1758682839,LONG,,1,43590000,,"{'id': 171415, 'context': 63, 'bonus_lists': [6716, 7193, 1487]}"
1758682844,LONG,,1,120462200,,"{'id': 171415, 'context': 65, 'bonus_lists': [6718, 7193, 1522]}"
1758682851,LONG,,1,200000000,100000000,"{'id': 82957, 'context': 0}"
1758682856,LONG,650000,2,,,{'id': 2871}
1758682860,LONG,,1,240000000,120000000,"{'id': 82944, 'context': 0}"
1758682865,LONG,,1,95322100,47661100,"{'id': 93548, 'context': 0}"
1758682873,LONG,8024600,40,,,{'id': 132514}
1758682876,LONG,,1,275000000,137500000,"{'id': 82929, 'context': 0, 'bonus_lists': [1681]}"
1758682882,LONG,15000000,174,,,{'id': 173172}
1758682887,LONG,150000000,1,,,{'id': 42500}
1758682894,LONG,1400000,50,,,{'id': 172049}
1758682899,LONG,4984600,1,,,{'id': 116654}
1758682905,LONG,,1,550000000,275000000,"{'id': 82926, 'context': 0}"
1758682908,LONG,,1,140000000,70000000,"{'id': 82948, 'context': 0}"
1758682911,LONG,,1,600000000,300000000,"{'id': 82925, 'context': 0}"
1758682913,LONG,1500000,1,,,{'id': 7965}
1758682919,LONG,1500000,2,,,{'id': 7964}
1758682924,LONG,,1,40000000,20000000,"{'id': 82900, 'context': 0}"
1758682931,LONG,,1,30522800,24939400,"{'id': 41114, 'context': 0}"
1758682936,LONG,,1,42400000,,"{'id': 171414, 'context': 63, 'bonus_lists': [6716, 1487]}"
1758682938,LONG,,1,170000000,85000000,"{'id': 82919, 'context': 0}"
1758682946,LONG,,1,230000000,115000000,"{'id': 82924, 'context': 0}"
1758682956,LONG,,1,110000000,,"{'id': 171412, 'context': 65, 'bonus_lists': [6718, 1522]}"
1758682967,LONG,,1,2200000000,1100000000,"{'id': 71984, 'context': 0}"
1758682975,LONG,,1,69990000,,"{'id': 171418, 'context': 63, 'bonus_lists': [6716, 7194, 1487]}"
1758682987,LONG,,1,275000000,137500000,"{'id': 82951, 'context': 0}"
1758682988,LONG,,1,215001300,107500700,"{'id': 40675, 'context': 0}"
1758682991,LONG,,1,130000000,65000000,"{'id': 82961, 'context': 0}"
1758682992,LONG,,1,121302600,60651300,"{'id': 7945, 'context': 0}"
1758682999,LONG,3750000,1,,,{'id': 2863}
1758683002,LONG,,1,250000000,125000000,"{'id': 82907, 'context': 0, 'bonus_lists': [1708]}"
1758683005,LONG,,1,240000000,120000000,"{'id': 3844, 'context': 0}"
1758683008,LONG,,1,90809000,45404500,"{'id': 93624, 'context': 0}"
1758683010,LONG,,1,100000000,50000000,"{'id': 82909, 'context': 0, 'bonus_lists': [1688]}"
1758683015,LONG,,1,15627100,7813600,"{'id': 82962, 'context': 0}"
1758683019,LONG,59896400,1,,,{'id': 41976}
1758683023,LONG,,1,600000000,300000000,"{'id': 43871, 'context': 0}"
1758683028,LONG,,1,190000000,95000000,"{'id': 82950, 'context': 0}"
1758683034,LONG,,1,250000000,125000000,"{'id': 82968, 'context': 0}"
1758683038,LONG,,1,78935300,39467700,"{'id': 93545, 'context': 0}"
1758683042,LONG,120000000,1,,,{'id': 6042}
1758683046,LONG,,1,32500000,16250000,"{'id': 82916, 'context': 0}"
1758683053,LONG,,1,230000000,115000000,"{'id': 82949, 'context': 0}"
1758683055,LONG,,1,325000000,162500000,"{'id': 82922, 'context': 0}"
1758683058,LONG,,1,120000000,60000000,"{'id': 82956, 'context': 0}"
1758683062,LONG,,1,90469800,,"{'id': 171413, 'context': 65, 'bonus_lists': [6718, 1522]}"
1758683072,LONG,,1,240000000,120000000,"{'id': 82954, 'context': 0}"
1758683080,LONG,,1,1000000000,500000000,"{'id': 55070, 'context': 0}"
1758683085,LONG,,1,1900000000,950000000,"{'id': 71991, 'context': 0}"
1758683091,LONG,,1,19355800,9677900,"{'id': 116425, 'context': 13, 'bonus_lists': [103]}"
1758683097,LONG,,1,45000000,22500000,"{'id': 7930, 'context': 0}"
1758683100,LONG,,1,3500000000,1750000000,"{'id': 71982, 'context': 0}"
1758684104,LONG,,1,400000000,200000000,"{'id': 82969, 'context': 0}"
1758684112,LONG,,1,27500000,13750000,"{'id': 7920, 'context': 0}"
1758684114,LONG,,1,70000000,35000000,"{'id': 82906, 'context': 0, 'bonus_lists': [1686]}"
1758684124,LONG,,1,220000000,110000000,"{'id': 82958, 'context': 0}"
1758684128,LONG,,1,230000000,115000000,"{'id': 82945, 'context': 0}"
1758684132,LONG,,1,240000000,120000000,"{'id': 82953, 'context': 0}"
1758684139,LONG,,1,60000000,,"{'id': 171419, 'context': 64, 'bonus_lists': [6717, 7194, 1507]}"
1758684145,LONG,,1,92705000,,"{'id': 171419, 'context': 65, 'bonus_lists': [6718, 7194, 1522]}"
1758684151,LONG,,1,210000000,105000000,"{'id': 82955, 'context': 0}"
1758684200,LONG,,1,700000000,350000000,"{'id': 82923, 'context': 0}"
1758684205,LONG,,1,230000000,115000000,"{'id': 82946, 'context': 0}"
1758684208,LONG,30000,217,,,{'id': 43007}
1758684213,LONG,,1,1750000000,1575000000,"{'id': 128671, 'context': 14, 'modifiers': [{'type': 28, 'value': 302}]}"
1758684217,LONG,,1,325000000,162500000,"{'id': 82921, 'context': 0}"
1758684221,LONG,8500000,179,,,{'id': 173171}
1758684229,LONG,,1,90000000,45000000,"{'id': 7924, 'context': 0}"
1758684235,LONG,1034200,7,,,{'id': 12404}
1758684238,LONG,,1,120000000,60000000,"{'id': 3837, 'context': 0}"
1758684247,LONG,19000,10,,,{'id': 154897}
1758684254,LONG,,1,1700000000,850000000,"{'id': 71983, 'context': 0}"
1758684285,LONG,,1,700000000,350000000,"{'id': 82920, 'context': 0}"
1758684293,LONG,,1,188372600,94186300,"{'id': 41184, 'context': 0}"
1758684299,LONG,,1,135000000,,"{'id': 171416, 'context': 64, 'bonus_lists': [6717, 1507]}"
1758684308,LONG,,1,5109100,3114400,"{'id': 116427, 'context': 13, 'bonus_lists': [117]}"
1758684319,LONG,,1,300000000,150000000,"{'id': 82947, 'context': 0}"
1758684327,LONG,,1,240000000,120000000,"{'id': 82952, 'context': 0}"
1758684334,LONG,,1,5512700,4806700,"{'id': 7969, 'context': 0}"
1758684344,LONG,,1,50000000,25000000,"{'id': 82904, 'context': 0, 'bonus_lists': [1680]}"
1758684350,LONG,,1,166244700,83122400,"{'id': 43865, 'context': 0}"
1758684361,LONG,,1,170000000,85000000,"{'id': 3843, 'context': 0}"
1758684370,LONG,,1,650000000,325000000,"{'id': 7946, 'context': 0}"
1758684375,LONG,,1,24000000,12000000,"{'id': 7921, 'context': 0}"
1758684380,LONG,,1,2200000000,1100000000,"{'id': 71992, 'context': 0}"
1758684384,LONG,130000000,1,,,{'id': 7967}
1758684390,LONG,,1,16500000,,"{'id': 171417, 'context': 63, 'bonus_lists': [6716, 1487]}"
1758684393,LONG,,1,110000000,55000000,"{'id': 82903, 'context': 0, 'bonus_lists': [1699]}"
1758686162,LONG,,1,9999900,,"{'id': 177807, 'context': 0, 'bonus_lists': [6706], 'modifiers': [{'type': 9, 'value': 57}, {'type': 28, 'value': 746}]}"
1758686181,LONG,6508700,1,,,{'id': 19278}
1758686187,LONG,,1,24537900,,"{'id': 14276, 'context': 54, 'bonus_lists': [1681, 4278], 'modifiers': [{'type': 9, 'value': 50}]}"
1758686199,LONG,,1,87500,,"{'id': 128310, 'context': 31, 'modifiers': [{'type': 28, 'value': 176}]}"
1758686203,LONG,,1,20405800,,"{'id': 82090, 'context': 36, 'bonus_lists': [6654, 1694], 'modifiers': [{'type': 9, 'value': 48}]}"
1758686221,LONG,,1,60700000,,"{'id': 106725, 'context': 0, 'bonus_lists': [6654, 103], 'modifiers': [{'type': 9, 'value': 46}, {'type': 28, 'value': 435}]}"
1758686229,LONG,,1,70000000,,"{'id': 14293, 'context': 54, 'bonus_lists': [1694, 4277], 'modifiers': [{'type': 9, 'value': 50}]}"
1758686241,LONG,37200,101,,,{'id': 153635}
1758686264,LONG,,1,35846900,,"{'id': 36609, 'context': 0, 'bonus_lists': [6655, 1692], 'modifiers': [{'type': 9, 'value': 50}, {'type': 28, 'value': 1401}]}"
1758686271,LONG,,1,7439000,,"{'id': 10169, 'context': 1, 'bonus_lists': [6654, 1706], 'modifiers': [{'type': 9, 'value': 48}]}"
1758686295,LONG,,1,230000000,,"{'id': 35211, 'context': 0}"
1758686305,LONG,,1,7008600,,"{'id': 81982, 'context': 30, 'bonus_lists': [1698, 4764], 'modifiers': [{'type': 9, 'value': 45}]}"
1758686323,LONG,111700,2,,,{'id': 37700}
1758686334,LONG,380000,1,,,{'id': 38960}
1758686360,LONG,,1,40000600,,"{'id': 159491, 'context': 0, 'bonus_lists': [4796, 4802, 1708], 'modifiers': [{'type': 9, 'value': 50}]}"
1758686517,LONG,,1,65000000,,"{'id': 15184, 'context': 54, 'bonus_lists': [1705, 4277], 'modifiers': [{'type': 9, 'value': 50}]}"
1758686523,LONG,,1,76547300,,"{'id': 14983, 'context': 54, 'bonus_lists': [1709, 4277], 'modifiers': [{'type': 9, 'value': 50}]}"
1758686533,LONG,,1,219722800,,"{'id': 159811, 'context': 0, 'bonus_lists': [4796, 1692], 'modifiers': [{'type': 9, 'value': 50}]}"
1758686553,LONG,28711900,2,,,{'id': 38779}
1758686558,LONG,,1,3488500,,"{'id': 82193, 'context': 30, 'bonus_lists': [1709, 4764], 'modifiers': [{'type': 9, 'value': 45}]}"
1758686563,LONG,,1,30099500,,"{'id': 87443, 'context': 36, 'bonus_lists': [4760], 'modifiers': [{'type': 9, 'value': 40}]}"
1758686576,LONG,,1,32500000,,"{'id': 15382, 'context': 1, 'bonus_lists': [1693]}"
1758686581,LONG,,1,156856100,,"{'id': 754, 'context': 0}"
1758686589,LONG,,1,38916400,,"{'id': 7450, 'context': 1}"
1758686591,LONG,,1,80000000,,"{'id': 159546, 'context': 0, 'bonus_lists': [4796, 1679], 'modifiers': [{'type': 9, 'value': 50}]}"
1758686598,LONG,,1,49998600,,"{'id': 14968, 'context': 54, 'bonus_lists': [1679, 4277], 'modifiers': [{'type': 9, 'value': 50}]}"
1758686602,LONG,2749600,5,,,{'id': 82442}
1758686607,LONG,,1,44998100,,"{'id': 108631, 'context': 0, 'modifiers': [{'type': 28, 'value': 176}]}"
1758686611,LONG,,1,24999900,,"{'id': 24599, 'context': 22, 'bonus_lists': [6654, 1691], 'modifiers': [{'type': 9, 'value': 30}, {'type': 28, 'value': 1076}]}"
1758686617,LONG,,1,75000000,,"{'id': 15442, 'context': 54, 'bonus_lists': [1680, 4277], 'modifiers': [{'type': 9, 'value': 50}]}"
1758686629,LONG,,1,500000,,"{'id': 82258, 'context': 0, 'bonus_lists': [6654, 1684], 'modifiers': [{'type': 9, 'value': 35}, {'type': 28, 'value': 1035}]}"
1758686642,LONG,,1,24999900,,"{'id': 94058, 'context': 9, 'bonus_lists': [1702], 'modifiers': [{'type': 28, 'value': 167}]}"
1758686651,LONG,,1,999999800,,"{'id': 16252, 'context': 0}"
1758686671,LONG,,1,24999900,,"{'id': 14774, 'context': 1}"
1758686684,LONG,2269500,2,,,{'id': 82443}
1758686687,LONG,,1,14000000,,"{'id': 82086, 'context': 36, 'bonus_lists': [6654, 1706], 'modifiers': [{'type': 9, 'value': 48}]}"
1758686694,LONG,,1,24999600,,"{'id': 15672, 'context': 54, 'bonus_lists': [1693, 4279], 'modifiers': [{'type': 9, 'value': 50}]}"
1758686700,LONG,5149300,1,,,{'id': 154705}
1758686704,LONG,,1,588000,,"{'id': 82263, 'context': 0, 'bonus_lists': [6654, 1714], 'modifiers': [{'type': 9, 'value': 35}, {'type': 28, 'value': 167}]}"
1758686707,LONG,,1,35000000,,"{'id': 106729, 'context': 0, 'bonus_lists': [6654, 51], 'modifiers': [{'type': 9, 'value': 46}, {'type': 28, 'value': 435}]}"
1758686757,VERY_LONG,,1,329000000,279650000,"{'id': 82800, 'context': 0, 'modifiers': [{'type': 6, 'value': 95581}], 'pet_breed_id': 21, 'pet_level': 1, 'pet_quality_id': 2, 'pet_species_id': 2915}"
1758686882,VERY_LONG,,1,379500000,356730000,"{'id': 82800, 'context': 0, 'modifiers': [{'type': 6, 'value': 98456}], 'pet_breed_id': 6, 'pet_level': 1, 'pet_quality_id': 2, 'pet_species_id': 3019}"
1758687104,VERY_LONG,2340000,721,,,{'id': 168822}
1758687124,VERY_LONG,1300000,391,,,{'id': 172439}
1758687151,VERY_LONG,405000,29,,,{'id': 20404}
1758687231,VERY_LONG,,1,85965200,73808500,"{'id': 82800, 'context': 0, 'modifiers': [{'type': 6, 'value': 99894}], 'pet_breed_id': 18, 'pet_level': 1, 'pet_quality_id': 2, 'pet_species_id': 2928}"
1758687280,VERY_LONG,,1,956000000,898640000,"{'id': 82800, 'context': 0, 'modifiers': [{'type': 6, 'value': 97329}], 'pet_breed_id': 5, 'pet_level': 1, 'pet_quality_id': 2, 'pet_species_id': 2893}"
1758687340,VERY_LONG,,1,60770000,56000000,"{'id': 82800, 'context': 0, 'modifiers': [{'type': 6, 'value': 95927}], 'pet_breed_id': 5, 'pet_level': 1, 'pet_quality_id': 2, 'pet_species_id': 2911}"
1758687391,LONG,800000,1,,,{'id': 38768}
1758687401,LONG,,1,40000000,,"{'id': 82002, 'context': 36, 'bonus_lists': [1686, 4767], 'modifiers': [{'type': 9, 'value': 45}]}"
1758687405,LONG,,1,500000000,,"{'id': 118850, 'context': 0, 'bonus_lists': [6659], 'modifiers': [{'type': 9, 'value': 46}, {'type': 28, 'value': 435}]}"
1758687411,LONG,,1,23000000,,"{'id': 154834, 'context': 0, 'bonus_lists': [4796, 1717], 'modifiers': [{'type': 9, 'value': 50}]}"
1758687418,LONG,,1,25000000,,"{'id': 160182, 'context': 0, 'bonus_lists': [4796, 1700], 'modifiers': [{'type': 9, 'value': 50}]}"
1758687421,LONG,,1,35000000,,"{'id': 14678, 'context': 54, 'bonus_lists': [4278], 'modifiers': [{'type': 9, 'value': 50}]}"
1758687423,LONG,,1,27500000,,"{'id': 36588, 'context': 30, 'bonus_lists': [1678, 3871], 'modifiers': [{'type': 9, 'value': 45}]}"
1758687425,LONG,,1,110000000,,"{'id': 154810, 'context': 0, 'bonus_lists': [4796, 1713], 'modifiers': [{'type': 9, 'value': 50}]}"
1758687429,LONG,29300,2,,,{'id': 153494}
1758687435,LONG,,1,10000000,,"{'id': 82009, 'context': 36, 'bonus_lists': [1680, 4767], 'modifiers': [{'type': 9, 'value': 45}]}"
1758687439,LONG,,1,7000000,,"{'id': 106745, 'context': 0, 'bonus_lists': [6654, 111], 'modifiers': [{'type': 9, 'value': 50}, {'type': 28, 'value': 435}]}"
1758687445,LONG,,1,32500000,,"{'id': 159563, 'context': 0, 'bonus_lists': [6655, 1681], 'modifiers': [{'type': 9, 'value': 48}, {'type': 28, 'value': 190}]}"
1758687446,LONG,,1,47500000,,"{'id': 82001, 'context': 36, 'bonus_lists': [6655, 1685], 'modifiers': [{'type': 9, 'value': 48}]}"
1758687463,LONG,,1,25000000,,"{'id': 82227, 'context': 30, 'bonus_lists': [1715, 4767], 'modifiers': [{'type': 9, 'value': 45}]}"
1758687476,LONG,,1,17000000,,"{'id': 82147, 'context': 36, 'bonus_lists': [6654, 1708], 'modifiers': [{'type': 9, 'value': 48}]}"
1758687482,LONG,,1,1800000,,"{'id': 82077, 'context': 36, 'bonus_lists': [6654, 1685], 'modifiers': [{'type': 9, 'value': 48}]}"
1758687493,LONG,,1,27500000,,"{'id': 106722, 'context': 0, 'bonus_lists': [6654, 96], 'modifiers': [{'type': 9, 'value': 46}, {'type': 28, 'value': 435}]}"
1758687498,LONG,,1,20000000,,"{'id': 176971, 'context': 0, 'bonus_lists': [6907, 41, 1705], 'modifiers': [{'type': 9, 'value': 59}, {'type': 28, 'value': 1707}]}"
1758687504,LONG,,1,22000000,,"{'id': 176765, 'context': 0, 'bonus_lists': [6907, 6652, 1710], 'modifiers': [{'type': 9, 'value': 60}, {'type': 28, 'value': 1707}]}"
1758687506,LONG,,1,7500000,,"{'id': 106410, 'context': 0, 'bonus_lists': [52]}"
1758687511,LONG,,1,19000000,,"{'id': 82024, 'context': 36, 'bonus_lists': [6654, 1713], 'modifiers': [{'type': 9, 'value': 48}]}"
1758687516,LONG,,1,800000,,"{'id': 9793, 'context': 0, 'bonus_lists': [6654, 1680], 'modifiers': [{'type': 9, 'value': 48}]}"
1758687519,LONG,,1,220000000,,"{'id': 116571, 'context': 22, 'bonus_lists': [6655, 37], 'modifiers': [{'type': 9, 'value': 40}, {'type': 28, 'value': 1145}]}"
1758687523,LONG,,1,750000000,,"{'id': 118815, 'context': 0, 'bonus_lists': [6658], 'modifiers': [{'type': 9, 'value': 46}, {'type': 28, 'value': 435}]}"
1758687529,LONG,,1,200000000,,"{'id': 118793, 'context': 0, 'bonus_lists': [6659], 'modifiers': [{'type': 9, 'value': 50}, {'type': 28, 'value': 435}]}"
1758687532,LONG,,1,42500000,,"{'id': 154830, 'context': 0, 'bonus_lists': [6654, 1698], 'modifiers': [{'type': 9, 'value': 47}, {'type': 28, 'value': 1225}]}"
1758687536,LONG,,1,16000000,,"{'id': 82176, 'context': 36, 'bonus_lists': [6655, 1677], 'modifiers': [{'type': 9, 'value': 48}]}"
1758687542,LONG,,1,130000000,,"{'id': 24700, 'context': 36, 'bonus_lists': [1681, 3850], 'modifiers': [{'type': 9, 'value': 41}]}"
1758687547,LONG,,1,70000000,,"{'id': 154816, 'context': 0, 'bonus_lists': [6654, 1711], 'modifiers': [{'type': 9, 'value': 47}, {'type': 28, 'value': 1225}]}"
1758687559,LONG,,1,19996800,,"{'id': 14796, 'context': 54, 'bonus_lists': [4278], 'modifiers': [{'type': 9, 'value': 50}]}"
1758687566,LONG,,1,550000000,,"{'id': 87426, 'context': 28, 'bonus_lists': [4759], 'modifiers': [{'type': 9, 'value': 33}]}"
1758687570,LONG,,1,550000000,,"{'id': 87426, 'context': 0, 'bonus_lists': [6658], 'modifiers': [{'type': 9, 'value': 39}, {'type': 28, 'value': 1754}]}"
1758687576,LONG,,1,500000,,"{'id': 112384, 'context': 13}"
1758687577,LONG,,1,500000,,"{'id': 112384, 'context': 13}"
1758687579,LONG,,1,500000,,"{'id': 112384, 'context': 13}"
1758687582,LONG,,1,500000,,"{'id': 112384, 'context': 13}"
1758687585,LONG,,1,500000,,"{'id': 112384, 'context': 13}"
1758687587,LONG,,1,500000,,"{'id': 112384, 'context': 13}"
1758687589,LONG,,1,500000,,"{'id': 112384, 'context': 13}"
1758687594,LONG,,1,500000,,"{'id': 112384, 'context': 13}"
1758687596,LONG,,1,17000000,,"{'id': 160179, 'context': 0, 'bonus_lists': [4796, 4802, 1680], 'modifiers': [{'type': 9, 'value': 50}]}"
1758687598,LONG,,1,500000,,"{'id': 112384, 'context': 13}"
1758687599,LONG,,1,500000,,"{'id': 112384, 'context': 13}"
1758687601,LONG,,1,500000,,"{'id': 112384, 'context': 13}"
1758687603,LONG,,1,500000,,"{'id': 112384, 'context': 13}"
1758687609,LONG,,1,500000,,"{'id': 112384, 'context': 13}"
1758687613,LONG,,1,500000,,"{'id': 112384, 'context': 13}"
1758687616,LONG,,1,500000,,"{'id': 112384, 'context': 13}"
1758687620,LONG,,1,500000,,"{'id': 112384, 'context': 13}"
1758687623,LONG,,1,500000,,"{'id': 112384, 'context': 13}"
1758687628,LONG,,1,500000,,"{'id': 112384, 'context': 13}"
1758687629,LONG,,1,500000,,"{'id': 112384, 'context': 13}"
1758687632,LONG,,1,500000,,"{'id': 112384, 'context': 13}"
1758687634,LONG,,1,500000,,"{'id': 112384, 'context': 13}"
1758687635,LONG,,1,500000,,"{'id': 112384, 'context': 13}"
1758687640,LONG,,1,500000,,"{'id': 112384, 'context': 13}"
1758687642,LONG,,1,500000,,"{'id': 112384, 'context': 13}"
1758687646,LONG,,1,500000,,"{'id': 112384, 'context': 13}"
1758687647,LONG,,1,500000,,"{'id': 112384, 'context': 13}"
1758687651,LONG,,1,500000,,"{'id': 112384, 'context': 13}"
1758687654,LONG,,1,500000,,"{'id': 112384, 'context': 13}"
1758687658,LONG,,1,500000,,"{'id': 112384, 'context': 13}"
1758688069,LONG,9990000,1,,,{'id': 173079}
1758689136,LONG,,1,357840000,,"{'id': 82800, 'context': 0, 'modifiers': [{'type': 6, 'value': 95176}], 'pet_breed_id': 4, 'pet_level': 1, 'pet_quality_id': 3, 'pet_species_id': 2837}"
1758689138,LONG,,1,357840000,,"{'id': 82800, 'context': 0, 'modifiers': [{'type': 6, 'value': 95176}], 'pet_breed_id': 4, 'pet_level': 1, 'pet_quality_id': 3, 'pet_species_id': 2837}"
1758689141,LONG,,1,357840000,,"{'id': 82800, 'context': 0, 'modifiers': [{'type': 6, 'value': 95176}], 'pet_breed_id': 4, 'pet_level': 1, 'pet_quality_id': 3, 'pet_species_id': 2837}"
1758689143,LONG,,1,357840000,,"{'id': 82800, 'context': 0, 'modifiers': [{'type': 6, 'value': 95176}], 'pet_breed_id': 4, 'pet_level': 1, 'pet_quality_id': 3, 'pet_species_id': 2837}"
1758689145,LONG,,1,357840000,,"{'id': 82800, 'context': 0, 'modifiers': [{'type': 6, 'value': 95176}], 'pet_breed_id': 4, 'pet_level': 1, 'pet_quality_id': 3, 'pet_species_id': 2837}"
1758689221,LONG,,1,12000000,,"{'id': 116621, 'context': 22, 'bonus_lists': [6655, 196], 'modifiers': [{'type': 9, 'value': 40}, {'type': 28, 'value': 1139}]}"
1758689225,LONG,,1,32762800,,"{'id': 106721, 'context': 0, 'bonus_lists': [6654, 161], 'modifiers': [{'type': 9, 'value': 50}, {'type': 28, 'value': 435}]}"
1758689231,LONG,,1,45000000,,"{'id': 159531, 'context': 0, 'bonus_lists': [4796, 1712], 'modifiers': [{'type': 9, 'value': 50}]}"
1758689240,LONG,,1,75000000,,"{'id': 14916, 'context': 54, 'bonus_lists': [1707, 4281], 'modifiers': [{'type': 9, 'value': 50}]}"
1758689242,LONG,,1,9980000,,"{'id': 82800, 'context': 0, 'modifiers': [{'type': 6, 'value': 22778}], 'pet_breed_id': 3, 'pet_level': 1, 'pet_quality_id': 2, 'pet_species_id': 254}"
1758689247,LONG,,1,47500000,,"{'id': 66966, 'context': 22, 'bonus_lists': [6658], 'modifiers': [{'type': 9, 'value': 35}, {'type': 28, 'value': 1115}]}"
1758689251,LONG,460000,1,,,{'id': 44456}
1758689256,LONG,,1,27500000,,"{'id': 15119, 'context': 54, 'bonus_lists': [4279], 'modifiers': [{'type': 9, 'value': 50}]}"
1758689260,LONG,,1,35000000,,"{'id': 14294, 'context': 54, 'bonus_lists': [1705, 4277], 'modifiers': [{'type': 9, 'value': 50}]}"
1758689269,LONG,,1,606900,,"{'id': 82260, 'context': 0, 'bonus_lists': [6654, 1692], 'modifiers': [{'type': 9, 'value': 35}, {'type': 28, 'value': 168}]}"
1758689292,LONG,,1,209893600,,"{'id': 160185, 'context': 0, 'bonus_lists': [4796, 1704], 'modifiers': [{'type': 9, 'value': 50}]}"
1758689300,LONG,,1,1482000,,"{'id': 55732, 'context': 22, 'bonus_lists': [6654, 1700], 'modifiers': [{'type': 9, 'value': 35}, {'type': 28, 'value': 1113}]}"
1758689305,LONG,,1,58009200,,"{'id': 14906, 'context': 53, 'bonus_lists': [1693, 4277], 'modifiers': [{'type': 9, 'value': 43}]}"
1758689311,LONG,,1,8500000,,"{'id': 81987, 'context': 36, 'bonus_lists': [1692, 4764], 'modifiers': [{'type': 9, 'value': 45}]}"
1758689316,LONG,,1,220000000,,"{'id': 935, 'context': 54, 'bonus_lists': [4274], 'modifiers': [{'type': 9, 'value': 40}]}"
1758689326,LONG,,1,22911300,,"{'id': 15189, 'context': 0, 'bonus_lists': [1695]}"
1758689334,LONG,,1,37500000,,"{'id': 154835, 'context': 0, 'bonus_lists': [4796, 1711], 'modifiers': [{'type': 9, 'value': 50}]}"
1758689339,LONG,,1,224100,,"{'id': 12683, 'context': 0}"
1758689355,LONG,,1,348600,,"{'id': 82252, 'context': 0, 'bonus_lists': [6654, 1678], 'modifiers': [{'type': 9, 'value': 35}, {'type': 28, 'value': 167}]}"
1758689360,LONG,,1,29006100,,"{'id': 14944, 'context': 54, 'bonus_lists': [1707, 4279], 'modifiers': [{'type': 9, 'value': 43}]}"
1758689369,LONG,,1,40000000,,"{'id': 9816, 'context': 54, 'bonus_lists': [1679, 4281], 'modifiers': [{'type': 9, 'value': 40}]}"
1758689372,LONG,2450300,2,,,{'id': 159789}
1758689377,LONG,58600,10,,,{'id': 109131}
1758689381,LONG,,1,17000000,,"{'id': 177774, 'context': 0, 'bonus_lists': [6907, 6652, 1712], 'modifiers': [{'type': 9, 'value': 60}, {'type': 28, 'value': 2060}]}"
1758689388,LONG,,1,17000000,,"{'id': 177774, 'context': 0, 'bonus_lists': [6907, 6652, 1690], 'modifiers': [{'type': 9, 'value': 60}, {'type': 28, 'value': 2060}]}"
1758689392,LONG,,1,17000000,,"{'id': 177774, 'context': 0, 'bonus_lists': [6907, 42, 1687], 'modifiers': [{'type': 9, 'value': 60}, {'type': 28, 'value': 1707}]}"
1758689396,LONG,,1,799999900,,"{'id': 118885, 'context': 0, 'bonus_lists': [6660], 'modifiers': [{'type': 9, 'value': 50}, {'type': 28, 'value': 435}]}"
1758689401,LONG,,1,40009800,,"{'id': 87446, 'context': 36, 'bonus_lists': [4296], 'modifiers': [{'type': 9, 'value': 40}]}"
1758689405,LONG,,1,40009800,,"{'id': 87446, 'context': 36, 'bonus_lists': [4760], 'modifiers': [{'type': 9, 'value': 40}]}"
1758689419,LONG,,1,70000000,,"{'id': 15428, 'context': 54, 'bonus_lists': [1707, 4277], 'modifiers': [{'type': 9, 'value': 50}]}"
1758689423,LONG,,1,27500000,,"{'id': 36511, 'context': 0, 'bonus_lists': [6655, 1681], 'modifiers': [{'type': 9, 'value': 50}, {'type': 28, 'value': 1401}]}"
1758689429,LONG,,1,43230500,,"{'id': 15374, 'context': 1, 'bonus_lists': [1705]}"
1758689436,LONG,,1,9000000,,"{'id': 106738, 'context': 0, 'bonus_lists': [6654, 125], 'modifiers': [{'type': 9, 'value': 46}, {'type': 28, 'value': 435}]}"
1758689447,LONG,,1,160000000,,"{'id': 3313, 'context': 54, 'bonus_lists': [4277], 'modifiers': [{'type': 9, 'value': 28}]}"
1758689457,LONG,,1,2830000,,"{'id': 82800, 'context': 0, 'modifiers': [{'type': 6, 'value': 99114}], 'pet_breed_id': 8, 'pet_level': 1, 'pet_quality_id': 3, 'pet_species_id': 3046}"
1758689461,LONG,,1,2830000,,"{'id': 82800, 'context': 0, 'modifiers': [{'type': 6, 'value': 99114}], 'pet_breed_id': 8, 'pet_level': 1, 'pet_quality_id': 3, 'pet_species_id': 3046}"
1758689463,LONG,,1,2830000,,"{'id': 82800, 'context': 0, 'modifiers': [{'type': 6, 'value': 99114}], 'pet_breed_id': 8, 'pet_level': 1, 'pet_quality_id': 3, 'pet_species_id': 3046}"
1758689561,LONG,,1,147750000,,"{'id': 82800, 'context': 0, 'modifiers': [{'type': 6, 'value': 28726}], 'pet_breed_id': 15, 'pet_level': 1, 'pet_quality_id': 3, 'pet_species_id': 1943}"
1758689564,LONG,,1,147750000,,"{'id': 82800, 'context': 0, 'modifiers': [{'type': 6, 'value': 28726}], 'pet_breed_id': 15, 'pet_level': 1, 'pet_quality_id': 3, 'pet_species_id': 1943}"
1758689568,LONG,,1,147750000,,"{'id': 82800, 'context': 0, 'modifiers': [{'type': 6, 'value': 28726}], 'pet_breed_id': 15, 'pet_level': 1, 'pet_quality_id': 3, 'pet_species_id': 1943}"
1758689571,LONG,,1,147750000,,"{'id': 82800, 'context': 0, 'modifiers': [{'type': 6, 'value': 28726}], 'pet_breed_id': 15, 'pet_level': 1, 'pet_quality_id': 3, 'pet_species_id': 1943}"
1758689690,LONG,,1,67000000,,"{'id': 86314, 'context': 0}"
1758689691,LONG,,1,67000000,,"{'id': 86314, 'context': 0}"
1758689754,LONG,,1,182500,,"{'id': 82800, 'context': 0, 'modifiers': [{'type': 6, 'value': 1206}], 'pet_breed_id': 15, 'pet_level': 1, 'pet_quality_id': 2, 'pet_species_id': 75}"
1758689901,LONG,2490000,5,,,{'id': 177715}
1758689916,VERY_LONG,,1,89490000,,"{'id': 82800, 'context': 0, 'modifiers': [{'type': 6, 'value': 64097}], 'pet_breed_id': 6, 'pet_level': 1, 'pet_quality_id': 3, 'pet_species_id': 1672}"
1758689920,VERY_LONG,,1,19449800,,"{'id': 82800, 'context': 0, 'modifiers': [{'type': 6, 'value': 48666}], 'pet_breed_id': 10, 'pet_level': 1, 'pet_quality_id': 3, 'pet_species_id': 1231}"
1758689933,VERY_LONG,,1,3458300,,"{'id': 82800, 'context': 0, 'modifiers': [{'type': 6, 'value': 58722}], 'pet_breed_id': 17, 'pet_level': 1, 'pet_quality_id': 3, 'pet_species_id': 1416}"
1758689938,VERY_LONG,,1,148980000,,"{'id': 82800, 'context': 0, 'modifiers': [{'type': 6, 'value': 16205}], 'pet_breed_id': 13, 'pet_level': 1, 'pet_quality_id': 2, 'pet_species_id': 209}"
1758689944,VERY_LONG,,1,38399800,,"{'id': 82800, 'context': 0, 'modifiers': [{'type': 6, 'value': 33559}], 'pet_breed_id': 5, 'pet_level': 1, 'pet_quality_id': 2, 'pet_species_id': 262}"
1758689947,VERY_LONG,,1,38399800,,"{'id': 82800, 'context': 0, 'modifiers': [{'type': 6, 'value': 33559}], 'pet_breed_id': 5, 'pet_level': 1, 'pet_quality_id': 2, 'pet_species_id': 262}"
1758689951,VERY_LONG,,1,17314600,,"{'id': 82800, 'context': 0, 'modifiers': [{'type': 6, 'value': 48878}], 'pet_breed_id': 4, 'pet_level': 1, 'pet_quality_id': 3, 'pet_species_id': 1226}"
1758689956,VERY_LONG,,1,270007600,,"{'id': 82800, 'context': 0, 'modifiers': [{'type': 6, 'value': 33217}], 'pet_breed_id': 9, 'pet_level': 25, 'pet_quality_id': 3, 'pet_species_id': 278}"
1758689959,VERY_LONG,,1,12000000,,"{'id': 82800, 'context': 0, 'modifiers': [{'type': 6, 'value': 58736}], 'pet_breed_id': 18, 'pet_level': 1, 'pet_quality_id': 2, 'pet_species_id': 1515}"
1758689963,VERY_LONG,,1,34899900,,"{'id': 82800, 'context': 0, 'modifiers': [{'type': 6, 'value': 60889}], 'pet_breed_id': 18, 'pet_level': 1, 'pet_quality_id': 3, 'pet_species_id': 1588}"
1758689968,VERY_LONG,,1,3459900,,"{'id': 82800, 'context': 0, 'pet_breed_id': 13, 'pet_level': 1, 'pet_quality_id': 3, 'pet_species_id': 1958}"
1758689970,VERY_LONG,,1,7559900,,"{'id': 82800, 'context': 0, 'pet_breed_id': 13, 'pet_level': 1, 'pet_quality_id': 3, 'pet_species_id': 1960}"
1758689973,VERY_LONG,,1,55000000,,"{'id': 82800, 'context': 0, 'modifiers': [{'type': 6, 'value': 46811}], 'pet_breed_id': 7, 'pet_level': 25, 'pet_quality_id': 3, 'pet_species_id': 1126}"
1758689978,VERY_LONG,,1,55490000,,"{'id': 82800, 'context': 0, 'modifiers': [{'type': 6, 'value': 87999}], 'pet_breed_id': 7, 'pet_level': 1, 'pet_quality_id': 3, 'pet_species_id': 2445}"
1758689980,VERY_LONG,,1,48990100,,"{'id': 82800, 'context': 0, 'modifiers': [{'type': 6, 'value': 45386}], 'pet_breed_id': 5, 'pet_level': 1, 'pet_quality_id': 3, 'pet_species_id': 844}"
1758689985,VERY_LONG,,1,33730000,,"{'id': 82800, 'context': 0, 'modifiers': [{'type': 6, 'value': 72239}], 'pet_breed_id': 8, 'pet_level': 1, 'pet_quality_id': 3, 'pet_species_id': 1931}"
1758689995,VERY_LONG,,1,64400700,,"{'id': 82800, 'context': 0, 'modifiers': [{'type': 6, 'value': 48705}], 'pet_breed_id': 7, 'pet_level': 25, 'pet_quality_id': 3, 'pet_species_id': 1244}"
1758690005,VERY_LONG,,1,38500000,,"{'id': 82800, 'context': 0, 'modifiers': [{'type': 6, 'value': 65128}], 'pet_breed_id': 14, 'pet_level': 1, 'pet_quality_id': 2, 'pet_species_id': 1725}"
1758690010,VERY_LONG,,1,53239800,,"{'id': 82800, 'context': 0, 'modifiers': [{'type': 6, 'value': 46810}], 'pet_breed_id': 3, 'pet_level': 25, 'pet_quality_id': 3, 'pet_species_id': 1125}"
1758690014,VERY_LONG,,1,9980000,,"{'id': 82800, 'context': 0, 'modifiers': [{'type': 6, 'value': 22778}], 'pet_breed_id': 15, 'pet_level': 1, 'pet_quality_id': 2, 'pet_species_id': 254}"
1758690018,VERY_LONG,,1,5500000,,"{'id': 82800, 'context': 0, 'modifiers': [{'type': 6, 'value': 95171}], 'pet_breed_id': 4, 'pet_level': 1, 'pet_quality_id': 3, 'pet_species_id': 2842}"
1758690021,VERY_LONG,,1,7500000,,"{'id': 82800, 'context': 0, 'modifiers': [{'type': 6, 'value': 28215}], 'pet_breed_id': 9, 'pet_level': 1, 'pet_quality_id': 2, 'pet_species_id': 195}"
1758690024,VERY_LONG,,1,19990000,,"{'id': 82800, 'context': 0, 'modifiers': [{'type': 6, 'value': 95152}], 'pet_breed_id': 13, 'pet_level': 1, 'pet_quality_id': 3, 'pet_species_id': 2796}"
1758690032,VERY_LONG,,1,1980000,,"{'id': 82800, 'context': 0, 'modifiers': [{'type': 6, 'value': 46923}], 'pet_breed_id': 8, 'pet_level': 1, 'pet_quality_id': 3, 'pet_species_id': 1149}"
1758690035,LONG,,1,63005000,,"{'id': 82800, 'context': 0, 'modifiers': [{'type': 6, 'value': 22389}], 'pet_breed_id': 3, 'pet_level': 1, 'pet_quality_id': 3, 'pet_species_id': 164}"
1758690065,VERY_LONG,,1,1980000,,"{'id': 82800, 'context': 0, 'modifiers': [{'type': 6, 'value': 46923}], 'pet_breed_id': 8, 'pet_level': 1, 'pet_quality_id': 3, 'pet_species_id': 1149}"
1758690070,VERY_LONG,,1,90000000,,"{'id': 82800, 'context': 0, 'modifiers': [{'type': 6, 'value': 79641}], 'pet_breed_id': 8, 'pet_level': 1, 'pet_quality_id': 3, 'pet_species_id': 2084}"
1758690074,VERY_LONG,,1,90000000,,"{'id': 82800, 'context': 0, 'modifiers': [{'type': 6, 'value': 79641}], 'pet_breed_id': 8, 'pet_level': 1, 'pet_quality_id': 3, 'pet_species_id': 2084}"
1758690078,VERY_LONG,,1,38490000,,"{'id': 82800, 'context': 0, 'modifiers': [{'type': 6, 'value': 76763}], 'pet_breed_id': 5, 'pet_level': 1, 'pet_quality_id': 3, 'pet_species_id': 2559}"
1758690083,VERY_LONG,,1,106000000,,"{'id': 82800, 'context': 0, 'modifiers': [{'type': 6, 'value': 68845}], 'pet_breed_id': 3, 'pet_level': 1, 'pet_quality_id': 3, 'pet_species_id': 1929}"
1758690089,VERY_LONG,,1,24181600,,"{'id': 82800, 'context': 0, 'modifiers': [{'type': 6, 'value': 47856}], 'pet_breed_id': 9, 'pet_level': 2, 'pet_quality_id': 3, 'pet_species_id': 1346}"
1758690091,VERY_LONG,,1,45000000,,"{'id': 82800, 'context': 0, 'modifiers': [{'type': 6, 'value': 78222}], 'pet_breed_id': 17, 'pet_level': 1, 'pet_quality_id': 3, 'pet_species_id': 2071}"
1758690095,VERY_LONG,,1,126289900,,"{'id': 82800, 'context': 0, 'modifiers': [{'type': 6, 'value': 39137}], 'pet_breed_id': 8, 'pet_level': 1, 'pet_quality_id': 3, 'pet_species_id': 343}"
1758691101,VERY_LONG,,1,54524600,,"{'id': 82800, 'context': 0, 'modifiers': [{'type': 6, 'value': 36637}], 'pet_breed_id': 8, 'pet_level': 1, 'pet_quality_id': 3, 'pet_species_id': 279}"
1758691105,VERY_LONG,,1,5000000,,"{'id': 82800, 'context': 0, 'modifiers': [{'type': 6, 'value': 88008}], 'pet_breed_id': 14, 'pet_level': 1, 'pet_quality_id': 3, 'pet_species_id': 2454}"
1758691107,VERY_LONG,,1,33334600,,"{'id': 82800, 'context': 0, 'modifiers': [{'type': 6, 'value': 68860}], 'pet_breed_id': 20, 'pet_level': 1, 'pet_quality_id': 3, 'pet_species_id': 1928}"
1758691115,VERY_LONG,,1,33334600,,"{'id': 82800, 'context': 0, 'modifiers': [{'type': 6, 'value': 68860}], 'pet_breed_id': 20, 'pet_level': 1, 'pet_quality_id': 3, 'pet_species_id': 1928}"
1758691117,VERY_LONG,,1,10062100,,"{'id': 82800, 'context': 0, 'modifiers': [{'type': 6, 'value': 26740}], 'pet_breed_id': 12, 'pet_level': 1, 'pet_quality_id': 3, 'pet_species_id': 1956}"
1758691122,VERY_LONG,,1,10009900,,"{'id': 82800, 'context': 0, 'modifiers': [{'type': 6, 'value': 48056}], 'pet_breed_id': 8, 'pet_level': 1, 'pet_quality_id': 3, 'pet_species_id': 1212}"
1758691125,VERY_LONG,,1,10009900,,"{'id': 82800, 'context': 0, 'modifiers': [{'type': 6, 'value': 48056}], 'pet_breed_id': 4, 'pet_level': 1, 'pet_quality_id': 3, 'pet_species_id': 1212}"
1758691127,VERY_LONG,,1,9990000,,"{'id': 82800, 'context': 0, 'modifiers': [{'type': 6, 'value': 61888}], 'pet_breed_id': 4, 'pet_level': 1, 'pet_quality_id': 3, 'pet_species_id': 1624}"
1758691147,VERY_LONG,,1,9990000,,"{'id': 82800, 'context': 0, 'modifiers': [{'type': 6, 'value': 61888}], 'pet_breed_id': 4, 'pet_level': 1, 'pet_quality_id': 3, 'pet_species_id': 1624}"
1758691153,VERY_LONG,,1,78378800,,"{'id': 82800, 'context': 0, 'modifiers': [{'type': 6, 'value': 37949}], 'pet_breed_id': 18, 'pet_level': 1, 'pet_quality_id': 3, 'pet_species_id': 1927}"
1758691160,VERY_LONG,,1,36780000,,"{'id': 82800, 'context': 0, 'modifiers': [{'type': 6, 'value': 16880}], 'pet_breed_id': 5, 'pet_level': 1, 'pet_quality_id': 3, 'pet_species_id': 2441}"
1758691164,VERY_LONG,,1,19770000,,"{'id': 82800, 'context': 0, 'pet_breed_id': 8, 'pet_level': 1, 'pet_quality_id': 3, 'pet_species_id': 1688}"
1758691170,VERY_LONG,,1,19770000,,"{'id': 82800, 'context': 0, 'modifiers': [{'type': 6, 'value': 64222}], 'pet_breed_id': 7, 'pet_level': 1, 'pet_quality_id': 3, 'pet_species_id': 1688}"
1758691187,VERY_LONG,,1,22220000,,"{'id': 82800, 'context': 0, 'modifiers': [{'type': 6, 'value': 25457}], 'pet_breed_id': 4, 'pet_level': 1, 'pet_quality_id': 3, 'pet_species_id': 186}"
1758691190,VERY_LONG,,1,12000000,,"{'id': 82800, 'context': 0, 'modifiers': [{'type': 6, 'value': 59602}], 'pet_breed_id': 18, 'pet_level': 1, 'pet_quality_id': 2, 'pet_species_id': 1532}"
1758691194,VERY_LONG,,1,79500000,,"{'id': 82800, 'context': 0, 'modifiers': [{'type': 6, 'value': 54511}], 'pet_breed_id': 16, 'pet_level': 1, 'pet_quality_id': 3, 'pet_species_id': 1394}"
1758691229,LONG,,1,266180000,,"{'id': 10021, 'context': 0}"
1758691280,LONG,48500,3,,,{'id': 108439}
1758691289,LONG,639400,8,,,{'id': 173204}
1758691334,VERY_LONG,35000,490,,,{'id': 94288}
1758691365,VERY_LONG,,1,4990000,,"{'id': 82800, 'context': 0, 'modifiers': [{'type': 6, 'value': 47731}], 'pet_breed_id': 10, 'pet_level': 1, 'pet_quality_id': 3, 'pet_species_id': 1180}"
1758691389,LONG,300000,1,,,{'id': 172096}
1758691410,LONG,7190000,1,,,{'id': 172097}
1758691479,LONG,2710000,9,,,{'id': 81055}
1758691572,LONG,22180000,1,,,{'id': 173076}
1758691790,VERY_LONG,,1,450009900,,"{'id': 183017, 'context': 5, 'bonus_lists': [7188, 6652, 7194, 1485, 6646], 'modifiers': [{'type': 28, 'value': 752}]}"
1758691831,LONG,704200,15,,,{'id': 171315}
1758692075,LONG,667000,6,,,{'id': 171437}
1758692177,LONG,,1,50000000,,"{'id': 128794, 'context': 1, 'modifiers': [{'type': 28, 'value': 425}]}"
1758692178,LONG,,1,50000000,,"{'id': 128794, 'context': 1, 'modifiers': [{'type': 28, 'value': 425}]}"
1758692208,LONG,,1,51340000,,"{'id': 82800, 'context': 0, 'modifiers': [{'type': 6, 'value': 47732}], 'pet_breed_id': 19, 'pet_level': 1, 'pet_quality_id': 3, 'pet_species_id': 1185}"
1758692211,LONG,,1,51340000,,"{'id': 82800, 'context': 0, 'modifiers': [{'type': 6, 'value': 47732}], 'pet_breed_id': 19, 'pet_level': 1, 'pet_quality_id': 3, 'pet_species_id': 1185}"
1758692272,LONG,,1,15700000,,"{'id': 10030, 'context': 0}"
1758692330,LONG,1440000,1,,,{'id': 128314}
1758692385,LONG,17500,1,,,{'id': 171264}
1758692450,LONG,,1,9480000,,"{'id': 87526, 'context': 0}"
1758692451,LONG,,1,9480000,,"{'id': 87526, 'context': 0}"
1758692454,LONG,,1,9480000,,"{'id': 87526, 'context': 0}"
1758692456,LONG,,1,9480000,,"{'id': 87526, 'context': 0}"
1758692459,LONG,,1,9480000,,"{'id': 87526, 'context': 0}"
1758692474,LONG,,1,295000,,"{'id': 177744, 'context': 9, 'bonus_lists': [6909], 'modifiers': [{'type': 9, 'value': 60}, {'type': 28, 'value': 709}]}"
1758692486,VERY_LONG,647000,10,,,{'id': 172231}
1758692514,LONG,,1,301600,,"{'id': 176414, 'context': 9, 'bonus_lists': [6909], 'modifiers': [{'type': 9, 'value': 60}, {'type': 28, 'value': 709}]}"
1758692547,VERY_LONG,329400,1,,,{'id': 171829}
1758692583,LONG,,1,1406100,,"{'id': 176291, 'context': 9, 'bonus_lists': [6909], 'modifiers': [{'type': 9, 'value': 60}, {'type': 28, 'value': 709}]}"
1758692614,LONG,,1,87500,,"{'id': 128310, 'context': 31, 'modifiers': [{'type': 28, 'value': 176}]}"
1758692673,LONG,,1,2004500,,"{'id': 154864, 'context': 0, 'bonus_lists': [6654, 41, 1682], 'modifiers': [{'type': 9, 'value': 37}, {'type': 28, 'value': 1222}]}"
1758692688,VERY_LONG,639400,3,,,{'id': 173204}
1758692692,LONG,19600,131,,,{'id': 34068}
1758692750,LONG,,1,14004400,,"{'id': 177737, 'context': 9, 'bonus_lists': [6909], 'modifiers': [{'type': 9, 'value': 60}, {'type': 28, 'value': 709}]}"
1758692810,LONG,,1,1054500,,"{'id': 177767, 'context': 0, 'bonus_lists': [6907, 6652, 1676], 'modifiers': [{'type': 9, 'value': 60}, {'type': 28, 'value': 1707}]}"
1758692818,VERY_LONG,4999400,4,,,{'id': 173037}
1758692843,LONG,,1,1771800,,"{'id': 178948, 'context': 17, 'bonus_lists': [6908, 6652, 1700], 'modifiers': [{'type': 9, 'value': 55}, {'type': 28, 'value': 747}]}"
1758692882,LONG,2656500,1,,,{'id': 32205}
1758692918,LONG,150200,14,,,{'id': 172230}
1758692964,LONG,300000,2,,,{'id': 172096}
1758692989,LONG,,1,147200,,"{'id': 176951, 'context': 9, 'bonus_lists': [6909], 'modifiers': [{'type': 9, 'value': 60}, {'type': 28, 'value': 709}]}"
1758693002,LONG,2656500,1,,,{'id': 35761}
1758693056,LONG,704200,2,,,{'id': 171315}
1758693078,LONG,2257600,1,,,{'id': 35759}
1758694155,LONG,639400,1,,,{'id': 173204}
1758694158,LONG,2255500,1,,,{'id': 32226}
1758694217,LONG,2555500,1,,,{'id': 32223}
1758694333,LONG,3222200,1,,,{'id': 32221}
1758694410,LONG,3222200,1,,,{'id': 32212}
1758694442,VERY_LONG,31000000,1,,,{'id': 180457}
1758694446,LONG,,1,1507900,,"{'id': 176418, 'context': 9, 'bonus_lists': [6909], 'modifiers': [{'type': 9, 'value': 60}, {'type': 28, 'value': 709}]}"
1758694466,LONG,3222200,1,,,{'id': 32215}
1758694470,LONG,,1,1508500,,"{'id': 177755, 'context': 1, 'bonus_lists': [6909], 'modifiers': [{'type': 9, 'value': 60}, {'type': 28, 'value': 747}]}"
1758694516,LONG,,1,893500,,"{'id': 176761, 'context': 17, 'bonus_lists': [6907, 6652, 7194, 1687], 'modifiers': [{'type': 9, 'value': 58}, {'type': 28, 'value': 747}]}"
1758694524,LONG,3222200,1,,,{'id': 32220}
1758694545,LONG,,1,1704400,,"{'id': 177734, 'context': 17, 'bonus_lists': [6909], 'modifiers': [{'type': 9, 'value': 52}, {'type': 28, 'value': 747}]}"
1758694550,LONG,4656500,1,,,{'id': 32200}
1758694615,LONG,5002400,1,,,{'id': 52219}
1758694795,LONG,2655500,1,,,{'id': 32206}
1758694907,LONG,2555500,1,,,{'id': 32222}
1758694926,LONG,8133700,1,,,{'id': 168448}
1758694980,LONG,150200,3,,,{'id': 172230}
1758695034,LONG,,1,229200,,"{'id': 176431, 'context': 9, 'bonus_lists': [6909], 'modifiers': [{'type': 9, 'value': 60}, {'type': 28, 'value': 709}]}"
1758695038,LONG,2555500,1,,,{'id': 32218}
1758696110,LONG,2555500,1,,,{'id': 35760}
1758696221,LONG,4556500,1,,,{'id': 32193}
1758696338,LONG,4556500,1,,,{'id': 32194}
1758696409,LONG,4656500,1,,,{'id': 32196}
1758696537,LONG,2333300,1,,,{'id': 115815}
1758696613,LONG,1222400,1,,,{'id': 52205}
1758696634,LONG,,1,183133500,,"{'id': 172316, 'context': 63, 'bonus_lists': [6716, 1487]}"
1758696659,LONG,1222400,1,,,{'id': 52209}
1758696723,LONG,1222400,1,,,{'id': 52204}
1758696730,LONG,4900,20,,,{'id': 168646}
1758696785,LONG,1222400,1,,,{'id': 52242}
1758696793,LONG,,1,343330000,,"{'id': 127703, 'context': 14, 'modifiers': [{'type': 28, 'value': 885}]}"
1758696855,LONG,1222400,1,,,{'id': 52231}
1758696891,LONG,,1,87780000,,"{'id': 82800, 'context': 0, 'modifiers': [{'type': 6, 'value': 21393}], 'pet_breed_id': 16, 'pet_level': 1, 'pet_quality_id': 2, 'pet_species_id': 159}"
1758696917,LONG,1222400,1,,,{'id': 52237}
1758696999,LONG,1222400,1,,,{'id': 52225}
1758697096,LONG,1222400,1,,,{'id': 52220}
1758697159,LONG,1222400,1,,,{'id': 52203}
1758697247,LONG,,1,99850000,,"{'id': 127705, 'context': 14, 'modifiers': [{'type': 28, 'value': 885}]}"
1758697256,LONG,1222400,1,,,{'id': 52211}
1758697329,LONG,1222400,1,,,{'id': 52238}
1758697347,LONG,2003400,15,,,{'id': 136852}
1758697383,LONG,1222400,1,,,{'id': 52228}
1758697439,VERY_LONG,,1,203700,,"{'id': 121180, 'context': 0, 'bonus_lists': [6654, 603], 'modifiers': [{'type': 9, 'value': 17}, {'type': 28, 'value': 1705}]}"
1758697443,LONG,1222400,1,,,{'id': 52223}
1758697466,LONG,,1,1000000,,"{'id': 8495, 'context': 14}"
1758697470,LONG,,1,1000000,,"{'id': 8495, 'context': 14}"
1758697476,LONG,,1,1000000,,"{'id': 8495, 'context': 14}"
1758697615,LONG,3454500,1,,,{'id': 32201}
1758697642,LONG,,1,14550000,,"{'id': 14130, 'context': 0}"
1758697645,LONG,,1,14550000,,"{'id': 14130, 'context': 0}"
1758697713,LONG,,1,50000000,,"{'id': 59597, 'context': 11, 'modifiers': [{'type': 28, 'value': 391}]}"
1758697769,LONG,,1,1069800000,,"{'id': 82800, 'context': 0, 'modifiers': [{'type': 6, 'value': 86101}], 'pet_breed_id': 6, 'pet_level': 1, 'pet_quality_id': 3, 'pet_species_id': 2187}"
1758697785,LONG,12121000,1,,,{'id': 32833}
1758697801,VERY_LONG,,1,201800,,"{'id': 121193, 'context': 0, 'bonus_lists': [6654, 3404], 'modifiers': [{'type': 9, 'value': 17}, {'type': 28, 'value': 1705}]}"
1758697848,LONG,1260100,1,,,{'id': 76700}
1758697860,LONG,225000,116,,,{'id': 124669}
1758697927,LONG,7990000,2,,,{'id': 173071}
1758697942,LONG,1895100,1,,,{'id': 76699}
1758697950,VERY_LONG,,1,37610000,,"{'id': 178927, 'context': 63, 'bonus_lists': [6716, 7193, 1487]}"
1758697957,VERY_LONG,,1,1002100,,"{'id': 4571, 'context': 0, 'modifiers': [{'type': 28, 'value': 1780}]}"
1758697961,VERY_LONG,,1,37610000,,"{'id': 178927, 'context': 63, 'bonus_lists': [6716, 7193, 1487]}"
1758697994,LONG,,1,81350000,,"{'id': 82800, 'context': 0, 'modifiers': [{'type': 6, 'value': 74800}], 'pet_breed_id': 10, 'pet_level': 1, 'pet_quality_id': 2, 'pet_species_id': 2716}"
1758698019,LONG,1004900,1,,,{'id': 76667}
1758698085,LONG,998900,1,,,{'id': 76641}
1758698089,LONG,,1,89400000,,"{'id': 82800, 'context': 0, 'modifiers': [{'type': 6, 'value': 90030}], 'pet_breed_id': 3, 'pet_level': 1, 'pet_quality_id': 3, 'pet_species_id': 2540}"
1758699112,VERY_LONG,,1,10000000,,"{'id': 24937, 'context': 0, 'bonus_lists': [6654, 1708], 'modifiers': [{'type': 9, 'value': 13}, {'type': 28, 'value': 1736}]}"
1758699156,LONG,3895100,1,,,{'id': 76888}
1758699248,VERY_LONG,,1,67500000,,"{'id': 173245, 'context': 65, 'bonus_lists': [6718, 7194, 1522]}"
1758699261,LONG,1222400,1,,,{'id': 52219}
1758699386,LONG,1336600,1,,,{'id': 76588}
1758699445,LONG,1336600,1,,,{'id': 76573}
1758699480,VERY_LONG,,1,39750000,,"{'id': 173245, 'context': 64, 'bonus_lists': [6717, 7193, 1507]}"
1758699485,LONG,1336600,1,,,{'id': 76570}
1758699537,LONG,1445100,1,,,{'id': 76638}
1758699539,LONG,501700,17,,,{'id': 173130}
1758699563,LONG,415300,21,,,{'id': 173129}
1758699574,LONG,1895100,1,,,{'id': 76636}
1758699588,LONG,902100,2,,,{'id': 173127}
1758699608,LONG,960000,1,,,{'id': 76639}
1758699638,LONG,2550000,24,,,{'id': 173171}
1758699672,LONG,6390000,24,,,{'id': 173170}
1758699675,LONG,1445100,1,,,{'id': 76697}
1758699729,LONG,3665100,1,,,{'id': 76884}
1758699741,LONG,13500000,1,,,{'id': 173103}
1758699774,LONG,14900000,1,,,{'id': 173102}
1758699792,LONG,3665100,1,,,{'id': 76885}
1758699815,LONG,9000000,3,,,{'id': 173101}
1758699847,LONG,18500000,1,,,{'id': 173098}
1758699885,LONG,3665100,1,,,{'id': 76886}
1758699891,LONG,20000000,1,,,{'id': 173086}
1758699928,LONG,5950000,1,,,{'id': 173083}
1758699935,LONG,51900,20,,,{'id': 111445}
1758699952,LONG,7000000,3,,,{'id': 173081}
1758699955,LONG,18700,35,,,{'id': 74842}
1758699977,LONG,9990000,1,,,{'id': 173079}
1758700003,LONG,2112200,20,,,{'id': 75038}
1758700008,LONG,22180000,3,,,{'id': 173076}
1758700043,LONG,30000,25,,,{'id': 43007}
1758700061,LONG,9995100,1,,,{'id': 173075}
1758700085,LONG,,1,94000000,,"{'id': 128536, 'context': 13}"
1758701101,LONG,39995100,1,,,{'id': 173074}
1758701135,LONG,39990000,2,,,{'id': 173073}
1758701156,LONG,,1,66500,,"{'id': 20746, 'context': 0}"
1758701163,LONG,7990000,2,,,{'id': 173071}
1758701186,LONG,4372100,1,,,{'id': 18640}
1758701187,LONG,21000000,3,,,{'id': 173070}
1758701220,LONG,2553800,1,,,{'id': 137556}
1758701241,LONG,3401900,1,,,{'id': 137558}
1758701264,LONG,3758000,1,,,{'id': 137557}
1758701297,LONG,,1,1109000,,"{'id': 12684, 'context': 0}"
1758701317,LONG,405000,8,,,{'id': 168586}
1758701321,LONG,,1,224100,,"{'id': 12683, 'context': 1}"
1758701416,LONG,,1,5667600,,"{'id': 47644, 'context': 0}"
1758701496,LONG,,1,28999000,,"{'id': 23804, 'context': 22, 'modifiers': [{'type': 9, 'value': 40}]}"
1758701555,LONG,,1,90100,,"{'id': 30308, 'context': 0}"
1758701634,LONG,,1,5667600,,"{'id': 47643, 'context': 0}"
1758701683,LONG,,1,509800,,"{'id': 12694, 'context': 1}"
1758701758,LONG,50000,200,,,{'id': 133607}
1758701785,LONG,343800,110,,,{'id': 74856}
1758701815,LONG,60000,148,,,{'id': 124112}
1758701888,LONG,23300,20,,,{'id': 111453}
1758701941,LONG,23300,20,,,{'id': 111454}
1758701972,LONG,23300,20,,,{'id': 111447}
1758702002,LONG,22200,20,,,{'id': 111452}
1758702035,LONG,1548200,20,,,{'id': 133574}
1758702046,VERY_LONG,1300000,12,,,{'id': 172439}
1758702059,LONG,51900,20,,,{'id': 111442}
1758702068,VERY_LONG,639400,18,,,{'id': 173204}
1758702084,LONG,100000,20,,,{'id': 166343}
1758702147,LONG,32200,20,,,{'id': 74650}
1758702151,VERY_LONG,95000,44,,,{'id': 171828}
1758702226,LONG,51900,20,,,{'id': 111444}
1758702259,LONG,51900,20,,,{'id': 111446}
1758702331,LONG,32200,20,,,{'id': 133573}
1758702333,VERY_LONG,1030000,134,,,{'id': 171833}
1758702374,LONG,51900,14,,,{'id': 111439}
1758702431,LONG,4500,20,,,{'id': 154885}
1758702517,LONG,,1,24658100,,"{'id': 14043, 'context': 0}"
1758702578,VERY_LONG,5000000,22,,,{'id': 171841}
1758702637,LONG,,1,5668600,,"{'id': 6531, 'context': 54, 'bonus_lists': [4277], 'modifiers': [{'type': 9, 'value': 27}]}"
1758702677,LONG,,1,44076600,,"{'id': 14045, 'context': 0}"
1758702703,VERY_LONG,189900,2,,,{'id': 171832}
1758702710,LONG,,1,4066100,,"{'id': 10044, 'context': 0}"
1758702798,LONG,,1,16558800,,"{'id': 14042, 'context': 0}"
1758702815,LONG,639400,13,,,{'id': 173204}
1758702834,LONG,,1,49501500,,"{'id': 19028, 'context': 0}"
1758702867,LONG,,1,40298900,,"{'id': 14044, 'context': 0}"
1758702880,LONG,150200,6,,,{'id': 172230}
1758702895,LONG,,1,6990000,,"{'id': 14439, 'context': 53, 'bonus_lists': [4277], 'modifiers': [{'type': 9, 'value': 45}]}"
1758702951,LONG,,1,6772900,,"{'id': 31275, 'context': 0}"
1758702966,VERY_LONG,889000,15,,,{'id': 172418}
1758702988,VERY_LONG,3581200,4,,,{'id': 172412}
1758703018,LONG,,1,5662000,,"{'id': 13002, 'context': 0}"
1758703037,VERY_LONG,103900,4,,,{'id': 172357}
1758703038,LONG,,1,40000000,,"{'id': 31285, 'context': 0}"
1758703066,VERY_LONG,259900,1,,,{'id': 172358}
1758703084,LONG,,1,58426600,,"{'id': 15533, 'context': 54, 'bonus_lists': [1708, 4278], 'modifiers': [{'type': 9, 'value': 50}]}"
1758703097,VERY_LONG,212300,115,,,{'id': 171831}
1758703098,VERY_LONG,40000,2,,,{'id': 172359}
1758704113,VERY_LONG,10000,4,,,{'id': 172360}
1758704121,LONG,,1,7430100,,"{'id': 108745, 'context': 1}"
1758704152,VERY_LONG,600000,5,,,{'id': 172406}
1758704179,VERY_LONG,96800,5,,,{'id': 172407}
1758704187,VERY_LONG,405000,33,,,{'id': 168586}
1758704213,VERY_LONG,264000,2,,,{'id': 172414}
1758704216,VERY_LONG,4999400,16,,,{'id': 173037}
1758704226,LONG,1223800,1,,,{'id': 101662}
1758704234,VERY_LONG,7190000,38,,,{'id': 172097}
1758704244,VERY_LONG,46400,9,,,{'id': 177061}
1758704316,LONG,,1,45551100,,"{'id': 79329, 'context': 0}"
1758704346,LONG,,1,45551100,,"{'id': 79330, 'context': 0}"
1758704356,VERY_LONG,329400,10,,,{'id': 171829}
1758704387,VERY_LONG,704200,17,,,{'id': 171315}
1758704412,VERY_LONG,169400,18,,,{'id': 171830}
1758704434,LONG,17883600,1,,,{'id': 71865}
1758704650,VERY_LONG,150200,105,,,{'id': 172230}
1758706108,LONG,,1,11693800,,"{'id': 38277, 'context': 0}"
1758706145,LONG,,1,75000000,,"{'id': 151790, 'context': 0}"
1758706220,LONG,,1,34656500,,"{'id': 151792, 'context': 0}"
1758706250,LONG,,1,209447000,,"{'id': 34087, 'context': 0}"
1758706285,LONG,,1,5294500,,"{'id': 6385, 'context': 0}"
1758706310,LONG,,1,6315800,,"{'id': 10052, 'context': 0}"
1758706327,LONG,,1,2834100,,"{'id': 10054, 'context': 0}"
1758706346,LONG,,1,4259200,,"{'id': 10055, 'context': 0}"
1758706369,LONG,,1,1205000,,"{'id': 10056, 'context': 0}"
1758706396,LONG,,1,5055300,,"{'id': 6384, 'context': 0}"
1758706443,LONG,,1,1899400,,"{'id': 41255, 'context': 0}"
1758706467,LONG,,1,576200,,"{'id': 2575, 'context': 0}"
1758706507,LONG,,1,10938100,,"{'id': 4332, 'context': 0}"
1758706529,LONG,,1,593000,,"{'id': 4344, 'context': 0}"
1758706586,LONG,,1,29629800,,"{'id': 41253, 'context': 0}"
1758706612,LONG,,1,28941800,,"{'id': 41252, 'context': 0}"
1758706652,LONG,,1,3410600,,"{'id': 6795, 'context': 0}"
1758706682,LONG,,1,29524100,,"{'id': 41248, 'context': 0}"
1758706720,LONG,,1,968400,,"{'id': 4330, 'context': 0}"
1758706751,LONG,,1,1296900,,"{'id': 2577, 'context': 0}"
1758706777,LONG,,1,3035300,,"{'id': 17723, 'context': 0}"
1758706787,VERY_LONG,5000000,1,,,{'id': 173037}
1758706817,LONG,,1,911300,,"{'id': 2587, 'context': 0}"
1758706847,VERY_LONG,500000,2,,,{'id': 172053}
1758706862,LONG,,1,1583200,,"{'id': 2579, 'context': 0}"
1758706904,LONG,,1,17381900,,"{'id': 41254, 'context': 0}"
1758706976,LONG,,1,1338300,,"{'id': 4334, 'context': 0}"
1758707011,LONG,,1,9290000,,"{'id': 114821, 'context': 0}"
1758707092,VERY_LONG,639400,1,,,{'id': 173204}
1758707161,VERY_LONG,165000,10,,,{'id': 172230}
1758707269,LONG,640000,16,,,{'id': 172231}
1758707298,VERY_LONG,639400,3,,,{'id': 173204}
1758707435,VERY_LONG,212300,67,,,{'id': 171831}
1758707484,VERY_LONG,329400,24,,,{'id': 171829}
1758707504,VERY_LONG,189900,16,,,{'id': 171832}
1758707519,VERY_LONG,95000,40,,,{'id': 171828}
1758707540,VERY_LONG,500,21,,,{'id': 171840}
1758708048,VERY_LONG,704200,10,,,{'id': 171315}
1758709107,VERY_LONG,32200,20,,,{'id': 133572}
1758710216,VERY_LONG,,1,4775200,,"{'id': 5267, 'context': 0, 'bonus_lists': [6659], 'modifiers': [{'type': 9, 'value': 30}, {'type': 28, 'value': 1005}]}"
1758710243,VERY_LONG,,1,3713700,,"{'id': 36679, 'context': 0, 'bonus_lists': [6655, 1681], 'modifiers': [{'type': 9, 'value': 30}, {'type': 28, 'value': 1023}]}"
1758710287,VERY_LONG,,1,3713700,,"{'id': 36679, 'context': 0, 'bonus_lists': [6655, 1693], 'modifiers': [{'type': 9, 'value': 30}, {'type': 28, 'value': 1023}]}"
1758710315,VERY_LONG,,1,781361800,,"{'id': 172320, 'context': 65, 'bonus_lists': [6718, 7193, 1522]}"
1758710318,VERY_LONG,,1,800000000,,"{'id': 172320, 'context': 66, 'bonus_lists': [6758, 7193, 1532]}"
1758710319,VERY_LONG,,1,12507700,,"{'id': 36553, 'context': 0, 'bonus_lists': [6655, 1691], 'modifiers': [{'type': 9, 'value': 30}, {'type': 28, 'value': 1023}]}"
1758710340,VERY_LONG,,1,320000000,,"{'id': 172328, 'context': 65, 'bonus_lists': [6718, 7194, 1522]}"
1758710345,VERY_LONG,,1,169870000,,"{'id': 172328, 'context': 64, 'bonus_lists': [6717, 7193, 1507]}"
1758710358,VERY_LONG,,1,17995200,,"{'id': 31303, 'context': 3, 'bonus_lists': [6659], 'modifiers': [{'type': 9, 'value': 30}, {'type': 28, 'value': 1014}]}"
1758710371,VERY_LONG,,1,289860000,,"{'id': 172326, 'context': 65, 'bonus_lists': [6718, 1522]}"
1758710377,VERY_LONG,,1,504711300,,"{'id': 172326, 'context': 66, 'bonus_lists': [6758, 1532]}"
1758710385,VERY_LONG,,1,449870000,,"{'id': 172323, 'context': 66, 'bonus_lists': [6758, 1532]}"
1758710386,VERY_LONG,,1,26300,,"{'id': 25309, 'context': 3, 'bonus_lists': [6655, 1708], 'modifiers': [{'type': 9, 'value': 30}, {'type': 28, 'value': 1014}]}"
1758710389,VERY_LONG,,1,999990000,,"{'id': 172322, 'context': 66, 'bonus_lists': [6758, 1532]}"
1758710398,VERY_LONG,,1,499990000,,"{'id': 172324, 'context': 65, 'bonus_lists': [6718, 1522]}"
1758710410,VERY_LONG,,1,999990000,,"{'id': 172324, 'context': 66, 'bonus_lists': [6758, 1532]}"
1758710425,VERY_LONG,,1,24605300,,"{'id': 25183, 'context': 3, 'bonus_lists': [6655, 1677], 'modifiers': [{'type': 9, 'value': 30}, {'type': 28, 'value': 1014}]}"
1758710458,VERY_LONG,,1,3004100,,"{'id': 25166, 'context': 3, 'bonus_lists': [6655, 1695], 'modifiers': [{'type': 9, 'value': 30}, {'type': 28, 'value': 1014}]}"
1758710488,VERY_LONG,,1,3253000,,"{'id': 25127, 'context': 3, 'bonus_lists': [6655, 1695], 'modifiers': [{'type': 9, 'value': 30}, {'type': 28, 'value': 1014}]}"
1758710518,VERY_LONG,,1,10009600,,"{'id': 177802, 'context': 0, 'bonus_lists': [6908, 6652, 1708], 'modifiers': [{'type': 9, 'value': 60}, {'type': 28, 'value': 2060}]}"
1758710560,VERY_LONG,,1,6527500,,"{'id': 15286, 'context': 1, 'bonus_lists': [6655], 'modifiers': [{'type': 9, 'value': 30}, {'type': 28, 'value': 217}]}"
1758710601,VERY_LONG,,1,12175400,,"{'id': 4078, 'context': 1, 'bonus_lists': [6654], 'modifiers': [{'type': 9, 'value': 30}, {'type': 28, 'value': 217}]}"
1758710636,VERY_LONG,,1,72247400,,"{'id': 9910, 'context': 1, 'bonus_lists': [6654, 1693], 'modifiers': [{'type': 9, 'value': 30}, {'type': 28, 'value': 217}]}"
1758710673,VERY_LONG,,1,10469100,,"{'id': 9895, 'context': 1, 'bonus_lists': [6654, 1680], 'modifiers': [{'type': 9, 'value': 30}, {'type': 28, 'value': 217}]}"
1758710722,VERY_LONG,,1,38967100,,"{'id': 6411, 'context': 1, 'bonus_lists': [6654], 'modifiers': [{'type': 9, 'value': 30}, {'type': 28, 'value': 217}]}"
1758710764,VERY_LONG,,1,4940000,,"{'id': 50452, 'context': 0, 'modifiers': [{'type': 28, 'value': 1023}]}"
1758710800,VERY_LONG,,1,25002000,,"{'id': 4725, 'context': 1, 'bonus_lists': [6654], 'modifiers': [{'type': 9, 'value': 30}, {'type': 28, 'value': 217}]}"
1758710835,VERY_LONG,,1,2663300,,"{'id': 36427, 'context': 0, 'bonus_lists': [6654, 1707], 'modifiers': [{'type': 9, 'value': 30}, {'type': 28, 'value': 1022}]}"
1758710874,VERY_LONG,,1,8002000,,"{'id': 36375, 'context': 0, 'bonus_lists': [6654, 1681], 'modifiers': [{'type': 9, 'value': 30}, {'type': 28, 'value': 1023}]}"
1758710894,VERY_LONG,,1,5503400,,"{'id': 36148, 'context': 0, 'bonus_lists': [6654, 1680], 'modifiers': [{'type': 9, 'value': 30}, {'type': 28, 'value': 1023}]}"
1758710929,VERY_LONG,,1,5708900,,"{'id': 36036, 'context': 0, 'bonus_lists': [6654, 1708], 'modifiers': [{'type': 9, 'value': 30}, {'type': 28, 'value': 1023}]}"
1758710961,VERY_LONG,,1,118000,,"{'id': 25057, 'context': 0, 'bonus_lists': [6654, 1680], 'modifiers': [{'type': 9, 'value': 30}, {'type': 28, 'value': 1012}]}"
1758711006,VERY_LONG,,1,113500,,"{'id': 25029, 'context': 3, 'bonus_lists': [6654, 1707], 'modifiers': [{'type': 9, 'value': 30}, {'type': 28, 'value': 1014}]}"
1758711037,VERY_LONG,,1,1349900,,"{'id': 25026, 'context': 0, 'bonus_lists': [6654, 1693], 'modifiers': [{'type': 9, 'value': 30}, {'type': 28, 'value': 1012}]}"
1758711070,VERY_LONG,,1,1008200,,"{'id': 25022, 'context': 3, 'bonus_lists': [6654, 1707], 'modifiers': [{'type': 9, 'value': 30}, {'type': 28, 'value': 1014}]}"
1758711101,VERY_LONG,,1,5776300,,"{'id': 24917, 'context': 0, 'bonus_lists': [6654, 1708], 'modifiers': [{'type': 9, 'value': 30}, {'type': 28, 'value': 1012}]}"
1758711144,VERY_LONG,,1,808700,,"{'id': 24805, 'context': 3, 'bonus_lists': [6654, 1691], 'modifiers': [{'type': 9, 'value': 30}, {'type': 28, 'value': 1014}]}"
1758711161,VERY_LONG,,1,1805300,,"{'id': 24804, 'context': 0, 'bonus_lists': [6654, 1708], 'modifiers': [{'type': 9, 'value': 30}, {'type': 28, 'value': 1012}]}"
1758711187,VERY_LONG,,1,1006600,,"{'id': 24800, 'context': 3, 'bonus_lists': [6654, 1692], 'modifiers': [{'type': 9, 'value': 30}, {'type': 28, 'value': 1014}]}"
1758711188,VERY_LONG,380000,20,,,{'id': 76142}
1758711256,VERY_LONG,,1,4890000,,"{'id': 24799, 'context': 0, 'bonus_lists': [6654, 1681], 'modifiers': [{'type': 9, 'value': 30}, {'type': 28, 'value': 1012}]}"
1758711260,VERY_LONG,,1,4890000,,"{'id': 24799, 'context': 0, 'bonus_lists': [6654, 1678], 'modifiers': [{'type': 9, 'value': 30}, {'type': 28, 'value': 1012}]}"
1758711266,VERY_LONG,,1,4890000,,"{'id': 24799, 'context': 0, 'bonus_lists': [6654, 1678], 'modifiers': [{'type': 9, 'value': 30}, {'type': 28, 'value': 1012}]}"
1758711286,VERY_LONG,,1,984400,,"{'id': 24773, 'context': 3, 'bonus_lists': [6654, 1680], 'modifiers': [{'type': 9, 'value': 30}, {'type': 28, 'value': 1014}]}"
1758711299,VERY_LONG,,1,994500,,"{'id': 24691, 'context': 3, 'bonus_lists': [6654, 1694], 'modifiers': [{'type': 9, 'value': 30}, {'type': 28, 'value': 1014}]}"
1758711305,LONG,,1,5000000,,"{'id': 184479, 'context': 0}"
1758711309,LONG,,1,5000000,,"{'id': 184479, 'context': 0}"
1758711313,LONG,,1,5000000,,"{'id': 184479, 'context': 0}"
1758711339,VERY_LONG,,1,985800,,"{'id': 13008, 'context': 0, 'bonus_lists': [6658], 'modifiers': [{'type': 9, 'value': 30}, {'type': 28, 'value': 1005}]}"
1758711357,VERY_LONG,,1,12851300,,"{'id': 10386, 'context': 0, 'bonus_lists': [6654, 1677], 'modifiers': [{'type': 9, 'value': 30}, {'type': 28, 'value': 1005}]}"
1758711371,VERY_LONG,,1,706300,,"{'id': 24661, 'context': 3, 'bonus_lists': [6654, 1709], 'modifiers': [{'type': 9, 'value': 30}, {'type': 28, 'value': 1014}]}"
1758711395,VERY_LONG,,1,1008700,,"{'id': 24692, 'context': 0, 'bonus_lists': [6654, 1709], 'modifiers': [{'type': 9, 'value': 30}, {'type': 28, 'value': 1012}]}"
1758711424,VERY_LONG,,1,20000000,,"{'id': 141287, 'context': 0, 'bonus_lists': [6654], 'modifiers': [{'type': 9, 'value': 45}, {'type': 28, 'value': 334}]}"
1758711454,VERY_LONG,125300,37,,,{'id': 8170}
1758711479,LONG,,1,9100000,,"{'id': 114821, 'context': 0}"
1758711482,LONG,,1,9100000,,"{'id': 114821, 'context': 0}"
1758711485,VERY_LONG,75000,2,,,{'id': 7910}
1758711486,LONG,,1,9100000,,"{'id': 114821, 'context': 0}"
1758711487,LONG,,1,9100000,,"{'id': 114821, 'context': 0}"
1758711489,LONG,,1,9100000,,"{'id': 114821, 'context': 0}"
1758711493,LONG,,1,9100000,,"{'id': 114821, 'context': 0}"
1758711494,LONG,,1,9100000,,"{'id': 114821, 'context': 0}"
1758711497,LONG,,1,9100000,,"{'id': 114821, 'context': 0}"
1758711506,VERY_LONG,55500,1,,,{'id': 3864}
1758711527,VERY_LONG,3920000000,4,,,{'id': 44128}
1758711555,VERY_LONG,33000,6,,,{'id': 34664}
1758711580,VERY_LONG,70000,47,,,{'id': 33568}
1758711608,VERY_LONG,7800,14,,,{'id': 32428}
1758711650,VERY_LONG,74000,6,,,{'id': 32230}
1758711686,VERY_LONG,140000,10,,,{'id': 32231}
1758711720,VERY_LONG,50000,6,,,{'id': 32228}
1758711748,VERY_LONG,660000,1,,,{'id': 31901}
1758711850,VERY_LONG,10000,4,,,{'id': 25649}
1758711879,VERY_LONG,1400,400,,,{'id': 21877}
1758711904,VERY_LONG,1601600,3,,,{'id': 18562}
1758711917,VERY_LONG,7190000,2,,,{'id': 172097}
1758711957,VERY_LONG,300000,3,,,{'id': 172096}
1758712019,VERY_LONG,1251600,21,,,{'id': 15416}
1758712037,VERY_LONG,550000,19,,,{'id': 130904}
1758712054,VERY_LONG,3900,87,,,{'id': 14047}
1758712078,VERY_LONG,409600,1,,,{'id': 12800}
1758712093,VERY_LONG,44293100,2,,,{'id': 12360}
1758713116,VERY_LONG,24304500,10,,,{'id': 11382}
1758713160,VERY_LONG,,1,13000800,,"{'id': 4299, 'context': 1, 'modifiers': [{'type': 28, 'value': 217}]}"
1758713214,VERY_LONG,,1,63200,,"{'id': 32753, 'context': 3, 'modifiers': [{'type': 28, 'value': 1014}]}"
1758713245,VERY_LONG,,1,115300,,"{'id': 32737, 'context': 3, 'modifiers': [{'type': 28, 'value': 1014}]}"
1758713269,VERY_LONG,,1,250000,,"{'id': 30323, 'context': 0, 'modifiers': [{'type': 28, 'value': 1012}]}"
1758713296,VERY_LONG,,1,15440900,,"{'id': 16220, 'context': 11, 'modifiers': [{'type': 28, 'value': 34}]}"
1758713325,VERY_LONG,,1,265166000,,"{'id': 14507, 'context': 0, 'modifiers': [{'type': 28, 'value': 1005}]}"
1758713350,VERY_LONG,,1,11555500,,"{'id': 10603, 'context': 1, 'modifiers': [{'type': 28, 'value': 217}]}"
1758713383,VERY_LONG,1252100,1,,,{'id': 12607}
1758713433,VERY_LONG,2400,48,,,{'id': 32897}
1758714124,VERY_LONG,,1,241925800,,"{'id': 67120, 'context': 0}"
1758714145,VERY_LONG,,1,36000000,,"{'id': 59521, 'context': 0}"
1758714167,VERY_LONG,,1,1110600,,"{'id': 3196, 'context': 1, 'bonus_lists': [6655, 1679], 'modifiers': [{'type': 9, 'value': 30}, {'type': 28, 'value': 213}]}"
1758714199,VERY_LONG,,1,1000000000,,"{'id': 44218, 'context': 0}"
1758714234,VERY_LONG,,1,140000000,,"{'id': 117379, 'context': 11, 'bonus_lists': [6423], 'modifiers': [{'type': 9, 'value': 50}]}"
1758714264,VERY_LONG,,1,166621300,,"{'id': 163926, 'context': 0}"
1758714289,VERY_LONG,,1,166621300,,"{'id': 163926, 'context': 0}"
1758714314,VERY_LONG,,1,990000,,"{'id': 11603, 'context': 0}"
1758714339,VERY_LONG,,1,140000000,,"{'id': 117379, 'context': 11, 'bonus_lists': [3628], 'modifiers': [{'type': 9, 'value': 45}]}"
1758714347,VERY_LONG,,1,140000000,,"{'id': 117379, 'context': 11, 'bonus_lists': [3628], 'modifiers': [{'type': 9, 'value': 45}]}"
1758714350,VERY_LONG,,1,140000000,,"{'id': 117379, 'context': 11, 'bonus_lists': [3628], 'modifiers': [{'type': 9, 'value': 45}]}"
1758714373,VERY_LONG,,1,5000000,,"{'id': 9765, 'context': 1, 'bonus_lists': [6654, 1695], 'modifiers': [{'type': 9, 'value': 30}, {'type': 28, 'value': 213}]}"
1758714391,VERY_LONG,,1,79419100,,"{'id': 7369, 'context': 0, 'bonus_lists': [6654, 1693], 'modifiers': [{'type': 9, 'value': 30}, {'type': 28, 'value': 19}]}"
1758714410,VERY_LONG,301695100,1,,,{'id': 69864}
1758714423,VERY_LONG,,1,2880400,,"{'id': 4698, 'context': 1, 'modifiers': [{'type': 28, 'value': 213}]}"
1758714445,VERY_LONG,,1,9996900,,"{'id': 44308, 'context': 0}"
1758714458,VERY_LONG,,1,5816100,,"{'id': 2973, 'context': 1, 'bonus_lists': [6654], 'modifiers': [{'type': 9, 'value': 30}, {'type': 28, 'value': 213}]}"
1758714472,VERY_LONG,,1,2663300,,"{'id': 36427, 'context': 0, 'bonus_lists': [6654, 1693], 'modifiers': [{'type': 9, 'value': 30}, {'type': 28, 'value': 1023}]}"
1758714502,VERY_LONG,,1,5161400,,"{'id': 177800, 'context': 1, 'bonus_lists': [6908, 42, 1712], 'modifiers': [{'type': 9, 'value': 60}, {'type': 28, 'value': 747}]}"
1758714507,LONG,7190000,3,,,{'id': 172097}
1758714518,VERY_LONG,,1,893500,,"{'id': 176761, 'context': 0, 'bonus_lists': [6907, 6652, 7194, 1712], 'modifiers': [{'type': 9, 'value': 60}, {'type': 28, 'value': 1707}]}"
1758714531,VERY_LONG,,1,34990000,,"{'id': 150922, 'context': 11, 'bonus_lists': [3628], 'modifiers': [{'type': 9, 'value': 45}]}"
1758714538,LONG,,1,1340000000,,"{'id': 31336, 'context': 1, 'bonus_lists': [6661], 'modifiers': [{'type': 9, 'value': 30}, {'type': 28, 'value': 229}]}"
1758714546,VERY_LONG,,1,8376800,,"{'id': 13072, 'context': 0}"
1758714564,VERY_LONG,3990000,3,,,{'id': 33874}
1758714571,LONG,640000,6,,,{'id': 172231}
1758714590,VERY_LONG,2100,1,,,{'id': 173038}
1758714604,VERY_LONG,449000,4,,,{'id': 171441}
1758714636,VERY_LONG,13400,1,,,{'id': 173043}
1758714660,LONG,1029500,92,,,{'id': 171833}
1758714666,VERY_LONG,2990300,2,,,{'id': 11325}
1758714689,VERY_LONG,90000,4,,,{'id': 138727}
1758714712,VERY_LONG,20200,3,,,{'id': 97546}
1758714718,VERY_LONG,15809000,2,,,{'id': 79869}
1758714740,VERY_LONG,13505000,3,,,{'id': 79868}
1758714855,VERY_LONG,700,35,,,{'id': 7078}
1758714879,VERY_LONG,3800,3,,,{'id': 7075}
1758714923,VERY_LONG,4477700,117,,,{'id': 60224}
1758714935,VERY_LONG,1002900,1,,,{'id': 52195}
1758714972,VERY_LONG,901000,15,,,{'id': 52186}
1758714992,VERY_LONG,698500,1,,,{'id': 51950}
1758715024,VERY_LONG,652600,1,,,{'id': 31910}
1758715038,VERY_LONG,1000000,1,,,{'id': 31908}
1758715052,VERY_LONG,397600,1,,,{'id': 31905}
1758715083,VERY_LONG,1500000,1,,,{'id': 31906}
1758715098,VERY_LONG,13826000,1,,,{'id': 31903}
1758716115,VERY_LONG,1520000,1,,,{'id': 31902}
1758716130,VERY_LONG,1400,399,,,{'id': 21877}
1758716155,VERY_LONG,71087200,1,,,{'id': 19236}
1758716171,VERY_LONG,11300,1,,,{'id': 18567}
1758716316,VERY_LONG,3740000,4,,,{'id': 17203}
1758716328,VERY_LONG,26900,10,,,{'id': 17011}
1758716345,VERY_LONG,2200,51,,,{'id': 168650}
1758716364,VERY_LONG,369000,14,,,{'id': 162515}
1758716385,VERY_LONG,54914900,2,,,{'id': 15410}
1758716416,VERY_LONG,792000,1,,,{'id': 154122}
1758716442,VERY_LONG,89100,34,,,{'id': 151564}
1758716460,VERY_LONG,892600,6,,,{'id': 136636}
1758716481,VERY_LONG,2000,8,,,{'id': 151567}
1758716507,VERY_LONG,100,24,,,{'id': 124119}
1758716526,VERY_LONG,200,33,,,{'id': 142335}
1758716568,VERY_LONG,228200,2,,,{'id': 124444}
1758716589,VERY_LONG,11000,25,,,{'id': 124117}
1758716607,VERY_LONG,225000,4,,,{'id': 124669}
1758716633,VERY_LONG,100,10,,,{'id': 124121}
1758716667,VERY_LONG,60000,2,,,{'id': 124112}
1758716692,VERY_LONG,30000,5,,,{'id': 124113}
1758716731,VERY_LONG,1371000,18,,,{'id': 11371}
1758716750,VERY_LONG,10000,1,,,{'id': 124111}
1758716778,VERY_LONG,107100,2,,,{'id': 124110}
1758716794,VERY_LONG,12500,18,,,{'id': 124107}
1758716838,VERY_LONG,37500,1,,,{'id': 1210}
1758716867,VERY_LONG,,1,1278641200,,"{'id': 20010, 'context': 0}"
1758716872,LONG,1400,137,,,{'id': 21877}
1758717083,LONG,7190000,1,,,{'id': 172097}
1758717456,VERY_LONG,,1,61602500,,"{'id': 13055, 'context': 11, 'bonus_lists': [6659], 'modifiers': [{'type': 9, 'value': 30}, {'type': 28, 'value': 34}]}"
1758717473,VERY_LONG,,1,29807600,,"{'id': 25180, 'context': 0, 'bonus_lists': [6655, 1693], 'modifiers': [{'type': 9, 'value': 30}, {'type': 28, 'value': 1008}]}"
1758717506,VERY_LONG,,1,6173800,,"{'id': 9953, 'context': 11, 'bonus_lists': [6654, 1691], 'modifiers': [{'type': 9, 'value': 30}, {'type': 28, 'value': 34}]}"
1758717611,VERY_LONG,,1,155800,,"{'id': 25099, 'context': 0, 'bonus_lists': [6655, 1681], 'modifiers': [{'type': 9, 'value': 30}, {'type': 28, 'value': 1008}]}"
1758717781,VERY_LONG,,1,4920300,,"{'id': 13073, 'context': 11, 'bonus_lists': [6658], 'modifiers': [{'type': 9, 'value': 30}, {'type': 28, 'value': 34}]}"
1758717813,VERY_LONG,,1,218449600,,"{'id': 13125, 'context': 11, 'bonus_lists': [6658], 'modifiers': [{'type': 9, 'value': 30}, {'type': 28, 'value': 34}]}"
1758717834,VERY_LONG,,1,27848100,,"{'id': 24886, 'context': 0, 'bonus_lists': [6654, 1681], 'modifiers': [{'type': 9, 'value': 30}, {'type': 28, 'value': 1008}]}"
1758717854,VERY_LONG,,1,7267300,,"{'id': 121156, 'context': 0, 'bonus_lists': [6654, 1697], 'modifiers': [{'type': 9, 'value': 45}, {'type': 28, 'value': 334}]}"
1758717876,VERY_LONG,,1,52684300,,"{'id': 121158, 'context': 0, 'bonus_lists': [6654, 1679], 'modifiers': [{'type': 9, 'value': 45}, {'type': 28, 'value': 334}]}"
1758717898,VERY_LONG,,1,100000,,"{'id': 121161, 'context': 0, 'bonus_lists': [6654, 1699], 'modifiers': [{'type': 9, 'value': 45}, {'type': 28, 'value': 334}]}"
1758717917,VERY_LONG,,1,9860800,,"{'id': 13009, 'context': 11, 'bonus_lists': [6658], 'modifiers': [{'type': 9, 'value': 30}, {'type': 28, 'value': 34}]}"
1758717941,VERY_LONG,,1,100000,,"{'id': 121117, 'context': 0, 'bonus_lists': [6654, 1808, 1685], 'modifiers': [{'type': 9, 'value': 45}, {'type': 28, 'value': 334}]}"
1758717972,VERY_LONG,,1,57529500,,"{'id': 10387, 'context': 0, 'bonus_lists': [6654, 1708], 'modifiers': [{'type': 9, 'value': 30}, {'type': 28, 'value': 34}]}"
1758717991,VERY_LONG,,1,44499700,,"{'id': 12043, 'context': 11, 'bonus_lists': [6654, 1706], 'modifiers': [{'type': 9, 'value': 30}, {'type': 28, 'value': 34}]}"
1758718012,VERY_LONG,,1,19161900,,"{'id': 10276, 'context': 0, 'bonus_lists': [6654, 1692], 'modifiers': [{'type': 9, 'value': 30}, {'type': 28, 'value': 34}]}"
1758718038,VERY_LONG,,1,7476400,,"{'id': 10278, 'context': 1, 'bonus_lists': [6654, 1707], 'modifiers': [{'type': 9, 'value': 30}, {'type': 28, 'value': 201}]}"
1758718051,VERY_LONG,,1,10042300,,"{'id': 10200, 'context': 11, 'bonus_lists': [6654, 1692], 'modifiers': [{'type': 9, 'value': 30}, {'type': 28, 'value': 34}]}"
1758718073,VERY_LONG,,1,410000,,"{'id': 10196, 'context': 11, 'bonus_lists': [6654, 1678], 'modifiers': [{'type': 9, 'value': 30}, {'type': 28, 'value': 34}]}"
1758718090,VERY_LONG,,1,13406400,,"{'id': 10225, 'context': 0, 'bonus_lists': [6654, 1677], 'modifiers': [{'type': 9, 'value': 30}, {'type': 28, 'value': 34}]}"
1758719108,VERY_LONG,,1,7439000,,"{'id': 10169, 'context': 0, 'bonus_lists': [6654, 1705], 'modifiers': [{'type': 9, 'value': 30}, {'type': 28, 'value': 34}]}"
1758719120,VERY_LONG,,1,13887000,,"{'id': 121132, 'context': 0, 'bonus_lists': [6654, 1700], 'modifiers': [{'type': 9, 'value': 45}, {'type': 28, 'value': 334}]}"
1758719129,VERY_LONG,,1,10369500,,"{'id': 121154, 'context': 0, 'bonus_lists': [6654, 1689], 'modifiers': [{'type': 9, 'value': 45}, {'type': 28, 'value': 334}]}"
1758719146,VERY_LONG,,1,9186000,,"{'id': 10119, 'context': 0, 'bonus_lists': [6654, 1693], 'modifiers': [{'type': 9, 'value': 30}, {'type': 28, 'value': 34}]}"
1758719155,VERY_LONG,,1,31098100,,"{'id': 10074, 'context': 1, 'bonus_lists': [6654, 1692], 'modifiers': [{'type': 9, 'value': 30}, {'type': 28, 'value': 201}]}"
1758719179,VERY_LONG,,1,7123400,,"{'id': 10106, 'context': 0, 'bonus_lists': [6654, 1705], 'modifiers': [{'type': 9, 'value': 30}, {'type': 28, 'value': 34}]}"
1758719201,VERY_LONG,,1,14131700,,"{'id': 10167, 'context': 0, 'bonus_lists': [6654, 1692], 'modifiers': [{'type': 9, 'value': 30}, {'type': 28, 'value': 34}]}"
1758719213,VERY_LONG,,1,150000000,,"{'id': 172318, 'context': 63, 'bonus_lists': [6716, 1487]}"
1758719221,VERY_LONG,,1,150000000,,"{'id': 172318, 'context': 63, 'bonus_lists': [6716, 1487]}"
1758719228,VERY_LONG,,1,150000000,,"{'id': 172318, 'context': 63, 'bonus_lists': [6716, 1487]}"
1758719231,VERY_LONG,,1,3204000,,"{'id': 10060, 'context': 1, 'bonus_lists': [6654, 1709], 'modifiers': [{'type': 9, 'value': 30}, {'type': 28, 'value': 201}]}"
1758719235,VERY_LONG,,1,150000000,,"{'id': 172318, 'context': 63, 'bonus_lists': [6716, 1487]}"
1758719241,VERY_LONG,,1,150000000,,"{'id': 172318, 'context': 63, 'bonus_lists': [6716, 1487]}"
1758719246,VERY_LONG,,1,150000000,,"{'id': 172318, 'context': 63, 'bonus_lists': [6716, 1487]}"
1758719249,VERY_LONG,,1,150000000,,"{'id': 172318, 'context': 63, 'bonus_lists': [6716, 1487]}"
1758719255,VERY_LONG,,1,5701200,,"{'id': 10063, 'context': 11, 'bonus_lists': [6654, 1707], 'modifiers': [{'type': 9, 'value': 30}, {'type': 28, 'value': 34}]}"
1758719256,VERY_LONG,,1,150000000,,"{'id': 172318, 'context': 63, 'bonus_lists': [6716, 1487]}"
1758719259,VERY_LONG,,1,150000000,,"{'id': 172318, 'context': 63, 'bonus_lists': [6716, 1487]}"
1758719270,VERY_LONG,,1,3865100,,"{'id': 10099, 'context': 0, 'bonus_lists': [6654, 1680], 'modifiers': [{'type': 9, 'value': 30}, {'type': 28, 'value': 34}]}"
1758719276,VERY_LONG,640000,4,,,{'id': 172231}
1758719285,VERY_LONG,,1,5701200,,"{'id': 10063, 'context': 11, 'bonus_lists': [6654, 1692], 'modifiers': [{'type': 9, 'value': 30}, {'type': 28, 'value': 34}]}"
1758719299,VERY_LONG,150200,8,,,{'id': 172230}
1758719311,VERY_LONG,,1,234319900,,"{'id': 172318, 'context': 64, 'bonus_lists': [6717, 1507]}"
1758719318,VERY_LONG,,1,234319900,,"{'id': 172318, 'context': 64, 'bonus_lists': [6717, 1507]}"
1758719330,VERY_LONG,259100,2,,,{'id': 33444}
1758719357,VERY_LONG,800,3,,,{'id': 160298}
1758719365,VERY_LONG,,1,304310000,,"{'id': 172315, 'context': 65, 'bonus_lists': [6718, 1522]}"
1758719369,VERY_LONG,,1,304310000,,"{'id': 172315, 'context': 65, 'bonus_lists': [6718, 1522]}"
1758719375,VERY_LONG,,1,304310000,,"{'id': 172315, 'context': 65, 'bonus_lists': [6718, 1522]}"
1758719377,VERY_LONG,125300,2,,,{'id': 8170}
1758719391,VERY_LONG,,1,246000000,,"{'id': 82800, 'context': 0, 'modifiers': [{'type': 6, 'value': 99855}], 'pet_breed_id': 6, 'pet_level': 1, 'pet_quality_id': 2, 'pet_species_id': 2931}"
1758719394,VERY_LONG,1250700,3,,,{'id': 72095}
1758719405,VERY_LONG,,1,436000000,,"{'id': 82800, 'context': 0, 'modifiers': [{'type': 6, 'value': 98467}], 'pet_breed_id': 19, 'pet_level': 1, 'pet_quality_id': 2, 'pet_species_id': 2954}"
1758719415,VERY_LONG,7500,4,,,{'id': 4338}
1758719423,VERY_LONG,,1,280380000,,"{'id': 82800, 'context': 0, 'modifiers': [{'type': 6, 'value': 99864}], 'pet_breed_id': 13, 'pet_level': 1, 'pet_quality_id': 2, 'pet_species_id': 2965}"
1758719440,VERY_LONG,98000,4,,,{'id': 32229}
1758719464,VERY_LONG,1400,10,,,{'id': 21877}
1758719481,VERY_LONG,550000,1,,,{'id': 130904}
1758719499,VERY_LONG,100,272,,,{'id': 124439}
1758719504,VERY_LONG,1449700,53,,,{'id': 172233}
1758719555,VERY_LONG,100,365,,,{'id': 124438}
1758719576,VERY_LONG,3900,20,,,{'id': 14047}
1758719591,VERY_LONG,100,18,,,{'id': 124121}
1758719602,VERY_LONG,11000,16,,,{'id': 124117}
1758719618,VERY_LONG,30000,26,,,{'id': 124113}
1758719632,VERY_LONG,175800,152,,,{'id': 123919}
1758719649,VERY_LONG,2500,47,,,{'id': 113264}
1758719670,VERY_LONG,2077500,64,,,{'id': 113261}
1758719694,VERY_LONG,2710000,4,,,{'id': 81055}
1758719713,VERY_LONG,7900,3,,,{'id': 138875}
1758719735,VERY_LONG,,1,700000,,"{'id': 16048, 'context': 1, 'modifiers': [{'type': 28, 'value': 201}]}"
1758719866,VERY_LONG,,1,448740000,,"{'id': 172318, 'context': 65, 'bonus_lists': [6718, 1522]}"
1758719873,VERY_LONG,,1,234319900,,"{'id': 172318, 'context': 64, 'bonus_lists': [6717, 1507]}"
1758719878,VERY_LONG,,1,434310000,,"{'id': 172317, 'context': 65, 'bonus_lists': [6718, 7193, 1522]}"
1758719897,VERY_LONG,,1,144400000,,"{'id': 172328, 'context': 63, 'bonus_lists': [6716, 7193, 1487]}"
1758719905,VERY_LONG,,1,399990000,,"{'id': 172314, 'context': 65, 'bonus_lists': [6718, 1522]}"
1758719910,VERY_LONG,,1,234310000,,"{'id': 172326, 'context': 64, 'bonus_lists': [6717, 1507]}"
1758719937,VERY_LONG,,1,370310000,,"{'id': 172323, 'context': 65, 'bonus_lists': [6718, 1522]}"
1758719940,VERY_LONG,,1,304310000,,"{'id': 172315, 'context': 65, 'bonus_lists': [6718, 1522]}"
1758719954,VERY_LONG,,1,290000000,,"{'id': 172322, 'context': 64, 'bonus_lists': [6717, 1507]}"
1758721271,VERY_LONG,704200,6,,,{'id': 171315}
1758721328,VERY_LONG,300000,1,,,{'id': 172096}
1758721937,LONG,640000,19,,,{'id': 172231}
1758721966,LONG,150200,22,,,{'id': 172230}
1758722002,LONG,749300,5,,,{'id': 173058}
1758722094,LONG,60000,6,,,{'id': 173109}
1758722136,LONG,704200,4,,,{'id': 171315}
1758722370,LONG,,1,3811500,,"{'id': 39505, 'context': 0}"
1758722961,VERY_LONG,594000,1,,,{'id': 172936}
1758723007,VERY_LONG,3910500,1,,,{'id': 172937}
1758723045,VERY_LONG,9800,10,,,{'id': 152576}
1758723395,LONG,704200,4,,,{'id': 171315}
1758723438,LONG,1029500,193,,,{'id': 171833}
1758723490,VERY_LONG,500,124,,,{'id': 171840}
1758723524,VERY_LONG,329400,109,,,{'id': 171829}
1758723539,LONG,3842800,40,,,{'id': 171270}
1758723549,VERY_LONG,169400,104,,,{'id': 171830}
1758723575,LONG,494700,1,,,{'id': 171268}
1758723586,VERY_LONG,212300,58,,,{'id': 171831}
1758723606,VERY_LONG,189900,13,,,{'id': 171832}
1758723634,VERY_LONG,5000000,47,,,{'id': 171841}
1758723751,VERY_LONG,1029500,34,,,{'id': 171833}
1758725740,LONG,,1,79990000,67991500,"{'id': 82800, 'context': 0, 'modifiers': [{'type': 6, 'value': 97090}], 'pet_breed_id': 18, 'pet_level': 1, 'pet_quality_id': 2, 'pet_species_id': 3029}"
1758725801,LONG,857600,1,,,{'id': 52179}
1758725802,LONG,,1,70000000,65800000,"{'id': 82800, 'context': 0, 'modifiers': [{'type': 6, 'value': 99876}], 'pet_breed_id': 20, 'pet_level': 1, 'pet_quality_id': 3, 'pet_species_id': 2898}"
1758725818,LONG,874500,7,,,{'id': 52327}
1758726424,VERY_LONG,909500,6,,,{'id': 171833}
1758726465,LONG,,1,14950000,,"{'id': 171417, 'context': 63, 'bonus_lists': [6716, 1487]}"
1758726470,LONG,,1,14950000,,"{'id': 171417, 'context': 63, 'bonus_lists': [6716, 1487]}"
1758726471,LONG,,1,14950000,,"{'id': 171417, 'context': 63, 'bonus_lists': [6716, 1487]}"
1758726490,LONG,,1,14950000,,"{'id': 171417, 'context': 63, 'bonus_lists': [6716, 1487]}"
1758726493,LONG,,1,14950000,,"{'id': 171417, 'context': 63, 'bonus_lists': [6716, 1487]}"
1758726497,LONG,,1,14950000,,"{'id': 171417, 'context': 63, 'bonus_lists': [6716, 1487]}"
1758726505,LONG,,1,14950000,,"{'id': 171417, 'context': 63, 'bonus_lists': [6716, 1487]}"
1758726512,LONG,,1,14950000,,"{'id': 171417, 'context': 63, 'bonus_lists': [6716, 1487]}"
1758726516,LONG,,1,14950000,,"{'id': 171417, 'context': 63, 'bonus_lists': [6716, 1487]}"
1758726535,LONG,,1,14950000,,"{'id': 171417, 'context': 63, 'bonus_lists': [6716, 1487]}"
1758726543,LONG,,1,14950000,,"{'id': 171417, 'context': 63, 'bonus_lists': [6716, 1487]}"
1758726548,LONG,,1,14950000,,"{'id': 171417, 'context': 63, 'bonus_lists': [6716, 1487]}"
1758726551,LONG,,1,14950000,,"{'id': 171417, 'context': 63, 'bonus_lists': [6716, 1487]}"
1758726586,VERY_LONG,200000,5,,,{'id': 171841}
1758726608,LONG,74900,11,,,{'id': 152579}
1758726817,LONG,399000,1,,,{'id': 172416}
1758726820,VERY_LONG,,1,2500000000,,"{'id': 184778, 'context': 6, 'bonus_lists': [7187, 6652, 1498, 6646], 'modifiers': [{'type': 28, 'value': 753}]}"
1758726985,LONG,1490000,5,,,{'id': 171274}
1758728185,LONG,494000,6,,,{'id': 172936}
1758728588,VERY_LONG,373500,143,,,{'id': 52329}
1758728636,VERY_LONG,200000,12,,,{'id': 171841}
1758728649,VERY_LONG,329400,10,,,{'id': 171829}
1758728679,LONG,320000,125,,,{'id': 171829}
1758728681,VERY_LONG,500,28,,,{'id': 171840}
1758729161,LONG,800000,63,,,{'id': 52721}
1758729463,LONG,94000,78,,,{'id': 171828}
1758729514,LONG,100000,50,,,{'id': 10940}
1758729522,LONG,400,25,,,{'id': 171840}
1758729618,LONG,,1,22000000,,"{'id': 128311, 'context': 31, 'modifiers': [{'type': 28, 'value': 872}]}"
1758729653,LONG,169400,1,,,{'id': 171830}
1758729679,LONG,,1,3200000,,"{'id': 71637, 'context': 0}"
1758729712,LONG,700000,1,,,{'id': 118472}
1758729741,LONG,129900,12,,,{'id': 172063}
1758729771,LONG,1440000,1,,,{'id': 128314}
1758729796,LONG,45800,66,,,{'id': 113263}
1758729824,LONG,700000,2,,,{'id': 52325}
1758729852,LONG,100,1,,,{'id': 124121}
1758729879,LONG,11000,2,,,{'id': 124117}
1758729938,LONG,250000,64,,,{'id': 10939}
1758730013,LONG,651700,32,,,{'id': 171439}
1758731165,LONG,150000,1,,,{'id': 127037}
1758731230,LONG,7500,34,,,{'id': 4338}
1758731271,LONG,154000,2,,,{'id': 52555}
1758731282,LONG,,1,40001900,,"{'id': 82800, 'context': 0, 'modifiers': [{'type': 6, 'value': 46922}], 'pet_breed_id': 6, 'pet_level': 1, 'pet_quality_id': 3, 'pet_species_id': 1155}"
1758731456,LONG,,1,200000000,,"{'id': 184781, 'context': 0, 'bonus_lists': [6652, 1472, 6646], 'modifiers': [{'type': 28, 'value': 1707}]}"
1758731463,LONG,,1,950000,,"{'id': 82800, 'context': 0, 'modifiers': [{'type': 6, 'value': 77901}], 'pet_breed_id': 13, 'pet_level': 1, 'pet_quality_id': 3, 'pet_species_id': 2566}"
1758731481,LONG,60000,1,,,{'id': 163691}
1758731554,VERY_LONG,3920000000,26,,,{'id': 126936}
1758731589,VERY_LONG,225000,520,,,{'id': 124669}
1758731635,VERY_LONG,1956700,16,,,{'id': 158201}
1758731675,VERY_LONG,2200000,17,,,{'id': 184090}
1758731779,LONG,400,13,,,{'id': 171840}
1758731907,VERY_LONG,,1,5000000,,"{'id': 179329, 'context': 5, 'bonus_lists': [6908, 6652, 1690], 'modifiers': [{'type': 9, 'value': 60}, {'type': 28, 'value': 752}]}"
1758732052,LONG,46400,2,,,{'id': 177061}
1758732065,LONG,54500,1,,,{'id': 3864}
1758732333,LONG,169400,10,,,{'id': 171830}
1758732393,VERY_LONG,,1,5002100,,"{'id': 182725, 'context': 5, 'bonus_lists': [6907, 6652, 7193], 'modifiers': [{'type': 9, 'value': 60}, {'type': 28, 'value': 752}]}"
1758732410,VERY_LONG,9900000,3,,,{'id': 172042}
1758732427,VERY_LONG,,1,351532700,,"{'id': 113593, 'context': 6, 'bonus_lists': [42, 567]}"
1758732440,VERY_LONG,13741200,1,,,{'id': 171276}
1758732475,VERY_LONG,,1,544310300,,"{'id': 78888, 'context': 0, 'modifiers': [{'type': 28, 'value': 1030}]}"
1758732496,LONG,405000,3,,,{'id': 168586}
1758732509,VERY_LONG,,1,66727600,,"{'id': 124323, 'context': 6, 'bonus_lists': [1799, 1473]}"
1758732550,VERY_LONG,,1,87232100,,"{'id': 113610, 'context': 6, 'bonus_lists': [567]}"
1758732944,VERY_LONG,589000,10,,,{'id': 171285}
1758733011,VERY_LONG,2860000,9,,,{'id': 171352}
1758734781,VERY_LONG,330500,33,,,{'id': 172062}
1758734783,LONG,189900,8,,,{'id': 171832}
1758734914,LONG,13741200,7,,,{'id': 171276}
1758734952,LONG,589000,48,,,{'id': 171285}
1758736278,LONG,35000,3000,,,{'id': 94288}
1758736819,VERY_LONG,589000,20,,,{'id': 171285}
1758736922,VERY_LONG,,1,89870000,,"{'id': 173243, 'context': 66, 'bonus_lists': [6758, 1532]}"
1758737087,VERY_LONG,13741000,6,,,{'id': 171276}
1758737597,LONG,20000,1000,,,{'id': 74249}
1758737727,LONG,60000,71,,,{'id': 74250}
1758737799,VERY_LONG,,1,58500000,,"{'id': 82800, 'context': 0, 'modifiers': [{'type': 6, 'value': 65667}], 'pet_breed_id': 12, 'pet_level': 1, 'pet_quality_id': 2, 'pet_species_id': 1756}"
1758739448,LONG,90000,5,,,{'id': 154888}
1758739455,LONG,19012400,5,,,{'id': 180059}
1758739494,LONG,,1,23767400,,"{'id': 55749, 'context': 2, 'bonus_lists': [6654, 1681], 'modifiers': [{'type': 9, 'value': 35}, {'type': 28, 'value': 1119}]}"
1758739500,LONG,,1,22642200,,"{'id': 55683, 'context': 2, 'bonus_lists': [6654, 1677], 'modifiers': [{'type': 9, 'value': 35}, {'type': 28, 'value': 1110}]}"
1758739507,LONG,,1,340582800,,"{'id': 164302, 'context': 11, 'modifiers': [{'type': 28, 'value': 645}]}"
1758739521,LONG,100000,2,,,{'id': 154121}
1758739525,LONG,50000,3,,,{'id': 153702}
1758739527,LONG,,1,347987000,,"{'id': 18592, 'context': 11, 'modifiers': [{'type': 28, 'value': 201}]}"
1758739533,LONG,,1,17334700,,"{'id': 55500, 'context': 2, 'bonus_lists': [6654, 1713], 'modifiers': [{'type': 9, 'value': 35}, {'type': 28, 'value': 1119}]}"
1758739537,LONG,,1,18428900,,"{'id': 55742, 'context': 2, 'bonus_lists': [6654, 1692], 'modifiers': [{'type': 9, 'value': 35}, {'type': 28, 'value': 1119}]}"
1758739544,LONG,9900,5,,,{'id': 168645}
1758739550,LONG,,1,6145900,,"{'id': 55592, 'context': 2, 'bonus_lists': [6654, 1712], 'modifiers': [{'type': 9, 'value': 35}, {'type': 28, 'value': 1109}]}"
1758739557,LONG,1898500,3,,,{'id': 52078}
1758739568,LONG,129991800,3,,,{'id': 154123}
1758739575,LONG,890000,1,,,{'id': 31915}
1758739581,LONG,,1,3985000,,"{'id': 55709, 'context': 2, 'bonus_lists': [6654, 1691], 'modifiers': [{'type': 9, 'value': 35}, {'type': 28, 'value': 1108}]}"
1758739585,LONG,232100,5,,,{'id': 154164}
1758739591,LONG,45000,5,,,{'id': 152541}
1758739596,LONG,83900,5,,,{'id': 168185}
1758739599,LONG,,1,1671800,,"{'id': 172245, 'context': 13, 'bonus_lists': [6887], 'modifiers': [{'type': 9, 'value': 60}, {'type': 28, 'value': 391}, {'type': 29, 'value': 49}, {'type': 30, 'value': 40}]}"
1758739604,LONG,500000,1,,,{'id': 76140}
1758739612,LONG,118800,5,,,{'id': 152512}
1758739619,LONG,7800,5,,,{'id': 167738}
1758739624,LONG,9900,5,,,{'id': 153051}
1758739630,VERY_LONG,,1,3006500,,"{'id': 174021, 'context': 0, 'modifiers': [{'type': 28, 'value': 2060}]}"
1758739633,LONG,20100,5,,,{'id': 154722}
1758739642,LONG,4400,3,,,{'id': 152542}
1758739657,LONG,149900,1,,,{'id': 158378}
1758739665,LONG,526100,5,,,{'id': 160711}
1758739669,VERY_LONG,,1,403500,,"{'id': 21309, 'context': 11}"
1758739676,VERY_LONG,,1,403500,,"{'id': 21309, 'context': 11}"
1758739679,LONG,1499900,1,,,{'id': 168190}
1758739683,LONG,750000,1,,,{'id': 154120}
1758739684,LONG,,1,1671800,,"{'id': 172245, 'context': 13, 'bonus_lists': [6887], 'modifiers': [{'type': 9, 'value': 60}, {'type': 28, 'value': 391}, {'type': 29, 'value': 32}, {'type': 30, 'value': 40}]}"
1758739699,VERY_LONG,,1,434310000,,"{'id': 172317, 'context': 65, 'bonus_lists': [6718, 7194, 1522]}"
1758739700,LONG,50000,2,,,{'id': 153701}
1758739701,VERY_LONG,,1,3333300,,"{'id': 17709, 'context': 11, 'modifiers': [{'type': 28, 'value': 420}]}"
1758739713,LONG,199700,5,,,{'id': 52979}
1758739724,LONG,93500,2,,,{'id': 153703}
1758739729,VERY_LONG,,1,234310000,,"{'id': 172326, 'context': 64, 'bonus_lists': [6717, 1507]}"
1758739734,VERY_LONG,,1,955000,,"{'id': 138010, 'context': 0, 'modifiers': [{'type': 28, 'value': 1705}]}"
1758739735,VERY_LONG,,1,399990000,,"{'id': 172314, 'context': 65, 'bonus_lists': [6718, 1522]}"
1758739751,VERY_LONG,,1,144400000,,"{'id': 172328, 'context': 63, 'bonus_lists': [6716, 7193, 1487]}"
1758739760,VERY_LONG,,1,100007600,,"{'id': 68788, 'context': 0, 'modifiers': [{'type': 28, 'value': 53}]}"
1758739770,VERY_LONG,,1,370310000,,"{'id': 172323, 'context': 65, 'bonus_lists': [6718, 1522]}"
1758739773,LONG,,1,9005300,,"{'id': 171419, 'context': 63, 'bonus_lists': [6716, 7194, 1487]}"
1758739783,LONG,,1,9005300,,"{'id': 171419, 'context': 63, 'bonus_lists': [6716, 7194, 1487]}"
1758739814,VERY_LONG,,1,600001600,,"{'id': 139406, 'context': 0, 'bonus_lists': [6654, 1681], 'modifiers': [{'type': 9, 'value': 60}]}"
1758739821,LONG,,1,1437700,,"{'id': 172237, 'context': 13, 'bonus_lists': [6887], 'modifiers': [{'type': 9, 'value': 51}, {'type': 28, 'value': 391}, {'type': 29, 'value': 49}, {'type': 30, 'value': 32}]}"
1758739836,VERY_LONG,20000100,14,,,{'id': 162012}
1758739864,VERY_LONG,4003900,1,,,{'id': 128793}
1758739887,VERY_LONG,,1,26872200,,"{'id': 11207, 'context': 1, 'modifiers': [{'type': 28, 'value': 201}]}"
1758739918,LONG,,1,250000000,,"{'id': 172316, 'context': 65, 'bonus_lists': [6718, 1522]}"
1758739922,LONG,,1,250000000,,"{'id': 172316, 'context': 65, 'bonus_lists': [6718, 1522]}"
1758739923,VERY_LONG,,1,3333300,,"{'id': 17724, 'context': 11, 'modifiers': [{'type': 28, 'value': 420}]}"
1758739963,VERY_LONG,,1,500000,,"{'id': 17720, 'context': 11, 'modifiers': [{'type': 28, 'value': 420}]}"
1758740035,LONG,13741000,20,,,{'id': 171276}
1758740039,VERY_LONG,,1,45000100,,"{'id': 112320, 'context': 13, 'bonus_lists': [525, 530]}"
1758740064,LONG,,1,204780000,,"{'id': 172321, 'context': 65, 'bonus_lists': [6718, 7193, 1522]}"
1758740072,LONG,,1,204780000,,"{'id': 172321, 'context': 65, 'bonus_lists': [6718, 7193, 1522]}"
1758740099,VERY_LONG,800200,1,,,{'id': 43488}
1758740139,VERY_LONG,800200,1,,,{'id': 43492}
1758740149,LONG,13741000,20,,,{'id': 171276}
1758740174,VERY_LONG,46400,3,,,{'id': 177061}
1758740180,VERY_LONG,800200,1,,,{'id': 43491}
1758740208,VERY_LONG,,1,2499999900,,"{'id': 1604, 'context': 0, 'bonus_lists': [3655], 'modifiers': [{'type': 9, 'value': 25}]}"
1758740232,VERY_LONG,2018700,7,,,{'id': 114836}
1758740239,LONG,,1,435840000,,"{'id': 172316, 'context': 66, 'bonus_lists': [6758, 1532]}"
1758740253,LONG,,1,50000100,,"{'id': 138795, 'context': 13}"
1758740254,LONG,400,200,,,{'id': 171840}
1758740294,LONG,,1,48296200,,"{'id': 138794, 'context': 13}"
1758740318,LONG,,1,359115300,,"{'id': 172325, 'context': 65, 'bonus_lists': [6718, 7193, 1522]}"
1758740323,LONG,,1,359115300,,"{'id': 172325, 'context': 65, 'bonus_lists': [6718, 7193, 1522]}"
1758740335,LONG,,1,359115300,,"{'id': 172325, 'context': 65, 'bonus_lists': [6718, 7194, 1522]}"
1758740339,VERY_LONG,999700,12,,,{'id': 169456}
1758740380,VERY_LONG,,1,125546000,,"{'id': 127002, 'context': 13, 'bonus_lists': [669, 601, 689, 1710, 3408]}"
1758740411,VERY_LONG,2499900,5,,,{'id': 153510}
1758740489,LONG,,1,8527700,,"{'id': 138791, 'context': 13}"
1758740516,VERY_LONG,,1,14845000,,"{'id': 138790, 'context': 13}"
1758740540,LONG,,1,90341200,,"{'id': 138789, 'context': 13}"
1758740569,LONG,,1,16202000,,"{'id': 138793, 'context': 13}"
1758740585,LONG,,1,400000000,,"{'id': 172321, 'context': 66, 'bonus_lists': [6758, 7194, 1532]}"
1758740598,LONG,140000,25,,,{'id': 34057}
1758740601,LONG,,1,168630000,,"{'id': 172329, 'context': 64, 'bonus_lists': [6717, 7193, 1507]}"
1758740641,LONG,,1,152499300,,"{'id': 82800, 'context': 0, 'modifiers': [{'type': 6, 'value': 80254}], 'pet_breed_id': 4, 'pet_level': 1, 'pet_quality_id': 3, 'pet_species_id': 2756}"
1758740717,LONG,9900,16,,,{'id': 168645}
1758740725,LONG,90000,5,,,{'id': 154888}
1758740729,LONG,28300,84,,,{'id': 168650}
1758740741,LONG,526100,1,,,{'id': 160711}
1758740751,LONG,232100,34,,,{'id': 154164}
1758740754,LONG,83900,11,,,{'id': 168185}
1758740762,LONG,3916700,2,,,{'id': 168663}
1758740770,LONG,7800,9,,,{'id': 167738}
1758740776,LONG,14689200,10,,,{'id': 154884}
1758740777,LONG,,1,1284300,,"{'id': 152878, 'context': 13}"
1758740786,LONG,20100,7,,,{'id': 154722}
1758740794,LONG,45000,40,,,{'id': 152541}
1758740800,LONG,118800,3,,,{'id': 152512}
1758740807,LONG,9000,17,,,{'id': 154165}
1758740817,LONG,355600,1,,,{'id': 74839}
1758740824,LONG,19012400,7,,,{'id': 180059}
1758740832,LONG,260900,10,,,{'id': 168303}
1758740842,LONG,,1,33718800,,"{'id': 129960, 'context': 13, 'modifiers': [{'type': 28, 'value': 373}]}"
1758740844,LONG,114500,2,,,{'id': 152631}
1758740858,LONG,199700,1,,,{'id': 52979}
1758740876,LONG,1727300,2,,,{'id': 153700}
1758740884,LONG,1744100,2,,,{'id': 153705}
1758740889,LONG,209843300,12,,,{'id': 52976}
1758740891,LONG,,1,35283400,,"{'id': 129958, 'context': 13}"
1758740925,LONG,,1,99999900,,"{'id': 129961, 'context': 13}"
1758740978,LONG,,1,97703900,,"{'id': 128535, 'context': 13}"
1758741005,VERY_LONG,,1,166669200,,"{'id': 82800, 'context': 0, 'modifiers': [{'type': 6, 'value': 87977}], 'pet_breed_id': 3, 'pet_level': 1, 'pet_quality_id': 3, 'pet_species_id': 2444}"
1758741021,LONG,11600,10,,,{'id': 168303}
1758745112,VERY_LONG,,1,192160000,,"{'id': 172315, 'context': 64, 'bonus_lists': [6717, 1507]}"
1758745625,VERY_LONG,,1,379840000,,"{'id': 172319, 'context': 65, 'bonus_lists': [6718, 1522]}"
1758745922,VERY_LONG,,1,76033100,,"{'id': 23884, 'context': 1}"
1758745927,VERY_LONG,,1,22933600,,"{'id': 47629, 'context': 0}"
1758745929,VERY_LONG,,1,133831000,,"{'id': 22914, 'context': 2, 'modifiers': [{'type': 28, 'value': 1073}]}"
1758745937,VERY_LONG,,1,13001100,,"{'id': 4300, 'context': 1, 'modifiers': [{'type': 28, 'value': 217}]}"
1758745943,VERY_LONG,,1,133374100,,"{'id': 24171, 'context': 1}"
1758745947,VERY_LONG,,1,2336560400,,"{'id': 142370, 'context': 1, 'modifiers': [{'type': 28, 'value': 205}]}"
1758745954,VERY_LONG,,1,98448100,,"{'id': 24169, 'context': 1}"
1758745957,VERY_LONG,,1,331795100,,"{'id': 14497, 'context': 1}"
1758745962,VERY_LONG,,1,1200000,,"{'id': 12704, 'context': 1, 'modifiers': [{'type': 28, 'value': 205}]}"
1758745967,VERY_LONG,,1,1185858300,,"{'id': 22388, 'context': 1, 'modifiers': [{'type': 28, 'value': 205}]}"
1758745975,VERY_LONG,,1,238176900,,"{'id': 13487, 'context': 1}"
1758745981,VERY_LONG,,1,21932000,,"{'id': 11737, 'context': 0}"
1758745985,VERY_LONG,,1,8794000,,"{'id': 7993, 'context': 1}"
1758745994,VERY_LONG,,1,44004500,,"{'id': 24193, 'context': 1}"
1758745998,VERY_LONG,,1,10970000,,"{'id': 7975, 'context': 1}"
1758746001,VERY_LONG,,1,45134500,,"{'id': 7449, 'context': 1}"
1758746005,VERY_LONG,,1,42113500,,"{'id': 24199, 'context': 1}"
1758746010,VERY_LONG,18263100,1,,,{'id': 137250}
1758746014,VERY_LONG,,1,22584600,,"{'id': 31878, 'context': 1, 'modifiers': [{'type': 28, 'value': 220}]}"
1758746020,VERY_LONG,,1,42523200,,"{'id': 41783, 'context': 36}"
1758746024,VERY_LONG,58019900,1,,,{'id': 139315}
1758746027,VERY_LONG,,1,553572300,,"{'id': 18655, 'context': 1}"
1758746032,VERY_LONG,,1,153688200,,"{'id': 24298, 'context': 2}"
1758746037,VERY_LONG,,1,1764400,,"{'id': 16215, 'context': 1, 'modifiers': [{'type': 28, 'value': 203}]}"
1758746044,VERY_LONG,,1,1191713500,,"{'id': 29727, 'context': 1}"
1758746057,VERY_LONG,,1,28999000,,"{'id': 23804, 'context': 1}"
1758746062,VERY_LONG,,1,1566704000,1410033600,"{'id': 12219, 'context': 0}"
1758746068,VERY_LONG,,1,225002600,,"{'id': 13488, 'context': 1}"
1758746077,VERY_LONG,,1,1820010200,,"{'id': 23632, 'context': 1, 'modifiers': [{'type': 28, 'value': 220}]}"
1758746081,VERY_LONG,,1,12651000,,"{'id': 3872, 'context': 1}"
1758746089,VERY_LONG,,1,2397400,,"{'id': 21945, 'context': 1, 'modifiers': [{'type': 28, 'value': 218}]}"
1758746092,VERY_LONG,,1,193031600,,"{'id': 12838, 'context': 1}"
1758746103,VERY_LONG,56500000,1,,,{'id': 139435}
1758746109,VERY_LONG,,1,300369600,,"{'id': 16044, 'context': 1}"
1758746114,VERY_LONG,,1,6603200,,"{'id': 8385, 'context': 1}"
1758746115,VERY_LONG,,1,379840000,,"{'id': 172319, 'context': 65, 'bonus_lists': [6718, 1522]}"
1758746121,VERY_LONG,,1,116198600,,"{'id': 8028, 'context': 1}"
1758746126,VERY_LONG,,1,11555500,,"{'id': 10603, 'context': 1}"
1758746132,VERY_LONG,,1,39980000,,"{'id': 11167, 'context': 1, 'modifiers': [{'type': 28, 'value': 218}]}"
1758746136,VERY_LONG,,1,265166000,,"{'id': 14507, 'context': 1, 'modifiers': [{'type': 28, 'value': 203}]}"
1758746139,VERY_LONG,,1,43431500,,"{'id': 24209, 'context': 1}"
1758746151,VERY_LONG,,1,10000000,,"{'id': 5974, 'context': 1, 'modifiers': [{'type': 28, 'value': 217}]}"
1758746158,VERY_LONG,,1,3292300,,"{'id': 9298, 'context': 1, 'modifiers': [{'type': 28, 'value': 217}]}"
1758746164,VERY_LONG,,1,25553900,,"{'id': 47624, 'context': 0}"
1758746169,VERY_LONG,,1,4002000,,"{'id': 15749, 'context': 1, 'modifiers': [{'type': 28, 'value': 205}]}"
1758746177,VERY_LONG,,1,5240000,,"{'id': 21940, 'context': 1}"
1758746185,VERY_LONG,,1,4960000,,"{'id': 8389, 'context': 1, 'modifiers': [{'type': 28, 'value': 218}]}"
1758746188,VERY_LONG,,1,88740500,,"{'id': 22904, 'context': 1}"
1758746191,VERY_LONG,,1,8754600,,"{'id': 6342, 'context': 1}"
1758746198,VERY_LONG,1200000,3,,,{'id': 116271}
1758746202,VERY_LONG,,1,13223300,,"{'id': 5786, 'context': 1}"
1758746206,VERY_LONG,,1,2187100,,"{'id': 21947, 'context': 1, 'modifiers': [{'type': 28, 'value': 218}]}"
1758746213,VERY_LONG,,1,24974800,,"{'id': 16250, 'context': 1, 'modifiers': [{'type': 28, 'value': 205}]}"
1758746216,VERY_LONG,,1,508545800,,"{'id': 24305, 'context': 2}"
1758746219,VERY_LONG,,1,2792300,,"{'id': 4292, 'context': 1}"
1758746225,VERY_LONG,280818900,1,,,{'id': 137289}
1758746235,VERY_LONG,,1,138947500,,"{'id': 24164, 'context': 1, 'modifiers': [{'type': 28, 'value': 220}]}"
1758746241,VERY_LONG,,1,9500000,,"{'id': 7085, 'context': 1, 'modifiers': [{'type': 28, 'value': 217}]}"
1758746244,VERY_LONG,,1,55347500,,"{'id': 24198, 'context': 0, 'modifiers': [{'type': 28, 'value': 1013}]}"
1758746249,VERY_LONG,28450000,1,,,{'id': 139278}
1758746258,VERY_LONG,,1,19917900,,"{'id': 15775, 'context': 1, 'modifiers': [{'type': 28, 'value': 205}]}"
1758746265,VERY_LONG,,1,1758349100,,"{'id': 11168, 'context': 1, 'modifiers': [{'type': 28, 'value': 217}]}"
1758746343,LONG,,1,13150000,,"{'id': 82800, 'context': 0, 'modifiers': [{'type': 6, 'value': 61889}], 'pet_breed_id': 19, 'pet_level': 1, 'pet_quality_id': 3, 'pet_species_id': 1627}"
1758746385,LONG,,1,15000000,,"{'id': 82800, 'context': 0, 'modifiers': [{'type': 6, 'value': 42872}], 'pet_breed_id': 3, 'pet_level': 1, 'pet_quality_id': 2, 'pet_species_id': 630}"
1758746410,VERY_LONG,,1,448740000,,"{'id': 172318, 'context': 65, 'bonus_lists': [6718, 1522]}"
1758746720,VERY_LONG,405000,7,,,{'id': 168586}
1758746857,VERY_LONG,320000,13,,,{'id': 171829}
1758748593,SHORT,169400,5,,,{'id': 171830}
1758748668,VERY_LONG,,1,140000000,,"{'id': 172321, 'context': 64, 'bonus_lists': [6717, 7193, 1507]}"
1758748897,VERY_LONG,1172700,117,,,{'id': 179315}
1758748931,VERY_LONG,500000,17,,,{'id': 172053}
1758748935,VERY_LONG,3498500,2,,,{'id': 184308}
1758748949,VERY_LONG,45000,10,,,{'id': 152541}
1758749059,VERY_LONG,589000,40,,,{'id': 171285}
1758750104,VERY_LONG,94000,25,,,{'id': 171828}
1758750119,VERY_LONG,19899900,2,,,{'id': 172043}
1758750344,VERY_LONG,450100,542,,,{'id': 173034}
1758750356,VERY_LONG,7190000,3,,,{'id': 172097}
1758750429,VERY_LONG,500000,21,,,{'id': 172053}
1758750432,VERY_LONG,,1,19898000,,"{'id': 184480, 'context': 0}"
1758750437,VERY_LONG,,1,19898000,,"{'id': 184480, 'context': 0}"
1758750641,VERY_LONG,150000,5,,,{'id': 171841}
1758750696,VERY_LONG,,1,11000400,,"{'id': 118601, 'context': 0, 'bonus_lists': [55]}"
1758750767,VERY_LONG,,1,48000500,,"{'id': 55308, 'context': 0, 'bonus_lists': [1698]}"
1758750837,VERY_LONG,150000,9,,,{'id': 171841}
1758750896,VERY_LONG,,1,180004500,,"{'id': 116559, 'context': 22, 'bonus_lists': [6655, 211, 550], 'modifiers': [{'type': 9, 'value': 40}, {'type': 28, 'value': 1145}]}"
1758750920,VERY_LONG,9800,5917,,,{'id': 152576}
1758750951,VERY_LONG,,1,70000000,,"{'id': 98612, 'context': 0}"
1758750976,VERY_LONG,28732900,36,,,{'id': 153480}
1758750993,VERY_LONG,,1,2242969700,,"{'id': 163131, 'context': 0}"
1758750997,VERY_LONG,,1,11000400,,"{'id': 118601, 'context': 0, 'bonus_lists': [88]}"
1758751003,VERY_LONG,6485700,6,,,{'id': 124116}
1758751005,VERY_LONG,16479400,28,,,{'id': 128553}
1758751043,VERY_LONG,1172600,13,,,{'id': 179315}
1758751075,VERY_LONG,48999300,6,,,{'id': 124461}
1758752156,VERY_LONG,1172600,1000,,,{'id': 179315}
1758752220,VERY_LONG,500000,123,,,{'id': 172053}
1758752245,VERY_LONG,,1,1350004600,,"{'id': 72146, 'context': 14, 'modifiers': [{'type': 28, 'value': 378}]}"
1758752295,VERY_LONG,,1,60000000,,"{'id': 18649, 'context': 14, 'modifiers': [{'type': 28, 'value': 27}]}"
1758752310,VERY_LONG,,1,80490000,68416500,"{'id': 82800, 'context': 0, 'modifiers': [{'type': 6, 'value': 54855}], 'pet_breed_id': 18, 'pet_level': 1, 'pet_quality_id': 3, 'pet_species_id': 1542}"
1758752312,VERY_LONG,,1,55790000,47421500,"{'id': 82800, 'context': 0, 'modifiers': [{'type': 6, 'value': 38232}], 'pet_breed_id': 8, 'pet_level': 1, 'pet_quality_id': 3, 'pet_species_id': 310}"
1758752314,VERY_LONG,,1,14119500,12001600,"{'id': 82800, 'context': 0, 'modifiers': [{'type': 6, 'value': 68859}], 'pet_breed_id': 21, 'pet_level': 1, 'pet_quality_id': 3, 'pet_species_id': 1889}"
1758752319,VERY_LONG,,1,26216400,22283900,"{'id': 82800, 'context': 0, 'modifiers': [{'type': 6, 'value': 88061}], 'pet_breed_id': 15, 'pet_level': 1, 'pet_quality_id': 3, 'pet_species_id': 2471}"
1758752362,VERY_LONG,,1,1250005900,,"{'id': 16673, 'context': 0}"
1758752416,VERY_LONG,,1,290002600,,"{'id': 90487, 'context': 0, 'bonus_lists': [1695]}"
1758752445,VERY_LONG,,1,7358900,,"{'id': 55504, 'context': 29, 'bonus_lists': [4305, 1677], 'modifiers': [{'type': 9, 'value': 40}]}"
1758752451,VERY_LONG,,1,1312800,,"{'id': 82005, 'context': 0, 'bonus_lists': [6654, 1693], 'modifiers': [{'type': 9, 'value': 35}, {'type': 28, 'value': 58}]}"
1758752453,VERY_LONG,,1,28565800,,"{'id': 37778, 'context': 0}"
1758752457,VERY_LONG,,1,12414000,,"{'id': 31304, 'context': 0}"
1758752463,VERY_LONG,2453800,1,,,{'id': 76087}
1758752466,VERY_LONG,,1,6485100,,"{'id': 55747, 'context': 29, 'bonus_lists': [4305, 1692], 'modifiers': [{'type': 9, 'value': 40}]}"
1758752469,VERY_LONG,,1,17266600,,"{'id': 55702, 'context': 28, 'bonus_lists': [4763, 1699], 'modifiers': [{'type': 9, 'value': 40}]}"
1758752471,VERY_LONG,,1,95911600,,"{'id': 55396, 'context': 29, 'bonus_lists': [4313, 1695], 'modifiers': [{'type': 9, 'value': 40}]}"
1758752477,VERY_LONG,,1,8943900,,"{'id': 55431, 'context': 29, 'bonus_lists': [4313, 1687], 'modifiers': [{'type': 9, 'value': 40}]}"
1758752478,VERY_LONG,,1,1337000,,"{'id': 55404, 'context': 29, 'bonus_lists': [4305, 1686], 'modifiers': [{'type': 9, 'value': 40}]}"
1758752483,VERY_LONG,,1,9007700,,"{'id': 69803, 'context': 2, 'bonus_lists': [4236], 'modifiers': [{'type': 9, 'value': 40}]}"
1758752484,VERY_LONG,,1,1250008700,,"{'id': 36533, 'context': 0, 'bonus_lists': [1695]}"
1758752485,VERY_LONG,,1,6014900,,"{'id': 55549, 'context': 29, 'bonus_lists': [4305, 1680], 'modifiers': [{'type': 9, 'value': 40}]}"
1758752488,VERY_LONG,,1,1407400,,"{'id': 55405, 'context': 29, 'bonus_lists': [4305, 1679], 'modifiers': [{'type': 9, 'value': 40}]}"
1758752492,VERY_LONG,,1,7797600,,"{'id': 55485, 'context': 28, 'bonus_lists': [4766, 1706], 'modifiers': [{'type': 9, 'value': 40}]}"
1758752498,VERY_LONG,,1,113100,,"{'id': 82243, 'context': 0, 'bonus_lists': [6654, 1680], 'modifiers': [{'type': 9, 'value': 35}, {'type': 28, 'value': 173}]}"
1758752501,VERY_LONG,,1,29859200,,"{'id': 69802, 'context': 2, 'bonus_lists': [4236], 'modifiers': [{'type': 9, 'value': 40}]}"
1758752533,VERY_LONG,,1,1712311000,,"{'id': 163573, 'context': 0, 'modifiers': [{'type': 28, 'value': 188}]}"
1758752554,VERY_LONG,,1,1350004600,,"{'id': 72146, 'context': 14}"
1758752629,VERY_LONG,10000,12,,,{'id': 173191}
1758752789,VERY_LONG,,1,9995300,,"{'id': 54445, 'context': 0}"
1758752864,VERY_LONG,,1,322220000,,"{'id': 82800, 'context': 0, 'modifiers': [{'type': 6, 'value': 99865}], 'pet_breed_id': 11, 'pet_level': 1, 'pet_quality_id': 2, 'pet_species_id': 2917}"
1758752955,VERY_LONG,,1,333330100,,"{'id': 52251, 'context': 11, 'modifiers': [{'type': 28, 'value': 1023}]}"
1758753182,VERY_LONG,,1,130000000,,"{'id': 14182, 'context': 0, 'bonus_lists': [6654, 1680], 'modifiers': [{'type': 9, 'value': 30}, {'type': 28, 'value': 14}]}"
1758753215,VERY_LONG,94800,1,,,{'id': 153512}
1758754260,VERY_LONG,109900,6799,,,{'id': 172089}
1758754494,VERY_LONG,,1,29990100,,"{'id': 82800, 'context': 0, 'modifiers': [{'type': 6, 'value': 48212}], 'pet_breed_id': 8, 'pet_level': 1, 'pet_quality_id': 3, 'pet_species_id': 1200}"
1758754503,VERY_LONG,,1,9996000,,"{'id': 167191, 'context': 0}"
1758754558,VERY_LONG,49990000,1,,,{'id': 173072}
1758754563,VERY_LONG,9000000,1,,,{'id': 173101}
1758754569,VERY_LONG,22180000,1,,,{'id': 173076}
1758754576,VERY_LONG,17500000,1,,,{'id': 173080}
1758754583,VERY_LONG,7990000,1,,,{'id': 173071}
1758754589,VERY_LONG,39995100,1,,,{'id': 173074}
1758754597,VERY_LONG,85000000,1,,,{'id': 173095}
1758754608,VERY_LONG,14900000,2,,,{'id': 173102}
1758754612,VERY_LONG,27005100,3,,,{'id': 173089}
1758754617,VERY_LONG,17500000,1,,,{'id': 173091}
1758754619,VERY_LONG,140300,133,,,{'id': 169701}
1758754637,VERY_LONG,,1,13710000,,"{'id': 82800, 'context': 0, 'modifiers': [{'type': 6, 'value': 99898}], 'pet_breed_id': 15, 'pet_level': 1, 'pet_quality_id': 2, 'pet_species_id': 2908}"
1758754646,VERY_LONG,405000,6,,,{'id': 168586}
1758754709,VERY_LONG,,1,49990000,,"{'id': 173246, 'context': 65, 'bonus_lists': [6718, 1522]}"
1758754713,VERY_LONG,,1,49990000,,"{'id': 173246, 'context': 65, 'bonus_lists': [6718, 1522]}"
1758754742,VERY_LONG,,1,9996300,,"{'id': 36360, 'context': 36, 'bonus_lists': [1707, 3850], 'modifiers': [{'type': 9, 'value': 50}]}"
1758754756,VERY_LONG,256800,1,,,{'id': 178546}
1758754759,VERY_LONG,,1,5006800,,"{'id': 10033, 'context': 0}"
1758754774,VERY_LONG,704200,21,,,{'id': 171315}
1758754828,VERY_LONG,,1,111110100,,"{'id': 45606, 'context': 15, 'modifiers': [{'type': 28, 'value': 373}]}"
1758754837,VERY_LONG,50000,375,,,{'id': 124115}
1758754842,VERY_LONG,,1,3351400,,"{'id': 36184, 'context': 0, 'bonus_lists': [6654, 1678], 'modifiers': [{'type': 9, 'value': 32}, {'type': 28, 'value': 1744}]}"
1758754862,VERY_LONG,,1,19997700,,"{'id': 109167, 'context': 0}"
1758754870,VERY_LONG,,1,47379900,42641900,"{'id': 9968, 'context': 1, 'bonus_lists': [6654, 1695], 'modifiers': [{'type': 9, 'value': 30}, {'type': 28, 'value': 212}]}"
1758754874,VERY_LONG,,1,5012300,4511100,"{'id': 7471, 'context': 1, 'bonus_lists': [6654, 1709], 'modifiers': [{'type': 9, 'value': 30}, {'type': 28, 'value': 212}]}"
1758754876,VERY_LONG,,1,3774000,3396600,"{'id': 55726, 'context': 1, 'bonus_lists': [6654, 1708], 'modifiers': [{'type': 9, 'value': 35}, {'type': 28, 'value': 257}]}"
1758754877,VERY_LONG,,1,2844000,2559600,"{'id': 55591, 'context': 1, 'bonus_lists': [6654, 1700], 'modifiers': [{'type': 9, 'value': 35}, {'type': 28, 'value': 257}]}"
1758754878,VERY_LONG,,1,6755200,6079700,"{'id': 7532, 'context': 1, 'bonus_lists': [6654, 1678], 'modifiers': [{'type': 9, 'value': 30}, {'type': 28, 'value': 212}]}"
1758754880,VERY_LONG,,1,20570200,18513200,"{'id': 121168, 'context': 0, 'bonus_lists': [6654, 1702], 'modifiers': [{'type': 9, 'value': 45}, {'type': 28, 'value': 1196}]}"
1758754883,VERY_LONG,,1,14393700,12954300,"{'id': 8109, 'context': 1, 'bonus_lists': [6654], 'modifiers': [{'type': 9, 'value': 30}, {'type': 28, 'value': 212}]}"
1758754908,VERY_LONG,152000,2,,,{'id': 152496}
1758754957,VERY_LONG,25005700,1,,,{'id': 22827}
1758755003,VERY_LONG,,1,1990400,,"{'id': 2977, 'context': 0, 'bonus_lists': [6654], 'modifiers': [{'type': 9, 'value': 9}, {'type': 28, 'value': 6}]}"
1758756183,VERY_LONG,,1,289000000,,"{'id': 172322, 'context': 65, 'bonus_lists': [6718, 1522]}"
1758756292,VERY_LONG,,1,1350004600,,"{'id': 72146, 'context': 0}"
1758756427,VERY_LONG,,1,45000100,,"{'id': 128770, 'context': 0}"
1758756531,VERY_LONG,,1,15003800,,"{'id': 8125, 'context': 1, 'bonus_lists': [6654], 'modifiers': [{'type': 9, 'value': 30}, {'type': 28, 'value': 201}]}"
1758756567,VERY_LONG,,1,300000000,,"{'id': 182990, 'context': 3, 'bonus_lists': [7189, 6652, 1472, 6646], 'modifiers': [{'type': 28, 'value': 751}]}"
1758756586,VERY_LONG,9850000,1,,,{'id': 112165}
1758756628,VERY_LONG,1500200,1,,,{'id': 110617}
1758756682,VERY_LONG,199900,200,,,{'id': 133576}
1758756708,VERY_LONG,1742900,1,,,{'id': 38979}
1758756777,VERY_LONG,1500200,1,,,{'id': 110635}
1758756814,VERY_LONG,49405500,1,,,{'id': 38871}
1758756864,VERY_LONG,7501000,1,,,{'id': 144307}
1758756955,VERY_LONG,,1,35007800,,"{'id': 116472, 'context': 0, 'bonus_lists': [6655, 90], 'modifiers': [{'type': 9, 'value': 21}, {'type': 28, 'value': 1764}]}"
1758757033,VERY_LONG,,1,16558800,,"{'id': 14042, 'context': 0}"
1758757065,VERY_LONG,,1,25836400,,"{'id': 94054, 'context': 0, 'bonus_lists': [1708], 'modifiers': [{'type': 28, 'value': 1035}]}"
1758758127,VERY_LONG,,1,9506700,,"{'id': 15486, 'context': 0, 'bonus_lists': [6655, 1693], 'modifiers': [{'type': 9, 'value': 29}, {'type': 28, 'value': 5}]}"
1758758222,VERY_LONG,,1,990009200,,"{'id': 87484, 'context': 0}"
1758758285,VERY_LONG,,1,9992500,,"{'id': 106657, 'context': 0, 'bonus_lists': [6654, 88], 'modifiers': [{'type': 9, 'value': 40}, {'type': 28, 'value': 68}]}"
1758758381,VERY_LONG,,1,20000000,,"{'id': 56218, 'context': 2, 'bonus_lists': [4198], 'modifiers': [{'type': 9, 'value': 35}, {'type': 28, 'value': 1118}]}"
1758758406,VERY_LONG,10939900,4,,,{'id': 173049}
1758758606,VERY_LONG,173500,13,,,{'id': 152495}
1758758676,VERY_LONG,20000000,2,,,{'id': 38989}
1758758713,SHORT,1439900,66,,,{'id': 172233}
1758758750,SHORT,7990000,5,,,{'id': 173071}
1758758768,SHORT,49990000,3,,,{'id': 173072}
1758758791,SHORT,27005100,1,,,{'id': 173089}
1758758812,SHORT,17500000,5,,,{'id': 173080}
1758758837,SHORT,10939900,14,,,{'id': 173049}
1758758851,SHORT,14900000,7,,,{'id': 173102}
1758758866,SHORT,9995100,6,,,{'id': 173075}
1758758882,SHORT,22180000,4,,,{'id': 173076}
1758758899,SHORT,8710000,2,,,{'id': 173163}
1758758928,SHORT,17500000,6,,,{'id': 173161}
1758758943,SHORT,8998100,7,,,{'id': 173162}
1758758960,SHORT,10986000,8,,,{'id': 173160}
1758758962,VERY_LONG,,1,97891900,,"{'id': 75130, 'context': 0}"
1758758976,VERY_LONG,,1,2007500,,"{'id': 172256, 'context': 13, 'bonus_lists': [6893], 'modifiers': [{'type': 9, 'value': 60}, {'type': 28, 'value': 391}, {'type': 29, 'value': 36}, {'type': 30, 'value': 49}]}"
1758758983,SHORT,17500000,4,,,{'id': 173091}
1758758992,VERY_LONG,8000,44,,,{'id': 72988}
1758759003,SHORT,9000000,9,,,{'id': 173101}
1758759036,VERY_LONG,,1,251773500,,"{'id': 10041, 'context': 0}"
1758759038,SHORT,85000000,3,,,{'id': 173095}
1758759062,SHORT,39995100,4,,,{'id': 173074}
1758759094,VERY_LONG,500000,2,,,{'id': 153603}
1758759104,VERY_LONG,,1,167512300,,"{'id': 172320, 'context': 64, 'bonus_lists': [6717, 7193, 1507]}"
1758759120,VERY_LONG,4683000,2,,,{'id': 153620}
1758759131,VERY_LONG,,1,190000000,,"{'id': 87449, 'context': 0}"
1758759141,VERY_LONG,,1,111767200,,"{'id': 172320, 'context': 63, 'bonus_lists': [6716, 7194, 1487]}"
1758759165,VERY_LONG,500000,1,,,{'id': 153624}
1758759194,VERY_LONG,,1,40008300,,"{'id': 118335, 'context': 0, 'modifiers': [{'type': 28, 'value': 755}]}"
1758759220,VERY_LONG,505000,2,,,{'id': 153609}
1758759237,VERY_LONG,1000000,1,,,{'id': 153633}
1758759253,VERY_LONG,4885100,2,,,{'id': 153612}
1758759304,VERY_LONG,500000,1,,,{'id': 153618}
1758759325,VERY_LONG,4505100,1,,,{'id': 153622}
1758759349,VERY_LONG,4000000,1,,,{'id': 153615}
1758759364,VERY_LONG,1003200,1,,,{'id': 153608}
1758759369,VERY_LONG,20000,2,,,{'id': 1705}
1758759379,VERY_LONG,4172900,1,,,{'id': 153614}
1758759393,VERY_LONG,5300000,1,,,{'id': 172367}
1758759430,VERY_LONG,1000,1,,,{'id': 108326}
1758759447,VERY_LONG,,1,439830000,,"{'id': 172319, 'context': 66, 'bonus_lists': [6758, 1532]}"
1758759450,VERY_LONG,15000,1,,,{'id': 5498}
1758759469,VERY_LONG,50000,5,,,{'id': 43105}
1758759473,VERY_LONG,,1,9999996900,,"{'id': 16717, 'context': 0}"
1758759555,VERY_LONG,,1,400000000,,"{'id': 172321, 'context': 66, 'bonus_lists': [6758, 7194, 1532]}"
1758760025,VERY_LONG,,1,1350004600,,"{'id': 72146, 'context': 14, 'modifiers': [{'type': 28, 'value': 378}]}"
1758761323,VERY_LONG,,1,44998100,,"{'id': 108631, 'context': 0}"
1758761476,VERY_LONG,,1,19898000,,"{'id': 184480, 'context': 0}"
1758761484,VERY_LONG,,1,19898000,,"{'id': 184480, 'context': 0}"
1758761490,VERY_LONG,,1,19898000,,"{'id': 184480, 'context': 0}"
1758761496,VERY_LONG,,1,19898000,,"{'id': 184480, 'context': 0}"
1758761693,VERY_LONG,3842800,100,,,{'id': 171270}
1758761712,VERY_LONG,,1,450000000,,"{'id': 82800, 'context': 0, 'modifiers': [{'type': 6, 'value': 6294}], 'pet_breed_id': 5, 'pet_level': 25, 'pet_quality_id': 3, 'pet_species_id': 87}"
1758761720,VERY_LONG,561600,1,,,{'id': 176866}
1758761722,VERY_LONG,,1,84722600,,"{'id': 158879, 'context': 0}"
1758761724,VERY_LONG,,1,144341500,,"{'id': 3189, 'context': 25, 'bonus_lists': [4771], 'modifiers': [{'type': 9, 'value': 50}]}"
1758761726,VERY_LONG,,1,274000000,,"{'id': 82800, 'context': 0, 'modifiers': [{'type': 6, 'value': 41833}], 'pet_breed_id': 9, 'pet_level': 25, 'pet_quality_id': 3, 'pet_species_id': 381}"
1758761728,VERY_LONG,1376500,5,,,{'id': 173041}
1758761734,VERY_LONG,484400,18,,,{'id': 162567}
1758761741,VERY_LONG,3230200,5,,,{'id': 7307}
1758761744,VERY_LONG,310000,8,,,{'id': 2934}
1758761751,VERY_LONG,,1,304709400,,"{'id': 82800, 'context': 0, 'modifiers': [{'type': 6, 'value': 51271}], 'pet_breed_id': 17, 'pet_level': 25, 'pet_quality_id': 3, 'pet_species_id': 1328}"
1758761762,VERY_LONG,189000,14,,,{'id': 152877}
1758761772,VERY_LONG,,1,73589500,,"{'id': 8489, 'context': 14}"
1758761775,VERY_LONG,,1,201678100,,"{'id': 82800, 'context': 0, 'modifiers': [{'type': 6, 'value': 45942}], 'pet_breed_id': 9, 'pet_level': 25, 'pet_quality_id': 3, 'pet_species_id': 868}"
1758761785,VERY_LONG,673000,5,,,{'id': 173042}
1758761794,VERY_LONG,1359000,1,,,{'id': 109584}
1758761799,VERY_LONG,,1,281600000,,"{'id': 82800, 'context': 0, 'modifiers': [{'type': 6, 'value': 38134}], 'pet_breed_id': 3, 'pet_level': 25, 'pet_quality_id': 3, 'pet_species_id': 308}"
1758761805,VERY_LONG,14773000,1,,,{'id': 64392}
1758761813,VERY_LONG,1965900,42,,,{'id': 174283}
1758761822,VERY_LONG,,1,255677100,,"{'id': 82800, 'context': 0, 'modifiers': [{'type': 6, 'value': 33217}], 'pet_breed_id': 9, 'pet_level': 25, 'pet_quality_id': 3, 'pet_species_id': 278}"
1758761823,VERY_LONG,2859100,2,,,{'id': 182459}
1758761835,VERY_LONG,105100,100,,,{'id': 160399}
1758761841,VERY_LONG,,1,994800,,"{'id': 144457, 'context': 0}"
1758761849,VERY_LONG,7884300,5,,,{'id': 117}
1758761856,VERY_LONG,,1,3286218800,,"{'id': 82800, 'context': 0, 'modifiers': [{'type': 6, 'value': 60441}], 'pet_breed_id': 20, 'pet_level': 25, 'pet_quality_id': 3, 'pet_species_id': 1544}"
1758761859,VERY_LONG,50000,1,,,{'id': 163691}
1758761861,VERY_LONG,15894800,1,,,{'id': 180088}
1758761867,VERY_LONG,5623800,3,,,{'id': 154990}
1758761875,VERY_LONG,1757100,1,,,{'id': 163701}
1758761882,VERY_LONG,,1,651879200,,"{'id': 82800, 'context': 0, 'modifiers': [{'type': 6, 'value': 47959}], 'pet_breed_id': 20, 'pet_level': 1, 'pet_quality_id': 3, 'pet_species_id': 1206}"
1758761883,VERY_LONG,139400,2,,,{'id': 110610}
1758761890,VERY_LONG,197980000,2,,,{'id': 52977}
1758761895,VERY_LONG,16522200,13,,,{'id': 154989}
1758761905,VERY_LONG,257421600,11,,,{'id': 163563}
1758761906,VERY_LONG,155100,1,,,{'id': 171301}
1758761910,VERY_LONG,3965000,7,,,{'id': 64394}
1758761912,VERY_LONG,1972300,5,,,{'id': 173040}
1758761915,VERY_LONG,516100,36,,,{'id': 160711}
1758761918,VERY_LONG,34800,3,,,{'id': 176853}
1758761920,VERY_LONG,814200,4,,,{'id': 171289}
1758761923,VERY_LONG,199535000,1,,,{'id': 64395}
1758761927,VERY_LONG,81100,44,,,{'id': 161053}
1758761940,VERY_LONG,130000,1,,,{'id': 171271}
1758761942,VERY_LONG,89900,3293,,,{'id': 172089}
1758761959,VERY_LONG,17500,1,,,{'id': 171264}
1758762034,SHORT,,1,11000000,,"{'id': 173216, 'context': 0, 'bonus_lists': [6893, 7185], 'modifiers': [{'type': 9, 'value': 60}, {'type': 28, 'value': 391}, {'type': 29, 'value': 32}, {'type': 30, 'value': 49}]}"
1758762043,SHORT,,1,11000000,,"{'id': 173216, 'context': 0, 'bonus_lists': [6893, 7185], 'modifiers': [{'type': 9, 'value': 60}, {'type': 28, 'value': 391}, {'type': 29, 'value': 32}, {'type': 30, 'value': 49}]}"
1758762048,SHORT,,1,11000000,,"{'id': 173216, 'context': 0, 'bonus_lists': [6893, 7185], 'modifiers': [{'type': 9, 'value': 60}, {'type': 28, 'value': 391}, {'type': 29, 'value': 32}, {'type': 30, 'value': 40}]}"
1758762054,SHORT,,1,11000000,,"{'id': 173216, 'context': 0, 'bonus_lists': [6893, 7185], 'modifiers': [{'type': 9, 'value': 60}, {'type': 28, 'value': 391}, {'type': 29, 'value': 32}, {'type': 30, 'value': 40}]}"
1758762062,VERY_LONG,2500,11,,,{'id': 154899}
1758762065,SHORT,,1,11000000,,"{'id': 173216, 'context': 0, 'bonus_lists': [6893, 7185], 'modifiers': [{'type': 9, 'value': 60}, {'type': 28, 'value': 391}, {'type': 29, 'value': 49}, {'type': 30, 'value': 36}]}"
1758762084,VERY_LONG,2860000,16,,,{'id': 171352}
1758762086,SHORT,,1,14450000,,"{'id': 173222, 'context': 0, 'bonus_lists': [6893, 7185], 'modifiers': [{'type': 9, 'value': 60}, {'type': 28, 'value': 391}, {'type': 29, 'value': 49}, {'type': 30, 'value': 40}]}"
1758762090,SHORT,,1,14450000,,"{'id': 173222, 'context': 0, 'bonus_lists': [6893, 7185], 'modifiers': [{'type': 9, 'value': 60}, {'type': 28, 'value': 391}, {'type': 29, 'value': 36}, {'type': 30, 'value': 32}]}"
1758762098,SHORT,,1,14450000,,"{'id': 173222, 'context': 0, 'bonus_lists': [6893, 7185], 'modifiers': [{'type': 9, 'value': 60}, {'type': 28, 'value': 391}, {'type': 29, 'value': 32}, {'type': 30, 'value': 40}]}"
1758762102,SHORT,,1,14450000,,"{'id': 173222, 'context': 0, 'bonus_lists': [6893, 7185], 'modifiers': [{'type': 9, 'value': 60}, {'type': 28, 'value': 391}, {'type': 29, 'value': 40}, {'type': 30, 'value': 49}]}"
1758762104,SHORT,,1,14450000,,"{'id': 173222, 'context': 0, 'bonus_lists': [6893, 7185], 'modifiers': [{'type': 9, 'value': 60}, {'type': 28, 'value': 391}, {'type': 29, 'value': 32}, {'type': 30, 'value': 36}]}"
1758762109,SHORT,,1,14450000,,"{'id': 173222, 'context': 0, 'bonus_lists': [6893, 7185], 'modifiers': [{'type': 9, 'value': 60}, {'type': 28, 'value': 391}, {'type': 29, 'value': 40}, {'type': 30, 'value': 32}]}"
1758762115,SHORT,,1,14450000,,"{'id': 173222, 'context': 0, 'bonus_lists': [6893, 7185], 'modifiers': [{'type': 9, 'value': 60}, {'type': 28, 'value': 391}, {'type': 29, 'value': 49}, {'type': 30, 'value': 40}]}"
1758762119,SHORT,,1,14450000,,"{'id': 173222, 'context': 0, 'bonus_lists': [6893, 7185], 'modifiers': [{'type': 9, 'value': 60}, {'type': 28, 'value': 391}, {'type': 29, 'value': 32}, {'type': 30, 'value': 40}]}"
1758762123,SHORT,,1,14450000,,"{'id': 173222, 'context': 0, 'bonus_lists': [6893, 7185], 'modifiers': [{'type': 9, 'value': 60}, {'type': 28, 'value': 391}, {'type': 29, 'value': 49}, {'type': 30, 'value': 32}]}"
1758762128,SHORT,,1,14450000,,"{'id': 173222, 'context': 0, 'bonus_lists': [6893, 7185], 'modifiers': [{'type': 9, 'value': 60}, {'type': 28, 'value': 391}, {'type': 29, 'value': 32}, {'type': 30, 'value': 36}]}"
1758762211,SHORT,,1,15000000,,"{'id': 173218, 'context': 0, 'bonus_lists': [6893, 7185], 'modifiers': [{'type': 9, 'value': 60}, {'type': 28, 'value': 391}, {'type': 29, 'value': 36}, {'type': 30, 'value': 32}]}"
1758762217,SHORT,,1,15000000,,"{'id': 173218, 'context': 0, 'bonus_lists': [6893, 7185], 'modifiers': [{'type': 9, 'value': 60}, {'type': 28, 'value': 391}, {'type': 29, 'value': 40}, {'type': 30, 'value': 32}]}"
1758762223,SHORT,,1,15000000,,"{'id': 173218, 'context': 0, 'bonus_lists': [6893, 7185], 'modifiers': [{'type': 9, 'value': 60}, {'type': 28, 'value': 391}, {'type': 29, 'value': 40}, {'type': 30, 'value': 49}]}"
1758762227,SHORT,,1,15000000,,"{'id': 173218, 'context': 0, 'bonus_lists': [6893, 7185], 'modifiers': [{'type': 9, 'value': 60}, {'type': 28, 'value': 391}, {'type': 29, 'value': 49}, {'type': 30, 'value': 40}]}"
1758762254,VERY_LONG,1172600,2,,,{'id': 179315}
1758762275,SHORT,,1,78000000,,"{'id': 173215, 'context': 0, 'bonus_lists': [6893, 7185], 'modifiers': [{'type': 9, 'value': 60}, {'type': 28, 'value': 391}, {'type': 29, 'value': 49}, {'type': 30, 'value': 36}]}"
1758762278,SHORT,,1,78000000,,"{'id': 173215, 'context': 0, 'bonus_lists': [6893, 7185], 'modifiers': [{'type': 9, 'value': 60}, {'type': 28, 'value': 391}, {'type': 29, 'value': 36}, {'type': 30, 'value': 40}]}"
1758762283,SHORT,,1,78000000,,"{'id': 173215, 'context': 0, 'bonus_lists': [6893, 7185], 'modifiers': [{'type': 9, 'value': 60}, {'type': 28, 'value': 391}, {'type': 29, 'value': 40}, {'type': 30, 'value': 36}]}"
1758762329,SHORT,,1,12000000,,"{'id': 173214, 'context': 0, 'bonus_lists': [6893, 7185], 'modifiers': [{'type': 9, 'value': 60}, {'type': 28, 'value': 391}, {'type': 29, 'value': 49}, {'type': 30, 'value': 40}]}"
1758762333,SHORT,,1,12000000,,"{'id': 173214, 'context': 0, 'bonus_lists': [6893, 7185], 'modifiers': [{'type': 9, 'value': 60}, {'type': 28, 'value': 391}, {'type': 29, 'value': 40}, {'type': 30, 'value': 32}]}"
1758762336,SHORT,,1,12000000,,"{'id': 173214, 'context': 0, 'bonus_lists': [6893, 7185], 'modifiers': [{'type': 9, 'value': 60}, {'type': 28, 'value': 391}, {'type': 29, 'value': 32}, {'type': 30, 'value': 49}]}"
1758762340,SHORT,,1,12000000,,"{'id': 173214, 'context': 0, 'bonus_lists': [6893, 7185], 'modifiers': [{'type': 9, 'value': 60}, {'type': 28, 'value': 391}, {'type': 29, 'value': 32}, {'type': 30, 'value': 40}]}"
1758762347,SHORT,,1,12000000,,"{'id': 173214, 'context': 0, 'bonus_lists': [6893, 7185], 'modifiers': [{'type': 9, 'value': 60}, {'type': 28, 'value': 391}, {'type': 29, 'value': 36}, {'type': 30, 'value': 32}]}"
1758762410,SHORT,5729600,2,,,{'id': 172415}
1758762441,SHORT,3000000,4,,,{'id': 177659}
1758762505,SHORT,,1,26979000,,"{'id': 173219, 'context': 0, 'bonus_lists': [6893, 7185], 'modifiers': [{'type': 9, 'value': 60}, {'type': 28, 'value': 391}, {'type': 29, 'value': 49}, {'type': 30, 'value': 32}]}"
1758762509,SHORT,,1,26979000,,"{'id': 173219, 'context': 0, 'bonus_lists': [6893, 7185], 'modifiers': [{'type': 9, 'value': 60}, {'type': 28, 'value': 391}, {'type': 29, 'value': 40}, {'type': 30, 'value': 32}]}"
1758762515,SHORT,,1,26979000,,"{'id': 173219, 'context': 0, 'bonus_lists': [6893, 7185], 'modifiers': [{'type': 9, 'value': 60}, {'type': 28, 'value': 391}, {'type': 29, 'value': 40}, {'type': 30, 'value': 49}]}"
1758762522,SHORT,,1,26979000,,"{'id': 173219, 'context': 0, 'bonus_lists': [6893, 7185], 'modifiers': [{'type': 9, 'value': 60}, {'type': 28, 'value': 391}, {'type': 29, 'value': 40}, {'type': 30, 'value': 32}]}"
1758762523,SHORT,,1,26979000,,"{'id': 173219, 'context': 0, 'bonus_lists': [6893, 7185], 'modifiers': [{'type': 9, 'value': 60}, {'type': 28, 'value': 391}, {'type': 29, 'value': 40}, {'type': 30, 'value': 32}]}"
1758762528,SHORT,,1,26979000,,"{'id': 173219, 'context': 0, 'bonus_lists': [6893, 7185], 'modifiers': [{'type': 9, 'value': 60}, {'type': 28, 'value': 391}, {'type': 29, 'value': 32}, {'type': 30, 'value': 49}]}"
1758762567,SHORT,,1,16440000,,"{'id': 173220, 'context': 0, 'bonus_lists': [6893, 7185], 'modifiers': [{'type': 9, 'value': 60}, {'type': 28, 'value': 391}, {'type': 29, 'value': 49}, {'type': 30, 'value': 40}]}"
1758762570,SHORT,,1,16440000,,"{'id': 173220, 'context': 0, 'bonus_lists': [6893, 7185], 'modifiers': [{'type': 9, 'value': 60}, {'type': 28, 'value': 391}, {'type': 29, 'value': 40}, {'type': 30, 'value': 49}]}"
1758762573,SHORT,,1,16440000,,"{'id': 173220, 'context': 0, 'bonus_lists': [6893, 7185], 'modifiers': [{'type': 9, 'value': 60}, {'type': 28, 'value': 391}, {'type': 29, 'value': 32}, {'type': 30, 'value': 49}]}"
1758762579,SHORT,,1,16440000,,"{'id': 173220, 'context': 0, 'bonus_lists': [6893, 7185], 'modifiers': [{'type': 9, 'value': 60}, {'type': 28, 'value': 391}, {'type': 29, 'value': 40}, {'type': 30, 'value': 32}]}"
1758762586,SHORT,,1,16440000,,"{'id': 173220, 'context': 0, 'bonus_lists': [6893, 7185], 'modifiers': [{'type': 9, 'value': 60}, {'type': 28, 'value': 391}, {'type': 29, 'value': 49}, {'type': 30, 'value': 40}]}"
1758762628,SHORT,,1,16690000,,"{'id': 173217, 'context': 0, 'bonus_lists': [6893, 7185], 'modifiers': [{'type': 9, 'value': 60}, {'type': 28, 'value': 391}, {'type': 29, 'value': 49}, {'type': 30, 'value': 40}]}"
1758762634,SHORT,,1,16690000,,"{'id': 173217, 'context': 0, 'bonus_lists': [6893, 7185], 'modifiers': [{'type': 9, 'value': 60}, {'type': 28, 'value': 391}, {'type': 29, 'value': 40}, {'type': 30, 'value': 49}]}"
1758762648,SHORT,,1,16690000,,"{'id': 173217, 'context': 0, 'bonus_lists': [6893, 7185], 'modifiers': [{'type': 9, 'value': 60}, {'type': 28, 'value': 391}, {'type': 29, 'value': 40}, {'type': 30, 'value': 32}]}"
1758762653,SHORT,,1,16690000,,"{'id': 173217, 'context': 0, 'bonus_lists': [6893, 7185], 'modifiers': [{'type': 9, 'value': 60}, {'type': 28, 'value': 391}, {'type': 29, 'value': 32}, {'type': 30, 'value': 40}]}"
1758762656,SHORT,,1,16690000,,"{'id': 173217, 'context': 0, 'bonus_lists': [6893, 7185], 'modifiers': [{'type': 9, 'value': 60}, {'type': 28, 'value': 391}, {'type': 29, 'value': 32}, {'type': 30, 'value': 36}]}"
1758764407,SHORT,3008600,18,,,{'id': 171266}
1758764426,VERY_LONG,450000,568,,,{'id': 124442}
1758764498,VERY_LONG,,1,3995000000,,"{'id': 82800, 'context': 0, 'modifiers': [{'type': 6, 'value': 37846}], 'pet_breed_id': 15, 'pet_level': 18, 'pet_quality_id': 3, 'pet_species_id': 303}"
1758764638,VERY_LONG,,1,2999500000,,"{'id': 82800, 'context': 0, 'modifiers': [{'type': 6, 'value': 32031}], 'pet_breed_id': 10, 'pet_level': 1, 'pet_quality_id': 3, 'pet_species_id': 285}"
1758764666,SHORT,704200,46,,,{'id': 171315}
1758764681,SHORT,405000,1188,,,{'id': 168586}
1758764881,VERY_LONG,507800,7,,,{'id': 116268}
1758764929,VERY_LONG,,1,38999900,,"{'id': 172255, 'context': 13, 'bonus_lists': [6893, 7185], 'modifiers': [{'type': 9, 'value': 60}, {'type': 28, 'value': 391}, {'type': 29, 'value': 40}, {'type': 30, 'value': 32}]}"
1758764932,VERY_LONG,,1,99990000,,"{'id': 172254, 'context': 13, 'bonus_lists': [6893, 7185], 'modifiers': [{'type': 9, 'value': 60}, {'type': 28, 'value': 391}, {'type': 29, 'value': 32}, {'type': 30, 'value': 36}]}"
1758764941,VERY_LONG,,1,99990000,,"{'id': 172250, 'context': 13, 'bonus_lists': [6893, 7185], 'modifiers': [{'type': 9, 'value': 60}, {'type': 28, 'value': 391}, {'type': 29, 'value': 36}, {'type': 30, 'value': 49}]}"
1758765195,SHORT,,1,199800,,"{'id': 21841, 'context': 0}"
1758765198,SHORT,,1,199800,,"{'id': 21841, 'context': 0}"
1758765200,SHORT,,1,199800,,"{'id': 21841, 'context': 0}"
1758765204,SHORT,,1,199800,,"{'id': 21841, 'context': 0}"
1758765205,SHORT,,1,199800,,"{'id': 21841, 'context': 0}"
1758765385,VERY_LONG,,1,176937400,,"{'id': 138792, 'context': 13}"
1758765488,VERY_LONG,3999900,5,,,{'id': 172364}
1758765509,VERY_LONG,5729600,9,,,{'id': 172415}
1758765595,VERY_LONG,,1,53000000,,"{'id': 82800, 'context': 0, 'modifiers': [{'type': 6, 'value': 99875}], 'pet_breed_id': 8, 'pet_level': 1, 'pet_quality_id': 2, 'pet_species_id': 3037}"
1758765599,VERY_LONG,,1,53000000,,"{'id': 82800, 'context': 0, 'modifiers': [{'type': 6, 'value': 99875}], 'pet_breed_id': 20, 'pet_level': 1, 'pet_quality_id': 2, 'pet_species_id': 3037}"
1758765624,VERY_LONG,,1,4990000,,"{'id': 82800, 'context': 0, 'modifiers': [{'type': 6, 'value': 99870}], 'pet_breed_id': 9, 'pet_level': 1, 'pet_quality_id': 2, 'pet_species_id': 3039}"
1758765646,VERY_LONG,,1,205000000,,"{'id': 82800, 'context': 0, 'modifiers': [{'type': 6, 'value': 97091}], 'pet_breed_id': 11, 'pet_level': 1, 'pet_quality_id': 2, 'pet_species_id': 3040}"
1758765653,VERY_LONG,,1,10860600,,"{'id': 172242, 'context': 13, 'bonus_lists': [6890, 7224], 'modifiers': [{'type': 9, 'value': 60}, {'type': 28, 'value': 391}, {'type': 29, 'value': 36}, {'type': 30, 'value': 40}]}"
1758765659,VERY_LONG,,1,15500100,,"{'id': 116259, 'context': 0}"
1758765665,VERY_LONG,,1,20554800,,"{'id': 128881, 'context': 13, 'bonus_lists': [1714, 3408]}"
1758765681,VERY_LONG,,1,7187800,,"{'id': 2309, 'context': 0}"
1758765689,VERY_LONG,,1,10652300,,"{'id': 172247, 'context': 13, 'bonus_lists': [6890, 7224], 'modifiers': [{'type': 9, 'value': 60}, {'type': 28, 'value': 391}, {'type': 29, 'value': 40}, {'type': 30, 'value': 49}]}"
1758765697,VERY_LONG,,1,10652300,,"{'id': 172247, 'context': 13, 'bonus_lists': [6890, 7224], 'modifiers': [{'type': 9, 'value': 60}, {'type': 28, 'value': 391}, {'type': 29, 'value': 40}, {'type': 30, 'value': 36}]}"
1758765699,VERY_LONG,,1,10517200,,"{'id': 172245, 'context': 13, 'bonus_lists': [6887, 7224], 'modifiers': [{'type': 9, 'value': 60}, {'type': 28, 'value': 391}, {'type': 29, 'value': 40}, {'type': 30, 'value': 36}]}"
1758765701,VERY_LONG,5000000,1,,,{'id': 182581}
1758765713,VERY_LONG,,1,59111800,,"{'id': 93504, 'context': 0}"
1758765719,VERY_LONG,,1,49457400,,"{'id': 5958, 'context': 0}"
1758765723,VERY_LONG,,1,58721000,,"{'id': 93583, 'context': 0}"
1758765729,VERY_LONG,,1,94436500,,"{'id': 98903, 'context': 0}"
1758765735,VERY_LONG,,1,53442900,,"{'id': 93505, 'context': 0}"
1758765736,VERY_LONG,,1,2710000,,"{'id': 82800, 'context': 0, 'modifiers': [{'type': 6, 'value': 99927}], 'pet_breed_id': 14, 'pet_level': 1, 'pet_quality_id': 2, 'pet_species_id': 2920}"
1758765742,VERY_LONG,,1,163625000,,"{'id': 25680, 'context': 0}"
1758765747,VERY_LONG,,1,3337400,,"{'id': 116164, 'context': 13, 'bonus_lists': [147]}"
1758765756,VERY_LONG,,1,35372400,,"{'id': 8348, 'context': 1}"
1758765814,VERY_LONG,,1,33718800,,"{'id': 129960, 'context': 13}"
1758765869,VERY_LONG,,1,99999900,,"{'id': 129961, 'context': 13}"
1758767969,VERY_LONG,704200,3,,,{'id': 171315}
1758767979,VERY_LONG,727500,1,,,{'id': 168583}
1758768007,VERY_LONG,,1,95019900,,"{'id': 154138, 'context': 13, 'bonus_lists': [1709]}"
1758768013,VERY_LONG,,1,10860600,,"{'id': 172246, 'context': 13, 'bonus_lists': [6885, 7224], 'modifiers': [{'type': 9, 'value': 60}, {'type': 28, 'value': 391}, {'type': 29, 'value': 49}, {'type': 30, 'value': 36}]}"
1758768018,VERY_LONG,,1,10860600,,"{'id': 172246, 'context': 13, 'bonus_lists': [6885, 7224], 'modifiers': [{'type': 9, 'value': 60}, {'type': 28, 'value': 391}, {'type': 29, 'value': 36}, {'type': 30, 'value': 40}]}"
1758768021,VERY_LONG,,1,224266300,,"{'id': 95536, 'context': 0}"
1758768027,VERY_LONG,98400,5,,,{'id': 154168}
1758768031,VERY_LONG,,1,10393800,,"{'id': 172244, 'context': 13, 'bonus_lists': [6887, 7224], 'modifiers': [{'type': 9, 'value': 60}, {'type': 28, 'value': 391}, {'type': 29, 'value': 36}, {'type': 30, 'value': 49}]}"
1758768039,VERY_LONG,,1,15500100,,"{'id': 116261, 'context': 0}"
1758768043,VERY_LONG,,1,10860600,,"{'id': 172242, 'context': 13, 'bonus_lists': [6890, 7224], 'modifiers': [{'type': 9, 'value': 60}, {'type': 28, 'value': 391}, {'type': 29, 'value': 40}, {'type': 30, 'value': 32}]}"
1758768050,VERY_LONG,,1,10652300,,"{'id': 172247, 'context': 13, 'bonus_lists': [6890, 7224], 'modifiers': [{'type': 9, 'value': 60}, {'type': 28, 'value': 391}, {'type': 29, 'value': 49}, {'type': 30, 'value': 32}]}"
1758768054,VERY_LONG,,1,100892700,,"{'id': 154144, 'context': 13, 'bonus_lists': [1715]}"
1758768062,VERY_LONG,,1,55440500,,"{'id': 154161, 'context': 13, 'bonus_lists': [1703]}"
1758768067,VERY_LONG,,1,112214800,,"{'id': 25682, 'context': 0}"
1758768070,VERY_LONG,,1,36171800,,"{'id': 151791, 'context': 0}"
1758768075,VERY_LONG,,1,119272300,,"{'id': 154139, 'context': 13, 'bonus_lists': [1704, 4927]}"
1758768098,VERY_LONG,405000,1,,,{'id': 168586}
1758768401,SHORT,,1,199800,,"{'id': 21841, 'context': 0}"
1758768405,SHORT,,1,199800,,"{'id': 21841, 'context': 0}"
1758768479,SHORT,,1,9100000,,"{'id': 114821, 'context': 0}"
1758768482,SHORT,,1,9100000,,"{'id': 114821, 'context': 0}"
1758768641,SHORT,47700,200,,,{'id': 111557}
1758768673,SHORT,47700,200,,,{'id': 111557}
1758770268,VERY_LONG,250000,6,,,{'id': 177660}
1758770302,VERY_LONG,375500,1,,,{'id': 177661}
1758770336,VERY_LONG,103900,3,,,{'id': 172357}
1758770364,VERY_LONG,259900,3,,,{'id': 172358}
1758770414,VERY_LONG,10000,9,,,{'id': 172360}
1758770449,VERY_LONG,5729600,3,,,{'id': 172415}
1758773526,VERY_LONG,31000000,1,,,{'id': 180457}
1758773568,VERY_LONG,3500000,70,,,{'id': 172347}
1758773603,VERY_LONG,135000,4,,,{'id': 173035}
1758773608,VERY_LONG,300000,102,,,{'id': 172346}
1758773644,VERY_LONG,15000000,82,,,{'id': 172438}
1758773831,VERY_LONG,3740000,1,,,{'id': 171273}
1758776188,VERY_LONG,,1,400000000,,"{'id': 172321, 'context': 66, 'bonus_lists': [6758, 7193, 1532]}"
1758776192,VERY_LONG,,1,439830000,,"{'id': 172319, 'context': 66, 'bonus_lists': [6758, 1532]}"
1758776196,VERY_LONG,,1,435840000,,"{'id': 172316, 'context': 66, 'bonus_lists': [6758, 1532]}"
1758776199,VERY_LONG,,1,179870000,,"{'id': 172324, 'context': 64, 'bonus_lists': [6717, 1507]}"
1758776210,VERY_LONG,1172600,3,,,{'id': 179315}
1758776231,VERY_LONG,1509900,1,,,{'id': 171351}
1758776254,VERY_LONG,1370000,2,,,{'id': 171428}
1758776280,VERY_LONG,90000,5,,,{'id': 171263}
1758776298,VERY_LONG,30000,3,,,{'id': 171370}
1758776319,VERY_LONG,30000,20,,,{'id': 171370}
1758776349,VERY_LONG,130000,10,,,{'id': 171271}
1758776377,VERY_LONG,2200000,3,,,{'id': 184090}
1758776427,VERY_LONG,3842800,3,,,{'id': 171270}
1758776805,VERY_LONG,,1,424921000,,"{'id': 178926, 'context': 66, 'bonus_lists': [6758, 7194, 1532]}"
1758776809,VERY_LONG,,1,37610000,,"{'id': 178927, 'context': 63, 'bonus_lists': [6716, 7194, 1487]}"
1758777110,VERY_LONG,,1,179870000,,"{'id': 172324, 'context': 64, 'bonus_lists': [6717, 1507]}"
1758777114,VERY_LONG,,1,179870000,,"{'id': 172324, 'context': 64, 'bonus_lists': [6717, 1507]}"
1758777174,VERY_LONG,,1,8772700,8334100,"{'id': 123898, 'context': 13, 'bonus_lists': [1696, 3408]}"
1758777177,VERY_LONG,,1,8772700,8334100,"{'id': 123898, 'context': 13, 'bonus_lists': [1689, 3408]}"
1758777178,VERY_LONG,,1,8985100,,"{'id': 123898, 'context': 13, 'bonus_lists': [1679, 3408]}"
1758777179,VERY_LONG,,1,15000,14300,"{'id': 16251, 'context': 0, 'modifiers': [{'type': 28, 'value': 1004}]}"
1758777181,VERY_LONG,,1,15000,14300,"{'id': 16251, 'context': 0}"
1758777183,VERY_LONG,,1,98865400,93922100,"{'id': 115794, 'context': 13, 'bonus_lists': [51, 525, 540]}"
1758777185,VERY_LONG,1459600,2,,,{'id': 153647}
1758777187,VERY_LONG,3000000,1,,,{'id': 177659}
1758777188,VERY_LONG,,1,3146500,2989200,"{'id': 20856, 'context': 14, 'modifiers': [{'type': 28, 'value': 864}]}"
1758777191,VERY_LONG,36383100,1,,,{'id': 129028}
1758777194,VERY_LONG,99000,2,,,{'id': 109222}
1758777195,VERY_LONG,,1,420000,399000,"{'id': 82800, 'context': 0, 'modifiers': [{'type': 6, 'value': 73708}], 'pet_breed_id': 8, 'pet_level': 1, 'pet_quality_id': 3, 'pet_species_id': 1968}"
1758777199,VERY_LONG,,1,420000,399000,"{'id': 82800, 'context': 0, 'modifiers': [{'type': 6, 'value': 73708}], 'pet_breed_id': 11, 'pet_level': 1, 'pet_quality_id': 3, 'pet_species_id': 1968}"
1758777205,VERY_LONG,,1,108928700,103482300,"{'id': 113131, 'context': 13, 'bonus_lists': [525, 67, 529]}"
1758777207,VERY_LONG,189000,10,,,{'id': 152877}
1758777211,VERY_LONG,173500,5,,,{'id': 152495}
1758777214,VERY_LONG,49134900,1,,,{'id': 141898}
1758777216,VERY_LONG,137500,4,,,{'id': 153714}
1758777220,VERY_LONG,,1,80423400,76402200,"{'id': 52492, 'context': 0}"
1758777224,VERY_LONG,3388500,3,,,{'id': 165016}
1758777226,VERY_LONG,,1,29670000,28186500,"{'id': 82800, 'context': 0, 'modifiers': [{'type': 6, 'value': 58170}], 'pet_breed_id': 6, 'pet_level': 1, 'pet_quality_id': 1, 'pet_species_id': 1426}"
1758777230,VERY_LONG,,1,81491300,77416700,"{'id': 159524, 'context': 0, 'bonus_lists': [6655, 1705], 'modifiers': [{'type': 9, 'value': 21}, {'type': 28, 'value': 186}]}"
1758777237,VERY_LONG,,1,18160000,17252000,"{'id': 6271, 'context': 0, 'modifiers': [{'type': 28, 'value': 869}]}"
1758777243,VERY_LONG,30006200,1,,,{'id': 139436}
1758777250,VERY_LONG,,1,5556100,5278300,"{'id': 82800, 'context': 0, 'modifiers': [{'type': 6, 'value': 20026}], 'pet_breed_id': 15, 'pet_level': 1, 'pet_quality_id': 2, 'pet_species_id': 142}"
1758777253,VERY_LONG,150000,6,,,{'id': 171841}
1758777259,VERY_LONG,,1,5556100,5278300,"{'id': 82800, 'context': 0, 'modifiers': [{'type': 6, 'value': 20026}], 'pet_breed_id': 15, 'pet_level': 1, 'pet_quality_id': 2, 'pet_species_id': 142}"
1758777267,VERY_LONG,145400,10,,,{'id': 173191}
1758777275,VERY_LONG,,1,3191900,3032300,"{'id': 82800, 'context': 0, 'modifiers': [{'type': 6, 'value': 5369}], 'pet_breed_id': 20, 'pet_level': 1, 'pet_quality_id': 2, 'pet_species_id': 52}"
1758777276,VERY_LONG,400,12,,,{'id': 171840}
1758777283,VERY_LONG,,1,117323800,111457600,"{'id': 52493, 'context': 0}"
1758777292,VERY_LONG,187200,1,,,{'id': 34055}
1758777298,VERY_LONG,,1,1776400,1687600,"{'id': 22307, 'context': 14, 'modifiers': [{'type': 28, 'value': 378}]}"
1758777303,VERY_LONG,,1,32378000,30759100,"{'id': 154827, 'context': 0, 'bonus_lists': [6654, 1692], 'modifiers': [{'type': 9, 'value': 60}, {'type': 28, 'value': 807}]}"
1758777304,VERY_LONG,5300000,1,,,{'id': 172367}
1758777309,VERY_LONG,167949500,10,,,{'id': 127834}
1758777313,VERY_LONG,98000,10,,,{'id': 32229}
1758777317,VERY_LONG,,1,500000,475000,"{'id': 16864, 'context': 0, 'modifiers': [{'type': 28, 'value': 1004}]}"
1758777325,VERY_LONG,,1,500000,475000,"{'id': 16864, 'context': 0, 'modifiers': [{'type': 28, 'value': 1004}]}"
1758777328,VERY_LONG,2103400,1,,,{'id': 5469}
1758777333,VERY_LONG,,1,105812400,100521800,"{'id': 115796, 'context': 13, 'bonus_lists': [23, 525, 539]}"
1758777513,VERY_LONG,,1,17898000,,"{'id': 184480, 'context': 0}"
1758777706,VERY_LONG,320000,9,,,{'id': 172061}
1758777734,VERY_LONG,4999400,3,,,{'id': 173037}
1758777785,VERY_LONG,1172600,3,,,{'id': 179315}
1758777849,VERY_LONG,727500,9955,,,{'id': 168583}
1758777878,VERY_LONG,727500,10000,,,{'id': 168583}
1758777890,VERY_LONG,9900,16,,,{'id': 172069}
1758777910,VERY_LONG,727500,5402,,,{'id': 168583}
1758777946,VERY_LONG,704200,930,,,{'id': 171315}
1758777974,VERY_LONG,135000,5,,,{'id': 173035}
1758778039,VERY_LONG,330500,3,,,{'id': 172062}
1758778074,MEDIUM,10939900,3,,,{'id': 173049}
1758778129,MEDIUM,484900,24,,,{'id': 172049}
1758778178,MEDIUM,19899900,1,,,{'id': 172043}
1758778187,VERY_LONG,514900,9,,,{'id': 172051}
1758778199,MEDIUM,135000,8,,,{'id': 173035}
1758778294,MEDIUM,400,30,,,{'id': 171840}
1758778308,VERY_LONG,1172600,1,,,{'id': 179315}
1758778393,MEDIUM,514900,16,,,{'id': 172051}
1758778444,VERY_LONG,3140000,5,,,{'id': 181468}
1758778520,VERY_LONG,3842800,9,,,{'id': 171270}
1758778533,VERY_LONG,300000,1,,,{'id': 172096}
1758778596,VERY_LONG,500600,20,,,{'id': 53065}
1758778643,VERY_LONG,89900,38,,,{'id': 172089}
1758778706,VERY_LONG,4999400,20,,,{'id': 173037}
1758778734,VERY_LONG,3140000,6,,,{'id': 181468}
1758778803,VERY_LONG,19899900,2,,,{'id': 172043}
1758778805,VERY_LONG,,1,1442311200,,"{'id': 163576, 'context': 0, 'modifiers': [{'type': 28, 'value': 191}]}"
1758778872,VERY_LONG,7000000,10,,,{'id': 171349}
1758778933,VERY_LONG,3740000,11,,,{'id': 171273}
1758780106,VERY_LONG,,1,169990000,,"{'id': 183008, 'context': 4, 'bonus_lists': [7186, 6652, 1459, 6646], 'modifiers': [{'type': 28, 'value': 750}]}"
1758780182,VERY_LONG,556300,200,,,{'id': 52183}
1758780281,VERY_LONG,46400,3,,,{'id': 177061}
1758780282,VERY_LONG,118800,19,,,{'id': 152512}
1758780383,VERY_LONG,1950000,2,,,{'id': 163222}
1758780423,VERY_LONG,1172600,20,,,{'id': 179315}
1758780432,MEDIUM,13740800,22,,,{'id': 171276}
1758780441,VERY_LONG,1060700,1,,,{'id': 74719}
1758780486,MEDIUM,,1,199990000,,"{'id': 82800, 'context': 0, 'modifiers': [{'type': 6, 'value': 21362}], 'pet_breed_id': 3, 'pet_level': 1, 'pet_quality_id': 3, 'pet_species_id': 156}"
1758780497,MEDIUM,,1,10490000,,"{'id': 82800, 'context': 0, 'modifiers': [{'type': 6, 'value': 8910}], 'pet_breed_id': 7, 'pet_level': 1, 'pet_quality_id': 2, 'pet_species_id': 86}"
1758780527,MEDIUM,,1,5580300,,"{'id': 82800, 'context': 0, 'modifiers': [{'type': 6, 'value': 6299}], 'pet_breed_id': 10, 'pet_level': 1, 'pet_quality_id': 2, 'pet_species_id': 67}"
1758780551,VERY_LONG,250000,1,,,{'id': 177660}
1758780659,VERY_LONG,,1,1999999900,,"{'id': 184801, 'context': 0, 'bonus_lists': [6652, 1472, 6646], 'modifiers': [{'type': 28, 'value': 1707}]}"
1758780801,VERY_LONG,103900,1,,,{'id': 172357}
1758780887,VERY_LONG,7000000,15,,,{'id': 171349}
1758780920,VERY_LONG,3842800,10,,,{'id': 171270}
1758780949,VERY_LONG,22000000,1,,,{'id': 168412}
1758780984,VERY_LONG,3140000,10,,,{'id': 181468}
1758781016,VERY_LONG,1252100,1,,,{'id': 12607}
1758781022,MEDIUM,7000000,15,,,{'id': 171349}
1758781095,VERY_LONG,4999400,2,,,{'id': 173037}
1758782175,VERY_LONG,3900,47,,,{'id': 14047}
1758782219,VERY_LONG,564085400,1,,,{'id': 41434}
1758782223,VERY_LONG,,1,56873500,,"{'id': 153637, 'context': 13, 'bonus_lists': [1682]}"
1758782225,VERY_LONG,,1,4750000,,"{'id': 173141, 'context': 13, 'bonus_lists': [3352]}"
1758782234,VERY_LONG,1004900,1,,,{'id': 76667}
1758782239,VERY_LONG,12529300,1,,,{'id': 76647}
1758782243,VERY_LONG,,1,2596400,,"{'id': 173144, 'context': 13, 'modifiers': [{'type': 29, 'value': 36}]}"
1758782252,VERY_LONG,24184700,1,,,{'id': 40119}
1758782259,VERY_LONG,4809600,3,,,{'id': 76644}
1758782269,VERY_LONG,,1,4890000,,"{'id': 173143, 'context': 13, 'bonus_lists': [3346]}"
1758782273,VERY_LONG,1270000,5,,,{'id': 173123}
1758782285,VERY_LONG,10919800,1,,,{'id': 76669}
1758782294,VERY_LONG,,1,29990000,,"{'id': 153685, 'context': 13, 'bonus_lists': [4928, 3378]}"
1758782305,VERY_LONG,4812200,1,,,{'id': 76663}
1758782336,VERY_LONG,988700,1,,,{'id': 76637}
1758782348,VERY_LONG,,1,303800200,,"{'id': 130251, 'context': 13}"
1758782354,VERY_LONG,264200,36,,,{'id': 153715}
1758782363,VERY_LONG,7082200,2,,,{'id': 76695}
1758782370,VERY_LONG,13894600,1,,,{'id': 76654}
1758782379,VERY_LONG,7921700,2,,,{'id': 93705}
1758782383,VERY_LONG,998900,1,,,{'id': 76641}
1758782482,VERY_LONG,20000,60,,,{'id': 21840}
1758782684,VERY_LONG,1300,707,,,{'id': 21877}
1758782729,VERY_LONG,415300,18,,,{'id': 173129}
1758782752,VERY_LONG,1270000,18,,,{'id': 173123}
1758782834,VERY_LONG,118800,121,,,{'id': 152512}
1758783057,VERY_LONG,7000000,10,,,{'id': 171349}
1758783503,VERY_LONG,8000,40,,,{'id': 72988}
1758783553,VERY_LONG,198000,14,,,{'id': 89112}
1758783664,VERY_LONG,,1,105200,,"{'id': 81968, 'context': 0, 'bonus_lists': [6654, 1713], 'modifiers': [{'type': 9, 'value': 19}, {'type': 28, 'value': 1754}]}"
1758783754,VERY_LONG,29700,6,,,{'id': 74839}
1758783805,VERY_LONG,5500,10,,,{'id': 74841}
1758783852,VERY_LONG,18400,8,,,{'id': 74833}
1758783961,VERY_LONG,3740000,20,,,{'id': 171273}
1758783965,VERY_LONG,,1,103100,,"{'id': 81967, 'context': 0, 'bonus_lists': [6654, 1693], 'modifiers': [{'type': 9, 'value': 29}, {'type': 28, 'value': 1754}]}"
1758785108,VERY_LONG,15225100,1,,,{'id': 23094}
1758785110,VERY_LONG,,1,57356000,,"{'id': 115989, 'context': 13, 'bonus_lists': [433]}"
1758785113,VERY_LONG,,1,4750000,,"{'id': 173141, 'context': 13, 'bonus_lists': [3352]}"
1758785115,VERY_LONG,3842800,396,,,{'id': 171270}
1758785124,VERY_LONG,,1,39558700,,"{'id': 153690, 'context': 13, 'bonus_lists': [3346]}"
1758785125,VERY_LONG,,1,4125800,,"{'id': 173135, 'context': 13, 'bonus_lists': [3366]}"
1758785131,VERY_LONG,,1,4125800,,"{'id': 173135, 'context': 13, 'bonus_lists': [3367]}"
1758785136,VERY_LONG,,1,4125800,,"{'id': 173135, 'context': 13, 'bonus_lists': [3369]}"
1758785140,VERY_LONG,,1,4125800,,"{'id': 173135, 'context': 13, 'bonus_lists': [3369]}"
1758785146,VERY_LONG,,1,4125800,,"{'id': 173135, 'context': 13, 'bonus_lists': [3362]}"
1758785151,VERY_LONG,,1,4819000,,"{'id': 173145, 'context': 13, 'modifiers': [{'type': 29, 'value': 32}]}"
1758785156,VERY_LONG,,1,4890000,,"{'id': 173143, 'context': 13, 'bonus_lists': [3346]}"
1758785160,VERY_LONG,,1,4890000,,"{'id': 173143, 'context': 13, 'bonus_lists': [3343]}"
1758785168,VERY_LONG,,1,4890000,,"{'id': 173143, 'context': 13, 'bonus_lists': [3346]}"
1758785171,VERY_LONG,,1,4890000,,"{'id': 173143, 'context': 13, 'bonus_lists': [3348]}"
1758785173,VERY_LONG,1115100,1,,,{'id': 76675}
1758785176,VERY_LONG,9981100,2,,,{'id': 76645}
1758785185,VERY_LONG,,1,40799100,,"{'id': 153688, 'context': 13, 'bonus_lists': [3352]}"
1758785189,VERY_LONG,490000,5,,,{'id': 173124}
1758785190,VERY_LONG,1172600,20,,,{'id': 179315}
1758785193,VERY_LONG,,1,39046800,,"{'id': 115798, 'context': 13, 'bonus_lists': [421, 525, 539]}"
1758785194,VERY_LONG,,1,8217200,,"{'id': 83795, 'context': 0}"
1758785199,VERY_LONG,,1,3660300,,"{'id': 173136, 'context': 13, 'bonus_lists': [3354]}"
1758785207,VERY_LONG,,1,3660300,,"{'id': 173136, 'context': 13, 'bonus_lists': [3355]}"
1758785208,VERY_LONG,1172600,120,,,{'id': 179315}
1758785209,VERY_LONG,,1,3660300,,"{'id': 173136, 'context': 13, 'bonus_lists': [3359]}"
1758785215,VERY_LONG,,1,159470000,,"{'id': 170318, 'context': 13, 'bonus_lists': [1685]}"
1758785220,VERY_LONG,,1,4250000,,"{'id': 173138, 'context': 13, 'bonus_lists': [3347]}"
1758785229,VERY_LONG,,1,4125800,,"{'id': 173140, 'context': 13, 'bonus_lists': [3361]}"
1758785231,VERY_LONG,,1,4125800,,"{'id': 173140, 'context': 13, 'bonus_lists': [3361]}"
1758785235,VERY_LONG,,1,4125800,,"{'id': 173140, 'context': 13, 'bonus_lists': [3363]}"
1758785238,VERY_LONG,,1,4125800,,"{'id': 173140, 'context': 13, 'bonus_lists': [3365]}"
1758785250,VERY_LONG,7190000,29,,,{'id': 172097}
1758785609,VERY_LONG,21005100,4,,,{'id': 173092}
1758785639,VERY_LONG,21000000,7,,,{'id': 173070}
1758785674,VERY_LONG,89900,2478,,,{'id': 172089}
1758785685,VERY_LONG,3750000,1,,,{'id': 87885}
1758785715,VERY_LONG,13500000,1,,,{'id': 173103}
1758785747,VERY_LONG,14900000,5,,,{'id': 173102}
1758785749,VERY_LONG,89900,255,,,{'id': 172089}
1758785752,VERY_LONG,,1,17898000,,"{'id': 184480, 'context': 0}"
1758785754,VERY_LONG,,1,17898000,,"{'id': 184480, 'context': 0}"
1758785793,VERY_LONG,,1,2000000000,,"{'id': 182716, 'context': 0, 'modifiers': [{'type': 28, 'value': 2060}]}"
1758785805,VERY_LONG,4440000,11,,,{'id': 168447}
1758785831,VERY_LONG,400,6,,,{'id': 171840}
1758785875,VERY_LONG,1300000,5,,,{'id': 172439}
1758785890,VERY_LONG,22000000,1,,,{'id': 168412}
1758785924,VERY_LONG,89900,30,,,{'id': 172089}
1758785974,MEDIUM,800000,12,,,{'id': 43551}
1758785977,MEDIUM,,1,102501300,,"{'id': 3427, 'context': 0}"
1758785981,MEDIUM,18771300,5,,,{'id': 167539}
1758785986,MEDIUM,,1,21188400,,"{'id': 173428, 'context': 13, 'modifiers': [{'type': 29, 'value': 32}, {'type': 30, 'value': 40}]}"
1758785991,MEDIUM,,1,21188400,,"{'id': 173428, 'context': 13, 'modifiers': [{'type': 29, 'value': 40}, {'type': 30, 'value': 32}]}"
1758785995,MEDIUM,,1,19999100,,"{'id': 173428, 'context': 13, 'modifiers': [{'type': 29, 'value': 36}, {'type': 30, 'value': 32}]}"
1758785998,MEDIUM,,1,19999100,,"{'id': 173428, 'context': 13, 'modifiers': [{'type': 29, 'value': 36}, {'type': 30, 'value': 40}]}"
1758786003,MEDIUM,,1,40924500,,"{'id': 173428, 'context': 13, 'modifiers': [{'type': 29, 'value': 49}, {'type': 30, 'value': 36}]}"
1758786008,MEDIUM,3000000,34,,,{'id': 177659}
1758786014,MEDIUM,,1,62893800,,"{'id': 177813, 'context': 0, 'bonus_lists': [6907, 6652, 603], 'modifiers': [{'type': 9, 'value': 60}, {'type': 28, 'value': 1707}]}"
1758786023,MEDIUM,10986000,112,,,{'id': 173160}
1758786027,MEDIUM,5000000,3,,,{'id': 43334}
1758786035,MEDIUM,556300,15,,,{'id': 52183}
1758786038,MEDIUM,,1,14845000,,"{'id': 138790, 'context': 13}"
1758786043,MEDIUM,,1,16202000,,"{'id': 138793, 'context': 13}"
1758786047,MEDIUM,,1,106425900,,"{'id': 31286, 'context': 1, 'bonus_lists': [6658], 'modifiers': [{'type': 9, 'value': 30}, {'type': 28, 'value': 229}]}"
1758786056,MEDIUM,5500000,16,,,{'id': 172370}
1758786061,MEDIUM,300000,21,,,{'id': 172346}
1758786065,MEDIUM,,1,1350000100,,"{'id': 87250, 'context': 0}"
1758786073,MEDIUM,,1,123450400,,"{'id': 169321, 'context': 13}"
1758786078,MEDIUM,19983600,5,,,{'id': 172449}
1758786082,MEDIUM,1851300,21,,,{'id': 172361}
1758786084,MEDIUM,22000000,1,,,{'id': 168412}
1758786089,MEDIUM,9454200,5,,,{'id': 89868}
1758786092,MEDIUM,,1,64352800,,"{'id': 25236, 'context': 1, 'bonus_lists': [6655, 1709], 'modifiers': [{'type': 9, 'value': 30}, {'type': 28, 'value': 229}]}"
1758786095,MEDIUM,3842800,14,,,{'id': 171270}
1758786099,VERY_LONG,1370000,2,,,{'id': 171428}
1758786102,MEDIUM,,1,900056400,,"{'id': 87251, 'context': 0}"
1758786109,MEDIUM,,1,150258900,,"{'id': 164368, 'context': 11, 'modifiers': [{'type': 28, 'value': 645}]}"
1758786114,MEDIUM,,1,150258900,,"{'id': 164368, 'context': 11}"
1758786121,MEDIUM,,1,150258900,,"{'id': 164368, 'context': 0}"
1758786128,MEDIUM,,1,150258900,,"{'id': 164368, 'context': 11}"
1758786131,MEDIUM,2197000,126,,,{'id': 172437}
1758786141,MEDIUM,,1,9995300,,"{'id': 54445, 'context': 0}"
1758786147,MEDIUM,,1,9995300,,"{'id': 54445, 'context': 0}"
1758786152,MEDIUM,,1,9995300,,"{'id': 54445, 'context': 0}"
1758786161,MEDIUM,,1,9995300,,"{'id': 54445, 'context': 0}"
1758786166,MEDIUM,,1,9995300,,"{'id': 54445, 'context': 0}"
1758786169,MEDIUM,,1,9995300,,"{'id': 54445, 'context': 0}"
1758786173,MEDIUM,,1,9995300,,"{'id': 54445, 'context': 0}"
1758786174,VERY_LONG,13000,7,,,{'id': 79101}
1758786179,MEDIUM,2799300,23,,,{'id': 172411}
1758786185,MEDIUM,34872200,15,,,{'id': 168419}
1758786191,MEDIUM,,1,75541100,,"{'id': 138385, 'context': 14}"
1758786197,MEDIUM,,1,290151900,,"{'id': 169328, 'context': 13}"
1758786201,MEDIUM,5853800,1,,,{'id': 87392}
1758786207,MEDIUM,,1,47424200,,"{'id': 25126, 'context': 1, 'bonus_lists': [6655, 1709], 'modifiers': [{'type': 9, 'value': 30}, {'type': 28, 'value': 229}]}"
1758786225,VERY_LONG,38000,31,,,{'id': 72120}
1758786321,VERY_LONG,208800,88,,,{'id': 72162}
1758786342,VERY_LONG,7000000,10,,,{'id': 171349}
1758786359,VERY_LONG,,1,98490000,,"{'id': 82800, 'context': 0, 'modifiers': [{'type': 6, 'value': 99923}], 'pet_breed_id': 8, 'pet_level': 1, 'pet_quality_id': 2, 'pet_species_id': 3034}"
1758786387,VERY_LONG,19300,10,,,{'id': 74837}
1758786388,VERY_LONG,2747100,1,,,{'id': 172410}
1758786395,VERY_LONG,19800,18,,,{'id': 183823}
1758786412,VERY_LONG,155100,4,,,{'id': 171301}
1758786428,VERY_LONG,494700,5,,,{'id': 171268}
1758786436,VERY_LONG,2200000,10,,,{'id': 184090}
1758786450,VERY_LONG,3910000000,1,,,{'id': 74846}
1758786451,VERY_LONG,90000,5,,,{'id': 171263}
1758786467,VERY_LONG,2487200,15,,,{'id': 171350}
1758786478,VERY_LONG,130000,16,,,{'id': 171271}
1758786489,VERY_LONG,2860000,11,,,{'id': 171352}
1758786493,VERY_LONG,10800,2,,,{'id': 74844}
1758786509,VERY_LONG,1509900,8,,,{'id': 171351}
1758786654,VERY_LONG,70500,2,,,{'id': 74838}
1758786960,VERY_LONG,3000000,3,,,{'id': 177659}
1758787006,VERY_LONG,5729600,2,,,{'id': 172415}
1758787096,VERY_LONG,,1,104600,,"{'id': 82038, 'context': 0, 'bonus_lists': [6654, 1695], 'modifiers': [{'type': 9, 'value': 23}, {'type': 28, 'value': 1754}]}"
1758787541,VERY_LONG,,1,450009900,,"{'id': 183017, 'context': 5, 'bonus_lists': [7188, 6652, 7194, 1485, 6646], 'modifiers': [{'type': 28, 'value': 752}]}"
1758787681,VERY_LONG,,1,900000000,,"{'id': 183008, 'context': 5, 'bonus_lists': [7188, 6652, 1485, 6646], 'modifiers': [{'type': 28, 'value': 752}]}"
1758787773,VERY_LONG,5300000,1,,,{'id': 172367}
1758787843,VERY_LONG,4959500,1,,,{'id': 172367}
1758788083,MEDIUM,,1,7770000,,"{'id': 173245, 'context': 63, 'bonus_lists': [6716, 7194, 1487]}"
1758788087,MEDIUM,,1,7770000,,"{'id': 173245, 'context': 63, 'bonus_lists': [6716, 7194, 1487]}"
1758789115,MEDIUM,399000,2,,,{'id': 172416}
1758789166,MEDIUM,2197000,7,,,{'id': 172437}
1758789194,VERY_LONG,,1,9500,,"{'id': 82800, 'context': 0, 'modifiers': [{'type': 6, 'value': 99899}], 'pet_breed_id': 10, 'pet_level': 1, 'pet_quality_id': 2, 'pet_species_id': 2925}"
1758789204,VERY_LONG,,1,9500,,"{'id': 82800, 'context': 0, 'modifiers': [{'type': 6, 'value': 99899}], 'pet_breed_id': 17, 'pet_level': 1, 'pet_quality_id': 2, 'pet_species_id': 2925}"
1758789213,VERY_LONG,3140000,5,,,{'id': 181468}
1758789233,VERY_LONG,,1,31470000,,"{'id': 173247, 'context': 64, 'bonus_lists': [6717, 1507]}"
1758789253,VERY_LONG,,1,31470000,,"{'id': 173247, 'context': 64, 'bonus_lists': [6717, 1507]}"
1758789266,VERY_LONG,,1,31470000,,"{'id': 173247, 'context': 64, 'bonus_lists': [6717, 1507]}"
1758789277,VERY_LONG,,1,31470000,,"{'id': 173247, 'context': 64, 'bonus_lists': [6717, 1507]}"
1758789283,VERY_LONG,,1,31470000,,"{'id': 173247, 'context': 64, 'bonus_lists': [6717, 1507]}"
1758789292,VERY_LONG,,1,98990000,,"{'id': 82800, 'context': 0, 'modifiers': [{'type': 6, 'value': 97479}], 'pet_breed_id': 17, 'pet_level': 1, 'pet_quality_id': 2, 'pet_species_id': 3038}"
1758789313,VERY_LONG,,1,98990000,,"{'id': 82800, 'context': 0, 'modifiers': [{'type': 6, 'value': 97479}], 'pet_breed_id': 17, 'pet_level': 1, 'pet_quality_id': 2, 'pet_species_id': 3038}"
1758789357,VERY_LONG,,1,35212200,,"{'id': 2879, 'context': 0}"
1758789458,VERY_LONG,4700000,3,,,{'id': 171278}
1758789635,MEDIUM,484900,99,,,{'id': 172049}
1758789643,MEDIUM,839000,99,,,{'id': 172045}
1758789938,VERY_LONG,,1,38214900,,"{'id': 13025, 'context': 0, 'bonus_lists': [6659], 'modifiers': [{'type': 9, 'value': 30}, {'type': 28, 'value': 16}]}"
1758789956,VERY_LONG,,1,29999800,,"{'id': 87452, 'context': 0, 'bonus_lists': [6658], 'modifiers': [{'type': 9, 'value': 35}, {'type': 28, 'value': 1032}]}"
1758790061,VERY_LONG,799000,17,,,{'id': 172045}
1758790107,VERY_LONG,42218000,1,,,{'id': 137287}
1758790108,VERY_LONG,4568500,1,,,{'id': 139339}
1758790111,VERY_LONG,5853800,1,,,{'id': 87392}
1758790113,VERY_LONG,,1,40698000,20349000,"{'id': 11988, 'context': 1, 'bonus_lists': [6654, 1678], 'modifiers': [{'type': 9, 'value': 30}, {'type': 28, 'value': 218}]}"
1758790117,VERY_LONG,2531800,3,,,{'id': 153618}
1758790121,VERY_LONG,,1,359784300,179892200,"{'id': 7420, 'context': 1, 'bonus_lists': [6654, 1708], 'modifiers': [{'type': 9, 'value': 30}, {'type': 28, 'value': 211}]}"
1758790125,VERY_LONG,,1,6564700,3282400,"{'id': 15285, 'context': 1, 'bonus_lists': [6655], 'modifiers': [{'type': 9, 'value': 30}, {'type': 28, 'value': 211}]}"
1758790127,VERY_LONG,,1,118591300,59295700,"{'id': 15376, 'context': 1, 'bonus_lists': [6654, 1677], 'modifiers': [{'type': 9, 'value': 30}, {'type': 28, 'value': 218}]}"
1758790132,VERY_LONG,162100,4,,,{'id': 25699}
1758790135,VERY_LONG,1439900,14,,,{'id': 172233}
1758790140,VERY_LONG,,1,37711300,18855700,"{'id': 6440, 'context': 1, 'bonus_lists': [6710], 'modifiers': [{'type': 9, 'value': 30}, {'type': 28, 'value': 218}]}"
1758790147,VERY_LONG,,1,22096200,11048100,"{'id': 15437, 'context': 1, 'bonus_lists': [6654, 1692], 'modifiers': [{'type': 9, 'value': 30}, {'type': 28, 'value': 218}]}"
1758790150,VERY_LONG,10005100,3,,,{'id': 153610}
1758790154,VERY_LONG,1648300,4,,,{'id': 153609}
1758790163,VERY_LONG,,1,56459700,28229900,"{'id': 14264, 'context': 1, 'bonus_lists': [6654, 1695], 'modifiers': [{'type': 9, 'value': 30}, {'type': 28, 'value': 218}]}"
1758790167,VERY_LONG,199900,180,,,{'id': 133576}
1758790174,VERY_LONG,,1,62699400,,"{'id': 15374, 'context': 0, 'bonus_lists': [6654, 1680], 'modifiers': [{'type': 9, 'value': 30}, {'type': 28, 'value': 21}]}"
1758790176,VERY_LONG,,1,16669500,8334800,"{'id': 14907, 'context': 1, 'bonus_lists': [6654, 1709], 'modifiers': [{'type': 9, 'value': 30}, {'type': 28, 'value': 218}]}"
1758790180,VERY_LONG,36803500,1,,,{'id': 32715}
1758790187,VERY_LONG,,1,123450400,,"{'id': 169321, 'context': 13}"
1758790192,VERY_LONG,,1,123450400,,"{'id': 169321, 'context': 13}"
1758790196,VERY_LONG,,1,123450400,,"{'id': 169321, 'context': 13}"
1758790204,VERY_LONG,,1,123450400,,"{'id': 169321, 'context': 13}"
1758790210,VERY_LONG,,1,7131100,3565600,"{'id': 10159, 'context': 0, 'bonus_lists': [6654, 1680], 'modifiers': [{'type': 9, 'value': 30}, {'type': 28, 'value': 35}]}"
1758790213,VERY_LONG,5789300,10,,,{'id': 15407}
1758790216,VERY_LONG,37913200,5,,,{'id': 5042}
1758790221,VERY_LONG,,1,74800000,37400000,"{'id': 15439, 'context': 1, 'bonus_lists': [6654, 1691], 'modifiers': [{'type': 9, 'value': 30}, {'type': 28, 'value': 218}]}"
1758790224,VERY_LONG,1843500,1,,,{'id': 38558}
1758790230,VERY_LONG,133700,7,,,{'id': 6471}
1758790235,VERY_LONG,,1,39584600,19792300,"{'id': 14296, 'context': 0, 'bonus_lists': [6654, 1705], 'modifiers': [{'type': 9, 'value': 30}, {'type': 28, 'value': 28}]}"
1758790239,VERY_LONG,9005600,29,,,{'id': 15408}
1758790247,VERY_LONG,,1,44214000,22107000,"{'id': 9919, 'context': 1, 'bonus_lists': [6654, 1678], 'modifiers': [{'type': 9, 'value': 30}, {'type': 28, 'value': 218}]}"
1758790253,VERY_LONG,,1,9970000,4985000,"{'id': 9512, 'context': 1, 'bonus_lists': [6710], 'modifiers': [{'type': 9, 'value': 30}, {'type': 28, 'value': 218}]}"
1758790259,VERY_LONG,6505200,4,,,{'id': 180058}
1758790266,VERY_LONG,,1,25000000,12500000,"{'id': 7444, 'context': 0, 'bonus_lists': [6654, 1681], 'modifiers': [{'type': 9, 'value': 30}, {'type': 28, 'value': 35}]}"
1758790270,VERY_LONG,,1,84333900,42167000,"{'id': 14847, 'context': 1, 'bonus_lists': [6654], 'modifiers': [{'type': 9, 'value': 30}, {'type': 28, 'value': 218}]}"
1758790275,VERY_LONG,,1,84333900,42167000,"{'id': 14847, 'context': 1, 'bonus_lists': [6654], 'modifiers': [{'type': 9, 'value': 30}, {'type': 28, 'value': 218}]}"
1758790279,VERY_LONG,,1,18564600,9282300,"{'id': 6454, 'context': 1, 'modifiers': [{'type': 28, 'value': 210}]}"
1758790284,VERY_LONG,,1,33523800,16761900,"{'id': 4735, 'context': 1, 'bonus_lists': [6654], 'modifiers': [{'type': 9, 'value': 30}, {'type': 28, 'value': 218}]}"
1758790293,VERY_LONG,3600,211,,,{'id': 168650}
1758790296,VERY_LONG,,1,4031600,2015800,"{'id': 15273, 'context': 1, 'bonus_lists': [6655, 1708], 'modifiers': [{'type': 9, 'value': 30}, {'type': 28, 'value': 218}]}"
1758790301,VERY_LONG,22104500,5,,,{'id': 153634}
1758790307,VERY_LONG,,1,6025100,3012600,"{'id': 12044, 'context': 1, 'bonus_lists': [6654, 1678], 'modifiers': [{'type': 9, 'value': 30}, {'type': 28, 'value': 218}]}"
1758790316,VERY_LONG,,1,61148400,30574200,"{'id': 15188, 'context': 1, 'bonus_lists': [6654, 1705], 'modifiers': [{'type': 9, 'value': 30}, {'type': 28, 'value': 218}]}"
1758790320,VERY_LONG,,1,285665100,,"{'id': 164682, 'context': 0, 'bonus_lists': [1714]}"
1758790325,VERY_LONG,,1,9094000,4547000,"{'id': 15373, 'context': 1, 'bonus_lists': [6654, 1707], 'modifiers': [{'type': 9, 'value': 30}, {'type': 28, 'value': 218}]}"
1758790329,VERY_LONG,,1,184550600,,"{'id': 159940, 'context': 13, 'bonus_lists': [1709]}"
1758790332,VERY_LONG,863400,1,,,{'id': 40919}
1758790337,VERY_LONG,85700,45,,,{'id': 6470}
1758790346,VERY_LONG,46117500,1,,,{'id': 153611}
1758790350,VERY_LONG,14297600,1,,,{'id': 32716}
1758790354,VERY_LONG,898724100,127,,,{'id': 56516}
1758790361,VERY_LONG,103400,4,,,{'id': 29425}
1758790367,VERY_LONG,,1,8442300,4221200,"{'id': 9878, 'context': 0, 'bonus_lists': [6654, 1692], 'modifiers': [{'type': 9, 'value': 30}, {'type': 28, 'value': 35}]}"
1758790374,VERY_LONG,2500,3,,,{'id': 113262}
1758790379,VERY_LONG,1500600,1,,,{'id': 8845}
1758790384,VERY_LONG,,1,18039700,9019900,"{'id': 14262, 'context': 1, 'bonus_lists': [6654, 1679], 'modifiers': [{'type': 9, 'value': 30}, {'type': 28, 'value': 218}]}"
1758790389,VERY_LONG,10455600,15,,,{'id': 7082}
1758790393,VERY_LONG,124817700,697,,,{'id': 52976}
1758790399,VERY_LONG,,1,23214300,11607200,"{'id': 9959, 'context': 0, 'bonus_lists': [6654, 1709], 'modifiers': [{'type': 9, 'value': 30}, {'type': 28, 'value': 35}]}"
1758790402,VERY_LONG,,1,23433500,11716800,"{'id': 14252, 'context': 1, 'bonus_lists': [6654, 1692], 'modifiers': [{'type': 9, 'value': 30}, {'type': 28, 'value': 218}]}"
1758790406,VERY_LONG,,1,5807300,2903700,"{'id': 865, 'context': 1, 'bonus_lists': [6655, 1708], 'modifiers': [{'type': 9, 'value': 30}, {'type': 28, 'value': 211}]}"
1758790412,VERY_LONG,621800,1,,,{'id': 31893}
1758790419,VERY_LONG,,1,19095900,,"{'id': 55670, 'context': 0, 'bonus_lists': [6654, 1698], 'modifiers': [{'type': 9, 'value': 35}, {'type': 28, 'value': 55}]}"
1758790425,VERY_LONG,,1,14780100,7390100,"{'id': 9820, 'context': 1, 'bonus_lists': [6654, 1707], 'modifiers': [{'type': 9, 'value': 30}, {'type': 28, 'value': 211}]}"
1758790429,VERY_LONG,183100,1,,,{'id': 5498}
1758790435,VERY_LONG,,1,557456600,278728300,"{'id': 56491, 'context': 0, 'bonus_lists': [1695]}"
1758790439,VERY_LONG,74665500,1,,,{'id': 153606}
1758790441,VERY_LONG,,1,359115300,,"{'id': 172325, 'context': 65, 'bonus_lists': [6718, 7193, 1522]}"
1758790443,VERY_LONG,144775600,1,,,{'id': 4480}
1758790446,VERY_LONG,1885300,3,,,{'id': 153632}
1758790447,VERY_LONG,1005100,3,,,{'id': 153617}
1758790452,VERY_LONG,9000,1,,,{'id': 7909}
1758790455,VERY_LONG,182000,4,,,{'id': 10285}
1758790459,VERY_LONG,190200,6,,,{'id': 5785}
1758790465,VERY_LONG,,1,43580000,,"{'id': 171415, 'context': 63, 'bonus_lists': [6716, 7193, 1487]}"
1758790466,VERY_LONG,,1,226042400,113021200,"{'id': 15981, 'context': 1, 'bonus_lists': [6655, 1677], 'modifiers': [{'type': 9, 'value': 30}, {'type': 28, 'value': 218}]}"
1758790468,VERY_LONG,,1,43580000,,"{'id': 171415, 'context': 63, 'bonus_lists': [6716, 7194, 1487]}"
1758790473,VERY_LONG,,1,43580000,,"{'id': 171415, 'context': 63, 'bonus_lists': [6716, 7193, 1487]}"
1758790474,VERY_LONG,1000000,3,,,{'id': 153633}
1758790476,VERY_LONG,,1,43580000,,"{'id': 171415, 'context': 63, 'bonus_lists': [6716, 7194, 1487]}"
1758790479,VERY_LONG,,1,43580000,,"{'id': 171415, 'context': 63, 'bonus_lists': [6716, 7194, 1487]}"
1758790480,VERY_LONG,,1,1653400,,"{'id': 171208, 'context': 0}"
1758790481,VERY_LONG,,1,43580000,,"{'id': 171415, 'context': 63, 'bonus_lists': [6716, 7194, 1487]}"
1758790483,VERY_LONG,,1,43580000,,"{'id': 171415, 'context': 63, 'bonus_lists': [6716, 7194, 1487]}"
1758790484,VERY_LONG,,1,20899600,10449800,"{'id': 7533, 'context': 0, 'bonus_lists': [6654, 1693], 'modifiers': [{'type': 9, 'value': 30}, {'type': 28, 'value': 35}]}"
1758790485,VERY_LONG,,1,43580000,,"{'id': 171415, 'context': 63, 'bonus_lists': [6716, 7194, 1487]}"
1758790491,VERY_LONG,,1,43580000,,"{'id': 171415, 'context': 63, 'bonus_lists': [6716, 7193, 1487]}"
1758790492,VERY_LONG,1875000,2,,,{'id': 153608}
1758790502,VERY_LONG,1559800,41,,,{'id': 173059}
1758790508,VERY_LONG,,1,859900,430000,"{'id': 4089, 'context': 1, 'bonus_lists': [6655, 1680], 'modifiers': [{'type': 9, 'value': 30}, {'type': 28, 'value': 218}]}"
1758790514,VERY_LONG,22009200,3,,,{'id': 52982}
1758790524,VERY_LONG,,1,4922800,2461400,"{'id': 15245, 'context': 1, 'bonus_lists': [6655, 1678], 'modifiers': [{'type': 9, 'value': 30}, {'type': 28, 'value': 218}]}"
1758790531,VERY_LONG,,1,25070200,12535100,"{'id': 14811, 'context': 1, 'bonus_lists': [6654], 'modifiers': [{'type': 9, 'value': 30}, {'type': 28, 'value': 218}]}"
1758790542,VERY_LONG,,1,33966400,16983200,"{'id': 9883, 'context': 0, 'bonus_lists': [6654, 1678], 'modifiers': [{'type': 9, 'value': 30}, {'type': 28, 'value': 20}]}"
1758790552,VERY_LONG,546800,40,,,{'id': 35562}
1758790557,VERY_LONG,,1,94732900,47366500,"{'id': 8141, 'context': 0, 'bonus_lists': [6654], 'modifiers': [{'type': 9, 'value': 30}, {'type': 28, 'value': 35}]}"
1758790564,VERY_LONG,,1,10694600,5347300,"{'id': 12013, 'context': 1, 'bonus_lists': [6654, 1707], 'modifiers': [{'type': 9, 'value': 30}, {'type': 28, 'value': 218}]}"
1758790572,VERY_LONG,2000,3,,,{'id': 17056}
1758790576,VERY_LONG,,1,10111400,5055700,"{'id': 15252, 'context': 1, 'bonus_lists': [6655, 1705], 'modifiers': [{'type': 9, 'value': 30}, {'type': 28, 'value': 218}]}"
1758790585,VERY_LONG,,1,37538800,18769400,"{'id': 15622, 'context': 1, 'bonus_lists': [6654, 1705], 'modifiers': [{'type': 9, 'value': 30}, {'type': 28, 'value': 218}]}"
1758790590,VERY_LONG,544300,54,,,{'id': 32388}
1758790595,VERY_LONG,44900,113,,,{'id': 21840}
1758790598,VERY_LONG,,1,3368052000,,"{'id': 167941, 'context': 0, 'bonus_lists': [1696]}"
1758790601,VERY_LONG,21567300,2,,,{'id': 153616}
1758790607,VERY_LONG,5759700,1,,,{'id': 162027}
1758790613,VERY_LONG,,1,48013600,,"{'id': 48124, 'context': 0}"
1758790617,VERY_LONG,,1,48013600,,"{'id': 48124, 'context': 0}"
1758790624,VERY_LONG,,1,21003200,10501600,"{'id': 9862, 'context': 0, 'bonus_lists': [6654, 1707], 'modifiers': [{'type': 9, 'value': 30}, {'type': 28, 'value': 20}]}"
1758790629,VERY_LONG,19888600,1,,,{'id': 139338}
1758790637,VERY_LONG,,1,20723800,,"{'id': 11998, 'context': 1, 'bonus_lists': [6654, 1679], 'modifiers': [{'type': 9, 'value': 30}, {'type': 28, 'value': 209}]}"
1758790640,VERY_LONG,,1,51213200,,"{'id': 31200, 'context': 36, 'bonus_lists': [3932], 'modifiers': [{'type': 9, 'value': 50}]}"
1758790645,VERY_LONG,1500000,1,,,{'id': 31906}
1758790651,VERY_LONG,,1,312286900,,"{'id': 170317, 'context': 0, 'bonus_lists': [1679]}"
1758790663,VERY_LONG,29072600,20,,,{'id': 29539}
1758790670,VERY_LONG,,1,61765300,30882700,"{'id': 7517, 'context': 0, 'bonus_lists': [6654, 1709], 'modifiers': [{'type': 9, 'value': 30}, {'type': 28, 'value': 20}]}"
1758790679,VERY_LONG,,1,15008500,7504300,"{'id': 14273, 'context': 1, 'bonus_lists': [6654, 1679], 'modifiers': [{'type': 9, 'value': 30}, {'type': 28, 'value': 218}]}"
1758790683,VERY_LONG,,1,15008500,7504300,"{'id': 14273, 'context': 1, 'bonus_lists': [6654, 1677], 'modifiers': [{'type': 9, 'value': 30}, {'type': 28, 'value': 218}]}"
1758790687,VERY_LONG,3920000000,1,,,{'id': 52980}
1758790694,VERY_LONG,,1,1064613900,532307000,"{'id': 17050, 'context': 0, 'bonus_lists': [6658], 'modifiers': [{'type': 9, 'value': 30}, {'type': 28, 'value': 20}]}"
1758790701,VERY_LONG,152500,3,,,{'id': 159825}
1758790708,VERY_LONG,8283900,4,,,{'id': 32620}
1758790712,VERY_LONG,12100,14,,,{'id': 7078}
1758790717,VERY_LONG,2450000,1,,,{'id': 41100}
1758790723,VERY_LONG,,1,15157300,7578700,"{'id': 14668, 'context': 1, 'bonus_lists': [6654], 'modifiers': [{'type': 9, 'value': 30}, {'type': 28, 'value': 218}]}"
1758790729,VERY_LONG,,1,70000000,35000000,"{'id': 15428, 'context': 1, 'bonus_lists': [6654, 1708], 'modifiers': [{'type': 9, 'value': 30}, {'type': 28, 'value': 218}]}"
1758790738,VERY_LONG,,1,99960000,,"{'id': 171415, 'context': 64, 'bonus_lists': [6717, 7194, 1507]}"
1758790739,VERY_LONG,,1,99960000,,"{'id': 171415, 'context': 64, 'bonus_lists': [6717, 7194, 1507]}"
1758791084,VERY_LONG,,1,84490000,,"{'id': 171416, 'context': 63, 'bonus_lists': [6716, 1487]}"
1758791088,VERY_LONG,,1,84490000,,"{'id': 171416, 'context': 63, 'bonus_lists': [6716, 1487]}"
1758792152,VERY_LONG,,1,500000,50000,"{'id': 24645, 'context': 1, 'bonus_lists': [6654, 1707], 'modifiers': [{'type': 9, 'value': 37}, {'type': 28, 'value': 1892}]}"
1758792284,VERY_LONG,3140000,9,,,{'id': 181468}
1758792298,VERY_LONG,,1,10000100,2000000,"{'id': 36978, 'context': 1, 'bonus_lists': [6710], 'modifiers': [{'type': 9, 'value': 37}, {'type': 28, 'value': 1876}]}"
1758793381,VERY_LONG,212300,2201,,,{'id': 171831}
1758793525,VERY_LONG,135000,3,,,{'id': 173035}
1758793578,VERY_LONG,450100,3,,,{'id': 173034}
1758793666,VERY_LONG,,1,34175600,,"{'id': 15378, 'context': 0, 'bonus_lists': [6654, 1705], 'modifiers': [{'type': 9, 'value': 30}, {'type': 28, 'value': 28}]}"
1758793675,VERY_LONG,,1,372543100,186271600,"{'id': 141586, 'context': 26, 'bonus_lists': [1472, 3528, 3431]}"
1758793681,VERY_LONG,,1,19003300,,"{'id': 14241, 'context': 0, 'bonus_lists': [6654, 1706], 'modifiers': [{'type': 9, 'value': 30}, {'type': 28, 'value': 21}]}"
1758793688,VERY_LONG,,1,19003300,,"{'id': 14241, 'context': 0, 'bonus_lists': [6654, 1695], 'modifiers': [{'type': 9, 'value': 30}, {'type': 28, 'value': 28}]}"
1758793693,VERY_LONG,112900,1,,,{'id': 53071}
1758793699,VERY_LONG,2500000,2,,,{'id': 173100}
1758793703,VERY_LONG,21790000,1,,,{'id': 137274}
1758793706,VERY_LONG,90000,600,,,{'id': 2996}
1758793710,VERY_LONG,210000,35,,,{'id': 74840}
1758793716,VERY_LONG,1238100,3,,,{'id': 153607}
1758793722,VERY_LONG,,1,25000000,,"{'id': 14606, 'context': 0, 'bonus_lists': [6654], 'modifiers': [{'type': 9, 'value': 30}, {'type': 28, 'value': 209}]}"
1758793725,VERY_LONG,19500000,1,,,{'id': 173097}
1758793727,VERY_LONG,35500,1,,,{'id': 12037}
1758793729,VERY_LONG,1035900,1,,,{'id': 168589}
1758793733,VERY_LONG,16000,5,,,{'id': 174353}
1758793738,VERY_LONG,,1,15639800,,"{'id': 7476, 'context': 1, 'bonus_lists': [6654, 1694], 'modifiers': [{'type': 9, 'value': 30}, {'type': 28, 'value': 209}]}"
1758793743,VERY_LONG,300,806,,,{'id': 124438}
1758793750,VERY_LONG,499400,6,,,{'id': 29426}
1758793759,VERY_LONG,,1,37449900,,"{'id': 15617, 'context': 0, 'bonus_lists': [6654, 1678], 'modifiers': [{'type': 9, 'value': 30}, {'type': 28, 'value': 21}]}"
1758793764,VERY_LONG,41088800,2,,,{'id': 32718}
1758793771,VERY_LONG,302700,3,,,{'id': 12205}
1758793776,VERY_LONG,,1,36846400,18423200,"{'id': 116511, 'context': 0, 'bonus_lists': [6655, 31], 'modifiers': [{'type': 9, 'value': 40}, {'type': 28, 'value': 65}]}"
1758793782,VERY_LONG,10000,1,,,{'id': 7972}
1758793788,VERY_LONG,,1,1653400,,"{'id': 171208, 'context': 0}"
1758793798,VERY_LONG,,1,29670000,,"{'id': 82800, 'context': 0, 'modifiers': [{'type': 6, 'value': 58170}], 'pet_breed_id': 6, 'pet_level': 1, 'pet_quality_id': 1, 'pet_species_id': 1426}"
1758793806,VERY_LONG,3281600,19,,,{'id': 142334}
1758793815,VERY_LONG,125300,818,,,{'id': 8170}
1758793822,VERY_LONG,13381300,3,,,{'id': 13468}
1758793828,VERY_LONG,30019700,3,,,{'id': 153631}
1758793835,VERY_LONG,1365100,3,,,{'id': 153627}
1758793843,VERY_LONG,38877100,1,,,{'id': 20424}
1758793852,VERY_LONG,6350400,1,,,{'id': 87580}
1758793857,VERY_LONG,,1,51848300,25924200,"{'id': 12420, 'context': 0}"
1758793863,VERY_LONG,9500100,5,,,{'id': 136708}
1758793868,VERY_LONG,,1,194510500,97255300,"{'id': 170297, 'context': 13, 'bonus_lists': [1677, 5804]}"
1758793876,VERY_LONG,,1,127454200,,"{'id': 153643, 'context': 0, 'bonus_lists': [1696]}"
1758793884,VERY_LONG,,1,124488700,62244400,"{'id': 15157, 'context': 54, 'bonus_lists': [1706, 4277], 'modifiers': [{'type': 9, 'value': 50}]}"
1758793890,VERY_LONG,,1,4292900,2146500,"{'id': 15226, 'context': 1, 'bonus_lists': [6655, 1693], 'modifiers': [{'type': 9, 'value': 30}, {'type': 28, 'value': 209}]}"
1758793897,VERY_LONG,,1,8885100,4442600,"{'id': 93556, 'context': 0}"
1758793900,VERY_LONG,,1,18666200,9333100,"{'id': 55493, 'context': 0, 'bonus_lists': [6654, 1716], 'modifiers': [{'type': 9, 'value': 35}, {'type': 28, 'value': 56}]}"
1758793908,VERY_LONG,13679300,4,,,{'id': 153604}
1758793916,VERY_LONG,,1,73572800,36786400,"{'id': 170358, 'context': 13, 'bonus_lists': [1703]}"
1758793921,VERY_LONG,,1,1130000,565000,"{'id': 173199, 'context': 0, 'bonus_lists': [6890], 'modifiers': [{'type': 9, 'value': 60}, {'type': 28, 'value': 391}, {'type': 29, 'value': 49}, {'type': 30, 'value': 40}]}"
1758793926,VERY_LONG,,1,1637700,818900,"{'id': 5215, 'context': 0, 'bonus_lists': [6655, 1677], 'modifiers': [{'type': 9, 'value': 30}, {'type': 28, 'value': 21}]}"
1758793936,VERY_LONG,1336100,4,,,{'id': 171315}
1758793943,VERY_LONG,,1,21810700,10905400,"{'id': 176988, 'context': 0, 'bonus_lists': [6907, 6652, 7193, 1676], 'modifiers': [{'type': 9, 'value': 60}, {'type': 28, 'value': 1707}]}"
1758793947,VERY_LONG,,1,24926200,,"{'id': 9922, 'context': 0, 'bonus_lists': [6654, 1706], 'modifiers': [{'type': 9, 'value': 30}, {'type': 28, 'value': 21}]}"
1758793955,VERY_LONG,194900,1,,,{'id': 74848}
1758793961,VERY_LONG,18900,2,,,{'id': 1288}
1758793966,VERY_LONG,,1,17476500,8738300,"{'id': 12426, 'context': 0}"
1758793974,VERY_LONG,,1,34544500,17272300,"{'id': 12414, 'context': 0}"
1758793981,VERY_LONG,,1,79990000,39995000,"{'id': 170326, 'context': 13, 'bonus_lists': [1707]}"
1758793985,VERY_LONG,,1,79990000,39995000,"{'id': 170326, 'context': 13, 'bonus_lists': [1711]}"
1758793993,VERY_LONG,,1,67353600,33676800,"{'id': 40768, 'context': 0}"
1758793998,VERY_LONG,311600,3,,,{'id': 5503}
1758794003,VERY_LONG,,1,26665900,13333000,"{'id': 12427, 'context': 0}"
1758794009,VERY_LONG,,1,4914700,2457400,"{'id': 8305, 'context': 1}"
1758794012,VERY_LONG,108500,3,,,{'id': 115504}
1758794024,VERY_LONG,6500000,1,,,{'id': 52687}
1758794030,VERY_LONG,4000000,4,,,{'id': 153615}
1758794068,VERY_LONG,,1,98826300,49413200,"{'id': 8192, 'context': 0}"
1758794076,VERY_LONG,,1,127931500,,"{'id': 15600, 'context': 1, 'bonus_lists': [6654, 1693], 'modifiers': [{'type': 9, 'value': 30}, {'type': 28, 'value': 209}]}"
1758794081,VERY_LONG,,1,2975000,2298500,"{'id': 8318, 'context': 1}"
1758794090,VERY_LONG,848600,3,,,{'id': 168583}
1758794094,VERY_LONG,,1,199998100,99999100,"{'id': 15596, 'context': 53, 'bonus_lists': [1694, 4277], 'modifiers': [{'type': 9, 'value': 50}]}"
1758795103,VERY_LONG,1172300,7,,,{'id': 153619}
1758795110,VERY_LONG,23000300,1,,,{'id': 177840}
1758795115,VERY_LONG,5100,50,,,{'id': 7068}
1758795122,VERY_LONG,,1,5055300,2527700,"{'id': 6384, 'context': 0}"
1758795130,VERY_LONG,77400,1,,,{'id': 25719}
1758795137,VERY_LONG,,1,11669600,5834800,"{'id': 7526, 'context': 0, 'bonus_lists': [6654, 1677], 'modifiers': [{'type': 9, 'value': 30}, {'type': 28, 'value': 27}]}"
1758795144,VERY_LONG,,1,65980300,,"{'id': 79333, 'context': 0}"
1758795155,VERY_LONG,752600,4,,,{'id': 25700}
1758795163,VERY_LONG,,1,9339700,,"{'id': 3395, 'context': 0, 'modifiers': [{'type': 28, 'value': 21}]}"
1758795169,VERY_LONG,19275000,2,,,{'id': 137239}
1758795177,VERY_LONG,276700,1,,,{'id': 43012}
1758795183,VERY_LONG,,1,5117700,,"{'id': 173248, 'context': 63, 'bonus_lists': [6716, 7194, 1487]}"
1758795190,VERY_LONG,,1,5117700,,"{'id': 173248, 'context': 63, 'bonus_lists': [6716, 7193, 1487]}"
1758795196,VERY_LONG,,1,5117700,,"{'id': 173248, 'context': 63, 'bonus_lists': [6716, 7194, 1487]}"
1758795203,VERY_LONG,,1,5117700,,"{'id': 173248, 'context': 63, 'bonus_lists': [6716, 7193, 1487]}"
1758795213,VERY_LONG,,1,5117700,,"{'id': 173248, 'context': 63, 'bonus_lists': [6716, 7194, 1487]}"
1758795218,VERY_LONG,,1,5117700,,"{'id': 173248, 'context': 63, 'bonus_lists': [6716, 7194, 1487]}"
1758795225,VERY_LONG,,1,5117700,,"{'id': 173248, 'context': 63, 'bonus_lists': [6716, 7193, 1487]}"
1758795229,VERY_LONG,,1,5117700,,"{'id': 173248, 'context': 63, 'bonus_lists': [6716, 7193, 1487]}"
1758795237,VERY_LONG,,1,5117700,,"{'id': 173248, 'context': 63, 'bonus_lists': [6716, 7193, 1487]}"
1758795246,VERY_LONG,,1,5117700,,"{'id': 173248, 'context': 63, 'bonus_lists': [6716, 7193, 1487]}"
1758795250,VERY_LONG,25375200,3,,,{'id': 153628}
1758795255,VERY_LONG,,1,45804400,22902200,"{'id': 8128, 'context': 54, 'bonus_lists': [4277], 'modifiers': [{'type': 9, 'value': 50}]}"
1758795259,VERY_LONG,44500,9,,,{'id': 74839}
1758795262,VERY_LONG,3499900,1,,,{'id': 137238}
1758795269,VERY_LONG,,1,233800,116900,"{'id': 82284, 'context': 36, 'bonus_lists': [1700, 4767], 'modifiers': [{'type': 9, 'value': 45}]}"
1758795273,VERY_LONG,,1,48775200,,"{'id': 14223, 'context': 0, 'bonus_lists': [6654, 1707], 'modifiers': [{'type': 9, 'value': 30}, {'type': 28, 'value': 21}]}"
1758795282,VERY_LONG,1186500,2,,,{'id': 113992}
1758795287,VERY_LONG,17536700,1,,,{'id': 153629}
1758795292,VERY_LONG,,1,58206200,29103100,"{'id': 4348, 'context': 0}"
1758795297,VERY_LONG,,1,750000,,"{'id': 11023, 'context': 14}"
1758795307,VERY_LONG,,1,750000,,"{'id': 11023, 'context': 0}"
1758795311,VERY_LONG,280000,33,,,{'id': 172044}
1758795318,VERY_LONG,,1,148702400,,"{'id': 152634, 'context': 13, 'bonus_lists': [4927]}"
1758795324,VERY_LONG,,1,105751100,52875600,"{'id': 14319, 'context': 54, 'bonus_lists': [1709, 4277], 'modifiers': [{'type': 9, 'value': 50}]}"
1758795330,VERY_LONG,6264500,5,,,{'id': 173065}
1758795335,VERY_LONG,6278800,1,,,{'id': 21151}
1758795340,VERY_LONG,,1,1799990000,,"{'id': 50380, 'context': 0}"
1758795347,VERY_LONG,,1,450000000,,"{'id': 82800, 'context': 0, 'modifiers': [{'type': 6, 'value': 6294}], 'pet_breed_id': 5, 'pet_level': 1, 'pet_quality_id': 3, 'pet_species_id': 87}"
1758795353,VERY_LONG,79005100,1,,,{'id': 173077}
1758795357,VERY_LONG,172519000,3,,,{'id': 177843}
1758795362,VERY_LONG,11594000,1,,,{'id': 129018}
1758795366,VERY_LONG,13241100,3,,,{'id': 153626}
1758795371,VERY_LONG,116500,1,,,{'id': 5784}
1758795377,VERY_LONG,4885100,2,,,{'id': 153612}
1758795379,VERY_LONG,,1,14005900,,"{'id': 2409, 'context': 1, 'modifiers': [{'type': 28, 'value': 193}]}"
1758795389,VERY_LONG,30100,4,,,{'id': 74837}
1758795393,VERY_LONG,264200,116,,,{'id': 153715}
1758795398,VERY_LONG,199700,124,,,{'id': 52979}
1758795402,VERY_LONG,2084400,2,,,{'id': 8173}
1758795409,VERY_LONG,140000,1,,,{'id': 34057}
1758795425,VERY_LONG,,1,100000000,,"{'id': 178926, 'context': 63, 'bonus_lists': [6716, 7193, 1487]}"
1758795856,VERY_LONG,800000,8,,,{'id': 49908}
1758797156,VERY_LONG,9900,26,,,{'id': 168645}
1758797162,VERY_LONG,83900,9,,,{'id': 168185}
1758797169,VERY_LONG,3600,20,,,{'id': 168650}
1758797173,VERY_LONG,7800,12,,,{'id': 167738}
1758797177,VERY_LONG,260900,5,,,{'id': 168303}
1758797179,VERY_LONG,129600,2,,,{'id': 168649}
1758797595,VERY_LONG,,1,37836000,18918000,"{'id': 24768, 'context': 28, 'bonus_lists': [1678, 3840], 'modifiers': [{'type': 9, 'value': 50}]}"
1758797600,VERY_LONG,,1,534800,267400,"{'id': 2580, 'context': 0}"
1758797601,VERY_LONG,1172600,3,,,{'id': 179315}
1758797603,VERY_LONG,,1,3027800,1513900,"{'id': 4309, 'context': 0}"
1758797607,VERY_LONG,,1,96919800,48459900,"{'id': 23499, 'context': 0}"
1758797610,VERY_LONG,,1,7817400,3908700,"{'id': 25027, 'context': 0, 'bonus_lists': [6654, 1705], 'modifiers': [{'type': 9, 'value': 30}, {'type': 28, 'value': 1008}]}"
1758797613,VERY_LONG,,1,14655100,7327600,"{'id': 15584, 'context': 0, 'bonus_lists': [6655, 1706], 'modifiers': [{'type': 9, 'value': 30}, {'type': 28, 'value': 28}]}"
1758797614,VERY_LONG,,1,50000000,25000000,"{'id': 10506, 'context': 0}"
1758797615,VERY_LONG,,1,21112300,10556200,"{'id': 8201, 'context': 0}"
1758797617,VERY_LONG,,1,46374400,23187200,"{'id': 25335, 'context': 36, 'bonus_lists': [1678, 3871], 'modifiers': [{'type': 9, 'value': 50}]}"
1758797619,VERY_LONG,,1,175100700,87550400,"{'id': 15069, 'context': 0}"
1758797622,VERY_LONG,,1,260767400,130383700,"{'id': 15050, 'context': 0}"
1758797624,VERY_LONG,,1,34544500,17272300,"{'id': 12414, 'context': 0}"
1758797628,VERY_LONG,,1,186391200,93195600,"{'id': 170359, 'context': 13, 'bonus_lists': [1683]}"
1758797629,VERY_LONG,,1,36415500,18207800,"{'id': 98870, 'context': 0}"
1758797632,VERY_LONG,,1,9999500,4999800,"{'id': 6263, 'context': 0}"
1758797633,VERY_LONG,,1,79990000,39995000,"{'id': 170341, 'context': 13, 'bonus_lists': [1716]}"
1758797637,VERY_LONG,,1,6485100,3242600,"{'id': 55747, 'context': 0, 'bonus_lists': [1708]}"
1758797642,VERY_LONG,,1,2643200,1519000,"{'id': 40772, 'context': 0}"
1758797645,VERY_LONG,,1,81892700,40946400,"{'id': 35969, 'context': 36, 'bonus_lists': [1693, 4493], 'modifiers': [{'type': 9, 'value': 50}]}"
1758797648,VERY_LONG,,1,1644233500,822116800,"{'id': 8210, 'context': 0, 'bonus_lists': [1708]}"
1758797652,VERY_LONG,,1,33717400,16858700,"{'id': 24854, 'context': 36, 'bonus_lists': [1680, 3850], 'modifiers': [{'type': 9, 'value': 50}]}"
1758797656,VERY_LONG,,1,31889500,15944800,"{'id': 98868, 'context': 0}"
1758797662,VERY_LONG,,1,35000000,17500000,"{'id': 14678, 'context': 0, 'bonus_lists': [6654], 'modifiers': [{'type': 9, 'value': 30}, {'type': 28, 'value': 36}]}"
1758797668,VERY_LONG,,1,49830200,24915100,"{'id': 15627, 'context': 0, 'bonus_lists': [6654, 1692], 'modifiers': [{'type': 9, 'value': 30}, {'type': 28, 'value': 28}]}"
1758797671,VERY_LONG,,1,36144500,18072300,"{'id': 93607, 'context': 1}"
1758797678,VERY_LONG,,1,40670900,20335500,"{'id': 12996, 'context': 54, 'bonus_lists': [4270], 'modifiers': [{'type': 9, 'value': 45}]}"
1758797682,VERY_LONG,,1,16784000,8392000,"{'id': 8301, 'context': 0, 'bonus_lists': [6654], 'modifiers': [{'type': 9, 'value': 30}, {'type': 28, 'value': 34}]}"
1758797685,VERY_LONG,,1,86823200,79580800,"{'id': 116454, 'context': 13, 'bonus_lists': [146, 525, 549]}"
1758797688,VERY_LONG,,1,5566600,2783300,"{'id': 7445, 'context': 54, 'bonus_lists': [1705, 4279], 'modifiers': [{'type': 9, 'value': 50}]}"
1758797696,VERY_LONG,,1,1296900,648500,"{'id': 2577, 'context': 0}"
1758797701,VERY_LONG,,1,7942600,3971300,"{'id': 55501, 'context': 36, 'bonus_lists': [1708, 4765], 'modifiers': [{'type': 9, 'value': 50}]}"
1758797705,VERY_LONG,,1,4782037100,2391018600,"{'id': 10626, 'context': 1, 'bonus_lists': [4062], 'modifiers': [{'type': 9, 'value': 25}]}"
1758797708,VERY_LONG,,1,33790600,16895300,"{'id': 31294, 'context': 0, 'bonus_lists': [6658], 'modifiers': [{'type': 9, 'value': 39}, {'type': 28, 'value': 41}]}"
1758797712,VERY_LONG,,1,80720000,40360000,"{'id': 14943, 'context': 54, 'bonus_lists': [1678, 4278], 'modifiers': [{'type': 9, 'value': 50}]}"
1758797716,VERY_LONG,,1,161505700,80752900,"{'id': 25172, 'context': 36, 'bonus_lists': [1678, 3872], 'modifiers': [{'type': 9, 'value': 50}]}"
1758797720,VERY_LONG,,1,79482100,39741100,"{'id': 55466, 'context': 0, 'bonus_lists': [6655, 1684], 'modifiers': [{'type': 9, 'value': 35}, {'type': 28, 'value': 56}]}"
1758797725,VERY_LONG,,1,82587700,41293900,"{'id': 24752, 'context': 36, 'bonus_lists': [1677, 3850], 'modifiers': [{'type': 9, 'value': 50}]}"
1758797728,VERY_LONG,,1,54564400,27282200,"{'id': 14261, 'context': 0, 'bonus_lists': [6654, 1693], 'modifiers': [{'type': 9, 'value': 30}, {'type': 28, 'value': 28}]}"
1758797730,VERY_LONG,,1,54564400,27282200,"{'id': 14261, 'context': 54, 'bonus_lists': [1708, 4277], 'modifiers': [{'type': 9, 'value': 50}]}"
1758797733,VERY_LONG,,1,4643900,2322000,"{'id': 3208, 'context': 0, 'bonus_lists': [6655, 1677], 'modifiers': [{'type': 9, 'value': 30}, {'type': 28, 'value': 28}]}"
1758797737,VERY_LONG,,1,4643900,2322000,"{'id': 3208, 'context': 0, 'bonus_lists': [6655, 1680], 'modifiers': [{'type': 9, 'value': 30}, {'type': 28, 'value': 28}]}"
1758797743,VERY_LONG,,1,12008300,6004200,"{'id': 24769, 'context': 36, 'bonus_lists': [1708, 3850], 'modifiers': [{'type': 9, 'value': 50}]}"
1758797745,VERY_LONG,,1,25311500,12655800,"{'id': 93553, 'context': 0}"
1758797748,VERY_LONG,,1,268897800,134448900,"{'id': 167982, 'context': 13, 'bonus_lists': [1684]}"
1758797752,VERY_LONG,,1,75163800,37581900,"{'id': 14777, 'context': 1, 'bonus_lists': [6655], 'modifiers': [{'type': 9, 'value': 30}, {'type': 28, 'value': 209}]}"
1758797753,VERY_LONG,,1,7859800,3929900,"{'id': 10378, 'context': 0, 'bonus_lists': [1694]}"
1758797760,VERY_LONG,,1,93075600,46537800,"{'id': 15965, 'context': 53, 'bonus_lists': [4281], 'modifiers': [{'type': 9, 'value': 50}]}"
1758797762,VERY_LONG,,1,18352100,9176100,"{'id': 93503, 'context': 0}"
1758797767,VERY_LONG,,1,50002200,25001100,"{'id': 24962, 'context': 36, 'bonus_lists': [1681, 3850], 'modifiers': [{'type': 9, 'value': 50}]}"
1758797774,VERY_LONG,,1,7576000,3788000,"{'id': 3430, 'context': 0, 'bonus_lists': [6655, 1691], 'modifiers': [{'type': 9, 'value': 30}, {'type': 28, 'value': 28}]}"
1758797777,VERY_LONG,,1,19292500,9646300,"{'id': 55656, 'context': 28, 'bonus_lists': [1706, 4763], 'modifiers': [{'type': 9, 'value': 50}]}"
1758797781,VERY_LONG,,1,1764400,882200,"{'id': 16215, 'context': 1}"
1758797785,VERY_LONG,115500,2,,,{'id': 153487}
1758797788,VERY_LONG,,1,78286900,39143500,"{'id': 14914, 'context': 53, 'bonus_lists': [1677, 4277], 'modifiers': [{'type': 9, 'value': 50}]}"
1758797795,VERY_LONG,,1,8312700,4156400,"{'id': 9815, 'context': 54, 'bonus_lists': [1680, 4277], 'modifiers': [{'type': 9, 'value': 50}]}"
1758797796,VERY_LONG,,1,14097900,7049000,"{'id': 21855, 'context': 0}"
1758797797,VERY_LONG,,1,5851200,2925600,"{'id': 177780, 'context': 0, 'bonus_lists': [6907, 6652, 1697], 'modifiers': [{'type': 9, 'value': 60}, {'type': 28, 'value': 1707}]}"
1758797799,VERY_LONG,104445800,9,,,{'id': 32717}
1758797800,VERY_LONG,,1,69050300,34525200,"{'id': 8207, 'context': 0}"
1758797804,VERY_LONG,,1,64390400,32195200,"{'id': 14785, 'context': 0, 'bonus_lists': [6654], 'modifiers': [{'type': 9, 'value': 30}, {'type': 28, 'value': 28}]}"
1758797806,VERY_LONG,,1,73572800,36786400,"{'id': 170358, 'context': 13, 'bonus_lists': [1682]}"
1758797809,VERY_LONG,,1,859900,430000,"{'id': 4089, 'context': 0, 'bonus_lists': [6655, 1706], 'modifiers': [{'type': 9, 'value': 30}, {'type': 28, 'value': 28}]}"
1758797815,VERY_LONG,,1,23993800,11996900,"{'id': 10080, 'context': 11, 'bonus_lists': [6654, 1708], 'modifiers': [{'type': 9, 'value': 30}, {'type': 28, 'value': 34}]}"
1758797819,VERY_LONG,,1,9344400,4672200,"{'id': 9813, 'context': 0, 'bonus_lists': [6654, 1709], 'modifiers': [{'type': 9, 'value': 30}, {'type': 28, 'value': 16}]}"
1758797822,VERY_LONG,,1,16250600,8125300,"{'id': 15978, 'context': 1, 'bonus_lists': [6655, 1681], 'modifiers': [{'type': 9, 'value': 30}, {'type': 28, 'value': 209}]}"
1758797825,VERY_LONG,,1,45250500,22625300,"{'id': 14853, 'context': 0, 'bonus_lists': [6654], 'modifiers': [{'type': 9, 'value': 30}, {'type': 28, 'value': 21}]}"
1758797831,VERY_LONG,,1,34085500,17042800,"{'id': 9848, 'context': 1, 'bonus_lists': [6654, 1706], 'modifiers': [{'type': 9, 'value': 30}, {'type': 28, 'value': 209}]}"
1758797837,VERY_LONG,,1,1243005500,621502800,"{'id': 56482, 'context': 0, 'bonus_lists': [1678]}"
1758797841,VERY_LONG,,1,220000000,110000000,"{'id': 935, 'context': 54, 'bonus_lists': [4273], 'modifiers': [{'type': 9, 'value': 45}]}"
1758797844,VERY_LONG,,1,1506283100,753141600,"{'id': 31209, 'context': 0, 'bonus_lists': [1678, 3762], 'modifiers': [{'type': 9, 'value': 30}]}"
1758797846,VERY_LONG,,1,6315800,3157900,"{'id': 10052, 'context': 0}"
1758797849,VERY_LONG,,1,15000000,7500000,"{'id': 6045, 'context': 0}"
1758797853,VERY_LONG,,1,26564400,13282200,"{'id': 14438, 'context': 0, 'bonus_lists': [6654], 'modifiers': [{'type': 9, 'value': 30}, {'type': 28, 'value': 28}]}"
1758797858,VERY_LONG,,1,68158900,34079500,"{'id': 14956, 'context': 0, 'bonus_lists': [6654, 1681], 'modifiers': [{'type': 9, 'value': 30}, {'type': 28, 'value': 21}]}"
1758797861,VERY_LONG,,1,27425900,13713000,"{'id': 93555, 'context': 0}"
1758797867,VERY_LONG,,1,30006900,15003500,"{'id': 24936, 'context': 36, 'bonus_lists': [1680, 3850], 'modifiers': [{'type': 9, 'value': 50}]}"
1758797872,VERY_LONG,,1,80377300,40188700,"{'id': 6468, 'context': 0}"
1758797877,VERY_LONG,,1,51234900,25617500,"{'id': 15612, 'context': 0, 'bonus_lists': [6654, 1681], 'modifiers': [{'type': 9, 'value': 30}, {'type': 28, 'value': 21}]}"
1758797882,VERY_LONG,,1,132813900,66407000,"{'id': 2966, 'context': 0, 'bonus_lists': [6654], 'modifiers': [{'type': 9, 'value': 30}, {'type': 28, 'value': 75}]}"
1758797884,VERY_LONG,,1,108085700,54042900,"{'id': 15051, 'context': 0}"
1758797888,VERY_LONG,,1,25172000,12586000,"{'id': 98869, 'context': 0}"
1758797892,VERY_LONG,,1,13461000,6730500,"{'id': 15086, 'context': 0}"
1758797900,VERY_LONG,,1,13461000,6730500,"{'id': 15086, 'context': 0}"
1758797904,VERY_LONG,,1,4013100,2006600,"{'id': 55435, 'context': 0, 'bonus_lists': [6655, 1692], 'modifiers': [{'type': 9, 'value': 35}, {'type': 28, 'value': 55}]}"
1758797907,VERY_LONG,,1,17725000,8862500,"{'id': 15083, 'context': 0}"
1758797912,VERY_LONG,,1,18321000,9160500,"{'id': 12425, 'context': 0}"
1758797915,VERY_LONG,,1,37033900,18517000,"{'id': 14977, 'context': 1, 'bonus_lists': [1708]}"
1758797920,VERY_LONG,,1,67776400,33888200,"{'id': 11826, 'context': 0}"
1758797926,VERY_LONG,,1,10735600,5367800,"{'id': 8176, 'context': 0}"
1758797935,VERY_LONG,,1,409217000,204608500,"{'id': 56480, 'context': 0}"
1758797943,VERY_LONG,,1,234296900,117148500,"{'id': 25161, 'context': 36, 'bonus_lists': [1691, 3872], 'modifiers': [{'type': 9, 'value': 50}]}"
1758797953,VERY_LONG,,1,67497000,33748500,"{'id': 170351, 'context': 13, 'bonus_lists': [1682]}"
1758797958,VERY_LONG,,1,5082400,2541200,"{'id': 55765, 'context': 36, 'bonus_lists': [1695, 4764], 'modifiers': [{'type': 9, 'value': 50}]}"
1758797966,VERY_LONG,,1,15002000,7501000,"{'id': 7470, 'context': 0, 'bonus_lists': [6654, 1680], 'modifiers': [{'type': 9, 'value': 30}, {'type': 28, 'value': 28}]}"
1758797972,VERY_LONG,,1,389774100,194887100,"{'id': 106423, 'context': 0, 'bonus_lists': [6654, 63], 'modifiers': [{'type': 9, 'value': 40}, {'type': 28, 'value': 65}]}"
1758797978,VERY_LONG,,1,9902100,4951100,"{'id': 10088, 'context': 1, 'bonus_lists': [6654, 1693], 'modifiers': [{'type': 9, 'value': 30}, {'type': 28, 'value': 212}]}"
1758797985,VERY_LONG,,1,43762800,21881400,"{'id': 4353, 'context': 1, 'modifiers': [{'type': 28, 'value': 209}]}"
1758797991,VERY_LONG,,1,42686700,21343400,"{'id': 14291, 'context': 0, 'bonus_lists': [6654, 1705], 'modifiers': [{'type': 9, 'value': 30}, {'type': 28, 'value': 28}]}"
1758797998,VERY_LONG,,1,8368900,4184500,"{'id': 55583, 'context': 36, 'bonus_lists': [1699, 4764], 'modifiers': [{'type': 9, 'value': 50}]}"
1758798001,VERY_LONG,1501000,23,,,{'id': 172052}
1758798011,VERY_LONG,,1,6980000,3490000,"{'id': 10606, 'context': 0, 'modifiers': [{'type': 28, 'value': 28}]}"
1758798017,VERY_LONG,,1,18387100,9193600,"{'id': 29391, 'context': 14}"
1758798026,VERY_LONG,,1,50670700,25335400,"{'id': 98922, 'context': 0}"
1758798031,VERY_LONG,,1,162596500,81298300,"{'id': 170301, 'context': 13, 'bonus_lists': [1682, 5804]}"
1758798039,VERY_LONG,,1,162596500,81298300,"{'id': 170301, 'context': 13, 'bonus_lists': [1680, 5804]}"
1758798044,VERY_LONG,,1,28747200,14373600,"{'id': 55482, 'context': 0, 'bonus_lists': [1677]}"
1758798056,VERY_LONG,,1,31080900,15540500,"{'id': 4243, 'context': 0}"
1758798061,VERY_LONG,,1,6344700,3172400,"{'id': 4246, 'context': 0}"
1758798065,VERY_LONG,,1,55547500,27773800,"{'id': 15937, 'context': 54, 'bonus_lists': [4281], 'modifiers': [{'type': 9, 'value': 50}]}"
1758798073,VERY_LONG,,1,439211900,219606000,"{'id': 56513, 'context': 0, 'bonus_lists': [1706]}"
1758798079,VERY_LONG,,1,19550000,9775000,"{'id': 14494, 'context': 1}"
1758798084,VERY_LONG,,1,6999000,3499500,"{'id': 12408, 'context': 0}"
1758798091,VERY_LONG,,1,2834100,1417100,"{'id': 10054, 'context': 0}"
1758798096,VERY_LONG,,1,5117700,,"{'id': 173248, 'context': 63, 'bonus_lists': [6716, 7194, 1487]}"
1758798104,VERY_LONG,,1,90291200,45145600,"{'id': 14266, 'context': 0, 'bonus_lists': [6654, 1691], 'modifiers': [{'type': 9, 'value': 30}, {'type': 28, 'value': 28}]}"
1758798111,VERY_LONG,,1,3220500,1610300,"{'id': 21953, 'context': 1}"
1758798115,VERY_LONG,,1,26487300,13243700,"{'id': 12422, 'context': 0}"
1758798120,VERY_LONG,,1,11735500,5867800,"{'id': 10008, 'context': 0}"
1758798123,VERY_LONG,,1,11735500,5867800,"{'id': 10008, 'context': 0}"
1758798127,VERY_LONG,,1,49999900,25000000,"{'id': 120138, 'context': 0}"
1758798132,VERY_LONG,,1,15000000,8464100,"{'id': 128807, 'context': 0}"
1758798135,VERY_LONG,,1,15000000,8464100,"{'id': 128807, 'context': 0}"
1758798138,VERY_LONG,,1,15000000,8464100,"{'id': 128807, 'context': 0}"
1758798140,VERY_LONG,,1,15000000,8464100,"{'id': 128807, 'context': 0}"
1758798144,VERY_LONG,,1,55670100,27835100,"{'id': 7373, 'context': 0}"
1758798146,VERY_LONG,,1,65095300,32547700,"{'id': 7963, 'context': 0}"
1758798434,VERY_LONG,150000,2,,,{'id': 171841}
1758798510,VERY_LONG,,1,39750000,,"{'id': 173245, 'context': 64, 'bonus_lists': [6717, 7193, 1507]}"
1758798517,VERY_LONG,,1,39750000,,"{'id': 173245, 'context': 64, 'bonus_lists': [6717, 7194, 1507]}"
1758798522,VERY_LONG,,1,39750000,,"{'id': 173245, 'context': 64, 'bonus_lists': [6717, 7193, 1507]}"
1758798525,VERY_LONG,,1,39750000,,"{'id': 173245, 'context': 64, 'bonus_lists': [6717, 7194, 1507]}"
1758798529,VERY_LONG,87700,30,,,{'id': 172089}
1758798684,VERY_LONG,450000,9,,,{'id': 173034}
1758798825,VERY_LONG,8300,2,,,{'id': 24477}
1758798830,VERY_LONG,72900,5,,,{'id': 22445}
1758798840,VERY_LONG,273200,1,,,{'id': 24478}
1758798846,VERY_LONG,7500,5,,,{'id': 172052}
1758798851,VERY_LONG,144400,5,,,{'id': 22446}
1758798855,VERY_LONG,1376500,5,,,{'id': 173041}
1758798862,VERY_LONG,20000,5,,,{'id': 14344}
1758798868,VERY_LONG,3029000,5,,,{'id': 62670}
1758798883,VERY_LONG,484900,4,,,{'id': 172049}
1758798897,VERY_LONG,4635900,4,,,{'id': 41511}
1758798901,VERY_LONG,250000,3,,,{'id': 177660}
1758798906,VERY_LONG,100100,5,,,{'id': 109143}
1758798910,VERY_LONG,,1,4940000,,"{'id': 82800, 'context': 0, 'modifiers': [{'type': 6, 'value': 73697}], 'pet_breed_id': 3, 'pet_level': 1, 'pet_quality_id': 3, 'pet_species_id': 1963}"
1758798915,VERY_LONG,516100,5,,,{'id': 160711}
1758798922,VERY_LONG,,1,5590000,,"{'id': 41599, 'context': 0}"
1758798925,VERY_LONG,,1,5590000,,"{'id': 41599, 'context': 0}"
1758798931,VERY_LONG,,1,5590000,,"{'id': 41599, 'context': 0}"
1758798938,VERY_LONG,,1,5590000,,"{'id': 41599, 'context': 0}"
1758798942,VERY_LONG,,1,5590000,,"{'id': 41599, 'context': 0}"
1758798956,VERY_LONG,1240700,5,,,{'id': 53072}
1758798958,VERY_LONG,889000,5,,,{'id': 172418}
1758798966,VERY_LONG,110000,3,,,{'id': 22449}
1758798970,VERY_LONG,1300,5,,,{'id': 21877}
1758798974,VERY_LONG,43300,5,,,{'id': 179315}
1758798978,VERY_LONG,56839300,1,,,{'id': 6299}
1758798986,VERY_LONG,154000,5,,,{'id': 52555}
1758798990,VERY_LONG,17500,1,,,{'id': 171264}
1758798994,VERY_LONG,450000,5,,,{'id': 173034}
1758798999,VERY_LONG,4959500,4,,,{'id': 172367}
1758799001,VERY_LONG,1197500,5,,,{'id': 769}
1758799006,VERY_LONG,1162600,3,,,{'id': 179315}
1758799007,VERY_LONG,78500,5,,,{'id': 34054}
1758799013,VERY_LONG,1375900,1,,,{'id': 74859}
1758799014,VERY_LONG,244500,3,,,{'id': 82441}
1758799018,VERY_LONG,308200,5,,,{'id': 52719}
1758799064,VERY_LONG,168800,7,,,{'id': 171830}
1758799219,VERY_LONG,276600,2,,,{'id': 153490}
1758799222,VERY_LONG,25600,5,,,{'id': 71998}
1758799227,VERY_LONG,458300,2,,,{'id': 62778}
1758799228,VERY_LONG,7039800,1,,,{'id': 180317}
1758799229,VERY_LONG,,1,64088800,,"{'id': 45322, 'context': 3, 'modifiers': [{'type': 28, 'value': 1020}]}"
1758799231,VERY_LONG,8000,5,,,{'id': 72988}
1758799233,VERY_LONG,140000,5,,,{'id': 34057}
1758799235,VERY_LONG,3140000,5,,,{'id': 181468}
1758799240,VERY_LONG,,1,42199100,21099600,"{'id': 8294, 'context': 1}"
1758799241,VERY_LONG,187200,5,,,{'id': 34055}
1758799242,VERY_LONG,,1,14830800,7415400,"{'id': 55637, 'context': 36, 'bonus_lists': [1691, 4764], 'modifiers': [{'type': 9, 'value': 50}]}"
1758799243,VERY_LONG,,1,26781100,,"{'id': 33865, 'context': 0}"
1758799244,VERY_LONG,,1,99990000,49995000,"{'id': 170302, 'context': 13, 'bonus_lists': [1702, 5804]}"
1758799246,VERY_LONG,,1,26781100,,"{'id': 33865, 'context': 0}"
1758799248,VERY_LONG,,1,22925700,11462900,"{'id': 10644, 'context': 0}"
1758799250,VERY_LONG,,1,35936500,17968300,"{'id': 5961, 'context': 0}"
1758799251,VERY_LONG,,1,19960000,9980000,"{'id': 14280, 'context': 0, 'bonus_lists': [6654, 1679], 'modifiers': [{'type': 9, 'value': 30}, {'type': 28, 'value': 28}]}"
1758799253,VERY_LONG,,1,488429600,244214800,"{'id': 7939, 'context': 0}"
1758799257,VERY_LONG,,1,488429600,244214800,"{'id': 7939, 'context': 0}"
1758799259,VERY_LONG,,1,1467100,733600,"{'id': 82254, 'context': 36, 'bonus_lists': [1695, 4764], 'modifiers': [{'type': 9, 'value': 45}]}"
1758799261,VERY_LONG,,1,1467100,733600,"{'id': 82254, 'context': 0, 'bonus_lists': [1692]}"
1758799265,VERY_LONG,,1,109148400,54574200,"{'id': 24194, 'context': 1}"
1758799268,VERY_LONG,,1,43226600,21613300,"{'id': 14829, 'context': 0, 'bonus_lists': [6654], 'modifiers': [{'type': 9, 'value': 30}, {'type': 28, 'value': 21}]}"
1758799270,VERY_LONG,,1,32120400,16060200,"{'id': 93617, 'context': 1}"
1758799273,VERY_LONG,,1,61290600,30645300,"{'id': 7944, 'context': 0}"
1758799279,VERY_LONG,,1,29429100,14714600,"{'id': 93550, 'context': 0}"
1758799283,VERY_LONG,,1,21418300,10709200,"{'id': 93618, 'context': 0}"
1758799286,VERY_LONG,,1,7115500,3557800,"{'id': 55754, 'context': 28, 'bonus_lists': [1688, 4763], 'modifiers': [{'type': 9, 'value': 50}]}"
1758799291,VERY_LONG,,1,25710600,12855300,"{'id': 25152, 'context': 0, 'bonus_lists': [1708]}"
1758799295,VERY_LONG,,1,21066900,10533500,"{'id': 11999, 'context': 0, 'bonus_lists': [6654, 1707], 'modifiers': [{'type': 9, 'value': 30}, {'type': 28, 'value': 28}]}"
1758799298,VERY_LONG,148810300,3,,,{'id': 39003}
1758799304,VERY_LONG,,1,12420900,6598000,"{'id': 31291, 'context': 28, 'bonus_lists': [3930], 'modifiers': [{'type': 9, 'value': 50}]}"
1758799307,VERY_LONG,,1,229160000,114580000,"{'id': 170295, 'context': 13, 'bonus_lists': [1702, 5804]}"
1758799309,VERY_LONG,,1,229160000,114580000,"{'id': 170295, 'context': 13, 'bonus_lists': [1680, 5804]}"
1758799312,VERY_LONG,,1,4890900,2445500,"{'id': 10211, 'context': 1, 'bonus_lists': [1706]}"
1758799318,VERY_LONG,,1,12216200,6108100,"{'id': 13490, 'context': 0}"
1758799324,VERY_LONG,,1,9999500,4999800,"{'id': 6263, 'context': 0}"
1758799330,VERY_LONG,,1,9999500,4999800,"{'id': 6263, 'context': 0}"
1758799335,VERY_LONG,,1,9999500,4999800,"{'id': 6263, 'context': 0}"
1758799341,VERY_LONG,,1,9999500,4999800,"{'id': 6263, 'context': 0}"
1758799344,VERY_LONG,,1,98826300,49413200,"{'id': 8192, 'context': 0}"
1758799347,VERY_LONG,,1,98826300,49413200,"{'id': 8192, 'context': 0}"
1758799352,VERY_LONG,,1,98826300,49413200,"{'id': 8192, 'context': 0}"
1758799354,VERY_LONG,,1,4191000,2095500,"{'id': 55593, 'context': 0, 'bonus_lists': [1709]}"
1758799356,VERY_LONG,,1,4191000,2095500,"{'id': 55593, 'context': 0, 'bonus_lists': [1713]}"
1758799361,VERY_LONG,,1,4191000,2095500,"{'id': 55593, 'context': 0, 'bonus_lists': [6654, 1698], 'modifiers': [{'type': 9, 'value': 35}, {'type': 28, 'value': 56}]}"
1758799364,VERY_LONG,,1,4191000,2095500,"{'id': 55593, 'context': 29, 'bonus_lists': [1685, 4305], 'modifiers': [{'type': 9, 'value': 50}]}"
1758799366,VERY_LONG,,1,10799700,5399900,"{'id': 14257, 'context': 53, 'bonus_lists': [1680, 4277], 'modifiers': [{'type': 9, 'value': 50}]}"
1758799369,VERY_LONG,,1,9970000,4985000,"{'id': 9512, 'context': 1, 'bonus_lists': [6710], 'modifiers': [{'type': 9, 'value': 30}, {'type': 28, 'value': 218}]}"
1758799372,VERY_LONG,,1,661942500,330971300,"{'id': 167978, 'context': 13, 'bonus_lists': [1683]}"
1758799376,VERY_LONG,,1,3905400,1952700,"{'id': 2300, 'context': 0}"
1758799381,VERY_LONG,,1,5055300,2527700,"{'id': 6384, 'context': 0}"
1758799382,VERY_LONG,,1,18392300,9196200,"{'id': 2317, 'context': 0}"
1758799386,VERY_LONG,,1,5813900,2907000,"{'id': 9924, 'context': 54, 'bonus_lists': [1678, 4277], 'modifiers': [{'type': 9, 'value': 50}]}"
1758799392,VERY_LONG,,1,2918900,1459500,"{'id': 6574, 'context': 54, 'bonus_lists': [1678, 4277], 'modifiers': [{'type': 9, 'value': 50}]}"
1758799393,VERY_LONG,,1,10944900,5472500,"{'id': 7522, 'context': 54, 'bonus_lists': [1695, 4277], 'modifiers': [{'type': 9, 'value': 50}]}"
1758799397,VERY_LONG,,1,16720800,8360400,"{'id': 10153, 'context': 0, 'bonus_lists': [6654, 1691], 'modifiers': [{'type': 9, 'value': 30}, {'type': 28, 'value': 34}]}"
1758799402,VERY_LONG,,1,37229300,18614700,"{'id': 24843, 'context': 36, 'bonus_lists': [1677, 3851], 'modifiers': [{'type': 9, 'value': 50}]}"
1758799406,VERY_LONG,,1,3204000,1602000,"{'id': 10060, 'context': 0, 'bonus_lists': [6654, 1694], 'modifiers': [{'type': 9, 'value': 30}, {'type': 28, 'value': 28}]}"
1758799411,VERY_LONG,,1,6315800,3157900,"{'id': 10052, 'context': 0}"
1758799415,VERY_LONG,,1,12008500,6004300,"{'id': 24744, 'context': 36, 'bonus_lists': [1708, 3850], 'modifiers': [{'type': 9, 'value': 50}]}"
1758799417,VERY_LONG,,1,12008500,6004300,"{'id': 24744, 'context': 36, 'bonus_lists': [1706, 3850], 'modifiers': [{'type': 9, 'value': 50}]}"
1758799423,VERY_LONG,1534100,3,,,{'id': 128560}
1758799425,VERY_LONG,,1,169736400,84868200,"{'id': 14865, 'context': 0, 'bonus_lists': [6654], 'modifiers': [{'type': 9, 'value': 30}, {'type': 28, 'value': 36}]}"
1758799426,VERY_LONG,,1,195906900,97953500,"{'id': 24976, 'context': 36, 'bonus_lists': [1691, 3851], 'modifiers': [{'type': 9, 'value': 50}]}"
1758799431,VERY_LONG,,1,312486800,156243400,"{'id': 66983, 'context': 36, 'bonus_lists': [4760], 'modifiers': [{'type': 9, 'value': 50}]}"
1758799438,VERY_LONG,,1,47017800,23508900,"{'id': 94081, 'context': 36, 'bonus_lists': [1687]}"
1758799442,VERY_LONG,,1,94436500,47218300,"{'id': 98903, 'context': 0}"
1758799446,VERY_LONG,,1,101562500,50781300,"{'id': 87474, 'context': 6}"
1758799450,VERY_LONG,,1,82289200,41144600,"{'id': 14787, 'context': 0, 'bonus_lists': [6654], 'modifiers': [{'type': 9, 'value': 30}, {'type': 28, 'value': 28}]}"
1758799455,VERY_LONG,,1,35732700,17866400,"{'id': 121263, 'context': 0, 'bonus_lists': [1812, 1696], 'modifiers': [{'type': 9, 'value': 45}]}"
1758799457,VERY_LONG,,1,12347000,6173500,"{'id': 8268, 'context': 54, 'bonus_lists': [4277], 'modifiers': [{'type': 9, 'value': 50}]}"
1758799464,VERY_LONG,,1,37858000,18929000,"{'id': 9851, 'context': 0, 'bonus_lists': [6654, 1680], 'modifiers': [{'type': 9, 'value': 30}, {'type': 28, 'value': 27}]}"
1758799473,VERY_LONG,,1,1764400,882200,"{'id': 16215, 'context': 1}"
1758799475,VERY_LONG,,1,6999000,3499500,"{'id': 12408, 'context': 0}"
1758799482,VERY_LONG,,1,79000,61300,"{'id': 12682, 'context': 1}"
1758799486,VERY_LONG,,1,19900000,9950000,"{'id': 18661, 'context': 1}"
1758799492,VERY_LONG,,1,73793800,36896900,"{'id': 170348, 'context': 13, 'bonus_lists': [1685]}"
1758799496,VERY_LONG,,1,26104800,13052400,"{'id': 14323, 'context': 1, 'bonus_lists': [1678]}"
1758799501,VERY_LONG,19138100,5,,,{'id': 154707}
1758799512,VERY_LONG,,1,142002000,71001000,"{'id': 9292, 'context': 54, 'bonus_lists': [1709, 4277], 'modifiers': [{'type': 9, 'value': 50}]}"
1758799515,VERY_LONG,,1,349184000,174592000,"{'id': 55498, 'context': 36, 'bonus_lists': [1706, 4764], 'modifiers': [{'type': 9, 'value': 50}]}"
1758799520,VERY_LONG,,1,731577900,365789000,"{'id': 25244, 'context': 36, 'bonus_lists': [1694, 3871], 'modifiers': [{'type': 9, 'value': 50}]}"
1758799526,VERY_LONG,5500000,1,,,{'id': 110642}
1758799534,VERY_LONG,,1,2308467800,1154233900,"{'id': 24945, 'context': 29, 'bonus_lists': [1695, 3849], 'modifiers': [{'type': 9, 'value': 50}]}"
1758799539,VERY_LONG,,1,14277800,7138900,"{'id': 75064, 'context': 0}"
1758799542,VERY_LONG,,1,28614800,14307400,"{'id': 13870, 'context': 0}"
1758799546,VERY_LONG,,1,104238700,52119400,"{'id': 55037, 'context': 0}"
1758799550,VERY_LONG,,1,271809900,135905000,"{'id': 25103, 'context': 0, 'bonus_lists': [6655, 1677], 'modifiers': [{'type': 9, 'value': 38}, {'type': 28, 'value': 1736}]}"
1758799551,VERY_LONG,,1,68423300,34211700,"{'id': 123894, 'context': 13, 'bonus_lists': [1703, 3340, 3408]}"
1758799553,VERY_LONG,,1,4875600,2437800,"{'id': 1994, 'context': 0, 'bonus_lists': [6655, 1706], 'modifiers': [{'type': 9, 'value': 30}, {'type': 28, 'value': 28}]}"
1758799562,VERY_LONG,,1,911300,455700,"{'id': 2587, 'context': 0}"
1758799567,VERY_LONG,,1,72574400,36287200,"{'id': 25187, 'context': 36, 'bonus_lists': [1708, 3871], 'modifiers': [{'type': 9, 'value': 50}]}"
1758799573,VERY_LONG,,1,7461900,3731000,"{'id': 15282, 'context': 54, 'bonus_lists': [1694, 4281], 'modifiers': [{'type': 9, 'value': 50}]}"
1758799577,VERY_LONG,,1,795807000,397903500,"{'id': 55304, 'context': 36, 'bonus_lists': [1707, 4767], 'modifiers': [{'type': 9, 'value': 50}]}"
1758799583,VERY_LONG,7992200,1,,,{'id': 74725}
1758799589,VERY_LONG,,1,768100,456000,"{'id': 55736, 'context': 36, 'bonus_lists': [1691, 4307], 'modifiers': [{'type': 9, 'value': 50}]}"
1758799592,VERY_LONG,,1,30000000,15000000,"{'id': 167181, 'context': 0}"
1758799599,VERY_LONG,,1,2750000,1375000,"{'id': 177773, 'context': 0, 'bonus_lists': [6907, 43, 7194, 1678], 'modifiers': [{'type': 9, 'value': 60}, {'type': 28, 'value': 1707}]}"
1758799608,VERY_LONG,,1,25607600,12803800,"{'id': 55520, 'context': 36, 'bonus_lists': [1688, 4764], 'modifiers': [{'type': 9, 'value': 50}]}"
1758799611,VERY_LONG,,1,16181200,8090600,"{'id': 6611, 'context': 1, 'bonus_lists': [6654, 1681], 'modifiers': [{'type': 9, 'value': 30}, {'type': 28, 'value': 210}]}"
1758799618,VERY_LONG,,1,88002000,44001000,"{'id': 24978, 'context': 36, 'bonus_lists': [1694, 3850], 'modifiers': [{'type': 9, 'value': 50}]}"
1758799621,VERY_LONG,,1,79990000,39995000,"{'id': 170341, 'context': 13, 'bonus_lists': [1704]}"
1758799625,VERY_LONG,,1,7909400,3954700,"{'id': 10214, 'context': 0, 'bonus_lists': [1679]}"
1758799628,VERY_LONG,,1,78060600,39030300,"{'id': 12415, 'context': 0}"
1758799633,VERY_LONG,,1,72338200,36169100,"{'id': 24644, 'context': 36, 'bonus_lists': [1692, 4493], 'modifiers': [{'type': 9, 'value': 50}]}"
1758799636,VERY_LONG,,1,24621400,12310700,"{'id': 93559, 'context': 0}"
1758799640,VERY_LONG,,1,2505700,1252900,"{'id': 2582, 'context': 0}"
1758799645,VERY_LONG,,1,2505700,1252900,"{'id': 2582, 'context': 0}"
1758799647,VERY_LONG,5500000,3,,,{'id': 110654}
1758799651,VERY_LONG,,1,5759400,2879700,"{'id': 24683, 'context': 36, 'bonus_lists': [1707, 3850], 'modifiers': [{'type': 9, 'value': 50}]}"
1758799679,VERY_LONG,,1,18321000,9160500,"{'id': 12425, 'context': 0}"
1758799684,VERY_LONG,6566900,4,,,{'id': 128559}
1758799690,VERY_LONG,,1,45806000,22903000,"{'id': 29377, 'context': 14}"
1758799696,VERY_LONG,,1,344605500,172302800,"{'id': 4249, 'context': 0}"
1758799703,VERY_LONG,,1,9477600,4738800,"{'id': 13856, 'context': 0}"
1758799711,VERY_LONG,,1,79990000,39995000,"{'id': 170337, 'context': 13, 'bonus_lists': [1713]}"
1758799716,VERY_LONG,,1,79990000,39995000,"{'id': 170337, 'context': 13, 'bonus_lists': [1713]}"
1758799720,VERY_LONG,,1,24250000,12125000,"{'id': 77527, 'context': 0}"
1758799726,VERY_LONG,,1,1109000,554500,"{'id': 12684, 'context': 1}"
1758799732,VERY_LONG,,1,88140200,44070100,"{'id': 15192, 'context': 1, 'bonus_lists': [1709]}"
1758799737,VERY_LONG,,1,59994900,29997500,"{'id': 98774, 'context': 0}"
1758799742,VERY_LONG,,1,500000,264200,"{'id': 16864, 'context': 0}"
1758799746,VERY_LONG,,1,62546800,51072200,"{'id': 116453, 'context': 13, 'bonus_lists': [133, 525, 549]}"
1758799755,VERY_LONG,,1,10784400,5392200,"{'id': 4247, 'context': 0}"
1758799761,VERY_LONG,,1,60433800,30216900,"{'id': 15368, 'context': 36, 'bonus_lists': [1681, 3834], 'modifiers': [{'type': 9, 'value': 16}]}"
1758799765,VERY_LONG,,1,12655900,6328000,"{'id': 15235, 'context': 1, 'bonus_lists': [6655, 1679], 'modifiers': [{'type': 9, 'value': 30}, {'type': 28, 'value': 218}]}"
1758799771,VERY_LONG,,1,57500800,28750400,"{'id': 98874, 'context': 0}"
1758799778,VERY_LONG,,1,39479900,19740000,"{'id': 24600, 'context': 36, 'bonus_lists': [1692, 3851], 'modifiers': [{'type': 9, 'value': 50}]}"
1758799784,VERY_LONG,,1,10735600,5367800,"{'id': 8176, 'context': 0}"
1758799789,VERY_LONG,,1,75200700,37600400,"{'id': 116646, 'context': 13, 'bonus_lists': [208, 525, 549]}"
1758799797,VERY_LONG,,1,1371889700,685944900,"{'id': 18510, 'context': 0}"
1758799800,VERY_LONG,,1,3220000,1610000,"{'id': 128893, 'context': 13, 'bonus_lists': [1707, 3340, 3408]}"
1758799805,VERY_LONG,,1,46560400,23280200,"{'id': 98873, 'context': 0}"
1758799808,VERY_LONG,,1,205494600,102747300,"{'id': 14025, 'context': 54, 'bonus_lists': [4277], 'modifiers': [{'type': 9, 'value': 50}]}"
1758799972,VERY_LONG,300,12,,,{'id': 171840}
1758801136,VERY_LONG,150000,12,,,{'id': 171841}
1758801171,VERY_LONG,168800,2,,,{'id': 171830}
1758801585,VERY_LONG,135000,14,,,{'id': 173035}
1758802000,VERY_LONG,,1,79990000,39995000,"{'id': 170341, 'context': 13, 'bonus_lists': [1716]}"
1758802006,VERY_LONG,,1,34826400,17413200,"{'id': 15632, 'context': 0, 'bonus_lists': [6654, 1678], 'modifiers': [{'type': 9, 'value': 30}, {'type': 28, 'value': 209}]}"
1758802011,VERY_LONG,,1,79990000,39995000,"{'id': 170332, 'context': 13, 'bonus_lists': [1709]}"
1758802016,VERY_LONG,,1,75287900,37644000,"{'id': 123893, 'context': 13, 'bonus_lists': [1696, 3392, 3408]}"
1758802024,VERY_LONG,,1,25290500,12645300,"{'id': 9808, 'context': 0, 'bonus_lists': [6654, 1680], 'modifiers': [{'type': 9, 'value': 30}, {'type': 28, 'value': 16}]}"
1758802027,VERY_LONG,,1,79990000,39995000,"{'id': 170338, 'context': 13, 'bonus_lists': [1680]}"
1758802034,VERY_LONG,,1,79990000,39995000,"{'id': 170338, 'context': 13, 'bonus_lists': [1689]}"
1758802039,VERY_LONG,,1,648657300,324328700,"{'id': 1982, 'context': 54, 'bonus_lists': [4259], 'modifiers': [{'type': 9, 'value': 50}]}"
1758802044,VERY_LONG,,1,28376400,14188200,"{'id': 151792, 'context': 0}"
1758802049,VERY_LONG,,1,28376400,14188200,"{'id': 151792, 'context': 0}"
1758802056,VERY_LONG,2228500,1,,,{'id': 52746}
1758802062,VERY_LONG,,1,72611600,36305800,"{'id': 170360, 'context': 13, 'bonus_lists': [1692]}"
1758802069,VERY_LONG,,1,73526300,36763200,"{'id': 14299, 'context': 54, 'bonus_lists': [1680, 4277], 'modifiers': [{'type': 9, 'value': 50}]}"
1758802077,VERY_LONG,3211100,4,,,{'id': 159467}
1758802087,VERY_LONG,,1,10337700,5168900,"{'id': 10040, 'context': 0}"
1758802091,VERY_LONG,,1,10337700,5168900,"{'id': 10040, 'context': 0}"
1758802097,VERY_LONG,,1,18495200,9247600,"{'id': 55366, 'context': 36, 'bonus_lists': [1705, 4767], 'modifiers': [{'type': 9, 'value': 50}]}"
1758802105,VERY_LONG,,1,25000000,12500000,"{'id': 15166, 'context': 1, 'bonus_lists': [6654, 1691], 'modifiers': [{'type': 9, 'value': 30}, {'type': 28, 'value': 209}]}"
1758802112,VERY_LONG,,1,26781400,13390700,"{'id': 5963, 'context': 0}"
1758802116,VERY_LONG,,1,50196100,25098100,"{'id': 94083, 'context': 0, 'bonus_lists': [1713]}"
1758802122,VERY_LONG,,1,50196100,25098100,"{'id': 94083, 'context': 0, 'bonus_lists': [1707]}"
1758802128,VERY_LONG,,1,3676729100,1838364600,"{'id': 75076, 'context': 0}"
1758802134,VERY_LONG,,1,16683700,8341900,"{'id': 8178, 'context': 0, 'bonus_lists': [6655, 1705], 'modifiers': [{'type': 9, 'value': 30}, {'type': 28, 'value': 75}]}"
1758802140,VERY_LONG,,1,1281480400,640740200,"{'id': 8211, 'context': 0, 'bonus_lists': [1692]}"
1758802147,VERY_LONG,,1,79990000,39995000,"{'id': 170326, 'context': 13, 'bonus_lists': [1705]}"
1758802150,VERY_LONG,,1,79990000,39995000,"{'id': 170326, 'context': 13, 'bonus_lists': [1688]}"
1758802156,VERY_LONG,,1,2936900,1468500,"{'id': 4316, 'context': 0}"
1758802162,VERY_LONG,,1,103724900,51862500,"{'id': 15070, 'context': 0}"
1758802170,VERY_LONG,,1,6000000,3000000,"{'id': 55522, 'context': 0, 'bonus_lists': [6654, 1687], 'modifiers': [{'type': 9, 'value': 35}, {'type': 28, 'value': 56}]}"
1758802174,VERY_LONG,,1,30821000,15410500,"{'id': 14432, 'context': 1, 'bonus_lists': [6654], 'modifiers': [{'type': 9, 'value': 30}, {'type': 28, 'value': 209}]}"
1758802178,VERY_LONG,,1,30821000,15410500,"{'id': 14432, 'context': 0, 'bonus_lists': [6654], 'modifiers': [{'type': 9, 'value': 30}, {'type': 28, 'value': 209}]}"
1758802186,VERY_LONG,,1,30821000,15410500,"{'id': 14432, 'context': 0, 'bonus_lists': [6654], 'modifiers': [{'type': 9, 'value': 30}, {'type': 28, 'value': 28}]}"
1758802192,VERY_LONG,,1,260767400,130383700,"{'id': 15050, 'context': 0}"
1758802196,VERY_LONG,,1,31854800,15927400,"{'id': 94029, 'context': 36, 'bonus_lists': [1709]}"
1758802206,VERY_LONG,250000,34,,,{'id': 177660}
1758802217,VERY_LONG,,1,5920000,2960000,"{'id': 55752, 'context': 36, 'bonus_lists': [1688, 4764], 'modifiers': [{'type': 9, 'value': 50}]}"
1758802226,VERY_LONG,239000,3,,,{'id': 77589}
1758802233,VERY_LONG,264000,10,,,{'id': 172414}
1758802237,VERY_LONG,,1,4278300,2139200,"{'id': 13866, 'context': 0}"
1758802248,VERY_LONG,380000,9,,,{'id': 159468}
1758802257,VERY_LONG,,1,35936500,17968300,"{'id': 5961, 'context': 0}"
1758802259,VERY_LONG,,1,35936500,17968300,"{'id': 5961, 'context': 0}"
1758802265,VERY_LONG,,1,35936500,17968300,"{'id': 5961, 'context': 0}"
1758802270,VERY_LONG,,1,50073200,25036600,"{'id': 12418, 'context': 0}"
1758802274,VERY_LONG,,1,34155000,17077500,"{'id': 14965, 'context': 0, 'bonus_lists': [6654, 1680], 'modifiers': [{'type': 9, 'value': 30}, {'type': 28, 'value': 28}]}"
1758802276,VERY_LONG,,1,7048500,3524300,"{'id': 12406, 'context': 0}"
1758802280,VERY_LONG,,1,7048500,3524300,"{'id': 12406, 'context': 0}"
1758802285,VERY_LONG,,1,7048500,3524300,"{'id': 12406, 'context': 0}"
1758802287,VERY_LONG,,1,14097900,7049000,"{'id': 21855, 'context': 0}"
1758802288,VERY_LONG,,1,14097900,7049000,"{'id': 21855, 'context': 0}"
1758802297,VERY_LONG,,1,1113800,556900,"{'id': 10047, 'context': 0}"
1758802302,VERY_LONG,,1,1113800,556900,"{'id': 10047, 'context': 0}"
1758802304,VERY_LONG,,1,31470000,,"{'id': 173247, 'context': 64, 'bonus_lists': [6717, 1507]}"
1758802305,VERY_LONG,,1,1113800,556900,"{'id': 10047, 'context': 0}"
1758802309,VERY_LONG,,1,1113800,556900,"{'id': 10047, 'context': 0}"
1758802310,VERY_LONG,,1,3027800,1513900,"{'id': 4309, 'context': 0}"
1758802315,VERY_LONG,,1,3027800,1513900,"{'id': 4309, 'context': 0}"
1758802323,VERY_LONG,,1,109078800,54539400,"{'id': 14935, 'context': 1, 'bonus_lists': [1706]}"
1758802327,VERY_LONG,,1,26329900,13165000,"{'id': 24997, 'context': 36, 'bonus_lists': [1708, 3850], 'modifiers': [{'type': 9, 'value': 50}]}"
1758802330,VERY_LONG,,1,10674100,5337100,"{'id': 15272, 'context': 0, 'bonus_lists': [6655, 1693], 'modifiers': [{'type': 9, 'value': 30}, {'type': 28, 'value': 34}]}"
1758802332,VERY_LONG,,1,45492800,22746400,"{'id': 12409, 'context': 0}"
1758802348,VERY_LONG,,1,10561800,5280900,"{'id': 13134, 'context': 53, 'bonus_lists': [4269], 'modifiers': [{'type': 9, 'value': 50}]}"
1758802352,VERY_LONG,,1,12680700,6340400,"{'id': 10009, 'context': 0}"
1758802353,VERY_LONG,,1,51194500,25597300,"{'id': 14427, 'context': 0, 'bonus_lists': [6654], 'modifiers': [{'type': 9, 'value': 30}, {'type': 28, 'value': 28}]}"
1758802358,VERY_LONG,,1,35625000,17812500,"{'id': 6391, 'context': 0}"
1758802360,VERY_LONG,,1,14157000,7078500,"{'id': 11990, 'context': 0, 'bonus_lists': [6654, 1693], 'modifiers': [{'type': 9, 'value': 30}, {'type': 28, 'value': 1811}]}"
1758802366,VERY_LONG,,1,1106845300,553422700,"{'id': 56495, 'context': 0, 'bonus_lists': [1702]}"
1758802373,VERY_LONG,,1,1106845300,553422700,"{'id': 56495, 'context': 0, 'bonus_lists': [1699]}"
1758802376,VERY_LONG,,1,48763200,24381600,"{'id': 98866, 'context': 0}"
1758802379,VERY_LONG,,1,329060700,164530400,"{'id': 7938, 'context': 0}"
1758802382,VERY_LONG,,1,1296900,648500,"{'id': 2577, 'context': 0}"
1758802388,VERY_LONG,,1,1296900,648500,"{'id': 2577, 'context': 0}"
1758802390,VERY_LONG,,1,1296900,648500,"{'id': 2577, 'context': 0}"
1758802394,VERY_LONG,,1,22544500,11272300,"{'id': 15324, 'context': 1, 'bonus_lists': [6655, 1679], 'modifiers': [{'type': 9, 'value': 30}, {'type': 28, 'value': 218}]}"
1758802400,VERY_LONG,,1,34992100,17496100,"{'id': 24970, 'context': 36, 'bonus_lists': [1677, 4493], 'modifiers': [{'type': 9, 'value': 50}]}"
1758802403,VERY_LONG,,1,336682100,168341100,"{'id': 4251, 'context': 0}"
1758802407,VERY_LONG,,1,50004700,25002400,"{'id': 25219, 'context': 36, 'bonus_lists': [1694, 3872], 'modifiers': [{'type': 9, 'value': 50}]}"
1758802412,VERY_LONG,,1,8348300,4174200,"{'id': 4314, 'context': 0}"
1758802420,VERY_LONG,,1,8348300,4174200,"{'id': 4314, 'context': 0}"
1758802427,VERY_LONG,,1,8348300,4174200,"{'id': 4314, 'context': 0}"
1758802431,VERY_LONG,,1,1375100,687600,"{'id': 12693, 'context': 1}"
1758802436,VERY_LONG,,1,84333900,42167000,"{'id': 14847, 'context': 53, 'bonus_lists': [4277], 'modifiers': [{'type': 9, 'value': 50}]}"
1758802442,VERY_LONG,,1,18564600,9282300,"{'id': 6454, 'context': 0}"
1758802449,VERY_LONG,,1,18564600,9282300,"{'id': 6454, 'context': 1}"
1758802455,VERY_LONG,,1,300000000,150000000,"{'id': 116496, 'context': 0, 'bonus_lists': [6655, 25], 'modifiers': [{'type': 9, 'value': 40}, {'type': 28, 'value': 65}]}"
1758802462,VERY_LONG,,1,300000000,150000000,"{'id': 116496, 'context': 0, 'bonus_lists': [6655, 201], 'modifiers': [{'type': 9, 'value': 40}, {'type': 28, 'value': 63}]}"
1758802468,VERY_LONG,,1,73793800,36896900,"{'id': 170348, 'context': 13, 'bonus_lists': [1688]}"
1758802478,VERY_LONG,,1,2505700,1252900,"{'id': 2582, 'context': 0}"
1758802485,VERY_LONG,,1,2505700,1252900,"{'id': 2582, 'context': 0}"
1758802492,VERY_LONG,,1,14204800,7102400,"{'id': 7432, 'context': 1, 'bonus_lists': [1680]}"
1758802500,VERY_LONG,,1,52715100,26357600,"{'id': 94082, 'context': 0, 'bonus_lists': [1678]}"
1758802508,VERY_LONG,,1,53404500,26702300,"{'id': 55414, 'context': 0, 'bonus_lists': [6655, 1694], 'modifiers': [{'type': 9, 'value': 35}, {'type': 28, 'value': 56}]}"
1758802518,VERY_LONG,,1,369391000,184695500,"{'id': 15065, 'context': 0}"
1758802524,VERY_LONG,,1,369391000,184695500,"{'id': 15065, 'context': 0}"
1758802531,VERY_LONG,,1,72763400,36381700,"{'id': 22919, 'context': 22}"
1758802538,VERY_LONG,,1,7759500,3879800,"{'id': 55585, 'context': 3, 'bonus_lists': [1680]}"
1758802543,VERY_LONG,,1,40725400,20362700,"{'id': 14295, 'context': 53, 'bonus_lists': [1708, 4277], 'modifiers': [{'type': 9, 'value': 50}]}"
1758802551,VERY_LONG,,1,707072000,353536000,"{'id': 56494, 'context': 0, 'bonus_lists': [1678]}"
1758802555,VERY_LONG,,1,49999900,25000000,"{'id': 120138, 'context': 0}"
1758802561,VERY_LONG,,1,49999900,25000000,"{'id': 120138, 'context': 1, 'modifiers': [{'type': 28, 'value': 202}]}"
1758802563,VERY_LONG,,1,50000000,25000000,"{'id': 10506, 'context': 0}"
1758802567,VERY_LONG,5643000,15,,,{'id': 159471}
1758802572,VERY_LONG,,1,35060800,17530400,"{'id': 7352, 'context': 0}"
1758802576,VERY_LONG,,1,9627900,4814000,"{'id': 8199, 'context': 0, 'bonus_lists': [6655, 1695], 'modifiers': [{'type': 9, 'value': 30}, {'type': 28, 'value': 21}]}"
1758802584,VERY_LONG,,1,2005300,1649100,"{'id': 15255, 'context': 54, 'bonus_lists': [1678, 4281], 'modifiers': [{'type': 9, 'value': 50}]}"
1758802590,VERY_LONG,,1,534800,267400,"{'id': 2580, 'context': 0}"
1758802595,VERY_LONG,,1,534800,267400,"{'id': 2580, 'context': 0}"
1758802599,VERY_LONG,,1,534800,267400,"{'id': 2580, 'context': 0}"
1758802604,VERY_LONG,,1,6410900,3205500,"{'id': 15270, 'context': 0, 'bonus_lists': [6655, 1708], 'modifiers': [{'type': 9, 'value': 30}, {'type': 28, 'value': 28}]}"
1758802607,VERY_LONG,,1,33694900,16847500,"{'id': 55600, 'context': 36, 'bonus_lists': [1687, 4764], 'modifiers': [{'type': 9, 'value': 50}]}"
1758802610,VERY_LONG,,1,4222000,2111000,"{'id': 15214, 'context': 54, 'bonus_lists': [1709, 4281], 'modifiers': [{'type': 9, 'value': 50}]}"
1758802615,VERY_LONG,,1,538842900,269421500,"{'id': 37756, 'context': 0}"
1758802620,VERY_LONG,,1,42974700,21487400,"{'id': 12429, 'context': 0}"
1758802626,VERY_LONG,,1,7703200,3851600,"{'id': 10067, 'context': 54, 'bonus_lists': [1708, 4278], 'modifiers': [{'type': 9, 'value': 50}]}"
1758802635,VERY_LONG,,1,75163800,37581900,"{'id': 14777, 'context': 0, 'bonus_lists': [6655], 'modifiers': [{'type': 9, 'value': 30}, {'type': 28, 'value': 28}]}"
1758802642,VERY_LONG,,1,12014400,6007200,"{'id': 2407, 'context': 0, 'modifiers': [{'type': 28, 'value': 75}]}"
1758802647,VERY_LONG,,1,79990000,39995000,"{'id': 170337, 'context': 13, 'bonus_lists': [1677]}"
1758802654,VERY_LONG,,1,2834100,1417100,"{'id': 10054, 'context': 0}"
1758802662,VERY_LONG,,1,110156200,55078100,"{'id': 106524, 'context': 0, 'bonus_lists': [6654, 209], 'modifiers': [{'type': 9, 'value': 40}, {'type': 28, 'value': 65}]}"
1758802668,VERY_LONG,,1,38014000,19007000,"{'id': 15308, 'context': 54, 'bonus_lists': [1677, 4279], 'modifiers': [{'type': 9, 'value': 50}]}"
1758802676,VERY_LONG,,1,1490000,745000,"{'id': 4087, 'context': 0, 'bonus_lists': [6655, 1681], 'modifiers': [{'type': 9, 'value': 30}, {'type': 28, 'value': 28}]}"
1758802685,VERY_LONG,,1,20586500,10293300,"{'id': 8175, 'context': 0}"
1758802690,VERY_LONG,,1,6482000,3241000,"{'id': 176789, 'context': 0, 'bonus_lists': [6907, 6652, 7193, 1677], 'modifiers': [{'type': 9, 'value': 60}, {'type': 28, 'value': 1707}]}"
1758802693,VERY_LONG,,1,35107300,17553700,"{'id': 2080, 'context': 1, 'bonus_lists': [6655, 1678], 'modifiers': [{'type': 9, 'value': 30}, {'type': 28, 'value': 211}]}"
1758802934,VERY_LONG,,1,38801000,,"{'id': 171449, 'context': 13, 'bonus_lists': [6893, 7185], 'modifiers': [{'type': 9, 'value': 60}, {'type': 28, 'value': 391}, {'type': 29, 'value': 40}, {'type': 30, 'value': 32}]}"
1758803031,VERY_LONG,,1,39000000,,"{'id': 172252, 'context': 13, 'bonus_lists': [6893, 7185], 'modifiers': [{'type': 9, 'value': 60}, {'type': 28, 'value': 391}, {'type': 29, 'value': 36}, {'type': 30, 'value': 49}]}"
1758803032,VERY_LONG,,1,39000000,,"{'id': 172252, 'context': 13, 'bonus_lists': [6893, 7185], 'modifiers': [{'type': 9, 'value': 60}, {'type': 28, 'value': 391}, {'type': 29, 'value': 40}, {'type': 30, 'value': 32}]}"
1758803058,VERY_LONG,,1,39000000,,"{'id': 172252, 'context': 13, 'bonus_lists': [6893, 7224], 'modifiers': [{'type': 9, 'value': 60}, {'type': 28, 'value': 391}, {'type': 29, 'value': 32}, {'type': 30, 'value': 36}]}"
1758803062,VERY_LONG,,1,39000000,,"{'id': 172252, 'context': 13, 'bonus_lists': [6893, 7224], 'modifiers': [{'type': 9, 'value': 60}, {'type': 28, 'value': 391}, {'type': 29, 'value': 40}, {'type': 30, 'value': 36}]}"
1758803084,MEDIUM,149900,1000,,,{'id': 158378}
1758803087,VERY_LONG,,1,38999900,,"{'id': 172255, 'context': 13, 'bonus_lists': [6893, 7185], 'modifiers': [{'type': 9, 'value': 60}, {'type': 28, 'value': 391}, {'type': 29, 'value': 32}, {'type': 30, 'value': 49}]}"
1758803092,VERY_LONG,,1,38999900,,"{'id': 172255, 'context': 13, 'bonus_lists': [6893, 7185], 'modifiers': [{'type': 9, 'value': 60}, {'type': 28, 'value': 391}, {'type': 29, 'value': 40}, {'type': 30, 'value': 49}]}"
1758803098,VERY_LONG,,1,38999900,,"{'id': 172255, 'context': 13, 'bonus_lists': [6893, 7185], 'modifiers': [{'type': 9, 'value': 60}, {'type': 28, 'value': 391}, {'type': 29, 'value': 36}, {'type': 30, 'value': 40}]}"
1758804128,MEDIUM,,1,9999500,,"{'id': 6263, 'context': 0}"
1758804136,MEDIUM,,1,9999500,,"{'id': 6263, 'context': 0}"
1758804146,MEDIUM,,1,9999500,,"{'id': 6263, 'context': 0}"
1758804152,MEDIUM,,1,9999500,,"{'id': 6263, 'context': 0}"
1758804161,MEDIUM,,1,9999500,,"{'id': 6263, 'context': 0}"
1758804223,MEDIUM,,1,5055300,,"{'id': 6384, 'context': 0}"
1758804229,MEDIUM,,1,5055300,,"{'id': 6384, 'context': 0}"
1758804234,MEDIUM,,1,5055300,,"{'id': 6384, 'context': 0}"
1758804237,MEDIUM,,1,5055300,,"{'id': 6384, 'context': 0}"
1758804263,MEDIUM,,1,24938700,,"{'id': 10025, 'context': 0}"
1758804265,MEDIUM,,1,24938700,,"{'id': 10025, 'context': 0}"
1758804269,MEDIUM,,1,24938700,,"{'id': 10025, 'context': 0}"
1758804271,MEDIUM,,1,24938700,,"{'id': 10025, 'context': 0}"
1758804275,MEDIUM,,1,24938700,,"{'id': 10025, 'context': 0}"
1758804303,MEDIUM,,1,968400,,"{'id': 4330, 'context': 0}"
1758804305,VERY_LONG,,1,39000000,,"{'id': 172261, 'context': 13, 'bonus_lists': [6893, 7185], 'modifiers': [{'type': 9, 'value': 60}, {'type': 28, 'value': 391}, {'type': 29, 'value': 36}, {'type': 30, 'value': 40}]}"
1758804308,MEDIUM,,1,968400,,"{'id': 4330, 'context': 0}"
1758804344,MEDIUM,139900,49,,,{'id': 10285}
1758804360,VERY_LONG,,1,39000000,,"{'id': 172258, 'context': 13, 'bonus_lists': [6893, 7185], 'modifiers': [{'type': 9, 'value': 60}, {'type': 28, 'value': 391}, {'type': 29, 'value': 36}, {'type': 30, 'value': 40}]}"
1758804380,VERY_LONG,37500,2198,,,{'id': 172052}
1758804475,MEDIUM,,1,2999999900,,"{'id': 163574, 'context': 0}"
1758804500,VERY_LONG,,1,39000000,,"{'id': 171445, 'context': 13, 'bonus_lists': [6893, 7224], 'modifiers': [{'type': 9, 'value': 60}, {'type': 28, 'value': 391}, {'type': 29, 'value': 36}, {'type': 30, 'value': 49}]}"
1758804505,VERY_LONG,,1,39000000,,"{'id': 171445, 'context': 13, 'bonus_lists': [6893, 7224], 'modifiers': [{'type': 9, 'value': 60}, {'type': 28, 'value': 391}, {'type': 29, 'value': 49}, {'type': 30, 'value': 32}]}"
1758804542,VERY_LONG,,1,39000000,,"{'id': 171446, 'context': 13, 'bonus_lists': [6893, 7224], 'modifiers': [{'type': 9, 'value': 60}, {'type': 28, 'value': 391}, {'type': 29, 'value': 49}, {'type': 30, 'value': 32}]}"
1758804551,VERY_LONG,,1,39000000,,"{'id': 171446, 'context': 13, 'bonus_lists': [6893, 7224], 'modifiers': [{'type': 9, 'value': 60}, {'type': 28, 'value': 391}, {'type': 29, 'value': 36}, {'type': 30, 'value': 49}]}"
1758804568,VERY_LONG,35000,4019,,,{'id': 173032}
1758804581,MEDIUM,41993400,1,,,{'id': 168417}
1758804710,MEDIUM,,1,79999900,,"{'id': 44554, 'context': 0}"
1758804715,MEDIUM,,1,79999900,,"{'id': 44554, 'context': 0}"
1758804789,VERY_LONG,,1,39000000,,"{'id': 172261, 'context': 13, 'bonus_lists': [6893, 7224], 'modifiers': [{'type': 9, 'value': 60}, {'type': 28, 'value': 391}, {'type': 29, 'value': 49}, {'type': 30, 'value': 32}]}"
1758804796,VERY_LONG,,1,39000000,,"{'id': 172261, 'context': 13, 'bonus_lists': [6893, 7224], 'modifiers': [{'type': 9, 'value': 60}, {'type': 28, 'value': 391}, {'type': 29, 'value': 40}, {'type': 30, 'value': 49}]}"
1758804846,VERY_LONG,3140000,92,,,{'id': 181468}
1758804892,VERY_LONG,,1,39000000,,"{'id': 172262, 'context': 13, 'bonus_lists': [6893, 7224], 'modifiers': [{'type': 9, 'value': 60}, {'type': 28, 'value': 391}, {'type': 29, 'value': 32}, {'type': 30, 'value': 49}]}"
1758804895,VERY_LONG,,1,4700700,,"{'id': 82800, 'context': 0, 'modifiers': [{'type': 6, 'value': 99856}], 'pet_breed_id': 9, 'pet_level': 1, 'pet_quality_id': 2, 'pet_species_id': 2946}"
1758804899,VERY_LONG,,1,39000000,,"{'id': 172262, 'context': 13, 'bonus_lists': [6893, 7224], 'modifiers': [{'type': 9, 'value': 60}, {'type': 28, 'value': 391}, {'type': 29, 'value': 36}, {'type': 30, 'value': 32}]}"
1758804941,VERY_LONG,87700,22,,,{'id': 172089}
1758804951,VERY_LONG,,1,39000000,,"{'id': 172260, 'context': 13, 'bonus_lists': [6893, 7224], 'modifiers': [{'type': 9, 'value': 60}, {'type': 28, 'value': 391}, {'type': 29, 'value': 49}, {'type': 30, 'value': 32}]}"
1758804955,VERY_LONG,,1,39000000,,"{'id': 172260, 'context': 13, 'bonus_lists': [6893, 7224], 'modifiers': [{'type': 9, 'value': 60}, {'type': 28, 'value': 391}, {'type': 29, 'value': 32}, {'type': 30, 'value': 49}]}"
1758805115,VERY_LONG,,1,39000000,,"{'id': 172255, 'context': 13, 'bonus_lists': [6893, 7224], 'modifiers': [{'type': 9, 'value': 60}, {'type': 28, 'value': 391}, {'type': 29, 'value': 49}, {'type': 30, 'value': 32}]}"
1758805830,VERY_LONG,,1,39000000,,"{'id': 172258, 'context': 13, 'bonus_lists': [6893, 7185], 'modifiers': [{'type': 9, 'value': 60}, {'type': 28, 'value': 391}, {'type': 29, 'value': 36}, {'type': 30, 'value': 40}]}"
1758805835,VERY_LONG,,1,39000000,,"{'id': 172258, 'context': 13, 'bonus_lists': [6893, 7185], 'modifiers': [{'type': 9, 'value': 60}, {'type': 28, 'value': 391}, {'type': 29, 'value': 40}, {'type': 30, 'value': 49}]}"
1758805900,VERY_LONG,,1,39000000,,"{'id': 172261, 'context': 13, 'bonus_lists': [6893, 7185], 'modifiers': [{'type': 9, 'value': 60}, {'type': 28, 'value': 391}, {'type': 29, 'value': 36}, {'type': 30, 'value': 40}]}"
1758805902,VERY_LONG,,1,50000000,,"{'id': 171418, 'context': 64, 'bonus_lists': [6717, 7193, 1507]}"
1758805906,VERY_LONG,,1,39000000,,"{'id': 172261, 'context': 13, 'bonus_lists': [6893, 7185], 'modifiers': [{'type': 9, 'value': 60}, {'type': 28, 'value': 391}, {'type': 29, 'value': 32}, {'type': 30, 'value': 49}]}"
1758806036,VERY_LONG,,1,39000000,,"{'id': 172251, 'context': 13, 'bonus_lists': [6893, 7185], 'modifiers': [{'type': 9, 'value': 60}, {'type': 28, 'value': 391}, {'type': 29, 'value': 36}, {'type': 30, 'value': 40}]}"
1758806038,VERY_LONG,,1,39000000,,"{'id': 172251, 'context': 13, 'bonus_lists': [6893, 7185], 'modifiers': [{'type': 9, 'value': 60}, {'type': 28, 'value': 391}, {'type': 29, 'value': 40}, {'type': 30, 'value': 36}]}"
1758806040,VERY_LONG,,1,39000000,,"{'id': 172251, 'context': 13, 'bonus_lists': [6893, 7185], 'modifiers': [{'type': 9, 'value': 60}, {'type': 28, 'value': 391}, {'type': 29, 'value': 36}, {'type': 30, 'value': 40}]}"
1758806043,VERY_LONG,,1,39000000,,"{'id': 172251, 'context': 13, 'bonus_lists': [6893, 7185], 'modifiers': [{'type': 9, 'value': 60}, {'type': 28, 'value': 391}, {'type': 29, 'value': 40}, {'type': 30, 'value': 36}]}"
1758806056,VERY_LONG,,1,38999900,,"{'id': 172255, 'context': 13, 'bonus_lists': [6893, 7185], 'modifiers': [{'type': 9, 'value': 60}, {'type': 28, 'value': 391}, {'type': 29, 'value': 40}, {'type': 30, 'value': 32}]}"
1758806067,VERY_LONG,,1,39000000,,"{'id': 172253, 'context': 13, 'bonus_lists': [6893, 7185], 'modifiers': [{'type': 9, 'value': 60}, {'type': 28, 'value': 391}, {'type': 29, 'value': 40}, {'type': 30, 'value': 49}]}"
1758806072,VERY_LONG,,1,39000000,,"{'id': 172253, 'context': 13, 'bonus_lists': [6893, 7185], 'modifiers': [{'type': 9, 'value': 60}, {'type': 28, 'value': 391}, {'type': 29, 'value': 36}, {'type': 30, 'value': 32}]}"
1758806076,VERY_LONG,,1,39000000,,"{'id': 172253, 'context': 13, 'bonus_lists': [6893, 7185], 'modifiers': [{'type': 9, 'value': 60}, {'type': 28, 'value': 391}, {'type': 29, 'value': 32}, {'type': 30, 'value': 36}]}"
1758806095,VERY_LONG,,1,38500000,,"{'id': 172254, 'context': 13, 'bonus_lists': [6893, 7185], 'modifiers': [{'type': 9, 'value': 60}, {'type': 28, 'value': 391}, {'type': 29, 'value': 40}, {'type': 30, 'value': 32}]}"
1758806097,VERY_LONG,,1,38500000,,"{'id': 172254, 'context': 13, 'bonus_lists': [6893, 7185], 'modifiers': [{'type': 9, 'value': 60}, {'type': 28, 'value': 391}, {'type': 29, 'value': 32}, {'type': 30, 'value': 40}]}"
1758807103,VERY_LONG,,1,38500000,,"{'id': 172254, 'context': 13, 'bonus_lists': [6893, 7185], 'modifiers': [{'type': 9, 'value': 60}, {'type': 28, 'value': 391}, {'type': 29, 'value': 49}, {'type': 30, 'value': 32}]}"
1758807107,VERY_LONG,,1,38500000,,"{'id': 172254, 'context': 13, 'bonus_lists': [6893, 7185], 'modifiers': [{'type': 9, 'value': 60}, {'type': 28, 'value': 391}, {'type': 29, 'value': 32}, {'type': 30, 'value': 40}]}"
1758807181,VERY_LONG,750000,20,,,{'id': 109156}
1758807280,VERY_LONG,750000,20,,,{'id': 109153}
1758807287,VERY_LONG,,1,39000000,,"{'id': 171447, 'context': 13, 'bonus_lists': [6893, 7224], 'modifiers': [{'type': 9, 'value': 60}, {'type': 28, 'value': 391}, {'type': 29, 'value': 49}, {'type': 30, 'value': 32}]}"
1758807293,VERY_LONG,,1,39000000,,"{'id': 171447, 'context': 13, 'bonus_lists': [6893, 7224], 'modifiers': [{'type': 9, 'value': 60}, {'type': 28, 'value': 391}, {'type': 29, 'value': 49}, {'type': 30, 'value': 40}]}"
1758807343,VERY_LONG,,1,39008800,,"{'id': 172250, 'context': 13, 'bonus_lists': [6893, 7224], 'modifiers': [{'type': 9, 'value': 60}, {'type': 28, 'value': 391}, {'type': 29, 'value': 49}, {'type': 30, 'value': 40}]}"
1758807371,VERY_LONG,956500,20,,,{'id': 109155}
1758807465,VERY_LONG,250000,17,,,{'id': 109219}
1758807547,VERY_LONG,350000,19,,,{'id': 109218}
1758807553,VERY_LONG,,1,4999900,,"{'id': 10498, 'context': 0}"
1758807557,VERY_LONG,,1,4999900,,"{'id': 10498, 'context': 0}"
1758807650,VERY_LONG,250000,20,,,{'id': 109217}
1758807705,MEDIUM,67500,7,,,{'id': 13464}
1758807785,VERY_LONG,,1,9100000,,"{'id': 114821, 'context': 0}"
1758807851,VERY_LONG,,1,2494100,,"{'id': 82800, 'context': 0, 'modifiers': [{'type': 6, 'value': 40155}], 'pet_breed_id': 6, 'pet_level': 1, 'pet_quality_id': 3, 'pet_species_id': 2579}"
1758809592,VERY_LONG,,1,19355800,,"{'id': 116425, 'context': 13, 'bonus_lists': [110]}"
1758809597,VERY_LONG,,1,62910900,,"{'id': 127031, 'context': 13, 'bonus_lists': [3354, 3392, 3408]}"
1758809604,VERY_LONG,,1,8191500,,"{'id': 10502, 'context': 0}"
1758809611,VERY_LONG,,1,12702700,,"{'id': 5507, 'context': 0}"
1758809619,VERY_LONG,1956700,5,,,{'id': 158201}
1758809626,VERY_LONG,,1,61295700,,"{'id': 130227, 'context': 13, 'bonus_lists': [3369]}"
1758809632,VERY_LONG,,1,30715800,,"{'id': 116165, 'context': 13, 'bonus_lists': [190]}"
1758809637,VERY_LONG,,1,34812000,,"{'id': 130225, 'context': 13, 'bonus_lists': [3378, 3392]}"
1758809645,MEDIUM,330500,25,,,{'id': 172062}
1758809650,VERY_LONG,3000000,1,,,{'id': 38934}
1758809659,VERY_LONG,,1,83005900,,"{'id': 152808, 'context': 13, 'bonus_lists': [1716, 4927]}"
1758809668,VERY_LONG,,1,4478800,,"{'id': 173197, 'context': 0, 'bonus_lists': [6887], 'modifiers': [{'type': 9, 'value': 60}, {'type': 28, 'value': 391}, {'type': 29, 'value': 40}, {'type': 30, 'value': 49}]}"
1758809678,VERY_LONG,,1,2048000,,"{'id': 173194, 'context': 0, 'bonus_lists': [6887], 'modifiers': [{'type': 9, 'value': 60}, {'type': 28, 'value': 391}, {'type': 29, 'value': 40}, {'type': 30, 'value': 49}]}"
1758809684,VERY_LONG,4052400,21,,,{'id': 22824}
1758809694,VERY_LONG,8154500,1,,,{'id': 128980}
1758809699,VERY_LONG,,1,17543500,,"{'id': 40892, 'context': 0}"
1758809712,VERY_LONG,850600,3,,,{'id': 141446}
1758809717,VERY_LONG,,1,30010500,,"{'id': 173054, 'context': 13, 'modifiers': [{'type': 29, 'value': 32}, {'type': 30, 'value': 49}]}"
1758809722,VERY_LONG,37141500,1,,,{'id': 34207}
1758809729,VERY_LONG,2749000,2,,,{'id': 74701}
1758809806,VERY_LONG,,1,75161200,,"{'id': 23493, 'context': 0}"
1758809810,VERY_LONG,4914200,1,,,{'id': 158204}
1758809814,VERY_LONG,18253800,2,,,{'id': 41595}
1758809829,VERY_LONG,,1,18999900,,"{'id': 128978, 'context': 13}"
1758809836,VERY_LONG,,1,18999900,,"{'id': 128978, 'context': 13}"
1758809860,VERY_LONG,250000,2,,,{'id': 177660}
1758809863,VERY_LONG,5142400,2,,,{'id': 43464}
1758809868,VERY_LONG,,1,32088600,,"{'id': 154688, 'context': 13, 'bonus_lists': [1705]}"
1758809874,VERY_LONG,,1,43860900,,"{'id': 40767, 'context': 0}"
1758809886,VERY_LONG,,1,9854800,,"{'id': 118602, 'context': 0, 'bonus_lists': [163]}"
1758809893,VERY_LONG,18378100,8,,,{'id': 58085}
1758809898,VERY_LONG,10496800,4,,,{'id': 37098}
1758809903,VERY_LONG,21414100,10,,,{'id': 28101}
1758809914,VERY_LONG,,1,45448400,,"{'id': 154152, 'context': 13, 'bonus_lists': [1707, 4927]}"
1758809918,VERY_LONG,,1,22819000,,"{'id': 152809, 'context': 13, 'bonus_lists': [1686, 4927]}"
1758809934,VERY_LONG,5000000,1,,,{'id': 77544}
1758809941,VERY_LONG,20764400,10,,,{'id': 12190}
1758809947,MEDIUM,,1,45047600,,"{'id': 173241, 'context': 63, 'bonus_lists': [6716, 1487]}"
1758809957,VERY_LONG,1075200,5,,,{'id': 153647}
1758809959,VERY_LONG,2490000,2,,,{'id': 172419}
1758809978,VERY_LONG,21836800,1,,,{'id': 132509}
1758809988,VERY_LONG,42705300,2,,,{'id': 151585}
1758809993,MEDIUM,,1,67720800,,"{'id': 173246, 'context': 63, 'bonus_lists': [6716, 1487]}"
1758809998,VERY_LONG,,1,35166500,,"{'id': 154151, 'context': 13, 'bonus_lists': [1678]}"
1758810002,VERY_LONG,6019100,1,,,{'id': 38961}
1758810003,VERY_LONG,5729600,1,,,{'id': 172415}
1758810008,VERY_LONG,3815500,2,,,{'id': 43466}
1758810014,VERY_LONG,9407300,1,,,{'id': 60853}
1758810029,VERY_LONG,,1,44721100,,"{'id': 10500, 'context': 0}"
1758810034,VERY_LONG,2804400,40,,,{'id': 184090}
1758810042,VERY_LONG,,1,9763600,,"{'id': 173216, 'context': 0, 'bonus_lists': [6893], 'modifiers': [{'type': 9, 'value': 60}, {'type': 28, 'value': 391}, {'type': 29, 'value': 36}, {'type': 30, 'value': 40}]}"
1758810048,VERY_LONG,4860500,2,,,{'id': 159466}
1758810054,VERY_LONG,,1,69837000,,"{'id': 130228, 'context': 13, 'bonus_lists': [3374, 3392]}"
1758810065,VERY_LONG,,1,26639600,,"{'id': 154147, 'context': 13, 'bonus_lists': [1702, 4927]}"
1758810075,VERY_LONG,5000000,1,,,{'id': 77540}
1758810080,VERY_LONG,,1,10361500,,"{'id': 3842, 'context': 0}"
1758810130,VERY_LONG,,1,32539100,,"{'id': 154146, 'context': 13, 'bonus_lists': [1706]}"
1758810145,VERY_LONG,5288300,1,,,{'id': 82960}
1758810158,VERY_LONG,,1,99333400,,"{'id': 152803, 'context': 13, 'bonus_lists': [1694, 4927]}"
1758810161,VERY_LONG,,1,49576600,,"{'id': 154149, 'context': 13, 'bonus_lists': [1682]}"
1758810164,VERY_LONG,326900,25,,,{'id': 172061}
1758810171,VERY_LONG,1458400,1,,,{'id': 159464}
1758810177,VERY_LONG,,1,98780400,,"{'id': 153638, 'context': 13, 'bonus_lists': [1712]}"
1758810192,VERY_LONG,624000,1,,,{'id': 153441}
1758810200,VERY_LONG,,1,27939200,,"{'id': 123891, 'context': 13, 'bonus_lists': [1711, 3392, 3408]}"
1758810216,VERY_LONG,,1,67161200,,"{'id': 152804, 'context': 13, 'bonus_lists': [1714, 4927]}"
1758810306,VERY_LONG,,1,20008300,,"{'id': 98863, 'context': 0}"
1758810317,VERY_LONG,,1,7006600,,"{'id': 12775, 'context': 0}"
1758810336,VERY_LONG,20001100,1,,,{'id': 55057}
1758810366,VERY_LONG,10005100,1,,,{'id': 77541}
1758812420,VERY_LONG,,1,707057300,,"{'id': 65891, 'context': 0, 'modifiers': [{'type': 28, 'value': 872}]}"
1758812732,VERY_LONG,,1,4550000,,"{'id': 82800, 'context': 0, 'modifiers': [{'type': 6, 'value': 38283}], 'pet_breed_id': 21, 'pet_level': 1, 'pet_quality_id': 3, 'pet_species_id': 2089}"
1758812806,VERY_LONG,,1,359115300,,"{'id': 172325, 'context': 65, 'bonus_lists': [6718, 7193, 1522]}"
1758812812,VERY_LONG,,1,359115300,,"{'id': 172325, 'context': 65, 'bonus_lists': [6718, 7193, 1522]}"
1758813915,VERY_LONG,,1,88134800,,"{'id': 75073, 'context': 0}"
1758813920,VERY_LONG,,1,65523900,,"{'id': 136712, 'context': 13, 'bonus_lists': [3358, 3392]}"
1758813925,VERY_LONG,,1,45249200,,"{'id': 136711, 'context': 13, 'bonus_lists': [3360, 3340]}"
1758813933,MEDIUM,12500,5,,,{'id': 172046}
1758813947,VERY_LONG,,1,50073200,,"{'id': 12418, 'context': 0}"
1758813955,VERY_LONG,16101300,2,,,{'id': 10307}
1758813961,VERY_LONG,,1,45000000,,"{'id': 7930, 'context': 0}"
1758813965,VERY_LONG,7826900,2,,,{'id': 10308}
1758813971,VERY_LONG,11578900,1,,,{'id': 136852}
1758813975,VERY_LONG,,1,20554800,,"{'id': 128881, 'context': 13, 'bonus_lists': [1681, 3392, 3408]}"
1758813983,VERY_LONG,36681100,1,,,{'id': 9060}
1758814001,VERY_LONG,28693700,4,,,{'id': 67438}
1758814005,VERY_LONG,5660500,2,,,{'id': 10310}
1758814009,VERY_LONG,97496300,1,,,{'id': 76634}
1758814013,VERY_LONG,3540300,2,,,{'id': 37092}
1758814024,VERY_LONG,192100,20,,,{'id': 154891}
1758814030,VERY_LONG,,1,2242800,,"{'id': 77530, 'context': 0}"
1758814050,VERY_LONG,89800,5,,,{'id': 63307}
1758814054,VERY_LONG,,1,75287900,,"{'id': 123893, 'context': 13, 'bonus_lists': [1695, 3340, 3408]}"
1758814064,VERY_LONG,,1,98448300,,"{'id': 7958, 'context': 0}"
1758814075,VERY_LONG,5944000,2,,,{'id': 10309}
1758814083,VERY_LONG,,1,34544500,,"{'id': 12414, 'context': 0}"
1758814091,VERY_LONG,14673500,7,,,{'id': 9197}
1758814097,VERY_LONG,,1,3090000,,"{'id': 173200, 'context': 0, 'bonus_lists': [6885], 'modifiers': [{'type': 9, 'value': 60}, {'type': 28, 'value': 391}, {'type': 29, 'value': 49}, {'type': 30, 'value': 32}]}"
1758815105,VERY_LONG,,1,5984300,,"{'id': 173193, 'context': 0, 'bonus_lists': [6890], 'modifiers': [{'type': 9, 'value': 60}, {'type': 28, 'value': 391}, {'type': 29, 'value': 36}, {'type': 30, 'value': 40}]}"
1758815110,VERY_LONG,59896400,1,,,{'id': 41976}
1758815113,VERY_LONG,544500,19,,,{'id': 152560}
1758815118,VERY_LONG,,1,24142600,,"{'id': 40893, 'context': 0}"
1758815151,VERY_LONG,,1,43020500,,"{'id': 173050, 'context': 13, 'modifiers': [{'type': 29, 'value': 32}, {'type': 30, 'value': 49}]}"
1758815155,VERY_LONG,,1,35235200,,"{'id': 152802, 'context': 13, 'bonus_lists': [1684]}"
1758815160,VERY_LONG,,1,599990000,,"{'id': 172325, 'context': 66, 'bonus_lists': [6758, 7194, 1532]}"
1758815165,VERY_LONG,,1,83230200,,"{'id': 17716, 'context': 0}"
1758815170,VERY_LONG,,1,78855400,,"{'id': 86607, 'context': 0}"
1758815186,VERY_LONG,,1,6983200,,"{'id': 151239, 'context': 13}"
1758815194,VERY_LONG,,1,8880600,,"{'id': 116167, 'context': 13, 'bonus_lists': [121]}"
1758815199,MEDIUM,4700000,25,,,{'id': 171278}
1758815201,VERY_LONG,,1,14277800,,"{'id': 75064, 'context': 0}"
1758815206,VERY_LONG,,1,6720400,,"{'id': 1625, 'context': 1, 'bonus_lists': [6655, 1679], 'modifiers': [{'type': 9, 'value': 30}, {'type': 28, 'value': 203}]}"
1758815211,VERY_LONG,59957500,1,,,{'id': 3821}
1758815219,VERY_LONG,,1,19626200,,"{'id': 177799, 'context': 0, 'bonus_lists': [6908, 6652, 1691], 'modifiers': [{'type': 9, 'value': 60}, {'type': 28, 'value': 1707}]}"
1758815222,VERY_LONG,,1,20005700,,"{'id': 177799, 'context': 0, 'bonus_lists': [6908, 6652, 1687], 'modifiers': [{'type': 9, 'value': 60}, {'type': 28, 'value': 1707}]}"
1758815223,MEDIUM,330500,75,,,{'id': 172062}
1758815226,VERY_LONG,,1,79026800,,"{'id': 14767, 'context': 1, 'bonus_lists': [6654], 'modifiers': [{'type': 9, 'value': 30}, {'type': 28, 'value': 203}]}"
1758815232,VERY_LONG,20000,1,,,{'id': 2452}
1758815237,VERY_LONG,,1,30588600,,"{'id': 14594, 'context': 1, 'bonus_lists': [6654], 'modifiers': [{'type': 9, 'value': 30}, {'type': 28, 'value': 203}]}"
1758815238,VERY_LONG,1059400,5,,,{'id': 158382}
1758815255,VERY_LONG,18300,1,,,{'id': 2453}
1758815261,VERY_LONG,140000,3,,,{'id': 171438}
1758815266,VERY_LONG,81500,1,,,{'id': 4625}
1758815268,VERY_LONG,,1,36244700,,"{'id': 154150, 'context': 13, 'bonus_lists': [1704, 4927]}"
1758815275,VERY_LONG,,1,8953400,,"{'id': 176794, 'context': 9, 'bonus_lists': [6908, 6652, 1683], 'modifiers': [{'type': 9, 'value': 60}, {'type': 28, 'value': 746}]}"
1758815276,VERY_LONG,,1,4404500,,"{'id': 173195, 'context': 0, 'modifiers': [{'type': 29, 'value': 40}, {'type': 30, 'value': 49}]}"
1758815281,VERY_LONG,,1,4404500,,"{'id': 173195, 'context': 0, 'modifiers': [{'type': 29, 'value': 40}, {'type': 30, 'value': 49}]}"
1758815283,VERY_LONG,,1,68423300,,"{'id': 123894, 'context': 13, 'bonus_lists': [1686, 3392, 3408]}"
1758815284,VERY_LONG,,1,68132600,,"{'id': 15977, 'context': 1, 'bonus_lists': [6655, 1681], 'modifiers': [{'type': 9, 'value': 30}, {'type': 28, 'value': 203}]}"
1758815287,VERY_LONG,,1,45492800,,"{'id': 12409, 'context': 0}"
1758815291,VERY_LONG,24273600,6,,,{'id': 3819}
1758815292,VERY_LONG,13568800,18,,,{'id': 58488}
1758815295,VERY_LONG,43300,3,,,{'id': 179315}
1758815299,VERY_LONG,,1,11908200,,"{'id': 14239, 'context': 1, 'bonus_lists': [6654, 1678], 'modifiers': [{'type': 9, 'value': 30}, {'type': 28, 'value': 203}]}"
1758815303,VERY_LONG,3140000,5,,,{'id': 181468}
1758815309,VERY_LONG,,1,137343000,,"{'id': 160131, 'context': 0, 'bonus_lists': [6654, 4802, 1682], 'modifiers': [{'type': 9, 'value': 50}, {'type': 28, 'value': 1228}]}"
1758815310,VERY_LONG,,1,32485400,,"{'id': 173248, 'context': 63, 'bonus_lists': [6716, 7194, 1487]}"
1758815314,VERY_LONG,,1,1578900,,"{'id': 15233, 'context': 1, 'bonus_lists': [6655, 1694], 'modifiers': [{'type': 9, 'value': 30}, {'type': 28, 'value': 203}]}"
1758815332,VERY_LONG,59500,1,,,{'id': 7079}
1758815339,VERY_LONG,,1,3220000,,"{'id': 128893, 'context': 13, 'bonus_lists': [1713, 3392, 3408]}"
1758815341,VERY_LONG,212200,2,,,{'id': 3358}
1758815342,VERY_LONG,11267300,1,,,{'id': 13453}
1758815346,VERY_LONG,,1,95992500,,"{'id': 123895, 'context': 13, 'bonus_lists': [1705, 3392, 3408]}"
1758815348,VERY_LONG,,1,359833900,,"{'id': 14760, 'context': 1, 'bonus_lists': [6654], 'modifiers': [{'type': 9, 'value': 30}, {'type': 28, 'value': 203}]}"
1758815350,VERY_LONG,168800,6,,,{'id': 171830}
1758815352,VERY_LONG,99900,1,,,{'id': 13463}
1758815359,VERY_LONG,,1,10577000,,"{'id': 15322, 'context': 1, 'bonus_lists': [6655], 'modifiers': [{'type': 9, 'value': 30}, {'type': 28, 'value': 203}]}"
1758815365,VERY_LONG,,1,5113900,,"{'id': 11972, 'context': 1, 'bonus_lists': [6654, 1681], 'modifiers': [{'type': 9, 'value': 30}, {'type': 28, 'value': 203}]}"
1758815369,VERY_LONG,,1,44741800,,"{'id': 14236, 'context': 1, 'bonus_lists': [6654, 1695], 'modifiers': [{'type': 9, 'value': 30}, {'type': 28, 'value': 203}]}"
1758815372,VERY_LONG,,1,13434700,,"{'id': 177811, 'context': 0, 'bonus_lists': [6907, 6652, 7194, 3403], 'modifiers': [{'type': 9, 'value': 60}, {'type': 28, 'value': 1707}]}"
1758815378,VERY_LONG,,1,1771800,,"{'id': 178948, 'context': 0, 'bonus_lists': [6908, 6652, 1679], 'modifiers': [{'type': 9, 'value': 60}, {'type': 28, 'value': 1707}]}"
1758815397,VERY_LONG,,1,11236200,,"{'id': 179334, 'context': 0, 'bonus_lists': [6908, 6652, 1681], 'modifiers': [{'type': 9, 'value': 60}, {'type': 28, 'value': 1707}]}"
1758815403,VERY_LONG,7500,7,,,{'id': 172052}
1758815410,VERY_LONG,20100,4,,,{'id': 172054}
1758815422,VERY_LONG,17500,1,,,{'id': 171436}
1758815432,VERY_LONG,,1,63244000,,"{'id': 15144, 'context': 1, 'bonus_lists': [6654, 1705], 'modifiers': [{'type': 9, 'value': 30}, {'type': 28, 'value': 203}]}"
1758815439,VERY_LONG,19200,18,,,{'id': 10286}
1758815452,VERY_LONG,,1,5000200,,"{'id': 2845, 'context': 0}"
1758815453,VERY_LONG,87700,43,,,{'id': 172089}
1758815458,VERY_LONG,30700,1,,,{'id': 3820}
1758815509,VERY_LONG,,1,20008300,,"{'id': 98787, 'context': 0}"
1758815545,VERY_LONG,,1,10005000,,"{'id': 55038, 'context': 0}"
1758815614,VERY_LONG,,1,20003900,,"{'id': 128535, 'context': 13}"
1758815629,MEDIUM,9900,1,,,{'id': 168645}
1758815657,MEDIUM,4000,13,,,{'id': 152631}
1758815680,VERY_LONG,,1,4007000,,"{'id': 56480, 'context': 0}"
1758815719,VERY_LONG,,1,20009800,,"{'id': 132500, 'context': 13, 'bonus_lists': [1710, 3392, 3408]}"
1758815764,VERY_LONG,,1,10001400,,"{'id': 152833, 'context': 13, 'bonus_lists': [1679, 4927]}"
1758815798,VERY_LONG,10001200,1,,,{'id': 23559}
1758816526,MEDIUM,,1,80000000,,"{'id': 164479, 'context': 0}"
1758816537,MEDIUM,,1,71183900,,"{'id': 164357, 'context': 0}"
1758816560,MEDIUM,,1,275000000,,"{'id': 164566, 'context': 31}"
1758816603,MEDIUM,,1,110000000,,"{'id': 166840, 'context': 11, 'modifiers': [{'type': 28, 'value': 644}]}"
1758816613,MEDIUM,,1,153806500,,"{'id': 164487, 'context': 31, 'modifiers': [{'type': 28, 'value': 464}]}"
1758816656,MEDIUM,,1,1200000000,,"{'id': 164433, 'context': 11, 'modifiers': [{'type': 28, 'value': 644}]}"
1758816665,MEDIUM,,1,89999100,,"{'id': 164454, 'context': 11}"
1758816680,MEDIUM,1005900,9,,,{'id': 38837}
1758816684,MEDIUM,,1,45587400,,"{'id': 166820, 'context': 0}"
1758816694,MEDIUM,19983500,11,,,{'id': 172449}
1758816698,MEDIUM,1458600,4,,,{'id': 74708}
1758816701,MEDIUM,19999900,1,,,{'id': 38989}
1758816708,MEDIUM,999600,5,,,{'id': 169456}
1758816722,MEDIUM,42217900,3,,,{'id': 137287}
1758816736,VERY_LONG,,1,990000,,"{'id': 82800, 'context': 0, 'modifiers': [{'type': 6, 'value': 88057}], 'pet_breed_id': 17, 'pet_level': 1, 'pet_quality_id': 3, 'pet_species_id': 2465}"
1758816752,VERY_LONG,,1,69900000,,"{'id': 82800, 'context': 0, 'modifiers': [{'type': 6, 'value': 2176}], 'pet_breed_id': 7, 'pet_level': 1, 'pet_quality_id': 3, 'pet_species_id': 127}"
1758816764,VERY_LONG,,1,66464300,,"{'id': 82800, 'context': 0, 'modifiers': [{'type': 6, 'value': 63447}], 'pet_breed_id': 18, 'pet_level': 1, 'pet_quality_id': 3, 'pet_species_id': 1661}"
1758816772,MEDIUM,,1,180000000,,"{'id': 169286, 'context': 14, 'modifiers': [{'type': 28, 'value': 186}]}"
1758816775,VERY_LONG,,1,19990000,,"{'id': 82800, 'context': 0, 'modifiers': [{'type': 6, 'value': 95152}], 'pet_breed_id': 3, 'pet_level': 1, 'pet_quality_id': 3, 'pet_species_id': 2796}"
1758816779,MEDIUM,,1,251560700,,"{'id': 164527, 'context': 11, 'modifiers': [{'type': 28, 'value': 645}]}"
1758816788,MEDIUM,103500,58,,,{'id': 3860}
1758816796,MEDIUM,15537300,5,,,{'id': 184097}
1758816799,MEDIUM,13999800,4,,,{'id': 52757}
1758816806,MEDIUM,29996400,4,,,{'id': 184096}
1758816814,MEDIUM,,1,99999900,,"{'id': 164452, 'context': 14, 'modifiers': [{'type': 28, 'value': 186}]}"
1758816824,MEDIUM,,1,139999300,,"{'id': 164399, 'context': 11}"
1758816827,VERY_LONG,,1,7479900,,"{'id': 82800, 'context': 0, 'modifiers': [{'type': 6, 'value': 94713}], 'pet_breed_id': 14, 'pet_level': 1, 'pet_quality_id': 3, 'pet_species_id': 2840}"
1758816847,VERY_LONG,,1,12000000,,"{'id': 82800, 'context': 0, 'modifiers': [{'type': 6, 'value': 61890}], 'pet_breed_id': 7, 'pet_level': 1, 'pet_quality_id': 3, 'pet_species_id': 1625}"
1758816860,MEDIUM,,1,114316300,,"{'id': 164486, 'context': 14, 'modifiers': [{'type': 28, 'value': 186}]}"
1758816899,VERY_LONG,,1,36200100,,"{'id': 82800, 'context': 0, 'modifiers': [{'type': 6, 'value': 90029}], 'pet_breed_id': 5, 'pet_level': 4, 'pet_quality_id': 3, 'pet_species_id': 2539}"
1758816900,MEDIUM,33539600,4,,,{'id': 184100}
1758816917,MEDIUM,,1,87435500,,"{'id': 164410, 'context': 11}"
1758816923,MEDIUM,2454600,5,,,{'id': 52743}
1758816925,VERY_LONG,,1,38616000,32437400,"{'id': 90725, 'context': 0, 'bonus_lists': [4209], 'modifiers': [{'type': 9, 'value': 35}]}"
1758816928,VERY_LONG,,1,77446400,65055000,"{'id': 90576, 'context': 0}"
1758816930,MEDIUM,449200,4,,,{'id': 7911}
1758816935,VERY_LONG,,1,200000000,168000000,"{'id': 147425, 'context': 6, 'bonus_lists': [3563, 1472, 3528], 'modifiers': [{'type': 28, 'value': 498}]}"
1758816955,VERY_LONG,,1,84990000,,"{'id': 82800, 'context': 0, 'modifiers': [{'type': 6, 'value': 91114}], 'pet_breed_id': 19, 'pet_level': 1, 'pet_quality_id': 3, 'pet_species_id': 2700}"
1758816957,MEDIUM,11593900,3,,,{'id': 129018}
1758816973,VERY_LONG,,1,12990000,,"{'id': 82800, 'context': 0, 'modifiers': [{'type': 6, 'value': 99852}], 'pet_breed_id': 22, 'pet_level': 1, 'pet_quality_id': 2, 'pet_species_id': 3035}"
1758816995,MEDIUM,,1,95171200,,"{'id': 164482, 'context': 0}"
1758817014,MEDIUM,,1,132260400,,"{'id': 166817, 'context': 11}"
1758817026,VERY_LONG,,1,19990000,,"{'id': 82800, 'context': 0, 'modifiers': [{'type': 6, 'value': 95152}], 'pet_breed_id': 3, 'pet_level': 1, 'pet_quality_id': 3, 'pet_species_id': 2796}"
1758817031,MEDIUM,99900,30,,,{'id': 13463}
1758817038,MEDIUM,250000,7,,,{'id': 2776}
1758817058,MEDIUM,,1,32435400,,"{'id': 164501, 'context': 0}"
1758817060,VERY_LONG,,1,4700700,,"{'id': 82800, 'context': 0, 'modifiers': [{'type': 6, 'value': 99856}], 'pet_breed_id': 9, 'pet_level': 1, 'pet_quality_id': 2, 'pet_species_id': 2946}"
1758817068,MEDIUM,,1,66170000,,"{'id': 166839, 'context': 0}"
1758818157,MEDIUM,1999900,32,,,{'id': 168635}
1758818169,MEDIUM,13848400,1,,,{'id': 141910}
1758818174,MEDIUM,,1,160000000,,"{'id': 169281, 'context': 14, 'modifiers': [{'type': 28, 'value': 186}]}"
1758818180,MEDIUM,1742800,2,,,{'id': 38979}
1758818197,MEDIUM,,1,150000000,,"{'id': 164485, 'context': 0}"
1758818201,MEDIUM,,1,140000000,,"{'id': 169288, 'context': 0}"
1758818266,VERY_LONG,168800,69,,,{'id': 171830}
1758818351,VERY_LONG,390600,51,,,{'id': 173108}
1758818423,MEDIUM,,1,99999900,,"{'id': 164462, 'context': 11}"
1758818450,MEDIUM,,1,950000000,,"{'id': 164497, 'context': 31, 'modifiers': [{'type': 28, 'value': 464}]}"
1758818454,VERY_LONG,110000,29,,,{'id': 173110}
1758818461,MEDIUM,,1,270565100,,"{'id': 164430, 'context': 11}"
1758818578,MEDIUM,1999900,42,,,{'id': 168188}
1758818612,MEDIUM,3749700,4,,,{'id': 74729}
1758818619,VERY_LONG,60000,18,,,{'id': 173109}
1758818632,MEDIUM,,1,162780900,,"{'id': 164474, 'context': 0}"
1758818639,MEDIUM,,1,202096300,,"{'id': 164555, 'context': 0}"
1758818644,MEDIUM,,1,202096300,,"{'id': 164555, 'context': 11, 'modifiers': [{'type': 28, 'value': 645}]}"
1758818761,MEDIUM,,1,42753600,,"{'id': 82800, 'context': 0, 'modifiers': [{'type': 6, 'value': 48708}], 'pet_breed_id': 3, 'pet_level': 1, 'pet_quality_id': 3, 'pet_species_id': 1245}"
1758818762,MEDIUM,,1,42753600,,"{'id': 82800, 'context': 0, 'modifiers': [{'type': 6, 'value': 48708}], 'pet_breed_id': 9, 'pet_level': 1, 'pet_quality_id': 3, 'pet_species_id': 1245}"
1758818919,VERY_LONG,,1,800000000,,"{'id': 183031, 'context': 5, 'bonus_lists': [7188, 6652, 7194, 1485, 6646], 'modifiers': [{'type': 28, 'value': 752}]}"
1758820593,VERY_LONG,,1,209800,,"{'id': 106542, 'context': 0, 'bonus_lists': [6654, 203], 'modifiers': [{'type': 9, 'value': 46}, {'type': 28, 'value': 1767}]}"
1758820664,VERY_LONG,,1,202700,,"{'id': 106510, 'context': 0, 'bonus_lists': [6654, 118], 'modifiers': [{'type': 9, 'value': 44}, {'type': 28, 'value': 65}]}"
1758820750,VERY_LONG,,1,1007900,,"{'id': 176961, 'context': 0, 'bonus_lists': [6907, 6652, 7194, 1680], 'modifiers': [{'type': 9, 'value': 60}, {'type': 28, 'value': 1707}]}"
1758820788,VERY_LONG,,1,100700,,"{'id': 116519, 'context': 0, 'bonus_lists': [6655, 122], 'modifiers': [{'type': 9, 'value': 44}, {'type': 28, 'value': 65}]}"
1758820831,VERY_LONG,,1,156800,,"{'id': 154808, 'context': 0, 'bonus_lists': [6654, 1692], 'modifiers': [{'type': 9, 'value': 60}, {'type': 28, 'value': 807}]}"
1758820856,VERY_LONG,,1,1500900,,"{'id': 182558, 'context': 0, 'bonus_lists': [6907, 6652, 1703], 'modifiers': [{'type': 9, 'value': 60}, {'type': 28, 'value': 2060}]}"
1758820873,VERY_LONG,353500,1005,,,{'id': 36912}
1758820882,VERY_LONG,3900000,34,,,{'id': 36910}
1758820891,VERY_LONG,198000,284,,,{'id': 89112}
1758820903,VERY_LONG,585000,298,,,{'id': 36916}
1758820910,VERY_LONG,1483500,163,,,{'id': 23445}
1758820917,VERY_LONG,190000,20,,,{'id': 2459}
1758820935,VERY_LONG,92000,363,,,{'id': 72092}
1758820965,VERY_LONG,,1,50000000,,"{'id': 106413, 'context': 0, 'bonus_lists': [6654, 20], 'modifiers': [{'type': 9, 'value': 45}, {'type': 28, 'value': 63}]}"
1758820992,VERY_LONG,,1,102000,,"{'id': 106435, 'context': 0, 'bonus_lists': [6654, 199], 'modifiers': [{'type': 9, 'value': 45}, {'type': 28, 'value': 63}]}"
1758821045,VERY_LONG,450000,200,,,{'id': 173036}
1758822114,VERY_LONG,87700,3,,,{'id': 172089}
1758822178,VERY_LONG,494000,1,,,{'id': 172936}
1758822246,VERY_LONG,300,110,,,{'id': 171840}
1758822282,VERY_LONG,168800,68,,,{'id': 171830}
1758822292,VERY_LONG,,1,1900000,,"{'id': 82800, 'context': 0, 'modifiers': [{'type': 6, 'value': 94166}], 'pet_breed_id': 18, 'pet_level': 1, 'pet_quality_id': 3, 'pet_species_id': 2797}"
1758822312,VERY_LONG,,1,19990000,,"{'id': 82800, 'context': 0, 'modifiers': [{'type': 6, 'value': 95152}], 'pet_breed_id': 3, 'pet_level': 1, 'pet_quality_id': 3, 'pet_species_id': 2796}"
1758822315,VERY_LONG,,1,19990000,,"{'id': 82800, 'context': 0, 'modifiers': [{'type': 6, 'value': 95152}], 'pet_breed_id': 13, 'pet_level': 1, 'pet_quality_id': 3, 'pet_species_id': 2796}"
1758822324,VERY_LONG,150000,31,,,{'id': 171841}
1758822330,VERY_LONG,,1,3500000,,"{'id': 82800, 'context': 0, 'modifiers': [{'type': 6, 'value': 88035}], 'pet_breed_id': 6, 'pet_level': 1, 'pet_quality_id': 3, 'pet_species_id': 2459}"
1758822345,VERY_LONG,,1,42450000,,"{'id': 82800, 'context': 0, 'modifiers': [{'type': 6, 'value': 90176}], 'pet_breed_id': 15, 'pet_level': 1, 'pet_quality_id': 3, 'pet_species_id': 2553}"
1758822350,VERY_LONG,7500,25,,,{'id': 172052}
1758822362,VERY_LONG,,1,5000000,,"{'id': 82800, 'context': 0, 'modifiers': [{'type': 6, 'value': 88008}], 'pet_breed_id': 14, 'pet_level': 1, 'pet_quality_id': 3, 'pet_species_id': 2454}"
1758822365,VERY_LONG,20100,17,,,{'id': 172054}
1758822381,VERY_LONG,,1,44999900,,"{'id': 82800, 'context': 0, 'modifiers': [{'type': 6, 'value': 88007}], 'pet_breed_id': 12, 'pet_level': 1, 'pet_quality_id': 3, 'pet_species_id': 2453}"
1758822393,VERY_LONG,43300,12,,,{'id': 179315}
1758822447,VERY_LONG,,1,8014500,,"{'id': 82800, 'context': 0, 'modifiers': [{'type': 6, 'value': 60819}], 'pet_breed_id': 15, 'pet_level': 1, 'pet_quality_id': 3, 'pet_species_id': 1566}"
1758822457,VERY_LONG,46400,8,,,{'id': 177061}
1758822474,VERY_LONG,749200,4,,,{'id': 173058}
1758822476,VERY_LONG,,1,31110000,,"{'id': 82800, 'context': 0, 'modifiers': [{'type': 6, 'value': 94714}], 'pet_breed_id': 14, 'pet_level': 1, 'pet_quality_id': 3, 'pet_species_id': 2841}"
1758822481,VERY_LONG,,1,31110000,,"{'id': 82800, 'context': 0, 'modifiers': [{'type': 6, 'value': 94714}], 'pet_breed_id': 14, 'pet_level': 1, 'pet_quality_id': 3, 'pet_species_id': 2841}"
1758822503,VERY_LONG,,1,20000000,,"{'id': 82800, 'context': 0, 'modifiers': [{'type': 6, 'value': 66487}], 'pet_breed_id': 7, 'pet_level': 1, 'pet_quality_id': 3, 'pet_species_id': 2551}"
1758822508,VERY_LONG,18900,4,,,{'id': 172935}
1758822527,VERY_LONG,,1,530000,,"{'id': 82800, 'context': 0, 'modifiers': [{'type': 6, 'value': 81098}], 'pet_breed_id': 6, 'pet_level': 1, 'pet_quality_id': 3, 'pet_species_id': 2472}"
1758822546,VERY_LONG,156700,2,,,{'id': 172451}
1758822557,VERY_LONG,,1,67480000,,"{'id': 82800, 'context': 0, 'modifiers': [{'type': 6, 'value': 90513}], 'pet_breed_id': 19, 'pet_level': 1, 'pet_quality_id': 3, 'pet_species_id': 2694}"
1758822564,VERY_LONG,,1,67480000,,"{'id': 82800, 'context': 0, 'modifiers': [{'type': 6, 'value': 90513}], 'pet_breed_id': 8, 'pet_level': 1, 'pet_quality_id': 3, 'pet_species_id': 2694}"
1758822587,VERY_LONG,,1,9997800,,"{'id': 82800, 'context': 0, 'modifiers': [{'type': 6, 'value': 90177}], 'pet_breed_id': 4, 'pet_level': 1, 'pet_quality_id': 3, 'pet_species_id': 2554}"
1758822608,VERY_LONG,23005700,1,,,{'id': 128551}
1758822617,VERY_LONG,,1,38500000,,"{'id': 82800, 'context': 0, 'modifiers': [{'type': 6, 'value': 88040}], 'pet_breed_id': 14, 'pet_level': 1, 'pet_quality_id': 2, 'pet_species_id': 2464}"
1758822637,VERY_LONG,,1,50000,,"{'id': 82800, 'context': 0, 'modifiers': [{'type': 6, 'value': 15660}], 'pet_breed_id': 3, 'pet_level': 1, 'pet_quality_id': 2, 'pet_species_id': 119}"
1758822651,VERY_LONG,,1,16590000,,"{'id': 82800, 'context': 0, 'modifiers': [{'type': 6, 'value': 92438}], 'pet_breed_id': 18, 'pet_level': 1, 'pet_quality_id': 3, 'pet_species_id': 2836}"
1758822664,VERY_LONG,,1,156400,,"{'id': 82800, 'context': 0, 'modifiers': [{'type': 6, 'value': 64194}], 'pet_breed_id': 3, 'pet_level': 4, 'pet_quality_id': 3, 'pet_species_id': 1687}"
1758822700,VERY_LONG,,1,42000000,,"{'id': 82800, 'context': 0, 'modifiers': [{'type': 6, 'value': 88021}], 'pet_breed_id': 5, 'pet_level': 1, 'pet_quality_id': 3, 'pet_species_id': 2462}"
1758822705,VERY_LONG,,1,42000000,,"{'id': 82800, 'context': 0, 'modifiers': [{'type': 6, 'value': 88025}], 'pet_breed_id': 5, 'pet_level': 1, 'pet_quality_id': 3, 'pet_species_id': 2462}"
1758822736,VERY_LONG,,1,7500000,,"{'id': 82800, 'context': 0, 'modifiers': [{'type': 6, 'value': 90181}], 'pet_breed_id': 17, 'pet_level': 1, 'pet_quality_id': 3, 'pet_species_id': 2557}"
1758822787,VERY_LONG,,1,500000,,"{'id': 82800, 'context': 0, 'modifiers': [{'type': 6, 'value': 94712}], 'pet_breed_id': 8, 'pet_level': 1, 'pet_quality_id': 3, 'pet_species_id': 2839}"
1758822820,VERY_LONG,,1,19000000,,"{'id': 82800, 'context': 0, 'modifiers': [{'type': 6, 'value': 90182}], 'pet_breed_id': 4, 'pet_level': 1, 'pet_quality_id': 3, 'pet_species_id': 2558}"
1758822851,VERY_LONG,,1,50000,,"{'id': 82800, 'context': 0, 'modifiers': [{'type': 6, 'value': 66155}], 'pet_breed_id': 12, 'pet_level': 1, 'pet_quality_id': 3, 'pet_species_id': 1802}"
1758822871,VERY_LONG,,1,7479900,,"{'id': 82800, 'context': 0, 'modifiers': [{'type': 6, 'value': 94713}], 'pet_breed_id': 14, 'pet_level': 1, 'pet_quality_id': 3, 'pet_species_id': 2840}"
1758822892,VERY_LONG,,1,1500000,,"{'id': 82800, 'context': 0, 'modifiers': [{'type': 6, 'value': 88060}], 'pet_breed_id': 6, 'pet_level': 1, 'pet_quality_id': 3, 'pet_species_id': 2468}"
1758822936,VERY_LONG,,1,3999800,,"{'id': 82800, 'context': 0, 'modifiers': [{'type': 6, 'value': 88001}], 'pet_breed_id': 21, 'pet_level': 1, 'pet_quality_id': 3, 'pet_species_id': 2447}"
1758822985,VERY_LONG,,1,39990100,,"{'id': 180751, 'context': 13}"
1758822990,VERY_LONG,,1,39990100,,"{'id': 180751, 'context': 13}"
1758824196,VERY_LONG,31000000,22,,,{'id': 180457}
1758825172,VERY_LONG,5000000,12,,,{'id': 182581}
1758825428,VERY_LONG,,1,193800000,,"{'id': 82800, 'context': 0, 'modifiers': [{'type': 6, 'value': 99922}], 'pet_breed_id': 4, 'pet_level': 1, 'pet_quality_id': 2, 'pet_species_id': 2962}"
1758825430,VERY_LONG,,1,1975600000,,"{'id': 82800, 'context': 0, 'modifiers': [{'type': 6, 'value': 95573}], 'pet_breed_id': 9, 'pet_level': 1, 'pet_quality_id': 2, 'pet_species_id': 2957}"
1758825431,VERY_LONG,,1,175999200,,"{'id': 82800, 'context': 0, 'modifiers': [{'type': 6, 'value': 51269}], 'pet_breed_id': 7, 'pet_level': 1, 'pet_quality_id': 3, 'pet_species_id': 1334}"
1758825438,VERY_LONG,,1,194599900,,"{'id': 82800, 'context': 0, 'modifiers': [{'type': 6, 'value': 90412}], 'pet_breed_id': 15, 'pet_level': 1, 'pet_quality_id': 3, 'pet_species_id': 2565}"
1758825442,VERY_LONG,,1,55590000,,"{'id': 82800, 'context': 0, 'modifiers': [{'type': 6, 'value': 38232}], 'pet_breed_id': 8, 'pet_level': 1, 'pet_quality_id': 3, 'pet_species_id': 310}"
1758825446,VERY_LONG,,1,257999200,,"{'id': 82800, 'context': 0, 'modifiers': [{'type': 6, 'value': 92158}], 'pet_breed_id': 10, 'pet_level': 1, 'pet_quality_id': 3, 'pet_species_id': 2709}"
1758825449,VERY_LONG,,1,282400000,,"{'id': 82800, 'context': 0, 'modifiers': [{'type': 6, 'value': 45957}], 'pet_breed_id': 19, 'pet_level': 1, 'pet_quality_id': 3, 'pet_species_id': 848}"
1758825454,VERY_LONG,,1,155890000,,"{'id': 82800, 'context': 0, 'modifiers': [{'type': 6, 'value': 84857}], 'pet_breed_id': 17, 'pet_level': 1, 'pet_quality_id': 2, 'pet_species_id': 2412}"
1758825457,VERY_LONG,,1,45900000,,"{'id': 82800, 'context': 0, 'modifiers': [{'type': 6, 'value': 90140}], 'pet_breed_id': 16, 'pet_level': 1, 'pet_quality_id': 3, 'pet_species_id': 2548}"
1758825460,VERY_LONG,,1,379580000,,"{'id': 82800, 'context': 0, 'modifiers': [{'type': 6, 'value': 80852}], 'pet_breed_id': 10, 'pet_level': 1, 'pet_quality_id': 3, 'pet_species_id': 2420}"
1758825465,VERY_LONG,,1,37300000,,"{'id': 82800, 'context': 0, 'modifiers': [{'type': 6, 'value': 58613}], 'pet_breed_id': 20, 'pet_level': 1, 'pet_quality_id': 3, 'pet_species_id': 1577}"
1758825468,VERY_LONG,,1,33134600,,"{'id': 82800, 'context': 0, 'modifiers': [{'type': 6, 'value': 68860}], 'pet_breed_id': 20, 'pet_level': 1, 'pet_quality_id': 3, 'pet_species_id': 1928}"
1758825472,VERY_LONG,,1,15960000,,"{'id': 82800, 'context': 0, 'modifiers': [{'type': 6, 'value': 2957}], 'pet_breed_id': 3, 'pet_level': 1, 'pet_quality_id': 2, 'pet_species_id': 77}"
1758825477,VERY_LONG,,1,147280000,,"{'id': 82800, 'context': 0, 'modifiers': [{'type': 6, 'value': 15470}], 'pet_breed_id': 8, 'pet_level': 1, 'pet_quality_id': 2, 'pet_species_id': 207}"
1758825481,VERY_LONG,,1,88500000,,"{'id': 82800, 'context': 0, 'modifiers': [{'type': 6, 'value': 78240}], 'pet_breed_id': 19, 'pet_level': 1, 'pet_quality_id': 3, 'pet_species_id': 2693}"
1758825485,VERY_LONG,,1,281400000,,"{'id': 82800, 'context': 0, 'modifiers': [{'type': 6, 'value': 38134}], 'pet_breed_id': 3, 'pet_level': 1, 'pet_quality_id': 2, 'pet_species_id': 308}"
1758825492,VERY_LONG,,1,152299300,,"{'id': 82800, 'context': 0, 'modifiers': [{'type': 6, 'value': 80254}], 'pet_breed_id': 4, 'pet_level': 1, 'pet_quality_id': 3, 'pet_species_id': 2756}"
1758825494,VERY_LONG,,1,87580000,,"{'id': 82800, 'context': 0, 'modifiers': [{'type': 6, 'value': 21393}], 'pet_breed_id': 16, 'pet_level': 1, 'pet_quality_id': 2, 'pet_species_id': 159}"
1758825499,VERY_LONG,,1,34699900,,"{'id': 82800, 'context': 0, 'modifiers': [{'type': 6, 'value': 60889}], 'pet_breed_id': 19, 'pet_level': 1, 'pet_quality_id': 3, 'pet_species_id': 1588}"
1758825504,VERY_LONG,,1,41050000,,"{'id': 82800, 'context': 0, 'modifiers': [{'type': 6, 'value': 36901}], 'pet_breed_id': 3, 'pet_level': 1, 'pet_quality_id': 2, 'pet_species_id': 292}"
1758825508,VERY_LONG,,1,839200000,,"{'id': 82800, 'context': 0, 'modifiers': [{'type': 6, 'value': 93752}], 'pet_breed_id': 5, 'pet_level': 1, 'pet_quality_id': 2, 'pet_species_id': 2905}"
1758825513,VERY_LONG,,1,35525000,,"{'id': 82800, 'context': 0, 'modifiers': [{'type': 6, 'value': 60820}], 'pet_breed_id': 18, 'pet_level': 1, 'pet_quality_id': 3, 'pet_species_id': 1567}"
1758825516,VERY_LONG,,1,33530000,,"{'id': 82800, 'context': 0, 'modifiers': [{'type': 6, 'value': 72239}], 'pet_breed_id': 8, 'pet_level': 1, 'pet_quality_id': 3, 'pet_species_id': 1931}"
1758825521,VERY_LONG,,1,177200100,,"{'id': 82800, 'context': 0, 'modifiers': [{'type': 6, 'value': 90279}], 'pet_breed_id': 8, 'pet_level': 1, 'pet_quality_id': 3, 'pet_species_id': 2564}"
1758825524,VERY_LONG,,1,156190000,,"{'id': 82800, 'context': 0, 'modifiers': [{'type': 6, 'value': 40908}], 'pet_breed_id': 11, 'pet_level': 1, 'pet_quality_id': 2, 'pet_species_id': 1323}"
1758825529,VERY_LONG,,1,139821500,,"{'id': 82800, 'context': 0, 'modifiers': [{'type': 6, 'value': 70232}], 'pet_breed_id': 3, 'pet_level': 2, 'pet_quality_id': 3, 'pet_species_id': 229}"
1758825533,VERY_LONG,,1,138600000,,"{'id': 82800, 'context': 0, 'modifiers': [{'type': 6, 'value': 38455}], 'pet_breed_id': 3, 'pet_level': 1, 'pet_quality_id': 3, 'pet_species_id': 317}"
1758825537,VERY_LONG,,1,79430000,,"{'id': 82800, 'context': 0, 'modifiers': [{'type': 6, 'value': 60909}], 'pet_breed_id': 20, 'pet_level': 1, 'pet_quality_id': 2, 'pet_species_id': 1575}"
1758825539,VERY_LONG,,1,251599200,,"{'id': 82800, 'context': 0, 'modifiers': [{'type': 6, 'value': 75374}], 'pet_breed_id': 13, 'pet_level': 1, 'pet_quality_id': 2, 'pet_species_id': 2685}"
1758825543,VERY_LONG,,1,232708200,,"{'id': 82800, 'context': 0, 'modifiers': [{'type': 6, 'value': 82003}], 'pet_breed_id': 8, 'pet_level': 1, 'pet_quality_id': 3, 'pet_species_id': 2575}"
1758825547,VERY_LONG,,1,96290000,,"{'id': 82800, 'context': 0, 'modifiers': [{'type': 6, 'value': 91224}], 'pet_breed_id': 18, 'pet_level': 1, 'pet_quality_id': 3, 'pet_species_id': 2762}"
1758825552,VERY_LONG,,1,146890000,,"{'id': 82800, 'context': 0, 'modifiers': [{'type': 6, 'value': 99909}], 'pet_breed_id': 6, 'pet_level': 1, 'pet_quality_id': 2, 'pet_species_id': 2896}"
1758825555,VERY_LONG,,1,85290000,,"{'id': 82800, 'context': 0, 'modifiers': [{'type': 6, 'value': 99871}], 'pet_breed_id': 18, 'pet_level': 1, 'pet_quality_id': 2, 'pet_species_id': 3030}"
1758825558,VERY_LONG,,1,141680000,,"{'id': 82800, 'context': 0, 'modifiers': [{'type': 6, 'value': 64720}], 'pet_breed_id': 10, 'pet_level': 1, 'pet_quality_id': 3, 'pet_species_id': 1692}"
1758825561,VERY_LONG,,1,78178800,,"{'id': 82800, 'context': 0, 'modifiers': [{'type': 6, 'value': 37949}], 'pet_breed_id': 18, 'pet_level': 1, 'pet_quality_id': 3, 'pet_species_id': 1927}"
1758825565,VERY_LONG,,1,56600000,,"{'id': 82800, 'context': 0, 'modifiers': [{'type': 6, 'value': 45939}], 'pet_breed_id': 12, 'pet_level': 1, 'pet_quality_id': 3, 'pet_species_id': 337}"
1758825567,VERY_LONG,,1,140000000,,"{'id': 82800, 'context': 0, 'modifiers': [{'type': 6, 'value': 69532}], 'pet_breed_id': 10, 'pet_level': 1, 'pet_quality_id': 3, 'pet_species_id': 1887}"
1758825571,VERY_LONG,,1,148100000,,"{'id': 82800, 'context': 0, 'modifiers': [{'type': 6, 'value': 46924}], 'pet_breed_id': 9, 'pet_level': 1, 'pet_quality_id': 3, 'pet_species_id': 1154}"
1758825575,VERY_LONG,,1,6600100,,"{'id': 82800, 'context': 0, 'modifiers': [{'type': 6, 'value': 58825}], 'pet_breed_id': 20, 'pet_level': 1, 'pet_quality_id': 2, 'pet_species_id': 1471}"
1758825581,VERY_LONG,,1,124890000,,"{'id': 82800, 'context': 0, 'modifiers': [{'type': 6, 'value': 46163}], 'pet_breed_id': 5, 'pet_level': 1, 'pet_quality_id': 3, 'pet_species_id': 1061}"
1758825584,VERY_LONG,,1,72890000,,"{'id': 82800, 'context': 0, 'modifiers': [{'type': 6, 'value': 69488}], 'pet_breed_id': 21, 'pet_level': 1, 'pet_quality_id': 3, 'pet_species_id': 1701}"
1758825589,VERY_LONG,,1,57650000,,"{'id': 82800, 'context': 0, 'modifiers': [{'type': 6, 'value': 99851}], 'pet_breed_id': 3, 'pet_level': 1, 'pet_quality_id': 2, 'pet_species_id': 2918}"
1758825592,VERY_LONG,,1,34007200,,"{'id': 82800, 'context': 0, 'modifiers': [{'type': 6, 'value': 47931}], 'pet_breed_id': 17, 'pet_level': 1, 'pet_quality_id': 3, 'pet_species_id': 1478}"
1758825596,VERY_LONG,,1,26609100,,"{'id': 82800, 'context': 0, 'modifiers': [{'type': 6, 'value': 64425}], 'pet_breed_id': 8, 'pet_level': 1, 'pet_quality_id': 3, 'pet_species_id': 1690}"
1758825601,VERY_LONG,,1,51399200,,"{'id': 82800, 'context': 0, 'modifiers': [{'type': 6, 'value': 57825}], 'pet_breed_id': 18, 'pet_level': 1, 'pet_quality_id': 3, 'pet_species_id': 1434}"
1758825608,VERY_LONG,,1,268397600,,"{'id': 82800, 'context': 0, 'modifiers': [{'type': 6, 'value': 60930}], 'pet_breed_id': 14, 'pet_level': 1, 'pet_quality_id': 3, 'pet_species_id': 1576}"
1758825612,VERY_LONG,,1,147550000,,"{'id': 82800, 'context': 0, 'modifiers': [{'type': 6, 'value': 28726}], 'pet_breed_id': 15, 'pet_level': 1, 'pet_quality_id': 3, 'pet_species_id': 1943}"
1758825616,VERY_LONG,,1,44800000,,"{'id': 82800, 'context': 0, 'modifiers': [{'type': 6, 'value': 100928}], 'pet_breed_id': 14, 'pet_level': 1, 'pet_quality_id': 2, 'pet_species_id': 3028}"
1758825622,VERY_LONG,,1,76009900,,"{'id': 82800, 'context': 0, 'modifiers': [{'type': 6, 'value': 59603}], 'pet_breed_id': 18, 'pet_level': 1, 'pet_quality_id': 2, 'pet_species_id': 1596}"
1758825629,VERY_LONG,,1,83400000,,"{'id': 82800, 'context': 0, 'modifiers': [{'type': 6, 'value': 22388}], 'pet_breed_id': 8, 'pet_level': 1, 'pet_quality_id': 3, 'pet_species_id': 163}"
1758825633,VERY_LONG,,1,96740000,,"{'id': 82800, 'context': 0, 'modifiers': [{'type': 6, 'value': 99629}], 'pet_breed_id': 8, 'pet_level': 1, 'pet_quality_id': 3, 'pet_species_id': 3054}"
1758825639,VERY_LONG,,1,33596000,,"{'id': 82800, 'context': 0, 'modifiers': [{'type': 6, 'value': 60617}], 'pet_breed_id': 18, 'pet_level': 1, 'pet_quality_id': 3, 'pet_species_id': 1570}"
1758825644,VERY_LONG,,1,96790000,,"{'id': 82800, 'context': 0, 'modifiers': [{'type': 6, 'value': 84863}], 'pet_breed_id': 10, 'pet_level': 1, 'pet_quality_id': 2, 'pet_species_id': 2413}"
1758825652,VERY_LONG,,1,42240100,,"{'id': 82800, 'context': 0, 'modifiers': [{'type': 6, 'value': 34413}], 'pet_breed_id': 18, 'pet_level': 1, 'pet_quality_id': 3, 'pet_species_id': 266}"
1758825657,VERY_LONG,,1,45290000,,"{'id': 82800, 'context': 0, 'pet_breed_id': 13, 'pet_level': 1, 'pet_quality_id': 3, 'pet_species_id': 1598}"
1758825661,VERY_LONG,,1,323750000,,"{'id': 82800, 'context': 0, 'modifiers': [{'type': 6, 'value': 81079}], 'pet_breed_id': 11, 'pet_level': 1, 'pet_quality_id': 2, 'pet_species_id': 2405}"
1758825665,VERY_LONG,,1,69759500,,"{'id': 82800, 'context': 0, 'modifiers': [{'type': 6, 'value': 55291}], 'pet_breed_id': 19, 'pet_level': 1, 'pet_quality_id': 3, 'pet_species_id': 1453}"
1758825669,VERY_LONG,,1,62819800,,"{'id': 82800, 'context': 0, 'modifiers': [{'type': 6, 'value': 48705}], 'pet_breed_id': 7, 'pet_level': 1, 'pet_quality_id': 3, 'pet_species_id': 1244}"
1758825674,VERY_LONG,,1,120200000,,"{'id': 82800, 'context': 0, 'modifiers': [{'type': 6, 'value': 86488}], 'pet_breed_id': 11, 'pet_level': 1, 'pet_quality_id': 2, 'pet_species_id': 2198}"
1758825677,VERY_LONG,,1,7400000,,"{'id': 82800, 'context': 0, 'modifiers': [{'type': 6, 'value': 23574}], 'pet_breed_id': 5, 'pet_level': 1, 'pet_quality_id': 3, 'pet_species_id': 175}"
1758825681,VERY_LONG,,1,199600000,,"{'id': 82800, 'context': 0, 'modifiers': [{'type': 6, 'value': 70937}], 'pet_breed_id': 3, 'pet_level': 1, 'pet_quality_id': 2, 'pet_species_id': 1911}"
1758825688,VERY_LONG,,1,237400000,,"{'id': 82800, 'context': 0, 'modifiers': [{'type': 6, 'value': 28493}], 'pet_breed_id': 3, 'pet_level': 1, 'pet_quality_id': 2, 'pet_species_id': 212}"
1758825814,VERY_LONG,20100,6,,,{'id': 172054}
1758825830,VERY_LONG,7500,6,,,{'id': 172052}
1758825838,VERY_LONG,43300,5,,,{'id': 179315}
1758827305,MEDIUM,1000000,64,,,{'id': 3859}
1758827444,MEDIUM,1999900,53,,,{'id': 168193}
1758827462,MEDIUM,1499900,40,,,{'id': 168190}
1758827526,MEDIUM,1999900,39,,,{'id': 168191}
1758827633,MEDIUM,1499900,52,,,{'id': 168192}
1758827677,MEDIUM,253300,1,,,{'id': 168189}
1758827693,VERY_LONG,,1,9980000,,"{'id': 82800, 'context': 0, 'modifiers': [{'type': 6, 'value': 22778}], 'pet_breed_id': 18, 'pet_level': 1, 'pet_quality_id': 2, 'pet_species_id': 254}"
1758827695,VERY_LONG,,1,42990000,,"{'id': 82800, 'context': 0, 'modifiers': [{'type': 6, 'value': 46811}], 'pet_breed_id': 7, 'pet_level': 1, 'pet_quality_id': 3, 'pet_species_id': 1126}"
1758827701,VERY_LONG,,1,90000000,,"{'id': 82800, 'context': 0, 'modifiers': [{'type': 6, 'value': 79641}], 'pet_breed_id': 8, 'pet_level': 1, 'pet_quality_id': 3, 'pet_species_id': 2084}"
1758827707,VERY_LONG,,1,19839700,,"{'id': 82800, 'context': 0, 'modifiers': [{'type': 6, 'value': 28216}], 'pet_breed_id': 11, 'pet_level': 1, 'pet_quality_id': 3, 'pet_species_id': 198}"
1758827709,VERY_LONG,,1,48990100,,"{'id': 82800, 'context': 0, 'modifiers': [{'type': 6, 'value': 45386}], 'pet_breed_id': 5, 'pet_level': 1, 'pet_quality_id': 3, 'pet_species_id': 844}"
1758827711,VERY_LONG,,1,19997700,,"{'id': 109167, 'context': 1}"
1758827715,VERY_LONG,,1,19997700,,"{'id': 109167, 'context': 0}"
1758827717,VERY_LONG,,1,87726100,,"{'id': 60854, 'context': 0}"
1758827723,VERY_LONG,,1,21090000,,"{'id': 82800, 'context': 0, 'modifiers': [{'type': 6, 'value': 65087}], 'pet_breed_id': 14, 'pet_level': 1, 'pet_quality_id': 3, 'pet_species_id': 1716}"
1758827728,VERY_LONG,,1,19199800,,"{'id': 82800, 'context': 0, 'modifiers': [{'type': 6, 'value': 79760}], 'pet_breed_id': 15, 'pet_level': 1, 'pet_quality_id': 3, 'pet_species_id': 2120}"
1758827733,VERY_LONG,,1,19770000,,"{'id': 82800, 'context': 0, 'modifiers': [{'type': 6, 'value': 64222}], 'pet_breed_id': 8, 'pet_level': 1, 'pet_quality_id': 3, 'pet_species_id': 1688}"
1758827736,VERY_LONG,,1,9910000,,"{'id': 82800, 'context': 0, 'modifiers': [{'type': 6, 'value': 59021}], 'pet_breed_id': 17, 'pet_level': 1, 'pet_quality_id': 3, 'pet_species_id': 1403}"
1758827741,VERY_LONG,,1,14290000,,"{'id': 82800, 'context': 0, 'modifiers': [{'type': 6, 'value': 65113}], 'pet_breed_id': 20, 'pet_level': 1, 'pet_quality_id': 3, 'pet_species_id': 1717}"
1758827744,VERY_LONG,,1,160370400,152351900,"{'id': 164403, 'context': 11, 'modifiers': [{'type': 28, 'value': 645}]}"
1758827750,VERY_LONG,,1,5558100,,"{'id': 82800, 'context': 0, 'modifiers': [{'type': 6, 'value': 61898}], 'pet_breed_id': 3, 'pet_level': 1, 'pet_quality_id': 3, 'pet_species_id': 1634}"
1758827754,VERY_LONG,,1,10009900,,"{'id': 82800, 'context': 0, 'modifiers': [{'type': 6, 'value': 48056}], 'pet_breed_id': 8, 'pet_level': 1, 'pet_quality_id': 3, 'pet_species_id': 1212}"
1758827757,VERY_LONG,,1,296000000,,"{'id': 82800, 'context': 0, 'modifiers': [{'type': 6, 'value': 80458}], 'pet_breed_id': 18, 'pet_level': 1, 'pet_quality_id': 2, 'pet_species_id': 2476}"
1758827760,VERY_LONG,,1,6660000,,"{'id': 82800, 'context': 0, 'pet_breed_id': 9, 'pet_level': 1, 'pet_quality_id': 3, 'pet_species_id': 1965}"
1758827766,VERY_LONG,,1,7958100,,"{'id': 82800, 'context': 0, 'modifiers': [{'type': 6, 'value': 89609}], 'pet_breed_id': 15, 'pet_level': 1, 'pet_quality_id': 3, 'pet_species_id': 2525}"
1758827769,VERY_LONG,,1,3459900,,"{'id': 82800, 'context': 0, 'pet_breed_id': 14, 'pet_level': 1, 'pet_quality_id': 3, 'pet_species_id': 1958}"
1758827774,VERY_LONG,,1,9990000,,"{'id': 82800, 'context': 0, 'modifiers': [{'type': 6, 'value': 61888}], 'pet_breed_id': 4, 'pet_level': 1, 'pet_quality_id': 3, 'pet_species_id': 1624}"
1758827779,VERY_LONG,,1,7479900,,"{'id': 82800, 'context': 0, 'modifiers': [{'type': 6, 'value': 94713}], 'pet_breed_id': 14, 'pet_level': 1, 'pet_quality_id': 3, 'pet_species_id': 2840}"
1758827784,VERY_LONG,,1,186260300,,"{'id': 82800, 'context': 0, 'modifiers': [{'type': 6, 'value': 69532}], 'pet_breed_id': 10, 'pet_level': 6, 'pet_quality_id': 3, 'pet_species_id': 1887}"
1758827788,VERY_LONG,,1,47450000,,"{'id': 82800, 'context': 0, 'modifiers': [{'type': 6, 'value': 99014}], 'pet_breed_id': 3, 'pet_level': 1, 'pet_quality_id': 2, 'pet_species_id': 2953}"
1758827790,VERY_LONG,,1,50000000,,"{'id': 82800, 'context': 0, 'modifiers': [{'type': 6, 'value': 93753}], 'pet_breed_id': 13, 'pet_level': 1, 'pet_quality_id': 2, 'pet_species_id': 2935}"
1758827793,VERY_LONG,,1,37300000,,"{'id': 82800, 'context': 0, 'modifiers': [{'type': 6, 'value': 58613}], 'pet_breed_id': 13, 'pet_level': 1, 'pet_quality_id': 3, 'pet_species_id': 1577}"
1758827796,VERY_LONG,,1,38500000,,"{'id': 82800, 'context': 0, 'modifiers': [{'type': 6, 'value': 61884}], 'pet_breed_id': 6, 'pet_level': 1, 'pet_quality_id': 3, 'pet_species_id': 1622}"
1758827799,VERY_LONG,,1,3450000,,"{'id': 82800, 'context': 0, 'modifiers': [{'type': 6, 'value': 86136}], 'pet_breed_id': 8, 'pet_level': 1, 'pet_quality_id': 2, 'pet_species_id': 2188}"
1758827804,VERY_LONG,,1,62057400,,"{'id': 82800, 'context': 0, 'modifiers': [{'type': 6, 'value': 39739}], 'pet_breed_id': 21, 'pet_level': 1, 'pet_quality_id': 3, 'pet_species_id': 2584}"
1758827807,VERY_LONG,,1,23999700,,"{'id': 82800, 'context': 0, 'pet_breed_id': 8, 'pet_level': 1, 'pet_quality_id': 3, 'pet_species_id': 1962}"
1758827809,VERY_LONG,,1,69307600,,"{'id': 82800, 'context': 0, 'modifiers': [{'type': 6, 'value': 58617}], 'pet_breed_id': 21, 'pet_level': 1, 'pet_quality_id': 3, 'pet_species_id': 1458}"
1758827812,VERY_LONG,,1,20000000,,"{'id': 82800, 'context': 0, 'modifiers': [{'type': 6, 'value': 66487}], 'pet_breed_id': 7, 'pet_level': 1, 'pet_quality_id': 3, 'pet_species_id': 2551}"
1758827816,VERY_LONG,,1,20087100,,"{'id': 82800, 'context': 0, 'modifiers': [{'type': 6, 'value': 99917}], 'pet_breed_id': 15, 'pet_level': 1, 'pet_quality_id': 2, 'pet_species_id': 3008}"
1758827821,VERY_LONG,,1,51399200,,"{'id': 82800, 'context': 0, 'modifiers': [{'type': 6, 'value': 57825}], 'pet_breed_id': 14, 'pet_level': 1, 'pet_quality_id': 3, 'pet_species_id': 1434}"
1758827824,VERY_LONG,,1,27000000,,"{'id': 82800, 'context': 0, 'modifiers': [{'type': 6, 'value': 95174}], 'pet_breed_id': 7, 'pet_level': 1, 'pet_quality_id': 3, 'pet_species_id': 2834}"
1758827828,VERY_LONG,,1,49232400,,"{'id': 82800, 'context': 0, 'modifiers': [{'type': 6, 'value': 46810}], 'pet_breed_id': 3, 'pet_level': 1, 'pet_quality_id': 3, 'pet_species_id': 1125}"
1758827832,VERY_LONG,,1,106000000,,"{'id': 82800, 'context': 0, 'modifiers': [{'type': 6, 'value': 68845}], 'pet_breed_id': 3, 'pet_level': 1, 'pet_quality_id': 3, 'pet_species_id': 1929}"
1758827837,VERY_LONG,,1,57650000,,"{'id': 82800, 'context': 0, 'modifiers': [{'type': 6, 'value': 99851}], 'pet_breed_id': 13, 'pet_level': 1, 'pet_quality_id': 2, 'pet_species_id': 2918}"
1758827842,VERY_LONG,,1,42450000,,"{'id': 82800, 'context': 0, 'modifiers': [{'type': 6, 'value': 90176}], 'pet_breed_id': 15, 'pet_level': 1, 'pet_quality_id': 3, 'pet_species_id': 2553}"
1758827844,VERY_LONG,,1,31090000,,"{'id': 82800, 'context': 0, 'modifiers': [{'type': 6, 'value': 88766}], 'pet_breed_id': 22, 'pet_level': 1, 'pet_quality_id': 3, 'pet_species_id': 2713}"
1758827848,VERY_LONG,,1,126289900,,"{'id': 82800, 'context': 0, 'modifiers': [{'type': 6, 'value': 39137}], 'pet_breed_id': 8, 'pet_level': 1, 'pet_quality_id': 3, 'pet_species_id': 343}"
1758827850,VERY_LONG,,1,60280000,,"{'id': 82800, 'context': 0, 'modifiers': [{'type': 6, 'value': 33512}], 'pet_breed_id': 4, 'pet_level': 1, 'pet_quality_id': 2, 'pet_species_id': 261}"
1758827857,VERY_LONG,,1,79980000,,"{'id': 82800, 'context': 0, 'modifiers': [{'type': 6, 'value': 88019}], 'pet_breed_id': 11, 'pet_level': 1, 'pet_quality_id': 3, 'pet_species_id': 2696}"
1758827860,VERY_LONG,,1,19449800,,"{'id': 82800, 'context': 0, 'modifiers': [{'type': 6, 'value': 48666}], 'pet_breed_id': 3, 'pet_level': 1, 'pet_quality_id': 3, 'pet_species_id': 1231}"
1758827863,VERY_LONG,,1,7559900,,"{'id': 82800, 'context': 0, 'pet_breed_id': 3, 'pet_level': 1, 'pet_quality_id': 3, 'pet_species_id': 1960}"
1758827866,VERY_LONG,,1,115802600,110012500,"{'id': 164282, 'context': 0}"
1758827869,VERY_LONG,,1,33480000,,"{'id': 82800, 'context': 0, 'modifiers': [{'type': 6, 'value': 90411}], 'pet_breed_id': 18, 'pet_level': 1, 'pet_quality_id': 2, 'pet_species_id': 2530}"
1758827870,VERY_LONG,,1,13000000,,"{'id': 82800, 'context': 0, 'modifiers': [{'type': 6, 'value': 90183}], 'pet_breed_id': 18, 'pet_level': 1, 'pet_quality_id': 3, 'pet_species_id': 2560}"
1758827876,VERY_LONG,,1,41050000,,"{'id': 82800, 'context': 0, 'modifiers': [{'type': 6, 'value': 36901}], 'pet_breed_id': 3, 'pet_level': 1, 'pet_quality_id': 2, 'pet_species_id': 292}"
1758827880,VERY_LONG,,1,106000000,,"{'id': 82800, 'context': 0, 'modifiers': [{'type': 6, 'value': 81984}], 'pet_breed_id': 3, 'pet_level': 1, 'pet_quality_id': 3, 'pet_species_id': 2157}"
1758827885,VERY_LONG,,1,27990000,,"{'id': 82800, 'context': 0, 'modifiers': [{'type': 6, 'value': 90142}], 'pet_breed_id': 9, 'pet_level': 1, 'pet_quality_id': 3, 'pet_species_id': 2550}"
1758827888,VERY_LONG,,1,7780000,,"{'id': 82800, 'context': 0, 'modifiers': [{'type': 6, 'value': 79797}], 'pet_breed_id': 4, 'pet_level': 1, 'pet_quality_id': 3, 'pet_species_id': 2119}"
1758827891,VERY_LONG,,1,35525000,,"{'id': 82800, 'context': 0, 'modifiers': [{'type': 6, 'value': 60820}], 'pet_breed_id': 18, 'pet_level': 1, 'pet_quality_id': 3, 'pet_species_id': 1567}"
1758827893,VERY_LONG,,1,34500000,,"{'id': 82800, 'context': 0, 'modifiers': [{'type': 6, 'value': 79637}], 'pet_breed_id': 21, 'pet_level': 1, 'pet_quality_id': 3, 'pet_species_id': 2082}"
1758827897,VERY_LONG,,1,55049800,,"{'id': 82800, 'context': 0, 'modifiers': [{'type': 6, 'value': 86805}], 'pet_breed_id': 19, 'pet_level': 1, 'pet_quality_id': 2, 'pet_species_id': 2411}"
1758827899,VERY_LONG,,1,164500000,,"{'id': 82800, 'context': 0, 'modifiers': [{'type': 6, 'value': 48651}], 'pet_breed_id': 8, 'pet_level': 1, 'pet_quality_id': 3, 'pet_species_id': 1237}"
1758827901,VERY_LONG,,1,31000000,,"{'id': 82800, 'context': 0, 'modifiers': [{'type': 6, 'value': 87862}], 'pet_breed_id': 11, 'pet_level': 1, 'pet_quality_id': 3, 'pet_species_id': 2432}"
1758827908,VERY_LONG,,1,84990000,,"{'id': 82800, 'context': 0, 'modifiers': [{'type': 6, 'value': 91114}], 'pet_breed_id': 9, 'pet_level': 1, 'pet_quality_id': 3, 'pet_species_id': 2700}"
1758827910,VERY_LONG,,1,64500000,,"{'id': 82800, 'context': 0, 'modifiers': [{'type': 6, 'value': 48661}], 'pet_breed_id': 10, 'pet_level': 1, 'pet_quality_id': 3, 'pet_species_id': 1232}"
1758828055,VERY_LONG,609400,22,,,{'id': 173204}
1758828095,VERY_LONG,,1,15000000,,"{'id': 128807, 'context': 0, 'modifiers': [{'type': 28, 'value': 435}]}"
1758828097,VERY_LONG,,1,15000000,,"{'id': 128807, 'context': 0, 'modifiers': [{'type': 28, 'value': 435}]}"
1758828100,VERY_LONG,,1,15000000,,"{'id': 128807, 'context': 0, 'modifiers': [{'type': 28, 'value': 435}]}"
1758829103,VERY_LONG,,1,15000000,,"{'id': 128807, 'context': 0, 'modifiers': [{'type': 28, 'value': 435}]}"
1758829105,VERY_LONG,,1,15000000,,"{'id': 128807, 'context': 0, 'modifiers': [{'type': 28, 'value': 435}]}"
1758829107,VERY_LONG,,1,15000000,,"{'id': 128807, 'context': 0, 'modifiers': [{'type': 28, 'value': 435}]}"
1758829344,VERY_LONG,,1,89870000,,"{'id': 173247, 'context': 66, 'bonus_lists': [6758, 1532]}"
1758829491,VERY_LONG,,1,89740000,,"{'id': 173244, 'context': 66, 'bonus_lists': [6758, 1532]}"
1758829500,VERY_LONG,300000,2,,,{'id': 172096}
1758829669,VERY_LONG,7190000,5,,,{'id': 172097}
1758829769,VERY_LONG,300,6,,,{'id': 171840}
1758829793,VERY_LONG,87700,198,,,{'id': 172089}
1758831550,VERY_LONG,140000,12,,,{'id': 169701}
1758831949,VERY_LONG,140000,534,,,{'id': 169701}
1758833132,VERY_LONG,8000600,1,,,{'id': 123956}
1758833194,VERY_LONG,1370000,38,,,{'id': 171428}
1758833306,VERY_LONG,,1,5000100,,"{'id': 93195, 'context': 0}"
1758833319,VERY_LONG,103900,8,,,{'id': 172357}
1758833347,VERY_LONG,264000,3,,,{'id': 172414}
1758833351,VERY_LONG,,1,36200100,,"{'id': 82800, 'context': 0, 'modifiers': [{'type': 6, 'value': 90029}], 'pet_breed_id': 5, 'pet_level': 1, 'pet_quality_id': 3, 'pet_species_id': 2539}"
1758833355,MEDIUM,585000,44,,,{'id': 36916}
1758833360,VERY_LONG,,1,6640000,,"{'id': 82800, 'context': 0, 'modifiers': [{'type': 6, 'value': 65130}], 'pet_breed_id': 21, 'pet_level': 1, 'pet_quality_id': 2, 'pet_species_id': 1727}"
1758833375,VERY_LONG,,1,76677200,,"{'id': 82800, 'context': 0, 'modifiers': [{'type': 6, 'value': 5187}], 'pet_breed_id': 4, 'pet_level': 1, 'pet_quality_id': 3, 'pet_species_id': 2545}"
1758833392,VERY_LONG,,1,33330000,,"{'id': 82800, 'context': 0, 'modifiers': [{'type': 6, 'value': 59352}], 'pet_breed_id': 19, 'pet_level': 1, 'pet_quality_id': 3, 'pet_species_id': 1524}"
1758833413,VERY_LONG,,1,28400,,"{'id': 3609, 'context': 0, 'modifiers': [{'type': 28, 'value': 73}]}"
1758833424,VERY_LONG,,1,576200,,"{'id': 2575, 'context': 11, 'modifiers': [{'type': 28, 'value': 73}]}"
1758833436,VERY_LONG,369000,7,,,{'id': 162515}
1758833450,VERY_LONG,,1,78178800,,"{'id': 82800, 'context': 0, 'modifiers': [{'type': 6, 'value': 37949}], 'pet_breed_id': 18, 'pet_level': 1, 'pet_quality_id': 3, 'pet_species_id': 1927}"
1758833466,VERY_LONG,,1,410000,,"{'id': 16851, 'context': 0, 'modifiers': [{'type': 28, 'value': 1004}]}"
1758833483,VERY_LONG,,1,177200100,,"{'id': 82800, 'context': 0, 'modifiers': [{'type': 6, 'value': 90279}], 'pet_breed_id': 8, 'pet_level': 1, 'pet_quality_id': 3, 'pet_species_id': 2564}"
1758833492,VERY_LONG,,1,9999900,,"{'id': 3428, 'context': 14}"
1758833494,VERY_LONG,,1,9999900,,"{'id': 3428, 'context': 14}"
1758833504,VERY_LONG,,1,9999900,,"{'id': 3428, 'context': 14}"
1758833514,VERY_LONG,500000,14,,,{'id': 44958}
1758833557,VERY_LONG,,1,198000100,,"{'id': 166744, 'context': 14, 'modifiers': [{'type': 28, 'value': 464}]}"
1758833579,VERY_LONG,4600,85,,,{'id': 20864}
1758833592,VERY_LONG,257000,1,,,{'id': 72103}
1758833612,VERY_LONG,,1,2830000,,"{'id': 82800, 'context': 0, 'modifiers': [{'type': 6, 'value': 99114}], 'pet_breed_id': 8, 'pet_level': 1, 'pet_quality_id': 3, 'pet_species_id': 3046}"
1758833624,VERY_LONG,,1,49755500,,"{'id': 141322, 'context': 0}"
1758833643,VERY_LONG,,1,6982200,,"{'id': 50450, 'context': 0, 'modifiers': [{'type': 28, 'value': 1023}]}"
1758833668,VERY_LONG,4600,78,,,{'id': 20863}
1758833688,VERY_LONG,,1,6400000,,"{'id': 47623, 'context': 0}"
1758833708,VERY_LONG,,1,149997600,,"{'id': 142265, 'context': 0, 'modifiers': [{'type': 28, 'value': 347}]}"
1758833710,VERY_LONG,,1,3810000,,"{'id': 82800, 'context': 0, 'modifiers': [{'type': 6, 'value': 19600}], 'pet_breed_id': 17, 'pet_level': 1, 'pet_quality_id': 2, 'pet_species_id': 136}"
1758833750,VERY_LONG,1009100,4,,,{'id': 20876}
1758833771,VERY_LONG,,1,63200,,"{'id': 32753, 'context': 0}"
1758833787,VERY_LONG,4600,72,,,{'id': 20860}
1758833809,VERY_LONG,2450000,2,,,{'id': 76087}
1758833829,VERY_LONG,90500,17,,,{'id': 179271}
1758833854,VERY_LONG,,1,1200000,,"{'id': 12704, 'context': 0}"
1758833857,VERY_LONG,,1,1450000,,"{'id': 71367, 'context': 5, 'modifiers': [{'type': 28, 'value': 1029}]}"
1758833883,VERY_LONG,,1,19990000,,"{'id': 82800, 'context': 0, 'modifiers': [{'type': 6, 'value': 99916}], 'pet_breed_id': 13, 'pet_level': 1, 'pet_quality_id': 2, 'pet_species_id': 2959}"
1758833932,VERY_LONG,,1,21002100,,"{'id': 118854, 'context': 0, 'bonus_lists': [6658], 'modifiers': [{'type': 9, 'value': 31}, {'type': 28, 'value': 1764}]}"
1758833943,VERY_LONG,,1,1770000,,"{'id': 16827, 'context': 0, 'modifiers': [{'type': 28, 'value': 1004}]}"
1758833952,VERY_LONG,750000,2,,,{'id': 153711}
1758833958,VERY_LONG,,1,882600,,"{'id': 87409, 'context': 0}"
1758833971,VERY_LONG,,1,1800000,,"{'id': 16840, 'context': 0, 'modifiers': [{'type': 28, 'value': 1004}]}"
1758833972,VERY_LONG,150500,3,,,{'id': 63303}
1758834004,MEDIUM,,1,48990100,,"{'id': 82800, 'context': 0, 'modifiers': [{'type': 6, 'value': 45386}], 'pet_breed_id': 5, 'pet_level': 1, 'pet_quality_id': 3, 'pet_species_id': 844}"
1758834006,VERY_LONG,,1,79000,,"{'id': 12682, 'context': 0}"
1758834011,MEDIUM,,1,48990100,,"{'id': 82800, 'context': 0, 'modifiers': [{'type': 6, 'value': 45386}], 'pet_breed_id': 5, 'pet_level': 1, 'pet_quality_id': 3, 'pet_species_id': 844}"
1758834030,VERY_LONG,,1,500,,"{'id': 82800, 'context': 0, 'modifiers': [{'type': 6, 'value': 31073}], 'pet_breed_id': 3, 'pet_level': 1, 'pet_quality_id': 2, 'pet_species_id': 251}"
1758834047,VERY_LONG,,1,9004500,,"{'id': 82800, 'context': 0, 'modifiers': [{'type': 6, 'value': 71835}], 'pet_breed_id': 8, 'pet_level': 1, 'pet_quality_id': 3, 'pet_species_id': 1721}"
1758834066,VERY_LONG,,1,3451600,,"{'id': 16817, 'context': 0, 'modifiers': [{'type': 28, 'value': 1004}]}"
1758834130,VERY_LONG,,1,9000005100,,"{'id': 32658, 'context': 0}"
1758834145,VERY_LONG,4372100,1,,,{'id': 18640}
1758834162,VERY_LONG,,1,20881100,,"{'id': 37781, 'context': 0}"
1758834171,VERY_LONG,1000,1,,,{'id': 163782}
1758834183,VERY_LONG,4600,69,,,{'id': 20865}
1758834194,VERY_LONG,,1,509800,,"{'id': 12694, 'context': 0}"
1758834211,VERY_LONG,,1,900000,,"{'id': 82800, 'context': 0, 'modifiers': [{'type': 6, 'value': 61548}], 'pet_breed_id': 5, 'pet_level': 1, 'pet_quality_id': 2, 'pet_species_id': 1538}"
1758834736,MEDIUM,80000,2,,,{'id': 12799}
1758836485,VERY_LONG,,1,1442311100,,"{'id': 163576, 'context': 0, 'modifiers': [{'type': 28, 'value': 872}]}"
1758836687,VERY_LONG,7039800,1,,,{'id': 180317}
1758836720,VERY_LONG,799000,20,,,{'id': 172045}
1758836908,VERY_LONG,8500,20,,,{'id': 72235}
1758836943,VERY_LONG,4400,121,,,{'id': 152542}
1758836964,VERY_LONG,140000,48,,,{'id': 169701}
1758836993,VERY_LONG,400000,4,,,{'id': 168487}
1758837015,VERY_LONG,,1,1130455300,,"{'id': 184799, 'context': 0, 'bonus_lists': [6652, 1472, 6646], 'modifiers': [{'type': 28, 'value': 1707}]}"
1758837023,VERY_LONG,45000,3,,,{'id': 152507}
1758837038,VERY_LONG,799000,82,,,{'id': 172045}
1758837083,VERY_LONG,20100,43,,,{'id': 154722}
1758838107,VERY_LONG,129600,6,,,{'id': 168649}
1758838118,VERY_LONG,7800,3,,,{'id': 167738}
1758838163,VERY_LONG,43300,11,,,{'id': 179315}
1758838182,VERY_LONG,7500,3,,,{'id': 172052}
1758838195,VERY_LONG,16500,3,,,{'id': 179314}
1758838220,VERY_LONG,20100,4,,,{'id': 172054}
1758838286,VERY_LONG,2500,22,,,{'id': 154899}
1758838332,VERY_LONG,35000,19,,,{'id': 53070}
1758838374,VERY_LONG,2200,19,,,{'id': 168650}
1758838486,VERY_LONG,,1,2000000,,"{'id': 176794, 'context': 0, 'bonus_lists': [6908, 6652, 1702], 'modifiers': [{'type': 9, 'value': 60}, {'type': 28, 'value': 1707}]}"
1758838552,VERY_LONG,199900,20,,,{'id': 133576}
1758838566,VERY_LONG,,1,2000000,,"{'id': 176794, 'context': 0, 'bonus_lists': [6908, 6652, 1678], 'modifiers': [{'type': 9, 'value': 60}, {'type': 28, 'value': 1707}]}"
1758838652,VERY_LONG,9800,5,,,{'id': 152576}
1758838750,VERY_LONG,10939900,10,,,{'id': 173049}
1758838776,VERY_LONG,18996000,1,,,{'id': 173067}
1758840298,VERY_LONG,67700,75,,,{'id': 172089}
1758840402,VERY_LONG,3000000,8,,,{'id': 181468}
1758840479,VERY_LONG,,1,8000000,,"{'id': 173246, 'context': 63, 'bonus_lists': [6716, 1487]}"
1758840481,VERY_LONG,,1,8000000,,"{'id': 173246, 'context': 63, 'bonus_lists': [6716, 1487]}"
1758840625,VERY_LONG,,1,110000000,,"{'id': 171412, 'context': 65, 'bonus_lists': [6718, 1522]}"
1758842918,MEDIUM,9900000,20,,,{'id': 172042}
1758842954,MEDIUM,799000,79,,,{'id': 172045}
1758842982,MEDIUM,1027800,252,,,{'id': 172041}
1758843004,MEDIUM,484900,231,,,{'id': 172049}
1758843034,MEDIUM,514900,200,,,{'id': 172051}
1758843074,MEDIUM,,1,500000000,,"{'id': 95416, 'context': 0, 'modifiers': [{'type': 28, 'value': 872}]}"
1758844105,MEDIUM,450000,419,,,{'id': 173034}
1758844223,VERY_LONG,,1,1150000000,,"{'id': 182982, 'context': 5, 'bonus_lists': [7188, 6652, 7193, 1485, 6646], 'modifiers': [{'type': 28, 'value': 752}]}"
1758845130,VERY_LONG,,1,37106500,,"{'id': 111402, 'context': 4}"
1758845138,VERY_LONG,7500,4,,,{'id': 172052}
1758845410,VERY_LONG,,1,49990000,,"{'id': 82800, 'context': 0, 'modifiers': [{'type': 6, 'value': 83052}], 'pet_breed_id': 16, 'pet_level': 1, 'pet_quality_id': 2, 'pet_species_id': 2429}"
1758845435,VERY_LONG,,1,155559900,,"{'id': 82800, 'context': 0, 'modifiers': [{'type': 6, 'value': 90412}], 'pet_breed_id': 15, 'pet_level': 1, 'pet_quality_id': 3, 'pet_species_id': 2565}"
1758845550,MEDIUM,9990000,1,,,{'id': 173085}
1758845552,VERY_LONG,,1,25000000,,"{'id': 173222, 'context': 0, 'bonus_lists': [6893, 7224], 'modifiers': [{'type': 9, 'value': 60}, {'type': 28, 'value': 391}, {'type': 29, 'value': 49}, {'type': 30, 'value': 40}]}"
1758845554,VERY_LONG,,1,25000000,,"{'id': 171442, 'context': 13, 'bonus_lists': [6893, 7224], 'modifiers': [{'type': 9, 'value': 52}, {'type': 28, 'value': 391}, {'type': 29, 'value': 32}, {'type': 30, 'value': 40}]}"
1758845556,VERY_LONG,,1,25000000,,"{'id': 171442, 'context': 13, 'bonus_lists': [6893, 7224], 'modifiers': [{'type': 9, 'value': 52}, {'type': 28, 'value': 391}, {'type': 29, 'value': 49}, {'type': 30, 'value': 32}]}"
1758845559,VERY_LONG,,1,99990000,,"{'id': 171442, 'context': 13, 'bonus_lists': [6893, 7185], 'modifiers': [{'type': 9, 'value': 60}, {'type': 28, 'value': 391}, {'type': 29, 'value': 36}, {'type': 30, 'value': 32}]}"
1758845561,VERY_LONG,,1,25000000,,"{'id': 171442, 'context': 13, 'bonus_lists': [6893, 7224], 'modifiers': [{'type': 9, 'value': 52}, {'type': 28, 'value': 391}, {'type': 29, 'value': 36}, {'type': 30, 'value': 49}]}"
1758845564,MEDIUM,2499500,40,,,{'id': 173173}
1758845566,VERY_LONG,1820000,5,,,{'id': 7081}
1758845568,MEDIUM,49990000,1,,,{'id': 173072}
1758845570,VERY_LONG,,1,25000000,,"{'id': 171448, 'context': 13, 'bonus_lists': [6893, 7224], 'modifiers': [{'type': 9, 'value': 52}, {'type': 28, 'value': 391}, {'type': 29, 'value': 40}, {'type': 30, 'value': 49}]}"
1758845572,VERY_LONG,18996000,1,,,{'id': 173067}
1758845575,VERY_LONG,,1,99990000,,"{'id': 171448, 'context': 13, 'bonus_lists': [6893, 7185], 'modifiers': [{'type': 9, 'value': 60}, {'type': 28, 'value': 391}, {'type': 29, 'value': 36}, {'type': 30, 'value': 40}]}"
1758845576,VERY_LONG,,1,54441700,,"{'id': 172250, 'context': 13, 'bonus_lists': [6893, 7185], 'modifiers': [{'type': 9, 'value': 60}, {'type': 28, 'value': 391}, {'type': 29, 'value': 32}, {'type': 30, 'value': 49}]}"
1758845582,VERY_LONG,,1,80000000,,"{'id': 172255, 'context': 13, 'bonus_lists': [6893, 7185], 'modifiers': [{'type': 9, 'value': 60}, {'type': 28, 'value': 391}, {'type': 29, 'value': 49}, {'type': 30, 'value': 36}]}"
1758845587,VERY_LONG,,1,99990000,,"{'id': 172262, 'context': 13, 'bonus_lists': [6893, 7185], 'modifiers': [{'type': 9, 'value': 60}, {'type': 28, 'value': 391}, {'type': 29, 'value': 49}, {'type': 30, 'value': 40}]}"
1758845588,VERY_LONG,,1,99990000,,"{'id': 172262, 'context': 13, 'bonus_lists': [6893, 7185], 'modifiers': [{'type': 9, 'value': 60}, {'type': 28, 'value': 391}, {'type': 29, 'value': 40}, {'type': 30, 'value': 32}]}"
1758845593,VERY_LONG,,1,39000000,,"{'id': 172262, 'context': 13, 'bonus_lists': [6893, 7185], 'modifiers': [{'type': 9, 'value': 60}, {'type': 28, 'value': 391}, {'type': 29, 'value': 36}, {'type': 30, 'value': 49}]}"
1758845595,VERY_LONG,,1,39000000,,"{'id': 172262, 'context': 13, 'bonus_lists': [6893, 7185], 'modifiers': [{'type': 9, 'value': 60}, {'type': 28, 'value': 391}, {'type': 29, 'value': 40}, {'type': 30, 'value': 36}]}"
1758845599,VERY_LONG,,1,39000000,,"{'id': 172264, 'context': 13, 'bonus_lists': [6893, 7185], 'modifiers': [{'type': 9, 'value': 60}, {'type': 28, 'value': 391}, {'type': 29, 'value': 36}, {'type': 30, 'value': 40}]}"
1758845601,VERY_LONG,,1,35000000,,"{'id': 172259, 'context': 13, 'bonus_lists': [6893, 7185], 'modifiers': [{'type': 9, 'value': 60}, {'type': 28, 'value': 391}, {'type': 29, 'value': 36}, {'type': 30, 'value': 32}]}"
1758845603,VERY_LONG,,1,36000000,,"{'id': 172259, 'context': 13, 'bonus_lists': [6893, 7185], 'modifiers': [{'type': 9, 'value': 60}, {'type': 28, 'value': 391}, {'type': 29, 'value': 32}, {'type': 30, 'value': 40}]}"
1758845607,VERY_LONG,,1,35000000,,"{'id': 172259, 'context': 13, 'bonus_lists': [6893, 7185], 'modifiers': [{'type': 9, 'value': 60}, {'type': 28, 'value': 391}, {'type': 29, 'value': 49}, {'type': 30, 'value': 36}]}"
1758845610,VERY_LONG,,1,35000000,,"{'id': 172259, 'context': 13, 'bonus_lists': [6893, 7185], 'modifiers': [{'type': 9, 'value': 60}, {'type': 28, 'value': 391}, {'type': 29, 'value': 49}, {'type': 30, 'value': 40}]}"
1758845613,VERY_LONG,,1,703100,,"{'id': 173197, 'context': 0, 'bonus_lists': [6887], 'modifiers': [{'type': 9, 'value': 60}, {'type': 28, 'value': 391}, {'type': 29, 'value': 36}, {'type': 30, 'value': 32}]}"
1758845616,VERY_LONG,,1,703100,,"{'id': 173197, 'context': 0, 'bonus_lists': [6887], 'modifiers': [{'type': 9, 'value': 60}, {'type': 28, 'value': 391}, {'type': 29, 'value': 40}, {'type': 30, 'value': 36}]}"
1758845619,VERY_LONG,,1,99990000,,"{'id': 172261, 'context': 13, 'bonus_lists': [6893, 7185], 'modifiers': [{'type': 9, 'value': 60}, {'type': 28, 'value': 391}, {'type': 29, 'value': 36}, {'type': 30, 'value': 49}]}"
1758845620,VERY_LONG,,1,26980000,,"{'id': 173219, 'context': 0, 'bonus_lists': [6893, 7185], 'modifiers': [{'type': 9, 'value': 60}, {'type': 28, 'value': 391}, {'type': 29, 'value': 32}, {'type': 30, 'value': 36}]}"
1758845623,VERY_LONG,,1,26980000,,"{'id': 173219, 'context': 0, 'bonus_lists': [6893, 7185], 'modifiers': [{'type': 9, 'value': 60}, {'type': 28, 'value': 391}, {'type': 29, 'value': 36}, {'type': 30, 'value': 40}]}"
1758845628,VERY_LONG,,1,26979000,,"{'id': 173219, 'context': 0, 'bonus_lists': [6893, 7185], 'modifiers': [{'type': 9, 'value': 60}, {'type': 28, 'value': 391}, {'type': 29, 'value': 40}, {'type': 30, 'value': 49}]}"
1758845630,VERY_LONG,,1,39990000,,"{'id': 173145, 'context': 13, 'bonus_lists': [7180], 'modifiers': [{'type': 9, 'value': 60}, {'type': 29, 'value': 40}]}"
1758845633,VERY_LONG,,1,25000000,,"{'id': 173145, 'context': 13, 'bonus_lists': [7224], 'modifiers': [{'type': 9, 'value': 60}, {'type': 29, 'value': 40}]}"
1758845636,VERY_LONG,,1,25000000,,"{'id': 171449, 'context': 13, 'bonus_lists': [6893, 7224], 'modifiers': [{'type': 9, 'value': 52}, {'type': 28, 'value': 391}, {'type': 29, 'value': 36}, {'type': 30, 'value': 49}]}"
1758845643,VERY_LONG,,1,25000000,,"{'id': 171449, 'context': 13, 'bonus_lists': [6893, 7224], 'modifiers': [{'type': 9, 'value': 52}, {'type': 28, 'value': 391}, {'type': 29, 'value': 36}, {'type': 30, 'value': 40}]}"
1758845645,VERY_LONG,,1,25000000,,"{'id': 173144, 'context': 13, 'bonus_lists': [7224], 'modifiers': [{'type': 9, 'value': 60}, {'type': 29, 'value': 49}]}"
1758845648,VERY_LONG,1270000,1,,,{'id': 173123}
1758845650,VERY_LONG,,1,11000000,,"{'id': 173216, 'context': 0, 'bonus_lists': [6893, 7185], 'modifiers': [{'type': 9, 'value': 60}, {'type': 28, 'value': 391}, {'type': 29, 'value': 32}, {'type': 30, 'value': 49}]}"
1758845652,VERY_LONG,,1,11000000,,"{'id': 173216, 'context': 0, 'bonus_lists': [6893, 7185], 'modifiers': [{'type': 9, 'value': 60}, {'type': 28, 'value': 391}, {'type': 29, 'value': 36}, {'type': 30, 'value': 32}]}"
1758845653,VERY_LONG,,1,39990000,,"{'id': 173146, 'context': 13, 'bonus_lists': [7180], 'modifiers': [{'type': 9, 'value': 60}, {'type': 29, 'value': 32}]}"
1758845659,VERY_LONG,,1,39990000,,"{'id': 173147, 'context': 13, 'bonus_lists': [7180], 'modifiers': [{'type': 9, 'value': 60}, {'type': 29, 'value': 40}]}"
1758845661,VERY_LONG,,1,39990000,,"{'id': 173147, 'context': 13, 'bonus_lists': [7180], 'modifiers': [{'type': 9, 'value': 60}, {'type': 29, 'value': 49}]}"
1758845664,VERY_LONG,,1,99990000,,"{'id': 171446, 'context': 13, 'bonus_lists': [6893, 7185], 'modifiers': [{'type': 9, 'value': 60}, {'type': 28, 'value': 391}, {'type': 29, 'value': 36}, {'type': 30, 'value': 49}]}"
1758845667,VERY_LONG,,1,58036700,,"{'id': 171446, 'context': 13, 'bonus_lists': [6893, 7185], 'modifiers': [{'type': 9, 'value': 60}, {'type': 28, 'value': 391}, {'type': 29, 'value': 32}, {'type': 30, 'value': 40}]}"
1758845669,VERY_LONG,,1,99990000,,"{'id': 171446, 'context': 13, 'bonus_lists': [6893, 7185], 'modifiers': [{'type': 9, 'value': 60}, {'type': 28, 'value': 391}, {'type': 29, 'value': 32}, {'type': 30, 'value': 49}]}"
1758845670,MEDIUM,89005100,1,,,{'id': 173090}
1758845679,MEDIUM,29005100,1,,,{'id': 173094}
1758845685,VERY_LONG,,1,25000000,,"{'id': 173132, 'context': 13, 'bonus_lists': [7224], 'modifiers': [{'type': 9, 'value': 60}, {'type': 29, 'value': 36}]}"
1758845688,VERY_LONG,,1,39000000,,"{'id': 172256, 'context': 13, 'bonus_lists': [6893, 7185], 'modifiers': [{'type': 9, 'value': 60}, {'type': 28, 'value': 391}, {'type': 29, 'value': 32}, {'type': 30, 'value': 49}]}"
1758845695,VERY_LONG,,1,99990000,,"{'id': 172263, 'context': 13, 'bonus_lists': [6893, 7185], 'modifiers': [{'type': 9, 'value': 60}, {'type': 28, 'value': 391}, {'type': 29, 'value': 36}, {'type': 30, 'value': 40}]}"
1758845698,VERY_LONG,,1,39001200,,"{'id': 172263, 'context': 13, 'bonus_lists': [6893, 7185], 'modifiers': [{'type': 9, 'value': 60}, {'type': 28, 'value': 391}, {'type': 29, 'value': 40}, {'type': 30, 'value': 32}]}"
1758845702,VERY_LONG,,1,52956400,,"{'id': 172263, 'context': 13, 'bonus_lists': [6893, 7185], 'modifiers': [{'type': 9, 'value': 60}, {'type': 28, 'value': 391}, {'type': 29, 'value': 32}, {'type': 30, 'value': 49}]}"
1758845707,VERY_LONG,,1,1130000,,"{'id': 173199, 'context': 0, 'bonus_lists': [6890], 'modifiers': [{'type': 9, 'value': 60}, {'type': 28, 'value': 391}, {'type': 29, 'value': 49}, {'type': 30, 'value': 36}]}"
1758845710,VERY_LONG,,1,1130000,,"{'id': 173199, 'context': 0, 'bonus_lists': [6890], 'modifiers': [{'type': 9, 'value': 60}, {'type': 28, 'value': 391}, {'type': 29, 'value': 36}, {'type': 30, 'value': 32}]}"
1758845715,VERY_LONG,,1,99990000,,"{'id': 172258, 'context': 13, 'bonus_lists': [6893, 7185], 'modifiers': [{'type': 9, 'value': 60}, {'type': 28, 'value': 391}, {'type': 29, 'value': 32}, {'type': 30, 'value': 40}]}"
1758845718,VERY_LONG,,1,99990000,,"{'id': 172258, 'context': 13, 'bonus_lists': [6893, 7185], 'modifiers': [{'type': 9, 'value': 60}, {'type': 28, 'value': 391}, {'type': 29, 'value': 36}, {'type': 30, 'value': 49}]}"
1758845723,VERY_LONG,,1,25000000,,"{'id': 171374, 'context': 13, 'bonus_lists': [6890, 7224], 'modifiers': [{'type': 9, 'value': 52}, {'type': 28, 'value': 391}, {'type': 29, 'value': 49}, {'type': 30, 'value': 40}]}"
1758845727,VERY_LONG,,1,38506100,,"{'id': 172260, 'context': 13, 'bonus_lists': [6893, 7185], 'modifiers': [{'type': 9, 'value': 60}, {'type': 28, 'value': 391}, {'type': 29, 'value': 32}, {'type': 30, 'value': 49}]}"
1758845730,VERY_LONG,,1,38506100,,"{'id': 172260, 'context': 13, 'bonus_lists': [6893, 7185], 'modifiers': [{'type': 9, 'value': 60}, {'type': 28, 'value': 391}, {'type': 29, 'value': 36}, {'type': 30, 'value': 49}]}"
1758845733,MEDIUM,17500000,1,,,{'id': 173080}
1758845740,VERY_LONG,,1,38800000,,"{'id': 171447, 'context': 13, 'bonus_lists': [6893, 7185], 'modifiers': [{'type': 9, 'value': 60}, {'type': 28, 'value': 391}, {'type': 29, 'value': 32}, {'type': 30, 'value': 49}]}"
1758845742,VERY_LONG,,1,99990000,,"{'id': 171447, 'context': 13, 'bonus_lists': [6893, 7185], 'modifiers': [{'type': 9, 'value': 60}, {'type': 28, 'value': 391}, {'type': 29, 'value': 40}, {'type': 30, 'value': 49}]}"
1758845744,VERY_LONG,,1,99990000,,"{'id': 171447, 'context': 13, 'bonus_lists': [6893, 7185], 'modifiers': [{'type': 9, 'value': 60}, {'type': 28, 'value': 391}, {'type': 29, 'value': 36}, {'type': 30, 'value': 32}]}"
1758845748,VERY_LONG,,1,25000000,,"{'id': 171376, 'context': 13, 'bonus_lists': [6887, 7224], 'modifiers': [{'type': 9, 'value': 52}, {'type': 28, 'value': 391}, {'type': 29, 'value': 36}, {'type': 30, 'value': 40}]}"
1758845754,VERY_LONG,100000,1,,,{'id': 173126}
1758845757,VERY_LONG,,1,44153200,,"{'id': 172265, 'context': 13, 'bonus_lists': [6893, 7185], 'modifiers': [{'type': 9, 'value': 60}, {'type': 28, 'value': 391}, {'type': 29, 'value': 36}, {'type': 30, 'value': 32}]}"
1758845764,VERY_LONG,,1,38709100,,"{'id': 172265, 'context': 13, 'bonus_lists': [6893, 7185], 'modifiers': [{'type': 9, 'value': 60}, {'type': 28, 'value': 391}, {'type': 29, 'value': 40}, {'type': 30, 'value': 36}]}"
1758845770,MEDIUM,498400,2,,,{'id': 173130}
1758845772,VERY_LONG,,1,16440000,,"{'id': 173220, 'context': 0, 'bonus_lists': [6893, 7185], 'modifiers': [{'type': 9, 'value': 60}, {'type': 28, 'value': 391}, {'type': 29, 'value': 32}, {'type': 30, 'value': 49}]}"
1758845776,VERY_LONG,,1,16440000,,"{'id': 173220, 'context': 0, 'bonus_lists': [6893, 7185], 'modifiers': [{'type': 9, 'value': 60}, {'type': 28, 'value': 391}, {'type': 29, 'value': 49}, {'type': 30, 'value': 40}]}"
1758845780,VERY_LONG,,1,16450000,,"{'id': 173220, 'context': 0, 'bonus_lists': [6893, 7185], 'modifiers': [{'type': 9, 'value': 60}, {'type': 28, 'value': 391}, {'type': 29, 'value': 49}, {'type': 30, 'value': 36}]}"
1758845787,MEDIUM,898200,2,,,{'id': 173127}
1758845797,VERY_LONG,,1,25000000,,"{'id': 171444, 'context': 13, 'bonus_lists': [6893, 7224], 'modifiers': [{'type': 9, 'value': 52}, {'type': 28, 'value': 391}, {'type': 29, 'value': 32}, {'type': 30, 'value': 49}]}"
1758845803,VERY_LONG,,1,17989500,,"{'id': 173221, 'context': 0, 'bonus_lists': [6893, 7185], 'modifiers': [{'type': 9, 'value': 60}, {'type': 28, 'value': 391}, {'type': 29, 'value': 32}, {'type': 30, 'value': 40}]}"
1758845813,VERY_LONG,,1,38500000,,"{'id': 171445, 'context': 13, 'bonus_lists': [6893, 7185], 'modifiers': [{'type': 9, 'value': 60}, {'type': 28, 'value': 391}, {'type': 29, 'value': 40}, {'type': 30, 'value': 49}]}"
1758845817,VERY_LONG,,1,39990000,,"{'id': 173134, 'context': 13, 'bonus_lists': [7180], 'modifiers': [{'type': 9, 'value': 60}, {'type': 29, 'value': 49}]}"
1758845820,VERY_LONG,,1,25000000,,"{'id': 171443, 'context': 13, 'bonus_lists': [6893, 7224], 'modifiers': [{'type': 9, 'value': 52}, {'type': 28, 'value': 391}, {'type': 29, 'value': 49}, {'type': 30, 'value': 32}]}"
1758845829,VERY_LONG,,1,899990000,,"{'id': 172320, 'context': 64, 'bonus_lists': [6717, 7194, 1507]}"
1758845834,VERY_LONG,,1,399990000,,"{'id': 178927, 'context': 65, 'bonus_lists': [6718, 7194, 1522]}"
1758845838,VERY_LONG,1158045100,1,,,{'id': 173125}
1758845848,MEDIUM,7000000,1,,,{'id': 173082}
1758847169,VERY_LONG,749100,392,,,{'id': 173058}
1758847179,VERY_LONG,,1,900056300,,"{'id': 87251, 'context': 0}"
1758847186,VERY_LONG,9995100,6,,,{'id': 173075}
1758847193,VERY_LONG,30304000,13,,,{'id': 58088}
1758847198,VERY_LONG,1559700,446,,,{'id': 173059}
1758847403,VERY_LONG,140000,119,,,{'id': 169701}
1758847718,VERY_LONG,67700,200,,,{'id': 172089}
1758847733,VERY_LONG,9750000,1,,,{'id': 175924}
1758847761,VERY_LONG,500000,16,,,{'id': 172053}
1758847776,VERY_LONG,67700,200,,,{'id': 172089}
1758847788,VERY_LONG,300000,14,,,{'id': 172096}
1758847802,VERY_LONG,7190000,8,,,{'id': 172097}
1758849279,VERY_LONG,67700,13,,,{'id': 172089}
1758849406,VERY_LONG,67700,167,,,{'id': 172089}
1758849429,VERY_LONG,67700,200,,,{'id': 172089}
1758849440,VERY_LONG,,1,15000700,,"{'id': 13004, 'context': 0, 'bonus_lists': [6659], 'modifiers': [{'type': 9, 'value': 30}, {'type': 28, 'value': 1004}]}"
1758849460,VERY_LONG,,1,27876300,,"{'id': 173145, 'context': 13, 'bonus_lists': [7185], 'modifiers': [{'type': 9, 'value': 60}, {'type': 29, 'value': 40}]}"
1758849463,VERY_LONG,,1,25000000,,"{'id': 171449, 'context': 13, 'bonus_lists': [6893, 7224], 'modifiers': [{'type': 9, 'value': 52}, {'type': 28, 'value': 391}, {'type': 29, 'value': 40}, {'type': 30, 'value': 32}]}"
1758849465,VERY_LONG,,1,25000000,,"{'id': 173144, 'context': 13, 'bonus_lists': [7224], 'modifiers': [{'type': 9, 'value': 60}, {'type': 29, 'value': 32}]}"
1758849468,VERY_LONG,,1,39990000,,"{'id': 173144, 'context': 13, 'bonus_lists': [7180], 'modifiers': [{'type': 9, 'value': 60}, {'type': 29, 'value': 36}]}"
1758849475,VERY_LONG,,1,39990000,,"{'id': 173144, 'context': 13, 'bonus_lists': [7180], 'modifiers': [{'type': 9, 'value': 60}, {'type': 29, 'value': 49}]}"
1758849478,VERY_LONG,,1,39990000,,"{'id': 173144, 'context': 13, 'bonus_lists': [7180], 'modifiers': [{'type': 9, 'value': 60}, {'type': 29, 'value': 32}]}"
1758849484,VERY_LONG,,1,2990000,,"{'id': 173196, 'context': 0, 'bonus_lists': [6887], 'modifiers': [{'type': 9, 'value': 60}, {'type': 28, 'value': 391}, {'type': 29, 'value': 49}, {'type': 30, 'value': 36}]}"
1758849488,VERY_LONG,,1,2990000,,"{'id': 173196, 'context': 0, 'bonus_lists': [6887], 'modifiers': [{'type': 9, 'value': 60}, {'type': 28, 'value': 391}, {'type': 29, 'value': 49}, {'type': 30, 'value': 40}]}"
1758849492,VERY_LONG,,1,2990000,,"{'id': 173196, 'context': 0, 'bonus_lists': [6887], 'modifiers': [{'type': 9, 'value': 60}, {'type': 28, 'value': 391}, {'type': 29, 'value': 32}, {'type': 30, 'value': 49}]}"
1758849499,VERY_LONG,,1,25000000,,"{'id': 171444, 'context': 13, 'bonus_lists': [6893, 7224], 'modifiers': [{'type': 9, 'value': 52}, {'type': 28, 'value': 391}, {'type': 29, 'value': 32}, {'type': 30, 'value': 36}]}"
1758849504,VERY_LONG,,1,99990000,,"{'id': 172260, 'context': 13, 'bonus_lists': [6893, 7185], 'modifiers': [{'type': 9, 'value': 60}, {'type': 28, 'value': 391}, {'type': 29, 'value': 32}, {'type': 30, 'value': 36}]}"
1758849506,VERY_LONG,,1,25000000,,"{'id': 171378, 'context': 13, 'bonus_lists': [6885, 7224], 'modifiers': [{'type': 9, 'value': 52}, {'type': 28, 'value': 391}, {'type': 29, 'value': 32}, {'type': 30, 'value': 40}]}"
1758849510,VERY_LONG,,1,25000000,,"{'id': 171443, 'context': 13, 'bonus_lists': [6893, 7224], 'modifiers': [{'type': 9, 'value': 52}, {'type': 28, 'value': 391}, {'type': 29, 'value': 36}, {'type': 30, 'value': 40}]}"
1758849514,VERY_LONG,,1,25000000,,"{'id': 171443, 'context': 13, 'bonus_lists': [6893, 7224], 'modifiers': [{'type': 9, 'value': 52}, {'type': 28, 'value': 391}, {'type': 29, 'value': 40}, {'type': 30, 'value': 49}]}"
1758849518,VERY_LONG,,1,25000000,,"{'id': 171443, 'context': 13, 'bonus_lists': [6893, 7224], 'modifiers': [{'type': 9, 'value': 52}, {'type': 28, 'value': 391}, {'type': 29, 'value': 49}, {'type': 30, 'value': 36}]}"
1758849523,VERY_LONG,,1,58728800,,"{'id': 173217, 'context': 0, 'bonus_lists': [6893, 7185], 'modifiers': [{'type': 9, 'value': 60}, {'type': 28, 'value': 391}, {'type': 29, 'value': 49}, {'type': 30, 'value': 32}]}"
1758849530,VERY_LONG,,1,25000000,,"{'id': 173222, 'context': 0, 'bonus_lists': [6893, 7224], 'modifiers': [{'type': 9, 'value': 60}, {'type': 28, 'value': 391}, {'type': 29, 'value': 36}, {'type': 30, 'value': 40}]}"
1758849561,VERY_LONG,,1,24000000,,"{'id': 13003, 'context': 0, 'bonus_lists': [6659], 'modifiers': [{'type': 9, 'value': 30}, {'type': 28, 'value': 1004}]}"
1758849617,VERY_LONG,3920000000,1,,,{'id': 36934}
1758849643,VERY_LONG,,1,2500000,,"{'id': 18229, 'context': 0}"
1758849678,VERY_LONG,,1,2500000,,"{'id': 18229, 'context': 0}"
1758849743,VERY_LONG,1341200,1,,,{'id': 182121}
1758849765,VERY_LONG,100,1,,,{'id': 32902}
1758849995,VERY_LONG,,1,153900,,"{'id': 154819, 'context': 0, 'bonus_lists': [6654, 1704], 'modifiers': [{'type': 9, 'value': 50}, {'type': 28, 'value': 190}]}"
1758850022,MEDIUM,,1,8952000,,"{'id': 173193, 'context': 0, 'bonus_lists': [6890, 7224], 'modifiers': [{'type': 9, 'value': 60}, {'type': 28, 'value': 391}, {'type': 29, 'value': 36}, {'type': 30, 'value': 32}]}"
1758850024,MEDIUM,,1,11080000,,"{'id': 173198, 'context': 0, 'bonus_lists': [6885, 7224], 'modifiers': [{'type': 9, 'value': 60}, {'type': 28, 'value': 391}, {'type': 29, 'value': 32}, {'type': 30, 'value': 49}]}"
1758850029,MEDIUM,,1,6906800,,"{'id': 173199, 'context': 0, 'bonus_lists': [6890, 7224], 'modifiers': [{'type': 9, 'value': 60}, {'type': 28, 'value': 391}, {'type': 29, 'value': 36}, {'type': 30, 'value': 40}]}"
1758850057,VERY_LONG,,1,5000000,,"{'id': 154830, 'context': 0, 'bonus_lists': [6654, 1698], 'modifiers': [{'type': 9, 'value': 50}, {'type': 28, 'value': 706}]}"
1758850070,VERY_LONG,,1,151100,,"{'id': 160158, 'context': 0, 'bonus_lists': [6654, 1693], 'modifiers': [{'type': 9, 'value': 50}, {'type': 28, 'value': 191}]}"
1758850082,VERY_LONG,,1,101200,,"{'id': 160137, 'context': 0, 'bonus_lists': [6654, 43, 1715], 'modifiers': [{'type': 9, 'value': 50}, {'type': 28, 'value': 189}]}"
1758850124,VERY_LONG,,1,5000000,,"{'id': 154824, 'context': 0, 'bonus_lists': [6654, 1709], 'modifiers': [{'type': 9, 'value': 50}, {'type': 28, 'value': 190}]}"
1758850148,VERY_LONG,30500000,1,,,{'id': 180457}
1758850160,VERY_LONG,,1,102700,,"{'id': 160121, 'context': 0, 'bonus_lists': [6654, 1714], 'modifiers': [{'type': 9, 'value': 50}, {'type': 28, 'value': 189}]}"
1758850197,VERY_LONG,,1,60000,,"{'id': 121208, 'context': 0, 'bonus_lists': [6654, 1704], 'modifiers': [{'type': 9, 'value': 45}, {'type': 28, 'value': 332}]}"
1758850222,VERY_LONG,,1,301300,,"{'id': 159528, 'context': 0, 'bonus_lists': [6655, 4802, 1686], 'modifiers': [{'type': 9, 'value': 50}, {'type': 28, 'value': 190}]}"
1758850263,VERY_LONG,,1,275980000,150000000,"{'id': 82800, 'context': 0, 'modifiers': [{'type': 6, 'value': 95929}], 'pet_breed_id': 17, 'pet_level': 1, 'pet_quality_id': 2, 'pet_species_id': 2912}"
1758850270,VERY_LONG,,1,5000000,,"{'id': 159488, 'context': 0, 'bonus_lists': [6655, 1709], 'modifiers': [{'type': 9, 'value': 50}, {'type': 28, 'value': 190}]}"
1758850309,VERY_LONG,2990000,5,,,{'id': 181468}
1758850312,VERY_LONG,,1,5000000,,"{'id': 159811, 'context': 0, 'bonus_lists': [6655, 4802, 1686], 'modifiers': [{'type': 9, 'value': 50}, {'type': 28, 'value': 805}]}"
1758850336,VERY_LONG,,1,1500000,,"{'id': 159490, 'context': 0, 'bonus_lists': [6655, 1693], 'modifiers': [{'type': 9, 'value': 50}, {'type': 28, 'value': 189}]}"
1758850356,VERY_LONG,,1,351000,,"{'id': 159609, 'context': 0, 'bonus_lists': [6655, 1711], 'modifiers': [{'type': 9, 'value': 50}, {'type': 28, 'value': 190}]}"
1758850382,VERY_LONG,,1,198100,,"{'id': 160153, 'context': 0, 'bonus_lists': [6654, 42, 1682], 'modifiers': [{'type': 9, 'value': 50}, {'type': 28, 'value': 191}]}"
1758850393,VERY_LONG,405000,9963,,,{'id': 168586}
1758850403,VERY_LONG,,1,108500,,"{'id': 160169, 'context': 0, 'bonus_lists': [6654, 1716], 'modifiers': [{'type': 9, 'value': 50}, {'type': 28, 'value': 191}]}"
1758850411,VERY_LONG,405000,10000,,,{'id': 168586}
1758850418,VERY_LONG,,1,102300,,"{'id': 160160, 'context': 0, 'bonus_lists': [6654, 4802, 1712], 'modifiers': [{'type': 9, 'value': 50}, {'type': 28, 'value': 191}]}"
1758850471,VERY_LONG,,1,5000000,,"{'id': 159563, 'context': 0, 'bonus_lists': [6655, 1686], 'modifiers': [{'type': 9, 'value': 50}, {'type': 28, 'value': 191}]}"
1758850561,MEDIUM,4000000,60,,,{'id': 171275}
1758850592,VERY_LONG,,1,5000000,,"{'id': 159811, 'context': 0, 'bonus_lists': [6655, 41, 1694], 'modifiers': [{'type': 9, 'value': 50}, {'type': 28, 'value': 189}]}"
1758850707,VERY_LONG,1027800,1,,,{'id': 172041}
1758850712,MEDIUM,,1,4750000,,"{'id': 173141, 'context': 13, 'bonus_lists': [3352]}"
1758850734,MEDIUM,,1,4250000,,"{'id': 173138, 'context': 13, 'bonus_lists': [3348]}"
1758850748,VERY_LONG,600000,1,,,{'id': 172406}
1758850754,VERY_LONG,10939800,39,,,{'id': 173049}
1758850758,VERY_LONG,1851300,3,,,{'id': 172361}
1758850768,MEDIUM,,1,3792900,,"{'id': 173142, 'context': 13, 'bonus_lists': [3373]}"
1758850771,VERY_LONG,3580000,3,,,{'id': 172412}
1758850788,MEDIUM,,1,4125800,,"{'id': 173135, 'context': 13, 'bonus_lists': [3369]}"
1758850792,VERY_LONG,514900,6,,,{'id': 172051}
1758850798,MEDIUM,,1,4890000,,"{'id': 173143, 'context': 13, 'bonus_lists': [3347]}"
1758850805,VERY_LONG,,1,17898000,,"{'id': 184480, 'context': 0}"
1758850808,VERY_LONG,,1,17898000,,"{'id': 184480, 'context': 0}"
1758850812,VERY_LONG,,1,17898000,,"{'id': 184480, 'context': 0}"
1758850819,VERY_LONG,,1,17898000,,"{'id': 184480, 'context': 0}"
1758850825,VERY_LONG,,1,5928000,,"{'id': 173134, 'context': 13, 'modifiers': [{'type': 29, 'value': 49}]}"
1758850835,MEDIUM,,1,4125800,,"{'id': 173140, 'context': 13, 'bonus_lists': [3364]}"
1758850846,MEDIUM,,1,3660300,,"{'id': 173136, 'context': 13, 'bonus_lists': [3352]}"
1758850859,MEDIUM,,1,4500000,,"{'id': 173137, 'context': 13, 'bonus_lists': [3377]}"
1758851003,VERY_LONG,7000000,1,,,{'id': 173082}
1758851036,VERY_LONG,2500000,2,,,{'id': 173100}
1758851087,VERY_LONG,,1,7586200,,"{'id': 82269, 'context': 6, 'bonus_lists': [6655, 1677], 'modifiers': [{'type': 9, 'value': 35}, {'type': 28, 'value': 2012}]}"
1758851093,VERY_LONG,,1,40411500,,"{'id': 172263, 'context': 13, 'bonus_lists': [6893], 'modifiers': [{'type': 9, 'value': 59}, {'type': 28, 'value': 391}, {'type': 29, 'value': 40}, {'type': 30, 'value': 49}]}"
1758851098,VERY_LONG,4500,10,,,{'id': 172052}
1758852104,VERY_LONG,,1,4353900,,"{'id': 172235, 'context': 13, 'modifiers': [{'type': 29, 'value': 36}, {'type': 30, 'value': 32}]}"
1758852110,VERY_LONG,,1,4353900,,"{'id': 172235, 'context': 13, 'modifiers': [{'type': 29, 'value': 32}, {'type': 30, 'value': 36}]}"
1758852115,VERY_LONG,,1,10800700,,"{'id': 172235, 'context': 13, 'modifiers': [{'type': 29, 'value': 49}, {'type': 30, 'value': 40}]}"
1758852121,VERY_LONG,,1,10800700,,"{'id': 172235, 'context': 13, 'modifiers': [{'type': 29, 'value': 40}, {'type': 30, 'value': 49}]}"
1758852130,VERY_LONG,,1,4353900,,"{'id': 172235, 'context': 13, 'modifiers': [{'type': 29, 'value': 32}, {'type': 30, 'value': 40}]}"
1758852133,VERY_LONG,,1,4353900,,"{'id': 172235, 'context': 13, 'modifiers': [{'type': 29, 'value': 32}, {'type': 30, 'value': 40}]}"
1758852136,VERY_LONG,,1,4353900,,"{'id': 172235, 'context': 13, 'modifiers': [{'type': 29, 'value': 40}, {'type': 30, 'value': 32}]}"
1758852140,VERY_LONG,,1,4353900,,"{'id': 172235, 'context': 13, 'modifiers': [{'type': 29, 'value': 32}, {'type': 30, 'value': 40}]}"
1758852143,VERY_LONG,,1,4353900,,"{'id': 172235, 'context': 13, 'modifiers': [{'type': 29, 'value': 49}, {'type': 30, 'value': 36}]}"
1758852149,VERY_LONG,,1,4353900,,"{'id': 172235, 'context': 13, 'modifiers': [{'type': 29, 'value': 36}, {'type': 30, 'value': 49}]}"
1758852151,VERY_LONG,,1,4353900,,"{'id': 172235, 'context': 13, 'modifiers': [{'type': 29, 'value': 49}, {'type': 30, 'value': 36}]}"
1758852153,VERY_LONG,,1,4353900,,"{'id': 172235, 'context': 13, 'modifiers': [{'type': 29, 'value': 49}, {'type': 30, 'value': 36}]}"
1758852157,VERY_LONG,,1,4353900,,"{'id': 172235, 'context': 13, 'modifiers': [{'type': 29, 'value': 36}, {'type': 30, 'value': 40}]}"
1758852161,VERY_LONG,,1,8564800,,"{'id': 172349, 'context': 13, 'modifiers': [{'type': 29, 'value': 49}, {'type': 30, 'value': 40}]}"
1758852164,VERY_LONG,,1,8564800,,"{'id': 172349, 'context': 13, 'modifiers': [{'type': 29, 'value': 36}, {'type': 30, 'value': 32}]}"
1758852166,VERY_LONG,,1,8564800,,"{'id': 172349, 'context': 13, 'modifiers': [{'type': 29, 'value': 32}, {'type': 30, 'value': 36}]}"
1758852172,VERY_LONG,,1,8564800,,"{'id': 172349, 'context': 13, 'modifiers': [{'type': 29, 'value': 49}, {'type': 30, 'value': 36}]}"
1758852177,VERY_LONG,16500,7,,,{'id': 179314}
1758852181,VERY_LONG,,1,5936900,,"{'id': 172234, 'context': 13, 'bonus_lists': [6890], 'modifiers': [{'type': 9, 'value': 51}, {'type': 28, 'value': 391}, {'type': 29, 'value': 40}, {'type': 30, 'value': 36}]}"
1758852187,VERY_LONG,,1,5936900,,"{'id': 172234, 'context': 13, 'bonus_lists': [6890], 'modifiers': [{'type': 9, 'value': 51}, {'type': 28, 'value': 391}, {'type': 29, 'value': 40}, {'type': 30, 'value': 36}]}"
1758852191,VERY_LONG,,1,5936900,,"{'id': 172234, 'context': 13, 'bonus_lists': [6890], 'modifiers': [{'type': 9, 'value': 51}, {'type': 28, 'value': 391}, {'type': 29, 'value': 36}, {'type': 30, 'value': 40}]}"
1758852195,VERY_LONG,,1,5936900,,"{'id': 172234, 'context': 13, 'bonus_lists': [6890], 'modifiers': [{'type': 9, 'value': 51}, {'type': 28, 'value': 391}, {'type': 29, 'value': 49}, {'type': 30, 'value': 40}]}"
1758852201,VERY_LONG,,1,5936900,,"{'id': 172234, 'context': 13, 'bonus_lists': [6890], 'modifiers': [{'type': 9, 'value': 51}, {'type': 28, 'value': 391}, {'type': 29, 'value': 49}, {'type': 30, 'value': 32}]}"
1758852208,VERY_LONG,1965900,200,,,{'id': 174283}
1758852210,VERY_LONG,20000,9,,,{'id': 124437}
1758852213,VERY_LONG,,1,10857100,,"{'id': 106747, 'context': 0, 'bonus_lists': [6654, 168], 'modifiers': [{'type': 9, 'value': 40}, {'type': 28, 'value': 64}]}"
1758852238,VERY_LONG,,1,12195200,,"{'id': 25194, 'context': 3, 'bonus_lists': [6655, 1706], 'modifiers': [{'type': 9, 'value': 30}, {'type': 28, 'value': 1014}]}"
1758852242,VERY_LONG,,1,11047500,,"{'id': 175568, 'context': 17, 'bonus_lists': [6907, 1701], 'modifiers': [{'type': 9, 'value': 56}, {'type': 28, 'value': 1711}]}"
1758852245,VERY_LONG,,1,62893800,,"{'id': 177813, 'context': 2, 'bonus_lists': [6907, 6652, 603], 'modifiers': [{'type': 9, 'value': 60}, {'type': 28, 'value': 748}]}"
1758852249,VERY_LONG,,1,5990200,,"{'id': 161960, 'context': 13, 'bonus_lists': [1695]}"
1758852252,VERY_LONG,,1,5530400,,"{'id': 161960, 'context': 13, 'bonus_lists': [1709]}"
1758852258,VERY_LONG,,1,8493600,,"{'id': 172257, 'context': 13, 'bonus_lists': [6893], 'modifiers': [{'type': 9, 'value': 60}, {'type': 28, 'value': 391}, {'type': 29, 'value': 40}, {'type': 30, 'value': 36}]}"
1758852261,VERY_LONG,,1,8493600,,"{'id': 172257, 'context': 13, 'bonus_lists': [6893], 'modifiers': [{'type': 9, 'value': 60}, {'type': 28, 'value': 391}, {'type': 29, 'value': 49}, {'type': 30, 'value': 40}]}"
1758852264,VERY_LONG,,1,8493600,,"{'id': 172257, 'context': 13, 'bonus_lists': [6893], 'modifiers': [{'type': 9, 'value': 60}, {'type': 28, 'value': 391}, {'type': 29, 'value': 40}, {'type': 30, 'value': 49}]}"
1758852268,VERY_LONG,,1,8493600,,"{'id': 172257, 'context': 13, 'bonus_lists': [6893], 'modifiers': [{'type': 9, 'value': 60}, {'type': 28, 'value': 391}, {'type': 29, 'value': 49}, {'type': 30, 'value': 36}]}"
1758852270,VERY_LONG,,1,8493600,,"{'id': 172257, 'context': 13, 'bonus_lists': [6893], 'modifiers': [{'type': 9, 'value': 60}, {'type': 28, 'value': 391}, {'type': 29, 'value': 49}, {'type': 30, 'value': 36}]}"
1758852272,VERY_LONG,,1,8493600,,"{'id': 172257, 'context': 13, 'bonus_lists': [6893], 'modifiers': [{'type': 9, 'value': 60}, {'type': 28, 'value': 391}, {'type': 29, 'value': 49}, {'type': 30, 'value': 32}]}"
1758852280,VERY_LONG,38000,1,,,{'id': 72120}
1758852284,VERY_LONG,,1,1457800,,"{'id': 24915, 'context': 3, 'bonus_lists': [6654, 1679], 'modifiers': [{'type': 9, 'value': 30}, {'type': 28, 'value': 1014}]}"
1758852288,VERY_LONG,2989800,1,,,{'id': 173037}
1758852293,VERY_LONG,,1,16092700,,"{'id': 55583, 'context': 0, 'bonus_lists': [6654, 1692], 'modifiers': [{'type': 9, 'value': 35}, {'type': 28, 'value': 56}]}"
1758852296,VERY_LONG,48600,8,,,{'id': 172055}
1758852300,VERY_LONG,,1,60720400,,"{'id': 36102, 'context': 1, 'bonus_lists': [6654, 1694], 'modifiers': [{'type': 9, 'value': 30}, {'type': 28, 'value': 235}]}"
1758852304,VERY_LONG,300000,5,,,{'id': 172346}
1758852310,VERY_LONG,561600,22,,,{'id': 176866}
1758852315,VERY_LONG,19900,1,,,{'id': 152503}
1758852320,VERY_LONG,1209900,72,,,{'id': 178787}
1758852333,VERY_LONG,,1,31920600,,"{'id': 55734, 'context': 1, 'bonus_lists': [6654, 1688], 'modifiers': [{'type': 9, 'value': 35}, {'type': 28, 'value': 258}]}"
1758852337,VERY_LONG,,1,20853500,,"{'id': 177798, 'context': 0, 'bonus_lists': [6907, 6652, 1676], 'modifiers': [{'type': 9, 'value': 59}, {'type': 28, 'value': 1428}]}"
1758852342,VERY_LONG,24300,12,,,{'id': 173032}
1758852348,VERY_LONG,392100,200,,,{'id': 112158}
1758852352,VERY_LONG,,1,3056100,,"{'id': 172240, 'context': 13, 'bonus_lists': [6885], 'modifiers': [{'type': 9, 'value': 60}, {'type': 28, 'value': 391}, {'type': 29, 'value': 49}, {'type': 30, 'value': 40}]}"
1758852355,VERY_LONG,,1,5003300,,"{'id': 176799, 'context': 0, 'bonus_lists': [6908, 6652, 1686], 'modifiers': [{'type': 9, 'value': 60}, {'type': 28, 'value': 1707}]}"
1758852360,VERY_LONG,,1,20874900,,"{'id': 176761, 'context': 0, 'bonus_lists': [6907, 6652, 6935, 1715], 'modifiers': [{'type': 9, 'value': 60}, {'type': 28, 'value': 1707}]}"
1758852363,VERY_LONG,,1,28574600,,"{'id': 36174, 'context': 0, 'bonus_lists': [6654, 1708], 'modifiers': [{'type': 9, 'value': 30}, {'type': 28, 'value': 1024}]}"
1758852373,VERY_LONG,,1,66957200,,"{'id': 35982, 'context': 1, 'bonus_lists': [6654, 1707], 'modifiers': [{'type': 9, 'value': 30}, {'type': 28, 'value': 235}]}"
1758852376,VERY_LONG,,1,12743500,,"{'id': 175552, 'context': 1, 'bonus_lists': [6907, 1707], 'modifiers': [{'type': 9, 'value': 60}, {'type': 28, 'value': 2044}]}"
1758852379,VERY_LONG,,1,39313300,,"{'id': 172255, 'context': 13, 'bonus_lists': [6893], 'modifiers': [{'type': 9, 'value': 59}, {'type': 28, 'value': 391}, {'type': 29, 'value': 36}, {'type': 30, 'value': 32}]}"
1758852385,VERY_LONG,135000,6,,,{'id': 173035}
1758852386,VERY_LONG,,1,18273700,,"{'id': 175547, 'context': 1, 'bonus_lists': [6907, 1690], 'modifiers': [{'type': 9, 'value': 60}, {'type': 28, 'value': 2044}]}"
1758852394,VERY_LONG,,1,6870300,,"{'id': 175557, 'context': 0, 'bonus_lists': [6907, 1684], 'modifiers': [{'type': 9, 'value': 60}, {'type': 28, 'value': 1707}]}"
1758852396,VERY_LONG,,1,1023865000,,"{'id': 180165, 'context': 27, 'bonus_lists': [6908, 6652, 1705], 'modifiers': [{'type': 9, 'value': 60}, {'type': 28, 'value': 2060}]}"
1758852404,VERY_LONG,,1,309432700,,"{'id': 159172, 'context': 0, 'bonus_lists': [6654, 1706], 'modifiers': [{'type': 9, 'value': 47}, {'type': 28, 'value': 1220}]}"
1758852407,VERY_LONG,,1,8495900,,"{'id': 175563, 'context': 1, 'bonus_lists': [6907, 1676], 'modifiers': [{'type': 9, 'value': 60}, {'type': 28, 'value': 747}]}"
1758852411,VERY_LONG,,1,23259700,,"{'id': 55366, 'context': 1, 'bonus_lists': [6655, 1687], 'modifiers': [{'type': 9, 'value': 35}, {'type': 28, 'value': 258}]}"
1758852447,VERY_LONG,,1,4004400,,"{'id': 177810, 'context': 0, 'bonus_lists': [6908, 6652, 1704], 'modifiers': [{'type': 9, 'value': 60}, {'type': 28, 'value': 746}]}"
1758852477,VERY_LONG,,1,18005700,,"{'id': 177799, 'context': 0, 'bonus_lists': [6908, 6652, 1706], 'modifiers': [{'type': 9, 'value': 60}, {'type': 28, 'value': 746}]}"
1758852810,VERY_LONG,12500,200,,,{'id': 109129}
1758852866,VERY_LONG,,1,903600,,"{'id': 25054, 'context': 3, 'bonus_lists': [6654, 1694], 'modifiers': [{'type': 9, 'value': 30}, {'type': 28, 'value': 1014}]}"
1758852882,VERY_LONG,182500,9,,,{'id': 173874}
1758852887,VERY_LONG,4269000,1,,,{'id': 178177}
1758852890,VERY_LONG,,1,28254200,,"{'id': 172258, 'context': 13, 'bonus_lists': [6893], 'modifiers': [{'type': 9, 'value': 59}, {'type': 28, 'value': 391}, {'type': 29, 'value': 36}, {'type': 30, 'value': 49}]}"
1758852894,VERY_LONG,,1,39313300,,"{'id': 172255, 'context': 13, 'bonus_lists': [6893], 'modifiers': [{'type': 9, 'value': 59}, {'type': 28, 'value': 391}, {'type': 29, 'value': 36}, {'type': 30, 'value': 32}]}"
1758852897,VERY_LONG,,1,41614400,,"{'id': 176788, 'context': 1, 'bonus_lists': [6907, 6652, 7193, 1691], 'modifiers': [{'type': 9, 'value': 60}, {'type': 28, 'value': 747}]}"
1758852902,VERY_LONG,,1,7236000,,"{'id': 25043, 'context': 3, 'bonus_lists': [6654, 1691], 'modifiers': [{'type': 9, 'value': 30}, {'type': 28, 'value': 1014}]}"
1758852904,VERY_LONG,,1,19362300,,"{'id': 172254, 'context': 13, 'bonus_lists': [6893], 'modifiers': [{'type': 9, 'value': 60}, {'type': 28, 'value': 391}, {'type': 29, 'value': 40}, {'type': 30, 'value': 32}]}"
1758852906,VERY_LONG,,1,1091400,,"{'id': 172238, 'context': 13, 'bonus_lists': [6885], 'modifiers': [{'type': 9, 'value': 60}, {'type': 28, 'value': 391}, {'type': 29, 'value': 36}, {'type': 30, 'value': 32}]}"
1758852908,VERY_LONG,,1,10003100,,"{'id': 178950, 'context': 0, 'bonus_lists': [6908, 6652, 1692], 'modifiers': [{'type': 9, 'value': 60}, {'type': 28, 'value': 1707}]}"
1758852912,VERY_LONG,33230400,1,,,{'id': 81410}
1758852914,VERY_LONG,,1,10521100,,"{'id': 176315, 'context': 0, 'bonus_lists': [6909], 'modifiers': [{'type': 9, 'value': 60}, {'type': 28, 'value': 1707}]}"
1758852919,VERY_LONG,9000,2,,,{'id': 109184}
1758852920,VERY_LONG,,1,16790000,,"{'id': 172253, 'context': 13, 'bonus_lists': [6893], 'modifiers': [{'type': 9, 'value': 58}, {'type': 28, 'value': 391}, {'type': 29, 'value': 40}, {'type': 30, 'value': 36}]}"
1758852922,VERY_LONG,,1,3728900,,"{'id': 82261, 'context': 6, 'bonus_lists': [6654, 1693], 'modifiers': [{'type': 9, 'value': 35}, {'type': 28, 'value': 2012}]}"
1758852926,VERY_LONG,,1,4353900,,"{'id': 172235, 'context': 13, 'modifiers': [{'type': 29, 'value': 49}, {'type': 30, 'value': 36}]}"
1758852929,VERY_LONG,,1,1428300,,"{'id': 82288, 'context': 0, 'bonus_lists': [6654, 1707], 'modifiers': [{'type': 9, 'value': 35}, {'type': 28, 'value': 169}]}"
1758852931,VERY_LONG,537200,2,,,{'id': 24508}
1758852940,VERY_LONG,831400,1,,,{'id': 112177}
1758852959,VERY_LONG,9500,3,,,{'id': 109125}
1758853021,VERY_LONG,,1,9000000,,"{'id': 114821, 'context': 0}"
1758853026,LONG,8698000,1,,,{'id': 87578}
1758853034,LONG,166328200,1,,,{'id': 153033}
1758853039,LONG,100000,164,,,{'id': 3357}
1758853062,LONG,29996400,1,,,{'id': 184096}
1758853067,LONG,50986900,1,,,{'id': 139289}
1758853079,LONG,86797600,1,,,{'id': 151540}
1758853089,LONG,20290800,1,,,{'id': 83006}
1758853095,LONG,33539600,1,,,{'id': 184100}
1758853100,LONG,113127000,1,,,{'id': 153036}
1758854111,LONG,9259200,1,,,{'id': 87579}
1758854125,LONG,34689200,1,,,{'id': 136825}
1758854129,LONG,494700,50,,,{'id': 171268}
1758854147,VERY_LONG,,1,250001100,,"{'id': 180163, 'context': 0, 'bonus_lists': [6908, 6652, 1683], 'modifiers': [{'type': 9, 'value': 55}, {'type': 28, 'value': 1229}]}"
1758854153,LONG,4000000,17,,,{'id': 171275}
1758854158,LONG,2728700,1,,,{'id': 87560}
1758854194,LONG,2860000,4,,,{'id': 171352}
1758854205,LONG,4984500,36,,,{'id': 56850}
1758854227,LONG,67500,153,,,{'id': 13464}
1758854231,LONG,58019900,1,,,{'id': 139315}
1758854242,LONG,6350400,1,,,{'id': 87580}
1758854244,LONG,19491800,1,,,{'id': 87577}
1758854252,LONG,4604100,1,,,{'id': 58487}
1758854258,LONG,15537300,1,,,{'id': 184097}
1758854335,VERY_LONG,,1,500100,,"{'id': 87499, 'context': 0, 'bonus_lists': [6658], 'modifiers': [{'type': 9, 'value': 13}, {'type': 28, 'value': 57}]}"
1758854347,VERY_LONG,,1,4990000,,"{'id': 170120, 'context': 0, 'bonus_lists': [6655, 1714], 'modifiers': [{'type': 9, 'value': 60}]}"
1758854395,VERY_LONG,2490000,1,,,{'id': 172419}
1758854416,VERY_LONG,,1,38840000,,"{'id': 169412, 'context': 0, 'bonus_lists': [6654, 1707], 'modifiers': [{'type': 9, 'value': 60}]}"
1758854463,VERY_LONG,,1,125900000,,"{'id': 172326, 'context': 63, 'bonus_lists': [6716, 1487]}"
1758854483,VERY_LONG,1500000,1,,,{'id': 36919}
1758854496,VERY_LONG,63750000,1,,,{'id': 36922}
1758854558,VERY_LONG,60000,13,,,{'id': 172089}
1758854680,LONG,3740000,60,,,{'id': 171273}
1758854711,LONG,1809800,125,,,{'id': 52984}
1758854732,LONG,300000,55,,,{'id': 52328}
1758854765,LONG,1990000,28,,,{'id': 175788}
1758854885,VERY_LONG,2896000,1,,,{'id': 153667}
1758855079,LONG,8993300,54,,,{'id': 175970}
1758855119,LONG,,1,375000000,,"{'id': 182982, 'context': 3, 'bonus_lists': [7189, 6652, 7193, 1472, 6646], 'modifiers': [{'type': 28, 'value': 751}]}"
1758855131,LONG,4000000,8,,,{'id': 171275}
1758855161,LONG,3842800,26,,,{'id': 171270}
1758855209,LONG,500000,37,,,{'id': 44958}
1758855212,VERY_LONG,,1,346500000,,"{'id': 50379, 'context': 0, 'modifiers': [{'type': 28, 'value': 1087}]}"
1758855228,LONG,200000,145,,,{'id': 8838}
1758855241,LONG,6000000,6,,,{'id': 58488}
1758855318,LONG,3000000,2,,,{'id': 58489}
1758855344,LONG,1000000,5,,,{'id': 7080}
1758855423,LONG,8998000,2,,,{'id': 173162}
1758855448,LONG,17500000,1,,,{'id': 173161}
1758858231,VERY_LONG,,1,200000000,,"{'id': 184792, 'context': 0, 'bonus_lists': [6652, 1472, 6646], 'modifiers': [{'type': 28, 'value': 1707}]}"
1758858345,VERY_LONG,,1,2300000000,,"{'id': 182982, 'context': 6, 'bonus_lists': [7187, 6652, 7194, 1498, 6646], 'modifiers': [{'type': 28, 'value': 753}]}"
1758859010,VERY_LONG,,1,1130000000,,"{'id': 182982, 'context': 5, 'bonus_lists': [7188, 6652, 7194, 1485, 6646], 'modifiers': [{'type': 28, 'value': 752}]}"
1758859055,VERY_LONG,,1,1130000000,,"{'id': 182982, 'context': 5, 'bonus_lists': [7188, 6652, 7193, 1485, 6646], 'modifiers': [{'type': 28, 'value': 752}]}"
1758859304,VERY_LONG,,1,530000000,,"{'id': 95416, 'context': 0}"
1758859553,LONG,,1,990000,,"{'id': 178949, 'context': 0, 'bonus_lists': [6908, 6652, 1696], 'modifiers': [{'type': 9, 'value': 60}, {'type': 28, 'value': 1707}]}"
1758859565,LONG,13740700,20,,,{'id': 171276}
1758860055,LONG,2900300,18,,,{'id': 181468}
1758860075,LONG,42100,5,,,{'id': 179315}
1758861148,LONG,163800,8,,,{'id': 171830}
1758861393,LONG,,1,1490000,,"{'id': 177801, 'context': 0, 'bonus_lists': [6908, 6652, 1698], 'modifiers': [{'type': 9, 'value': 60}, {'type': 28, 'value': 1707}]}"
1758861433,LONG,,1,4326900,,"{'id': 172462, 'context': 13, 'modifiers': [{'type': 29, 'value': 40}, {'type': 30, 'value': 49}]}"
1758861522,LONG,,1,1490000,,"{'id': 177812, 'context': 0, 'bonus_lists': [6907, 6652, 7194, 1767], 'modifiers': [{'type': 9, 'value': 60}, {'type': 28, 'value': 2060}]}"
1758861640,LONG,,1,690000,,"{'id': 177798, 'context': 0, 'bonus_lists': [6907, 6652, 1706], 'modifiers': [{'type': 9, 'value': 60}, {'type': 28, 'value': 2060}]}"
1758861710,VERY_LONG,300000,73,,,{'id': 172096}
1758861721,VERY_LONG,7190000,4,,,{'id': 172097}
1758861737,LONG,,1,690000,,"{'id': 177795, 'context': 0, 'bonus_lists': [6907, 6652, 7193, 1678], 'modifiers': [{'type': 9, 'value': 60}, {'type': 28, 'value': 1428}]}"
1758861741,VERY_LONG,60000,4,,,{'id': 172089}
1758861766,LONG,,1,690000,,"{'id': 177793, 'context': 0, 'bonus_lists': [6907, 6652, 1691], 'modifiers': [{'type': 9, 'value': 60}, {'type': 28, 'value': 2060}]}"
1758861768,VERY_LONG,16500,1,,,{'id': 179314}
1758861832,LONG,,1,690000,,"{'id': 176991, 'context': 0, 'bonus_lists': [6907, 6652, 7194, 1683], 'modifiers': [{'type': 9, 'value': 60}, {'type': 28, 'value': 1707}]}"
1758861878,LONG,,1,690000,,"{'id': 176974, 'context': 0, 'bonus_lists': [6907, 6652, 7193, 1698], 'modifiers': [{'type': 9, 'value': 60}, {'type': 28, 'value': 1707}]}"
1758861943,VERY_LONG,405000,73,,,{'id': 168586}
1758861974,VERY_LONG,130000,1,,,{'id': 74248}
1758862001,VERY_LONG,148500,1,,,{'id': 52722}
1758862003,LONG,,1,990000,,"{'id': 176962, 'context': 0, 'bonus_lists': [6907, 6652, 1677], 'modifiers': [{'type': 9, 'value': 60}, {'type': 28, 'value': 1707}]}"
1758862073,VERY_LONG,,1,2500000,,"{'id': 173243, 'context': 63, 'bonus_lists': [6716, 1487]}"
1758862095,LONG,,1,690000,,"{'id': 176797, 'context': 0, 'bonus_lists': [6908, 6652, 1697], 'modifiers': [{'type': 9, 'value': 60}, {'type': 28, 'value': 2060}]}"
1758864150,LONG,,1,835600,,"{'id': 176782, 'context': 0, 'bonus_lists': [6907, 6652, 1700], 'modifiers': [{'type': 9, 'value': 60}, {'type': 28, 'value': 1707}]}"
1758864191,LONG,,1,893500,,"{'id': 176761, 'context': 0, 'bonus_lists': [6907, 6652, 7193, 1689], 'modifiers': [{'type': 9, 'value': 60}, {'type': 28, 'value': 1707}]}"
1758864233,LONG,,1,690000,,"{'id': 175559, 'context': 0, 'bonus_lists': [6907, 1683], 'modifiers': [{'type': 9, 'value': 60}, {'type': 28, 'value': 1707}]}"
1758864268,LONG,,1,578000,,"{'id': 175556, 'context': 0, 'bonus_lists': [6907, 1696], 'modifiers': [{'type': 9, 'value': 60}, {'type': 28, 'value': 1707}]}"
1758864291,VERY_LONG,,1,650000000,,"{'id': 182978, 'context': 3, 'bonus_lists': [7189, 6652, 7194, 1472, 6646], 'modifiers': [{'type': 28, 'value': 751}]}"
1758864300,LONG,,1,690000,,"{'id': 175545, 'context': 0, 'bonus_lists': [6907, 1715], 'modifiers': [{'type': 9, 'value': 59}, {'type': 28, 'value': 807}]}"
1758864361,LONG,,1,690000,,"{'id': 175543, 'context': 0, 'bonus_lists': [6907, 1689], 'modifiers': [{'type': 9, 'value': 60}, {'type': 28, 'value': 1707}]}"
1758864569,LONG,,1,1814100,,"{'id': 173214, 'context': 0, 'bonus_lists': [6893], 'modifiers': [{'type': 9, 'value': 59}, {'type': 28, 'value': 391}, {'type': 29, 'value': 32}, {'type': 30, 'value': 49}]}"
1758864770,LONG,,1,3490000,,"{'id': 173142, 'context': 13, 'bonus_lists': [3378, 7180], 'modifiers': [{'type': 9, 'value': 51}]}"
1758864911,LONG,,1,3603300,,"{'id': 173142, 'context': 13, 'bonus_lists': [3378]}"
1758864995,LONG,,1,3603300,,"{'id': 173142, 'context': 13, 'bonus_lists': [3377]}"
1758865061,LONG,,1,17124500,,"{'id': 173050, 'context': 13, 'modifiers': [{'type': 29, 'value': 40}, {'type': 30, 'value': 32}]}"
1758865088,LONG,140000,170,,,{'id': 169701}
1758865115,LONG,,1,490000,,"{'id': 160134, 'context': 0, 'bonus_lists': [6654, 1714], 'modifiers': [{'type': 9, 'value': 45}, {'type': 28, 'value': 189}]}"
1758865168,LONG,,1,490000,,"{'id': 160130, 'context': 0, 'bonus_lists': [6654, 1699], 'modifiers': [{'type': 9, 'value': 47}, {'type': 28, 'value': 706}]}"
1758865198,VERY_LONG,,1,450000,,"{'id': 6219, 'context': 14, 'modifiers': [{'type': 28, 'value': 42}]}"
1758865202,VERY_LONG,,1,450000,,"{'id': 6219, 'context': 14, 'modifiers': [{'type': 28, 'value': 42}]}"
1758865205,VERY_LONG,,1,450000,,"{'id': 6219, 'context': 14, 'modifiers': [{'type': 28, 'value': 42}]}"
1758865265,LONG,2483700,1,,,{'id': 183738}
1758865269,VERY_LONG,679900,9969,,,{'id': 170554}
1758865301,VERY_LONG,35000,260,,,{'id': 111673}
1758865348,VERY_LONG,1946700,1,,,{'id': 7191}
1758865411,VERY_LONG,45000,19,,,{'id': 4470}
1758865444,VERY_LONG,,1,156190000,,"{'id': 82800, 'context': 0, 'modifiers': [{'type': 6, 'value': 40908}], 'pet_breed_id': 11, 'pet_level': 1, 'pet_quality_id': 2, 'pet_species_id': 1323}"
1758865568,VERY_LONG,22503100,71,,,{'id': 12360}
1758865621,VERY_LONG,679900,2400,,,{'id': 170554}
1758865669,LONG,863600,5,,,{'id': 176811}
1758865845,LONG,17400,10,,,{'id': 171264}
1758865860,VERY_LONG,,1,99993100,,"{'id': 11226, 'context': 0, 'modifiers': [{'type': 28, 'value': 1005}]}"
1758865871,VERY_LONG,9900,19,,,{'id': 168645}
1758865895,VERY_LONG,48600,3,,,{'id': 172055}
1758865924,VERY_LONG,,1,1799990000,,"{'id': 50380, 'context': 0}"
1758865925,LONG,658400,10,,,{'id': 160053}
1758865981,VERY_LONG,16500,3,,,{'id': 179314}
1758866010,VERY_LONG,2989800,1,,,{'id': 173037}
1758866017,VERY_LONG,12500000,10,,,{'id': 23449}
1758866038,VERY_LONG,450000,2,,,{'id': 173034}
1758866086,VERY_LONG,20200,173,,,{'id': 111664}
1758866099,VERY_LONG,24300,73,,,{'id': 173032}
1758867107,LONG,1990000,2,,,{'id': 152639}
1758867134,VERY_LONG,9900,153,,,{'id': 30817}
1758867163,VERY_LONG,10000,165,,,{'id': 2678}
1758867215,LONG,1098900,1,,,{'id': 153597}
1758867226,VERY_LONG,609400,403,,,{'id': 173204}
1758867520,VERY_LONG,494700,25,,,{'id': 171268}
1758867552,LONG,,1,999990000,,"{'id': 172328, 'context': 66, 'bonus_lists': [6758, 7193, 1532]}"
1758867619,VERY_LONG,3008600,20,,,{'id': 171266}
1758867705,VERY_LONG,405000,756,,,{'id': 168586}
1758867753,VERY_LONG,,1,31000000,,"{'id': 82800, 'context': 0, 'modifiers': [{'type': 6, 'value': 87862}], 'pet_breed_id': 19, 'pet_level': 1, 'pet_quality_id': 3, 'pet_species_id': 2432}"
1758867766,VERY_LONG,1486700,3,,,{'id': 44455}
1758867799,VERY_LONG,,1,2999999900,,"{'id': 163574, 'context': 0, 'modifiers': [{'type': 28, 'value': 872}]}"
1758867815,VERY_LONG,,1,20298600,,"{'id': 9433, 'context': 11, 'bonus_lists': [6658], 'modifiers': [{'type': 9, 'value': 30}, {'type': 28, 'value': 34}]}"
1758867818,VERY_LONG,,1,20298600,,"{'id': 9433, 'context': 11, 'bonus_lists': [6658], 'modifiers': [{'type': 9, 'value': 30}, {'type': 28, 'value': 34}]}"
1758867847,VERY_LONG,,1,71764000,,"{'id': 13122, 'context': 11, 'bonus_lists': [6658], 'modifiers': [{'type': 9, 'value': 30}, {'type': 28, 'value': 34}]}"
1758867854,VERY_LONG,,1,71764000,,"{'id': 13122, 'context': 11, 'bonus_lists': [6658], 'modifiers': [{'type': 9, 'value': 30}, {'type': 28, 'value': 34}]}"
1758867946,VERY_LONG,300800,2,,,{'id': 153431}
1758867951,VERY_LONG,,1,383859400,,"{'id': 94903, 'context': 0}"
1758867955,VERY_LONG,1619100,1,,,{'id': 159788}
1758867960,VERY_LONG,3008600,5,,,{'id': 171266}
1758867965,VERY_LONG,7000000,5,,,{'id': 171349}
1758867970,VERY_LONG,,1,50000100,,"{'id': 138795, 'context': 13}"
1758867974,VERY_LONG,,1,15210300,,"{'id': 1607, 'context': 11, 'bonus_lists': [6659], 'modifiers': [{'type': 9, 'value': 30}, {'type': 28, 'value': 34}]}"
1758867975,VERY_LONG,,1,50000100,,"{'id': 138795, 'context': 13}"
1758867982,VERY_LONG,60100,4,,,{'id': 152550}
1758867983,VERY_LONG,,1,15210300,,"{'id': 1607, 'context': 11, 'bonus_lists': [6659], 'modifiers': [{'type': 9, 'value': 30}, {'type': 28, 'value': 34}]}"
1758867988,VERY_LONG,1597500,5,,,{'id': 153440}
1758867991,VERY_LONG,1874500,5,,,{'id': 54849}
1758867994,VERY_LONG,1416900,5,,,{'id': 153479}
1758867999,VERY_LONG,1716500,2,,,{'id': 159787}
1758868001,VERY_LONG,12223500,4,,,{'id': 168596}
1758868004,VERY_LONG,4356100,5,,,{'id': 171290}
1758868011,VERY_LONG,,1,99993900,,"{'id': 159578, 'context': 0, 'bonus_lists': [4796, 4802, 1691], 'modifiers': [{'type': 9, 'value': 50}]}"
1758868013,VERY_LONG,2466800,3,,,{'id': 171275}
1758868018,VERY_LONG,13740700,3,,,{'id': 171276}
1758868023,VERY_LONG,,1,90341200,,"{'id': 138789, 'context': 13}"
1758868028,VERY_LONG,,1,90341200,,"{'id': 138789, 'context': 13}"
1758868038,VERY_LONG,173500,5,,,{'id': 152495}
1758868041,VERY_LONG,480000,5,,,{'id': 171287}
1758868047,VERY_LONG,1959100,1,,,{'id': 153443}
1758868053,VERY_LONG,1062600,1,,,{'id': 163223}
1758868056,VERY_LONG,,1,37207700,,"{'id': 13139, 'context': 11, 'bonus_lists': [6659], 'modifiers': [{'type': 9, 'value': 30}, {'type': 28, 'value': 34}]}"
1758868062,VERY_LONG,14222500,2,,,{'id': 168598}
1758868065,VERY_LONG,,1,37207700,,"{'id': 13139, 'context': 11, 'bonus_lists': [6659], 'modifiers': [{'type': 9, 'value': 30}, {'type': 28, 'value': 34}]}"
1758868067,VERY_LONG,5915600,1,,,{'id': 168592}
1758868074,VERY_LONG,2799200,2,,,{'id': 172411}
1758868080,VERY_LONG,3580000,4,,,{'id': 172412}
1758868085,VERY_LONG,,1,14845000,,"{'id': 138790, 'context': 13}"
1758868091,VERY_LONG,,1,14845000,,"{'id': 138790, 'context': 13}"
1758868095,VERY_LONG,,1,14845000,,"{'id': 138790, 'context': 13}"
1758868100,VERY_LONG,,1,14845000,,"{'id': 138790, 'context': 13}"
1758868107,VERY_LONG,,1,14845000,,"{'id': 138790, 'context': 13}"
1758868112,VERY_LONG,468500,2,,,{'id': 153430}
1758868115,VERY_LONG,1552500,3,,,{'id': 163224}
1758868122,VERY_LONG,280000,45,,,{'id': 172044}
1758868141,LONG,,1,20521800,,"{'id': 172912, 'context': 13}"
1758868218,VERY_LONG,95000,40,,,{'id': 23771}
1758868250,LONG,,1,1287000,,"{'id': 172915, 'context': 13}"
1758868274,VERY_LONG,95000,16,,,{'id': 23768}
1758868333,LONG,1901400,10,,,{'id': 142117}
1758868350,LONG,639800,1,,,{'id': 118391}
1758868367,VERY_LONG,10000,687,,,{'id': 2589}
1758868397,VERY_LONG,197500,1,,,{'id': 8838}
1758868421,VERY_LONG,2500800,9,,,{'id': 8172}
1758868453,LONG,496300,5,,,{'id': 141446}
1758868496,VERY_LONG,147400,50,,,{'id': 6037}
1758868568,VERY_LONG,1607100,7,,,{'id': 44154}
1758868574,VERY_LONG,,1,149990000,,"{'id': 184792, 'context': 0, 'bonus_lists': [6652, 1472, 6646], 'modifiers': [{'type': 28, 'value': 1707}]}"
1758868586,VERY_LONG,1989000,2,,,{'id': 44143}
1758868599,VERY_LONG,450100,15,,,{'id': 4359}
1758868615,VERY_LONG,750100,8,,,{'id': 43103}
1758868636,VERY_LONG,746800,1,,,{'id': 39774}
1758868665,VERY_LONG,47500,31,,,{'id': 38426}
1758868729,VERY_LONG,17500,1,,,{'id': 27425}
1758868849,VERY_LONG,497500,8,,,{'id': 24479}
1758868914,VERY_LONG,5786800,2,,,{'id': 15407}
1758868979,VERY_LONG,557500,1,,,{'id': 15417}
1758869018,VERY_LONG,500400,10,,,{'id': 10558}
1758869027,VERY_LONG,7190000,5,,,{'id': 172097}
1758869054,VERY_LONG,14500,642,,,{'id': 10620}
1758869059,VERY_LONG,300000,2,,,{'id': 172096}
1758869067,VERY_LONG,89100,200,,,{'id': 152579}
1758869075,VERY_LONG,60000,101,,,{'id': 172089}
1758869092,LONG,3740000,24,,,{'id': 171273}
1758870109,VERY_LONG,395500,4,,,{'id': 113588}
1758870165,VERY_LONG,2480000,4,,,{'id': 15419}
1758870184,VERY_LONG,16500,3,,,{'id': 179314}
1758870218,VERY_LONG,125000,87,,,{'id': 168185}
1758870222,VERY_LONG,20100,2,,,{'id': 172054}
1758870251,VERY_LONG,42100,8,,,{'id': 179315}
1758870447,VERY_LONG,3535300,6,,,{'id': 147869}
1758870714,VERY_LONG,60000,5662,,,{'id': 172089}
1758870739,VERY_LONG,,1,67848700,,"{'id': 14857, 'context': 0, 'bonus_lists': [6654], 'modifiers': [{'type': 9, 'value': 30}, {'type': 28, 'value': 33}]}"
1758870744,VERY_LONG,17390900,1,,,{'id': 24243}
1758870746,VERY_LONG,140000,220,,,{'id': 169701}
1758870755,VERY_LONG,,1,1612300,,"{'id': 2901, 'context': 14}"
1758870759,VERY_LONG,,1,3920000000,,"{'id': 163203, 'context': 0, 'modifiers': [{'type': 28, 'value': 872}]}"
1758870766,VERY_LONG,40000,5,,,{'id': 177716}
1758870775,VERY_LONG,40000,68,,,{'id': 177716}
1758870780,VERY_LONG,,1,16728700,,"{'id': 172254, 'context': 13, 'bonus_lists': [6893, 7180], 'modifiers': [{'type': 9, 'value': 60}, {'type': 28, 'value': 391}, {'type': 29, 'value': 32}, {'type': 30, 'value': 49}]}"
1758870784,VERY_LONG,,1,16728700,,"{'id': 172254, 'context': 13, 'bonus_lists': [6893, 7180], 'modifiers': [{'type': 9, 'value': 60}, {'type': 28, 'value': 391}, {'type': 29, 'value': 40}, {'type': 30, 'value': 36}]}"
1758870787,VERY_LONG,,1,16728700,,"{'id': 172254, 'context': 13, 'bonus_lists': [6893, 7180], 'modifiers': [{'type': 9, 'value': 60}, {'type': 28, 'value': 391}, {'type': 29, 'value': 49}, {'type': 30, 'value': 32}]}"
1758870792,VERY_LONG,,1,16728700,,"{'id': 172254, 'context': 13, 'bonus_lists': [6893, 7180], 'modifiers': [{'type': 9, 'value': 60}, {'type': 28, 'value': 391}, {'type': 29, 'value': 36}, {'type': 30, 'value': 32}]}"
1758870796,VERY_LONG,7190000,74,,,{'id': 172097}
1758870797,VERY_LONG,270400,3,,,{'id': 42780}
1758870800,VERY_LONG,600000,18,,,{'id': 172406}
1758870802,VERY_LONG,3500000,5,,,{'id': 172365}
1758870804,VERY_LONG,3500000,15,,,{'id': 172365}
1758870810,VERY_LONG,,1,129617100,,"{'id': 15536, 'context': 54, 'bonus_lists': [1708, 4279], 'modifiers': [{'type': 9, 'value': 50}]}"
1758870813,VERY_LONG,300000,169,,,{'id': 172096}
1758870814,VERY_LONG,480000,5,,,{'id': 124671}
1758870821,VERY_LONG,480000,3,,,{'id': 124671}
1758870824,VERY_LONG,,1,52975100,,"{'id': 15361, 'context': 0, 'bonus_lists': [6654, 1692], 'modifiers': [{'type': 9, 'value': 30}, {'type': 28, 'value': 22}]}"
1758871358,VERY_LONG,19800,3594,,,{'id': 12359}
1758871440,LONG,7000000,50,,,{'id': 171349}
1758871641,LONG,3008600,27,,,{'id': 171266}
1758871665,LONG,13740700,32,,,{'id': 171276}
1758871865,VERY_LONG,,1,11000000,,"{'id': 173216, 'context': 0, 'bonus_lists': [6893, 7185], 'modifiers': [{'type': 9, 'value': 60}, {'type': 28, 'value': 391}, {'type': 29, 'value': 49}, {'type': 30, 'value': 32}]}"
1758871868,VERY_LONG,,1,99990000,,"{'id': 171446, 'context': 13, 'bonus_lists': [6893, 7185], 'modifiers': [{'type': 9, 'value': 60}, {'type': 28, 'value': 391}, {'type': 29, 'value': 49}, {'type': 30, 'value': 32}]}"
1758871870,VERY_LONG,,1,38800000,,"{'id': 171446, 'context': 13, 'bonus_lists': [6893, 7185], 'modifiers': [{'type': 9, 'value': 60}, {'type': 28, 'value': 391}, {'type': 29, 'value': 36}, {'type': 30, 'value': 32}]}"
1758871874,VERY_LONG,,1,58036700,,"{'id': 171446, 'context': 13, 'bonus_lists': [6893, 7185], 'modifiers': [{'type': 9, 'value': 60}, {'type': 28, 'value': 391}, {'type': 29, 'value': 32}, {'type': 30, 'value': 40}]}"
1758871878,VERY_LONG,,1,16690000,,"{'id': 173217, 'context': 0, 'bonus_lists': [6893, 7185], 'modifiers': [{'type': 9, 'value': 60}, {'type': 28, 'value': 391}, {'type': 29, 'value': 49}, {'type': 30, 'value': 40}]}"
1758871883,VERY_LONG,,1,16690000,,"{'id': 173217, 'context': 0, 'bonus_lists': [6893, 7185], 'modifiers': [{'type': 9, 'value': 60}, {'type': 28, 'value': 391}, {'type': 29, 'value': 32}, {'type': 30, 'value': 36}]}"
1758871886,VERY_LONG,,1,16700000,,"{'id': 173217, 'context': 0, 'bonus_lists': [6893, 7185], 'modifiers': [{'type': 9, 'value': 60}, {'type': 28, 'value': 391}, {'type': 29, 'value': 40}, {'type': 30, 'value': 36}]}"
1758871888,VERY_LONG,,1,16690000,,"{'id': 173217, 'context': 0, 'bonus_lists': [6893, 7185], 'modifiers': [{'type': 9, 'value': 60}, {'type': 28, 'value': 391}, {'type': 29, 'value': 40}, {'type': 30, 'value': 32}]}"
1758871894,VERY_LONG,,1,99990000,,"{'id': 172262, 'context': 13, 'bonus_lists': [6893, 7185], 'modifiers': [{'type': 9, 'value': 60}, {'type': 28, 'value': 391}, {'type': 29, 'value': 36}, {'type': 30, 'value': 32}]}"
1758871897,VERY_LONG,,1,99990000,,"{'id': 172262, 'context': 13, 'bonus_lists': [6893, 7185], 'modifiers': [{'type': 9, 'value': 60}, {'type': 28, 'value': 391}, {'type': 29, 'value': 32}, {'type': 30, 'value': 40}]}"
1758871902,VERY_LONG,,1,39000000,,"{'id': 172262, 'context': 13, 'bonus_lists': [6893, 7185], 'modifiers': [{'type': 9, 'value': 60}, {'type': 28, 'value': 391}, {'type': 29, 'value': 40}, {'type': 30, 'value': 36}]}"
1758871905,VERY_LONG,,1,80000000,,"{'id': 171449, 'context': 13, 'bonus_lists': [6893, 7185], 'modifiers': [{'type': 9, 'value': 60}, {'type': 28, 'value': 391}, {'type': 29, 'value': 40}, {'type': 30, 'value': 49}]}"
1758871910,VERY_LONG,,1,99990000,,"{'id': 171449, 'context': 13, 'bonus_lists': [6893, 7185], 'modifiers': [{'type': 9, 'value': 60}, {'type': 28, 'value': 391}, {'type': 29, 'value': 49}, {'type': 30, 'value': 32}]}"
1758871914,VERY_LONG,,1,39009900,,"{'id': 172250, 'context': 13, 'bonus_lists': [6893, 7185], 'modifiers': [{'type': 9, 'value': 60}, {'type': 28, 'value': 391}, {'type': 29, 'value': 36}, {'type': 30, 'value': 40}]}"
1758871918,VERY_LONG,,1,39001400,,"{'id': 172257, 'context': 13, 'bonus_lists': [6893, 7185], 'modifiers': [{'type': 9, 'value': 60}, {'type': 28, 'value': 391}, {'type': 29, 'value': 36}, {'type': 30, 'value': 49}]}"
1758871925,VERY_LONG,,1,99990000,,"{'id': 172257, 'context': 13, 'bonus_lists': [6893, 7185], 'modifiers': [{'type': 9, 'value': 60}, {'type': 28, 'value': 391}, {'type': 29, 'value': 32}, {'type': 30, 'value': 40}]}"
1758871929,VERY_LONG,,1,38709100,,"{'id': 172265, 'context': 13, 'bonus_lists': [6893, 7185], 'modifiers': [{'type': 9, 'value': 60}, {'type': 28, 'value': 391}, {'type': 29, 'value': 40}, {'type': 30, 'value': 49}]}"
1758871934,VERY_LONG,,1,38709100,,"{'id': 172265, 'context': 13, 'bonus_lists': [6893, 7185], 'modifiers': [{'type': 9, 'value': 60}, {'type': 28, 'value': 391}, {'type': 29, 'value': 36}, {'type': 30, 'value': 40}]}"
1758871940,VERY_LONG,,1,38709100,,"{'id': 172265, 'context': 13, 'bonus_lists': [6893, 7185], 'modifiers': [{'type': 9, 'value': 60}, {'type': 28, 'value': 391}, {'type': 29, 'value': 32}, {'type': 30, 'value': 49}]}"
1758871946,VERY_LONG,,1,44153200,,"{'id': 172265, 'context': 13, 'bonus_lists': [6893, 7185], 'modifiers': [{'type': 9, 'value': 60}, {'type': 28, 'value': 391}, {'type': 29, 'value': 36}, {'type': 30, 'value': 32}]}"
1758871952,VERY_LONG,,1,80000000,,"{'id': 171442, 'context': 13, 'bonus_lists': [6893, 7185], 'modifiers': [{'type': 9, 'value': 60}, {'type': 28, 'value': 391}, {'type': 29, 'value': 32}, {'type': 30, 'value': 40}]}"
1758871955,VERY_LONG,,1,38800000,,"{'id': 171442, 'context': 13, 'bonus_lists': [6893, 7185], 'modifiers': [{'type': 9, 'value': 60}, {'type': 28, 'value': 391}, {'type': 29, 'value': 40}, {'type': 30, 'value': 36}]}"
1758871959,VERY_LONG,,1,99990000,,"{'id': 171442, 'context': 13, 'bonus_lists': [6893, 7185], 'modifiers': [{'type': 9, 'value': 60}, {'type': 28, 'value': 391}, {'type': 29, 'value': 32}, {'type': 30, 'value': 36}]}"
1758871969,VERY_LONG,,1,80000000,,"{'id': 172261, 'context': 13, 'bonus_lists': [6893, 7185], 'modifiers': [{'type': 9, 'value': 60}, {'type': 28, 'value': 391}, {'type': 29, 'value': 40}, {'type': 30, 'value': 49}]}"
1758871973,VERY_LONG,,1,99990000,,"{'id': 172261, 'context': 13, 'bonus_lists': [6893, 7185], 'modifiers': [{'type': 9, 'value': 60}, {'type': 28, 'value': 391}, {'type': 29, 'value': 49}, {'type': 30, 'value': 36}]}"
1758871975,VERY_LONG,,1,26980000,,"{'id': 173219, 'context': 0, 'bonus_lists': [6893, 7185], 'modifiers': [{'type': 9, 'value': 60}, {'type': 28, 'value': 391}, {'type': 29, 'value': 32}, {'type': 30, 'value': 36}]}"
1758871978,VERY_LONG,,1,26980000,,"{'id': 173219, 'context': 0, 'bonus_lists': [6893, 7185], 'modifiers': [{'type': 9, 'value': 60}, {'type': 28, 'value': 391}, {'type': 29, 'value': 36}, {'type': 30, 'value': 40}]}"
1758871979,VERY_LONG,,1,99990000,,"{'id': 172258, 'context': 13, 'bonus_lists': [6893, 7185], 'modifiers': [{'type': 9, 'value': 60}, {'type': 28, 'value': 391}, {'type': 29, 'value': 40}, {'type': 30, 'value': 32}]}"
1758871987,VERY_LONG,,1,29694300,,"{'id': 173144, 'context': 13, 'bonus_lists': [7185], 'modifiers': [{'type': 9, 'value': 60}, {'type': 29, 'value': 49}]}"
1758871992,VERY_LONG,,1,29694300,,"{'id': 173144, 'context': 13, 'bonus_lists': [7185], 'modifiers': [{'type': 9, 'value': 60}, {'type': 29, 'value': 32}]}"
1758871997,VERY_LONG,,1,39000000,,"{'id': 172256, 'context': 13, 'bonus_lists': [6893, 7185], 'modifiers': [{'type': 9, 'value': 60}, {'type': 28, 'value': 391}, {'type': 29, 'value': 36}, {'type': 30, 'value': 32}]}"
1758872003,VERY_LONG,,1,39000000,,"{'id': 172256, 'context': 13, 'bonus_lists': [6893, 7185], 'modifiers': [{'type': 9, 'value': 60}, {'type': 28, 'value': 391}, {'type': 29, 'value': 32}, {'type': 30, 'value': 49}]}"
1758872005,VERY_LONG,,1,99990000,,"{'id': 172260, 'context': 13, 'bonus_lists': [6893, 7185], 'modifiers': [{'type': 9, 'value': 60}, {'type': 28, 'value': 391}, {'type': 29, 'value': 36}, {'type': 30, 'value': 32}]}"
1758872010,VERY_LONG,,1,38506100,,"{'id': 172260, 'context': 13, 'bonus_lists': [6893, 7185], 'modifiers': [{'type': 9, 'value': 60}, {'type': 28, 'value': 391}, {'type': 29, 'value': 49}, {'type': 30, 'value': 36}]}"
1758872013,VERY_LONG,,1,2242400,,"{'id': 173145, 'context': 13, 'modifiers': [{'type': 29, 'value': 36}]}"
1758872017,VERY_LONG,,1,31000000,,"{'id': 171443, 'context': 13, 'bonus_lists': [6893, 7185], 'modifiers': [{'type': 9, 'value': 60}, {'type': 28, 'value': 391}, {'type': 29, 'value': 49}, {'type': 30, 'value': 40}]}"
1758872021,VERY_LONG,,1,45988500,,"{'id': 171443, 'context': 13, 'bonus_lists': [6893, 7185], 'modifiers': [{'type': 9, 'value': 60}, {'type': 28, 'value': 391}, {'type': 29, 'value': 49}, {'type': 30, 'value': 32}]}"
1758872024,VERY_LONG,,1,35000000,,"{'id': 172259, 'context': 13, 'bonus_lists': [6893, 7185], 'modifiers': [{'type': 9, 'value': 60}, {'type': 28, 'value': 391}, {'type': 29, 'value': 36}, {'type': 30, 'value': 32}]}"
1758872029,VERY_LONG,,1,36000000,,"{'id': 172259, 'context': 13, 'bonus_lists': [6893, 7185], 'modifiers': [{'type': 9, 'value': 60}, {'type': 28, 'value': 391}, {'type': 29, 'value': 32}, {'type': 30, 'value': 40}]}"
1758872032,VERY_LONG,,1,35000000,,"{'id': 172259, 'context': 13, 'bonus_lists': [6893, 7185], 'modifiers': [{'type': 9, 'value': 60}, {'type': 28, 'value': 391}, {'type': 29, 'value': 40}, {'type': 30, 'value': 36}]}"
1758872035,VERY_LONG,,1,17989400,,"{'id': 173221, 'context': 0, 'bonus_lists': [6893, 7185], 'modifiers': [{'type': 9, 'value': 60}, {'type': 28, 'value': 391}, {'type': 29, 'value': 32}, {'type': 30, 'value': 49}]}"
1758872042,VERY_LONG,,1,17989500,,"{'id': 173221, 'context': 0, 'bonus_lists': [6893, 7185], 'modifiers': [{'type': 9, 'value': 60}, {'type': 28, 'value': 391}, {'type': 29, 'value': 40}, {'type': 30, 'value': 32}]}"
1758872043,VERY_LONG,,1,38800000,,"{'id': 171447, 'context': 13, 'bonus_lists': [6893, 7185], 'modifiers': [{'type': 9, 'value': 60}, {'type': 28, 'value': 391}, {'type': 29, 'value': 32}, {'type': 30, 'value': 49}]}"
1758872076,VERY_LONG,284590000,1,,,{'id': 12809}
1758873131,VERY_LONG,,1,1156000000,,"{'id': 82800, 'context': 0, 'modifiers': [{'type': 6, 'value': 59042}], 'pet_breed_id': 19, 'pet_level': 1, 'pet_quality_id': 3, 'pet_species_id': 1806}"
1758873148,VERY_LONG,494000,49,,,{'id': 172936}
1758873162,VERY_LONG,,1,876200,,"{'id': 172239, 'context': 13, 'bonus_lists': [6890], 'modifiers': [{'type': 9, 'value': 60}, {'type': 28, 'value': 391}, {'type': 29, 'value': 40}, {'type': 30, 'value': 32}]}"
1758873173,VERY_LONG,,1,618600,,"{'id': 172236, 'context': 13, 'bonus_lists': [6887], 'modifiers': [{'type': 9, 'value': 60}, {'type': 28, 'value': 391}, {'type': 29, 'value': 36}, {'type': 30, 'value': 49}]}"
1758873177,VERY_LONG,,1,663200,,"{'id': 172237, 'context': 13, 'bonus_lists': [6887], 'modifiers': [{'type': 9, 'value': 60}, {'type': 28, 'value': 391}, {'type': 29, 'value': 49}, {'type': 30, 'value': 32}]}"
1758873193,VERY_LONG,,1,1091400,,"{'id': 172234, 'context': 13, 'bonus_lists': [6890], 'modifiers': [{'type': 9, 'value': 60}, {'type': 28, 'value': 391}, {'type': 29, 'value': 49}, {'type': 30, 'value': 40}]}"
1758873339,VERY_LONG,,1,999990000,,"{'id': 172328, 'context': 66, 'bonus_lists': [6758, 7194, 1532]}"
1758873376,VERY_LONG,620000,200,,,{'id': 172051}
1758873379,VERY_LONG,3842800,57,,,{'id': 171270}
1758873395,VERY_LONG,2860000,12,,,{'id': 171352}
1758873402,VERY_LONG,200000,40,,,{'id': 154884}
1758873450,VERY_LONG,,1,36455500,,"{'id': 129211, 'context': 13}"
1758873453,VERY_LONG,,1,48862200,,"{'id': 127032, 'context': 13, 'bonus_lists': [3345, 3392, 3408]}"
1758873456,VERY_LONG,,1,95019900,,"{'id': 154138, 'context': 13, 'bonus_lists': [1717]}"
1758873461,VERY_LONG,1752100,117,,,{'id': 23782}
1758873463,VERY_LONG,,1,7500000,7125000,"{'id': 82800, 'context': 0, 'modifiers': [{'type': 6, 'value': 28215}], 'pet_breed_id': 11, 'pet_level': 1, 'pet_quality_id': 2, 'pet_species_id': 195}"
1758873469,VERY_LONG,3211100,2,,,{'id': 159467}
1758873480,VERY_LONG,,1,7000000,,"{'id': 82800, 'context': 0, 'modifiers': [{'type': 6, 'value': 61548}], 'pet_breed_id': 5, 'pet_level': 7, 'pet_quality_id': 2, 'pet_species_id': 1538}"
1758873486,VERY_LONG,,1,33134600,29821100,"{'id': 82800, 'context': 0, 'modifiers': [{'type': 6, 'value': 68860}], 'pet_breed_id': 20, 'pet_level': 1, 'pet_quality_id': 3, 'pet_species_id': 1928}"
1758873492,VERY_LONG,,1,8527700,7248500,"{'id': 138791, 'context': 13}"
1758873500,VERY_LONG,23580200,1,,,{'id': 128552}
1758873502,VERY_LONG,380000,1,,,{'id': 38960}
1758873509,VERY_LONG,,1,16202000,13771700,"{'id': 138793, 'context': 13}"
1758873512,VERY_LONG,10795500,10,,,{'id': 18294}
1758873514,VERY_LONG,,1,1202700,,"{'id': 10315, 'context': 1}"
1758873518,VERY_LONG,,1,254000000,241300000,"{'id': 82800, 'context': 0, 'modifiers': [{'type': 6, 'value': 61016}], 'pet_breed_id': 14, 'pet_level': 10, 'pet_quality_id': 2, 'pet_species_id': 1601}"
1758873523,VERY_LONG,,1,18977300,,"{'id': 126990, 'context': 13, 'bonus_lists': [1681, 3392, 3408]}"
1758873525,VERY_LONG,39130500,2,,,{'id': 52774}
1758873530,VERY_LONG,67969900,1,,,{'id': 38805}
1758873532,VERY_LONG,22750000,1,,,{'id': 38799}
1758873543,VERY_LONG,3749700,4,,,{'id': 74729}
1758873545,VERY_LONG,,1,90341200,76790000,"{'id': 138789, 'context': 13}"
1758873547,VERY_LONG,,1,90341200,76790000,"{'id': 138789, 'context': 13}"
1758873549,VERY_LONG,,1,44076600,,"{'id': 14045, 'context': 0}"
1758873553,VERY_LONG,,1,2341500,,"{'id': 41519, 'context': 0}"
1758873568,VERY_LONG,,1,65000000,,"{'id': 82800, 'context': 0, 'modifiers': [{'type': 6, 'value': 11709}], 'pet_breed_id': 20, 'pet_level': 10, 'pet_quality_id': 2, 'pet_species_id': 224}"
1758873569,VERY_LONG,11850000,90,,,{'id': 172370}
1758873570,VERY_LONG,,1,19449800,17504800,"{'id': 82800, 'context': 0, 'modifiers': [{'type': 6, 'value': 48666}], 'pet_breed_id': 11, 'pet_level': 1, 'pet_quality_id': 3, 'pet_species_id': 1231}"
1758873584,VERY_LONG,18834700,1,,,{'id': 128546}
1758873589,VERY_LONG,,1,70586800,,"{'id': 54446, 'context': 0}"
1758873595,VERY_LONG,,1,34000000,,"{'id': 82800, 'context': 0, 'modifiers': [{'type': 6, 'value': 10269}], 'pet_breed_id': 12, 'pet_level': 7, 'pet_quality_id': 2, 'pet_species_id': 116}"
1758873596,VERY_LONG,6997800,1,,,{'id': 52764}
1758873601,VERY_LONG,6301500,1,,,{'id': 52752}
1758873629,VERY_LONG,,1,519870000,,"{'id': 172318, 'context': 66, 'bonus_lists': [6758, 1532]}"
1758873633,VERY_LONG,80000,10,,,{'id': 173192}
1758873637,VERY_LONG,2505500,2,,,{'id': 144305}
1758873646,VERY_LONG,,1,9997800,8998000,"{'id': 82800, 'context': 0, 'modifiers': [{'type': 6, 'value': 90177}], 'pet_breed_id': 4, 'pet_level': 1, 'pet_quality_id': 3, 'pet_species_id': 2554}"
1758873649,VERY_LONG,1742800,1,,,{'id': 38979}
1758873652,VERY_LONG,,1,140000000,133000000,"{'id': 82800, 'context': 0, 'modifiers': [{'type': 6, 'value': 69532}], 'pet_breed_id': 10, 'pet_level': 1, 'pet_quality_id': 3, 'pet_species_id': 1887}"
1758873656,VERY_LONG,,1,201678100,191594200,"{'id': 82800, 'context': 0, 'modifiers': [{'type': 6, 'value': 45942}], 'pet_breed_id': 9, 'pet_level': 1, 'pet_quality_id': 3, 'pet_species_id': 868}"
1758873660,VERY_LONG,47499000,1,,,{'id': 52765}
1758873663,VERY_LONG,46087900,1,,,{'id': 39002}
1758873666,VERY_LONG,84656400,5,,,{'id': 44465}
1758873667,VERY_LONG,20800,2,,,{'id': 163149}
1758873669,VERY_LONG,9853200,1,,,{'id': 128541}
1758873674,VERY_LONG,,1,5984300,,"{'id': 173193, 'context': 0, 'bonus_lists': [6890], 'modifiers': [{'type': 9, 'value': 60}, {'type': 28, 'value': 391}, {'type': 29, 'value': 32}, {'type': 30, 'value': 36}]}"
1758873676,VERY_LONG,,1,100000,,"{'id': 82800, 'context': 0, 'modifiers': [{'type': 6, 'value': 99018}], 'pet_breed_id': 7, 'pet_level': 1, 'pet_quality_id': 2, 'pet_species_id': 2798}"
1758873678,VERY_LONG,5660900,1,,,{'id': 52745}
1758873679,VERY_LONG,,1,100000,,"{'id': 82800, 'context': 0, 'modifiers': [{'type': 6, 'value': 99018}], 'pet_breed_id': 7, 'pet_level': 1, 'pet_quality_id': 2, 'pet_species_id': 2798}"
1758873681,VERY_LONG,,1,5580300,5301300,"{'id': 82800, 'context': 0, 'modifiers': [{'type': 6, 'value': 6299}], 'pet_breed_id': 8, 'pet_level': 1, 'pet_quality_id': 2, 'pet_species_id': 67}"
1758873682,VERY_LONG,,1,100000,,"{'id': 82800, 'context': 0, 'modifiers': [{'type': 6, 'value': 99018}], 'pet_breed_id': 7, 'pet_level': 1, 'pet_quality_id': 2, 'pet_species_id': 2798}"
1758873685,VERY_LONG,,1,51490000,48915500,"{'id': 82800, 'context': 0, 'modifiers': [{'type': 6, 'value': 29810}], 'pet_breed_id': 3, 'pet_level': 1, 'pet_quality_id': 2, 'pet_species_id': 237}"
1758873688,VERY_LONG,1200000,17,,,{'id': 36908}
1758873696,VERY_LONG,,1,78362800,,"{'id': 67274, 'context': 0}"
1758873697,VERY_LONG,,1,78362800,,"{'id': 67274, 'context': 0, 'modifiers': [{'type': 28, 'value': 373}]}"
1758873700,VERY_LONG,,1,40007100,34006000,"{'id': 138787, 'context': 13}"
1758873704,VERY_LONG,,1,18694200,17759500,"{'id': 82800, 'context': 0, 'modifiers': [{'type': 6, 'value': 46902}], 'pet_breed_id': 9, 'pet_level': 1, 'pet_quality_id': 3, 'pet_species_id': 1150}"
1758873706,VERY_LONG,70000,1,,,{'id': 74863}
1758873711,VERY_LONG,50307800,1,,,{'id': 52775}
1758873720,VERY_LONG,,1,72000000,64800000,"{'id': 82800, 'context': 0, 'modifiers': [{'type': 6, 'value': 48662}], 'pet_breed_id': 10, 'pet_level': 1, 'pet_quality_id': 3, 'pet_species_id': 1229}"
1758873723,VERY_LONG,,1,6665300,,"{'id': 118603, 'context': 0, 'bonus_lists': [204]}"
1758873729,VERY_LONG,,1,55440500,,"{'id': 154161, 'context': 13, 'bonus_lists': [1710, 4927]}"
1758873734,VERY_LONG,,1,83400000,,"{'id': 82800, 'context': 0, 'modifiers': [{'type': 6, 'value': 22388}], 'pet_breed_id': 8, 'pet_level': 7, 'pet_quality_id': 3, 'pet_species_id': 163}"
1758873737,VERY_LONG,1186500,1,,,{'id': 113992}
1758873742,VERY_LONG,23684900,1,,,{'id': 141908}
1758873744,VERY_LONG,,1,5556100,5278300,"{'id': 82800, 'context': 0, 'modifiers': [{'type': 6, 'value': 20026}], 'pet_breed_id': 13, 'pet_level': 15, 'pet_quality_id': 2, 'pet_species_id': 142}"
1758873748,VERY_LONG,,1,38500000,34650000,"{'id': 82800, 'context': 0, 'modifiers': [{'type': 6, 'value': 88040}], 'pet_breed_id': 14, 'pet_level': 1, 'pet_quality_id': 2, 'pet_species_id': 2464}"
1758873752,VERY_LONG,12903000,2,,,{'id': 153646}
1758873759,VERY_LONG,4604100,8,,,{'id': 58487}
1758873760,VERY_LONG,460000,2,,,{'id': 44456}
1758873774,VERY_LONG,,1,12000500,11400500,"{'id': 82800, 'context': 0, 'modifiers': [{'type': 6, 'value': 63446}], 'pet_breed_id': 14, 'pet_level': 1, 'pet_quality_id': 3, 'pet_species_id': 1662}"
1758873782,VERY_LONG,8000600,10,,,{'id': 123956}
1758873794,VERY_LONG,2228500,1,,,{'id': 52746}
1758875134,VERY_LONG,9300,14,,,{'id': 102542}
1758875169,VERY_LONG,,1,752200,,"{'id': 177778, 'context': 0, 'bonus_lists': [6907, 6652, 6935, 1716], 'modifiers': [{'type': 9, 'value': 60}, {'type': 28, 'value': 1707}]}"
1758875229,VERY_LONG,,1,450000000,,"{'id': 82800, 'context': 0, 'modifiers': [{'type': 6, 'value': 47960}], 'pet_breed_id': 13, 'pet_level': 7, 'pet_quality_id': 3, 'pet_species_id': 1209}"
1758875252,VERY_LONG,,1,25000000,,"{'id': 173222, 'context': 0, 'bonus_lists': [6893, 7224], 'modifiers': [{'type': 9, 'value': 60}, {'type': 28, 'value': 391}, {'type': 29, 'value': 49}, {'type': 30, 'value': 40}]}"
1758875257,VERY_LONG,,1,25000000,,"{'id': 173222, 'context': 0, 'bonus_lists': [6893, 7224], 'modifiers': [{'type': 9, 'value': 60}, {'type': 28, 'value': 391}, {'type': 29, 'value': 32}, {'type': 30, 'value': 40}]}"
1758875258,VERY_LONG,500,77,,,{'id': 19183}
1758875262,VERY_LONG,15137300,1,,,{'id': 139358}
1758875265,VERY_LONG,,1,25000000,,"{'id': 171449, 'context': 13, 'bonus_lists': [6893, 7224], 'modifiers': [{'type': 9, 'value': 60}, {'type': 28, 'value': 391}, {'type': 29, 'value': 49}, {'type': 30, 'value': 36}]}"
1758875268,VERY_LONG,,1,3333300,,"{'id': 17709, 'context': 11}"
1758875269,VERY_LONG,,1,25000000,,"{'id': 171449, 'context': 13, 'bonus_lists': [6893, 7224], 'modifiers': [{'type': 9, 'value': 60}, {'type': 28, 'value': 391}, {'type': 29, 'value': 49}, {'type': 30, 'value': 36}]}"
1758875272,VERY_LONG,,1,3333300,,"{'id': 17709, 'context': 11}"
1758875276,VERY_LONG,,1,25000000,,"{'id': 171449, 'context': 13, 'bonus_lists': [6893, 7224], 'modifiers': [{'type': 9, 'value': 52}, {'type': 28, 'value': 391}, {'type': 29, 'value': 32}, {'type': 30, 'value': 40}]}"
1758875278,VERY_LONG,19888600,1,,,{'id': 139338}
1758875281,VERY_LONG,,1,25000000,,"{'id': 171449, 'context': 13, 'bonus_lists': [6893, 7224], 'modifiers': [{'type': 9, 'value': 60}, {'type': 28, 'value': 391}, {'type': 29, 'value': 40}, {'type': 30, 'value': 32}]}"
1758875283,VERY_LONG,,1,103713500,,"{'id': 118825, 'context': 29, 'bonus_lists': [3915], 'modifiers': [{'type': 9, 'value': 50}]}"
1758875287,VERY_LONG,,1,1041600,,"{'id': 172242, 'context': 13, 'bonus_lists': [6890], 'modifiers': [{'type': 9, 'value': 51}, {'type': 28, 'value': 391}, {'type': 29, 'value': 40}, {'type': 30, 'value': 49}]}"
1758875288,VERY_LONG,,1,25000000,,"{'id': 171449, 'context': 13, 'bonus_lists': [6893, 7224], 'modifiers': [{'type': 9, 'value': 60}, {'type': 28, 'value': 391}, {'type': 29, 'value': 49}, {'type': 30, 'value': 40}]}"
1758875290,VERY_LONG,,1,128658300,,"{'id': 161927, 'context': 13, 'bonus_lists': [1699, 4928]}"
1758875292,VERY_LONG,,1,25000000,,"{'id': 171442, 'context': 13, 'bonus_lists': [6893, 7224], 'modifiers': [{'type': 9, 'value': 60}, {'type': 28, 'value': 391}, {'type': 29, 'value': 40}, {'type': 30, 'value': 36}]}"
1758875294,VERY_LONG,,1,668800,,"{'id': 172245, 'context': 13, 'bonus_lists': [6887], 'modifiers': [{'type': 9, 'value': 51}, {'type': 28, 'value': 391}, {'type': 29, 'value': 49}, {'type': 30, 'value': 40}]}"
1758875298,VERY_LONG,,1,39000000,,"{'id': 171442, 'context': 13, 'bonus_lists': [6893, 7224], 'modifiers': [{'type': 9, 'value': 60}, {'type': 28, 'value': 391}, {'type': 29, 'value': 32}, {'type': 30, 'value': 40}]}"
1758875302,VERY_LONG,,1,668800,,"{'id': 172245, 'context': 13, 'bonus_lists': [6887], 'modifiers': [{'type': 9, 'value': 51}, {'type': 28, 'value': 391}, {'type': 29, 'value': 32}, {'type': 30, 'value': 40}]}"
1758875304,VERY_LONG,,1,25000000,,"{'id': 171442, 'context': 13, 'bonus_lists': [6893, 7224], 'modifiers': [{'type': 9, 'value': 60}, {'type': 28, 'value': 391}, {'type': 29, 'value': 32}, {'type': 30, 'value': 49}]}"
1758875306,VERY_LONG,7128200,1,,,{'id': 139339}
1758875309,VERY_LONG,,1,25000000,,"{'id': 171442, 'context': 13, 'bonus_lists': [6893, 7224], 'modifiers': [{'type': 9, 'value': 60}, {'type': 28, 'value': 391}, {'type': 29, 'value': 32}, {'type': 30, 'value': 49}]}"
1758875311,VERY_LONG,7535200,1,,,{'id': 139288}
1758875313,VERY_LONG,19142500,1,,,{'id': 136826}
1758875315,VERY_LONG,,1,25000000,,"{'id': 172254, 'context': 13, 'bonus_lists': [6893, 7224], 'modifiers': [{'type': 9, 'value': 60}, {'type': 28, 'value': 391}, {'type': 29, 'value': 49}, {'type': 30, 'value': 32}]}"
1758875322,VERY_LONG,19965200,1,,,{'id': 129019}
1758875323,VERY_LONG,,1,25000000,,"{'id': 172254, 'context': 13, 'bonus_lists': [6893, 7224], 'modifiers': [{'type': 9, 'value': 60}, {'type': 28, 'value': 391}, {'type': 29, 'value': 36}, {'type': 30, 'value': 32}]}"
1758875326,VERY_LONG,1371000,61,,,{'id': 11371}
1758875332,VERY_LONG,,1,350282900,,"{'id': 83090, 'context': 0}"
1758875335,VERY_LONG,,1,25000000,,"{'id': 173221, 'context': 0, 'bonus_lists': [6893, 7224], 'modifiers': [{'type': 9, 'value': 60}, {'type': 28, 'value': 391}, {'type': 29, 'value': 49}, {'type': 30, 'value': 32}]}"
1758875337,VERY_LONG,26500900,1,,,{'id': 137293}
1758875339,VERY_LONG,,1,25000000,,"{'id': 173214, 'context': 0, 'bonus_lists': [6893, 7224], 'modifiers': [{'type': 9, 'value': 60}, {'type': 28, 'value': 391}, {'type': 29, 'value': 32}, {'type': 30, 'value': 49}]}"
1758875342,VERY_LONG,7535200,1,,,{'id': 137238}
1758875345,VERY_LONG,,1,25000000,,"{'id': 173214, 'context': 0, 'bonus_lists': [6893, 7224], 'modifiers': [{'type': 9, 'value': 60}, {'type': 28, 'value': 391}, {'type': 29, 'value': 32}, {'type': 30, 'value': 36}]}"
1758875346,VERY_LONG,17884000,1,,,{'id': 137269}
1758875349,VERY_LONG,,1,25000000,,"{'id': 173217, 'context': 0, 'bonus_lists': [6893, 7224], 'modifiers': [{'type': 9, 'value': 60}, {'type': 28, 'value': 391}, {'type': 29, 'value': 36}, {'type': 30, 'value': 32}]}"
1758875350,VERY_LONG,185228700,15,,,{'id': 9144}
1758875353,VERY_LONG,23487800,1,,,{'id': 129017}
1758875354,VERY_LONG,,1,25000000,,"{'id': 173217, 'context': 0, 'bonus_lists': [6893, 7224], 'modifiers': [{'type': 9, 'value': 60}, {'type': 28, 'value': 391}, {'type': 29, 'value': 36}, {'type': 30, 'value': 32}]}"
1758875357,VERY_LONG,890100,1,,,{'id': 110618}
1758875363,VERY_LONG,,1,25000000,,"{'id': 173217, 'context': 0, 'bonus_lists': [6893, 7224], 'modifiers': [{'type': 9, 'value': 60}, {'type': 28, 'value': 391}, {'type': 29, 'value': 40}, {'type': 30, 'value': 32}]}"
1758875368,VERY_LONG,,1,500000000,,"{'id': 95416, 'context': 0, 'modifiers': [{'type': 28, 'value': 872}]}"
1758875369,VERY_LONG,,1,25000000,,"{'id': 173217, 'context': 0, 'bonus_lists': [6893, 7224], 'modifiers': [{'type': 9, 'value': 60}, {'type': 28, 'value': 391}, {'type': 29, 'value': 40}, {'type': 30, 'value': 32}]}"
1758875376,VERY_LONG,1416900,2,,,{'id': 153476}
1758875377,VERY_LONG,,1,25000000,,"{'id': 173217, 'context': 0, 'bonus_lists': [6893, 7224], 'modifiers': [{'type': 9, 'value': 60}, {'type': 28, 'value': 391}, {'type': 29, 'value': 32}, {'type': 30, 'value': 49}]}"
1758875382,VERY_LONG,,1,25000000,,"{'id': 173217, 'context': 0, 'bonus_lists': [6893, 7224], 'modifiers': [{'type': 9, 'value': 60}, {'type': 28, 'value': 391}, {'type': 29, 'value': 32}, {'type': 30, 'value': 49}]}"
1758875386,VERY_LONG,,1,25000000,,"{'id': 173217, 'context': 0, 'bonus_lists': [6893, 7224], 'modifiers': [{'type': 9, 'value': 60}, {'type': 28, 'value': 391}, {'type': 29, 'value': 49}, {'type': 30, 'value': 36}]}"
1758875392,VERY_LONG,,1,25000000,,"{'id': 173218, 'context': 0, 'bonus_lists': [6893, 7224], 'modifiers': [{'type': 9, 'value': 60}, {'type': 28, 'value': 391}, {'type': 29, 'value': 49}, {'type': 30, 'value': 36}]}"
1758875400,VERY_LONG,,1,25000000,,"{'id': 173218, 'context': 0, 'bonus_lists': [6893, 7224], 'modifiers': [{'type': 9, 'value': 60}, {'type': 28, 'value': 391}, {'type': 29, 'value': 32}, {'type': 30, 'value': 40}]}"
1758875404,VERY_LONG,,1,25000000,,"{'id': 173218, 'context': 0, 'bonus_lists': [6893, 7224], 'modifiers': [{'type': 9, 'value': 60}, {'type': 28, 'value': 391}, {'type': 29, 'value': 49}, {'type': 30, 'value': 40}]}"
1758875409,VERY_LONG,,1,25000000,,"{'id': 173218, 'context': 0, 'bonus_lists': [6893, 7224], 'modifiers': [{'type': 9, 'value': 60}, {'type': 28, 'value': 391}, {'type': 29, 'value': 49}, {'type': 30, 'value': 40}]}"
1758875413,VERY_LONG,,1,25000000,,"{'id': 173218, 'context': 0, 'bonus_lists': [6893, 7224], 'modifiers': [{'type': 9, 'value': 60}, {'type': 28, 'value': 391}, {'type': 29, 'value': 32}, {'type': 30, 'value': 49}]}"
1758875416,VERY_LONG,,1,25000000,,"{'id': 173218, 'context': 0, 'bonus_lists': [6893, 7224], 'modifiers': [{'type': 9, 'value': 60}, {'type': 28, 'value': 391}, {'type': 29, 'value': 49}, {'type': 30, 'value': 32}]}"
1758875420,VERY_LONG,,1,25000000,,"{'id': 173196, 'context': 0, 'bonus_lists': [6887], 'modifiers': [{'type': 9, 'value': 60}, {'type': 28, 'value': 391}, {'type': 29, 'value': 36}, {'type': 30, 'value': 40}]}"
1758875426,VERY_LONG,,1,2990000,,"{'id': 173196, 'context': 0, 'bonus_lists': [6887], 'modifiers': [{'type': 9, 'value': 60}, {'type': 28, 'value': 391}, {'type': 29, 'value': 49}, {'type': 30, 'value': 32}]}"
1758875428,VERY_LONG,,1,2990000,,"{'id': 173196, 'context': 0, 'bonus_lists': [6887], 'modifiers': [{'type': 9, 'value': 60}, {'type': 28, 'value': 391}, {'type': 29, 'value': 49}, {'type': 30, 'value': 40}]}"
1758875434,VERY_LONG,,1,2990000,,"{'id': 173196, 'context': 0, 'bonus_lists': [6887], 'modifiers': [{'type': 9, 'value': 60}, {'type': 28, 'value': 391}, {'type': 29, 'value': 40}, {'type': 30, 'value': 49}]}"
1758875438,VERY_LONG,,1,25000000,,"{'id': 173216, 'context': 0, 'bonus_lists': [6893, 7224], 'modifiers': [{'type': 9, 'value': 60}, {'type': 28, 'value': 391}, {'type': 29, 'value': 40}, {'type': 30, 'value': 32}]}"
1758875440,VERY_LONG,,1,25000000,,"{'id': 173216, 'context': 0, 'bonus_lists': [6893, 7224], 'modifiers': [{'type': 9, 'value': 60}, {'type': 28, 'value': 391}, {'type': 29, 'value': 49}, {'type': 30, 'value': 32}]}"
1758875445,VERY_LONG,,1,25000000,,"{'id': 173216, 'context': 0, 'bonus_lists': [6893, 7224], 'modifiers': [{'type': 9, 'value': 60}, {'type': 28, 'value': 391}, {'type': 29, 'value': 49}, {'type': 30, 'value': 36}]}"
1758875448,VERY_LONG,,1,25000000,,"{'id': 173216, 'context': 0, 'bonus_lists': [6893, 7224], 'modifiers': [{'type': 9, 'value': 60}, {'type': 28, 'value': 391}, {'type': 29, 'value': 49}, {'type': 30, 'value': 36}]}"
1758875454,VERY_LONG,,1,25000000,,"{'id': 173216, 'context': 0, 'bonus_lists': [6893, 7224], 'modifiers': [{'type': 9, 'value': 60}, {'type': 28, 'value': 391}, {'type': 29, 'value': 32}, {'type': 30, 'value': 36}]}"
1758875457,VERY_LONG,,1,25000000,,"{'id': 171376, 'context': 13, 'bonus_lists': [6887, 7224], 'modifiers': [{'type': 9, 'value': 52}, {'type': 28, 'value': 391}, {'type': 29, 'value': 40}, {'type': 30, 'value': 49}]}"
1758875461,VERY_LONG,,1,25000000,,"{'id': 171376, 'context': 13, 'bonus_lists': [6887, 7224], 'modifiers': [{'type': 9, 'value': 52}, {'type': 28, 'value': 391}, {'type': 29, 'value': 49}, {'type': 30, 'value': 40}]}"
1758875467,VERY_LONG,,1,25000000,,"{'id': 171443, 'context': 13, 'bonus_lists': [6893, 7224], 'modifiers': [{'type': 9, 'value': 52}, {'type': 28, 'value': 391}, {'type': 29, 'value': 36}, {'type': 30, 'value': 49}]}"
1758875471,VERY_LONG,,1,25000000,,"{'id': 171443, 'context': 13, 'bonus_lists': [6893, 7224], 'modifiers': [{'type': 9, 'value': 60}, {'type': 28, 'value': 391}, {'type': 29, 'value': 40}, {'type': 30, 'value': 32}]}"
1758875474,VERY_LONG,,1,25000000,,"{'id': 173145, 'context': 13, 'bonus_lists': [7224], 'modifiers': [{'type': 9, 'value': 60}, {'type': 29, 'value': 40}]}"
1758875476,VERY_LONG,,1,25000000,,"{'id': 173145, 'context': 13, 'bonus_lists': [7224], 'modifiers': [{'type': 9, 'value': 60}, {'type': 29, 'value': 36}]}"
1758875479,VERY_LONG,,1,25000000,,"{'id': 173145, 'context': 13, 'bonus_lists': [7224], 'modifiers': [{'type': 9, 'value': 60}, {'type': 29, 'value': 32}]}"
1758875484,VERY_LONG,,1,25000000,,"{'id': 173144, 'context': 13, 'bonus_lists': [7224], 'modifiers': [{'type': 9, 'value': 60}, {'type': 29, 'value': 32}]}"
1758875488,VERY_LONG,,1,25000000,,"{'id': 173144, 'context': 13, 'bonus_lists': [7224], 'modifiers': [{'type': 9, 'value': 60}, {'type': 29, 'value': 32}]}"
1758875490,VERY_LONG,,1,25000000,,"{'id': 173144, 'context': 13, 'bonus_lists': [7224], 'modifiers': [{'type': 9, 'value': 60}, {'type': 29, 'value': 49}]}"
1758875494,VERY_LONG,,1,25000000,,"{'id': 173144, 'context': 13, 'bonus_lists': [7224], 'modifiers': [{'type': 9, 'value': 60}, {'type': 29, 'value': 36}]}"
1758875498,VERY_LONG,,1,25000000,,"{'id': 173144, 'context': 13, 'bonus_lists': [7224], 'modifiers': [{'type': 9, 'value': 60}, {'type': 29, 'value': 36}]}"
1758875500,VERY_LONG,,1,25000000,,"{'id': 171444, 'context': 13, 'bonus_lists': [6893, 7224], 'modifiers': [{'type': 9, 'value': 60}, {'type': 28, 'value': 391}, {'type': 29, 'value': 40}, {'type': 30, 'value': 32}]}"
1758875502,VERY_LONG,,1,39000000,,"{'id': 171444, 'context': 13, 'bonus_lists': [6893, 7224], 'modifiers': [{'type': 9, 'value': 60}, {'type': 28, 'value': 391}, {'type': 29, 'value': 40}, {'type': 30, 'value': 49}]}"
1758875505,VERY_LONG,,1,39000000,,"{'id': 171444, 'context': 13, 'bonus_lists': [6893, 7224], 'modifiers': [{'type': 9, 'value': 60}, {'type': 28, 'value': 391}, {'type': 29, 'value': 36}, {'type': 30, 'value': 32}]}"
1758875508,VERY_LONG,,1,25000000,,"{'id': 171444, 'context': 13, 'bonus_lists': [6893, 7224], 'modifiers': [{'type': 9, 'value': 60}, {'type': 28, 'value': 391}, {'type': 29, 'value': 32}, {'type': 30, 'value': 49}]}"
1758875510,VERY_LONG,,1,15000000,,"{'id': 82800, 'context': 0, 'modifiers': [{'type': 6, 'value': 44655}], 'pet_breed_id': 8, 'pet_level': 7, 'pet_quality_id': 3, 'pet_species_id': 650}"
1758875511,VERY_LONG,,1,25000000,,"{'id': 171444, 'context': 13, 'bonus_lists': [6893, 7224], 'modifiers': [{'type': 9, 'value': 52}, {'type': 28, 'value': 391}, {'type': 29, 'value': 40}, {'type': 30, 'value': 32}]}"
1758875514,VERY_LONG,,1,25000000,,"{'id': 171448, 'context': 13, 'bonus_lists': [6893, 7224], 'modifiers': [{'type': 9, 'value': 52}, {'type': 28, 'value': 391}, {'type': 29, 'value': 32}, {'type': 30, 'value': 40}]}"
1758875519,VERY_LONG,,1,25000000,,"{'id': 171448, 'context': 13, 'bonus_lists': [6893, 7224], 'modifiers': [{'type': 9, 'value': 52}, {'type': 28, 'value': 391}, {'type': 29, 'value': 32}, {'type': 30, 'value': 49}]}"
1758875521,VERY_LONG,,1,618600,,"{'id': 172236, 'context': 13, 'bonus_lists': [6887], 'modifiers': [{'type': 9, 'value': 60}, {'type': 28, 'value': 391}, {'type': 29, 'value': 40}, {'type': 30, 'value': 36}]}"
1758875526,VERY_LONG,,1,618600,,"{'id': 172236, 'context': 13, 'bonus_lists': [6887], 'modifiers': [{'type': 9, 'value': 60}, {'type': 28, 'value': 391}, {'type': 29, 'value': 49}, {'type': 30, 'value': 40}]}"
1758875529,VERY_LONG,,1,25000000,,"{'id': 172236, 'context': 13, 'bonus_lists': [6887], 'modifiers': [{'type': 9, 'value': 51}, {'type': 28, 'value': 391}, {'type': 29, 'value': 36}, {'type': 30, 'value': 32}]}"
1758875532,VERY_LONG,,1,702100,,"{'id': 172236, 'context': 13, 'bonus_lists': [6887], 'modifiers': [{'type': 9, 'value': 60}, {'type': 28, 'value': 391}, {'type': 29, 'value': 49}, {'type': 30, 'value': 32}]}"
1758875534,VERY_LONG,,1,702100,,"{'id': 172236, 'context': 13, 'bonus_lists': [6887], 'modifiers': [{'type': 9, 'value': 60}, {'type': 28, 'value': 391}, {'type': 29, 'value': 32}, {'type': 30, 'value': 49}]}"
1758875540,VERY_LONG,,1,39000000,,"{'id': 172258, 'context': 13, 'bonus_lists': [6893, 7224], 'modifiers': [{'type': 9, 'value': 60}, {'type': 28, 'value': 391}, {'type': 29, 'value': 40}, {'type': 30, 'value': 49}]}"
1758875545,VERY_LONG,,1,39000000,,"{'id': 172258, 'context': 13, 'bonus_lists': [6893, 7224], 'modifiers': [{'type': 9, 'value': 60}, {'type': 28, 'value': 391}, {'type': 29, 'value': 49}, {'type': 30, 'value': 40}]}"
1758875549,VERY_LONG,,1,25000000,,"{'id': 172258, 'context': 13, 'bonus_lists': [6893, 7224], 'modifiers': [{'type': 9, 'value': 60}, {'type': 28, 'value': 391}, {'type': 29, 'value': 49}, {'type': 30, 'value': 32}]}"
1758875553,VERY_LONG,,1,25000000,,"{'id': 172258, 'context': 13, 'bonus_lists': [6893, 7224], 'modifiers': [{'type': 9, 'value': 60}, {'type': 28, 'value': 391}, {'type': 29, 'value': 32}, {'type': 30, 'value': 49}]}"
1758875558,VERY_LONG,,1,14446500,,"{'id': 177782, 'context': 0, 'bonus_lists': [6907, 40, 1695], 'modifiers': [{'type': 9, 'value': 60}, {'type': 28, 'value': 1707}]}"
1758875563,VERY_LONG,,1,25000000,,"{'id': 172265, 'context': 13, 'bonus_lists': [6893, 7224], 'modifiers': [{'type': 9, 'value': 60}, {'type': 28, 'value': 391}, {'type': 29, 'value': 32}, {'type': 30, 'value': 36}]}"
1758875567,VERY_LONG,,1,25000000,,"{'id': 172265, 'context': 13, 'bonus_lists': [6893, 7224], 'modifiers': [{'type': 9, 'value': 60}, {'type': 28, 'value': 391}, {'type': 29, 'value': 49}, {'type': 30, 'value': 40}]}"
1758875570,VERY_LONG,,1,25000000,,"{'id': 172265, 'context': 13, 'bonus_lists': [6893, 7224], 'modifiers': [{'type': 9, 'value': 60}, {'type': 28, 'value': 391}, {'type': 29, 'value': 49}, {'type': 30, 'value': 36}]}"
1758875575,VERY_LONG,,1,25000000,,"{'id': 171378, 'context': 13, 'bonus_lists': [6885, 7224], 'modifiers': [{'type': 9, 'value': 52}, {'type': 28, 'value': 391}, {'type': 29, 'value': 49}, {'type': 30, 'value': 32}]}"
1758875585,VERY_LONG,,1,25000000,,"{'id': 173220, 'context': 0, 'bonus_lists': [6893, 7224], 'modifiers': [{'type': 9, 'value': 60}, {'type': 28, 'value': 391}, {'type': 29, 'value': 32}, {'type': 30, 'value': 40}]}"
1758875589,VERY_LONG,,1,25000000,,"{'id': 173220, 'context': 0, 'bonus_lists': [6893, 7224], 'modifiers': [{'type': 9, 'value': 60}, {'type': 28, 'value': 391}, {'type': 29, 'value': 49}, {'type': 30, 'value': 40}]}"
1758875593,VERY_LONG,,1,25000000,,"{'id': 173220, 'context': 0, 'bonus_lists': [6893, 7224], 'modifiers': [{'type': 9, 'value': 60}, {'type': 28, 'value': 391}, {'type': 29, 'value': 36}, {'type': 30, 'value': 49}]}"
1758875599,VERY_LONG,,1,25000000,,"{'id': 173147, 'context': 13, 'bonus_lists': [7224], 'modifiers': [{'type': 9, 'value': 60}, {'type': 29, 'value': 40}]}"
1758875605,VERY_LONG,,1,25000000,,"{'id': 173147, 'context': 13, 'bonus_lists': [7224], 'modifiers': [{'type': 9, 'value': 60}, {'type': 29, 'value': 40}]}"
1758875608,VERY_LONG,,1,1041600,,"{'id': 172242, 'context': 13, 'bonus_lists': [6890], 'modifiers': [{'type': 9, 'value': 60}, {'type': 28, 'value': 391}, {'type': 29, 'value': 32}, {'type': 30, 'value': 36}]}"
1758875610,VERY_LONG,,1,1041600,,"{'id': 172242, 'context': 13, 'bonus_lists': [6890], 'modifiers': [{'type': 9, 'value': 60}, {'type': 28, 'value': 391}, {'type': 29, 'value': 49}, {'type': 30, 'value': 36}]}"
1758875611,VERY_LONG,,1,11000000,,"{'id': 82800, 'context': 0, 'modifiers': [{'type': 6, 'value': 22349}], 'pet_breed_id': 7, 'pet_level': 11, 'pet_quality_id': 2, 'pet_species_id': 153}"
1758875616,VERY_LONG,,1,1450000,,"{'id': 182725, 'context': 0, 'bonus_lists': [6907, 6652, 7193], 'modifiers': [{'type': 9, 'value': 60}, {'type': 28, 'value': 1707}]}"
1758875622,VERY_LONG,,1,25000000,,"{'id': 173131, 'context': 13, 'bonus_lists': [7224], 'modifiers': [{'type': 9, 'value': 60}, {'type': 29, 'value': 49}]}"
1758875628,VERY_LONG,,1,25000000,,"{'id': 173131, 'context': 13, 'bonus_lists': [7224], 'modifiers': [{'type': 9, 'value': 60}, {'type': 29, 'value': 32}]}"
1758875630,VERY_LONG,,1,3502600,,"{'id': 86281, 'context': 0}"
1758875632,VERY_LONG,,1,13989200,,"{'id': 177787, 'context': 1, 'bonus_lists': [6907, 6652, 7194, 1699], 'modifiers': [{'type': 9, 'value': 60}, {'type': 28, 'value': 747}]}"
1758875634,VERY_LONG,,1,5679200,,"{'id': 177787, 'context': 0, 'bonus_lists': [6907, 6652, 7193, 1713], 'modifiers': [{'type': 9, 'value': 60}, {'type': 28, 'value': 1707}]}"
1758875640,VERY_LONG,,1,6455400,,"{'id': 175574, 'context': 0, 'bonus_lists': [6907, 1691], 'modifiers': [{'type': 9, 'value': 60}, {'type': 28, 'value': 1707}]}"
1758875649,VERY_LONG,,1,25000000,,"{'id': 172251, 'context': 13, 'bonus_lists': [6893, 7224], 'modifiers': [{'type': 9, 'value': 60}, {'type': 28, 'value': 391}, {'type': 29, 'value': 40}, {'type': 30, 'value': 36}]}"
1758875652,VERY_LONG,,1,25000000,,"{'id': 173146, 'context': 13, 'bonus_lists': [7224], 'modifiers': [{'type': 9, 'value': 60}, {'type': 29, 'value': 49}]}"
1758875661,VERY_LONG,,1,25000000,,"{'id': 173146, 'context': 13, 'bonus_lists': [7224], 'modifiers': [{'type': 9, 'value': 60}, {'type': 29, 'value': 49}]}"
1758875663,VERY_LONG,,1,25000000,,"{'id': 173146, 'context': 13, 'bonus_lists': [7224], 'modifiers': [{'type': 9, 'value': 60}, {'type': 29, 'value': 32}]}"
1758875669,VERY_LONG,,1,25000000,,"{'id': 172263, 'context': 13, 'bonus_lists': [6893, 7224], 'modifiers': [{'type': 9, 'value': 60}, {'type': 28, 'value': 391}, {'type': 29, 'value': 49}, {'type': 30, 'value': 40}]}"
1758875673,VERY_LONG,,1,25000000,,"{'id': 172264, 'context': 13, 'bonus_lists': [6893, 7224], 'modifiers': [{'type': 9, 'value': 60}, {'type': 28, 'value': 391}, {'type': 29, 'value': 40}, {'type': 30, 'value': 49}]}"
1758875677,VERY_LONG,,1,25000000,,"{'id': 173219, 'context': 0, 'bonus_lists': [6893, 7224], 'modifiers': [{'type': 9, 'value': 60}, {'type': 28, 'value': 391}, {'type': 29, 'value': 32}, {'type': 30, 'value': 40}]}"
1758875680,VERY_LONG,,1,25000000,,"{'id': 173219, 'context': 0, 'bonus_lists': [6893, 7224], 'modifiers': [{'type': 9, 'value': 60}, {'type': 28, 'value': 391}, {'type': 29, 'value': 36}, {'type': 30, 'value': 49}]}"
1758875683,VERY_LONG,,1,25000000,,"{'id': 173219, 'context': 0, 'bonus_lists': [6893, 7224], 'modifiers': [{'type': 9, 'value': 60}, {'type': 28, 'value': 391}, {'type': 29, 'value': 36}, {'type': 30, 'value': 40}]}"
1758875687,VERY_LONG,,1,25000000,,"{'id': 173219, 'context': 0, 'bonus_lists': [6893, 7224], 'modifiers': [{'type': 9, 'value': 60}, {'type': 28, 'value': 391}, {'type': 29, 'value': 40}, {'type': 30, 'value': 49}]}"
1758875690,VERY_LONG,,1,25000000,,"{'id': 173219, 'context': 0, 'bonus_lists': [6893, 7224], 'modifiers': [{'type': 9, 'value': 60}, {'type': 28, 'value': 391}, {'type': 29, 'value': 32}, {'type': 30, 'value': 36}]}"
1758875694,VERY_LONG,,1,25000000,,"{'id': 173219, 'context': 0, 'bonus_lists': [6893, 7224], 'modifiers': [{'type': 9, 'value': 60}, {'type': 28, 'value': 391}, {'type': 29, 'value': 36}, {'type': 30, 'value': 32}]}"
1758875697,VERY_LONG,,1,25000000,,"{'id': 173134, 'context': 13, 'bonus_lists': [7224], 'modifiers': [{'type': 9, 'value': 60}, {'type': 29, 'value': 40}]}"
1758875702,VERY_LONG,,1,25000000,,"{'id': 172239, 'context': 13, 'bonus_lists': [6890], 'modifiers': [{'type': 9, 'value': 60}, {'type': 28, 'value': 391}, {'type': 29, 'value': 49}, {'type': 30, 'value': 32}]}"
1758875703,VERY_LONG,,1,25000000,,"{'id': 172239, 'context': 13, 'bonus_lists': [6890], 'modifiers': [{'type': 9, 'value': 60}, {'type': 28, 'value': 391}, {'type': 29, 'value': 49}, {'type': 30, 'value': 32}]}"
1758875709,VERY_LONG,,1,25000000,,"{'id': 172239, 'context': 13, 'bonus_lists': [6890], 'modifiers': [{'type': 9, 'value': 51}, {'type': 28, 'value': 391}, {'type': 29, 'value': 32}, {'type': 30, 'value': 49}]}"
1758875713,VERY_LONG,,1,25000000,,"{'id': 172256, 'context': 13, 'bonus_lists': [6893, 7224], 'modifiers': [{'type': 9, 'value': 60}, {'type': 28, 'value': 391}, {'type': 29, 'value': 40}, {'type': 30, 'value': 49}]}"
1758875717,VERY_LONG,,1,785400,,"{'id': 172247, 'context': 13, 'bonus_lists': [6890], 'modifiers': [{'type': 9, 'value': 60}, {'type': 28, 'value': 391}, {'type': 29, 'value': 40}, {'type': 30, 'value': 32}]}"
1758875719,VERY_LONG,,1,35000000,,"{'id': 82800, 'context': 0, 'modifiers': [{'type': 6, 'value': 28215}], 'pet_breed_id': 18, 'pet_level': 10, 'pet_quality_id': 2, 'pet_species_id': 195}"
1758875723,VERY_LONG,,1,785400,,"{'id': 172247, 'context': 13, 'bonus_lists': [6890], 'modifiers': [{'type': 9, 'value': 60}, {'type': 28, 'value': 391}, {'type': 29, 'value': 40}, {'type': 30, 'value': 49}]}"
1758875725,VERY_LONG,,1,35000000,,"{'id': 82800, 'context': 0, 'modifiers': [{'type': 6, 'value': 28215}], 'pet_breed_id': 15, 'pet_level': 10, 'pet_quality_id': 2, 'pet_species_id': 195}"
1758875728,VERY_LONG,,1,25000000,,"{'id': 172259, 'context': 13, 'bonus_lists': [6893, 7224], 'modifiers': [{'type': 9, 'value': 60}, {'type': 28, 'value': 391}, {'type': 29, 'value': 49}, {'type': 30, 'value': 40}]}"
1758875735,VERY_LONG,,1,663200,,"{'id': 172237, 'context': 13, 'bonus_lists': [6887], 'modifiers': [{'type': 9, 'value': 60}, {'type': 28, 'value': 391}, {'type': 29, 'value': 40}, {'type': 30, 'value': 36}]}"
1758875740,VERY_LONG,,1,663200,,"{'id': 172237, 'context': 13, 'bonus_lists': [6887], 'modifiers': [{'type': 9, 'value': 60}, {'type': 28, 'value': 391}, {'type': 29, 'value': 49}, {'type': 30, 'value': 36}]}"
1758875757,VERY_LONG,,1,780900,,"{'id': 32749, 'context': 3}"
1758875778,VERY_LONG,,1,9999900,,"{'id': 71360, 'context': 5, 'modifiers': [{'type': 28, 'value': 1029}]}"
1758875781,VERY_LONG,42100,2,,,{'id': 179315}
1758875782,VERY_LONG,161900,18,,,{'id': 154891}
1758875783,VERY_LONG,16500,5,,,{'id': 179314}
1758875794,VERY_LONG,,1,17898000,,"{'id': 184480, 'context': 0}"
1758875796,VERY_LONG,48600,2,,,{'id': 172055}
1758875811,VERY_LONG,200000,21,,,{'id': 102543}
1758875831,VERY_LONG,,1,1500007700,,"{'id': 183035, 'context': 5, 'bonus_lists': [7188, 6652, 7194, 1485, 6646], 'modifiers': [{'type': 28, 'value': 752}]}"
1758875878,VERY_LONG,10000,16,,,{'id': 102541}
1758875912,VERY_LONG,11600,1,,,{'id': 52758}
1758875936,VERY_LONG,1622600,1,,,{'id': 19268}
1758875951,VERY_LONG,259400,1,,,{'id': 22460}
1758875969,VERY_LONG,32200,10,,,{'id': 133573}
1758875977,VERY_LONG,42100,6,,,{'id': 179315}
1758875978,VERY_LONG,,1,2990000,,"{'id': 173196, 'context': 0, 'bonus_lists': [6887], 'modifiers': [{'type': 9, 'value': 60}, {'type': 28, 'value': 391}, {'type': 29, 'value': 40}, {'type': 30, 'value': 32}]}"
1758875989,VERY_LONG,,1,3450000,3105000,"{'id': 82800, 'context': 0, 'modifiers': [{'type': 6, 'value': 86136}], 'pet_breed_id': 8, 'pet_level': 1, 'pet_quality_id': 2, 'pet_species_id': 2188}"
1758875994,VERY_LONG,450000,1,,,{'id': 31911}
1758876013,VERY_LONG,,1,2912200,,"{'id': 178947, 'context': 0, 'bonus_lists': [6908, 6652, 1712], 'modifiers': [{'type': 9, 'value': 54}, {'type': 28, 'value': 1327}]}"
1758876014,VERY_LONG,200000,17,,,{'id': 168640}
1758876037,VERY_LONG,550000,1,,,{'id': 31898}
1758876045,VERY_LONG,,1,2912200,,"{'id': 178947, 'context': 0, 'bonus_lists': [6908, 6652, 1712], 'modifiers': [{'type': 9, 'value': 54}, {'type': 28, 'value': 1335}]}"
1758876066,VERY_LONG,,1,2912200,,"{'id': 178947, 'context': 0, 'bonus_lists': [6908, 6652, 1715], 'modifiers': [{'type': 9, 'value': 54}, {'type': 28, 'value': 1336}]}"
1758876081,VERY_LONG,,1,1130000,,"{'id': 173199, 'context': 0, 'bonus_lists': [6890], 'modifiers': [{'type': 9, 'value': 60}, {'type': 28, 'value': 391}, {'type': 29, 'value': 36}, {'type': 30, 'value': 32}]}"
1758876082,VERY_LONG,,1,12000000,,"{'id': 82800, 'context': 0, 'modifiers': [{'type': 6, 'value': 58736}], 'pet_breed_id': 18, 'pet_level': 7, 'pet_quality_id': 2, 'pet_species_id': 1515}"
1758876094,VERY_LONG,2057500,5,,,{'id': 63306}
1758876101,VERY_LONG,,1,25000000,,"{'id': 173221, 'context': 0, 'bonus_lists': [6893, 7224], 'modifiers': [{'type': 9, 'value': 60}, {'type': 28, 'value': 391}, {'type': 29, 'value': 49}, {'type': 30, 'value': 36}]}"
1758876104,VERY_LONG,,1,25000000,,"{'id': 173221, 'context': 0, 'bonus_lists': [6893, 7224], 'modifiers': [{'type': 9, 'value': 60}, {'type': 28, 'value': 391}, {'type': 29, 'value': 36}, {'type': 30, 'value': 32}]}"
1758876110,VERY_LONG,,1,25000000,,"{'id': 173221, 'context': 0, 'bonus_lists': [6893, 7224], 'modifiers': [{'type': 9, 'value': 60}, {'type': 28, 'value': 391}, {'type': 29, 'value': 32}, {'type': 30, 'value': 49}]}"
1758876115,VERY_LONG,,1,25000000,,"{'id': 173214, 'context': 0, 'bonus_lists': [6893, 7224], 'modifiers': [{'type': 9, 'value': 60}, {'type': 28, 'value': 391}, {'type': 29, 'value': 32}, {'type': 30, 'value': 40}]}"
1758876118,VERY_LONG,28500,1,,,{'id': 31893}
1758876121,VERY_LONG,,1,25000000,,"{'id': 173214, 'context': 0, 'bonus_lists': [6893, 7224], 'modifiers': [{'type': 9, 'value': 60}, {'type': 28, 'value': 391}, {'type': 29, 'value': 32}, {'type': 30, 'value': 40}]}"
1758876128,VERY_LONG,,1,25000000,,"{'id': 173214, 'context': 0, 'bonus_lists': [6893, 7224], 'modifiers': [{'type': 9, 'value': 60}, {'type': 28, 'value': 391}, {'type': 29, 'value': 49}, {'type': 30, 'value': 36}]}"
1758876131,VERY_LONG,,1,25000000,,"{'id': 173220, 'context': 0, 'bonus_lists': [6893, 7224], 'modifiers': [{'type': 9, 'value': 60}, {'type': 28, 'value': 391}, {'type': 29, 'value': 36}, {'type': 30, 'value': 49}]}"
1758876138,VERY_LONG,,1,25000000,,"{'id': 171443, 'context': 13, 'bonus_lists': [6893, 7224], 'modifiers': [{'type': 9, 'value': 52}, {'type': 28, 'value': 391}, {'type': 29, 'value': 40}, {'type': 30, 'value': 49}]}"
1758876150,VERY_LONG,1500000,1,,,{'id': 31906}
1758876159,VERY_LONG,,1,1000000,,"{'id': 44742, 'context': 0, 'bonus_lists': [1677]}"
1758876171,VERY_LONG,149900,4,,,{'id': 158378}
1758876179,VERY_LONG,,1,555000,499500,"{'id': 82800, 'context': 0, 'modifiers': [{'type': 6, 'value': 21900}], 'pet_breed_id': 10, 'pet_level': 1, 'pet_quality_id': 3, 'pet_species_id': 162}"
1758876183,VERY_LONG,,1,78178800,74269900,"{'id': 82800, 'context': 0, 'modifiers': [{'type': 6, 'value': 37949}], 'pet_breed_id': 18, 'pet_level': 1, 'pet_quality_id': 3, 'pet_species_id': 1927}"
1758876196,VERY_LONG,250000,2,,,{'id': 19282}
1758876220,VERY_LONG,449200,1,,,{'id': 31896}
1758876244,VERY_LONG,,1,14845000,12618300,"{'id': 138790, 'context': 13}"
1758876246,VERY_LONG,,1,14845000,12618300,"{'id': 138790, 'context': 13}"
1758876295,VERY_LONG,,1,1500000,,"{'id': 82800, 'context': 0, 'modifiers': [{'type': 6, 'value': 2955}], 'pet_breed_id': 21, 'pet_level': 15, 'pet_quality_id': 2, 'pet_species_id': 74}"
1758876348,VERY_LONG,250000,1,,,{'id': 31884}
1758876352,VERY_LONG,2989800,149,,,{'id': 173037}
1758876363,VERY_LONG,30000,1,,,{'id': 31912}
1758876460,VERY_LONG,,1,700000,,"{'id': 82800, 'context': 0, 'modifiers': [{'type': 6, 'value': 6190}], 'pet_breed_id': 3, 'pet_level': 7, 'pet_quality_id': 2, 'pet_species_id': 51}"
1758876511,VERY_LONG,,1,15000000,,"{'id': 82800, 'context': 0, 'modifiers': [{'type': 6, 'value': 8909}], 'pet_breed_id': 9, 'pet_level': 7, 'pet_quality_id': 2, 'pet_species_id': 85}"
1758876537,VERY_LONG,,1,70000000,,"{'id': 173242, 'context': 66, 'bonus_lists': [6758, 1532]}"
1758876546,VERY_LONG,,1,350282800,,"{'id': 83090, 'context': 0}"
1758876550,VERY_LONG,,1,350282800,,"{'id': 83090, 'context': 0}"
1758876572,VERY_LONG,,1,7000000,,"{'id': 82800, 'context': 0, 'modifiers': [{'type': 6, 'value': 45880}], 'pet_breed_id': 6, 'pet_level': 7, 'pet_quality_id': 3, 'pet_species_id': 211}"
1758876589,VERY_LONG,,1,900056300,,"{'id': 87251, 'context': 0}"
1758876655,VERY_LONG,,1,85000000,,"{'id': 82800, 'context': 0, 'modifiers': [{'type': 6, 'value': 38232}], 'pet_breed_id': 8, 'pet_level': 10, 'pet_quality_id': 3, 'pet_species_id': 310}"
1758876673,VERY_LONG,30000,1,,,{'id': 43007}
1758876682,VERY_LONG,48600,3,,,{'id': 172055}
1758876698,VERY_LONG,251600,10,,,{'id': 38856}
1758876710,VERY_LONG,,1,54384000,,"{'id': 11733, 'context': 0}"
1758876724,VERY_LONG,1198800,14,,,{'id': 130215}
1758876783,VERY_LONG,251600,14,,,{'id': 38860}
1758876808,VERY_LONG,1222700,5,,,{'id': 130217}
1758876828,VERY_LONG,40000,18,,,{'id': 154128}
1758876850,VERY_LONG,27800,10,,,{'id': 130221}
1758876880,VERY_LONG,46400,3,,,{'id': 177061}
1758876881,VERY_LONG,7800,22,,,{'id': 32428}
1758876902,VERY_LONG,,1,7479900,,"{'id': 82800, 'context': 0, 'modifiers': [{'type': 6, 'value': 94713}], 'pet_breed_id': 14, 'pet_level': 7, 'pet_quality_id': 3, 'pet_species_id': 2840}"
1758876921,VERY_LONG,18800,14,,,{'id': 115803}
1758876928,VERY_LONG,152000,2,,,{'id': 152496}
1758876937,VERY_LONG,,1,100008300,,"{'id': 118343, 'context': 0, 'modifiers': [{'type': 28, 'value': 64}]}"
1758876949,VERY_LONG,320000,11,,,{'id': 172061}
1758876956,VERY_LONG,,1,100008300,,"{'id': 118343, 'context': 0, 'modifiers': [{'type': 28, 'value': 64}]}"
1758876981,VERY_LONG,,1,15000000,,"{'id': 82800, 'context': 0, 'modifiers': [{'type': 6, 'value': 62217}], 'pet_breed_id': 19, 'pet_level': 7, 'pet_quality_id': 2, 'pet_species_id': 194}"
1758876984,VERY_LONG,,1,15000000,,"{'id': 82800, 'context': 0, 'modifiers': [{'type': 6, 'value': 62217}], 'pet_breed_id': 13, 'pet_level': 7, 'pet_quality_id': 2, 'pet_species_id': 194}"
1758876989,VERY_LONG,,1,15000000,,"{'id': 82800, 'context': 0, 'modifiers': [{'type': 6, 'value': 62217}], 'pet_breed_id': 15, 'pet_level': 7, 'pet_quality_id': 2, 'pet_species_id': 194}"
1758876994,VERY_LONG,,1,15000000,,"{'id': 82800, 'context': 0, 'modifiers': [{'type': 6, 'value': 62217}], 'pet_breed_id': 18, 'pet_level': 7, 'pet_quality_id': 2, 'pet_species_id': 194}"
1758876997,VERY_LONG,,1,15000000,,"{'id': 82800, 'context': 0, 'modifiers': [{'type': 6, 'value': 62217}], 'pet_breed_id': 5, 'pet_level': 7, 'pet_quality_id': 2, 'pet_species_id': 194}"
1758877016,VERY_LONG,484900,19,,,{'id': 172049}
1758878107,VERY_LONG,,1,15000000,,"{'id': 82800, 'context': 0, 'modifiers': [{'type': 6, 'value': 71835}], 'pet_breed_id': 8, 'pet_level': 7, 'pet_quality_id': 3, 'pet_species_id': 1721}"
1758878187,VERY_LONG,,1,700000,,"{'id': 82800, 'context': 0, 'modifiers': [{'type': 6, 'value': 2177}], 'pet_breed_id': 3, 'pet_level': 7, 'pet_quality_id': 2, 'pet_species_id': 55}"
1758878252,VERY_LONG,360800,2,,,{'id': 173036}
1758878274,VERY_LONG,20100,3,,,{'id': 172054}
1758878284,VERY_LONG,,1,10000000,,"{'id': 82800, 'context': 0, 'modifiers': [{'type': 6, 'value': 5369}], 'pet_breed_id': 22, 'pet_level': 10, 'pet_quality_id': 2, 'pet_species_id': 52}"
1758878324,VERY_LONG,,1,7000000,,"{'id': 82800, 'context': 0, 'modifiers': [{'type': 6, 'value': 71827}], 'pet_breed_id': 14, 'pet_level': 7, 'pet_quality_id': 3, 'pet_species_id': 1921}"
1758878369,VERY_LONG,,1,15000000,,"{'id': 82800, 'context': 0, 'modifiers': [{'type': 6, 'value': 8910}], 'pet_breed_id': 7, 'pet_level': 7, 'pet_quality_id': 2, 'pet_species_id': 86}"
1758878449,VERY_LONG,,1,1500000,,"{'id': 82800, 'context': 0, 'modifiers': [{'type': 6, 'value': 29809}], 'pet_breed_id': 6, 'pet_level': 7, 'pet_quality_id': 2, 'pet_species_id': 236}"
1758878479,VERY_LONG,,1,69000000,,"{'id': 82800, 'context': 0, 'modifiers': [{'type': 6, 'value': 1072}], 'pet_breed_id': 4, 'pet_level': 7, 'pet_quality_id': 2, 'pet_species_id': 2063}"
1758878534,VERY_LONG,,1,25000000,,"{'id': 82800, 'context': 0, 'modifiers': [{'type': 6, 'value': 65120}], 'pet_breed_id': 18, 'pet_level': 10, 'pet_quality_id': 3, 'pet_species_id': 1720}"
1758878565,VERY_LONG,,1,1600003000,,"{'id': 184785, 'context': 23, 'bonus_lists': [6652, 7193, 1472, 6646], 'modifiers': [{'type': 28, 'value': 749}]}"
1758878571,VERY_LONG,506900,1,,,{'id': 153710}
1758878594,VERY_LONG,18800,19,,,{'id': 115808}
1758878625,VERY_LONG,150000,100,,,{'id': 166344}
1758878871,VERY_LONG,,1,650000000,,"{'id': 182978, 'context': 3, 'bonus_lists': [7189, 6652, 7193, 1472, 6646], 'modifiers': [{'type': 28, 'value': 751}]}"
1758878902,VERY_LONG,108900,3,,,{'id': 173110}
1758878909,VERY_LONG,59400,2,,,{'id': 173109}
1758878915,VERY_LONG,386700,2,,,{'id': 173108}
1758878919,VERY_LONG,,1,500000,,"{'id': 82800, 'context': 0, 'modifiers': [{'type': 6, 'value': 99850}], 'pet_breed_id': 18, 'pet_level': 1, 'pet_quality_id': 3, 'pet_species_id': 3044}"
1758878923,VERY_LONG,3871400,1,,,{'id': 172937}
1758878931,VERY_LONG,48200,3,,,{'id': 172055}
1758878947,VERY_LONG,4400,14,,,{'id': 108996}
1758878971,VERY_LONG,,1,8339000,,"{'id': 71951, 'context': 0}"
1758878984,VERY_LONG,,1,3168000,,"{'id': 71637, 'context': 0}"
1758879001,VERY_LONG,,1,4851500,,"{'id': 71636, 'context': 0}"
1758879015,VERY_LONG,,1,3069000,,"{'id': 71635, 'context': 0}"
1758879019,VERY_LONG,909500,2,,,{'id': 171833}
1758879057,VERY_LONG,46400,9,,,{'id': 177061}
1758879091,VERY_LONG,300,5,,,{'id': 171840}
1758880815,VERY_LONG,,1,3069000,,"{'id': 71635, 'context': 0}"
1758882171,VERY_LONG,,1,150000000,,"{'id': 184781, 'context': 0, 'bonus_lists': [41, 1472, 6646], 'modifiers': [{'type': 28, 'value': 1707}]}"
1758882247,VERY_LONG,1400000,38,,,{'id': 172233}
1758883074,VERY_LONG,40000,1,,,{'id': 22794}
1758884186,VERY_LONG,1708100,4,,,{'id': 23427}
1758884236,VERY_LONG,131400,24,,,{'id': 30809}
1758884297,VERY_LONG,273800,2,,,{'id': 23077}
1758884330,VERY_LONG,100000,4,,,{'id': 22447}
1758884398,VERY_LONG,49000,35,,,{'id': 23425}
1758884470,VERY_LONG,107500,3,,,{'id': 22575}
1758884506,VERY_LONG,29000,60,,,{'id': 2840}
1758884555,VERY_LONG,190000,2,,,{'id': 2459}
1758884655,VERY_LONG,,1,1950000,1700000,"{'id': 82800, 'context': 0, 'modifiers': [{'type': 6, 'value': 6295}], 'pet_breed_id': 22, 'pet_level': 1, 'pet_quality_id': 2, 'pet_species_id': 65}"
1758884811,VERY_LONG,,1,28359900,24102900,"{'id': 82800, 'context': 0, 'modifiers': [{'type': 6, 'value': 22629}], 'pet_breed_id': 7, 'pet_level': 1, 'pet_quality_id': 2, 'pet_species_id': 166}"
1758885020,VERY_LONG,,1,67350000,57253000,"{'id': 82800, 'context': 0, 'modifiers': [{'type': 6, 'value': 9990}], 'pet_breed_id': 12, 'pet_level': 1, 'pet_quality_id': 2, 'pet_species_id': 46}"
1758885143,VERY_LONG,888200,144,,,{'id': 173127}
1758885160,VERY_LONG,,1,169250000,143855000,"{'id': 82800, 'context': 0, 'modifiers': [{'type': 6, 'value': 38135}], 'pet_breed_id': 6, 'pet_level': 1, 'pet_quality_id': 2, 'pet_species_id': 289}"
1758885172,VERY_LONG,416000,67,,,{'id': 173128}
1758885203,VERY_LONG,488400,178,,,{'id': 173130}
1758885217,VERY_LONG,400600,149,,,{'id': 173129}
1758885225,VERY_LONG,,1,4450000,4100000,"{'id': 82800, 'context': 0, 'modifiers': [{'type': 6, 'value': 1072}], 'pet_breed_id': 3, 'pet_level': 1, 'pet_quality_id': 2, 'pet_species_id': 70}"
1758885288,VERY_LONG,180400,81,,,{'id': 3928}
1758885307,VERY_LONG,751000,1,,,{'id': 29740}
1758885344,VERY_LONG,20000,8,,,{'id': 1705}
1758885393,VERY_LONG,4749000,3,,,{'id': 23426}
1758885414,VERY_LONG,30000,3,,,{'id': 21929}
1758885429,VERY_LONG,650000,1,,,{'id': 52177}
1758885443,VERY_LONG,50000,107,,,{'id': 22790}
1758885475,VERY_LONG,99000,3,,,{'id': 37705}
1758885489,VERY_LONG,52100,14,,,{'id': 6372}
1758885499,VERY_LONG,37500,10,,,{'id': 1210}
1758885508,VERY_LONG,350000,12,,,{'id': 52986}
1758885524,VERY_LONG,40000,2,,,{'id': 37921}
1758885551,VERY_LONG,40000,8,,,{'id': 6471}
1758885584,VERY_LONG,250000,4,,,{'id': 2776}
1758885621,VERY_LONG,100000,1,,,{'id': 3357}
1758885648,VERY_LONG,90000,1,,,{'id': 7971}
1758885658,VERY_LONG,,1,5000000,,"{'id': 176803, 'context': 0, 'bonus_lists': [6908, 6652, 1709], 'modifiers': [{'type': 9, 'value': 60}, {'type': 28, 'value': 2060}]}"
1758885659,VERY_LONG,28500,27,,,{'id': 36903}
1758885665,VERY_LONG,,1,5003300,,"{'id': 176799, 'context': 0, 'bonus_lists': [6908, 6652, 1697], 'modifiers': [{'type': 9, 'value': 60}, {'type': 28, 'value': 2060}]}"
1758885672,VERY_LONG,15000,81,,,{'id': 22573}
1758885698,VERY_LONG,20000,21,,,{'id': 36904}
1758885800,VERY_LONG,1100000,3,,,{'id': 36908}
1758885864,VERY_LONG,50000,1,,,{'id': 153704}
1758885869,VERY_LONG,300,3,,,{'id': 171840}
1758885904,VERY_LONG,50000,1,,,{'id': 7079}
1758885957,VERY_LONG,3612200,187,,,{'id': 153706}
1758885962,VERY_LONG,50000,1,,,{'id': 153705}
1758885995,VERY_LONG,190000,33,,,{'id': 2459}
1758886007,VERY_LONG,40000,8,,,{'id': 3818}
1758886031,VERY_LONG,1270000,44,,,{'id': 173123}
1758886071,VERY_LONG,,1,6853800,5950000,"{'id': 11027, 'context': 14, 'modifiers': [{'type': 28, 'value': 1723}]}"
1758886079,VERY_LONG,814200,35,,,{'id': 171289}
1758886100,VERY_LONG,7500,191,,,{'id': 4338}
1758887101,VERY_LONG,1990000,8,,,{'id': 152639}
1758887125,VERY_LONG,260000,10,,,{'id': 152560}
1758887148,VERY_LONG,67500,128,,,{'id': 13464}
1758887159,VERY_LONG,655000,15,,,{'id': 171288}
1758887177,VERY_LONG,90000,11,,,{'id': 138727}
1758887197,VERY_LONG,1509900,4,,,{'id': 171351}
1758887232,VERY_LONG,2487200,9,,,{'id': 171350}
1758887260,VERY_LONG,,1,5000000,4500000,"{'id': 21940, 'context': 1, 'modifiers': [{'type': 28, 'value': 209}]}"
1758887267,VERY_LONG,750000,176,,,{'id': 116981}
1758887296,VERY_LONG,280000,40,,,{'id': 171267}
1758887325,VERY_LONG,1979500,5,,,{'id': 179278}
1758887341,VERY_LONG,,1,5415100,5000000,"{'id': 31879, 'context': 1, 'modifiers': [{'type': 28, 'value': 224}]}"
1758887343,LONG,,1,7400000,,"{'id': 82800, 'context': 0, 'modifiers': [{'type': 6, 'value': 23574}], 'pet_breed_id': 5, 'pet_level': 1, 'pet_quality_id': 3, 'pet_species_id': 175}"
1758887346,VERY_LONG,90000,8,,,{'id': 35624}
1758887359,VERY_LONG,1829000,2,,,{'id': 35623}
1758887419,VERY_LONG,10000,24,,,{'id': 2452}
1758887500,LONG,,1,85290000,,"{'id': 82800, 'context': 0, 'modifiers': [{'type': 6, 'value': 99871}], 'pet_breed_id': 7, 'pet_level': 1, 'pet_quality_id': 2, 'pet_species_id': 3030}"
1758887542,LONG,2483700,6,,,{'id': 183738}
1758887606,LONG,10000,3,,,{'id': 172360}
1758887628,LONG,14222500,1,,,{'id': 168598}
1758887717,LONG,500000,1,,,{'id': 172053}
1758887752,LONG,20100,1,,,{'id': 172054}
1758887997,LONG,13740600,40,,,{'id': 171276}
1758888017,LONG,12500,6,,,{'id': 109129}
1758888199,VERY_LONG,2970000,6,,,{'id': 153707}
1758888252,VERY_LONG,874500,4,,,{'id': 52327}
1758888357,VERY_LONG,7190000,3,,,{'id': 172097}
1758888399,VERY_LONG,,1,150000000,,"{'id': 118785, 'context': 0, 'bonus_lists': [6659], 'modifiers': [{'type': 9, 'value': 40}, {'type': 28, 'value': 1139}]}"
1758888448,VERY_LONG,1829000,6,,,{'id': 35623}
1758888471,VERY_LONG,3920000000,6,,,{'id': 35627}
1758888485,VERY_LONG,1000000,2,,,{'id': 36860}
1758888491,VERY_LONG,300000,8,,,{'id': 172096}
1758888502,VERY_LONG,90000,4,,,{'id': 35624}
1758888527,VERY_LONG,585000,14,,,{'id': 36916}
1758888543,VERY_LONG,16500,6,,,{'id': 179314}
1758888575,VERY_LONG,500000,12,,,{'id': 172053}
1758888597,VERY_LONG,1499900,1,,,{'id': 168192}
1758888607,VERY_LONG,500000,2,,,{'id': 172053}
1758888619,VERY_LONG,30000,1,,,{'id': 74834}
1758888665,VERY_LONG,42100,7,,,{'id': 179315}
1758888688,VERY_LONG,2223300,8,,,{'id': 39681}
1758888773,VERY_LONG,63750000,1,,,{'id': 36922}
1758888826,VERY_LONG,42100,3,,,{'id': 179315}
1758888857,VERY_LONG,666800,800,,,{'id': 171437}
1758888872,VERY_LONG,1000000,1,,,{'id': 36934}
1758888912,VERY_LONG,90000,3,,,{'id': 171841}
1758888917,VERY_LONG,800000,3,,,{'id': 49908}
1758888987,VERY_LONG,20100,1,,,{'id': 172054}
1758889005,VERY_LONG,48200,1,,,{'id': 172055}
1758889021,VERY_LONG,1552500,2,,,{'id': 163224}
1758889043,VERY_LONG,48600,1,,,{'id': 152550}
1758889100,VERY_LONG,259000,1,,,{'id': 171441}
1758890234,VERY_LONG,,1,2643200,,"{'id': 40772, 'context': 0}"
1758890337,VERY_LONG,800000,17,,,{'id': 36913}
1758890643,VERY_LONG,,1,110003100,,"{'id': 164467, 'context': 11, 'modifiers': [{'type': 28, 'value': 289}]}"
1758890682,VERY_LONG,,1,55009900,,"{'id': 164422, 'context': 11, 'modifiers': [{'type': 28, 'value': 289}]}"
1758890697,VERY_LONG,,1,558000,,"{'id': 175556, 'context': 0, 'bonus_lists': [6907, 1680], 'modifiers': [{'type': 9, 'value': 60}, {'type': 28, 'value': 1707}]}"
1758890737,VERY_LONG,3600000,4,,,{'id': 173172}
1758890941,VERY_LONG,,1,9600000,,"{'id': 164342, 'context': 11, 'modifiers': [{'type': 28, 'value': 289}]}"
1758892178,VERY_LONG,,1,750007700,,"{'id': 183035, 'context': 5, 'bonus_lists': [7188, 6652, 7193, 1485, 6646], 'modifiers': [{'type': 28, 'value': 752}]}"
1758892407,VERY_LONG,,1,350000000,,"{'id': 172327, 'context': 65, 'bonus_lists': [6718, 1522]}"
1758892414,VERY_LONG,90000,10,,,{'id': 171841}
1758892834,VERY_LONG,,1,40000000,,"{'id': 67151, 'context': 0, 'modifiers': [{'type': 28, 'value': 1828}]}"
1758892838,VERY_LONG,,1,40000000,,"{'id': 67151, 'context': 0, 'modifiers': [{'type': 28, 'value': 1828}]}"
1758892840,VERY_LONG,,1,40000000,,"{'id': 67151, 'context': 0, 'modifiers': [{'type': 28, 'value': 1828}]}"
1758892848,VERY_LONG,,1,40000000,,"{'id': 67151, 'context': 0, 'modifiers': [{'type': 28, 'value': 1828}]}"
1758892851,VERY_LONG,,1,40000000,,"{'id': 67151, 'context': 0, 'modifiers': [{'type': 28, 'value': 1828}]}"
1758892874,VERY_LONG,,1,41000000,,"{'id': 67151, 'context': 0, 'modifiers': [{'type': 28, 'value': 1828}]}"
1758892878,LONG,450000,6,,,{'id': 173034}
1758892880,VERY_LONG,,1,41000000,,"{'id': 67151, 'context': 0, 'modifiers': [{'type': 28, 'value': 1828}]}"
1758892883,VERY_LONG,,1,41000000,,"{'id': 67151, 'context': 0, 'modifiers': [{'type': 28, 'value': 1828}]}"
1758892887,VERY_LONG,,1,41000000,,"{'id': 67151, 'context': 0, 'modifiers': [{'type': 28, 'value': 1828}]}"
1758892895,VERY_LONG,,1,41000000,,"{'id': 67151, 'context': 0, 'modifiers': [{'type': 28, 'value': 1828}]}"
1758892913,VERY_LONG,,1,42000000,,"{'id': 67151, 'context': 0, 'modifiers': [{'type': 28, 'value': 1828}]}"
1758892916,VERY_LONG,,1,42000000,,"{'id': 67151, 'context': 0, 'modifiers': [{'type': 28, 'value': 1828}]}"
1758892922,VERY_LONG,,1,42000000,,"{'id': 67151, 'context': 0, 'modifiers': [{'type': 28, 'value': 1828}]}"
1758892926,VERY_LONG,,1,42000000,,"{'id': 67151, 'context': 0, 'modifiers': [{'type': 28, 'value': 1828}]}"
1758892930,VERY_LONG,,1,42000000,,"{'id': 67151, 'context': 0, 'modifiers': [{'type': 28, 'value': 1828}]}"
1758892963,VERY_LONG,,1,43000000,,"{'id': 67151, 'context': 0, 'modifiers': [{'type': 28, 'value': 53}]}"
1758892970,VERY_LONG,,1,43000000,,"{'id': 67151, 'context': 0, 'modifiers': [{'type': 28, 'value': 1828}]}"
1758892975,VERY_LONG,,1,43000000,,"{'id': 67151, 'context': 0, 'modifiers': [{'type': 28, 'value': 1828}]}"
1758892980,VERY_LONG,,1,43000000,,"{'id': 67151, 'context': 0, 'modifiers': [{'type': 28, 'value': 1828}]}"
1758892982,VERY_LONG,,1,43000000,,"{'id': 67151, 'context': 0, 'modifiers': [{'type': 28, 'value': 1828}]}"
1758893001,VERY_LONG,,1,44000000,,"{'id': 67151, 'context': 0, 'modifiers': [{'type': 28, 'value': 1828}]}"
1758893003,VERY_LONG,,1,44000000,,"{'id': 67151, 'context': 0, 'modifiers': [{'type': 28, 'value': 53}]}"
1758893009,VERY_LONG,,1,44000000,,"{'id': 67151, 'context': 0, 'modifiers': [{'type': 28, 'value': 1828}]}"
1758893072,VERY_LONG,,1,44000000,,"{'id': 67151, 'context': 0, 'modifiers': [{'type': 28, 'value': 53}]}"
1758893076,VERY_LONG,,1,44000000,,"{'id': 67151, 'context': 0, 'modifiers': [{'type': 28, 'value': 1828}]}"
1758893101,VERY_LONG,,1,44999900,,"{'id': 67151, 'context': 0, 'modifiers': [{'type': 28, 'value': 1828}]}"
1758893185,VERY_LONG,,1,300000000,190000000,"{'id': 153594, 'context': 13}"
1758893191,VERY_LONG,,1,300000000,190000000,"{'id': 153594, 'context': 13}"
1758893215,VERY_LONG,,1,300030000,177770000,"{'id': 153594, 'context': 13}"
1758893244,VERY_LONG,,1,6000000000,5400000000,"{'id': 40110, 'context': 0}"
1758893638,VERY_LONG,500000,10,,,{'id': 172053}
1758893716,VERY_LONG,2989800,3,,,{'id': 173037}
1758894058,VERY_LONG,,1,107070000,,"{'id': 171416, 'context': 63, 'bonus_lists': [6716, 1487]}"
1758895149,VERY_LONG,,1,84490000,,"{'id': 171416, 'context': 63, 'bonus_lists': [6716, 1487]}"
1758895232,VERY_LONG,,1,84490000,,"{'id': 171416, 'context': 63, 'bonus_lists': [6716, 1487]}"
1758895364,LONG,449200,2,,,{'id': 7911}
1758895369,LONG,1100000,16,,,{'id': 36908}
1758895379,LONG,28500,115,,,{'id': 36903}
1758895388,LONG,650000,1,,,{'id': 52177}
1758895391,LONG,350000,69,,,{'id': 52986}
1758895394,LONG,212200,154,,,{'id': 3358}
1758895399,LONG,3900000,13,,,{'id': 36910}
1758895402,LONG,1708100,25,,,{'id': 23427}
1758895406,LONG,49000,20,,,{'id': 23425}
1758895621,LONG,4400,5,,,{'id': 172052}
1758895623,LONG,516100,1,,,{'id': 160711}
1758895625,LONG,514900,5,,,{'id': 172051}
1758895628,LONG,,1,38800000,,"{'id': 171446, 'context': 13, 'bonus_lists': [6893, 7185], 'modifiers': [{'type': 9, 'value': 60}, {'type': 28, 'value': 391}, {'type': 29, 'value': 36}, {'type': 30, 'value': 32}]}"
1758895632,LONG,,1,58036700,,"{'id': 171446, 'context': 13, 'bonus_lists': [6893, 7185], 'modifiers': [{'type': 9, 'value': 60}, {'type': 28, 'value': 391}, {'type': 29, 'value': 40}, {'type': 30, 'value': 32}]}"
1758895636,LONG,1376500,5,,,{'id': 173041}
1758895639,LONG,1972300,5,,,{'id': 173040}
1758895640,LONG,34872200,5,,,{'id': 168419}
1758895641,LONG,,1,23764700,,"{'id': 171448, 'context': 13, 'bonus_lists': [6893], 'modifiers': [{'type': 9, 'value': 59}, {'type': 28, 'value': 391}, {'type': 29, 'value': 36}, {'type': 30, 'value': 32}]}"
1758895647,LONG,18900,5,,,{'id': 172935}
1758895650,LONG,,1,19990000,,"{'id': 82800, 'context': 0, 'modifiers': [{'type': 6, 'value': 95152}], 'pet_breed_id': 3, 'pet_level': 1, 'pet_quality_id': 3, 'pet_species_id': 2796}"
1758895654,LONG,,1,33809600,,"{'id': 171444, 'context': 13, 'bonus_lists': [6893, 7185], 'modifiers': [{'type': 9, 'value': 60}, {'type': 28, 'value': 391}, {'type': 29, 'value': 32}, {'type': 30, 'value': 40}]}"
1758895659,LONG,,1,12799800,,"{'id': 171444, 'context': 13, 'bonus_lists': [6893], 'modifiers': [{'type': 9, 'value': 59}, {'type': 28, 'value': 391}, {'type': 29, 'value': 49}, {'type': 30, 'value': 32}]}"
1758895664,LONG,7000000,5,,,{'id': 171349}
1758895666,LONG,3842800,5,,,{'id': 171270}
1758895672,LONG,41993400,5,,,{'id': 168417}
1758895674,LONG,799000,5,,,{'id': 172045}
1758895675,LONG,,1,155890000,,"{'id': 82800, 'context': 0, 'modifiers': [{'type': 6, 'value': 84857}], 'pet_breed_id': 17, 'pet_level': 1, 'pet_quality_id': 2, 'pet_species_id': 2412}"
1758895679,LONG,,1,31090000,,"{'id': 82800, 'context': 0, 'modifiers': [{'type': 6, 'value': 88766}], 'pet_breed_id': 12, 'pet_level': 1, 'pet_quality_id': 3, 'pet_species_id': 2713}"
1758895681,LONG,,1,31090000,,"{'id': 82800, 'context': 0, 'modifiers': [{'type': 6, 'value': 88766}], 'pet_breed_id': 22, 'pet_level': 1, 'pet_quality_id': 3, 'pet_species_id': 2713}"
1758895688,LONG,,1,31090000,,"{'id': 82800, 'context': 0, 'modifiers': [{'type': 6, 'value': 88766}], 'pet_breed_id': 22, 'pet_level': 1, 'pet_quality_id': 3, 'pet_species_id': 2713}"
1758895693,LONG,,1,1051086200,,"{'id': 55301, 'context': 36, 'bonus_lists': [1691, 4767], 'modifiers': [{'type': 9, 'value': 50}]}"
1758895695,LONG,9290000,1,,,{'id': 172362}
1758895700,LONG,3579900,1,,,{'id': 172412}
1758895703,LONG,1005100,3,,,{'id': 63304}
1758895712,LONG,,1,147390400,,"{'id': 94595, 'context': 0}"
1758895714,LONG,,1,147390400,,"{'id': 94595, 'context': 0}"
1758895716,LONG,,1,38800000,,"{'id': 171447, 'context': 13, 'bonus_lists': [6893, 7185], 'modifiers': [{'type': 9, 'value': 60}, {'type': 28, 'value': 391}, {'type': 29, 'value': 32}, {'type': 30, 'value': 49}]}"
1758895720,LONG,1400000,5,,,{'id': 172233}
1758895723,LONG,380000,5,,,{'id': 159468}
1758895734,LONG,,1,42097600,,"{'id': 175543, 'context': 0, 'bonus_lists': [6907, 1681], 'modifiers': [{'type': 9, 'value': 60}, {'type': 28, 'value': 1707}]}"
1758895739,LONG,,1,1284300,,"{'id': 152878, 'context': 13}"
1758895746,LONG,22000000,4,,,{'id': 168412}
1758895750,LONG,,1,193031600,,"{'id': 12838, 'context': 1, 'modifiers': [{'type': 28, 'value': 205}]}"
1758895753,LONG,2747000,1,,,{'id': 172410}
1758895755,LONG,,1,43606300,,"{'id': 171443, 'context': 13, 'bonus_lists': [6893], 'modifiers': [{'type': 9, 'value': 59}, {'type': 28, 'value': 391}, {'type': 29, 'value': 36}, {'type': 30, 'value': 40}]}"
1758895761,VERY_LONG,,1,15000000,,"{'id': 82800, 'context': 0, 'modifiers': [{'type': 6, 'value': 75332}], 'pet_breed_id': 3, 'pet_level': 1, 'pet_quality_id': 2, 'pet_species_id': 2714}"
1758895762,VERY_LONG,,1,15000000,,"{'id': 82800, 'context': 0, 'modifiers': [{'type': 6, 'value': 75333}], 'pet_breed_id': 3, 'pet_level': 1, 'pet_quality_id': 2, 'pet_species_id': 2714}"
1758895782,VERY_LONG,,1,100000000,,"{'id': 82800, 'context': 0, 'modifiers': [{'type': 6, 'value': 74794}], 'pet_breed_id': 21, 'pet_level': 1, 'pet_quality_id': 2, 'pet_species_id': 3066}"
1758895799,VERY_LONG,,1,288000000,,"{'id': 82800, 'context': 0, 'modifiers': [{'type': 6, 'value': 86806}], 'pet_breed_id': 4, 'pet_level': 1, 'pet_quality_id': 3, 'pet_species_id': 2199}"
1758895823,VERY_LONG,360800,9,,,{'id': 173036}
1758895850,VERY_LONG,450000,9,,,{'id': 173034}
1758895899,VERY_LONG,48200,2,,,{'id': 172055}
1758895923,VERY_LONG,42100,2,,,{'id': 179315}
1758895948,VERY_LONG,20100,2,,,{'id': 172054}
1758895993,VERY_LONG,4400,6,,,{'id': 172052}
1758896076,VERY_LONG,,1,62500000,,"{'id': 82800, 'context': 0, 'modifiers': [{'type': 6, 'value': 87763}], 'pet_breed_id': 15, 'pet_level': 1, 'pet_quality_id': 2, 'pet_species_id': 2793}"
1758896083,VERY_LONG,,1,62500000,,"{'id': 82800, 'context': 0, 'modifiers': [{'type': 6, 'value': 87763}], 'pet_breed_id': 15, 'pet_level': 1, 'pet_quality_id': 2, 'pet_species_id': 2793}"
1758896087,VERY_LONG,,1,62500000,,"{'id': 82800, 'context': 0, 'modifiers': [{'type': 6, 'value': 87763}], 'pet_breed_id': 14, 'pet_level': 1, 'pet_quality_id': 2, 'pet_species_id': 2793}"
1758896092,VERY_LONG,16500,2,,,{'id': 179314}
1758896099,VERY_LONG,,1,62500000,,"{'id': 82800, 'context': 0, 'modifiers': [{'type': 6, 'value': 87763}], 'pet_breed_id': 15, 'pet_level': 1, 'pet_quality_id': 2, 'pet_species_id': 2793}"
1758896100,VERY_LONG,,1,62500000,,"{'id': 82800, 'context': 0, 'modifiers': [{'type': 6, 'value': 87763}], 'pet_breed_id': 13, 'pet_level': 1, 'pet_quality_id': 2, 'pet_species_id': 2793}"
1758896137,VERY_LONG,,1,29509900,,"{'id': 82800, 'context': 0, 'modifiers': [{'type': 6, 'value': 98477}], 'pet_breed_id': 18, 'pet_level': 1, 'pet_quality_id': 2, 'pet_species_id': 3064}"
1758896157,VERY_LONG,,1,435000000,,"{'id': 172315, 'context': 66, 'bonus_lists': [6758, 1532]}"
1758896165,VERY_LONG,500000,2,,,{'id': 172053}
1758896184,VERY_LONG,,1,335989200,,"{'id': 82800, 'context': 0, 'modifiers': [{'type': 6, 'value': 95147}], 'pet_breed_id': 8, 'pet_level': 1, 'pet_quality_id': 3, 'pet_species_id': 2851}"
1758896193,VERY_LONG,,1,335989200,,"{'id': 82800, 'context': 0, 'modifiers': [{'type': 6, 'value': 95147}], 'pet_breed_id': 8, 'pet_level': 1, 'pet_quality_id': 3, 'pet_species_id': 2851}"
1758896212,VERY_LONG,,1,350000000,,"{'id': 172327, 'context': 65, 'bonus_lists': [6718, 1522]}"
1758896224,VERY_LONG,,1,45000000,,"{'id': 82800, 'context': 0, 'modifiers': [{'type': 6, 'value': 65888}], 'pet_breed_id': 20, 'pet_level': 1, 'pet_quality_id': 3, 'pet_species_id': 2090}"
1758896304,VERY_LONG,,1,3250000100,,"{'id': 82800, 'context': 0, 'modifiers': [{'type': 6, 'value': 86531}], 'pet_breed_id': 10, 'pet_level': 1, 'pet_quality_id': 3, 'pet_species_id': 2792}"
1758896344,VERY_LONG,1490000,10,,,{'id': 171274}
1758896375,VERY_LONG,1509900,15,,,{'id': 171351}
1758896383,VERY_LONG,,1,32500000100,,"{'id': 54068, 'context': 15, 'modifiers': [{'type': 28, 'value': 872}]}"
1758896399,VERY_LONG,,1,265001600,,"{'id': 151269, 'context': 14, 'modifiers': [{'type': 28, 'value': 425}]}"
1758896421,VERY_LONG,,1,4900400,,"{'id': 71953, 'context': 0}"
1758896454,VERY_LONG,,1,8339000,,"{'id': 71951, 'context': 0}"
1758896456,VERY_LONG,,1,8339000,,"{'id': 71951, 'context': 0}"
1758896460,VERY_LONG,,1,8339000,,"{'id': 71951, 'context': 0}"
1758896465,VERY_LONG,,1,8339000,,"{'id': 71951, 'context': 0}"
1758896473,VERY_LONG,,1,8339000,,"{'id': 71951, 'context': 0}"
1758896496,VERY_LONG,,1,9000000,,"{'id': 71952, 'context': 0}"
1758896498,VERY_LONG,,1,9000000,,"{'id': 71952, 'context': 0}"
1758896526,VERY_LONG,,1,5521000,,"{'id': 113632, 'context': 6, 'bonus_lists': [567], 'modifiers': [{'type': 28, 'value': 816}]}"
1758896546,VERY_LONG,3400,3,,,{'id': 172048}
1758896690,VERY_LONG,,1,62500000,,"{'id': 82800, 'context': 0, 'modifiers': [{'type': 6, 'value': 87763}], 'pet_breed_id': 15, 'pet_level': 1, 'pet_quality_id': 2, 'pet_species_id': 2793}"
1758896695,VERY_LONG,,1,62500000,,"{'id': 82800, 'context': 0, 'modifiers': [{'type': 6, 'value': 87763}], 'pet_breed_id': 14, 'pet_level': 1, 'pet_quality_id': 2, 'pet_species_id': 2793}"
1758896699,VERY_LONG,,1,62500000,,"{'id': 82800, 'context': 0, 'modifiers': [{'type': 6, 'value': 87763}], 'pet_breed_id': 14, 'pet_level': 1, 'pet_quality_id': 2, 'pet_species_id': 2793}"
1758896702,VERY_LONG,,1,62500000,,"{'id': 82800, 'context': 0, 'modifiers': [{'type': 6, 'value': 87763}], 'pet_breed_id': 13, 'pet_level': 1, 'pet_quality_id': 2, 'pet_species_id': 2793}"
1758896740,VERY_LONG,1410000,983,,,{'id': 171292}
1758896793,VERY_LONG,,1,350000000,,"{'id': 172327, 'context': 65, 'bonus_lists': [6718, 1522]}"
1758896821,LONG,37500,200,,,{'id': 109119}
1758896857,LONG,48200,3,,,{'id': 172055}
1758896888,LONG,18900,1,,,{'id': 172935}
1758896900,LONG,23900,4,,,{'id': 168313}
1758896903,LONG,,1,9000000,,"{'id': 114821, 'context': 0}"
1758896915,LONG,,1,394900,,"{'id': 177772, 'context': 6, 'bonus_lists': [6907, 6652, 6935, 1711], 'modifiers': [{'type': 9, 'value': 60}, {'type': 28, 'value': 753}]}"
1758896936,LONG,,1,14406800,,"{'id': 10381, 'context': 0, 'bonus_lists': [6654, 1706], 'modifiers': [{'type': 9, 'value': 30}, {'type': 28, 'value': 34}]}"
1758896947,LONG,,1,997600,,"{'id': 10216, 'context': 0, 'bonus_lists': [6654, 1708], 'modifiers': [{'type': 9, 'value': 30}, {'type': 28, 'value': 34}]}"
1758896959,LONG,163800,1,,,{'id': 171830}
1758896968,LONG,450000,2,,,{'id': 173034}
1758896977,LONG,4400,2,,,{'id': 172052}
1758896997,VERY_LONG,10939700,1202,,,{'id': 173049}
1758896999,LONG,15000000,1,,,{'id': 172438}
1758897019,LONG,,1,15500100,,"{'id': 116261, 'context': 0}"
1758897044,LONG,,1,15500100,,"{'id': 116259, 'context': 0}"
1758897051,VERY_LONG,799000,293,,,{'id': 172045}
1758897080,LONG,,1,15500100,,"{'id': 116260, 'context': 0}"
1758898110,LONG,360800,2,,,{'id': 173036}
1758898120,LONG,2500,200,,,{'id': 113262}
1758898207,VERY_LONG,280000,10,,,{'id': 171267}
1758898222,LONG,2500,200,,,{'id': 113264}
1758898314,LONG,300000,23,,,{'id': 172096}
1758898337,VERY_LONG,7408400,6,,,{'id': 172368}
1758898364,LONG,115500,10,,,{'id': 153487}
1758898389,LONG,50100,20,,,{'id': 138967}
1758898448,LONG,,1,50400,,"{'id': 110290, 'context': 1}"
1758898472,LONG,,1,50400,,"{'id': 110293, 'context': 1}"
1758898492,LONG,,1,50400,,"{'id': 110291, 'context': 1}"
1758898544,VERY_LONG,,1,2509800,,"{'id': 13060, 'context': 0, 'bonus_lists': [6659], 'modifiers': [{'type': 9, 'value': 30}, {'type': 28, 'value': 1004}]}"
1758898553,VERY_LONG,,1,449870000,,"{'id': 172323, 'context': 66, 'bonus_lists': [6758, 1532]}"
1758898576,VERY_LONG,,1,250000,,"{'id': 15240, 'context': 0, 'bonus_lists': [6655, 1691], 'modifiers': [{'type': 9, 'value': 30}, {'type': 28, 'value': 1004}]}"
1758898666,VERY_LONG,,1,5004100,,"{'id': 4696, 'context': 0, 'bonus_lists': [6659], 'modifiers': [{'type': 9, 'value': 30}, {'type': 28, 'value': 1004}]}"
1758898737,VERY_LONG,,1,1007500,,"{'id': 172256, 'context': 13, 'bonus_lists': [6893], 'modifiers': [{'type': 9, 'value': 60}, {'type': 28, 'value': 391}, {'type': 29, 'value': 32}, {'type': 30, 'value': 49}]}"
1758898754,VERY_LONG,,1,1007500,,"{'id': 172256, 'context': 13, 'bonus_lists': [6893], 'modifiers': [{'type': 9, 'value': 60}, {'type': 28, 'value': 391}, {'type': 29, 'value': 36}, {'type': 30, 'value': 32}]}"
1758898766,VERY_LONG,,1,1007500,,"{'id': 172256, 'context': 13, 'bonus_lists': [6893], 'modifiers': [{'type': 9, 'value': 60}, {'type': 28, 'value': 391}, {'type': 29, 'value': 32}, {'type': 30, 'value': 36}]}"
1758898776,VERY_LONG,,1,1007500,,"{'id': 172256, 'context': 13, 'bonus_lists': [6893], 'modifiers': [{'type': 9, 'value': 60}, {'type': 28, 'value': 391}, {'type': 29, 'value': 49}, {'type': 30, 'value': 32}]}"
1758898789,VERY_LONG,,1,1007500,,"{'id': 172256, 'context': 13, 'bonus_lists': [6893], 'modifiers': [{'type': 9, 'value': 60}, {'type': 28, 'value': 391}, {'type': 29, 'value': 49}, {'type': 30, 'value': 36}]}"
1758898819,VERY_LONG,2000000,1,,,{'id': 152638}
1758898824,LONG,,1,50400,,"{'id': 110289, 'context': 1}"
1758898841,LONG,,1,50400,,"{'id': 110292, 'context': 1}"
1758898892,VERY_LONG,,1,234319900,,"{'id': 172318, 'context': 64, 'bonus_lists': [6717, 1507]}"
1758898915,LONG,490300,1,,,{'id': 115809}
1758898958,LONG,4990100,1,,,{'id': 109122}
1758898963,VERY_LONG,,1,200000000,,"{'id': 172323, 'context': 64, 'bonus_lists': [6717, 1507]}"
1758899007,LONG,3500000,1,,,{'id': 172365}
1758899059,LONG,19800,1,,,{'id': 183823}
1758899083,LONG,4255100,1,,,{'id': 112301}
1758899120,LONG,4255100,1,,,{'id': 112290}
1758899158,LONG,,1,85000,,"{'id': 110274, 'context': 1}"
1758899216,VERY_LONG,,1,206980000,,"{'id': 172329, 'context': 65, 'bonus_lists': [6718, 7194, 1522]}"
1758899221,LONG,,1,4007500,,"{'id': 115801, 'context': 13, 'bonus_lists': [218, 525, 539]}"
1758899256,LONG,500000,20,,,{'id': 109153}
1758899295,LONG,756500,20,,,{'id': 109155}
1758899322,LONG,755500,20,,,{'id': 109160}
1758899343,LONG,750000,20,,,{'id': 109156}
1758899361,LONG,700000,104,,,{'id': 118472}
1758899466,LONG,50000,1,,,{'id': 153700}
1758899512,LONG,3612200,1,,,{'id': 153706}
1758899553,LONG,50000,1,,,{'id': 153702}
1758899585,LONG,50000,1,,,{'id': 153705}
1758899624,LONG,650000,1,,,{'id': 154129}
1758899654,LONG,17200,1,,,{'id': 34861}
1758899693,LONG,50000,1,,,{'id': 153701}
1758899719,VERY_LONG,839000,180,,,{'id': 172045}
1758899740,LONG,50000,1,,,{'id': 153704}
1758899851,VERY_LONG,514900,175,,,{'id': 172051}
1758899868,LONG,6264500,1,,,{'id': 173065}
1758899965,VERY_LONG,,1,990000,,"{'id': 178949, 'context': 0, 'bonus_lists': [6908, 6652, 1691], 'modifiers': [{'type': 9, 'value': 60}, {'type': 28, 'value': 1707}]}"
1758901111,LONG,,1,10400,,"{'id': 110294, 'context': 1}"
1758901342,VERY_LONG,,1,4700700,,"{'id': 82800, 'context': 0, 'modifiers': [{'type': 6, 'value': 99856}], 'pet_breed_id': 17, 'pet_level': 1, 'pet_quality_id': 2, 'pet_species_id': 2946}"
1758901358,VERY_LONG,,1,24487600,,"{'id': 82800, 'context': 0, 'modifiers': [{'type': 6, 'value': 98457}], 'pet_breed_id': 19, 'pet_level': 1, 'pet_quality_id': 2, 'pet_species_id': 3020}"
1758901370,VERY_LONG,30000,3,,,{'id': 138729}
1758901380,VERY_LONG,17400,1,,,{'id': 171264}
1758901398,VERY_LONG,6390000,10,,,{'id': 173170}
1758901422,VERY_LONG,4795500,1,,,{'id': 130250}
1758901437,LONG,163800,158,,,{'id': 171830}
1758901447,VERY_LONG,2550000,8,,,{'id': 173171}
1758901467,VERY_LONG,3600000,8,,,{'id': 173172}
1758901506,LONG,90000,44,,,{'id': 171841}
1758901516,LONG,300,146,,,{'id': 171840}
1758901929,LONG,,1,322940700,,"{'id': 172314, 'context': 65, 'bonus_lists': [6718, 1522]}"
1758902637,VERY_LONG,198000,5,,,{'id': 89112}
1758902699,VERY_LONG,108900,3,,,{'id': 173110}
1758902715,VERY_LONG,59400,5,,,{'id': 173109}
1758902729,VERY_LONG,386700,4,,,{'id': 173108}
1758902749,VERY_LONG,16500,24,,,{'id': 179314}
1758902763,VERY_LONG,42100,19,,,{'id': 179315}
1758902816,VERY_LONG,135000,2,,,{'id': 173035}
1758902824,VERY_LONG,,1,109870000,,"{'id': 173241, 'context': 66, 'bonus_lists': [6758, 1532]}"
1758902848,VERY_LONG,360800,3,,,{'id': 173036}
1758902899,VERY_LONG,450000,2,,,{'id': 173034}
1758902915,LONG,,1,29990000,,"{'id': 82800, 'context': 0, 'modifiers': [{'type': 6, 'value': 90745}], 'pet_breed_id': 6, 'pet_level': 1, 'pet_quality_id': 3, 'pet_species_id': 2587}"
1758902921,VERY_LONG,24300,7,,,{'id': 173032}
1758902985,LONG,,1,5990800,,"{'id': 82800, 'context': 0, 'modifiers': [{'type': 6, 'value': 90867}], 'pet_breed_id': 16, 'pet_level': 1, 'pet_quality_id': 3, 'pet_species_id': 2586}"
1758903082,VERY_LONG,500000,18,,,{'id': 172053}
1758903100,VERY_LONG,4400,16,,,{'id': 172052}
1758904140,VERY_LONG,7900300,4,,,{'id': 171291}
1758904172,VERY_LONG,140000,8,,,{'id': 169701}
1758904256,VERY_LONG,48200,10,,,{'id': 172055}
1758904331,VERY_LONG,20100,16,,,{'id': 172054}
1758904455,VERY_LONG,4400,2,,,{'id': 108996}
1758904557,VERY_LONG,,1,26580000,,"{'id': 173248, 'context': 64, 'bonus_lists': [6717, 7193, 1507]}"
1758904583,VERY_LONG,,1,85000000,,"{'id': 173248, 'context': 66, 'bonus_lists': [6758, 7193, 1532]}"
1758904652,VERY_LONG,,1,48740000,,"{'id': 173248, 'context': 65, 'bonus_lists': [6718, 7194, 1522]}"
1758904701,VERY_LONG,,1,59940000,,"{'id': 101571, 'context': 0, 'modifiers': [{'type': 28, 'value': 402}]}"
1758904914,VERY_LONG,,1,172301900,,"{'id': 171414, 'context': 64, 'bonus_lists': [6717, 1507]}"
1758904943,VERY_LONG,,1,1350004600,,"{'id': 72146, 'context': 14, 'modifiers': [{'type': 28, 'value': 378}]}"
1758904987,VERY_LONG,,1,382870500,,"{'id': 171414, 'context': 65, 'bonus_lists': [6718, 1522]}"
1758905027,VERY_LONG,,1,38000000,,"{'id': 171412, 'context': 63, 'bonus_lists': [6716, 1487]}"
1758905048,VERY_LONG,,1,60000000,,"{'id': 171419, 'context': 64, 'bonus_lists': [6717, 7194, 1507]}"
1758905082,VERY_LONG,,1,47878500,,"{'id': 173243, 'context': 65, 'bonus_lists': [6718, 1522]}"
1758905086,VERY_LONG,,1,47878500,,"{'id': 173243, 'context': 65, 'bonus_lists': [6718, 1522]}"
1758906116,VERY_LONG,,1,44500000,,"{'id': 173244, 'context': 65, 'bonus_lists': [6718, 1522]}"
1758906121,VERY_LONG,,1,44500000,,"{'id': 173244, 'context': 65, 'bonus_lists': [6718, 1522]}"
1758906238,VERY_LONG,,1,19000000,,"{'id': 173249, 'context': 64, 'bonus_lists': [6717, 7194, 1507]}"
1758906265,VERY_LONG,,1,89870000,,"{'id': 173243, 'context': 66, 'bonus_lists': [6758, 1532]}"
1758906321,VERY_LONG,,1,29878400,,"{'id': 173244, 'context': 64, 'bonus_lists': [6717, 1507]}"
1758906327,VERY_LONG,,1,29878400,,"{'id': 173244, 'context': 64, 'bonus_lists': [6717, 1507]}"
1758906347,VERY_LONG,,1,29870000,,"{'id': 173243, 'context': 64, 'bonus_lists': [6717, 1507]}"
1758906390,VERY_LONG,,1,35003300,,"{'id': 173242, 'context': 64, 'bonus_lists': [6717, 1507]}"
1758906416,VERY_LONG,,1,31470000,,"{'id': 173247, 'context': 64, 'bonus_lists': [6717, 1507]}"
1758906459,VERY_LONG,,1,89870000,,"{'id': 173247, 'context': 66, 'bonus_lists': [6758, 1532]}"
1758906466,VERY_LONG,,1,89870000,,"{'id': 173247, 'context': 66, 'bonus_lists': [6758, 1532]}"
1758906496,VERY_LONG,,1,69850300,,"{'id': 173249, 'context': 66, 'bonus_lists': [6758, 7193, 1532]}"
1758906506,VERY_LONG,,1,69850300,,"{'id': 173249, 'context': 66, 'bonus_lists': [6758, 7193, 1532]}"
1758906536,VERY_LONG,,1,89740000,,"{'id': 173244, 'context': 66, 'bonus_lists': [6758, 1532]}"
1758906540,VERY_LONG,,1,89740000,,"{'id': 173244, 'context': 66, 'bonus_lists': [6758, 1532]}"
1758906588,VERY_LONG,,1,79840000,,"{'id': 173242, 'context': 66, 'bonus_lists': [6758, 1532]}"
1758906645,VERY_LONG,,1,2483500,,"{'id': 2576, 'context': 0}"
1758906649,VERY_LONG,,1,50000000,,"{'id': 5540, 'context': 0}"
1758906651,VERY_LONG,,1,1186900,,"{'id': 3480, 'context': 0}"
1758906656,VERY_LONG,,1,1830600,,"{'id': 7046, 'context': 0}"
1758906658,VERY_LONG,,1,75000000,,"{'id': 93547, 'context': 0}"
1758906661,VERY_LONG,,1,21037600,,"{'id': 10002, 'context': 0}"
1758906664,VERY_LONG,,1,50000000,,"{'id': 38403, 'context': 0}"
1758906667,VERY_LONG,,1,8885100,,"{'id': 93556, 'context': 0}"
1758906670,VERY_LONG,,1,26998000,,"{'id': 43585, 'context': 0}"
1758906672,VERY_LONG,,1,34337300,,"{'id': 4325, 'context': 0}"
1758906676,VERY_LONG,,1,50000000,,"{'id': 132496, 'context': 0}"
1758906680,VERY_LONG,,1,2625939700,,"{'id': 21862, 'context': 0}"
1758906685,VERY_LONG,,1,50000000,,"{'id': 38424, 'context': 0}"
1758906688,VERY_LONG,,1,223744700,,"{'id': 10023, 'context': 0}"
1758906690,VERY_LONG,,1,12477100,,"{'id': 54474, 'context': 0}"
1758906691,VERY_LONG,,1,30143600,,"{'id': 7065, 'context': 0}"
1758906694,VERY_LONG,,1,28373000,,"{'id': 93616, 'context': 0}"
1758906695,VERY_LONG,,1,437019300,,"{'id': 7954, 'context': 0, 'bonus_lists': [7179], 'modifiers': [{'type': 9, 'value': 50}]}"
1758906698,VERY_LONG,,1,1338300,,"{'id': 4334, 'context': 0}"
1758906701,VERY_LONG,,1,50000000,,"{'id': 6786, 'context': 0}"
1758906705,VERY_LONG,,1,50000000,,"{'id': 4318, 'context': 0}"
1758906707,VERY_LONG,,1,37414200,,"{'id': 93501, 'context': 0}"
1758906709,VERY_LONG,,1,9999900,,"{'id': 7058, 'context': 0}"
1758906711,VERY_LONG,,1,50000000,,"{'id': 38401, 'context': 0}"
1758906715,VERY_LONG,,1,3905400,,"{'id': 2300, 'context': 0}"
1758906718,VERY_LONG,,1,80376100,,"{'id': 93542, 'context': 0}"
1758906720,VERY_LONG,,1,5443000,,"{'id': 2314, 'context': 0}"
1758906721,VERY_LONG,,1,59156200,,"{'id': 14143, 'context': 0}"
1758906723,VERY_LONG,,1,50000000,,"{'id': 2310, 'context': 0}"
1758906725,VERY_LONG,,1,50000000,,"{'id': 21852, 'context': 0}"
1758906733,VERY_LONG,,1,4066100,,"{'id': 10044, 'context': 0}"
1758906736,VERY_LONG,,1,75000000,,"{'id': 93546, 'context': 0}"
1758906739,VERY_LONG,,1,12795800,,"{'id': 82397, 'context': 0, 'bonus_lists': [1708]}"
1758906741,VERY_LONG,,1,52451500,,"{'id': 42100, 'context': 0}"
1758906746,VERY_LONG,,1,23134000,,"{'id': 38404, 'context': 0}"
1758906747,VERY_LONG,21005100,2,,,{'id': 173092}
1758906748,VERY_LONG,,1,5746093400,,"{'id': 41985, 'context': 0}"
1758906750,VERY_LONG,,1,75000000,,"{'id': 93454, 'context': 0}"
1758906752,VERY_LONG,,1,1200300,,"{'id': 2572, 'context': 0}"
1758906756,VERY_LONG,,1,10337700,,"{'id': 10040, 'context': 0}"
1758906757,VERY_LONG,22180000,1,,,{'id': 173076}
1758906760,VERY_LONG,,1,75000000,,"{'id': 93620, 'context': 0}"
1758906761,VERY_LONG,9990000,3,,,{'id': 173079}
1758906764,VERY_LONG,,1,25311500,,"{'id': 93553, 'context': 0}"
1758906768,VERY_LONG,,1,5908800,,"{'id': 2570, 'context': 0}"
1758906771,VERY_LONG,,1,55874100,,"{'id': 14141, 'context': 0}"
1758906775,VERY_LONG,,1,70000000,,"{'id': 82906, 'context': 0, 'bonus_lists': [1691]}"
1758906777,VERY_LONG,,1,50000000,,"{'id': 2865, 'context': 0}"
1758906782,VERY_LONG,,1,50000000,,"{'id': 7051, 'context': 0}"
1758906786,VERY_LONG,,1,28070800,,"{'id': 93615, 'context': 0}"
1758906789,VERY_LONG,,1,7879600,,"{'id': 41513, 'context': 0}"
1758906793,VERY_LONG,,1,11693800,,"{'id': 38277, 'context': 0}"
1758906794,VERY_LONG,,1,51170400,,"{'id': 10031, 'context': 0}"
1758906799,VERY_LONG,,1,6344700,,"{'id': 4246, 'context': 0}"
1758906805,VERY_LONG,,1,17373400,,"{'id': 93502, 'context': 0}"
1758906811,VERY_LONG,,1,38029600,,"{'id': 82429, 'context': 0}"
1758906815,VERY_LONG,,1,15887600,,"{'id': 4242, 'context': 0}"
1758906818,VERY_LONG,,1,68865500,,"{'id': 3469, 'context': 0}"
1758906825,VERY_LONG,,1,50000000,,"{'id': 4237, 'context': 0}"
1758906828,VERY_LONG,,1,23766000,,"{'id': 93439, 'context': 0}"
1758906832,VERY_LONG,,1,65980300,,"{'id': 79333, 'context': 0}"
1758906837,VERY_LONG,,1,50000000,,"{'id': 38405, 'context': 0}"
1758906842,VERY_LONG,,1,5737700400,,"{'id': 42096, 'context': 0}"
1758906848,VERY_LONG,,1,234412600,,"{'id': 94280, 'context': 0}"
1758906852,VERY_LONG,,1,57375600,,"{'id': 7049, 'context': 0}"
1758906855,VERY_LONG,,1,12960400,,"{'id': 82403, 'context': 0, 'bonus_lists': [1681]}"
1758906858,VERY_LONG,,1,61329500,,"{'id': 14142, 'context': 0}"
1758906863,VERY_LONG,,1,9783600,,"{'id': 2569, 'context': 0}"
1758906867,VERY_LONG,,1,4731800,,"{'id': 10024, 'context': 0}"
1758906871,VERY_LONG,,1,50000000,,"{'id': 38407, 'context': 0}"
1758906875,VERY_LONG,,1,4229300,,"{'id': 10042, 'context': 0}"
1758906880,VERY_LONG,,1,28614800,,"{'id': 13870, 'context': 0}"
1758906887,VERY_LONG,,1,75000000,,"{'id': 93531, 'context': 0}"
1758906890,VERY_LONG,,1,53246600,,"{'id': 45811, 'context': 0}"
1758906901,VERY_LONG,,1,111122400,,"{'id': 4321, 'context': 0}"
1758906906,VERY_LONG,,1,75000000,,"{'id': 93527, 'context': 0}"
1758906909,VERY_LONG,,1,75000000,,"{'id': 93453, 'context': 0}"
1758906911,VERY_LONG,,1,33991000,,"{'id': 2316, 'context': 0}"
1758906913,VERY_LONG,,1,26276300,,"{'id': 2583, 'context': 0}"
1758906916,VERY_LONG,,1,50000000,,"{'id': 10421, 'context': 0}"
1758906922,VERY_LONG,,1,95322100,,"{'id': 93548, 'context': 0}"
1758906925,VERY_LONG,,1,163972400,,"{'id': 94279, 'context': 0}"
1758906932,VERY_LONG,,1,50000000,,"{'id': 2866, 'context': 0}"
1758906935,VERY_LONG,,1,20795500,,"{'id': 93500, 'context': 0}"
1758906937,VERY_LONG,,1,31360200,,"{'id': 11290, 'context': 0}"
1758906939,VERY_LONG,3500,1,,,{'id': 172052}
1758906944,VERY_LONG,,1,50000000,,"{'id': 82402, 'context': 0, 'bonus_lists': [1679]}"
1758906947,VERY_LONG,,1,50745400,,"{'id': 2845, 'context': 0}"
1758906952,VERY_LONG,,1,75000000,,"{'id': 93544, 'context': 0}"
1758906958,VERY_LONG,,1,17048200,,"{'id': 41516, 'context': 0}"
1758906962,VERY_LONG,,1,1588300,,"{'id': 4307, 'context': 0}"
1758906964,VERY_LONG,,1,50000000,,"{'id': 38278, 'context': 0}"
1758906967,VERY_LONG,,1,89117600,,"{'id': 93535, 'context': 0}"
1758906971,VERY_LONG,,1,50000000,,"{'id': 3473, 'context': 0}"
1758906975,VERY_LONG,,1,8750900,,"{'id': 82398, 'context': 0, 'bonus_lists': [1698]}"
1758906979,VERY_LONG,,1,49799000,,"{'id': 10003, 'context': 0}"
1758906984,VERY_LONG,,1,16551800,,"{'id': 41548, 'context': 0}"
1758906990,VERY_LONG,,1,67549900,,"{'id': 93528, 'context': 0}"
1758906992,VERY_LONG,,1,50000000,,"{'id': 132493, 'context': 0}"
1758906997,VERY_LONG,,1,50000000,,"{'id': 2308, 'context': 0}"
1758907000,VERY_LONG,,1,75000000,,"{'id': 93534, 'context': 0}"
1758907005,VERY_LONG,,1,31508600,,"{'id': 93554, 'context': 0}"
1758907013,VERY_LONG,,1,24621400,,"{'id': 93559, 'context': 0}"
1758907015,VERY_LONG,,1,37018000,,"{'id': 82422, 'context': 0}"
1758907018,VERY_LONG,,1,20867500,,"{'id': 14103, 'context': 0}"
1758907023,VERY_LONG,,1,59667500,,"{'id': 43975, 'context': 0}"
1758907027,VERY_LONG,,1,78935300,,"{'id': 93545, 'context': 0}"
1758907031,VERY_LONG,,1,50000000,,"{'id': 7348, 'context': 0}"
1758907034,VERY_LONG,,1,35936500,,"{'id': 5961, 'context': 0}"
1758907037,VERY_LONG,,1,10825900,,"{'id': 6796, 'context': 0}"
1758907042,VERY_LONG,,1,12302000,,"{'id': 5957, 'context': 0}"
1758907045,VERY_LONG,,1,50000000,,"{'id': 41984, 'context': 0}"
1758907047,VERY_LONG,,1,3375200,,"{'id': 41251, 'context': 0}"
1758907050,VERY_LONG,,1,50000000,,"{'id': 38400, 'context': 0}"
1758907052,VERY_LONG,,1,27051800,,"{'id': 43974, 'context': 0}"
1758907057,VERY_LONG,,1,14097900,,"{'id': 21855, 'context': 0}"
1758907063,VERY_LONG,,1,47048900,,"{'id': 41554, 'context': 0}"
1758907066,VERY_LONG,,1,50000000,,"{'id': 2849, 'context': 0}"
1758907071,VERY_LONG,,1,25610800,,"{'id': 93499, 'context': 0}"
1758907076,VERY_LONG,,1,26148000,,"{'id': 82399, 'context': 0, 'bonus_lists': [1713]}"
1758907080,VERY_LONG,,1,51786000,,"{'id': 7285, 'context': 0}"
1758907082,VERY_LONG,,1,1583200,,"{'id': 2579, 'context': 0}"
1758907085,VERY_LONG,,1,50000000,,"{'id': 132543, 'context': 0}"
1758907090,VERY_LONG,40000,6,,,{'id': 172055}
1758907091,VERY_LONG,,1,46528000,,"{'id': 43973, 'context': 0}"
1758907096,VERY_LONG,,1,84703100,,"{'id': 4249, 'context': 0}"
1758908101,VERY_LONG,,1,22987700,,"{'id': 10004, 'context': 0}"
1758908102,VERY_LONG,,1,75000000,,"{'id': 93541, 'context': 0}"
1758908107,VERY_LONG,,1,50000000,,"{'id': 132495, 'context': 0}"
1758908109,VERY_LONG,,1,34895400,,"{'id': 93420, 'context': 0}"
1758908115,VERY_LONG,,1,49862400,,"{'id': 41986, 'context': 0}"
1758908121,VERY_LONG,,1,50000000,,"{'id': 132547, 'context': 0}"
1758908124,VERY_LONG,,1,50000000,,"{'id': 132491, 'context': 0}"
1758908126,VERY_LONG,40500,3,,,{'id': 179315}
1758908127,VERY_LONG,,1,50000000,,"{'id': 132545, 'context': 0}"
1758908178,VERY_LONG,3500,5,,,{'id': 108996}
1758908250,VERY_LONG,12500000,9,,,{'id': 168653}
1758908266,VERY_LONG,,1,200000000,,"{'id': 172323, 'context': 64, 'bonus_lists': [6717, 1507]}"
1758908270,VERY_LONG,,1,200000000,,"{'id': 172323, 'context': 64, 'bonus_lists': [6717, 1507]}"
1758908273,VERY_LONG,10000,7,,,{'id': 173859}
1758908291,VERY_LONG,20000,2,,,{'id': 172054}
1758908353,VERY_LONG,10000000,6,,,{'id': 52303}
1758909008,VERY_LONG,,1,98490000,83716500,"{'id': 82800, 'context': 0, 'modifiers': [{'type': 6, 'value': 99923}], 'pet_breed_id': 8, 'pet_level': 1, 'pet_quality_id': 2, 'pet_species_id': 3034}"
1758909040,VERY_LONG,,1,31997800,,"{'id': 41607, 'context': 0}"
1758909041,VERY_LONG,,1,79990000,67991500,"{'id': 82800, 'context': 0, 'modifiers': [{'type': 6, 'value': 100929}], 'pet_breed_id': 15, 'pet_level': 1, 'pet_quality_id': 2, 'pet_species_id': 3029}"
1758909043,VERY_LONG,,1,4949100,,"{'id': 54471, 'context': 0}"
1758909044,VERY_LONG,,1,968400,,"{'id': 4330, 'context': 0}"
1758909046,VERY_LONG,,1,10784400,,"{'id': 4247, 'context': 0}"
1758909049,VERY_LONG,,1,18010900,,"{'id': 21851, 'context': 0}"
1758909051,VERY_LONG,,1,24515600,,"{'id': 14101, 'context': 0}"
1758909053,VERY_LONG,,1,19627700,,"{'id': 41555, 'context': 0}"
1758909055,VERY_LONG,,1,11000400,,"{'id': 118601, 'context': 0, 'bonus_lists': [203]}"
1758909060,VERY_LONG,,1,409560700,,"{'id': 94264, 'context': 0}"
1758909062,VERY_LONG,,1,1296900,,"{'id': 2577, 'context': 0}"
1758909064,VERY_LONG,,1,4999900,,"{'id': 2857, 'context': 0}"
1758909065,VERY_LONG,,1,42220000,,"{'id': 41525, 'context': 0}"
1758909068,VERY_LONG,,1,50000000,,"{'id': 38414, 'context': 0}"
1758909069,VERY_LONG,,1,30947700,,"{'id': 93557, 'context': 0}"
1758909073,VERY_LONG,,1,15841400,,"{'id': 4322, 'context': 0}"
1758909075,VERY_LONG,,1,16044600,,"{'id': 14100, 'context': 0}"
1758909078,VERY_LONG,,1,31080900,,"{'id': 4243, 'context': 0}"
1758909081,VERY_LONG,,1,11715900,,"{'id': 41550, 'context': 0}"
1758909082,LONG,1199000,1,,,{'id': 76697}
1758909084,VERY_LONG,,1,50000000,,"{'id': 3848, 'context': 0}"
1758909087,LONG,1299000,1,,,{'id': 76683}
1758909088,VERY_LONG,,1,50000000,,"{'id': 13860, 'context': 0}"
1758909092,LONG,1399000,1,,,{'id': 76658}
1758909093,VERY_LONG,,1,10343500,,"{'id': 6241, 'context': 0}"
1758909095,VERY_LONG,,1,75000000,,"{'id': 43656, 'context': 0}"
1758909096,LONG,1890200,1,,,{'id': 115811}
1758909097,VERY_LONG,,1,75000000,,"{'id': 93623, 'context': 0}"
1758909098,LONG,1186700,1,,,{'id': 74700}
1758910102,VERY_LONG,,1,68303900,,"{'id': 4251, 'context': 0}"
1758910105,LONG,1199000,1,,,{'id': 76700}
1758910107,LONG,1115000,1,,,{'id': 76698}
1758910108,VERY_LONG,,1,27425900,,"{'id': 93555, 'context': 0}"
1758910112,VERY_LONG,,1,50000000,,"{'id': 132490, 'context': 0}"
1758910113,LONG,1889500,1,,,{'id': 74706}
1758910114,VERY_LONG,,1,2752000,,"{'id': 4324, 'context': 0}"
1758910119,LONG,959900,1,,,{'id': 76639}
1758910120,VERY_LONG,,1,1205000,,"{'id': 10056, 'context': 0}"
1758910121,VERY_LONG,,1,75000000,,"{'id': 93529, 'context': 0}"
1758910122,LONG,3665000,1,,,{'id': 76884}
1758910124,VERY_LONG,,1,50000000,,"{'id': 7281, 'context': 0}"
1758910125,LONG,5500000,1,,,{'id': 110640}
1758910126,VERY_LONG,,1,7464800,,"{'id': 4310, 'context': 0}"
1758910127,LONG,3899000,1,,,{'id': 76896}
1758910128,VERY_LONG,,1,50000000,,"{'id': 82910, 'context': 0, 'bonus_lists': [1694]}"
1758910132,LONG,999000,1,,,{'id': 76645}
1758910133,VERY_LONG,,1,50000000,,"{'id': 132488, 'context': 0}"
1758910135,VERY_LONG,,1,3059500,,"{'id': 4326, 'context': 0}"
1758910136,LONG,9890000,1,,,{'id': 74703}
1758910138,VERY_LONG,,1,50000000,,"{'id': 10053, 'context': 0}"
1758910140,LONG,5500000,1,,,{'id': 110652}
1758910142,VERY_LONG,,1,90516500,,"{'id': 4320, 'context': 0}"
1758910143,LONG,5500000,1,,,{'id': 110639}
1758910147,VERY_LONG,,1,31056500,,"{'id': 41523, 'context': 0}"
1758910150,LONG,999000,1,,,{'id': 76652}
1758910151,VERY_LONG,,1,20321100,,"{'id': 43971, 'context': 0}"
1758910154,VERY_LONG,,1,50000000,,"{'id': 132492, 'context': 0}"
1758910155,LONG,3899000,1,,,{'id': 76890}
1758910158,VERY_LONG,,1,50000000,,"{'id': 2854, 'context': 0}"
1758910159,LONG,999000,1,,,{'id': 76653}
1758910161,VERY_LONG,,1,29429100,,"{'id': 93550, 'context': 0}"
1758910163,LONG,1399000,1,,,{'id': 76677}
1758910165,VERY_LONG,,1,50000000,,"{'id': 82400, 'context': 0, 'bonus_lists': [1684]}"
1758910167,LONG,1499000,1,,,{'id': 76695}
1758910168,VERY_LONG,,1,546205700,,"{'id': 5766, 'context': 0}"
1758910170,LONG,999000,1,,,{'id': 76646}
1758910171,VERY_LONG,,1,69007600,,"{'id': 43583, 'context': 0}"
1758910174,VERY_LONG,,1,193340500,,"{'id': 7064, 'context': 0}"
1758910175,LONG,3899000,1,,,{'id': 76887}
1758910176,VERY_LONG,,1,44800000,41905000,"{'id': 82800, 'context': 0, 'modifiers': [{'type': 6, 'value': 100928}], 'pet_breed_id': 14, 'pet_level': 1, 'pet_quality_id': 2, 'pet_species_id': 3028}"
1758910178,VERY_LONG,,1,13999700,,"{'id': 41521, 'context': 0}"
1758910180,LONG,4940000,1,,,{'id': 115814}
1758910183,VERY_LONG,,1,75000000,,"{'id': 118602, 'context': 0, 'bonus_lists': [21]}"
1758910185,LONG,1888000,1,,,{'id': 74722}
1758910188,VERY_LONG,,1,20137200,,"{'id': 10001, 'context': 0}"
1758910191,LONG,999000,1,,,{'id': 76656}
1758910192,VERY_LONG,,1,20501400,,"{'id': 93558, 'context': 0}"
1758910193,LONG,1299000,1,,,{'id': 76681}
1758910195,VERY_LONG,,1,13081500,,"{'id': 82401, 'context': 0, 'bonus_lists': [1684]}"
1758910197,LONG,1499000,1,,,{'id': 76696}
1758910203,VERY_LONG,,1,13262200,,"{'id': 41551, 'context': 0}"
1758910204,LONG,5375700,1,,,{'id': 110653}
1758910206,VERY_LONG,,1,75000000,,"{'id': 118603, 'context': 0, 'bonus_lists': [53]}"
1758910211,LONG,1298900,1,,,{'id': 76680}
1758910212,VERY_LONG,,1,50000000,,"{'id': 90474, 'context': 0, 'bonus_lists': [1684]}"
1758910215,LONG,1199000,1,,,{'id': 76699}
1758910216,VERY_LONG,,1,50000000,,"{'id': 2302, 'context': 0}"
1758910219,LONG,1399000,1,,,{'id': 76668}
1758910220,VERY_LONG,,1,75000000,,"{'id': 98858, 'context': 0}"
1758910224,LONG,3674100,1,,,{'id': 74712}
1758910225,VERY_LONG,,1,36144500,,"{'id': 93607, 'context': 0}"
1758910227,LONG,999000,1,,,{'id': 76643}
1758910228,VERY_LONG,,1,223537800,,"{'id': 7955, 'context': 0}"
1758910234,LONG,999000,1,,,{'id': 76650}
1758910235,VERY_LONG,,1,8439500,,"{'id': 41545, 'context': 0}"
1758910240,VERY_LONG,,1,39008800,,"{'id': 21849, 'context': 0}"
1758910241,LONG,890000,1,,,{'id': 110626}
1758910244,VERY_LONG,,1,59880200,,"{'id': 45810, 'context': 0}"
1758910245,LONG,490200,1,,,{'id': 115809}
1758910249,VERY_LONG,,1,50000000,,"{'id': 38408, 'context': 0}"
1758910251,LONG,988600,1,,,{'id': 76637}
1758910255,VERY_LONG,,1,50000000,,"{'id': 3472, 'context': 0}"
1758910258,LONG,999000,1,,,{'id': 76647}
1758910259,VERY_LONG,,1,50000000,,"{'id': 132546, 'context': 0}"
1758910264,VERY_LONG,,1,2936900,,"{'id': 4316, 'context': 0}"
1758910265,LONG,9890000,1,,,{'id': 74704}
1758910267,VERY_LONG,,1,9268900,,"{'id': 6238, 'context': 0}"
1758910270,LONG,2333200,1,,,{'id': 115815}
1758910273,VERY_LONG,,1,8477200,,"{'id': 2578, 'context': 0}"
1758910275,LONG,1299000,1,,,{'id': 76685}
1758910278,VERY_LONG,,1,13508300,,"{'id': 41544, 'context': 0}"
1758910280,VERY_LONG,,1,96385700,,"{'id': 13868, 'context': 0}"
1758910286,LONG,3665000,1,,,{'id': 76886}
1758910287,VERY_LONG,,1,131864700,,"{'id': 79334, 'context': 0}"
1758910291,LONG,1299000,1,,,{'id': 76688}
1758910292,VERY_LONG,,1,3711400,,"{'id': 7050, 'context': 0}"
1758910295,LONG,1299000,1,,,{'id': 76689}
1758910296,VERY_LONG,,1,223744700,,"{'id': 4312, 'context': 0}"
1758910299,LONG,5500000,1,,,{'id': 110647}
1758910301,VERY_LONG,,1,32120400,,"{'id': 93617, 'context': 0}"
1758910306,LONG,890000,1,,,{'id': 110625}
1758910307,VERY_LONG,,1,9477600,,"{'id': 13856, 'context': 0}"
1758910313,VERY_LONG,,1,1899400,,"{'id': 41255, 'context': 0}"
1758910314,LONG,1399000,1,,,{'id': 76678}
1758910320,VERY_LONG,,1,49999600,,"{'id': 79342, 'context': 0}"
1758910321,LONG,1299000,1,,,{'id': 76687}
1758910323,VERY_LONG,,1,50000000,,"{'id': 2848, 'context': 0}"
1758910325,LONG,1399000,1,,,{'id': 76663}
1758910326,VERY_LONG,,1,7254000,,"{'id': 41515, 'context': 0}"
1758910331,LONG,1299000,1,,,{'id': 76684}
1758910333,VERY_LONG,,1,593000,,"{'id': 4344, 'context': 0}"
1758910335,LONG,1399000,1,,,{'id': 76670}
1758910338,VERY_LONG,,1,50000000,,"{'id': 7282, 'context': 0}"
1758910342,LONG,9850000,1,,,{'id': 110682}
1758910345,VERY_LONG,,1,75000000,,"{'id': 93532, 'context': 0}"
1758910348,VERY_LONG,,1,26533100,,"{'id': 132489, 'context': 0}"
1758910349,LONG,1272900,1,,,{'id': 112093}
1758910353,VERY_LONG,,1,35106800,,"{'id': 93432, 'context': 0}"
1758910355,LONG,9889800,1,,,{'id': 74724}
1758910359,VERY_LONG,,1,50000000,,"{'id': 9998, 'context': 0}"
1758910361,LONG,249000,1,,,{'id': 74720}
1758910363,VERY_LONG,,1,50000000,,"{'id': 2850, 'context': 0}"
1758910365,LONG,1399000,1,,,{'id': 76665}
1758910368,VERY_LONG,,1,75000000,,"{'id': 93622, 'context': 0}"
1758910370,LONG,3899000,1,,,{'id': 76891}
1758910372,VERY_LONG,,1,50000000,,"{'id': 38416, 'context': 0}"
1758910375,LONG,5313500,1,,,{'id': 110645}
1758910379,VERY_LONG,,1,54991400,,"{'id': 42093, 'context': 0}"
1758910380,LONG,1399000,1,,,{'id': 76674}
1758910383,VERY_LONG,,1,50000000,,"{'id': 2580, 'context': 0}"
1758910386,LONG,3899000,1,,,{'id': 76894}
1758910389,VERY_LONG,,1,50000000,,"{'id': 3489, 'context': 0}"
1758910392,VERY_LONG,,1,4361700,,"{'id': 4308, 'context': 0}"
1758910399,LONG,9850000,1,,,{'id': 112164}
1758910401,LONG,3895000,1,,,{'id': 76888}
1758910402,VERY_LONG,,1,13629500,,"{'id': 41543, 'context': 0}"
1758910404,VERY_LONG,,1,4902500,,"{'id': 54477, 'context': 0}"
1758910407,LONG,890000,1,,,{'id': 110632}
1758910410,VERY_LONG,,1,576200,,"{'id': 2575, 'context': 0}"
1758910414,LONG,3899000,1,,,{'id': 76895}
1758910417,VERY_LONG,,1,50000000,,"{'id': 10028, 'context': 0}"
1758910418,LONG,890000,1,,,{'id': 110633}
1758910420,VERY_LONG,,1,142937800,,"{'id': 82430, 'context': 0}"
1758910425,LONG,4940000,1,,,{'id': 115812}
1758910426,VERY_LONG,,1,50000000,,"{'id': 13864, 'context': 0}"
1758910429,LONG,1115000,1,,,{'id': 76675}
1758910430,VERY_LONG,,1,75000000,,"{'id': 93537, 'context': 0}"
1758910435,VERY_LONG,,1,90809000,,"{'id': 93624, 'context': 0}"
1758910436,LONG,5500000,1,,,{'id': 110642}
1758910438,VERY_LONG,,1,27263800,,"{'id': 93434, 'context': 0}"
1758910439,LONG,1399000,1,,,{'id': 76672}
1758910441,VERY_LONG,,1,50000000,,"{'id': 10045, 'context': 0}"
1758910444,LONG,5500000,1,,,{'id': 110638}
1758910446,VERY_LONG,,1,50000000,,"{'id': 38410, 'context': 0}"
1758910448,LONG,1299000,1,,,{'id': 76691}
1758910449,VERY_LONG,,1,50000000,,"{'id': 3488, 'context': 0}"
1758910451,VERY_LONG,,1,78249900,,"{'id': 7956, 'context': 0}"
1758910452,LONG,890000,1,,,{'id': 110635}
1758910453,VERY_LONG,,1,27139500,,"{'id': 41553, 'context': 0}"
1758910457,VERY_LONG,,1,50000000,,"{'id': 3719, 'context': 0}"
1758910459,LONG,1399000,1,,,{'id': 76669}
1758910463,VERY_LONG,,1,151477000,,"{'id': 13869, 'context': 0}"
1758910467,LONG,5500000,1,,,{'id': 110646}
1758910469,VERY_LONG,,1,32819100,,"{'id': 2303, 'context': 0}"
1758910470,LONG,999000,1,,,{'id': 76648}
1758910471,VERY_LONG,,1,28502200,,"{'id': 93552, 'context': 0}"
1758910474,LONG,999000,1,,,{'id': 76654}
1758910475,VERY_LONG,,1,50000000,,"{'id': 6214, 'context': 0}"
1758910478,VERY_LONG,901000,5,,,{'id': 52186}
1758910479,VERY_LONG,,1,50000000,,"{'id': 132499, 'context': 0}"
1758910481,LONG,4889400,1,,,{'id': 89737}
1758910482,VERY_LONG,,1,102650700,,"{'id': 13858, 'context': 0}"
1758910485,VERY_LONG,,1,16097900,,"{'id': 10026, 'context': 0}"
1758910486,LONG,9889500,1,,,{'id': 52772}
1758910488,VERY_LONG,,1,84943000,,"{'id': 43584, 'context': 0}"
1758910489,LONG,9890000,1,,,{'id': 74705}
1758910492,VERY_LONG,,1,88811900,,"{'id': 45626, 'context': 0}"
1758910493,LONG,1399000,1,,,{'id': 76659}
1758910496,VERY_LONG,,1,36961300,,"{'id': 93608, 'context': 0}"
1758910498,LONG,4679600,1,,,{'id': 74727}
1758910499,VERY_LONG,,1,1113800,,"{'id': 10047, 'context': 0}"
1758910502,VERY_LONG,,1,3027800,,"{'id': 4309, 'context': 0}"
1758910503,LONG,1486500,1,,,{'id': 74707}
1758910505,VERY_LONG,,1,8353400,,"{'id': 41549, 'context': 0}"
1758910506,LONG,890000,1,,,{'id': 110624}
1758910508,VERY_LONG,,1,5006800,,"{'id': 10033, 'context': 0}"
1758910511,LONG,1889300,1,,,{'id': 74709}
1758910512,VERY_LONG,,1,50000000,,"{'id': 41519, 'context': 0}"
1758910517,LONG,999000,1,,,{'id': 76640}
1758910518,VERY_LONG,,1,75000000,,"{'id': 93543, 'context': 0}"
1758910521,VERY_LONG,,1,50077800,,"{'id': 41528, 'context': 0}"
1758910522,LONG,755200,1,,,{'id': 74710}
1758910526,LONG,266900,1,,,{'id': 74711}
1758910527,VERY_LONG,,1,50000000,,"{'id': 6350, 'context': 0}"
1758910531,VERY_LONG,,1,75000000,,"{'id': 93530, 'context': 0}"
1758910534,LONG,9889800,1,,,{'id': 74728}
1758910536,VERY_LONG,,1,54510500,,"{'id': 43969, 'context': 0}"
1758910538,LONG,1994400,1,,,{'id': 74713}
1758910540,VERY_LONG,,1,75000000,,"{'id': 98856, 'context': 0}"
1758910544,LONG,3665000,1,,,{'id': 76885}
1758910546,VERY_LONG,,1,50000000,,"{'id': 5542, 'context': 0}"
1758910551,VERY_LONG,8602100,1,,,{'id': 112115}
1758910558,LONG,554000,1,,,{'id': 74715}
1758910562,LONG,3899000,1,,,{'id': 76897}
1758910565,LONG,1299000,1,,,{'id': 89680}
1758910570,LONG,3899000,1,,,{'id': 76879}
1758910573,LONG,9889800,1,,,{'id': 74726}
1758910574,LONG,1399000,1,,,{'id': 76676}
1758910578,LONG,3690400,1,,,{'id': 74717}
1758910582,LONG,1612800,1,,,{'id': 74718}
1758910586,LONG,1499000,1,,,{'id': 76692}
1758910593,LONG,890000,1,,,{'id': 110618}
1758910597,LONG,1889400,1,,,{'id': 74716}
1758910602,LONG,9850000,1,,,{'id': 112165}
1758910606,LONG,1399000,1,,,{'id': 76666}
1758910610,LONG,890000,1,,,{'id': 110617}
1758910628,VERY_LONG,,1,9990000,,"{'id': 173214, 'context': 0, 'bonus_lists': [6893, 7185], 'modifiers': [{'type': 9, 'value': 60}, {'type': 28, 'value': 391}, {'type': 29, 'value': 36}, {'type': 30, 'value': 32}]}"
1758910656,VERY_LONG,,1,9990000,,"{'id': 173219, 'context': 0, 'bonus_lists': [6893, 7185], 'modifiers': [{'type': 9, 'value': 60}, {'type': 28, 'value': 391}, {'type': 29, 'value': 49}, {'type': 30, 'value': 32}]}"
1758910660,VERY_LONG,,1,9990000,,"{'id': 173219, 'context': 9, 'bonus_lists': [6893, 7185], 'modifiers': [{'type': 9, 'value': 60}, {'type': 28, 'value': 391}, {'type': 29, 'value': 40}, {'type': 30, 'value': 32}]}"
1758910683,LONG,890000,1,,,{'id': 110619}
1758910687,LONG,1004800,1,,,{'id': 76667}
1758910693,LONG,5500000,1,,,{'id': 110654}
1758910697,LONG,3899000,1,,,{'id': 76892}
1758910703,LONG,890000,1,,,{'id': 110620}
1758910705,VERY_LONG,,1,14450000,,"{'id': 173222, 'context': 0, 'bonus_lists': [6893, 7185], 'modifiers': [{'type': 9, 'value': 60}, {'type': 28, 'value': 391}, {'type': 29, 'value': 32}, {'type': 30, 'value': 40}]}"
1758910709,VERY_LONG,,1,14450000,,"{'id': 173222, 'context': 0, 'bonus_lists': [6893, 7185], 'modifiers': [{'type': 9, 'value': 60}, {'type': 28, 'value': 391}, {'type': 29, 'value': 49}, {'type': 30, 'value': 36}]}"
1758910710,LONG,1458300,1,,,{'id': 74708}
1758910718,LONG,989000,1,,,{'id': 76638}
1758910722,LONG,1399000,1,,,{'id': 76671}
1758910729,LONG,890000,1,,,{'id': 110628}
1758910736,LONG,1299000,1,,,{'id': 76682}
1758910743,LONG,5500000,1,,,{'id': 110656}
1758910751,LONG,4888700,1,,,{'id': 74723}
1758910754,VERY_LONG,,1,16440000,,"{'id': 173220, 'context': 0, 'bonus_lists': [6893, 7185], 'modifiers': [{'type': 9, 'value': 60}, {'type': 28, 'value': 391}, {'type': 29, 'value': 49}, {'type': 30, 'value': 40}]}"
1758910757,VERY_LONG,,1,16440000,,"{'id': 173220, 'context': 0, 'bonus_lists': [6893, 7185], 'modifiers': [{'type': 9, 'value': 60}, {'type': 28, 'value': 391}, {'type': 29, 'value': 32}, {'type': 30, 'value': 49}]}"
1758910760,LONG,1399000,1,,,{'id': 76661}
1758910767,LONG,890000,1,,,{'id': 110631}
1758910776,LONG,989000,1,,,{'id': 76636}
1758910781,LONG,998800,1,,,{'id': 76641}
1758910786,LONG,999000,1,,,{'id': 76644}
1758910796,LONG,5500000,1,,,{'id': 110649}
1758910800,VERY_LONG,,1,16690000,,"{'id': 173217, 'context': 0, 'bonus_lists': [6893, 7185], 'modifiers': [{'type': 9, 'value': 60}, {'type': 28, 'value': 391}, {'type': 29, 'value': 49}, {'type': 30, 'value': 40}]}"
1758910804,VERY_LONG,,1,16690000,,"{'id': 173217, 'context': 0, 'bonus_lists': [6893, 7185], 'modifiers': [{'type': 9, 'value': 60}, {'type': 28, 'value': 391}, {'type': 29, 'value': 40}, {'type': 30, 'value': 36}]}"
1758910809,LONG,1399000,1,,,{'id': 76660}
1758910816,LONG,1299000,1,,,{'id': 76690}
1758910824,LONG,3899000,1,,,{'id': 76893}
1758910832,LONG,999000,1,,,{'id': 76649}
1758910838,VERY_LONG,8000,3,,,{'id': 72988}
1758910842,VERY_LONG,6694800,1,,,{'id': 112160}
1758910853,LONG,1499000,1,,,{'id': 76693}
1758910855,VERY_LONG,,1,6660000,,"{'id': 173216, 'context': 0, 'bonus_lists': [6893, 7185], 'modifiers': [{'type': 9, 'value': 60}, {'type': 28, 'value': 391}, {'type': 29, 'value': 40}, {'type': 30, 'value': 49}]}"
1758910859,VERY_LONG,,1,6660000,,"{'id': 173216, 'context': 0, 'bonus_lists': [6893, 7185], 'modifiers': [{'type': 9, 'value': 60}, {'type': 28, 'value': 391}, {'type': 29, 'value': 36}, {'type': 30, 'value': 49}]}"
1758910862,LONG,999000,1,,,{'id': 76651}
1758910872,LONG,999000,1,,,{'id': 93705}
1758910878,LONG,1299000,1,,,{'id': 89674}
1758910887,LONG,1499000,1,,,{'id': 76694}
1758910890,LONG,15000,400,,,{'id': 16204}
1758910895,LONG,999000,1,,,{'id': 76657}
1758910901,LONG,1399000,1,,,{'id': 76673}
1758910902,VERY_LONG,,1,17989400,,"{'id': 173221, 'context': 0, 'bonus_lists': [6893, 7185], 'modifiers': [{'type': 9, 'value': 60}, {'type': 28, 'value': 391}, {'type': 29, 'value': 49}, {'type': 30, 'value': 32}]}"
1758910906,VERY_LONG,,1,17989400,,"{'id': 173221, 'context': 0, 'bonus_lists': [6893, 7185], 'modifiers': [{'type': 9, 'value': 60}, {'type': 28, 'value': 391}, {'type': 29, 'value': 36}, {'type': 30, 'value': 32}]}"
1758910909,LONG,1399000,1,,,{'id': 76662}
1758910920,LONG,999000,1,,,{'id': 76642}
1758910929,LONG,1115000,1,,,{'id': 76664}
1758910939,LONG,1299000,1,,,{'id': 76686}
1758910948,LONG,1399000,1,,,{'id': 76679}
1758910954,LONG,1115000,1,,,{'id': 76701}
1758910960,VERY_LONG,,1,8320000,,"{'id': 173218, 'context': 0, 'bonus_lists': [6893, 7185], 'modifiers': [{'type': 9, 'value': 60}, {'type': 28, 'value': 391}, {'type': 29, 'value': 36}, {'type': 30, 'value': 40}]}"
1758910961,LONG,890000,1,,,{'id': 110621}
1758911028,VERY_LONG,,1,78000000,,"{'id': 173215, 'context': 0, 'bonus_lists': [6893, 7185], 'modifiers': [{'type': 9, 'value': 60}, {'type': 28, 'value': 391}, {'type': 29, 'value': 36}, {'type': 30, 'value': 32}]}"
1758911034,VERY_LONG,,1,78000000,,"{'id': 173215, 'context': 0, 'bonus_lists': [6893, 7185], 'modifiers': [{'type': 9, 'value': 60}, {'type': 28, 'value': 391}, {'type': 29, 'value': 32}, {'type': 30, 'value': 40}]}"
1758911067,VERY_LONG,,1,5000000,,"{'id': 82800, 'context': 0, 'modifiers': [{'type': 6, 'value': 88008}], 'pet_breed_id': 14, 'pet_level': 1, 'pet_quality_id': 3, 'pet_species_id': 2454}"
1758911196,VERY_LONG,,1,70947900,,"{'id': 2844, 'context': 0}"
1758911201,VERY_LONG,,1,33330000,,"{'id': 21853, 'context': 0}"
1758911206,VERY_LONG,,1,75000000,,"{'id': 93455, 'context': 0}"
1758911210,VERY_LONG,,1,3035300,,"{'id': 17723, 'context': 0}"
1758911213,VERY_LONG,,1,50000000,,"{'id': 7057, 'context': 0}"
1758911219,VERY_LONG,,1,49006100,,"{'id': 79339, 'context': 0}"
1758911220,VERY_LONG,,1,911300,,"{'id': 2587, 'context': 0}"
1758911225,VERY_LONG,,1,12177200,,"{'id': 41546, 'context': 0}"
1758911231,VERY_LONG,,1,1550000,,"{'id': 9999, 'context': 0}"
1758911235,VERY_LONG,,1,106026700,,"{'id': 79335, 'context': 0}"
1758911237,VERY_LONG,,1,2625939700,,"{'id': 21861, 'context': 0}"
1758911239,VERY_LONG,,1,91856900,,"{'id': 43972, 'context': 0}"
1758911241,VERY_LONG,,1,75000000,,"{'id': 93540, 'context': 0}"
1758911242,VERY_LONG,,1,8019400,,"{'id': 41522, 'context': 0}"
1758911243,VERY_LONG,,1,75000000,,"{'id': 93621, 'context': 0}"
1758911402,VERY_LONG,,1,75507000,,"{'id': 7062, 'context': 0}"
1758911405,LONG,450000,5,,,{'id': 104127}
1758911407,VERY_LONG,,1,6871500,,"{'id': 44211, 'context': 0}"
1758911409,VERY_LONG,,1,7420100,,"{'id': 108745, 'context': 0}"
1758911549,VERY_LONG,,1,50000000,,"{'id': 2852, 'context': 0}"
1758911556,VERY_LONG,,1,13207400,,"{'id': 82404, 'context': 0, 'bonus_lists': [1712]}"
1758911562,VERY_LONG,,1,50000000,,"{'id': 38412, 'context': 0}"
1758911565,VERY_LONG,,1,164255200,,"{'id': 13871, 'context': 0}"
1758911570,VERY_LONG,,1,2505700,,"{'id': 2582, 'context': 0}"
1758911573,VERY_LONG,,1,75000000,,"{'id': 43657, 'context': 0}"
1758911576,VERY_LONG,,1,8068100,,"{'id': 21854, 'context': 0}"
1758911579,VERY_LONG,,1,50000000,,"{'id': 2851, 'context': 0}"
1758911581,VERY_LONG,,1,8348300,,"{'id': 4314, 'context': 0}"
1758911583,VERY_LONG,,1,30719400,,"{'id': 38409, 'context': 0}"
1758911585,VERY_LONG,,1,45073500,,"{'id': 93433, 'context': 0}"
1758911587,VERY_LONG,,1,34507900,,"{'id': 93551, 'context': 0}"
1758911594,VERY_LONG,,1,53660000,,"{'id': 43970, 'context': 0}"
1758911599,VERY_LONG,,1,163972400,,"{'id': 94277, 'context': 0}"
1758911603,VERY_LONG,,1,164255200,,"{'id': 13857, 'context': 0}"
1758911606,VERY_LONG,,1,50000000,,"{'id': 2847, 'context': 0}"
1758911612,VERY_LONG,,1,9530900,,"{'id': 41520, 'context': 0}"
1758911617,VERY_LONG,,1,50000000,,"{'id': 10027, 'context': 0}"
1758911621,VERY_LONG,,1,50000000,,"{'id': 132542, 'context': 0}"
1758911625,VERY_LONG,,1,50000000,,"{'id': 7026, 'context': 0}"
1758911629,VERY_LONG,,1,50000000,,"{'id': 132487, 'context': 0}"
1758911633,VERY_LONG,,1,234412600,,"{'id': 94278, 'context': 0}"
1758911637,VERY_LONG,,1,17853700,,"{'id': 21850, 'context': 0}"
1758911641,VERY_LONG,,1,3054700,,"{'id': 13863, 'context': 0}"
1758911645,VERY_LONG,,1,50000000,,"{'id': 132497, 'context': 0}"
1758911649,VERY_LONG,,1,6908800,,"{'id': 54473, 'context': 0}"
1758911651,VERY_LONG,,1,50181300,,"{'id': 3487, 'context': 0}"
1758911658,VERY_LONG,,1,153959500,,"{'id': 7166, 'context': 0}"
1758911660,VERY_LONG,,1,43170800,,"{'id': 42095, 'context': 0}"
1758911669,VERY_LONG,,1,24938700,,"{'id': 10025, 'context': 0}"
1758911672,LONG,901000,200,,,{'id': 52186}
1758911674,VERY_LONG,,1,55592600,,"{'id': 41608, 'context': 0}"
1758911710,VERY_LONG,1200000,4,,,{'id': 127839}
1758911713,VERY_LONG,,1,5851200,,"{'id': 177780, 'context': 0, 'bonus_lists': [6907, 6652, 1715], 'modifiers': [{'type': 9, 'value': 60}, {'type': 28, 'value': 1707}]}"
1758911720,VERY_LONG,2003600,5,,,{'id': 111458}
1758911724,VERY_LONG,,1,34313400,,"{'id': 121235, 'context': 0, 'bonus_lists': [1812, 607], 'modifiers': [{'type': 9, 'value': 45}]}"
1758911729,VERY_LONG,,1,21700,,"{'id': 16251, 'context': 0}"
1758911732,VERY_LONG,,1,8131600,,"{'id': 176789, 'context': 0, 'bonus_lists': [6907, 6652, 7194, 1704], 'modifiers': [{'type': 9, 'value': 60}, {'type': 28, 'value': 1707}]}"
1758911737,VERY_LONG,2395800,3,,,{'id': 173937}
1758911742,VERY_LONG,1000000,5,,,{'id': 183950}
1758911744,VERY_LONG,33200,3,,,{'id': 19441}
1758911751,VERY_LONG,,1,12743500,,"{'id': 175552, 'context': 0, 'bonus_lists': [6907, 1705], 'modifiers': [{'type': 9, 'value': 60}, {'type': 28, 'value': 1707}]}"
1758911754,VERY_LONG,,1,8812300,,"{'id': 175558, 'context': 0, 'bonus_lists': [6907, 1693], 'modifiers': [{'type': 9, 'value': 60}, {'type': 28, 'value': 807}]}"
1758911758,VERY_LONG,,1,34731076000,,"{'id': 159549, 'context': 0, 'bonus_lists': [4796, 4802, 1716], 'modifiers': [{'type': 9, 'value': 50}]}"
1758911760,VERY_LONG,37288400,1,,,{'id': 97619}
1758911766,VERY_LONG,296600,284,,,{'id': 116979}
1758911770,VERY_LONG,,1,12530400,,"{'id': 121270, 'context': 0, 'bonus_lists': [1812, 41, 1676], 'modifiers': [{'type': 9, 'value': 45}]}"
1758911773,VERY_LONG,,1,2000000,,"{'id': 176794, 'context': 23, 'bonus_lists': [6908, 6652, 1678], 'modifiers': [{'type': 9, 'value': 60}, {'type': 28, 'value': 749}]}"
1758911781,VERY_LONG,276600,2,,,{'id': 153490}
1758911784,VERY_LONG,,1,5161400,,"{'id': 177800, 'context': 0, 'bonus_lists': [6908, 6652, 1705], 'modifiers': [{'type': 9, 'value': 60}, {'type': 28, 'value': 1707}]}"
1758911789,VERY_LONG,,1,31613000,,"{'id': 158924, 'context': 11}"
1758911792,VERY_LONG,,1,54156600,,"{'id': 14929, 'context': 0, 'bonus_lists': [1691]}"
1758911798,VERY_LONG,,1,59281200,,"{'id': 36132, 'context': 22, 'bonus_lists': [6654, 1708], 'modifiers': [{'type': 9, 'value': 30}, {'type': 28, 'value': 1098}]}"
1758911801,VERY_LONG,4400,5,,,{'id': 152542}
1758911810,VERY_LONG,,1,368275000,,"{'id': 164277, 'context': 11}"
1758911813,VERY_LONG,,1,55904900,,"{'id': 164411, 'context': 11}"
1758911819,VERY_LONG,,1,40254200,,"{'id': 14864, 'context': 0}"
1758911824,VERY_LONG,,1,4555600,,"{'id': 22235, 'context': 14, 'modifiers': [{'type': 28, 'value': 378}]}"
1758911827,VERY_LONG,,1,1490000,,"{'id': 177801, 'context': 0, 'bonus_lists': [6908, 6652, 1702], 'modifiers': [{'type': 9, 'value': 60}, {'type': 28, 'value': 2060}]}"
1758911831,VERY_LONG,,1,8706500,,"{'id': 183971, 'context': 0, 'bonus_lists': [6908, 6652, 1689], 'modifiers': [{'type': 9, 'value': 60}, {'type': 28, 'value': 1707}]}"
1758911835,VERY_LONG,,1,8706500,,"{'id': 183971, 'context': 0, 'bonus_lists': [6908, 6652, 1712], 'modifiers': [{'type': 9, 'value': 60}, {'type': 28, 'value': 1707}]}"
1758911839,VERY_LONG,,1,13828600,,"{'id': 35986, 'context': 22, 'bonus_lists': [6654, 1677], 'modifiers': [{'type': 9, 'value': 30}, {'type': 28, 'value': 1094}]}"
1758911845,VERY_LONG,,1,57685000,,"{'id': 159480, 'context': 0, 'bonus_lists': [4796, 1711], 'modifiers': [{'type': 9, 'value': 50}]}"
1758911854,VERY_LONG,,1,26903400,,"{'id': 36029, 'context': 22, 'bonus_lists': [6654, 1679], 'modifiers': [{'type': 9, 'value': 30}, {'type': 28, 'value': 1098}]}"
1758911861,VERY_LONG,,1,99999999900,,"{'id': 169934, 'context': 3, 'bonus_lists': [4798, 1478, 5847, 4783]}"
1758911869,VERY_LONG,3500,5,,,{'id': 172052}
1758911876,VERY_LONG,,1,38021100,,"{'id': 36135, 'context': 22, 'bonus_lists': [6654, 1677], 'modifiers': [{'type': 9, 'value': 30}, {'type': 28, 'value': 1098}]}"
1758911882,VERY_LONG,,1,12030981300,,"{'id': 159543, 'context': 0, 'bonus_lists': [4796, 4802, 1711], 'modifiers': [{'type': 9, 'value': 50}]}"
1758911885,VERY_LONG,,1,994300,,"{'id': 184506, 'context': 0}"
1758911891,VERY_LONG,90000,5,,,{'id': 171263}
1758911893,VERY_LONG,,1,21627900,,"{'id': 36458, 'context': 22, 'bonus_lists': [6655, 1706], 'modifiers': [{'type': 9, 'value': 30}, {'type': 28, 'value': 1020}]}"
1758911896,VERY_LONG,15000,1,,,{'id': 179314}
1758911899,VERY_LONG,,1,1861232400,,"{'id': 159533, 'context': 0, 'bonus_lists': [6655, 40, 1684], 'modifiers': [{'type': 9, 'value': 50}, {'type': 28, 'value': 686}]}"
1758911901,VERY_LONG,,1,879113100,,"{'id': 160137, 'context': 0, 'bonus_lists': [4796, 1677], 'modifiers': [{'type': 9, 'value': 50}]}"
1758911907,VERY_LONG,,1,6298100,,"{'id': 175564, 'context': 0, 'bonus_lists': [6907, 1681], 'modifiers': [{'type': 9, 'value': 60}, {'type': 28, 'value': 1707}]}"
1758911911,VERY_LONG,138800,2,,,{'id': 9312}
1758911915,VERY_LONG,34046400,2,,,{'id': 109626}
1758911917,VERY_LONG,115500,2,,,{'id': 153487}
1758911924,VERY_LONG,9532800,1,,,{'id': 178247}
1758911932,VERY_LONG,,1,750000000,,"{'id': 182990, 'context': 5, 'bonus_lists': [7188, 6652, 1485, 6646], 'modifiers': [{'type': 28, 'value': 752}]}"
1758911934,VERY_LONG,,1,6000000,,"{'id': 178943, 'context': 0, 'bonus_lists': [6908, 6652, 1697], 'modifiers': [{'type': 9, 'value': 60}, {'type': 28, 'value': 1707}]}"
1758911943,VERY_LONG,,1,4310976900,,"{'id': 160163, 'context': 0, 'bonus_lists': [4796, 1691], 'modifiers': [{'type': 9, 'value': 50}]}"
1758911949,VERY_LONG,7099500,2,,,{'id': 127837}
1758911953,VERY_LONG,5740100,96,,,{'id': 127838}
1758911959,VERY_LONG,,1,269451700,,"{'id': 160143, 'context': 0, 'bonus_lists': [6654, 1717], 'modifiers': [{'type': 9, 'value': 50}, {'type': 28, 'value': 686}]}"
1758911964,VERY_LONG,,1,50581100,,"{'id': 36369, 'context': 22, 'bonus_lists': [6654, 1680], 'modifiers': [{'type': 9, 'value': 30}, {'type': 28, 'value': 1090}]}"
1758911967,VERY_LONG,,1,42839300,,"{'id': 36542, 'context': 22, 'bonus_lists': [6655, 1680], 'modifiers': [{'type': 9, 'value': 30}, {'type': 28, 'value': 1020}]}"
1758911971,VERY_LONG,,1,9699900,,"{'id': 22220, 'context': 0}"
1758911977,VERY_LONG,9900,5,,,{'id': 153051}
1758911982,VERY_LONG,,1,47700,,"{'id': 34498, 'context': 11, 'modifiers': [{'type': 28, 'value': 391}]}"
1758911987,VERY_LONG,750000,132,,,{'id': 116981}
1758911992,VERY_LONG,1499900,1,,,{'id': 168190}
1758911998,VERY_LONG,,1,4205900,,"{'id': 175571, 'context': 0, 'bonus_lists': [6907, 1686], 'modifiers': [{'type': 9, 'value': 60}, {'type': 28, 'value': 1707}]}"
1758912003,VERY_LONG,81100,4,,,{'id': 161053}
1758912057,VERY_LONG,10000,25,,,{'id': 108324}
1758913143,VERY_LONG,15000,6,,,{'id': 179314}
1758913183,VERY_LONG,10000,25,,,{'id': 108323}
1758913222,VERY_LONG,10000,100,,,{'id': 108328}
1758913265,VERY_LONG,,1,500000000,,"{'id': 95416, 'context': 0, 'modifiers': [{'type': 28, 'value': 872}]}"
1758913307,VERY_LONG,,1,39600000,,"{'id': 82800, 'context': 0, 'modifiers': [{'type': 6, 'value': 91248}], 'pet_breed_id': 3, 'pet_level': 1, 'pet_quality_id': 3, 'pet_species_id': 2761}"
1758913339,VERY_LONG,,1,78698500,,"{'id': 82800, 'context': 0, 'modifiers': [{'type': 6, 'value': 90944}], 'pet_breed_id': 14, 'pet_level': 1, 'pet_quality_id': 3, 'pet_species_id': 2695}"
1758913373,VERY_LONG,,1,51399200,,"{'id': 82800, 'context': 0, 'pet_breed_id': 16, 'pet_level': 1, 'pet_quality_id': 3, 'pet_species_id': 1434}"
1758913397,VERY_LONG,,1,95520100,,"{'id': 82800, 'context': 0, 'modifiers': [{'type': 6, 'value': 91249}], 'pet_breed_id': 15, 'pet_level': 1, 'pet_quality_id': 3, 'pet_species_id': 2758}"
1758913424,VERY_LONG,,1,42004400,,"{'id': 82800, 'context': 0, 'modifiers': [{'type': 6, 'value': 91232}], 'pet_breed_id': 15, 'pet_level': 1, 'pet_quality_id': 3, 'pet_species_id': 2760}"
1758913488,VERY_LONG,,1,8006400,,"{'id': 82800, 'context': 0, 'modifiers': [{'type': 6, 'value': 51475}], 'pet_breed_id': 8, 'pet_level': 1, 'pet_quality_id': 3, 'pet_species_id': 1343}"
1758913507,VERY_LONG,,1,17381900,,"{'id': 41254, 'context': 0}"
1758913509,LONG,9900,24,,,{'id': 74866}
1758913557,VERY_LONG,469400,32,,,{'id': 130174}
1758913561,VERY_LONG,2665200,3,,,{'id': 20878}
1758913568,VERY_LONG,,1,16369100,15550600,"{'id': 113593, 'context': 6, 'bonus_lists': [567], 'modifiers': [{'type': 28, 'value': 2020}]}"
1758913571,VERY_LONG,1978400,3,,,{'id': 130177}
1758913576,VERY_LONG,759900,66,,,{'id': 130176}
1758913579,VERY_LONG,,1,4832600,4591000,"{'id': 25286, 'context': 0, 'bonus_lists': [6655, 1708], 'modifiers': [{'type': 9, 'value': 30}, {'type': 28, 'value': 39}]}"
1758913581,VERY_LONG,,1,25000000,23750000,"{'id': 14423, 'context': 0, 'bonus_lists': [6654], 'modifiers': [{'type': 9, 'value': 24}, {'type': 28, 'value': 1787}]}"
1758913588,VERY_LONG,16000,29,,,{'id': 174353}
1758913591,VERY_LONG,5648400,5,,,{'id': 130175}
1758913596,VERY_LONG,50000,40,,,{'id': 153700}
1758913604,VERY_LONG,159700,15,,,{'id': 154125}
1758913607,VERY_LONG,745700,6,,,{'id': 154120}
1758913612,VERY_LONG,,1,14896300,14151500,"{'id': 25337, 'context': 0, 'bonus_lists': [1691]}"
1758913615,VERY_LONG,100000,26,,,{'id': 154121}
1758913618,VERY_LONG,50000,27,,,{'id': 153702}
1758913624,VERY_LONG,,1,59738600,56751700,"{'id': 59465, 'context': 0}"
1758913628,VERY_LONG,,1,59738600,56751700,"{'id': 59465, 'context': 0}"
1758913631,VERY_LONG,650000,24,,,{'id': 154129}
1758913635,VERY_LONG,93500,21,,,{'id': 153703}
1758913636,VERY_LONG,,1,1003100,952900,"{'id': 24675, 'context': 3, 'bonus_lists': [1677]}"
1758913637,LONG,250000,50,,,{'id': 10939}
1758913641,VERY_LONG,,1,15125200,14368900,"{'id': 14323, 'context': 0, 'bonus_lists': [1680]}"
1758913643,VERY_LONG,19600,1,,,{'id': 34068}
1758913644,VERY_LONG,1629100,2,,,{'id': 20877}
1758913645,VERY_LONG,1009100,4,,,{'id': 20876}
1758913649,VERY_LONG,,1,19400700,,"{'id': 175553, 'context': 0, 'bonus_lists': [6907, 1702], 'modifiers': [{'type': 9, 'value': 60}, {'type': 28, 'value': 1707}]}"
1758913653,VERY_LONG,3500,2,,,{'id': 172052}
1758913657,VERY_LONG,1009100,2,,,{'id': 20882}
1758913660,VERY_LONG,126800,19,,,{'id': 138729}
1758913665,VERY_LONG,279700,27,,,{'id': 154124}
1758913668,VERY_LONG,,1,535789700,509000200,"{'id': 164293, 'context': 11, 'modifiers': [{'type': 28, 'value': 644}]}"
1758913673,VERY_LONG,,1,308380100,292961100,"{'id': 164553, 'context': 11, 'modifiers': [{'type': 28, 'value': 644}]}"
1758913678,VERY_LONG,3408800,14,,,{'id': 130172}
1758913685,VERY_LONG,,1,994500,944800,"{'id': 24691, 'context': 0, 'bonus_lists': [1709]}"
1758913689,VERY_LONG,,1,21128600,20072200,"{'id': 10289, 'context': 0, 'bonus_lists': [6654, 1691], 'modifiers': [{'type': 9, 'value': 40}, {'type': 28, 'value': 1802}]}"
1758913695,VERY_LONG,,1,38457600,36534700,"{'id': 15559, 'context': 0, 'bonus_lists': [6654, 1693], 'modifiers': [{'type': 9, 'value': 36}, {'type': 28, 'value': 1802}]}"
1758913698,VERY_LONG,,1,310216200,294705400,"{'id': 164318, 'context': 11, 'modifiers': [{'type': 28, 'value': 644}]}"
1758913705,VERY_LONG,,1,44713600,42477900,"{'id': 121177, 'context': 0, 'bonus_lists': [6654, 1677], 'modifiers': [{'type': 9, 'value': 45}, {'type': 28, 'value': 431}]}"
1758913707,VERY_LONG,,1,14868400,14125000,"{'id': 24607, 'context': 0, 'bonus_lists': [6654, 1692], 'modifiers': [{'type': 9, 'value': 30}, {'type': 28, 'value': 39}]}"
1758913710,VERY_LONG,,1,4455000,,"{'id': 173146, 'context': 13, 'modifiers': [{'type': 29, 'value': 40}]}"
1758913716,VERY_LONG,490000,6,,,{'id': 173124}
1758913721,VERY_LONG,,1,74463400,70740200,"{'id': 159280, 'context': 0, 'bonus_lists': [6654, 1677], 'modifiers': [{'type': 9, 'value': 50}, {'type': 28, 'value': 805}]}"
1758913727,VERY_LONG,,1,322203800,306093600,"{'id': 119347, 'context': 6, 'bonus_lists': [567], 'modifiers': [{'type': 28, 'value': 2020}]}"
1758913728,VERY_LONG,,1,22000000,,"{'id': 128311, 'context': 31, 'modifiers': [{'type': 28, 'value': 872}]}"
1758913734,VERY_LONG,,1,36137200,,"{'id': 177767, 'context': 0, 'bonus_lists': [6907, 6652, 1710], 'modifiers': [{'type': 9, 'value': 59}, {'type': 28, 'value': 746}]}"
1758913742,VERY_LONG,9496700,3,,,{'id': 130181}
1758913752,VERY_LONG,,1,4285700,4071400,"{'id': 10255, 'context': 0, 'bonus_lists': [1693]}"
1758913759,VERY_LONG,40000,11,,,{'id': 172359}
1758913764,VERY_LONG,,1,1442225400,1370114100,"{'id': 119337, 'context': 6, 'bonus_lists': [567], 'modifiers': [{'type': 28, 'value': 2020}]}"
1758913772,VERY_LONG,,1,820133600,,"{'id': 169410, 'context': 0, 'bonus_lists': [6654, 1693], 'modifiers': [{'type': 9, 'value': 50}, {'type': 28, 'value': 690}]}"
1758913780,VERY_LONG,1009100,6,,,{'id': 20874}
1758913797,VERY_LONG,450000,6,,,{'id': 173034}
1758913799,LONG,40000,50,,,{'id': 16202}
1758913878,VERY_LONG,28400,28,,,{'id': 152875}
1758913985,VERY_LONG,360800,22,,,{'id': 173036}
1758914041,VERY_LONG,15000,11,,,{'id': 179314}
1758914061,VERY_LONG,40500,10,,,{'id': 179315}
1758914074,VERY_LONG,40000,10,,,{'id': 172055}
1758914132,VERY_LONG,,1,707057300,,"{'id': 65891, 'context': 0, 'modifiers': [{'type': 28, 'value': 872}]}"
1758914142,VERY_LONG,,1,160275500,,"{'id': 116689, 'context': 31, 'modifiers': [{'type': 28, 'value': 464}]}"
1758914148,VERY_LONG,,1,125890000,,"{'id': 82800, 'context': 0, 'modifiers': [{'type': 6, 'value': 51272}], 'pet_breed_id': 8, 'pet_level': 1, 'pet_quality_id': 3, 'pet_species_id': 1335}"
1758914365,VERY_LONG,20100,10,,,{'id': 154722}
1758914429,LONG,29000,57,,,{'id': 2840}
1758914485,LONG,10000,4,,,{'id': 5466}
1758914510,LONG,450000,5,,,{'id': 173034}
1758914579,VERY_LONG,163800,1,,,{'id': 171830}
1758914618,VERY_LONG,144500,10,,,{'id': 173191}
1758914622,LONG,140000,10,,,{'id': 169701}
1758914651,VERY_LONG,368500,10,,,{'id': 6662}
1758914668,VERY_LONG,,1,13392300,12722700,"{'id': 179332, 'context': 0, 'bonus_lists': [6908, 6652, 1678], 'modifiers': [{'type': 9, 'value': 60}, {'type': 28, 'value': 1707}]}"
1758914677,LONG,58500,1,,,{'id': 818}
1758914686,LONG,90000,7,,,{'id': 171841}
1758914705,LONG,4000,59,,,{'id': 2835}
1758914712,LONG,360000,5,,,{'id': 173036}
1758914732,LONG,7000,17,,,{'id': 2589}
1758914769,LONG,103500,8,,,{'id': 2447}
1758914795,LONG,65000,8,,,{'id': 765}
1758914807,VERY_LONG,,1,399950000,,"{'id': 16254, 'context': 0}"
1758914813,LONG,890000,1,,,{'id': 110634}
1758914969,VERY_LONG,514900,10,,,{'id': 172051}
1758915045,VERY_LONG,9900,5,,,{'id': 172069}
1758916120,VERY_LONG,9500,5,,,{'id': 172068}
1758916151,VERY_LONG,500000,200,,,{'id': 173036}
1758916238,VERY_LONG,300000,39,,,{'id': 172096}
1758916253,VERY_LONG,,1,4990000,,"{'id': 82800, 'context': 0, 'modifiers': [{'type': 6, 'value': 47731}], 'pet_breed_id': 4, 'pet_level': 1, 'pet_quality_id': 3, 'pet_species_id': 1180}"
1758916258,VERY_LONG,,1,2490000,,"{'id': 82800, 'context': 0, 'modifiers': [{'type': 6, 'value': 51408}], 'pet_breed_id': 18, 'pet_level': 1, 'pet_quality_id': 3, 'pet_species_id': 1329}"
1758916263,LONG,45000,11,,,{'id': 2449}
1758916268,VERY_LONG,,1,7479900,,"{'id': 82800, 'context': 0, 'modifiers': [{'type': 6, 'value': 94713}], 'pet_breed_id': 14, 'pet_level': 1, 'pet_quality_id': 3, 'pet_species_id': 2840}"
1758916283,VERY_LONG,,1,97000000,,"{'id': 82800, 'context': 0, 'modifiers': [{'type': 6, 'value': 51277}], 'pet_breed_id': 18, 'pet_level': 1, 'pet_quality_id': 2, 'pet_species_id': 1330}"
1758916296,VERY_LONG,,1,61500000,,"{'id': 82800, 'context': 0, 'modifiers': [{'type': 6, 'value': 51279}], 'pet_breed_id': 19, 'pet_level': 1, 'pet_quality_id': 3, 'pet_species_id': 1336}"
1758916297,VERY_LONG,7190000,13,,,{'id': 172097}
1758916308,VERY_LONG,,1,144979300,,"{'id': 82800, 'context': 0, 'modifiers': [{'type': 6, 'value': 88012}], 'pet_breed_id': 11, 'pet_level': 1, 'pet_quality_id': 3, 'pet_species_id': 2456}"
1758916316,VERY_LONG,,1,7411900,,"{'id': 82800, 'context': 0, 'modifiers': [{'type': 6, 'value': 94711}], 'pet_breed_id': 5, 'pet_level': 1, 'pet_quality_id': 3, 'pet_species_id': 2838}"
1758916354,VERY_LONG,,1,38490000,,"{'id': 82800, 'context': 0, 'modifiers': [{'type': 6, 'value': 76763}], 'pet_breed_id': 5, 'pet_level': 1, 'pet_quality_id': 3, 'pet_species_id': 2559}"
1758916376,VERY_LONG,,1,4990000,,"{'id': 82800, 'context': 0, 'modifiers': [{'type': 6, 'value': 47731}], 'pet_breed_id': 10, 'pet_level': 1, 'pet_quality_id': 3, 'pet_species_id': 1180}"
1758916389,VERY_LONG,,1,76677200,,"{'id': 82800, 'context': 0, 'modifiers': [{'type': 6, 'value': 5187}], 'pet_breed_id': 4, 'pet_level': 1, 'pet_quality_id': 3, 'pet_species_id': 2545}"
1758916393,VERY_LONG,40000,15,,,{'id': 172055}
1758916407,VERY_LONG,,1,58500000,,"{'id': 82800, 'context': 0, 'modifiers': [{'type': 6, 'value': 65667}], 'pet_breed_id': 12, 'pet_level': 1, 'pet_quality_id': 2, 'pet_species_id': 1756}"
1758916409,VERY_LONG,,1,58500000,,"{'id': 82800, 'context': 0, 'modifiers': [{'type': 6, 'value': 65667}], 'pet_breed_id': 12, 'pet_level': 1, 'pet_quality_id': 2, 'pet_species_id': 1756}"
1758916411,VERY_LONG,,1,58500000,,"{'id': 82800, 'context': 0, 'modifiers': [{'type': 6, 'value': 65667}], 'pet_breed_id': 12, 'pet_level': 1, 'pet_quality_id': 2, 'pet_species_id': 1756}"
1758916419,VERY_LONG,,1,26609100,,"{'id': 82800, 'context': 0, 'modifiers': [{'type': 6, 'value': 64425}], 'pet_breed_id': 8, 'pet_level': 1, 'pet_quality_id': 3, 'pet_species_id': 1690}"
1758916430,VERY_LONG,,1,50015400,,"{'id': 82800, 'context': 0, 'modifiers': [{'type': 6, 'value': 71828}], 'pet_breed_id': 10, 'pet_level': 1, 'pet_quality_id': 3, 'pet_species_id': 1920}"
1758916444,VERY_LONG,,1,1100000,,"{'id': 82800, 'context': 0, 'modifiers': [{'type': 6, 'value': 2955}], 'pet_breed_id': 21, 'pet_level': 1, 'pet_quality_id': 2, 'pet_species_id': 74}"
1758916456,VERY_LONG,,1,2830000,,"{'id': 82800, 'context': 0, 'modifiers': [{'type': 6, 'value': 99114}], 'pet_breed_id': 8, 'pet_level': 1, 'pet_quality_id': 3, 'pet_species_id': 3046}"
1758916470,VERY_LONG,,1,45000100,,"{'id': 82800, 'context': 0, 'modifiers': [{'type': 6, 'value': 80954}], 'pet_breed_id': 18, 'pet_level': 1, 'pet_quality_id': 3, 'pet_species_id': 2567}"
1758916497,VERY_LONG,,1,12990000,,"{'id': 82800, 'context': 0, 'modifiers': [{'type': 6, 'value': 99852}], 'pet_breed_id': 22, 'pet_level': 1, 'pet_quality_id': 2, 'pet_species_id': 3035}"
1758916498,VERY_LONG,,1,12990000,,"{'id': 82800, 'context': 0, 'modifiers': [{'type': 6, 'value': 99852}], 'pet_breed_id': 20, 'pet_level': 1, 'pet_quality_id': 2, 'pet_species_id': 3035}"
1758916499,VERY_LONG,,1,806100,,"{'id': 175551, 'context': 0, 'bonus_lists': [6907, 1697], 'modifiers': [{'type': 9, 'value': 50}, {'type': 28, 'value': 1707}]}"
1758916501,VERY_LONG,,1,12990000,,"{'id': 82800, 'context': 0, 'modifiers': [{'type': 6, 'value': 99852}], 'pet_breed_id': 22, 'pet_level': 1, 'pet_quality_id': 2, 'pet_species_id': 3035}"
1758916521,VERY_LONG,,1,1000000,,"{'id': 82800, 'context': 0, 'modifiers': [{'type': 6, 'value': 98459}], 'pet_breed_id': 15, 'pet_level': 1, 'pet_quality_id': 2, 'pet_species_id': 3022}"
1758916532,VERY_LONG,,1,38500000,,"{'id': 171445, 'context': 13, 'bonus_lists': [6893, 7185], 'modifiers': [{'type': 9, 'value': 60}, {'type': 28, 'value': 391}, {'type': 29, 'value': 49}, {'type': 30, 'value': 40}]}"
1758916538,VERY_LONG,,1,47450000,,"{'id': 82800, 'context': 0, 'modifiers': [{'type': 6, 'value': 99014}], 'pet_breed_id': 3, 'pet_level': 1, 'pet_quality_id': 2, 'pet_species_id': 2953}"
1758916546,VERY_LONG,,1,25000000,,"{'id': 171443, 'context': 13, 'bonus_lists': [6893, 7224], 'modifiers': [{'type': 9, 'value': 60}, {'type': 28, 'value': 391}, {'type': 29, 'value': 49}, {'type': 30, 'value': 40}]}"
1758916550,VERY_LONG,15000,63,,,{'id': 179314}
1758916551,VERY_LONG,,1,1309100,,"{'id': 15296, 'context': 0, 'bonus_lists': [6655, 1677], 'modifiers': [{'type': 9, 'value': 30}, {'type': 28, 'value': 1006}]}"
1758916552,VERY_LONG,,1,136000000,,"{'id': 82800, 'context': 0, 'modifiers': [{'type': 6, 'value': 99903}], 'pet_breed_id': 8, 'pet_level': 1, 'pet_quality_id': 2, 'pet_species_id': 2901}"
1758916555,VERY_LONG,,1,33809600,,"{'id': 171444, 'context': 13, 'bonus_lists': [6893, 7185], 'modifiers': [{'type': 9, 'value': 60}, {'type': 28, 'value': 391}, {'type': 29, 'value': 32}, {'type': 30, 'value': 40}]}"
1758916557,VERY_LONG,,1,33809600,,"{'id': 171444, 'context': 13, 'bonus_lists': [6893, 7185], 'modifiers': [{'type': 9, 'value': 60}, {'type': 28, 'value': 391}, {'type': 29, 'value': 36}, {'type': 30, 'value': 32}]}"
1758916569,VERY_LONG,,1,2710000,,"{'id': 82800, 'context': 0, 'modifiers': [{'type': 6, 'value': 99927}], 'pet_breed_id': 14, 'pet_level': 1, 'pet_quality_id': 2, 'pet_species_id': 2920}"
1758916571,VERY_LONG,850000,1,,,{'id': 23436}
1758916573,VERY_LONG,,1,25000000,,"{'id': 171444, 'context': 13, 'bonus_lists': [6893, 7224], 'modifiers': [{'type': 9, 'value': 60}, {'type': 28, 'value': 391}, {'type': 29, 'value': 36}, {'type': 30, 'value': 32}]}"
1758916577,VERY_LONG,,1,25000000,,"{'id': 171444, 'context': 13, 'bonus_lists': [6893, 7224], 'modifiers': [{'type': 9, 'value': 60}, {'type': 28, 'value': 391}, {'type': 29, 'value': 40}, {'type': 30, 'value': 49}]}"
1758916599,VERY_LONG,38100,1,,,{'id': 74247}
1758916605,VERY_LONG,,1,38800000,,"{'id': 171442, 'context': 13, 'bonus_lists': [6893, 7185], 'modifiers': [{'type': 9, 'value': 60}, {'type': 28, 'value': 391}, {'type': 29, 'value': 40}, {'type': 30, 'value': 36}]}"
1758916611,VERY_LONG,,1,38800000,,"{'id': 171442, 'context': 13, 'bonus_lists': [6893, 7185], 'modifiers': [{'type': 9, 'value': 60}, {'type': 28, 'value': 391}, {'type': 29, 'value': 36}, {'type': 30, 'value': 49}]}"
1758916618,VERY_LONG,,1,264000000,,"{'id': 82800, 'context': 0, 'modifiers': [{'type': 6, 'value': 98468}], 'pet_breed_id': 9, 'pet_level': 1, 'pet_quality_id': 2, 'pet_species_id': 2956}"
1758916620,VERY_LONG,3500,38,,,{'id': 172052}
1758916623,VERY_LONG,155100,1,,,{'id': 171301}
1758916630,VERY_LONG,,1,25000000,,"{'id': 171442, 'context': 13, 'bonus_lists': [6893, 7224], 'modifiers': [{'type': 9, 'value': 60}, {'type': 28, 'value': 391}, {'type': 29, 'value': 32}, {'type': 30, 'value': 36}]}"
1758916633,VERY_LONG,,1,25000000,,"{'id': 171442, 'context': 13, 'bonus_lists': [6893, 7224], 'modifiers': [{'type': 9, 'value': 60}, {'type': 28, 'value': 391}, {'type': 29, 'value': 32}, {'type': 30, 'value': 40}]}"
1758916639,VERY_LONG,,1,387700,,"{'id': 175567, 'context': 0, 'bonus_lists': [6907, 1676], 'modifiers': [{'type': 9, 'value': 50}, {'type': 28, 'value': 1707}]}"
1758916653,VERY_LONG,,1,557400,,"{'id': 175550, 'context': 0, 'bonus_lists': [6907, 1708], 'modifiers': [{'type': 9, 'value': 50}, {'type': 28, 'value': 1707}]}"
1758916654,VERY_LONG,,1,39000000,,"{'id': 172264, 'context': 13, 'bonus_lists': [6893, 7185], 'modifiers': [{'type': 9, 'value': 60}, {'type': 28, 'value': 391}, {'type': 29, 'value': 49}, {'type': 30, 'value': 40}]}"
1758916656,VERY_LONG,,1,30000100,,"{'id': 151645, 'context': 11}"
1758916657,VERY_LONG,140000,19,,,{'id': 169701}
1758916658,VERY_LONG,,1,39000000,,"{'id': 172264, 'context': 13, 'bonus_lists': [6893, 7185], 'modifiers': [{'type': 9, 'value': 60}, {'type': 28, 'value': 391}, {'type': 29, 'value': 36}, {'type': 30, 'value': 40}]}"
1758916659,VERY_LONG,,1,30000100,,"{'id': 151645, 'context': 11}"
1758916660,VERY_LONG,,1,30000100,,"{'id': 151645, 'context': 11}"
1758916662,VERY_LONG,,1,39000000,,"{'id': 172264, 'context': 13, 'bonus_lists': [6893, 7185], 'modifiers': [{'type': 9, 'value': 60}, {'type': 28, 'value': 391}, {'type': 29, 'value': 40}, {'type': 30, 'value': 49}]}"
1758916666,VERY_LONG,,1,698600,,"{'id': 175560, 'context': 0, 'bonus_lists': [6907, 1716], 'modifiers': [{'type': 9, 'value': 50}, {'type': 28, 'value': 1707}]}"
1758916668,VERY_LONG,,1,25000000,,"{'id': 171449, 'context': 13, 'bonus_lists': [6893, 7224], 'modifiers': [{'type': 9, 'value': 60}, {'type': 28, 'value': 391}, {'type': 29, 'value': 32}, {'type': 30, 'value': 36}]}"
1758916676,VERY_LONG,,1,690000,,"{'id': 175543, 'context': 0, 'bonus_lists': [6907, 1703], 'modifiers': [{'type': 9, 'value': 50}, {'type': 28, 'value': 1707}]}"
1758916677,VERY_LONG,,1,25000000,,"{'id': 172264, 'context': 13, 'bonus_lists': [6893, 7224], 'modifiers': [{'type': 9, 'value': 60}, {'type': 28, 'value': 391}, {'type': 29, 'value': 36}, {'type': 30, 'value': 32}]}"
1758916679,VERY_LONG,,1,143696800,,"{'id': 164442, 'context': 0}"
1758916680,VERY_LONG,,1,37511500,,"{'id': 4410, 'context': 1}"
1758916682,VERY_LONG,,1,25000000,,"{'id': 172264, 'context': 13, 'bonus_lists': [6893, 7224], 'modifiers': [{'type': 9, 'value': 60}, {'type': 28, 'value': 391}, {'type': 29, 'value': 32}, {'type': 30, 'value': 40}]}"
1758916691,VERY_LONG,,1,25000000,,"{'id': 172258, 'context': 13, 'bonus_lists': [6893, 7224], 'modifiers': [{'type': 9, 'value': 60}, {'type': 28, 'value': 391}, {'type': 29, 'value': 32}, {'type': 30, 'value': 40}]}"
1758916693,VERY_LONG,,1,25000000,,"{'id': 172258, 'context': 13, 'bonus_lists': [6893, 7224], 'modifiers': [{'type': 9, 'value': 60}, {'type': 28, 'value': 391}, {'type': 29, 'value': 49}, {'type': 30, 'value': 40}]}"
1758916695,VERY_LONG,,1,35000000,,"{'id': 14678, 'context': 54, 'bonus_lists': [4277], 'modifiers': [{'type': 9, 'value': 45}]}"
1758916697,VERY_LONG,,1,25000000,,"{'id': 172259, 'context': 13, 'bonus_lists': [6893, 7224], 'modifiers': [{'type': 9, 'value': 60}, {'type': 28, 'value': 391}, {'type': 29, 'value': 40}, {'type': 30, 'value': 36}]}"
1758916700,VERY_LONG,,1,25000000,,"{'id': 172259, 'context': 13, 'bonus_lists': [6893, 7224], 'modifiers': [{'type': 9, 'value': 60}, {'type': 28, 'value': 391}, {'type': 29, 'value': 32}, {'type': 30, 'value': 40}]}"
1758916701,VERY_LONG,,1,736900,,"{'id': 175562, 'context': 0, 'bonus_lists': [6907, 1717], 'modifiers': [{'type': 9, 'value': 50}, {'type': 28, 'value': 1707}]}"
1758916710,VERY_LONG,,1,35000000,,"{'id': 172259, 'context': 13, 'bonus_lists': [6893, 7185], 'modifiers': [{'type': 9, 'value': 60}, {'type': 28, 'value': 391}, {'type': 29, 'value': 32}, {'type': 30, 'value': 36}]}"
1758916712,VERY_LONG,,1,10000000,,"{'id': 31305, 'context': 0, 'bonus_lists': [6659], 'modifiers': [{'type': 9, 'value': 30}, {'type': 28, 'value': 1008}]}"
1758916714,VERY_LONG,,1,35000000,,"{'id': 172259, 'context': 13, 'bonus_lists': [6893, 7185], 'modifiers': [{'type': 9, 'value': 60}, {'type': 28, 'value': 391}, {'type': 29, 'value': 49}, {'type': 30, 'value': 36}]}"
1758916719,VERY_LONG,,1,35000000,,"{'id': 172259, 'context': 13, 'bonus_lists': [6893, 7185], 'modifiers': [{'type': 9, 'value': 60}, {'type': 28, 'value': 391}, {'type': 29, 'value': 49}, {'type': 30, 'value': 32}]}"
1758916722,VERY_LONG,40500,42,,,{'id': 179315}
1758916729,VERY_LONG,,1,420000,,"{'id': 82800, 'context': 0, 'modifiers': [{'type': 6, 'value': 73708}], 'pet_breed_id': 15, 'pet_level': 1, 'pet_quality_id': 3, 'pet_species_id': 1968}"
1758916731,VERY_LONG,,1,39001200,,"{'id': 172263, 'context': 13, 'bonus_lists': [6893, 7185], 'modifiers': [{'type': 9, 'value': 60}, {'type': 28, 'value': 391}, {'type': 29, 'value': 49}, {'type': 30, 'value': 36}]}"
1758916734,VERY_LONG,,1,56484700,,"{'id': 4733, 'context': 54, 'bonus_lists': [4278], 'modifiers': [{'type': 9, 'value': 45}]}"
1758916735,VERY_LONG,,1,39001200,,"{'id': 172263, 'context': 13, 'bonus_lists': [6893, 7185], 'modifiers': [{'type': 9, 'value': 60}, {'type': 28, 'value': 391}, {'type': 29, 'value': 49}, {'type': 30, 'value': 40}]}"
1758916737,VERY_LONG,,1,39001200,,"{'id': 172263, 'context': 13, 'bonus_lists': [6893, 7185], 'modifiers': [{'type': 9, 'value': 60}, {'type': 28, 'value': 391}, {'type': 29, 'value': 32}, {'type': 30, 'value': 40}]}"
1758916741,VERY_LONG,30000,16,,,{'id': 21929}
1758916747,VERY_LONG,,1,25000000,,"{'id': 172263, 'context': 13, 'bonus_lists': [6893, 7224], 'modifiers': [{'type': 9, 'value': 60}, {'type': 28, 'value': 391}, {'type': 29, 'value': 40}, {'type': 30, 'value': 32}]}"
1758916749,VERY_LONG,,1,25000000,,"{'id': 172263, 'context': 13, 'bonus_lists': [6893, 7224], 'modifiers': [{'type': 9, 'value': 60}, {'type': 28, 'value': 391}, {'type': 29, 'value': 36}, {'type': 30, 'value': 40}]}"
1758916752,VERY_LONG,,1,300000,,"{'id': 12689, 'context': 1}"
1758916760,VERY_LONG,,1,39000000,,"{'id': 172262, 'context': 13, 'bonus_lists': [6893, 7185], 'modifiers': [{'type': 9, 'value': 60}, {'type': 28, 'value': 391}, {'type': 29, 'value': 36}, {'type': 30, 'value': 49}]}"
1758916762,VERY_LONG,,1,18428900,,"{'id': 55742, 'context': 0, 'bonus_lists': [6654, 1686], 'modifiers': [{'type': 9, 'value': 34}, {'type': 28, 'value': 52}]}"
1758916767,VERY_LONG,,1,39000000,,"{'id': 172262, 'context': 13, 'bonus_lists': [6893, 7185], 'modifiers': [{'type': 9, 'value': 60}, {'type': 28, 'value': 391}, {'type': 29, 'value': 40}, {'type': 30, 'value': 36}]}"
1758916768,VERY_LONG,,1,1508300,,"{'id': 159806, 'context': 0, 'bonus_lists': [4796, 1705], 'modifiers': [{'type': 9, 'value': 45}]}"
1758916772,VERY_LONG,,1,39000000,,"{'id': 172262, 'context': 13, 'bonus_lists': [6893, 7185], 'modifiers': [{'type': 9, 'value': 60}, {'type': 28, 'value': 391}, {'type': 29, 'value': 36}, {'type': 30, 'value': 49}]}"
1758916780,VERY_LONG,,1,214802900,,"{'id': 164489, 'context': 0}"
1758916782,VERY_LONG,,1,10000,,"{'id': 12713, 'context': 1}"
1758916786,VERY_LONG,,1,25000000,,"{'id': 172256, 'context': 13, 'bonus_lists': [6893, 7224], 'modifiers': [{'type': 9, 'value': 60}, {'type': 28, 'value': 391}, {'type': 29, 'value': 32}, {'type': 30, 'value': 49}]}"
1758916797,VERY_LONG,,1,199999900,,"{'id': 164457, 'context': 11}"
1758916799,VERY_LONG,,1,970000,,"{'id': 50453, 'context': 0, 'modifiers': [{'type': 28, 'value': 1023}]}"
1758916802,VERY_LONG,,1,38506100,,"{'id': 172260, 'context': 13, 'bonus_lists': [6893, 7185], 'modifiers': [{'type': 9, 'value': 60}, {'type': 28, 'value': 391}, {'type': 29, 'value': 36}, {'type': 30, 'value': 49}]}"
1758916805,VERY_LONG,,1,38506100,,"{'id': 172260, 'context': 13, 'bonus_lists': [6893, 7185], 'modifiers': [{'type': 9, 'value': 60}, {'type': 28, 'value': 391}, {'type': 29, 'value': 32}, {'type': 30, 'value': 49}]}"
1758916806,VERY_LONG,,1,38506100,,"{'id': 172260, 'context': 13, 'bonus_lists': [6893, 7185], 'modifiers': [{'type': 9, 'value': 60}, {'type': 28, 'value': 391}, {'type': 29, 'value': 49}, {'type': 30, 'value': 40}]}"
1758916807,VERY_LONG,,1,60000000,,"{'id': 164424, 'context': 11}"
1758916819,VERY_LONG,,1,38709100,,"{'id': 172265, 'context': 13, 'bonus_lists': [6893, 7185], 'modifiers': [{'type': 9, 'value': 60}, {'type': 28, 'value': 391}, {'type': 29, 'value': 32}, {'type': 30, 'value': 49}]}"
1758916820,VERY_LONG,,1,38709100,,"{'id': 172265, 'context': 13, 'bonus_lists': [6893, 7185], 'modifiers': [{'type': 9, 'value': 60}, {'type': 28, 'value': 391}, {'type': 29, 'value': 40}, {'type': 30, 'value': 36}]}"
1758916824,VERY_LONG,,1,38709100,,"{'id': 172265, 'context': 13, 'bonus_lists': [6893, 7185], 'modifiers': [{'type': 9, 'value': 60}, {'type': 28, 'value': 391}, {'type': 29, 'value': 32}, {'type': 30, 'value': 40}]}"
1758916831,VERY_LONG,,1,34999500,,"{'id': 9778, 'context': 0, 'bonus_lists': [1695]}"
1758916836,VERY_LONG,,1,25000000,,"{'id': 172265, 'context': 13, 'bonus_lists': [6893, 7224], 'modifiers': [{'type': 9, 'value': 60}, {'type': 28, 'value': 391}, {'type': 29, 'value': 32}, {'type': 30, 'value': 40}]}"
1758916837,VERY_LONG,,1,25000000,,"{'id': 172265, 'context': 13, 'bonus_lists': [6893, 7224], 'modifiers': [{'type': 9, 'value': 60}, {'type': 28, 'value': 391}, {'type': 29, 'value': 32}, {'type': 30, 'value': 40}]}"
1758916846,VERY_LONG,,1,150001600,,"{'id': 164471, 'context': 11}"
1758916850,VERY_LONG,,1,39000000,,"{'id': 172256, 'context': 13, 'bonus_lists': [6893, 7185], 'modifiers': [{'type': 9, 'value': 60}, {'type': 28, 'value': 391}, {'type': 29, 'value': 36}, {'type': 30, 'value': 32}]}"
1758916851,VERY_LONG,,1,39000000,,"{'id': 172256, 'context': 13, 'bonus_lists': [6893, 7185], 'modifiers': [{'type': 9, 'value': 60}, {'type': 28, 'value': 391}, {'type': 29, 'value': 36}, {'type': 30, 'value': 32}]}"
1758916854,VERY_LONG,,1,39000000,,"{'id': 172256, 'context': 13, 'bonus_lists': [6893, 7185], 'modifiers': [{'type': 9, 'value': 60}, {'type': 28, 'value': 391}, {'type': 29, 'value': 36}, {'type': 30, 'value': 49}]}"
1758916856,VERY_LONG,,1,39000000,,"{'id': 172256, 'context': 13, 'bonus_lists': [6893, 7185], 'modifiers': [{'type': 9, 'value': 60}, {'type': 28, 'value': 391}, {'type': 29, 'value': 40}, {'type': 30, 'value': 36}]}"
1758916861,VERY_LONG,,1,99999900,,"{'id': 164462, 'context': 11}"
1758916864,VERY_LONG,,1,39009900,,"{'id': 172250, 'context': 13, 'bonus_lists': [6893, 7185], 'modifiers': [{'type': 9, 'value': 60}, {'type': 28, 'value': 391}, {'type': 29, 'value': 40}, {'type': 30, 'value': 32}]}"
1758916865,VERY_LONG,,1,39009900,,"{'id': 172250, 'context': 13, 'bonus_lists': [6893, 7185], 'modifiers': [{'type': 9, 'value': 60}, {'type': 28, 'value': 391}, {'type': 29, 'value': 40}, {'type': 30, 'value': 32}]}"
1758916867,VERY_LONG,,1,39009900,,"{'id': 172250, 'context': 13, 'bonus_lists': [6893, 7185], 'modifiers': [{'type': 9, 'value': 60}, {'type': 28, 'value': 391}, {'type': 29, 'value': 36}, {'type': 30, 'value': 40}]}"
1758916869,VERY_LONG,,1,39009900,,"{'id': 172250, 'context': 13, 'bonus_lists': [6893, 7185], 'modifiers': [{'type': 9, 'value': 60}, {'type': 28, 'value': 391}, {'type': 29, 'value': 32}, {'type': 30, 'value': 40}]}"
1758916875,VERY_LONG,,1,2958500,,"{'id': 29903, 'context': 0}"
1758916877,VERY_LONG,,1,25000000,,"{'id': 172251, 'context': 13, 'bonus_lists': [6893, 7224], 'modifiers': [{'type': 9, 'value': 60}, {'type': 28, 'value': 391}, {'type': 29, 'value': 40}, {'type': 30, 'value': 32}]}"
1758916882,VERY_LONG,,1,25000000,,"{'id': 172251, 'context': 13, 'bonus_lists': [6893, 7224], 'modifiers': [{'type': 9, 'value': 60}, {'type': 28, 'value': 391}, {'type': 29, 'value': 49}, {'type': 30, 'value': 40}]}"
1758916884,VERY_LONG,,1,25000000,,"{'id': 172251, 'context': 13, 'bonus_lists': [6893, 7224], 'modifiers': [{'type': 9, 'value': 60}, {'type': 28, 'value': 391}, {'type': 29, 'value': 32}, {'type': 30, 'value': 40}]}"
1758916911,VERY_LONG,,1,25000000,,"{'id': 172254, 'context': 13, 'bonus_lists': [6893, 7224], 'modifiers': [{'type': 9, 'value': 60}, {'type': 28, 'value': 391}, {'type': 29, 'value': 40}, {'type': 30, 'value': 36}]}"
1758916913,VERY_LONG,,1,25000000,,"{'id': 172254, 'context': 13, 'bonus_lists': [6893, 7224], 'modifiers': [{'type': 9, 'value': 60}, {'type': 28, 'value': 391}, {'type': 29, 'value': 49}, {'type': 30, 'value': 40}]}"
1758916930,VERY_LONG,,1,39000000,,"{'id': 172257, 'context': 13, 'bonus_lists': [6893, 7224], 'modifiers': [{'type': 9, 'value': 60}, {'type': 28, 'value': 391}, {'type': 29, 'value': 49}, {'type': 30, 'value': 36}]}"
1758916935,VERY_LONG,,1,39000000,,"{'id': 172257, 'context': 13, 'bonus_lists': [6893, 7224], 'modifiers': [{'type': 9, 'value': 60}, {'type': 28, 'value': 391}, {'type': 29, 'value': 32}, {'type': 30, 'value': 49}]}"
1758916971,VERY_LONG,,1,39001400,,"{'id': 172257, 'context': 13, 'bonus_lists': [6893, 7185], 'modifiers': [{'type': 9, 'value': 60}, {'type': 28, 'value': 391}, {'type': 29, 'value': 40}, {'type': 30, 'value': 49}]}"
1758916974,VERY_LONG,,1,39001400,,"{'id': 172257, 'context': 13, 'bonus_lists': [6893, 7185], 'modifiers': [{'type': 9, 'value': 60}, {'type': 28, 'value': 391}, {'type': 29, 'value': 49}, {'type': 30, 'value': 36}]}"
1758916978,VERY_LONG,,1,39001400,,"{'id': 172257, 'context': 13, 'bonus_lists': [6893, 7185], 'modifiers': [{'type': 9, 'value': 60}, {'type': 28, 'value': 391}, {'type': 29, 'value': 49}, {'type': 30, 'value': 32}]}"
1758916981,VERY_LONG,,1,39001400,,"{'id': 172257, 'context': 13, 'bonus_lists': [6893, 7185], 'modifiers': [{'type': 9, 'value': 60}, {'type': 28, 'value': 391}, {'type': 29, 'value': 36}, {'type': 30, 'value': 40}]}"
1758917014,VERY_LONG,1370000,615,,,{'id': 171428}
1758918358,VERY_LONG,,1,25000000,,"{'id': 171448, 'context': 13, 'bonus_lists': [6893, 7224], 'modifiers': [{'type': 9, 'value': 60}, {'type': 28, 'value': 391}, {'type': 29, 'value': 32}, {'type': 30, 'value': 36}]}"
1758918363,VERY_LONG,,1,25000000,,"{'id': 171448, 'context': 13, 'bonus_lists': [6893, 7224], 'modifiers': [{'type': 9, 'value': 60}, {'type': 28, 'value': 391}, {'type': 29, 'value': 36}, {'type': 30, 'value': 32}]}"
1758918371,VERY_LONG,,1,31000000,,"{'id': 171443, 'context': 13, 'bonus_lists': [6893, 7185], 'modifiers': [{'type': 9, 'value': 60}, {'type': 28, 'value': 391}, {'type': 29, 'value': 40}, {'type': 30, 'value': 49}]}"
1758918372,VERY_LONG,,1,31000000,,"{'id': 171443, 'context': 13, 'bonus_lists': [6893, 7185], 'modifiers': [{'type': 9, 'value': 60}, {'type': 28, 'value': 391}, {'type': 29, 'value': 40}, {'type': 30, 'value': 49}]}"
1758918377,VERY_LONG,,1,25000000,,"{'id': 171443, 'context': 13, 'bonus_lists': [6893, 7224], 'modifiers': [{'type': 9, 'value': 60}, {'type': 28, 'value': 391}, {'type': 29, 'value': 40}, {'type': 30, 'value': 49}]}"
1758918390,VERY_LONG,,1,38800000,,"{'id': 171447, 'context': 13, 'bonus_lists': [6893, 7185], 'modifiers': [{'type': 9, 'value': 60}, {'type': 28, 'value': 391}, {'type': 29, 'value': 49}, {'type': 30, 'value': 32}]}"
1758918392,VERY_LONG,,1,38800000,,"{'id': 171447, 'context': 13, 'bonus_lists': [6893, 7185], 'modifiers': [{'type': 9, 'value': 60}, {'type': 28, 'value': 391}, {'type': 29, 'value': 49}, {'type': 30, 'value': 36}]}"
1758918522,VERY_LONG,,1,650000,,"{'id': 82800, 'context': 0, 'modifiers': [{'type': 6, 'value': 66157}], 'pet_breed_id': 13, 'pet_level': 1, 'pet_quality_id': 3, 'pet_species_id': 1804}"
1758918613,VERY_LONG,,1,330000,,"{'id': 82800, 'context': 0, 'modifiers': [{'type': 6, 'value': 46903}], 'pet_breed_id': 7, 'pet_level': 1, 'pet_quality_id': 3, 'pet_species_id': 1151}"
1758919352,VERY_LONG,,1,97449900,,"{'id': 135479, 'context': 0}"
1758919548,VERY_LONG,,1,2520200,,"{'id': 171383, 'context': 13, 'modifiers': [{'type': 29, 'value': 40}, {'type': 30, 'value': 36}]}"
1758919555,VERY_LONG,,1,2520200,,"{'id': 171383, 'context': 13, 'modifiers': [{'type': 29, 'value': 36}, {'type': 30, 'value': 40}]}"
1758919560,VERY_LONG,,1,2520200,,"{'id': 171383, 'context': 13, 'modifiers': [{'type': 29, 'value': 40}, {'type': 30, 'value': 36}]}"
1758919562,VERY_LONG,,1,2520200,,"{'id': 171383, 'context': 13, 'modifiers': [{'type': 29, 'value': 32}, {'type': 30, 'value': 49}]}"
1758919569,VERY_LONG,,1,2520200,,"{'id': 171383, 'context': 13, 'modifiers': [{'type': 29, 'value': 36}, {'type': 30, 'value': 32}]}"
1758919598,VERY_LONG,,1,1057500,,"{'id': 171380, 'context': 13, 'bonus_lists': [6885], 'modifiers': [{'type': 9, 'value': 60}, {'type': 28, 'value': 391}, {'type': 29, 'value': 36}, {'type': 30, 'value': 49}]}"
1758919624,VERY_LONG,17500,3,,,{'id': 171436}
1758919657,VERY_LONG,399000,2,,,{'id': 172416}
1758919709,VERY_LONG,2747000,1,,,{'id': 172410}
1758921280,VERY_LONG,299900,231,,,{'id': 171829}
1758921404,VERY_LONG,300000,1,,,{'id': 172096}
1758921484,VERY_LONG,1027800,100,,,{'id': 172041}
1758921487,VERY_LONG,,1,5000000,,"{'id': 184479, 'context': 0}"
1758921492,VERY_LONG,,1,5000000,,"{'id': 184479, 'context': 0}"
1758921497,VERY_LONG,,1,5000000,,"{'id': 184479, 'context': 0}"
1758921503,VERY_LONG,,1,5000000,,"{'id': 184479, 'context': 0}"
1758921505,VERY_LONG,,1,5000000,,"{'id': 184479, 'context': 0}"
1758921507,VERY_LONG,80000,13,,,{'id': 171841}
1758921510,VERY_LONG,,1,5000000,,"{'id': 184479, 'context': 0}"
1758921513,VERY_LONG,,1,5000000,,"{'id': 184479, 'context': 0}"
1758921516,VERY_LONG,,1,5000000,,"{'id': 184479, 'context': 0}"
1758921522,VERY_LONG,,1,5000000,,"{'id': 184479, 'context': 0}"
1758921526,VERY_LONG,,1,5000000,,"{'id': 184479, 'context': 0}"
1758921531,VERY_LONG,,1,3660300,,"{'id': 173136, 'context': 13, 'bonus_lists': [3358]}"
1758921534,VERY_LONG,,1,17898000,,"{'id': 184480, 'context': 0}"
1758921535,VERY_LONG,,1,17898000,,"{'id': 184480, 'context': 0}"
1758921539,VERY_LONG,,1,17898000,,"{'id': 184480, 'context': 0}"
1758921541,VERY_LONG,,1,17898000,,"{'id': 184480, 'context': 0}"
1758921544,VERY_LONG,,1,17898000,,"{'id': 184480, 'context': 0}"
1758921548,VERY_LONG,514900,100,,,{'id': 172051}
1758921551,VERY_LONG,,1,9990000,,"{'id': 173219, 'context': 0, 'bonus_lists': [6893, 7185], 'modifiers': [{'type': 9, 'value': 60}, {'type': 28, 'value': 391}, {'type': 29, 'value': 49}, {'type': 30, 'value': 32}]}"
1758921554,VERY_LONG,100000,50,,,{'id': 172040}
1758921601,VERY_LONG,130000,14,,,{'id': 169701}
1758921708,VERY_LONG,,1,25009400,,"{'id': 141286, 'context': 0, 'bonus_lists': [6654], 'modifiers': [{'type': 9, 'value': 45}, {'type': 28, 'value': 334}]}"
1758921724,VERY_LONG,,1,28251600,,"{'id': 7435, 'context': 1, 'bonus_lists': [6654, 1694], 'modifiers': [{'type': 9, 'value': 30}, {'type': 28, 'value': 217}]}"
1758921744,VERY_LONG,,1,17318300,,"{'id': 4731, 'context': 1, 'bonus_lists': [6654], 'modifiers': [{'type': 9, 'value': 30}, {'type': 28, 'value': 217}]}"
1758921763,VERY_LONG,,1,14704100,,"{'id': 6417, 'context': 1, 'bonus_lists': [6654], 'modifiers': [{'type': 9, 'value': 30}, {'type': 28, 'value': 217}]}"
1758921770,VERY_LONG,300,12,,,{'id': 171840}
1758921790,VERY_LONG,,1,42259300,,"{'id': 4063, 'context': 1, 'bonus_lists': [6654], 'modifiers': [{'type': 9, 'value': 30}, {'type': 28, 'value': 217}]}"
1758921810,VERY_LONG,,1,87004800,,"{'id': 8746, 'context': 1, 'bonus_lists': [6656], 'modifiers': [{'type': 9, 'value': 30}, {'type': 28, 'value': 217}]}"
1758921820,VERY_LONG,,1,68895100,,"{'id': 4737, 'context': 1, 'bonus_lists': [6654], 'modifiers': [{'type': 9, 'value': 30}, {'type': 28, 'value': 217}]}"
1758921830,VERY_LONG,,1,35008100,,"{'id': 9392, 'context': 1, 'bonus_lists': [6710], 'modifiers': [{'type': 9, 'value': 30}, {'type': 28, 'value': 217}]}"
1758921840,VERY_LONG,,1,12090000,,"{'id': 7455, 'context': 1, 'bonus_lists': [6654, 1680], 'modifiers': [{'type': 9, 'value': 30}, {'type': 28, 'value': 217}]}"
1758921849,VERY_LONG,,1,19148200,,"{'id': 4059, 'context': 1, 'bonus_lists': [6654], 'modifiers': [{'type': 9, 'value': 30}, {'type': 28, 'value': 217}]}"
1758921853,VERY_LONG,,1,20007500,,"{'id': 4044, 'context': 1, 'bonus_lists': [6654], 'modifiers': [{'type': 9, 'value': 30}, {'type': 28, 'value': 217}]}"
1758921862,VERY_LONG,,1,77006300,,"{'id': 7555, 'context': 1, 'bonus_lists': [6655, 1708], 'modifiers': [{'type': 9, 'value': 30}, {'type': 28, 'value': 217}]}"
1758921893,VERY_LONG,9290000,1,,,{'id': 172362}
1758921900,VERY_LONG,,1,110003100,,"{'id': 9894, 'context': 1, 'bonus_lists': [6654, 1681], 'modifiers': [{'type': 9, 'value': 30}, {'type': 28, 'value': 217}]}"
1758921915,VERY_LONG,,1,12175400,,"{'id': 4078, 'context': 1, 'bonus_lists': [6654], 'modifiers': [{'type': 9, 'value': 30}, {'type': 28, 'value': 217}]}"
1758921930,VERY_LONG,,1,20493300,,"{'id': 6419, 'context': 1, 'bonus_lists': [6654], 'modifiers': [{'type': 9, 'value': 30}, {'type': 28, 'value': 217}]}"
1758921936,VERY_LONG,,1,17806000,,"{'id': 7111, 'context': 1, 'bonus_lists': [6654], 'modifiers': [{'type': 9, 'value': 30}, {'type': 28, 'value': 217}]}"
1758921946,VERY_LONG,,1,20007500,,"{'id': 4044, 'context': 1, 'bonus_lists': [6654], 'modifiers': [{'type': 9, 'value': 30}, {'type': 28, 'value': 217}]}"
1758921959,VERY_LONG,,1,10577000,,"{'id': 15322, 'context': 1, 'bonus_lists': [6655], 'modifiers': [{'type': 9, 'value': 30}, {'type': 28, 'value': 217}]}"
1758921970,VERY_LONG,,1,17500000,,"{'id': 4729, 'context': 1, 'bonus_lists': [6654], 'modifiers': [{'type': 9, 'value': 30}, {'type': 28, 'value': 217}]}"
1758921984,VERY_LONG,,1,25000000,,"{'id': 9864, 'context': 1, 'bonus_lists': [6654, 1709], 'modifiers': [{'type': 9, 'value': 30}, {'type': 28, 'value': 217}]}"
1758921997,VERY_LONG,,1,11340000,,"{'id': 7438, 'context': 1, 'bonus_lists': [6654, 1707], 'modifiers': [{'type': 9, 'value': 30}, {'type': 28, 'value': 217}]}"
1758922022,VERY_LONG,,1,234296900,,"{'id': 25161, 'context': 1, 'bonus_lists': [6655, 1705], 'modifiers': [{'type': 9, 'value': 30}, {'type': 28, 'value': 222}]}"
1758922034,VERY_LONG,941000,45,,,{'id': 142266}
1758923102,VERY_LONG,,1,29002100,,"{'id': 24866, 'context': 1, 'bonus_lists': [6654, 1691], 'modifiers': [{'type': 9, 'value': 30}, {'type': 28, 'value': 222}]}"
1758923114,VERY_LONG,,1,26003400,,"{'id': 9428, 'context': 1, 'bonus_lists': [6710], 'modifiers': [{'type': 9, 'value': 30}, {'type': 28, 'value': 217}]}"
1758923150,VERY_LONG,,1,760000000,,"{'id': 183010, 'context': 5, 'bonus_lists': [7188, 6652, 1485, 6646], 'modifiers': [{'type': 28, 'value': 752}]}"
1758923206,VERY_LONG,,1,58728800,,"{'id': 173217, 'context': 0, 'bonus_lists': [6893, 7185], 'modifiers': [{'type': 9, 'value': 60}, {'type': 28, 'value': 391}, {'type': 29, 'value': 32}, {'type': 30, 'value': 49}]}"
1758923210,VERY_LONG,,1,16690000,,"{'id': 173217, 'context': 0, 'bonus_lists': [6893, 7185], 'modifiers': [{'type': 9, 'value': 60}, {'type': 28, 'value': 391}, {'type': 29, 'value': 32}, {'type': 30, 'value': 36}]}"
1758923216,VERY_LONG,,1,4125800,,"{'id': 173135, 'context': 13, 'bonus_lists': [3362]}"
1758923219,VERY_LONG,,1,4125800,,"{'id': 173135, 'context': 13, 'bonus_lists': [3363]}"
1758923221,VERY_LONG,,1,4125800,,"{'id': 173135, 'context': 13, 'bonus_lists': [3366]}"
1758923225,VERY_LONG,,1,5124300,,"{'id': 14046, 'context': 0}"
1758923227,VERY_LONG,,1,78000000,,"{'id': 173215, 'context': 0, 'bonus_lists': [6893, 7185], 'modifiers': [{'type': 9, 'value': 60}, {'type': 28, 'value': 391}, {'type': 29, 'value': 40}, {'type': 30, 'value': 36}]}"
1758923230,VERY_LONG,,1,59998400,,"{'id': 6425, 'context': 1, 'bonus_lists': [6654], 'modifiers': [{'type': 9, 'value': 30}, {'type': 28, 'value': 217}]}"
1758923231,VERY_LONG,,1,78000000,,"{'id': 173215, 'context': 0, 'bonus_lists': [6893, 7185], 'modifiers': [{'type': 9, 'value': 60}, {'type': 28, 'value': 391}, {'type': 29, 'value': 32}, {'type': 30, 'value': 40}]}"
1758923233,VERY_LONG,,1,78000000,,"{'id': 173215, 'context': 0, 'bonus_lists': [6893, 7185], 'modifiers': [{'type': 9, 'value': 60}, {'type': 28, 'value': 391}, {'type': 29, 'value': 40}, {'type': 30, 'value': 32}]}"
1758923234,VERY_LONG,,1,78000000,,"{'id': 173215, 'context': 0, 'bonus_lists': [6893, 7185], 'modifiers': [{'type': 9, 'value': 60}, {'type': 28, 'value': 391}, {'type': 29, 'value': 36}, {'type': 30, 'value': 32}]}"
1758923236,VERY_LONG,,1,78000000,,"{'id': 173215, 'context': 0, 'bonus_lists': [6893, 7185], 'modifiers': [{'type': 9, 'value': 60}, {'type': 28, 'value': 391}, {'type': 29, 'value': 49}, {'type': 30, 'value': 36}]}"
1758923239,VERY_LONG,,1,10002300,,"{'id': 10089, 'context': 0, 'bonus_lists': [6654, 1677], 'modifiers': [{'type': 9, 'value': 30}, {'type': 28, 'value': 24}]}"
1758923240,VERY_LONG,,1,14450000,,"{'id': 173222, 'context': 0, 'bonus_lists': [6893, 7185], 'modifiers': [{'type': 9, 'value': 60}, {'type': 28, 'value': 391}, {'type': 29, 'value': 40}, {'type': 30, 'value': 49}]}"
1758923244,VERY_LONG,,1,14450000,,"{'id': 173222, 'context': 0, 'bonus_lists': [6893, 7185], 'modifiers': [{'type': 9, 'value': 60}, {'type': 28, 'value': 391}, {'type': 29, 'value': 32}, {'type': 30, 'value': 40}]}"
1758923250,VERY_LONG,,1,16044600,,"{'id': 14100, 'context': 0}"
1758923252,VERY_LONG,,1,11000000,,"{'id': 173216, 'context': 0, 'bonus_lists': [6893, 7185], 'modifiers': [{'type': 9, 'value': 60}, {'type': 28, 'value': 391}, {'type': 29, 'value': 32}, {'type': 30, 'value': 49}]}"
1758923254,VERY_LONG,,1,44456800,,"{'id': 7459, 'context': 1, 'bonus_lists': [6654, 1678], 'modifiers': [{'type': 9, 'value': 30}, {'type': 28, 'value': 217}]}"
1758923256,VERY_LONG,,1,16440000,,"{'id': 173220, 'context': 0, 'bonus_lists': [6893, 7185], 'modifiers': [{'type': 9, 'value': 60}, {'type': 28, 'value': 391}, {'type': 29, 'value': 32}, {'type': 30, 'value': 40}]}"
1758923258,VERY_LONG,,1,24515600,,"{'id': 14101, 'context': 0}"
1758923263,VERY_LONG,,1,2520200,,"{'id': 171383, 'context': 13, 'modifiers': [{'type': 29, 'value': 49}, {'type': 30, 'value': 32}]}"
1758923265,VERY_LONG,,1,2520200,,"{'id': 171383, 'context': 13, 'modifiers': [{'type': 29, 'value': 32}, {'type': 30, 'value': 49}]}"
1758923267,VERY_LONG,,1,33523800,,"{'id': 4735, 'context': 1, 'bonus_lists': [6654], 'modifiers': [{'type': 9, 'value': 30}, {'type': 28, 'value': 217}]}"
1758923268,VERY_LONG,,1,4250000,,"{'id': 173138, 'context': 13, 'bonus_lists': [3346]}"
1758923275,VERY_LONG,,1,20867500,,"{'id': 14103, 'context': 0}"
1758923278,VERY_LONG,,1,2048000,,"{'id': 173194, 'context': 0, 'bonus_lists': [6887], 'modifiers': [{'type': 9, 'value': 60}, {'type': 28, 'value': 391}, {'type': 29, 'value': 32}, {'type': 30, 'value': 49}]}"
1758923284,VERY_LONG,9900000,15,,,{'id': 172042}
1758923285,VERY_LONG,,1,126503100,,"{'id': 5774, 'context': 1, 'modifiers': [{'type': 28, 'value': 217}]}"
1758923286,VERY_LONG,,1,35984300,,"{'id': 6836, 'context': 0}"
1758923293,VERY_LONG,,1,19999100,,"{'id': 173428, 'context': 13, 'modifiers': [{'type': 29, 'value': 36}, {'type': 30, 'value': 40}]}"
1758923294,VERY_LONG,,1,19999100,,"{'id': 173428, 'context': 13, 'modifiers': [{'type': 29, 'value': 36}, {'type': 30, 'value': 32}]}"
1758923295,VERY_LONG,3600000,10,,,{'id': 173172}
1758923296,VERY_LONG,,1,11340000,,"{'id': 7438, 'context': 1, 'bonus_lists': [6654, 1705], 'modifiers': [{'type': 9, 'value': 30}, {'type': 28, 'value': 217}]}"
1758923310,VERY_LONG,,1,109963000,,"{'id': 6421, 'context': 1, 'bonus_lists': [6654], 'modifiers': [{'type': 9, 'value': 30}, {'type': 28, 'value': 217}]}"
1758923321,VERY_LONG,,1,315841500,,"{'id': 6422, 'context': 1, 'bonus_lists': [6654], 'modifiers': [{'type': 9, 'value': 30}, {'type': 28, 'value': 217}]}"
1758923330,VERY_LONG,,1,34002000,,"{'id': 9876, 'context': 1, 'bonus_lists': [6654, 1679], 'modifiers': [{'type': 9, 'value': 30}, {'type': 28, 'value': 217}]}"
1758923336,VERY_LONG,,1,9500500,,"{'id': 7440, 'context': 1, 'bonus_lists': [6654, 1677], 'modifiers': [{'type': 9, 'value': 30}, {'type': 28, 'value': 217}]}"
1758923342,VERY_LONG,,1,14973000,,"{'id': 10097, 'context': 1, 'bonus_lists': [6654, 1691], 'modifiers': [{'type': 9, 'value': 30}, {'type': 28, 'value': 205}]}"
1758923350,VERY_LONG,,1,19917900,,"{'id': 15775, 'context': 1, 'modifiers': [{'type': 28, 'value': 205}]}"
1758923355,VERY_LONG,,1,12099900,,"{'id': 24639, 'context': 1, 'bonus_lists': [6654, 1694], 'modifiers': [{'type': 9, 'value': 30}, {'type': 28, 'value': 222}]}"
1758923362,VERY_LONG,,1,19978600,,"{'id': 10377, 'context': 1, 'bonus_lists': [6654, 1677], 'modifiers': [{'type': 9, 'value': 30}, {'type': 28, 'value': 205}]}"
1758923404,VERY_LONG,,1,10948400,,"{'id': 8285, 'context': 1, 'bonus_lists': [6654], 'modifiers': [{'type': 9, 'value': 30}, {'type': 28, 'value': 205}]}"
1758923413,VERY_LONG,,1,7299100,,"{'id': 15218, 'context': 1, 'bonus_lists': [6655, 1695], 'modifiers': [{'type': 9, 'value': 30}, {'type': 28, 'value': 205}]}"
1758923499,VERY_LONG,,1,123007300,,"{'id': 25146, 'context': 1, 'bonus_lists': [6655, 1681], 'modifiers': [{'type': 9, 'value': 30}, {'type': 28, 'value': 222}]}"
1758923526,VERY_LONG,,1,7450100,,"{'id': 10229, 'context': 1, 'bonus_lists': [6654, 1705], 'modifiers': [{'type': 9, 'value': 30}, {'type': 28, 'value': 205}]}"
1758923542,VERY_LONG,,1,18026300,,"{'id': 25316, 'context': 1, 'bonus_lists': [6655, 1680], 'modifiers': [{'type': 9, 'value': 30}, {'type': 28, 'value': 222}]}"
1758923552,VERY_LONG,2115100,6,,,{'id': 8952}
1758923596,VERY_LONG,,1,37858000,,"{'id': 9851, 'context': 1, 'bonus_lists': [6654, 1695], 'modifiers': [{'type': 9, 'value': 30}, {'type': 28, 'value': 217}]}"
1758923613,VERY_LONG,,1,34992100,,"{'id': 24970, 'context': 1, 'bonus_lists': [6654, 1694], 'modifiers': [{'type': 9, 'value': 30}, {'type': 28, 'value': 222}]}"
1758923634,VERY_LONG,,1,25002000,,"{'id': 4725, 'context': 1, 'bonus_lists': [6654], 'modifiers': [{'type': 9, 'value': 30}, {'type': 28, 'value': 217}]}"
1758923656,VERY_LONG,,1,40008200,,"{'id': 9879, 'context': 1, 'bonus_lists': [6654, 1692], 'modifiers': [{'type': 9, 'value': 30}, {'type': 28, 'value': 217}]}"
1758923677,VERY_LONG,,1,66857700,,"{'id': 6433, 'context': 1, 'bonus_lists': [6654], 'modifiers': [{'type': 9, 'value': 30}, {'type': 28, 'value': 217}]}"
1758923695,VERY_LONG,,1,15639800,,"{'id': 7476, 'context': 1, 'bonus_lists': [6654, 1708], 'modifiers': [{'type': 9, 'value': 30}, {'type': 28, 'value': 217}]}"
1758923714,VERY_LONG,,1,14204800,,"{'id': 7432, 'context': 1, 'bonus_lists': [6654, 1693], 'modifiers': [{'type': 9, 'value': 30}, {'type': 28, 'value': 217}]}"
1758923736,VERY_LONG,,1,11340000,,"{'id': 7438, 'context': 1, 'bonus_lists': [6654, 1691], 'modifiers': [{'type': 9, 'value': 30}, {'type': 28, 'value': 217}]}"
1758923753,VERY_LONG,,1,19566100,,"{'id': 7447, 'context': 1, 'bonus_lists': [6654, 1677], 'modifiers': [{'type': 9, 'value': 30}, {'type': 28, 'value': 217}]}"
1758923772,VERY_LONG,,1,23548900,,"{'id': 10279, 'context': 1, 'bonus_lists': [6654, 1680], 'modifiers': [{'type': 9, 'value': 30}, {'type': 28, 'value': 205}]}"
1758923783,VERY_LONG,,1,20002500,,"{'id': 6404, 'context': 1, 'bonus_lists': [6654], 'modifiers': [{'type': 9, 'value': 30}, {'type': 28, 'value': 217}]}"
1758923798,VERY_LONG,,1,25002300,,"{'id': 9917, 'context': 1, 'bonus_lists': [6654, 1706], 'modifiers': [{'type': 9, 'value': 30}, {'type': 28, 'value': 217}]}"
1758923812,VERY_LONG,,1,19566100,,"{'id': 7447, 'context': 1, 'bonus_lists': [6654, 1694], 'modifiers': [{'type': 9, 'value': 30}, {'type': 28, 'value': 217}]}"
1758923823,VERY_LONG,,1,11340000,,"{'id': 7438, 'context': 1, 'bonus_lists': [6654, 1693], 'modifiers': [{'type': 9, 'value': 30}, {'type': 28, 'value': 217}]}"
1758923837,VERY_LONG,,1,10577000,,"{'id': 15322, 'context': 1, 'bonus_lists': [6655], 'modifiers': [{'type': 9, 'value': 30}, {'type': 28, 'value': 217}]}"
1758923846,VERY_LONG,,1,54935000,,"{'id': 7488, 'context': 1, 'bonus_lists': [6654, 1693], 'modifiers': [{'type': 9, 'value': 30}, {'type': 28, 'value': 217}]}"
1758923862,VERY_LONG,,1,14204800,,"{'id': 7432, 'context': 1, 'bonus_lists': [6654, 1681], 'modifiers': [{'type': 9, 'value': 30}, {'type': 28, 'value': 217}]}"
1758923882,VERY_LONG,,1,9500500,,"{'id': 7440, 'context': 1, 'bonus_lists': [6654, 1677], 'modifiers': [{'type': 9, 'value': 30}, {'type': 28, 'value': 217}]}"
1758923885,VERY_LONG,249900,2,,,{'id': 3575}
1758923898,VERY_LONG,,1,19811800,,"{'id': 7478, 'context': 1, 'bonus_lists': [6654, 1677], 'modifiers': [{'type': 9, 'value': 30}, {'type': 28, 'value': 217}]}"
1758923914,VERY_LONG,,1,315841500,,"{'id': 6422, 'context': 1, 'bonus_lists': [6654], 'modifiers': [{'type': 9, 'value': 30}, {'type': 28, 'value': 217}]}"
1758923927,VERY_LONG,996900,14,,,{'id': 2842}
1758923942,VERY_LONG,,1,32000000,,"{'id': 9384, 'context': 1, 'bonus_lists': [6710], 'modifiers': [{'type': 9, 'value': 30}, {'type': 28, 'value': 217}]}"
1758923952,VERY_LONG,29000,2,,,{'id': 2840}
1758923953,VERY_LONG,2459800,1,,,{'id': 76061}
1758923958,VERY_LONG,,1,35007600,,"{'id': 7429, 'context': 1, 'bonus_lists': [6654, 1705], 'modifiers': [{'type': 9, 'value': 30}, {'type': 28, 'value': 217}]}"
1758923971,VERY_LONG,,1,34921600,,"{'id': 7610, 'context': 1, 'bonus_lists': [6655], 'modifiers': [{'type': 9, 'value': 30}, {'type': 28, 'value': 217}]}"
1758923977,VERY_LONG,8000,200,,,{'id': 72988}
1758923988,VERY_LONG,,1,12006000,,"{'id': 11971, 'context': 1, 'bonus_lists': [6654, 1706], 'modifiers': [{'type': 9, 'value': 30}, {'type': 28, 'value': 217}]}"
1758924008,VERY_LONG,,1,34085500,,"{'id': 9848, 'context': 1, 'bonus_lists': [6654, 1692], 'modifiers': [{'type': 9, 'value': 30}, {'type': 28, 'value': 217}]}"
1758924018,VERY_LONG,,1,650000,,"{'id': 82800, 'context': 0, 'modifiers': [{'type': 6, 'value': 66157}], 'pet_breed_id': 13, 'pet_level': 1, 'pet_quality_id': 3, 'pet_species_id': 1804}"
1758924019,VERY_LONG,,1,17500000,,"{'id': 4729, 'context': 1, 'bonus_lists': [6654], 'modifiers': [{'type': 9, 'value': 30}, {'type': 28, 'value': 217}]}"
1758924036,VERY_LONG,,1,25000500,,"{'id': 4352, 'context': 1, 'modifiers': [{'type': 28, 'value': 217}]}"
1758924047,VERY_LONG,,1,17470400,,"{'id': 7431, 'context': 1, 'bonus_lists': [6654, 1678], 'modifiers': [{'type': 9, 'value': 30}, {'type': 28, 'value': 217}]}"
1758924051,VERY_LONG,,1,100000,,"{'id': 82800, 'context': 0, 'modifiers': [{'type': 6, 'value': 65091}], 'pet_breed_id': 8, 'pet_level': 1, 'pet_quality_id': 3, 'pet_species_id': 1907}"
1758924060,VERY_LONG,,1,58850300,,"{'id': 9972, 'context': 1, 'bonus_lists': [6654, 1679], 'modifiers': [{'type': 9, 'value': 30}, {'type': 28, 'value': 217}]}"
1758924079,VERY_LONG,,1,10002900,,"{'id': 7483, 'context': 1, 'bonus_lists': [6654, 1708], 'modifiers': [{'type': 9, 'value': 30}, {'type': 28, 'value': 217}]}"
1758924088,VERY_LONG,,1,9004500,,"{'id': 82800, 'context': 0, 'modifiers': [{'type': 6, 'value': 71835}], 'pet_breed_id': 8, 'pet_level': 1, 'pet_quality_id': 3, 'pet_species_id': 1721}"
1758924093,VERY_LONG,,1,11930100,,"{'id': 7473, 'context': 1, 'bonus_lists': [6654, 1681], 'modifiers': [{'type': 9, 'value': 30}, {'type': 28, 'value': 217}]}"
1758924102,VERY_LONG,,1,39493600,,"{'id': 7441, 'context': 1, 'bonus_lists': [6654, 1706], 'modifiers': [{'type': 9, 'value': 30}, {'type': 28, 'value': 217}]}"
1758924108,VERY_LONG,,1,1499900,,"{'id': 82800, 'context': 0, 'modifiers': [{'type': 6, 'value': 72658}], 'pet_breed_id': 7, 'pet_level': 1, 'pet_quality_id': 3, 'pet_species_id': 1934}"
1758924109,VERY_LONG,10510000,4,,,{'id': 173121}
1758924110,VERY_LONG,,1,23827200,,"{'id': 9889, 'context': 1, 'bonus_lists': [6654, 1680], 'modifiers': [{'type': 9, 'value': 30}, {'type': 28, 'value': 217}]}"
1758924116,VERY_LONG,400600,3,,,{'id': 173129}
1758924119,VERY_LONG,490000,3,,,{'id': 173124}
1758924126,VERY_LONG,,1,9981900,,"{'id': 3868, 'context': 1, 'modifiers': [{'type': 28, 'value': 217}]}"
1758924132,VERY_LONG,,1,25008300,,"{'id': 24741, 'context': 1, 'bonus_lists': [6654, 1691], 'modifiers': [{'type': 9, 'value': 30}, {'type': 28, 'value': 222}]}"
1758924134,VERY_LONG,203600,3,,,{'id': 172047}
1758924141,VERY_LONG,,1,12008500,,"{'id': 24744, 'context': 1, 'bonus_lists': [6654, 1709], 'modifiers': [{'type': 9, 'value': 30}, {'type': 28, 'value': 222}]}"
1758924143,VERY_LONG,,1,5000100,,"{'id': 82800, 'context': 0, 'modifiers': [{'type': 6, 'value': 90230}], 'pet_breed_id': 17, 'pet_level': 1, 'pet_quality_id': 3, 'pet_species_id': 2563}"
1758924153,VERY_LONG,,1,30002900,,"{'id': 25289, 'context': 2, 'bonus_lists': [6655, 1695], 'modifiers': [{'type': 9, 'value': 30}, {'type': 28, 'value': 1066}]}"
1758924157,VERY_LONG,108900,25,,,{'id': 173110}
1758924160,VERY_LONG,,1,50002200,,"{'id': 24962, 'context': 1, 'bonus_lists': [6654, 1691], 'modifiers': [{'type': 9, 'value': 30}, {'type': 28, 'value': 222}]}"
1758924167,VERY_LONG,,1,50000,,"{'id': 82800, 'context': 0, 'modifiers': [{'type': 6, 'value': 66155}], 'pet_breed_id': 12, 'pet_level': 1, 'pet_quality_id': 3, 'pet_species_id': 1802}"
1758924169,VERY_LONG,59400,2,,,{'id': 173109}
1758924173,VERY_LONG,,1,7450100,,"{'id': 10229, 'context': 1, 'bonus_lists': [6654, 1692], 'modifiers': [{'type': 9, 'value': 30}, {'type': 28, 'value': 205}]}"
1758924184,VERY_LONG,386700,9,,,{'id': 173108}
1758924193,VERY_LONG,147400,3,,,{'id': 6037}
1758924228,VERY_LONG,103500,65,,,{'id': 3860}
1758924235,VERY_LONG,,1,11005300,,"{'id': 25091, 'context': 1, 'bonus_lists': [6655, 1706], 'modifiers': [{'type': 9, 'value': 30}, {'type': 28, 'value': 222}]}"
1758924244,VERY_LONG,,1,12003200,,"{'id': 25035, 'context': 1, 'bonus_lists': [6654, 1709], 'modifiers': [{'type': 9, 'value': 30}, {'type': 28, 'value': 222}]}"
1758924290,VERY_LONG,118800,115,,,{'id': 152512}
1758924312,VERY_LONG,20000,1,,,{'id': 124118}
1758924335,VERY_LONG,451000,7,,,{'id': 3577}
1758924366,VERY_LONG,4000,44,,,{'id': 152631}
1758924386,VERY_LONG,,1,2440000,,"{'id': 82800, 'context': 0, 'modifiers': [{'type': 6, 'value': 46896}], 'pet_breed_id': 9, 'pet_level': 1, 'pet_quality_id': 3, 'pet_species_id': 1144}"
1758924402,VERY_LONG,20000,4,,,{'id': 1705}
1758924418,VERY_LONG,8000,22,,,{'id': 72988}
1758924439,VERY_LONG,29700,14,,,{'id': 74839}
1758924473,VERY_LONG,353500,48,,,{'id': 36912}
1758924502,VERY_LONG,30000,13,,,{'id': 74834}
1758924537,VERY_LONG,37500,4,,,{'id': 1210}
1758924571,VERY_LONG,,1,9344000,,"{'id': 82800, 'context': 0, 'modifiers': [{'type': 6, 'value': 60732}], 'pet_breed_id': 17, 'pet_level': 1, 'pet_quality_id': 3, 'pet_species_id': 1564}"
1758924605,VERY_LONG,157500,12,,,{'id': 127759}
1758924648,VERY_LONG,,1,1000000,,"{'id': 82800, 'context': 0, 'modifiers': [{'type': 6, 'value': 46898}], 'pet_breed_id': 18, 'pet_level': 8, 'pet_quality_id': 3, 'pet_species_id': 1143}"
1758924693,VERY_LONG,,1,200000,,"{'id': 82800, 'context': 0, 'modifiers': [{'type': 6, 'value': 65070}], 'pet_breed_id': 6, 'pet_level': 1, 'pet_quality_id': 3, 'pet_species_id': 1706}"
1758924731,VERY_LONG,37500,6,,,{'id': 109118}
1758924772,VERY_LONG,37800,8,,,{'id': 33470}
1758924824,VERY_LONG,997500,4,,,{'id': 36909}
1758924859,VERY_LONG,92000,15,,,{'id': 72092}
1758924892,VERY_LONG,,1,12008500,,"{'id': 24744, 'context': 1, 'bonus_lists': [6654, 1706], 'modifiers': [{'type': 9, 'value': 30}, {'type': 28, 'value': 222}]}"
1758924901,VERY_LONG,19800,134,,,{'id': 12359}
1758924945,VERY_LONG,148500,2,,,{'id': 12361}
1758924981,VERY_LONG,,1,120006600,,"{'id': 24987, 'context': 1, 'bonus_lists': [6654, 1692], 'modifiers': [{'type': 9, 'value': 30}, {'type': 28, 'value': 222}]}"
1758924991,VERY_LONG,9800,3,,,{'id': 152576}
1758924998,VERY_LONG,,1,12099900,,"{'id': 24639, 'context': 1, 'bonus_lists': [6654, 1706], 'modifiers': [{'type': 9, 'value': 30}, {'type': 28, 'value': 222}]}"
1758925037,VERY_LONG,,1,14006700,,"{'id': 24968, 'context': 1, 'bonus_lists': [6654, 1709], 'modifiers': [{'type': 9, 'value': 30}, {'type': 28, 'value': 222}]}"
1758925051,VERY_LONG,,1,16335000,,"{'id': 25403, 'context': 1, 'bonus_lists': [6657], 'modifiers': [{'type': 9, 'value': 30}, {'type': 28, 'value': 222}]}"
1758925062,VERY_LONG,99959500,1,,,{'id': 31916}
1758925068,VERY_LONG,175800,146,,,{'id': 123919}
1758925094,VERY_LONG,11000,9,,,{'id': 124117}
1758926115,VERY_LONG,,1,16008200,,"{'id': 24981, 'context': 1, 'bonus_lists': [6654, 1681], 'modifiers': [{'type': 9, 'value': 30}, {'type': 28, 'value': 222}]}"
1758926122,VERY_LONG,20000,70,,,{'id': 124437}
1758926144,VERY_LONG,,1,11002200,,"{'id': 24868, 'context': 2, 'bonus_lists': [6654, 1707], 'modifiers': [{'type': 9, 'value': 30}, {'type': 28, 'value': 1066}]}"
1758926157,VERY_LONG,3900,39,,,{'id': 14047}
1758926160,VERY_LONG,139900,27,,,{'id': 10285}
1758926176,VERY_LONG,,1,33717400,,"{'id': 24854, 'context': 1, 'bonus_lists': [6654, 1706], 'modifiers': [{'type': 9, 'value': 30}, {'type': 28, 'value': 222}]}"
1758926206,VERY_LONG,,1,6524600,,"{'id': 173217, 'context': 0, 'bonus_lists': [6893], 'modifiers': [{'type': 9, 'value': 60}, {'type': 28, 'value': 391}, {'type': 29, 'value': 32}, {'type': 30, 'value': 40}]}"
1758926221,VERY_LONG,,1,45223800,,"{'id': 25163, 'context': 1, 'bonus_lists': [6655, 1709], 'modifiers': [{'type': 9, 'value': 30}, {'type': 28, 'value': 222}]}"
1758926250,VERY_LONG,,1,44004500,,"{'id': 24193, 'context': 1, 'modifiers': [{'type': 28, 'value': 222}]}"
1758926269,VERY_LONG,,1,40008500,,"{'id': 24748, 'context': 1, 'bonus_lists': [6654, 1677], 'modifiers': [{'type': 9, 'value': 30}, {'type': 28, 'value': 222}]}"
1758926282,VERY_LONG,,1,21160100,,"{'id': 8299, 'context': 1, 'bonus_lists': [6654], 'modifiers': [{'type': 9, 'value': 30}, {'type': 28, 'value': 205}]}"
1758926306,VERY_LONG,6000000,6,,,{'id': 12809}
1758926317,VERY_LONG,,1,60005300,,"{'id': 25205, 'context': 1, 'bonus_lists': [6655, 1706], 'modifiers': [{'type': 9, 'value': 30}, {'type': 28, 'value': 222}]}"
1758926339,VERY_LONG,,1,19917900,,"{'id': 15775, 'context': 1, 'modifiers': [{'type': 28, 'value': 205}]}"
1758926341,VERY_LONG,347500,4,,,{'id': 52185}
1758926361,VERY_LONG,,1,19341900,,"{'id': 8284, 'context': 1, 'bonus_lists': [6654], 'modifiers': [{'type': 9, 'value': 30}, {'type': 28, 'value': 205}]}"
1758926376,VERY_LONG,16000,10,,,{'id': 174353}
1758926383,VERY_LONG,,1,8285300,,"{'id': 10213, 'context': 1, 'bonus_lists': [6654, 1677], 'modifiers': [{'type': 9, 'value': 30}, {'type': 28, 'value': 205}]}"
1758926402,VERY_LONG,,1,12362900,,"{'id': 15246, 'context': 1, 'bonus_lists': [6655, 1692], 'modifiers': [{'type': 9, 'value': 30}, {'type': 28, 'value': 205}]}"
1758926417,VERY_LONG,9000,2,,,{'id': 7909}
1758926422,VERY_LONG,3257000,7,,,{'id': 177962}
1758926427,VERY_LONG,,1,15194900,,"{'id': 15237, 'context': 1, 'bonus_lists': [6655, 1708], 'modifiers': [{'type': 9, 'value': 30}, {'type': 28, 'value': 205}]}"
1758926440,VERY_LONG,,1,21160100,,"{'id': 8299, 'context': 1, 'bonus_lists': [6654], 'modifiers': [{'type': 9, 'value': 30}, {'type': 28, 'value': 205}]}"
1758926447,VERY_LONG,75000,5,,,{'id': 7910}
1758926455,VERY_LONG,,1,14932600,,"{'id': 8288, 'context': 1, 'bonus_lists': [6654], 'modifiers': [{'type': 9, 'value': 30}, {'type': 28, 'value': 205}]}"
1758926463,VERY_LONG,100000,1,,,{'id': 37704}
1758926465,VERY_LONG,,1,24960000,,"{'id': 8291, 'context': 1, 'bonus_lists': [6654], 'modifiers': [{'type': 9, 'value': 30}, {'type': 28, 'value': 205}]}"
1758926481,VERY_LONG,,1,4960000,,"{'id': 10112, 'context': 1, 'bonus_lists': [6654, 1706], 'modifiers': [{'type': 9, 'value': 30}, {'type': 28, 'value': 205}]}"
1758926484,VERY_LONG,2200,54,,,{'id': 43013}
1758926509,VERY_LONG,259000,3,,,{'id': 72094}
1758926522,VERY_LONG,,1,49006600,,"{'id': 25076, 'context': 1, 'bonus_lists': [6655, 1708], 'modifiers': [{'type': 9, 'value': 30}, {'type': 28, 'value': 222}]}"
1758926539,VERY_LONG,8000,5,,,{'id': 37701}
1758926546,LONG,364400,4,,,{'id': 173038}
1758926549,LONG,3174000,1,,,{'id': 172363}
1758926554,LONG,,1,4374500,,"{'id': 173218, 'context': 1, 'bonus_lists': [6893], 'modifiers': [{'type': 9, 'value': 54}, {'type': 28, 'value': 391}, {'type': 29, 'value': 32}, {'type': 30, 'value': 49}]}"
1758926560,LONG,,1,6524600,,"{'id': 173217, 'context': 0, 'bonus_lists': [6893], 'modifiers': [{'type': 9, 'value': 54}, {'type': 28, 'value': 391}, {'type': 29, 'value': 36}, {'type': 30, 'value': 32}]}"
1758926565,VERY_LONG,,1,30007400,,"{'id': 25147, 'context': 1, 'bonus_lists': [6655, 1679], 'modifiers': [{'type': 9, 'value': 30}, {'type': 28, 'value': 222}]}"
1758926567,LONG,,1,8150400,,"{'id': 173217, 'context': 1, 'bonus_lists': [6893], 'modifiers': [{'type': 9, 'value': 52}, {'type': 28, 'value': 391}, {'type': 29, 'value': 32}, {'type': 30, 'value': 36}]}"
1758926576,VERY_LONG,58500,1,,,{'id': 818}
1758926580,VERY_LONG,,1,25000000,,"{'id': 24746, 'context': 1, 'bonus_lists': [6654, 1695], 'modifiers': [{'type': 9, 'value': 30}, {'type': 28, 'value': 222}]}"
1758926592,LONG,,1,7337200,,"{'id': 82800, 'context': 0, 'modifiers': [{'type': 6, 'value': 95584}], 'pet_breed_id': 18, 'pet_level': 1, 'pet_quality_id': 2, 'pet_species_id': 2942}"
1758926594,VERY_LONG,,1,14932600,,"{'id': 8288, 'context': 1, 'bonus_lists': [6654], 'modifiers': [{'type': 9, 'value': 30}, {'type': 28, 'value': 205}]}"
1758926595,LONG,3409200,3,,,{'id': 177659}
1758926599,LONG,3409200,5,,,{'id': 183738}
1758926602,LONG,,1,3702800,,"{'id': 173197, 'context': 0, 'bonus_lists': [6887], 'modifiers': [{'type': 9, 'value': 52}, {'type': 28, 'value': 391}, {'type': 29, 'value': 32}, {'type': 30, 'value': 49}]}"
1758926603,LONG,,1,703100,,"{'id': 173197, 'context': 1, 'bonus_lists': [6887], 'modifiers': [{'type': 9, 'value': 54}, {'type': 28, 'value': 391}, {'type': 29, 'value': 49}, {'type': 30, 'value': 36}]}"
1758926607,LONG,,1,2364500,,"{'id': 154695, 'context': 0}"
1758926609,VERY_LONG,,1,74999200,,"{'id': 25203, 'context': 1, 'bonus_lists': [6655, 1695], 'modifiers': [{'type': 9, 'value': 30}, {'type': 28, 'value': 222}]}"
1758926613,LONG,,1,2364500,,"{'id': 154695, 'context': 0}"
1758926615,VERY_LONG,1747600,2,,,{'id': 52180}
1758926620,LONG,,1,2364500,,"{'id': 154695, 'context': 0}"
1758926625,LONG,,1,2364500,,"{'id': 154695, 'context': 0}"
1758926628,LONG,,1,2364500,,"{'id': 154695, 'context': 0}"
1758926630,VERY_LONG,,1,17503900,,"{'id': 10233, 'context': 1, 'bonus_lists': [6654, 1680], 'modifiers': [{'type': 9, 'value': 30}, {'type': 28, 'value': 205}]}"
1758926633,LONG,,1,2364500,,"{'id': 154695, 'context': 0}"
1758926635,LONG,,1,2364500,,"{'id': 154695, 'context': 0}"
1758926642,LONG,,1,2364500,,"{'id': 154695, 'context': 0}"
1758926645,VERY_LONG,,1,14973000,,"{'id': 10097, 'context': 1, 'bonus_lists': [6654, 1695], 'modifiers': [{'type': 9, 'value': 30}, {'type': 28, 'value': 205}]}"
1758926646,LONG,,1,2364500,,"{'id': 154695, 'context': 0}"
1758926650,LONG,,1,2364500,,"{'id': 154695, 'context': 0}"
1758926652,LONG,,1,5404200,,"{'id': 173219, 'context': 1, 'bonus_lists': [6893], 'modifiers': [{'type': 9, 'value': 54}, {'type': 28, 'value': 391}, {'type': 29, 'value': 49}, {'type': 30, 'value': 32}]}"
1758926657,LONG,551100,5,,,{'id': 172414}
1758926660,LONG,,1,16981400,,"{'id': 54443, 'context': 0}"
1758926661,VERY_LONG,,1,24960000,,"{'id': 8291, 'context': 1, 'bonus_lists': [6654], 'modifiers': [{'type': 9, 'value': 30}, {'type': 28, 'value': 205}]}"
1758926665,LONG,,1,16981400,,"{'id': 54443, 'context': 0}"
1758926670,LONG,,1,16981400,,"{'id': 54443, 'context': 0}"
1758926675,LONG,,1,16981400,,"{'id': 54443, 'context': 0}"
1758926678,LONG,4960600,1,,,{'id': 177962}
1758926681,VERY_LONG,,1,9532000,,"{'id': 8298, 'context': 1, 'bonus_lists': [6654], 'modifiers': [{'type': 9, 'value': 30}, {'type': 28, 'value': 205}]}"
1758926683,LONG,56000,30,,,{'id': 172048}
1758926689,VERY_LONG,1874500,8,,,{'id': 54849}
1758926700,LONG,,1,5857200,,"{'id': 173220, 'context': 1, 'bonus_lists': [6893], 'modifiers': [{'type': 9, 'value': 54}, {'type': 28, 'value': 391}, {'type': 29, 'value': 49}, {'type': 30, 'value': 36}]}"
1758926701,LONG,,1,5857200,,"{'id': 173220, 'context': 1, 'bonus_lists': [6893], 'modifiers': [{'type': 9, 'value': 54}, {'type': 28, 'value': 391}, {'type': 29, 'value': 40}, {'type': 30, 'value': 32}]}"
1758926704,VERY_LONG,302700,83,,,{'id': 12205}
1758926706,LONG,2646100,10,,,{'id': 171350}
1758926710,LONG,3409200,5,,,{'id': 177715}
1758926717,LONG,694100,30,,,{'id': 172040}
1758926721,LONG,1400700,1,,,{'id': 171263}
1758926726,VERY_LONG,661000,44,,,{'id': 14227}
1758926728,LONG,1851300,2,,,{'id': 172361}
1758926730,LONG,551100,1,,,{'id': 172413}
1758926734,LONG,,1,2048000,,"{'id': 173194, 'context': 1, 'bonus_lists': [6887], 'modifiers': [{'type': 9, 'value': 54}, {'type': 28, 'value': 391}, {'type': 29, 'value': 49}, {'type': 30, 'value': 40}]}"
1758926738,LONG,,1,3853500,,"{'id': 173194, 'context': 1, 'bonus_lists': [6887], 'modifiers': [{'type': 9, 'value': 52}, {'type': 28, 'value': 391}, {'type': 29, 'value': 49}, {'type': 30, 'value': 40}]}"
1758926741,VERY_LONG,55000400,8,,,{'id': 8950}
1758926742,LONG,,1,17898000,,"{'id': 184480, 'context': 0}"
1758926745,LONG,,1,4300000,,"{'id': 173195, 'context': 0, 'modifiers': [{'type': 29, 'value': 36}, {'type': 30, 'value': 40}]}"
1758926748,VERY_LONG,7800,2,,,{'id': 167738}
1758926749,LONG,,1,4300000,,"{'id': 173195, 'context': 0, 'modifiers': [{'type': 29, 'value': 49}, {'type': 30, 'value': 36}]}"
1758926752,LONG,,1,4300000,,"{'id': 173195, 'context': 0, 'modifiers': [{'type': 29, 'value': 40}, {'type': 30, 'value': 32}]}"
1758926755,VERY_LONG,,1,31095700,,"{'id': 8300, 'context': 1, 'bonus_lists': [6654], 'modifiers': [{'type': 9, 'value': 30}, {'type': 28, 'value': 205}]}"
1758926756,LONG,,1,5984300,,"{'id': 173193, 'context': 1, 'bonus_lists': [6890], 'modifiers': [{'type': 9, 'value': 54}, {'type': 28, 'value': 391}, {'type': 29, 'value': 32}, {'type': 30, 'value': 36}]}"
1758926758,LONG,,1,5984300,,"{'id': 173193, 'context': 1, 'bonus_lists': [6890], 'modifiers': [{'type': 9, 'value': 54}, {'type': 28, 'value': 391}, {'type': 29, 'value': 49}, {'type': 30, 'value': 36}]}"
1758926763,LONG,5729400,4,,,{'id': 172415}
1758926767,LONG,,1,15509900,,"{'id': 167185, 'context': 0}"
1758926771,VERY_LONG,9000000,3,,,{'id': 12363}
1758926772,VERY_LONG,1990000,2,,,{'id': 179310}
1758926773,LONG,1410000,2,,,{'id': 171292}
1758926779,LONG,,1,32663500,,"{'id': 167183, 'context': 0}"
1758926787,LONG,3949600,5,,,{'id': 172412}
1758926792,LONG,,1,5000000,,"{'id': 184479, 'context': 0}"
1758926794,VERY_LONG,,1,15456100,,"{'id': 10210, 'context': 1, 'bonus_lists': [6654, 1679], 'modifiers': [{'type': 9, 'value': 30}, {'type': 28, 'value': 205}]}"
1758926799,LONG,,1,5000000,,"{'id': 184479, 'context': 0}"
1758926806,LONG,,1,5000000,,"{'id': 184479, 'context': 0}"
1758926811,LONG,,1,5000000,,"{'id': 184479, 'context': 0}"
1758926823,LONG,552700,30,,,{'id': 172050}
1758926825,VERY_LONG,,1,49961300,,"{'id': 8312, 'context': 1, 'bonus_lists': [6654], 'modifiers': [{'type': 9, 'value': 30}, {'type': 28, 'value': 205}]}"
1758926830,LONG,768900,4,,,{'id': 172406}
1758926839,LONG,,1,13300500,,"{'id': 127035, 'context': 0}"
1758926846,LONG,,1,13300500,,"{'id': 127035, 'context': 0}"
1758926847,VERY_LONG,,1,14973000,,"{'id': 10097, 'context': 1, 'bonus_lists': [6654, 1693], 'modifiers': [{'type': 9, 'value': 30}, {'type': 28, 'value': 205}]}"
1758926852,LONG,,1,13300500,,"{'id': 127035, 'context': 0}"
1758926857,LONG,,1,13300500,,"{'id': 127035, 'context': 0}"
1758926863,LONG,,1,13300500,,"{'id': 127035, 'context': 0}"
1758926868,LONG,,1,751500,,"{'id': 173198, 'context': 1, 'bonus_lists': [6885], 'modifiers': [{'type': 9, 'value': 54}, {'type': 28, 'value': 391}, {'type': 29, 'value': 40}, {'type': 30, 'value': 32}]}"
1758926874,LONG,,1,751500,,"{'id': 173198, 'context': 1, 'bonus_lists': [6885], 'modifiers': [{'type': 9, 'value': 52}, {'type': 28, 'value': 391}, {'type': 29, 'value': 32}, {'type': 30, 'value': 40}]}"
1758926880,LONG,,1,751500,,"{'id': 173198, 'context': 1, 'bonus_lists': [6885], 'modifiers': [{'type': 9, 'value': 54}, {'type': 28, 'value': 391}, {'type': 29, 'value': 49}, {'type': 30, 'value': 32}]}"
1758926892,LONG,,1,5590000,,"{'id': 41599, 'context': 0}"
1758926895,LONG,,1,5590000,,"{'id': 41599, 'context': 0}"
1758926899,LONG,,1,5590000,,"{'id': 41599, 'context': 0}"
1758926905,LONG,,1,5590000,,"{'id': 41599, 'context': 0}"
1758926913,LONG,,1,5590000,,"{'id': 41599, 'context': 0}"
1758926917,VERY_LONG,,1,9966600,,"{'id': 10111, 'context': 1, 'bonus_lists': [6654, 1694], 'modifiers': [{'type': 9, 'value': 30}, {'type': 28, 'value': 205}]}"
1758926919,LONG,,1,24487600,,"{'id': 82800, 'context': 0, 'modifiers': [{'type': 6, 'value': 98457}], 'pet_breed_id': 9, 'pet_level': 1, 'pet_quality_id': 2, 'pet_species_id': 3020}"
1758926922,VERY_LONG,50000,2,,,{'id': 7079}
1758926923,LONG,2299800,20,,,{'id': 171351}
1758926930,LONG,280000,10,,,{'id': 172044}
1758926936,LONG,1946300,1,,,{'id': 171272}
1758926939,VERY_LONG,,1,28646800,,"{'id': 8252, 'context': 1, 'bonus_lists': [6654], 'modifiers': [{'type': 9, 'value': 30}, {'type': 28, 'value': 205}]}"
1758926942,LONG,,1,2990000,,"{'id': 173196, 'context': 1, 'bonus_lists': [6887], 'modifiers': [{'type': 9, 'value': 54}, {'type': 28, 'value': 391}, {'type': 29, 'value': 32}, {'type': 30, 'value': 49}]}"
1758926946,LONG,2799100,2,,,{'id': 172411}
1758926952,LONG,,1,6660000,,"{'id': 173216, 'context': 1, 'bonus_lists': [6893], 'modifiers': [{'type': 9, 'value': 54}, {'type': 28, 'value': 391}, {'type': 29, 'value': 32}, {'type': 30, 'value': 36}]}"
1758926959,LONG,,1,6660000,,"{'id': 173216, 'context': 1, 'bonus_lists': [6893], 'modifiers': [{'type': 9, 'value': 54}, {'type': 28, 'value': 391}, {'type': 29, 'value': 32}, {'type': 30, 'value': 36}]}"
1758926962,VERY_LONG,7500,23,,,{'id': 4338}
1758926966,LONG,551100,1,,,{'id': 172407}
1758926974,LONG,3842800,20,,,{'id': 171270}
1758926983,LONG,,1,7497200,,"{'id': 184505, 'context': 0}"
1758926990,LONG,,1,2209900,,"{'id': 173222, 'context': 1, 'bonus_lists': [6893], 'modifiers': [{'type': 9, 'value': 54}, {'type': 28, 'value': 391}, {'type': 29, 'value': 49}, {'type': 30, 'value': 36}]}"
1758926996,LONG,,1,2209900,,"{'id': 173222, 'context': 1, 'bonus_lists': [6893], 'modifiers': [{'type': 9, 'value': 54}, {'type': 28, 'value': 391}, {'type': 29, 'value': 49}, {'type': 30, 'value': 36}]}"
1758927005,LONG,799000,20,,,{'id': 172045}
1758927017,LONG,770000,20,,,{'id': 171269}
1758927037,LONG,,1,911100,,"{'id': 173200, 'context': 1, 'bonus_lists': [6885], 'modifiers': [{'type': 9, 'value': 53}, {'type': 28, 'value': 391}, {'type': 29, 'value': 32}, {'type': 30, 'value': 49}]}"
1758927047,LONG,,1,911100,,"{'id': 173200, 'context': 1, 'bonus_lists': [6885], 'modifiers': [{'type': 9, 'value': 54}, {'type': 28, 'value': 391}, {'type': 29, 'value': 36}, {'type': 30, 'value': 40}]}"
1758927055,LONG,9290000,2,,,{'id': 172362}
1758927066,LONG,,1,1130000,,"{'id': 173199, 'context': 1, 'bonus_lists': [6890], 'modifiers': [{'type': 9, 'value': 54}, {'type': 28, 'value': 391}, {'type': 29, 'value': 36}, {'type': 30, 'value': 32}]}"
1758927076,LONG,853700,5,,,{'id': 172358}
1758927082,LONG,,1,9000000,,"{'id': 114821, 'context': 0}"
1758927090,LONG,30500000,3,,,{'id': 180457}
1758927100,VERY_LONG,2500000,5,,,{'id': 12808}
1758927108,VERY_LONG,,1,1460001400,,"{'id': 118836, 'context': 0, 'bonus_lists': [6658], 'modifiers': [{'type': 9, 'value': 40}, {'type': 28, 'value': 1145}]}"
1758927141,VERY_LONG,5500,4,,,{'id': 10286}
1758927147,VERY_LONG,,1,1390000,,"{'id': 171379, 'context': 13, 'bonus_lists': [6890], 'modifiers': [{'type': 9, 'value': 53}, {'type': 28, 'value': 391}, {'type': 29, 'value': 49}, {'type': 30, 'value': 32}]}"
1758927149,VERY_LONG,,1,1390000,,"{'id': 171379, 'context': 13, 'bonus_lists': [6890], 'modifiers': [{'type': 9, 'value': 53}, {'type': 28, 'value': 391}, {'type': 29, 'value': 32}, {'type': 30, 'value': 36}]}"
1758927155,VERY_LONG,,1,1390000,,"{'id': 171379, 'context': 13, 'bonus_lists': [6890], 'modifiers': [{'type': 9, 'value': 53}, {'type': 28, 'value': 391}, {'type': 29, 'value': 36}, {'type': 30, 'value': 32}]}"
1758927170,VERY_LONG,450000,1,,,{'id': 12803}
1758927195,VERY_LONG,,1,60000700,,"{'id': 106643, 'context': 22, 'bonus_lists': [6654, 48], 'modifiers': [{'type': 9, 'value': 40}, {'type': 28, 'value': 1145}]}"
1758927210,VERY_LONG,409600,1,,,{'id': 12800}
1758927244,VERY_LONG,80000,2,,,{'id': 12799}
1758927274,VERY_LONG,,1,72007300,,"{'id': 25106, 'context': 1, 'bonus_lists': [6655, 1680], 'modifiers': [{'type': 9, 'value': 30}, {'type': 28, 'value': 222}]}"
1758927279,VERY_LONG,,1,870000,,"{'id': 172239, 'context': 13, 'bonus_lists': [6890], 'modifiers': [{'type': 9, 'value': 50}, {'type': 28, 'value': 391}, {'type': 29, 'value': 49}, {'type': 30, 'value': 36}]}"
1758927283,VERY_LONG,,1,870000,,"{'id': 172239, 'context': 13, 'bonus_lists': [6890], 'modifiers': [{'type': 9, 'value': 50}, {'type': 28, 'value': 391}, {'type': 29, 'value': 40}, {'type': 30, 'value': 49}]}"
1758927286,VERY_LONG,,1,870000,,"{'id': 172239, 'context': 13, 'bonus_lists': [6890], 'modifiers': [{'type': 9, 'value': 50}, {'type': 28, 'value': 391}, {'type': 29, 'value': 32}, {'type': 30, 'value': 49}]}"
1758927294,VERY_LONG,7000,23,,,{'id': 2589}
1758927325,VERY_LONG,1000000,1,,,{'id': 7080}
1758927347,VERY_LONG,,1,14932600,,"{'id': 8288, 'context': 1, 'bonus_lists': [6654], 'modifiers': [{'type': 9, 'value': 30}, {'type': 28, 'value': 205}]}"
1758927365,VERY_LONG,,1,15116100,,"{'id': 15238, 'context': 1, 'bonus_lists': [6655, 1709], 'modifiers': [{'type': 9, 'value': 30}, {'type': 28, 'value': 205}]}"
1758927366,VERY_LONG,45000,1,,,{'id': 1529}
1758927383,VERY_LONG,,1,42199100,,"{'id': 8294, 'context': 1, 'bonus_lists': [6654], 'modifiers': [{'type': 9, 'value': 30}, {'type': 28, 'value': 205}]}"
1758927385,VERY_LONG,,1,1830000,,"{'id': 171390, 'context': 13, 'modifiers': [{'type': 29, 'value': 32}, {'type': 30, 'value': 40}]}"
1758927389,VERY_LONG,,1,1830000,,"{'id': 171390, 'context': 13, 'modifiers': [{'type': 29, 'value': 36}, {'type': 30, 'value': 49}]}"
1758927390,VERY_LONG,,1,1830000,,"{'id': 171390, 'context': 13, 'modifiers': [{'type': 29, 'value': 49}, {'type': 30, 'value': 40}]}"
1758927394,VERY_LONG,,1,1830000,,"{'id': 171390, 'context': 13, 'modifiers': [{'type': 29, 'value': 49}, {'type': 30, 'value': 36}]}"
1758927401,VERY_LONG,,1,4969600,,"{'id': 8286, 'context': 1, 'bonus_lists': [6654], 'modifiers': [{'type': 9, 'value': 30}, {'type': 28, 'value': 205}]}"
1758927418,VERY_LONG,,1,15312700,,"{'id': 25303, 'context': 1, 'bonus_lists': [6655, 1694], 'modifiers': [{'type': 9, 'value': 30}, {'type': 28, 'value': 222}]}"
1758927430,VERY_LONG,,1,19917900,,"{'id': 15775, 'context': 1, 'modifiers': [{'type': 28, 'value': 205}]}"
1758927444,VERY_LONG,,1,22642200,,"{'id': 55683, 'context': 5, 'bonus_lists': [1708]}"
1758927472,VERY_LONG,,1,30001900,,"{'id': 25135, 'context': 1, 'bonus_lists': [6655, 1681], 'modifiers': [{'type': 9, 'value': 30}, {'type': 28, 'value': 222}]}"
1758927501,VERY_LONG,,1,480000,,"{'id': 172240, 'context': 13, 'bonus_lists': [6885], 'modifiers': [{'type': 9, 'value': 50}, {'type': 28, 'value': 391}, {'type': 29, 'value': 40}, {'type': 30, 'value': 32}]}"
1758927512,VERY_LONG,,1,19917900,,"{'id': 15775, 'context': 1, 'modifiers': [{'type': 28, 'value': 205}]}"
1758927535,LONG,514900,30,,,{'id': 172051}
1758927540,LONG,7000000,20,,,{'id': 171349}
1758927550,LONG,,1,911100,,"{'id': 173200, 'context': 1, 'bonus_lists': [6885], 'modifiers': [{'type': 9, 'value': 54}, {'type': 28, 'value': 391}, {'type': 29, 'value': 32}, {'type': 30, 'value': 40}]}"
1758927556,LONG,,1,17898000,,"{'id': 184480, 'context': 0}"
1758927561,LONG,,1,17898000,,"{'id': 184480, 'context': 0}"
1758927567,VERY_LONG,,1,610000,,"{'id': 172236, 'context': 13, 'bonus_lists': [6887], 'modifiers': [{'type': 9, 'value': 50}, {'type': 28, 'value': 391}, {'type': 29, 'value': 36}, {'type': 30, 'value': 32}]}"
1758927570,LONG,,1,17898000,,"{'id': 184480, 'context': 0}"
1758927572,LONG,,1,17898000,,"{'id': 184480, 'context': 0}"
1758927578,LONG,,1,17898000,,"{'id': 184480, 'context': 0}"
1758927582,LONG,,1,17898000,,"{'id': 184480, 'context': 0}"
1758927583,VERY_LONG,,1,18806800,,"{'id': 24650, 'context': 1, 'bonus_lists': [6654, 1708], 'modifiers': [{'type': 9, 'value': 30}, {'type': 28, 'value': 222}]}"
1758927588,LONG,,1,17898000,,"{'id': 184480, 'context': 0}"
1758927592,LONG,,1,17898000,,"{'id': 184480, 'context': 0}"
1758927596,LONG,,1,17898000,,"{'id': 184480, 'context': 0}"
1758927600,LONG,1027800,30,,,{'id': 172041}
1758927604,LONG,,1,4525700,,"{'id': 173221, 'context': 1, 'bonus_lists': [6893], 'modifiers': [{'type': 9, 'value': 54}, {'type': 28, 'value': 391}, {'type': 29, 'value': 36}, {'type': 30, 'value': 49}]}"
1758927608,VERY_LONG,,1,25000000,,"{'id': 24746, 'context': 1, 'bonus_lists': [6654, 1692], 'modifiers': [{'type': 9, 'value': 30}, {'type': 28, 'value': 222}]}"
1758927609,LONG,,1,4525700,,"{'id': 173221, 'context': 1, 'bonus_lists': [6893], 'modifiers': [{'type': 9, 'value': 54}, {'type': 28, 'value': 391}, {'type': 29, 'value': 40}, {'type': 30, 'value': 32}]}"
1758927614,LONG,,1,4525700,,"{'id': 173221, 'context': 1, 'bonus_lists': [6893], 'modifiers': [{'type': 9, 'value': 54}, {'type': 28, 'value': 391}, {'type': 29, 'value': 36}, {'type': 30, 'value': 40}]}"
1758927624,LONG,280000,18,,,{'id': 172044}
1758927628,VERY_LONG,,1,15116100,,"{'id': 15238, 'context': 1, 'bonus_lists': [6655, 1692], 'modifiers': [{'type': 9, 'value': 30}, {'type': 28, 'value': 205}]}"
1758927655,VERY_LONG,,1,45443800,,"{'id': 10065, 'context': 1, 'bonus_lists': [6654, 1678], 'modifiers': [{'type': 9, 'value': 30}, {'type': 28, 'value': 205}]}"
1758927666,VERY_LONG,,1,23310000,,"{'id': 176769, 'context': 0, 'bonus_lists': [6907, 6652, 1690], 'modifiers': [{'type': 9, 'value': 53}, {'type': 28, 'value': 1324}]}"
1758927672,VERY_LONG,,1,13406400,,"{'id': 10225, 'context': 1, 'bonus_lists': [6654, 1692], 'modifiers': [{'type': 9, 'value': 30}, {'type': 28, 'value': 205}]}"
1758927694,VERY_LONG,1550600,20,,,{'id': 24511}
1758927745,VERY_LONG,270000,7,,,{'id': 74721}
1758927749,VERY_LONG,,1,19007600,,"{'id': 116584, 'context': 22, 'bonus_lists': [6655, 57, 550], 'modifiers': [{'type': 9, 'value': 40}, {'type': 28, 'value': 1140}]}"
1758927774,VERY_LONG,1990000,4,,,{'id': 74713}
1758927778,VERY_LONG,,1,49000700,,"{'id': 106445, 'context': 22, 'bonus_lists': [6654, 25], 'modifiers': [{'type': 9, 'value': 40}, {'type': 28, 'value': 1144}]}"
1758927788,VERY_LONG,,1,44002400,,"{'id': 24729, 'context': 1, 'bonus_lists': [6654, 1693], 'modifiers': [{'type': 9, 'value': 30}, {'type': 28, 'value': 222}]}"
1758927810,VERY_LONG,,1,2005400,,"{'id': 4333, 'context': 0}"
1758927837,VERY_LONG,101600,2,,,{'id': 38782}
1758927849,VERY_LONG,,1,16200000,,"{'id': 31180, 'context': 1, 'bonus_lists': [6658], 'modifiers': [{'type': 9, 'value': 30}, {'type': 28, 'value': 222}]}"
1758927886,VERY_LONG,6810000,6,,,{'id': 38822}
1758927889,VERY_LONG,,1,7795800,,"{'id': 25190, 'context': 1, 'bonus_lists': [6655, 1695], 'modifiers': [{'type': 9, 'value': 30}, {'type': 28, 'value': 222}]}"
1758927899,VERY_LONG,,1,33717400,,"{'id': 24854, 'context': 1, 'bonus_lists': [6654, 1706], 'modifiers': [{'type': 9, 'value': 30}, {'type': 28, 'value': 222}]}"
1758927938,VERY_LONG,,1,10005600,,"{'id': 25188, 'context': 1, 'bonus_lists': [6655, 1680], 'modifiers': [{'type': 9, 'value': 30}, {'type': 28, 'value': 222}]}"
1758927943,VERY_LONG,101600,7,,,{'id': 38928}
1758927961,VERY_LONG,,1,50000000,,"{'id': 9406, 'context': 1, 'bonus_lists': [6710], 'modifiers': [{'type': 9, 'value': 30}, {'type': 28, 'value': 217}]}"
1758927987,VERY_LONG,,1,47074200,,"{'id': 6424, 'context': 1, 'bonus_lists': [6654], 'modifiers': [{'type': 9, 'value': 30}, {'type': 28, 'value': 217}]}"
1758928010,VERY_LONG,,1,42259300,,"{'id': 4063, 'context': 1, 'bonus_lists': [6654], 'modifiers': [{'type': 9, 'value': 30}, {'type': 28, 'value': 217}]}"
1758928031,VERY_LONG,,1,30002600,,"{'id': 5009, 'context': 1, 'bonus_lists': [6654], 'modifiers': [{'type': 9, 'value': 30}, {'type': 28, 'value': 217}]}"
1758928041,VERY_LONG,5480000,9,,,{'id': 38848}
1758928060,VERY_LONG,,1,33966400,,"{'id': 9883, 'context': 1, 'bonus_lists': [6654, 1709], 'modifiers': [{'type': 9, 'value': 30}, {'type': 28, 'value': 217}]}"
1758928075,VERY_LONG,1550600,11,,,{'id': 24511}
1758928095,VERY_LONG,,1,4002000,,"{'id': 15749, 'context': 1, 'modifiers': [{'type': 28, 'value': 205}]}"
1758929114,VERY_LONG,,1,40006000,,"{'id': 24754, 'context': 1, 'bonus_lists': [6654, 1707], 'modifiers': [{'type': 9, 'value': 30}, {'type': 28, 'value': 222}]}"
1758929129,VERY_LONG,,1,5082400,,"{'id': 10376, 'context': 1, 'bonus_lists': [6654, 1705], 'modifiers': [{'type': 9, 'value': 30}, {'type': 28, 'value': 205}]}"
1758929132,VERY_LONG,251600,12,,,{'id': 38914}
1758929144,VERY_LONG,,1,20000000,,"{'id': 24647, 'context': 1, 'bonus_lists': [6654, 1681], 'modifiers': [{'type': 9, 'value': 30}, {'type': 28, 'value': 222}]}"
1758929156,VERY_LONG,,1,58251800,,"{'id': 25134, 'context': 1, 'bonus_lists': [6655, 1691], 'modifiers': [{'type': 9, 'value': 30}, {'type': 28, 'value': 222}]}"
1758929174,VERY_LONG,,1,18026300,,"{'id': 25316, 'context': 1, 'bonus_lists': [6655, 1695], 'modifiers': [{'type': 9, 'value': 30}, {'type': 28, 'value': 222}]}"
1758929182,VERY_LONG,,1,13009800,,"{'id': 25400, 'context': 1, 'bonus_lists': [6657], 'modifiers': [{'type': 9, 'value': 30}, {'type': 28, 'value': 222}]}"
1758929203,VERY_LONG,1027800,20,,,{'id': 172041}
1758929204,VERY_LONG,101600,4,,,{'id': 38971}
1758929210,VERY_LONG,,1,50007500,,"{'id': 25148, 'context': 1, 'bonus_lists': [6655, 1707], 'modifiers': [{'type': 9, 'value': 30}, {'type': 28, 'value': 222}]}"
1758929230,VERY_LONG,4670000,12,,,{'id': 74727}
1758929241,VERY_LONG,,1,120004400,,"{'id': 25261, 'context': 1, 'bonus_lists': [6655, 1708], 'modifiers': [{'type': 9, 'value': 30}, {'type': 28, 'value': 222}]}"
1758929250,LONG,3999700,4,,,{'id': 172364}
1758929261,VERY_LONG,10000,15,,,{'id': 38833}
1758929265,VERY_LONG,,1,16003000,,"{'id': 24959, 'context': 1, 'bonus_lists': [6654, 1694], 'modifiers': [{'type': 9, 'value': 30}, {'type': 28, 'value': 222}]}"
1758929274,VERY_LONG,,1,25008300,,"{'id': 24741, 'context': 1, 'bonus_lists': [6654, 1691], 'modifiers': [{'type': 9, 'value': 30}, {'type': 28, 'value': 222}]}"
1758929302,VERY_LONG,101600,5,,,{'id': 52755}
1758929432,VERY_LONG,750000,14,,,{'id': 74710}
1758929600,VERY_LONG,50000000,1,,,{'id': 38987}
1758929651,VERY_LONG,,1,88002000,,"{'id': 24978, 'context': 1, 'bonus_lists': [6654, 1709], 'modifiers': [{'type': 9, 'value': 30}, {'type': 28, 'value': 222}]}"
1758929665,VERY_LONG,100000,1,,,{'id': 153435}
1758929700,VERY_LONG,,1,400000000,,"{'id': 172321, 'context': 66, 'bonus_lists': [6758, 7193, 1532]}"
1758929712,VERY_LONG,,1,37810000,,"{'id': 31202, 'context': 1, 'bonus_lists': [6658], 'modifiers': [{'type': 9, 'value': 30}, {'type': 28, 'value': 222}]}"
1758929725,VERY_LONG,3690000,1,,,{'id': 74717}
1758929733,VERY_LONG,,1,14615100,,"{'id': 25078, 'context': 1, 'bonus_lists': [6655, 1705], 'modifiers': [{'type': 9, 'value': 30}, {'type': 28, 'value': 222}]}"
1758929753,VERY_LONG,198000,167,,,{'id': 89112}
1758929782,VERY_LONG,10000,1,,,{'id': 38867}
1758929789,VERY_LONG,,1,4202600,,"{'id': 24745, 'context': 1, 'bonus_lists': [6654, 1705], 'modifiers': [{'type': 9, 'value': 30}, {'type': 28, 'value': 222}]}"
1758929795,VERY_LONG,244500,11,,,{'id': 82441}
1758929803,VERY_LONG,,1,95002200,,"{'id': 9881, 'context': 1, 'bonus_lists': [6654, 1693], 'modifiers': [{'type': 9, 'value': 30}, {'type': 28, 'value': 217}]}"
1758929815,VERY_LONG,2459800,5,,,{'id': 76061}
1758929816,VERY_LONG,,1,10577000,,"{'id': 15322, 'context': 1, 'bonus_lists': [6655], 'modifiers': [{'type': 9, 'value': 30}, {'type': 28, 'value': 217}]}"
1758929832,VERY_LONG,,1,40008200,,"{'id': 9879, 'context': 1, 'bonus_lists': [6654, 1677], 'modifiers': [{'type': 9, 'value': 30}, {'type': 28, 'value': 217}]}"
1758929846,VERY_LONG,101600,10,,,{'id': 38857}
1758929847,VERY_LONG,,1,29475900,,"{'id': 4727, 'context': 1, 'bonus_lists': [6654], 'modifiers': [{'type': 9, 'value': 30}, {'type': 28, 'value': 217}]}"
1758929853,VERY_LONG,8000,793,,,{'id': 72988}
1758929856,VERY_LONG,,1,47773200,,"{'id': 9856, 'context': 1, 'bonus_lists': [6654, 1691], 'modifiers': [{'type': 9, 'value': 30}, {'type': 28, 'value': 217}]}"
1758929870,VERY_LONG,,1,37499700,,"{'id': 24851, 'context': 1, 'bonus_lists': [6654, 1694], 'modifiers': [{'type': 9, 'value': 30}, {'type': 28, 'value': 222}]}"
1758929871,VERY_LONG,1180000,12,,,{'id': 72238}
1758929884,VERY_LONG,,1,11930100,,"{'id': 7473, 'context': 1, 'bonus_lists': [6654, 1708], 'modifiers': [{'type': 9, 'value': 30}, {'type': 28, 'value': 217}]}"
1758929885,VERY_LONG,4880000,8,,,{'id': 89737}
1758929904,VERY_LONG,,1,25000000,,"{'id': 9886, 'context': 1, 'bonus_lists': [6654, 1693], 'modifiers': [{'type': 9, 'value': 30}, {'type': 28, 'value': 217}]}"
1758929926,VERY_LONG,58400000,1,,,{'id': 38847}
1758929929,VERY_LONG,257000,12,,,{'id': 72103}
1758929944,VERY_LONG,259000,9,,,{'id': 72094}
1758929950,VERY_LONG,,1,13007500,,"{'id': 9874, 'context': 1, 'bonus_lists': [6654, 1679], 'modifiers': [{'type': 9, 'value': 30}, {'type': 28, 'value': 217}]}"
1758929961,VERY_LONG,,1,15639800,,"{'id': 7476, 'context': 1, 'bonus_lists': [6654, 1694], 'modifiers': [{'type': 9, 'value': 30}, {'type': 28, 'value': 217}]}"
1758929963,VERY_LONG,92000,140,,,{'id': 72092}
1758929984,VERY_LONG,3600000,4,,,{'id': 173172}
1758929987,VERY_LONG,,1,13000800,,"{'id': 4299, 'context': 1, 'modifiers': [{'type': 28, 'value': 217}]}"
1758929997,VERY_LONG,360000,6,,,{'id': 173036}
1758929998,VERY_LONG,,1,25000000,,"{'id': 82402, 'context': 0, 'bonus_lists': [1706, 7176], 'modifiers': [{'type': 9, 'value': 52}]}"
1758930006,VERY_LONG,135000,6,,,{'id': 173035}
1758930010,VERY_LONG,,1,9981900,,"{'id': 3868, 'context': 1, 'modifiers': [{'type': 28, 'value': 217}]}"
1758930017,VERY_LONG,450000,9,,,{'id': 173034}
1758930027,VERY_LONG,,1,230000,,"{'id': 86382, 'context': 0}"
1758930033,VERY_LONG,299900,6,,,{'id': 173033}
1758930052,VERY_LONG,24300,106,,,{'id': 173032}
1758930069,VERY_LONG,,1,27708800,,"{'id': 15244, 'context': 1, 'bonus_lists': [6655, 1678], 'modifiers': [{'type': 9, 'value': 30}, {'type': 28, 'value': 217}]}"
1758930080,VERY_LONG,,1,25000000,,"{'id': 4041, 'context': 1, 'bonus_lists': [6654], 'modifiers': [{'type': 9, 'value': 30}, {'type': 28, 'value': 217}]}"
1758930086,VERY_LONG,1609900,5,,,{'id': 172232}
1758930097,VERY_LONG,,1,95002200,,"{'id': 9881, 'context': 1, 'bonus_lists': [6654, 1708], 'modifiers': [{'type': 9, 'value': 30}, {'type': 28, 'value': 217}]}"
1758930107,VERY_LONG,,1,47074200,,"{'id': 6424, 'context': 1, 'bonus_lists': [6654], 'modifiers': [{'type': 9, 'value': 30}, {'type': 28, 'value': 217}]}"
1758930122,VERY_LONG,,1,14120700,,"{'id': 864, 'context': 1, 'bonus_lists': [6655, 1709], 'modifiers': [{'type': 9, 'value': 30}, {'type': 28, 'value': 217}]}"
1758930127,VERY_LONG,3008600,1,,,{'id': 171266}
1758930136,VERY_LONG,,1,66857700,,"{'id': 6433, 'context': 1, 'bonus_lists': [6654], 'modifiers': [{'type': 9, 'value': 30}, {'type': 28, 'value': 217}]}"
1758930155,VERY_LONG,,1,25000000,,"{'id': 9864, 'context': 1, 'bonus_lists': [6654, 1705], 'modifiers': [{'type': 9, 'value': 30}, {'type': 28, 'value': 217}]}"
1758930165,VERY_LONG,,1,9972100,,"{'id': 9877, 'context': 1, 'bonus_lists': [6654, 1680], 'modifiers': [{'type': 9, 'value': 30}, {'type': 28, 'value': 217}]}"
1758930176,VERY_LONG,,1,14120700,,"{'id': 864, 'context': 1, 'bonus_lists': [6655, 1694], 'modifiers': [{'type': 9, 'value': 30}, {'type': 28, 'value': 217}]}"
1758930187,VERY_LONG,,1,25000700,,"{'id': 98922, 'context': 0}"
1758930188,VERY_LONG,,1,25002600,,"{'id': 9902, 'context': 1, 'bonus_lists': [6654, 1706], 'modifiers': [{'type': 9, 'value': 30}, {'type': 28, 'value': 217}]}"
1758930192,VERY_LONG,,1,65008700,,"{'id': 4061, 'context': 1, 'bonus_lists': [6654], 'modifiers': [{'type': 9, 'value': 30}, {'type': 28, 'value': 217}]}"
1758930198,VERY_LONG,,1,36000200,,"{'id': 9929, 'context': 1, 'bonus_lists': [6654, 1678], 'modifiers': [{'type': 9, 'value': 30}, {'type': 28, 'value': 217}]}"
1758930203,VERY_LONG,,1,141252100,,"{'id': 7556, 'context': 1, 'bonus_lists': [6655, 1692], 'modifiers': [{'type': 9, 'value': 30}, {'type': 28, 'value': 217}]}"
1758930211,VERY_LONG,40000,1,,,{'id': 172055}
1758930215,VERY_LONG,,1,1550000,,"{'id': 172351, 'context': 13, 'bonus_lists': [7180], 'modifiers': [{'type': 9, 'value': 50}, {'type': 29, 'value': 49}, {'type': 30, 'value': 36}]}"
1758930216,VERY_LONG,,1,33523800,,"{'id': 4735, 'context': 1, 'bonus_lists': [6654], 'modifiers': [{'type': 9, 'value': 30}, {'type': 28, 'value': 217}]}"
1758930232,VERY_LONG,20000,3,,,{'id': 172054}
1758930240,VERY_LONG,,1,25002600,,"{'id': 9902, 'context': 1, 'bonus_lists': [6654, 1680], 'modifiers': [{'type': 9, 'value': 30}, {'type': 28, 'value': 217}]}"
1758930255,VERY_LONG,,1,87004800,,"{'id': 8746, 'context': 1, 'bonus_lists': [6656], 'modifiers': [{'type': 9, 'value': 30}, {'type': 28, 'value': 217}]}"
1758930271,VERY_LONG,,1,41973200,,"{'id': 6432, 'context': 1, 'bonus_lists': [6654], 'modifiers': [{'type': 9, 'value': 30}, {'type': 28, 'value': 217}]}"
1758930274,VERY_LONG,6230000,1,,,{'id': 112296}
1758930276,VERY_LONG,3500,18,,,{'id': 172052}
1758930279,VERY_LONG,,1,10957900,,"{'id': 9899, 'context': 1, 'bonus_lists': [6655, 1707], 'modifiers': [{'type': 9, 'value': 30}, {'type': 28, 'value': 217}]}"
1758930284,VERY_LONG,,1,7470000,,"{'id': 863, 'context': 1, 'bonus_lists': [6655, 1692], 'modifiers': [{'type': 9, 'value': 30}, {'type': 28, 'value': 217}]}"
1758930289,VERY_LONG,1000000,1,,,{'id': 37147}
1758930291,VERY_LONG,,1,17470400,,"{'id': 7431, 'context': 1, 'bonus_lists': [6654, 1709], 'modifiers': [{'type': 9, 'value': 30}, {'type': 28, 'value': 217}]}"
1758930300,VERY_LONG,,1,24950000,,"{'id': 15251, 'context': 1, 'bonus_lists': [6655, 1691], 'modifiers': [{'type': 9, 'value': 30}, {'type': 28, 'value': 217}]}"
1758930304,VERY_LONG,,1,15639800,,"{'id': 7476, 'context': 1, 'bonus_lists': [6654, 1678], 'modifiers': [{'type': 9, 'value': 30}, {'type': 28, 'value': 217}]}"
1758930308,VERY_LONG,,1,36000200,,"{'id': 9929, 'context': 1, 'bonus_lists': [6654, 1692], 'modifiers': [{'type': 9, 'value': 30}, {'type': 28, 'value': 217}]}"
1758930317,VERY_LONG,,1,65000000,,"{'id': 171417, 'context': 64, 'bonus_lists': [6717, 1507]}"
1758930318,VERY_LONG,,1,58998700,,"{'id': 7465, 'context': 1, 'bonus_lists': [6655, 1693], 'modifiers': [{'type': 9, 'value': 30}, {'type': 28, 'value': 217}]}"
1758930328,VERY_LONG,17600,14,,,{'id': 76092}
1758930333,VERY_LONG,,1,17757000,,"{'id': 4057, 'context': 1, 'bonus_lists': [6654], 'modifiers': [{'type': 9, 'value': 30}, {'type': 28, 'value': 217}]}"
1758930346,VERY_LONG,,1,7470000,,"{'id': 863, 'context': 1, 'bonus_lists': [6655, 1708], 'modifiers': [{'type': 9, 'value': 30}, {'type': 28, 'value': 217}]}"
1758930360,VERY_LONG,2260000,1,,,{'id': 82443}
1758930368,VERY_LONG,,1,9981900,,"{'id': 3868, 'context': 1, 'modifiers': [{'type': 28, 'value': 217}]}"
1758930381,VERY_LONG,,1,34921600,,"{'id': 7610, 'context': 1, 'bonus_lists': [6655], 'modifiers': [{'type': 9, 'value': 30}, {'type': 28, 'value': 217}]}"
1758930395,VERY_LONG,,1,25000000,,"{'id': 15929, 'context': 1, 'bonus_lists': [6655], 'modifiers': [{'type': 9, 'value': 30}, {'type': 28, 'value': 217}]}"
1758930397,VERY_LONG,780000,2,,,{'id': 57193}
1758930407,VERY_LONG,,1,7000000,,"{'id': 7489, 'context': 1, 'bonus_lists': [6654, 1695], 'modifiers': [{'type': 9, 'value': 30}, {'type': 28, 'value': 217}]}"
1758930418,VERY_LONG,,1,8467000,,"{'id': 3197, 'context': 1, 'bonus_lists': [6655, 1709], 'modifiers': [{'type': 9, 'value': 30}, {'type': 28, 'value': 217}]}"
1758930421,VERY_LONG,540000,1,,,{'id': 109221}
1758930432,VERY_LONG,,1,10006800,,"{'id': 4070, 'context': 1, 'bonus_lists': [6655], 'modifiers': [{'type': 9, 'value': 30}, {'type': 28, 'value': 217}]}"
1758930454,VERY_LONG,,1,15002000,,"{'id': 7470, 'context': 1, 'bonus_lists': [6654, 1679], 'modifiers': [{'type': 9, 'value': 30}, {'type': 28, 'value': 217}]}"
1758930487,VERY_LONG,,1,5000000,,"{'id': 21940, 'context': 1, 'modifiers': [{'type': 28, 'value': 217}]}"
1758930511,VERY_LONG,,1,7470000,,"{'id': 863, 'context': 1, 'bonus_lists': [6655, 1707], 'modifiers': [{'type': 9, 'value': 30}, {'type': 28, 'value': 217}]}"
1758930534,VERY_LONG,,1,40008200,,"{'id': 9879, 'context': 1, 'bonus_lists': [6654, 1709], 'modifiers': [{'type': 9, 'value': 30}, {'type': 28, 'value': 217}]}"
1758930551,VERY_LONG,,1,9783000,,"{'id': 12042, 'context': 1, 'bonus_lists': [6654, 1691], 'modifiers': [{'type': 9, 'value': 30}, {'type': 28, 'value': 217}]}"
1758930564,VERY_LONG,7500,3,,,{'id': 58143}
1758930565,VERY_LONG,,1,34002000,,"{'id': 9876, 'context': 1, 'bonus_lists': [6654, 1692], 'modifiers': [{'type': 9, 'value': 30}, {'type': 28, 'value': 217}]}"
1758930579,VERY_LONG,,1,28000000,,"{'id': 9397, 'context': 1, 'bonus_lists': [6710], 'modifiers': [{'type': 9, 'value': 30}, {'type': 28, 'value': 217}]}"
1758930588,VERY_LONG,1600000,2,,,{'id': 172232}
1758930592,VERY_LONG,,1,315841500,,"{'id': 6422, 'context': 1, 'bonus_lists': [6654], 'modifiers': [{'type': 9, 'value': 30}, {'type': 28, 'value': 217}]}"
1758930610,VERY_LONG,,1,69972100,,"{'id': 9859, 'context': 1, 'bonus_lists': [6654, 1708], 'modifiers': [{'type': 9, 'value': 30}, {'type': 28, 'value': 217}]}"
1758930634,VERY_LONG,51900,2,,,{'id': 151608}
1758930669,VERY_LONG,300000,2462,,,{'id': 172096}
1758930695,VERY_LONG,500000,20,,,{'id': 116981}
1758930734,VERY_LONG,500000,17,,,{'id': 154169}
1758930775,VERY_LONG,25000000,1,,,{'id': 38991}
1758930820,VERY_LONG,10009100,4,,,{'id': 38937}
1758930835,VERY_LONG,2450000,1,,,{'id': 52743}
1758930841,VERY_LONG,799000,53,,,{'id': 172045}
1758930848,VERY_LONG,1480000,7,,,{'id': 74707}
1758930851,VERY_LONG,3500000,96,,,{'id': 172347}
1758930858,LONG,499600,4,,,{'id': 172921}
1758930869,VERY_LONG,2550000,170,,,{'id': 173171}
1758930881,VERY_LONG,251600,1,,,{'id': 44947}
1758930885,VERY_LONG,,1,750004300,,"{'id': 184803, 'context': 0, 'bonus_lists': [6652, 1472, 6646], 'modifiers': [{'type': 28, 'value': 2060}]}"
1758930902,VERY_LONG,1000000,950,,,{'id': 173057}
1758930905,VERY_LONG,1600000,3,,,{'id': 172232}
1758930916,VERY_LONG,604400,324,,,{'id': 173056}
1758930921,VERY_LONG,251600,5,,,{'id': 38955}
1758930932,VERY_LONG,1990000,23,,,{'id': 175788}
1758930969,VERY_LONG,15009900,9,,,{'id': 52744}
1758931002,VERY_LONG,15000300,1,,,{'id': 39003}
1758931026,VERY_LONG,251600,1,,,{'id': 38825}
1758932105,VERY_LONG,15003300,1,,,{'id': 52751}
1758932130,VERY_LONG,21100,15,,,{'id': 172092}
1758932148,VERY_LONG,108800,32,,,{'id': 152512}
1758932182,VERY_LONG,5007000,11,,,{'id': 38976}
1758932208,VERY_LONG,,1,3999100,,"{'id': 172257, 'context': 13, 'bonus_lists': [6893], 'modifiers': [{'type': 9, 'value': 60}, {'type': 28, 'value': 391}, {'type': 29, 'value': 49}, {'type': 30, 'value': 32}]}"
1758932245,VERY_LONG,251600,2,,,{'id': 38841}
1758932307,VERY_LONG,,1,99990300,,"{'id': 4298, 'context': 0}"
1758932316,VERY_LONG,251600,5,,,{'id': 38992}
1758932354,VERY_LONG,148500,2,,,{'id': 172050}
1758932382,VERY_LONG,9500,12,,,{'id': 172068}
1758932391,VERY_LONG,2501600,1,,,{'id': 44458}
1758932397,VERY_LONG,9900,15,,,{'id': 172069}
1758932417,VERY_LONG,165800,6,,,{'id': 123919}
1758932421,VERY_LONG,100000,6,,,{'id': 172040}
1758932451,VERY_LONG,251600,18,,,{'id': 38808}
1758932457,VERY_LONG,2200000,1,,,{'id': 184090}
1758932482,VERY_LONG,1950000,1,,,{'id': 163222}
1758932487,VERY_LONG,64900,3,,,{'id': 152579}
1758932492,VERY_LONG,1400000,10,,,{'id': 172233}
1758932520,VERY_LONG,2500000,10,,,{'id': 38845}
1758932537,VERY_LONG,1509900,13,,,{'id': 171351}
1758932540,VERY_LONG,73900,12,,,{'id': 168185}
1758932559,VERY_LONG,7000000,3,,,{'id': 171349}
1758932586,VERY_LONG,2466800,3,,,{'id': 171275}
1758932612,VERY_LONG,1490000,5,,,{'id': 171274}
1758932624,VERY_LONG,9900000,5,,,{'id': 172042}
1758932634,VERY_LONG,130000,10,,,{'id': 171271}
1758932734,VERY_LONG,1888500,2,,,{'id': 52078}
1758932755,VERY_LONG,,1,121700,,"{'id': 11983, 'context': 1, 'bonus_lists': [6654, 1705], 'modifiers': [{'type': 9, 'value': 30}, {'type': 28, 'value': 210}]}"
1758932765,VERY_LONG,735700,1,,,{'id': 154120}
1758932787,VERY_LONG,,1,128200,,"{'id': 9821, 'context': 1, 'bonus_lists': [6654, 1681], 'modifiers': [{'type': 9, 'value': 30}, {'type': 28, 'value': 210}]}"
1758932802,VERY_LONG,129700,1,,,{'id': 52979}
1758932831,VERY_LONG,,1,150200,,"{'id': 121115, 'context': 0, 'bonus_lists': [6654, 41, 1681], 'modifiers': [{'type': 9, 'value': 45}, {'type': 28, 'value': 334}]}"
1758932883,VERY_LONG,9900000,2,,,{'id': 172042}
1758932884,VERY_LONG,356300,20,,,{'id': 52183}
1758932895,VERY_LONG,5000,200,,,{'id': 109124}
1758932906,VERY_LONG,,1,351800,,"{'id': 6661, 'context': 0, 'modifiers': [{'type': 28, 'value': 16}]}"
1758932952,LONG,12500000,1,,,{'id': 92741}
1758932972,LONG,,1,8800000,,"{'id': 82800, 'context': 0, 'modifiers': [{'type': 6, 'value': 44655}], 'pet_breed_id': 8, 'pet_level': 1, 'pet_quality_id': 3, 'pet_species_id': 650}"
1758932976,LONG,,1,2830000,,"{'id': 82800, 'context': 0, 'modifiers': [{'type': 6, 'value': 99114}], 'pet_breed_id': 8, 'pet_level': 1, 'pet_quality_id': 3, 'pet_species_id': 3046}"
1758932986,LONG,,1,60000,,"{'id': 82800, 'context': 0, 'modifiers': [{'type': 6, 'value': 99900}], 'pet_breed_id': 18, 'pet_level': 1, 'pet_quality_id': 2, 'pet_species_id': 2909}"
1758932997,LONG,,1,1900000,,"{'id': 82800, 'context': 0, 'modifiers': [{'type': 6, 'value': 79711}], 'pet_breed_id': 7, 'pet_level': 1, 'pet_quality_id': 3, 'pet_species_id': 2092}"
1758933008,LONG,,1,2000000,,"{'id': 82800, 'context': 0, 'modifiers': [{'type': 6, 'value': 71972}], 'pet_breed_id': 8, 'pet_level': 1, 'pet_quality_id': 3, 'pet_species_id': 2091}"
1758933017,LONG,,1,4550000,,"{'id': 82800, 'context': 0, 'modifiers': [{'type': 6, 'value': 38283}], 'pet_breed_id': 20, 'pet_level': 1, 'pet_quality_id': 3, 'pet_species_id': 2089}"
1758933027,LONG,,1,950000,,"{'id': 82800, 'context': 0, 'modifiers': [{'type': 6, 'value': 79709}], 'pet_breed_id': 9, 'pet_level': 1, 'pet_quality_id': 3, 'pet_species_id': 2088}"
1758933037,LONG,,1,3990000,,"{'id': 82800, 'context': 0, 'modifiers': [{'type': 6, 'value': 45289}], 'pet_breed_id': 18, 'pet_level': 1, 'pet_quality_id': 3, 'pet_species_id': 2087}"
1758933065,LONG,,1,4500000,,"{'id': 82800, 'context': 0, 'modifiers': [{'type': 6, 'value': 79707}], 'pet_breed_id': 10, 'pet_level': 1, 'pet_quality_id': 3, 'pet_species_id': 2086}"
1758933105,LONG,,1,33820000,,"{'id': 82800, 'context': 0, 'modifiers': [{'type': 6, 'value': 79638}], 'pet_breed_id': 4, 'pet_level': 1, 'pet_quality_id': 3, 'pet_species_id': 2083}"
1758933137,LONG,,1,79490000,,"{'id': 82800, 'context': 0, 'modifiers': [{'type': 6, 'value': 79634}], 'pet_breed_id': 22, 'pet_level': 1, 'pet_quality_id': 3, 'pet_species_id': 2079}"
1758933171,LONG,,1,24000000,,"{'id': 82800, 'context': 0, 'modifiers': [{'type': 6, 'value': 74513}], 'pet_breed_id': 3, 'pet_level': 1, 'pet_quality_id': 3, 'pet_species_id': 2001}"
1758933198,LONG,,1,2400000,,"{'id': 82800, 'context': 0, 'modifiers': [{'type': 6, 'value': 73671}], 'pet_breed_id': 4, 'pet_level': 1, 'pet_quality_id': 3, 'pet_species_id': 1955}"
1758933231,LONG,,1,156880000,,"{'id': 82800, 'context': 0, 'modifiers': [{'type': 6, 'value': 73308}], 'pet_breed_id': 10, 'pet_level': 1, 'pet_quality_id': 3, 'pet_species_id': 1949}"
1758933281,LONG,,1,14110000,,"{'id': 82800, 'context': 0, 'pet_breed_id': 21, 'pet_level': 1, 'pet_quality_id': 3, 'pet_species_id': 1889}"
1758933331,LONG,,1,5550000,,"{'id': 82800, 'context': 0, 'modifiers': [{'type': 6, 'value': 61898}], 'pet_breed_id': 3, 'pet_level': 1, 'pet_quality_id': 3, 'pet_species_id': 1634}"
1758933353,LONG,,1,80990000,,"{'id': 82800, 'context': 0, 'modifiers': [{'type': 6, 'value': 40224}], 'pet_breed_id': 15, 'pet_level': 1, 'pet_quality_id': 3, 'pet_species_id': 1631}"
1758933396,LONG,,1,24550000,,"{'id': 82800, 'context': 0, 'modifiers': [{'type': 6, 'value': 60975}], 'pet_breed_id': 13, 'pet_level': 1, 'pet_quality_id': 3, 'pet_species_id': 1600}"
1758933436,LONG,,1,52800,,"{'id': 82800, 'context': 0, 'modifiers': [{'type': 6, 'value': 61547}], 'pet_breed_id': 8, 'pet_level': 1, 'pet_quality_id': 2, 'pet_species_id': 1540}"
1758933469,LONG,,1,900000,,"{'id': 82800, 'context': 0, 'modifiers': [{'type': 6, 'value': 61548}], 'pet_breed_id': 5, 'pet_level': 1, 'pet_quality_id': 2, 'pet_species_id': 1538}"
1758933497,LONG,,1,12000000,,"{'id': 82800, 'context': 0, 'modifiers': [{'type': 6, 'value': 59602}], 'pet_breed_id': 8, 'pet_level': 1, 'pet_quality_id': 2, 'pet_species_id': 1532}"
1758933515,LONG,,1,13009900,,"{'id': 82800, 'context': 0, 'modifiers': [{'type': 6, 'value': 59577}], 'pet_breed_id': 17, 'pet_level': 1, 'pet_quality_id': 3, 'pet_species_id': 1531}"
1758933519,LONG,,1,3458300,,"{'id': 82800, 'context': 0, 'modifiers': [{'type': 6, 'value': 58722}], 'pet_breed_id': 17, 'pet_level': 1, 'pet_quality_id': 3, 'pet_species_id': 1416}"
1758933532,LONG,,1,175840000,,"{'id': 82800, 'context': 0, 'pet_breed_id': 16, 'pet_level': 1, 'pet_quality_id': 3, 'pet_species_id': 1395}"
1758933537,LONG,,1,4360000,,"{'id': 82800, 'context': 0, 'modifiers': [{'type': 6, 'value': 49289}], 'pet_breed_id': 5, 'pet_level': 1, 'pet_quality_id': 3, 'pet_species_id': 1320}"
1758933539,LONG,,1,59500000,,"{'id': 82800, 'context': 0, 'modifiers': [{'type': 6, 'value': 16587}], 'pet_breed_id': 3, 'pet_level': 1, 'pet_quality_id': 2, 'pet_species_id': 128}"
1758933542,LONG,,1,264700,,"{'id': 82800, 'context': 0, 'modifiers': [{'type': 6, 'value': 15663}], 'pet_breed_id': 13, 'pet_level': 1, 'pet_quality_id': 2, 'pet_species_id': 120}"
1758933555,LONG,,1,90000,,"{'id': 21308, 'context': 11, 'modifiers': [{'type': 28, 'value': 420}]}"
1758933594,LONG,,1,30000000,,"{'id': 151645, 'context': 11}"
1758933828,LONG,9900000,3,,,{'id': 172042}
1758933831,LONG,30500000,1,,,{'id': 180457}
1758935606,VERY_LONG,,1,169999900,,"{'id': 172316, 'context': 63, 'bonus_lists': [6716, 1487]}"
1758935607,VERY_LONG,,1,169999900,,"{'id': 172316, 'context': 63, 'bonus_lists': [6716, 1487]}"
1758935774,VERY_LONG,,1,37990000,,"{'id': 172327, 'context': 63, 'bonus_lists': [6716, 1487]}"
1758935781,VERY_LONG,,1,37990000,,"{'id': 172327, 'context': 63, 'bonus_lists': [6716, 1487]}"
1758935784,VERY_LONG,,1,37990000,,"{'id': 172327, 'context': 63, 'bonus_lists': [6716, 1487]}"
1758935889,VERY_LONG,280000,435,,,{'id': 171267}
1758935899,VERY_LONG,15000,131,,,{'id': 179314}
1758935915,VERY_LONG,40500,16,,,{'id': 179315}
1758937337,VERY_LONG,,1,100000000,,"{'id': 159540, 'context': 0, 'bonus_lists': [6655, 1696], 'modifiers': [{'type': 9, 'value': 50}, {'type': 28, 'value': 704}]}"
1758937364,VERY_LONG,,1,1000000000,,"{'id': 71037, 'context': 14, 'modifiers': [{'type': 28, 'value': 870}]}"
1758937372,VERY_LONG,,1,299702600,,"{'id': 38090, 'context': 14, 'modifiers': [{'type': 28, 'value': 870}]}"
1758937471,VERY_LONG,208800,2,,,{'id': 72162}
1758937481,VERY_LONG,13377000,1,,,{'id': 31917}
1758937489,VERY_LONG,130000,635,,,{'id': 169701}
1758937491,VERY_LONG,99959500,1,,,{'id': 31916}
1758937500,VERY_LONG,40500,4,,,{'id': 179315}
1758937523,VERY_LONG,15000,4,,,{'id': 179314}
1758937649,VERY_LONG,2989800,29,,,{'id': 173037}
1758937669,VERY_LONG,450000,34,,,{'id': 173034}
1758937705,VERY_LONG,299900,6,,,{'id': 173033}
1758937856,VERY_LONG,40000,8,,,{'id': 172055}
1758937895,VERY_LONG,20000,8,,,{'id': 172054}
1758937931,VERY_LONG,3500,41,,,{'id': 172052}
1758937956,LONG,390000,5,,,{'id': 104099}
1758938026,LONG,130000,5,,,{'id': 104108}
1758938085,VERY_LONG,,1,354420200,,"{'id': 178926, 'context': 66, 'bonus_lists': [6758, 7193, 1532]}"
1758938098,VERY_LONG,,1,188603400,,"{'id': 178927, 'context': 65, 'bonus_lists': [6718, 7193, 1522]}"
1758938101,VERY_LONG,,1,188603400,,"{'id': 178927, 'context': 65, 'bonus_lists': [6718, 7193, 1522]}"
1758938105,VERY_LONG,,1,134388000,,"{'id': 178927, 'context': 64, 'bonus_lists': [6717, 7194, 1507]}"
1758938110,VERY_LONG,,1,134388000,,"{'id': 178927, 'context': 64, 'bonus_lists': [6717, 7193, 1507]}"
1758938112,VERY_LONG,,1,195014400,,"{'id': 178927, 'context': 66, 'bonus_lists': [6758, 7193, 1532]}"
1758938172,LONG,249900,75,,,{'id': 3575}
1758938180,VERY_LONG,130000,16,,,{'id': 169701}
1758938196,VERY_LONG,40500,4,,,{'id': 179315}
1758938212,VERY_LONG,15000,3,,,{'id': 179314}
1758938221,VERY_LONG,20000,3,,,{'id': 172054}
1758938227,VERY_LONG,360000,2,,,{'id': 173036}
1758938245,VERY_LONG,60000,11,,,{'id': 172089}
1758938250,VERY_LONG,24300,7,,,{'id': 173032}
1758938326,VERY_LONG,3500,1,,,{'id': 172052}
1758938402,LONG,100000,20,,,{'id': 783}
1758938411,VERY_LONG,15000,2,,,{'id': 179314}
1758938470,VERY_LONG,40000,1,,,{'id': 172055}
1758938545,LONG,5000,50,,,{'id': 156930}
1758938597,VERY_LONG,60000,24,,,{'id': 172089}
1758938615,LONG,70000,200,,,{'id': 2996}
1758938627,LONG,1002500,1,,,{'id': 87277}
1758938633,LONG,42217900,1,,,{'id': 137287}
1758938634,LONG,800000,1,,,{'id': 43551}
1758938636,LONG,2117800,1,,,{'id': 80588}
1758938637,LONG,166328200,1,,,{'id': 153033}
1758938641,LONG,10510000,10,,,{'id': 173121}
1758938643,LONG,34850100,1,,,{'id': 139417}
1758938647,LONG,36383100,1,,,{'id': 129028}
1758938648,LONG,12000000,5,,,{'id': 172010}
1758938649,LONG,,1,2242400,,"{'id': 173145, 'context': 13, 'modifiers': [{'type': 29, 'value': 40}]}"
1758938651,LONG,,1,2242400,,"{'id': 173145, 'context': 13, 'modifiers': [{'type': 29, 'value': 40}]}"
1758938654,LONG,,1,2242400,,"{'id': 173145, 'context': 13, 'modifiers': [{'type': 29, 'value': 40}]}"
1758938655,LONG,16361800,1,,,{'id': 137191}
1758938657,LONG,11294800,1,,,{'id': 173162}
1758938662,LONG,38790600,5,,,{'id': 140630}
1758938668,LONG,18996000,1,,,{'id': 173067}
1758938670,LONG,20000000,1,,,{'id': 153031}
1758938673,LONG,1950100,1,,,{'id': 104138}
1758938675,LONG,9000000,1,,,{'id': 43394}
1758938679,LONG,18500000,3,,,{'id': 162022}
1758938682,LONG,1270000,9,,,{'id': 173123}
1758938686,LONG,69604200,1,,,{'id': 139348}
1758938689,LONG,2117800,1,,,{'id': 79538}
1758938693,LONG,9693300,1,,,{'id': 149755}
1758938697,LONG,52500000,1,,,{'id': 166664}
1758938701,LONG,5000000,1,,,{'id': 43334}
1758938704,LONG,3326200,1,,,{'id': 43400}
1758938706,LONG,30006200,1,,,{'id': 139436}
1758938709,LONG,500000,1,,,{'id': 43373}
1758938715,LONG,25000000,1,,,{'id': 173062}
1758938719,LONG,,1,5928000,,"{'id': 173134, 'context': 13, 'modifiers': [{'type': 29, 'value': 49}]}"
1758938725,LONG,9750000,1,,,{'id': 175924}
1758938728,LONG,1268000,10,,,{'id': 173122}
1758938733,LONG,1337900,1,,,{'id': 118061}
1758938737,LONG,33539600,5,,,{'id': 184100}
1758938740,LONG,28334000,1,,,{'id': 129029}
1758938742,LONG,700000,1,,,{'id': 104105}
1758938748,LONG,,1,8002100,,"{'id': 173133, 'context': 13, 'modifiers': [{'type': 29, 'value': 32}]}"
1758938753,LONG,1319100,5,,,{'id': 43386}
1758938761,LONG,1500000,1,,,{'id': 43366}
1758938763,LONG,6318900,1,,,{'id': 173053}
1758938766,LONG,2500000,1,,,{'id': 43369}
1758938772,LONG,,1,2596400,,"{'id': 173144, 'context': 13, 'modifiers': [{'type': 29, 'value': 32}]}"
1758938779,LONG,58019900,1,,,{'id': 139315}
1758938782,LONG,54662200,1,,,{'id': 151538}
1758938788,LONG,590400,2,,,{'id': 173130}
1758938795,LONG,313961800,1,,,{'id': 170165}
1758938798,LONG,2450000,1,,,{'id': 41100}
1758938804,LONG,2109300,1,,,{'id': 80587}
1758938810,LONG,143585500,1,,,{'id': 137288}
1758938816,LONG,29996400,3,,,{'id': 184096}
1758938820,LONG,83640700,1,,,{'id': 139271}
1758938823,LONG,40127200,1,,,{'id': 170173}
1758938826,LONG,90000,2,,,{'id': 128304}
1758938827,LONG,350000,1,,,{'id': 43350}
1758938834,LONG,338548500,1,,,{'id': 173048}
1758938837,LONG,13094400,1,,,{'id': 137238}
1758938840,LONG,2502900,4,,,{'id': 173128}
1758938843,LONG,204723600,2,,,{'id': 170164}
1758938847,LONG,9915200,1,,,{'id': 139437}
1758938850,LONG,18771300,1,,,{'id': 167539}
1758938855,LONG,2290600,1,,,{'id': 45768}
1758938858,LONG,2117800,1,,,{'id': 87881}
1758938861,LONG,16273500,1,,,{'id': 139339}
1758938865,LONG,52000000,1,,,{'id': 170168}
1758938867,LONG,68242500,1,,,{'id': 139442}
1758938868,LONG,2117800,1,,,{'id': 49084}
1758938871,LONG,1521800,1,,,{'id': 171370}
1758938875,LONG,300000,1,,,{'id': 43535}
1758938880,LONG,1038700,1,,,{'id': 104120}
1758938882,LONG,5853800,5,,,{'id': 87392}
1758938886,LONG,2725200,1,,,{'id': 42751}
1758938888,LONG,1683700,2,,,{'id': 39970}
1758938893,LONG,265800,1,,,{'id': 104122}
1758940321,LONG,21790000,1,,,{'id': 137274}
1758940325,LONG,15480400,1,,,{'id': 139310}
1758940329,LONG,15137300,1,,,{'id': 139358}
1758940334,LONG,3750000,1,,,{'id': 87885}
1758940340,LONG,168261600,1,,,{'id': 173051}
1758940342,LONG,,1,3635000,,"{'id': 173146, 'context': 13, 'modifiers': [{'type': 29, 'value': 40}]}"
1758940345,LONG,,1,3635000,,"{'id': 173146, 'context': 13, 'modifiers': [{'type': 29, 'value': 32}]}"
1758940348,LONG,,1,3635000,,"{'id': 173146, 'context': 13, 'modifiers': [{'type': 29, 'value': 40}]}"
1758940350,LONG,997000,1,,,{'id': 85221}
1758940352,LONG,,1,5928000,,"{'id': 173134, 'context': 13, 'modifiers': [{'type': 29, 'value': 49}]}"
1758940357,LONG,,1,5928000,,"{'id': 173134, 'context': 13, 'modifiers': [{'type': 29, 'value': 49}]}"
1758940359,LONG,5759700,3,,,{'id': 162027}
1758940362,LONG,790400,1,,,{'id': 87883}
1758940364,LONG,,1,8002100,,"{'id': 173133, 'context': 13, 'modifiers': [{'type': 29, 'value': 32}]}"
1758940365,LONG,,1,8002100,,"{'id': 173133, 'context': 13, 'modifiers': [{'type': 29, 'value': 32}]}"
1758940370,LONG,26041100,1,,,{'id': 139270}
1758940375,LONG,863400,5,,,{'id': 40919}
1758940380,LONG,34689200,1,,,{'id': 136825}
1758940384,LONG,26500900,1,,,{'id': 137293}
1758940390,LONG,9454200,4,,,{'id': 89868}
1758940395,LONG,43102200,1,,,{'id': 137267}
1758940400,LONG,,1,4134200,,"{'id': 173132, 'context': 13, 'modifiers': [{'type': 29, 'value': 40}]}"
1758940403,LONG,,1,4134200,,"{'id': 173132, 'context': 13, 'modifiers': [{'type': 29, 'value': 32}]}"
1758940405,LONG,,1,4134200,,"{'id': 173132, 'context': 13, 'modifiers': [{'type': 29, 'value': 32}]}"
1758940409,LONG,1703900,5,,,{'id': 77101}
1758940413,LONG,1832200,1,,,{'id': 45789}
1758940419,LONG,86797600,1,,,{'id': 151540}
1758940422,LONG,17886400,5,,,{'id': 162029}
1758940425,LONG,28450000,1,,,{'id': 139278}
1758940430,LONG,499700,1,,,{'id': 43398}
1758940431,LONG,49134900,1,,,{'id': 141898}
1758940433,LONG,,1,5790100,,"{'id': 173147, 'context': 13, 'modifiers': [{'type': 29, 'value': 49}]}"
1758940437,LONG,,1,5790100,,"{'id': 173147, 'context': 13, 'modifiers': [{'type': 29, 'value': 36}]}"
1758940438,LONG,,1,5790100,,"{'id': 173147, 'context': 13, 'modifiers': [{'type': 29, 'value': 36}]}"
1758940440,LONG,,1,2596400,,"{'id': 173144, 'context': 13, 'modifiers': [{'type': 29, 'value': 49}]}"
1758940443,LONG,490000,8,,,{'id': 173124}
1758940446,LONG,8597100,1,,,{'id': 43850}
1758940449,LONG,990000,1,,,{'id': 104126}
1758940450,LONG,749900,3,,,{'id': 44922}
1758940453,LONG,25015500,1,,,{'id': 137188}
1758940458,LONG,11593900,1,,,{'id': 129018}
1758940460,LONG,1000000,1,,,{'id': 104104}
1758940461,LONG,938700,1,,,{'id': 87888}
1758940465,LONG,44493500,1,,,{'id': 143750}
1758940468,LONG,26333500,1,,,{'id': 137249}
1758940472,LONG,25008900,1,,,{'id': 129021}
1758940475,LONG,1892700,1,,,{'id': 42459}
1758940477,LONG,15537300,1,,,{'id': 184097}
1758940813,LONG,1002500,2,,,{'id': 87277}
1758940967,LONG,37500,111,,,{'id': 109119}
1758940985,LONG,37500,200,,,{'id': 109119}
1758941058,LONG,990000,8,,,{'id': 104126}
1758941160,LONG,300000,4,,,{'id': 43535}
1758941349,LONG,265800,5,,,{'id': 104122}
1758941436,LONG,56500000,1,,,{'id': 139435}
1758941441,LONG,12203300,1,,,{'id': 173160}
1758941448,LONG,,1,3499900,,"{'id': 173131, 'context': 13, 'modifiers': [{'type': 29, 'value': 32}]}"
1758941451,LONG,,1,3499900,,"{'id': 173131, 'context': 13, 'modifiers': [{'type': 29, 'value': 36}]}"
1758941456,LONG,,1,3499900,,"{'id': 173131, 'context': 13, 'modifiers': [{'type': 29, 'value': 49}]}"
1758941466,LONG,299900,4,,,{'id': 171829}
1758941473,LONG,17500000,1,,,{'id': 173161}
1758941734,LONG,499700,4,,,{'id': 43398}
1758941880,LONG,1000000,3,,,{'id': 104104}
1758941909,VERY_LONG,360000,19,,,{'id': 173036}
1758941930,VERY_LONG,450000,22,,,{'id': 173034}
1758941941,VERY_LONG,135000,26,,,{'id': 173035}
1758941959,VERY_LONG,24300,31,,,{'id': 173032}
1758941976,VERY_LONG,299900,8,,,{'id': 173033}
1758941998,VERY_LONG,40500,12,,,{'id': 179315}
1758942009,VERY_LONG,,1,39996700,,"{'id': 78889, 'context': 0}"
1758942016,VERY_LONG,20000,65,,,{'id': 172054}
1758942018,VERY_LONG,,1,19855000,,"{'id': 180760, 'context': 13}"
1758942022,VERY_LONG,,1,79990000,,"{'id': 180755, 'context': 13}"
1758942028,VERY_LONG,,1,19994600,,"{'id': 87565, 'context': 0}"
1758942031,VERY_LONG,40000,10,,,{'id': 172055}
1758942048,VERY_LONG,15000,71,,,{'id': 179314}
1758942061,VERY_LONG,3500,36,,,{'id': 172052}
1758942070,VERY_LONG,21100,33,,,{'id': 172092}
1758942081,VERY_LONG,60000,140,,,{'id': 172089}
1758943111,VERY_LONG,42600,1,,,{'id': 163225}
1758943136,VERY_LONG,2989800,9,,,{'id': 173037}
1758943176,VERY_LONG,300000,1,,,{'id': 172096}
1758943227,VERY_LONG,1600000,8,,,{'id': 172232}
1758943421,LONG,3008600,5,,,{'id': 171266}
1758943434,LONG,3008600,9,,,{'id': 171266}
1758943449,LONG,3008600,5,,,{'id': 171266}
1758943457,VERY_LONG,17800,3,,,{'id': 158863}
1758943460,LONG,130000,8,,,{'id': 169701}
1758943466,VERY_LONG,4400,1,,,{'id': 13444}
1758943467,LONG,480000,7,,,{'id': 171287}
1758943471,VERY_LONG,,1,26600,,"{'id': 82236, 'context': 0, 'bonus_lists': [6654, 1685], 'modifiers': [{'type': 9, 'value': 35}, {'type': 28, 'value': 169}]}"
1758943475,VERY_LONG,,1,150000,,"{'id': 82251, 'context': 0, 'bonus_lists': [6654, 1714], 'modifiers': [{'type': 9, 'value': 35}, {'type': 28, 'value': 168}]}"
1758943482,VERY_LONG,9100,3,,,{'id': 67415}
1758943488,VERY_LONG,,1,348600,,"{'id': 82252, 'context': 0, 'bonus_lists': [6654, 1706], 'modifiers': [{'type': 9, 'value': 35}, {'type': 28, 'value': 168}]}"
1758943511,VERY_LONG,100,3,,,{'id': 5997}
1758943521,VERY_LONG,,1,340000,,"{'id': 82246, 'context': 0, 'bonus_lists': [6654, 1678], 'modifiers': [{'type': 9, 'value': 35}, {'type': 28, 'value': 168}]}"
1758943535,VERY_LONG,99000,2,,,{'id': 109222}
1758943554,VERY_LONG,,1,456600,,"{'id': 82247, 'context': 0, 'bonus_lists': [6654, 1691], 'modifiers': [{'type': 9, 'value': 35}, {'type': 28, 'value': 168}]}"
1758943573,VERY_LONG,10000,3,,,{'id': 2454}
1758943593,VERY_LONG,,1,15508600,,"{'id': 82067, 'context': 1, 'bonus_lists': [6654, 1700], 'modifiers': [{'type': 9, 'value': 35}, {'type': 28, 'value': 268}]}"
1758943610,VERY_LONG,,1,72919900,,"{'id': 6603, 'context': 1, 'bonus_lists': [6654, 1680], 'modifiers': [{'type': 9, 'value': 30}, {'type': 28, 'value': 210}]}"
1758943617,VERY_LONG,20000,2,,,{'id': 172054}
1758943634,VERY_LONG,,1,5900,,"{'id': 2221, 'context': 1, 'bonus_lists': [6657], 'modifiers': [{'type': 9, 'value': 30}, {'type': 28, 'value': 210}]}"
1758943675,VERY_LONG,,1,9000,,"{'id': 1827, 'context': 1, 'bonus_lists': [6657], 'modifiers': [{'type': 9, 'value': 30}, {'type': 28, 'value': 210}]}"
1758943708,VERY_LONG,,1,1600,,"{'id': 5001, 'context': 1, 'bonus_lists': [6654], 'modifiers': [{'type': 9, 'value': 30}, {'type': 28, 'value': 210}]}"
1758943727,VERY_LONG,130000,6,,,{'id': 169701}
1758943738,VERY_LONG,,1,5900,,"{'id': 2221, 'context': 1, 'bonus_lists': [6657], 'modifiers': [{'type': 9, 'value': 30}, {'type': 28, 'value': 210}]}"
1758943763,VERY_LONG,,1,11300,,"{'id': 2785, 'context': 1, 'bonus_lists': [6657], 'modifiers': [{'type': 9, 'value': 30}, {'type': 28, 'value': 210}]}"
1758943782,VERY_LONG,,1,21128600,,"{'id': 10289, 'context': 1, 'bonus_lists': [6654, 1709], 'modifiers': [{'type': 9, 'value': 30}, {'type': 28, 'value': 210}]}"
1758943797,VERY_LONG,,1,48926100,,"{'id': 4050, 'context': 1, 'bonus_lists': [6654], 'modifiers': [{'type': 9, 'value': 30}, {'type': 28, 'value': 211}]}"
1758943812,VERY_LONG,,1,121700,,"{'id': 11983, 'context': 1, 'bonus_lists': [6654, 1694], 'modifiers': [{'type': 9, 'value': 30}, {'type': 28, 'value': 211}]}"
1758943817,VERY_LONG,299900,1,,,{'id': 171829}
1758943832,VERY_LONG,,1,11300,,"{'id': 3781, 'context': 1, 'bonus_lists': [6657], 'modifiers': [{'type': 9, 'value': 30}, {'type': 28, 'value': 211}]}"
1758943853,VERY_LONG,,1,937600,,"{'id': 94573, 'context': 0, 'modifiers': [{'type': 28, 'value': 373}]}"
1758943861,VERY_LONG,40000,9,,,{'id': 172055}
1758943876,VERY_LONG,2200,1,,,{'id': 154897}
1758943893,VERY_LONG,10000,8,,,{'id': 108328}
1758943899,VERY_LONG,,1,87639900,,"{'id': 94212, 'context': 0, 'bonus_lists': [1686], 'modifiers': [{'type': 28, 'value': 168}]}"
1758943900,VERY_LONG,300,6,,,{'id': 171840}
1758943909,VERY_LONG,,1,100000000,,"{'id': 178926, 'context': 63, 'bonus_lists': [6716, 7194, 1487]}"
1758943913,VERY_LONG,80000,6,,,{'id': 171841}
1758943916,VERY_LONG,,1,456600,,"{'id': 82247, 'context': 0, 'bonus_lists': [6654, 1687], 'modifiers': [{'type': 9, 'value': 35}, {'type': 28, 'value': 168}]}"
1758943954,LONG,514900,250,,,{'id': 172051}
1758943955,VERY_LONG,198000,4,,,{'id': 89112}
1758943967,VERY_LONG,21100,125,,,{'id': 172092}
1758943977,LONG,799000,20,,,{'id': 172045}
1758943986,VERY_LONG,300000,61,,,{'id': 172096}
1758943987,LONG,799000,20,,,{'id': 172045}
1758943995,VERY_LONG,165800,21,,,{'id': 123919}
1758943997,LONG,,1,98490000,,"{'id': 82800, 'context': 0, 'modifiers': [{'type': 6, 'value': 99923}], 'pet_breed_id': 8, 'pet_level': 1, 'pet_quality_id': 2, 'pet_species_id': 3034}"
1758944007,VERY_LONG,50000,3,,,{'id': 133607}
1758944008,LONG,,1,4700700,,"{'id': 82800, 'context': 0, 'modifiers': [{'type': 6, 'value': 99856}], 'pet_breed_id': 19, 'pet_level': 1, 'pet_quality_id': 2, 'pet_species_id': 2946}"
1758944030,VERY_LONG,,1,5005700,,"{'id': 37890, 'context': 2, 'bonus_lists': [4196], 'modifiers': [{'type': 9, 'value': 30}, {'type': 28, 'value': 1092}]}"
1758944042,LONG,,1,44800000,,"{'id': 82800, 'context': 0, 'modifiers': [{'type': 6, 'value': 100928}], 'pet_breed_id': 14, 'pet_level': 1, 'pet_quality_id': 2, 'pet_species_id': 3028}"
1758944058,VERY_LONG,,1,5005700,,"{'id': 37890, 'context': 2, 'bonus_lists': [4196], 'modifiers': [{'type': 9, 'value': 30}, {'type': 28, 'value': 1092}]}"
1758944078,VERY_LONG,540000,3,,,{'id': 43102}
1758944089,VERY_LONG,99000,7,,,{'id': 37705}
1758944098,VERY_LONG,148500,20,,,{'id': 172050}
1758945105,LONG,700000,5,,,{'id': 118472}
1758945110,VERY_LONG,130000,12,,,{'id': 169701}
1758945131,LONG,3842800,40,,,{'id': 171270}
1758945181,LONG,7000000,62,,,{'id': 171349}
1758945202,LONG,1410000,5,,,{'id': 171292}
1758945230,LONG,755500,9,,,{'id': 109160}
1758945259,LONG,368500,13,,,{'id': 6662}
1758945274,LONG,3500,2,,,{'id': 108996}
1758945322,LONG,,1,9100000,,"{'id': 114821, 'context': 0}"
1758945326,LONG,,1,9100000,,"{'id': 114821, 'context': 0}"
1758945330,LONG,,1,9100000,,"{'id': 114821, 'context': 0}"
1758945332,LONG,,1,9100000,,"{'id': 114821, 'context': 0}"
1758945337,LONG,,1,9100000,,"{'id': 114821, 'context': 0}"
1758945339,LONG,,1,9100000,,"{'id': 114821, 'context': 0}"
1758945342,LONG,,1,9100000,,"{'id': 114821, 'context': 0}"
1758945345,LONG,,1,9100000,,"{'id': 114821, 'context': 0}"
1758945350,LONG,,1,9100000,,"{'id': 114821, 'context': 0}"
1758945356,LONG,,1,9100000,,"{'id': 114821, 'context': 0}"
1758945358,LONG,,1,9100000,,"{'id': 114821, 'context': 0}"
1758945361,LONG,,1,9100000,,"{'id': 114821, 'context': 0}"
1758945363,LONG,,1,9100000,,"{'id': 114821, 'context': 0}"
1758945370,LONG,,1,9100000,,"{'id': 114821, 'context': 0}"
1758945375,LONG,,1,9100000,,"{'id': 114821, 'context': 0}"
1758945378,LONG,,1,9100000,,"{'id': 114821, 'context': 0}"
1758945380,LONG,,1,9100000,,"{'id': 114821, 'context': 0}"
1758945382,LONG,,1,9100000,,"{'id': 114821, 'context': 0}"
1758945386,LONG,,1,9100000,,"{'id': 114821, 'context': 0}"
1758945389,LONG,,1,9100000,,"{'id': 114821, 'context': 0}"
1758945391,LONG,,1,9100000,,"{'id': 114821, 'context': 0}"
1758945397,LONG,,1,9100000,,"{'id': 114821, 'context': 0}"
1758945400,LONG,,1,9100000,,"{'id': 114821, 'context': 0}"
1758945403,LONG,,1,9100000,,"{'id': 114821, 'context': 0}"
1758945406,LONG,,1,9100000,,"{'id': 114821, 'context': 0}"
1758945408,LONG,,1,9100000,,"{'id': 114821, 'context': 0}"
1758945412,LONG,,1,9100000,,"{'id': 114821, 'context': 0}"
1758945414,LONG,,1,9100000,,"{'id': 114821, 'context': 0}"
1758945416,LONG,,1,9100000,,"{'id': 114821, 'context': 0}"
1758945417,LONG,,1,9100000,,"{'id': 114821, 'context': 0}"
1758945419,LONG,,1,9100000,,"{'id': 114821, 'context': 0}"
1758945422,LONG,,1,9100000,,"{'id': 114821, 'context': 0}"
1758945424,LONG,,1,9100000,,"{'id': 114821, 'context': 0}"
1758945427,LONG,,1,9100000,,"{'id': 114821, 'context': 0}"
1758945429,LONG,,1,9100000,,"{'id': 114821, 'context': 0}"
1758945434,LONG,,1,9100000,,"{'id': 114821, 'context': 0}"
1758945439,LONG,,1,9100000,,"{'id': 114821, 'context': 0}"
1758945444,LONG,,1,9100000,,"{'id': 114821, 'context': 0}"
1758945458,VERY_LONG,,1,750000000,,"{'id': 184786, 'context': 0, 'bonus_lists': [6652, 1472, 6646], 'modifiers': [{'type': 28, 'value': 1707}]}"
1758945651,VERY_LONG,,1,4990000,,"{'id': 82800, 'context': 0, 'modifiers': [{'type': 6, 'value': 99870}], 'pet_breed_id': 8, 'pet_level': 1, 'pet_quality_id': 2, 'pet_species_id': 3039}"
1758945667,VERY_LONG,8993200,1,,,{'id': 175970}
1758945692,VERY_LONG,17500000,6,,,{'id': 173161}
1758945736,VERY_LONG,10939700,56,,,{'id': 173049}
1758946019,LONG,,1,9100000,,"{'id': 114821, 'context': 0}"
1758946022,LONG,,1,9100000,,"{'id': 114821, 'context': 0}"
1758946025,LONG,,1,9100000,,"{'id': 114821, 'context': 0}"
1758946029,LONG,,1,9100000,,"{'id': 114821, 'context': 0}"
1758946033,LONG,,1,9100000,,"{'id': 114821, 'context': 0}"
1758946036,LONG,,1,9100000,,"{'id': 114821, 'context': 0}"
1758946039,LONG,,1,9100000,,"{'id': 114821, 'context': 0}"
1758946043,LONG,,1,9100000,,"{'id': 114821, 'context': 0}"
1758946047,LONG,,1,9100000,,"{'id': 114821, 'context': 0}"
1758946050,LONG,,1,9100000,,"{'id': 114821, 'context': 0}"
1758946053,LONG,,1,9100000,,"{'id': 114821, 'context': 0}"
1758946056,LONG,,1,9100000,,"{'id': 114821, 'context': 0}"
1758946058,LONG,,1,9100000,,"{'id': 114821, 'context': 0}"
1758946061,LONG,,1,9100000,,"{'id': 114821, 'context': 0}"
1758946064,LONG,,1,9100000,,"{'id': 114821, 'context': 0}"
1758946067,LONG,,1,9100000,,"{'id': 114821, 'context': 0}"
1758946070,LONG,,1,9100000,,"{'id': 114821, 'context': 0}"
1758946072,LONG,,1,9100000,,"{'id': 114821, 'context': 0}"
1758946075,LONG,,1,9100000,,"{'id': 114821, 'context': 0}"
1758946079,LONG,,1,9100000,,"{'id': 114821, 'context': 0}"
1758946082,LONG,,1,9100000,,"{'id': 114821, 'context': 0}"
1758946085,LONG,,1,9100000,,"{'id': 114821, 'context': 0}"
1758946087,LONG,,1,9100000,,"{'id': 114821, 'context': 0}"
1758946117,VERY_LONG,92000,9803,,,{'id': 72092}
1758946131,VERY_LONG,108900,365,,,{'id': 173110}
1758946144,VERY_LONG,2499500,16,,,{'id': 173173}
1758946149,VERY_LONG,6390000,15,,,{'id': 173170}
1758946156,VERY_LONG,,1,40396400,,"{'id': 4732, 'context': 1, 'bonus_lists': [6654], 'modifiers': [{'type': 9, 'value': 30}, {'type': 28, 'value': 217}]}"
1758946166,VERY_LONG,450000,297,,,{'id': 76137}
1758946174,VERY_LONG,190000,66,,,{'id': 76141}
1758946188,VERY_LONG,,1,315841500,,"{'id': 6422, 'context': 1, 'bonus_lists': [6654], 'modifiers': [{'type': 9, 'value': 30}, {'type': 28, 'value': 217}]}"
1758946189,VERY_LONG,,1,315841500,,"{'id': 6422, 'context': 1, 'bonus_lists': [6654], 'modifiers': [{'type': 9, 'value': 30}, {'type': 28, 'value': 217}]}"
1758946200,VERY_LONG,280000,318,,,{'id': 52988}
1758946216,VERY_LONG,250000,309,,,{'id': 76133}
1758946235,VERY_LONG,386700,379,,,{'id': 173108}
1758946262,VERY_LONG,157100,353,,,{'id': 76130}
1758946275,VERY_LONG,92000,400,,,{'id': 72092}
1758946288,VERY_LONG,59400,382,,,{'id': 173109}
1758946297,VERY_LONG,410500,56,,,{'id': 173128}
1758946306,VERY_LONG,150000,887,,,{'id': 90407}
1758946317,VERY_LONG,,1,6400,,"{'id': 3816, 'context': 1, 'bonus_lists': [6657], 'modifiers': [{'type': 9, 'value': 30}, {'type': 28, 'value': 217}]}"
1758946326,VERY_LONG,,1,44995400,,"{'id': 4054, 'context': 1, 'bonus_lists': [6654], 'modifiers': [{'type': 9, 'value': 30}, {'type': 28, 'value': 217}]}"
1758946329,VERY_LONG,40000,7,,,{'id': 177716}
1758946336,VERY_LONG,373500,115,,,{'id': 52329}
1758946350,VERY_LONG,36500,370,,,{'id': 76135}
1758946376,VERY_LONG,485100,179,,,{'id': 173130}
1758946387,VERY_LONG,140000,159,,,{'id': 76134}
1758946396,VERY_LONG,1355600,40,,,{'id': 171428}
1758946414,VERY_LONG,395900,83,,,{'id': 173129}
1758946442,VERY_LONG,140000,177,,,{'id': 76136}
1758946456,VERY_LONG,,1,141252100,,"{'id': 7556, 'context': 1, 'bonus_lists': [6655, 1708], 'modifiers': [{'type': 9, 'value': 30}, {'type': 28, 'value': 217}]}"
1758946470,VERY_LONG,930000,27,,,{'id': 76131}
1758946487,VERY_LONG,500000,65,,,{'id': 76140}
1758946493,VERY_LONG,348400,2,,,{'id': 173129}
1758946502,VERY_LONG,884300,65,,,{'id': 173127}
1758946515,VERY_LONG,3600000,3,,,{'id': 173172}
1758946519,VERY_LONG,,1,11100000,,"{'id': 114821, 'context': 0}"
1758946524,VERY_LONG,,1,11100000,,"{'id': 114821, 'context': 0}"
1758946527,VERY_LONG,,1,11100000,,"{'id': 114821, 'context': 0}"
1758946530,VERY_LONG,,1,11100000,,"{'id': 114821, 'context': 0}"
1758946533,VERY_LONG,,1,11100000,,"{'id': 114821, 'context': 0}"
1758946537,VERY_LONG,,1,11100000,,"{'id': 114821, 'context': 0}"
1758946540,VERY_LONG,,1,11100000,,"{'id': 114821, 'context': 0}"
1758946543,VERY_LONG,,1,11100000,,"{'id': 114821, 'context': 0}"
1758946548,VERY_LONG,,1,11100000,,"{'id': 114821, 'context': 0}"
1758946553,VERY_LONG,,1,11100000,,"{'id': 114821, 'context': 0}"
1758946556,VERY_LONG,,1,11100000,,"{'id': 114821, 'context': 0}"
1758946559,VERY_LONG,,1,11100000,,"{'id': 114821, 'context': 0}"
1758946564,VERY_LONG,,1,11100000,,"{'id': 114821, 'context': 0}"
1758946567,VERY_LONG,,1,11100000,,"{'id': 114821, 'context': 0}"
1758946569,VERY_LONG,,1,11100000,,"{'id': 114821, 'context': 0}"
1758946572,VERY_LONG,,1,11100000,,"{'id': 114821, 'context': 0}"
1758946573,LONG,,1,11000000,10890000,"{'id': 173216, 'context': 0, 'bonus_lists': [6893, 7185], 'modifiers': [{'type': 9, 'value': 60}, {'type': 28, 'value': 391}, {'type': 29, 'value': 36}, {'type': 30, 'value': 32}]}"
1758946578,VERY_LONG,,1,11100000,,"{'id': 114821, 'context': 0}"
1758946582,VERY_LONG,,1,11100000,,"{'id': 114821, 'context': 0}"
1758946583,LONG,,1,11000000,10890000,"{'id': 173216, 'context': 0, 'bonus_lists': [6893, 7185], 'modifiers': [{'type': 9, 'value': 60}, {'type': 28, 'value': 391}, {'type': 29, 'value': 40}, {'type': 30, 'value': 32}]}"
1758946588,VERY_LONG,,1,11100000,,"{'id': 114821, 'context': 0}"
1758946589,LONG,,1,11000000,10890000,"{'id': 173216, 'context': 0, 'bonus_lists': [6893, 7185], 'modifiers': [{'type': 9, 'value': 60}, {'type': 28, 'value': 391}, {'type': 29, 'value': 40}, {'type': 30, 'value': 32}]}"
1758946592,VERY_LONG,,1,11100000,,"{'id': 114821, 'context': 0}"
1758946594,LONG,,1,171505600,169790500,"{'id': 171413, 'context': 64, 'bonus_lists': [6717, 1507]}"
1758946596,LONG,,1,80000000,79200000,"{'id': 171442, 'context': 13, 'bonus_lists': [6893, 7185], 'modifiers': [{'type': 9, 'value': 60}, {'type': 28, 'value': 391}, {'type': 29, 'value': 40}, {'type': 30, 'value': 32}]}"
1758946598,VERY_LONG,,1,11100000,,"{'id': 114821, 'context': 0}"
1758946599,LONG,,1,80000000,79200000,"{'id': 171442, 'context': 13, 'bonus_lists': [6893, 7185], 'modifiers': [{'type': 9, 'value': 60}, {'type': 28, 'value': 391}, {'type': 29, 'value': 49}, {'type': 30, 'value': 32}]}"
1758946601,VERY_LONG,,1,11100000,,"{'id': 114821, 'context': 0}"
1758946602,LONG,,1,38800000,38412000,"{'id': 171442, 'context': 13, 'bonus_lists': [6893, 7185], 'modifiers': [{'type': 9, 'value': 60}, {'type': 28, 'value': 391}, {'type': 29, 'value': 49}, {'type': 30, 'value': 36}]}"
1758946603,VERY_LONG,,1,11100000,,"{'id': 114821, 'context': 0}"
1758946605,LONG,,1,38800000,38412000,"{'id': 171446, 'context': 13, 'bonus_lists': [6893, 7185], 'modifiers': [{'type': 9, 'value': 60}, {'type': 28, 'value': 391}, {'type': 29, 'value': 40}, {'type': 30, 'value': 49}]}"
1758946606,LONG,,1,38800000,38412000,"{'id': 171446, 'context': 13, 'bonus_lists': [6893, 7185], 'modifiers': [{'type': 9, 'value': 60}, {'type': 28, 'value': 391}, {'type': 29, 'value': 40}, {'type': 30, 'value': 49}]}"
1758946609,LONG,,1,80000000,79200000,"{'id': 171446, 'context': 13, 'bonus_lists': [6893, 7185], 'modifiers': [{'type': 9, 'value': 60}, {'type': 28, 'value': 391}, {'type': 29, 'value': 40}, {'type': 30, 'value': 36}]}"
1758946611,LONG,,1,38709100,38322000,"{'id': 172265, 'context': 13, 'bonus_lists': [6893, 7185], 'modifiers': [{'type': 9, 'value': 60}, {'type': 28, 'value': 391}, {'type': 29, 'value': 49}, {'type': 30, 'value': 36}]}"
1758946614,LONG,,1,38709100,38322000,"{'id': 172265, 'context': 13, 'bonus_lists': [6893, 7185], 'modifiers': [{'type': 9, 'value': 60}, {'type': 28, 'value': 391}, {'type': 29, 'value': 36}, {'type': 30, 'value': 40}]}"
1758946615,LONG,,1,38709100,38322000,"{'id': 172265, 'context': 13, 'bonus_lists': [6893, 7185], 'modifiers': [{'type': 9, 'value': 60}, {'type': 28, 'value': 391}, {'type': 29, 'value': 49}, {'type': 30, 'value': 32}]}"
1758946617,LONG,,1,38709100,38322000,"{'id': 172265, 'context': 13, 'bonus_lists': [6893, 7185], 'modifiers': [{'type': 9, 'value': 60}, {'type': 28, 'value': 391}, {'type': 29, 'value': 49}, {'type': 30, 'value': 32}]}"
1758946618,LONG,,1,80000000,79200000,"{'id': 171449, 'context': 13, 'bonus_lists': [6893, 7185], 'modifiers': [{'type': 9, 'value': 60}, {'type': 28, 'value': 391}, {'type': 29, 'value': 49}, {'type': 30, 'value': 40}]}"
1758946621,LONG,,1,80000000,79200000,"{'id': 171449, 'context': 13, 'bonus_lists': [6893, 7185], 'modifiers': [{'type': 9, 'value': 60}, {'type': 28, 'value': 391}, {'type': 29, 'value': 32}, {'type': 30, 'value': 36}]}"
1758946623,LONG,,1,99990000,98990100,"{'id': 172256, 'context': 13, 'bonus_lists': [6893, 7185], 'modifiers': [{'type': 9, 'value': 60}, {'type': 28, 'value': 391}, {'type': 29, 'value': 49}, {'type': 30, 'value': 40}]}"
1758946624,LONG,,1,99990000,98990100,"{'id': 172256, 'context': 13, 'bonus_lists': [6893, 7185], 'modifiers': [{'type': 9, 'value': 60}, {'type': 28, 'value': 391}, {'type': 29, 'value': 40}, {'type': 30, 'value': 49}]}"
1758946627,LONG,,1,80000000,79200000,"{'id': 172256, 'context': 13, 'bonus_lists': [6893, 7185], 'modifiers': [{'type': 9, 'value': 60}, {'type': 28, 'value': 391}, {'type': 29, 'value': 40}, {'type': 30, 'value': 32}]}"
1758946645,LONG,,1,14450000,14305500,"{'id': 173222, 'context': 0, 'bonus_lists': [6893, 7185], 'modifiers': [{'type': 9, 'value': 60}, {'type': 28, 'value': 391}, {'type': 29, 'value': 36}, {'type': 30, 'value': 32}]}"
1758946647,LONG,,1,14450000,14305500,"{'id': 173222, 'context': 0, 'bonus_lists': [6893, 7185], 'modifiers': [{'type': 9, 'value': 60}, {'type': 28, 'value': 391}, {'type': 29, 'value': 40}, {'type': 30, 'value': 49}]}"
1758946648,LONG,,1,14450000,14305500,"{'id': 173222, 'context': 0, 'bonus_lists': [6893, 7185], 'modifiers': [{'type': 9, 'value': 60}, {'type': 28, 'value': 391}, {'type': 29, 'value': 32}, {'type': 30, 'value': 40}]}"
1758946649,LONG,,1,12000000,11880000,"{'id': 173214, 'context': 0, 'bonus_lists': [6893, 7185], 'modifiers': [{'type': 9, 'value': 60}, {'type': 28, 'value': 391}, {'type': 29, 'value': 49}, {'type': 30, 'value': 40}]}"
1758946650,LONG,,1,12000000,11880000,"{'id': 173214, 'context': 0, 'bonus_lists': [6893, 7185], 'modifiers': [{'type': 9, 'value': 60}, {'type': 28, 'value': 391}, {'type': 29, 'value': 40}, {'type': 30, 'value': 49}]}"
1758946652,LONG,,1,9990000,9890100,"{'id': 173214, 'context': 0, 'bonus_lists': [6893, 7185], 'modifiers': [{'type': 9, 'value': 60}, {'type': 28, 'value': 391}, {'type': 29, 'value': 32}, {'type': 30, 'value': 36}]}"
1758946654,LONG,,1,9990000,9890100,"{'id': 173214, 'context': 0, 'bonus_lists': [6893, 7185], 'modifiers': [{'type': 9, 'value': 60}, {'type': 28, 'value': 391}, {'type': 29, 'value': 36}, {'type': 30, 'value': 32}]}"
1758946655,LONG,,1,80000000,79200000,"{'id': 173214, 'context': 0, 'bonus_lists': [6893, 7185], 'modifiers': [{'type': 9, 'value': 60}, {'type': 28, 'value': 391}, {'type': 29, 'value': 36}, {'type': 30, 'value': 40}]}"
1758946658,LONG,,1,12000000,11880000,"{'id': 173214, 'context': 0, 'bonus_lists': [6893, 7185], 'modifiers': [{'type': 9, 'value': 60}, {'type': 28, 'value': 391}, {'type': 29, 'value': 32}, {'type': 30, 'value': 40}]}"
1758946659,LONG,,1,9990000,9890100,"{'id': 173214, 'context': 0, 'bonus_lists': [6893, 7185], 'modifiers': [{'type': 9, 'value': 60}, {'type': 28, 'value': 391}, {'type': 29, 'value': 49}, {'type': 30, 'value': 32}]}"
1758946660,LONG,3500000,5,,,{'id': 172347}
1758946661,LONG,,1,27916700,27637500,"{'id': 173146, 'context': 13, 'bonus_lists': [7185], 'modifiers': [{'type': 9, 'value': 60}, {'type': 29, 'value': 49}]}"
1758946662,LONG,,1,27916700,27637500,"{'id': 173146, 'context': 13, 'bonus_lists': [7185], 'modifiers': [{'type': 9, 'value': 60}, {'type': 29, 'value': 49}]}"
1758946666,LONG,,1,27916700,27637500,"{'id': 173146, 'context': 13, 'bonus_lists': [7185], 'modifiers': [{'type': 9, 'value': 60}, {'type': 29, 'value': 49}]}"
1758946669,LONG,,1,27916700,27637500,"{'id': 173146, 'context': 13, 'bonus_lists': [7185], 'modifiers': [{'type': 9, 'value': 60}, {'type': 29, 'value': 49}]}"
1758946673,LONG,,1,27916700,27637500,"{'id': 173146, 'context': 13, 'bonus_lists': [7185], 'modifiers': [{'type': 9, 'value': 60}, {'type': 29, 'value': 49}]}"
1758946678,LONG,,1,27916700,27637500,"{'id': 173146, 'context': 13, 'bonus_lists': [7185], 'modifiers': [{'type': 9, 'value': 60}, {'type': 29, 'value': 40}]}"
1758946681,LONG,,1,27916700,27637500,"{'id': 173146, 'context': 13, 'bonus_lists': [7185], 'modifiers': [{'type': 9, 'value': 60}, {'type': 29, 'value': 40}]}"
1758946685,LONG,,1,27916700,27637500,"{'id': 173146, 'context': 13, 'bonus_lists': [7185], 'modifiers': [{'type': 9, 'value': 60}, {'type': 29, 'value': 32}]}"
1758946689,LONG,,1,27916700,27637500,"{'id': 173146, 'context': 13, 'bonus_lists': [7185], 'modifiers': [{'type': 9, 'value': 60}, {'type': 29, 'value': 32}]}"
1758946695,LONG,,1,27916700,27637500,"{'id': 173146, 'context': 13, 'bonus_lists': [7185], 'modifiers': [{'type': 9, 'value': 60}, {'type': 29, 'value': 32}]}"
1758946698,LONG,,1,27916700,27637500,"{'id': 173146, 'context': 13, 'bonus_lists': [7185], 'modifiers': [{'type': 9, 'value': 60}, {'type': 29, 'value': 32}]}"
1758946703,LONG,,1,27876300,27597500,"{'id': 173145, 'context': 13, 'bonus_lists': [7185], 'modifiers': [{'type': 9, 'value': 60}, {'type': 29, 'value': 40}]}"
1758946709,LONG,,1,27876300,27597500,"{'id': 173145, 'context': 13, 'bonus_lists': [7185], 'modifiers': [{'type': 9, 'value': 60}, {'type': 29, 'value': 40}]}"
1758946712,LONG,,1,27876300,27597500,"{'id': 173145, 'context': 13, 'bonus_lists': [7185], 'modifiers': [{'type': 9, 'value': 60}, {'type': 29, 'value': 40}]}"
1758946716,LONG,,1,27876300,27597500,"{'id': 173145, 'context': 13, 'bonus_lists': [7185], 'modifiers': [{'type': 9, 'value': 60}, {'type': 29, 'value': 40}]}"
1758946721,LONG,,1,27876300,27597500,"{'id': 173145, 'context': 13, 'bonus_lists': [7185], 'modifiers': [{'type': 9, 'value': 60}, {'type': 29, 'value': 40}]}"
1758946727,LONG,,1,50000000,49500000,"{'id': 173145, 'context': 13, 'bonus_lists': [7185], 'modifiers': [{'type': 9, 'value': 60}, {'type': 29, 'value': 32}]}"
1758946732,LONG,,1,50000000,49500000,"{'id': 173145, 'context': 13, 'bonus_lists': [7185], 'modifiers': [{'type': 9, 'value': 60}, {'type': 29, 'value': 32}]}"
1758946737,LONG,,1,50000000,49500000,"{'id': 173145, 'context': 13, 'bonus_lists': [7185], 'modifiers': [{'type': 9, 'value': 60}, {'type': 29, 'value': 32}]}"
1758946741,LONG,,1,50000000,49500000,"{'id': 173145, 'context': 13, 'bonus_lists': [7185], 'modifiers': [{'type': 9, 'value': 60}, {'type': 29, 'value': 32}]}"
1758946745,LONG,,1,50000000,49500000,"{'id': 173145, 'context': 13, 'bonus_lists': [7185], 'modifiers': [{'type': 9, 'value': 60}, {'type': 29, 'value': 32}]}"
1758946746,LONG,,1,27876300,27597500,"{'id': 173145, 'context': 13, 'bonus_lists': [7185], 'modifiers': [{'type': 9, 'value': 60}, {'type': 29, 'value': 36}]}"
1758946747,LONG,,1,27876300,27597500,"{'id': 173145, 'context': 13, 'bonus_lists': [7185], 'modifiers': [{'type': 9, 'value': 60}, {'type': 29, 'value': 36}]}"
1758946750,LONG,,1,27876300,27597500,"{'id': 173145, 'context': 13, 'bonus_lists': [7185], 'modifiers': [{'type': 9, 'value': 60}, {'type': 29, 'value': 36}]}"
1758946752,LONG,,1,27876300,27597500,"{'id': 173145, 'context': 13, 'bonus_lists': [7185], 'modifiers': [{'type': 9, 'value': 60}, {'type': 29, 'value': 36}]}"
1758946755,LONG,,1,99990000,98990100,"{'id': 172264, 'context': 13, 'bonus_lists': [6893, 7185], 'modifiers': [{'type': 9, 'value': 60}, {'type': 28, 'value': 391}, {'type': 29, 'value': 49}, {'type': 30, 'value': 36}]}"
1758946759,LONG,,1,99990000,98990100,"{'id': 172264, 'context': 13, 'bonus_lists': [6893, 7185], 'modifiers': [{'type': 9, 'value': 60}, {'type': 28, 'value': 391}, {'type': 29, 'value': 36}, {'type': 30, 'value': 32}]}"
1758946762,LONG,,1,99990000,98990100,"{'id': 171444, 'context': 13, 'bonus_lists': [6893, 7185], 'modifiers': [{'type': 9, 'value': 60}, {'type': 28, 'value': 391}, {'type': 29, 'value': 36}, {'type': 30, 'value': 40}]}"
1758946764,LONG,,1,99990000,98990100,"{'id': 171444, 'context': 13, 'bonus_lists': [6893, 7185], 'modifiers': [{'type': 9, 'value': 60}, {'type': 28, 'value': 391}, {'type': 29, 'value': 40}, {'type': 30, 'value': 49}]}"
1758946768,LONG,,1,99990000,98990100,"{'id': 171444, 'context': 13, 'bonus_lists': [6893, 7185], 'modifiers': [{'type': 9, 'value': 60}, {'type': 28, 'value': 391}, {'type': 29, 'value': 40}, {'type': 30, 'value': 49}]}"
1758946773,LONG,,1,99990000,98990100,"{'id': 171444, 'context': 13, 'bonus_lists': [6893, 7185], 'modifiers': [{'type': 9, 'value': 60}, {'type': 28, 'value': 391}, {'type': 29, 'value': 49}, {'type': 30, 'value': 40}]}"
1758946776,LONG,,1,80000000,79200000,"{'id': 173215, 'context': 0, 'bonus_lists': [6893, 7185], 'modifiers': [{'type': 9, 'value': 60}, {'type': 28, 'value': 391}, {'type': 29, 'value': 49}, {'type': 30, 'value': 40}]}"
1758946779,LONG,,1,80000000,79200000,"{'id': 173215, 'context': 0, 'bonus_lists': [6893, 7185], 'modifiers': [{'type': 9, 'value': 60}, {'type': 28, 'value': 391}, {'type': 29, 'value': 40}, {'type': 30, 'value': 49}]}"
1758946782,VERY_LONG,,1,6300000,,"{'id': 179332, 'context': 0, 'bonus_lists': [6908, 6652, 1710], 'modifiers': [{'type': 9, 'value': 60}, {'type': 28, 'value': 1707}]}"
1758946783,LONG,,1,80000000,79200000,"{'id': 173215, 'context': 0, 'bonus_lists': [6893, 7185], 'modifiers': [{'type': 9, 'value': 60}, {'type': 28, 'value': 391}, {'type': 29, 'value': 49}, {'type': 30, 'value': 40}]}"
1758946786,LONG,,1,78765000,77977400,"{'id': 173215, 'context': 0, 'bonus_lists': [6893, 7185], 'modifiers': [{'type': 9, 'value': 60}, {'type': 28, 'value': 391}, {'type': 29, 'value': 32}, {'type': 30, 'value': 49}]}"
1758946792,LONG,,1,78765000,77977400,"{'id': 173215, 'context': 0, 'bonus_lists': [6893, 7185], 'modifiers': [{'type': 9, 'value': 60}, {'type': 28, 'value': 391}, {'type': 29, 'value': 32}, {'type': 30, 'value': 49}]}"
1758946796,LONG,,1,78765000,77977400,"{'id': 173215, 'context': 0, 'bonus_lists': [6893, 7185], 'modifiers': [{'type': 9, 'value': 60}, {'type': 28, 'value': 391}, {'type': 29, 'value': 49}, {'type': 30, 'value': 32}]}"
1758946798,LONG,,1,78765000,77977400,"{'id': 173215, 'context': 0, 'bonus_lists': [6893, 7185], 'modifiers': [{'type': 9, 'value': 60}, {'type': 28, 'value': 391}, {'type': 29, 'value': 32}, {'type': 30, 'value': 49}]}"
1758946802,LONG,,1,78000000,77220000,"{'id': 173215, 'context': 0, 'bonus_lists': [6893, 7185], 'modifiers': [{'type': 9, 'value': 60}, {'type': 28, 'value': 391}, {'type': 29, 'value': 32}, {'type': 30, 'value': 40}]}"
1758946803,LONG,,1,25971400,25711700,"{'id': 173147, 'context': 13, 'bonus_lists': [7185], 'modifiers': [{'type': 9, 'value': 60}, {'type': 29, 'value': 36}]}"
1758946804,LONG,,1,25971400,25711700,"{'id': 173147, 'context': 13, 'bonus_lists': [7185], 'modifiers': [{'type': 9, 'value': 60}, {'type': 29, 'value': 36}]}"
1758946807,LONG,,1,25971400,25711700,"{'id': 173147, 'context': 13, 'bonus_lists': [7185], 'modifiers': [{'type': 9, 'value': 60}, {'type': 29, 'value': 49}]}"
1758946809,LONG,,1,25971400,25711700,"{'id': 173147, 'context': 13, 'bonus_lists': [7185], 'modifiers': [{'type': 9, 'value': 60}, {'type': 29, 'value': 49}]}"
1758946811,LONG,,1,25971400,25711700,"{'id': 173147, 'context': 13, 'bonus_lists': [7185], 'modifiers': [{'type': 9, 'value': 60}, {'type': 29, 'value': 49}]}"
1758946813,LONG,,1,25971400,25711700,"{'id': 173147, 'context': 13, 'bonus_lists': [7185], 'modifiers': [{'type': 9, 'value': 60}, {'type': 29, 'value': 49}]}"
1758946814,VERY_LONG,232400,1,,,{'id': 172414}
1758946815,LONG,,1,25971400,25711700,"{'id': 173147, 'context': 13, 'bonus_lists': [7185], 'modifiers': [{'type': 9, 'value': 60}, {'type': 29, 'value': 49}]}"
1758946816,LONG,,1,15000000,14850000,"{'id': 173218, 'context': 0, 'bonus_lists': [6893, 7185], 'modifiers': [{'type': 9, 'value': 60}, {'type': 28, 'value': 391}, {'type': 29, 'value': 32}, {'type': 30, 'value': 49}]}"
1758946817,VERY_LONG,85200,3,,,{'id': 172407}
1758946818,LONG,,1,15000000,14850000,"{'id': 173218, 'context': 0, 'bonus_lists': [6893, 7185], 'modifiers': [{'type': 9, 'value': 60}, {'type': 28, 'value': 391}, {'type': 29, 'value': 49}, {'type': 30, 'value': 40}]}"
1758946823,LONG,,1,99990000,98990100,"{'id': 172252, 'context': 13, 'bonus_lists': [6893, 7185], 'modifiers': [{'type': 9, 'value': 60}, {'type': 28, 'value': 391}, {'type': 29, 'value': 49}, {'type': 30, 'value': 40}]}"
1758946825,VERY_LONG,264800,3,,,{'id': 153431}
1758946826,LONG,,1,80000000,79200000,"{'id': 172252, 'context': 13, 'bonus_lists': [6893, 7185], 'modifiers': [{'type': 9, 'value': 60}, {'type': 28, 'value': 391}, {'type': 29, 'value': 32}, {'type': 30, 'value': 36}]}"
1758946829,LONG,,1,80000000,79200000,"{'id': 172252, 'context': 13, 'bonus_lists': [6893, 7185], 'modifiers': [{'type': 9, 'value': 60}, {'type': 28, 'value': 391}, {'type': 29, 'value': 36}, {'type': 30, 'value': 32}]}"
1758946831,LONG,,1,39000000,38610000,"{'id': 172252, 'context': 13, 'bonus_lists': [6893, 7185], 'modifiers': [{'type': 9, 'value': 60}, {'type': 28, 'value': 391}, {'type': 29, 'value': 49}, {'type': 30, 'value': 36}]}"
1758946833,LONG,,1,39000000,38610000,"{'id': 172252, 'context': 13, 'bonus_lists': [6893, 7185], 'modifiers': [{'type': 9, 'value': 60}, {'type': 28, 'value': 391}, {'type': 29, 'value': 49}, {'type': 30, 'value': 32}]}"
1758946836,VERY_LONG,5778900,2,,,{'id': 128559}
1758946837,LONG,,1,39000000,38610000,"{'id': 172252, 'context': 13, 'bonus_lists': [6893, 7185], 'modifiers': [{'type': 9, 'value': 60}, {'type': 28, 'value': 391}, {'type': 29, 'value': 32}, {'type': 30, 'value': 49}]}"
1758946838,LONG,,1,38999900,38609900,"{'id': 172255, 'context': 13, 'bonus_lists': [6893, 7185], 'modifiers': [{'type': 9, 'value': 60}, {'type': 28, 'value': 391}, {'type': 29, 'value': 40}, {'type': 30, 'value': 49}]}"
1758946841,LONG,,1,38999900,38609900,"{'id': 172255, 'context': 13, 'bonus_lists': [6893, 7185], 'modifiers': [{'type': 9, 'value': 60}, {'type': 28, 'value': 391}, {'type': 29, 'value': 36}, {'type': 30, 'value': 40}]}"
1758946844,LONG,,1,17989500,17809600,"{'id': 173221, 'context': 0, 'bonus_lists': [6893, 7185], 'modifiers': [{'type': 9, 'value': 60}, {'type': 28, 'value': 391}, {'type': 29, 'value': 32}, {'type': 30, 'value': 40}]}"
1758946845,LONG,,1,17989500,17809600,"{'id': 173221, 'context': 0, 'bonus_lists': [6893, 7185], 'modifiers': [{'type': 9, 'value': 60}, {'type': 28, 'value': 391}, {'type': 29, 'value': 32}, {'type': 30, 'value': 40}]}"
1758946847,LONG,,1,17989500,17809600,"{'id': 173221, 'context': 0, 'bonus_lists': [6893, 7185], 'modifiers': [{'type': 9, 'value': 60}, {'type': 28, 'value': 391}, {'type': 29, 'value': 40}, {'type': 30, 'value': 32}]}"
1758946850,LONG,,1,17989400,17809500,"{'id': 173221, 'context': 0, 'bonus_lists': [6893, 7185], 'modifiers': [{'type': 9, 'value': 60}, {'type': 28, 'value': 391}, {'type': 29, 'value': 32}, {'type': 30, 'value': 36}]}"
1758946853,LONG,,1,80000000,79200000,"{'id': 173221, 'context': 0, 'bonus_lists': [6893, 7185], 'modifiers': [{'type': 9, 'value': 60}, {'type': 28, 'value': 391}, {'type': 29, 'value': 36}, {'type': 30, 'value': 49}]}"
1758946856,LONG,,1,9990000,9890100,"{'id': 173219, 'context': 0, 'bonus_lists': [6893, 7185], 'modifiers': [{'type': 9, 'value': 60}, {'type': 28, 'value': 391}, {'type': 29, 'value': 32}, {'type': 30, 'value': 49}]}"
1758946860,LONG,,1,9990000,9890100,"{'id': 173219, 'context': 0, 'bonus_lists': [6893, 7185], 'modifiers': [{'type': 9, 'value': 60}, {'type': 28, 'value': 391}, {'type': 29, 'value': 40}, {'type': 30, 'value': 32}]}"
1758946862,LONG,9750000,2,,,{'id': 175924}
1758946866,LONG,,1,29878400,29579600,"{'id': 173244, 'context': 64, 'bonus_lists': [6717, 1507]}"
1758946869,LONG,,1,29878400,29579600,"{'id': 173244, 'context': 64, 'bonus_lists': [6717, 1507]}"
1758946873,LONG,,1,29878400,29579600,"{'id': 173244, 'context': 64, 'bonus_lists': [6717, 1507]}"
1758946876,LONG,,1,29878400,29579600,"{'id': 173244, 'context': 64, 'bonus_lists': [6717, 1507]}"
1758946880,LONG,,1,29878400,29579600,"{'id': 173244, 'context': 64, 'bonus_lists': [6717, 1507]}"
1758946883,LONG,,1,50000000,49500000,"{'id': 173144, 'context': 13, 'bonus_lists': [7185], 'modifiers': [{'type': 9, 'value': 60}, {'type': 29, 'value': 36}]}"
1758946890,LONG,,1,50000000,49500000,"{'id': 173144, 'context': 13, 'bonus_lists': [7185], 'modifiers': [{'type': 9, 'value': 60}, {'type': 29, 'value': 36}]}"
1758946892,LONG,,1,50000000,49500000,"{'id': 173144, 'context': 13, 'bonus_lists': [7185], 'modifiers': [{'type': 9, 'value': 60}, {'type': 29, 'value': 36}]}"
1758946895,LONG,,1,80000000,79200000,"{'id': 171445, 'context': 13, 'bonus_lists': [6893, 7185], 'modifiers': [{'type': 9, 'value': 60}, {'type': 28, 'value': 391}, {'type': 29, 'value': 32}, {'type': 30, 'value': 49}]}"
1758946898,LONG,,1,99990000,98990100,"{'id': 172253, 'context': 13, 'bonus_lists': [6893, 7185], 'modifiers': [{'type': 9, 'value': 60}, {'type': 28, 'value': 391}, {'type': 29, 'value': 40}, {'type': 30, 'value': 32}]}"
1758946901,LONG,,1,35000000,34650000,"{'id': 172259, 'context': 13, 'bonus_lists': [6893, 7185], 'modifiers': [{'type': 9, 'value': 60}, {'type': 28, 'value': 391}, {'type': 29, 'value': 32}, {'type': 30, 'value': 36}]}"
1758946906,LONG,,1,35000000,34650000,"{'id': 172259, 'context': 13, 'bonus_lists': [6893, 7185], 'modifiers': [{'type': 9, 'value': 60}, {'type': 28, 'value': 391}, {'type': 29, 'value': 36}, {'type': 30, 'value': 32}]}"
1758946913,LONG,,1,35769500,35411800,"{'id': 173131, 'context': 13, 'bonus_lists': [7185], 'modifiers': [{'type': 9, 'value': 60}, {'type': 29, 'value': 36}]}"
1758946918,LONG,,1,35769500,35411800,"{'id': 173131, 'context': 13, 'bonus_lists': [7185], 'modifiers': [{'type': 9, 'value': 60}, {'type': 29, 'value': 36}]}"
1758946924,LONG,,1,35769500,35411800,"{'id': 173131, 'context': 13, 'bonus_lists': [7185], 'modifiers': [{'type': 9, 'value': 60}, {'type': 29, 'value': 36}]}"
1758946928,LONG,,1,16450000,16285500,"{'id': 173220, 'context': 0, 'bonus_lists': [6893, 7185], 'modifiers': [{'type': 9, 'value': 60}, {'type': 28, 'value': 391}, {'type': 29, 'value': 49}, {'type': 30, 'value': 36}]}"
1758946934,LONG,,1,16690000,16523100,"{'id': 173217, 'context': 0, 'bonus_lists': [6893, 7185], 'modifiers': [{'type': 9, 'value': 60}, {'type': 28, 'value': 391}, {'type': 29, 'value': 40}, {'type': 30, 'value': 49}]}"
1758946940,LONG,,1,99990000,98990100,"{'id': 172262, 'context': 13, 'bonus_lists': [6893, 7185], 'modifiers': [{'type': 9, 'value': 60}, {'type': 28, 'value': 391}, {'type': 29, 'value': 40}, {'type': 30, 'value': 49}]}"
1758946945,LONG,,1,99990000,98990100,"{'id': 172262, 'context': 13, 'bonus_lists': [6893, 7185], 'modifiers': [{'type': 9, 'value': 60}, {'type': 28, 'value': 391}, {'type': 29, 'value': 40}, {'type': 30, 'value': 49}]}"
1758946952,LONG,,1,31000000,30690000,"{'id': 171443, 'context': 13, 'bonus_lists': [6893, 7185], 'modifiers': [{'type': 9, 'value': 60}, {'type': 28, 'value': 391}, {'type': 29, 'value': 49}, {'type': 30, 'value': 40}]}"
1758946955,LONG,,1,31000000,30690000,"{'id': 171443, 'context': 13, 'bonus_lists': [6893, 7185], 'modifiers': [{'type': 9, 'value': 60}, {'type': 28, 'value': 391}, {'type': 29, 'value': 49}, {'type': 30, 'value': 40}]}"
1758947011,VERY_LONG,3500000,11,,,{'id': 172347}
1758947077,VERY_LONG,,1,11100000,,"{'id': 114821, 'context': 0}"
1758947080,VERY_LONG,,1,11100000,,"{'id': 114821, 'context': 0}"
1758947081,VERY_LONG,,1,11100000,,"{'id': 114821, 'context': 0}"
1758947083,VERY_LONG,,1,11100000,,"{'id': 114821, 'context': 0}"
1758947085,VERY_LONG,,1,11100000,,"{'id': 114821, 'context': 0}"
1758947088,VERY_LONG,,1,11100000,,"{'id': 114821, 'context': 0}"
1758947090,VERY_LONG,,1,11100000,,"{'id': 114821, 'context': 0}"
1758947092,VERY_LONG,,1,11100000,,"{'id': 114821, 'context': 0}"
1758947095,VERY_LONG,,1,11100000,,"{'id': 114821, 'context': 0}"
1758947098,VERY_LONG,,1,11100000,,"{'id': 114821, 'context': 0}"
1758947100,VERY_LONG,,1,11100000,,"{'id': 114821, 'context': 0}"
1758948107,VERY_LONG,,1,11100000,,"{'id': 114821, 'context': 0}"
1758948110,VERY_LONG,,1,11100000,,"{'id': 114821, 'context': 0}"
1758948113,VERY_LONG,,1,11100000,,"{'id': 114821, 'context': 0}"
1758948115,VERY_LONG,,1,11100000,,"{'id': 114821, 'context': 0}"
1758948118,VERY_LONG,,1,11100000,,"{'id': 114821, 'context': 0}"
1758948120,VERY_LONG,,1,11100000,,"{'id': 114821, 'context': 0}"
1758948122,VERY_LONG,,1,11100000,,"{'id': 114821, 'context': 0}"
1758948123,VERY_LONG,,1,11100000,,"{'id': 114821, 'context': 0}"
1758948124,VERY_LONG,,1,11100000,,"{'id': 114821, 'context': 0}"
1758948127,VERY_LONG,,1,11100000,,"{'id': 114821, 'context': 0}"
1758948129,VERY_LONG,,1,11100000,,"{'id': 114821, 'context': 0}"
1758948196,VERY_LONG,,1,14938800,,"{'id': 13000, 'context': 0, 'bonus_lists': [6659], 'modifiers': [{'type': 9, 'value': 30}, {'type': 28, 'value': 1005}]}"
1758948211,VERY_LONG,,1,2505200,,"{'id': 76162, 'context': 2, 'bonus_lists': [4237], 'modifiers': [{'type': 9, 'value': 35}, {'type': 28, 'value': 1109}]}"
1758948219,VERY_LONG,,1,13599400,,"{'id': 69800, 'context': 2, 'bonus_lists': [4236], 'modifiers': [{'type': 9, 'value': 35}, {'type': 28, 'value': 1111}]}"
1758948222,VERY_LONG,,1,25000000,,"{'id': 39472, 'context': 0, 'modifiers': [{'type': 28, 'value': 1017}]}"
1758948228,LONG,21100,6,,,{'id': 172092}
1758948230,VERY_LONG,,1,63520300,,"{'id': 37648, 'context': 2, 'bonus_lists': [4196], 'modifiers': [{'type': 9, 'value': 30}, {'type': 28, 'value': 1098}]}"
1758948232,VERY_LONG,,1,3490000,,"{'id': 173142, 'context': 13, 'bonus_lists': [3376]}"
1758948240,VERY_LONG,,1,5799100,,"{'id': 37647, 'context': 2, 'bonus_lists': [4196], 'modifiers': [{'type': 9, 'value': 30}, {'type': 28, 'value': 1098}]}"
1758948242,LONG,3500,2,,,{'id': 172052}
1758948245,VERY_LONG,,1,3490000,,"{'id': 173142, 'context': 13, 'bonus_lists': [3378]}"
1758948249,VERY_LONG,,1,4125800,,"{'id': 173140, 'context': 13, 'bonus_lists': [3366]}"
1758948251,VERY_LONG,,1,4125800,,"{'id': 173140, 'context': 13, 'bonus_lists': [3365]}"
1758948254,LONG,20000,1,,,{'id': 172054}
1758948257,VERY_LONG,,1,4125800,,"{'id': 173140, 'context': 13, 'bonus_lists': [3361]}"
1758948268,VERY_LONG,100000,3,,,{'id': 173126}
1758948297,VERY_LONG,40500,4,,,{'id': 179315}
1758948308,VERY_LONG,6390000,6,,,{'id': 173170}
1758948316,VERY_LONG,59400,20,,,{'id': 173109}
1758948326,VERY_LONG,29005100,1,,,{'id': 173094}
1758948338,VERY_LONG,89005100,1,,,{'id': 173093}
1758948354,VERY_LONG,17500000,1,,,{'id': 173091}
1758948364,VERY_LONG,,1,707057300,,"{'id': 65891, 'context': 0, 'modifiers': [{'type': 28, 'value': 872}]}"
1758948367,VERY_LONG,79005100,1,,,{'id': 173088}
1758948368,LONG,37500,200,,,{'id': 109118}
1758948378,VERY_LONG,,1,707057300,,"{'id': 65891, 'context': 0, 'modifiers': [{'type': 28, 'value': 872}]}"
1758948422,LONG,490200,1,,,{'id': 115809}
1758948453,VERY_LONG,2989800,2,,,{'id': 173037}
1758948473,VERY_LONG,360000,2,,,{'id': 173036}
1758948486,VERY_LONG,135000,2,,,{'id': 173035}
1758948515,VERY_LONG,21100,4,,,{'id': 172092}
1758948545,VERY_LONG,60000,20,,,{'id': 172089}
1758948598,LONG,,1,11000000,10890000,"{'id': 173216, 'context': 0, 'bonus_lists': [6893, 7185], 'modifiers': [{'type': 9, 'value': 60}, {'type': 28, 'value': 391}, {'type': 29, 'value': 32}, {'type': 30, 'value': 40}]}"
1758948602,LONG,,1,27916700,27637500,"{'id': 173146, 'context': 13, 'bonus_lists': [7185], 'modifiers': [{'type': 9, 'value': 60}, {'type': 29, 'value': 32}]}"
1758948608,LONG,,1,33209500,32877400,"{'id': 173131, 'context': 13, 'bonus_lists': [7185], 'modifiers': [{'type': 9, 'value': 60}, {'type': 29, 'value': 32}]}"
1758948614,LONG,,1,31009500,30699400,"{'id': 173131, 'context': 13, 'bonus_lists': [7185], 'modifiers': [{'type': 9, 'value': 60}, {'type': 29, 'value': 49}]}"
1758948617,LONG,,1,99990000,98990100,"{'id': 172263, 'context': 13, 'bonus_lists': [6893, 7185], 'modifiers': [{'type': 9, 'value': 60}, {'type': 28, 'value': 391}, {'type': 29, 'value': 40}, {'type': 30, 'value': 36}]}"
1758948620,LONG,,1,99990000,98990100,"{'id': 172263, 'context': 13, 'bonus_lists': [6893, 7185], 'modifiers': [{'type': 9, 'value': 60}, {'type': 28, 'value': 391}, {'type': 29, 'value': 40}, {'type': 30, 'value': 36}]}"
1758948624,LONG,,1,39001200,38611200,"{'id': 172263, 'context': 13, 'bonus_lists': [6893, 7185], 'modifiers': [{'type': 9, 'value': 60}, {'type': 28, 'value': 391}, {'type': 29, 'value': 32}, {'type': 30, 'value': 40}]}"
1758948628,LONG,,1,99990000,98990100,"{'id': 171445, 'context': 13, 'bonus_lists': [6893, 7185], 'modifiers': [{'type': 9, 'value': 60}, {'type': 28, 'value': 391}, {'type': 29, 'value': 40}, {'type': 30, 'value': 32}]}"
1758948630,LONG,,1,38500000,38115000,"{'id': 171445, 'context': 13, 'bonus_lists': [6893, 7185], 'modifiers': [{'type': 9, 'value': 60}, {'type': 28, 'value': 391}, {'type': 29, 'value': 40}, {'type': 30, 'value': 49}]}"
1758948632,LONG,,1,64123200,63482000,"{'id': 173221, 'context': 0, 'bonus_lists': [6893, 7185], 'modifiers': [{'type': 9, 'value': 60}, {'type': 28, 'value': 391}, {'type': 29, 'value': 36}, {'type': 30, 'value': 40}]}"
1758948637,LONG,,1,64123200,63482000,"{'id': 173221, 'context': 0, 'bonus_lists': [6893, 7185], 'modifiers': [{'type': 9, 'value': 60}, {'type': 28, 'value': 391}, {'type': 29, 'value': 36}, {'type': 30, 'value': 40}]}"
1758948640,LONG,,1,17989400,17809500,"{'id': 173221, 'context': 0, 'bonus_lists': [6893, 7185], 'modifiers': [{'type': 9, 'value': 60}, {'type': 28, 'value': 391}, {'type': 29, 'value': 32}, {'type': 30, 'value': 49}]}"
1758948642,LONG,,1,17989400,17809500,"{'id': 173221, 'context': 0, 'bonus_lists': [6893, 7185], 'modifiers': [{'type': 9, 'value': 60}, {'type': 28, 'value': 391}, {'type': 29, 'value': 32}, {'type': 30, 'value': 49}]}"
1758948644,LONG,,1,17989400,17809500,"{'id': 173221, 'context': 0, 'bonus_lists': [6893, 7185], 'modifiers': [{'type': 9, 'value': 60}, {'type': 28, 'value': 391}, {'type': 29, 'value': 32}, {'type': 30, 'value': 49}]}"
1758948647,LONG,,1,17989500,17809600,"{'id': 173221, 'context': 0, 'bonus_lists': [6893, 7185], 'modifiers': [{'type': 9, 'value': 60}, {'type': 28, 'value': 391}, {'type': 29, 'value': 40}, {'type': 30, 'value': 32}]}"
1758948648,LONG,,1,17989500,17809600,"{'id': 173221, 'context': 0, 'bonus_lists': [6893, 7185], 'modifiers': [{'type': 9, 'value': 60}, {'type': 28, 'value': 391}, {'type': 29, 'value': 32}, {'type': 30, 'value': 40}]}"
1758948653,LONG,,1,25649300,25392800,"{'id': 173221, 'context': 0, 'bonus_lists': [6893, 7185], 'modifiers': [{'type': 9, 'value': 60}, {'type': 28, 'value': 391}, {'type': 29, 'value': 49}, {'type': 30, 'value': 40}]}"
1758948655,LONG,,1,25649300,25392800,"{'id': 173221, 'context': 0, 'bonus_lists': [6893, 7185], 'modifiers': [{'type': 9, 'value': 60}, {'type': 28, 'value': 391}, {'type': 29, 'value': 40}, {'type': 30, 'value': 49}]}"
1758948656,LONG,,1,17989400,17809500,"{'id': 173221, 'context': 0, 'bonus_lists': [6893, 7185], 'modifiers': [{'type': 9, 'value': 60}, {'type': 28, 'value': 391}, {'type': 29, 'value': 32}, {'type': 30, 'value': 36}]}"
1758948660,LONG,,1,17989400,17809500,"{'id': 173221, 'context': 0, 'bonus_lists': [6893, 7185], 'modifiers': [{'type': 9, 'value': 60}, {'type': 28, 'value': 391}, {'type': 29, 'value': 32}, {'type': 30, 'value': 36}]}"
1758948662,LONG,,1,17989400,17809500,"{'id': 173221, 'context': 0, 'bonus_lists': [6893, 7185], 'modifiers': [{'type': 9, 'value': 60}, {'type': 28, 'value': 391}, {'type': 29, 'value': 32}, {'type': 30, 'value': 36}]}"
1758948663,VERY_LONG,8993200,1,,,{'id': 175970}
1758948666,LONG,,1,99990000,98990100,"{'id': 172260, 'context': 13, 'bonus_lists': [6893, 7185], 'modifiers': [{'type': 9, 'value': 60}, {'type': 28, 'value': 391}, {'type': 29, 'value': 32}, {'type': 30, 'value': 36}]}"
1758948668,LONG,,1,99990000,98990100,"{'id': 172260, 'context': 13, 'bonus_lists': [6893, 7185], 'modifiers': [{'type': 9, 'value': 60}, {'type': 28, 'value': 391}, {'type': 29, 'value': 36}, {'type': 30, 'value': 32}]}"
1758948673,LONG,37500,200,,,{'id': 109119}
1758948690,VERY_LONG,15000,7,,,{'id': 179314}
1758948731,VERY_LONG,,1,17898000,,"{'id': 184480, 'context': 0}"
1758948737,VERY_LONG,,1,17898000,,"{'id': 184480, 'context': 0}"
1758948741,VERY_LONG,,1,17898000,,"{'id': 184480, 'context': 0}"
1758948747,VERY_LONG,,1,17898000,,"{'id': 184480, 'context': 0}"
1758948775,LONG,,1,99990000,98990100,"{'id': 172260, 'context': 13, 'bonus_lists': [6893, 7185], 'modifiers': [{'type': 9, 'value': 60}, {'type': 28, 'value': 391}, {'type': 29, 'value': 32}, {'type': 30, 'value': 36}]}"
1758948780,LONG,,1,9000000,,"{'id': 114821, 'context': 0}"
1758948781,LONG,,1,80000000,79200000,"{'id': 172260, 'context': 13, 'bonus_lists': [6893, 7185], 'modifiers': [{'type': 9, 'value': 60}, {'type': 28, 'value': 391}, {'type': 29, 'value': 36}, {'type': 30, 'value': 40}]}"
1758948784,LONG,,1,78000000,77220000,"{'id': 173215, 'context': 0, 'bonus_lists': [6893, 7185], 'modifiers': [{'type': 9, 'value': 60}, {'type': 28, 'value': 391}, {'type': 29, 'value': 36}, {'type': 30, 'value': 40}]}"
1758948789,LONG,,1,78000000,77220000,"{'id': 173215, 'context': 0, 'bonus_lists': [6893, 7185], 'modifiers': [{'type': 9, 'value': 60}, {'type': 28, 'value': 391}, {'type': 29, 'value': 40}, {'type': 30, 'value': 36}]}"
1758948797,LONG,,1,78000000,77220000,"{'id': 173215, 'context': 0, 'bonus_lists': [6893, 7185], 'modifiers': [{'type': 9, 'value': 60}, {'type': 28, 'value': 391}, {'type': 29, 'value': 40}, {'type': 30, 'value': 36}]}"
1758948802,LONG,,1,78000000,77220000,"{'id': 173215, 'context': 0, 'bonus_lists': [6893, 7185], 'modifiers': [{'type': 9, 'value': 60}, {'type': 28, 'value': 391}, {'type': 29, 'value': 40}, {'type': 30, 'value': 36}]}"
1758948806,LONG,,1,78000000,77220000,"{'id': 173215, 'context': 0, 'bonus_lists': [6893, 7185], 'modifiers': [{'type': 9, 'value': 60}, {'type': 28, 'value': 391}, {'type': 29, 'value': 40}, {'type': 30, 'value': 32}]}"
1758948812,LONG,,1,80000000,79200000,"{'id': 173215, 'context': 0, 'bonus_lists': [6893, 7185], 'modifiers': [{'type': 9, 'value': 60}, {'type': 28, 'value': 391}, {'type': 29, 'value': 49}, {'type': 30, 'value': 40}]}"
1758948815,LONG,,1,78000000,77220000,"{'id': 173215, 'context': 0, 'bonus_lists': [6893, 7185], 'modifiers': [{'type': 9, 'value': 60}, {'type': 28, 'value': 391}, {'type': 29, 'value': 32}, {'type': 30, 'value': 36}]}"
1758948819,LONG,,1,78000000,77220000,"{'id': 173215, 'context': 0, 'bonus_lists': [6893, 7185], 'modifiers': [{'type': 9, 'value': 60}, {'type': 28, 'value': 391}, {'type': 29, 'value': 36}, {'type': 30, 'value': 32}]}"
1758948822,LONG,,1,78000000,77220000,"{'id': 173215, 'context': 0, 'bonus_lists': [6893, 7185], 'modifiers': [{'type': 9, 'value': 60}, {'type': 28, 'value': 391}, {'type': 29, 'value': 32}, {'type': 30, 'value': 36}]}"
1758948825,VERY_LONG,,1,55990000,,"{'id': 82800, 'context': 0, 'modifiers': [{'type': 6, 'value': 90141}], 'pet_breed_id': 4, 'pet_level': 1, 'pet_quality_id': 3, 'pet_species_id': 2549}"
1758948828,LONG,,1,78000000,77220000,"{'id': 173215, 'context': 0, 'bonus_lists': [6893, 7185], 'modifiers': [{'type': 9, 'value': 60}, {'type': 28, 'value': 391}, {'type': 29, 'value': 36}, {'type': 30, 'value': 32}]}"
1758948831,VERY_LONG,,1,55990000,,"{'id': 82800, 'context': 0, 'modifiers': [{'type': 6, 'value': 90141}], 'pet_breed_id': 4, 'pet_level': 1, 'pet_quality_id': 3, 'pet_species_id': 2549}"
1758948834,LONG,,1,78000000,77220000,"{'id': 173215, 'context': 0, 'bonus_lists': [6893, 7185], 'modifiers': [{'type': 9, 'value': 60}, {'type': 28, 'value': 391}, {'type': 29, 'value': 36}, {'type': 30, 'value': 32}]}"
1758948838,LONG,,1,78000000,77220000,"{'id': 173215, 'context': 0, 'bonus_lists': [6893, 7185], 'modifiers': [{'type': 9, 'value': 60}, {'type': 28, 'value': 391}, {'type': 29, 'value': 36}, {'type': 30, 'value': 49}]}"
1758948841,LONG,,1,78000000,77220000,"{'id': 173215, 'context': 0, 'bonus_lists': [6893, 7185], 'modifiers': [{'type': 9, 'value': 60}, {'type': 28, 'value': 391}, {'type': 29, 'value': 49}, {'type': 30, 'value': 36}]}"
1758948845,LONG,,1,78000000,77220000,"{'id': 173215, 'context': 0, 'bonus_lists': [6893, 7185], 'modifiers': [{'type': 9, 'value': 60}, {'type': 28, 'value': 391}, {'type': 29, 'value': 49}, {'type': 30, 'value': 36}]}"
1758948850,LONG,,1,78000000,77220000,"{'id': 173215, 'context': 0, 'bonus_lists': [6893, 7185], 'modifiers': [{'type': 9, 'value': 60}, {'type': 28, 'value': 391}, {'type': 29, 'value': 49}, {'type': 30, 'value': 36}]}"
1758948862,LONG,,1,78765000,77977400,"{'id': 173215, 'context': 0, 'bonus_lists': [6893, 7185], 'modifiers': [{'type': 9, 'value': 60}, {'type': 28, 'value': 391}, {'type': 29, 'value': 49}, {'type': 30, 'value': 32}]}"
1758948864,VERY_LONG,,1,67880000,,"{'id': 82800, 'context': 0, 'modifiers': [{'type': 6, 'value': 74801}], 'pet_breed_id': 11, 'pet_level': 1, 'pet_quality_id': 3, 'pet_species_id': 2715}"
1758948865,LONG,,1,39009900,38619800,"{'id': 172250, 'context': 13, 'bonus_lists': [6893, 7185], 'modifiers': [{'type': 9, 'value': 60}, {'type': 28, 'value': 391}, {'type': 29, 'value': 36}, {'type': 30, 'value': 40}]}"
1758948869,LONG,,1,80000000,79200000,"{'id': 172250, 'context': 13, 'bonus_lists': [6893, 7185], 'modifiers': [{'type': 9, 'value': 60}, {'type': 28, 'value': 391}, {'type': 29, 'value': 36}, {'type': 30, 'value': 32}]}"
1758948871,LONG,,1,80000000,79200000,"{'id': 172250, 'context': 13, 'bonus_lists': [6893, 7185], 'modifiers': [{'type': 9, 'value': 60}, {'type': 28, 'value': 391}, {'type': 29, 'value': 36}, {'type': 30, 'value': 32}]}"
1758948876,LONG,,1,80000000,79200000,"{'id': 173218, 'context': 0, 'bonus_lists': [6893, 7185], 'modifiers': [{'type': 9, 'value': 60}, {'type': 28, 'value': 391}, {'type': 29, 'value': 36}, {'type': 30, 'value': 49}]}"
1758948878,LONG,,1,80000000,79200000,"{'id': 173218, 'context': 0, 'bonus_lists': [6893, 7185], 'modifiers': [{'type': 9, 'value': 60}, {'type': 28, 'value': 391}, {'type': 29, 'value': 49}, {'type': 30, 'value': 36}]}"
1758948898,VERY_LONG,,1,177900000,,"{'id': 82800, 'context': 0, 'modifiers': [{'type': 6, 'value': 71945}], 'pet_breed_id': 7, 'pet_level': 1, 'pet_quality_id': 3, 'pet_species_id': 1723}"
1758948923,VERY_LONG,,1,100000,,"{'id': 82800, 'context': 0, 'modifiers': [{'type': 6, 'value': 65091}], 'pet_breed_id': 8, 'pet_level': 1, 'pet_quality_id': 3, 'pet_species_id': 1907}"
1758948926,LONG,,1,80000000,79200000,"{'id': 173218, 'context': 0, 'bonus_lists': [6893, 7185], 'modifiers': [{'type': 9, 'value': 60}, {'type': 28, 'value': 391}, {'type': 29, 'value': 49}, {'type': 30, 'value': 36}]}"
1758948928,LONG,,1,80000000,79200000,"{'id': 173218, 'context': 0, 'bonus_lists': [6893, 7185], 'modifiers': [{'type': 9, 'value': 60}, {'type': 28, 'value': 391}, {'type': 29, 'value': 49}, {'type': 30, 'value': 36}]}"
1758948931,LONG,,1,8320000,8236800,"{'id': 173218, 'context': 0, 'bonus_lists': [6893, 7185], 'modifiers': [{'type': 9, 'value': 60}, {'type': 28, 'value': 391}, {'type': 29, 'value': 36}, {'type': 30, 'value': 40}]}"
1758948935,LONG,,1,8320000,8236800,"{'id': 173218, 'context': 0, 'bonus_lists': [6893, 7185], 'modifiers': [{'type': 9, 'value': 60}, {'type': 28, 'value': 391}, {'type': 29, 'value': 40}, {'type': 30, 'value': 36}]}"
1758948937,LONG,,1,15000000,14850000,"{'id': 173218, 'context': 0, 'bonus_lists': [6893, 7185], 'modifiers': [{'type': 9, 'value': 60}, {'type': 28, 'value': 391}, {'type': 29, 'value': 49}, {'type': 30, 'value': 32}]}"
1758948939,VERY_LONG,,1,650000,,"{'id': 82800, 'context': 0, 'modifiers': [{'type': 6, 'value': 66157}], 'pet_breed_id': 13, 'pet_level': 1, 'pet_quality_id': 3, 'pet_species_id': 1804}"
1758948940,LONG,,1,15000000,14850000,"{'id': 173218, 'context': 0, 'bonus_lists': [6893, 7185], 'modifiers': [{'type': 9, 'value': 60}, {'type': 28, 'value': 391}, {'type': 29, 'value': 32}, {'type': 30, 'value': 49}]}"
1758948945,LONG,,1,99990000,98990100,"{'id': 172261, 'context': 13, 'bonus_lists': [6893, 7185], 'modifiers': [{'type': 9, 'value': 60}, {'type': 28, 'value': 391}, {'type': 29, 'value': 32}, {'type': 30, 'value': 36}]}"
1758948946,LONG,,1,80000000,79200000,"{'id': 172261, 'context': 13, 'bonus_lists': [6893, 7185], 'modifiers': [{'type': 9, 'value': 60}, {'type': 28, 'value': 391}, {'type': 29, 'value': 40}, {'type': 30, 'value': 49}]}"
1758948949,LONG,,1,80000000,79200000,"{'id': 172261, 'context': 13, 'bonus_lists': [6893, 7185], 'modifiers': [{'type': 9, 'value': 60}, {'type': 28, 'value': 391}, {'type': 29, 'value': 40}, {'type': 30, 'value': 49}]}"
1758948951,LONG,,1,99990000,98990100,"{'id': 171449, 'context': 13, 'bonus_lists': [6893, 7185], 'modifiers': [{'type': 9, 'value': 60}, {'type': 28, 'value': 391}, {'type': 29, 'value': 32}, {'type': 30, 'value': 49}]}"
1758948953,LONG,,1,38801000,38413000,"{'id': 171449, 'context': 13, 'bonus_lists': [6893, 7185], 'modifiers': [{'type': 9, 'value': 60}, {'type': 28, 'value': 391}, {'type': 29, 'value': 32}, {'type': 30, 'value': 40}]}"
1758948958,LONG,,1,38801000,38413000,"{'id': 171449, 'context': 13, 'bonus_lists': [6893, 7185], 'modifiers': [{'type': 9, 'value': 60}, {'type': 28, 'value': 391}, {'type': 29, 'value': 32}, {'type': 30, 'value': 40}]}"
1758948959,VERY_LONG,,1,26609100,,"{'id': 82800, 'context': 0, 'modifiers': [{'type': 6, 'value': 64425}], 'pet_breed_id': 8, 'pet_level': 1, 'pet_quality_id': 3, 'pet_species_id': 1690}"
1758948962,LONG,,1,80000000,79200000,"{'id': 173214, 'context': 0, 'bonus_lists': [6893, 7185], 'modifiers': [{'type': 9, 'value': 60}, {'type': 28, 'value': 391}, {'type': 29, 'value': 40}, {'type': 30, 'value': 36}]}"
1758948965,LONG,,1,26980000,26710200,"{'id': 173219, 'context': 0, 'bonus_lists': [6893, 7185], 'modifiers': [{'type': 9, 'value': 60}, {'type': 28, 'value': 391}, {'type': 29, 'value': 36}, {'type': 30, 'value': 32}]}"
1758948972,LONG,,1,26979000,26709200,"{'id': 173219, 'context': 0, 'bonus_lists': [6893, 7185], 'modifiers': [{'type': 9, 'value': 60}, {'type': 28, 'value': 391}, {'type': 29, 'value': 49}, {'type': 30, 'value': 40}]}"
1758948976,LONG,,1,26979000,26709200,"{'id': 173219, 'context': 0, 'bonus_lists': [6893, 7185], 'modifiers': [{'type': 9, 'value': 60}, {'type': 28, 'value': 391}, {'type': 29, 'value': 49}, {'type': 30, 'value': 40}]}"
1758948978,LONG,,1,26979000,26709200,"{'id': 173219, 'context': 0, 'bonus_lists': [6893, 7185], 'modifiers': [{'type': 9, 'value': 60}, {'type': 28, 'value': 391}, {'type': 29, 'value': 40}, {'type': 30, 'value': 49}]}"
1758948981,LONG,,1,26980000,26710200,"{'id': 173219, 'context': 0, 'bonus_lists': [6893, 7185], 'modifiers': [{'type': 9, 'value': 60}, {'type': 28, 'value': 391}, {'type': 29, 'value': 40}, {'type': 30, 'value': 36}]}"
1758948982,VERY_LONG,,1,152299300,,"{'id': 82800, 'context': 0, 'modifiers': [{'type': 6, 'value': 80254}], 'pet_breed_id': 4, 'pet_level': 1, 'pet_quality_id': 3, 'pet_species_id': 2756}"
1758948984,LONG,,1,16440000,16275600,"{'id': 173220, 'context': 0, 'bonus_lists': [6893, 7185], 'modifiers': [{'type': 9, 'value': 60}, {'type': 28, 'value': 391}, {'type': 29, 'value': 40}, {'type': 30, 'value': 32}]}"
1758948986,LONG,,1,16440000,16275600,"{'id': 173220, 'context': 0, 'bonus_lists': [6893, 7185], 'modifiers': [{'type': 9, 'value': 60}, {'type': 28, 'value': 391}, {'type': 29, 'value': 40}, {'type': 30, 'value': 49}]}"
1758948988,LONG,,1,16440000,16275600,"{'id': 173220, 'context': 0, 'bonus_lists': [6893, 7185], 'modifiers': [{'type': 9, 'value': 60}, {'type': 28, 'value': 391}, {'type': 29, 'value': 49}, {'type': 30, 'value': 40}]}"
1758948990,VERY_LONG,18100,20,,,{'id': 174328}
1758948991,VERY_LONG,,1,11100000,,"{'id': 114821, 'context': 0}"
1758948992,VERY_LONG,,1,11100000,,"{'id': 114821, 'context': 0}"
1758948993,VERY_LONG,,1,11100000,,"{'id': 114821, 'context': 0}"
1758948995,VERY_LONG,,1,11100000,,"{'id': 114821, 'context': 0}"
1758948996,VERY_LONG,,1,11100000,,"{'id': 114821, 'context': 0}"
1758948997,VERY_LONG,19600,200,,,{'id': 172092}
1758948998,VERY_LONG,,1,11100000,,"{'id': 114821, 'context': 0}"
1758948999,VERY_LONG,,1,11100000,,"{'id': 114821, 'context': 0}"
1758949001,VERY_LONG,,1,11100000,,"{'id': 114821, 'context': 0}"
1758949004,VERY_LONG,,1,11100000,,"{'id': 114821, 'context': 0}"
1758949005,VERY_LONG,,1,11100000,,"{'id': 114821, 'context': 0}"
1758949006,VERY_LONG,,1,11100000,,"{'id': 114821, 'context': 0}"
1758949008,VERY_LONG,,1,11100000,,"{'id': 114821, 'context': 0}"
1758949012,VERY_LONG,,1,11100000,,"{'id': 114821, 'context': 0}"
1758949015,VERY_LONG,,1,11100000,,"{'id': 114821, 'context': 0}"
1758949016,LONG,,1,99990000,98990100,"{'id': 171447, 'context': 13, 'bonus_lists': [6893, 7185], 'modifiers': [{'type': 9, 'value': 60}, {'type': 28, 'value': 391}, {'type': 29, 'value': 40}, {'type': 30, 'value': 32}]}"
1758949019,VERY_LONG,,1,11100000,,"{'id': 114821, 'context': 0}"
1758949021,LONG,,1,99990000,98990100,"{'id': 171447, 'context': 13, 'bonus_lists': [6893, 7185], 'modifiers': [{'type': 9, 'value': 60}, {'type': 28, 'value': 391}, {'type': 29, 'value': 40}, {'type': 30, 'value': 49}]}"
1758949025,VERY_LONG,,1,11100000,,"{'id': 114821, 'context': 0}"
1758949028,VERY_LONG,,1,11100000,,"{'id': 114821, 'context': 0}"
1758949031,VERY_LONG,,1,11100000,,"{'id': 114821, 'context': 0}"
1758949035,VERY_LONG,,1,11100000,,"{'id': 114821, 'context': 0}"
1758949039,LONG,,1,38800000,38412000,"{'id': 171447, 'context': 13, 'bonus_lists': [6893, 7185], 'modifiers': [{'type': 9, 'value': 60}, {'type': 28, 'value': 391}, {'type': 29, 'value': 36}, {'type': 30, 'value': 49}]}"
1758949042,VERY_LONG,,1,11100000,,"{'id': 114821, 'context': 0}"
1758949046,VERY_LONG,,1,11100000,,"{'id': 114821, 'context': 0}"
1758949051,VERY_LONG,,1,11100000,,"{'id': 114821, 'context': 0}"
1758949053,LONG,,1,99990000,98990100,"{'id': 171448, 'context': 13, 'bonus_lists': [6893, 7185], 'modifiers': [{'type': 9, 'value': 60}, {'type': 28, 'value': 391}, {'type': 29, 'value': 49}, {'type': 30, 'value': 40}]}"
1758949056,LONG,,1,99990000,98990100,"{'id': 171448, 'context': 13, 'bonus_lists': [6893, 7185], 'modifiers': [{'type': 9, 'value': 60}, {'type': 28, 'value': 391}, {'type': 29, 'value': 40}, {'type': 30, 'value': 49}]}"
1758949060,LONG,,1,99990000,98990100,"{'id': 171448, 'context': 13, 'bonus_lists': [6893, 7185], 'modifiers': [{'type': 9, 'value': 60}, {'type': 28, 'value': 391}, {'type': 29, 'value': 40}, {'type': 30, 'value': 49}]}"
1758949063,LONG,,1,99990000,98990100,"{'id': 172258, 'context': 13, 'bonus_lists': [6893, 7185], 'modifiers': [{'type': 9, 'value': 60}, {'type': 28, 'value': 391}, {'type': 29, 'value': 32}, {'type': 30, 'value': 40}]}"
1758949066,LONG,,1,99990000,98990100,"{'id': 172258, 'context': 13, 'bonus_lists': [6893, 7185], 'modifiers': [{'type': 9, 'value': 60}, {'type': 28, 'value': 391}, {'type': 29, 'value': 36}, {'type': 30, 'value': 32}]}"
1758949069,LONG,,1,99990000,98990100,"{'id': 172258, 'context': 13, 'bonus_lists': [6893, 7185], 'modifiers': [{'type': 9, 'value': 60}, {'type': 28, 'value': 391}, {'type': 29, 'value': 32}, {'type': 30, 'value': 36}]}"
1758949070,LONG,,1,80000000,79200000,"{'id': 172254, 'context': 13, 'bonus_lists': [6893, 7185], 'modifiers': [{'type': 9, 'value': 60}, {'type': 28, 'value': 391}, {'type': 29, 'value': 49}, {'type': 30, 'value': 36}]}"
1758949072,LONG,,1,80000000,79200000,"{'id': 172254, 'context': 13, 'bonus_lists': [6893, 7185], 'modifiers': [{'type': 9, 'value': 60}, {'type': 28, 'value': 391}, {'type': 29, 'value': 36}, {'type': 30, 'value': 49}]}"
1758949074,LONG,,1,80000000,79200000,"{'id': 172254, 'context': 13, 'bonus_lists': [6893, 7185], 'modifiers': [{'type': 9, 'value': 60}, {'type': 28, 'value': 391}, {'type': 29, 'value': 49}, {'type': 30, 'value': 36}]}"
1758949075,LONG,,1,80000000,79200000,"{'id': 172254, 'context': 13, 'bonus_lists': [6893, 7185], 'modifiers': [{'type': 9, 'value': 60}, {'type': 28, 'value': 391}, {'type': 29, 'value': 49}, {'type': 30, 'value': 36}]}"
1758949078,LONG,,1,80000000,79200000,"{'id': 172251, 'context': 13, 'bonus_lists': [6893, 7185], 'modifiers': [{'type': 9, 'value': 60}, {'type': 28, 'value': 391}, {'type': 29, 'value': 40}, {'type': 30, 'value': 32}]}"
1758949080,LONG,,1,99990000,98990100,"{'id': 172262, 'context': 13, 'bonus_lists': [6893, 7185], 'modifiers': [{'type': 9, 'value': 60}, {'type': 28, 'value': 391}, {'type': 29, 'value': 40}, {'type': 30, 'value': 49}]}"
1758949082,LONG,,1,60000000,59400000,"{'id': 171443, 'context': 13, 'bonus_lists': [6893, 7185], 'modifiers': [{'type': 9, 'value': 60}, {'type': 28, 'value': 391}, {'type': 29, 'value': 36}, {'type': 30, 'value': 40}]}"
1758949084,LONG,,1,168630000,166943700,"{'id': 172329, 'context': 64, 'bonus_lists': [6717, 7193, 1507]}"
1758949087,LONG,,1,80000000,79200000,"{'id': 173217, 'context': 0, 'bonus_lists': [6893, 7185], 'modifiers': [{'type': 9, 'value': 60}, {'type': 28, 'value': 391}, {'type': 29, 'value': 36}, {'type': 30, 'value': 49}]}"
1758949088,LONG,,1,80000000,79200000,"{'id': 173217, 'context': 0, 'bonus_lists': [6893, 7185], 'modifiers': [{'type': 9, 'value': 60}, {'type': 28, 'value': 391}, {'type': 29, 'value': 49}, {'type': 30, 'value': 36}]}"
1758949091,LONG,,1,80000000,79200000,"{'id': 173217, 'context': 0, 'bonus_lists': [6893, 7185], 'modifiers': [{'type': 9, 'value': 60}, {'type': 28, 'value': 391}, {'type': 29, 'value': 36}, {'type': 30, 'value': 49}]}"
1758949094,LONG,,1,80000000,79200000,"{'id': 173217, 'context': 0, 'bonus_lists': [6893, 7185], 'modifiers': [{'type': 9, 'value': 60}, {'type': 28, 'value': 391}, {'type': 29, 'value': 36}, {'type': 30, 'value': 49}]}"
1758949098,LONG,,1,80000000,79200000,"{'id': 173217, 'context': 0, 'bonus_lists': [6893, 7185], 'modifiers': [{'type': 9, 'value': 60}, {'type': 28, 'value': 391}, {'type': 29, 'value': 49}, {'type': 30, 'value': 36}]}"
1758949114,LONG,,1,10400,,"{'id': 110294, 'context': 1}"
1758949481,LONG,,1,9100000,,"{'id': 114821, 'context': 0}"
1758949487,LONG,,1,9100000,,"{'id': 114821, 'context': 0}"
1758949492,LONG,,1,9100000,,"{'id': 114821, 'context': 0}"
1758949497,LONG,,1,9100000,,"{'id': 114821, 'context': 0}"
1758949502,LONG,,1,9100000,,"{'id': 114821, 'context': 0}"
1758949507,LONG,,1,9100000,,"{'id': 114821, 'context': 0}"
1758949511,LONG,,1,9100000,,"{'id': 114821, 'context': 0}"
1758949515,LONG,,1,9100000,,"{'id': 114821, 'context': 0}"
1758949519,LONG,,1,9100000,,"{'id': 114821, 'context': 0}"
1758949526,LONG,,1,9100000,,"{'id': 114821, 'context': 0}"
1758949529,LONG,,1,9100000,,"{'id': 114821, 'context': 0}"
1758949532,LONG,,1,9100000,,"{'id': 114821, 'context': 0}"
1758949535,LONG,,1,9100000,,"{'id': 114821, 'context': 0}"
1758949540,LONG,,1,9100000,,"{'id': 114821, 'context': 0}"
1758949543,LONG,,1,9100000,,"{'id': 114821, 'context': 0}"
1758949549,LONG,,1,9100000,,"{'id': 114821, 'context': 0}"
1758949552,LONG,,1,9100000,,"{'id': 114821, 'context': 0}"
1758949556,LONG,,1,9100000,,"{'id': 114821, 'context': 0}"
1758949561,LONG,,1,9100000,,"{'id': 114821, 'context': 0}"
1758949567,LONG,,1,9100000,,"{'id': 114821, 'context': 0}"
1758949569,LONG,,1,9100000,,"{'id': 114821, 'context': 0}"
1758949572,LONG,,1,9100000,,"{'id': 114821, 'context': 0}"
1758949628,VERY_LONG,1002500,5,,,{'id': 87277}
1758949635,VERY_LONG,8597100,1,,,{'id': 43850}
1758949649,VERY_LONG,8997900,3,,,{'id': 173162}
1758949663,VERY_LONG,,1,3149300,,"{'id': 24913, 'context': 0, 'bonus_lists': [6654, 1679], 'modifiers': [{'type': 9, 'value': 30}, {'type': 28, 'value': 1012}]}"
1758949667,LONG,,1,64123200,63482000,"{'id': 173221, 'context': 0, 'bonus_lists': [6893, 7185], 'modifiers': [{'type': 9, 'value': 60}, {'type': 28, 'value': 391}, {'type': 29, 'value': 36}, {'type': 30, 'value': 40}]}"
1758949672,LONG,,1,64123200,63482000,"{'id': 173221, 'context': 0, 'bonus_lists': [6893, 7185], 'modifiers': [{'type': 9, 'value': 60}, {'type': 28, 'value': 391}, {'type': 29, 'value': 36}, {'type': 30, 'value': 40}]}"
1758949675,VERY_LONG,,1,11990400,,"{'id': 176964, 'context': 0, 'bonus_lists': [6907, 6652, 1677], 'modifiers': [{'type': 9, 'value': 60}, {'type': 28, 'value': 1707}]}"
1758949677,LONG,,1,27876300,27597500,"{'id': 173145, 'context': 13, 'bonus_lists': [7185], 'modifiers': [{'type': 9, 'value': 60}, {'type': 29, 'value': 36}]}"
1758949679,VERY_LONG,6315700,3,,,{'id': 5504}
1758949681,LONG,,1,14450000,14305500,"{'id': 173222, 'context': 0, 'bonus_lists': [6893, 7185], 'modifiers': [{'type': 9, 'value': 60}, {'type': 28, 'value': 391}, {'type': 29, 'value': 49}, {'type': 30, 'value': 40}]}"
1758949683,VERY_LONG,,1,2223600,,"{'id': 25295, 'context': 0, 'bonus_lists': [6655, 1708], 'modifiers': [{'type': 9, 'value': 30}, {'type': 28, 'value': 1012}]}"
1758949685,LONG,,1,14450000,14305500,"{'id': 173222, 'context': 0, 'bonus_lists': [6893, 7185], 'modifiers': [{'type': 9, 'value': 60}, {'type': 28, 'value': 391}, {'type': 29, 'value': 40}, {'type': 30, 'value': 49}]}"
1758949687,VERY_LONG,,1,3401500,,"{'id': 55556, 'context': 5, 'bonus_lists': [6654, 1681], 'modifiers': [{'type': 9, 'value': 35}, {'type': 28, 'value': 1029}]}"
1758949689,LONG,,1,14450000,14305500,"{'id': 173222, 'context': 0, 'bonus_lists': [6893, 7185], 'modifiers': [{'type': 9, 'value': 60}, {'type': 28, 'value': 391}, {'type': 29, 'value': 49}, {'type': 30, 'value': 40}]}"
1758949692,LONG,,1,14450000,14305500,"{'id': 173222, 'context': 0, 'bonus_lists': [6893, 7185], 'modifiers': [{'type': 9, 'value': 60}, {'type': 28, 'value': 391}, {'type': 29, 'value': 40}, {'type': 30, 'value': 49}]}"
1758949695,VERY_LONG,,1,63332600,,"{'id': 55542, 'context': 5, 'bonus_lists': [6654, 1677], 'modifiers': [{'type': 9, 'value': 35}, {'type': 28, 'value': 1029}]}"
1758949698,LONG,,1,14450000,14305500,"{'id': 173222, 'context': 0, 'bonus_lists': [6893, 7185], 'modifiers': [{'type': 9, 'value': 60}, {'type': 28, 'value': 391}, {'type': 29, 'value': 40}, {'type': 30, 'value': 32}]}"
1758949701,VERY_LONG,,1,768100,,"{'id': 55736, 'context': 5, 'bonus_lists': [6654, 1702], 'modifiers': [{'type': 9, 'value': 35}, {'type': 28, 'value': 1029}]}"
1758949702,LONG,,1,14450000,14305500,"{'id': 173222, 'context': 0, 'bonus_lists': [6893, 7185], 'modifiers': [{'type': 9, 'value': 60}, {'type': 28, 'value': 391}, {'type': 29, 'value': 40}, {'type': 30, 'value': 32}]}"
1758949705,LONG,,1,14450000,14305500,"{'id': 173222, 'context': 0, 'bonus_lists': [6893, 7185], 'modifiers': [{'type': 9, 'value': 60}, {'type': 28, 'value': 391}, {'type': 29, 'value': 40}, {'type': 30, 'value': 32}]}"
1758949707,VERY_LONG,,1,116313500,,"{'id': 55642, 'context': 5, 'bonus_lists': [6654, 1713], 'modifiers': [{'type': 9, 'value': 35}, {'type': 28, 'value': 1029}]}"
1758949710,LONG,,1,14450000,14305500,"{'id': 173222, 'context': 0, 'bonus_lists': [6893, 7185], 'modifiers': [{'type': 9, 'value': 60}, {'type': 28, 'value': 391}, {'type': 29, 'value': 40}, {'type': 30, 'value': 32}]}"
1758949712,VERY_LONG,,1,12273500,,"{'id': 2034, 'context': 1, 'bonus_lists': [6709], 'modifiers': [{'type': 9, 'value': 30}, {'type': 28, 'value': 200}]}"
1758949718,VERY_LONG,144700,5,,,{'id': 37118}
1758949719,VERY_LONG,,1,3511700,,"{'id': 24800, 'context': 0, 'bonus_lists': [6654, 1679], 'modifiers': [{'type': 9, 'value': 30}, {'type': 28, 'value': 1012}]}"
1758949720,LONG,,1,14450000,14305500,"{'id': 173222, 'context': 0, 'bonus_lists': [6893, 7185], 'modifiers': [{'type': 9, 'value': 60}, {'type': 28, 'value': 391}, {'type': 29, 'value': 36}, {'type': 30, 'value': 32}]}"
1758949724,VERY_LONG,,1,4282700,,"{'id': 55502, 'context': 5, 'bonus_lists': [6654, 1688], 'modifiers': [{'type': 9, 'value': 35}, {'type': 28, 'value': 1029}]}"
1758949726,LONG,,1,14450000,14305500,"{'id': 173222, 'context': 0, 'bonus_lists': [6893, 7185], 'modifiers': [{'type': 9, 'value': 60}, {'type': 28, 'value': 391}, {'type': 29, 'value': 36}, {'type': 30, 'value': 32}]}"
1758949728,VERY_LONG,38790600,1,,,{'id': 140630}
1758949730,VERY_LONG,7200,4,,,{'id': 69237}
1758949733,LONG,,1,14450000,14305500,"{'id': 173222, 'context': 0, 'bonus_lists': [6893, 7185], 'modifiers': [{'type': 9, 'value': 60}, {'type': 28, 'value': 391}, {'type': 29, 'value': 32}, {'type': 30, 'value': 36}]}"
1758949734,VERY_LONG,19142500,3,,,{'id': 136826}
1758949735,VERY_LONG,,1,5003100,,"{'id': 82800, 'context': 0, 'modifiers': [{'type': 6, 'value': 48664}], 'pet_breed_id': 6, 'pet_level': 1, 'pet_quality_id': 3, 'pet_species_id': 1233}"
1758949738,LONG,,1,14450000,14305500,"{'id': 173222, 'context': 0, 'bonus_lists': [6893, 7185], 'modifiers': [{'type': 9, 'value': 60}, {'type': 28, 'value': 391}, {'type': 29, 'value': 36}, {'type': 30, 'value': 32}]}"
1758949740,LONG,,1,14450000,14305500,"{'id': 173222, 'context': 0, 'bonus_lists': [6893, 7185], 'modifiers': [{'type': 9, 'value': 60}, {'type': 28, 'value': 391}, {'type': 29, 'value': 36}, {'type': 30, 'value': 40}]}"
1758949741,VERY_LONG,3001700,1,,,{'id': 153666}
1758949743,VERY_LONG,,1,4412700,,"{'id': 55576, 'context': 5, 'bonus_lists': [6654, 1695], 'modifiers': [{'type': 9, 'value': 35}, {'type': 28, 'value': 1029}]}"
1758949745,LONG,,1,14450000,14305500,"{'id': 173222, 'context': 0, 'bonus_lists': [6893, 7185], 'modifiers': [{'type': 9, 'value': 60}, {'type': 28, 'value': 391}, {'type': 29, 'value': 36}, {'type': 30, 'value': 40}]}"
1758949747,VERY_LONG,3326200,1,,,{'id': 43400}
1758949748,VERY_LONG,1100,5,,,{'id': 171840}
1758949750,LONG,,1,14450000,14305500,"{'id': 173222, 'context': 0, 'bonus_lists': [6893, 7185], 'modifiers': [{'type': 9, 'value': 60}, {'type': 28, 'value': 391}, {'type': 29, 'value': 40}, {'type': 30, 'value': 36}]}"
1758949752,VERY_LONG,,1,9300400,,"{'id': 55774, 'context': 5, 'bonus_lists': [6654, 1700], 'modifiers': [{'type': 9, 'value': 35}, {'type': 28, 'value': 1029}]}"
1758949754,LONG,,1,14450000,14305500,"{'id': 173222, 'context': 0, 'bonus_lists': [6893, 7185], 'modifiers': [{'type': 9, 'value': 60}, {'type': 28, 'value': 391}, {'type': 29, 'value': 40}, {'type': 30, 'value': 36}]}"
1758949756,VERY_LONG,152500,5,,,{'id': 159825}
1758949757,VERY_LONG,30000,1,,,{'id': 30183}
1758949758,LONG,,1,14450000,14305500,"{'id': 173222, 'context': 0, 'bonus_lists': [6893, 7185], 'modifiers': [{'type': 9, 'value': 60}, {'type': 28, 'value': 391}, {'type': 29, 'value': 49}, {'type': 30, 'value': 32}]}"
1758949760,VERY_LONG,2725200,2,,,{'id': 42751}
1758949761,LONG,,1,14450000,14305500,"{'id': 173222, 'context': 0, 'bonus_lists': [6893, 7185], 'modifiers': [{'type': 9, 'value': 60}, {'type': 28, 'value': 391}, {'type': 29, 'value': 32}, {'type': 30, 'value': 49}]}"
1758949764,LONG,,1,14450000,14305500,"{'id': 173222, 'context': 0, 'bonus_lists': [6893, 7185], 'modifiers': [{'type': 9, 'value': 60}, {'type': 28, 'value': 391}, {'type': 29, 'value': 32}, {'type': 30, 'value': 49}]}"
1758949765,VERY_LONG,5759700,1,,,{'id': 162027}
1758949769,VERY_LONG,20290800,4,,,{'id': 83006}
1758949770,LONG,,1,16690000,16523100,"{'id': 173217, 'context': 0, 'bonus_lists': [6893, 7185], 'modifiers': [{'type': 9, 'value': 60}, {'type': 28, 'value': 391}, {'type': 29, 'value': 49}, {'type': 30, 'value': 40}]}"
1758949771,VERY_LONG,24000,2,,,{'id': 23572}
1758949774,LONG,,1,16690000,16523100,"{'id': 173217, 'context': 0, 'bonus_lists': [6893, 7185], 'modifiers': [{'type': 9, 'value': 60}, {'type': 28, 'value': 391}, {'type': 29, 'value': 49}, {'type': 30, 'value': 40}]}"
1758949775,VERY_LONG,17500000,3,,,{'id': 173161}
1758949776,VERY_LONG,299900,26,,,{'id': 171829}
1758949778,LONG,,1,16690000,16523100,"{'id': 173217, 'context': 0, 'bonus_lists': [6893, 7185], 'modifiers': [{'type': 9, 'value': 60}, {'type': 28, 'value': 391}, {'type': 29, 'value': 49}, {'type': 30, 'value': 40}]}"
1758949780,VERY_LONG,1038700,5,,,{'id': 104120}
1758949784,LONG,,1,58728800,58141500,"{'id': 173217, 'context': 0, 'bonus_lists': [6893, 7185], 'modifiers': [{'type': 9, 'value': 60}, {'type': 28, 'value': 391}, {'type': 29, 'value': 32}, {'type': 30, 'value': 49}]}"
1758949786,VERY_LONG,1337900,1,,,{'id': 118061}
1758949787,VERY_LONG,,1,3723400,,"{'id': 4576, 'context': 1, 'bonus_lists': [6655], 'modifiers': [{'type': 9, 'value': 30}, {'type': 28, 'value': 200}]}"
1758949789,LONG,,1,58728800,58141500,"{'id': 173217, 'context': 0, 'bonus_lists': [6893, 7185], 'modifiers': [{'type': 9, 'value': 60}, {'type': 28, 'value': 391}, {'type': 29, 'value': 32}, {'type': 30, 'value': 49}]}"
1758949792,VERY_LONG,790400,5,,,{'id': 87883}
1758949793,LONG,,1,58728800,58141500,"{'id': 173217, 'context': 0, 'bonus_lists': [6893, 7185], 'modifiers': [{'type': 9, 'value': 60}, {'type': 28, 'value': 391}, {'type': 29, 'value': 32}, {'type': 30, 'value': 49}]}"
1758949794,VERY_LONG,,1,27923600,,"{'id': 14376, 'context': 1, 'bonus_lists': [6654], 'modifiers': [{'type': 9, 'value': 30}, {'type': 28, 'value': 200}]}"
1758949796,LONG,,1,58728800,58141500,"{'id': 173217, 'context': 0, 'bonus_lists': [6893, 7185], 'modifiers': [{'type': 9, 'value': 60}, {'type': 28, 'value': 391}, {'type': 29, 'value': 49}, {'type': 30, 'value': 32}]}"
1758949797,VERY_LONG,130000,19,,,{'id': 169701}
1758949798,VERY_LONG,2109300,5,,,{'id': 80587}
1758949800,LONG,,1,16690000,16523100,"{'id': 173217, 'context': 0, 'bonus_lists': [6893, 7185], 'modifiers': [{'type': 9, 'value': 60}, {'type': 28, 'value': 391}, {'type': 29, 'value': 36}, {'type': 30, 'value': 32}]}"
1758949802,VERY_LONG,185800,5,,,{'id': 44315}
1758949803,LONG,,1,16690000,16523100,"{'id': 173217, 'context': 0, 'bonus_lists': [6893, 7185], 'modifiers': [{'type': 9, 'value': 60}, {'type': 28, 'value': 391}, {'type': 29, 'value': 32}, {'type': 30, 'value': 36}]}"
1758949806,VERY_LONG,127100,2,,,{'id': 2771}
1758949807,LONG,,1,16690000,16523100,"{'id': 173217, 'context': 0, 'bonus_lists': [6893, 7185], 'modifiers': [{'type': 9, 'value': 60}, {'type': 28, 'value': 391}, {'type': 29, 'value': 36}, {'type': 30, 'value': 32}]}"
1758949810,VERY_LONG,,1,78013100,,"{'id': 55578, 'context': 5, 'bonus_lists': [6654, 1708], 'modifiers': [{'type': 9, 'value': 35}, {'type': 28, 'value': 1029}]}"
1758949811,LONG,,1,16690000,16523100,"{'id': 173217, 'context': 0, 'bonus_lists': [6893, 7185], 'modifiers': [{'type': 9, 'value': 60}, {'type': 28, 'value': 391}, {'type': 29, 'value': 36}, {'type': 30, 'value': 32}]}"
1758949817,LONG,,1,16690000,16523100,"{'id': 173217, 'context': 0, 'bonus_lists': [6893, 7185], 'modifiers': [{'type': 9, 'value': 60}, {'type': 28, 'value': 391}, {'type': 29, 'value': 36}, {'type': 30, 'value': 40}]}"
1758949820,LONG,,1,16690000,16523100,"{'id': 173217, 'context': 0, 'bonus_lists': [6893, 7185], 'modifiers': [{'type': 9, 'value': 60}, {'type': 28, 'value': 391}, {'type': 29, 'value': 36}, {'type': 30, 'value': 40}]}"
1758949823,LONG,,1,16690000,16523100,"{'id': 173217, 'context': 0, 'bonus_lists': [6893, 7185], 'modifiers': [{'type': 9, 'value': 60}, {'type': 28, 'value': 391}, {'type': 29, 'value': 36}, {'type': 30, 'value': 40}]}"
1758949829,LONG,,1,16690000,16523100,"{'id': 173217, 'context': 0, 'bonus_lists': [6893, 7185], 'modifiers': [{'type': 9, 'value': 60}, {'type': 28, 'value': 391}, {'type': 29, 'value': 40}, {'type': 30, 'value': 32}]}"
1758949834,LONG,,1,16690000,16523100,"{'id': 173217, 'context': 0, 'bonus_lists': [6893, 7185], 'modifiers': [{'type': 9, 'value': 60}, {'type': 28, 'value': 391}, {'type': 29, 'value': 32}, {'type': 30, 'value': 40}]}"
1758949836,VERY_LONG,1300,31,,,{'id': 21877}
1758949837,LONG,,1,16690000,16523100,"{'id': 173217, 'context': 0, 'bonus_lists': [6893, 7185], 'modifiers': [{'type': 9, 'value': 60}, {'type': 28, 'value': 391}, {'type': 29, 'value': 32}, {'type': 30, 'value': 40}]}"
1758949840,LONG,,1,16690000,16523100,"{'id': 173217, 'context': 0, 'bonus_lists': [6893, 7185], 'modifiers': [{'type': 9, 'value': 60}, {'type': 28, 'value': 391}, {'type': 29, 'value': 40}, {'type': 30, 'value': 32}]}"
1758949842,VERY_LONG,,1,18098200,,"{'id': 24642, 'context': 2, 'bonus_lists': [6654, 1680], 'modifiers': [{'type': 9, 'value': 30}, {'type': 28, 'value': 1074}]}"
1758949845,LONG,,1,50000000,49500000,"{'id': 173144, 'context': 13, 'bonus_lists': [7185], 'modifiers': [{'type': 9, 'value': 60}, {'type': 29, 'value': 36}]}"
1758949846,VERY_LONG,80000,9,,,{'id': 171841}
1758949848,LONG,,1,50000000,49500000,"{'id': 173144, 'context': 13, 'bonus_lists': [7185], 'modifiers': [{'type': 9, 'value': 60}, {'type': 29, 'value': 36}]}"
1758949849,LONG,,1,29694300,29397400,"{'id': 173144, 'context': 13, 'bonus_lists': [7185], 'modifiers': [{'type': 9, 'value': 60}, {'type': 29, 'value': 49}]}"
1758949850,LONG,,1,29694300,29397400,"{'id': 173144, 'context': 13, 'bonus_lists': [7185], 'modifiers': [{'type': 9, 'value': 60}, {'type': 29, 'value': 49}]}"
1758949853,VERY_LONG,,1,1980000,,"{'id': 82800, 'context': 0, 'modifiers': [{'type': 6, 'value': 48663}], 'pet_breed_id': 11, 'pet_level': 1, 'pet_quality_id': 3, 'pet_species_id': 1235}"
1758949854,LONG,,1,29694300,29397400,"{'id': 173144, 'context': 13, 'bonus_lists': [7185], 'modifiers': [{'type': 9, 'value': 60}, {'type': 29, 'value': 49}]}"
1758949858,LONG,,1,29694300,29397400,"{'id': 173144, 'context': 13, 'bonus_lists': [7185], 'modifiers': [{'type': 9, 'value': 60}, {'type': 29, 'value': 32}]}"
1758949860,LONG,,1,29694300,29397400,"{'id': 173144, 'context': 13, 'bonus_lists': [7185], 'modifiers': [{'type': 9, 'value': 60}, {'type': 29, 'value': 32}]}"
1758949865,LONG,,1,29694300,29397400,"{'id': 173144, 'context': 13, 'bonus_lists': [7185], 'modifiers': [{'type': 9, 'value': 60}, {'type': 29, 'value': 32}]}"
1758949868,VERY_LONG,95829300,7,,,{'id': 2836}
1758949869,LONG,,1,29694300,29397400,"{'id': 173144, 'context': 13, 'bonus_lists': [7185], 'modifiers': [{'type': 9, 'value': 60}, {'type': 29, 'value': 32}]}"
1758949871,LONG,,1,33209500,32877400,"{'id': 173131, 'context': 13, 'bonus_lists': [7185], 'modifiers': [{'type': 9, 'value': 60}, {'type': 29, 'value': 32}]}"
1758949873,LONG,,1,31009500,30699400,"{'id': 173131, 'context': 13, 'bonus_lists': [7185], 'modifiers': [{'type': 9, 'value': 60}, {'type': 29, 'value': 49}]}"
1758949876,VERY_LONG,,1,55989000,,"{'id': 15488, 'context': 1, 'bonus_lists': [6654, 1693], 'modifiers': [{'type': 9, 'value': 30}, {'type': 28, 'value': 200}]}"
1758949877,LONG,,1,31009500,30699400,"{'id': 173131, 'context': 13, 'bonus_lists': [7185], 'modifiers': [{'type': 9, 'value': 60}, {'type': 29, 'value': 49}]}"
1758949880,LONG,,1,35769500,35411800,"{'id': 173131, 'context': 13, 'bonus_lists': [7185], 'modifiers': [{'type': 9, 'value': 60}, {'type': 29, 'value': 36}]}"
1758949883,LONG,,1,35769500,35411800,"{'id': 173131, 'context': 13, 'bonus_lists': [7185], 'modifiers': [{'type': 9, 'value': 60}, {'type': 29, 'value': 36}]}"
1758949886,LONG,,1,25971400,25711700,"{'id': 173147, 'context': 13, 'bonus_lists': [7185], 'modifiers': [{'type': 9, 'value': 60}, {'type': 29, 'value': 40}]}"
1758949889,VERY_LONG,709100,2,,,{'id': 1206}
1758949890,LONG,,1,25971400,25711700,"{'id': 173147, 'context': 13, 'bonus_lists': [7185], 'modifiers': [{'type': 9, 'value': 60}, {'type': 29, 'value': 40}]}"
1758949892,LONG,,1,25971400,25711700,"{'id': 173147, 'context': 13, 'bonus_lists': [7185], 'modifiers': [{'type': 9, 'value': 60}, {'type': 29, 'value': 40}]}"
1758949899,LONG,,1,25971400,25711700,"{'id': 173147, 'context': 13, 'bonus_lists': [7185], 'modifiers': [{'type': 9, 'value': 60}, {'type': 29, 'value': 40}]}"
1758949903,VERY_LONG,,1,2537100,,"{'id': 789, 'context': 1, 'bonus_lists': [6655, 1695], 'modifiers': [{'type': 9, 'value': 30}, {'type': 28, 'value': 200}]}"
1758949906,LONG,,1,25971400,25711700,"{'id': 173147, 'context': 13, 'bonus_lists': [7185], 'modifiers': [{'type': 9, 'value': 60}, {'type': 29, 'value': 36}]}"
1758949908,LONG,,1,25971400,25711700,"{'id': 173147, 'context': 13, 'bonus_lists': [7185], 'modifiers': [{'type': 9, 'value': 60}, {'type': 29, 'value': 36}]}"
1758949911,VERY_LONG,,1,4890000,,"{'id': 24799, 'context': 0, 'bonus_lists': [6654, 1681], 'modifiers': [{'type': 9, 'value': 30}, {'type': 28, 'value': 1012}]}"
1758949914,LONG,,1,25971400,25711700,"{'id': 173147, 'context': 13, 'bonus_lists': [7185], 'modifiers': [{'type': 9, 'value': 60}, {'type': 29, 'value': 36}]}"
1758949916,VERY_LONG,1851300,1,,,{'id': 172361}
1758949921,LONG,,1,11000000,10890000,"{'id': 173216, 'context': 0, 'bonus_lists': [6893, 7185], 'modifiers': [{'type': 9, 'value': 60}, {'type': 28, 'value': 391}, {'type': 29, 'value': 32}, {'type': 30, 'value': 36}]}"
1758949924,LONG,,1,11000000,10890000,"{'id': 173216, 'context': 0, 'bonus_lists': [6893, 7185], 'modifiers': [{'type': 9, 'value': 60}, {'type': 28, 'value': 391}, {'type': 29, 'value': 32}, {'type': 30, 'value': 36}]}"
1758949929,LONG,,1,11000000,10890000,"{'id': 173216, 'context': 0, 'bonus_lists': [6893, 7185], 'modifiers': [{'type': 9, 'value': 60}, {'type': 28, 'value': 391}, {'type': 29, 'value': 40}, {'type': 30, 'value': 36}]}"
1758949933,LONG,,1,6660000,6593400,"{'id': 173216, 'context': 0, 'bonus_lists': [6893, 7185], 'modifiers': [{'type': 9, 'value': 60}, {'type': 28, 'value': 391}, {'type': 29, 'value': 40}, {'type': 30, 'value': 49}]}"
1758949936,VERY_LONG,,1,102925500,,"{'id': 39895, 'context': 11, 'bonus_lists': [1709]}"
1758949940,LONG,,1,6660000,6593400,"{'id': 173216, 'context': 0, 'bonus_lists': [6893, 7185], 'modifiers': [{'type': 9, 'value': 60}, {'type': 28, 'value': 391}, {'type': 29, 'value': 40}, {'type': 30, 'value': 49}]}"
1758949943,VERY_LONG,1319100,5,,,{'id': 43386}
1758949949,VERY_LONG,,1,756000000,,"{'id': 82800, 'context': 0, 'modifiers': [{'type': 6, 'value': 99859}], 'pet_breed_id': 8, 'pet_level': 1, 'pet_quality_id': 2, 'pet_species_id': 2949}"
1758949953,LONG,,1,6660000,6593400,"{'id': 173216, 'context': 0, 'bonus_lists': [6893, 7185], 'modifiers': [{'type': 9, 'value': 60}, {'type': 28, 'value': 391}, {'type': 29, 'value': 40}, {'type': 30, 'value': 49}]}"
1758949966,VERY_LONG,,1,7756900,,"{'id': 25027, 'context': 0, 'bonus_lists': [6654, 1692], 'modifiers': [{'type': 9, 'value': 30}, {'type': 28, 'value': 1012}]}"
1758949975,VERY_LONG,,1,4960000,,"{'id': 120166, 'context': 1, 'bonus_lists': [6710], 'modifiers': [{'type': 9, 'value': 30}, {'type': 28, 'value': 200}]}"
1758949979,VERY_LONG,,1,4960000,,"{'id': 120166, 'context': 1, 'bonus_lists': [6710], 'modifiers': [{'type': 9, 'value': 30}, {'type': 28, 'value': 200}]}"
1758949993,VERY_LONG,,1,950000,,"{'id': 82800, 'context': 0, 'modifiers': [{'type': 6, 'value': 79709}], 'pet_breed_id': 9, 'pet_level': 1, 'pet_quality_id': 3, 'pet_species_id': 2088}"
1758949998,VERY_LONG,2900,12,,,{'id': 2592}
1758950001,VERY_LONG,,1,380199600,,"{'id': 9769, 'context': 1, 'bonus_lists': [6655, 1677], 'modifiers': [{'type': 9, 'value': 30}, {'type': 28, 'value': 200}]}"
1758950006,VERY_LONG,,1,2865500,,"{'id': 25305, 'context': 2, 'bonus_lists': [6655, 1705], 'modifiers': [{'type': 9, 'value': 30}, {'type': 28, 'value': 1074}]}"
1758950094,VERY_LONG,,1,199000000,,"{'id': 113134, 'context': 13, 'bonus_lists': [124, 525, 530]}"
1758950097,VERY_LONG,130000,3,,,{'id': 104108}
1758950101,VERY_LONG,990000,5,,,{'id': 104126}
1758950103,VERY_LONG,53917500,1,,,{'id': 129020}
1758950105,VERY_LONG,450000,5,,,{'id': 104127}
1758950107,VERY_LONG,34689200,1,,,{'id': 136825}
1758950109,VERY_LONG,,1,68607300,,"{'id': 62231, 'context': 1}"
1758950113,VERY_LONG,,1,312286900,,"{'id': 170317, 'context': 0, 'bonus_lists': [1679]}"
1758950114,VERY_LONG,,1,312286900,,"{'id': 170317, 'context': 0, 'bonus_lists': [1714]}"
1758950116,VERY_LONG,1000000,1,,,{'id': 104104}
1758950117,VERY_LONG,2728700,5,,,{'id': 87560}
1758950119,VERY_LONG,9454200,1,,,{'id': 89868}
1758950122,VERY_LONG,43102200,1,,,{'id': 137267}
1758950123,VERY_LONG,47077500,1,,,{'id': 139438}
1758950124,VERY_LONG,1703900,5,,,{'id': 77101}
1758950125,VERY_LONG,1832200,5,,,{'id': 45789}
1758950130,VERY_LONG,17886400,1,,,{'id': 162029}
1758950133,VERY_LONG,2290600,2,,,{'id': 45768}
1758950136,VERY_LONG,5950000,3,,,{'id': 173083}
1758950139,VERY_LONG,,1,224362300,,"{'id': 169301, 'context': 13}"
1758950142,VERY_LONG,,1,439336200,,"{'id': 111526, 'context': 13, 'bonus_lists': [215, 525, 529]}"
1758950144,VERY_LONG,30006200,4,,,{'id': 139436}
1758950146,VERY_LONG,997000,5,,,{'id': 85221}
1758950148,VERY_LONG,338100,2,,,{'id': 173065}
1758950151,VERY_LONG,23487800,1,,,{'id': 129017}
1758950153,VERY_LONG,,1,272596700,,"{'id': 169302, 'context': 13}"
1758950154,VERY_LONG,25015500,1,,,{'id': 137188}
1758950156,VERY_LONG,1500000,5,,,{'id': 43366}
1758950158,VERY_LONG,,1,290151900,,"{'id': 169328, 'context': 13}"
1758950160,VERY_LONG,2500000,5,,,{'id': 43369}
1758950164,VERY_LONG,,1,10955400,,"{'id': 89367, 'context': 0}"
1758950168,VERY_LONG,19983500,2,,,{'id': 172449}
1758950170,VERY_LONG,,1,65980300,,"{'id': 79333, 'context': 0}"
1758950171,VERY_LONG,1500000,1,,,{'id': 49084}
1758950207,LONG,,1,9000000,,"{'id': 114821, 'context': 0}"
1758950209,LONG,,1,9000000,,"{'id': 114821, 'context': 0}"
1758950212,LONG,,1,9000000,,"{'id': 114821, 'context': 0}"
1758950215,LONG,,1,9000000,,"{'id': 114821, 'context': 0}"
1758950220,LONG,,1,9000000,,"{'id': 114821, 'context': 0}"
1758950223,LONG,,1,9000000,,"{'id': 114821, 'context': 0}"
1758950227,LONG,,1,9000000,,"{'id': 114821, 'context': 0}"
1758950230,LONG,,1,9000000,,"{'id': 114821, 'context': 0}"
1758950233,LONG,,1,9000000,,"{'id': 114821, 'context': 0}"
1758950235,LONG,,1,9000000,,"{'id': 114821, 'context': 0}"
1758950237,LONG,,1,9000000,,"{'id': 114821, 'context': 0}"
1758950240,LONG,,1,9000000,,"{'id': 114821, 'context': 0}"
1758950242,LONG,,1,9000000,,"{'id': 114821, 'context': 0}"
1758950295,LONG,,1,17898000,,"{'id': 184480, 'context': 0}"
1758950296,LONG,,1,17898000,,"{'id': 184480, 'context': 0}"
1758950297,LONG,,1,17898000,,"{'id': 184480, 'context': 0}"
1758950300,LONG,,1,17898000,,"{'id': 184480, 'context': 0}"
1758950302,LONG,,1,17898000,,"{'id': 184480, 'context': 0}"
1758950304,LONG,,1,17898000,,"{'id': 184480, 'context': 0}"
1758950307,LONG,,1,17898000,,"{'id': 184480, 'context': 0}"
1758950309,LONG,,1,17898000,,"{'id': 184480, 'context': 0}"
1758950311,LONG,,1,17898000,,"{'id': 184480, 'context': 0}"
1758950312,LONG,,1,17898000,,"{'id': 184480, 'context': 0}"
1758950313,LONG,,1,17898000,,"{'id': 184480, 'context': 0}"
1758950315,LONG,,1,17898000,,"{'id': 184480, 'context': 0}"
1758950316,LONG,,1,17898000,,"{'id': 184480, 'context': 0}"
1758950318,LONG,,1,17898000,,"{'id': 184480, 'context': 0}"
1758950320,LONG,,1,17898000,,"{'id': 184480, 'context': 0}"
1758950321,LONG,,1,17898000,,"{'id': 184480, 'context': 0}"
1758950324,LONG,,1,17898000,,"{'id': 184480, 'context': 0}"
1758950327,LONG,,1,17898000,,"{'id': 184480, 'context': 0}"
1758950439,VERY_LONG,995000,51,,,{'id': 132516}
1758950515,VERY_LONG,20000,3,,,{'id': 172054}
1758950516,LONG,,1,17890000,,"{'id': 184480, 'context': 0}"
1758950521,LONG,,1,17890000,,"{'id': 184480, 'context': 0}"
1758950525,LONG,,1,17890000,,"{'id': 184480, 'context': 0}"
1758950527,LONG,,1,17890000,,"{'id': 184480, 'context': 0}"
1758950529,LONG,,1,17890000,,"{'id': 184480, 'context': 0}"
1758950531,LONG,,1,17890000,,"{'id': 184480, 'context': 0}"
1758950534,LONG,,1,17890000,,"{'id': 184480, 'context': 0}"
1758950536,LONG,,1,17890000,,"{'id': 184480, 'context': 0}"
1758950540,LONG,,1,17890000,,"{'id': 184480, 'context': 0}"
1758950543,LONG,,1,17890000,,"{'id': 184480, 'context': 0}"
1758950544,VERY_LONG,40500,1,,,{'id': 179315}
1758950545,LONG,,1,17890000,,"{'id': 184480, 'context': 0}"
1758950557,VERY_LONG,15000,1,,,{'id': 179314}
1758950584,VERY_LONG,1499900,194,,,{'id': 129034}
1758950599,LONG,,1,9995300,,"{'id': 54445, 'context': 0}"
1758950602,LONG,,1,9995300,,"{'id': 54445, 'context': 0}"
1758950619,LONG,,1,15500100,,"{'id': 116261, 'context': 0}"
1758950620,LONG,,1,15500100,,"{'id': 116261, 'context': 0}"
1758950636,LONG,,1,15500100,,"{'id': 116260, 'context': 0}"
1758950639,LONG,,1,15500100,,"{'id': 116260, 'context': 0}"
1758950653,LONG,,1,15500100,,"{'id': 116259, 'context': 0}"
1758950654,LONG,,1,15500100,,"{'id': 116259, 'context': 0}"
1758950730,VERY_LONG,,1,43000000,,"{'id': 173249, 'context': 65, 'bonus_lists': [6718, 7194, 1522]}"
1758950778,VERY_LONG,3992100,191,,,{'id': 152813}
1758950842,VERY_LONG,,1,7100700,,"{'id': 9305, 'context': 0}"
1758950843,VERY_LONG,53800,25,,,{'id': 36920}
1758950846,VERY_LONG,1000000,5,,,{'id': 36860}
1758950849,VERY_LONG,21673900,1,,,{'id': 40165}
1758950852,VERY_LONG,400000,21,,,{'id': 36933}
1758950853,VERY_LONG,,1,2291800,,"{'id': 11612, 'context': 0}"
1758950866,VERY_LONG,301500,5,,,{'id': 39334}
1758950868,VERY_LONG,,1,79000,,"{'id': 12682, 'context': 0}"
1758950870,VERY_LONG,12997800,5,,,{'id': 46849}
1758950873,VERY_LONG,,1,12566800,,"{'id': 3737, 'context': 0}"
1758950876,VERY_LONG,37288400,7,,,{'id': 97619}
1758950879,VERY_LONG,7911200,21,,,{'id': 97623}
1758950882,VERY_LONG,,1,3775400,,"{'id': 4609, 'context': 0}"
1758950886,VERY_LONG,1829000,7,,,{'id': 35623}
1758950890,VERY_LONG,,1,19045400,,"{'id': 14634, 'context': 0}"
1758950894,VERY_LONG,,1,3293600,,"{'id': 11081, 'context': 0}"
1758950898,VERY_LONG,1764300,9,,,{'id': 97622}
1758950902,VERY_LONG,398800,9,,,{'id': 36923}
1758950905,VERY_LONG,,1,451409100,,"{'id': 21547, 'context': 0}"
1758950909,VERY_LONG,,1,3148000,,"{'id': 7976, 'context': 0}"
1758950930,VERY_LONG,,1,17563600,,"{'id': 6056, 'context': 0}"
1758950941,VERY_LONG,,1,112456800,,"{'id': 27686, 'context': 0}"
1758950944,VERY_LONG,,1,8829000,,"{'id': 7989, 'context': 0}"
1758950947,VERY_LONG,1240500,6,,,{'id': 36924}
1758950951,VERY_LONG,20500,65,,,{'id': 74847}
1758950957,VERY_LONG,683500,6,,,{'id': 108439}
1758950960,VERY_LONG,890161500,15,,,{'id': 43104}
1758950969,VERY_LONG,3000000,37,,,{'id': 36930}
1758950981,VERY_LONG,,1,2468400,,"{'id': 8390, 'context': 0}"
1758950987,VERY_LONG,90000,11,,,{'id': 35624}
1758950990,VERY_LONG,6629300,1,,,{'id': 87806}
1758951005,LONG,,1,12980500,,"{'id': 127035, 'context': 0}"
1758951007,LONG,,1,12980500,,"{'id': 127035, 'context': 0}"
1758951011,LONG,,1,12980500,,"{'id': 127035, 'context': 0}"
1758951014,LONG,,1,12980500,,"{'id': 127035, 'context': 0}"
1758951017,LONG,,1,12980500,,"{'id': 127035, 'context': 0}"
1758951022,LONG,,1,12980500,,"{'id': 127035, 'context': 0}"
1758951026,LONG,,1,12980500,,"{'id': 127035, 'context': 0}"
1758951030,LONG,,1,12980500,,"{'id': 127035, 'context': 0}"
1758951034,LONG,,1,12980500,,"{'id': 127035, 'context': 0}"
1758951037,LONG,,1,12980500,,"{'id': 127035, 'context': 0}"
1758951039,LONG,,1,12980500,,"{'id': 127035, 'context': 0}"
1758951042,LONG,,1,12980500,,"{'id': 127035, 'context': 0}"
1758951044,LONG,,1,12980500,,"{'id': 127035, 'context': 0}"
1758951047,LONG,,1,12980500,,"{'id': 127035, 'context': 0}"
1758951051,LONG,,1,12980500,,"{'id': 127035, 'context': 0}"
1758951052,LONG,,1,12980500,,"{'id': 127035, 'context': 0}"
1758951054,LONG,,1,12980500,,"{'id': 127035, 'context': 0}"
1758951059,LONG,,1,12980500,,"{'id': 127035, 'context': 0}"
1758951061,LONG,,1,12980500,,"{'id': 127035, 'context': 0}"
1758951063,LONG,,1,12980500,,"{'id': 127035, 'context': 0}"
1758951064,VERY_LONG,1509900,9,,,{'id': 171351}
1758951066,LONG,,1,12980500,,"{'id': 127035, 'context': 0}"
1758951067,LONG,,1,12980500,,"{'id': 127035, 'context': 0}"
1758951068,LONG,,1,12980500,,"{'id': 127035, 'context': 0}"
1758951071,LONG,,1,12980500,,"{'id': 127035, 'context': 0}"
1758951074,LONG,,1,12980500,,"{'id': 127035, 'context': 0}"
1758951076,LONG,,1,12980500,,"{'id': 127035, 'context': 0}"
1758951077,VERY_LONG,3842800,5,,,{'id': 171270}
1758951078,LONG,,1,12980500,,"{'id': 127035, 'context': 0}"
1758951079,LONG,,1,12980500,,"{'id': 127035, 'context': 0}"
1758951080,LONG,,1,12980500,,"{'id': 127035, 'context': 0}"
1758951082,LONG,,1,12980500,,"{'id': 127035, 'context': 0}"
1758951086,LONG,,1,12980500,,"{'id': 127035, 'context': 0}"
1758951087,LONG,,1,12980500,,"{'id': 127035, 'context': 0}"
1758951088,LONG,,1,12980500,,"{'id': 127035, 'context': 0}"
1758951089,VERY_LONG,863600,1,,,{'id': 176811}
1758951090,LONG,,1,12980500,,"{'id': 127035, 'context': 0}"
1758951092,LONG,,1,12980500,,"{'id': 127035, 'context': 0}"
1758951093,LONG,,1,12980500,,"{'id': 127035, 'context': 0}"
1758951096,LONG,,1,12980500,,"{'id': 127035, 'context': 0}"
1758951099,LONG,,1,12980500,,"{'id': 127035, 'context': 0}"
1758952101,LONG,,1,12980500,,"{'id': 127035, 'context': 0}"
1758952172,VERY_LONG,1600000,13,,,{'id': 172232}
1758952217,VERY_LONG,655000,20,,,{'id': 171288}
1758952239,VERY_LONG,,1,19000000,,"{'id': 82800, 'context': 0, 'modifiers': [{'type': 6, 'value': 86463}], 'pet_breed_id': 18, 'pet_level': 1, 'pet_quality_id': 3, 'pet_species_id': 2457}"
1758952249,VERY_LONG,,1,13000000,,"{'id': 82800, 'context': 0, 'modifiers': [{'type': 6, 'value': 90183}], 'pet_breed_id': 18, 'pet_level': 1, 'pet_quality_id': 3, 'pet_species_id': 2560}"
1758952265,VERY_LONG,,1,22440000,,"{'id': 82800, 'context': 0, 'modifiers': [{'type': 6, 'value': 88003}], 'pet_breed_id': 7, 'pet_level': 1, 'pet_quality_id': 3, 'pet_species_id': 2452}"
1758952284,VERY_LONG,149900,8,,,{'id': 158378}
1758952307,VERY_LONG,7800,2,,,{'id': 167738}
1758952310,LONG,,1,12980500,,"{'id': 127035, 'context': 0}"
1758952314,LONG,,1,12980500,,"{'id': 127035, 'context': 0}"
1758952317,LONG,,1,12980500,,"{'id': 127035, 'context': 0}"
1758952321,LONG,,1,12980500,,"{'id': 127035, 'context': 0}"
1758952323,LONG,,1,12980500,,"{'id': 127035, 'context': 0}"
1758952324,LONG,,1,12980500,,"{'id': 127035, 'context': 0}"
1758952327,LONG,,1,12980500,,"{'id': 127035, 'context': 0}"
1758952329,LONG,,1,12980500,,"{'id': 127035, 'context': 0}"
1758952332,LONG,,1,12980500,,"{'id': 127035, 'context': 0}"
1758952335,LONG,,1,12980500,,"{'id': 127035, 'context': 0}"
1758952338,LONG,,1,12980500,,"{'id': 127035, 'context': 0}"
1758952340,LONG,,1,12980500,,"{'id': 127035, 'context': 0}"
1758952342,LONG,,1,12980500,,"{'id': 127035, 'context': 0}"
1758952343,LONG,,1,12980500,,"{'id': 127035, 'context': 0}"
1758952346,LONG,,1,12980500,,"{'id': 127035, 'context': 0}"
1758952348,LONG,,1,12980500,,"{'id': 127035, 'context': 0}"
1758952352,LONG,,1,12980500,,"{'id': 127035, 'context': 0}"
1758952353,LONG,,1,12980500,,"{'id': 127035, 'context': 0}"
1758952355,LONG,,1,12980500,,"{'id': 127035, 'context': 0}"
1758952356,LONG,,1,12980500,,"{'id': 127035, 'context': 0}"
1758952358,LONG,,1,12980500,,"{'id': 127035, 'context': 0}"
1758952362,LONG,,1,12980500,,"{'id': 127035, 'context': 0}"
1758952365,LONG,,1,12980500,,"{'id': 127035, 'context': 0}"
1758952366,LONG,,1,12980500,,"{'id': 127035, 'context': 0}"
1758952367,LONG,,1,12980500,,"{'id': 127035, 'context': 0}"
1758952370,LONG,,1,12980500,,"{'id': 127035, 'context': 0}"
1758952372,LONG,,1,12980500,,"{'id': 127035, 'context': 0}"
1758952374,LONG,,1,12980500,,"{'id': 127035, 'context': 0}"
1758952376,LONG,,1,12980500,,"{'id': 127035, 'context': 0}"
1758952377,LONG,250000,20,,,{'id': 171267}
1758952378,LONG,,1,12980500,,"{'id': 127035, 'context': 0}"
1758952381,LONG,,1,12980500,,"{'id': 127035, 'context': 0}"
1758952393,LONG,250000,20,,,{'id': 171267}
1758952405,LONG,250000,20,,,{'id': 171267}
1758952419,LONG,250000,20,,,{'id': 171267}
1758952437,VERY_LONG,360000,11,,,{'id': 173036}
1758952463,VERY_LONG,40500,3,,,{'id': 179315}
1758952478,VERY_LONG,20000,15,,,{'id': 172054}
1758952479,LONG,350000,50,,,{'id': 171285}
1758952488,VERY_LONG,40000,3,,,{'id': 172055}
1758952495,LONG,350000,26,,,{'id': 171285}
1758952502,VERY_LONG,15000,16,,,{'id': 179314}
1758952523,VERY_LONG,3500,12,,,{'id': 172052}
1758952538,VERY_LONG,60000,30,,,{'id': 172089}
1758952551,VERY_LONG,19600,7,,,{'id': 172092}
1758952595,VERY_LONG,129600,2,,,{'id': 168649}
1758952611,VERY_LONG,20100,16,,,{'id': 154722}
1758952650,VERY_LONG,1298900,1,,,{'id': 76680}
1758952684,VERY_LONG,1299000,1,,,{'id': 76683}
1758952754,VERY_LONG,3920000000,48,,,{'id': 22448}
1758952764,VERY_LONG,36383100,1,,,{'id': 129028}
1758952774,VERY_LONG,,1,103244800,,"{'id': 113131, 'context': 13, 'bonus_lists': [525, 73, 529]}"
1758952783,VERY_LONG,28334000,1,,,{'id': 129029}
1758952787,VERY_LONG,5853800,1,,,{'id': 87392}
1758952792,VERY_LONG,34850100,1,,,{'id': 139417}
1758952793,VERY_LONG,,1,700000,,"{'id': 16048, 'context': 1}"
1758952798,VERY_LONG,3750000,1,,,{'id': 87885}
1758952801,VERY_LONG,1982800,1,,,{'id': 87647}
1758952804,VERY_LONG,9720200,1,,,{'id': 87559}
1758952807,VERY_LONG,14854300,1,,,{'id': 83007}
1758952812,VERY_LONG,21790000,1,,,{'id': 137274}
1758952817,VERY_LONG,26333500,1,,,{'id': 137249}
1758952822,VERY_LONG,1200000,9,,,{'id': 60838}
1758952824,VERY_LONG,29996400,1,,,{'id': 184096}
1758952828,VERY_LONG,350000,3,,,{'id': 43350}
1758952832,VERY_LONG,,1,123450400,,"{'id': 169321, 'context': 13}"
1758952835,VERY_LONG,1950100,1,,,{'id': 104138}
1758952840,VERY_LONG,9000000,1,,,{'id': 43394}
1758952844,VERY_LONG,,1,49006100,,"{'id': 79339, 'context': 0}"
1758952846,VERY_LONG,1892700,1,,,{'id': 42459}
1758952850,VERY_LONG,3963600,1,,,{'id': 87648}
1758952854,VERY_LONG,1424900,1,,,{'id': 79538}
1758952858,VERY_LONG,9693300,1,,,{'id': 149755}
1758952862,VERY_LONG,863400,1,,,{'id': 40919}
1758952867,VERY_LONG,26041100,1,,,{'id': 139270}
1758952872,VERY_LONG,3227300,1,,,{'id': 153664}
1758952878,VERY_LONG,49134900,2,,,{'id': 141898}
1758952881,VERY_LONG,22180000,2,,,{'id': 173076}
1758952884,VERY_LONG,938700,1,,,{'id': 87888}
1758952892,VERY_LONG,,1,8645400,,"{'id': 89368, 'context': 0}"
1758952895,VERY_LONG,25008900,1,,,{'id': 129021}
1758952898,VERY_LONG,18500000,1,,,{'id': 162022}
1758952899,VERY_LONG,2897300,1,,,{'id': 165017}
1758952902,VERY_LONG,700000,1,,,{'id': 104105}
1758952904,VERY_LONG,499700,1,,,{'id': 43398}
1758952908,VERY_LONG,10939700,19,,,{'id': 173049}
1758952911,VERY_LONG,56500000,1,,,{'id': 139435}
1758952912,VERY_LONG,390000,5,,,{'id': 104099}
1758952918,VERY_LONG,,1,42893800,,"{'id': 113270, 'context': 13, 'bonus_lists': [158, 525, 530]}"
1758952920,VERY_LONG,33539600,1,,,{'id': 184100}
1758952921,VERY_LONG,15537300,1,,,{'id': 184097}
1758952923,VERY_LONG,19888600,3,,,{'id': 139338}
1758952924,VERY_LONG,2897300,5,,,{'id': 153665}
1758952927,VERY_LONG,2450000,1,,,{'id': 41100}
1758952980,VERY_LONG,10009700,38,,,{'id': 173049}
1758953044,LONG,,1,12980500,,"{'id': 127035, 'context': 0}"
1758953048,LONG,,1,12980500,,"{'id': 127035, 'context': 0}"
1758953053,LONG,,1,12980500,,"{'id': 127035, 'context': 0}"
1758953057,LONG,,1,12980500,,"{'id': 127035, 'context': 0}"
1758953062,LONG,,1,12980500,,"{'id': 127035, 'context': 0}"
1758953068,LONG,,1,12980500,,"{'id': 127035, 'context': 0}"
1758953072,LONG,,1,12980500,,"{'id': 127035, 'context': 0}"
1758953077,LONG,,1,12980500,,"{'id': 127035, 'context': 0}"
1758953082,LONG,,1,12980500,,"{'id': 127035, 'context': 0}"
1758953088,LONG,,1,12980500,,"{'id': 127035, 'context': 0}"
1758953093,LONG,,1,12980500,,"{'id': 127035, 'context': 0}"
1758953100,LONG,,1,12980500,,"{'id': 127035, 'context': 0}"
1758953103,LONG,,1,12980500,,"{'id': 127035, 'context': 0}"
1758953109,LONG,,1,12980500,,"{'id': 127035, 'context': 0}"
1758953112,LONG,,1,12980500,,"{'id': 127035, 'context': 0}"
1758953114,LONG,,1,12980500,,"{'id': 127035, 'context': 0}"
1758953118,LONG,,1,12980500,,"{'id': 127035, 'context': 0}"
1758953126,LONG,,1,12980500,,"{'id': 127035, 'context': 0}"
1758953130,LONG,,1,12980500,,"{'id': 127035, 'context': 0}"
1758953134,LONG,,1,12980500,,"{'id': 127035, 'context': 0}"
1758953272,VERY_LONG,,1,4380000,,"{'id': 14155, 'context': 0}"
1758953273,VERY_LONG,,1,4380000,,"{'id': 14155, 'context': 0}"
1758953274,VERY_LONG,,1,4380000,,"{'id': 14155, 'context': 0}"
1758953276,VERY_LONG,,1,4380000,,"{'id': 14155, 'context': 0}"
1758953277,VERY_LONG,,1,4380000,,"{'id': 14155, 'context': 0}"
1758953278,VERY_LONG,,1,4380000,,"{'id': 14155, 'context': 0}"
1758953280,VERY_LONG,,1,4380000,,"{'id': 14155, 'context': 0}"
1758953281,VERY_LONG,,1,4380000,,"{'id': 14155, 'context': 0}"
1758953282,VERY_LONG,,1,4380000,,"{'id': 14155, 'context': 0}"
1758953284,VERY_LONG,,1,4380000,,"{'id': 14155, 'context': 0}"
1758953285,VERY_LONG,,1,4380000,,"{'id': 14155, 'context': 0}"
1758953286,VERY_LONG,,1,4380000,,"{'id': 14155, 'context': 0}"
1758953287,VERY_LONG,,1,4380000,,"{'id': 14155, 'context': 0}"
1758953288,VERY_LONG,,1,4380000,,"{'id': 14155, 'context': 0}"
1758953292,VERY_LONG,,1,4380000,,"{'id': 14155, 'context': 0}"
1758953326,LONG,,1,5540000,,"{'id': 44446, 'context': 0}"
1758953327,LONG,,1,5540000,,"{'id': 44446, 'context': 0}"
1758953328,LONG,,1,5540000,,"{'id': 44446, 'context': 0}"
1758953330,LONG,,1,5540000,,"{'id': 44446, 'context': 0}"
1758953331,LONG,,1,5540000,,"{'id': 44446, 'context': 0}"
1758953332,LONG,,1,5540000,,"{'id': 44446, 'context': 0}"
1758953333,LONG,,1,5540000,,"{'id': 44446, 'context': 0}"
1758953335,LONG,,1,5540000,,"{'id': 44446, 'context': 0}"
1758953336,LONG,,1,5540000,,"{'id': 44446, 'context': 0}"
1758953337,LONG,,1,5540000,,"{'id': 44446, 'context': 0}"
1758953338,LONG,,1,5540000,,"{'id': 44446, 'context': 0}"
1758953341,LONG,,1,5540000,,"{'id': 44446, 'context': 0}"
1758953343,LONG,,1,5540000,,"{'id': 44446, 'context': 0}"
1758953346,LONG,,1,5540000,,"{'id': 44446, 'context': 0}"
1758953349,LONG,,1,5540000,,"{'id': 44446, 'context': 0}"
1758953351,LONG,,1,5540000,,"{'id': 44446, 'context': 0}"
1758953354,LONG,,1,5540000,,"{'id': 44446, 'context': 0}"
1758953851,LONG,,1,14981400,,"{'id': 54443, 'context': 0}"
1758953853,LONG,,1,14981400,,"{'id': 54443, 'context': 0}"
1758953856,LONG,,1,14981400,,"{'id': 54443, 'context': 0}"
1758953858,LONG,,1,14981400,,"{'id': 54443, 'context': 0}"
1758953860,LONG,,1,14981400,,"{'id': 54443, 'context': 0}"
1758953862,LONG,,1,14981400,,"{'id': 54443, 'context': 0}"
1758953867,LONG,,1,14981400,,"{'id': 54443, 'context': 0}"
1758953869,LONG,,1,14981400,,"{'id': 54443, 'context': 0}"
1758953871,LONG,,1,14981400,,"{'id': 54443, 'context': 0}"
1758953874,LONG,,1,14981400,,"{'id': 54443, 'context': 0}"
1758953876,LONG,,1,14981400,,"{'id': 54443, 'context': 0}"
1758953881,LONG,,1,14981400,,"{'id': 54443, 'context': 0}"
1758953883,LONG,,1,14981400,,"{'id': 54443, 'context': 0}"
1758953888,LONG,,1,14981400,,"{'id': 54443, 'context': 0}"
1758953892,LONG,,1,14981400,,"{'id': 54443, 'context': 0}"
1758953894,LONG,,1,14981400,,"{'id': 54443, 'context': 0}"
1758953896,LONG,,1,14981400,,"{'id': 54443, 'context': 0}"
1758953898,LONG,,1,14981400,,"{'id': 54443, 'context': 0}"
1758953900,LONG,,1,14981400,,"{'id': 54443, 'context': 0}"
1758953903,LONG,,1,14981400,,"{'id': 54443, 'context': 0}"
1758953905,LONG,,1,14981400,,"{'id': 54443, 'context': 0}"
1758953907,LONG,,1,14981400,,"{'id': 54443, 'context': 0}"
1758953908,LONG,,1,14981400,,"{'id': 54443, 'context': 0}"
1758953913,LONG,,1,14981400,,"{'id': 54443, 'context': 0}"
1758953915,LONG,,1,14981400,,"{'id': 54443, 'context': 0}"
1758953918,LONG,,1,14981400,,"{'id': 54443, 'context': 0}"
1758953920,LONG,,1,14981400,,"{'id': 54443, 'context': 0}"
1758953937,LONG,3008600,26,,,{'id': 171266}
1758954077,LONG,,1,14981400,,"{'id': 54443, 'context': 0}"
1758954079,LONG,,1,14981400,,"{'id': 54443, 'context': 0}"
1758954082,LONG,,1,14981400,,"{'id': 54443, 'context': 0}"
1758954086,LONG,,1,14981400,,"{'id': 54443, 'context': 0}"
1758954088,LONG,,1,14981400,,"{'id': 54443, 'context': 0}"
1758954091,LONG,,1,14981400,,"{'id': 54443, 'context': 0}"
1758954092,LONG,,1,14981400,,"{'id': 54443, 'context': 0}"
1758955124,LONG,,1,5540000,,"{'id': 44446, 'context': 0}"
1758955125,LONG,,1,5540000,,"{'id': 44446, 'context': 0}"
1758955129,LONG,,1,5540000,,"{'id': 44446, 'context': 0}"
1758955131,LONG,,1,5540000,,"{'id': 44446, 'context': 0}"
1758955133,LONG,,1,5540000,,"{'id': 44446, 'context': 0}"
1758955173,LONG,,1,3990000,,"{'id': 41599, 'context': 0}"
1758955175,LONG,,1,3990000,,"{'id': 41599, 'context': 0}"
1758955177,LONG,,1,3990000,,"{'id': 41599, 'context': 0}"
1758955178,LONG,,1,3990000,,"{'id': 41599, 'context': 0}"
1758955181,LONG,,1,3990000,,"{'id': 41599, 'context': 0}"
1758955185,LONG,,1,3990000,,"{'id': 41599, 'context': 0}"
1758955189,LONG,,1,3990000,,"{'id': 41599, 'context': 0}"
1758955193,LONG,,1,3990000,,"{'id': 41599, 'context': 0}"
1758955194,LONG,,1,3990000,,"{'id': 41599, 'context': 0}"
1758955196,LONG,,1,3990000,,"{'id': 41599, 'context': 0}"
1758955198,LONG,,1,3990000,,"{'id': 41599, 'context': 0}"
1758955199,LONG,,1,3990000,,"{'id': 41599, 'context': 0}"
1758955200,LONG,,1,3990000,,"{'id': 41599, 'context': 0}"
1758955201,VERY_LONG,390000,2,,,{'id': 104099}
1758955205,LONG,,1,3990000,,"{'id': 41599, 'context': 0}"
1758955206,LONG,,1,3990000,,"{'id': 41599, 'context': 0}"
1758955207,VERY_LONG,5000000,1,,,{'id': 43334}
1758955209,LONG,,1,3990000,,"{'id': 41599, 'context': 0}"
1758955210,VERY_LONG,,1,10301900,,"{'id': 55044, 'context': 0}"
1758955213,LONG,,1,3990000,,"{'id': 41599, 'context': 0}"
1758955215,LONG,,1,3990000,,"{'id': 41599, 'context': 0}"
1758955217,VERY_LONG,865300,1,,,{'id': 153668}
1758955218,LONG,,1,3990000,,"{'id': 41599, 'context': 0}"
1758955219,LONG,,1,3990000,,"{'id': 41599, 'context': 0}"
1758955222,LONG,,1,3990000,,"{'id': 41599, 'context': 0}"
1758955227,LONG,,1,3990000,,"{'id': 41599, 'context': 0}"
1758955229,LONG,,1,3990000,,"{'id': 41599, 'context': 0}"
1758955232,LONG,,1,3990000,,"{'id': 41599, 'context': 0}"
1758955233,LONG,,1,3990000,,"{'id': 41599, 'context': 0}"
1758955236,LONG,,1,3990000,,"{'id': 41599, 'context': 0}"
1758955239,LONG,,1,3990000,,"{'id': 41599, 'context': 0}"
1758955242,LONG,,1,3990000,,"{'id': 41599, 'context': 0}"
1758955247,LONG,,1,3990000,,"{'id': 41599, 'context': 0}"
1758955320,VERY_LONG,352300,200,,,{'id': 152510}
1758955643,VERY_LONG,15000,6,,,{'id': 179314}
1758955647,VERY_LONG,18996000,2,,,{'id': 173067}
1758955691,VERY_LONG,24300,70,,,{'id': 173032}
1758955700,VERY_LONG,3500,200,,,{'id': 172052}
1758955713,VERY_LONG,3500,33,,,{'id': 172052}
1758955734,VERY_LONG,,1,49980000,,"{'id': 142075, 'context': 0}"
1758955736,VERY_LONG,,1,49980000,,"{'id': 142075, 'context': 0}"
1758955739,VERY_LONG,,1,49980000,,"{'id': 142075, 'context': 0}"
1758955742,VERY_LONG,,1,49980000,,"{'id': 142075, 'context': 0}"
1758955744,VERY_LONG,,1,49980000,,"{'id': 142075, 'context': 0}"
1758955747,VERY_LONG,,1,49980000,,"{'id': 142075, 'context': 0}"
1758955749,VERY_LONG,,1,49980000,,"{'id': 142075, 'context': 0}"
1758955751,VERY_LONG,,1,49980000,,"{'id': 142075, 'context': 0}"
1758955752,VERY_LONG,,1,49980000,,"{'id': 142075, 'context': 0}"
1758955754,VERY_LONG,,1,49980000,,"{'id': 142075, 'context': 0}"
1758955762,VERY_LONG,19600,8,,,{'id': 172092}
1758955785,VERY_LONG,40500,3,,,{'id': 179315}
1758955805,VERY_LONG,135000,3,,,{'id': 173035}
1758955839,VERY_LONG,60000,30,,,{'id': 172089}
1758955921,VERY_LONG,,1,199991100,,"{'id': 172317, 'context': 63, 'bonus_lists': [6716, 7193, 1487]}"
1758955938,VERY_LONG,,1,199991100,,"{'id': 172317, 'context': 63, 'bonus_lists': [6716, 7194, 1487]}"
1758956002,VERY_LONG,1400000,43,,,{'id': 172233}
1758956014,VERY_LONG,130000,5,,,{'id': 169701}
1758956031,VERY_LONG,250000,20,,,{'id': 2770}
1758956052,VERY_LONG,2001900,13,,,{'id': 29547}
1758956064,VERY_LONG,80000,6,,,{'id': 171841}
1758956071,VERY_LONG,2009400,21,,,{'id': 23793}
1758956088,VERY_LONG,20000,40,,,{'id': 3576}
1758956116,VERY_LONG,2003100,60,,,{'id': 29548}
1758956122,VERY_LONG,107800,22,,,{'id': 2772}
1758956126,VERY_LONG,7190000,1,,,{'id': 172097}
1758956135,VERY_LONG,9500,5,,,{'id': 172068}
1758956155,VERY_LONG,1600000,1,,,{'id': 172232}
1758956169,VERY_LONG,249900,18,,,{'id': 3575}
1758956176,VERY_LONG,9500,20,,,{'id': 172068}
1758956197,VERY_LONG,3400,12,,,{'id': 172048}
1758956219,VERY_LONG,19600,10,,,{'id': 172092}
1758956242,VERY_LONG,852600,1,,,{'id': 163223}
1758956264,VERY_LONG,,1,18990000,,"{'id': 114821, 'context': 0}"
1758956269,VERY_LONG,2200,19,,,{'id': 43013}
1758956272,VERY_LONG,,1,18990000,,"{'id': 114821, 'context': 0}"
1758956277,VERY_LONG,,1,18990000,,"{'id': 114821, 'context': 0}"
1758956279,VERY_LONG,,1,18990000,,"{'id': 114821, 'context': 0}"
1758956283,VERY_LONG,,1,18990000,,"{'id': 114821, 'context': 0}"
1758956288,VERY_LONG,,1,18990000,,"{'id': 114821, 'context': 0}"
1758956290,VERY_LONG,,1,18990000,,"{'id': 114821, 'context': 0}"
1758956294,VERY_LONG,,1,18990000,,"{'id': 114821, 'context': 0}"
1758956297,VERY_LONG,,1,18990000,,"{'id': 114821, 'context': 0}"
1758956305,VERY_LONG,,1,18990000,,"{'id': 114821, 'context': 0}"
1758956313,VERY_LONG,,1,18990000,,"{'id': 114821, 'context': 0}"
1758956317,VERY_LONG,,1,18990000,,"{'id': 114821, 'context': 0}"
1758956325,VERY_LONG,,1,18990000,,"{'id': 114821, 'context': 0}"
1758956333,VERY_LONG,,1,18990000,,"{'id': 114821, 'context': 0}"
1758956340,VERY_LONG,,1,18990000,,"{'id': 114821, 'context': 0}"
1758956345,VERY_LONG,,1,18990000,,"{'id': 114821, 'context': 0}"
1758956351,VERY_LONG,,1,18990000,,"{'id': 114821, 'context': 0}"
1758956356,VERY_LONG,,1,18990000,,"{'id': 114821, 'context': 0}"
1758956361,VERY_LONG,,1,18990000,,"{'id': 114821, 'context': 0}"
1758956364,VERY_LONG,38600,2,,,{'id': 152550}
1758956369,VERY_LONG,,1,18990000,,"{'id': 114821, 'context': 0}"
1758956378,VERY_LONG,,1,18990000,,"{'id': 114821, 'context': 0}"
1758956385,VERY_LONG,,1,18990000,,"{'id': 114821, 'context': 0}"
1758956390,VERY_LONG,,1,18990000,,"{'id': 114821, 'context': 0}"
1758956397,VERY_LONG,,1,18990000,,"{'id': 114821, 'context': 0}"
1758956402,VERY_LONG,,1,18990000,,"{'id': 114821, 'context': 0}"
1758956407,VERY_LONG,,1,18990000,,"{'id': 114821, 'context': 0}"
1758956413,VERY_LONG,,1,18990000,,"{'id': 114821, 'context': 0}"
1758956419,VERY_LONG,,1,18990000,,"{'id': 114821, 'context': 0}"
1758956427,VERY_LONG,,1,18990000,,"{'id': 114821, 'context': 0}"
1758956432,VERY_LONG,,1,18990000,,"{'id': 114821, 'context': 0}"
1758956435,VERY_LONG,,1,18990000,,"{'id': 114821, 'context': 0}"
1758956440,VERY_LONG,,1,18990000,,"{'id': 114821, 'context': 0}"
1758956445,VERY_LONG,,1,18990000,,"{'id': 114821, 'context': 0}"
1758956448,VERY_LONG,,1,18990000,,"{'id': 114821, 'context': 0}"
1758956453,VERY_LONG,,1,18990000,,"{'id': 114821, 'context': 0}"
1758956456,VERY_LONG,,1,18990000,,"{'id': 114821, 'context': 0}"
1758956459,VERY_LONG,,1,18990000,,"{'id': 114821, 'context': 0}"
1758956461,VERY_LONG,,1,18990000,,"{'id': 114821, 'context': 0}"
1758956464,VERY_LONG,,1,18990000,,"{'id': 114821, 'context': 0}"
1758956467,VERY_LONG,20000,1,,,{'id': 171263}
1758956468,VERY_LONG,,1,18990000,,"{'id': 114821, 'context': 0}"
1758956473,VERY_LONG,3500000,1,,,{'id': 172365}
1758956474,VERY_LONG,,1,18990000,,"{'id': 114821, 'context': 0}"
1758956477,VERY_LONG,300000,1,,,{'id': 172096}
1758956496,VERY_LONG,60000,138,,,{'id': 172089}
1758956499,VERY_LONG,3579900,1,,,{'id': 172412}
1758956513,VERY_LONG,299900,9,,,{'id': 173033}
1758956518,VERY_LONG,3000000,1,,,{'id': 177659}
1758956556,VERY_LONG,9900,7,,,{'id': 168645}
1758956587,VERY_LONG,2509300,35,,,{'id': 168651}
1758956589,VERY_LONG,450000,9,,,{'id': 173034}
1758956626,VERY_LONG,40000,5,,,{'id': 172055}
1758956653,VERY_LONG,360000,9,,,{'id': 173036}
1758956698,VERY_LONG,300000,3,,,{'id': 172096}
1758956768,VERY_LONG,10000,2,,,{'id': 109991}
1758956855,VERY_LONG,57200,93,,,{'id': 168310}
1758956942,LONG,239900,180,,,{'id': 158382}
1758956978,VERY_LONG,,1,1200007600,1180000000,"{'id': 184805, 'context': 0, 'bonus_lists': [6652, 1472, 6646], 'modifiers': [{'type': 28, 'value': 1707}]}"
1758957045,VERY_LONG,,1,18990000,,"{'id': 114821, 'context': 0}"
1758957050,VERY_LONG,,1,18990000,,"{'id': 114821, 'context': 0}"
1758957053,VERY_LONG,,1,18990000,,"{'id': 114821, 'context': 0}"
1758957058,VERY_LONG,,1,18990000,,"{'id': 114821, 'context': 0}"
1758957062,VERY_LONG,,1,18990000,,"{'id': 114821, 'context': 0}"
1758957066,VERY_LONG,,1,18990000,,"{'id': 114821, 'context': 0}"
1758957071,VERY_LONG,,1,18990000,,"{'id': 114821, 'context': 0}"
1758957074,VERY_LONG,,1,18990000,,"{'id': 114821, 'context': 0}"
1758957080,VERY_LONG,,1,18990000,,"{'id': 114821, 'context': 0}"
1758957084,VERY_LONG,,1,18990000,,"{'id': 114821, 'context': 0}"
1758957090,VERY_LONG,,1,18990000,,"{'id': 114821, 'context': 0}"
1758957095,VERY_LONG,,1,18990000,,"{'id': 114821, 'context': 0}"
1758957100,VERY_LONG,,1,18990000,,"{'id': 114821, 'context': 0}"
1758958107,VERY_LONG,,1,18990000,,"{'id': 114821, 'context': 0}"
1758958113,VERY_LONG,,1,18990000,,"{'id': 114821, 'context': 0}"
1758958118,VERY_LONG,,1,18990000,,"{'id': 114821, 'context': 0}"
1758958124,VERY_LONG,,1,18990000,,"{'id': 114821, 'context': 0}"
1758958126,VERY_LONG,386700,132,,,{'id': 173108}
1758958129,VERY_LONG,,1,18990000,,"{'id': 114821, 'context': 0}"
1758958134,VERY_LONG,,1,18990000,,"{'id': 114821, 'context': 0}"
1758958137,VERY_LONG,,1,18990000,,"{'id': 114821, 'context': 0}"
1758958142,VERY_LONG,,1,18990000,,"{'id': 114821, 'context': 0}"
1758958146,VERY_LONG,,1,18990000,,"{'id': 114821, 'context': 0}"
1758958150,VERY_LONG,,1,18990000,,"{'id': 114821, 'context': 0}"
1758958157,VERY_LONG,,1,18990000,,"{'id': 114821, 'context': 0}"
1758958161,VERY_LONG,59400,166,,,{'id': 173109}
1758958164,VERY_LONG,,1,18990000,,"{'id': 114821, 'context': 0}"
1758958169,VERY_LONG,,1,18990000,,"{'id': 114821, 'context': 0}"
1758958177,VERY_LONG,,1,18990000,,"{'id': 114821, 'context': 0}"
1758958182,VERY_LONG,,1,18990000,,"{'id': 114821, 'context': 0}"
1758958187,VERY_LONG,,1,18990000,,"{'id': 114821, 'context': 0}"
1758958190,VERY_LONG,,1,18990000,,"{'id': 114821, 'context': 0}"
1758958196,VERY_LONG,,1,18990000,,"{'id': 114821, 'context': 0}"
1758958201,VERY_LONG,,1,18990000,,"{'id': 114821, 'context': 0}"
1758958207,VERY_LONG,,1,18990000,,"{'id': 114821, 'context': 0}"
1758958213,VERY_LONG,,1,18990000,,"{'id': 114821, 'context': 0}"
1758958220,VERY_LONG,,1,18990000,,"{'id': 114821, 'context': 0}"
1758958226,VERY_LONG,,1,18990000,,"{'id': 114821, 'context': 0}"
1758958231,VERY_LONG,,1,18990000,,"{'id': 114821, 'context': 0}"
1758958238,VERY_LONG,,1,18990000,,"{'id': 114821, 'context': 0}"
1758958243,VERY_LONG,,1,18990000,,"{'id': 114821, 'context': 0}"
1758958246,VERY_LONG,,1,18990000,,"{'id': 114821, 'context': 0}"
1758958250,VERY_LONG,,1,18990000,,"{'id': 114821, 'context': 0}"
1758958257,VERY_LONG,,1,900001700,700000000,"{'id': 184800, 'context': 0, 'bonus_lists': [6652, 1472, 6646], 'modifiers': [{'type': 28, 'value': 1707}]}"
1758958258,VERY_LONG,,1,18990000,,"{'id': 114821, 'context': 0}"
1758958339,VERY_LONG,3740000,14,,,{'id': 171273}
1758958342,VERY_LONG,3600000,30,,,{'id': 173172}
1758958354,VERY_LONG,100000,16,,,{'id': 172040}
1758958364,VERY_LONG,17400,1,,,{'id': 171264}
1758958380,VERY_LONG,20000,7,,,{'id': 2841}
1758958398,VERY_LONG,2500000,34,,,{'id': 168652}
1758958401,VERY_LONG,2969800,4,,,{'id': 173037}
1758958432,VERY_LONG,455000,41,,,{'id': 36916}
1758958441,VERY_LONG,20000,6,,,{'id': 168302}
1758958458,VERY_LONG,,1,9908000,,"{'id': 177806, 'context': 0, 'bonus_lists': [6908, 6652, 1684], 'modifiers': [{'type': 9, 'value': 60}, {'type': 28, 'value': 2060}]}"
1758958472,VERY_LONG,,1,45000000,,"{'id': 82800, 'context': 0, 'modifiers': [{'type': 6, 'value': 90521}], 'pet_breed_id': 12, 'pet_level': 1, 'pet_quality_id': 2, 'pet_species_id': 2698}"
1758958523,VERY_LONG,,1,220000000,,"{'id': 82800, 'context': 0, 'modifiers': [{'type': 6, 'value': 80458}], 'pet_breed_id': 18, 'pet_level': 1, 'pet_quality_id': 2, 'pet_species_id': 2476}"
1758958538,VERY_LONG,125000,9,,,{'id': 173035}
1758958562,VERY_LONG,,1,28000000,,"{'id': 82800, 'context': 0, 'modifiers': [{'type': 6, 'value': 59352}], 'pet_breed_id': 17, 'pet_level': 1, 'pet_quality_id': 3, 'pet_species_id': 1524}"
1758958591,VERY_LONG,20000,21,,,{'id': 172054}
1758958602,VERY_LONG,98900,186,,,{'id': 173110}
1758958633,VERY_LONG,,1,970000,,"{'id': 82800, 'context': 0, 'modifiers': [{'type': 6, 'value': 71827}], 'pet_breed_id': 14, 'pet_level': 1, 'pet_quality_id': 3, 'pet_species_id': 1921}"
1758958658,LONG,2960000,92,,,{'id': 153707}
1758958739,VERY_LONG,725000,1,,,{'id': 168583}
1758958759,VERY_LONG,,1,41005000,,"{'id': 82800, 'context': 0, 'modifiers': [{'type': 6, 'value': 91250}], 'pet_breed_id': 16, 'pet_level': 1, 'pet_quality_id': 3, 'pet_species_id': 2757}"
1758958763,LONG,20000,3135,,,{'id': 124437}
1758958895,LONG,45500,2800,,,{'id': 113263}
1758958930,VERY_LONG,60000,60,,,{'id': 172089}
1758959014,VERY_LONG,130000,6,,,{'id': 169701}
1758959072,VERY_LONG,,1,130000000,,"{'id': 82800, 'context': 0, 'modifiers': [{'type': 6, 'value': 60875}], 'pet_breed_id': 11, 'pet_level': 25, 'pet_quality_id': 3, 'pet_species_id': 1495}"
1758959123,VERY_LONG,,1,48000000,,"{'id': 82800, 'context': 0, 'modifiers': [{'type': 6, 'value': 90515}], 'pet_breed_id': 22, 'pet_level': 1, 'pet_quality_id': 2, 'pet_species_id': 2698}"
1758959183,VERY_LONG,70000,52,,,{'id': 171841}
1758959197,VERY_LONG,350000,19,,,{'id': 165016}
1758959215,LONG,45500,5037,,,{'id': 113263}
1758959237,VERY_LONG,496300,2,,,{'id': 141446}
1758959253,VERY_LONG,552800,46,,,{'id': 153663}
1758959431,LONG,1298900,1,,,{'id': 76683}
1758959434,LONG,1298800,1,,,{'id': 76680}
1758959440,LONG,490100,1,,,{'id': 115809}
1758959441,LONG,45500,1600,,,{'id': 113263}
1758959444,LONG,4669900,1,,,{'id': 74727}
1758959450,LONG,1479900,1,,,{'id': 74707}
1758959456,LONG,749900,1,,,{'id': 74710}
1758959464,LONG,1989900,1,,,{'id': 74713}
1758959470,LONG,3689900,1,,,{'id': 74717}
1758959474,LONG,4879900,1,,,{'id': 89737}
1758959707,LONG,215000,1105,,,{'id': 124669}
1758959789,LONG,4625900,262,,,{'id': 41511}
1758959825,LONG,9390000,76,,,{'id': 12810}
1758959896,LONG,1292800,99,,,{'id': 116266}
1758959940,LONG,1420000,33,,,{'id': 128314}
1758960006,LONG,2489900,20,,,{'id': 153510}
1758960040,LONG,5762600,15,,,{'id': 158212}
1758960041,VERY_LONG,22000,31,,,{'id': 173032}
1758961129,LONG,,1,23752500,,"{'id': 77527, 'context': 0}"
1758961131,LONG,,1,23752500,,"{'id': 77527, 'context': 0}"
1758961133,LONG,,1,23752500,,"{'id': 77527, 'context': 0}"
1758961174,VERY_LONG,7550000,31,,,{'id': 168654}
1758961712,LONG,110300,4000,,,{'id': 53010}
1758961924,LONG,110300,1471,,,{'id': 53010}
1758961991,LONG,198500,1775,,,{'id': 53643}
1758962032,LONG,47500,3600,,,{'id': 111557}
1758963294,LONG,47500,4400,,,{'id': 111557}
1758963299,VERY_LONG,1410000,1,,,{'id': 171292}
1758963341,LONG,500700,2323,,,{'id': 127004}
1758963474,LONG,3750000,56,,,{'id': 154166}
1758963529,LONG,1978500,660,,,{'id': 169451}
1758963565,VERY_LONG,3500,13,,,{'id': 172052}
1758963589,VERY_LONG,137900,2,,,{'id': 152876}
1758963631,VERY_LONG,3500,2,,,{'id': 151567}
1758963646,VERY_LONG,1190900,5,,,{'id': 173058}
1758963655,VERY_LONG,38400,45,,,{'id': 152875}
1758963666,VERY_LONG,2500,5,,,{'id': 154899}
1758963671,VERY_LONG,220900,44,,,{'id': 124102}
1758963679,VERY_LONG,3300,17,,,{'id': 154897}
1758963700,VERY_LONG,63900,10,,,{'id': 173035}
1758963702,VERY_LONG,3207000,6,,,{'id': 177962}
1758963712,VERY_LONG,23500,70,,,{'id': 172054}
1758963731,VERY_LONG,1801300,6,,,{'id': 172361}
1758963743,VERY_LONG,2470000,7,,,{'id': 172419}
1758963753,VERY_LONG,273200,6,,,{'id': 171831}
1758963756,VERY_LONG,353500,400,,,{'id': 36912}
1758963760,VERY_LONG,2470000,6,,,{'id': 177715}
1758963768,VERY_LONG,852600,2,,,{'id': 163223}
1758963774,VERY_LONG,430600,7,,,{'id': 172414}
1758963792,VERY_LONG,787400,5,,,{'id': 172094}
1758963806,VERY_LONG,464500,5,,,{'id': 177660}
1758963816,VERY_LONG,2483700,4,,,{'id': 183738}
1758963824,VERY_LONG,4000,11,,,{'id': 152631}
1758963832,VERY_LONG,789000,20,,,{'id': 172045}
1758963841,VERY_LONG,496300,17,,,{'id': 141446}
1758963917,VERY_LONG,450000,29,,,{'id': 173034}
1758963933,VERY_LONG,79800,4,,,{'id': 177716}
1758963936,VERY_LONG,1007800,20,,,{'id': 172041}
1758963943,VERY_LONG,93500,1,,,{'id': 153703}
1758963956,VERY_LONG,54000,1,,,{'id': 152577}
1758963974,VERY_LONG,24300,577,,,{'id': 124437}
1758963981,VERY_LONG,674100,71,,,{'id': 172053}
1758963985,VERY_LONG,50000,1,,,{'id': 153701}
1758964001,VERY_LONG,89900,1,,,{'id': 153704}
1758964004,VERY_LONG,103900,5,,,{'id': 172357}
1758964005,VERY_LONG,252200,5,,,{'id': 172358}
1758964010,VERY_LONG,52300,2,,,{'id': 109223}
1758964013,VERY_LONG,9800,223,,,{'id': 152576}
1758964024,VERY_LONG,,1,1754100,,"{'id': 173214, 'context': 0, 'bonus_lists': [6893], 'modifiers': [{'type': 9, 'value': 60}, {'type': 28, 'value': 391}, {'type': 29, 'value': 40}, {'type': 30, 'value': 49}]}"
1758964029,VERY_LONG,,1,1754100,,"{'id': 173214, 'context': 0, 'bonus_lists': [6893], 'modifiers': [{'type': 9, 'value': 60}, {'type': 28, 'value': 391}, {'type': 29, 'value': 32}, {'type': 30, 'value': 49}]}"
1758964030,VERY_LONG,,1,1754100,,"{'id': 173214, 'context': 0, 'bonus_lists': [6893], 'modifiers': [{'type': 9, 'value': 60}, {'type': 28, 'value': 391}, {'type': 29, 'value': 40}, {'type': 30, 'value': 49}]}"
1758964035,VERY_LONG,,1,1754100,,"{'id': 173214, 'context': 0, 'bonus_lists': [6893], 'modifiers': [{'type': 9, 'value': 60}, {'type': 28, 'value': 391}, {'type': 29, 'value': 36}, {'type': 30, 'value': 40}]}"
1758964046,VERY_LONG,,1,9990000,,"{'id': 173214, 'context': 0, 'bonus_lists': [6893, 7185], 'modifiers': [{'type': 9, 'value': 60}, {'type': 28, 'value': 391}, {'type': 29, 'value': 49}, {'type': 30, 'value': 40}]}"
1758964048,VERY_LONG,,1,5790100,,"{'id': 173147, 'context': 13, 'modifiers': [{'type': 29, 'value': 49}]}"
1758964056,VERY_LONG,,1,195014400,,"{'id': 178927, 'context': 66, 'bonus_lists': [6758, 7194, 1532]}"
1758964058,VERY_LONG,481800,100,,,{'id': 173130}
1758964059,VERY_LONG,,1,3635000,,"{'id': 173146, 'context': 13, 'modifiers': [{'type': 29, 'value': 49}]}"
1758964061,VERY_LONG,880400,99,,,{'id': 173127}
1758964063,VERY_LONG,,1,177091000,,"{'id': 178926, 'context': 65, 'bonus_lists': [6718, 7194, 1522]}"
1758964065,VERY_LONG,,1,177091000,,"{'id': 178926, 'context': 65, 'bonus_lists': [6718, 7194, 1522]}"
1758964067,VERY_LONG,,1,159662500,,"{'id': 178926, 'context': 64, 'bonus_lists': [6717, 7193, 1507]}"
1758964070,VERY_LONG,343700,99,,,{'id': 173129}
1758964073,VERY_LONG,405000,94,,,{'id': 173128}
1758965149,VERY_LONG,,1,9900000,,"{'id': 173214, 'context': 0, 'bonus_lists': [6893, 7185], 'modifiers': [{'type': 9, 'value': 60}, {'type': 28, 'value': 391}, {'type': 29, 'value': 49}, {'type': 30, 'value': 32}]}"
1758965152,VERY_LONG,,1,9900000,,"{'id': 173214, 'context': 0, 'bonus_lists': [6893, 7185], 'modifiers': [{'type': 9, 'value': 60}, {'type': 28, 'value': 391}, {'type': 29, 'value': 36}, {'type': 30, 'value': 40}]}"
1758965163,VERY_LONG,,1,1754100,,"{'id': 173214, 'context': 0, 'bonus_lists': [6893], 'modifiers': [{'type': 9, 'value': 60}, {'type': 28, 'value': 391}, {'type': 29, 'value': 36}, {'type': 30, 'value': 32}]}"
1758965167,LONG,1978500,699,,,{'id': 169451}
1758965185,VERY_LONG,,1,9950000,,"{'id': 173219, 'context': 0, 'bonus_lists': [6893, 7185], 'modifiers': [{'type': 9, 'value': 60}, {'type': 28, 'value': 391}, {'type': 29, 'value': 32}, {'type': 30, 'value': 36}]}"
1758965197,VERY_LONG,,1,9950000,,"{'id': 173219, 'context': 0, 'bonus_lists': [6893, 7185], 'modifiers': [{'type': 9, 'value': 60}, {'type': 28, 'value': 391}, {'type': 29, 'value': 32}, {'type': 30, 'value': 36}]}"
1758965231,VERY_LONG,,1,17009400,,"{'id': 173221, 'context': 0, 'bonus_lists': [6893, 7185], 'modifiers': [{'type': 9, 'value': 60}, {'type': 28, 'value': 391}, {'type': 29, 'value': 40}, {'type': 30, 'value': 36}]}"
1758965275,VERY_LONG,,1,7700000,,"{'id': 173245, 'context': 63, 'bonus_lists': [6716, 7193, 1487]}"
1758965283,VERY_LONG,,1,7700000,,"{'id': 173245, 'context': 63, 'bonus_lists': [6716, 7194, 1487]}"
1758965302,VERY_LONG,54100,10,,,{'id': 172934}
1758965306,LONG,1978500,200,,,{'id': 169451}
1758965332,VERY_LONG,2386200,5,,,{'id': 172363}
1758965341,VERY_LONG,5709400,8,,,{'id': 172415}
1758965343,VERY_LONG,,1,502500,,"{'id': 175544, 'context': 0, 'bonus_lists': [6907, 1705], 'modifiers': [{'type': 9, 'value': 60}, {'type': 28, 'value': 1707}]}"
1758965361,VERY_LONG,365500,1,,,{'id': 177661}
1758965408,LONG,1499900,480,,,{'id': 152494}
1758965437,VERY_LONG,504900,17,,,{'id': 172051}
1758965462,VERY_LONG,1007800,8,,,{'id': 172041}
1758965500,LONG,1499900,544,,,{'id': 152494}
1758965545,VERY_LONG,2177000,50,,,{'id': 172437}
1758965594,LONG,1499900,126,,,{'id': 163082}
1758965604,VERY_LONG,504900,20,,,{'id': 172051}
1758965618,VERY_LONG,504900,11,,,{'id': 172051}
1758965634,VERY_LONG,504900,20,,,{'id': 172051}
1758965653,VERY_LONG,9880000,6,,,{'id': 172042}
1758965726,LONG,1499900,700,,,{'id': 163082}
1758965917,LONG,255600,890,,,{'id': 2319}
1758965930,VERY_LONG,,1,199991100,,"{'id': 172317, 'context': 63, 'bonus_lists': [6716, 7194, 1487]}"
1758965934,VERY_LONG,,1,199991100,,"{'id': 172317, 'context': 63, 'bonus_lists': [6716, 7194, 1487]}"
1758965935,VERY_LONG,,1,400000000,,"{'id': 172321, 'context': 66, 'bonus_lists': [6758, 7194, 1532]}"
1758965939,LONG,245000,1957,,,{'id': 4234}
1758965940,VERY_LONG,,1,400000000,,"{'id': 172321, 'context': 66, 'bonus_lists': [6758, 7193, 1532]}"
1758965941,VERY_LONG,,1,169999900,,"{'id': 172316, 'context': 63, 'bonus_lists': [6716, 1487]}"
1758965943,VERY_LONG,,1,169999900,,"{'id': 172316, 'context': 63, 'bonus_lists': [6716, 1487]}"
1758965945,VERY_LONG,,1,168630000,,"{'id': 172329, 'context': 64, 'bonus_lists': [6717, 7193, 1507]}"
1758965947,VERY_LONG,,1,168630000,,"{'id': 172329, 'context': 64, 'bonus_lists': [6717, 7193, 1507]}"
1758965984,LONG,172300,974,,,{'id': 4304}
1758966063,VERY_LONG,499900,1,,,{'id': 9172}
1758967108,VERY_LONG,861200,120,,,{'id': 152296}
1758967268,VERY_LONG,,1,279002700,,"{'id': 77528, 'context': 0}"
1758967270,VERY_LONG,,1,279002700,,"{'id': 77528, 'context': 0}"
1758967273,VERY_LONG,,1,304310000,,"{'id': 172315, 'context': 65, 'bonus_lists': [6718, 1522]}"
1758967291,VERY_LONG,,1,67900000,,"{'id': 98612, 'context': 1}"
1758967292,VERY_LONG,276600,2,,,{'id': 153490}
1758967301,VERY_LONG,,1,70000000,,"{'id': 98608, 'context': 1}"
1758967312,VERY_LONG,11174200,1,,,{'id': 172366}
1758967319,VERY_LONG,,1,169986400,,"{'id': 98603, 'context': 1}"
1758967331,VERY_LONG,,1,90000000,,"{'id': 98599, 'context': 1}"
1758967336,VERY_LONG,252200,5,,,{'id': 172358}
1758967352,VERY_LONG,,1,70000000,,"{'id': 94279, 'context': 1}"
1758967374,VERY_LONG,,1,169980300,,"{'id': 94278, 'context': 1}"
1758967414,VERY_LONG,,1,70000000,,"{'id': 94277, 'context': 1}"
1758967419,VERY_LONG,,1,64990000,,"{'id': 86314, 'context': 0}"
1758967424,VERY_LONG,150200,6,,,{'id': 172230}
1758967436,VERY_LONG,1888500,1,,,{'id': 52078}
1758967440,VERY_LONG,,1,70000000,,"{'id': 86313, 'context': 0}"
1758967442,VERY_LONG,,1,70000000,,"{'id': 86313, 'context': 0}"
1758967445,VERY_LONG,383800,6,,,{'id': 170554}
1758967451,VERY_LONG,725000,4,,,{'id': 168583}
1758967452,VERY_LONG,,1,90000000,,"{'id': 86312, 'context': 1}"
1758967453,VERY_LONG,,1,90000000,,"{'id': 86312, 'context': 1}"
1758967454,VERY_LONG,40500,2,,,{'id': 179315}
1758967455,VERY_LONG,,1,90000000,,"{'id': 85829, 'context': 1}"
1758967459,VERY_LONG,15000,39,,,{'id': 179314}
1758967463,VERY_LONG,40000,42,,,{'id': 172055}
1758967467,VERY_LONG,20000,65,,,{'id': 172054}
1758967471,LONG,3480000,2,,,{'id': 127847}
1758967501,VERY_LONG,3500,119,,,{'id': 172052}
1758967516,VERY_LONG,950500,130,,,{'id': 178786}
1758967518,VERY_LONG,1390000,9,,,{'id': 168500}
1758967528,VERY_LONG,621700,2,,,{'id': 172059}
1758967538,VERY_LONG,1700,67,,,{'id': 172058}
1758967544,VERY_LONG,51500,74,,,{'id': 172057}
1758967549,VERY_LONG,730100,56,,,{'id': 172056}
1758967560,VERY_LONG,2969800,5,,,{'id': 173037}
1758967573,VERY_LONG,360000,3,,,{'id': 173036}
1758967583,VERY_LONG,10000,62,,,{'id': 173191}
1758967598,VERY_LONG,63900,11,,,{'id': 173035}
1758967601,VERY_LONG,2483700,1,,,{'id': 183738}
1758967605,VERY_LONG,299900,5,,,{'id': 173033}
1758967612,LONG,103900,3,,,{'id': 172357}
1758967616,VERY_LONG,22000,127,,,{'id': 173032}
1758967625,LONG,252200,3,,,{'id': 172358}
1758967628,VERY_LONG,33800,122,,,{'id': 180733}
1758967640,LONG,10000,8,,,{'id': 172360}
1758967644,VERY_LONG,300,200,,,{'id': 171840}
1758967658,VERY_LONG,300,37,,,{'id': 171840}
1758967672,VERY_LONG,19600,20,,,{'id': 172092}
1758967680,VERY_LONG,110300,5,,,{'id': 53010}
1758967697,VERY_LONG,215000,4,,,{'id': 124669}
1758967732,VERY_LONG,,1,5000000,,"{'id': 179329, 'context': 1, 'bonus_lists': [6908, 6652, 1676], 'modifiers': [{'type': 9, 'value': 60}, {'type': 28, 'value': 2044}]}"
1758967741,VERY_LONG,259000,20,,,{'id': 171441}
1758967751,VERY_LONG,259000,13,,,{'id': 171441}
1758967763,VERY_LONG,17500,20,,,{'id': 171436}
1758967767,VERY_LONG,17500,18,,,{'id': 171436}
1758967773,VERY_LONG,651700,2,,,{'id': 171439}
1758967797,VERY_LONG,10000,20,,,{'id': 173191}
1758967809,VERY_LONG,10000,18,,,{'id': 173191}
1758967823,VERY_LONG,100000,20,,,{'id': 174281}
1758967828,VERY_LONG,320000,10,,,{'id': 172061}
1758967878,VERY_LONG,852600,1,,,{'id': 163223}
1758967891,VERY_LONG,100000,1,,,{'id': 174281}
1758967910,VERY_LONG,770000,8,,,{'id': 171269}
1758967919,VERY_LONG,5900,1,,,{'id': 178178}
1758967926,LONG,,1,138600000,,"{'id': 82800, 'context': 0, 'pet_breed_id': 3, 'pet_level': 25, 'pet_quality_id': 3, 'pet_species_id': 317}"
1758967927,VERY_LONG,,1,47878500,,"{'id': 173243, 'context': 65, 'bonus_lists': [6718, 1522]}"
1758967929,VERY_LONG,,1,47878500,,"{'id': 173243, 'context': 65, 'bonus_lists': [6718, 1522]}"
1758967937,LONG,,1,281400000,,"{'id': 82800, 'context': 0, 'modifiers': [{'type': 6, 'value': 38134}], 'pet_breed_id': 3, 'pet_level': 25, 'pet_quality_id': 3, 'pet_species_id': 308}"
1758967940,VERY_LONG,19900,1,,,{'id': 152503}
1758967941,LONG,,1,42300000,,"{'id': 82800, 'context': 0, 'modifiers': [{'type': 6, 'value': 90413}], 'pet_breed_id': 15, 'pet_level': 25, 'pet_quality_id': 3, 'pet_species_id': 2720}"
1758967951,LONG,,1,178900000,,"{'id': 82800, 'context': 0, 'modifiers': [{'type': 6, 'value': 74469}], 'pet_breed_id': 15, 'pet_level': 25, 'pet_quality_id': 3, 'pet_species_id': 1999}"
1758967954,VERY_LONG,,1,29870000,,"{'id': 173243, 'context': 64, 'bonus_lists': [6717, 1507]}"
1758967956,VERY_LONG,,1,29870000,,"{'id': 173243, 'context': 64, 'bonus_lists': [6717, 1507]}"
1758967961,LONG,,1,72890000,,"{'id': 82800, 'context': 0, 'modifiers': [{'type': 6, 'value': 69488}], 'pet_breed_id': 21, 'pet_level': 1, 'pet_quality_id': 3, 'pet_species_id': 1701}"
1758967976,LONG,,1,38000000,,"{'id': 82800, 'context': 0, 'modifiers': [{'type': 6, 'value': 63691}], 'pet_breed_id': 9, 'pet_level': 1, 'pet_quality_id': 3, 'pet_species_id': 1665}"
1758967977,LONG,,1,38000000,,"{'id': 82800, 'context': 0, 'modifiers': [{'type': 6, 'value': 63691}], 'pet_breed_id': 9, 'pet_level': 1, 'pet_quality_id': 3, 'pet_species_id': 1665}"
1758967979,LONG,,1,38000000,,"{'id': 82800, 'context': 0, 'modifiers': [{'type': 6, 'value': 63691}], 'pet_breed_id': 9, 'pet_level': 1, 'pet_quality_id': 3, 'pet_species_id': 1665}"
1758967983,VERY_LONG,,1,48740000,,"{'id': 173248, 'context': 65, 'bonus_lists': [6718, 7194, 1522]}"
1758967992,LONG,,1,33596000,,"{'id': 82800, 'context': 0, 'modifiers': [{'type': 6, 'value': 60617}], 'pet_breed_id': 8, 'pet_level': 25, 'pet_quality_id': 3, 'pet_species_id': 1570}"
1758967994,LONG,,1,33596000,,"{'id': 82800, 'context': 0, 'modifiers': [{'type': 6, 'value': 60617}], 'pet_breed_id': 8, 'pet_level': 25, 'pet_quality_id': 3, 'pet_species_id': 1570}"
1758968005,LONG,,1,31500000,,"{'id': 82800, 'context': 0, 'modifiers': [{'type': 6, 'value': 59017}], 'pet_breed_id': 21, 'pet_level': 25, 'pet_quality_id': 3, 'pet_species_id': 1545}"
1758968026,LONG,,1,268000000,,"{'id': 82800, 'context': 0, 'modifiers': [{'type': 6, 'value': 30969}], 'pet_breed_id': 20, 'pet_level': 25, 'pet_quality_id': 3, 'pet_species_id': 1516}"
1758968035,LONG,,1,12000000,,"{'id': 82800, 'context': 0, 'modifiers': [{'type': 6, 'value': 58736}], 'pet_breed_id': 18, 'pet_level': 25, 'pet_quality_id': 3, 'pet_species_id': 1515}"
1758968071,LONG,,1,4999900,,"{'id': 82800, 'context': 0, 'modifiers': [{'type': 6, 'value': 40521}], 'pet_breed_id': 6, 'pet_level': 1, 'pet_quality_id': 3, 'pet_species_id': 1040}"
1758968075,LONG,,1,4999900,,"{'id': 82800, 'context': 0, 'modifiers': [{'type': 6, 'value': 40521}], 'pet_breed_id': 16, 'pet_level': 25, 'pet_quality_id': 3, 'pet_species_id': 1040}"
1758968089,VERY_LONG,725000,100,,,{'id': 168583}
1758968093,LONG,,1,4999900,,"{'id': 82800, 'context': 0, 'modifiers': [{'type': 6, 'value': 40521}], 'pet_breed_id': 16, 'pet_level': 25, 'pet_quality_id': 3, 'pet_species_id': 1040}"
1758969102,VERY_LONG,,1,49870000,,"{'id': 173247, 'context': 65, 'bonus_lists': [6718, 1522]}"
1758969104,VERY_LONG,,1,49870000,,"{'id': 173247, 'context': 65, 'bonus_lists': [6718, 1522]}"
1758969106,VERY_LONG,,1,49870000,,"{'id': 173247, 'context': 65, 'bonus_lists': [6718, 1522]}"
1758969178,VERY_LONG,94000,748,,,{'id': 171828}
1758969200,VERY_LONG,46400,8,,,{'id': 177061}
1758969224,VERY_LONG,45500,1,,,{'id': 113263}
1758969260,VERY_LONG,450000,50,,,{'id': 173034}
1758969261,VERY_LONG,1355600,2,,,{'id': 171428}
1758969292,VERY_LONG,212300,36,,,{'id': 171831}
1758969309,VERY_LONG,,1,109870000,,"{'id': 173246, 'context': 66, 'bonus_lists': [6758, 1532]}"
1758969323,VERY_LONG,99980000,10,,,{'id': 128315}
1758969400,VERY_LONG,,1,37840500,,"{'id': 173241, 'context': 64, 'bonus_lists': [6717, 1507]}"
1758969402,VERY_LONG,,1,37840500,,"{'id': 173241, 'context': 64, 'bonus_lists': [6717, 1507]}"
1758969531,VERY_LONG,,1,37840500,,"{'id': 173241, 'context': 64, 'bonus_lists': [6717, 1507]}"
1758969599,VERY_LONG,,1,39999900,,"{'id': 67151, 'context': 0, 'modifiers': [{'type': 28, 'value': 1828}]}"
1758969602,VERY_LONG,,1,39999900,,"{'id': 67151, 'context': 0, 'modifiers': [{'type': 28, 'value': 1828}]}"
1758969604,VERY_LONG,,1,39999900,,"{'id': 67151, 'context': 0}"
1758969605,VERY_LONG,,1,39999900,,"{'id': 67151, 'context': 0}"
1758969606,VERY_LONG,,1,39999900,,"{'id': 67151, 'context': 0}"
1758969638,VERY_LONG,,1,2000000,,"{'id': 154695, 'context': 0}"
1758969639,VERY_LONG,,1,2000000,,"{'id': 154695, 'context': 0}"
1758969640,VERY_LONG,,1,2000000,,"{'id': 154695, 'context': 0}"
1758969641,VERY_LONG,,1,2000000,,"{'id': 154695, 'context': 0}"
1758969642,VERY_LONG,,1,2000000,,"{'id': 154695, 'context': 0}"
1758969643,VERY_LONG,,1,2000000,,"{'id': 154695, 'context': 0}"
1758969644,VERY_LONG,,1,2000000,,"{'id': 154695, 'context': 0}"
1758969645,VERY_LONG,,1,2000000,,"{'id': 154695, 'context': 0}"
1758969646,VERY_LONG,,1,2000000,,"{'id': 154695, 'context': 0}"
1758969647,VERY_LONG,,1,2000000,,"{'id': 154695, 'context': 0}"
1758969825,VERY_LONG,,1,1400002800,,"{'id': 184807, 'context': 2, 'bonus_lists': [6652, 1472, 6646], 'modifiers': [{'type': 28, 'value': 748}]}"
1758969835,VERY_LONG,,1,65000000,,"{'id': 173241, 'context': 65, 'bonus_lists': [6718, 1522]}"
1758969836,VERY_LONG,,1,65000000,,"{'id': 173241, 'context': 65, 'bonus_lists': [6718, 1522]}"
1758969837,VERY_LONG,,1,65000000,,"{'id': 173241, 'context': 65, 'bonus_lists': [6718, 1522]}"
1758969840,VERY_LONG,,1,65000000,,"{'id': 173241, 'context': 65, 'bonus_lists': [6718, 1522]}"
1758969852,VERY_LONG,,1,29878400,,"{'id': 173244, 'context': 64, 'bonus_lists': [6717, 1507]}"
1758969854,VERY_LONG,,1,29878400,,"{'id': 173244, 'context': 64, 'bonus_lists': [6717, 1507]}"
1758969857,VERY_LONG,,1,29878400,,"{'id': 173244, 'context': 64, 'bonus_lists': [6717, 1507]}"
1758969860,VERY_LONG,,1,29878400,,"{'id': 173244, 'context': 64, 'bonus_lists': [6717, 1507]}"
1758969862,VERY_LONG,,1,29878400,,"{'id': 173244, 'context': 64, 'bonus_lists': [6717, 1507]}"
1758969865,VERY_LONG,,1,29878400,,"{'id': 173244, 'context': 64, 'bonus_lists': [6717, 1507]}"
1758969867,VERY_LONG,,1,29878400,,"{'id': 173244, 'context': 64, 'bonus_lists': [6717, 1507]}"
1758969886,VERY_LONG,,1,44500000,,"{'id': 173244, 'context': 65, 'bonus_lists': [6718, 1522]}"
1758969888,VERY_LONG,,1,44500000,,"{'id': 173244, 'context': 65, 'bonus_lists': [6718, 1522]}"
1758969910,VERY_LONG,,1,39750000,,"{'id': 173245, 'context': 64, 'bonus_lists': [6717, 7194, 1507]}"
1758969913,VERY_LONG,,1,39750000,,"{'id': 173245, 'context': 64, 'bonus_lists': [6717, 7193, 1507]}"
1758969994,LONG,383800,231,,,{'id': 170554}
1758970010,VERY_LONG,,1,45000000,,"{'id': 173246, 'context': 64, 'bonus_lists': [6717, 1507]}"
1758970012,VERY_LONG,,1,45000000,,"{'id': 173246, 'context': 64, 'bonus_lists': [6717, 1507]}"
1758970016,VERY_LONG,,1,45000000,,"{'id': 173246, 'context': 64, 'bonus_lists': [6717, 1507]}"
1758970018,LONG,704200,47,,,{'id': 171315}
1758970020,VERY_LONG,,1,45000000,,"{'id': 173246, 'context': 64, 'bonus_lists': [6717, 1507]}"
1758970023,VERY_LONG,,1,45000000,,"{'id': 173246, 'context': 64, 'bonus_lists': [6717, 1507]}"
1758970034,LONG,212300,588,,,{'id': 171831}
1758970055,LONG,94000,166,,,{'id': 171828}
1758970092,VERY_LONG,,1,35003300,,"{'id': 173242, 'context': 64, 'bonus_lists': [6717, 1507]}"
1758970093,VERY_LONG,,1,35003300,,"{'id': 173242, 'context': 64, 'bonus_lists': [6717, 1507]}"
1758970096,VERY_LONG,,1,35003300,,"{'id': 173242, 'context': 64, 'bonus_lists': [6717, 1507]}"
1758970099,VERY_LONG,,1,35003300,,"{'id': 173242, 'context': 64, 'bonus_lists': [6717, 1507]}"
1758971124,VERY_LONG,,1,1594647900,,"{'id': 163928, 'context': 11}"
1758971134,VERY_LONG,,1,2000000,,"{'id': 154695, 'context': 0}"
1758971147,VERY_LONG,,1,60008500,,"{'id': 173243, 'context': 65, 'bonus_lists': [6718, 1522]}"
1758971176,VERY_LONG,,1,120000000,,"{'id': 173247, 'context': 66, 'bonus_lists': [6758, 1532]}"
1758971177,VERY_LONG,,1,120000000,,"{'id': 173247, 'context': 66, 'bonus_lists': [6758, 1532]}"
1758971187,VERY_LONG,400000,2400,,,{'id': 168487}
1758971330,VERY_LONG,,1,10009900,,"{'id': 82800, 'context': 0, 'modifiers': [{'type': 6, 'value': 48056}], 'pet_breed_id': 10, 'pet_level': 1, 'pet_quality_id': 3, 'pet_species_id': 1212}"
1758971344,VERY_LONG,,1,10009900,,"{'id': 82800, 'context': 0, 'modifiers': [{'type': 6, 'value': 48056}], 'pet_breed_id': 8, 'pet_level': 1, 'pet_quality_id': 3, 'pet_species_id': 1212}"
1758971355,VERY_LONG,,1,1749900,,"{'id': 82800, 'context': 0, 'modifiers': [{'type': 6, 'value': 48055}], 'pet_breed_id': 18, 'pet_level': 1, 'pet_quality_id': 3, 'pet_species_id': 1211}"
1758971356,VERY_LONG,,1,1749900,,"{'id': 82800, 'context': 0, 'modifiers': [{'type': 6, 'value': 48055}], 'pet_breed_id': 14, 'pet_level': 1, 'pet_quality_id': 3, 'pet_species_id': 1211}"
1758971364,VERY_LONG,,1,44000000,,"{'id': 82800, 'context': 0, 'modifiers': [{'type': 6, 'value': 48213}], 'pet_breed_id': 7, 'pet_level': 1, 'pet_quality_id': 3, 'pet_species_id': 1205}"
1758971367,VERY_LONG,,1,44000000,,"{'id': 82800, 'context': 0, 'modifiers': [{'type': 6, 'value': 48213}], 'pet_breed_id': 19, 'pet_level': 1, 'pet_quality_id': 3, 'pet_species_id': 1205}"
1758971369,VERY_LONG,,1,44000000,,"{'id': 82800, 'context': 0, 'modifiers': [{'type': 6, 'value': 48213}], 'pet_breed_id': 6, 'pet_level': 1, 'pet_quality_id': 3, 'pet_species_id': 1205}"
1758971370,VERY_LONG,,1,44000000,,"{'id': 82800, 'context': 0, 'modifiers': [{'type': 6, 'value': 48213}], 'pet_breed_id': 6, 'pet_level': 1, 'pet_quality_id': 3, 'pet_species_id': 1205}"
1758971372,VERY_LONG,,1,44000000,,"{'id': 82800, 'context': 0, 'modifiers': [{'type': 6, 'value': 48213}], 'pet_breed_id': 20, 'pet_level': 1, 'pet_quality_id': 3, 'pet_species_id': 1205}"
1758971377,VERY_LONG,,1,4990000,,"{'id': 82800, 'context': 0, 'modifiers': [{'type': 6, 'value': 47731}], 'pet_breed_id': 8, 'pet_level': 1, 'pet_quality_id': 3, 'pet_species_id': 1180}"
1758971379,VERY_LONG,,1,4990000,,"{'id': 82800, 'context': 0, 'modifiers': [{'type': 6, 'value': 47731}], 'pet_breed_id': 4, 'pet_level': 1, 'pet_quality_id': 3, 'pet_species_id': 1180}"
1758971388,VERY_LONG,,1,360269200,,"{'id': 171414, 'context': 65, 'bonus_lists': [6718, 1522]}"
1758971390,VERY_LONG,,1,360269200,,"{'id': 171414, 'context': 65, 'bonus_lists': [6718, 1522]}"
1758971391,VERY_LONG,,1,360269200,,"{'id': 171414, 'context': 65, 'bonus_lists': [6718, 1522]}"
1758971393,VERY_LONG,,1,360269200,,"{'id': 171414, 'context': 65, 'bonus_lists': [6718, 1522]}"
1758971394,VERY_LONG,,1,360269200,,"{'id': 171414, 'context': 65, 'bonus_lists': [6718, 1522]}"
1758971395,VERY_LONG,,1,201106800,,"{'id': 171414, 'context': 66, 'bonus_lists': [6758, 1532]}"
1758971397,VERY_LONG,,1,201106800,,"{'id': 171414, 'context': 66, 'bonus_lists': [6758, 1532]}"
1758971399,VERY_LONG,,1,201106800,,"{'id': 171414, 'context': 66, 'bonus_lists': [6758, 1532]}"
1758971401,VERY_LONG,,1,91052800,,"{'id': 171419, 'context': 65, 'bonus_lists': [6718, 7193, 1522]}"
1758971402,VERY_LONG,,1,91052800,,"{'id': 171419, 'context': 65, 'bonus_lists': [6718, 7194, 1522]}"
1758971405,VERY_LONG,,1,91052800,,"{'id': 171419, 'context': 65, 'bonus_lists': [6718, 7194, 1522]}"
1758971406,VERY_LONG,,1,91052800,,"{'id': 171419, 'context': 65, 'bonus_lists': [6718, 7193, 1522]}"
1758971408,VERY_LONG,,1,91052800,,"{'id': 171419, 'context': 65, 'bonus_lists': [6718, 7194, 1522]}"
1758971410,VERY_LONG,,1,150275300,,"{'id': 171415, 'context': 65, 'bonus_lists': [6718, 7193, 1522]}"
1758971411,VERY_LONG,,1,150275300,,"{'id': 171415, 'context': 65, 'bonus_lists': [6718, 7193, 1522]}"
1758971413,VERY_LONG,,1,150275300,,"{'id': 171415, 'context': 65, 'bonus_lists': [6718, 7194, 1522]}"
1758971416,VERY_LONG,,1,150275300,,"{'id': 171415, 'context': 65, 'bonus_lists': [6718, 7194, 1522]}"
1758971417,VERY_LONG,,1,150275300,,"{'id': 171415, 'context': 65, 'bonus_lists': [6718, 7194, 1522]}"
1758971418,VERY_LONG,,1,1078009300,,"{'id': 171412, 'context': 66, 'bonus_lists': [6758, 1532]}"
1758971420,VERY_LONG,,1,89870000,,"{'id': 173247, 'context': 66, 'bonus_lists': [6758, 1532]}"
1758971421,VERY_LONG,,1,1078009300,,"{'id': 171412, 'context': 66, 'bonus_lists': [6758, 1532]}"
1758971422,VERY_LONG,,1,89870000,,"{'id': 173247, 'context': 66, 'bonus_lists': [6758, 1532]}"
1758971423,VERY_LONG,,1,150275300,,"{'id': 171412, 'context': 65, 'bonus_lists': [6718, 1522]}"
1758971424,VERY_LONG,,1,150275300,,"{'id': 171412, 'context': 65, 'bonus_lists': [6718, 1522]}"
1758971426,VERY_LONG,,1,150275300,,"{'id': 171412, 'context': 65, 'bonus_lists': [6718, 1522]}"
1758971428,VERY_LONG,,1,150275300,,"{'id': 171412, 'context': 65, 'bonus_lists': [6718, 1522]}"
1758971429,VERY_LONG,,1,883860100,,"{'id': 171416, 'context': 66, 'bonus_lists': [6758, 1532]}"
1758971430,VERY_LONG,,1,591051800,,"{'id': 171416, 'context': 65, 'bonus_lists': [6718, 1522]}"
1758971431,VERY_LONG,,1,591051800,,"{'id': 171416, 'context': 65, 'bonus_lists': [6718, 1522]}"
1758971432,VERY_LONG,,1,591051800,,"{'id': 171416, 'context': 65, 'bonus_lists': [6718, 1522]}"
1758971433,VERY_LONG,,1,201106800,,"{'id': 171418, 'context': 66, 'bonus_lists': [6758, 7194, 1532]}"
1758971434,VERY_LONG,,1,37840500,,"{'id': 173241, 'context': 64, 'bonus_lists': [6717, 1507]}"
1758971465,VERY_LONG,150200,8,,,{'id': 172230}
1758971470,VERY_LONG,640000,4,,,{'id': 172231}
1758971472,VERY_LONG,1600000,2,,,{'id': 172232}
1758971493,VERY_LONG,10000,175,,,{'id': 173191}
1758971508,VERY_LONG,640000,66,,,{'id': 172231}
1758971516,VERY_LONG,150200,146,,,{'id': 172230}
1758971526,VERY_LONG,62600,2,,,{'id': 10938}
1758971532,VERY_LONG,800000,1,,,{'id': 52721}
1758971537,VERY_LONG,300000,8,,,{'id': 52328}
1758971545,VERY_LONG,20000,42,,,{'id': 172054}
1758971555,VERY_LONG,1888500,1,,,{'id': 52078}
1758971565,VERY_LONG,40500,7,,,{'id': 179315}
1758971581,VERY_LONG,15000,4,,,{'id': 179314}
1758971587,VERY_LONG,40000,52,,,{'id': 172055}
1758971593,LONG,550000,1441,,,{'id': 2775}
1758971594,VERY_LONG,22000,57,,,{'id': 173032}
1758971602,VERY_LONG,2386200,2,,,{'id': 172363}
1758971606,VERY_LONG,299900,5,,,{'id': 173033}
1758971609,VERY_LONG,,1,90060000,,"{'id': 171413, 'context': 65, 'bonus_lists': [6718, 1522]}"
1758971611,VERY_LONG,2470000,3,,,{'id': 177715}
1758971612,LONG,497500,566,,,{'id': 23424}
1758971620,VERY_LONG,360000,13,,,{'id': 173036}
1758971623,VERY_LONG,3207000,2,,,{'id': 177962}
1758971631,VERY_LONG,1700,196,,,{'id': 172058}
1758971640,VERY_LONG,1801300,2,,,{'id': 172361}
1758971644,LONG,1482500,721,,,{'id': 23445}
1758971646,VERY_LONG,51500,189,,,{'id': 172057}
1758971658,VERY_LONG,730100,197,,,{'id': 172056}
1758971661,VERY_LONG,3000000,2,,,{'id': 177659}
1758971670,VERY_LONG,4959500,2,,,{'id': 172367}
1758971671,VERY_LONG,2969800,1,,,{'id': 173037}
1758971680,VERY_LONG,950500,176,,,{'id': 178786}
1758971684,VERY_LONG,,1,395987700,,"{'id': 171417, 'context': 66, 'bonus_lists': [6758, 1532]}"
1758971687,VERY_LONG,,1,395987700,,"{'id': 171417, 'context': 66, 'bonus_lists': [6758, 1532]}"
1758971689,VERY_LONG,,1,365875200,,"{'id': 171419, 'context': 66, 'bonus_lists': [6758, 7193, 1532]}"
1758971691,VERY_LONG,,1,365875200,,"{'id': 171419, 'context': 66, 'bonus_lists': [6758, 7194, 1532]}"
1758971692,VERY_LONG,,1,883860100,,"{'id': 171416, 'context': 66, 'bonus_lists': [6758, 1532]}"
1758971699,VERY_LONG,3500,3,,,{'id': 172052}
1758971707,VERY_LONG,,1,44600000,,"{'id': 173246, 'context': 64, 'bonus_lists': [6717, 1507]}"
1758971708,VERY_LONG,500000,4,,,{'id': 172053}
1758971717,VERY_LONG,40000,2,,,{'id': 172359}
1758971731,VERY_LONG,749900,1,,,{'id': 74710}
1758971776,VERY_LONG,889000,2,,,{'id': 172418}
1758971810,VERY_LONG,15009900,3,,,{'id': 52744}
1758971820,LONG,346500,726,,,{'id': 52185}
1758971821,VERY_LONG,1900,4,,,{'id': 4407}
1758971842,VERY_LONG,2483700,4,,,{'id': 183738}
1758971854,LONG,899500,200,,,{'id': 52186}
1758971863,VERY_LONG,651700,26,,,{'id': 171439}
1758971880,VERY_LONG,100000,1,,,{'id': 153435}
1758971891,VERY_LONG,890000,1,,,{'id': 110624}
1758971897,LONG,996500,216,,,{'id': 36909}
1758971921,VERY_LONG,7900,5,,,{'id': 138875}
1758971931,VERY_LONG,3000000,1,,,{'id': 177659}
1758971981,LONG,454500,200,,,{'id': 36916}
1758972083,VERY_LONG,5709400,1,,,{'id': 172415}
1758974196,LONG,799000,200,,,{'id': 36913}
1758974245,LONG,1794500,576,,,{'id': 54849}
1758974365,LONG,165000,996,,,{'id': 123919}
1758974529,LONG,672500,65,,,{'id': 173042}
1758974734,VERY_LONG,4959500,1,,,{'id': 172367}
1758974772,VERY_LONG,5500000,1,,,{'id': 172370}
1758974791,VERY_LONG,,1,3990000,,"{'id': 82800, 'context': 0, 'modifiers': [{'type': 6, 'value': 73697}], 'pet_breed_id': 3, 'pet_level': 1, 'pet_quality_id': 3, 'pet_species_id': 1963}"
1758974805,VERY_LONG,,1,3995300,,"{'id': 82800, 'context': 0, 'modifiers': [{'type': 6, 'value': 95584}], 'pet_breed_id': 18, 'pet_level': 1, 'pet_quality_id': 2, 'pet_species_id': 2942}"
1758974811,LONG,,1,17890000,,"{'id': 184480, 'context': 0}"
1758974812,LONG,,1,17890000,,"{'id': 184480, 'context': 0}"
1758974815,LONG,,1,17890000,,"{'id': 184480, 'context': 0}"
1758974817,LONG,,1,17890000,,"{'id': 184480, 'context': 0}"
1758974818,LONG,,1,17890000,,"{'id': 184480, 'context': 0}"
1758974820,LONG,,1,17890000,,"{'id': 184480, 'context': 0}"
1758974822,LONG,,1,17890000,,"{'id': 184480, 'context': 0}"
1758974824,LONG,,1,17890000,,"{'id': 184480, 'context': 0}"
1758974825,VERY_LONG,,1,3990000,,"{'id': 82800, 'context': 0, 'modifiers': [{'type': 6, 'value': 99870}], 'pet_breed_id': 9, 'pet_level': 1, 'pet_quality_id': 2, 'pet_species_id': 3039}"
1758974827,LONG,,1,17890000,,"{'id': 184480, 'context': 0}"
1758974830,LONG,,1,17890000,,"{'id': 184480, 'context': 0}"
1758974831,LONG,,1,17890000,,"{'id': 184480, 'context': 0}"
1758974832,LONG,,1,17890000,,"{'id': 184480, 'context': 0}"
1758974833,LONG,,1,17890000,,"{'id': 184480, 'context': 0}"
1758974834,LONG,,1,17890000,,"{'id': 184480, 'context': 0}"
1758974835,LONG,,1,17890000,,"{'id': 184480, 'context': 0}"
1758974836,LONG,,1,17890000,,"{'id': 184480, 'context': 0}"
1758974837,LONG,,1,17890000,,"{'id': 184480, 'context': 0}"
1758974838,LONG,,1,17890000,,"{'id': 184480, 'context': 0}"
1758974839,LONG,,1,17890000,,"{'id': 184480, 'context': 0}"
1758974840,LONG,,1,17890000,,"{'id': 184480, 'context': 0}"
1758974841,LONG,,1,17890000,,"{'id': 184480, 'context': 0}"
1758974845,LONG,,1,17890000,,"{'id': 184480, 'context': 0}"
1758974847,LONG,,1,17890000,,"{'id': 184480, 'context': 0}"
1758974848,LONG,,1,17890000,,"{'id': 184480, 'context': 0}"
1758974878,VERY_LONG,1801300,1,,,{'id': 172361}
1758974913,VERY_LONG,9290000,1,,,{'id': 172362}
1758974922,VERY_LONG,2386200,1,,,{'id': 172363}
1758975040,VERY_LONG,9290000,10,,,{'id': 172362}
1758975070,VERY_LONG,,1,50007600,,"{'id': 116554, 'context': 0, 'bonus_lists': [6655, 59], 'modifiers': [{'type': 9, 'value': 40}, {'type': 28, 'value': 66}]}"
1758976111,VERY_LONG,,1,69970000,,"{'id': 159546, 'context': 0, 'bonus_lists': [6655, 4802, 1678], 'modifiers': [{'type': 9, 'value': 43}, {'type': 28, 'value': 189}]}"
1758976138,VERY_LONG,,1,1501900,,"{'id': 159186, 'context': 0, 'bonus_lists': [6654, 1709], 'modifiers': [{'type': 9, 'value': 46}, {'type': 28, 'value': 186}]}"
1758976165,VERY_LONG,,1,201300,,"{'id': 159528, 'context': 0, 'bonus_lists': [6655, 1683], 'modifiers': [{'type': 9, 'value': 47}, {'type': 28, 'value': 189}]}"
1758976193,VERY_LONG,,1,2000000,,"{'id': 176802, 'context': 0, 'bonus_lists': [6908, 6652, 1687], 'modifiers': [{'type': 9, 'value': 50}, {'type': 28, 'value': 1314}]}"
1758976223,VERY_LONG,,1,10009800,,"{'id': 160148, 'context': 0, 'bonus_lists': [6654, 1689], 'modifiers': [{'type': 9, 'value': 43}, {'type': 28, 'value': 189}]}"
1758976540,VERY_LONG,624000,1,,,{'id': 153439}
1758976597,VERY_LONG,1002500,1,,,{'id': 87277}
1758976599,LONG,373500,57,,,{'id': 52329}
1758976601,VERY_LONG,1950100,5,,,{'id': 104138}
1758976604,LONG,4749000,5,,,{'id': 23426}
1758976605,LONG,103500,58,,,{'id': 2447}
1758976606,VERY_LONG,300000,1,,,{'id': 43535}
1758976607,VERY_LONG,3326200,3,,,{'id': 43400}
1758976608,VERY_LONG,1038700,1,,,{'id': 104120}
1758976612,VERY_LONG,28334000,1,,,{'id': 129029}
1758976613,VERY_LONG,700000,1,,,{'id': 104105}
1758976615,VERY_LONG,130000,1,,,{'id': 104108}
1758976617,VERY_LONG,58019900,1,,,{'id': 139315}
1758976619,LONG,497500,129,,,{'id': 23424}
1758976620,VERY_LONG,9454200,1,,,{'id': 89868}
1758976621,VERY_LONG,499700,4,,,{'id': 43398}
1758976622,VERY_LONG,5853800,1,,,{'id': 87392}
1758976624,VERY_LONG,49134900,1,,,{'id': 141898}
1758976628,VERY_LONG,390000,1,,,{'id': 104099}
1758976631,LONG,356300,71,,,{'id': 52183}
1758976632,VERY_LONG,997000,1,,,{'id': 85221}
1758976633,VERY_LONG,5759700,1,,,{'id': 162027}
1758976635,VERY_LONG,33539600,2,,,{'id': 184100}
1758976642,VERY_LONG,2500000,7,,,{'id': 43369}
1758976643,VERY_LONG,450000,1,,,{'id': 104127}
1758976644,LONG,90000,22,,,{'id': 35624}
1758976649,VERY_LONG,15537300,1,,,{'id': 184097}
1758976651,LONG,353500,187,,,{'id': 36912}
1758976655,VERY_LONG,19142500,1,,,{'id': 136826}
1758976659,VERY_LONG,1424900,2,,,{'id': 79538}
1758976661,LONG,3000000,4,,,{'id': 36930}
1758976665,LONG,1809800,8,,,{'id': 52984}
1758976667,VERY_LONG,863400,1,,,{'id': 40919}
1758976669,VERY_LONG,2109300,3,,,{'id': 80587}
1758976672,VERY_LONG,1000000,1,,,{'id': 104104}
1758976674,LONG,65000,101,,,{'id': 765}
1758976677,LONG,157100,6,,,{'id': 76130}
1758976679,VERY_LONG,11593900,1,,,{'id': 129018}
1758976682,VERY_LONG,26333500,1,,,{'id': 137249}
1758976685,LONG,36500,8,,,{'id': 76135}
1758976688,VERY_LONG,265800,1,,,{'id': 104122}
1758976691,VERY_LONG,29996400,3,,,{'id': 184096}
1758976693,LONG,346500,200,,,{'id': 52185}
1758976695,LONG,1240500,4,,,{'id': 36924}
1758976700,LONG,996500,138,,,{'id': 36909}
1758976707,LONG,280000,8,,,{'id': 52988}
1758976709,VERY_LONG,34689200,2,,,{'id': 136825}
1758976711,VERY_LONG,2450000,1,,,{'id': 41100}
1758976715,VERY_LONG,26500900,1,,,{'id': 137293}
1758976717,VERY_LONG,1703900,5,,,{'id': 77101}
1758977067,VERY_LONG,47500,5,,,{'id': 111557}
1758977083,VERY_LONG,73900,11,,,{'id': 168185}
1758978104,VERY_LONG,,1,999990000,,"{'id': 172314, 'context': 66, 'bonus_lists': [6758, 1532]}"
1758978108,VERY_LONG,,1,1078009300,,"{'id': 171412, 'context': 66, 'bonus_lists': [6758, 1532]}"
1758978111,VERY_LONG,,1,883860100,,"{'id': 171416, 'context': 66, 'bonus_lists': [6758, 1532]}"
1758980148,VERY_LONG,,1,8990000,,"{'id': 114821, 'context': 0}"
1758980206,VERY_LONG,899500,5,,,{'id': 52186}
1758980208,LONG,749800,1,,,{'id': 74710}
1758980209,LONG,890000,1,,,{'id': 110624}
1758980230,VERY_LONG,,1,114240000,,"{'id': 173245, 'context': 66, 'bonus_lists': [6758, 7194, 1532]}"
1758980235,VERY_LONG,,1,35000000,,"{'id': 173248, 'context': 65, 'bonus_lists': [6718, 7193, 1522]}"
1758980240,VERY_LONG,,1,85000000,,"{'id': 173248, 'context': 66, 'bonus_lists': [6758, 7193, 1532]}"
1758980241,VERY_LONG,,1,85000000,,"{'id': 173248, 'context': 66, 'bonus_lists': [6758, 7194, 1532]}"
1758980246,VERY_LONG,,1,89740000,,"{'id': 173244, 'context': 66, 'bonus_lists': [6758, 1532]}"
1758980256,VERY_LONG,,1,31470000,,"{'id': 173247, 'context': 64, 'bonus_lists': [6717, 1507]}"
1758980257,VERY_LONG,,1,31470000,,"{'id': 173247, 'context': 64, 'bonus_lists': [6717, 1507]}"
1758980277,VERY_LONG,,1,30003300,,"{'id': 173242, 'context': 64, 'bonus_lists': [6717, 1507]}"
1758980280,VERY_LONG,,1,30003300,,"{'id': 173242, 'context': 64, 'bonus_lists': [6717, 1507]}"
1758980282,VERY_LONG,,1,30003300,,"{'id': 173242, 'context': 64, 'bonus_lists': [6717, 1507]}"
1758980289,VERY_LONG,,1,44600000,,"{'id': 173246, 'context': 64, 'bonus_lists': [6717, 1507]}"
1758980299,VERY_LONG,,1,65000000,,"{'id': 173241, 'context': 65, 'bonus_lists': [6718, 1522]}"
1758980303,VERY_LONG,,1,65000000,,"{'id': 173241, 'context': 65, 'bonus_lists': [6718, 1522]}"
1758980310,VERY_LONG,,1,39750000,,"{'id': 173245, 'context': 64, 'bonus_lists': [6717, 7194, 1507]}"
1758980312,VERY_LONG,,1,39750000,,"{'id': 173245, 'context': 64, 'bonus_lists': [6717, 7194, 1507]}"
1758980313,VERY_LONG,,1,39750000,,"{'id': 173245, 'context': 64, 'bonus_lists': [6717, 7193, 1507]}"
1758980316,VERY_LONG,,1,39750000,,"{'id': 173245, 'context': 64, 'bonus_lists': [6717, 7193, 1507]}"
1758980330,VERY_LONG,7470000,1,,,{'id': 172097}
1758980342,VERY_LONG,599900,1,,,{'id': 172096}
1758980358,VERY_LONG,109900,1,,,{'id': 172089}
1758980380,VERY_LONG,9989900,14,,,{'id': 181468}
1758980443,VERY_LONG,9880000,367,,,{'id': 171833}
1758980475,VERY_LONG,1309500,1,,,{'id': 172439}
1758980534,VERY_LONG,205300,1,,,{'id': 172230}
1758980673,VERY_LONG,,1,109870000,,"{'id': 173241, 'context': 66, 'bonus_lists': [6758, 1532]}"
1758980729,VERY_LONG,,1,80000000,,"{'id': 172319, 'context': 63, 'bonus_lists': [6716, 1487]}"
1758980779,VERY_LONG,98900,2,,,{'id': 173110}
1758980824,VERY_LONG,,1,999990000,,"{'id': 172314, 'context': 66, 'bonus_lists': [6758, 1532]}"
1758980936,VERY_LONG,38500,1,,,{'id': 108439}
1758980959,VERY_LONG,160000,1,,,{'id': 111245}
1758981002,VERY_LONG,10000,8,,,{'id': 182737}
1758981095,VERY_LONG,169900,15,,,{'id': 171832}
1758981133,VERY_LONG,19600,4,,,{'id': 172092}
1758981151,VERY_LONG,300000,1,,,{'id': 172096}
1758981221,VERY_LONG,15500,1,,,{'id': 171264}
1758981239,VERY_LONG,2000,5,,,{'id': 3371}
1758981338,VERY_LONG,2200,389,,,{'id': 168650}
1758981736,VERY_LONG,150200,7,,,{'id': 172230}
1758981748,VERY_LONG,40000,2,,,{'id': 172055}
1758981824,VERY_LONG,,1,387000000,,"{'id': 94585, 'context': 0}"
1758981854,VERY_LONG,299900,8,,,{'id': 171829}
1758981872,VERY_LONG,,1,2445100,,"{'id': 146953, 'context': 0, 'modifiers': [{'type': 28, 'value': 373}]}"
1758983168,VERY_LONG,500000,1,,,{'id': 172053}
1758983177,VERY_LONG,20000,2,,,{'id': 172054}
1758983185,VERY_LONG,19600,27,,,{'id': 172092}
1758983189,VERY_LONG,60000,41,,,{'id': 172089}
1758983192,VERY_LONG,40500,3,,,{'id': 179315}
1758983196,VERY_LONG,40000,3,,,{'id': 172055}
1758983213,VERY_LONG,2450000,1,,,{'id': 168638}
1758983225,VERY_LONG,37800,2,,,{'id': 33470}
1758983267,VERY_LONG,10100,2,,,{'id': 2680}
1758983308,VERY_LONG,4400,1,,,{'id': 13444}
1758983333,VERY_LONG,152000,2,,,{'id': 152496}
1758983344,VERY_LONG,,1,556300,,"{'id': 177797, 'context': 5, 'bonus_lists': [6907, 6652, 1711], 'modifiers': [{'type': 9, 'value': 60}, {'type': 28, 'value': 752}]}"
1758983393,VERY_LONG,20003800,1,,,{'id': 41611}
1758983596,LONG,2466800,40,,,{'id': 171275}
1758983600,VERY_LONG,18900,99,,,{'id': 172935}
1758984075,VERY_LONG,672500,1,,,{'id': 173042}
1758984080,VERY_LONG,360000,6,,,{'id': 173036}
1758985139,VERY_LONG,405000,171,,,{'id': 168586}
1758987217,VERY_LONG,,1,60000000,,"{'id': 82800, 'context': 0, 'modifiers': [{'type': 6, 'value': 99871}], 'pet_breed_id': 7, 'pet_level': 1, 'pet_quality_id': 2, 'pet_species_id': 3030}"
1758987224,VERY_LONG,,1,6000000,,"{'id': 82800, 'context': 0, 'modifiers': [{'type': 6, 'value': 99866}], 'pet_breed_id': 19, 'pet_level': 1, 'pet_quality_id': 2, 'pet_species_id': 2916}"
1758987230,VERY_LONG,,1,3000000,,"{'id': 71715, 'context': 0}"
1758987239,VERY_LONG,,1,3009000,,"{'id': 71635, 'context': 0}"
1758987243,VERY_LONG,,1,3009000,,"{'id': 71635, 'context': 0}"
1758987249,VERY_LONG,,1,3008000,,"{'id': 71637, 'context': 0}"
1758987254,VERY_LONG,,1,3008000,,"{'id': 71637, 'context': 0}"
1758987262,VERY_LONG,,1,3000000,,"{'id': 71638, 'context': 0}"
1758987267,VERY_LONG,,1,3000000,,"{'id': 71638, 'context': 0}"
1758987669,VERY_LONG,63300,11,,,{'id': 173035}
1758987673,VERY_LONG,449400,11,,,{'id': 173034}
1758987680,VERY_LONG,39900,8,,,{'id': 179315}
1758987690,VERY_LONG,21400,11,,,{'id': 173032}
1758987703,VERY_LONG,39400,8,,,{'id': 172055}
1758987708,VERY_LONG,19400,8,,,{'id': 172054}
1758987715,VERY_LONG,2900,16,,,{'id': 172052}
1758987725,VERY_LONG,1600,17,,,{'id': 154897}
1758987739,VERY_LONG,53400,1,,,{'id': 152577}
1758987745,VERY_LONG,9200,13,,,{'id': 152576}
1758987774,VERY_LONG,9973100,8,,,{'id': 139175}
1758987805,VERY_LONG,,1,3706300,,"{'id': 172249, 'context': 13, 'modifiers': [{'type': 29, 'value': 49}, {'type': 30, 'value': 32}]}"
1758987808,VERY_LONG,,1,41810500,,"{'id': 172252, 'context': 13, 'bonus_lists': [6893, 7224], 'modifiers': [{'type': 9, 'value': 60}, {'type': 28, 'value': 391}, {'type': 29, 'value': 49}, {'type': 30, 'value': 40}]}"
1758987810,VERY_LONG,,1,41810500,,"{'id': 172252, 'context': 13, 'bonus_lists': [6893, 7224], 'modifiers': [{'type': 9, 'value': 60}, {'type': 28, 'value': 391}, {'type': 29, 'value': 40}, {'type': 30, 'value': 32}]}"
1758987814,VERY_LONG,100000,58,,,{'id': 172040}
1758987818,VERY_LONG,,1,10680500,,"{'id': 171374, 'context': 13, 'bonus_lists': [6890, 7224], 'modifiers': [{'type': 9, 'value': 60}, {'type': 28, 'value': 391}, {'type': 29, 'value': 49}, {'type': 30, 'value': 40}]}"
1758987823,VERY_LONG,,1,10860600,,"{'id': 172242, 'context': 13, 'bonus_lists': [6890, 7224], 'modifiers': [{'type': 9, 'value': 60}, {'type': 28, 'value': 391}, {'type': 29, 'value': 40}, {'type': 30, 'value': 32}]}"
1758987828,VERY_LONG,504900,100,,,{'id': 172051}
1758987830,VERY_LONG,7190000,6,,,{'id': 172097}
1758987832,VERY_LONG,,1,627700,,"{'id': 172243, 'context': 13, 'modifiers': [{'type': 29, 'value': 36}, {'type': 30, 'value': 32}]}"
1758987836,VERY_LONG,,1,13339700,,"{'id': 172246, 'context': 13, 'bonus_lists': [6885, 7224], 'modifiers': [{'type': 9, 'value': 60}, {'type': 28, 'value': 391}, {'type': 29, 'value': 40}, {'type': 30, 'value': 49}]}"
1758987839,VERY_LONG,,1,1240200,,"{'id': 172348, 'context': 13, 'modifiers': [{'type': 29, 'value': 49}, {'type': 30, 'value': 40}]}"
1758987843,VERY_LONG,,1,1240200,,"{'id': 172348, 'context': 13, 'modifiers': [{'type': 29, 'value': 49}, {'type': 30, 'value': 40}]}"
1758987847,VERY_LONG,,1,8533500,,"{'id': 172348, 'context': 13, 'modifiers': [{'type': 29, 'value': 40}, {'type': 30, 'value': 32}]}"
1758987851,VERY_LONG,,1,8533500,,"{'id': 172348, 'context': 13, 'modifiers': [{'type': 29, 'value': 32}, {'type': 30, 'value': 40}]}"
1758987855,VERY_LONG,,1,8533500,,"{'id': 172348, 'context': 13, 'modifiers': [{'type': 29, 'value': 32}, {'type': 30, 'value': 36}]}"
1758987858,VERY_LONG,,1,3017500,,"{'id': 172349, 'context': 13, 'modifiers': [{'type': 29, 'value': 49}, {'type': 30, 'value': 32}]}"
1758987860,VERY_LONG,,1,8564800,,"{'id': 172349, 'context': 13, 'modifiers': [{'type': 29, 'value': 36}, {'type': 30, 'value': 49}]}"
1758987864,VERY_LONG,,1,8564800,,"{'id': 172349, 'context': 13, 'modifiers': [{'type': 29, 'value': 32}, {'type': 30, 'value': 40}]}"
1758987866,VERY_LONG,,1,8564800,,"{'id': 172349, 'context': 13, 'modifiers': [{'type': 29, 'value': 32}, {'type': 30, 'value': 40}]}"
1758987868,VERY_LONG,,1,9563700,,"{'id': 171378, 'context': 13, 'bonus_lists': [6885, 7224], 'modifiers': [{'type': 9, 'value': 60}, {'type': 28, 'value': 391}, {'type': 29, 'value': 36}, {'type': 30, 'value': 49}]}"
1758987872,VERY_LONG,,1,10517200,,"{'id': 172245, 'context': 13, 'bonus_lists': [6887, 7224], 'modifiers': [{'type': 9, 'value': 60}, {'type': 28, 'value': 391}, {'type': 29, 'value': 36}, {'type': 30, 'value': 40}]}"
1758987874,VERY_LONG,,1,8596500,,"{'id': 171380, 'context': 13, 'bonus_lists': [6885, 7224], 'modifiers': [{'type': 9, 'value': 60}, {'type': 28, 'value': 391}, {'type': 29, 'value': 49}, {'type': 30, 'value': 40}]}"
1758987877,VERY_LONG,,1,9562700,,"{'id': 171377, 'context': 13, 'bonus_lists': [6887, 7224], 'modifiers': [{'type': 9, 'value': 60}, {'type': 28, 'value': 391}, {'type': 29, 'value': 49}, {'type': 30, 'value': 32}]}"
1758987880,VERY_LONG,,1,9562700,,"{'id': 171377, 'context': 13, 'bonus_lists': [6887, 7224], 'modifiers': [{'type': 9, 'value': 60}, {'type': 28, 'value': 391}, {'type': 29, 'value': 40}, {'type': 30, 'value': 36}]}"
1758987882,VERY_LONG,,1,9281400,,"{'id': 171379, 'context': 13, 'bonus_lists': [6890, 7224], 'modifiers': [{'type': 9, 'value': 60}, {'type': 28, 'value': 391}, {'type': 29, 'value': 36}, {'type': 30, 'value': 32}]}"
1758987884,VERY_LONG,1007800,100,,,{'id': 172041}
1758987886,VERY_LONG,,1,5000000,,"{'id': 184479, 'context': 0}"
1758987889,VERY_LONG,,1,5000000,,"{'id': 184479, 'context': 0}"
1758987893,VERY_LONG,,1,5000000,,"{'id': 184479, 'context': 0}"
1758987895,VERY_LONG,,1,5000000,,"{'id': 184479, 'context': 0}"
1758987897,VERY_LONG,,1,5000000,,"{'id': 184479, 'context': 0}"
1758987899,VERY_LONG,,1,5000000,,"{'id': 184479, 'context': 0}"
1758987902,VERY_LONG,,1,5000000,,"{'id': 184479, 'context': 0}"
1758987904,VERY_LONG,,1,5000000,,"{'id': 184479, 'context': 0}"
1758987908,VERY_LONG,19400,4,,,{'id': 172054}
1758987909,VERY_LONG,,1,5000000,,"{'id': 184479, 'context': 0}"
1758987912,VERY_LONG,,1,5000000,,"{'id': 184479, 'context': 0}"
1758987914,VERY_LONG,,1,17890000,,"{'id': 184480, 'context': 0}"
1758987916,VERY_LONG,,1,17890000,,"{'id': 184480, 'context': 0}"
1758987919,VERY_LONG,,1,17890000,,"{'id': 184480, 'context': 0}"
1758987921,VERY_LONG,,1,17890000,,"{'id': 184480, 'context': 0}"
1758987923,VERY_LONG,,1,17890000,,"{'id': 184480, 'context': 0}"
1758987927,VERY_LONG,,1,4353900,,"{'id': 172235, 'context': 13, 'modifiers': [{'type': 29, 'value': 36}, {'type': 30, 'value': 49}]}"
1758987929,VERY_LONG,,1,3121800,,"{'id': 172241, 'context': 13, 'modifiers': [{'type': 29, 'value': 49}, {'type': 30, 'value': 40}]}"
1758987931,VERY_LONG,,1,3660300,,"{'id': 173136, 'context': 13, 'bonus_lists': [3358]}"
1758987932,VERY_LONG,,1,10652300,,"{'id': 172247, 'context': 13, 'bonus_lists': [6890, 7224], 'modifiers': [{'type': 9, 'value': 60}, {'type': 28, 'value': 391}, {'type': 29, 'value': 49}, {'type': 30, 'value': 40}]}"
1758987934,VERY_LONG,3600000,1,,,{'id': 173172}
1758987936,VERY_LONG,9880000,50,,,{'id': 172042}
1758988211,VERY_LONG,,1,1113800,,"{'id': 10047, 'context': 0}"
1758988213,VERY_LONG,6810000,1,,,{'id': 38822}
1758988215,VERY_LONG,,1,78249900,,"{'id': 7956, 'context': 0}"
1758988217,VERY_LONG,,1,3027800,,"{'id': 4309, 'context': 0}"
1758988221,VERY_LONG,,1,1754100,,"{'id': 173214, 'context': 0, 'bonus_lists': [6893], 'modifiers': [{'type': 9, 'value': 60}, {'type': 28, 'value': 391}, {'type': 29, 'value': 32}, {'type': 30, 'value': 49}]}"
1758988222,VERY_LONG,,1,5908800,,"{'id': 2570, 'context': 0}"
1758988223,VERY_LONG,,1,12477100,,"{'id': 54474, 'context': 0}"
1758988227,VERY_LONG,10009100,1,,,{'id': 38937}
1758988229,LONG,484900,87,,,{'id': 172049}
1758988230,VERY_LONG,,1,4361700,,"{'id': 4308, 'context': 0}"
1758988235,VERY_LONG,624000,1,,,{'id': 153439}
1758988236,VERY_LONG,18900,1,,,{'id': 172935}
1758988241,VERY_LONG,,1,1000000,900000,"{'id': 82800, 'context': 0, 'modifiers': [{'type': 6, 'value': 98459}], 'pet_breed_id': 5, 'pet_level': 1, 'pet_quality_id': 2, 'pet_species_id': 3022}"
1758988245,VERY_LONG,3001700,1,,,{'id': 153666}
1758988249,LONG,7000000,38,,,{'id': 171349}
1758988252,VERY_LONG,,1,9530900,,"{'id': 41520, 'context': 0}"
1758988257,VERY_LONG,,1,10784400,,"{'id': 4247, 'context': 0}"
1758988259,VERY_LONG,,1,7254000,,"{'id': 41515, 'context': 0}"
1758988263,VERY_LONG,,1,14981400,,"{'id': 54443, 'context': 0}"
1758988269,VERY_LONG,,1,17853700,,"{'id': 21850, 'context': 0}"
1758988284,VERY_LONG,,1,23752500,,"{'id': 77527, 'context': 0}"
1758988291,VERY_LONG,,1,12795800,,"{'id': 82397, 'context': 0, 'bonus_lists': [1688]}"
1758988293,VERY_LONG,,1,26533100,,"{'id': 132489, 'context': 0}"
1758988305,VERY_LONG,,1,49006100,,"{'id': 79339, 'context': 0}"
1758988319,VERY_LONG,9390000,1,,,{'id': 12810}
1758988332,VERY_LONG,3674100,5,,,{'id': 74712}
1758988337,VERY_LONG,,1,3905400,,"{'id': 2300, 'context': 0}"
1758988357,VERY_LONG,,1,65980300,,"{'id': 79333, 'context': 0}"
1758988360,VERY_LONG,,1,4902500,,"{'id': 54477, 'context': 0}"
1758988365,LONG,3740000,20,,,{'id': 171273}
1758988367,VERY_LONG,,1,11000400,,"{'id': 118601, 'context': 0, 'bonus_lists': [159]}"
1758988372,LONG,770000,100,,,{'id': 171269}
1758988377,VERY_LONG,,1,27263800,,"{'id': 93434, 'context': 0}"
1758988381,VERY_LONG,17884000,1,,,{'id': 137269}
1758988383,VERY_LONG,8597100,2,,,{'id': 43850}
1758988387,VERY_LONG,,1,26148000,,"{'id': 82399, 'context': 0, 'bonus_lists': [1692]}"
1758988394,VERY_LONG,,1,33330000,,"{'id': 21853, 'context': 0}"
1758988397,VERY_LONG,,1,39008800,,"{'id': 21849, 'context': 0}"
1758988401,VERY_LONG,,1,19999100,,"{'id': 173428, 'context': 13, 'modifiers': [{'type': 29, 'value': 36}, {'type': 30, 'value': 40}]}"
1758988406,VERY_LONG,,1,35984300,,"{'id': 6836, 'context': 0}"
1758988412,LONG,852600,37,,,{'id': 163223}
1758988413,VERY_LONG,,1,7400000,7030000,"{'id': 82800, 'context': 0, 'modifiers': [{'type': 6, 'value': 23574}], 'pet_breed_id': 5, 'pet_level': 1, 'pet_quality_id': 3, 'pet_species_id': 175}"
1758988416,VERY_LONG,3963600,2,,,{'id': 87648}
1758988421,VERY_LONG,4795500,1,,,{'id': 130250}
1758988424,VERY_LONG,,1,2505700,,"{'id': 2582, 'context': 0}"
1758988427,LONG,280000,100,,,{'id': 172044}
1758988428,VERY_LONG,50000000,1,,,{'id': 38987}
1758988430,VERY_LONG,1982800,1,,,{'id': 87647}
1758988432,VERY_LONG,2897300,1,,,{'id': 153665}
1758988442,VERY_LONG,15003300,1,,,{'id': 52751}
1758988443,VERY_LONG,,1,6344700,,"{'id': 4246, 'context': 0}"
1758988488,LONG,1186600,1,,,{'id': 74700}
1758988490,LONG,1889400,1,,,{'id': 74706}
1758988493,LONG,248900,1,,,{'id': 74720}
1758988495,LONG,4879800,1,,,{'id': 89737}
1758988498,LONG,4669800,1,,,{'id': 74727}
1758988500,LONG,1479800,1,,,{'id': 74707}
1758988502,LONG,1889200,1,,,{'id': 74709}
1758988505,LONG,749700,1,,,{'id': 74710}
1758988507,LONG,553900,1,,,{'id': 74715}
1758988508,LONG,3689800,1,,,{'id': 74717}
1758988511,LONG,1612700,1,,,{'id': 74718}
1758988512,LONG,1889300,1,,,{'id': 74716}
1758988514,LONG,890000,1,,,{'id': 110619}
1758988589,VERY_LONG,890000,2,,,{'id': 110621}
1758988592,VERY_LONG,,1,4949100,,"{'id': 54471, 'context': 0}"
1758988596,VERY_LONG,,1,26998000,,"{'id': 43585, 'context': 0}"
1758988598,VERY_LONG,,1,26276300,,"{'id': 2583, 'context': 0}"
1758988601,VERY_LONG,,1,15841400,,"{'id': 4322, 'context': 0}"
1758988604,LONG,481800,3,,,{'id': 173130}
1758988617,VERY_LONG,1889200,1,,,{'id': 74709}
1758988620,VERY_LONG,,1,3990000,,"{'id': 41599, 'context': 0}"
1758988622,VERY_LONG,,1,10343500,,"{'id': 6241, 'context': 0}"
1758988624,VERY_LONG,,1,50000000,,"{'id': 4318, 'context': 0}"
1758988632,VERY_LONG,1889400,1,,,{'id': 74706}
1758988635,VERY_LONG,3674100,1,,,{'id': 74712}
1758988638,VERY_LONG,,1,5000000,,"{'id': 184479, 'context': 0}"
1758988641,VERY_LONG,,1,5000000,,"{'id': 184479, 'context': 0}"
1758988642,VERY_LONG,,1,5000000,,"{'id': 184479, 'context': 0}"
1758988644,VERY_LONG,,1,5000000,,"{'id': 184479, 'context': 0}"
1758988646,VERY_LONG,,1,5000000,,"{'id': 184479, 'context': 0}"
1758988650,VERY_LONG,,1,5000000,,"{'id': 184479, 'context': 0}"
1758988651,VERY_LONG,,1,5000000,,"{'id': 184479, 'context': 0}"
1758988654,VERY_LONG,,1,5000000,,"{'id': 184479, 'context': 0}"
1758988655,VERY_LONG,,1,5000000,,"{'id': 184479, 'context': 0}"
1758988658,VERY_LONG,,1,5000000,,"{'id': 184479, 'context': 0}"
1758988660,VERY_LONG,,1,5000000,,"{'id': 184479, 'context': 0}"
1758988662,VERY_LONG,,1,5000000,,"{'id': 184479, 'context': 0}"
1758988663,VERY_LONG,4959500,1,,,{'id': 172367}
1758988665,VERY_LONG,,1,7464800,,"{'id': 4310, 'context': 0}"
1758988667,VERY_LONG,1989900,3,,,{'id': 74713}
1758988670,VERY_LONG,,1,12302000,,"{'id': 5957, 'context': 0}"
1758988672,VERY_LONG,1005100,5,,,{'id': 63304}
1758988673,VERY_LONG,,1,5124300,,"{'id': 14046, 'context': 0}"
1758988686,VERY_LONG,380000,2,,,{'id': 159468}
1758988698,VERY_LONG,,1,6908800,,"{'id': 54473, 'context': 0}"
1758988721,VERY_LONG,,1,52451500,,"{'id': 42100, 'context': 0}"
1758988722,VERY_LONG,,1,23134000,,"{'id': 38404, 'context': 0}"
1758988726,VERY_LONG,9000000,1,,,{'id': 43394}
1758988729,VERY_LONG,3008600,40,,,{'id': 171266}
1758988730,VERY_LONG,,1,1499900,1424900,"{'id': 82800, 'context': 0, 'modifiers': [{'type': 6, 'value': 72658}], 'pet_breed_id': 7, 'pet_level': 1, 'pet_quality_id': 3, 'pet_species_id': 1934}"
1758988732,VERY_LONG,500000,1,,,{'id': 43373}
1758988736,VERY_LONG,1888000,2,,,{'id': 74722}
1758988738,VERY_LONG,,1,32819100,,"{'id': 2303, 'context': 0}"
1758988739,VERY_LONG,,1,69007600,,"{'id': 43583, 'context': 0}"
1758988742,VERY_LONG,7992000,1,,,{'id': 74725}
1758988743,VERY_LONG,5480000,1,,,{'id': 38848}
1758988756,VERY_LONG,,1,30719400,,"{'id': 38409, 'context': 0}"
1758988757,VERY_LONG,,1,15887600,,"{'id': 4242, 'context': 0}"
1758988758,VERY_LONG,,1,44800000,42560000,"{'id': 82800, 'context': 0, 'modifiers': [{'type': 6, 'value': 97089}], 'pet_breed_id': 14, 'pet_level': 1, 'pet_quality_id': 2, 'pet_species_id': 3028}"
1758988760,VERY_LONG,11593900,1,,,{'id': 129018}
1758988779,VERY_LONG,,1,9268900,,"{'id': 6238, 'context': 0}"
1758988781,VERY_LONG,270000,2,,,{'id': 74721}
1758988782,VERY_LONG,58400000,1,,,{'id': 38847}
1758988784,VERY_LONG,155100,20,,,{'id': 171301}
1758988790,VERY_LONG,9889500,1,,,{'id': 52772}
1758988791,VERY_LONG,1458300,1,,,{'id': 74708}
1758988792,VERY_LONG,4888700,1,,,{'id': 74723}
1758988793,VERY_LONG,3871400,1,,,{'id': 172937}
1758988822,VERY_LONG,,1,24605300,,"{'id': 25183, 'context': 0, 'bonus_lists': [6655, 1691], 'modifiers': [{'type': 9, 'value': 30}, {'type': 28, 'value': 1008}]}"
1758988835,VERY_LONG,,1,45000000,,"{'id': 159602, 'context': 0, 'bonus_lists': [6655, 42, 1683], 'modifiers': [{'type': 9, 'value': 50}, {'type': 28, 'value': 186}]}"
1758988845,VERY_LONG,,1,25000000,,"{'id': 55881, 'context': 22}"
1758988847,VERY_LONG,20001600,2,,,{'id': 38851}
1758988853,VERY_LONG,,1,3807900,,"{'id': 36388, 'context': 22, 'bonus_lists': [1694]}"
1758988856,VERY_LONG,,1,10009900,,"{'id': 123892, 'context': 13, 'bonus_lists': [1683, 3392, 3408]}"
1758988861,VERY_LONG,,1,20005700,,"{'id': 15051, 'context': 0}"
1758988870,VERY_LONG,,1,4950000,,"{'id': 36107, 'context': 36, 'bonus_lists': [1691, 3850], 'modifiers': [{'type': 9, 'value': 50}]}"
1758988873,VERY_LONG,,1,10007400,,"{'id': 152828, 'context': 13, 'bonus_lists': [1682, 4927]}"
1758988903,VERY_LONG,18900,99,,,{'id': 172935}
1758988908,LONG,,1,5857200,,"{'id': 173220, 'context': 0, 'bonus_lists': [6893], 'modifiers': [{'type': 9, 'value': 60}, {'type': 28, 'value': 391}, {'type': 29, 'value': 49}, {'type': 30, 'value': 40}]}"
1758988925,VERY_LONG,,1,5984300,,"{'id': 173193, 'context': 0, 'bonus_lists': [6890], 'modifiers': [{'type': 9, 'value': 54}, {'type': 28, 'value': 391}, {'type': 29, 'value': 36}, {'type': 30, 'value': 40}]}"
1758988945,VERY_LONG,,1,25000000,,"{'id': 173222, 'context': 0, 'bonus_lists': [6893, 7180], 'modifiers': [{'type': 9, 'value': 60}, {'type': 28, 'value': 391}, {'type': 29, 'value': 36}, {'type': 30, 'value': 49}]}"
1758988957,VERY_LONG,,1,13081500,,"{'id': 82401, 'context': 0, 'bonus_lists': [1700]}"
1758988959,LONG,,1,2000000,,"{'id': 154695, 'context': 0}"
1758988960,LONG,,1,2000000,,"{'id': 154695, 'context': 0}"
1758988961,LONG,,1,2000000,,"{'id': 154695, 'context': 0}"
1758988962,LONG,,1,2000000,,"{'id': 154695, 'context': 0}"
1758988963,LONG,,1,2000000,,"{'id': 154695, 'context': 0}"
1758988965,VERY_LONG,,1,34895400,,"{'id': 93420, 'context': 0}"
1758988972,VERY_LONG,,1,2500000,,"{'id': 24688, 'context': 0, 'bonus_lists': [6654, 1708], 'modifiers': [{'type': 9, 'value': 30}, {'type': 28, 'value': 1008}]}"
1758988986,VERY_LONG,,1,2800600,,"{'id': 177769, 'context': 9, 'bonus_lists': [6907, 6652, 1682], 'modifiers': [{'type': 9, 'value': 60}, {'type': 28, 'value': 1429}]}"
1758988988,VERY_LONG,,1,4412700,,"{'id': 55576, 'context': 22, 'bonus_lists': [6654, 1707], 'modifiers': [{'type': 9, 'value': 35}, {'type': 28, 'value': 1110}]}"
1758989017,VERY_LONG,,1,25000000,,"{'id': 173216, 'context': 0, 'bonus_lists': [6893, 7180], 'modifiers': [{'type': 9, 'value': 60}, {'type': 28, 'value': 391}, {'type': 29, 'value': 36}, {'type': 30, 'value': 49}]}"
1758989044,VERY_LONG,19400,383,,,{'id': 172054}
1758989046,VERY_LONG,15000,1836,,,{'id': 179314}
1758989048,VERY_LONG,,1,15000000,,"{'id': 176791, 'context': 1, 'bonus_lists': [6907, 6652, 7194, 1707], 'modifiers': [{'type': 9, 'value': 60}, {'type': 28, 'value': 747}]}"
1758989051,VERY_LONG,500000,1435,,,{'id': 172053}
1758989057,VERY_LONG,300000,127,,,{'id': 172096}
1758990116,VERY_LONG,9290000,1,,,{'id': 172362}
1758990122,VERY_LONG,11174200,1,,,{'id': 172366}
1758990157,VERY_LONG,11174200,1,,,{'id': 172366}
1758990168,VERY_LONG,11174200,1,,,{'id': 172366}
1758990187,VERY_LONG,11174200,1,,,{'id': 172366}
1758990198,VERY_LONG,11174200,1,,,{'id': 172366}
1758990207,VERY_LONG,11174200,1,,,{'id': 172366}
1758990214,VERY_LONG,11174200,1,,,{'id': 172366}
1758990219,VERY_LONG,11174200,1,,,{'id': 172366}
1758990224,VERY_LONG,11174200,1,,,{'id': 172366}
1758990229,VERY_LONG,11174200,1,,,{'id': 172366}
1758990236,VERY_LONG,11174200,1,,,{'id': 172366}
1758990245,VERY_LONG,11174200,1,,,{'id': 172366}
1758990272,VERY_LONG,11174200,1,,,{'id': 172366}
1758990276,VERY_LONG,2000000,1,,,{'id': 41601}
1758990301,VERY_LONG,5709400,1,,,{'id': 172415}
1758990358,VERY_LONG,2754600,1,,,{'id': 118632}
1758990385,VERY_LONG,115500,1,,,{'id': 153487}
1758990407,VERY_LONG,47200,1,,,{'id': 180168}
1758990420,VERY_LONG,881300,1,,,{'id': 109599}
1758990438,VERY_LONG,3990000,20,,,{'id': 33874}
1758990456,VERY_LONG,52300,1,,,{'id': 109223}
1758990467,VERY_LONG,366000,1,,,{'id': 29451}
1758990494,VERY_LONG,29900,3,,,{'id': 27854}
1758990563,VERY_LONG,2500000,30,,,{'id': 152544}
1758990570,VERY_LONG,7425000,12,,,{'id': 21842}
1758990585,VERY_LONG,1283900,6,,,{'id': 21844}
1758990599,VERY_LONG,2500000,15,,,{'id': 41802}
1758990640,VERY_LONG,108500,2,,,{'id': 115504}
1758990658,VERY_LONG,3269400,1,,,{'id': 180055}
1758990675,VERY_LONG,2969800,13,,,{'id': 173037}
1758990761,VERY_LONG,,1,350000000,,"{'id': 69966, 'context': 5, 'modifiers': [{'type': 28, 'value': 1029}]}"
1758990775,VERY_LONG,,1,550000000,,"{'id': 24303, 'context': 0, 'modifiers': [{'type': 28, 'value': 1012}]}"
1758990807,VERY_LONG,,1,999999800,,"{'id': 16252, 'context': 0, 'modifiers': [{'type': 28, 'value': 35}]}"
1758990857,VERY_LONG,,1,150000000,,"{'id': 6275, 'context': 14}"
1758990918,VERY_LONG,,1,112500000,,"{'id': 24297, 'context': 2, 'modifiers': [{'type': 28, 'value': 1076}]}"
1758991014,VERY_LONG,,1,994800,,"{'id': 144457, 'context': 0}"
1758991420,VERY_LONG,,1,56873500,,"{'id': 153637, 'context': 13, 'bonus_lists': [1682]}"
1758991541,VERY_LONG,,1,16727700,,"{'id': 172254, 'context': 13, 'bonus_lists': [6893], 'modifiers': [{'type': 9, 'value': 60}, {'type': 28, 'value': 391}, {'type': 29, 'value': 36}, {'type': 30, 'value': 32}]}"
1758991544,VERY_LONG,,1,1486900,,"{'id': 14512, 'context': 1}"
1758991548,VERY_LONG,,1,19361300,,"{'id': 172255, 'context': 13, 'bonus_lists': [6893], 'modifiers': [{'type': 9, 'value': 60}, {'type': 28, 'value': 391}, {'type': 29, 'value': 49}, {'type': 30, 'value': 36}]}"
1758991550,LONG,4355100,2,,,{'id': 171290}
1758991552,LONG,20400,200,,,{'id': 173032}
1758991554,VERY_LONG,3578900,5,,,{'id': 172412}
1758991558,VERY_LONG,103900,5,,,{'id': 172357}
1758991560,LONG,1599000,3,,,{'id': 172232}
1758991566,VERY_LONG,503900,20,,,{'id': 172051}
1758991568,LONG,813200,5,,,{'id': 171289}
1758991571,VERY_LONG,,1,17889000,,"{'id': 184480, 'context': 0}"
1758991573,VERY_LONG,,1,17889000,,"{'id': 184480, 'context': 0}"
1758991576,VERY_LONG,,1,17889000,,"{'id': 184480, 'context': 0}"
1758991581,VERY_LONG,,1,17889000,,"{'id': 184480, 'context': 0}"
1758991583,VERY_LONG,,1,17889000,,"{'id': 184480, 'context': 0}"
1758991585,LONG,397000,10,,,{'id': 171286}
1758991588,VERY_LONG,13900,200,,,{'id': 74249}
1758991628,VERY_LONG,,1,32500000,,"{'id': 173131, 'context': 13, 'bonus_lists': [7180], 'modifiers': [{'type': 9, 'value': 55}, {'type': 29, 'value': 36}]}"
1758991664,VERY_LONG,,1,4125800,,"{'id': 173140, 'context': 13, 'bonus_lists': [3363]}"
1758991669,VERY_LONG,129900,1,,,{'id': 153713}
1758991675,VERY_LONG,1270000,1,,,{'id': 173123}
1758991681,VERY_LONG,506900,1,,,{'id': 153710}
1758991702,VERY_LONG,10510000,1,,,{'id': 173121}
1758991759,VERY_LONG,490000,6,,,{'id': 173124}
1758991804,VERY_LONG,250000,6394,,,{'id': 154164}
1758991816,VERY_LONG,250000,672,,,{'id': 168649}
1758991838,VERY_LONG,105000,1341,,,{'id': 152541}
1758991844,VERY_LONG,6390000,5,,,{'id': 173170}
1758991872,VERY_LONG,200000,186,,,{'id': 94288}
1758991879,VERY_LONG,23008800,1,,,{'id': 115526}
1758992000,VERY_LONG,37500,200,,,{'id': 109118}
1758992067,VERY_LONG,750000,1,,,{'id': 22574}
1758992079,VERY_LONG,,1,700000,,"{'id': 16048, 'context': 0}"
1758992082,VERY_LONG,,1,157451400,,"{'id': 21954, 'context': 14}"
1758993123,VERY_LONG,35000,715,,,{'id': 94288}
1758993211,LONG,704200,95,,,{'id': 171315}
1758993219,LONG,130000,299,,,{'id': 169701}
1758993227,LONG,725000,144,,,{'id': 168583}
1758993230,LONG,574200,5032,,,{'id': 168589}
1758993235,LONG,163800,8419,,,{'id': 171830}
1758993241,LONG,15000,2,,,{'id': 179314}
1758993245,LONG,189900,1682,,,{'id': 171832}
1758993258,LONG,70000,60,,,{'id': 171841}
1758993265,LONG,300,241,,,{'id': 171840}
1758993270,LONG,10000,8,,,{'id': 172052}
1758993275,LONG,19400,3,,,{'id': 172054}
1758993279,LONG,94000,1204,,,{'id': 171828}
1758993509,VERY_LONG,,1,499950000,,"{'id': 95416, 'context': 0, 'modifiers': [{'type': 28, 'value': 872}]}"
1758993536,VERY_LONG,2799100,5,,,{'id': 172411}
1758993539,VERY_LONG,18996000,1,,,{'id': 173067}
1758993553,VERY_LONG,11174200,4,,,{'id': 172366}
1758993556,VERY_LONG,265800,1,,,{'id': 104122}
1758993603,LONG,130000,7019,,,{'id': 169701}
1758993613,LONG,70000,182,,,{'id': 171841}
1758993622,LONG,163800,3032,,,{'id': 171830}
1758993629,LONG,574200,909,,,{'id': 168589}
1758993633,VERY_LONG,1002500,1,,,{'id': 87277}
1758993635,VERY_LONG,42217900,1,,,{'id': 137287}
1758993637,VERY_LONG,2109300,4,,,{'id': 80587}
1758993638,VERY_LONG,8997900,2,,,{'id': 173162}
1758993640,VERY_LONG,1038700,5,,,{'id': 104120}
1758993641,LONG,15000,87,,,{'id': 179314}
1758993642,VERY_LONG,96488800,1,,,{'id': 139311}
1758993643,VERY_LONG,2500000,5,,,{'id': 43369}
1758993644,VERY_LONG,450000,5,,,{'id': 104127}
1758993645,VERY_LONG,1703900,5,,,{'id': 77101}
1758993646,VERY_LONG,17500000,5,,,{'id': 173161}
1758993649,VERY_LONG,997000,5,,,{'id': 85221}
1758993740,VERY_LONG,,1,15000100,,"{'id': 82800, 'context': 0, 'modifiers': [{'type': 6, 'value': 58770}], 'pet_breed_id': 14, 'pet_level': 1, 'pet_quality_id': 3, 'pet_species_id': 1467}"
1758993830,VERY_LONG,,1,19950000,,"{'id': 82800, 'context': 0, 'modifiers': [{'type': 6, 'value': 60975}], 'pet_breed_id': 13, 'pet_level': 6, 'pet_quality_id': 3, 'pet_species_id': 1600}"
1758993863,VERY_LONG,,1,19950100,,"{'id': 82800, 'context': 0, 'modifiers': [{'type': 6, 'value': 38310}], 'pet_breed_id': 14, 'pet_level': 1, 'pet_quality_id': 3, 'pet_species_id': 1693}"
1758993906,VERY_LONG,,1,12950100,,"{'id': 82800, 'context': 0, 'modifiers': [{'type': 6, 'value': 45878}], 'pet_breed_id': 9, 'pet_level': 1, 'pet_quality_id': 3, 'pet_species_id': 293}"
1758993948,VERY_LONG,,1,2004100,,"{'id': 82800, 'context': 0, 'modifiers': [{'type': 6, 'value': 40155}], 'pet_breed_id': 6, 'pet_level': 1, 'pet_quality_id': 3, 'pet_species_id': 2579}"
1758994029,VERY_LONG,2177000,3,,,{'id': 172437}
1758994030,VERY_LONG,490000,9,,,{'id': 173124}
1758994032,VERY_LONG,399000,3,,,{'id': 172416}
1758994035,VERY_LONG,2725200,1,,,{'id': 42751}
1758994041,VERY_LONG,1038700,1,,,{'id': 104120}
1758994044,VERY_LONG,2747000,2,,,{'id': 172410}
1758995148,VERY_LONG,,1,19950100,,"{'id': 104209, 'context': 0}"
1758995169,VERY_LONG,,1,15007300,,"{'id': 14639, 'context': 14}"
1758995191,VERY_LONG,,1,14950100,,"{'id': 52383, 'context': 5, 'modifiers': [{'type': 28, 'value': 1029}]}"
1758995218,VERY_LONG,9880000,14,,,{'id': 172042}
1758995219,VERY_LONG,1007800,100,,,{'id': 172041}
1758995220,VERY_LONG,,1,17889000,,"{'id': 184480, 'context': 0}"
1758995222,VERY_LONG,,1,17889000,,"{'id': 184480, 'context': 0}"
1758995224,VERY_LONG,,1,17889000,,"{'id': 184480, 'context': 0}"
1758995225,VERY_LONG,,1,4952900,,"{'id': 18648, 'context': 14}"
1758995227,VERY_LONG,,1,17889000,,"{'id': 184480, 'context': 0}"
1758995230,VERY_LONG,,1,17889000,,"{'id': 184480, 'context': 0}"
1758995234,VERY_LONG,503900,85,,,{'id': 172051}
1758996029,LONG,130000,50,,,{'id': 169701}
1758996064,LONG,39900,1,,,{'id': 179315}
1758996068,LONG,2900,1,,,{'id': 172052}
1758998017,VERY_LONG,1599000,1,,,{'id': 172232}
1758998024,VERY_LONG,130000,3,,,{'id': 169701}
1758998028,VERY_LONG,640000,8,,,{'id': 172231}
1758998071,VERY_LONG,108800,24,,,{'id': 152512}
1758998075,VERY_LONG,64900,11,,,{'id': 152579}
1758998082,VERY_LONG,500600,20,,,{'id': 53065}
1758999124,VERY_LONG,19899900,2,,,{'id': 172043}
1758999140,VERY_LONG,94000,50,,,{'id': 171828}
1758999149,VERY_LONG,20400,50,,,{'id': 173032}
1758999168,VERY_LONG,449400,50,,,{'id': 173034}
1758999333,VERY_LONG,,1,2730900,2594400,"{'id': 172923, 'context': 13, 'modifiers': [{'type': 29, 'value': 32}, {'type': 30, 'value': 36}]}"
1758999337,VERY_LONG,,1,15141100,14384000,"{'id': 25025, 'context': 0, 'bonus_lists': [6654, 1705], 'modifiers': [{'type': 9, 'value': 30}, {'type': 28, 'value': 1015}]}"
1758999341,VERY_LONG,,1,5083000,4828900,"{'id': 24998, 'context': 0, 'bonus_lists': [6654, 1705], 'modifiers': [{'type': 9, 'value': 30}, {'type': 28, 'value': 1015}]}"
1758999345,VERY_LONG,,1,5657200,5374300,"{'id': 25096, 'context': 0, 'bonus_lists': [6655, 1677], 'modifiers': [{'type': 9, 'value': 30}, {'type': 28, 'value': 1015}]}"
1758999347,VERY_LONG,,1,27848100,26455700,"{'id': 24886, 'context': 0, 'bonus_lists': [6654, 1695], 'modifiers': [{'type': 9, 'value': 30}, {'type': 28, 'value': 1015}]}"
1758999350,VERY_LONG,,1,4845300,4603000,"{'id': 25068, 'context': 0, 'bonus_lists': [6654, 1705], 'modifiers': [{'type': 9, 'value': 30}, {'type': 28, 'value': 1015}]}"
1758999353,VERY_LONG,,1,5307300,5041900,"{'id': 24890, 'context': 0, 'bonus_lists': [6654, 1709], 'modifiers': [{'type': 9, 'value': 30}, {'type': 28, 'value': 1015}]}"
1758999355,VERY_LONG,,1,5848200,5555800,"{'id': 24890, 'context': 0, 'bonus_lists': [6654, 1677], 'modifiers': [{'type': 9, 'value': 30}, {'type': 28, 'value': 1015}]}"
1758999356,VERY_LONG,,1,8990000,8540500,"{'id': 114821, 'context': 0}"
1758999360,VERY_LONG,,1,1805300,1715000,"{'id': 24804, 'context': 0, 'bonus_lists': [6654, 1691], 'modifiers': [{'type': 9, 'value': 30}, {'type': 28, 'value': 1015}]}"
1758999361,VERY_LONG,,1,118000,112100,"{'id': 25057, 'context': 0, 'bonus_lists': [6654, 1681], 'modifiers': [{'type': 9, 'value': 30}, {'type': 28, 'value': 1015}]}"
1758999363,VERY_LONG,,1,898200,853300,"{'id': 25054, 'context': 0, 'bonus_lists': [6654, 1707], 'modifiers': [{'type': 9, 'value': 30}, {'type': 28, 'value': 1015}]}"
1758999369,VERY_LONG,,1,7415800,7045000,"{'id': 24780, 'context': 0, 'bonus_lists': [6654, 1691], 'modifiers': [{'type': 9, 'value': 30}, {'type': 28, 'value': 1015}]}"
1758999395,VERY_LONG,7190000,435,,,{'id': 172097}
1758999409,VERY_LONG,3500000,95,,,{'id': 172347}
1758999417,VERY_LONG,789000,288,,,{'id': 172045}
1758999431,VERY_LONG,21100,833,,,{'id': 172092}
1759002275,LONG,39900,1,,,{'id': 179315}
1759002284,LONG,15000,1,,,{'id': 179314}
1759002293,LONG,,1,4004400,,"{'id': 177810, 'context': 0, 'bonus_lists': [6908, 6652, 1709], 'modifiers': [{'type': 9, 'value': 60}, {'type': 28, 'value': 1707}]}"
1759002696,VERY_LONG,,1,517000000,,"{'id': 172325, 'context': 66, 'bonus_lists': [6758, 7193, 1532]}"
1759002697,VERY_LONG,,1,517000000,,"{'id': 172325, 'context': 66, 'bonus_lists': [6758, 7194, 1532]}"
1759002699,VERY_LONG,,1,448740000,,"{'id': 172318, 'context': 65, 'bonus_lists': [6718, 1522]}"
1759002707,VERY_LONG,,1,448740000,,"{'id': 172318, 'context': 65, 'bonus_lists': [6718, 1522]}"
1759002709,VERY_LONG,,1,519870000,,"{'id': 172318, 'context': 66, 'bonus_lists': [6758, 1532]}"
1759002711,VERY_LONG,,1,434310000,,"{'id': 172317, 'context': 65, 'bonus_lists': [6718, 7193, 1522]}"
1759002718,VERY_LONG,,1,199991100,,"{'id': 172317, 'context': 63, 'bonus_lists': [6716, 7193, 1487]}"
1759002724,VERY_LONG,,1,360269200,,"{'id': 171414, 'context': 65, 'bonus_lists': [6718, 1522]}"
1759002725,VERY_LONG,,1,42400000,,"{'id': 171414, 'context': 63, 'bonus_lists': [6716, 1487]}"
1759002729,VERY_LONG,,1,42400000,,"{'id': 171414, 'context': 63, 'bonus_lists': [6716, 1487]}"
1759002732,VERY_LONG,8997900,8,,,{'id': 173162}
1759002734,LONG,,1,350000000,,"{'id': 183008, 'context': 3, 'bonus_lists': [7189, 6652, 1472, 6646], 'modifiers': [{'type': 28, 'value': 751}]}"
1759002739,VERY_LONG,8710000,8,,,{'id': 173163}
1759002742,VERY_LONG,,1,320000000,,"{'id': 172328, 'context': 65, 'bonus_lists': [6718, 7193, 1522]}"
1759002745,VERY_LONG,,1,320000000,,"{'id': 172328, 'context': 65, 'bonus_lists': [6718, 7193, 1522]}"
1759002746,VERY_LONG,,1,999990000,,"{'id': 172328, 'context': 66, 'bonus_lists': [6758, 7194, 1532]}"
1759002747,VERY_LONG,,1,144400000,,"{'id': 172328, 'context': 63, 'bonus_lists': [6716, 7193, 1487]}"
1759002749,VERY_LONG,,1,144400000,,"{'id': 172328, 'context': 63, 'bonus_lists': [6716, 7194, 1487]}"
1759002750,VERY_LONG,,1,169870000,,"{'id': 172328, 'context': 64, 'bonus_lists': [6717, 7193, 1507]}"
1759002754,VERY_LONG,10986000,7,,,{'id': 173160}
1759002756,VERY_LONG,,1,234310000,,"{'id': 172326, 'context': 64, 'bonus_lists': [6717, 1507]}"
1759002759,VERY_LONG,,1,504711300,,"{'id': 172326, 'context': 66, 'bonus_lists': [6758, 1532]}"
1759002760,VERY_LONG,,1,289860000,,"{'id': 172326, 'context': 65, 'bonus_lists': [6718, 1522]}"
1759002762,VERY_LONG,,1,370310000,,"{'id': 172323, 'context': 65, 'bonus_lists': [6718, 1522]}"
1759002765,VERY_LONG,,1,289000000,,"{'id': 172322, 'context': 65, 'bonus_lists': [6718, 1522]}"
1759002768,VERY_LONG,,1,999990000,,"{'id': 172322, 'context': 66, 'bonus_lists': [6758, 1532]}"
1759002770,VERY_LONG,,1,999990000,,"{'id': 172322, 'context': 66, 'bonus_lists': [6758, 1532]}"
1759002771,VERY_LONG,,1,179870000,,"{'id': 172324, 'context': 64, 'bonus_lists': [6717, 1507]}"
1759002773,VERY_LONG,,1,499990000,,"{'id': 172324, 'context': 65, 'bonus_lists': [6718, 1522]}"
1759002775,VERY_LONG,,1,999990000,,"{'id': 172324, 'context': 66, 'bonus_lists': [6758, 1532]}"
1759002778,VERY_LONG,,1,999990000,,"{'id': 172324, 'context': 66, 'bonus_lists': [6758, 1532]}"
1759002779,VERY_LONG,,1,883860100,,"{'id': 171416, 'context': 66, 'bonus_lists': [6758, 1532]}"
1759002781,VERY_LONG,,1,591051800,,"{'id': 171416, 'context': 65, 'bonus_lists': [6718, 1522]}"
1759002784,VERY_LONG,,1,781361800,,"{'id': 172320, 'context': 65, 'bonus_lists': [6718, 7194, 1522]}"
1759002788,VERY_LONG,,1,800000000,,"{'id': 172320, 'context': 66, 'bonus_lists': [6758, 7194, 1532]}"
1759002789,VERY_LONG,,1,167512300,,"{'id': 172320, 'context': 64, 'bonus_lists': [6717, 7194, 1507]}"
1759002792,VERY_LONG,,1,111767200,,"{'id': 172320, 'context': 63, 'bonus_lists': [6716, 7194, 1487]}"
1759002795,VERY_LONG,,1,439830000,,"{'id': 172319, 'context': 66, 'bonus_lists': [6758, 1532]}"
1759002798,VERY_LONG,,1,999990000,,"{'id': 172314, 'context': 66, 'bonus_lists': [6758, 1532]}"
1759002803,VERY_LONG,,1,1078009300,,"{'id': 171412, 'context': 66, 'bonus_lists': [6758, 1532]}"
1759002804,VERY_LONG,,1,43580000,,"{'id': 171415, 'context': 63, 'bonus_lists': [6716, 7194, 1487]}"
1759002807,VERY_LONG,,1,99960000,,"{'id': 171415, 'context': 64, 'bonus_lists': [6717, 7194, 1507]}"
1759002810,VERY_LONG,,1,999990000,,"{'id': 172329, 'context': 66, 'bonus_lists': [6758, 7194, 1532]}"
1759002812,VERY_LONG,,1,999990000,,"{'id': 172329, 'context': 66, 'bonus_lists': [6758, 7193, 1532]}"
1759002814,VERY_LONG,,1,168630000,,"{'id': 172329, 'context': 64, 'bonus_lists': [6717, 7193, 1507]}"
1759002815,VERY_LONG,,1,171505600,,"{'id': 171413, 'context': 64, 'bonus_lists': [6717, 1507]}"
1759002817,VERY_LONG,,1,250000000,,"{'id': 172316, 'context': 65, 'bonus_lists': [6718, 1522]}"
1759002820,VERY_LONG,,1,435000000,,"{'id': 172315, 'context': 66, 'bonus_lists': [6758, 1532]}"
1759002892,VERY_LONG,,1,499950000,,"{'id': 95416, 'context': 0, 'modifiers': [{'type': 28, 'value': 872}]}"
1759002969,VERY_LONG,,1,519870000,,"{'id': 172318, 'context': 66, 'bonus_lists': [6758, 1532]}"
1759002970,VERY_LONG,,1,234319900,,"{'id': 172318, 'context': 64, 'bonus_lists': [6717, 1507]}"
1759002971,VERY_LONG,,1,400000000,,"{'id': 172321, 'context': 66, 'bonus_lists': [6758, 7194, 1532]}"
1759002973,VERY_LONG,,1,204780000,,"{'id': 172321, 'context': 65, 'bonus_lists': [6718, 7193, 1522]}"
1759002977,VERY_LONG,,1,120462200,,"{'id': 171415, 'context': 65, 'bonus_lists': [6718, 7193, 1522]}"
1759002979,VERY_LONG,,1,120462200,,"{'id': 171415, 'context': 65, 'bonus_lists': [6718, 7193, 1522]}"
1759002980,VERY_LONG,,1,360269200,,"{'id': 171414, 'context': 65, 'bonus_lists': [6718, 1522]}"
1759002981,VERY_LONG,,1,1078009300,,"{'id': 171412, 'context': 66, 'bonus_lists': [6758, 1532]}"
1759002984,VERY_LONG,,1,234310000,,"{'id': 172326, 'context': 64, 'bonus_lists': [6717, 1507]}"
1759002986,VERY_LONG,,1,504711300,,"{'id': 172326, 'context': 66, 'bonus_lists': [6758, 1532]}"
1759002987,VERY_LONG,,1,289860000,,"{'id': 172326, 'context': 65, 'bonus_lists': [6718, 1522]}"
1759002989,VERY_LONG,,1,370310000,,"{'id': 172323, 'context': 65, 'bonus_lists': [6718, 1522]}"
1759002991,VERY_LONG,,1,350000000,,"{'id': 172327, 'context': 65, 'bonus_lists': [6718, 1522]}"
1759002995,VERY_LONG,,1,304310000,,"{'id': 172315, 'context': 65, 'bonus_lists': [6718, 1522]}"
1759002996,VERY_LONG,,1,435000000,,"{'id': 172315, 'context': 66, 'bonus_lists': [6758, 1532]}"
1759002998,VERY_LONG,,1,591051800,,"{'id': 171416, 'context': 65, 'bonus_lists': [6718, 1522]}"
1759003002,VERY_LONG,,1,290000000,,"{'id': 172322, 'context': 64, 'bonus_lists': [6717, 1507]}"
1759003003,VERY_LONG,,1,435840000,,"{'id': 172316, 'context': 66, 'bonus_lists': [6758, 1532]}"
1759003004,VERY_LONG,,1,250000000,,"{'id': 172316, 'context': 65, 'bonus_lists': [6718, 1522]}"
1759003007,VERY_LONG,,1,439830000,,"{'id': 172319, 'context': 66, 'bonus_lists': [6758, 1532]}"
1759003008,VERY_LONG,,1,999990000,,"{'id': 172328, 'context': 66, 'bonus_lists': [6758, 7193, 1532]}"
1759003009,VERY_LONG,,1,169870000,,"{'id': 172328, 'context': 64, 'bonus_lists': [6717, 7194, 1507]}"
1759003017,VERY_LONG,,1,322940700,,"{'id': 172314, 'context': 65, 'bonus_lists': [6718, 1522]}"
1759004158,VERY_LONG,,1,172301900,,"{'id': 171414, 'context': 64, 'bonus_lists': [6717, 1507]}"
1759004160,VERY_LONG,,1,38000000,,"{'id': 171412, 'context': 63, 'bonus_lists': [6716, 1487]}"
1759004162,VERY_LONG,,1,206980000,,"{'id': 172329, 'context': 65, 'bonus_lists': [6718, 7193, 1522]}"
1759004168,VERY_LONG,,1,171505600,,"{'id': 171413, 'context': 64, 'bonus_lists': [6717, 1507]}"
1759004170,VERY_LONG,,1,289000000,,"{'id': 172322, 'context': 65, 'bonus_lists': [6718, 1522]}"
1759004173,VERY_LONG,,1,43580000,,"{'id': 171415, 'context': 63, 'bonus_lists': [6716, 7193, 1487]}"
1759004175,VERY_LONG,,1,99960000,,"{'id': 171415, 'context': 64, 'bonus_lists': [6717, 7193, 1507]}"
1759004314,VERY_LONG,,1,434310000,,"{'id': 172317, 'context': 65, 'bonus_lists': [6718, 7194, 1522]}"
1759004317,VERY_LONG,,1,199991100,,"{'id': 172317, 'context': 63, 'bonus_lists': [6716, 7194, 1487]}"
1759004318,VERY_LONG,,1,499990000,,"{'id': 172324, 'context': 65, 'bonus_lists': [6718, 1522]}"
1759004320,VERY_LONG,,1,179870000,,"{'id': 172324, 'context': 64, 'bonus_lists': [6717, 1507]}"
1759004321,VERY_LONG,,1,38000000,,"{'id': 171412, 'context': 63, 'bonus_lists': [6716, 1487]}"
1759004322,VERY_LONG,,1,781361800,,"{'id': 172320, 'context': 65, 'bonus_lists': [6718, 7193, 1522]}"
1759004325,VERY_LONG,,1,800000000,,"{'id': 172320, 'context': 66, 'bonus_lists': [6758, 7193, 1532]}"
1759004326,VERY_LONG,,1,167512300,,"{'id': 172320, 'context': 64, 'bonus_lists': [6717, 7194, 1507]}"
1759004329,VERY_LONG,,1,111767200,,"{'id': 172320, 'context': 63, 'bonus_lists': [6716, 7193, 1487]}"
1759004330,VERY_LONG,,1,206980000,,"{'id': 172329, 'context': 65, 'bonus_lists': [6718, 7194, 1522]}"
1759004454,VERY_LONG,439990000,10,,,{'id': 17771}
1759004857,VERY_LONG,,1,1200007600,,"{'id': 184805, 'context': 0, 'bonus_lists': [6652, 1472, 6646], 'modifiers': [{'type': 28, 'value': 1707}]}"
1759004899,VERY_LONG,100000000,2,,,{'id': 139312}
1759005045,LONG,,1,5161400,,"{'id': 177800, 'context': 0, 'bonus_lists': [6908, 6652, 1689], 'modifiers': [{'type': 9, 'value': 60}, {'type': 28, 'value': 2060}]}"
1759006170,VERY_LONG,94000,6,,,{'id': 171828}
1759006177,LONG,,1,1900000,,"{'id': 82800, 'context': 0, 'modifiers': [{'type': 6, 'value': 94166}], 'pet_breed_id': 18, 'pet_level': 1, 'pet_quality_id': 3, 'pet_species_id': 2797}"
1759006180,VERY_LONG,300,6,,,{'id': 171840}
1759006182,LONG,,1,5500000,,"{'id': 82800, 'context': 0, 'modifiers': [{'type': 6, 'value': 95171}], 'pet_breed_id': 4, 'pet_level': 1, 'pet_quality_id': 3, 'pet_species_id': 2842}"
1759006185,VERY_LONG,2900,18,,,{'id': 172052}
1759006188,LONG,15000,1,,,{'id': 179314}
1759006192,LONG,,1,1900000,,"{'id': 82800, 'context': 0, 'modifiers': [{'type': 6, 'value': 94166}], 'pet_breed_id': 18, 'pet_level': 1, 'pet_quality_id': 3, 'pet_species_id': 2797}"
1759006193,VERY_LONG,15000,11,,,{'id': 179314}
1759006196,LONG,,1,31110000,,"{'id': 82800, 'context': 0, 'modifiers': [{'type': 6, 'value': 94714}], 'pet_breed_id': 14, 'pet_level': 1, 'pet_quality_id': 3, 'pet_species_id': 2841}"
1759006197,VERY_LONG,449400,9,,,{'id': 173034}
1759006204,LONG,,1,564700,,"{'id': 176784, 'context': 0, 'bonus_lists': [6907, 6652, 1692], 'modifiers': [{'type': 9, 'value': 60}, {'type': 28, 'value': 2060}]}"
1759006205,VERY_LONG,60000,12,,,{'id': 172089}
1759006206,LONG,,1,31110000,,"{'id': 82800, 'context': 0, 'modifiers': [{'type': 6, 'value': 94714}], 'pet_breed_id': 14, 'pet_level': 1, 'pet_quality_id': 3, 'pet_species_id': 2841}"
1759006209,LONG,,1,38780000,,"{'id': 82800, 'context': 0, 'modifiers': [{'type': 6, 'value': 94706}], 'pet_breed_id': 6, 'pet_level': 1, 'pet_quality_id': 3, 'pet_species_id': 2833}"
1759006212,LONG,,1,19990000,,"{'id': 82800, 'context': 0, 'modifiers': [{'type': 6, 'value': 95152}], 'pet_breed_id': 13, 'pet_level': 1, 'pet_quality_id': 3, 'pet_species_id': 2796}"
1759006217,LONG,,1,106000000,,"{'id': 82800, 'context': 0, 'modifiers': [{'type': 6, 'value': 68845}], 'pet_breed_id': 3, 'pet_level': 1, 'pet_quality_id': 3, 'pet_species_id': 1929}"
1759006220,LONG,1410000,8,,,{'id': 171292}
1759006221,VERY_LONG,1599000,6,,,{'id': 172232}
1759006225,LONG,,1,7479900,,"{'id': 82800, 'context': 0, 'modifiers': [{'type': 6, 'value': 94713}], 'pet_breed_id': 14, 'pet_level': 1, 'pet_quality_id': 3, 'pet_species_id': 2840}"
1759006227,VERY_LONG,169900,1,,,{'id': 171832}
1759006230,VERY_LONG,2969800,7,,,{'id': 173037}
1759006231,LONG,813200,8,,,{'id': 171289}
1759006233,VERY_LONG,299900,1,,,{'id': 171829}
1759006234,LONG,4355100,8,,,{'id': 171290}
1759006237,VERY_LONG,39400,10,,,{'id': 172055}
1759006239,LONG,,1,40000000,,"{'id': 82800, 'context': 0, 'modifiers': [{'type': 6, 'value': 90173}], 'pet_breed_id': 11, 'pet_level': 1, 'pet_quality_id': 3, 'pet_species_id': 2552}"
1759006241,VERY_LONG,212300,1,,,{'id': 171831}
1759006243,LONG,,1,19000000,,"{'id': 82800, 'context': 0, 'modifiers': [{'type': 6, 'value': 86463}], 'pet_breed_id': 18, 'pet_level': 1, 'pet_quality_id': 3, 'pet_species_id': 2457}"
1759006247,VERY_LONG,19600,6,,,{'id': 172092}
1759006249,LONG,,1,8210400,,"{'id': 176795, 'context': 23, 'bonus_lists': [6908, 6652, 1701], 'modifiers': [{'type': 9, 'value': 60}, {'type': 28, 'value': 749}]}"
1759006254,VERY_LONG,150200,16,,,{'id': 172230}
1759006257,VERY_LONG,70000,6,,,{'id': 171841}
1759006258,VERY_LONG,63300,11,,,{'id': 173035}
1759006261,VERY_LONG,20400,10,,,{'id': 173032}
1759006264,VERY_LONG,19400,6,,,{'id': 172054}
1759006265,VERY_LONG,300000,1,,,{'id': 172096}
1759006270,VERY_LONG,909500,1,,,{'id': 171833}
1759006285,LONG,,1,10003100,,"{'id': 178950, 'context': 17, 'bonus_lists': [6908, 6652, 1684], 'modifiers': [{'type': 9, 'value': 54}, {'type': 28, 'value': 747}]}"
1759006290,LONG,,1,5500000,,"{'id': 82800, 'context': 0, 'modifiers': [{'type': 6, 'value': 95171}], 'pet_breed_id': 4, 'pet_level': 1, 'pet_quality_id': 3, 'pet_species_id': 2842}"
1759006293,LONG,,1,500000,,"{'id': 82800, 'context': 0, 'modifiers': [{'type': 6, 'value': 94712}], 'pet_breed_id': 8, 'pet_level': 1, 'pet_quality_id': 3, 'pet_species_id': 2839}"
1759006296,LONG,,1,7479900,,"{'id': 82800, 'context': 0, 'modifiers': [{'type': 6, 'value': 94713}], 'pet_breed_id': 14, 'pet_level': 1, 'pet_quality_id': 3, 'pet_species_id': 2840}"
1759006300,LONG,,1,19000000,,"{'id': 82800, 'context': 0, 'modifiers': [{'type': 6, 'value': 86463}], 'pet_breed_id': 18, 'pet_level': 1, 'pet_quality_id': 3, 'pet_species_id': 2457}"
1759006302,LONG,,1,164500000,,"{'id': 82800, 'context': 0, 'modifiers': [{'type': 6, 'value': 48651}], 'pet_breed_id': 8, 'pet_level': 1, 'pet_quality_id': 3, 'pet_species_id': 1237}"
1759006912,VERY_LONG,1479800,2,,,{'id': 74707}
1759006913,VERY_LONG,4669800,5,,,{'id': 74727}
1759006925,VERY_LONG,1889200,4,,,{'id': 74709}
1759006927,LONG,503900,99,,,{'id': 172051}
1759006929,VERY_LONG,890000,1,,,{'id': 110619}
1759006930,VERY_LONG,1186600,2,,,{'id': 74700}
1759006933,VERY_LONG,3000000,1,,,{'id': 177659}
1759006934,VERY_LONG,2450000,1,,,{'id': 41100}
1759006936,VERY_LONG,1889300,3,,,{'id': 74716}
1759006948,VERY_LONG,553900,2,,,{'id': 74715}
1759006950,VERY_LONG,3999700,3,,,{'id': 172364}
1759006954,LONG,3842800,40,,,{'id': 171270}
1759006956,VERY_LONG,749700,1,,,{'id': 74710}
1759006958,VERY_LONG,9290000,2,,,{'id': 172362}
1759006959,VERY_LONG,5709400,3,,,{'id': 172415}
1759006962,VERY_LONG,3578900,3,,,{'id': 172412}
1759006964,LONG,1007800,55,,,{'id': 172041}
1759006967,VERY_LONG,,1,17889000,,"{'id': 184480, 'context': 0}"
1759006969,VERY_LONG,,1,17889000,,"{'id': 184480, 'context': 0}"
1759006972,VERY_LONG,,1,17889000,,"{'id': 184480, 'context': 0}"
1759006976,VERY_LONG,2000000,1,,,{'id': 41601}
1759006980,VERY_LONG,248900,3,,,{'id': 74720}
1759006981,VERY_LONG,3689800,3,,,{'id': 74717}
1759006983,VERY_LONG,1889400,5,,,{'id': 74706}
1759006985,VERY_LONG,1612700,1,,,{'id': 74718}
1759006986,LONG,789000,82,,,{'id': 172045}
1759006988,VERY_LONG,4879800,4,,,{'id': 89737}
1759008213,VERY_LONG,,1,303565400,,"{'id': 171413, 'context': 66, 'bonus_lists': [6758, 1532]}"
1759008214,VERY_LONG,,1,303565400,,"{'id': 171413, 'context': 66, 'bonus_lists': [6758, 1532]}"
1759008215,VERY_LONG,,1,395987700,,"{'id': 171417, 'context': 66, 'bonus_lists': [6758, 1532]}"
1759008217,VERY_LONG,,1,395987700,,"{'id': 171417, 'context': 66, 'bonus_lists': [6758, 1532]}"
1759008219,VERY_LONG,,1,201106800,,"{'id': 171418, 'context': 66, 'bonus_lists': [6758, 7193, 1532]}"
1759008220,VERY_LONG,,1,250003200,,"{'id': 171415, 'context': 66, 'bonus_lists': [6758, 7194, 1532]}"
1759008221,VERY_LONG,,1,250003200,,"{'id': 171415, 'context': 66, 'bonus_lists': [6758, 7193, 1532]}"
1759008222,VERY_LONG,,1,365875200,,"{'id': 171419, 'context': 66, 'bonus_lists': [6758, 7193, 1532]}"
1759008223,VERY_LONG,,1,365875200,,"{'id': 171419, 'context': 66, 'bonus_lists': [6758, 7193, 1532]}"
1759008225,VERY_LONG,,1,883860100,,"{'id': 171416, 'context': 66, 'bonus_lists': [6758, 1532]}"
1759008226,VERY_LONG,,1,201106800,,"{'id': 171414, 'context': 66, 'bonus_lists': [6758, 1532]}"
1759008255,VERY_LONG,,1,100522600,,"{'id': 171412, 'context': 64, 'bonus_lists': [6717, 1507]}"
1759008256,VERY_LONG,,1,100522600,,"{'id': 171412, 'context': 64, 'bonus_lists': [6717, 1507]}"
1759008257,VERY_LONG,,1,135000000,,"{'id': 171416, 'context': 64, 'bonus_lists': [6717, 1507]}"
1759008258,VERY_LONG,,1,135000000,,"{'id': 171416, 'context': 64, 'bonus_lists': [6717, 1507]}"
1759008307,VERY_LONG,,1,84490000,,"{'id': 171416, 'context': 63, 'bonus_lists': [6716, 1487]}"
1759008309,VERY_LONG,,1,84490000,,"{'id': 171416, 'context': 63, 'bonus_lists': [6716, 1487]}"
1759008311,VERY_LONG,,1,69990000,,"{'id': 171418, 'context': 63, 'bonus_lists': [6716, 7194, 1487]}"
1759008312,VERY_LONG,,1,69990000,,"{'id': 171418, 'context': 63, 'bonus_lists': [6716, 7193, 1487]}"
1759008345,VERY_LONG,39900,1,,,{'id': 179315}
1759008347,VERY_LONG,94000,12,,,{'id': 171828}
1759008350,VERY_LONG,169900,6,,,{'id': 171832}
1759008397,VERY_LONG,60000,6,,,{'id': 172089}
1759008401,VERY_LONG,19600,12,,,{'id': 172092}
1759008407,VERY_LONG,300000,3,,,{'id': 172096}
1759008412,VERY_LONG,20400,4,,,{'id': 173032}
1759008416,VERY_LONG,63300,10,,,{'id': 173035}
1759008420,VERY_LONG,2969800,2,,,{'id': 173037}
1759008421,VERY_LONG,2900,3,,,{'id': 172052}
1759008426,VERY_LONG,19400,4,,,{'id': 172054}
1759008432,VERY_LONG,39400,3,,,{'id': 172055}
1759008455,VERY_LONG,405000,10,,,{'id': 168586}
1759008473,VERY_LONG,494700,1,,,{'id': 171268}
1759008483,VERY_LONG,173500,3,,,{'id': 152495}
1759008625,VERY_LONG,,1,449870000,,"{'id': 172323, 'context': 66, 'bonus_lists': [6758, 1532]}"
1759008626,VERY_LONG,,1,449870000,,"{'id': 172323, 'context': 66, 'bonus_lists': [6758, 1532]}"
1759008627,VERY_LONG,,1,520007100,,"{'id': 172317, 'context': 66, 'bonus_lists': [6758, 7193, 1532]}"
1759008628,VERY_LONG,,1,520007100,,"{'id': 172317, 'context': 66, 'bonus_lists': [6758, 7194, 1532]}"
1759008630,VERY_LONG,,1,410000000,,"{'id': 172327, 'context': 66, 'bonus_lists': [6758, 1532]}"
1759008631,VERY_LONG,,1,169999900,,"{'id': 172316, 'context': 63, 'bonus_lists': [6716, 1487]}"
1759008632,VERY_LONG,,1,169999900,,"{'id': 172316, 'context': 63, 'bonus_lists': [6716, 1487]}"
1759008755,VERY_LONG,,1,37990000,,"{'id': 172327, 'context': 63, 'bonus_lists': [6716, 1487]}"
1759008757,VERY_LONG,,1,37990000,,"{'id': 172327, 'context': 63, 'bonus_lists': [6716, 1487]}"
1759008758,VERY_LONG,,1,37990000,,"{'id': 172327, 'context': 63, 'bonus_lists': [6716, 1487]}"
1759008759,VERY_LONG,,1,37990000,,"{'id': 172327, 'context': 63, 'bonus_lists': [6716, 1487]}"
1759008761,VERY_LONG,,1,37990000,,"{'id': 172327, 'context': 63, 'bonus_lists': [6716, 1487]}"
1759008772,VERY_LONG,,1,29878400,,"{'id': 173244, 'context': 64, 'bonus_lists': [6717, 1507]}"
1759008773,VERY_LONG,,1,29878400,,"{'id': 173244, 'context': 64, 'bonus_lists': [6717, 1507]}"
1759008775,VERY_LONG,,1,29878400,,"{'id': 173244, 'context': 64, 'bonus_lists': [6717, 1507]}"
1759008778,VERY_LONG,,1,29878400,,"{'id': 173244, 'context': 64, 'bonus_lists': [6717, 1507]}"
1759008780,VERY_LONG,,1,29878400,,"{'id': 173244, 'context': 64, 'bonus_lists': [6717, 1507]}"
1759008782,VERY_LONG,,1,29878400,,"{'id': 173244, 'context': 64, 'bonus_lists': [6717, 1507]}"
1759008783,VERY_LONG,,1,29878400,,"{'id': 173244, 'context': 64, 'bonus_lists': [6717, 1507]}"
1759008784,VERY_LONG,,1,29878400,,"{'id': 173244, 'context': 64, 'bonus_lists': [6717, 1507]}"
1759008786,VERY_LONG,,1,29878400,,"{'id': 173244, 'context': 64, 'bonus_lists': [6717, 1507]}"
1759008788,VERY_LONG,,1,29878400,,"{'id': 173244, 'context': 64, 'bonus_lists': [6717, 1507]}"
1759008790,VERY_LONG,,1,29878400,,"{'id': 173244, 'context': 64, 'bonus_lists': [6717, 1507]}"
1759008791,VERY_LONG,,1,29878400,,"{'id': 173244, 'context': 64, 'bonus_lists': [6717, 1507]}"
1759008792,VERY_LONG,,1,29878400,,"{'id': 173244, 'context': 64, 'bonus_lists': [6717, 1507]}"
1759008793,VERY_LONG,,1,29878400,,"{'id': 173244, 'context': 64, 'bonus_lists': [6717, 1507]}"
1759008803,VERY_LONG,,1,4440000,,"{'id': 173244, 'context': 63, 'bonus_lists': [6716, 1487]}"
1759008805,VERY_LONG,,1,4440000,,"{'id': 173244, 'context': 63, 'bonus_lists': [6716, 1487]}"
1759008807,VERY_LONG,,1,4440000,,"{'id': 173244, 'context': 63, 'bonus_lists': [6716, 1487]}"
1759008808,VERY_LONG,,1,4440000,,"{'id': 173244, 'context': 63, 'bonus_lists': [6716, 1487]}"
1759008809,VERY_LONG,,1,4440000,,"{'id': 173244, 'context': 63, 'bonus_lists': [6716, 1487]}"
1759008810,VERY_LONG,,1,4440000,,"{'id': 173244, 'context': 63, 'bonus_lists': [6716, 1487]}"
1759008813,VERY_LONG,,1,4440000,,"{'id': 173244, 'context': 63, 'bonus_lists': [6716, 1487]}"
1759008814,VERY_LONG,,1,4440000,,"{'id': 173244, 'context': 63, 'bonus_lists': [6716, 1487]}"
1759008816,VERY_LONG,,1,4440000,,"{'id': 173244, 'context': 63, 'bonus_lists': [6716, 1487]}"
1759008818,VERY_LONG,,1,4440000,,"{'id': 173244, 'context': 63, 'bonus_lists': [6716, 1487]}"
1759008832,VERY_LONG,,1,48740000,,"{'id': 173248, 'context': 65, 'bonus_lists': [6718, 7193, 1522]}"
1759008852,VERY_LONG,,1,44500000,,"{'id': 173244, 'context': 65, 'bonus_lists': [6718, 1522]}"
1759008856,VERY_LONG,,1,44500000,,"{'id': 173244, 'context': 65, 'bonus_lists': [6718, 1522]}"
1759008860,VERY_LONG,,1,44500000,,"{'id': 173244, 'context': 65, 'bonus_lists': [6718, 1522]}"
1759008861,VERY_LONG,,1,44500000,,"{'id': 173244, 'context': 65, 'bonus_lists': [6718, 1522]}"
1759008862,VERY_LONG,,1,44500000,,"{'id': 173244, 'context': 65, 'bonus_lists': [6718, 1522]}"
1759008863,VERY_LONG,,1,44500000,,"{'id': 173244, 'context': 65, 'bonus_lists': [6718, 1522]}"
1759008865,VERY_LONG,,1,44500000,,"{'id': 173244, 'context': 65, 'bonus_lists': [6718, 1522]}"
1759008866,VERY_LONG,,1,44500000,,"{'id': 173244, 'context': 65, 'bonus_lists': [6718, 1522]}"
1759008869,VERY_LONG,,1,37840500,,"{'id': 173241, 'context': 64, 'bonus_lists': [6717, 1507]}"
1759008877,VERY_LONG,,1,16500000,,"{'id': 173249, 'context': 64, 'bonus_lists': [6717, 7193, 1507]}"
1759008879,VERY_LONG,,1,16500000,,"{'id': 173249, 'context': 64, 'bonus_lists': [6717, 7194, 1507]}"
1759008882,VERY_LONG,,1,16500000,,"{'id': 173249, 'context': 64, 'bonus_lists': [6717, 7194, 1507]}"
1759008884,VERY_LONG,,1,4500000,,"{'id': 173249, 'context': 63, 'bonus_lists': [6716, 7194, 1487]}"
1759008885,VERY_LONG,,1,4500000,,"{'id': 173249, 'context': 63, 'bonus_lists': [6716, 7193, 1487]}"
1759008886,VERY_LONG,,1,4500000,,"{'id': 173249, 'context': 63, 'bonus_lists': [6716, 7193, 1487]}"
1759008887,VERY_LONG,,1,4500000,,"{'id': 173249, 'context': 63, 'bonus_lists': [6716, 7194, 1487]}"
1759008888,VERY_LONG,,1,4500000,,"{'id': 173249, 'context': 63, 'bonus_lists': [6716, 7193, 1487]}"
1759008889,VERY_LONG,,1,4500000,,"{'id': 173249, 'context': 63, 'bonus_lists': [6716, 7194, 1487]}"
1759008891,VERY_LONG,,1,4500000,,"{'id': 173249, 'context': 63, 'bonus_lists': [6716, 7193, 1487]}"
1759008892,VERY_LONG,,1,4500000,,"{'id': 173249, 'context': 63, 'bonus_lists': [6716, 7193, 1487]}"
1759008894,VERY_LONG,,1,4500000,,"{'id': 173249, 'context': 63, 'bonus_lists': [6716, 7193, 1487]}"
1759008900,VERY_LONG,,1,26580000,,"{'id': 173248, 'context': 64, 'bonus_lists': [6717, 7194, 1507]}"
1759008901,VERY_LONG,,1,26580000,,"{'id': 173248, 'context': 64, 'bonus_lists': [6717, 7193, 1507]}"
1759008902,VERY_LONG,,1,26580000,,"{'id': 173248, 'context': 64, 'bonus_lists': [6717, 7194, 1507]}"
1759008903,VERY_LONG,,1,26580000,,"{'id': 173248, 'context': 64, 'bonus_lists': [6717, 7193, 1507]}"
1759008904,VERY_LONG,,1,26580000,,"{'id': 173248, 'context': 64, 'bonus_lists': [6717, 7194, 1507]}"
1759008912,VERY_LONG,,1,29870000,,"{'id': 173243, 'context': 64, 'bonus_lists': [6717, 1507]}"
1759008915,VERY_LONG,,1,29870000,,"{'id': 173243, 'context': 64, 'bonus_lists': [6717, 1507]}"
1759008919,VERY_LONG,,1,29870000,,"{'id': 173243, 'context': 64, 'bonus_lists': [6717, 1507]}"
1759008921,VERY_LONG,,1,29870000,,"{'id': 173243, 'context': 64, 'bonus_lists': [6717, 1507]}"
1759008924,VERY_LONG,,1,29870000,,"{'id': 173243, 'context': 64, 'bonus_lists': [6717, 1507]}"
1759008927,VERY_LONG,,1,29870000,,"{'id': 173243, 'context': 64, 'bonus_lists': [6717, 1507]}"
1759008942,VERY_LONG,,1,4440000,,"{'id': 173243, 'context': 63, 'bonus_lists': [6716, 1487]}"
1759008943,VERY_LONG,,1,4440000,,"{'id': 173243, 'context': 63, 'bonus_lists': [6716, 1487]}"
1759008945,VERY_LONG,,1,4440000,,"{'id': 173243, 'context': 63, 'bonus_lists': [6716, 1487]}"
1759008949,VERY_LONG,,1,30003300,,"{'id': 173242, 'context': 64, 'bonus_lists': [6717, 1507]}"
1759008952,VERY_LONG,,1,19994600,,"{'id': 87565, 'context': 0}"
1759008958,VERY_LONG,,1,1400002800,,"{'id': 184807, 'context': 4, 'bonus_lists': [6652, 1472, 6646], 'modifiers': [{'type': 28, 'value': 750}]}"
1759008967,VERY_LONG,,1,85000000,,"{'id': 173248, 'context': 66, 'bonus_lists': [6758, 7194, 1532]}"
1759008976,VERY_LONG,,1,47878500,,"{'id': 173243, 'context': 65, 'bonus_lists': [6718, 1522]}"
1759008977,VERY_LONG,,1,47878500,,"{'id': 173243, 'context': 65, 'bonus_lists': [6718, 1522]}"
1759008978,VERY_LONG,,1,47878500,,"{'id': 173243, 'context': 65, 'bonus_lists': [6718, 1522]}"
1759008980,VERY_LONG,,1,47878500,,"{'id': 173243, 'context': 65, 'bonus_lists': [6718, 1522]}"
1759008982,VERY_LONG,,1,47878500,,"{'id': 173243, 'context': 65, 'bonus_lists': [6718, 1522]}"
1759008986,VERY_LONG,,1,44600000,,"{'id': 173246, 'context': 64, 'bonus_lists': [6717, 1507]}"
1759008987,VERY_LONG,,1,44600000,,"{'id': 173246, 'context': 64, 'bonus_lists': [6717, 1507]}"
1759008988,VERY_LONG,,1,44600000,,"{'id': 173246, 'context': 64, 'bonus_lists': [6717, 1507]}"
1759009001,VERY_LONG,,1,90000000,,"{'id': 173248, 'context': 66, 'bonus_lists': [6758, 7194, 1532]}"
1759009009,VERY_LONG,,1,4446400,,"{'id': 173248, 'context': 63, 'bonus_lists': [6716, 7193, 1487]}"
1759009032,VERY_LONG,,1,9990000,,"{'id': 173200, 'context': 0, 'bonus_lists': [6885, 7180], 'modifiers': [{'type': 9, 'value': 60}, {'type': 28, 'value': 391}, {'type': 29, 'value': 36}, {'type': 30, 'value': 32}]}"
1759009034,VERY_LONG,,1,9990000,,"{'id': 173200, 'context': 0, 'bonus_lists': [6885, 7180], 'modifiers': [{'type': 9, 'value': 60}, {'type': 28, 'value': 391}, {'type': 29, 'value': 36}, {'type': 30, 'value': 40}]}"
1759009038,VERY_LONG,,1,9990000,,"{'id': 173196, 'context': 0, 'bonus_lists': [6887, 7180], 'modifiers': [{'type': 9, 'value': 60}, {'type': 28, 'value': 391}, {'type': 29, 'value': 40}, {'type': 30, 'value': 32}]}"
1759009040,VERY_LONG,,1,9990000,,"{'id': 173196, 'context': 0, 'bonus_lists': [6887, 7180], 'modifiers': [{'type': 9, 'value': 60}, {'type': 28, 'value': 391}, {'type': 29, 'value': 40}, {'type': 30, 'value': 36}]}"
1759009042,VERY_LONG,,1,9990000,,"{'id': 173193, 'context': 0, 'bonus_lists': [6890, 7180], 'modifiers': [{'type': 9, 'value': 60}, {'type': 28, 'value': 391}, {'type': 29, 'value': 49}, {'type': 30, 'value': 36}]}"
1759009044,VERY_LONG,,1,9990000,,"{'id': 173193, 'context': 0, 'bonus_lists': [6890, 7180], 'modifiers': [{'type': 9, 'value': 60}, {'type': 28, 'value': 391}, {'type': 29, 'value': 40}, {'type': 30, 'value': 36}]}"
1759009045,VERY_LONG,,1,9990000,,"{'id': 173195, 'context': 0, 'bonus_lists': [7180], 'modifiers': [{'type': 9, 'value': 60}, {'type': 29, 'value': 32}, {'type': 30, 'value': 40}]}"
1759009047,VERY_LONG,,1,8675400,,"{'id': 173195, 'context': 0, 'bonus_lists': [7180], 'modifiers': [{'type': 9, 'value': 60}, {'type': 29, 'value': 36}, {'type': 30, 'value': 49}]}"
1759009048,VERY_LONG,,1,9990000,,"{'id': 173194, 'context': 0, 'bonus_lists': [6887, 7180], 'modifiers': [{'type': 9, 'value': 60}, {'type': 28, 'value': 391}, {'type': 29, 'value': 32}, {'type': 30, 'value': 40}]}"
1759009049,VERY_LONG,,1,9990000,,"{'id': 173194, 'context': 0, 'bonus_lists': [6887, 7180], 'modifiers': [{'type': 9, 'value': 60}, {'type': 28, 'value': 391}, {'type': 29, 'value': 36}, {'type': 30, 'value': 40}]}"
1759009050,VERY_LONG,,1,9990000,,"{'id': 173194, 'context': 0, 'bonus_lists': [6887, 7180], 'modifiers': [{'type': 9, 'value': 60}, {'type': 28, 'value': 391}, {'type': 29, 'value': 40}, {'type': 30, 'value': 36}]}"
1759009052,VERY_LONG,,1,9990000,,"{'id': 173197, 'context': 0, 'bonus_lists': [6887, 7180], 'modifiers': [{'type': 9, 'value': 60}, {'type': 28, 'value': 391}, {'type': 29, 'value': 36}, {'type': 30, 'value': 49}]}"
1759009054,VERY_LONG,,1,9990000,,"{'id': 173197, 'context': 0, 'bonus_lists': [6887, 7180], 'modifiers': [{'type': 9, 'value': 60}, {'type': 28, 'value': 391}, {'type': 29, 'value': 40}, {'type': 30, 'value': 36}]}"
1759009055,VERY_LONG,,1,9990000,,"{'id': 173198, 'context': 0, 'bonus_lists': [6885, 7180], 'modifiers': [{'type': 9, 'value': 60}, {'type': 28, 'value': 391}, {'type': 29, 'value': 32}, {'type': 30, 'value': 49}]}"
1759009056,VERY_LONG,,1,9990000,,"{'id': 173198, 'context': 0, 'bonus_lists': [6885, 7180], 'modifiers': [{'type': 9, 'value': 60}, {'type': 28, 'value': 391}, {'type': 29, 'value': 49}, {'type': 30, 'value': 36}]}"
1759009058,VERY_LONG,,1,9990000,,"{'id': 173201, 'context': 0, 'bonus_lists': [7180], 'modifiers': [{'type': 9, 'value': 60}, {'type': 29, 'value': 36}, {'type': 30, 'value': 32}]}"
1759009060,VERY_LONG,,1,9990000,,"{'id': 173201, 'context': 0, 'bonus_lists': [7180], 'modifiers': [{'type': 9, 'value': 60}, {'type': 29, 'value': 49}, {'type': 30, 'value': 32}]}"
1759009061,VERY_LONG,,1,9990000,,"{'id': 173199, 'context': 0, 'bonus_lists': [6890, 7180], 'modifiers': [{'type': 9, 'value': 60}, {'type': 28, 'value': 391}, {'type': 29, 'value': 40}, {'type': 30, 'value': 36}]}"
1759009062,VERY_LONG,,1,9990000,,"{'id': 173199, 'context': 0, 'bonus_lists': [6890, 7180], 'modifiers': [{'type': 9, 'value': 60}, {'type': 28, 'value': 391}, {'type': 29, 'value': 36}, {'type': 30, 'value': 40}]}"
1759010302,VERY_LONG,,1,44600000,,"{'id': 173246, 'context': 64, 'bonus_lists': [6717, 1507]}"
1759010303,VERY_LONG,,1,44600000,,"{'id': 173246, 'context': 64, 'bonus_lists': [6717, 1507]}"
1759010304,VERY_LONG,,1,44600000,,"{'id': 173246, 'context': 64, 'bonus_lists': [6717, 1507]}"
1759010305,VERY_LONG,,1,44600000,,"{'id': 173246, 'context': 64, 'bonus_lists': [6717, 1507]}"
1759010306,VERY_LONG,,1,44600000,,"{'id': 173246, 'context': 64, 'bonus_lists': [6717, 1507]}"
1759010307,VERY_LONG,,1,44600000,,"{'id': 173246, 'context': 64, 'bonus_lists': [6717, 1507]}"
1759010308,VERY_LONG,,1,44600000,,"{'id': 173246, 'context': 64, 'bonus_lists': [6717, 1507]}"
1759010309,VERY_LONG,,1,44600000,,"{'id': 173246, 'context': 64, 'bonus_lists': [6717, 1507]}"
1759010310,VERY_LONG,,1,44600000,,"{'id': 173246, 'context': 64, 'bonus_lists': [6717, 1507]}"
1759010311,VERY_LONG,,1,44600000,,"{'id': 173246, 'context': 64, 'bonus_lists': [6717, 1507]}"
1759010337,VERY_LONG,,1,59993900,,"{'id': 173246, 'context': 65, 'bonus_lists': [6718, 1522]}"
1759010340,VERY_LONG,,1,59993900,,"{'id': 173246, 'context': 65, 'bonus_lists': [6718, 1522]}"
1759010343,VERY_LONG,,1,59993900,,"{'id': 173246, 'context': 65, 'bonus_lists': [6718, 1522]}"
1759010353,VERY_LONG,,1,29870000,,"{'id': 173243, 'context': 64, 'bonus_lists': [6717, 1507]}"
1759010354,VERY_LONG,,1,29870000,,"{'id': 173243, 'context': 64, 'bonus_lists': [6717, 1507]}"
1759010356,VERY_LONG,,1,29870000,,"{'id': 173243, 'context': 64, 'bonus_lists': [6717, 1507]}"
1759010358,VERY_LONG,,1,29870000,,"{'id': 173243, 'context': 64, 'bonus_lists': [6717, 1507]}"
1759010362,VERY_LONG,,1,29870000,,"{'id': 173243, 'context': 64, 'bonus_lists': [6717, 1507]}"
1759010371,VERY_LONG,,1,37840500,,"{'id': 173241, 'context': 64, 'bonus_lists': [6717, 1507]}"
1759010372,VERY_LONG,,1,37840500,,"{'id': 173241, 'context': 64, 'bonus_lists': [6717, 1507]}"
1759010373,VERY_LONG,,1,37840500,,"{'id': 173241, 'context': 64, 'bonus_lists': [6717, 1507]}"
1759010374,VERY_LONG,,1,37840500,,"{'id': 173241, 'context': 64, 'bonus_lists': [6717, 1507]}"
1759010379,VERY_LONG,,1,5000000,,"{'id': 173241, 'context': 63, 'bonus_lists': [6716, 1487]}"
1759010380,VERY_LONG,,1,5000000,,"{'id': 173241, 'context': 63, 'bonus_lists': [6716, 1487]}"
1759010382,VERY_LONG,,1,5000000,,"{'id': 173241, 'context': 63, 'bonus_lists': [6716, 1487]}"
1759010383,VERY_LONG,,1,5000000,,"{'id': 173241, 'context': 63, 'bonus_lists': [6716, 1487]}"
1759010384,VERY_LONG,,1,5000000,,"{'id': 173241, 'context': 63, 'bonus_lists': [6716, 1487]}"
1759010387,VERY_LONG,,1,5000000,,"{'id': 173241, 'context': 63, 'bonus_lists': [6716, 1487]}"
1759010389,VERY_LONG,,1,5000000,,"{'id': 173241, 'context': 63, 'bonus_lists': [6716, 1487]}"
1759010390,VERY_LONG,,1,5000000,,"{'id': 173241, 'context': 63, 'bonus_lists': [6716, 1487]}"
1759010391,VERY_LONG,,1,5000000,,"{'id': 173241, 'context': 63, 'bonus_lists': [6716, 1487]}"
1759010393,VERY_LONG,,1,5000000,,"{'id': 173241, 'context': 63, 'bonus_lists': [6716, 1487]}"
1759010395,VERY_LONG,,1,5000000,,"{'id': 173241, 'context': 63, 'bonus_lists': [6716, 1487]}"
1759010406,VERY_LONG,,1,37990000,,"{'id': 172327, 'context': 63, 'bonus_lists': [6716, 1487]}"
1759010407,VERY_LONG,,1,37990000,,"{'id': 172327, 'context': 63, 'bonus_lists': [6716, 1487]}"
1759010408,VERY_LONG,,1,37990000,,"{'id': 172327, 'context': 63, 'bonus_lists': [6716, 1487]}"
1759010409,VERY_LONG,,1,37990000,,"{'id': 172327, 'context': 63, 'bonus_lists': [6716, 1487]}"
1759010410,VERY_LONG,,1,37990000,,"{'id': 172327, 'context': 63, 'bonus_lists': [6716, 1487]}"
1759010421,VERY_LONG,,1,47878500,,"{'id': 173243, 'context': 65, 'bonus_lists': [6718, 1522]}"
1759010422,VERY_LONG,,1,47878500,,"{'id': 173243, 'context': 65, 'bonus_lists': [6718, 1522]}"
1759010423,VERY_LONG,,1,47878500,,"{'id': 173243, 'context': 65, 'bonus_lists': [6718, 1522]}"
1759010424,VERY_LONG,,1,47878500,,"{'id': 173243, 'context': 65, 'bonus_lists': [6718, 1522]}"
1759010426,VERY_LONG,,1,47878500,,"{'id': 173243, 'context': 65, 'bonus_lists': [6718, 1522]}"
1759010489,VERY_LONG,,1,114240000,,"{'id': 173245, 'context': 66, 'bonus_lists': [6758, 7194, 1532]}"
1759010499,VERY_LONG,,1,125000000,,"{'id': 173245, 'context': 66, 'bonus_lists': [6758, 7193, 1532]}"
1759010507,VERY_LONG,,1,140000000,,"{'id': 173245, 'context': 66, 'bonus_lists': [6758, 7194, 1532]}"
1759010518,VERY_LONG,,1,67500000,,"{'id': 173245, 'context': 65, 'bonus_lists': [6718, 7194, 1522]}"
1759010519,VERY_LONG,,1,67500000,,"{'id': 173245, 'context': 65, 'bonus_lists': [6718, 7193, 1522]}"
1759010523,VERY_LONG,,1,39750000,,"{'id': 173245, 'context': 64, 'bonus_lists': [6717, 7193, 1507]}"
1759010526,VERY_LONG,,1,7700000,,"{'id': 173245, 'context': 63, 'bonus_lists': [6716, 7194, 1487]}"
1759010527,VERY_LONG,,1,7700000,,"{'id': 173245, 'context': 63, 'bonus_lists': [6716, 7194, 1487]}"
1759010543,VERY_LONG,,1,89870000,,"{'id': 173247, 'context': 66, 'bonus_lists': [6758, 1532]}"
1759010582,VERY_LONG,,1,99990000,,"{'id': 173247, 'context': 66, 'bonus_lists': [6758, 1532]}"
1759010597,VERY_LONG,,1,120000000,,"{'id': 173247, 'context': 66, 'bonus_lists': [6758, 1532]}"
1759010616,VERY_LONG,,1,150000000,,"{'id': 173247, 'context': 66, 'bonus_lists': [6758, 1532]}"
1759010621,VERY_LONG,,1,49870000,,"{'id': 173247, 'context': 65, 'bonus_lists': [6718, 1522]}"
1759010625,VERY_LONG,,1,31470000,,"{'id': 173247, 'context': 64, 'bonus_lists': [6717, 1507]}"
1759010627,VERY_LONG,,1,31470000,,"{'id': 173247, 'context': 64, 'bonus_lists': [6717, 1507]}"
1759010628,VERY_LONG,,1,31470000,,"{'id': 173247, 'context': 64, 'bonus_lists': [6717, 1507]}"
1759010629,VERY_LONG,,1,31470000,,"{'id': 173247, 'context': 64, 'bonus_lists': [6717, 1507]}"
1759010630,VERY_LONG,,1,31470000,,"{'id': 173247, 'context': 64, 'bonus_lists': [6717, 1507]}"
1759010632,VERY_LONG,,1,31470000,,"{'id': 173247, 'context': 64, 'bonus_lists': [6717, 1507]}"
1759010639,VERY_LONG,,1,5550000,,"{'id': 173247, 'context': 63, 'bonus_lists': [6716, 1487]}"
1759010642,VERY_LONG,,1,5550000,,"{'id': 173247, 'context': 63, 'bonus_lists': [6716, 1487]}"
1759010645,VERY_LONG,,1,5550000,,"{'id': 173247, 'context': 63, 'bonus_lists': [6716, 1487]}"
1759010648,VERY_LONG,,1,5550000,,"{'id': 173247, 'context': 63, 'bonus_lists': [6716, 1487]}"
1759010652,VERY_LONG,,1,5550000,,"{'id': 173247, 'context': 63, 'bonus_lists': [6716, 1487]}"
1759010654,VERY_LONG,,1,5550000,,"{'id': 173247, 'context': 63, 'bonus_lists': [6716, 1487]}"
1759010657,VERY_LONG,,1,5550000,,"{'id': 173247, 'context': 63, 'bonus_lists': [6716, 1487]}"
1759010671,VERY_LONG,,1,109870000,,"{'id': 173241, 'context': 66, 'bonus_lists': [6758, 1532]}"
1759010711,VERY_LONG,,1,120000000,,"{'id': 173241, 'context': 66, 'bonus_lists': [6758, 1532]}"
1759010748,VERY_LONG,,1,139990000,,"{'id': 173241, 'context': 66, 'bonus_lists': [6758, 1532]}"
1759010760,VERY_LONG,,1,65000000,,"{'id': 173241, 'context': 65, 'bonus_lists': [6718, 1522]}"
1759010762,VERY_LONG,,1,65000000,,"{'id': 173241, 'context': 65, 'bonus_lists': [6718, 1522]}"
1759010844,VERY_LONG,,1,69850300,,"{'id': 173249, 'context': 66, 'bonus_lists': [6758, 7194, 1532]}"
1759010860,VERY_LONG,,1,89990300,,"{'id': 173249, 'context': 66, 'bonus_lists': [6758, 7193, 1532]}"
1759010876,VERY_LONG,,1,110000300,,"{'id': 173249, 'context': 66, 'bonus_lists': [6758, 7194, 1532]}"
1759010877,VERY_LONG,,1,110000300,,"{'id': 173249, 'context': 66, 'bonus_lists': [6758, 7193, 1532]}"
1759010881,VERY_LONG,,1,43000000,,"{'id': 173249, 'context': 65, 'bonus_lists': [6718, 7193, 1522]}"
1759010882,VERY_LONG,,1,43000000,,"{'id': 173249, 'context': 65, 'bonus_lists': [6718, 7193, 1522]}"
1759010883,VERY_LONG,,1,43000000,,"{'id': 173249, 'context': 65, 'bonus_lists': [6718, 7193, 1522]}"
1759010885,VERY_LONG,,1,43000000,,"{'id': 173249, 'context': 65, 'bonus_lists': [6718, 7194, 1522]}"
1759010887,VERY_LONG,,1,43000000,,"{'id': 173249, 'context': 65, 'bonus_lists': [6718, 7193, 1522]}"
1759010888,VERY_LONG,,1,43000000,,"{'id': 173249, 'context': 65, 'bonus_lists': [6718, 7194, 1522]}"
1759010894,VERY_LONG,,1,89740000,,"{'id': 173244, 'context': 66, 'bonus_lists': [6758, 1532]}"
1759010901,VERY_LONG,,1,99990000,,"{'id': 173244, 'context': 66, 'bonus_lists': [6758, 1532]}"
1759010904,VERY_LONG,,1,120000000,,"{'id': 173244, 'context': 66, 'bonus_lists': [6758, 1532]}"
1759010910,VERY_LONG,,1,150000000,,"{'id': 173244, 'context': 66, 'bonus_lists': [6758, 1532]}"
1759010914,VERY_LONG,,1,44500000,,"{'id': 173244, 'context': 65, 'bonus_lists': [6718, 1522]}"
1759010915,VERY_LONG,,1,44500000,,"{'id': 173244, 'context': 65, 'bonus_lists': [6718, 1522]}"
1759010916,VERY_LONG,,1,44500000,,"{'id': 173244, 'context': 65, 'bonus_lists': [6718, 1522]}"
1759010920,VERY_LONG,,1,29878400,,"{'id': 173244, 'context': 64, 'bonus_lists': [6717, 1507]}"
1759010921,VERY_LONG,,1,29878400,,"{'id': 173244, 'context': 64, 'bonus_lists': [6717, 1507]}"
1759010924,VERY_LONG,,1,29878400,,"{'id': 173244, 'context': 64, 'bonus_lists': [6717, 1507]}"
1759010928,VERY_LONG,,1,85000000,,"{'id': 173248, 'context': 66, 'bonus_lists': [6758, 7194, 1532]}"
1759010932,VERY_LONG,,1,99990000,,"{'id': 173248, 'context': 66, 'bonus_lists': [6758, 7193, 1532]}"
1759010949,VERY_LONG,,1,85000000,,"{'id': 173248, 'context': 65, 'bonus_lists': [6718, 7194, 1522]}"
1759010957,VERY_LONG,,1,26580000,,"{'id': 173248, 'context': 64, 'bonus_lists': [6717, 7193, 1507]}"
1759010958,VERY_LONG,,1,109870000,,"{'id': 173246, 'context': 66, 'bonus_lists': [6758, 1532]}"
1759010960,VERY_LONG,,1,120000000,,"{'id': 173246, 'context': 66, 'bonus_lists': [6758, 1532]}"
1759010961,VERY_LONG,,1,140000000,,"{'id': 173246, 'context': 66, 'bonus_lists': [6758, 1532]}"
1759010966,VERY_LONG,,1,160000000,,"{'id': 173246, 'context': 66, 'bonus_lists': [6758, 1532]}"
1759010989,VERY_LONG,,1,89870000,,"{'id': 173243, 'context': 66, 'bonus_lists': [6758, 1532]}"
1759010993,VERY_LONG,,1,99990000,,"{'id': 173243, 'context': 66, 'bonus_lists': [6758, 1532]}"
1759010995,VERY_LONG,,1,110000000,,"{'id': 173243, 'context': 66, 'bonus_lists': [6758, 1532]}"
1759010999,VERY_LONG,,1,129990000,,"{'id': 173243, 'context': 66, 'bonus_lists': [6758, 1532]}"
1759011000,VERY_LONG,,1,70000000,,"{'id': 173242, 'context': 66, 'bonus_lists': [6758, 1532]}"
1759011004,VERY_LONG,,1,90000000,,"{'id': 173242, 'context': 66, 'bonus_lists': [6758, 1532]}"
1759011015,VERY_LONG,,1,120000000,,"{'id': 173242, 'context': 65, 'bonus_lists': [6718, 1522]}"
1759011018,VERY_LONG,,1,50000000,,"{'id': 173242, 'context': 65, 'bonus_lists': [6718, 1522]}"
1759011070,VERY_LONG,609400,180,,,{'id': 173204}
1759011080,VERY_LONG,1300000,200,,,{'id': 172439}
1759012290,VERY_LONG,,1,4500000,,"{'id': 173137, 'context': 13, 'bonus_lists': [3377]}"
1759012292,VERY_LONG,,1,4500000,,"{'id': 173137, 'context': 13, 'bonus_lists': [3377]}"
1759012293,VERY_LONG,,1,4500000,,"{'id': 173137, 'context': 13, 'bonus_lists': [3376]}"
1759012295,VERY_LONG,,1,4500000,,"{'id': 173137, 'context': 13, 'bonus_lists': [3377]}"
1759012296,VERY_LONG,,1,4500000,,"{'id': 173137, 'context': 13, 'bonus_lists': [3376]}"
1759012297,VERY_LONG,,1,4500000,,"{'id': 173137, 'context': 13, 'bonus_lists': [3374]}"
1759012299,VERY_LONG,,1,4500000,,"{'id': 173137, 'context': 13, 'bonus_lists': [3375]}"
1759012300,VERY_LONG,,1,4990000,,"{'id': 173143, 'context': 13, 'bonus_lists': [3353]}"
1759012302,VERY_LONG,,1,4990000,,"{'id': 173143, 'context': 13, 'bonus_lists': [3350]}"
1759012304,VERY_LONG,,1,4990000,,"{'id': 173143, 'context': 13, 'bonus_lists': [3350]}"
1759012306,VERY_LONG,,1,4990000,,"{'id': 173143, 'context': 13, 'bonus_lists': [3349]}"
1759012308,VERY_LONG,,1,4990000,,"{'id': 173143, 'context': 13, 'bonus_lists': [3353]}"
1759012309,VERY_LONG,,1,4890000,,"{'id': 173143, 'context': 13, 'bonus_lists': [3343]}"
1759012311,VERY_LONG,,1,4890000,,"{'id': 173143, 'context': 13, 'bonus_lists': [3344]}"
1759012312,VERY_LONG,,1,4890000,,"{'id': 173143, 'context': 13, 'bonus_lists': [3344]}"
1759012314,VERY_LONG,,1,4890000,,"{'id': 173143, 'context': 13, 'bonus_lists': [3345]}"
1759012315,VERY_LONG,,1,4890000,,"{'id': 173143, 'context': 13, 'bonus_lists': [3343]}"
1759012317,VERY_LONG,,1,4890000,,"{'id': 173143, 'context': 13, 'bonus_lists': [3346]}"
1759012320,VERY_LONG,,1,4890000,,"{'id': 173143, 'context': 13, 'bonus_lists': [3347]}"
1759012323,VERY_LONG,,1,4125800,,"{'id': 173140, 'context': 13, 'bonus_lists': [3366]}"
1759012325,VERY_LONG,,1,4125800,,"{'id': 173140, 'context': 13, 'bonus_lists': [3364]}"
1759012327,VERY_LONG,,1,4125800,,"{'id': 173140, 'context': 13, 'bonus_lists': [3365]}"
1759012329,VERY_LONG,,1,4125800,,"{'id': 173140, 'context': 13, 'bonus_lists': [3366]}"
1759012333,VERY_LONG,,1,3660300,,"{'id': 173136, 'context': 13, 'bonus_lists': [3358]}"
1759012334,VERY_LONG,,1,3660300,,"{'id': 173136, 'context': 13, 'bonus_lists': [3358]}"
1759012335,VERY_LONG,,1,3660300,,"{'id': 173136, 'context': 13, 'bonus_lists': [3359]}"
1759012336,VERY_LONG,,1,3660300,,"{'id': 173136, 'context': 13, 'bonus_lists': [3360]}"
1759012339,VERY_LONG,,1,3660300,,"{'id': 173136, 'context': 13, 'bonus_lists': [3356]}"
1759012340,VERY_LONG,,1,3660300,,"{'id': 173136, 'context': 13, 'bonus_lists': [3357]}"
1759012342,VERY_LONG,,1,3660300,,"{'id': 173136, 'context': 13, 'bonus_lists': [3352]}"
1759012344,VERY_LONG,,1,3660300,,"{'id': 173136, 'context': 13, 'bonus_lists': [3352]}"
1759012347,VERY_LONG,,1,3660300,,"{'id': 173136, 'context': 13, 'bonus_lists': [3352]}"
1759012349,VERY_LONG,,1,3660300,,"{'id': 173136, 'context': 13, 'bonus_lists': [3352]}"
1759012350,VERY_LONG,,1,3660300,,"{'id': 173136, 'context': 13, 'bonus_lists': [3352]}"
1759012353,VERY_LONG,,1,4250000,,"{'id': 173138, 'context': 13, 'bonus_lists': [3348]}"
1759012355,VERY_LONG,,1,4250000,,"{'id': 173138, 'context': 13, 'bonus_lists': [3348]}"
1759012357,VERY_LONG,,1,4250000,,"{'id': 173138, 'context': 13, 'bonus_lists': [3346]}"
1759012359,VERY_LONG,,1,4250000,,"{'id': 173138, 'context': 13, 'bonus_lists': [3348]}"
1759012361,VERY_LONG,,1,4250000,,"{'id': 173138, 'context': 13, 'bonus_lists': [3346]}"
1759012362,VERY_LONG,,1,4250000,,"{'id': 173138, 'context': 13, 'bonus_lists': [3344]}"
1759012363,VERY_LONG,,1,4250000,,"{'id': 173138, 'context': 13, 'bonus_lists': [3343]}"
1759012367,VERY_LONG,,1,4250000,,"{'id': 173138, 'context': 13, 'bonus_lists': [3345]}"
1759012368,VERY_LONG,,1,4250000,,"{'id': 173138, 'context': 13, 'bonus_lists': [3345]}"
1759012372,VERY_LONG,,1,4250000,,"{'id': 173138, 'context': 13, 'bonus_lists': [3343]}"
1759012374,VERY_LONG,,1,3792900,,"{'id': 173142, 'context': 13, 'bonus_lists': [3373]}"
1759012376,VERY_LONG,,1,3792900,,"{'id': 173142, 'context': 13, 'bonus_lists': [3374]}"
1759012377,VERY_LONG,,1,3792900,,"{'id': 173142, 'context': 13, 'bonus_lists': [3375]}"
1759012378,VERY_LONG,,1,3792900,,"{'id': 173142, 'context': 13, 'bonus_lists': [3375]}"
1759012380,VERY_LONG,,1,3792900,,"{'id': 173142, 'context': 13, 'bonus_lists': [3374]}"
1759012382,VERY_LONG,,1,4125800,,"{'id': 173135, 'context': 13, 'bonus_lists': [3367]}"
1759012384,VERY_LONG,,1,4125800,,"{'id': 173135, 'context': 13, 'bonus_lists': [3367]}"
1759012387,VERY_LONG,,1,4125800,,"{'id': 173135, 'context': 13, 'bonus_lists': [3368]}"
1759012389,VERY_LONG,,1,4125800,,"{'id': 173135, 'context': 13, 'bonus_lists': [3369]}"
1759012391,VERY_LONG,,1,4125800,,"{'id': 173135, 'context': 13, 'bonus_lists': [3368]}"
1759012392,VERY_LONG,,1,4125800,,"{'id': 173135, 'context': 13, 'bonus_lists': [3361]}"
1759012394,VERY_LONG,,1,4990000,,"{'id': 173141, 'context': 13, 'bonus_lists': [3358]}"
1759012395,VERY_LONG,,1,4990000,,"{'id': 173141, 'context': 13, 'bonus_lists': [3359]}"
1759012396,VERY_LONG,,1,4990000,,"{'id': 173141, 'context': 13, 'bonus_lists': [3359]}"
1759012397,VERY_LONG,,1,4990000,,"{'id': 173141, 'context': 13, 'bonus_lists': [3359]}"
1759012398,VERY_LONG,,1,4990000,,"{'id': 173141, 'context': 13, 'bonus_lists': [3360]}"
1759012399,VERY_LONG,,1,4750000,,"{'id': 173141, 'context': 13, 'bonus_lists': [3352]}"
1759012400,VERY_LONG,,1,4750000,,"{'id': 173141, 'context': 13, 'bonus_lists': [3352]}"
1759012402,VERY_LONG,,1,4750000,,"{'id': 173141, 'context': 13, 'bonus_lists': [3352]}"
1759012403,VERY_LONG,,1,4750000,,"{'id': 173141, 'context': 13, 'bonus_lists': [3352]}"
1759012404,VERY_LONG,,1,4750000,,"{'id': 173141, 'context': 13, 'bonus_lists': [3352]}"
1759012412,VERY_LONG,,1,4125800,,"{'id': 173135, 'context': 13, 'bonus_lists': [3361]}"
1759012413,VERY_LONG,,1,4125800,,"{'id': 173135, 'context': 13, 'bonus_lists': [3361]}"
1759012414,VERY_LONG,,1,4125800,,"{'id': 173135, 'context': 13, 'bonus_lists': [3363]}"
1759012415,VERY_LONG,,1,4125800,,"{'id': 173135, 'context': 13, 'bonus_lists': [3362]}"
1759012416,VERY_LONG,,1,4125800,,"{'id': 173135, 'context': 13, 'bonus_lists': [3365]}"
1759012417,VERY_LONG,,1,4125800,,"{'id': 173135, 'context': 13, 'bonus_lists': [3365]}"
1759012418,VERY_LONG,,1,4125800,,"{'id': 173135, 'context': 13, 'bonus_lists': [3366]}"
1759012419,VERY_LONG,,1,4125800,,"{'id': 173140, 'context': 13, 'bonus_lists': [3362]}"
1759012420,VERY_LONG,,1,4125800,,"{'id': 173140, 'context': 13, 'bonus_lists': [3363]}"
1759012421,VERY_LONG,,1,4125800,,"{'id': 173140, 'context': 13, 'bonus_lists': [3362]}"
1759012423,VERY_LONG,,1,4125800,,"{'id': 173140, 'context': 13, 'bonus_lists': [3363]}"
1759012424,VERY_LONG,,1,4125800,,"{'id': 173140, 'context': 13, 'bonus_lists': [3362]}"
1759012426,VERY_LONG,,1,4990000,,"{'id': 173140, 'context': 13, 'bonus_lists': [3368]}"
1759012427,VERY_LONG,,1,4990000,,"{'id': 173140, 'context': 13, 'bonus_lists': [3367]}"
1759012428,VERY_LONG,,1,4990000,,"{'id': 173140, 'context': 13, 'bonus_lists': [3369]}"
1759012429,VERY_LONG,,1,4990000,,"{'id': 173140, 'context': 13, 'bonus_lists': [3367]}"
1759012431,VERY_LONG,,1,4990000,,"{'id': 173140, 'context': 13, 'bonus_lists': [3368]}"
1759012432,VERY_LONG,,1,4990000,,"{'id': 173137, 'context': 13, 'bonus_lists': [3372]}"
1759012433,VERY_LONG,,1,4990000,,"{'id': 173137, 'context': 13, 'bonus_lists': [3372]}"
1759012434,VERY_LONG,,1,4990000,,"{'id': 173137, 'context': 13, 'bonus_lists': [3372]}"
1759012435,VERY_LONG,,1,4500000,,"{'id': 173137, 'context': 13, 'bonus_lists': [3375]}"
1759012436,VERY_LONG,,1,4500000,,"{'id': 173137, 'context': 13, 'bonus_lists': [3375]}"
1759012437,VERY_LONG,,1,4500000,,"{'id': 173137, 'context': 13, 'bonus_lists': [3373]}"
1759012805,VERY_LONG,42217900,2,,,{'id': 137287}
1759012808,VERY_LONG,134921700,2,,,{'id': 147119}
1759012812,VERY_LONG,166328200,2,,,{'id': 153033}
1759012814,VERY_LONG,18771300,2,,,{'id': 167539}
1759012818,VERY_LONG,13897600,2,,,{'id': 139362}
1759012821,VERY_LONG,36383100,2,,,{'id': 129028}
1759012845,VERY_LONG,18263100,2,,,{'id': 137250}
1759012850,VERY_LONG,230370300,1,,,{'id': 139352}
1759012856,VERY_LONG,16361800,2,,,{'id': 137191}
1759012860,VERY_LONG,38790600,1,,,{'id': 140630}
1759012862,VERY_LONG,3750000,1,,,{'id': 87885}
1759012866,VERY_LONG,20000000,1,,,{'id': 153031}
1759012874,VERY_LONG,19888600,2,,,{'id': 139338}
1759012879,VERY_LONG,29996400,2,,,{'id': 184096}
1759012882,VERY_LONG,49134900,2,,,{'id': 141898}
1759012885,VERY_LONG,50986900,2,,,{'id': 139289}
1759012895,VERY_LONG,3326200,2,,,{'id': 43400}
1759012896,VERY_LONG,86797600,2,,,{'id': 151540}
1759012900,VERY_LONG,5759700,2,,,{'id': 162027}
1759012903,VERY_LONG,280818900,2,,,{'id': 137289}
1759012909,VERY_LONG,33539600,2,,,{'id': 184100}
1759012911,VERY_LONG,143585500,2,,,{'id': 137288}
1759012914,VERY_LONG,208380800,2,,,{'id': 143588}
1759012916,VERY_LONG,28334000,2,,,{'id': 129029}
1759012921,VERY_LONG,19965200,2,,,{'id': 129019}
1759012924,VERY_LONG,313961800,2,,,{'id': 170165}
1759012928,VERY_LONG,53917500,1,,,{'id': 129020}
1759012943,VERY_LONG,34689200,1,,,{'id': 136825}
1759012944,VERY_LONG,58019900,1,,,{'id': 139315}
1759012946,VERY_LONG,1599000,1,,,{'id': 172232}
1759012948,VERY_LONG,26500900,2,,,{'id': 137293}
1759012951,VERY_LONG,15137300,1,,,{'id': 139358}
1759012955,VERY_LONG,43102200,2,,,{'id': 137267}
1759012958,VERY_LONG,19275000,2,,,{'id': 137239}
1759012960,VERY_LONG,1703900,1,,,{'id': 77101}
1759012962,VERY_LONG,109653800,2,,,{'id': 151542}
1759012963,VERY_LONG,59400,1,,,{'id': 173109}
1759012967,VERY_LONG,28450000,1,,,{'id': 139278}
1759012968,VERY_LONG,17886400,2,,,{'id': 162029}
1759012969,VERY_LONG,3499900,2,,,{'id': 137238}
1759012970,VERY_LONG,5853800,2,,,{'id': 87392}
1759012973,VERY_LONG,6350400,1,,,{'id': 87580}
1759012974,VERY_LONG,299900,4,,,{'id': 171829}
1759012977,VERY_LONG,47077500,2,,,{'id': 139438}
1759012980,VERY_LONG,126913300,2,,,{'id': 129022}
1759012982,VERY_LONG,1424900,2,,,{'id': 79538}
1759012983,VERY_LONG,23487800,1,,,{'id': 129017}
1759012984,VERY_LONG,94000,6,,,{'id': 171828}
1759012985,VERY_LONG,69604200,2,,,{'id': 139348}
1759012986,VERY_LONG,7150000,2,,,{'id': 139437}
1759012988,VERY_LONG,18500000,2,,,{'id': 162022}
1759012989,VERY_LONG,68242500,1,,,{'id': 139442}
1759012998,VERY_LONG,96488800,1,,,{'id': 139311}
1759013002,VERY_LONG,4708500,2,,,{'id': 139288}
1759013003,VERY_LONG,83640700,2,,,{'id': 139271}
1759013006,VERY_LONG,44493500,2,,,{'id': 143750}
1759013009,VERY_LONG,26333500,2,,,{'id': 137249}
1759013010,VERY_LONG,25008900,2,,,{'id': 129021}
1759013012,VERY_LONG,15537300,2,,,{'id': 184097}
1759013051,VERY_LONG,,1,6524600,,"{'id': 173217, 'context': 0, 'bonus_lists': [6893], 'modifiers': [{'type': 9, 'value': 60}, {'type': 28, 'value': 391}, {'type': 29, 'value': 40}, {'type': 30, 'value': 49}]}"
1759013054,VERY_LONG,30006200,1,,,{'id': 139436}
1759013055,LONG,1007800,45,,,{'id': 172041}
1759013060,VERY_LONG,80000,10,,,{'id': 173192}
1759013061,LONG,494700,20,,,{'id': 171268}
1759013062,LONG,4700000,15,,,{'id': 171278}
1759013063,LONG,3740000,20,,,{'id': 171273}
1759013065,VERY_LONG,397000,25,,,{'id': 171286}
1759013072,LONG,789000,9,,,{'id': 172045}
1759013104,VERY_LONG,9900,1894,,,{'id': 153051}
1759013116,VERY_LONG,50100,575,,,{'id': 160059}
1759013176,VERY_LONG,9000,9777,,,{'id': 154165}
1759013348,VERY_LONG,9000,3079,,,{'id': 154165}
1759013355,VERY_LONG,37500,200,,,{'id': 109119}
1759013356,VERY_LONG,2720200,15,,,{'id': 168446}
1759013361,VERY_LONG,30000,2068,,,{'id': 124113}
1759013388,VERY_LONG,,1,3000000,,"{'id': 82800, 'context': 0, 'modifiers': [{'type': 6, 'value': 47252}], 'pet_breed_id': 6, 'pet_level': 1, 'pet_quality_id': 3, 'pet_species_id': 1177}"
1759013410,VERY_LONG,20100,1317,,,{'id': 154722}
1759013442,VERY_LONG,4400,2260,,,{'id': 152542}
1759013444,VERY_LONG,9900,235,,,{'id': 153051}
1759013481,VERY_LONG,10000,959,,,{'id': 153050}
1759013486,VERY_LONG,9940000,3,,,{'id': 168593}
1759013527,VERY_LONG,,1,19855000,,"{'id': 180760, 'context': 13}"
1759013548,VERY_LONG,808100,3,,,{'id': 11370}
1759013560,VERY_LONG,,1,54509500,,"{'id': 34060, 'context': 0}"
1759013568,VERY_LONG,800000,4,,,{'id': 52721}
1759013572,VERY_LONG,,1,50000100,,"{'id': 138795, 'context': 13}"
1759013573,VERY_LONG,130000,19,,,{'id': 169701}
1759013586,VERY_LONG,12135400,10,,,{'id': 131746}
1759013587,VERY_LONG,,1,39000000,,"{'id': 172251, 'context': 13, 'bonus_lists': [6893, 7185], 'modifiers': [{'type': 9, 'value': 60}, {'type': 28, 'value': 391}, {'type': 29, 'value': 36}, {'type': 30, 'value': 40}]}"
1759013589,VERY_LONG,,1,39000000,,"{'id': 172251, 'context': 13, 'bonus_lists': [6893, 7185], 'modifiers': [{'type': 9, 'value': 60}, {'type': 28, 'value': 391}, {'type': 29, 'value': 40}, {'type': 30, 'value': 36}]}"
1759013590,VERY_LONG,,1,38800000,,"{'id': 171446, 'context': 13, 'bonus_lists': [6893, 7185], 'modifiers': [{'type': 9, 'value': 60}, {'type': 28, 'value': 391}, {'type': 29, 'value': 40}, {'type': 30, 'value': 49}]}"
1759013591,VERY_LONG,,1,38800000,,"{'id': 171446, 'context': 13, 'bonus_lists': [6893, 7185], 'modifiers': [{'type': 9, 'value': 60}, {'type': 28, 'value': 391}, {'type': 29, 'value': 40}, {'type': 30, 'value': 49}]}"
1759013592,VERY_LONG,,1,99990000,,"{'id': 171446, 'context': 13, 'bonus_lists': [6893, 7185], 'modifiers': [{'type': 9, 'value': 60}, {'type': 28, 'value': 391}, {'type': 29, 'value': 49}, {'type': 30, 'value': 32}]}"
1759013593,VERY_LONG,,1,99990000,,"{'id': 171446, 'context': 13, 'bonus_lists': [6893, 7185], 'modifiers': [{'type': 9, 'value': 60}, {'type': 28, 'value': 391}, {'type': 29, 'value': 36}, {'type': 30, 'value': 49}]}"
1759013594,VERY_LONG,,1,99990000,,"{'id': 171446, 'context': 13, 'bonus_lists': [6893, 7185], 'modifiers': [{'type': 9, 'value': 60}, {'type': 28, 'value': 391}, {'type': 29, 'value': 36}, {'type': 30, 'value': 49}]}"
1759013596,VERY_LONG,704200,1,,,{'id': 171315}
1759013598,VERY_LONG,,1,99990000,,"{'id': 172258, 'context': 13, 'bonus_lists': [6893, 7185], 'modifiers': [{'type': 9, 'value': 60}, {'type': 28, 'value': 391}, {'type': 29, 'value': 40}, {'type': 30, 'value': 32}]}"
1759013599,VERY_LONG,,1,99990000,,"{'id': 172258, 'context': 13, 'bonus_lists': [6893, 7185], 'modifiers': [{'type': 9, 'value': 60}, {'type': 28, 'value': 391}, {'type': 29, 'value': 40}, {'type': 30, 'value': 32}]}"
1759013600,VERY_LONG,,1,99990000,,"{'id': 172258, 'context': 13, 'bonus_lists': [6893, 7185], 'modifiers': [{'type': 9, 'value': 60}, {'type': 28, 'value': 391}, {'type': 29, 'value': 36}, {'type': 30, 'value': 49}]}"
1759013602,VERY_LONG,70000,7,,,{'id': 171841}
1759013603,VERY_LONG,,1,99990000,,"{'id': 172258, 'context': 13, 'bonus_lists': [6893, 7185], 'modifiers': [{'type': 9, 'value': 60}, {'type': 28, 'value': 391}, {'type': 29, 'value': 36}, {'type': 30, 'value': 49}]}"
1759013604,VERY_LONG,,1,35000000,,"{'id': 172259, 'context': 13, 'bonus_lists': [6893, 7185], 'modifiers': [{'type': 9, 'value': 60}, {'type': 28, 'value': 391}, {'type': 29, 'value': 32}, {'type': 30, 'value': 36}]}"
1759013605,VERY_LONG,,1,35000000,,"{'id': 172259, 'context': 13, 'bonus_lists': [6893, 7185], 'modifiers': [{'type': 9, 'value': 60}, {'type': 28, 'value': 391}, {'type': 29, 'value': 32}, {'type': 30, 'value': 36}]}"
1759013607,VERY_LONG,,1,36000000,,"{'id': 172259, 'context': 13, 'bonus_lists': [6893, 7185], 'modifiers': [{'type': 9, 'value': 60}, {'type': 28, 'value': 391}, {'type': 29, 'value': 32}, {'type': 30, 'value': 40}]}"
1759013608,VERY_LONG,909500,7,,,{'id': 171833}
1759013609,VERY_LONG,,1,36000000,,"{'id': 172259, 'context': 13, 'bonus_lists': [6893, 7185], 'modifiers': [{'type': 9, 'value': 60}, {'type': 28, 'value': 391}, {'type': 29, 'value': 32}, {'type': 30, 'value': 40}]}"
1759013610,VERY_LONG,,1,35000000,,"{'id': 172259, 'context': 13, 'bonus_lists': [6893, 7185], 'modifiers': [{'type': 9, 'value': 60}, {'type': 28, 'value': 391}, {'type': 29, 'value': 49}, {'type': 30, 'value': 40}]}"
1759013611,VERY_LONG,,1,35000000,,"{'id': 172259, 'context': 13, 'bonus_lists': [6893, 7185], 'modifiers': [{'type': 9, 'value': 60}, {'type': 28, 'value': 391}, {'type': 29, 'value': 32}, {'type': 30, 'value': 49}]}"
1759013612,VERY_LONG,,1,35000000,,"{'id': 172259, 'context': 13, 'bonus_lists': [6893, 7185], 'modifiers': [{'type': 9, 'value': 60}, {'type': 28, 'value': 391}, {'type': 29, 'value': 32}, {'type': 30, 'value': 49}]}"
1759013614,VERY_LONG,,1,35000000,,"{'id': 172259, 'context': 13, 'bonus_lists': [6893, 7185], 'modifiers': [{'type': 9, 'value': 60}, {'type': 28, 'value': 391}, {'type': 29, 'value': 36}, {'type': 30, 'value': 40}]}"
1759013616,VERY_LONG,,1,35000000,,"{'id': 172259, 'context': 13, 'bonus_lists': [6893, 7185], 'modifiers': [{'type': 9, 'value': 60}, {'type': 28, 'value': 391}, {'type': 29, 'value': 40}, {'type': 30, 'value': 36}]}"
1759013617,VERY_LONG,2969800,1,,,{'id': 173037}
1759013618,VERY_LONG,,1,35000000,,"{'id': 172259, 'context': 13, 'bonus_lists': [6893, 7185], 'modifiers': [{'type': 9, 'value': 60}, {'type': 28, 'value': 391}, {'type': 29, 'value': 36}, {'type': 30, 'value': 49}]}"
1759013620,VERY_LONG,,1,80000000,,"{'id': 171442, 'context': 13, 'bonus_lists': [6893, 7185], 'modifiers': [{'type': 9, 'value': 60}, {'type': 28, 'value': 391}, {'type': 29, 'value': 40}, {'type': 30, 'value': 32}]}"
1759013621,VERY_LONG,,1,80000000,,"{'id': 171442, 'context': 13, 'bonus_lists': [6893, 7185], 'modifiers': [{'type': 9, 'value': 60}, {'type': 28, 'value': 391}, {'type': 29, 'value': 32}, {'type': 30, 'value': 40}]}"
1759013622,VERY_LONG,,1,38800000,,"{'id': 171442, 'context': 13, 'bonus_lists': [6893, 7185], 'modifiers': [{'type': 9, 'value': 60}, {'type': 28, 'value': 391}, {'type': 29, 'value': 40}, {'type': 30, 'value': 49}]}"
1759013623,VERY_LONG,609400,3,,,{'id': 173204}
1759013624,VERY_LONG,,1,38800000,,"{'id': 171442, 'context': 13, 'bonus_lists': [6893, 7185], 'modifiers': [{'type': 9, 'value': 60}, {'type': 28, 'value': 391}, {'type': 29, 'value': 40}, {'type': 30, 'value': 36}]}"
1759013626,VERY_LONG,,1,80000000,,"{'id': 171442, 'context': 13, 'bonus_lists': [6893, 7185], 'modifiers': [{'type': 9, 'value': 60}, {'type': 28, 'value': 391}, {'type': 29, 'value': 32}, {'type': 30, 'value': 49}]}"
1759013627,VERY_LONG,,1,99990000,,"{'id': 171442, 'context': 13, 'bonus_lists': [6893, 7185], 'modifiers': [{'type': 9, 'value': 60}, {'type': 28, 'value': 391}, {'type': 29, 'value': 36}, {'type': 30, 'value': 32}]}"
1759013628,VERY_LONG,,1,99990000,,"{'id': 171442, 'context': 13, 'bonus_lists': [6893, 7185], 'modifiers': [{'type': 9, 'value': 60}, {'type': 28, 'value': 391}, {'type': 29, 'value': 32}, {'type': 30, 'value': 36}]}"
1759013630,VERY_LONG,,1,38800000,,"{'id': 171442, 'context': 13, 'bonus_lists': [6893, 7185], 'modifiers': [{'type': 9, 'value': 60}, {'type': 28, 'value': 391}, {'type': 29, 'value': 49}, {'type': 30, 'value': 36}]}"
1759013631,VERY_LONG,,1,38800000,,"{'id': 171442, 'context': 13, 'bonus_lists': [6893, 7185], 'modifiers': [{'type': 9, 'value': 60}, {'type': 28, 'value': 391}, {'type': 29, 'value': 49}, {'type': 30, 'value': 36}]}"
1759013632,VERY_LONG,,1,33809600,,"{'id': 171444, 'context': 13, 'bonus_lists': [6893, 7185], 'modifiers': [{'type': 9, 'value': 60}, {'type': 28, 'value': 391}, {'type': 29, 'value': 32}, {'type': 30, 'value': 40}]}"
1759013633,VERY_LONG,,1,33809600,,"{'id': 171444, 'context': 13, 'bonus_lists': [6893, 7185], 'modifiers': [{'type': 9, 'value': 60}, {'type': 28, 'value': 391}, {'type': 29, 'value': 32}, {'type': 30, 'value': 36}]}"
1759013634,VERY_LONG,,1,99990000,,"{'id': 172264, 'context': 13, 'bonus_lists': [6893, 7185], 'modifiers': [{'type': 9, 'value': 60}, {'type': 28, 'value': 391}, {'type': 29, 'value': 36}, {'type': 30, 'value': 49}]}"
1759013636,VERY_LONG,,1,99990000,,"{'id': 172264, 'context': 13, 'bonus_lists': [6893, 7185], 'modifiers': [{'type': 9, 'value': 60}, {'type': 28, 'value': 391}, {'type': 29, 'value': 36}, {'type': 30, 'value': 49}]}"
1759013637,VERY_LONG,,1,99990000,,"{'id': 172264, 'context': 13, 'bonus_lists': [6893, 7185], 'modifiers': [{'type': 9, 'value': 60}, {'type': 28, 'value': 391}, {'type': 29, 'value': 32}, {'type': 30, 'value': 36}]}"
1759013638,VERY_LONG,,1,99990000,,"{'id': 172264, 'context': 13, 'bonus_lists': [6893, 7185], 'modifiers': [{'type': 9, 'value': 60}, {'type': 28, 'value': 391}, {'type': 29, 'value': 32}, {'type': 30, 'value': 36}]}"
1759013639,VERY_LONG,,1,38709100,,"{'id': 172265, 'context': 13, 'bonus_lists': [6893, 7185], 'modifiers': [{'type': 9, 'value': 60}, {'type': 28, 'value': 391}, {'type': 29, 'value': 40}, {'type': 30, 'value': 49}]}"
1759013641,VERY_LONG,,1,38709100,,"{'id': 172265, 'context': 13, 'bonus_lists': [6893, 7185], 'modifiers': [{'type': 9, 'value': 60}, {'type': 28, 'value': 391}, {'type': 29, 'value': 49}, {'type': 30, 'value': 40}]}"
1759013642,VERY_LONG,,1,38709100,,"{'id': 172265, 'context': 13, 'bonus_lists': [6893, 7185], 'modifiers': [{'type': 9, 'value': 60}, {'type': 28, 'value': 391}, {'type': 29, 'value': 36}, {'type': 30, 'value': 40}]}"
1759013643,VERY_LONG,,1,38709100,,"{'id': 172265, 'context': 13, 'bonus_lists': [6893, 7185], 'modifiers': [{'type': 9, 'value': 60}, {'type': 28, 'value': 391}, {'type': 29, 'value': 32}, {'type': 30, 'value': 40}]}"
1759013644,VERY_LONG,,1,38709100,,"{'id': 172265, 'context': 13, 'bonus_lists': [6893, 7185], 'modifiers': [{'type': 9, 'value': 60}, {'type': 28, 'value': 391}, {'type': 29, 'value': 40}, {'type': 30, 'value': 32}]}"
1759013646,VERY_LONG,,1,39000000,,"{'id': 172256, 'context': 13, 'bonus_lists': [6893, 7185], 'modifiers': [{'type': 9, 'value': 60}, {'type': 28, 'value': 391}, {'type': 29, 'value': 36}, {'type': 30, 'value': 32}]}"
1759013647,VERY_LONG,,1,39000000,,"{'id': 172256, 'context': 13, 'bonus_lists': [6893, 7185], 'modifiers': [{'type': 9, 'value': 60}, {'type': 28, 'value': 391}, {'type': 29, 'value': 32}, {'type': 30, 'value': 49}]}"
1759013648,VERY_LONG,,1,39000000,,"{'id': 172256, 'context': 13, 'bonus_lists': [6893, 7185], 'modifiers': [{'type': 9, 'value': 60}, {'type': 28, 'value': 391}, {'type': 29, 'value': 32}, {'type': 30, 'value': 49}]}"
1759013649,VERY_LONG,,1,99990000,,"{'id': 172256, 'context': 13, 'bonus_lists': [6893, 7185], 'modifiers': [{'type': 9, 'value': 60}, {'type': 28, 'value': 391}, {'type': 29, 'value': 49}, {'type': 30, 'value': 40}]}"
1759013652,VERY_LONG,,1,99990000,,"{'id': 172256, 'context': 13, 'bonus_lists': [6893, 7185], 'modifiers': [{'type': 9, 'value': 60}, {'type': 28, 'value': 391}, {'type': 29, 'value': 40}, {'type': 30, 'value': 49}]}"
1759013653,VERY_LONG,,1,39001000,,"{'id': 171449, 'context': 13, 'bonus_lists': [6893, 7185], 'modifiers': [{'type': 9, 'value': 60}, {'type': 28, 'value': 391}, {'type': 29, 'value': 49}, {'type': 30, 'value': 36}]}"
1759013654,VERY_LONG,,1,39001000,,"{'id': 171449, 'context': 13, 'bonus_lists': [6893, 7185], 'modifiers': [{'type': 9, 'value': 60}, {'type': 28, 'value': 391}, {'type': 29, 'value': 49}, {'type': 30, 'value': 36}]}"
1759013655,VERY_LONG,,1,38801000,,"{'id': 171449, 'context': 13, 'bonus_lists': [6893, 7185], 'modifiers': [{'type': 9, 'value': 60}, {'type': 28, 'value': 391}, {'type': 29, 'value': 36}, {'type': 30, 'value': 40}]}"
1759013656,VERY_LONG,,1,38801000,,"{'id': 171449, 'context': 13, 'bonus_lists': [6893, 7185], 'modifiers': [{'type': 9, 'value': 60}, {'type': 28, 'value': 391}, {'type': 29, 'value': 40}, {'type': 30, 'value': 36}]}"
1759013657,VERY_LONG,,1,99990000,,"{'id': 171449, 'context': 13, 'bonus_lists': [6893, 7185], 'modifiers': [{'type': 9, 'value': 60}, {'type': 28, 'value': 391}, {'type': 29, 'value': 49}, {'type': 30, 'value': 32}]}"
1759013659,VERY_LONG,,1,99990000,,"{'id': 171449, 'context': 13, 'bonus_lists': [6893, 7185], 'modifiers': [{'type': 9, 'value': 60}, {'type': 28, 'value': 391}, {'type': 29, 'value': 32}, {'type': 30, 'value': 49}]}"
1759013660,VERY_LONG,,1,99990000,,"{'id': 172252, 'context': 13, 'bonus_lists': [6893, 7185], 'modifiers': [{'type': 9, 'value': 60}, {'type': 28, 'value': 391}, {'type': 29, 'value': 49}, {'type': 30, 'value': 40}]}"
1759013661,VERY_LONG,,1,80000000,,"{'id': 172252, 'context': 13, 'bonus_lists': [6893, 7185], 'modifiers': [{'type': 9, 'value': 60}, {'type': 28, 'value': 391}, {'type': 29, 'value': 32}, {'type': 30, 'value': 36}]}"
1759013662,VERY_LONG,,1,80000000,,"{'id': 172252, 'context': 13, 'bonus_lists': [6893, 7185], 'modifiers': [{'type': 9, 'value': 60}, {'type': 28, 'value': 391}, {'type': 29, 'value': 36}, {'type': 30, 'value': 32}]}"
1759013664,VERY_LONG,,1,99990000,,"{'id': 172252, 'context': 13, 'bonus_lists': [6893, 7185], 'modifiers': [{'type': 9, 'value': 60}, {'type': 28, 'value': 391}, {'type': 29, 'value': 40}, {'type': 30, 'value': 36}]}"
1759013665,VERY_LONG,,1,99990000,,"{'id': 172252, 'context': 13, 'bonus_lists': [6893, 7185], 'modifiers': [{'type': 9, 'value': 60}, {'type': 28, 'value': 391}, {'type': 29, 'value': 40}, {'type': 30, 'value': 36}]}"
1759013667,VERY_LONG,,1,39000000,,"{'id': 172252, 'context': 13, 'bonus_lists': [6893, 7185], 'modifiers': [{'type': 9, 'value': 60}, {'type': 28, 'value': 391}, {'type': 29, 'value': 36}, {'type': 30, 'value': 49}]}"
1759013669,VERY_LONG,,1,39000000,,"{'id': 172252, 'context': 13, 'bonus_lists': [6893, 7185], 'modifiers': [{'type': 9, 'value': 60}, {'type': 28, 'value': 391}, {'type': 29, 'value': 49}, {'type': 30, 'value': 36}]}"
1759013671,VERY_LONG,,1,39000000,,"{'id': 172252, 'context': 13, 'bonus_lists': [6893, 7185], 'modifiers': [{'type': 9, 'value': 60}, {'type': 28, 'value': 391}, {'type': 29, 'value': 49}, {'type': 30, 'value': 32}]}"
1759013672,VERY_LONG,,1,38999900,,"{'id': 172255, 'context': 13, 'bonus_lists': [6893, 7185], 'modifiers': [{'type': 9, 'value': 60}, {'type': 28, 'value': 391}, {'type': 29, 'value': 49}, {'type': 30, 'value': 40}]}"
1759013673,VERY_LONG,,1,38999900,,"{'id': 172255, 'context': 13, 'bonus_lists': [6893, 7185], 'modifiers': [{'type': 9, 'value': 60}, {'type': 28, 'value': 391}, {'type': 29, 'value': 40}, {'type': 30, 'value': 49}]}"
1759013675,VERY_LONG,,1,38999900,,"{'id': 172255, 'context': 13, 'bonus_lists': [6893, 7185], 'modifiers': [{'type': 9, 'value': 60}, {'type': 28, 'value': 391}, {'type': 29, 'value': 40}, {'type': 30, 'value': 36}]}"
1759013677,VERY_LONG,,1,38999900,,"{'id': 172255, 'context': 13, 'bonus_lists': [6893, 7185], 'modifiers': [{'type': 9, 'value': 60}, {'type': 28, 'value': 391}, {'type': 29, 'value': 40}, {'type': 30, 'value': 36}]}"
1759013678,VERY_LONG,,1,99990000,,"{'id': 172261, 'context': 13, 'bonus_lists': [6893, 7185], 'modifiers': [{'type': 9, 'value': 60}, {'type': 28, 'value': 391}, {'type': 29, 'value': 32}, {'type': 30, 'value': 36}]}"
1759013679,VERY_LONG,,1,99990000,,"{'id': 172261, 'context': 13, 'bonus_lists': [6893, 7185], 'modifiers': [{'type': 9, 'value': 60}, {'type': 28, 'value': 391}, {'type': 29, 'value': 36}, {'type': 30, 'value': 32}]}"
1759013681,VERY_LONG,,1,99990000,,"{'id': 172261, 'context': 13, 'bonus_lists': [6893, 7185], 'modifiers': [{'type': 9, 'value': 60}, {'type': 28, 'value': 391}, {'type': 29, 'value': 49}, {'type': 30, 'value': 36}]}"
1759013682,VERY_LONG,,1,39000000,,"{'id': 172261, 'context': 13, 'bonus_lists': [6893, 7185], 'modifiers': [{'type': 9, 'value': 60}, {'type': 28, 'value': 391}, {'type': 29, 'value': 36}, {'type': 30, 'value': 40}]}"
1759013684,VERY_LONG,,1,39000000,,"{'id': 172261, 'context': 13, 'bonus_lists': [6893, 7185], 'modifiers': [{'type': 9, 'value': 60}, {'type': 28, 'value': 391}, {'type': 29, 'value': 49}, {'type': 30, 'value': 32}]}"
1759013686,VERY_LONG,,1,39000000,,"{'id': 172261, 'context': 13, 'bonus_lists': [6893, 7185], 'modifiers': [{'type': 9, 'value': 60}, {'type': 28, 'value': 391}, {'type': 29, 'value': 49}, {'type': 30, 'value': 32}]}"
1759013688,VERY_LONG,,1,99990000,,"{'id': 171445, 'context': 13, 'bonus_lists': [6893, 7185], 'modifiers': [{'type': 9, 'value': 60}, {'type': 28, 'value': 391}, {'type': 29, 'value': 40}, {'type': 30, 'value': 32}]}"
1759013691,VERY_LONG,,1,99990000,,"{'id': 171445, 'context': 13, 'bonus_lists': [6893, 7185], 'modifiers': [{'type': 9, 'value': 60}, {'type': 28, 'value': 391}, {'type': 29, 'value': 32}, {'type': 30, 'value': 40}]}"
1759013695,VERY_LONG,,1,38809900,,"{'id': 171445, 'context': 13, 'bonus_lists': [6893, 7185], 'modifiers': [{'type': 9, 'value': 60}, {'type': 28, 'value': 391}, {'type': 29, 'value': 36}, {'type': 30, 'value': 49}]}"
1759013697,VERY_LONG,,1,38500000,,"{'id': 171445, 'context': 13, 'bonus_lists': [6893, 7185], 'modifiers': [{'type': 9, 'value': 60}, {'type': 28, 'value': 391}, {'type': 29, 'value': 40}, {'type': 30, 'value': 49}]}"
1759013698,VERY_LONG,,1,38500000,,"{'id': 171445, 'context': 13, 'bonus_lists': [6893, 7185], 'modifiers': [{'type': 9, 'value': 60}, {'type': 28, 'value': 391}, {'type': 29, 'value': 40}, {'type': 30, 'value': 49}]}"
1759013699,VERY_LONG,,1,99990000,,"{'id': 171447, 'context': 13, 'bonus_lists': [6893, 7185], 'modifiers': [{'type': 9, 'value': 60}, {'type': 28, 'value': 391}, {'type': 29, 'value': 36}, {'type': 30, 'value': 32}]}"
1759013701,VERY_LONG,,1,99990000,,"{'id': 171447, 'context': 13, 'bonus_lists': [6893, 7185], 'modifiers': [{'type': 9, 'value': 60}, {'type': 28, 'value': 391}, {'type': 29, 'value': 32}, {'type': 30, 'value': 36}]}"
1759013704,VERY_LONG,,1,99990000,,"{'id': 171447, 'context': 13, 'bonus_lists': [6893, 7185], 'modifiers': [{'type': 9, 'value': 60}, {'type': 28, 'value': 391}, {'type': 29, 'value': 32}, {'type': 30, 'value': 40}]}"
1759013705,VERY_LONG,,1,99990000,,"{'id': 171447, 'context': 13, 'bonus_lists': [6893, 7185], 'modifiers': [{'type': 9, 'value': 60}, {'type': 28, 'value': 391}, {'type': 29, 'value': 40}, {'type': 30, 'value': 32}]}"
1759013706,VERY_LONG,,1,38800000,,"{'id': 171447, 'context': 13, 'bonus_lists': [6893, 7185], 'modifiers': [{'type': 9, 'value': 60}, {'type': 28, 'value': 391}, {'type': 29, 'value': 49}, {'type': 30, 'value': 32}]}"
1759013707,VERY_LONG,,1,38800000,,"{'id': 171447, 'context': 13, 'bonus_lists': [6893, 7185], 'modifiers': [{'type': 9, 'value': 60}, {'type': 28, 'value': 391}, {'type': 29, 'value': 49}, {'type': 30, 'value': 32}]}"
1759013712,VERY_LONG,,1,99990000,,"{'id': 171447, 'context': 13, 'bonus_lists': [6893, 7185], 'modifiers': [{'type': 9, 'value': 60}, {'type': 28, 'value': 391}, {'type': 29, 'value': 49}, {'type': 30, 'value': 40}]}"
1759013713,VERY_LONG,,1,99990000,,"{'id': 171447, 'context': 13, 'bonus_lists': [6893, 7185], 'modifiers': [{'type': 9, 'value': 60}, {'type': 28, 'value': 391}, {'type': 29, 'value': 49}, {'type': 30, 'value': 40}]}"
1759013714,VERY_LONG,,1,99990000,,"{'id': 172263, 'context': 13, 'bonus_lists': [6893, 7185], 'modifiers': [{'type': 9, 'value': 60}, {'type': 28, 'value': 391}, {'type': 29, 'value': 36}, {'type': 30, 'value': 40}]}"
1759013716,VERY_LONG,,1,99990000,,"{'id': 172263, 'context': 13, 'bonus_lists': [6893, 7185], 'modifiers': [{'type': 9, 'value': 60}, {'type': 28, 'value': 391}, {'type': 29, 'value': 36}, {'type': 30, 'value': 40}]}"
1759013719,VERY_LONG,,1,39001200,,"{'id': 172263, 'context': 13, 'bonus_lists': [6893, 7185], 'modifiers': [{'type': 9, 'value': 60}, {'type': 28, 'value': 391}, {'type': 29, 'value': 49}, {'type': 30, 'value': 36}]}"
1759013721,VERY_LONG,,1,39001200,,"{'id': 172263, 'context': 13, 'bonus_lists': [6893, 7185], 'modifiers': [{'type': 9, 'value': 60}, {'type': 28, 'value': 391}, {'type': 29, 'value': 49}, {'type': 30, 'value': 36}]}"
1759013723,VERY_LONG,,1,39001200,,"{'id': 172263, 'context': 13, 'bonus_lists': [6893, 7185], 'modifiers': [{'type': 9, 'value': 60}, {'type': 28, 'value': 391}, {'type': 29, 'value': 40}, {'type': 30, 'value': 49}]}"
1759013724,VERY_LONG,,1,39001200,,"{'id': 172263, 'context': 13, 'bonus_lists': [6893, 7185], 'modifiers': [{'type': 9, 'value': 60}, {'type': 28, 'value': 391}, {'type': 29, 'value': 40}, {'type': 30, 'value': 49}]}"
1759013725,VERY_LONG,,1,31000000,,"{'id': 171443, 'context': 13, 'bonus_lists': [6893, 7185], 'modifiers': [{'type': 9, 'value': 60}, {'type': 28, 'value': 391}, {'type': 29, 'value': 49}, {'type': 30, 'value': 40}]}"
1759013727,VERY_LONG,,1,31000000,,"{'id': 171443, 'context': 13, 'bonus_lists': [6893, 7185], 'modifiers': [{'type': 9, 'value': 60}, {'type': 28, 'value': 391}, {'type': 29, 'value': 49}, {'type': 30, 'value': 40}]}"
1759013728,VERY_LONG,,1,60000000,,"{'id': 171443, 'context': 13, 'bonus_lists': [6893, 7185], 'modifiers': [{'type': 9, 'value': 60}, {'type': 28, 'value': 391}, {'type': 29, 'value': 40}, {'type': 30, 'value': 36}]}"
1759013730,VERY_LONG,,1,60000000,,"{'id': 171443, 'context': 13, 'bonus_lists': [6893, 7185], 'modifiers': [{'type': 9, 'value': 60}, {'type': 28, 'value': 391}, {'type': 29, 'value': 36}, {'type': 30, 'value': 40}]}"
1759013731,VERY_LONG,,1,31200000,,"{'id': 171443, 'context': 13, 'bonus_lists': [6893, 7185], 'modifiers': [{'type': 9, 'value': 60}, {'type': 28, 'value': 391}, {'type': 29, 'value': 32}, {'type': 30, 'value': 40}]}"
1759013733,VERY_LONG,,1,39000000,,"{'id': 172253, 'context': 13, 'bonus_lists': [6893, 7185], 'modifiers': [{'type': 9, 'value': 60}, {'type': 28, 'value': 391}, {'type': 29, 'value': 32}, {'type': 30, 'value': 36}]}"
1759013735,VERY_LONG,,1,99990000,,"{'id': 172260, 'context': 13, 'bonus_lists': [6893, 7185], 'modifiers': [{'type': 9, 'value': 60}, {'type': 28, 'value': 391}, {'type': 29, 'value': 32}, {'type': 30, 'value': 36}]}"
1759013736,VERY_LONG,,1,99990000,,"{'id': 172260, 'context': 13, 'bonus_lists': [6893, 7185], 'modifiers': [{'type': 9, 'value': 60}, {'type': 28, 'value': 391}, {'type': 29, 'value': 32}, {'type': 30, 'value': 36}]}"
1759013738,VERY_LONG,,1,99990000,,"{'id': 171448, 'context': 13, 'bonus_lists': [6893, 7185], 'modifiers': [{'type': 9, 'value': 60}, {'type': 28, 'value': 391}, {'type': 29, 'value': 36}, {'type': 30, 'value': 49}]}"
1759013739,VERY_LONG,,1,99990000,,"{'id': 171448, 'context': 13, 'bonus_lists': [6893, 7185], 'modifiers': [{'type': 9, 'value': 60}, {'type': 28, 'value': 391}, {'type': 29, 'value': 36}, {'type': 30, 'value': 49}]}"
1759013740,VERY_LONG,,1,99990000,,"{'id': 171448, 'context': 13, 'bonus_lists': [6893, 7185], 'modifiers': [{'type': 9, 'value': 60}, {'type': 28, 'value': 391}, {'type': 29, 'value': 49}, {'type': 30, 'value': 40}]}"
1759013741,VERY_LONG,,1,99990000,,"{'id': 172262, 'context': 13, 'bonus_lists': [6893, 7185], 'modifiers': [{'type': 9, 'value': 60}, {'type': 28, 'value': 391}, {'type': 29, 'value': 49}, {'type': 30, 'value': 40}]}"
1759013743,VERY_LONG,,1,99990000,,"{'id': 172250, 'context': 13, 'bonus_lists': [6893, 7185], 'modifiers': [{'type': 9, 'value': 60}, {'type': 28, 'value': 391}, {'type': 29, 'value': 49}, {'type': 30, 'value': 36}]}"
1759013783,VERY_LONG,42217900,1,,,{'id': 137287}
1759013787,VERY_LONG,36383100,1,,,{'id': 129028}
1759013791,VERY_LONG,16361800,1,,,{'id': 137191}
1759013795,VERY_LONG,28334000,3,,,{'id': 129029}
1759013796,VERY_LONG,40400,27,,,{'id': 31671}
1759013802,VERY_LONG,3750000,1,,,{'id': 87885}
1759013814,VERY_LONG,49134900,1,,,{'id': 141898}
1759013818,VERY_LONG,19965200,1,,,{'id': 129019}
1759013821,VERY_LONG,25008900,2,,,{'id': 129021}
1759013825,VERY_LONG,34689200,1,,,{'id': 136825}
1759013829,VERY_LONG,26500900,1,,,{'id': 137293}
1759013832,VERY_LONG,4708500,2,,,{'id': 139288}
1759013837,VERY_LONG,350000,1,,,{'id': 171285}
1759013841,VERY_LONG,23487800,1,,,{'id': 129017}
1759013844,VERY_LONG,7150000,1,,,{'id': 139437}
1759013848,VERY_LONG,19888600,1,,,{'id': 139338}
1759013851,LONG,494700,62,,,{'id': 171268}
1759013862,VERY_LONG,,1,19994600,,"{'id': 87565, 'context': 0}"
1759013865,VERY_LONG,300000,7,,,{'id': 172096}
1759013947,VERY_LONG,21000000,3,,,{'id': 173070}
1759013949,VERY_LONG,18500000,2,,,{'id': 173098}
1759013955,VERY_LONG,21790000,1,,,{'id': 137274}
1759013959,VERY_LONG,19500000,3,,,{'id': 173097}
1759013963,VERY_LONG,8234800,4,,,{'id': 168642}
1759013968,VERY_LONG,34872200,2,,,{'id': 168419}
1759013972,VERY_LONG,8997900,2,,,{'id': 173162}
1759013987,VERY_LONG,19142500,2,,,{'id': 136826}
1759013989,VERY_LONG,10986000,3,,,{'id': 173160}
1759013991,VERY_LONG,1270000,4,,,{'id': 173123}
1759013996,VERY_LONG,20000000,1,,,{'id': 173086}
1759014005,VERY_LONG,4568500,2,,,{'id': 139339}
1759014007,VERY_LONG,9880000,4,,,{'id': 172042}
1759014008,VERY_LONG,3750000,2,,,{'id': 154166}
1759014009,VERY_LONG,17500000,10,,,{'id': 173161}
1759014011,VERY_LONG,,1,499994700,,"{'id': 183425, 'context': 28, 'bonus_lists': [6652, 1520, 5891, 6646]}"
1759014012,VERY_LONG,,1,688581900,,"{'id': 183425, 'context': 28, 'bonus_lists': [41, 1520, 5891, 6646]}"
1759014013,VERY_LONG,41668600,2,,,{'id': 152812}
1759014014,VERY_LONG,481800,4,,,{'id': 173130}
1759014015,VERY_LONG,8710000,2,,,{'id': 173163}
1759014016,VERY_LONG,405000,4,,,{'id': 173128}
1759014017,VERY_LONG,800000,2,,,{'id': 43551}
1759014018,VERY_LONG,,1,499990000,,"{'id': 183418, 'context': 28, 'bonus_lists': [6652, 1520, 5891, 6646]}"
1759014019,VERY_LONG,25015500,2,,,{'id': 137188}
1759014020,VERY_LONG,85000000,4,,,{'id': 173095}
1759014022,VERY_LONG,200000,2,,,{'id': 168640}
1759014024,VERY_LONG,39990000,3,,,{'id': 173073}
1759014025,VERY_LONG,34850100,2,,,{'id': 139417}
1759014027,VERY_LONG,79005100,3,,,{'id': 173088}
1759014028,VERY_LONG,10000000,2,,,{'id': 168427}
1759014029,VERY_LONG,89990000,5,,,{'id': 173104}
1759014030,VERY_LONG,10009700,11,,,{'id': 173049}
1759014031,VERY_LONG,2450000,2,,,{'id': 168638}
1759014033,VERY_LONG,343700,4,,,{'id': 173129}
1759014036,VERY_LONG,,1,1350000100,,"{'id': 87250, 'context': 0}"
1759014037,VERY_LONG,504500,3,,,{'id': 168639}
1759014039,VERY_LONG,26041100,2,,,{'id': 139270}
1759014040,VERY_LONG,29990000,5,,,{'id': 13511}
1759014041,VERY_LONG,89990000,5,,,{'id': 173099}
1759014043,VERY_LONG,1355600,4,,,{'id': 171428}
1759014044,VERY_LONG,880400,4,,,{'id': 173127}
1759014045,VERY_LONG,,1,999990000,,"{'id': 41508, 'context': 0}"
1759014046,VERY_LONG,3504000,5,,,{'id': 168636}
1759014047,VERY_LONG,56145100,3,,,{'id': 168637}
1759014049,VERY_LONG,320000,4,,,{'id': 172061}
1759014052,VERY_LONG,320000,60,,,{'id': 172061}
1759014055,VERY_LONG,1355600,104,,,{'id': 171428}
1759014058,VERY_LONG,,1,99990000,,"{'id': 172262, 'context': 13, 'bonus_lists': [6893, 7185], 'modifiers': [{'type': 9, 'value': 60}, {'type': 28, 'value': 391}, {'type': 29, 'value': 40}, {'type': 30, 'value': 49}]}"
1759014059,VERY_LONG,,1,99990000,,"{'id': 172262, 'context': 13, 'bonus_lists': [6893, 7185], 'modifiers': [{'type': 9, 'value': 60}, {'type': 28, 'value': 391}, {'type': 29, 'value': 32}, {'type': 30, 'value': 40}]}"
1759014061,VERY_LONG,,1,99990000,,"{'id': 172262, 'context': 13, 'bonus_lists': [6893, 7185], 'modifiers': [{'type': 9, 'value': 60}, {'type': 28, 'value': 391}, {'type': 29, 'value': 32}, {'type': 30, 'value': 36}]}"
1759014062,VERY_LONG,,1,99990000,,"{'id': 172262, 'context': 13, 'bonus_lists': [6893, 7185], 'modifiers': [{'type': 9, 'value': 60}, {'type': 28, 'value': 391}, {'type': 29, 'value': 32}, {'type': 30, 'value': 36}]}"
1759014064,VERY_LONG,,1,39000000,,"{'id': 172262, 'context': 13, 'bonus_lists': [6893, 7185], 'modifiers': [{'type': 9, 'value': 60}, {'type': 28, 'value': 391}, {'type': 29, 'value': 36}, {'type': 30, 'value': 40}]}"
1759014065,VERY_LONG,,1,39000000,,"{'id': 172262, 'context': 13, 'bonus_lists': [6893, 7185], 'modifiers': [{'type': 9, 'value': 60}, {'type': 28, 'value': 391}, {'type': 29, 'value': 40}, {'type': 30, 'value': 36}]}"
1759014066,VERY_LONG,,1,39000000,,"{'id': 172253, 'context': 13, 'bonus_lists': [6893, 7185], 'modifiers': [{'type': 9, 'value': 60}, {'type': 28, 'value': 391}, {'type': 29, 'value': 49}, {'type': 30, 'value': 40}]}"
1759014067,VERY_LONG,,1,99990000,,"{'id': 172253, 'context': 13, 'bonus_lists': [6893, 7185], 'modifiers': [{'type': 9, 'value': 60}, {'type': 28, 'value': 391}, {'type': 29, 'value': 49}, {'type': 30, 'value': 32}]}"
1759014068,VERY_LONG,,1,99990000,,"{'id': 172253, 'context': 13, 'bonus_lists': [6893, 7185], 'modifiers': [{'type': 9, 'value': 60}, {'type': 28, 'value': 391}, {'type': 29, 'value': 32}, {'type': 30, 'value': 40}]}"
1759014069,VERY_LONG,,1,39000000,,"{'id': 172253, 'context': 13, 'bonus_lists': [6893, 7185], 'modifiers': [{'type': 9, 'value': 60}, {'type': 28, 'value': 391}, {'type': 29, 'value': 32}, {'type': 30, 'value': 36}]}"
1759014070,VERY_LONG,,1,80000000,,"{'id': 172251, 'context': 13, 'bonus_lists': [6893, 7185], 'modifiers': [{'type': 9, 'value': 60}, {'type': 28, 'value': 391}, {'type': 29, 'value': 32}, {'type': 30, 'value': 40}]}"
1759014071,VERY_LONG,,1,38709100,,"{'id': 172265, 'context': 13, 'bonus_lists': [6893, 7185], 'modifiers': [{'type': 9, 'value': 60}, {'type': 28, 'value': 391}, {'type': 29, 'value': 36}, {'type': 30, 'value': 40}]}"
1759014073,VERY_LONG,,1,38709100,,"{'id': 172265, 'context': 13, 'bonus_lists': [6893, 7185], 'modifiers': [{'type': 9, 'value': 60}, {'type': 28, 'value': 391}, {'type': 29, 'value': 36}, {'type': 30, 'value': 49}]}"
1759014075,VERY_LONG,,1,38709100,,"{'id': 172265, 'context': 13, 'bonus_lists': [6893, 7185], 'modifiers': [{'type': 9, 'value': 60}, {'type': 28, 'value': 391}, {'type': 29, 'value': 49}, {'type': 30, 'value': 36}]}"
1759014076,VERY_LONG,,1,99990000,,"{'id': 172258, 'context': 13, 'bonus_lists': [6893, 7185], 'modifiers': [{'type': 9, 'value': 60}, {'type': 28, 'value': 391}, {'type': 29, 'value': 36}, {'type': 30, 'value': 32}]}"
1759014077,VERY_LONG,,1,99990000,,"{'id': 172258, 'context': 13, 'bonus_lists': [6893, 7185], 'modifiers': [{'type': 9, 'value': 60}, {'type': 28, 'value': 391}, {'type': 29, 'value': 32}, {'type': 30, 'value': 36}]}"
1759014079,VERY_LONG,,1,99990000,,"{'id': 172254, 'context': 13, 'bonus_lists': [6893, 7185], 'modifiers': [{'type': 9, 'value': 60}, {'type': 28, 'value': 391}, {'type': 29, 'value': 32}, {'type': 30, 'value': 36}]}"
1759014080,VERY_LONG,,1,99990000,,"{'id': 172254, 'context': 13, 'bonus_lists': [6893, 7185], 'modifiers': [{'type': 9, 'value': 60}, {'type': 28, 'value': 391}, {'type': 29, 'value': 36}, {'type': 30, 'value': 32}]}"
1759014082,VERY_LONG,,1,99990000,,"{'id': 172254, 'context': 13, 'bonus_lists': [6893, 7185], 'modifiers': [{'type': 9, 'value': 60}, {'type': 28, 'value': 391}, {'type': 29, 'value': 40}, {'type': 30, 'value': 36}]}"
1759014083,VERY_LONG,,1,99990000,,"{'id': 171444, 'context': 13, 'bonus_lists': [6893, 7185], 'modifiers': [{'type': 9, 'value': 60}, {'type': 28, 'value': 391}, {'type': 29, 'value': 40}, {'type': 30, 'value': 36}]}"
1759014085,VERY_LONG,,1,99990000,,"{'id': 171444, 'context': 13, 'bonus_lists': [6893, 7185], 'modifiers': [{'type': 9, 'value': 60}, {'type': 28, 'value': 391}, {'type': 29, 'value': 40}, {'type': 30, 'value': 36}]}"
1759014086,VERY_LONG,,1,99990000,,"{'id': 171444, 'context': 13, 'bonus_lists': [6893, 7185], 'modifiers': [{'type': 9, 'value': 60}, {'type': 28, 'value': 391}, {'type': 29, 'value': 40}, {'type': 30, 'value': 49}]}"
1759014087,VERY_LONG,,1,99990000,,"{'id': 171444, 'context': 13, 'bonus_lists': [6893, 7185], 'modifiers': [{'type': 9, 'value': 60}, {'type': 28, 'value': 391}, {'type': 29, 'value': 40}, {'type': 30, 'value': 49}]}"
1759014088,VERY_LONG,,1,39001400,,"{'id': 172257, 'context': 13, 'bonus_lists': [6893, 7185], 'modifiers': [{'type': 9, 'value': 60}, {'type': 28, 'value': 391}, {'type': 29, 'value': 49}, {'type': 30, 'value': 40}]}"
1759014089,VERY_LONG,,1,39001400,,"{'id': 172257, 'context': 13, 'bonus_lists': [6893, 7185], 'modifiers': [{'type': 9, 'value': 60}, {'type': 28, 'value': 391}, {'type': 29, 'value': 49}, {'type': 30, 'value': 40}]}"
1759014091,VERY_LONG,,1,39001400,,"{'id': 172257, 'context': 13, 'bonus_lists': [6893, 7185], 'modifiers': [{'type': 9, 'value': 60}, {'type': 28, 'value': 391}, {'type': 29, 'value': 36}, {'type': 30, 'value': 40}]}"
1759014092,VERY_LONG,,1,39001400,,"{'id': 172257, 'context': 13, 'bonus_lists': [6893, 7185], 'modifiers': [{'type': 9, 'value': 60}, {'type': 28, 'value': 391}, {'type': 29, 'value': 40}, {'type': 30, 'value': 36}]}"
1759014093,VERY_LONG,,1,99990000,,"{'id': 172257, 'context': 13, 'bonus_lists': [6893, 7185], 'modifiers': [{'type': 9, 'value': 60}, {'type': 28, 'value': 391}, {'type': 29, 'value': 40}, {'type': 30, 'value': 32}]}"
1759014094,VERY_LONG,,1,99990000,,"{'id': 172257, 'context': 13, 'bonus_lists': [6893, 7185], 'modifiers': [{'type': 9, 'value': 60}, {'type': 28, 'value': 391}, {'type': 29, 'value': 40}, {'type': 30, 'value': 32}]}"
1759014890,VERY_LONG,21790000,1,,,{'id': 137274}
1759014893,VERY_LONG,25015500,1,,,{'id': 137188}
1759014895,VERY_LONG,34850100,1,,,{'id': 139417}
1759014896,VERY_LONG,19142500,1,,,{'id': 136826}
1759014897,VERY_LONG,9880000,5,,,{'id': 172042}
1759014899,VERY_LONG,26041100,1,,,{'id': 139270}
1759014900,VERY_LONG,4568500,5,,,{'id': 139339}
1759014901,VERY_LONG,10009700,1,,,{'id': 173049}
1759014902,VERY_LONG,17500000,3,,,{'id': 173161}
1759015340,LONG,1820000,7,,,{'id': 7081}
1759015393,LONG,8500,100,,,{'id': 72235}
1759015404,LONG,690000,102,,,{'id': 52326}
1759015407,LONG,3800,100,,,{'id': 79010}
1759015409,LONG,5000,100,,,{'id': 72237}
1759015423,LONG,30000,2,,,{'id': 3819}
1759015480,LONG,10000,2,,,{'id': 34722}
1759015485,LONG,15000,42,,,{'id': 22573}
1759015494,LONG,11400,9,,,{'id': 158381}
1759015508,LONG,130000,30,,,{'id': 72985}
1759015527,LONG,,1,500000,,"{'id': 77530, 'context': 0}"
1759015544,LONG,10000,20,,,{'id': 2453}
1759015811,LONG,170000,40,,,{'id': 72986}
1759015813,LONG,50000,16,,,{'id': 154706}
1759015815,LONG,,1,5000000,,"{'id': 9302, 'context': 14, 'modifiers': [{'type': 28, 'value': 22}]}"
1759015819,LONG,250000,1,,,{'id': 31887}
1759015821,LONG,539000,1,,,{'id': 22452}
1759015822,LONG,9500,20,,,{'id': 72234}
1759015852,VERY_LONG,5500000,1,,,{'id': 172370}
1759015868,VERY_LONG,3000000,1,,,{'id': 177659}
1759015874,VERY_LONG,2470000,1,,,{'id': 172419}
1759015890,LONG,749900,7,,,{'id': 44922}
1759015894,LONG,390000,1,,,{'id': 104099}
1759015898,LONG,499700,1,,,{'id': 43398}
1759015904,VERY_LONG,330500,2,,,{'id': 172062}
1759015906,LONG,1200000,1,,,{'id': 80588}
1759015908,VERY_LONG,330500,20,,,{'id': 172062}
1759015911,VERY_LONG,330500,20,,,{'id': 172062}
1759015915,VERY_LONG,330500,20,,,{'id': 172062}
1759015916,LONG,1200000,4,,,{'id': 49084}
1759015921,VERY_LONG,666800,9,,,{'id': 171437}
1759017367,VERY_LONG,17500000,5,,,{'id': 173161}
1759017369,VERY_LONG,34872200,5,,,{'id': 168419}
1759017370,VERY_LONG,1355600,41,,,{'id': 171428}
1759017371,VERY_LONG,880400,10,,,{'id': 173127}
1759017372,VERY_LONG,3999700,5,,,{'id': 172364}
1759017374,VERY_LONG,10986000,5,,,{'id': 173160}
1759017375,VERY_LONG,3842800,47,,,{'id': 171270}
1759017376,VERY_LONG,3000000,1,,,{'id': 177659}
1759017377,VERY_LONG,3578900,3,,,{'id': 172412}
1759017379,VERY_LONG,11174200,1,,,{'id': 172366}
1759017985,VERY_LONG,,1,379840000,,"{'id': 172319, 'context': 65, 'bonus_lists': [6718, 1522]}"
1759017999,VERY_LONG,100001600,1,,,{'id': 46098}
1759018275,VERY_LONG,704200,1,,,{'id': 171315}
1759018277,VERY_LONG,3900,17,,,{'id': 14047}
1759018280,VERY_LONG,130000,8,,,{'id': 169701}
1759018281,VERY_LONG,37800,20,,,{'id': 33470}
1759018283,VERY_LONG,2200,1,,,{'id': 43013}
1759018285,VERY_LONG,5000,18,,,{'id': 72237}
1759018286,VERY_LONG,874500,2,,,{'id': 52327}
1759018291,VERY_LONG,20000,18,,,{'id': 124118}
1759018292,VERY_LONG,2000,87,,,{'id': 151567}
1759018294,VERY_LONG,10000,2,,,{'id': 4306}
1759018300,VERY_LONG,20000,74,,,{'id': 124437}
1759018322,VERY_LONG,100000,4,,,{'id': 43011}
1759018323,VERY_LONG,,1,4940000,,"{'id': 50452, 'context': 0, 'modifiers': [{'type': 28, 'value': 1023}]}"
1759018325,VERY_LONG,7000,1,,,{'id': 69237}
1759018336,VERY_LONG,130000,1,,,{'id': 104108}
1759018337,VERY_LONG,9290000,5,,,{'id': 172362}
1759018338,VERY_LONG,3750000,1,,,{'id': 87885}
1759018339,VERY_LONG,490000,19,,,{'id': 173124}
1759018340,VERY_LONG,10009700,5,,,{'id': 173049}
1759018341,VERY_LONG,1006100,1,,,{'id': 87881}
1759018342,VERY_LONG,1200000,1,,,{'id': 49084}
1759018343,VERY_LONG,5853800,1,,,{'id': 87392}
1759018344,VERY_LONG,1355600,9,,,{'id': 171428}
1759018345,VERY_LONG,5709400,5,,,{'id': 172415}
1759018346,VERY_LONG,5000000,1,,,{'id': 43334}
1759018347,VERY_LONG,2290600,1,,,{'id': 45768}
1759018348,VERY_LONG,2450000,1,,,{'id': 41100}
1759018349,VERY_LONG,1200000,1,,,{'id': 80588}
1759018350,VERY_LONG,390000,1,,,{'id': 104099}
1759018351,VERY_LONG,1500000,1,,,{'id': 43366}
1759018352,VERY_LONG,2747000,2,,,{'id': 172410}
1759018353,VERY_LONG,1424900,1,,,{'id': 79538}
1759018354,VERY_LONG,3842800,3,,,{'id': 171270}
1759018355,VERY_LONG,8710000,2,,,{'id': 173163}
1759018356,VERY_LONG,500000,1,,,{'id': 43373}
1759018357,VERY_LONG,18996000,4,,,{'id': 173067}
1759018358,VERY_LONG,3000000,4,,,{'id': 177659}
1759018359,VERY_LONG,8997900,1,,,{'id': 173162}
1759018360,VERY_LONG,481800,8,,,{'id': 173130}
1759018361,VERY_LONG,1509900,30,,,{'id': 171351}
1759018362,VERY_LONG,1337900,1,,,{'id': 118061}
1759018363,VERY_LONG,3578900,2,,,{'id': 172412}
1759018364,VERY_LONG,1270000,30,,,{'id': 173123}
1759018417,VERY_LONG,338100,11,,,{'id': 173065}
1759018418,VERY_LONG,10009700,8,,,{'id': 173049}
1759018419,VERY_LONG,800000,2,,,{'id': 49908}
1759018420,LONG,,1,14890000,,"{'id': 171417, 'context': 63, 'bonus_lists': [6716, 1487]}"
1759018421,LONG,,1,10005900,,"{'id': 114234, 'context': 13, 'bonus_lists': [130, 525, 534]}"
1759018422,LONG,,1,10004500,,"{'id': 114235, 'context': 13, 'bonus_lists': [62, 525, 533]}"
1759018423,LONG,,1,10004500,,"{'id': 114235, 'context': 13, 'bonus_lists': [76, 525, 534]}"
1759018424,LONG,,1,10005900,,"{'id': 114234, 'context': 13, 'bonus_lists': [105, 525, 533]}"
1759018427,LONG,,1,5002600,,"{'id': 171446, 'context': 13, 'bonus_lists': [6893], 'modifiers': [{'type': 9, 'value': 60}, {'type': 28, 'value': 391}, {'type': 29, 'value': 32}, {'type': 30, 'value': 40}]}"
1759018444,LONG,,1,10000000,,"{'id': 171446, 'context': 13, 'bonus_lists': [6893, 7180], 'modifiers': [{'type': 9, 'value': 60}, {'type': 28, 'value': 391}, {'type': 29, 'value': 36}, {'type': 30, 'value': 40}]}"
1759018453,LONG,,1,10000000,,"{'id': 171442, 'context': 13, 'bonus_lists': [6893, 7180], 'modifiers': [{'type': 9, 'value': 60}, {'type': 28, 'value': 391}, {'type': 29, 'value': 40}, {'type': 30, 'value': 36}]}"
1759018455,LONG,,1,10000000,,"{'id': 171442, 'context': 13, 'bonus_lists': [6893, 7180], 'modifiers': [{'type': 9, 'value': 60}, {'type': 28, 'value': 391}, {'type': 29, 'value': 32}, {'type': 30, 'value': 49}]}"
1759018458,LONG,,1,10000000,,"{'id': 171445, 'context': 13, 'bonus_lists': [6893], 'modifiers': [{'type': 9, 'value': 60}, {'type': 28, 'value': 391}, {'type': 29, 'value': 36}, {'type': 30, 'value': 32}]}"
1759018463,LONG,,1,10000000,,"{'id': 171448, 'context': 13, 'bonus_lists': [6893, 7180], 'modifiers': [{'type': 9, 'value': 60}, {'type': 28, 'value': 391}, {'type': 29, 'value': 32}, {'type': 30, 'value': 49}]}"
1759018466,LONG,,1,10000000,,"{'id': 171448, 'context': 13, 'bonus_lists': [6893, 7180], 'modifiers': [{'type': 9, 'value': 60}, {'type': 28, 'value': 391}, {'type': 29, 'value': 49}, {'type': 30, 'value': 32}]}"
1759018490,VERY_LONG,,1,10000000,,"{'id': 171444, 'context': 13, 'bonus_lists': [6893, 7180], 'modifiers': [{'type': 9, 'value': 60}, {'type': 28, 'value': 391}, {'type': 29, 'value': 32}, {'type': 30, 'value': 49}]}"
1759018491,VERY_LONG,,1,10000000,,"{'id': 171444, 'context': 13, 'bonus_lists': [6893, 7180], 'modifiers': [{'type': 9, 'value': 60}, {'type': 28, 'value': 391}, {'type': 29, 'value': 32}, {'type': 30, 'value': 36}]}"
1759018492,VERY_LONG,,1,10000000,,"{'id': 171444, 'context': 13, 'bonus_lists': [6893, 7180], 'modifiers': [{'type': 9, 'value': 60}, {'type': 28, 'value': 391}, {'type': 29, 'value': 36}, {'type': 30, 'value': 32}]}"
1759018496,VERY_LONG,,1,10003700,,"{'id': 114237, 'context': 13, 'bonus_lists': [72, 525, 533]}"
1759018498,VERY_LONG,,1,10004500,,"{'id': 114235, 'context': 13, 'bonus_lists': [208, 525, 534]}"
1759018502,VERY_LONG,,1,10000700,,"{'id': 11302, 'context': 0, 'bonus_lists': [6658], 'modifiers': [{'type': 9, 'value': 30}, {'type': 28, 'value': 1004}]}"
1759018508,VERY_LONG,,1,908200,,"{'id': 13013, 'context': 0, 'bonus_lists': [6658], 'modifiers': [{'type': 9, 'value': 30}, {'type': 28, 'value': 1004}]}"
1759018511,VERY_LONG,8990000,10,,,{'id': 12363}
1759018515,VERY_LONG,93500,12,,,{'id': 3860}
1759018520,VERY_LONG,333700,1,,,{'id': 173129}
1759018523,VERY_LONG,399600,2,,,{'id': 12800}
1759018528,VERY_LONG,8900,1,,,{'id': 7909}
1759018529,VERY_LONG,,1,342220000,,"{'id': 137686, 'context': 13, 'modifiers': [{'type': 28, 'value': 872}]}"
1759018534,VERY_LONG,1250000,2,,,{'id': 173123}
1759018540,VERY_LONG,3899700,1,,,{'id': 172364}
1759018543,VERY_LONG,10001600,1,,,{'id': 44463}
1759018547,VERY_LONG,8994600,1,,,{'id': 38963}
1759018550,VERY_LONG,439200,2,,,{'id': 7911}
1759018795,VERY_LONG,,1,17124500,,"{'id': 173050, 'context': 13, 'modifiers': [{'type': 29, 'value': 36}, {'type': 30, 'value': 32}]}"
1759018807,VERY_LONG,,1,30010500,,"{'id': 173054, 'context': 13, 'modifiers': [{'type': 29, 'value': 40}, {'type': 30, 'value': 32}]}"
1759018812,VERY_LONG,,1,19999100,,"{'id': 173428, 'context': 13, 'modifiers': [{'type': 29, 'value': 49}, {'type': 30, 'value': 40}]}"
1759020532,LONG,40000,1317,,,{'id': 172089}
1759020534,LONG,130200,5,,,{'id': 172230}
1759020535,LONG,444200,68,,,{'id': 168589}
1759020536,LONG,6600,6,,,{'id': 72988}
1759020537,LONG,449400,3,,,{'id': 173204}
1759020544,LONG,250000,35,,,{'id': 172096}
1759020545,LONG,2900,16,,,{'id': 172052}
1759020546,LONG,15000,6,,,{'id': 179314}
1759020551,LONG,12200,96,,,{'id': 172092}
1759020552,LONG,19400,11,,,{'id': 172054}
1759020554,LONG,550000,5,,,{'id': 172231}
1759021949,VERY_LONG,,1,50000000,,"{'id': 173144, 'context': 13, 'bonus_lists': [7185], 'modifiers': [{'type': 9, 'value': 60}, {'type': 29, 'value': 36}]}"
1759021990,VERY_LONG,,1,50000000,,"{'id': 173144, 'context': 13, 'bonus_lists': [7185], 'modifiers': [{'type': 9, 'value': 60}, {'type': 29, 'value': 36}]}"
1759021997,VERY_LONG,,1,50000000,,"{'id': 173144, 'context': 13, 'bonus_lists': [7185], 'modifiers': [{'type': 9, 'value': 60}, {'type': 29, 'value': 36}]}"
1759022002,VERY_LONG,,1,29694300,,"{'id': 173144, 'context': 13, 'bonus_lists': [7185], 'modifiers': [{'type': 9, 'value': 60}, {'type': 29, 'value': 49}]}"
1759022004,VERY_LONG,,1,35769500,,"{'id': 173131, 'context': 13, 'bonus_lists': [7185], 'modifiers': [{'type': 9, 'value': 60}, {'type': 29, 'value': 36}]}"
1759022009,VERY_LONG,,1,35769500,,"{'id': 173131, 'context': 13, 'bonus_lists': [7185], 'modifiers': [{'type': 9, 'value': 60}, {'type': 29, 'value': 36}]}"
1759022011,VERY_LONG,,1,35769500,,"{'id': 173131, 'context': 13, 'bonus_lists': [7185], 'modifiers': [{'type': 9, 'value': 60}, {'type': 29, 'value': 36}]}"
1759022016,VERY_LONG,,1,14450000,,"{'id': 173222, 'context': 0, 'bonus_lists': [6893, 7185], 'modifiers': [{'type': 9, 'value': 60}, {'type': 28, 'value': 391}, {'type': 29, 'value': 49}, {'type': 30, 'value': 40}]}"
1759022020,VERY_LONG,,1,14450000,,"{'id': 173222, 'context': 0, 'bonus_lists': [6893, 7185], 'modifiers': [{'type': 9, 'value': 60}, {'type': 28, 'value': 391}, {'type': 29, 'value': 40}, {'type': 30, 'value': 49}]}"
1759022027,VERY_LONG,,1,14450000,,"{'id': 173222, 'context': 0, 'bonus_lists': [6893, 7185], 'modifiers': [{'type': 9, 'value': 60}, {'type': 28, 'value': 391}, {'type': 29, 'value': 32}, {'type': 30, 'value': 40}]}"
1759022031,VERY_LONG,,1,78000000,,"{'id': 173215, 'context': 0, 'bonus_lists': [6893, 7185], 'modifiers': [{'type': 9, 'value': 60}, {'type': 28, 'value': 391}, {'type': 29, 'value': 32}, {'type': 30, 'value': 36}]}"
1759022036,VERY_LONG,,1,78000000,,"{'id': 173215, 'context': 0, 'bonus_lists': [6893, 7185], 'modifiers': [{'type': 9, 'value': 60}, {'type': 28, 'value': 391}, {'type': 29, 'value': 36}, {'type': 30, 'value': 32}]}"
1759022039,VERY_LONG,,1,78000000,,"{'id': 173215, 'context': 0, 'bonus_lists': [6893, 7185], 'modifiers': [{'type': 9, 'value': 60}, {'type': 28, 'value': 391}, {'type': 29, 'value': 36}, {'type': 30, 'value': 40}]}"
1759022043,VERY_LONG,,1,78000000,,"{'id': 173215, 'context': 0, 'bonus_lists': [6893, 7185], 'modifiers': [{'type': 9, 'value': 60}, {'type': 28, 'value': 391}, {'type': 29, 'value': 32}, {'type': 30, 'value': 40}]}"
1759022072,VERY_LONG,,1,78000000,,"{'id': 173215, 'context': 0, 'bonus_lists': [6893, 7185], 'modifiers': [{'type': 9, 'value': 60}, {'type': 28, 'value': 391}, {'type': 29, 'value': 40}, {'type': 30, 'value': 32}]}"
1759022075,VERY_LONG,,1,27916700,,"{'id': 173146, 'context': 13, 'bonus_lists': [7185], 'modifiers': [{'type': 9, 'value': 60}, {'type': 29, 'value': 40}]}"
1759022081,VERY_LONG,,1,27916700,,"{'id': 173146, 'context': 13, 'bonus_lists': [7185], 'modifiers': [{'type': 9, 'value': 60}, {'type': 29, 'value': 40}]}"
1759022087,VERY_LONG,,1,27916700,,"{'id': 173146, 'context': 13, 'bonus_lists': [7185], 'modifiers': [{'type': 9, 'value': 60}, {'type': 29, 'value': 40}]}"
1759022091,VERY_LONG,,1,27916700,,"{'id': 173146, 'context': 13, 'bonus_lists': [7185], 'modifiers': [{'type': 9, 'value': 60}, {'type': 29, 'value': 32}]}"
1759022093,VERY_LONG,,1,27916700,,"{'id': 173146, 'context': 13, 'bonus_lists': [7185], 'modifiers': [{'type': 9, 'value': 60}, {'type': 29, 'value': 32}]}"
1759022097,VERY_LONG,,1,50000000,,"{'id': 173145, 'context': 13, 'bonus_lists': [7185], 'modifiers': [{'type': 9, 'value': 60}, {'type': 29, 'value': 32}]}"
1759022100,VERY_LONG,,1,50000000,,"{'id': 173145, 'context': 13, 'bonus_lists': [7185], 'modifiers': [{'type': 9, 'value': 60}, {'type': 29, 'value': 32}]}"
1759023104,VERY_LONG,,1,50000000,,"{'id': 173145, 'context': 13, 'bonus_lists': [7185], 'modifiers': [{'type': 9, 'value': 60}, {'type': 29, 'value': 32}]}"
1759023108,VERY_LONG,,1,27876300,,"{'id': 173145, 'context': 13, 'bonus_lists': [7185], 'modifiers': [{'type': 9, 'value': 60}, {'type': 29, 'value': 40}]}"
1759023112,VERY_LONG,,1,27876300,,"{'id': 173145, 'context': 13, 'bonus_lists': [7185], 'modifiers': [{'type': 9, 'value': 60}, {'type': 29, 'value': 40}]}"
1759023116,VERY_LONG,,1,27876300,,"{'id': 173145, 'context': 13, 'bonus_lists': [7185], 'modifiers': [{'type': 9, 'value': 60}, {'type': 29, 'value': 40}]}"
1759023121,VERY_LONG,,1,16440000,,"{'id': 173220, 'context': 0, 'bonus_lists': [6893, 7185], 'modifiers': [{'type': 9, 'value': 60}, {'type': 28, 'value': 391}, {'type': 29, 'value': 32}, {'type': 30, 'value': 49}]}"
1759023126,VERY_LONG,,1,16440000,,"{'id': 173220, 'context': 0, 'bonus_lists': [6893, 7185], 'modifiers': [{'type': 9, 'value': 60}, {'type': 28, 'value': 391}, {'type': 29, 'value': 32}, {'type': 30, 'value': 49}]}"
1759023130,VERY_LONG,,1,17989400,,"{'id': 173221, 'context': 0, 'bonus_lists': [6893, 7185], 'modifiers': [{'type': 9, 'value': 60}, {'type': 28, 'value': 391}, {'type': 29, 'value': 49}, {'type': 30, 'value': 32}]}"
1759023133,VERY_LONG,,1,17989400,,"{'id': 173221, 'context': 0, 'bonus_lists': [6893, 7185], 'modifiers': [{'type': 9, 'value': 60}, {'type': 28, 'value': 391}, {'type': 29, 'value': 49}, {'type': 30, 'value': 32}]}"
1759023136,VERY_LONG,,1,17989400,,"{'id': 173221, 'context': 0, 'bonus_lists': [6893, 7185], 'modifiers': [{'type': 9, 'value': 60}, {'type': 28, 'value': 391}, {'type': 29, 'value': 36}, {'type': 30, 'value': 32}]}"
1759023139,VERY_LONG,,1,17989400,,"{'id': 173221, 'context': 0, 'bonus_lists': [6893, 7185], 'modifiers': [{'type': 9, 'value': 60}, {'type': 28, 'value': 391}, {'type': 29, 'value': 32}, {'type': 30, 'value': 36}]}"
1759023142,VERY_LONG,,1,9900000,,"{'id': 173214, 'context': 0, 'bonus_lists': [6893, 7185], 'modifiers': [{'type': 9, 'value': 60}, {'type': 28, 'value': 391}, {'type': 29, 'value': 49}, {'type': 30, 'value': 32}]}"
1759023145,VERY_LONG,,1,9900000,,"{'id': 173214, 'context': 0, 'bonus_lists': [6893, 7185], 'modifiers': [{'type': 9, 'value': 60}, {'type': 28, 'value': 391}, {'type': 29, 'value': 32}, {'type': 30, 'value': 49}]}"
1759023146,VERY_LONG,,1,9990000,,"{'id': 173214, 'context': 0, 'bonus_lists': [6893, 7185], 'modifiers': [{'type': 9, 'value': 60}, {'type': 28, 'value': 391}, {'type': 29, 'value': 36}, {'type': 30, 'value': 32}]}"
1759023147,VERY_LONG,,1,12000000,,"{'id': 173214, 'context': 0, 'bonus_lists': [6893, 7185], 'modifiers': [{'type': 9, 'value': 60}, {'type': 28, 'value': 391}, {'type': 29, 'value': 32}, {'type': 30, 'value': 40}]}"
1759023148,VERY_LONG,,1,11000000,,"{'id': 173216, 'context': 0, 'bonus_lists': [6893, 7185], 'modifiers': [{'type': 9, 'value': 60}, {'type': 28, 'value': 391}, {'type': 29, 'value': 32}, {'type': 30, 'value': 40}]}"
1759023149,VERY_LONG,,1,11000000,,"{'id': 173216, 'context': 0, 'bonus_lists': [6893, 7185], 'modifiers': [{'type': 9, 'value': 60}, {'type': 28, 'value': 391}, {'type': 29, 'value': 32}, {'type': 30, 'value': 40}]}"
1759023150,VERY_LONG,,1,11000000,,"{'id': 173216, 'context': 0, 'bonus_lists': [6893, 7185], 'modifiers': [{'type': 9, 'value': 60}, {'type': 28, 'value': 391}, {'type': 29, 'value': 36}, {'type': 30, 'value': 32}]}"
1759023151,VERY_LONG,,1,11000000,,"{'id': 173216, 'context': 0, 'bonus_lists': [6893, 7185], 'modifiers': [{'type': 9, 'value': 60}, {'type': 28, 'value': 391}, {'type': 29, 'value': 49}, {'type': 30, 'value': 32}]}"
1759023152,VERY_LONG,,1,25971400,,"{'id': 173147, 'context': 13, 'bonus_lists': [7185], 'modifiers': [{'type': 9, 'value': 60}, {'type': 29, 'value': 36}]}"
1759023153,VERY_LONG,,1,25971400,,"{'id': 173147, 'context': 13, 'bonus_lists': [7185], 'modifiers': [{'type': 9, 'value': 60}, {'type': 29, 'value': 36}]}"
1759023154,VERY_LONG,,1,25971400,,"{'id': 173147, 'context': 13, 'bonus_lists': [7185], 'modifiers': [{'type': 9, 'value': 60}, {'type': 29, 'value': 49}]}"
1759023155,VERY_LONG,,1,25971400,,"{'id': 173147, 'context': 13, 'bonus_lists': [7185], 'modifiers': [{'type': 9, 'value': 60}, {'type': 29, 'value': 49}]}"
1759023156,VERY_LONG,,1,25971400,,"{'id': 173147, 'context': 13, 'bonus_lists': [7185], 'modifiers': [{'type': 9, 'value': 60}, {'type': 29, 'value': 49}]}"
1759023158,VERY_LONG,,1,8320000,,"{'id': 173218, 'context': 0, 'bonus_lists': [6893, 7185], 'modifiers': [{'type': 9, 'value': 60}, {'type': 28, 'value': 391}, {'type': 29, 'value': 40}, {'type': 30, 'value': 32}]}"
1759023160,VERY_LONG,,1,8320000,,"{'id': 173218, 'context': 0, 'bonus_lists': [6893, 7185], 'modifiers': [{'type': 9, 'value': 60}, {'type': 28, 'value': 391}, {'type': 29, 'value': 32}, {'type': 30, 'value': 40}]}"
1759023161,VERY_LONG,,1,15000000,,"{'id': 173218, 'context': 0, 'bonus_lists': [6893, 7185], 'modifiers': [{'type': 9, 'value': 60}, {'type': 28, 'value': 391}, {'type': 29, 'value': 32}, {'type': 30, 'value': 36}]}"
1759023162,VERY_LONG,,1,15000000,,"{'id': 173218, 'context': 0, 'bonus_lists': [6893, 7185], 'modifiers': [{'type': 9, 'value': 60}, {'type': 28, 'value': 391}, {'type': 29, 'value': 32}, {'type': 30, 'value': 36}]}"
1759023164,VERY_LONG,,1,58728800,,"{'id': 173217, 'context': 0, 'bonus_lists': [6893, 7185], 'modifiers': [{'type': 9, 'value': 60}, {'type': 28, 'value': 391}, {'type': 29, 'value': 49}, {'type': 30, 'value': 32}]}"
1759023165,VERY_LONG,,1,58728800,,"{'id': 173217, 'context': 0, 'bonus_lists': [6893, 7185], 'modifiers': [{'type': 9, 'value': 60}, {'type': 28, 'value': 391}, {'type': 29, 'value': 49}, {'type': 30, 'value': 32}]}"
1759023167,VERY_LONG,,1,16690000,,"{'id': 173217, 'context': 0, 'bonus_lists': [6893, 7185], 'modifiers': [{'type': 9, 'value': 60}, {'type': 28, 'value': 391}, {'type': 29, 'value': 40}, {'type': 30, 'value': 36}]}"
1759023168,VERY_LONG,,1,16690000,,"{'id': 173217, 'context': 0, 'bonus_lists': [6893, 7185], 'modifiers': [{'type': 9, 'value': 60}, {'type': 28, 'value': 391}, {'type': 29, 'value': 36}, {'type': 30, 'value': 40}]}"
1759023169,VERY_LONG,,1,9990000,,"{'id': 173219, 'context': 0, 'bonus_lists': [6893, 7185], 'modifiers': [{'type': 9, 'value': 60}, {'type': 28, 'value': 391}, {'type': 29, 'value': 32}, {'type': 30, 'value': 40}]}"
1759023170,VERY_LONG,,1,9990000,,"{'id': 173219, 'context': 0, 'bonus_lists': [6893, 7185], 'modifiers': [{'type': 9, 'value': 60}, {'type': 28, 'value': 391}, {'type': 29, 'value': 32}, {'type': 30, 'value': 40}]}"
1759023739,VERY_LONG,,1,17009400,,"{'id': 173221, 'context': 0, 'bonus_lists': [6893, 7185], 'modifiers': [{'type': 9, 'value': 60}, {'type': 28, 'value': 391}, {'type': 29, 'value': 36}, {'type': 30, 'value': 40}]}"
1759023740,VERY_LONG,,1,17009400,,"{'id': 173221, 'context': 0, 'bonus_lists': [6893, 7185], 'modifiers': [{'type': 9, 'value': 60}, {'type': 28, 'value': 391}, {'type': 29, 'value': 40}, {'type': 30, 'value': 36}]}"
1759023743,VERY_LONG,,1,17989500,,"{'id': 173221, 'context': 0, 'bonus_lists': [6893, 7185], 'modifiers': [{'type': 9, 'value': 60}, {'type': 28, 'value': 391}, {'type': 29, 'value': 40}, {'type': 30, 'value': 32}]}"
1759023746,VERY_LONG,,1,17989500,,"{'id': 173221, 'context': 0, 'bonus_lists': [6893, 7185], 'modifiers': [{'type': 9, 'value': 60}, {'type': 28, 'value': 391}, {'type': 29, 'value': 32}, {'type': 30, 'value': 40}]}"
1759023747,VERY_LONG,,1,78000000,,"{'id': 173215, 'context': 0, 'bonus_lists': [6893, 7185], 'modifiers': [{'type': 9, 'value': 60}, {'type': 28, 'value': 391}, {'type': 29, 'value': 40}, {'type': 30, 'value': 36}]}"
1759023750,VERY_LONG,,1,78000000,,"{'id': 173215, 'context': 0, 'bonus_lists': [6893, 7185], 'modifiers': [{'type': 9, 'value': 60}, {'type': 28, 'value': 391}, {'type': 29, 'value': 36}, {'type': 30, 'value': 49}]}"
1759023752,VERY_LONG,,1,9950000,,"{'id': 173219, 'context': 0, 'bonus_lists': [6893, 7185], 'modifiers': [{'type': 9, 'value': 60}, {'type': 28, 'value': 391}, {'type': 29, 'value': 36}, {'type': 30, 'value': 32}]}"
1759023755,VERY_LONG,,1,9950000,,"{'id': 173219, 'context': 0, 'bonus_lists': [6893, 7185], 'modifiers': [{'type': 9, 'value': 60}, {'type': 28, 'value': 391}, {'type': 29, 'value': 32}, {'type': 30, 'value': 36}]}"
1759023758,VERY_LONG,,1,9990000,,"{'id': 173219, 'context': 0, 'bonus_lists': [6893, 7185], 'modifiers': [{'type': 9, 'value': 60}, {'type': 28, 'value': 391}, {'type': 29, 'value': 32}, {'type': 30, 'value': 49}]}"
1759023762,VERY_LONG,,1,9990000,,"{'id': 173219, 'context': 0, 'bonus_lists': [6893, 7185], 'modifiers': [{'type': 9, 'value': 60}, {'type': 28, 'value': 391}, {'type': 29, 'value': 49}, {'type': 30, 'value': 32}]}"
1759023766,VERY_LONG,,1,26980000,,"{'id': 173219, 'context': 0, 'bonus_lists': [6893, 7185], 'modifiers': [{'type': 9, 'value': 60}, {'type': 28, 'value': 391}, {'type': 29, 'value': 36}, {'type': 30, 'value': 40}]}"
1759023769,VERY_LONG,,1,26980000,,"{'id': 173219, 'context': 0, 'bonus_lists': [6893, 7185], 'modifiers': [{'type': 9, 'value': 60}, {'type': 28, 'value': 391}, {'type': 29, 'value': 40}, {'type': 30, 'value': 36}]}"
1759023774,VERY_LONG,,1,26979000,,"{'id': 173219, 'context': 0, 'bonus_lists': [6893, 7185], 'modifiers': [{'type': 9, 'value': 60}, {'type': 28, 'value': 391}, {'type': 29, 'value': 49}, {'type': 30, 'value': 40}]}"
1759023778,VERY_LONG,,1,26979000,,"{'id': 173219, 'context': 0, 'bonus_lists': [6893, 7185], 'modifiers': [{'type': 9, 'value': 60}, {'type': 28, 'value': 391}, {'type': 29, 'value': 40}, {'type': 30, 'value': 49}]}"
1759023781,VERY_LONG,,1,9990000,,"{'id': 173219, 'context': 0, 'bonus_lists': [6893, 7185], 'modifiers': [{'type': 9, 'value': 60}, {'type': 28, 'value': 391}, {'type': 29, 'value': 49}, {'type': 30, 'value': 36}]}"
1759023786,VERY_LONG,,1,99990000,,"{'id': 173214, 'context': 0, 'bonus_lists': [6893, 7185], 'modifiers': [{'type': 9, 'value': 60}, {'type': 28, 'value': 391}, {'type': 29, 'value': 49}, {'type': 30, 'value': 36}]}"
1759023790,VERY_LONG,,1,9990000,,"{'id': 173214, 'context': 0, 'bonus_lists': [6893, 7185], 'modifiers': [{'type': 9, 'value': 60}, {'type': 28, 'value': 391}, {'type': 29, 'value': 32}, {'type': 30, 'value': 36}]}"
1759023793,VERY_LONG,,1,12000000,,"{'id': 173214, 'context': 0, 'bonus_lists': [6893, 7185], 'modifiers': [{'type': 9, 'value': 60}, {'type': 28, 'value': 391}, {'type': 29, 'value': 40}, {'type': 30, 'value': 32}]}"
1759023796,VERY_LONG,,1,9990000,,"{'id': 173214, 'context': 0, 'bonus_lists': [6893, 7185], 'modifiers': [{'type': 9, 'value': 60}, {'type': 28, 'value': 391}, {'type': 29, 'value': 49}, {'type': 30, 'value': 40}]}"
1759023800,VERY_LONG,,1,16440000,,"{'id': 173220, 'context': 0, 'bonus_lists': [6893, 7185], 'modifiers': [{'type': 9, 'value': 60}, {'type': 28, 'value': 391}, {'type': 29, 'value': 40}, {'type': 30, 'value': 32}]}"
1759023804,VERY_LONG,,1,16440000,,"{'id': 173220, 'context': 0, 'bonus_lists': [6893, 7185], 'modifiers': [{'type': 9, 'value': 60}, {'type': 28, 'value': 391}, {'type': 29, 'value': 40}, {'type': 30, 'value': 49}]}"
1759023807,VERY_LONG,,1,16450000,,"{'id': 173220, 'context': 0, 'bonus_lists': [6893, 7185], 'modifiers': [{'type': 9, 'value': 60}, {'type': 28, 'value': 391}, {'type': 29, 'value': 36}, {'type': 30, 'value': 49}]}"
1759023812,VERY_LONG,,1,16450000,,"{'id': 173220, 'context': 0, 'bonus_lists': [6893, 7185], 'modifiers': [{'type': 9, 'value': 60}, {'type': 28, 'value': 391}, {'type': 29, 'value': 49}, {'type': 30, 'value': 36}]}"
1759023821,VERY_LONG,,1,11000000,,"{'id': 173216, 'context': 0, 'bonus_lists': [6893, 7185], 'modifiers': [{'type': 9, 'value': 60}, {'type': 28, 'value': 391}, {'type': 29, 'value': 32}, {'type': 30, 'value': 49}]}"
1759023827,VERY_LONG,,1,11000000,,"{'id': 173216, 'context': 0, 'bonus_lists': [6893, 7185], 'modifiers': [{'type': 9, 'value': 60}, {'type': 28, 'value': 391}, {'type': 29, 'value': 36}, {'type': 30, 'value': 40}]}"
1759023838,VERY_LONG,,1,11000000,,"{'id': 173216, 'context': 0, 'bonus_lists': [6893, 7185], 'modifiers': [{'type': 9, 'value': 60}, {'type': 28, 'value': 391}, {'type': 29, 'value': 40}, {'type': 30, 'value': 36}]}"
1759023846,VERY_LONG,,1,14450000,,"{'id': 173222, 'context': 0, 'bonus_lists': [6893, 7185], 'modifiers': [{'type': 9, 'value': 60}, {'type': 28, 'value': 391}, {'type': 29, 'value': 40}, {'type': 30, 'value': 32}]}"
1759023854,VERY_LONG,,1,14450000,,"{'id': 173222, 'context': 0, 'bonus_lists': [6893, 7185], 'modifiers': [{'type': 9, 'value': 60}, {'type': 28, 'value': 391}, {'type': 29, 'value': 36}, {'type': 30, 'value': 32}]}"
1759023861,VERY_LONG,,1,14450000,,"{'id': 173222, 'context': 0, 'bonus_lists': [6893, 7185], 'modifiers': [{'type': 9, 'value': 60}, {'type': 28, 'value': 391}, {'type': 29, 'value': 40}, {'type': 30, 'value': 36}]}"
1759023867,VERY_LONG,,1,14450000,,"{'id': 173222, 'context': 0, 'bonus_lists': [6893, 7185], 'modifiers': [{'type': 9, 'value': 60}, {'type': 28, 'value': 391}, {'type': 29, 'value': 32}, {'type': 30, 'value': 49}]}"
1759023872,VERY_LONG,,1,14450000,,"{'id': 173222, 'context': 0, 'bonus_lists': [6893, 7185], 'modifiers': [{'type': 9, 'value': 60}, {'type': 28, 'value': 391}, {'type': 29, 'value': 49}, {'type': 30, 'value': 32}]}"
1759023875,VERY_LONG,,1,16690000,,"{'id': 173217, 'context': 0, 'bonus_lists': [6893, 7185], 'modifiers': [{'type': 9, 'value': 60}, {'type': 28, 'value': 391}, {'type': 29, 'value': 49}, {'type': 30, 'value': 40}]}"
1759023878,VERY_LONG,,1,16690000,,"{'id': 173217, 'context': 0, 'bonus_lists': [6893, 7185], 'modifiers': [{'type': 9, 'value': 60}, {'type': 28, 'value': 391}, {'type': 29, 'value': 40}, {'type': 30, 'value': 49}]}"
1759023881,VERY_LONG,,1,16690000,,"{'id': 173217, 'context': 0, 'bonus_lists': [6893, 7185], 'modifiers': [{'type': 9, 'value': 60}, {'type': 28, 'value': 391}, {'type': 29, 'value': 40}, {'type': 30, 'value': 32}]}"
1759023883,VERY_LONG,,1,16690000,,"{'id': 173217, 'context': 0, 'bonus_lists': [6893, 7185], 'modifiers': [{'type': 9, 'value': 60}, {'type': 28, 'value': 391}, {'type': 29, 'value': 40}, {'type': 30, 'value': 32}]}"
1759023887,VERY_LONG,,1,8320000,,"{'id': 173218, 'context': 0, 'bonus_lists': [6893, 7185], 'modifiers': [{'type': 9, 'value': 60}, {'type': 28, 'value': 391}, {'type': 29, 'value': 40}, {'type': 30, 'value': 36}]}"
1759023890,VERY_LONG,,1,8320000,,"{'id': 173218, 'context': 0, 'bonus_lists': [6893, 7185], 'modifiers': [{'type': 9, 'value': 60}, {'type': 28, 'value': 391}, {'type': 29, 'value': 40}, {'type': 30, 'value': 36}]}"
1759023892,VERY_LONG,,1,15000000,,"{'id': 173218, 'context': 0, 'bonus_lists': [6893, 7185], 'modifiers': [{'type': 9, 'value': 60}, {'type': 28, 'value': 391}, {'type': 29, 'value': 49}, {'type': 30, 'value': 32}]}"
1759023897,VERY_LONG,,1,15000000,,"{'id': 173218, 'context': 0, 'bonus_lists': [6893, 7185], 'modifiers': [{'type': 9, 'value': 60}, {'type': 28, 'value': 391}, {'type': 29, 'value': 40}, {'type': 30, 'value': 49}]}"
1759023900,VERY_LONG,,1,27916700,,"{'id': 173146, 'context': 13, 'bonus_lists': [7185], 'modifiers': [{'type': 9, 'value': 60}, {'type': 29, 'value': 49}]}"
1759023903,VERY_LONG,,1,27916700,,"{'id': 173146, 'context': 13, 'bonus_lists': [7185], 'modifiers': [{'type': 9, 'value': 60}, {'type': 29, 'value': 49}]}"
1759023908,VERY_LONG,,1,27876300,,"{'id': 173145, 'context': 13, 'bonus_lists': [7185], 'modifiers': [{'type': 9, 'value': 60}, {'type': 29, 'value': 36}]}"
1759023910,VERY_LONG,,1,27876300,,"{'id': 173145, 'context': 13, 'bonus_lists': [7185], 'modifiers': [{'type': 9, 'value': 60}, {'type': 29, 'value': 36}]}"
1759023913,VERY_LONG,,1,27876300,,"{'id': 173145, 'context': 13, 'bonus_lists': [7185], 'modifiers': [{'type': 9, 'value': 60}, {'type': 29, 'value': 36}]}"
1759023915,VERY_LONG,,1,29694300,,"{'id': 173144, 'context': 13, 'bonus_lists': [7185], 'modifiers': [{'type': 9, 'value': 60}, {'type': 29, 'value': 49}]}"
1759023944,VERY_LONG,,1,29694300,,"{'id': 173144, 'context': 13, 'bonus_lists': [7185], 'modifiers': [{'type': 9, 'value': 60}, {'type': 29, 'value': 49}]}"
1759023947,VERY_LONG,,1,29694300,,"{'id': 173144, 'context': 13, 'bonus_lists': [7185], 'modifiers': [{'type': 9, 'value': 60}, {'type': 29, 'value': 32}]}"
1759023950,VERY_LONG,,1,29694300,,"{'id': 173144, 'context': 13, 'bonus_lists': [7185], 'modifiers': [{'type': 9, 'value': 60}, {'type': 29, 'value': 32}]}"
1759023954,VERY_LONG,,1,49990000,,"{'id': 173133, 'context': 13, 'bonus_lists': [7185], 'modifiers': [{'type': 9, 'value': 60}, {'type': 29, 'value': 49}]}"
1759023957,VERY_LONG,,1,33209500,,"{'id': 173131, 'context': 13, 'bonus_lists': [7185], 'modifiers': [{'type': 9, 'value': 60}, {'type': 29, 'value': 32}]}"
1759023960,VERY_LONG,,1,31009500,,"{'id': 173131, 'context': 13, 'bonus_lists': [7185], 'modifiers': [{'type': 9, 'value': 60}, {'type': 29, 'value': 49}]}"
1759023962,VERY_LONG,,1,31009500,,"{'id': 173131, 'context': 13, 'bonus_lists': [7185], 'modifiers': [{'type': 9, 'value': 60}, {'type': 29, 'value': 49}]}"
1759023965,VERY_LONG,,1,31009500,,"{'id': 173131, 'context': 13, 'bonus_lists': [7185], 'modifiers': [{'type': 9, 'value': 60}, {'type': 29, 'value': 49}]}"
1759023967,VERY_LONG,,1,25971400,,"{'id': 173147, 'context': 13, 'bonus_lists': [7185], 'modifiers': [{'type': 9, 'value': 60}, {'type': 29, 'value': 40}]}"
1759026144,VERY_LONG,,1,97800100,,"{'id': 116690, 'context': 31}"
1759026145,VERY_LONG,,1,97800100,,"{'id': 116690, 'context': 11}"
1759026147,VERY_LONG,,1,97800100,,"{'id': 116690, 'context': 31}"
1759026148,VERY_LONG,,1,97800100,,"{'id': 116690, 'context': 31}"
1759026152,VERY_LONG,330200,20,,,{'id': 9333}
1759026156,VERY_LONG,,1,99110100,,"{'id': 140363, 'context': 0}"
1759026158,VERY_LONG,,1,32000500,,"{'id': 82800, 'context': 0, 'modifiers': [{'type': 6, 'value': 63446}], 'pet_breed_id': 14, 'pet_level': 25, 'pet_quality_id': 3, 'pet_species_id': 1662}"
1759026160,VERY_LONG,330100,7,,,{'id': 128650}
1759026162,VERY_LONG,,1,3330100,,"{'id': 59, 'context': 0}"
1759026165,VERY_LONG,,1,6153800,,"{'id': 11027, 'context': 0}"
1759026166,VERY_LONG,,1,6153800,,"{'id': 11027, 'context': 0}"
1759026169,VERY_LONG,,1,3012300,,"{'id': 7471, 'context': 54, 'bonus_lists': [1680, 4277], 'modifiers': [{'type': 9, 'value': 25}]}"
1759026171,VERY_LONG,,1,80100,,"{'id': 128310, 'context': 31}"
1759026172,VERY_LONG,,1,80100,,"{'id': 128310, 'context': 31}"
1759026174,VERY_LONG,,1,2220100,,"{'id': 52, 'context': 0}"
1759026177,VERY_LONG,,1,1220100,,"{'id': 20918, 'context': 0}"
1759026182,VERY_LONG,,1,71881700,,"{'id': 116692, 'context': 11}"
1759026186,VERY_LONG,,1,31110100,,"{'id': 34086, 'context': 0}"
1759026190,VERY_LONG,,1,444300,,"{'id': 15291, 'context': 53, 'bonus_lists': [1693, 4281], 'modifiers': [{'type': 9, 'value': 24}]}"
1759026197,VERY_LONG,,1,1187100,,"{'id': 12835, 'context': 1}"
1759026210,VERY_LONG,910000,1,,,{'id': 31883}
1759026221,VERY_LONG,510000,1,,,{'id': 31898}
1759026231,VERY_LONG,,1,1047200,,"{'id': 10257, 'context': 1, 'bonus_lists': [1680]}"
1759026258,VERY_LONG,,1,3180200,,"{'id': 1396, 'context': 0}"
1759026265,VERY_LONG,,1,4441800,,"{'id': 13134, 'context': 1}"
1759026464,VERY_LONG,,1,33156400,,"{'id': 82800, 'context': 0, 'modifiers': [{'type': 6, 'value': 64194}], 'pet_breed_id': 3, 'pet_level': 25, 'pet_quality_id': 3, 'pet_species_id': 1687}"
1759026465,VERY_LONG,,1,2180100,,"{'id': 21947, 'context': 1}"
1759026466,VERY_LONG,,1,33330600,,"{'id': 13897, 'context': 0}"
1759026467,VERY_LONG,,1,71451900,,"{'id': 116691, 'context': 11}"
1759029830,VERY_LONG,8024600,34,,,{'id': 132514}
1759029906,VERY_LONG,,1,159662500,,"{'id': 178926, 'context': 64, 'bonus_lists': [6717, 7193, 1507]}"
1759029938,VERY_LONG,,1,177091000,,"{'id': 178926, 'context': 65, 'bonus_lists': [6718, 7193, 1522]}"
1759029970,VERY_LONG,,1,354420000,,"{'id': 178926, 'context': 66, 'bonus_lists': [6758, 7194, 1532]}"
1759029972,VERY_LONG,,1,354420000,,"{'id': 178926, 'context': 66, 'bonus_lists': [6758, 7194, 1532]}"
1759029999,VERY_LONG,,1,134380000,,"{'id': 178927, 'context': 64, 'bonus_lists': [6717, 7194, 1507]}"
1759030004,VERY_LONG,,1,188600000,,"{'id': 178927, 'context': 65, 'bonus_lists': [6718, 7194, 1522]}"
1759030012,VERY_LONG,,1,195010000,,"{'id': 178927, 'context': 66, 'bonus_lists': [6758, 7193, 1532]}"
1759030031,VERY_LONG,18996000,17,,,{'id': 173067}
1759030075,VERY_LONG,8710000,9,,,{'id': 173163}
1759030087,VERY_LONG,8997900,5,,,{'id': 173162}
1759030097,VERY_LONG,17500000,3,,,{'id': 173161}
1759030111,VERY_LONG,10986000,3,,,{'id': 173160}
1759030198,VERY_LONG,,1,9908000,,"{'id': 177806, 'context': 0, 'bonus_lists': [6908, 6652, 1713], 'modifiers': [{'type': 9, 'value': 60}, {'type': 28, 'value': 2060}]}"
1759030207,VERY_LONG,2466800,20,,,{'id': 171275}
1759030221,VERY_LONG,,1,5003300,,"{'id': 176799, 'context': 0, 'bonus_lists': [6908, 6652, 1692], 'modifiers': [{'type': 9, 'value': 54}, {'type': 28, 'value': 1707}]}"
1759030222,LONG,,1,134380000,,"{'id': 178927, 'context': 64, 'bonus_lists': [6717, 7193, 1507]}"
1759030223,LONG,,1,37610000,,"{'id': 178927, 'context': 63, 'bonus_lists': [6716, 7193, 1487]}"
1759030224,LONG,,1,177091000,,"{'id': 178926, 'context': 65, 'bonus_lists': [6718, 7193, 1522]}"
1759030230,VERY_LONG,,1,3000700,,"{'id': 176985, 'context': 0, 'bonus_lists': [6907, 6652, 7193, 1715], 'modifiers': [{'type': 9, 'value': 52}, {'type': 28, 'value': 1707}]}"
1759030236,VERY_LONG,,1,5000000,,"{'id': 176980, 'context': 0, 'bonus_lists': [6907, 6652, 1716], 'modifiers': [{'type': 9, 'value': 60}, {'type': 28, 'value': 1707}]}"
1759030248,VERY_LONG,,1,7776200,,"{'id': 176977, 'context': 0, 'bonus_lists': [6907, 6652, 1692], 'modifiers': [{'type': 9, 'value': 51}, {'type': 28, 'value': 1707}]}"
1759030265,VERY_LONG,,1,5500000,,"{'id': 176975, 'context': 0, 'bonus_lists': [6907, 6652, 7194, 1707], 'modifiers': [{'type': 9, 'value': 60}, {'type': 28, 'value': 1707}]}"
1759030287,VERY_LONG,,1,51229700,,"{'id': 176786, 'context': 0, 'bonus_lists': [6907, 6652, 7193, 1678], 'modifiers': [{'type': 9, 'value': 60}, {'type': 28, 'value': 1707}]}"
1759030294,VERY_LONG,,1,9001500,,"{'id': 175565, 'context': 0, 'bonus_lists': [6907, 1716], 'modifiers': [{'type': 9, 'value': 60}, {'type': 28, 'value': 1707}]}"
1759030307,VERY_LONG,,1,10005400,,"{'id': 175549, 'context': 0, 'bonus_lists': [6907, 1677], 'modifiers': [{'type': 9, 'value': 60}, {'type': 28, 'value': 1707}]}"
1759030309,VERY_LONG,,1,25971400,,"{'id': 173147, 'context': 13, 'bonus_lists': [7185], 'modifiers': [{'type': 9, 'value': 60}, {'type': 29, 'value': 49}]}"
1759030313,VERY_LONG,,1,27916700,,"{'id': 173146, 'context': 13, 'bonus_lists': [7185], 'modifiers': [{'type': 9, 'value': 60}, {'type': 29, 'value': 32}]}"
1759030323,VERY_LONG,,1,27876300,,"{'id': 173145, 'context': 13, 'bonus_lists': [7185], 'modifiers': [{'type': 9, 'value': 60}, {'type': 29, 'value': 36}]}"
1759030328,VERY_LONG,,1,29694300,,"{'id': 173144, 'context': 13, 'bonus_lists': [7185], 'modifiers': [{'type': 9, 'value': 60}, {'type': 29, 'value': 49}]}"
1759030343,LONG,,1,359115300,,"{'id': 172325, 'context': 65, 'bonus_lists': [6718, 7193, 1522]}"
1759030347,LONG,,1,200009800,,"{'id': 172325, 'context': 64, 'bonus_lists': [6717, 7194, 1507]}"
1759030350,VERY_LONG,,1,9902100,,"{'id': 10088, 'context': 1, 'bonus_lists': [6654, 1693], 'modifiers': [{'type': 9, 'value': 48}, {'type': 28, 'value': 1922}]}"
1759030352,VERY_LONG,481800,5,,,{'id': 173130}
1759030355,VERY_LONG,333700,10,,,{'id': 173129}
1759030357,VERY_LONG,880400,10,,,{'id': 173127}
1759030361,VERY_LONG,3500000,20,,,{'id': 172347}
1759030366,VERY_LONG,361900,2,,,{'id': 180318}
1759030392,VERY_LONG,15500,2,,,{'id': 171264}
1759030406,VERY_LONG,300000,41,,,{'id': 172096}
1759030410,VERY_LONG,12997800,2,,,{'id': 46849}
1759030414,LONG,2969800,10,,,{'id': 173037}
1759030425,VERY_LONG,,1,4700700,,"{'id': 82800, 'context': 0, 'modifiers': [{'type': 6, 'value': 99856}], 'pet_breed_id': 16, 'pet_level': 1, 'pet_quality_id': 2, 'pet_species_id': 2946}"
1759030430,VERY_LONG,,1,247000000,,"{'id': 82800, 'context': 0, 'modifiers': [{'type': 6, 'value': 36211}], 'pet_breed_id': 11, 'pet_level': 1, 'pet_quality_id': 3, 'pet_species_id': 277}"
1759030440,VERY_LONG,,1,1500000,,"{'id': 82800, 'context': 0, 'modifiers': [{'type': 6, 'value': 88060}], 'pet_breed_id': 6, 'pet_level': 1, 'pet_quality_id': 3, 'pet_species_id': 2468}"
1759030446,VERY_LONG,,1,26609100,,"{'id': 82800, 'context': 0, 'modifiers': [{'type': 6, 'value': 64425}], 'pet_breed_id': 8, 'pet_level': 1, 'pet_quality_id': 3, 'pet_species_id': 1690}"
1759030453,VERY_LONG,,1,15509500,,"{'id': 82800, 'context': 0, 'modifiers': [{'type': 6, 'value': 60016}], 'pet_breed_id': 20, 'pet_level': 1, 'pet_quality_id': 3, 'pet_species_id': 1541}"
1759030458,VERY_LONG,,1,61500000,,"{'id': 82800, 'context': 0, 'modifiers': [{'type': 6, 'value': 51279}], 'pet_breed_id': 22, 'pet_level': 1, 'pet_quality_id': 3, 'pet_species_id': 1336}"
1759030466,VERY_LONG,9454200,2,,,{'id': 89868}
1759030472,VERY_LONG,,1,18000000,,"{'id': 111660, 'context': 11}"
1759030521,VERY_LONG,7180000,15,,,{'id': 172097}
1759030801,LONG,405000,4070,,,{'id': 168586}
1759030940,LONG,8024600,13,,,{'id': 132514}
1759031035,VERY_LONG,,1,134380000,,"{'id': 178927, 'context': 64, 'bonus_lists': [6717, 7193, 1507]}"
1759031037,VERY_LONG,,1,134380000,,"{'id': 178927, 'context': 64, 'bonus_lists': [6717, 7194, 1507]}"
1759031038,VERY_LONG,,1,379840000,,"{'id': 172319, 'context': 65, 'bonus_lists': [6718, 1522]}"
1759031039,VERY_LONG,,1,379840000,,"{'id': 172319, 'context': 65, 'bonus_lists': [6718, 1522]}"
1759031040,VERY_LONG,,1,359115300,,"{'id': 172325, 'context': 65, 'bonus_lists': [6718, 7193, 1522]}"
1759031041,VERY_LONG,,1,200009800,,"{'id': 172325, 'context': 64, 'bonus_lists': [6717, 7193, 1507]}"
1759031043,VERY_LONG,,1,200009800,,"{'id': 172325, 'context': 64, 'bonus_lists': [6717, 7193, 1507]}"
1759031044,VERY_LONG,,1,599990000,,"{'id': 172316, 'context': 64, 'bonus_lists': [6717, 1507]}"
1759032155,VERY_LONG,,1,15002500,,"{'id': 67146, 'context': 0, 'bonus_lists': [6660], 'modifiers': [{'type': 9, 'value': 35}, {'type': 28, 'value': 53}]}"
1759032160,VERY_LONG,,1,90000000,,"{'id': 82800, 'context': 0, 'modifiers': [{'type': 6, 'value': 79641}], 'pet_breed_id': 8, 'pet_level': 1, 'pet_quality_id': 3, 'pet_species_id': 2084}"
1759032162,VERY_LONG,,1,90000000,,"{'id': 82800, 'context': 0, 'modifiers': [{'type': 6, 'value': 79641}], 'pet_breed_id': 8, 'pet_level': 1, 'pet_quality_id': 3, 'pet_species_id': 2084}"
1759032165,VERY_LONG,,1,4990000,,"{'id': 82800, 'context': 0, 'modifiers': [{'type': 6, 'value': 47731}], 'pet_breed_id': 4, 'pet_level': 1, 'pet_quality_id': 3, 'pet_species_id': 1180}"
1759032169,VERY_LONG,,1,250000100,,"{'id': 22281, 'context': 0}"
1759032172,VERY_LONG,,1,200000000,,"{'id': 22279, 'context': 0}"
1759032174,VERY_LONG,,1,200000000,,"{'id': 22279, 'context': 14}"
1759032183,VERY_LONG,,1,250000100,,"{'id': 15138, 'context': 0}"
1759032186,VERY_LONG,,1,250000100,,"{'id': 15138, 'context': 0}"
1759032189,VERY_LONG,,1,250000100,,"{'id': 15138, 'context': 0}"
1759032198,VERY_LONG,13826000,1,,,{'id': 31903}
1759032204,VERY_LONG,248500,2,,,{'id': 52191}
1759032208,VERY_LONG,1780300,1,,,{'id': 52194}
1759032211,VERY_LONG,2500,1,,,{'id': 108649}
1759032221,VERY_LONG,2000000,99,,,{'id': 76734}
1759032249,VERY_LONG,,1,4500000,,"{'id': 184479, 'context': 0}"
1759032250,VERY_LONG,,1,4500000,,"{'id': 184479, 'context': 0}"
1759032251,VERY_LONG,,1,4500000,,"{'id': 184479, 'context': 0}"
1759032252,VERY_LONG,,1,4500000,,"{'id': 184479, 'context': 0}"
1759032253,VERY_LONG,,1,4500000,,"{'id': 184479, 'context': 0}"
1759032254,VERY_LONG,,1,4500000,,"{'id': 184479, 'context': 0}"
1759032255,VERY_LONG,,1,4500000,,"{'id': 184479, 'context': 0}"
1759032256,VERY_LONG,,1,4500000,,"{'id': 184479, 'context': 0}"
1759032257,VERY_LONG,,1,4500000,,"{'id': 184479, 'context': 0}"
1759032485,VERY_LONG,698000,20,,,{'id': 51950}
1759032504,VERY_LONG,899000,88,,,{'id': 52186}
1759032516,VERY_LONG,3498000,2,,,{'id': 184308}
1759032520,VERY_LONG,700000,30,,,{'id': 171315}
1759032522,VERY_LONG,405000,2175,,,{'id': 168586}
1759032531,VERY_LONG,1590000,2,,,{'id': 172232}
1759032551,VERY_LONG,,1,39750000,,"{'id': 173245, 'context': 64, 'bonus_lists': [6717, 7194, 1507]}"
1759032606,VERY_LONG,130000,1756,,,{'id': 169701}
1759032646,VERY_LONG,405000,4784,,,{'id': 168586}
1759032657,VERY_LONG,700000,3,,,{'id': 171315}
1759032750,VERY_LONG,166000,839,,,{'id': 123918}
1759032765,VERY_LONG,163400,597,,,{'id': 123919}
1759032773,VERY_LONG,,1,35103000,,"{'id': 47635, 'context': 0, 'modifiers': [{'type': 28, 'value': 1988}]}"
1759032787,VERY_LONG,1328800,60,,,{'id': 124441}
1759032791,VERY_LONG,64300,22,,,{'id': 152579}
1759032794,VERY_LONG,107800,16,,,{'id': 152512}
1759032796,VERY_LONG,14900,10,,,{'id': 179314}
1759032799,VERY_LONG,39600,6,,,{'id': 179315}
1759032801,VERY_LONG,196100,1,,,{'id': 89112}
1759032805,VERY_LONG,62700,10,,,{'id': 173035}
1759032807,VERY_LONG,445000,9,,,{'id': 173034}
1759032812,VERY_LONG,12100,6,,,{'id': 172092}
1759032814,VERY_LONG,39600,30,,,{'id': 172089}
1759032815,VERY_LONG,39100,4,,,{'id': 172055}
1759032818,VERY_LONG,19300,12,,,{'id': 172054}
1759032821,VERY_LONG,495000,5,,,{'id': 172053}
1759032824,VERY_LONG,210200,39,,,{'id': 171831}
1759032831,VERY_LONG,9900,11,,,{'id': 168645}
1759032836,VERY_LONG,11500,3,,,{'id': 168303}
1759032847,VERY_LONG,39300,1,,,{'id': 169332}
1759032865,VERY_LONG,88300,4,,,{'id': 151564}
1759032872,VERY_LONG,73200,10,,,{'id': 168185}
1759032880,VERY_LONG,20200,4,,,{'id': 173032}
1759033048,VERY_LONG,3498000,10,,,{'id': 184308}
1759033085,VERY_LONG,,1,50000800,,"{'id': 55299, 'context': 1, 'bonus_lists': [6655, 1701], 'modifiers': [{'type': 9, 'value': 46}, {'type': 28, 'value': 1841}]}"
1759033093,VERY_LONG,,1,55000000,,"{'id': 36572, 'context': 1, 'bonus_lists': [6655, 1681], 'modifiers': [{'type': 9, 'value': 34}, {'type': 28, 'value': 1868}]}"
1759035105,VERY_LONG,,1,392191200,,"{'id': 25101, 'context': 0, 'bonus_lists': [6655, 1693], 'modifiers': [{'type': 9, 'value': 22}, {'type': 28, 'value': 1736}]}"
1759035118,VERY_LONG,,1,11190300,,"{'id': 15232, 'context': 1, 'bonus_lists': [6655, 1677], 'modifiers': [{'type': 9, 'value': 45}, {'type': 28, 'value': 1915}]}"
1759035124,VERY_LONG,,1,5000000,,"{'id': 55731, 'context': 1, 'bonus_lists': [6654, 1684], 'modifiers': [{'type': 9, 'value': 47}, {'type': 28, 'value': 1841}]}"
1759035130,VERY_LONG,,1,69513400,,"{'id': 55713, 'context': 1, 'bonus_lists': [6654, 1699], 'modifiers': [{'type': 9, 'value': 47}, {'type': 28, 'value': 1841}]}"
1759035135,VERY_LONG,,1,60000000,,"{'id': 55642, 'context': 1, 'bonus_lists': [6654, 1707], 'modifiers': [{'type': 9, 'value': 47}, {'type': 28, 'value': 1841}]}"
1759035140,VERY_LONG,,1,149107600,,"{'id': 55580, 'context': 1, 'bonus_lists': [6654, 1694], 'modifiers': [{'type': 9, 'value': 47}, {'type': 28, 'value': 1841}]}"
1759035147,VERY_LONG,,1,5000000,,"{'id': 55262, 'context': 1, 'bonus_lists': [6710], 'modifiers': [{'type': 9, 'value': 47}, {'type': 28, 'value': 1841}]}"
1759035152,VERY_LONG,,1,100000200,,"{'id': 45998, 'context': 0}"
1759035160,VERY_LONG,,1,38332400,,"{'id': 37760, 'context': 1, 'bonus_lists': [6658], 'modifiers': [{'type': 9, 'value': 39}, {'type': 28, 'value': 1875}]}"
1759035164,VERY_LONG,,1,22358600,,"{'id': 36384, 'context': 1, 'bonus_lists': [6654, 1691], 'modifiers': [{'type': 9, 'value': 39}, {'type': 28, 'value': 1875}]}"
1759035175,VERY_LONG,,1,37499800,,"{'id': 36326, 'context': 1, 'bonus_lists': [6654, 1678], 'modifiers': [{'type': 9, 'value': 37}, {'type': 28, 'value': 1872}]}"
1759035183,VERY_LONG,,1,23003800,,"{'id': 36190, 'context': 1, 'bonus_lists': [6654, 1708], 'modifiers': [{'type': 9, 'value': 40}, {'type': 28, 'value': 1869}]}"
1759035193,VERY_LONG,,1,6577200,,"{'id': 36168, 'context': 1, 'bonus_lists': [6654, 1693], 'modifiers': [{'type': 9, 'value': 39}, {'type': 28, 'value': 1875}]}"
1759035204,VERY_LONG,,1,12925000,,"{'id': 24972, 'context': 1, 'bonus_lists': [6654, 1707], 'modifiers': [{'type': 9, 'value': 23}, {'type': 28, 'value': 1890}]}"
1759035209,VERY_LONG,,1,80000000,,"{'id': 24923, 'context': 1, 'bonus_lists': [6654, 1695], 'modifiers': [{'type': 9, 'value': 13}, {'type': 28, 'value': 1885}]}"
1759035212,VERY_LONG,,1,12279800,,"{'id': 24822, 'context': 0, 'bonus_lists': [6654, 1692], 'modifiers': [{'type': 9, 'value': 28}, {'type': 28, 'value': 1736}]}"
1759035213,VERY_LONG,,1,51847400,,"{'id': 24723, 'context': 1, 'bonus_lists': [6654, 1691], 'modifiers': [{'type': 9, 'value': 16}, {'type': 28, 'value': 1886}]}"
1759035216,VERY_LONG,,1,28657100,,"{'id': 24721, 'context': 0, 'bonus_lists': [6654, 1707], 'modifiers': [{'type': 9, 'value': 29}, {'type': 28, 'value': 1736}]}"
1759035219,VERY_LONG,,1,14868400,,"{'id': 24607, 'context': 0, 'bonus_lists': [6654, 1681], 'modifiers': [{'type': 9, 'value': 27}, {'type': 28, 'value': 1736}]}"
1759035229,VERY_LONG,,1,63201600,,"{'id': 14117, 'context': 1, 'bonus_lists': [6654, 1681], 'modifiers': [{'type': 9, 'value': 46}, {'type': 28, 'value': 1907}]}"
1759035233,VERY_LONG,,1,5007800,,"{'id': 121012, 'context': 0, 'bonus_lists': [6654, 1702], 'modifiers': [{'type': 9, 'value': 44}, {'type': 28, 'value': 1699}]}"
1759035237,VERY_LONG,,1,11995800,,"{'id': 10096, 'context': 1, 'bonus_lists': [6654, 1705], 'modifiers': [{'type': 9, 'value': 46}, {'type': 28, 'value': 1907}]}"
1759035283,VERY_LONG,3211100,3,,,{'id': 159467}
1759035289,VERY_LONG,4860500,5,,,{'id': 159466}
1759035295,VERY_LONG,1458400,2,,,{'id': 159464}
1759035306,VERY_LONG,16100,3,,,{'id': 9313}
1759035314,VERY_LONG,138800,3,,,{'id': 9312}
1759035320,VERY_LONG,541700,1,,,{'id': 88487}
1759035327,VERY_LONG,50400,3,,,{'id': 39520}
1759035359,VERY_LONG,4700000,1,,,{'id': 171278}
1759035376,VERY_LONG,130000,5,,,{'id': 171271}
1759035395,VERY_LONG,1500000,5,,,{'id': 159826}
1759035396,VERY_LONG,1500000,3,,,{'id': 158377}
1759035398,VERY_LONG,500000,18,,,{'id': 154169}
1759035399,VERY_LONG,98400,10,,,{'id': 154168}
1759035400,VERY_LONG,,1,1287000,,"{'id': 172915, 'context': 13}"
1759035401,VERY_LONG,,1,1287000,,"{'id': 172915, 'context': 13}"
1759035402,VERY_LONG,,1,1287000,,"{'id': 172915, 'context': 13}"
1759035404,LONG,10009700,5,,,{'id': 173049}
1759035405,VERY_LONG,94800,1,,,{'id': 153512}
1759035408,LONG,,1,48990000,,"{'id': 82800, 'context': 0, 'modifiers': [{'type': 6, 'value': 99908}], 'pet_breed_id': 4, 'pet_level': 1, 'pet_quality_id': 3, 'pet_species_id': 2961}"
1759035409,VERY_LONG,29300,2,,,{'id': 153494}
1759035410,LONG,34872200,10,,,{'id': 168419}
1759035411,LONG,,1,44800000,,"{'id': 82800, 'context': 0, 'modifiers': [{'type': 6, 'value': 100928}], 'pet_breed_id': 14, 'pet_level': 1, 'pet_quality_id': 2, 'pet_species_id': 3028}"
1759035412,LONG,,1,57650000,,"{'id': 82800, 'context': 0, 'modifiers': [{'type': 6, 'value': 99851}], 'pet_breed_id': 3, 'pet_level': 1, 'pet_quality_id': 2, 'pet_species_id': 2918}"
1759035413,LONG,1400000,10,,,{'id': 172233}
1759035414,VERY_LONG,276600,2,,,{'id': 153490}
1759035415,VERY_LONG,38600,4,,,{'id': 152550}
1759035416,VERY_LONG,800000,2,,,{'id': 152497}
1759035417,LONG,259000,19,,,{'id': 171441}
1759035418,VERY_LONG,5102200,1,,,{'id': 136375}
1759035419,VERY_LONG,364600,2,,,{'id': 111522}
1759035420,VERY_LONG,11100,3,,,{'id': 8150}
1759035423,VERY_LONG,10000,1,,,{'id': 7972}
1759035428,VERY_LONG,690000,3,,,{'id': 52326}
1759035429,VERY_LONG,176700,1,,,{'id': 37703}
1759035432,VERY_LONG,1881700,4,,,{'id': 37702}
1759035433,VERY_LONG,8000,4,,,{'id': 37701}
1759035434,VERY_LONG,3506800,39,,,{'id': 171275}
1759035435,VERY_LONG,53800,1,,,{'id': 36920}
1759035439,VERY_LONG,353500,59,,,{'id': 36912}
1759035440,VERY_LONG,3900000,7,,,{'id': 36910}
1759035441,VERY_LONG,3920000000,1,,,{'id': 35627}
1759035442,VERY_LONG,788500,15,,,{'id': 172045}
1759035443,VERY_LONG,90000,4,,,{'id': 35624}
1759035444,VERY_LONG,70000,104,,,{'id': 33568}
1759035445,VERY_LONG,497500,36,,,{'id': 23424}
1759035447,VERY_LONG,189700,6,,,{'id': 22577}
1759035449,VERY_LONG,20000,1,,,{'id': 1705}
1759035451,VERY_LONG,700000,1,,,{'id': 12811}
1759035453,VERY_LONG,20000,4,,,{'id': 124437}
1759035456,VERY_LONG,50000,1,,,{'id': 124115}
1759035458,VERY_LONG,37500,1,,,{'id': 1210}
1759035462,VERY_LONG,709100,1,,,{'id': 1206}
1759035463,VERY_LONG,6552200,2,,,{'id': 116170}
1759035464,VERY_LONG,,1,5195200,,"{'id': 72011, 'context': 0}"
1759035466,VERY_LONG,,1,10008200,,"{'id': 69972, 'context': 5}"
1759035467,VERY_LONG,,1,9997600,,"{'id': 47639, 'context': 0}"
1759035469,VERY_LONG,,1,3859800,,"{'id': 27684, 'context': 11, 'modifiers': [{'type': 28, 'value': 1736}]}"
1759035472,VERY_LONG,,1,3191900,,"{'id': 82800, 'context': 0, 'modifiers': [{'type': 6, 'value': 5369}], 'pet_breed_id': 21, 'pet_level': 1, 'pet_quality_id': 2, 'pet_species_id': 52}"
1759035473,VERY_LONG,,1,1499900,,"{'id': 82800, 'context': 0, 'modifiers': [{'type': 6, 'value': 72658}], 'pet_breed_id': 7, 'pet_level': 1, 'pet_quality_id': 3, 'pet_species_id': 1934}"
1759035475,VERY_LONG,,1,52800,,"{'id': 82800, 'context': 0, 'modifiers': [{'type': 6, 'value': 61547}], 'pet_breed_id': 8, 'pet_level': 1, 'pet_quality_id': 2, 'pet_species_id': 1540}"
1759035476,VERY_LONG,270400,16,,,{'id': 42780}
1759035479,VERY_LONG,340300,1,,,{'id': 24246}
1759035481,VERY_LONG,96430100,6,,,{'id': 10593}
1759035484,VERY_LONG,12200,10,,,{'id': 128632}
1759035505,VERY_LONG,,1,1600000,,"{'id': 127856, 'context': 1}"
1759035506,VERY_LONG,,1,1600000,,"{'id': 127856, 'context': 1}"
1759035507,VERY_LONG,,1,1600000,,"{'id': 127856, 'context': 1}"
1759035509,VERY_LONG,,1,30000,,"{'id': 127748, 'context': 1}"
1759035511,VERY_LONG,,1,2500000,,"{'id': 103977, 'context': 0}"
1759035651,VERY_LONG,9800,1618,,,{'id': 152576}
1759038512,VERY_LONG,,1,580000000,516200000,"{'id': 184778, 'context': 5, 'bonus_lists': [7188, 6652, 1485, 6646], 'modifiers': [{'type': 28, 'value': 752}]}"
1759038513,VERY_LONG,,1,610000000,542900000,"{'id': 184788, 'context': 6, 'bonus_lists': [6652, 7193, 1472, 6646], 'modifiers': [{'type': 28, 'value': 753}]}"
1759038514,VERY_LONG,,1,610000000,542900000,"{'id': 184788, 'context': 1, 'bonus_lists': [6652, 7194, 1472, 6646], 'modifiers': [{'type': 28, 'value': 2044}]}"
1759038515,VERY_LONG,,1,2170000000,1931300000,"{'id': 183010, 'context': 6, 'bonus_lists': [7187, 6652, 1498, 6646], 'modifiers': [{'type': 28, 'value': 753}]}"
1759038516,VERY_LONG,,1,750000000,667500000,"{'id': 183010, 'context': 5, 'bonus_lists': [7188, 6652, 1485, 6646], 'modifiers': [{'type': 28, 'value': 752}]}"
1759038517,VERY_LONG,,1,930000000,860000000,"{'id': 184796, 'context': 0, 'bonus_lists': [6652, 1472, 6646], 'modifiers': [{'type': 28, 'value': 2060}]}"
1759038518,VERY_LONG,,1,930000000,860000000,"{'id': 184796, 'context': 0, 'bonus_lists': [6652, 1472, 6646], 'modifiers': [{'type': 28, 'value': 2060}]}"
1759038519,VERY_LONG,,1,930000000,860000000,"{'id': 184796, 'context': 0, 'bonus_lists': [6652, 1472, 6646], 'modifiers': [{'type': 28, 'value': 1707}]}"
1759038520,VERY_LONG,,1,640000000,569600000,"{'id': 184809, 'context': 0, 'bonus_lists': [6652, 1472, 6646], 'modifiers': [{'type': 28, 'value': 1707}]}"
1759038521,VERY_LONG,,1,640000000,569600000,"{'id': 184809, 'context': 0, 'bonus_lists': [6652, 1472, 6646], 'modifiers': [{'type': 28, 'value': 2060}]}"
1759038522,VERY_LONG,,1,1230000000,1094700000,"{'id': 184787, 'context': 0, 'bonus_lists': [6652, 1472, 6646], 'modifiers': [{'type': 28, 'value': 2060}]}"
1759038523,VERY_LONG,,1,1230000000,1094700000,"{'id': 184787, 'context': 0, 'bonus_lists': [6652, 1472, 6646], 'modifiers': [{'type': 28, 'value': 1707}]}"
1759038524,VERY_LONG,,1,2660000000,2460000000,"{'id': 182990, 'context': 6, 'bonus_lists': [7187, 6652, 1498, 6646], 'modifiers': [{'type': 28, 'value': 753}]}"
1759038525,VERY_LONG,,1,870000000,774300000,"{'id': 184806, 'context': 0, 'bonus_lists': [6652, 1472, 6646], 'modifiers': [{'type': 28, 'value': 2060}]}"
1759038526,VERY_LONG,,1,960000000,860000000,"{'id': 184795, 'context': 0, 'bonus_lists': [6652, 1472, 6646], 'modifiers': [{'type': 28, 'value': 1707}]}"
1759038527,VERY_LONG,,1,2360000000,2260000000,"{'id': 183031, 'context': 6, 'bonus_lists': [7187, 6652, 7193, 1498, 6646], 'modifiers': [{'type': 28, 'value': 753}]}"
1759038528,VERY_LONG,,1,2360000000,2260000000,"{'id': 183031, 'context': 6, 'bonus_lists': [7187, 6652, 7193, 1498, 6646], 'modifiers': [{'type': 28, 'value': 753}]}"
1759038529,VERY_LONG,,1,920000000,818800000,"{'id': 184793, 'context': 2, 'bonus_lists': [6652, 1472, 6646], 'modifiers': [{'type': 28, 'value': 748}]}"
1759038530,VERY_LONG,,1,920000000,818800000,"{'id': 184793, 'context': 0, 'bonus_lists': [6652, 1472, 6646], 'modifiers': [{'type': 28, 'value': 1707}]}"
1759038531,VERY_LONG,,1,920000000,818800000,"{'id': 184793, 'context': 0, 'bonus_lists': [6652, 1472, 6646], 'modifiers': [{'type': 28, 'value': 2060}]}"
1759038532,VERY_LONG,,1,890000000,860000000,"{'id': 183008, 'context': 5, 'bonus_lists': [7188, 6652, 1485, 6646], 'modifiers': [{'type': 28, 'value': 752}]}"
1759038533,VERY_LONG,,1,890000000,860000000,"{'id': 183008, 'context': 5, 'bonus_lists': [7188, 6652, 1485, 6646], 'modifiers': [{'type': 28, 'value': 752}]}"
1759038534,VERY_LONG,,1,720000000,660000000,"{'id': 184782, 'context': 0, 'bonus_lists': [6652, 1472, 6646], 'modifiers': [{'type': 28, 'value': 1707}]}"
1759038535,VERY_LONG,,1,720000000,660000000,"{'id': 184782, 'context': 0, 'bonus_lists': [6652, 1472, 6646], 'modifiers': [{'type': 28, 'value': 1707}]}"
1759038536,VERY_LONG,,1,720000000,660000000,"{'id': 184782, 'context': 1, 'bonus_lists': [6652, 1472, 6646], 'modifiers': [{'type': 28, 'value': 747}]}"
1759038537,VERY_LONG,,1,930000000,827700000,"{'id': 184794, 'context': 0, 'bonus_lists': [6652, 7193, 1472, 6646], 'modifiers': [{'type': 28, 'value': 1707}]}"
1759038538,VERY_LONG,,1,930000000,827700000,"{'id': 184794, 'context': 0, 'bonus_lists': [6652, 7194, 1472, 6646], 'modifiers': [{'type': 28, 'value': 2060}]}"
1759038539,VERY_LONG,,1,930000000,827700000,"{'id': 184794, 'context': 0, 'bonus_lists': [6652, 7194, 1472, 6646], 'modifiers': [{'type': 28, 'value': 2060}]}"
1759038540,VERY_LONG,,1,960000000,860000000,"{'id': 184786, 'context': 0, 'bonus_lists': [6652, 1472, 6646], 'modifiers': [{'type': 28, 'value': 1707}]}"
1759038670,VERY_LONG,,1,60007600,,"{'id': 151652, 'context': 13}"
1759038671,VERY_LONG,,1,60007600,,"{'id': 151652, 'context': 13}"
1759038672,VERY_LONG,,1,60007600,,"{'id': 151652, 'context': 13}"
1759038673,VERY_LONG,,1,30007700,,"{'id': 67032, 'context': 0, 'bonus_lists': [6658], 'modifiers': [{'type': 9, 'value': 41}]}"
1759038675,VERY_LONG,,1,150002500,,"{'id': 87494, 'context': 0, 'bonus_lists': [6658], 'modifiers': [{'type': 9, 'value': 41}]}"
1759038676,VERY_LONG,,1,2000001100,,"{'id': 10553, 'context': 0, 'bonus_lists': [3631, 6697], 'modifiers': [{'type': 9, 'value': 41}]}"
1759038820,VERY_LONG,,1,8903100,,"{'id': 173197, 'context': 0, 'bonus_lists': [6887, 7224], 'modifiers': [{'type': 9, 'value': 60}, {'type': 28, 'value': 391}, {'type': 29, 'value': 36}, {'type': 30, 'value': 40}]}"
1759038821,VERY_LONG,,1,8903100,,"{'id': 173197, 'context': 0, 'bonus_lists': [6887, 7224], 'modifiers': [{'type': 9, 'value': 60}, {'type': 28, 'value': 391}, {'type': 29, 'value': 36}, {'type': 30, 'value': 49}]}"
1759038822,VERY_LONG,,1,8903100,,"{'id': 173197, 'context': 0, 'bonus_lists': [6887, 7224], 'modifiers': [{'type': 9, 'value': 60}, {'type': 28, 'value': 391}, {'type': 29, 'value': 49}, {'type': 30, 'value': 36}]}"
1759038823,VERY_LONG,,1,8903100,,"{'id': 173197, 'context': 0, 'bonus_lists': [6887, 7224], 'modifiers': [{'type': 9, 'value': 60}, {'type': 28, 'value': 391}, {'type': 29, 'value': 49}, {'type': 30, 'value': 32}]}"
1759038828,VERY_LONG,,1,6260000,,"{'id': 173198, 'context': 0, 'bonus_lists': [6885, 7224], 'modifiers': [{'type': 9, 'value': 60}, {'type': 28, 'value': 391}, {'type': 29, 'value': 49}, {'type': 30, 'value': 32}]}"
1759038830,VERY_LONG,,1,6260000,,"{'id': 173198, 'context': 0, 'bonus_lists': [6885, 7224], 'modifiers': [{'type': 9, 'value': 60}, {'type': 28, 'value': 391}, {'type': 29, 'value': 40}, {'type': 30, 'value': 49}]}"
1759038832,VERY_LONG,,1,6260000,,"{'id': 173198, 'context': 0, 'bonus_lists': [6885, 7224], 'modifiers': [{'type': 9, 'value': 52}, {'type': 28, 'value': 391}, {'type': 29, 'value': 40}, {'type': 30, 'value': 32}]}"
1759038833,VERY_LONG,,1,6260000,,"{'id': 173198, 'context': 0, 'bonus_lists': [6885, 7224], 'modifiers': [{'type': 9, 'value': 52}, {'type': 28, 'value': 391}, {'type': 29, 'value': 49}, {'type': 30, 'value': 40}]}"
1759038835,VERY_LONG,,1,6260000,,"{'id': 173198, 'context': 0, 'bonus_lists': [6885, 7224], 'modifiers': [{'type': 9, 'value': 60}, {'type': 28, 'value': 391}, {'type': 29, 'value': 49}, {'type': 30, 'value': 40}]}"
1759038851,VERY_LONG,,1,6900000,,"{'id': 173199, 'context': 0, 'bonus_lists': [6890, 7224], 'modifiers': [{'type': 9, 'value': 60}, {'type': 28, 'value': 391}, {'type': 29, 'value': 49}, {'type': 30, 'value': 32}]}"
1759038852,VERY_LONG,,1,6900000,,"{'id': 173199, 'context': 0, 'bonus_lists': [6890, 7224], 'modifiers': [{'type': 9, 'value': 60}, {'type': 28, 'value': 391}, {'type': 29, 'value': 36}, {'type': 30, 'value': 49}]}"
1759038865,VERY_LONG,,1,9191100,,"{'id': 173200, 'context': 0, 'bonus_lists': [6885, 7224], 'modifiers': [{'type': 9, 'value': 60}, {'type': 28, 'value': 391}, {'type': 29, 'value': 40}, {'type': 30, 'value': 49}]}"
1759038866,VERY_LONG,,1,9191100,,"{'id': 173200, 'context': 0, 'bonus_lists': [6885, 7224], 'modifiers': [{'type': 9, 'value': 60}, {'type': 28, 'value': 391}, {'type': 29, 'value': 32}, {'type': 30, 'value': 40}]}"
1759038872,VERY_LONG,,1,6660000,,"{'id': 173216, 'context': 0, 'bonus_lists': [6893, 7185], 'modifiers': [{'type': 9, 'value': 60}, {'type': 28, 'value': 391}, {'type': 29, 'value': 32}, {'type': 30, 'value': 36}]}"
1759038874,VERY_LONG,,1,14450000,,"{'id': 173222, 'context': 0, 'bonus_lists': [6893, 7185], 'modifiers': [{'type': 9, 'value': 60}, {'type': 28, 'value': 391}, {'type': 29, 'value': 36}, {'type': 30, 'value': 40}]}"
1759038875,VERY_LONG,,1,16690000,,"{'id': 173217, 'context': 0, 'bonus_lists': [6893, 7185], 'modifiers': [{'type': 9, 'value': 60}, {'type': 28, 'value': 391}, {'type': 29, 'value': 32}, {'type': 30, 'value': 40}]}"
1759038879,VERY_LONG,,1,8320000,,"{'id': 173218, 'context': 0, 'bonus_lists': [6893, 7185], 'modifiers': [{'type': 9, 'value': 60}, {'type': 28, 'value': 391}, {'type': 29, 'value': 32}, {'type': 30, 'value': 40}]}"
1759038883,VERY_LONG,,1,16440000,,"{'id': 173220, 'context': 0, 'bonus_lists': [6893, 7224], 'modifiers': [{'type': 9, 'value': 60}, {'type': 28, 'value': 391}, {'type': 29, 'value': 49}, {'type': 30, 'value': 32}]}"
1759038889,VERY_LONG,,1,7280000,,"{'id': 173196, 'context': 0, 'bonus_lists': [6887, 7224], 'modifiers': [{'type': 9, 'value': 60}, {'type': 28, 'value': 391}, {'type': 29, 'value': 49}, {'type': 30, 'value': 32}]}"
1759038891,VERY_LONG,,1,7280000,,"{'id': 173196, 'context': 0, 'bonus_lists': [6887, 7224], 'modifiers': [{'type': 9, 'value': 60}, {'type': 28, 'value': 391}, {'type': 29, 'value': 40}, {'type': 30, 'value': 49}]}"
1759038898,VERY_LONG,,1,12130000,,"{'id': 173194, 'context': 0, 'bonus_lists': [6887, 7224], 'modifiers': [{'type': 9, 'value': 60}, {'type': 28, 'value': 391}, {'type': 29, 'value': 36}, {'type': 30, 'value': 40}]}"
1759038900,VERY_LONG,,1,12130000,,"{'id': 173194, 'context': 0, 'bonus_lists': [6887, 7224], 'modifiers': [{'type': 9, 'value': 60}, {'type': 28, 'value': 391}, {'type': 29, 'value': 49}, {'type': 30, 'value': 40}]}"
1759038904,VERY_LONG,5709400,1,,,{'id': 172415}
1759038906,VERY_LONG,,1,37840500,,"{'id': 173241, 'context': 64, 'bonus_lists': [6717, 1507]}"
1759038914,VERY_LONG,,1,78000000,,"{'id': 173215, 'context': 0, 'bonus_lists': [6893, 7185], 'modifiers': [{'type': 9, 'value': 60}, {'type': 28, 'value': 391}, {'type': 29, 'value': 32}, {'type': 30, 'value': 40}]}"
1759038920,VERY_LONG,,1,9950000,,"{'id': 173219, 'context': 0, 'bonus_lists': [6893, 7185], 'modifiers': [{'type': 9, 'value': 60}, {'type': 28, 'value': 391}, {'type': 29, 'value': 40}, {'type': 30, 'value': 32}]}"
1759038923,VERY_LONG,,1,16440000,,"{'id': 173220, 'context': 0, 'bonus_lists': [6893, 7185], 'modifiers': [{'type': 9, 'value': 60}, {'type': 28, 'value': 391}, {'type': 29, 'value': 40}, {'type': 30, 'value': 36}]}"
1759038928,VERY_LONG,,1,65000000,,"{'id': 173241, 'context': 65, 'bonus_lists': [6718, 1522]}"
1759038929,VERY_LONG,13740600,445,,,{'id': 171276}
1759040201,VERY_LONG,3500000,100,,,{'id': 171270}
1759040231,VERY_LONG,,1,23760000,,"{'id': 82800, 'context': 0, 'modifiers': [{'type': 6, 'value': 74513}], 'pet_breed_id': 13, 'pet_level': 25, 'pet_quality_id': 3, 'pet_species_id': 2001}"
1759040809,VERY_LONG,484900,19,,,{'id': 172049}
1759041006,VERY_LONG,18996000,137,,,{'id': 173067}
1759041022,VERY_LONG,,1,300000000,190000000,"{'id': 153594, 'context': 13}"
1759041024,VERY_LONG,,1,920000000,818800000,"{'id': 184793, 'context': 0, 'bonus_lists': [6652, 1472, 6646], 'modifiers': [{'type': 28, 'value': 1707}]}"
1759041026,VERY_LONG,449400,3,,,{'id': 173204}
1759042163,VERY_LONG,,1,1333330000,,"{'id': 82800, 'context': 0, 'modifiers': [{'type': 6, 'value': 99882}], 'pet_breed_id': 10, 'pet_level': 1, 'pet_quality_id': 2, 'pet_species_id': 2940}"
1759042363,VERY_LONG,12770600,20,,,{'id': 171276}
1759042462,VERY_LONG,,1,632600,,"{'id': 87216, 'context': 0}"
1759042463,VERY_LONG,,1,632600,,"{'id': 87216, 'context': 11}"
1759042465,VERY_LONG,,1,632600,,"{'id': 87216, 'context': 0}"
1759042466,VERY_LONG,,1,632600,,"{'id': 87216, 'context': 0}"
1759042470,VERY_LONG,,1,632600,,"{'id': 87216, 'context': 0}"
1759042473,VERY_LONG,,1,632600,,"{'id': 87216, 'context': 11}"
1759042474,VERY_LONG,,1,632600,,"{'id': 87216, 'context': 0}"
1759042476,VERY_LONG,,1,632600,,"{'id': 87216, 'context': 0}"
1759042478,VERY_LONG,,1,632600,,"{'id': 87216, 'context': 0}"
1759042479,VERY_LONG,,1,632600,,"{'id': 87216, 'context': 0}"
1759042482,VERY_LONG,,1,632600,,"{'id': 87216, 'context': 0}"
1759042485,VERY_LONG,,1,632600,,"{'id': 87216, 'context': 11}"
1759042486,VERY_LONG,,1,632600,,"{'id': 87216, 'context': 0}"
1759042490,VERY_LONG,,1,632600,,"{'id': 87216, 'context': 0}"
1759042493,VERY_LONG,,1,632600,,"{'id': 87216, 'context': 0}"
1759042495,VERY_LONG,,1,632600,,"{'id': 87216, 'context': 0}"
1759042498,VERY_LONG,,1,632600,,"{'id': 87216, 'context': 0}"
1759042500,VERY_LONG,,1,632600,,"{'id': 87216, 'context': 0}"
1759042502,VERY_LONG,,1,632600,,"{'id': 87216, 'context': 11}"
1759042503,VERY_LONG,,1,632600,,"{'id': 87216, 'context': 0}"
1759042504,VERY_LONG,,1,632600,,"{'id': 87216, 'context': 0}"
1759042508,VERY_LONG,,1,632600,,"{'id': 87216, 'context': 11}"
1759042510,VERY_LONG,,1,632600,,"{'id': 87216, 'context': 0}"
1759042513,VERY_LONG,,1,632600,,"{'id': 87216, 'context': 11}"
1759042515,VERY_LONG,,1,632600,,"{'id': 87216, 'context': 11, 'modifiers': [{'type': 28, 'value': 391}]}"
1759042517,VERY_LONG,,1,632600,,"{'id': 87216, 'context': 11, 'modifiers': [{'type': 28, 'value': 391}]}"
1759042548,LONG,2550000,302,,,{'id': 173171}
1759042556,LONG,41993400,2,,,{'id': 168417}
1759042573,VERY_LONG,1098900,30,,,{'id': 153597}
1759042590,VERY_LONG,276600,20,,,{'id': 153490}
1759042649,VERY_LONG,1250000,228,,,{'id': 129034}
1759042690,VERY_LONG,900000,60,,,{'id': 173057}
1759042793,VERY_LONG,250000,96,,,{'id': 152513}
1759042804,LONG,6390000,170,,,{'id': 173170}
1759042828,VERY_LONG,1800000,182,,,{'id': 124106}
1759042864,LONG,3140000,20,,,{'id': 181468}
1759043116,VERY_LONG,,1,24980000,,"{'id': 14659, 'context': 1, 'bonus_lists': [6654], 'modifiers': [{'type': 9, 'value': 30}, {'type': 28, 'value': 278}]}"
1759043118,VERY_LONG,,1,151663700,,"{'id': 14905, 'context': 1, 'bonus_lists': [6654, 1681], 'modifiers': [{'type': 9, 'value': 30}, {'type': 28, 'value': 278}]}"
1759043121,VERY_LONG,,1,151663700,,"{'id': 14905, 'context': 1, 'bonus_lists': [6654, 1681], 'modifiers': [{'type': 9, 'value': 30}, {'type': 28, 'value': 278}]}"
1759043123,VERY_LONG,,1,22819200,,"{'id': 4088, 'context': 1, 'bonus_lists': [6655, 1705], 'modifiers': [{'type': 9, 'value': 30}, {'type': 28, 'value': 278}]}"
1759043124,LONG,94000,9200,,,{'id': 171828}
1759043125,VERY_LONG,,1,22819200,,"{'id': 4088, 'context': 1, 'bonus_lists': [6655, 1679], 'modifiers': [{'type': 9, 'value': 30}, {'type': 28, 'value': 278}]}"
1759043128,VERY_LONG,,1,49944400,,"{'id': 14951, 'context': 1, 'bonus_lists': [6654, 1679], 'modifiers': [{'type': 9, 'value': 30}, {'type': 28, 'value': 218}]}"
1759043130,VERY_LONG,,1,9932100,,"{'id': 10224, 'context': 1, 'bonus_lists': [6654, 1677], 'modifiers': [{'type': 9, 'value': 30}, {'type': 28, 'value': 201}]}"
1759043132,VERY_LONG,,1,13925600,,"{'id': 14257, 'context': 1, 'bonus_lists': [6654, 1695], 'modifiers': [{'type': 9, 'value': 30}, {'type': 28, 'value': 278}]}"
1759043134,VERY_LONG,,1,40386400,,"{'id': 4732, 'context': 1, 'bonus_lists': [6654], 'modifiers': [{'type': 9, 'value': 30}, {'type': 28, 'value': 217}]}"
1759043136,VERY_LONG,,1,40386400,,"{'id': 4732, 'context': 1, 'bonus_lists': [6654], 'modifiers': [{'type': 9, 'value': 30}, {'type': 28, 'value': 217}]}"
1759043139,VERY_LONG,,1,30136500,,"{'id': 14431, 'context': 1, 'bonus_lists': [6654], 'modifiers': [{'type': 9, 'value': 30}, {'type': 28, 'value': 278}]}"
1759043141,VERY_LONG,,1,58962400,,"{'id': 14834, 'context': 1, 'bonus_lists': [6654], 'modifiers': [{'type': 9, 'value': 30}, {'type': 28, 'value': 278}]}"
1759043143,VERY_LONG,,1,6597000,,"{'id': 10174, 'context': 1, 'bonus_lists': [6654, 1692], 'modifiers': [{'type': 9, 'value': 30}, {'type': 28, 'value': 201}]}"
1759043144,VERY_LONG,,1,8342600,,"{'id': 10385, 'context': 0, 'bonus_lists': [6654, 1709], 'modifiers': [{'type': 9, 'value': 30}, {'type': 28, 'value': 1004}]}"
1759043146,VERY_LONG,,1,5592700,,"{'id': 36265, 'context': 0, 'bonus_lists': [6654, 1678], 'modifiers': [{'type': 9, 'value': 30}, {'type': 28, 'value': 1017}]}"
1759043148,VERY_LONG,,1,21922000,,"{'id': 11737, 'context': 0, 'modifiers': [{'type': 28, 'value': 201}]}"
1759043150,VERY_LONG,,1,47064200,,"{'id': 6424, 'context': 1, 'bonus_lists': [6654], 'modifiers': [{'type': 9, 'value': 30}, {'type': 28, 'value': 217}]}"
1759043153,VERY_LONG,,1,4033200,,"{'id': 10085, 'context': 1, 'bonus_lists': [6654, 1695], 'modifiers': [{'type': 9, 'value': 30}, {'type': 28, 'value': 201}]}"
1759043155,VERY_LONG,,1,8548600,,"{'id': 10085, 'context': 1, 'bonus_lists': [6654, 1709], 'modifiers': [{'type': 9, 'value': 30}, {'type': 28, 'value': 201}]}"
1759043157,VERY_LONG,,1,239522800,,"{'id': 14941, 'context': 1, 'bonus_lists': [6654, 1694], 'modifiers': [{'type': 9, 'value': 30}, {'type': 28, 'value': 278}]}"
1759043159,VERY_LONG,,1,167000000,,"{'id': 15940, 'context': 0, 'bonus_lists': [6655, 1706], 'modifiers': [{'type': 9, 'value': 30}, {'type': 28, 'value': 1004}]}"
1759043161,VERY_LONG,,1,144913300,,"{'id': 15678, 'context': 0, 'bonus_lists': [6654, 1694], 'modifiers': [{'type': 9, 'value': 30}, {'type': 28, 'value': 1006}]}"
1759043164,VERY_LONG,,1,17793900,,"{'id': 3187, 'context': 1, 'bonus_lists': [6655, 1707], 'modifiers': [{'type': 9, 'value': 30}, {'type': 28, 'value': 209}]}"
1759043166,VERY_LONG,,1,134385700,,"{'id': 14665, 'context': 1, 'bonus_lists': [6654], 'modifiers': [{'type': 9, 'value': 30}, {'type': 28, 'value': 278}]}"
1759043167,LONG,189900,6279,,,{'id': 171832}
1759043169,VERY_LONG,,1,24713100,,"{'id': 14245, 'context': 1, 'bonus_lists': [6654, 1707], 'modifiers': [{'type': 9, 'value': 30}, {'type': 28, 'value': 278}]}"
1759043171,VERY_LONG,,1,24713100,,"{'id': 14245, 'context': 1, 'bonus_lists': [6654, 1706], 'modifiers': [{'type': 9, 'value': 30}, {'type': 28, 'value': 278}]}"
1759043173,VERY_LONG,,1,106629800,,"{'id': 14980, 'context': 0, 'bonus_lists': [6654, 1707], 'modifiers': [{'type': 9, 'value': 30}, {'type': 28, 'value': 1006}]}"
1759043176,VERY_LONG,,1,67939800,,"{'id': 15526, 'context': 1, 'bonus_lists': [6654, 1705], 'modifiers': [{'type': 9, 'value': 30}, {'type': 28, 'value': 200}]}"
1759043177,VERY_LONG,,1,67939800,,"{'id': 15526, 'context': 1, 'bonus_lists': [6654, 1708], 'modifiers': [{'type': 9, 'value': 30}, {'type': 28, 'value': 200}]}"
1759043179,VERY_LONG,,1,24959500,,"{'id': 8258, 'context': 1, 'bonus_lists': [6654], 'modifiers': [{'type': 9, 'value': 30}, {'type': 28, 'value': 205}]}"
1759043181,VERY_LONG,,1,13194300,,"{'id': 10108, 'context': 1, 'bonus_lists': [6654, 1695], 'modifiers': [{'type': 9, 'value': 30}, {'type': 28, 'value': 201}]}"
1759043183,VERY_LONG,,1,13194300,,"{'id': 10108, 'context': 1, 'bonus_lists': [6654, 1678], 'modifiers': [{'type': 9, 'value': 30}, {'type': 28, 'value': 201}]}"
1759043186,VERY_LONG,,1,2387400,,"{'id': 21945, 'context': 1, 'modifiers': [{'type': 28, 'value': 278}]}"
1759043188,VERY_LONG,,1,172929500,,"{'id': 31222, 'context': 0, 'bonus_lists': [6658], 'modifiers': [{'type': 9, 'value': 30}, {'type': 28, 'value': 37}]}"
1759043191,VERY_LONG,,1,23740400,,"{'id': 15224, 'context': 1, 'bonus_lists': [6655, 1695], 'modifiers': [{'type': 9, 'value': 30}, {'type': 28, 'value': 215}]}"
1759043192,LONG,3600000,242,,,{'id': 173172}
1759043193,VERY_LONG,,1,18657900,,"{'id': 10068, 'context': 1, 'bonus_lists': [6654, 1679], 'modifiers': [{'type': 9, 'value': 30}, {'type': 28, 'value': 201}]}"
1759043195,VERY_LONG,,1,740580500,,"{'id': 14369, 'context': 1, 'bonus_lists': [6654], 'modifiers': [{'type': 9, 'value': 30}, {'type': 28, 'value': 200}]}"
1759043199,VERY_LONG,,1,23530000,,"{'id': 14655, 'context': 0, 'bonus_lists': [6654], 'modifiers': [{'type': 9, 'value': 30}, {'type': 28, 'value': 1006}]}"
1759043201,VERY_LONG,,1,44973300,,"{'id': 15609, 'context': 1, 'bonus_lists': [6654, 1678], 'modifiers': [{'type': 9, 'value': 30}, {'type': 28, 'value': 278}]}"
1759043203,VERY_LONG,,1,39140100,,"{'id': 36176, 'context': 0, 'bonus_lists': [6654, 1677], 'modifiers': [{'type': 9, 'value': 30}, {'type': 28, 'value': 1017}]}"
1759043204,VERY_LONG,,1,31787500,,"{'id': 10078, 'context': 1, 'bonus_lists': [6655, 1692], 'modifiers': [{'type': 9, 'value': 30}, {'type': 28, 'value': 201}]}"
1759043205,VERY_LONG,4749000,1,,,{'id': 23426}
1759043206,VERY_LONG,,1,31787500,,"{'id': 10078, 'context': 1, 'bonus_lists': [6655, 1678], 'modifiers': [{'type': 9, 'value': 30}, {'type': 28, 'value': 201}]}"
1759043210,VERY_LONG,,1,91877700,,"{'id': 14425, 'context': 1, 'bonus_lists': [6654], 'modifiers': [{'type': 9, 'value': 30}, {'type': 28, 'value': 209}]}"
1759043212,VERY_LONG,,1,7972800,,"{'id': 14443, 'context': 1, 'bonus_lists': [6654], 'modifiers': [{'type': 9, 'value': 30}, {'type': 28, 'value': 278}]}"
1759043213,VERY_LONG,,1,65222200,,"{'id': 15173, 'context': 1, 'bonus_lists': [6654, 1709], 'modifiers': [{'type': 9, 'value': 30}, {'type': 28, 'value': 278}]}"
1759043214,LONG,299900,3501,,,{'id': 171829}
1759043215,VERY_LONG,,1,19962300,,"{'id': 15167, 'context': 1, 'bonus_lists': [6654, 1695], 'modifiers': [{'type': 9, 'value': 30}, {'type': 28, 'value': 278}]}"
1759043216,VERY_LONG,,1,9351400,,"{'id': 10172, 'context': 1, 'bonus_lists': [6654, 1681], 'modifiers': [{'type': 9, 'value': 30}, {'type': 28, 'value': 201}]}"
1759043217,VERY_LONG,,1,741233200,,"{'id': 21803, 'context': 0, 'modifiers': [{'type': 28, 'value': 1006}]}"
1759043218,VERY_LONG,,1,60844200,,"{'id': 14278, 'context': 1, 'bonus_lists': [6654, 1692], 'modifiers': [{'type': 9, 'value': 30}, {'type': 28, 'value': 218}]}"
1759043219,VERY_LONG,,1,37203600,,"{'id': 14260, 'context': 1, 'bonus_lists': [6654, 1695], 'modifiers': [{'type': 9, 'value': 30}, {'type': 28, 'value': 278}]}"
1759043221,VERY_LONG,,1,37203600,,"{'id': 14260, 'context': 1, 'bonus_lists': [6654, 1692], 'modifiers': [{'type': 9, 'value': 30}, {'type': 28, 'value': 278}]}"
1759043222,VERY_LONG,,1,103884900,,"{'id': 14954, 'context': 1, 'bonus_lists': [6655, 1677], 'modifiers': [{'type': 9, 'value': 30}, {'type': 28, 'value': 278}]}"
1759043223,VERY_LONG,,1,10498300,,"{'id': 10128, 'context': 1, 'bonus_lists': [6654, 1693], 'modifiers': [{'type': 9, 'value': 30}, {'type': 28, 'value': 201}]}"
1759043225,VERY_LONG,,1,1365100,,"{'id': 12693, 'context': 1, 'modifiers': [{'type': 28, 'value': 203}]}"
1759043227,VERY_LONG,,1,11630500,,"{'id': 15252, 'context': 1, 'bonus_lists': [6655, 1693], 'modifiers': [{'type': 9, 'value': 30}, {'type': 28, 'value': 278}]}"
1759043230,VERY_LONG,,1,11630500,,"{'id': 15252, 'context': 1, 'bonus_lists': [6655, 1681], 'modifiers': [{'type': 9, 'value': 30}, {'type': 28, 'value': 201}]}"
1759043232,VERY_LONG,,1,119796100,,"{'id': 13199, 'context': 1, 'bonus_lists': [6658], 'modifiers': [{'type': 9, 'value': 30}, {'type': 28, 'value': 278}]}"
1759043234,VERY_LONG,,1,5586500,,"{'id': 6587, 'context': 1, 'bonus_lists': [6654, 1692], 'modifiers': [{'type': 9, 'value': 30}, {'type': 28, 'value': 215}]}"
1759043236,VERY_LONG,,1,52701200,,"{'id': 15110, 'context': 1, 'bonus_lists': [6654, 1679], 'modifiers': [{'type': 9, 'value': 30}, {'type': 28, 'value': 200}]}"
1759043237,VERY_LONG,3900000,1,,,{'id': 36910}
1759043239,VERY_LONG,,1,209847500,,"{'id': 14831, 'context': 1, 'bonus_lists': [6654], 'modifiers': [{'type': 9, 'value': 30}, {'type': 28, 'value': 278}]}"
1759043240,VERY_LONG,,1,8025000,,"{'id': 866, 'context': 1, 'bonus_lists': [6655, 1707], 'modifiers': [{'type': 9, 'value': 30}, {'type': 28, 'value': 278}]}"
1759043241,VERY_LONG,,1,106415900,,"{'id': 31286, 'context': 0, 'bonus_lists': [6658], 'modifiers': [{'type': 9, 'value': 30}, {'type': 28, 'value': 41}]}"
1759043242,VERY_LONG,,1,7159200,,"{'id': 36374, 'context': 0, 'bonus_lists': [6654, 1677], 'modifiers': [{'type': 9, 'value': 30}, {'type': 28, 'value': 1017}]}"
1759043244,VERY_LONG,,1,140343000,,"{'id': 14832, 'context': 1, 'bonus_lists': [6654], 'modifiers': [{'type': 9, 'value': 30}, {'type': 28, 'value': 278}]}"
1759043245,VERY_LONG,,1,216610400,,"{'id': 15498, 'context': 1, 'bonus_lists': [6654, 1708], 'modifiers': [{'type': 9, 'value': 30}, {'type': 28, 'value': 200}]}"
1759043246,VERY_LONG,,1,34087500,,"{'id': 14247, 'context': 1, 'bonus_lists': [6654, 1691], 'modifiers': [{'type': 9, 'value': 30}, {'type': 28, 'value': 278}]}"
1759043248,VERY_LONG,,1,34087500,,"{'id': 14247, 'context': 1, 'bonus_lists': [6654, 1691], 'modifiers': [{'type': 9, 'value': 30}, {'type': 28, 'value': 209}]}"
1759043252,VERY_LONG,,1,37528400,,"{'id': 10093, 'context': 1, 'bonus_lists': [6655, 1692], 'modifiers': [{'type': 9, 'value': 30}, {'type': 28, 'value': 201}]}"
1759043254,VERY_LONG,,1,994000,,"{'id': 15267, 'context': 0, 'bonus_lists': [6655, 1677], 'modifiers': [{'type': 9, 'value': 30}, {'type': 28, 'value': 1004}]}"
1759043256,VERY_LONG,,1,45215600,,"{'id': 15629, 'context': 1, 'bonus_lists': [6654, 1709], 'modifiers': [{'type': 9, 'value': 30}, {'type': 28, 'value': 278}]}"
1759043258,VERY_LONG,,1,556892300,,"{'id': 14562, 'context': 1, 'bonus_lists': [6654], 'modifiers': [{'type': 9, 'value': 30}, {'type': 28, 'value': 200}]}"
1759043259,VERY_LONG,,1,30834400,,"{'id': 15251, 'context': 1, 'bonus_lists': [6655, 1681], 'modifiers': [{'type': 9, 'value': 30}, {'type': 28, 'value': 278}]}"
1759043261,VERY_LONG,,1,24950000,,"{'id': 15251, 'context': 1, 'bonus_lists': [6655, 1709], 'modifiers': [{'type': 9, 'value': 30}, {'type': 28, 'value': 278}]}"
1759043264,VERY_LONG,,1,81483700,,"{'id': 14794, 'context': 1, 'bonus_lists': [6654], 'modifiers': [{'type': 9, 'value': 30}, {'type': 28, 'value': 278}]}"
1759043268,VERY_LONG,,1,137088400,,"{'id': 15366, 'context': 1, 'bonus_lists': [6654, 1709], 'modifiers': [{'type': 9, 'value': 30}, {'type': 28, 'value': 278}]}"
1759043270,VERY_LONG,,1,221191800,,"{'id': 15168, 'context': 1, 'bonus_lists': [6654, 1707], 'modifiers': [{'type': 9, 'value': 30}, {'type': 28, 'value': 278}]}"
1759043273,VERY_LONG,,1,17979800,,"{'id': 14440, 'context': 1, 'bonus_lists': [6654], 'modifiers': [{'type': 9, 'value': 30}, {'type': 28, 'value': 278}]}"
1759043275,VERY_LONG,,1,17979800,,"{'id': 14440, 'context': 1, 'bonus_lists': [6654], 'modifiers': [{'type': 9, 'value': 30}, {'type': 28, 'value': 278}]}"
1759043276,VERY_LONG,,1,11547700,,"{'id': 10166, 'context': 1, 'bonus_lists': [6654, 1708], 'modifiers': [{'type': 9, 'value': 30}, {'type': 28, 'value': 201}]}"
1759043277,VERY_LONG,,1,20129700,,"{'id': 14779, 'context': 1, 'bonus_lists': [6654], 'modifiers': [{'type': 9, 'value': 30}, {'type': 28, 'value': 278}]}"
1759043278,VERY_LONG,,1,8784000,,"{'id': 7993, 'context': 1, 'modifiers': [{'type': 28, 'value': 278}]}"
1759043280,VERY_LONG,,1,13875100,,"{'id': 6580, 'context': 1, 'bonus_lists': [6654, 1678], 'modifiers': [{'type': 9, 'value': 30}, {'type': 28, 'value': 215}]}"
1759043281,VERY_LONG,,1,6555900,,"{'id': 15269, 'context': 1, 'bonus_lists': [6655, 1691], 'modifiers': [{'type': 9, 'value': 30}, {'type': 28, 'value': 215}]}"
1759043282,VERY_LONG,,1,94972300,,"{'id': 31140, 'context': 0, 'bonus_lists': [6658], 'modifiers': [{'type': 9, 'value': 30}, {'type': 28, 'value': 37}]}"
1759043284,VERY_LONG,,1,2753000,,"{'id': 5215, 'context': 1, 'bonus_lists': [6655, 1693], 'modifiers': [{'type': 9, 'value': 30}, {'type': 28, 'value': 209}]}"
1759043285,VERY_LONG,1590000,3,,,{'id': 172232}
1759043286,VERY_LONG,,1,34356600,,"{'id': 10118, 'context': 1, 'bonus_lists': [6654, 1705], 'modifiers': [{'type': 9, 'value': 30}, {'type': 28, 'value': 201}]}"
1759043287,VERY_LONG,,1,24990000,,"{'id': 15616, 'context': 1, 'bonus_lists': [6654, 1691], 'modifiers': [{'type': 9, 'value': 30}, {'type': 28, 'value': 209}]}"
1759043289,VERY_LONG,,1,24990000,,"{'id': 15616, 'context': 1, 'bonus_lists': [6654, 1692], 'modifiers': [{'type': 9, 'value': 30}, {'type': 28, 'value': 218}]}"
1759043290,VERY_LONG,,1,12767000,,"{'id': 10183, 'context': 1, 'bonus_lists': [6654, 1707], 'modifiers': [{'type': 9, 'value': 30}, {'type': 28, 'value': 201}]}"
1759043291,VERY_LONG,,1,9946600,,"{'id': 15215, 'context': 1, 'bonus_lists': [6655, 1695], 'modifiers': [{'type': 9, 'value': 30}, {'type': 28, 'value': 218}]}"
1759043293,VERY_LONG,,1,34326000,,"{'id': 11987, 'context': 1, 'bonus_lists': [6654, 1693], 'modifiers': [{'type': 9, 'value': 30}, {'type': 28, 'value': 278}]}"
1759043294,VERY_LONG,,1,9956600,,"{'id': 10111, 'context': 1, 'bonus_lists': [6654, 1707], 'modifiers': [{'type': 9, 'value': 30}, {'type': 28, 'value': 201}]}"
1759043296,VERY_LONG,,1,71004500,,"{'id': 14867, 'context': 1, 'bonus_lists': [6654], 'modifiers': [{'type': 9, 'value': 30}, {'type': 28, 'value': 218}]}"
1759043297,VERY_LONG,,1,14478700,,"{'id': 790, 'context': 1, 'bonus_lists': [6655, 1679], 'modifiers': [{'type': 9, 'value': 30}, {'type': 28, 'value': 215}]}"
1759043298,VERY_LONG,449400,1,,,{'id': 173204}
1759043299,VERY_LONG,,1,12822500,,"{'id': 15263, 'context': 1, 'bonus_lists': [6655, 1694], 'modifiers': [{'type': 9, 'value': 30}, {'type': 28, 'value': 201}]}"
1759043300,VERY_LONG,,1,5900400,,"{'id': 8196, 'context': 1, 'bonus_lists': [6655, 1680], 'modifiers': [{'type': 9, 'value': 30}, {'type': 28, 'value': 278}]}"
1759043301,VERY_LONG,,1,41090200,,"{'id': 14825, 'context': 1, 'bonus_lists': [6655], 'modifiers': [{'type': 9, 'value': 30}, {'type': 28, 'value': 278}]}"
1759043302,VERY_LONG,,1,137677400,,"{'id': 14566, 'context': 1, 'bonus_lists': [6654], 'modifiers': [{'type': 9, 'value': 30}, {'type': 28, 'value': 200}]}"
1759043303,VERY_LONG,,1,72994200,,"{'id': 14225, 'context': 1, 'bonus_lists': [6654, 1694], 'modifiers': [{'type': 9, 'value': 30}, {'type': 28, 'value': 278}]}"
1759043304,VERY_LONG,,1,6235800,,"{'id': 10190, 'context': 1, 'bonus_lists': [6654, 1679], 'modifiers': [{'type': 9, 'value': 30}, {'type': 28, 'value': 201}]}"
1759043305,VERY_LONG,,1,4275700,,"{'id': 10255, 'context': 0, 'bonus_lists': [6654, 1708], 'modifiers': [{'type': 9, 'value': 30}, {'type': 28, 'value': 1004}]}"
1759043306,VERY_LONG,,1,48123300,,"{'id': 14601, 'context': 1, 'bonus_lists': [6654], 'modifiers': [{'type': 9, 'value': 30}, {'type': 28, 'value': 278}]}"
1759043307,VERY_LONG,,1,21603800,,"{'id': 10175, 'context': 1, 'bonus_lists': [6654, 1680], 'modifiers': [{'type': 9, 'value': 30}, {'type': 28, 'value': 201}]}"
1759043310,VERY_LONG,,1,27141800,,"{'id': 10084, 'context': 1, 'bonus_lists': [6654, 1679], 'modifiers': [{'type': 9, 'value': 30}, {'type': 28, 'value': 201}]}"
1759043311,VERY_LONG,,1,14086800,,"{'id': 10132, 'context': 1, 'bonus_lists': [6654, 1694], 'modifiers': [{'type': 9, 'value': 30}, {'type': 28, 'value': 201}]}"
1759043313,VERY_LONG,,1,118581300,,"{'id': 15376, 'context': 1, 'bonus_lists': [6654, 1709], 'modifiers': [{'type': 9, 'value': 30}, {'type': 28, 'value': 218}]}"
1759043314,VERY_LONG,,1,11271600,,"{'id': 10067, 'context': 1, 'bonus_lists': [6654, 1707], 'modifiers': [{'type': 9, 'value': 30}, {'type': 28, 'value': 201}]}"
1759043315,VERY_LONG,,1,83818000,,"{'id': 14943, 'context': 1, 'bonus_lists': [6654, 1693], 'modifiers': [{'type': 9, 'value': 30}, {'type': 28, 'value': 209}]}"
1759043316,VERY_LONG,,1,68148900,,"{'id': 14956, 'context': 1, 'bonus_lists': [6654, 1681], 'modifiers': [{'type': 9, 'value': 30}, {'type': 28, 'value': 278}]}"
1759043317,VERY_LONG,,1,68148900,,"{'id': 14956, 'context': 1, 'bonus_lists': [6654, 1679], 'modifiers': [{'type': 9, 'value': 30}, {'type': 28, 'value': 278}]}"
1759043318,VERY_LONG,,1,10004100,,"{'id': 15234, 'context': 1, 'bonus_lists': [6655, 1705], 'modifiers': [{'type': 9, 'value': 30}, {'type': 28, 'value': 278}]}"
1759043319,VERY_LONG,,1,35845900,,"{'id': 14781, 'context': 1, 'bonus_lists': [6654], 'modifiers': [{'type': 9, 'value': 30}, {'type': 28, 'value': 278}]}"
1759043320,VERY_LONG,,1,7451900,,"{'id': 15282, 'context': 1, 'bonus_lists': [6655, 1681], 'modifiers': [{'type': 9, 'value': 30}, {'type': 28, 'value': 205}]}"
1759043322,VERY_LONG,,1,870000,,"{'id': 14499, 'context': 1, 'modifiers': [{'type': 28, 'value': 205}]}"
1759043323,VERY_LONG,,1,129022300,,"{'id': 15504, 'context': 1, 'bonus_lists': [6655, 1680], 'modifiers': [{'type': 9, 'value': 30}, {'type': 28, 'value': 200}]}"
1759043324,VERY_LONG,,1,30666200,,"{'id': 15172, 'context': 1, 'bonus_lists': [6654, 1678], 'modifiers': [{'type': 9, 'value': 30}, {'type': 28, 'value': 278}]}"
1759043325,VERY_LONG,,1,14998500,,"{'id': 14273, 'context': 0, 'bonus_lists': [6654, 1680], 'modifiers': [{'type': 9, 'value': 30}, {'type': 28, 'value': 1006}]}"
1759043327,VERY_LONG,,1,62861500,,"{'id': 14435, 'context': 1, 'bonus_lists': [6654], 'modifiers': [{'type': 9, 'value': 30}, {'type': 28, 'value': 209}]}"
1759043328,VERY_LONG,,1,2036200,,"{'id': 36151, 'context': 0, 'bonus_lists': [6654, 1709], 'modifiers': [{'type': 9, 'value': 30}, {'type': 28, 'value': 1017}]}"
1759043329,VERY_LONG,,1,1154244700,,"{'id': 13068, 'context': 1, 'bonus_lists': [6658], 'modifiers': [{'type': 9, 'value': 30}, {'type': 28, 'value': 278}]}"
1759043331,VERY_LONG,,1,11174200,,"{'id': 10072, 'context': 1, 'bonus_lists': [6654, 1691], 'modifiers': [{'type': 9, 'value': 30}, {'type': 28, 'value': 201}]}"
1759043332,VERY_LONG,,1,8046400,,"{'id': 15280, 'context': 1, 'bonus_lists': [6655, 1709], 'modifiers': [{'type': 9, 'value': 30}, {'type': 28, 'value': 201}]}"
1759043333,VERY_LONG,328800,4,,,{'id': 7076}
1759043334,VERY_LONG,,1,31499700,,"{'id': 8121, 'context': 1, 'bonus_lists': [6654], 'modifiers': [{'type': 9, 'value': 30}, {'type': 28, 'value': 218}]}"
1759043335,VERY_LONG,,1,16219600,,"{'id': 10083, 'context': 1, 'bonus_lists': [6654, 1708], 'modifiers': [{'type': 9, 'value': 30}, {'type': 28, 'value': 201}]}"
1759043336,VERY_LONG,,1,7694800,,"{'id': 15241, 'context': 1, 'bonus_lists': [6655, 1694], 'modifiers': [{'type': 9, 'value': 30}, {'type': 28, 'value': 215}]}"
1759043337,VERY_LONG,,1,13396400,,"{'id': 10225, 'context': 1, 'bonus_lists': [6654, 1681], 'modifiers': [{'type': 9, 'value': 30}, {'type': 28, 'value': 205}]}"
1759043338,VERY_LONG,,1,186939800,,"{'id': 21805, 'context': 0, 'modifiers': [{'type': 28, 'value': 1006}]}"
1759043339,VERY_LONG,,1,19540000,,"{'id': 14494, 'context': 1, 'modifiers': [{'type': 28, 'value': 201}]}"
1759043340,VERY_LONG,,1,115920500,,"{'id': 15379, 'context': 1, 'bonus_lists': [6654, 1707], 'modifiers': [{'type': 9, 'value': 30}, {'type': 28, 'value': 278}]}"
1759043341,VERY_LONG,,1,115920500,,"{'id': 15379, 'context': 1, 'bonus_lists': [6654, 1707], 'modifiers': [{'type': 9, 'value': 30}, {'type': 28, 'value': 278}]}"
1759043342,VERY_LONG,,1,58383700,,"{'id': 15329, 'context': 1, 'bonus_lists': [6654, 1692], 'modifiers': [{'type': 9, 'value': 30}, {'type': 28, 'value': 200}]}"
1759043343,VERY_LONG,,1,9516600,,"{'id': 12695, 'context': 1, 'modifiers': [{'type': 28, 'value': 205}]}"
1759043351,LONG,2737900,191,,,{'id': 172232}
1759043362,LONG,640000,297,,,{'id': 172231}
1759043369,LONG,210200,4067,,,{'id': 171831}
1759043515,LONG,135000,2584,,,{'id': 173035}
1759043517,VERY_LONG,,1,62714400,,"{'id': 15374, 'context': 1, 'bonus_lists': [6654, 1707], 'modifiers': [{'type': 9, 'value': 30}, {'type': 28, 'value': 209}]}"
1759043518,VERY_LONG,,1,62689400,,"{'id': 15374, 'context': 1, 'bonus_lists': [6654, 1677], 'modifiers': [{'type': 9, 'value': 30}, {'type': 28, 'value': 209}]}"
1759043519,VERY_LONG,,1,187551200,,"{'id': 15972, 'context': 1, 'bonus_lists': [6655, 1679], 'modifiers': [{'type': 9, 'value': 30}, {'type': 28, 'value': 200}]}"
1759043520,VERY_LONG,,1,4502300,,"{'id': 15743, 'context': 1, 'modifiers': [{'type': 28, 'value': 205}]}"
1759043521,VERY_LONG,,1,43709500,,"{'id': 14242, 'context': 1, 'bonus_lists': [6654, 1709], 'modifiers': [{'type': 9, 'value': 30}, {'type': 28, 'value': 278}]}"
1759043522,VERY_LONG,,1,15008900,,"{'id': 10121, 'context': 1, 'bonus_lists': [6654, 1680], 'modifiers': [{'type': 9, 'value': 30}, {'type': 28, 'value': 201}]}"
1759043523,VERY_LONG,,1,14352800,,"{'id': 10126, 'context': 1, 'bonus_lists': [6654, 1707], 'modifiers': [{'type': 9, 'value': 30}, {'type': 28, 'value': 201}]}"
1759043524,VERY_LONG,,1,26200200,,"{'id': 4042, 'context': 1, 'bonus_lists': [6654], 'modifiers': [{'type': 9, 'value': 30}, {'type': 28, 'value': 217}]}"
1759043525,VERY_LONG,,1,31024400,,"{'id': 15652, 'context': 0, 'bonus_lists': [6654, 1678], 'modifiers': [{'type': 9, 'value': 30}, {'type': 28, 'value': 1006}]}"
1759043526,VERY_LONG,,1,17660900,,"{'id': 10077, 'context': 1, 'bonus_lists': [6654, 1708], 'modifiers': [{'type': 9, 'value': 30}, {'type': 28, 'value': 201}]}"
1759043528,VERY_LONG,,1,10960000,,"{'id': 7975, 'context': 1, 'modifiers': [{'type': 28, 'value': 217}]}"
1759043529,VERY_LONG,,1,10960000,,"{'id': 7975, 'context': 1, 'modifiers': [{'type': 28, 'value': 209}]}"
1759043530,VERY_LONG,,1,115920500,,"{'id': 15379, 'context': 1, 'bonus_lists': [6654, 1677], 'modifiers': [{'type': 9, 'value': 30}, {'type': 28, 'value': 218}]}"
1759043531,VERY_LONG,,1,28171000,,"{'id': 10084, 'context': 0, 'bonus_lists': [6654, 1692], 'modifiers': [{'type': 9, 'value': 30}, {'type': 28, 'value': 28}]}"
1759043532,VERY_LONG,,1,52095600,,"{'id': 14286, 'context': 1, 'bonus_lists': [6654, 1691], 'modifiers': [{'type': 9, 'value': 30}, {'type': 28, 'value': 278}]}"
1759043533,VERY_LONG,,1,43216600,,"{'id': 14829, 'context': 1, 'bonus_lists': [6654], 'modifiers': [{'type': 9, 'value': 30}, {'type': 28, 'value': 209}]}"
1759043534,VERY_LONG,,1,9962100,,"{'id': 9877, 'context': 1, 'bonus_lists': [6654, 1705], 'modifiers': [{'type': 9, 'value': 30}, {'type': 28, 'value': 209}]}"
1759043535,VERY_LONG,,1,42249300,,"{'id': 4063, 'context': 1, 'bonus_lists': [6654], 'modifiers': [{'type': 9, 'value': 30}, {'type': 28, 'value': 217}]}"
1759043536,VERY_LONG,,1,69678700,,"{'id': 14906, 'context': 1, 'bonus_lists': [6654, 1708], 'modifiers': [{'type': 9, 'value': 30}, {'type': 28, 'value': 209}]}"
1759043537,VERY_LONG,,1,73857600,,"{'id': 14839, 'context': 1, 'bonus_lists': [6654], 'modifiers': [{'type': 9, 'value': 30}, {'type': 28, 'value': 278}]}"
1759043538,VERY_LONG,,1,33640200,,"{'id': 14250, 'context': 1, 'bonus_lists': [6654, 1705], 'modifiers': [{'type': 9, 'value': 30}, {'type': 28, 'value': 209}]}"
1759043539,VERY_LONG,,1,47386700,,"{'id': 12058, 'context': 0, 'bonus_lists': [6654], 'modifiers': [{'type': 9, 'value': 30}, {'type': 28, 'value': 1006}]}"
1759043540,VERY_LONG,,1,46585600,,"{'id': 14258, 'context': 1, 'bonus_lists': [6654, 1693], 'modifiers': [{'type': 9, 'value': 30}, {'type': 28, 'value': 218}]}"
1759043541,VERY_LONG,208100,2,,,{'id': 114017}
1759043542,VERY_LONG,,1,135337700,,"{'id': 15686, 'context': 1, 'bonus_lists': [6654, 1694], 'modifiers': [{'type': 9, 'value': 30}, {'type': 28, 'value': 218}]}"
1759043543,VERY_LONG,,1,13939800,,"{'id': 10057, 'context': 0, 'bonus_lists': [6654, 1680], 'modifiers': [{'type': 9, 'value': 30}, {'type': 28, 'value': 33}]}"
1759043544,VERY_LONG,,1,66392700,,"{'id': 14464, 'context': 0, 'bonus_lists': [6654], 'modifiers': [{'type': 9, 'value': 30}, {'type': 28, 'value': 1006}]}"
1759043545,VERY_LONG,,1,47457600,,"{'id': 8131, 'context': 1, 'bonus_lists': [6654], 'modifiers': [{'type': 9, 'value': 30}, {'type': 28, 'value': 201}]}"
1759043546,VERY_LONG,,1,61629600,,"{'id': 14861, 'context': 1, 'bonus_lists': [6654], 'modifiers': [{'type': 9, 'value': 30}, {'type': 28, 'value': 218}]}"
1759043547,VERY_LONG,,1,94065500,,"{'id': 15965, 'context': 0, 'bonus_lists': [6655], 'modifiers': [{'type': 9, 'value': 30}, {'type': 28, 'value': 1006}]}"
1759043548,VERY_LONG,,1,33513800,,"{'id': 4735, 'context': 1, 'bonus_lists': [6654], 'modifiers': [{'type': 9, 'value': 30}, {'type': 28, 'value': 217}]}"
1759043549,VERY_LONG,,1,6970000,,"{'id': 10606, 'context': 1, 'modifiers': [{'type': 28, 'value': 278}]}"
1759043550,VERY_LONG,,1,64380400,,"{'id': 14785, 'context': 1, 'bonus_lists': [6654], 'modifiers': [{'type': 9, 'value': 30}, {'type': 28, 'value': 218}]}"
1759043551,VERY_LONG,,1,16233300,,"{'id': 14462, 'context': 0, 'bonus_lists': [6654], 'modifiers': [{'type': 9, 'value': 30}, {'type': 28, 'value': 1006}]}"
1759043552,VERY_LONG,,1,92922200,,"{'id': 9974, 'context': 1, 'bonus_lists': [6655, 1677], 'modifiers': [{'type': 9, 'value': 30}, {'type': 28, 'value': 201}]}"
1759043555,VERY_LONG,,1,58973900,,"{'id': 9967, 'context': 1, 'bonus_lists': [6654, 1695], 'modifiers': [{'type': 9, 'value': 30}, {'type': 28, 'value': 218}]}"
1759043556,VERY_LONG,,1,11813000,,"{'id': 14784, 'context': 1, 'bonus_lists': [6654], 'modifiers': [{'type': 9, 'value': 30}, {'type': 28, 'value': 278}]}"
1759043557,VERY_LONG,,1,11813000,,"{'id': 14784, 'context': 1, 'bonus_lists': [6654], 'modifiers': [{'type': 9, 'value': 30}, {'type': 28, 'value': 209}]}"
1759043558,VERY_LONG,,1,24266000,,"{'id': 15217, 'context': 1, 'bonus_lists': [6655, 1695], 'modifiers': [{'type': 9, 'value': 30}, {'type': 28, 'value': 201}]}"
1759043559,VERY_LONG,,1,24266000,,"{'id': 15217, 'context': 1, 'bonus_lists': [6655, 1693], 'modifiers': [{'type': 9, 'value': 30}, {'type': 28, 'value': 201}]}"
1759043560,VERY_LONG,,1,19959900,,"{'id': 15217, 'context': 1, 'bonus_lists': [6655, 1705], 'modifiers': [{'type': 9, 'value': 30}, {'type': 28, 'value': 201}]}"
1759043561,VERY_LONG,,1,4282900,,"{'id': 15226, 'context': 1, 'bonus_lists': [6655, 1693], 'modifiers': [{'type': 9, 'value': 30}, {'type': 28, 'value': 217}]}"
1759043562,VERY_LONG,25008900,2,,,{'id': 129021}
1759043563,VERY_LONG,,1,23931000,,"{'id': 15174, 'context': 0, 'bonus_lists': [6654, 1707], 'modifiers': [{'type': 9, 'value': 30}, {'type': 28, 'value': 1006}]}"
1759043565,VERY_LONG,,1,26554400,,"{'id': 14438, 'context': 1, 'bonus_lists': [6654], 'modifiers': [{'type': 9, 'value': 30}, {'type': 28, 'value': 278}]}"
1759043566,VERY_LONG,,1,26554400,,"{'id': 14438, 'context': 1, 'bonus_lists': [6654], 'modifiers': [{'type': 9, 'value': 30}, {'type': 28, 'value': 218}]}"
1759043567,VERY_LONG,,1,37663500,,"{'id': 15387, 'context': 1, 'bonus_lists': [6654, 1681], 'modifiers': [{'type': 9, 'value': 30}, {'type': 28, 'value': 218}]}"
1759043569,VERY_LONG,,1,9351400,,"{'id': 10172, 'context': 1, 'bonus_lists': [6654, 1709], 'modifiers': [{'type': 9, 'value': 30}, {'type': 28, 'value': 201}]}"
1759043570,VERY_LONG,,1,393395400,,"{'id': 14896, 'context': 1, 'bonus_lists': [6654, 1707], 'modifiers': [{'type': 9, 'value': 30}, {'type': 28, 'value': 278}]}"
1759043571,VERY_LONG,,1,18993300,,"{'id': 14241, 'context': 1, 'bonus_lists': [6654, 1708], 'modifiers': [{'type': 9, 'value': 30}, {'type': 28, 'value': 278}]}"
1759043574,VERY_LONG,,1,18993300,,"{'id': 14241, 'context': 1, 'bonus_lists': [6654, 1692], 'modifiers': [{'type': 9, 'value': 30}, {'type': 28, 'value': 209}]}"
1759043575,VERY_LONG,,1,28241600,,"{'id': 7435, 'context': 1, 'bonus_lists': [6654, 1695], 'modifiers': [{'type': 9, 'value': 30}, {'type': 28, 'value': 209}]}"
1759043576,VERY_LONG,,1,57860800,,"{'id': 14976, 'context': 1, 'bonus_lists': [6654, 1680], 'modifiers': [{'type': 9, 'value': 30}, {'type': 28, 'value': 218}]}"
1759043577,VERY_LONG,,1,133994000,,"{'id': 14254, 'context': 1, 'bonus_lists': [6654, 1707], 'modifiers': [{'type': 9, 'value': 30}, {'type': 28, 'value': 218}]}"
1759043578,VERY_LONG,,1,113967100,,"{'id': 14254, 'context': 1, 'bonus_lists': [6654, 1694], 'modifiers': [{'type': 9, 'value': 30}, {'type': 28, 'value': 278}]}"
1759043579,VERY_LONG,,1,150140300,,"{'id': 14828, 'context': 1, 'bonus_lists': [6654], 'modifiers': [{'type': 9, 'value': 30}, {'type': 28, 'value': 209}]}"
1759043580,VERY_LONG,,1,2155900,,"{'id': 1725, 'context': 0, 'modifiers': [{'type': 28, 'value': 209}]}"
1759043582,VERY_LONG,,1,11587000,,"{'id': 10110, 'context': 1, 'bonus_lists': [6654, 1695], 'modifiers': [{'type': 9, 'value': 30}, {'type': 28, 'value': 201}]}"
1759043585,VERY_LONG,,1,47310200,,"{'id': 15384, 'context': 1, 'bonus_lists': [6654, 1694], 'modifiers': [{'type': 9, 'value': 30}, {'type': 28, 'value': 278}]}"
1759043587,VERY_LONG,,1,23369600,,"{'id': 15193, 'context': 0, 'bonus_lists': [6654, 1677], 'modifiers': [{'type': 9, 'value': 30}, {'type': 28, 'value': 1006}]}"
1759043588,VERY_LONG,,1,75153800,,"{'id': 14777, 'context': 1, 'bonus_lists': [6655], 'modifiers': [{'type': 9, 'value': 30}, {'type': 28, 'value': 209}]}"
1759043589,VERY_LONG,,1,17102700,,"{'id': 15380, 'context': 1, 'bonus_lists': [6654, 1695], 'modifiers': [{'type': 9, 'value': 30}, {'type': 28, 'value': 209}]}"
1759043590,VERY_LONG,,1,15008300,,"{'id': 118339, 'context': 0, 'modifiers': [{'type': 28, 'value': 1764}]}"
1759043591,VERY_LONG,,1,221531100,,"{'id': 12007, 'context': 1, 'bonus_lists': [6654, 1691], 'modifiers': [{'type': 9, 'value': 30}, {'type': 28, 'value': 200}]}"
1759043592,VERY_LONG,,1,33767200,,"{'id': 14768, 'context': 1, 'bonus_lists': [6654], 'modifiers': [{'type': 9, 'value': 30}, {'type': 28, 'value': 209}]}"
1759043593,VERY_LONG,,1,71072000,,"{'id': 15612, 'context': 1, 'bonus_lists': [6654, 1695], 'modifiers': [{'type': 9, 'value': 30}, {'type': 28, 'value': 209}]}"
1759043594,VERY_LONG,,1,19907900,,"{'id': 15775, 'context': 1, 'modifiers': [{'type': 28, 'value': 205}]}"
1759043595,VERY_LONG,,1,72722000,,"{'id': 15636, 'context': 1, 'bonus_lists': [6654, 1709], 'modifiers': [{'type': 9, 'value': 30}, {'type': 28, 'value': 278}]}"
1759043599,VERY_LONG,,1,72722000,,"{'id': 15636, 'context': 1, 'bonus_lists': [6654, 1708], 'modifiers': [{'type': 9, 'value': 30}, {'type': 28, 'value': 218}]}"
1759043600,VERY_LONG,,1,82755500,,"{'id': 15636, 'context': 1, 'bonus_lists': [6654, 1681], 'modifiers': [{'type': 9, 'value': 30}, {'type': 28, 'value': 218}]}"
1759043601,VERY_LONG,,1,89990000,,"{'id': 14373, 'context': 1, 'bonus_lists': [6654], 'modifiers': [{'type': 9, 'value': 30}, {'type': 28, 'value': 200}]}"
1759043604,VERY_LONG,,1,40255800,,"{'id': 15372, 'context': 1, 'bonus_lists': [6654, 1694], 'modifiers': [{'type': 9, 'value': 30}, {'type': 28, 'value': 209}]}"
1759043606,VERY_LONG,,1,6710400,,"{'id': 1625, 'context': 1, 'bonus_lists': [6655, 1681], 'modifiers': [{'type': 9, 'value': 30}, {'type': 28, 'value': 217}]}"
1759043608,VERY_LONG,,1,31807200,,"{'id': 7485, 'context': 1, 'bonus_lists': [6654, 1680], 'modifiers': [{'type': 9, 'value': 30}, {'type': 28, 'value': 209}]}"
1759043609,VERY_LONG,,1,849900,,"{'id': 4089, 'context': 1, 'bonus_lists': [6655, 1709], 'modifiers': [{'type': 9, 'value': 30}, {'type': 28, 'value': 201}]}"
1759043610,VERY_LONG,,1,11956700,,"{'id': 15295, 'context': 1, 'bonus_lists': [6655, 1705], 'modifiers': [{'type': 9, 'value': 30}, {'type': 28, 'value': 201}]}"
1759043611,VERY_LONG,,1,10110500,,"{'id': 15274, 'context': 0, 'bonus_lists': [6655, 1709], 'modifiers': [{'type': 9, 'value': 30}, {'type': 28, 'value': 33}]}"
1759043612,VERY_LONG,,1,94220300,,"{'id': 14244, 'context': 1, 'bonus_lists': [6654, 1693], 'modifiers': [{'type': 9, 'value': 30}, {'type': 28, 'value': 209}]}"
1759043614,VERY_LONG,,1,6980000,,"{'id': 14439, 'context': 1, 'bonus_lists': [6654], 'modifiers': [{'type': 9, 'value': 30}, {'type': 28, 'value': 278}]}"
1759043615,VERY_LONG,,1,14917800,,"{'id': 15275, 'context': 1, 'bonus_lists': [6655, 1679], 'modifiers': [{'type': 9, 'value': 30}, {'type': 28, 'value': 201}]}"
1759043616,VERY_LONG,,1,14110700,,"{'id': 864, 'context': 1, 'bonus_lists': [6655, 1705], 'modifiers': [{'type': 9, 'value': 30}, {'type': 28, 'value': 209}]}"
1759043617,VERY_LONG,,1,124437700,,"{'id': 14841, 'context': 1, 'bonus_lists': [6654], 'modifiers': [{'type': 9, 'value': 30}, {'type': 28, 'value': 209}]}"
1759043618,VERY_LONG,,1,18862800,,"{'id': 14467, 'context': 1, 'modifiers': [{'type': 28, 'value': 201}]}"
1759043619,VERY_LONG,,1,58196200,,"{'id': 4348, 'context': 1, 'modifiers': [{'type': 28, 'value': 200}]}"
1759043622,VERY_LONG,,1,24970000,,"{'id': 14791, 'context': 1, 'bonus_lists': [6654], 'modifiers': [{'type': 9, 'value': 30}, {'type': 28, 'value': 278}]}"
1759043623,VERY_LONG,,1,59540000,,"{'id': 15614, 'context': 1, 'bonus_lists': [6654, 1680], 'modifiers': [{'type': 9, 'value': 30}, {'type': 28, 'value': 218}]}"
1759043625,VERY_LONG,,1,36254600,,"{'id': 14421, 'context': 1, 'bonus_lists': [6654], 'modifiers': [{'type': 9, 'value': 30}, {'type': 28, 'value': 209}]}"
1759043628,VERY_LONG,,1,18344500,,"{'id': 15266, 'context': 1, 'bonus_lists': [6655, 1692], 'modifiers': [{'type': 9, 'value': 30}, {'type': 28, 'value': 205}]}"
1759043629,VERY_LONG,,1,83114900,,"{'id': 15439, 'context': 0, 'bonus_lists': [6654, 1706], 'modifiers': [{'type': 9, 'value': 30}, {'type': 28, 'value': 1006}]}"
1759043630,VERY_LONG,,1,17490000,,"{'id': 4729, 'context': 1, 'bonus_lists': [6654], 'modifiers': [{'type': 9, 'value': 30}, {'type': 28, 'value': 217}]}"
1759043631,VERY_LONG,,1,16009200,,"{'id': 10189, 'context': 1, 'bonus_lists': [6654, 1706], 'modifiers': [{'type': 9, 'value': 30}, {'type': 28, 'value': 201}]}"
1759043632,VERY_LONG,,1,71004500,,"{'id': 14867, 'context': 0, 'bonus_lists': [6654], 'modifiers': [{'type': 9, 'value': 30}, {'type': 28, 'value': 1006}]}"
1759043634,VERY_LONG,,1,38126900,,"{'id': 14285, 'context': 1, 'bonus_lists': [6654, 1708], 'modifiers': [{'type': 9, 'value': 30}, {'type': 28, 'value': 278}]}"
1759043635,VERY_LONG,,1,15587600,,"{'id': 15964, 'context': 1, 'bonus_lists': [6655], 'modifiers': [{'type': 9, 'value': 30}, {'type': 28, 'value': 278}]}"
1759043637,VERY_LONG,,1,68067600,,"{'id': 15517, 'context': 1, 'bonus_lists': [6654, 1695], 'modifiers': [{'type': 9, 'value': 30}, {'type': 28, 'value': 200}]}"
1759043638,VERY_LONG,,1,199987300,,"{'id': 14915, 'context': 1, 'bonus_lists': [6654, 1708], 'modifiers': [{'type': 9, 'value': 30}, {'type': 28, 'value': 278}]}"
1759043639,VERY_LONG,,1,11620000,,"{'id': 14685, 'context': 0, 'bonus_lists': [6654], 'modifiers': [{'type': 9, 'value': 30}, {'type': 28, 'value': 1006}]}"
1759043641,LONG,,1,10000000,,"{'id': 171448, 'context': 13, 'bonus_lists': [6893], 'modifiers': [{'type': 9, 'value': 53}, {'type': 28, 'value': 391}, {'type': 29, 'value': 49}, {'type': 30, 'value': 40}]}"
1759043642,VERY_LONG,294000,2,,,{'id': 12804}
1759043643,LONG,,1,10000000,,"{'id': 171448, 'context': 13, 'bonus_lists': [6893], 'modifiers': [{'type': 9, 'value': 53}, {'type': 28, 'value': 391}, {'type': 29, 'value': 40}, {'type': 30, 'value': 32}]}"
1759043644,VERY_LONG,,1,23772400,,"{'id': 9871, 'context': 1, 'bonus_lists': [6654, 1691], 'modifiers': [{'type': 9, 'value': 30}, {'type': 28, 'value': 217}]}"
1759043645,LONG,,1,10000000,,"{'id': 171448, 'context': 13, 'bonus_lists': [6893], 'modifiers': [{'type': 9, 'value': 53}, {'type': 28, 'value': 391}, {'type': 29, 'value': 32}, {'type': 30, 'value': 40}]}"
1759043647,VERY_LONG,,1,25216200,,"{'id': 14654, 'context': 1, 'bonus_lists': [6654], 'modifiers': [{'type': 9, 'value': 30}, {'type': 28, 'value': 209}]}"
1759043648,VERY_LONG,,1,68723500,,"{'id': 15434, 'context': 0, 'bonus_lists': [6654, 1693], 'modifiers': [{'type': 9, 'value': 30}, {'type': 28, 'value': 1006}]}"
1759043649,VERY_LONG,,1,15412100,,"{'id': 8194, 'context': 1, 'bonus_lists': [6655, 1709], 'modifiers': [{'type': 9, 'value': 30}, {'type': 28, 'value': 217}]}"
1759043650,VERY_LONG,,1,41990700,,"{'id': 14456, 'context': 0, 'bonus_lists': [6654], 'modifiers': [{'type': 9, 'value': 30}, {'type': 28, 'value': 1006}]}"
1759043652,VERY_LONG,,1,41990700,,"{'id': 14456, 'context': 0, 'bonus_lists': [6654], 'modifiers': [{'type': 9, 'value': 30}, {'type': 28, 'value': 1006}]}"
1759043653,VERY_LONG,,1,11233400,,"{'id': 10180, 'context': 1, 'bonus_lists': [6654, 1678], 'modifiers': [{'type': 9, 'value': 30}, {'type': 28, 'value': 201}]}"
1759043655,VERY_LONG,,1,11233400,,"{'id': 10180, 'context': 1, 'bonus_lists': [6654, 1681], 'modifiers': [{'type': 9, 'value': 30}, {'type': 28, 'value': 201}]}"
1759043657,VERY_LONG,,1,11233400,,"{'id': 10180, 'context': 1, 'bonus_lists': [6654, 1691], 'modifiers': [{'type': 9, 'value': 30}, {'type': 28, 'value': 201}]}"
1759043659,VERY_LONG,,1,80853000,,"{'id': 8157, 'context': 1, 'bonus_lists': [6654], 'modifiers': [{'type': 9, 'value': 30}, {'type': 28, 'value': 217}]}"
1759043662,VERY_LONG,,1,5052600,,"{'id': 15227, 'context': 1, 'bonus_lists': [6655, 1678], 'modifiers': [{'type': 9, 'value': 30}, {'type': 28, 'value': 218}]}"
1759043663,VERY_LONG,,1,75074900,,"{'id': 15641, 'context': 0, 'bonus_lists': [6654, 1679], 'modifiers': [{'type': 9, 'value': 30}, {'type': 28, 'value': 1006}]}"
1759043664,VERY_LONG,,1,3609200,,"{'id': 10105, 'context': 1, 'bonus_lists': [6654, 1705], 'modifiers': [{'type': 9, 'value': 30}, {'type': 28, 'value': 205}]}"
1759043668,VERY_LONG,,1,7460000,,"{'id': 863, 'context': 1, 'bonus_lists': [6655, 1709], 'modifiers': [{'type': 9, 'value': 30}, {'type': 28, 'value': 217}]}"
1759043669,LONG,,1,5002600,,"{'id': 171446, 'context': 13, 'bonus_lists': [6893], 'modifiers': [{'type': 9, 'value': 53}, {'type': 28, 'value': 391}, {'type': 29, 'value': 40}, {'type': 30, 'value': 49}]}"
1759043670,VERY_LONG,,1,7460000,,"{'id': 863, 'context': 1, 'bonus_lists': [6655, 1708], 'modifiers': [{'type': 9, 'value': 30}, {'type': 28, 'value': 217}]}"
1759043671,LONG,,1,5002600,,"{'id': 171446, 'context': 13, 'bonus_lists': [6893], 'modifiers': [{'type': 9, 'value': 53}, {'type': 28, 'value': 391}, {'type': 29, 'value': 32}, {'type': 30, 'value': 36}]}"
1759043672,VERY_LONG,,1,2471300,,"{'id': 15279, 'context': 1, 'bonus_lists': [6655, 1680], 'modifiers': [{'type': 9, 'value': 30}, {'type': 28, 'value': 278}]}"
1759043673,VERY_LONG,,1,290007400,,"{'id': 14852, 'context': 0, 'bonus_lists': [6655], 'modifiers': [{'type': 9, 'value': 30}, {'type': 28, 'value': 33}]}"
1759043674,VERY_LONG,,1,18197000,,"{'id': 15323, 'context': 0, 'bonus_lists': [6655, 1681], 'modifiers': [{'type': 9, 'value': 30}, {'type': 28, 'value': 33}]}"
1759043676,VERY_LONG,,1,19138200,,"{'id': 4059, 'context': 1, 'bonus_lists': [6654], 'modifiers': [{'type': 9, 'value': 30}, {'type': 28, 'value': 217}]}"
1759043680,VERY_LONG,,1,11194500,,"{'id': 10137, 'context': 1, 'bonus_lists': [6654, 1707], 'modifiers': [{'type': 9, 'value': 30}, {'type': 28, 'value': 205}]}"
1759043681,VERY_LONG,,1,17542000,,"{'id': 15264, 'context': 0, 'bonus_lists': [6655, 1706], 'modifiers': [{'type': 9, 'value': 30}, {'type': 28, 'value': 33}]}"
1759043682,VERY_LONG,,1,47064200,,"{'id': 6424, 'context': 1, 'bonus_lists': [6654], 'modifiers': [{'type': 9, 'value': 30}, {'type': 28, 'value': 218}]}"
1759043684,VERY_LONG,,1,27632600,,"{'id': 14280, 'context': 1, 'bonus_lists': [6654, 1707], 'modifiers': [{'type': 9, 'value': 30}, {'type': 28, 'value': 218}]}"
1759043685,VERY_LONG,,1,19682400,,"{'id': 14436, 'context': 1, 'bonus_lists': [6654], 'modifiers': [{'type': 9, 'value': 30}, {'type': 28, 'value': 278}]}"
1759043687,VERY_LONG,,1,32626300,,"{'id': 14259, 'context': 1, 'bonus_lists': [6654, 1680], 'modifiers': [{'type': 9, 'value': 30}, {'type': 28, 'value': 209}]}"
1759043688,VERY_LONG,,1,11073600,,"{'id': 9909, 'context': 1, 'bonus_lists': [6654, 1695], 'modifiers': [{'type': 9, 'value': 30}, {'type': 28, 'value': 218}]}"
1759043689,VERY_LONG,,1,66847700,,"{'id': 6433, 'context': 1, 'bonus_lists': [6654], 'modifiers': [{'type': 9, 'value': 30}, {'type': 28, 'value': 217}]}"
1759043690,LONG,,1,19999100,,"{'id': 173428, 'context': 13, 'modifiers': [{'type': 29, 'value': 32}, {'type': 30, 'value': 36}]}"
1759043691,VERY_LONG,,1,66847700,,"{'id': 6433, 'context': 1, 'bonus_lists': [6654], 'modifiers': [{'type': 9, 'value': 30}, {'type': 28, 'value': 217}]}"
1759043692,LONG,,1,19999100,,"{'id': 173428, 'context': 13, 'modifiers': [{'type': 29, 'value': 36}, {'type': 30, 'value': 40}]}"
1759043694,LONG,,1,19999100,,"{'id': 173428, 'context': 13, 'modifiers': [{'type': 29, 'value': 49}, {'type': 30, 'value': 40}]}"
1759043695,VERY_LONG,,1,16778400,,"{'id': 15195, 'context': 0, 'bonus_lists': [6654, 1707], 'modifiers': [{'type': 9, 'value': 30}, {'type': 28, 'value': 1006}]}"
1759043696,LONG,,1,19999100,,"{'id': 173428, 'context': 13, 'modifiers': [{'type': 29, 'value': 32}, {'type': 30, 'value': 49}]}"
1759043697,VERY_LONG,,1,69962100,,"{'id': 9859, 'context': 1, 'bonus_lists': [6654, 1705], 'modifiers': [{'type': 9, 'value': 30}, {'type': 28, 'value': 209}]}"
1759043698,VERY_LONG,,1,12730000,,"{'id': 7992, 'context': 1, 'modifiers': [{'type': 28, 'value': 217}]}"
1759043699,VERY_LONG,,1,186939800,,"{'id': 21805, 'context': 0, 'modifiers': [{'type': 28, 'value': 1006}]}"
1759043700,VERY_LONG,,1,186939800,,"{'id': 21805, 'context': 0, 'modifiers': [{'type': 28, 'value': 1006}]}"
1759043701,VERY_LONG,32926300,1,,,{'id': 10593}
1759043702,VERY_LONG,,1,42189100,,"{'id': 8294, 'context': 1, 'bonus_lists': [6654], 'modifiers': [{'type': 9, 'value': 30}, {'type': 28, 'value': 205}]}"
1759043703,VERY_LONG,,1,88833600,,"{'id': 14917, 'context': 0, 'bonus_lists': [6654, 1707], 'modifiers': [{'type': 9, 'value': 30}, {'type': 28, 'value': 1006}]}"
1759043704,VERY_LONG,,1,88833600,,"{'id': 14917, 'context': 1, 'bonus_lists': [6654, 1707], 'modifiers': [{'type': 9, 'value': 30}, {'type': 28, 'value': 278}]}"
1759043706,VERY_LONG,,1,39820700,,"{'id': 7475, 'context': 1, 'bonus_lists': [6654, 1709], 'modifiers': [{'type': 9, 'value': 30}, {'type': 28, 'value': 217}]}"
1759043707,LONG,,1,1057500,,"{'id': 171380, 'context': 13, 'bonus_lists': [6885], 'modifiers': [{'type': 9, 'value': 53}, {'type': 28, 'value': 391}, {'type': 29, 'value': 49}, {'type': 30, 'value': 40}]}"
1759043711,LONG,,1,1841400,,"{'id': 171378, 'context': 13, 'bonus_lists': [6885], 'modifiers': [{'type': 9, 'value': 60}, {'type': 28, 'value': 391}, {'type': 29, 'value': 49}, {'type': 30, 'value': 40}]}"
1759043713,LONG,94000,5146,,,{'id': 171828}
1759043721,LONG,163800,2611,,,{'id': 171830}
1759043727,VERY_LONG,100000,8,,,{'id': 24476}
1759043730,VERY_LONG,300000,2,,,{'id': 36932}
1759043737,VERY_LONG,80000,1,,,{'id': 128304}
1759043744,VERY_LONG,,1,5000000,,"{'id': 165743, 'context': 11, 'modifiers': [{'type': 28, 'value': 391}]}"
1759043748,VERY_LONG,115500,20,,,{'id': 153487}
1759043751,VERY_LONG,52300,3,,,{'id': 109223}
1759043753,VERY_LONG,9000,11,,,{'id': 109184}
1759043773,VERY_LONG,,1,47700,,"{'id': 34498, 'context': 11, 'modifiers': [{'type': 28, 'value': 391}]}"
1759043774,VERY_LONG,,1,47700,,"{'id': 34498, 'context': 11, 'modifiers': [{'type': 28, 'value': 391}]}"
1759043775,VERY_LONG,,1,47700,,"{'id': 34498, 'context': 11, 'modifiers': [{'type': 28, 'value': 391}]}"
1759043776,VERY_LONG,,1,47700,,"{'id': 34498, 'context': 11, 'modifiers': [{'type': 28, 'value': 391}]}"
1759043793,VERY_LONG,10000000,3,,,{'id': 168427}
1759043805,VERY_LONG,2710000,9,,,{'id': 81055}
1759043830,VERY_LONG,1341200,1,,,{'id': 182121}
1759045219,VERY_LONG,,1,1627700,,"{'id': 5215, 'context': 1, 'bonus_lists': [6655, 1677], 'modifiers': [{'type': 9, 'value': 30}, {'type': 28, 'value': 209}]}"
1759045221,VERY_LONG,,1,14194800,,"{'id': 7432, 'context': 1, 'bonus_lists': [6654, 1695], 'modifiers': [{'type': 9, 'value': 30}, {'type': 28, 'value': 217}]}"
1759045223,VERY_LONG,,1,13890800,,"{'id': 8292, 'context': 1, 'bonus_lists': [6654], 'modifiers': [{'type': 9, 'value': 30}, {'type': 28, 'value': 205}]}"
1759045226,VERY_LONG,,1,13890800,,"{'id': 8292, 'context': 1, 'bonus_lists': [6654], 'modifiers': [{'type': 9, 'value': 30}, {'type': 28, 'value': 205}]}"
1759045228,VERY_LONG,,1,7172500,,"{'id': 10123, 'context': 1, 'bonus_lists': [6654, 1679], 'modifiers': [{'type': 9, 'value': 30}, {'type': 28, 'value': 205}]}"
1759045229,VERY_LONG,,1,68045900,,"{'id': 14336, 'context': 0, 'bonus_lists': [6654, 1680], 'modifiers': [{'type': 9, 'value': 30}, {'type': 28, 'value': 1006}]}"
1759045231,VERY_LONG,,1,22819200,,"{'id': 4088, 'context': 0, 'bonus_lists': [6655, 1705], 'modifiers': [{'type': 9, 'value': 30}, {'type': 28, 'value': 33}]}"
1759045233,VERY_LONG,,1,44446800,,"{'id': 7459, 'context': 1, 'bonus_lists': [6654, 1678], 'modifiers': [{'type': 9, 'value': 30}, {'type': 28, 'value': 217}]}"
1759045235,VERY_LONG,,1,69583000,,"{'id': 8140, 'context': 1, 'bonus_lists': [6654], 'modifiers': [{'type': 9, 'value': 30}, {'type': 28, 'value': 217}]}"
1759045238,VERY_LONG,,1,11587000,,"{'id': 10110, 'context': 1, 'bonus_lists': [6654, 1707], 'modifiers': [{'type': 9, 'value': 30}, {'type': 28, 'value': 201}]}"
1759045240,VERY_LONG,9058300,1,,,{'id': 20871}
1759045243,VERY_LONG,,1,104774800,,"{'id': 10201, 'context': 0, 'bonus_lists': [6654, 1707], 'modifiers': [{'type': 9, 'value': 30}, {'type': 28, 'value': 28}]}"
1759045245,VERY_LONG,,1,77504200,,"{'id': 9918, 'context': 1, 'bonus_lists': [6655, 1677], 'modifiers': [{'type': 9, 'value': 30}, {'type': 28, 'value': 209}]}"
1759045246,VERY_LONG,,1,77504200,,"{'id': 9918, 'context': 1, 'bonus_lists': [6655, 1705], 'modifiers': [{'type': 9, 'value': 30}, {'type': 28, 'value': 217}]}"
1759045247,VERY_LONG,,1,76861700,,"{'id': 15887, 'context': 0, 'bonus_lists': [6655, 1677], 'modifiers': [{'type': 9, 'value': 30}, {'type': 28, 'value': 1006}]}"
1759045248,VERY_LONG,,1,14110700,,"{'id': 864, 'context': 1, 'bonus_lists': [6655, 1691], 'modifiers': [{'type': 9, 'value': 30}, {'type': 28, 'value': 217}]}"
1759045249,VERY_LONG,,1,859900,,"{'id': 4089, 'context': 1, 'bonus_lists': [6655, 1692], 'modifiers': [{'type': 9, 'value': 30}, {'type': 28, 'value': 218}]}"
1759045251,VERY_LONG,,1,859900,,"{'id': 4089, 'context': 1, 'bonus_lists': [6655, 1693], 'modifiers': [{'type': 9, 'value': 30}, {'type': 28, 'value': 218}]}"
1759045253,VERY_LONG,,1,68462400,,"{'id': 13035, 'context': 0, 'bonus_lists': [6659], 'modifiers': [{'type': 9, 'value': 30}, {'type': 28, 'value': 1006}]}"
1759045254,VERY_LONG,,1,15445200,,"{'id': 9900, 'context': 1, 'bonus_lists': [6654, 1709], 'modifiers': [{'type': 9, 'value': 30}, {'type': 28, 'value': 217}]}"
1759045256,VERY_LONG,,1,10416300,,"{'id': 7471, 'context': 1, 'bonus_lists': [6654, 1679], 'modifiers': [{'type': 9, 'value': 30}, {'type': 28, 'value': 217}]}"
1759045258,VERY_LONG,,1,4095500,,"{'id': 8302, 'context': 1, 'bonus_lists': [6654], 'modifiers': [{'type': 9, 'value': 30}, {'type': 28, 'value': 205}]}"
1759045259,VERY_LONG,,1,35906600,,"{'id': 1608, 'context': 1, 'bonus_lists': [6655, 1706], 'modifiers': [{'type': 9, 'value': 30}, {'type': 28, 'value': 218}]}"
1759045260,VERY_LONG,,1,41963200,,"{'id': 6432, 'context': 1, 'bonus_lists': [6654], 'modifiers': [{'type': 9, 'value': 30}, {'type': 28, 'value': 217}]}"
1759045261,VERY_LONG,,1,41963200,,"{'id': 6432, 'context': 1, 'bonus_lists': [6654], 'modifiers': [{'type': 9, 'value': 30}, {'type': 28, 'value': 218}]}"
1759045264,VERY_LONG,,1,41963200,,"{'id': 6432, 'context': 1, 'bonus_lists': [6654], 'modifiers': [{'type': 9, 'value': 30}, {'type': 28, 'value': 217}]}"
1759045266,VERY_LONG,,1,17555200,,"{'id': 10210, 'context': 1, 'bonus_lists': [6654, 1705], 'modifiers': [{'type': 9, 'value': 30}, {'type': 28, 'value': 205}]}"
1759045272,VERY_LONG,,1,43656500,,"{'id': 14687, 'context': 1, 'bonus_lists': [6654], 'modifiers': [{'type': 9, 'value': 30}, {'type': 28, 'value': 218}]}"
1759045275,VERY_LONG,,1,52200400,,"{'id': 14322, 'context': 0, 'bonus_lists': [6654, 1679], 'modifiers': [{'type': 9, 'value': 30}, {'type': 28, 'value': 1006}]}"
1759045277,VERY_LONG,,1,33956400,,"{'id': 9883, 'context': 1, 'bonus_lists': [6654, 1692], 'modifiers': [{'type': 9, 'value': 30}, {'type': 28, 'value': 217}]}"
1759045279,VERY_LONG,,1,5846000,,"{'id': 10098, 'context': 0, 'bonus_lists': [6654, 1709], 'modifiers': [{'type': 9, 'value': 30}, {'type': 28, 'value': 33}]}"
1759045282,VERY_LONG,,1,7869900,,"{'id': 10188, 'context': 0, 'bonus_lists': [6654, 1681], 'modifiers': [{'type': 9, 'value': 30}, {'type': 28, 'value': 34}]}"
1759045285,VERY_LONG,,1,24266000,,"{'id': 15217, 'context': 0, 'bonus_lists': [6655, 1695], 'modifiers': [{'type': 9, 'value': 30}, {'type': 28, 'value': 33}]}"
1759045287,VERY_LONG,,1,176664900,,"{'id': 15988, 'context': 0, 'bonus_lists': [6655, 1692], 'modifiers': [{'type': 9, 'value': 30}, {'type': 28, 'value': 1006}]}"
1759045289,VERY_LONG,,1,63877400,,"{'id': 1988, 'context': 1, 'bonus_lists': [6654], 'modifiers': [{'type': 9, 'value': 30}, {'type': 28, 'value': 217}]}"
1759045291,VERY_LONG,,1,97559300,,"{'id': 15177, 'context': 0, 'bonus_lists': [6654, 1691], 'modifiers': [{'type': 9, 'value': 30}, {'type': 28, 'value': 1006}]}"
1759045293,VERY_LONG,,1,38957100,,"{'id': 6411, 'context': 1, 'bonus_lists': [6654], 'modifiers': [{'type': 9, 'value': 30}, {'type': 28, 'value': 217}]}"
1759045297,VERY_LONG,,1,103884900,,"{'id': 14954, 'context': 1, 'bonus_lists': [6655, 1681], 'modifiers': [{'type': 9, 'value': 30}, {'type': 28, 'value': 218}]}"
1759045301,VERY_LONG,,1,18881100,,"{'id': 14325, 'context': 0, 'bonus_lists': [6654, 1680], 'modifiers': [{'type': 9, 'value': 30}, {'type': 28, 'value': 1006}]}"
1759045302,VERY_LONG,,1,8787100,,"{'id': 14658, 'context': 0, 'bonus_lists': [6654], 'modifiers': [{'type': 9, 'value': 30}, {'type': 28, 'value': 1006}]}"
1759045304,VERY_LONG,,1,19556100,,"{'id': 7447, 'context': 1, 'bonus_lists': [6654, 1677], 'modifiers': [{'type': 9, 'value': 30}, {'type': 28, 'value': 217}]}"
1759045306,VERY_LONG,,1,19556100,,"{'id': 7447, 'context': 1, 'bonus_lists': [6654, 1705], 'modifiers': [{'type': 9, 'value': 30}, {'type': 28, 'value': 217}]}"
1759045308,VERY_LONG,,1,12040100,,"{'id': 9934, 'context': 1, 'bonus_lists': [6654, 1680], 'modifiers': [{'type': 9, 'value': 30}, {'type': 28, 'value': 217}]}"
1759045310,VERY_LONG,,1,34075500,,"{'id': 9848, 'context': 1, 'bonus_lists': [6654, 1692], 'modifiers': [{'type': 9, 'value': 30}, {'type': 28, 'value': 217}]}"
1759045312,VERY_LONG,,1,80413300,,"{'id': 4718, 'context': 1, 'bonus_lists': [6654], 'modifiers': [{'type': 9, 'value': 30}, {'type': 28, 'value': 217}]}"
1759045315,VERY_LONG,,1,9819500,,"{'id': 15236, 'context': 0, 'bonus_lists': [6655, 1693], 'modifiers': [{'type': 9, 'value': 30}, {'type': 28, 'value': 33}]}"
1759045318,VERY_LONG,,1,25000000,,"{'id': 10382, 'context': 1, 'bonus_lists': [6654, 1680], 'modifiers': [{'type': 9, 'value': 30}, {'type': 28, 'value': 205}]}"
1759045320,VERY_LONG,651000,5,,,{'id': 14227}
1759045322,VERY_LONG,,1,7147800,,"{'id': 10101, 'context': 1, 'bonus_lists': [6654, 1707], 'modifiers': [{'type': 9, 'value': 30}, {'type': 28, 'value': 205}]}"
1759045323,VERY_LONG,,1,10170500,,"{'id': 15215, 'context': 1, 'bonus_lists': [6655, 1705], 'modifiers': [{'type': 9, 'value': 30}, {'type': 28, 'value': 217}]}"
1759045328,VERY_LONG,,1,10664100,,"{'id': 15272, 'context': 1, 'bonus_lists': [6655, 1705], 'modifiers': [{'type': 9, 'value': 30}, {'type': 28, 'value': 205}]}"
1759045330,VERY_LONG,,1,109953000,,"{'id': 6421, 'context': 1, 'bonus_lists': [6654], 'modifiers': [{'type': 9, 'value': 30}, {'type': 28, 'value': 217}]}"
1759045332,VERY_LONG,,1,50131700,,"{'id': 14776, 'context': 1, 'bonus_lists': [6654], 'modifiers': [{'type': 9, 'value': 30}, {'type': 28, 'value': 209}]}"
1759045334,VERY_LONG,,1,9959900,,"{'id': 4734, 'context': 1, 'bonus_lists': [6654], 'modifiers': [{'type': 9, 'value': 30}, {'type': 28, 'value': 217}]}"
1759045336,VERY_LONG,,1,14920000,,"{'id': 15256, 'context': 1, 'bonus_lists': [6655, 1708], 'modifiers': [{'type': 9, 'value': 30}, {'type': 28, 'value': 205}]}"
1759045338,VERY_LONG,,1,22583100,,"{'id': 7440, 'context': 1, 'bonus_lists': [6654, 1695], 'modifiers': [{'type': 9, 'value': 30}, {'type': 28, 'value': 217}]}"
1759045340,VERY_LONG,,1,80204800,,"{'id': 8142, 'context': 1, 'bonus_lists': [6654], 'modifiers': [{'type': 9, 'value': 30}, {'type': 28, 'value': 217}]}"
1759045342,VERY_LONG,,1,24990000,,"{'id': 14606, 'context': 1, 'bonus_lists': [6654], 'modifiers': [{'type': 9, 'value': 30}, {'type': 28, 'value': 209}]}"
1759045344,VERY_LONG,,1,61271600,,"{'id': 15980, 'context': 0, 'bonus_lists': [6655, 1692], 'modifiers': [{'type': 9, 'value': 30}, {'type': 28, 'value': 1006}]}"
1759045346,VERY_LONG,,1,149695100,,"{'id': 14317, 'context': 0, 'bonus_lists': [6654, 1695], 'modifiers': [{'type': 9, 'value': 30}, {'type': 28, 'value': 1006}]}"
1759045349,VERY_LONG,,1,11155900,,"{'id': 9875, 'context': 1, 'bonus_lists': [6654, 1707], 'modifiers': [{'type': 9, 'value': 30}, {'type': 28, 'value': 217}]}"
1759045352,VERY_LONG,,1,42249300,,"{'id': 4063, 'context': 1, 'bonus_lists': [6654], 'modifiers': [{'type': 9, 'value': 30}, {'type': 28, 'value': 217}]}"
1759045356,VERY_LONG,,1,141242100,,"{'id': 7556, 'context': 1, 'bonus_lists': [6655, 1709], 'modifiers': [{'type': 9, 'value': 30}, {'type': 28, 'value': 217}]}"
1759045360,VERY_LONG,,1,24980000,,"{'id': 14442, 'context': 0, 'bonus_lists': [6654], 'modifiers': [{'type': 9, 'value': 30}, {'type': 28, 'value': 1006}]}"
1759045362,VERY_LONG,,1,182342600,,"{'id': 15660, 'context': 0, 'bonus_lists': [6654, 1680], 'modifiers': [{'type': 9, 'value': 30}, {'type': 28, 'value': 1006}]}"
1759045364,VERY_LONG,,1,29114600,,"{'id': 15167, 'context': 0, 'bonus_lists': [6654, 1680], 'modifiers': [{'type': 9, 'value': 30}, {'type': 28, 'value': 1006}]}"
1759045366,VERY_LONG,,1,108421500,,"{'id': 15623, 'context': 1, 'bonus_lists': [6654, 1691], 'modifiers': [{'type': 9, 'value': 30}, {'type': 28, 'value': 218}]}"
1759045372,VERY_LONG,,1,52515600,,"{'id': 14816, 'context': 0, 'bonus_lists': [6654], 'modifiers': [{'type': 9, 'value': 30}, {'type': 28, 'value': 1006}]}"
1759045374,VERY_LONG,,1,9960000,,"{'id': 15392, 'context': 0, 'bonus_lists': [6654, 1681], 'modifiers': [{'type': 9, 'value': 30}, {'type': 28, 'value': 1006}]}"
1759045376,VERY_LONG,,1,5657800,,"{'id': 3208, 'context': 0, 'bonus_lists': [6655, 1691], 'modifiers': [{'type': 9, 'value': 30}, {'type': 28, 'value': 1006}]}"
1759045378,VERY_LONG,,1,5657800,,"{'id': 3208, 'context': 1, 'bonus_lists': [6655, 1707], 'modifiers': [{'type': 9, 'value': 30}, {'type': 28, 'value': 218}]}"
1759045380,VERY_LONG,,1,5952900,,"{'id': 14329, 'context': 0, 'bonus_lists': [6654, 1709], 'modifiers': [{'type': 9, 'value': 30}, {'type': 28, 'value': 1006}]}"
1759045383,VERY_LONG,,1,34630000,,"{'id': 14248, 'context': 1, 'bonus_lists': [6654, 1678], 'modifiers': [{'type': 9, 'value': 30}, {'type': 28, 'value': 278}]}"
1759045385,VERY_LONG,,1,2170100,,"{'id': 21947, 'context': 0, 'modifiers': [{'type': 28, 'value': 1006}]}"
1759045387,VERY_LONG,,1,61620700,,"{'id': 15425, 'context': 0, 'bonus_lists': [6654, 1695], 'modifiers': [{'type': 9, 'value': 30}, {'type': 28, 'value': 33}]}"
1759045391,VERY_LONG,,1,11754800,,"{'id': 15260, 'context': 1, 'bonus_lists': [6655, 1705], 'modifiers': [{'type': 9, 'value': 30}, {'type': 28, 'value': 217}]}"
1759045393,VERY_LONG,,1,11754800,,"{'id': 15260, 'context': 1, 'bonus_lists': [6655, 1707], 'modifiers': [{'type': 9, 'value': 30}, {'type': 28, 'value': 217}]}"
1759045396,VERY_LONG,,1,42108100,,"{'id': 14669, 'context': 0, 'bonus_lists': [6654], 'modifiers': [{'type': 9, 'value': 30}, {'type': 28, 'value': 33}]}"
1759045398,VERY_LONG,,1,69962100,,"{'id': 9859, 'context': 1, 'bonus_lists': [6654, 1707], 'modifiers': [{'type': 9, 'value': 30}, {'type': 28, 'value': 217}]}"
1759045400,VERY_LONG,,1,23231900,,"{'id': 10071, 'context': 1, 'bonus_lists': [6654, 1706], 'modifiers': [{'type': 9, 'value': 30}, {'type': 28, 'value': 201}]}"
1759045403,VERY_LONG,,1,15629800,,"{'id': 7476, 'context': 1, 'bonus_lists': [6654, 1677], 'modifiers': [{'type': 9, 'value': 30}, {'type': 28, 'value': 217}]}"
1759045405,VERY_LONG,,1,22195600,,"{'id': 10233, 'context': 0, 'bonus_lists': [6654, 1692], 'modifiers': [{'type': 9, 'value': 30}, {'type': 28, 'value': 33}]}"
1759045407,VERY_LONG,,1,105566700,,"{'id': 15637, 'context': 0, 'bonus_lists': [6654, 1708], 'modifiers': [{'type': 9, 'value': 30}, {'type': 28, 'value': 1006}]}"
1759045409,VERY_LONG,,1,199987300,,"{'id': 14915, 'context': 0, 'bonus_lists': [6654, 1707], 'modifiers': [{'type': 9, 'value': 30}, {'type': 28, 'value': 33}]}"
1759045412,VERY_LONG,,1,741233200,,"{'id': 21803, 'context': 0, 'modifiers': [{'type': 28, 'value': 1006}]}"
1759045415,VERY_LONG,,1,4502600,,"{'id': 15214, 'context': 1, 'bonus_lists': [6655, 1680], 'modifiers': [{'type': 9, 'value': 30}, {'type': 28, 'value': 217}]}"
1759045417,VERY_LONG,,1,11703500,,"{'id': 10186, 'context': 1, 'bonus_lists': [6654, 1692], 'modifiers': [{'type': 9, 'value': 30}, {'type': 28, 'value': 201}]}"
1759045419,VERY_LONG,,1,11703500,,"{'id': 10186, 'context': 1, 'bonus_lists': [6654, 1694], 'modifiers': [{'type': 9, 'value': 30}, {'type': 28, 'value': 201}]}"
1759045421,VERY_LONG,,1,11703500,,"{'id': 10186, 'context': 1, 'bonus_lists': [6654, 1708], 'modifiers': [{'type': 9, 'value': 30}, {'type': 28, 'value': 201}]}"
1759045423,VERY_LONG,,1,11703500,,"{'id': 10186, 'context': 1, 'bonus_lists': [6654, 1709], 'modifiers': [{'type': 9, 'value': 30}, {'type': 28, 'value': 201}]}"
1759045425,VERY_LONG,11858200,3,,,{'id': 20867}
1759045427,VERY_LONG,,1,20483300,,"{'id': 6419, 'context': 1, 'bonus_lists': [6654], 'modifiers': [{'type': 9, 'value': 30}, {'type': 28, 'value': 217}]}"
1759045432,VERY_LONG,,1,995900,,"{'id': 13007, 'context': 0, 'bonus_lists': [6658], 'modifiers': [{'type': 9, 'value': 30}, {'type': 28, 'value': 1005}]}"
1759045434,VERY_LONG,,1,226359400,,"{'id': 21802, 'context': 0, 'modifiers': [{'type': 28, 'value': 1006}]}"
1759045436,VERY_LONG,,1,18106200,,"{'id': 13015, 'context': 0, 'bonus_lists': [6659], 'modifiers': [{'type': 9, 'value': 30}, {'type': 28, 'value': 1006}]}"
1759045440,VERY_LONG,,1,121113400,,"{'id': 6660, 'context': 1, 'bonus_lists': [6659], 'modifiers': [{'type': 9, 'value': 30}, {'type': 28, 'value': 205}]}"
1759045442,VERY_LONG,1200000,3,,,{'id': 18335}
1759045444,VERY_LONG,,1,67710700,,"{'id': 8387, 'context': 1, 'modifiers': [{'type': 28, 'value': 217}]}"
1759045446,VERY_LONG,,1,67710700,,"{'id': 8387, 'context': 1, 'modifiers': [{'type': 28, 'value': 217}]}"
1759045448,VERY_LONG,,1,147693600,,"{'id': 14176, 'context': 1, 'bonus_lists': [6654, 1705], 'modifiers': [{'type': 9, 'value': 30}, {'type': 28, 'value': 200}]}"
1759045450,VERY_LONG,,1,20756600,,"{'id': 11202, 'context': 1, 'modifiers': [{'type': 28, 'value': 217}]}"
1759045452,VERY_LONG,,1,26555300,,"{'id': 4045, 'context': 1, 'bonus_lists': [6654], 'modifiers': [{'type': 9, 'value': 30}, {'type': 28, 'value': 217}]}"
1759045455,VERY_LONG,,1,26555300,,"{'id': 4045, 'context': 1, 'bonus_lists': [6654], 'modifiers': [{'type': 9, 'value': 30}, {'type': 28, 'value': 217}]}"
1759045457,VERY_LONG,,1,9962100,,"{'id': 9877, 'context': 1, 'bonus_lists': [6654, 1706], 'modifiers': [{'type': 9, 'value': 30}, {'type': 28, 'value': 217}]}"
1759045459,VERY_LONG,,1,113697000,,"{'id': 14978, 'context': 0, 'bonus_lists': [6654, 1693], 'modifiers': [{'type': 9, 'value': 30}, {'type': 28, 'value': 1006}]}"
1759045461,VERY_LONG,,1,295719800,,"{'id': 15606, 'context': 1, 'bonus_lists': [6654, 1706], 'modifiers': [{'type': 9, 'value': 30}, {'type': 28, 'value': 209}]}"
1759045465,VERY_LONG,,1,27438900,,"{'id': 15363, 'context': 1, 'bonus_lists': [6654, 1679], 'modifiers': [{'type': 9, 'value': 30}, {'type': 28, 'value': 209}]}"
1759045477,VERY_LONG,7180000,22,,,{'id': 172097}
1759045481,VERY_LONG,250000,77,,,{'id': 172096}
1759045483,VERY_LONG,383800,22,,,{'id': 170554}
1759045493,LONG,,1,2000000,,"{'id': 154695, 'context': 0}"
1759045494,LONG,,1,2000000,,"{'id': 154695, 'context': 0}"
1759045495,LONG,,1,2000000,,"{'id': 154695, 'context': 0}"
1759045496,LONG,,1,2000000,,"{'id': 154695, 'context': 0}"
1759045497,LONG,,1,2000000,,"{'id': 154695, 'context': 0}"
1759045498,LONG,,1,2000000,,"{'id': 154695, 'context': 0}"
1759045501,LONG,,1,2000000,,"{'id': 154695, 'context': 0}"
1759045503,LONG,,1,2000000,,"{'id': 154695, 'context': 0}"
1759045505,LONG,,1,2000000,,"{'id': 154695, 'context': 0}"
1759045506,LONG,,1,2000000,,"{'id': 154695, 'context': 0}"
1759045507,LONG,,1,2000000,,"{'id': 154695, 'context': 0}"
1759045509,LONG,,1,2000000,,"{'id': 154695, 'context': 0}"
1759045510,LONG,,1,2000000,,"{'id': 154695, 'context': 0}"
1759045511,LONG,,1,2000000,,"{'id': 154695, 'context': 0}"
1759045512,LONG,,1,2000000,,"{'id': 154695, 'context': 0}"
1759045513,LONG,,1,2000000,,"{'id': 154695, 'context': 0}"
1759045515,LONG,,1,2000000,,"{'id': 154695, 'context': 0}"
1759045518,LONG,,1,2000000,,"{'id': 154695, 'context': 0}"
1759045519,LONG,,1,2000000,,"{'id': 154695, 'context': 0}"
1759045520,LONG,,1,2000000,,"{'id': 154695, 'context': 0}"
1759045521,LONG,,1,2000000,,"{'id': 154695, 'context': 0}"
1759045522,LONG,,1,2000000,,"{'id': 154695, 'context': 0}"
1759045525,LONG,,1,2000000,,"{'id': 154695, 'context': 0}"
1759045527,LONG,,1,2000000,,"{'id': 154695, 'context': 0}"
1759045541,VERY_LONG,,1,14845000,,"{'id': 138790, 'context': 13}"
1759045576,LONG,2000,3,,,{'id': 113264}
1759045585,LONG,2000,7,,,{'id': 113262}
1759045590,LONG,1250700,68,,,{'id': 72095}
1759045603,LONG,350000,1000,,,{'id': 52986}
1759045613,VERY_LONG,,1,601429600,,"{'id': 180165, 'context': 0, 'bonus_lists': [6908, 6652, 1689], 'modifiers': [{'type': 9, 'value': 60}, {'type': 28, 'value': 1229}]}"
1759045615,VERY_LONG,,1,614958500,,"{'id': 180162, 'context': 0, 'bonus_lists': [6908, 6652, 1701], 'modifiers': [{'type': 9, 'value': 58}, {'type': 28, 'value': 1229}]}"
1759045616,VERY_LONG,,1,519400,,"{'id': 2553, 'context': 0, 'modifiers': [{'type': 28, 'value': 1800}]}"
1759045618,VERY_LONG,,1,2689300,,"{'id': 24916, 'context': 0, 'bonus_lists': [6654, 1695], 'modifiers': [{'type': 9, 'value': 30}, {'type': 28, 'value': 1011}]}"
1759045621,VERY_LONG,9000000,2,,,{'id': 173101}
1759045623,VERY_LONG,,1,520000,,"{'id': 30306, 'context': 0, 'modifiers': [{'type': 28, 'value': 1012}]}"
1759045624,VERY_LONG,327300,5,,,{'id': 38682}
1759045629,LONG,350000,50,,,{'id': 171285}
1759045631,VERY_LONG,,1,400000,,"{'id': 30305, 'context': 0, 'modifiers': [{'type': 28, 'value': 1012}]}"
1759045632,VERY_LONG,,1,400000,,"{'id': 30305, 'context': 0, 'modifiers': [{'type': 28, 'value': 1012}]}"
1759045634,VERY_LONG,,1,2900000,,"{'id': 30307, 'context': 0, 'modifiers': [{'type': 28, 'value': 1011}]}"
1759045636,VERY_LONG,,1,4041000,,"{'id': 17725, 'context': 11, 'modifiers': [{'type': 28, 'value': 420}]}"
1759045639,LONG,1300,348,,,{'id': 21877}
1759045640,LONG,2466800,23,,,{'id': 171275}
1759045641,VERY_LONG,,1,731600,,"{'id': 25057, 'context': 0, 'bonus_lists': [6654, 1709], 'modifiers': [{'type': 9, 'value': 30}, {'type': 28, 'value': 1012}]}"
1759045642,VERY_LONG,652600,1,,,{'id': 31910}
1759045647,LONG,503900,50,,,{'id': 172051}
1759045648,VERY_LONG,813200,14,,,{'id': 171289}
1759045650,VERY_LONG,,1,1805300,,"{'id': 24804, 'context': 0, 'bonus_lists': [6654, 1678], 'modifiers': [{'type': 9, 'value': 30}, {'type': 28, 'value': 1011}]}"
1759045652,LONG,995000,20,,,{'id': 132516}
1759045654,VERY_LONG,,1,10698600,,"{'id': 31298, 'context': 0, 'bonus_lists': [6658], 'modifiers': [{'type': 9, 'value': 30}, {'type': 28, 'value': 1012}]}"
1759045660,VERY_LONG,,1,5526700,,"{'id': 25113, 'context': 0, 'bonus_lists': [6655, 1707], 'modifiers': [{'type': 9, 'value': 30}, {'type': 28, 'value': 1011}]}"
1759045662,VERY_LONG,886900,5,,,{'id': 180732}
1759045663,VERY_LONG,,1,7817400,,"{'id': 25027, 'context': 0, 'bonus_lists': [6654, 1707], 'modifiers': [{'type': 9, 'value': 30}, {'type': 28, 'value': 1012}]}"
1759045665,LONG,397000,50,,,{'id': 171286}
1759045675,VERY_LONG,,1,230000,,"{'id': 25071, 'context': 0, 'bonus_lists': [6654, 1679], 'modifiers': [{'type': 9, 'value': 30}, {'type': 28, 'value': 1012}]}"
1759045688,VERY_LONG,9900,15,,,{'id': 172069}
1759045704,VERY_LONG,130000,10,,,{'id': 171271}
1759045710,VERY_LONG,49900,4336,,,{'id': 152505}
1759045719,VERY_LONG,49900,1784,,,{'id': 152509}
1759045741,VERY_LONG,51700,350,,,{'id': 152511}
1759045760,VERY_LONG,53600,2041,,,{'id': 152506}
1759045801,VERY_LONG,22600,112,,,{'id': 152508}
1759045820,VERY_LONG,137900,307,,,{'id': 152876}
1759045833,LONG,1708100,1,,,{'id': 23427}
1759045908,VERY_LONG,7800,3536,,,{'id': 167738}
1759045909,LONG,698000,200,,,{'id': 51950}
1759045910,LONG,9990000,3,,,{'id': 72104}
1759045913,VERY_LONG,105500,7018,,,{'id': 152577}
1759045915,LONG,153600,1392,,,{'id': 124440}
1759045916,VERY_LONG,120500,518,,,{'id': 62784}
1759045920,LONG,100000,65,,,{'id': 166343}
1759045928,LONG,250000,101,,,{'id': 168312}
1759045932,VERY_LONG,276600,1,,,{'id': 153490}
1759045935,LONG,1328800,220,,,{'id': 124441}
1759045948,LONG,4604100,20,,,{'id': 58487}
1759045960,LONG,3893800,3,,,{'id': 76084}
1759045966,LONG,2450000,2,,,{'id': 76087}
1759045982,VERY_LONG,19600,31,,,{'id': 34068}
1759046002,VERY_LONG,73800,7,,,{'id': 153437}
1759046028,LONG,20000,21,,,{'id': 14344}
1759046086,LONG,450000,76,,,{'id': 52722}
1759047120,LONG,15000,4,,,{'id': 22573}
1759047131,LONG,350000,147,,,{'id': 52986}
1759047141,LONG,15137300,2,,,{'id': 139358}
1759047149,LONG,4568500,5,,,{'id': 139339}
1759047161,LONG,4708500,2,,,{'id': 139288}
1759047173,LONG,3499900,2,,,{'id': 137238}
1759047378,LONG,105500,2800,,,{'id': 152577}
1759047462,LONG,250000,732,,,{'id': 152877}
1759047505,LONG,89900,421,,,{'id': 158378}
1759047554,VERY_LONG,36201200,1,,,{'id': 129028}
1759047560,VERY_LONG,19865400,2,,,{'id': 129019}
1759047566,VERY_LONG,21681100,1,,,{'id': 137274}
1759047571,VERY_LONG,16000,304,,,{'id': 174353}
1759047588,VERY_LONG,26368400,2,,,{'id': 137293}
1759047592,VERY_LONG,126278700,2,,,{'id': 129022}
1759047599,VERY_LONG,23370400,2,,,{'id': 129017}
1759047617,VERY_LONG,6000000,54,,,{'id': 58488}
1759047622,VERY_LONG,7100000,2,,,{'id': 139437}
1759047632,VERY_LONG,17794600,2,,,{'id': 137269}
1759047673,LONG,118800,1800,,,{'id': 152512}
1759047699,LONG,83900,1600,,,{'id': 168185}
1759047715,LONG,17794600,4,,,{'id': 137269}
1759047914,VERY_LONG,17500,1,,,{'id': 124437}
1759051185,VERY_LONG,,1,199999900,,"{'id': 164469, 'context': 31, 'modifiers': [{'type': 28, 'value': 464}]}"
1759051186,VERY_LONG,,1,488718400,,"{'id': 164391, 'context': 31, 'modifiers': [{'type': 28, 'value': 464}]}"
1759051189,VERY_LONG,,1,944415500,,"{'id': 164301, 'context': 31}"
1759051191,VERY_LONG,,1,487608700,,"{'id': 164393, 'context': 0}"
1759051194,VERY_LONG,,1,1691376800,,"{'id': 164297, 'context': 11}"
1759051196,VERY_LONG,,1,316676400,,"{'id': 82106, 'context': 0, 'bonus_lists': [6655, 1709], 'modifiers': [{'type': 9, 'value': 46}]}"
1759051198,VERY_LONG,,1,987887100,,"{'id': 164294, 'context': 31}"
1759051200,VERY_LONG,,1,199999900,,"{'id': 164554, 'context': 11}"
1759051202,VERY_LONG,,1,199999900,,"{'id': 166814, 'context': 11, 'modifiers': [{'type': 28, 'value': 644}]}"
1759051205,VERY_LONG,,1,336692200,,"{'id': 118851, 'context': 29, 'bonus_lists': [3981], 'modifiers': [{'type': 9, 'value': 50}]}"
1759051207,VERY_LONG,,1,199999900,,"{'id': 164476, 'context': 0}"
1759051209,VERY_LONG,,1,199999900,,"{'id': 164529, 'context': 11, 'modifiers': [{'type': 28, 'value': 644}]}"
1759051211,VERY_LONG,,1,199999900,,"{'id': 164503, 'context': 14, 'modifiers': [{'type': 28, 'value': 186}]}"
1759051213,VERY_LONG,,1,1305261100,,"{'id': 164545, 'context': 11, 'modifiers': [{'type': 28, 'value': 644}]}"
1759051216,VERY_LONG,,1,1177045500,,"{'id': 164300, 'context': 31}"
1759051220,VERY_LONG,,1,199999900,,"{'id': 166834, 'context': 0}"
1759051221,VERY_LONG,,1,199999900,,"{'id': 164366, 'context': 14, 'modifiers': [{'type': 28, 'value': 189}]}"
1759051222,VERY_LONG,,1,299990000,,"{'id': 42175, 'context': 3}"
1759051223,VERY_LONG,,1,199999900,,"{'id': 164394, 'context': 31}"
1759051224,VERY_LONG,,1,299999900,,"{'id': 1481, 'context': 1, 'bonus_lists': [6710], 'modifiers': [{'type': 9, 'value': 41}, {'type': 28, 'value': 1908}]}"
1759051225,VERY_LONG,,1,89000000,,"{'id': 164266, 'context': 31}"
1759051226,VERY_LONG,,1,199999900,,"{'id': 164388, 'context': 11}"
1759051230,VERY_LONG,,1,204483500,,"{'id': 94076, 'context': 0, 'bonus_lists': [1681]}"
1759051233,VERY_LONG,,1,299990000,,"{'id': 104245, 'context': 0}"
1759051235,VERY_LONG,,1,299990000,,"{'id': 12728, 'context': 0}"
1759051237,VERY_LONG,,1,485343100,,"{'id': 164559, 'context': 11, 'modifiers': [{'type': 28, 'value': 644}]}"
1759051239,VERY_LONG,,1,299990000,,"{'id': 15752, 'context': 0}"
1759051241,VERY_LONG,,1,299990000,,"{'id': 23626, 'context': 2}"
1759051243,VERY_LONG,,1,530913700,,"{'id': 2955, 'context': 0, 'bonus_lists': [3655, 5719], 'modifiers': [{'type': 9, 'value': 16}]}"
1759051246,VERY_LONG,,1,199999900,,"{'id': 164275, 'context': 11}"
1759051250,VERY_LONG,,1,599990000,,"{'id': 892, 'context': 0}"
1759051252,VERY_LONG,,1,199999900,,"{'id': 169285, 'context': 14, 'modifiers': [{'type': 28, 'value': 186}]}"
1759051254,VERY_LONG,,1,315825900,,"{'id': 164526, 'context': 11}"
1759051257,VERY_LONG,,1,89999100,,"{'id': 164454, 'context': 14, 'modifiers': [{'type': 28, 'value': 186}]}"
1759051259,VERY_LONG,,1,199999900,,"{'id': 164455, 'context': 14, 'modifiers': [{'type': 28, 'value': 186}]}"
1759051263,VERY_LONG,,1,569432700,,"{'id': 164432, 'context': 0}"
1759051265,VERY_LONG,,1,139999300,,"{'id': 164399, 'context': 0}"
1759051267,VERY_LONG,,1,199999900,,"{'id': 164478, 'context': 0}"
1759051269,VERY_LONG,,1,303254100,,"{'id': 55462, 'context': 0, 'bonus_lists': [1714]}"
1759051271,VERY_LONG,,1,199999900,,"{'id': 166838, 'context': 11}"
1759051273,VERY_LONG,,1,950000000,,"{'id': 164495, 'context': 11}"
1759051275,VERY_LONG,,1,199999900,,"{'id': 164306, 'context': 11}"
1759051278,VERY_LONG,,1,1699999800,,"{'id': 164546, 'context': 0}"
1759051281,VERY_LONG,,1,249984300,,"{'id': 7110, 'context': 29, 'bonus_lists': [3832], 'modifiers': [{'type': 9, 'value': 11}]}"
1759051283,VERY_LONG,,1,171000000,,"{'id': 82800, 'context': 0, 'modifiers': [{'type': 6, 'value': 59668}], 'pet_breed_id': 8, 'pet_level': 1, 'pet_quality_id': 3, 'pet_species_id': 1533}"
1759051285,VERY_LONG,,1,199999900,,"{'id': 164332, 'context': 11}"
1759051289,VERY_LONG,,1,237583700,,"{'id': 13034, 'context': 54, 'bonus_lists': [4274], 'modifiers': [{'type': 9, 'value': 50}]}"
1759051294,VERY_LONG,,1,299990000,,"{'id': 31211, 'context': 0, 'bonus_lists': [1693, 3762, 5581], 'modifiers': [{'type': 9, 'value': 30}]}"
1759051297,VERY_LONG,,1,1188607900,,"{'id': 164298, 'context': 0}"
1759051302,VERY_LONG,,1,26475300,,"{'id': 47638, 'context': 0}"
1759051304,VERY_LONG,,1,199999900,,"{'id': 164505, 'context': 31}"
1759051306,VERY_LONG,,1,199999900,,"{'id': 164272, 'context': 11}"
1759051308,VERY_LONG,,1,1200000000,,"{'id': 164433, 'context': 11, 'modifiers': [{'type': 28, 'value': 644}]}"
1759051310,VERY_LONG,,1,371291000,,"{'id': 118795, 'context': 0}"
1759051312,VERY_LONG,,1,199999900,,"{'id': 164327, 'context': 11}"
1759051314,VERY_LONG,,1,499990000,,"{'id': 42176, 'context': 2}"
1759051316,VERY_LONG,,1,199999900,,"{'id': 164457, 'context': 11, 'modifiers': [{'type': 28, 'value': 644}]}"
1759051319,VERY_LONG,,1,1198567900,,"{'id': 164431, 'context': 11}"
1759051322,VERY_LONG,,1,299990000,,"{'id': 23633, 'context': 1}"
1759051326,VERY_LONG,,1,582108300,,"{'id': 31318, 'context': 0}"
1759051328,VERY_LONG,,1,871778400,,"{'id': 164276, 'context': 11}"
1759051330,VERY_LONG,,1,368275000,,"{'id': 164277, 'context': 11}"
1759051332,VERY_LONG,,1,199999900,,"{'id': 169284, 'context': 14, 'modifiers': [{'type': 28, 'value': 189}]}"
1759051336,VERY_LONG,,1,399950000,,"{'id': 16254, 'context': 0}"
1759051721,VERY_LONG,899000,48,,,{'id': 52186}
1759051745,VERY_LONG,698000,4,,,{'id': 51950}
1759051787,VERY_LONG,800000,1,,,{'id': 52190}
1759051981,VERY_LONG,,1,2181051400,1962946300,"{'id': 1168, 'context': 1, 'bonus_lists': [6661], 'modifiers': [{'type': 9, 'value': 30}, {'type': 28, 'value': 205}]}"
1759052011,VERY_LONG,,1,3500000000,,"{'id': 82800, 'context': 0, 'modifiers': [{'type': 6, 'value': 95583}], 'pet_breed_id': 15, 'pet_level': 1, 'pet_quality_id': 2, 'pet_species_id': 2941}"
1759052020,LONG,,1,328164200,324882600,"{'id': 164567, 'context': 11}"
1759052042,VERY_LONG,,1,550000000,,"{'id': 14372, 'context': 53, 'bonus_lists': [4277], 'modifiers': [{'type': 9, 'value': 25}]}"
1759052070,VERY_LONG,,1,466000000,,"{'id': 82800, 'context': 0, 'modifiers': [{'type': 6, 'value': 95146}], 'pet_breed_id': 8, 'pet_level': 1, 'pet_quality_id': 3, 'pet_species_id': 2850}"
1759052089,VERY_LONG,,1,432999300,428669300,"{'id': 82800, 'context': 0, 'modifiers': [{'type': 6, 'value': 95148}], 'pet_breed_id': 16, 'pet_level': 1, 'pet_quality_id': 3, 'pet_species_id': 2852}"
