id,time_left,unit_price,quantity,buyout,bid,item
1199196971,SHORT,,1,1650000,,"{'id': 10255, 'context': 1, 'bonus_lists': [6654, 1705], 'modifiers': [{'type': 9, 'value': 30}, {'type': 28, 'value': 205}]}"
1199196979,SHORT,,1,15145600,,"{'id': 4690, 'context': 1, 'modifiers': [{'type': 28, 'value': 202}]}"
1199199134,SHORT,15100,11,,,{'id': 76563}
1199199142,SHORT,,1,1205009500,,"{'id': 159840, 'context': 54, 'bonus_lists': [1472, 4786]}"
1199199166,SHORT,78000,10000,,,{'id': 152577}
1199199197,SHORT,206600,1,,,{'id': 76629}
1199199205,SHORT,,1,500009200,,"{'id': 23540, 'context': 1}"
1199199222,SHORT,,1,472500000,,"{'id': 163575, 'context': 0}"
1199199236,SHORT,,1,750000000,,"{'id': 184793, 'context': 2, 'bonus_lists': [6652, 1472, 6646], 'modifiers': [{'type': 28, 'value': 748}]}"
1199199238,SHORT,,1,472500000,,"{'id': 163575, 'context': 0}"
1199199265,SHORT,,1,125000000,100000000,"{'id': 182719, 'context': 28, 'bonus_lists': [6652, 1520, 5891, 6646]}"
1199199273,SHORT,206600,1,,,{'id': 76629}
1199199293,SHORT,,1,2000000,,"{'id': 82800, 'context': 0, 'modifiers': [{'type': 6, 'value': 98459}], 'pet_breed_id': 5, 'pet_level': 1, 'pet_quality_id': 2, 'pet_species_id': 3022}"
1199199319,SHORT,30000,5,,,{'id': 172054}
1199199331,SHORT,1000,8,,,{'id': 174353}
1199199342,SHORT,206600,1,,,{'id': 76629}
1199199415,SHORT,206600,1,,,{'id': 76629}
1199199458,SHORT,206600,1,,,{'id': 76629}
1199200010,SHORT,,1,67624900,,"{'id': 78885, 'context': 0, 'modifiers': [{'type': 28, 'value': 1030}]}"
1199200060,SHORT,80000,2,,,{'id': 173126}
1199200077,SHORT,,1,6121900,,"{'id': 24883, 'context': 22, 'bonus_lists': [6654, 1693], 'modifiers': [{'type': 9, 'value': 30}, {'type': 28, 'value': 1075}]}"
1199200091,SHORT,1545100,40,,,{'id': 42546}
1199201192,SHORT,150000,39,,,{'id': 76509}
1199201207,SHORT,200000,35,,,{'id': 76502}
1199201216,SHORT,506600,3,,,{'id': 76570}
1199201236,SHORT,205100,21,,,{'id': 76567}
1199201247,SHORT,506600,1,,,{'id': 76633}
1199201599,SHORT,,1,440000,,"{'id': 177787, 'context': 0, 'bonus_lists': [6907, 6652, 7193, 1710], 'modifiers': [{'type': 9, 'value': 60}, {'type': 28, 'value': 2060}]}"
1199201604,SHORT,,1,7579100,,"{'id': 176961, 'context': 17, 'bonus_lists': [6907, 6652, 7193, 1703], 'modifiers': [{'type': 9, 'value': 59}, {'type': 28, 'value': 747}]}"
1199201610,SHORT,,1,480000,,"{'id': 176795, 'context': 23, 'bonus_lists': [6908, 6652, 1679], 'modifiers': [{'type': 9, 'value': 60}, {'type': 28, 'value': 749}]}"
1199201623,SHORT,,1,11061700,,"{'id': 176798, 'context': 23, 'bonus_lists': [6908, 6652, 1707], 'modifiers': [{'type': 9, 'value': 60}, {'type': 28, 'value': 749}]}"
1199201650,SHORT,,1,1000000,,"{'id': 177770, 'context': 0, 'bonus_lists': [6907, 6652, 7194, 1708], 'modifiers': [{'type': 9, 'value': 60}, {'type': 28, 'value': 2060}]}"
1199201726,SHORT,506600,6,,,{'id': 76592}
1199201737,SHORT,500000,1,,,{'id': 76617}
1199201749,SHORT,150200,3,,,{'id': 76551}
1199201754,SHORT,506600,1,,,{'id': 76614}
1199201762,SHORT,506600,4,,,{'id': 76615}
1199201778,SHORT,155100,40,,,{'id': 76526}
1199201786,SHORT,205100,20,,,{'id': 76567}
1199201804,SHORT,155100,18,,,{'id': 76563}
1199201826,SHORT,55100,17,,,{'id': 76549}
1199201840,SHORT,150000,15,,,{'id': 76548}
1199201866,SHORT,51000,70,,,{'id': 76135}
1199201886,SHORT,68000,216,,,{'id': 90407}
1199204686,SHORT,448000,5,,,{'id': 140587}
1199209500,SHORT,4500,2229,,,{'id': 2589}
1199209773,SHORT,4500,2673,,,{'id': 14047}
1199209858,SHORT,679900,1,,,{'id': 173204}
1199209859,SHORT,,1,1500000,,"{'id': 31308, 'context': 0, 'bonus_lists': [6659], 'modifiers': [{'type': 9, 'value': 30}, {'type': 28, 'value': 1012}]}"
1199209864,SHORT,759900,4,,,{'id': 172231}
1199209870,SHORT,390000,4,,,{'id': 22577}
1199209873,SHORT,,1,1500000,,"{'id': 71027, 'context': 3, 'modifiers': [{'type': 28, 'value': 1029}]}"
1199209875,SHORT,1200,20,,,{'id': 21877}
1199209883,SHORT,,1,1500000,,"{'id': 31308, 'context': 3, 'bonus_lists': [6659], 'modifiers': [{'type': 9, 'value': 30}, {'type': 28, 'value': 1014}]}"
1199209885,SHORT,150500,1,,,{'id': 33461}
1199209895,SHORT,,1,1500000,,"{'id': 13008, 'context': 0, 'bonus_lists': [6658], 'modifiers': [{'type': 9, 'value': 30}, {'type': 28, 'value': 1004}]}"
1199209914,SHORT,,1,800000,,"{'id': 10281, 'context': 0, 'bonus_lists': [6654, 1694], 'modifiers': [{'type': 9, 'value': 35}, {'type': 28, 'value': 1788}]}"
1199209927,SHORT,,1,700000,,"{'id': 151239, 'context': 13, 'bonus_lists': [6844]}"
1199209928,SHORT,,1,700000,,"{'id': 151239, 'context': 13, 'bonus_lists': [6844]}"
1199209932,SHORT,,1,500000,,"{'id': 9883, 'context': 0, 'bonus_lists': [6654, 1681], 'modifiers': [{'type': 9, 'value': 34}, {'type': 28, 'value': 1788}]}"
1199209937,SHORT,25000,13,,,{'id': 171436}
1199209955,MEDIUM,3132000,39,,,{'id': 22457}
1199209958,MEDIUM,7664400,34,,,{'id': 21885}
1199209960,MEDIUM,220700,8,,,{'id': 22575}
1199209962,MEDIUM,2450000,43,,,{'id': 21886}
1199209966,MEDIUM,65000000,2,,,{'id': 23786}
1199209968,MEDIUM,3030000,34,,,{'id': 22456}
1199209971,MEDIUM,1233900,8,,,{'id': 22578}
1199209972,MEDIUM,150000,3,,,{'id': 2677}
1199209975,MEDIUM,900000,80,,,{'id': 22452}
1199209976,MEDIUM,360000,4,,,{'id': 22576}
1199209978,MEDIUM,390000,8,,,{'id': 22577}
1199209980,MEDIUM,,1,145785800,,"{'id': 24303, 'context': 0, 'modifiers': [{'type': 28, 'value': 1012}]}"
1199209993,MEDIUM,,1,67300000,,"{'id': 82800, 'context': 0, 'modifiers': [{'type': 6, 'value': 46922}], 'pet_breed_id': 6, 'pet_level': 1, 'pet_quality_id': 3, 'pet_species_id': 1155}"
1199209997,MEDIUM,,1,67300000,,"{'id': 82800, 'context': 0, 'modifiers': [{'type': 6, 'value': 46922}], 'pet_breed_id': 6, 'pet_level': 1, 'pet_quality_id': 3, 'pet_species_id': 1155}"
1199209999,MEDIUM,,1,67300000,,"{'id': 82800, 'context': 0, 'modifiers': [{'type': 6, 'value': 46922}], 'pet_breed_id': 6, 'pet_level': 1, 'pet_quality_id': 3, 'pet_species_id': 1155}"
1199210002,MEDIUM,6051100,12,,,{'id': 22451}
1199210006,MEDIUM,4400000,11,,,{'id': 23426}
1199210007,MEDIUM,,1,19994500,,"{'id': 82800, 'context': 0, 'modifiers': [{'type': 6, 'value': 46909}], 'pet_breed_id': 18, 'pet_level': 1, 'pet_quality_id': 3, 'pet_species_id': 1156}"
1199210008,MEDIUM,,1,99999900,,"{'id': 31322, 'context': 0, 'bonus_lists': [6661], 'modifiers': [{'type': 9, 'value': 30}, {'type': 28, 'value': 1012}]}"
1199210009,MEDIUM,,1,19994500,,"{'id': 82800, 'context': 0, 'modifiers': [{'type': 6, 'value': 46909}], 'pet_breed_id': 18, 'pet_level': 1, 'pet_quality_id': 3, 'pet_species_id': 1156}"
1199210011,MEDIUM,,1,1500000,,"{'id': 13123, 'context': 0}"
1199210013,MEDIUM,,1,19994500,,"{'id': 82800, 'context': 0, 'modifiers': [{'type': 6, 'value': 46909}], 'pet_breed_id': 18, 'pet_level': 1, 'pet_quality_id': 3, 'pet_species_id': 1156}"
1199210014,MEDIUM,,1,19994500,,"{'id': 82800, 'context': 0, 'modifiers': [{'type': 6, 'value': 46909}], 'pet_breed_id': 18, 'pet_level': 1, 'pet_quality_id': 3, 'pet_species_id': 1156}"
1199210019,MEDIUM,,1,49649600,,"{'id': 82800, 'context': 0, 'modifiers': [{'type': 6, 'value': 90878}], 'pet_breed_id': 7, 'pet_level': 1, 'pet_quality_id': 3, 'pet_species_id': 2717}"
1199210022,MEDIUM,70000,6,,,{'id': 22573}
1199210035,MEDIUM,,1,19994500,,"{'id': 82800, 'context': 0, 'modifiers': [{'type': 6, 'value': 46909}], 'pet_breed_id': 18, 'pet_level': 1, 'pet_quality_id': 3, 'pet_species_id': 1156}"
1199210036,MEDIUM,,1,19994500,,"{'id': 82800, 'context': 0, 'modifiers': [{'type': 6, 'value': 46909}], 'pet_breed_id': 18, 'pet_level': 1, 'pet_quality_id': 3, 'pet_species_id': 1156}"
1199210042,MEDIUM,,1,399990000,,"{'id': 82800, 'context': 0, 'modifiers': [{'type': 6, 'value': 5448}], 'pet_breed_id': 7, 'pet_level': 1, 'pet_quality_id': 2, 'pet_species_id': 42}"
1199210047,MEDIUM,,1,7500000,,"{'id': 82800, 'context': 0, 'modifiers': [{'type': 6, 'value': 74801}], 'pet_breed_id': 11, 'pet_level': 1, 'pet_quality_id': 3, 'pet_species_id': 2715}"
1199210049,MEDIUM,,1,6999800,,"{'id': 82800, 'context': 0, 'modifiers': [{'type': 6, 'value': 95141}], 'pet_breed_id': 8, 'pet_level': 1, 'pet_quality_id': 3, 'pet_species_id': 2832}"
1199210058,MEDIUM,,1,151874400,,"{'id': 82800, 'context': 0, 'modifiers': [{'type': 6, 'value': 88468}], 'pet_breed_id': 5, 'pet_level': 1, 'pet_quality_id': 2, 'pet_species_id': 2415}"
1199210065,MEDIUM,,1,146000000,,"{'id': 82800, 'context': 0, 'modifiers': [{'type': 6, 'value': 92162}], 'pet_breed_id': 18, 'pet_level': 1, 'pet_quality_id': 2, 'pet_species_id': 2710}"
1199212122,MEDIUM,5000,2435,,,{'id': 2592}
1199212124,MEDIUM,,1,3500000,,"{'id': 82800, 'context': 0, 'pet_breed_id': 3, 'pet_level': 1, 'pet_quality_id': 3, 'pet_species_id': 1952}"
1199212133,MEDIUM,,1,30007000,,"{'id': 82800, 'context': 0, 'modifiers': [{'type': 6, 'value': 81665}], 'pet_breed_id': 11, 'pet_level': 1, 'pet_quality_id': 3, 'pet_species_id': 2546}"
1199212135,MEDIUM,,1,30007000,,"{'id': 82800, 'context': 0, 'modifiers': [{'type': 6, 'value': 81665}], 'pet_breed_id': 11, 'pet_level': 1, 'pet_quality_id': 3, 'pet_species_id': 2546}"
1199212138,MEDIUM,10000,20,,,{'id': 109222}
1199212149,MEDIUM,,1,19723000,,"{'id': 82800, 'context': 0, 'modifiers': [{'type': 6, 'value': 59766}], 'pet_breed_id': 11, 'pet_level': 1, 'pet_quality_id': 3, 'pet_species_id': 1954}"
1199212150,MEDIUM,10000,14,,,{'id': 109222}
1199212151,MEDIUM,,1,19723000,,"{'id': 82800, 'context': 0, 'modifiers': [{'type': 6, 'value': 59766}], 'pet_breed_id': 11, 'pet_level': 1, 'pet_quality_id': 3, 'pet_species_id': 1954}"
1199212153,MEDIUM,,1,19723000,,"{'id': 82800, 'context': 0, 'modifiers': [{'type': 6, 'value': 59766}], 'pet_breed_id': 11, 'pet_level': 1, 'pet_quality_id': 3, 'pet_species_id': 1954}"
1199212172,MEDIUM,10000,20,,,{'id': 34721}
1199212184,MEDIUM,,1,500000,,"{'id': 4562, 'context': 0, 'bonus_lists': [6655, 1693], 'modifiers': [{'type': 9, 'value': 30}, {'type': 28, 'value': 6}]}"
1199212185,MEDIUM,,1,19723000,,"{'id': 82800, 'context': 0, 'modifiers': [{'type': 6, 'value': 59766}], 'pet_breed_id': 11, 'pet_level': 1, 'pet_quality_id': 3, 'pet_species_id': 1954}"
1199212187,MEDIUM,,1,19723000,,"{'id': 82800, 'context': 0, 'modifiers': [{'type': 6, 'value': 59766}], 'pet_breed_id': 11, 'pet_level': 1, 'pet_quality_id': 3, 'pet_species_id': 1954}"
1199212194,MEDIUM,,1,10004800,,"{'id': 82800, 'context': 0, 'modifiers': [{'type': 6, 'value': 71938}], 'pet_breed_id': 9, 'pet_level': 1, 'pet_quality_id': 3, 'pet_species_id': 1926}"
1199212201,MEDIUM,,1,500000,,"{'id': 4577, 'context': 0, 'bonus_lists': [6655], 'modifiers': [{'type': 9, 'value': 25}, {'type': 28, 'value': 1793}]}"
1199212207,MEDIUM,,1,54990000,,"{'id': 82800, 'context': 0, 'modifiers': [{'type': 6, 'value': 88025}], 'pet_breed_id': 5, 'pet_level': 1, 'pet_quality_id': 3, 'pet_species_id': 2462}"
1199212214,MEDIUM,,1,236000000,,"{'id': 82800, 'context': 0, 'modifiers': [{'type': 6, 'value': 68666}], 'pet_breed_id': 6, 'pet_level': 1, 'pet_quality_id': 3, 'pet_species_id': 1886}"
1199212219,MEDIUM,,1,32274900,,"{'id': 82800, 'context': 0, 'modifiers': [{'type': 6, 'value': 36901}], 'pet_breed_id': 3, 'pet_level': 1, 'pet_quality_id': 2, 'pet_species_id': 292}"
1199212226,MEDIUM,,1,216000000,,"{'id': 82800, 'context': 0, 'modifiers': [{'type': 6, 'value': 83052}], 'pet_breed_id': 16, 'pet_level': 1, 'pet_quality_id': 2, 'pet_species_id': 2429}"
1199212233,MEDIUM,,1,3360000,,"{'id': 127748, 'context': 31}"
1199212254,MEDIUM,500,24,,,{'id': 1288}
1199212258,MEDIUM,,1,3360000,,"{'id': 127748, 'context': 31, 'modifiers': [{'type': 28, 'value': 176}]}"
1199212265,MEDIUM,,1,500000,,"{'id': 14167, 'context': 0, 'bonus_lists': [6654, 1691], 'modifiers': [{'type': 9, 'value': 25}, {'type': 28, 'value': 1793}]}"
1199212266,MEDIUM,,1,17504200,,"{'id': 82800, 'context': 0, 'modifiers': [{'type': 6, 'value': 38310}], 'pet_breed_id': 14, 'pet_level': 1, 'pet_quality_id': 3, 'pet_species_id': 1693}"
1199212282,MEDIUM,,1,86884000,,"{'id': 82800, 'context': 0, 'modifiers': [{'type': 6, 'value': 65714}], 'pet_breed_id': 6, 'pet_level': 1, 'pet_quality_id': 3, 'pet_species_id': 1765}"
1199212295,MEDIUM,,1,25009500,,"{'id': 82800, 'context': 0, 'modifiers': [{'type': 6, 'value': 48001}], 'pet_breed_id': 20, 'pet_level': 1, 'pet_quality_id': 3, 'pet_species_id': 1202}"
1199212305,MEDIUM,,1,91765000,,"{'id': 82800, 'context': 0, 'modifiers': [{'type': 6, 'value': 90030}], 'pet_breed_id': 3, 'pet_level': 1, 'pet_quality_id': 3, 'pet_species_id': 2540}"
1199212308,MEDIUM,,1,800000,,"{'id': 25010, 'context': 0, 'bonus_lists': [1677]}"
1199212317,MEDIUM,,1,43454800,,"{'id': 82800, 'context': 0, 'modifiers': [{'type': 6, 'value': 65717}], 'pet_breed_id': 4, 'pet_level': 1, 'pet_quality_id': 3, 'pet_species_id': 1766}"
1199212319,MEDIUM,30000,1,,,{'id': 5785}
1199212365,MEDIUM,,1,125007600,,"{'id': 23767, 'context': 0}"
1199212368,MEDIUM,,1,125007600,,"{'id': 23767, 'context': 0}"
1199212370,MEDIUM,,1,125007600,,"{'id': 23767, 'context': 0}"
1199212380,MEDIUM,,1,3500000,,"{'id': 82800, 'context': 0, 'pet_breed_id': 3, 'pet_level': 1, 'pet_quality_id': 3, 'pet_species_id': 1952}"
1199212382,MEDIUM,,1,3500000,,"{'id': 82800, 'context': 0, 'pet_breed_id': 13, 'pet_level': 1, 'pet_quality_id': 3, 'pet_species_id': 1952}"
1199212387,MEDIUM,,1,25711800,,"{'id': 82800, 'context': 0, 'modifiers': [{'type': 6, 'value': 33559}], 'pet_breed_id': 5, 'pet_level': 1, 'pet_quality_id': 2, 'pet_species_id': 262}"
1199212388,MEDIUM,,1,22500000,,"{'id': 82800, 'context': 0, 'modifiers': [{'type': 6, 'value': 78222}], 'pet_breed_id': 17, 'pet_level': 1, 'pet_quality_id': 3, 'pet_species_id': 2071}"
1199212389,MEDIUM,,1,22500000,,"{'id': 82800, 'context': 0, 'modifiers': [{'type': 6, 'value': 78222}], 'pet_breed_id': 17, 'pet_level': 1, 'pet_quality_id': 3, 'pet_species_id': 2071}"
1199212391,MEDIUM,,1,22500000,,"{'id': 82800, 'context': 0, 'modifiers': [{'type': 6, 'value': 78222}], 'pet_breed_id': 17, 'pet_level': 1, 'pet_quality_id': 3, 'pet_species_id': 2071}"
1199212402,MEDIUM,,1,77186000,,"{'id': 82800, 'context': 0, 'modifiers': [{'type': 6, 'value': 92157}], 'pet_breed_id': 16, 'pet_level': 1, 'pet_quality_id': 3, 'pet_species_id': 2686}"
1199212403,MEDIUM,,1,22679700,,"{'id': 82800, 'context': 0, 'modifiers': [{'type': 6, 'value': 78261}], 'pet_breed_id': 3, 'pet_level': 1, 'pet_quality_id': 3, 'pet_species_id': 2072}"
1199212404,MEDIUM,,1,22679700,,"{'id': 82800, 'context': 0, 'modifiers': [{'type': 6, 'value': 78261}], 'pet_breed_id': 3, 'pet_level': 1, 'pet_quality_id': 3, 'pet_species_id': 2072}"
1199212405,MEDIUM,,1,22679700,,"{'id': 82800, 'context': 0, 'modifiers': [{'type': 6, 'value': 78261}], 'pet_breed_id': 3, 'pet_level': 1, 'pet_quality_id': 3, 'pet_species_id': 2072}"
1199212406,MEDIUM,,1,22679700,,"{'id': 82800, 'context': 0, 'modifiers': [{'type': 6, 'value': 78261}], 'pet_breed_id': 3, 'pet_level': 1, 'pet_quality_id': 3, 'pet_species_id': 2072}"
1199212409,MEDIUM,,1,17504200,,"{'id': 82800, 'context': 0, 'modifiers': [{'type': 6, 'value': 38310}], 'pet_breed_id': 14, 'pet_level': 1, 'pet_quality_id': 3, 'pet_species_id': 1693}"
1199212440,MEDIUM,,1,240000000,,"{'id': 82800, 'context': 0, 'modifiers': [{'type': 6, 'value': 99891}], 'pet_breed_id': 16, 'pet_level': 1, 'pet_quality_id': 2, 'pet_species_id': 3006}"
1199212453,MEDIUM,,1,80852900,,"{'id': 82800, 'context': 0, 'modifiers': [{'type': 6, 'value': 45939}], 'pet_breed_id': 12, 'pet_level': 1, 'pet_quality_id': 3, 'pet_species_id': 337}"
1199212469,MEDIUM,,1,16245900,,"{'id': 82800, 'context': 0, 'modifiers': [{'type': 6, 'value': 87862}], 'pet_breed_id': 19, 'pet_level': 1, 'pet_quality_id': 3, 'pet_species_id': 2432}"
1199212501,MEDIUM,,1,85000100,,"{'id': 108633, 'context': 0}"
1199212511,MEDIUM,,1,49649600,,"{'id': 82800, 'context': 0, 'modifiers': [{'type': 6, 'value': 90878}], 'pet_breed_id': 7, 'pet_level': 1, 'pet_quality_id': 3, 'pet_species_id': 2717}"
1199212526,MEDIUM,,1,170000000,,"{'id': 21277, 'context': 0}"
1199212535,MEDIUM,,1,81000000,,"{'id': 82800, 'context': 0, 'modifiers': [{'type': 6, 'value': 87871}], 'pet_breed_id': 7, 'pet_level': 1, 'pet_quality_id': 3, 'pet_species_id': 2434}"
1199212536,MEDIUM,,1,81000000,,"{'id': 82800, 'context': 0, 'modifiers': [{'type': 6, 'value': 87871}], 'pet_breed_id': 3, 'pet_level': 1, 'pet_quality_id': 3, 'pet_species_id': 2434}"
1199212554,MEDIUM,,1,12500000,,"{'id': 82800, 'context': 0, 'modifiers': [{'type': 6, 'value': 75334}], 'pet_breed_id': 3, 'pet_level': 1, 'pet_quality_id': 2, 'pet_species_id': 2714}"
1199212574,MEDIUM,,1,50000000,,"{'id': 82800, 'context': 0, 'modifiers': [{'type': 6, 'value': 46896}], 'pet_breed_id': 9, 'pet_level': 1, 'pet_quality_id': 3, 'pet_species_id': 1144}"
1199212643,MEDIUM,,1,250000000,,"{'id': 82800, 'context': 0, 'modifiers': [{'type': 6, 'value': 95146}], 'pet_breed_id': 8, 'pet_level': 1, 'pet_quality_id': 3, 'pet_species_id': 2850}"
1199212653,MEDIUM,,1,185000000,,"{'id': 82800, 'context': 0, 'modifiers': [{'type': 6, 'value': 95148}], 'pet_breed_id': 16, 'pet_level': 1, 'pet_quality_id': 3, 'pet_species_id': 2852}"
1199212663,MEDIUM,,1,29969900,,"{'id': 82800, 'context': 0, 'modifiers': [{'type': 6, 'value': 29805}], 'pet_breed_id': 8, 'pet_level': 1, 'pet_quality_id': 2, 'pet_species_id': 232}"
1199212670,MEDIUM,,1,67300000,,"{'id': 82800, 'context': 0, 'modifiers': [{'type': 6, 'value': 46922}], 'pet_breed_id': 6, 'pet_level': 1, 'pet_quality_id': 3, 'pet_species_id': 1155}"
1199212677,MEDIUM,,1,241920300,,"{'id': 82800, 'context': 0, 'modifiers': [{'type': 6, 'value': 78989}], 'pet_breed_id': 8, 'pet_level': 1, 'pet_quality_id': 2, 'pet_species_id': 2077}"
1199212689,MEDIUM,,1,1199900,,"{'id': 71636, 'context': 0}"
1199212695,MEDIUM,,1,29990000,,"{'id': 82800, 'context': 0, 'modifiers': [{'type': 6, 'value': 90745}], 'pet_breed_id': 6, 'pet_level': 1, 'pet_quality_id': 3, 'pet_species_id': 2587}"
1199212746,MEDIUM,,1,1199900,,"{'id': 71636, 'context': 0}"
1199212757,MEDIUM,,1,537108700,,"{'id': 98614, 'context': 0}"
1199212779,MEDIUM,,1,165003100,,"{'id': 163953, 'context': 54, 'bonus_lists': [1472, 4786]}"
1199212786,MEDIUM,,1,287914200,,"{'id': 93228, 'context': 0}"
1199212824,MEDIUM,,1,1199900,,"{'id': 71636, 'context': 0}"
1199212828,MEDIUM,,1,2500000,,"{'id': 71715, 'context': 0}"
1199212836,MEDIUM,,1,5008200,,"{'id': 71638, 'context': 0}"
1199212845,MEDIUM,,1,1500000,,"{'id': 50015, 'context': 0, 'modifiers': [{'type': 28, 'value': 1023}]}"
1199212848,MEDIUM,,1,1500000,,"{'id': 50015, 'context': 0, 'modifiers': [{'type': 28, 'value': 1023}]}"
1199212850,MEDIUM,,1,1500000,,"{'id': 50015, 'context': 0, 'modifiers': [{'type': 28, 'value': 1023}]}"
1199212870,MEDIUM,,1,1500000,,"{'id': 13123, 'context': 0, 'bonus_lists': [6658], 'modifiers': [{'type': 9, 'value': 30}, {'type': 28, 'value': 37}]}"
1199212944,MEDIUM,40000,1,,,{'id': 12808}
1199212985,MEDIUM,,1,1000000,,"{'id': 159520, 'context': 0, 'bonus_lists': [6655, 1705], 'modifiers': [{'type': 9, 'value': 50}, {'type': 28, 'value': 188}]}"
1199213010,MEDIUM,1500,5,,,{'id': 12208}
1199213029,MEDIUM,70000,10,,,{'id': 62778}
1199213037,MEDIUM,,1,5000000,,"{'id': 82800, 'context': 0, 'modifiers': [{'type': 6, 'value': 99883}], 'pet_breed_id': 4, 'pet_level': 1, 'pet_quality_id': 2, 'pet_species_id': 2922}"
1199213041,MEDIUM,1500,4,,,{'id': 5504}
1199215222,MEDIUM,5000,3200,,,{'id': 21877}
1199215334,MEDIUM,5000,1246,,,{'id': 4338}
1199215351,MEDIUM,,1,1000000,,"{'id': 13013, 'context': 0, 'bonus_lists': [6658], 'modifiers': [{'type': 9, 'value': 30}, {'type': 28, 'value': 1004}]}"
1199215363,MEDIUM,,1,1000000,,"{'id': 1951, 'context': 1, 'bonus_lists': [6710], 'modifiers': [{'type': 9, 'value': 30}, {'type': 28, 'value': 202}]}"
1199215489,MEDIUM,,1,1000000,,"{'id': 50450, 'context': 0, 'modifiers': [{'type': 28, 'value': 1023}]}"
1199215492,MEDIUM,,1,1000000,,"{'id': 50450, 'context': 0, 'modifiers': [{'type': 28, 'value': 1023}]}"
1199215493,MEDIUM,,1,1000000,,"{'id': 50450, 'context': 0}"
1199215509,MEDIUM,,1,500000,,"{'id': 9814, 'context': 0, 'bonus_lists': [6654, 1709], 'modifiers': [{'type': 9, 'value': 24}, {'type': 28, 'value': 15}]}"
1199215521,MEDIUM,10000,8,,,{'id': 13446}
1199215531,MEDIUM,,1,1000000,,"{'id': 106691, 'context': 0, 'bonus_lists': [6654, 113], 'modifiers': [{'type': 9, 'value': 40}, {'type': 28, 'value': 176}]}"
1199215584,MEDIUM,1000,6,,,{'id': 22644}
1199215949,MEDIUM,,1,1000000,,"{'id': 55627, 'context': 0, 'bonus_lists': [6654, 1677], 'modifiers': [{'type': 9, 'value': 37}, {'type': 28, 'value': 1826}]}"
1199215972,MEDIUM,10000,8,,,{'id': 12203}
1199218212,MEDIUM,,1,1000000,,"{'id': 9910, 'context': 0, 'bonus_lists': [6654, 1694], 'modifiers': [{'type': 9, 'value': 32}, {'type': 28, 'value': 1788}]}"
1199218232,MEDIUM,120000,7,,,{'id': 62782}
1199218243,MEDIUM,10000,6,,,{'id': 152495}
1199218263,MEDIUM,10000,2,,,{'id': 12037}
1199218272,MEDIUM,,1,1000000,,"{'id': 35580, 'context': 1, 'bonus_lists': [6710], 'modifiers': [{'type': 9, 'value': 30}, {'type': 28, 'value': 249}]}"
1199218350,MEDIUM,10000,7,,,{'id': 1710}
1199218359,MEDIUM,10000,4,,,{'id': 127834}
1199218371,MEDIUM,,1,1000000,,"{'id': 35579, 'context': 1, 'bonus_lists': [6710], 'modifiers': [{'type': 9, 'value': 30}, {'type': 28, 'value': 249}]}"
1199218382,MEDIUM,,1,500000,,"{'id': 4713, 'context': 0, 'bonus_lists': [6654], 'modifiers': [{'type': 9, 'value': 25}, {'type': 28, 'value': 15}]}"
1199218396,MEDIUM,10000,4,,,{'id': 1468}
1199218536,MEDIUM,5000,1000,,,{'id': 33470}
1199218546,MEDIUM,20000,8,,,{'id': 2251}
1199218572,MEDIUM,10000,1,,,{'id': 7077}
1199218578,MEDIUM,5000,1,,,{'id': 10286}
1199218584,MEDIUM,,1,500000,,"{'id': 2970, 'context': 0, 'bonus_lists': [6654], 'modifiers': [{'type': 9, 'value': 28}, {'type': 28, 'value': 15}]}"
1199218592,MEDIUM,3900,6,,,{'id': 3667}
1199218605,MEDIUM,,1,500000,,"{'id': 6580, 'context': 0, 'bonus_lists': [6654, 1693], 'modifiers': [{'type': 9, 'value': 27}, {'type': 28, 'value': 15}]}"
1199218621,MEDIUM,,1,500000,,"{'id': 3193, 'context': 0, 'bonus_lists': [6655, 1709], 'modifiers': [{'type': 9, 'value': 28}, {'type': 28, 'value': 15}]}"
1199218641,MEDIUM,10000,24,,,{'id': 16204}
1199218668,MEDIUM,10000,20,,,{'id': 109222}
1199218993,MEDIUM,4500,3092,,,{'id': 2589}
1199219014,MEDIUM,5000,5960,,,{'id': 21877}
1199219027,MEDIUM,4500,1000,,,{'id': 14047}
1199219036,MEDIUM,,1,1000000,,"{'id': 93552, 'context': 0, 'bonus_lists': [6881]}"
1199219037,MEDIUM,,1,1000000,,"{'id': 93552, 'context': 0, 'bonus_lists': [6881]}"
1199219038,MEDIUM,,1,1000000,,"{'id': 93552, 'context': 0, 'bonus_lists': [6881]}"
1199219039,MEDIUM,,1,1000000,,"{'id': 93552, 'context': 0, 'bonus_lists': [6881]}"
1199219040,MEDIUM,,1,1000000,,"{'id': 93552, 'context': 0, 'bonus_lists': [6881]}"
1199219041,MEDIUM,,1,1000000,,"{'id': 93552, 'context': 0, 'bonus_lists': [6881]}"
1199219043,MEDIUM,,1,1000000,,"{'id': 93552, 'context': 0, 'bonus_lists': [6881]}"
1199219056,MEDIUM,,1,1000000,,"{'id': 50444, 'context': 0, 'modifiers': [{'type': 28, 'value': 1023}]}"
1199219057,MEDIUM,,1,1000000,,"{'id': 50444, 'context': 0}"
1199219069,MEDIUM,,1,500000,,"{'id': 2970, 'context': 0, 'bonus_lists': [6654], 'modifiers': [{'type': 9, 'value': 27}, {'type': 28, 'value': 1793}]}"
1199219080,MEDIUM,,1,500000,,"{'id': 9763, 'context': 0, 'bonus_lists': [6654, 1695], 'modifiers': [{'type': 9, 'value': 18}, {'type': 28, 'value': 9}]}"
1199219090,MEDIUM,,1,500000,,"{'id': 2970, 'context': 0, 'bonus_lists': [6654], 'modifiers': [{'type': 9, 'value': 13}, {'type': 28, 'value': 9}]}"
1199221107,MEDIUM,,1,1000000,,"{'id': 13013, 'context': 0, 'bonus_lists': [6658], 'modifiers': [{'type': 9, 'value': 30}, {'type': 28, 'value': 1005}]}"
1199221117,MEDIUM,,1,150000000,,"{'id': 82800, 'context': 0, 'modifiers': [{'type': 6, 'value': 81058}], 'pet_breed_id': 3, 'pet_level': 1, 'pet_quality_id': 3, 'pet_species_id': 2424}"
1199221141,MEDIUM,,1,500000,,"{'id': 36224, 'context': 0, 'bonus_lists': [6654, 1695], 'modifiers': [{'type': 9, 'value': 21}, {'type': 28, 'value': 1746}]}"
1199221159,MEDIUM,,1,130000000,,"{'id': 82800, 'context': 0, 'modifiers': [{'type': 6, 'value': 27682}], 'pet_breed_id': 3, 'pet_level': 1, 'pet_quality_id': 3, 'pet_species_id': 2406}"
1199221161,MEDIUM,40000,11,,,{'id': 769}
1199221201,MEDIUM,,1,500000,,"{'id': 6337, 'context': 0, 'bonus_lists': [6654, 1678], 'modifiers': [{'type': 9, 'value': 24}, {'type': 28, 'value': 1793}]}"
1199221216,MEDIUM,,1,140000000,,"{'id': 82800, 'context': 0, 'modifiers': [{'type': 6, 'value': 78161}], 'pet_breed_id': 8, 'pet_level': 1, 'pet_quality_id': 3, 'pet_species_id': 2418}"
1199221241,MEDIUM,,1,1000000,,"{'id': 13123, 'context': 0, 'bonus_lists': [6658], 'modifiers': [{'type': 9, 'value': 30}, {'type': 28, 'value': 1004}]}"
1199221256,MEDIUM,30000,20,,,{'id': 14529}
1199221267,MEDIUM,,1,660000,,"{'id': 29903, 'context': 0}"
1199221279,MEDIUM,,1,500000,,"{'id': 6541, 'context': 0, 'bonus_lists': [6654, 1677], 'modifiers': [{'type': 9, 'value': 28}, {'type': 28, 'value': 1793}]}"
1199221285,MEDIUM,,1,660000,,"{'id': 29903, 'context': 0}"
1199221337,MEDIUM,,1,1000000,,"{'id': 71362, 'context': 5, 'modifiers': [{'type': 28, 'value': 1029}]}"
1199221340,MEDIUM,,1,1000000,,"{'id': 71362, 'context': 5, 'modifiers': [{'type': 28, 'value': 1029}]}"
1199221341,MEDIUM,,1,1000000,,"{'id': 71362, 'context': 3, 'modifiers': [{'type': 28, 'value': 1029}]}"
1199221380,MEDIUM,,1,500000,,"{'id': 82065, 'context': 0, 'bonus_lists': [6655, 1692], 'modifiers': [{'type': 9, 'value': 21}, {'type': 28, 'value': 1754}]}"
1199221414,MEDIUM,,1,49009600,,"{'id': 82800, 'context': 0, 'modifiers': [{'type': 6, 'value': 90878}], 'pet_breed_id': 7, 'pet_level': 1, 'pet_quality_id': 3, 'pet_species_id': 2717}"
1199221450,MEDIUM,,1,500000,,"{'id': 15245, 'context': 54, 'bonus_lists': [1692, 4281], 'modifiers': [{'type': 9, 'value': 50}]}"
1199221469,MEDIUM,,1,220000,,"{'id': 82800, 'context': 0, 'modifiers': [{'type': 6, 'value': 1206}], 'pet_breed_id': 5, 'pet_level': 1, 'pet_quality_id': 2, 'pet_species_id': 75}"
1199221474,MEDIUM,,1,500000,,"{'id': 6541, 'context': 0, 'bonus_lists': [6654, 1695], 'modifiers': [{'type': 9, 'value': 13}, {'type': 28, 'value': 9}]}"
1199221495,MEDIUM,50000,3,,,{'id': 2672}
1199221508,MEDIUM,10000,3,,,{'id': 1288}
1199221535,MEDIUM,,1,500000,,"{'id': 6267, 'context': 0, 'bonus_lists': [6654, 1707], 'modifiers': [{'type': 9, 'value': 8}, {'type': 28, 'value': 74}]}"
1199221548,MEDIUM,,1,1000000,,"{'id': 37625, 'context': 22, 'modifiers': [{'type': 28, 'value': 1101}]}"
1199221567,MEDIUM,,1,500000,,"{'id': 4571, 'context': 0, 'modifiers': [{'type': 28, 'value': 9}]}"
1199221573,MEDIUM,,1,8889800,,"{'id': 82800, 'context': 0, 'modifiers': [{'type': 6, 'value': 65130}], 'pet_breed_id': 21, 'pet_level': 1, 'pet_quality_id': 2, 'pet_species_id': 1727}"
1199221583,MEDIUM,800,15,,,{'id': 3173}
1199221605,MEDIUM,,1,500000,,"{'id': 2977, 'context': 0, 'bonus_lists': [6654], 'modifiers': [{'type': 9, 'value': 13}, {'type': 28, 'value': 9}]}"
1199221612,MEDIUM,,1,270000000,,"{'id': 82800, 'context': 0, 'modifiers': [{'type': 6, 'value': 51271}], 'pet_breed_id': 19, 'pet_level': 25, 'pet_quality_id': 3, 'pet_species_id': 1328}"
1199221622,MEDIUM,9900,3,,,{'id': 814}
1199221674,MEDIUM,,1,1000000,,"{'id': 71361, 'context': 3, 'modifiers': [{'type': 28, 'value': 1029}]}"
1199221675,MEDIUM,,1,1000000,,"{'id': 71361, 'context': 5, 'modifiers': [{'type': 28, 'value': 1029}]}"
1199221715,MEDIUM,,1,1000000,,"{'id': 93421, 'context': 0, 'bonus_lists': [6874]}"
1199221717,MEDIUM,,1,1000000,,"{'id': 93421, 'context': 0, 'bonus_lists': [6874]}"
1199221739,MEDIUM,800,13,,,{'id': 1468}
1199221785,MEDIUM,,1,67002100,,"{'id': 82800, 'context': 0, 'modifiers': [{'type': 6, 'value': 1418}], 'pet_breed_id': 14, 'pet_level': 1, 'pet_quality_id': 3, 'pet_species_id': 2065}"
1199221806,MEDIUM,,1,1000000,,"{'id': 120166, 'context': 1, 'bonus_lists': [6710], 'modifiers': [{'type': 9, 'value': 30}, {'type': 28, 'value': 200}]}"
1199221810,MEDIUM,,1,250000000,,"{'id': 82800, 'context': 0, 'modifiers': [{'type': 6, 'value': 88024}], 'pet_breed_id': 5, 'pet_level': 1, 'pet_quality_id': 3, 'pet_species_id': 2475}"
1199221833,MEDIUM,7500,21,,,{'id': 17056}
1199221845,MEDIUM,,1,337600,,"{'id': 29902, 'context': 0}"
1199221855,MEDIUM,30000,1,,,{'id': 34053}
1199221870,MEDIUM,,1,500000,,"{'id': 81970, 'context': 0, 'bonus_lists': [6654, 1686], 'modifiers': [{'type': 9, 'value': 22}, {'type': 28, 'value': 1754}]}"
1199221886,MEDIUM,,1,500000,,"{'id': 82284, 'context': 0, 'bonus_lists': [6655, 1715], 'modifiers': [{'type': 9, 'value': 35}, {'type': 28, 'value': 168}]}"
1199221897,MEDIUM,,1,500000,,"{'id': 55434, 'context': 0, 'bonus_lists': [6655, 1679], 'modifiers': [{'type': 9, 'value': 35}, {'type': 28, 'value': 53}]}"
1199221902,MEDIUM,1100,2,,,{'id': 74837}
1199221915,MEDIUM,7400,1,,,{'id': 34056}
1199221961,MEDIUM,,1,1000000,,"{'id': 161945, 'context': 13, 'bonus_lists': [1681, 6850]}"
1199221991,MEDIUM,50000,1,,,{'id': 1475}
1199222009,MEDIUM,3900,5,,,{'id': 3667}
1199222061,MEDIUM,,1,1000000,,"{'id': 161944, 'context': 13, 'bonus_lists': [1712, 6858]}"
1199222077,MEDIUM,,1,1000000,,"{'id': 161945, 'context': 13, 'bonus_lists': [1713, 6850]}"
1199222096,MEDIUM,,1,1000000,,"{'id': 37856, 'context': 22, 'modifiers': [{'type': 28, 'value': 1097}]}"
1199224125,MEDIUM,,1,1000000,,"{'id': 50451, 'context': 0, 'modifiers': [{'type': 28, 'value': 1023}]}"
1199224148,MEDIUM,2200,2,,,{'id': 74249}
1199224162,MEDIUM,7500,1,,,{'id': 74843}
1199224186,MEDIUM,,1,1000000,,"{'id': 16838, 'context': 0, 'modifiers': [{'type': 28, 'value': 1004}]}"
1199224212,MEDIUM,10000,4,,,{'id': 53050}
1199224245,MEDIUM,,1,1000000,,"{'id': 31303, 'context': 0, 'bonus_lists': [6659], 'modifiers': [{'type': 9, 'value': 30}, {'type': 28, 'value': 1015}]}"
1199224334,MEDIUM,10000,62,,,{'id': 16204}
1199224396,MEDIUM,,1,1000000,,"{'id': 161940, 'context': 13, 'bonus_lists': [1693, 6827]}"
1199224665,MEDIUM,,1,1000000,,"{'id': 159522, 'context': 0, 'bonus_lists': [6655, 40, 1705], 'modifiers': [{'type': 9, 'value': 50}, {'type': 28, 'value': 713}]}"
1199224684,MEDIUM,50000,22,,,{'id': 74860}
1199224733,MEDIUM,,1,4990000,,"{'id': 82034, 'context': 0, 'bonus_lists': [6654, 1685], 'modifiers': [{'type': 9, 'value': 35}, {'type': 28, 'value': 57}]}"
1199224753,MEDIUM,1100,18,,,{'id': 74837}
1199224768,MEDIUM,4500,5,,,{'id': 74833}
1199224876,MEDIUM,1000,9,,,{'id': 22644}
1199224901,MEDIUM,,1,1000000,,"{'id': 13135, 'context': 0, 'bonus_lists': [6658], 'modifiers': [{'type': 9, 'value': 30}, {'type': 28, 'value': 1004}]}"
1199224916,MEDIUM,,1,1000000,,"{'id': 159522, 'context': 0, 'bonus_lists': [6655, 1685], 'modifiers': [{'type': 9, 'value': 50}, {'type': 28, 'value': 188}]}"
1199224933,MEDIUM,,1,500000,,"{'id': 25209, 'context': 0, 'bonus_lists': [1694]}"
1199224944,MEDIUM,,1,500000,,"{'id': 45504, 'context': 3, 'modifiers': [{'type': 28, 'value': 1020}]}"
1199224975,MEDIUM,,1,1000000,,"{'id': 16819, 'context': 0, 'modifiers': [{'type': 28, 'value': 1004}]}"
1199225014,MEDIUM,,1,500000,,"{'id': 82028, 'context': 0, 'bonus_lists': [6654, 1680], 'modifiers': [{'type': 9, 'value': 45}, {'type': 28, 'value': 1754}]}"
1199225057,MEDIUM,,1,1000000,,"{'id': 93617, 'context': 0, 'bonus_lists': [6881]}"
1199225075,MEDIUM,10000,20,,,{'id': 34721}
1199226130,MEDIUM,,1,500000,,"{'id': 15235, 'context': 54, 'bonus_lists': [1691, 4281], 'modifiers': [{'type': 9, 'value': 50}]}"
1199226262,MEDIUM,,1,500000,,"{'id': 6584, 'context': 0, 'bonus_lists': [6654, 1695], 'modifiers': [{'type': 9, 'value': 30}, {'type': 28, 'value': 15}]}"
1199226306,MEDIUM,,1,1000000,,"{'id': 126994, 'context': 13, 'bonus_lists': [1692, 6852, 3408]}"
1199226323,MEDIUM,2000,15,,,{'id': 12202}
1199226433,MEDIUM,,1,500000,,"{'id': 14657, 'context': 54, 'bonus_lists': [4277], 'modifiers': [{'type': 9, 'value': 50}]}"
1199226449,MEDIUM,,1,1000000,,"{'id': 71359, 'context': 3, 'modifiers': [{'type': 28, 'value': 1029}]}"
1199226507,MEDIUM,30000,37,,,{'id': 16202}
1199226606,MEDIUM,,1,500000,,"{'id': 6570, 'context': 0, 'bonus_lists': [6654, 1692], 'modifiers': [{'type': 9, 'value': 32}, {'type': 28, 'value': 1793}]}"
1199226678,MEDIUM,,1,70000000,,"{'id': 178927, 'context': 63, 'bonus_lists': [6716, 7194, 1487]}"
1199226877,MEDIUM,,1,88807900,,"{'id': 166819, 'context': 11, 'modifiers': [{'type': 28, 'value': 645}]}"
1199226884,MEDIUM,,1,25925700,,"{'id': 90902, 'context': 1}"
1199226886,MEDIUM,,1,296000000,,"{'id': 82800, 'context': 0, 'modifiers': [{'type': 6, 'value': 99922}], 'pet_breed_id': 4, 'pet_level': 1, 'pet_quality_id': 2, 'pet_species_id': 2962}"
1199226889,MEDIUM,,1,62300200,,"{'id': 123894, 'context': 13, 'bonus_lists': [1702, 6865, 3408]}"
1199226893,MEDIUM,,1,226910100,,"{'id': 87476, 'context': 0}"
1199226897,MEDIUM,,1,52057500,,"{'id': 123893, 'context': 13, 'bonus_lists': [1690, 6860, 3408]}"
1199226901,MEDIUM,,1,6999800,,"{'id': 153685, 'context': 13, 'bonus_lists': [4928, 3374, 6883]}"
1199226903,MEDIUM,,1,6999800,,"{'id': 153685, 'context': 13, 'bonus_lists': [4928, 3374, 6883]}"
1199226907,MEDIUM,,1,388273500,,"{'id': 131276, 'context': 11, 'bonus_lists': [1709], 'modifiers': [{'type': 28, 'value': 391}]}"
1199226909,MEDIUM,,1,323211500,,"{'id': 82927, 'context': 0, 'bonus_lists': [1694]}"
1199226912,MEDIUM,,1,1840253100,,"{'id': 164439, 'context': 14, 'modifiers': [{'type': 28, 'value': 186}]}"
1199226915,MEDIUM,,1,1303968800,,"{'id': 170325, 'context': 13, 'bonus_lists': [1715, 6883]}"
1199226918,MEDIUM,,1,329999900,,"{'id': 124350, 'context': 6, 'bonus_lists': [1799, 1473], 'modifiers': [{'type': 28, 'value': 2019}]}"
1199226921,MEDIUM,,1,250000000,,"{'id': 114819, 'context': 13, 'bonus_lists': [88, 525, 538]}"
1199226925,MEDIUM,,1,313160700,,"{'id': 114819, 'context': 13, 'bonus_lists': [225, 525, 537]}"
1199226928,MEDIUM,1008300,1,,,{'id': 31896}
1199226931,MEDIUM,,1,1182232700,,"{'id': 124311, 'context': 6, 'bonus_lists': [1799, 1473], 'modifiers': [{'type': 28, 'value': 2019}]}"
1199226935,MEDIUM,,1,154953000,,"{'id': 129956, 'context': 13, 'bonus_lists': [6835]}"
1199226938,MEDIUM,,1,5965769000,,"{'id': 118889, 'context': 0, 'bonus_lists': [6660], 'modifiers': [{'type': 9, 'value': 40}, {'type': 28, 'value': 176}]}"
1199226941,MEDIUM,,1,100000000,,"{'id': 166487, 'context': 11, 'modifiers': [{'type': 28, 'value': 644}]}"
1199226944,MEDIUM,28258800,3,,,{'id': 86074}
1199226948,MEDIUM,52999700,8,,,{'id': 77542}
1199226951,MEDIUM,93235000,1,,,{'id': 77541}
1199226954,MEDIUM,10500000,5,,,{'id': 74656}
1199226956,MEDIUM,,1,40327200,,"{'id': 31254, 'context': 0, 'bonus_lists': [6691, 1677], 'modifiers': [{'type': 9, 'value': 30}, {'type': 28, 'value': 38}]}"
1199226958,MEDIUM,,1,156228200,,"{'id': 67148, 'context': 5}"
1199226962,MEDIUM,,1,487713200,,"{'id': 170352, 'context': 13, 'bonus_lists': [1716, 6883]}"
1199226964,MEDIUM,,1,98313300,,"{'id': 67114, 'context': 0}"
1199226966,MEDIUM,12182500,1,,,{'id': 19268}
1199226969,MEDIUM,,1,818340200,,"{'id': 55290, 'context': 0, 'bonus_lists': [6655, 1688], 'modifiers': [{'type': 9, 'value': 35}, {'type': 28, 'value': 52}]}"
1199226971,MEDIUM,,1,737615400,,"{'id': 82050, 'context': 0, 'bonus_lists': [6655, 1684], 'modifiers': [{'type': 9, 'value': 35}, {'type': 28, 'value': 57}]}"
1199226975,MEDIUM,27862100,20,,,{'id': 74644}
1199226978,MEDIUM,,1,461219300,,"{'id': 87488, 'context': 0, 'bonus_lists': [6655], 'modifiers': [{'type': 9, 'value': 35}, {'type': 28, 'value': 58}]}"
1199226980,MEDIUM,,1,980000,,"{'id': 71359, 'context': 22, 'modifiers': [{'type': 28, 'value': 1029}]}"
1199226981,MEDIUM,6678900,20,,,{'id': 24246}
1199226985,MEDIUM,,1,554121200,,"{'id': 15340, 'context': 0, 'bonus_lists': [6654, 1691], 'modifiers': [{'type': 9, 'value': 30}, {'type': 28, 'value': 14}]}"
1199226988,MEDIUM,155942600,4,,,{'id': 77543}
1199226992,MEDIUM,11629500,5,,,{'id': 74648}
1199226994,MEDIUM,,1,980262700,,"{'id': 164317, 'context': 11}"
1199226997,MEDIUM,,1,349175100,,"{'id': 66980, 'context': 0, 'bonus_lists': [6658], 'modifiers': [{'type': 9, 'value': 35}, {'type': 28, 'value': 52}]}"
1199226999,MEDIUM,,1,255801800,,"{'id': 114809, 'context': 13, 'bonus_lists': [70, 525, 537]}"
1199227003,MEDIUM,,1,295998000,,"{'id': 82800, 'context': 0, 'modifiers': [{'type': 6, 'value': 99902}], 'pet_breed_id': 10, 'pet_level': 1, 'pet_quality_id': 2, 'pet_species_id': 2899}"
1199227024,MEDIUM,,1,62566300,,"{'id': 123897, 'context': 13, 'bonus_lists': [1706, 6851, 3408]}"
1199227027,MEDIUM,,1,341252900,,"{'id': 164340, 'context': 11, 'modifiers': [{'type': 28, 'value': 645}]}"
1199227029,MEDIUM,,1,341252900,,"{'id': 164340, 'context': 11, 'modifiers': [{'type': 28, 'value': 645}]}"
1199227031,MEDIUM,,1,82372800,,"{'id': 6400, 'context': 0, 'bonus_lists': [6655], 'modifiers': [{'type': 9, 'value': 30}, {'type': 28, 'value': 18}]}"
1199227033,MEDIUM,,1,315789100,,"{'id': 82018, 'context': 0, 'bonus_lists': [6655, 1679], 'modifiers': [{'type': 9, 'value': 18}, {'type': 28, 'value': 1754}]}"
1199227035,MEDIUM,,1,2480000,,"{'id': 14042, 'context': 0, 'bonus_lists': [6880]}"
1199227037,MEDIUM,,1,2480000,,"{'id': 14042, 'context': 0, 'bonus_lists': [6880]}"
1199227040,MEDIUM,,1,2480000,,"{'id': 14042, 'context': 0, 'bonus_lists': [6880]}"
1199227043,MEDIUM,,1,572409400,,"{'id': 87458, 'context': 0}"
1199227046,MEDIUM,,1,238185600,,"{'id': 102348, 'context': 0, 'bonus_lists': [1702], 'modifiers': [{'type': 28, 'value': 168}]}"
1199227048,MEDIUM,,1,199999900,,"{'id': 164414, 'context': 11, 'modifiers': [{'type': 28, 'value': 645}]}"
1199227050,MEDIUM,1250000,5,,,{'id': 74646}
1199227052,MEDIUM,,1,463507100,,"{'id': 164350, 'context': 11}"
1199227054,MEDIUM,9649200,5,,,{'id': 75037}
1199227055,MEDIUM,,1,190500400,,"{'id': 164345, 'context': 11, 'modifiers': [{'type': 28, 'value': 644}]}"
1199227056,MEDIUM,,1,732769000,,"{'id': 98603, 'context': 0, 'bonus_lists': [6883]}"
1199227057,MEDIUM,,1,887772300,,"{'id': 163926, 'context': 11}"
1199227058,MEDIUM,,1,887772300,,"{'id': 163926, 'context': 11}"
1199227060,MEDIUM,,1,1000000,,"{'id': 81966, 'context': 0, 'bonus_lists': [6654, 1687], 'modifiers': [{'type': 9, 'value': 47}, {'type': 28, 'value': 1754}]}"
1199227061,MEDIUM,,1,16935835200,,"{'id': 16672, 'context': 0}"
1199227063,MEDIUM,,1,1190761600,,"{'id': 44313, 'context': 36, 'bonus_lists': [3977], 'modifiers': [{'type': 9, 'value': 50}]}"
1199227066,MEDIUM,,1,646904400,,"{'id': 141567, 'context': 26, 'bonus_lists': [1472, 3528, 3431]}"
1199227068,MEDIUM,,1,1529628900,,"{'id': 2271, 'context': 1, 'bonus_lists': [6710], 'modifiers': [{'type': 9, 'value': 30}, {'type': 28, 'value': 200}]}"
1199227070,MEDIUM,,1,2529210500,,"{'id': 87463, 'context': 0, 'bonus_lists': [6658], 'modifiers': [{'type': 9, 'value': 48}]}"
1199227073,MEDIUM,17818400,1,,,{'id': 19270}
1199227076,MEDIUM,,1,2365745700,,"{'id': 164557, 'context': 11, 'modifiers': [{'type': 28, 'value': 645}]}"
1199227078,MEDIUM,,1,165830800,,"{'id': 76154, 'context': 2, 'bonus_lists': [4237], 'modifiers': [{'type': 9, 'value': 45}]}"
1199227082,MEDIUM,,1,4039485100,,"{'id': 8491, 'context': 15}"
1199227083,MEDIUM,,1,162400200,,"{'id': 82116, 'context': 1, 'bonus_lists': [6654, 1707], 'modifiers': [{'type': 9, 'value': 14}, {'type': 28, 'value': 1829}]}"
1199227088,MEDIUM,,1,100000000,,"{'id': 127034, 'context': 13, 'bonus_lists': [669, 600, 689, 3344, 3408]}"
1199227091,MEDIUM,,1,100000000,,"{'id': 127034, 'context': 13, 'bonus_lists': [669, 600, 689, 3348, 3408]}"
1199227093,MEDIUM,,1,34443300,,"{'id': 93619, 'context': 0, 'bonus_lists': [6876]}"
1199227096,MEDIUM,1000000,1,,,{'id': 116271}
1199227099,MEDIUM,,1,896752300,,"{'id': 170340, 'context': 13, 'bonus_lists': [1712, 6883]}"
1199229102,MEDIUM,,1,49020400,,"{'id': 123892, 'context': 13, 'bonus_lists': [1712, 6852, 3408]}"
1199229104,MEDIUM,,1,1163795700,,"{'id': 164555, 'context': 11}"
1199229107,MEDIUM,,1,1132421800,,"{'id': 66904, 'context': 28, 'bonus_lists': [4759], 'modifiers': [{'type': 9, 'value': 50}]}"
1199229111,MEDIUM,,1,244289200,,"{'id': 153684, 'context': 13, 'bonus_lists': [4928, 3359, 6883]}"
1199229112,MEDIUM,,1,11209100,,"{'id': 164342, 'context': 11}"
1199229115,MEDIUM,,1,11209100,,"{'id': 164342, 'context': 11}"
1199229119,MEDIUM,,1,96206800,,"{'id': 123895, 'context': 13, 'bonus_lists': [1681, 6874, 3408]}"
1199229122,MEDIUM,12530800,20,,,{'id': 74652}
1199229124,MEDIUM,,1,931586200,,"{'id': 87460, 'context': 0, 'bonus_lists': [6658], 'modifiers': [{'type': 9, 'value': 35}, {'type': 28, 'value': 167}]}"
1199229126,MEDIUM,,1,2171662200,,"{'id': 82168, 'context': 30, 'bonus_lists': [6655, 1694], 'modifiers': [{'type': 9, 'value': 50}]}"
1199229129,MEDIUM,11165700,5,,,{'id': 4406}
1199229131,MEDIUM,,1,1816901900,,"{'id': 87435, 'context': 36, 'bonus_lists': [4296], 'modifiers': [{'type': 9, 'value': 50}]}"
1199229225,MEDIUM,,1,500000,,"{'id': 159590, 'context': 0, 'bonus_lists': [6655, 41, 1683], 'modifiers': [{'type': 9, 'value': 23}, {'type': 28, 'value': 186}]}"
1199229243,MEDIUM,,1,500000,,"{'id': 24733, 'context': 36, 'bonus_lists': [1695, 3850], 'modifiers': [{'type': 9, 'value': 50}]}"
1199229259,MEDIUM,,1,500000,,"{'id': 6558, 'context': 0, 'bonus_lists': [6654, 1708], 'modifiers': [{'type': 9, 'value': 28}, {'type': 28, 'value': 1793}]}"
1199229278,MEDIUM,,1,500000,,"{'id': 9925, 'context': 54, 'bonus_lists': [1707, 4277], 'modifiers': [{'type': 9, 'value': 46}]}"
1199229328,MEDIUM,,1,18940000,,"{'id': 142075, 'context': 0}"
1199229329,MEDIUM,,1,18940000,,"{'id': 142075, 'context': 0}"
1199229331,MEDIUM,,1,18940000,,"{'id': 142075, 'context': 0}"
1199229334,MEDIUM,,1,18940000,,"{'id': 142075, 'context': 0}"
1199229339,MEDIUM,27862100,24,,,{'id': 74644}
1199229350,MEDIUM,12530800,5,,,{'id': 74652}
1199229505,MEDIUM,,1,1000000,,"{'id': 82397, 'context': 0, 'bonus_lists': [1694, 6851]}"
1199229547,MEDIUM,5000,1800,,,{'id': 21877}
1199229570,MEDIUM,10000,1,,,{'id': 4337}
1199229613,MEDIUM,,1,1000000,,"{'id': 121104, 'context': 0, 'bonus_lists': [6654, 1808, 1705], 'modifiers': [{'type': 9, 'value': 46}, {'type': 28, 'value': 1705}]}"
1199229651,MEDIUM,,1,1000000,,"{'id': 71365, 'context': 5, 'modifiers': [{'type': 28, 'value': 1029}]}"
1199229652,MEDIUM,,1,1000000,,"{'id': 71365, 'context': 5, 'modifiers': [{'type': 28, 'value': 1029}]}"
1199229653,MEDIUM,,1,1000000,,"{'id': 71365, 'context': 3, 'modifiers': [{'type': 28, 'value': 1029}]}"
1199229655,MEDIUM,,1,1000000,,"{'id': 71365, 'context': 5, 'modifiers': [{'type': 28, 'value': 1029}]}"
1199229670,MEDIUM,30000,13,,,{'id': 14529}
1199229696,MEDIUM,,1,500000,,"{'id': 15246, 'context': 53, 'bonus_lists': [1693, 4281], 'modifiers': [{'type': 9, 'value': 50}]}"
1199229887,MEDIUM,,1,500000,,"{'id': 36025, 'context': 2, 'bonus_lists': [6654, 1707], 'modifiers': [{'type': 9, 'value': 30}, {'type': 28, 'value': 1098}]}"
1199229912,MEDIUM,,1,1000000,,"{'id': 37771, 'context': 0, 'bonus_lists': [6658], 'modifiers': [{'type': 9, 'value': 30}, {'type': 28, 'value': 49}]}"
1199229946,MEDIUM,,1,1000000,,"{'id': 161942, 'context': 13, 'bonus_lists': [1691, 6851]}"
1199229960,MEDIUM,250000,1,,,{'id': 30183}
1199229970,MEDIUM,,1,1000000,,"{'id': 93421, 'context': 0, 'bonus_lists': [6874]}"
1199229971,MEDIUM,,1,1000000,,"{'id': 93421, 'context': 0, 'bonus_lists': [6874]}"
1199229973,MEDIUM,,1,1000000,,"{'id': 93421, 'context': 0, 'bonus_lists': [6874]}"
1199229977,MEDIUM,,1,7441600,,"{'id': 82800, 'context': 0, 'modifiers': [{'type': 6, 'value': 48663}], 'pet_breed_id': 5, 'pet_level': 1, 'pet_quality_id': 3, 'pet_species_id': 1235}"
1199229991,MEDIUM,,1,12000000,,"{'id': 82800, 'context': 0, 'modifiers': [{'type': 6, 'value': 48668}], 'pet_breed_id': 6, 'pet_level': 1, 'pet_quality_id': 3, 'pet_species_id': 1234}"
1199230018,MEDIUM,40000,1,,,{'id': 3404}
1199230038,MEDIUM,,1,15000000,,"{'id': 82800, 'context': 0, 'modifiers': [{'type': 6, 'value': 61890}], 'pet_breed_id': 7, 'pet_level': 1, 'pet_quality_id': 3, 'pet_species_id': 1625}"
1199230050,MEDIUM,,1,900000,,"{'id': 82800, 'context': 0, 'modifiers': [{'type': 6, 'value': 71827}], 'pet_breed_id': 14, 'pet_level': 1, 'pet_quality_id': 3, 'pet_species_id': 1921}"
1199230067,MEDIUM,,1,1000000,,"{'id': 7414, 'context': 0, 'bonus_lists': [6654, 1691], 'modifiers': [{'type': 9, 'value': 42}, {'type': 28, 'value': 1812}]}"
1199230084,MEDIUM,,1,15002100,,"{'id': 82800, 'context': 0, 'modifiers': [{'type': 6, 'value': 53748}], 'pet_breed_id': 20, 'pet_level': 1, 'pet_quality_id': 3, 'pet_species_id': 1387}"
1199231103,MEDIUM,,1,1000000,,"{'id': 82800, 'context': 0, 'modifiers': [{'type': 6, 'value': 73697}], 'pet_breed_id': 3, 'pet_level': 1, 'pet_quality_id': 3, 'pet_species_id': 1963}"
1199231112,MEDIUM,550000,1,,,{'id': 171315}
1199231117,MEDIUM,,1,27100,,"{'id': 82800, 'context': 0, 'modifiers': [{'type': 6, 'value': 66155}], 'pet_breed_id': 12, 'pet_level': 1, 'pet_quality_id': 3, 'pet_species_id': 1802}"
1199231124,MEDIUM,,1,241900,,"{'id': 25306, 'context': 0, 'bonus_lists': [6655, 1679], 'modifiers': [{'type': 9, 'value': 30}, {'type': 28, 'value': 1013}]}"
1199231133,MEDIUM,,1,10871400,,"{'id': 82800, 'context': 0, 'modifiers': [{'type': 6, 'value': 61889}], 'pet_breed_id': 19, 'pet_level': 1, 'pet_quality_id': 3, 'pet_species_id': 1627}"
1199231138,MEDIUM,,1,10000,,"{'id': 82800, 'context': 0, 'modifiers': [{'type': 6, 'value': 99899}], 'pet_breed_id': 4, 'pet_level': 1, 'pet_quality_id': 2, 'pet_species_id': 2925}"
1199231140,MEDIUM,5000,12,,,{'id': 2592}
1199231142,MEDIUM,,1,11110900,,"{'id': 82800, 'context': 0, 'modifiers': [{'type': 6, 'value': 47859}], 'pet_breed_id': 12, 'pet_level': 1, 'pet_quality_id': 3, 'pet_species_id': 2582}"
1199231147,MEDIUM,,1,1507100,,"{'id': 82800, 'context': 0, 'modifiers': [{'type': 6, 'value': 5207}], 'pet_breed_id': 11, 'pet_level': 1, 'pet_quality_id': 2, 'pet_species_id': 50}"
1199231159,MEDIUM,,1,8000000,,"{'id': 82800, 'context': 0, 'modifiers': [{'type': 6, 'value': 99917}], 'pet_breed_id': 15, 'pet_level': 1, 'pet_quality_id': 2, 'pet_species_id': 3008}"
1199231160,MEDIUM,5000,56,,,{'id': 4338}
1199231189,MEDIUM,,1,20009400,,"{'id': 82800, 'context': 0, 'modifiers': [{'type': 6, 'value': 39739}], 'pet_breed_id': 21, 'pet_level': 1, 'pet_quality_id': 3, 'pet_species_id': 2584}"
1199231204,MEDIUM,,1,7499800,,"{'id': 82800, 'context': 0, 'modifiers': [{'type': 6, 'value': 58770}], 'pet_breed_id': 14, 'pet_level': 1, 'pet_quality_id': 3, 'pet_species_id': 1467}"
1199231213,MEDIUM,,1,50000,,"{'id': 82800, 'context': 0, 'modifiers': [{'type': 6, 'value': 99018}], 'pet_breed_id': 7, 'pet_level': 1, 'pet_quality_id': 2, 'pet_species_id': 2798}"
1199231222,MEDIUM,2500000,1,,,{'id': 31884}
1199231234,MEDIUM,,1,1769000,,"{'id': 82800, 'context': 0, 'modifiers': [{'type': 6, 'value': 40155}], 'pet_breed_id': 6, 'pet_level': 1, 'pet_quality_id': 3, 'pet_species_id': 2579}"
1199231258,MEDIUM,283400,3,,,{'id': 182122}
1199231271,MEDIUM,590000,5,,,{'id': 170554}
1199231492,MEDIUM,,1,1000000,,"{'id': 128882, 'context': 13, 'bonus_lists': [1688, 3392, 3408]}"
1199231497,MEDIUM,,1,1000000,,"{'id': 128882, 'context': 13, 'bonus_lists': [1693, 3392, 3408]}"
1199231503,MEDIUM,4800,5,,,{'id': 12205}
1199231513,MEDIUM,3000,4,,,{'id': 5503}
1199231551,MEDIUM,,1,500000,,"{'id': 132490, 'context': 0, 'bonus_lists': [6842]}"
1199231569,MEDIUM,,1,500000,,"{'id': 82284, 'context': 0, 'bonus_lists': [6655, 1712], 'modifiers': [{'type': 9, 'value': 35}, {'type': 28, 'value': 2002}]}"
1199231614,MEDIUM,10000,2,,,{'id': 1288}
1199231663,MEDIUM,,1,1000000,,"{'id': 78888, 'context': 0}"
1199231691,MEDIUM,,1,1000000,,"{'id': 11603, 'context': 0, 'bonus_lists': [6710], 'modifiers': [{'type': 9, 'value': 30}, {'type': 28, 'value': 27}]}"
1199231697,MEDIUM,,1,1000000,,"{'id': 1951, 'context': 1, 'bonus_lists': [6710], 'modifiers': [{'type': 9, 'value': 30}, {'type': 28, 'value': 202}]}"
1199231723,MEDIUM,10000,37,,,{'id': 34722}
1199231740,MEDIUM,,1,1000000,,"{'id': 5267, 'context': 0, 'bonus_lists': [6659], 'modifiers': [{'type': 9, 'value': 30}, {'type': 28, 'value': 1004}]}"
1199231751,MEDIUM,,1,500000,,"{'id': 10059, 'context': 11, 'bonus_lists': [1708]}"
1199231772,MEDIUM,,1,500000,,"{'id': 82261, 'context': 0, 'bonus_lists': [6654, 1681], 'modifiers': [{'type': 9, 'value': 35}, {'type': 28, 'value': 1035}]}"
1199231793,MEDIUM,,1,1000000,,"{'id': 71359, 'context': 5, 'modifiers': [{'type': 28, 'value': 1029}]}"
1199231814,MEDIUM,,1,1000000,,"{'id': 159186, 'context': 0, 'bonus_lists': [6654, 1688], 'modifiers': [{'type': 9, 'value': 50}, {'type': 28, 'value': 1227}]}"
1199231839,MEDIUM,,1,1000000,,"{'id': 41183, 'context': 0, 'bonus_lists': [6875]}"
1199231877,MEDIUM,10000,1,,,{'id': 14343}
1199231913,MEDIUM,,1,1000000,,"{'id': 13040, 'context': 0}"
1199231956,MEDIUM,,1,500000,,"{'id': 81967, 'context': 0, 'bonus_lists': [6654, 1715], 'modifiers': [{'type': 9, 'value': 29}, {'type': 28, 'value': 1754}]}"
1199231967,MEDIUM,4500,14,,,{'id': 74833}
1199232065,MEDIUM,,1,500000,,"{'id': 15176, 'context': 53, 'bonus_lists': [1681, 4277], 'modifiers': [{'type': 9, 'value': 50}]}"
1199232088,MEDIUM,30000,20,,,{'id': 14529}
1199234132,MEDIUM,50000,20,,,{'id': 53049}
1199234163,MEDIUM,,1,1000000,,"{'id': 16838, 'context': 0}"
1199234202,MEDIUM,,1,1000000,,"{'id': 82003, 'context': 0, 'bonus_lists': [6655, 1694], 'modifiers': [{'type': 9, 'value': 43}, {'type': 28, 'value': 1754}]}"
1199234238,MEDIUM,,1,500000,,"{'id': 159568, 'context': 0, 'bonus_lists': [6655, 1710], 'modifiers': [{'type': 9, 'value': 27}, {'type': 28, 'value': 186}]}"
1199234254,MEDIUM,,1,500000,,"{'id': 159163, 'context': 0, 'bonus_lists': [6654, 1713], 'modifiers': [{'type': 9, 'value': 27}, {'type': 28, 'value': 186}]}"
1199234268,MEDIUM,,1,1000000,,"{'id': 128882, 'context': 13, 'bonus_lists': [1697, 3392, 3408]}"
1199234287,MEDIUM,,1,1000000,,"{'id': 31306, 'context': 0, 'bonus_lists': [6658], 'modifiers': [{'type': 9, 'value': 30}, {'type': 28, 'value': 1008}]}"
1199234304,MEDIUM,,1,250000,,"{'id': 5212, 'context': 0, 'bonus_lists': [6655], 'modifiers': [{'type': 9, 'value': 14}, {'type': 28, 'value': 4}]}"
1199234336,MEDIUM,,1,500000,,"{'id': 82082, 'context': 22, 'bonus_lists': [6654, 1681], 'modifiers': [{'type': 9, 'value': 35}, {'type': 28, 'value': 1129}]}"
1199234349,MEDIUM,,1,1000000,,"{'id': 5267, 'context': 0, 'bonus_lists': [6659], 'modifiers': [{'type': 9, 'value': 30}, {'type': 28, 'value': 1005}]}"
1199234351,MEDIUM,,1,1000000,,"{'id': 5267, 'context': 0, 'bonus_lists': [6659], 'modifiers': [{'type': 9, 'value': 30}, {'type': 28, 'value': 1004}]}"
1199234405,MEDIUM,,1,1000000,,"{'id': 31305, 'context': 0, 'bonus_lists': [6659], 'modifiers': [{'type': 9, 'value': 30}, {'type': 28, 'value': 1012}]}"
1199234454,MEDIUM,,1,8298000,6223500,"{'id': 9796, 'context': 0, 'bonus_lists': [6654, 1693], 'modifiers': [{'type': 9, 'value': 25}, {'type': 28, 'value': 1796}]}"
1199234458,MEDIUM,142500,1,,,{'id': 1206}
1199234460,MEDIUM,,1,8796800,6597600,"{'id': 6591, 'context': 0, 'bonus_lists': [6654, 1691], 'modifiers': [{'type': 9, 'value': 25}, {'type': 28, 'value': 1796}]}"
1199234463,MEDIUM,,1,200,,"{'id': 3679, 'context': 11, 'modifiers': [{'type': 28, 'value': 1793}]}"
1199234464,MEDIUM,,1,3872800,2904600,"{'id': 15226, 'context': 1, 'bonus_lists': [6655, 1679], 'modifiers': [{'type': 9, 'value': 22}, {'type': 28, 'value': 1914}]}"
1199234467,MEDIUM,2000,3,,,{'id': 12202}
1199234469,MEDIUM,,1,5547300,4160500,"{'id': 15212, 'context': 0, 'bonus_lists': [6655, 1693], 'modifiers': [{'type': 9, 'value': 25}, {'type': 28, 'value': 1796}]}"
1199234473,MEDIUM,,1,3760800,2820600,"{'id': 2974, 'context': 1, 'bonus_lists': [6654], 'modifiers': [{'type': 9, 'value': 21}, {'type': 28, 'value': 1906}]}"
1199234474,MEDIUM,,1,3825500,2869100,"{'id': 6587, 'context': 0, 'bonus_lists': [6654, 1709], 'modifiers': [{'type': 9, 'value': 24}, {'type': 28, 'value': 1786}]}"
1199234481,MEDIUM,,1,3693600,2770200,"{'id': 9786, 'context': 1, 'bonus_lists': [6654, 1693], 'modifiers': [{'type': 9, 'value': 20}, {'type': 28, 'value': 1906}]}"
1199234504,MEDIUM,1500,1,,,{'id': 1705}
1199234513,MEDIUM,,1,1000000,,"{'id': 45975, 'context': 3, 'modifiers': [{'type': 28, 'value': 1020}]}"
1199234518,MEDIUM,10000,1,,,{'id': 1210}
1199234536,MEDIUM,700,7,,,{'id': 12037}
1199234544,MEDIUM,3900,13,,,{'id': 3667}
1199234560,MEDIUM,20000,3,,,{'id': 2251}
1199234570,MEDIUM,100000,8,,,{'id': 3730}
1199234582,MEDIUM,,1,1000000,,"{'id': 47105, 'context': 0, 'modifiers': [{'type': 28, 'value': 1021}]}"
1199234584,MEDIUM,1000,4,,,{'id': 22644}
1199234599,MEDIUM,3900,1,,,{'id': 5465}
1199234619,MEDIUM,,1,500000,,"{'id': 55709, 'context': 3, 'bonus_lists': [6654, 1699], 'modifiers': [{'type': 9, 'value': 35}, {'type': 28, 'value': 1029}]}"
1199237406,MEDIUM,,1,1000000,,"{'id': 41357, 'context': 0, 'bonus_lists': [6881]}"
1199237420,MEDIUM,,1,1000000,,"{'id': 60211, 'context': 0, 'modifiers': [{'type': 28, 'value': 1027}]}"
1199237440,MEDIUM,,1,7000000,,"{'id': 175564, 'context': 0, 'bonus_lists': [6907, 1678], 'modifiers': [{'type': 9, 'value': 60}, {'type': 28, 'value': 807}]}"
1199237457,MEDIUM,100000,2,,,{'id': 74252}
1199237467,MEDIUM,,1,1000000,,"{'id': 159520, 'context': 0, 'bonus_lists': [6655, 1715], 'modifiers': [{'type': 9, 'value': 50}, {'type': 28, 'value': 186}]}"
1199237468,MEDIUM,35000,4,,,{'id': 178550}
1199237474,MEDIUM,30000,6,,,{'id': 172054}
1199237479,MEDIUM,,1,50000,,"{'id': 5213, 'context': 0, 'bonus_lists': [6655], 'modifiers': [{'type': 9, 'value': 41}, {'type': 28, 'value': 1812}]}"
1199237489,MEDIUM,,1,1000000,,"{'id': 93552, 'context': 0, 'bonus_lists': [6881]}"
1199237497,MEDIUM,,1,1000000,,"{'id': 159520, 'context': 0, 'bonus_lists': [6655, 1696], 'modifiers': [{'type': 9, 'value': 50}, {'type': 28, 'value': 1227}]}"
1199237506,MEDIUM,,1,1000000,,"{'id': 126994, 'context': 13, 'bonus_lists': [1718, 3340, 3408]}"
1199237516,MEDIUM,100,7,,,{'id': 124439}
1199237542,MEDIUM,19800,19,,,{'id': 35562}
1199237563,MEDIUM,4500,177,,,{'id': 2589}
1199237591,MEDIUM,,1,1000000,,"{'id': 161957, 'context': 13, 'bonus_lists': [1679, 6853]}"
1199237610,MEDIUM,3200000,1,,,{'id': 172419}
1199237626,MEDIUM,,1,1000000,,"{'id': 161945, 'context': 13, 'bonus_lists': [1698, 6850]}"
1199237627,MEDIUM,,1,1000000,,"{'id': 161945, 'context': 13, 'bonus_lists': [1699, 6850]}"
1199237646,MEDIUM,6250000,1,,,{'id': 177962}
1199237688,MEDIUM,,1,1000000,,"{'id': 161945, 'context': 13, 'bonus_lists': [1692, 6850]}"
1199237690,MEDIUM,,1,1000000,,"{'id': 161945, 'context': 13, 'bonus_lists': [1691, 6850]}"
1199237714,MEDIUM,,1,1000000,,"{'id': 15322, 'context': 0, 'bonus_lists': [6655], 'modifiers': [{'type': 9, 'value': 41}, {'type': 28, 'value': 1812}]}"
1199237744,MEDIUM,,1,1000000,,"{'id': 121075, 'context': 0, 'bonus_lists': [6654, 1712], 'modifiers': [{'type': 9, 'value': 44}, {'type': 28, 'value': 1705}]}"
1199237764,MEDIUM,10000,49,,,{'id': 154897}
1199237814,MEDIUM,,1,1000000,,"{'id': 71359, 'context': 5, 'modifiers': [{'type': 28, 'value': 1029}]}"
1199237855,MEDIUM,,1,1000000,,"{'id': 16799, 'context': 0}"
1199237877,MEDIUM,,1,1000000,,"{'id': 161957, 'context': 13, 'bonus_lists': [1705, 6853]}"
1199237879,MEDIUM,,1,1000000,,"{'id': 161957, 'context': 13, 'bonus_lists': [1707, 6853]}"
1199237898,MEDIUM,,1,1000000,,"{'id': 161945, 'context': 13, 'bonus_lists': [1679, 6850]}"
1199237909,MEDIUM,,1,1000000,,"{'id': 161945, 'context': 13, 'bonus_lists': [1711, 6850]}"
1199237926,MEDIUM,,1,1000000,,"{'id': 161945, 'context': 13, 'bonus_lists': [1688, 6850]}"
1199237953,MEDIUM,,1,1000000,,"{'id': 82397, 'context': 0, 'bonus_lists': [1680, 6851]}"
1199237955,MEDIUM,,1,1000000,,"{'id': 82397, 'context': 0, 'bonus_lists': [1677, 6851]}"
1199238041,MEDIUM,15000,53,,,{'id': 124437}
1199238062,MEDIUM,,1,1000000,,"{'id': 37771, 'context': 0, 'bonus_lists': [6658], 'modifiers': [{'type': 9, 'value': 30}, {'type': 28, 'value': 1017}]}"
1199238083,MEDIUM,2200,23,,,{'id': 74249}
1199238099,MEDIUM,50000,18,,,{'id': 53049}
1199239225,MEDIUM,,1,1000000,,"{'id': 161970, 'context': 13, 'bonus_lists': [1715, 6844]}"
1199239257,MEDIUM,,1,1000000,,"{'id': 12040, 'context': 0, 'bonus_lists': [6654, 1709], 'modifiers': [{'type': 9, 'value': 39}, {'type': 28, 'value': 1812}]}"
1199239277,MEDIUM,7500,7,,,{'id': 17056}
1199239360,MEDIUM,17989400,6,,,{'id': 172438}
1199239619,MEDIUM,,1,1000000,,"{'id': 161939, 'context': 13, 'bonus_lists': [1695, 6854]}"
1199239653,MEDIUM,,1,1000000,,"{'id': 16802, 'context': 0, 'modifiers': [{'type': 28, 'value': 1004}]}"
1199239660,MEDIUM,370000,11,,,{'id': 171832}
1199239661,MEDIUM,,1,720009900,,"{'id': 183035, 'context': 5, 'bonus_lists': [7188, 6652, 7194, 1485, 6646], 'modifiers': [{'type': 28, 'value': 752}]}"
1199239674,MEDIUM,,1,1000000,,"{'id': 44667, 'context': 0, 'bonus_lists': [6691, 1706], 'modifiers': [{'type': 9, 'value': 30}, {'type': 28, 'value': 44}]}"
1199239694,MEDIUM,,1,1000000,,"{'id': 161957, 'context': 13, 'bonus_lists': [1702, 6853]}"
1199239752,MEDIUM,10000,68,,,{'id': 14048}
1199239785,MEDIUM,,1,5500,,"{'id': 82800, 'context': 0, 'modifiers': [{'type': 6, 'value': 98466}], 'pet_breed_id': 7, 'pet_level': 1, 'pet_quality_id': 2, 'pet_species_id': 3013}"
1199239863,MEDIUM,249900,2,,,{'id': 173035}
1199239890,MEDIUM,9458000,4,,,{'id': 181468}
1199239926,MEDIUM,679900,4,,,{'id': 173204}
1199239946,MEDIUM,59800,2,,,{'id': 172092}
1199239954,MEDIUM,9800,5,,,{'id': 173032}
1199242124,MEDIUM,,1,2902200,,"{'id': 36378, 'context': 0, 'bonus_lists': [6654, 1678], 'modifiers': [{'type': 9, 'value': 50}, {'type': 28, 'value': 1401}]}"
1199242128,MEDIUM,,1,2303300,,"{'id': 173194, 'context': 0, 'bonus_lists': [6887], 'modifiers': [{'type': 9, 'value': 54}, {'type': 28, 'value': 391}, {'type': 29, 'value': 49}, {'type': 30, 'value': 40}]}"
1199242131,MEDIUM,,1,5000000,,"{'id': 182561, 'context': 11, 'bonus_lists': [6706, 6652], 'modifiers': [{'type': 9, 'value': 53}, {'type': 28, 'value': 1324}]}"
1199242137,MEDIUM,,1,1904600,,"{'id': 173198, 'context': 0, 'bonus_lists': [6885], 'modifiers': [{'type': 9, 'value': 54}, {'type': 28, 'value': 391}, {'type': 29, 'value': 32}, {'type': 30, 'value': 49}]}"
1199242151,MEDIUM,,1,1000000,,"{'id': 126994, 'context': 13, 'bonus_lists': [1715, 6852, 3408]}"
1199242185,MEDIUM,,1,1000000,,"{'id': 126994, 'context': 13, 'bonus_lists': [1687, 6852, 3408]}"
1199242212,MEDIUM,,1,1000000,,"{'id': 126994, 'context': 13, 'bonus_lists': [1703, 6852, 3408]}"
1199242222,MEDIUM,700,6,,,{'id': 12037}
1199242257,MEDIUM,,1,1459700,,"{'id': 121158, 'context': 0, 'bonus_lists': [6654, 1694], 'modifiers': [{'type': 9, 'value': 42}, {'type': 28, 'value': 1705}]}"
1199242283,MEDIUM,,1,1000000,,"{'id': 126994, 'context': 13, 'bonus_lists': [1705, 6852, 3408]}"
1199242285,MEDIUM,,1,1000000,,"{'id': 126994, 'context': 13, 'bonus_lists': [1705, 6852, 3408]}"
1199242287,MEDIUM,,1,1000000,,"{'id': 126994, 'context': 13, 'bonus_lists': [1705, 6852, 3408]}"
1199242292,MEDIUM,,1,1000000,,"{'id': 126994, 'context': 13, 'bonus_lists': [1706, 6852, 3408]}"
1199242296,MEDIUM,,1,1000000,,"{'id': 126994, 'context': 13, 'bonus_lists': [1704, 6852, 3408]}"
1199242318,MEDIUM,,1,1000000,,"{'id': 126994, 'context': 13, 'bonus_lists': [1681, 6852, 3408]}"
1199242335,MEDIUM,,1,1000000,,"{'id': 126994, 'context': 13, 'bonus_lists': [1684, 6852, 3408]}"
1199242349,MEDIUM,,1,1000000,,"{'id': 126994, 'context': 13, 'bonus_lists': [1715, 6852, 3408]}"
1199242371,MEDIUM,,1,1000000,,"{'id': 126994, 'context': 13, 'bonus_lists': [1715, 6852, 3408]}"
1199242372,MEDIUM,,1,1000000,,"{'id': 126994, 'context': 13, 'bonus_lists': [1714, 6852, 3408]}"
1199242396,MEDIUM,,1,9395400,,"{'id': 121006, 'context': 0, 'bonus_lists': [6654, 1702], 'modifiers': [{'type': 9, 'value': 14}, {'type': 28, 'value': 1705}]}"
1199242406,MEDIUM,,1,1000000,,"{'id': 82397, 'context': 0, 'bonus_lists': [1713, 6851]}"
1199242483,MEDIUM,,1,991000,,"{'id': 121161, 'context': 0, 'bonus_lists': [6654, 1712], 'modifiers': [{'type': 9, 'value': 42}, {'type': 28, 'value': 1705}]}"
1199242487,MEDIUM,10000,2,,,{'id': 154165}
1199242511,MEDIUM,,1,3337800,,"{'id': 36375, 'context': 0, 'bonus_lists': [6654, 1680], 'modifiers': [{'type': 9, 'value': 50}, {'type': 28, 'value': 1401}]}"
1199242535,MEDIUM,,1,1000000,,"{'id': 71023, 'context': 3, 'modifiers': [{'type': 28, 'value': 1029}]}"
1199242536,MEDIUM,,1,15172300,,"{'id': 121050, 'context': 0, 'bonus_lists': [6654, 1698], 'modifiers': [{'type': 9, 'value': 47}, {'type': 28, 'value': 1699}]}"
1199242549,MEDIUM,,1,23028800,,"{'id': 121164, 'context': 0, 'bonus_lists': [6654, 1717], 'modifiers': [{'type': 9, 'value': 38}, {'type': 28, 'value': 1705}]}"
1199242561,MEDIUM,,1,1000000,,"{'id': 126994, 'context': 13, 'bonus_lists': [1693, 6852, 3408]}"
1199242609,MEDIUM,10000,20,,,{'id': 53050}
1199242669,MEDIUM,1000,5,,,{'id': 124118}
1199242700,MEDIUM,100,11,,,{'id': 124121}
1199242732,MEDIUM,,1,500000,,"{'id': 15235, 'context': 1, 'bonus_lists': [6655, 1679], 'modifiers': [{'type': 9, 'value': 30}, {'type': 28, 'value': 282}]}"
1199242783,MEDIUM,,1,1000000,,"{'id': 13118, 'context': 0}"
1199242793,MEDIUM,,1,50000000,,"{'id': 173245, 'context': 63, 'bonus_lists': [6716, 7194, 1487]}"
1199242820,MEDIUM,400,36,,,{'id': 124117}
1199242853,MEDIUM,,1,1000000,,"{'id': 45141, 'context': 3, 'modifiers': [{'type': 28, 'value': 1020}]}"
1199243003,MEDIUM,10000,20,,,{'id': 53050}
1199243047,MEDIUM,10000,5,,,{'id': 34721}
1199244366,MEDIUM,10000,6,,,{'id': 12203}
1199244928,MEDIUM,880000,15,,,{'id': 124106}
1199246459,MEDIUM,5000000,1,,,{'id': 76652}
1199246614,MEDIUM,23200,10,,,{'id': 109129}
1199246686,MEDIUM,28300,10,,,{'id': 109126}
1199246780,MEDIUM,42200,10,,,{'id': 109125}
1199246910,MEDIUM,230000,8,,,{'id': 7911}
1199248165,MEDIUM,,1,52500000,,"{'id': 82800, 'context': 0, 'modifiers': [{'type': 6, 'value': 90830}], 'pet_breed_id': 11, 'pet_level': 25, 'pet_quality_id': 3, 'pet_species_id': 2581}"
1199248264,MEDIUM,,1,1650000,,"{'id': 127035, 'context': 0}"
1199248555,MEDIUM,92309600,10,,,{'id': 124107}
1199248575,MEDIUM,23200,10,,,{'id': 109129}
1199248582,MEDIUM,451800,5,,,{'id': 108340}
1199248591,MEDIUM,28300,10,,,{'id': 109126}
1199248608,MEDIUM,27900,10,,,{'id': 109128}
1199248612,MEDIUM,,1,252862800,207347500,"{'id': 82800, 'context': 0, 'pet_breed_id': 4, 'pet_level': 1, 'pet_quality_id': 2, 'pet_species_id': 218}"
1199248633,MEDIUM,,1,9504700,7793900,"{'id': 71999, 'context': 0}"
1199248637,MEDIUM,17100,10,,,{'id': 71998}
1199248640,MEDIUM,,1,171142800,140337100,"{'id': 22280, 'context': 0}"
1199248654,MEDIUM,,1,223273700,183084400,"{'id': 82800, 'context': 0, 'pet_breed_id': 3, 'pet_level': 1, 'pet_quality_id': 2, 'pet_species_id': 212}"
1199248662,MEDIUM,907000,10,,,{'id': 33567}
1199248675,MEDIUM,,1,752336400,616915800,"{'id': 161972, 'context': 13, 'bonus_lists': [1714, 4928]}"
1199248679,MEDIUM,2200,7,,,{'id': 124121}
1199248682,MEDIUM,891800,2,,,{'id': 7069}
1199248686,MEDIUM,,1,1179900,1072500,"{'id': 71636, 'context': 0}"
1199248692,MEDIUM,4479000,2,,,{'id': 23573}
1199248694,MEDIUM,245600,1,,,{'id': 163225}
1199248698,MEDIUM,,1,88009200,72167500,"{'id': 24200, 'context': 3}"
1199248701,MEDIUM,42200,10,,,{'id': 109125}
1199248707,MEDIUM,36900,10,,,{'id': 72234}
1199248710,MEDIUM,,1,5480000,4493600,"{'id': 72013, 'context': 0}"
1199248715,MEDIUM,,1,5480000,4493600,"{'id': 72013, 'context': 0}"
1199248719,MEDIUM,,1,26419600,21664100,"{'id': 7360, 'context': 1}"
1199248722,MEDIUM,294200,3,,,{'id': 9262}
1199248724,MEDIUM,370307600,10,,,{'id': 168624}
1199248728,MEDIUM,,1,74244200,60880200,"{'id': 21893, 'context': 14}"
1199248731,MEDIUM,,1,1354409100,1110615500,"{'id': 153639, 'context': 13, 'bonus_lists': [1683, 4928]}"
1199248735,MEDIUM,39000,10,,,{'id': 167738}
1199248741,MEDIUM,,1,31536400,25859800,"{'id': 14471, 'context': 0}"
1199248743,MEDIUM,,1,25064700,20553100,"{'id': 5774, 'context': 1}"
1199248750,MEDIUM,77800,10,,,{'id': 6037}
1199248751,MEDIUM,,1,4342800,3561100,"{'id': 72005, 'context': 0}"
1199248753,MEDIUM,,1,5484600,5132700,"{'id': 72004, 'context': 0}"
1199248755,MEDIUM,,1,8750200,7175200,"{'id': 4348, 'context': 1}"
1199248756,MEDIUM,,1,95288900,78136900,"{'id': 10424, 'context': 0}"
1199248759,MEDIUM,,1,7479800,7317600,"{'id': 82800, 'context': 0, 'pet_breed_id': 15, 'pet_level': 1, 'pet_quality_id': 3, 'pet_species_id': 1467}"
1199248761,MEDIUM,900,3,,,{'id': 124439}
1199248765,MEDIUM,7400,10,,,{'id': 151567}
1199248769,MEDIUM,,1,11737500,9624800,"{'id': 17706, 'context': 11}"
1199248775,MEDIUM,,1,538391400,441480900,"{'id': 116439, 'context': 14}"
1199248785,MEDIUM,,1,8931700,7324000,"{'id': 25725, 'context': 0}"
1199250192,MEDIUM,,1,8983800,7484100,"{'id': 82800, 'context': 0, 'pet_breed_id': 21, 'pet_level': 1, 'pet_quality_id': 2, 'pet_species_id': 238}"
1199250194,MEDIUM,,1,203153900,166586200,"{'id': 161925, 'context': 13, 'bonus_lists': [1683, 4927]}"
1199250195,MEDIUM,,1,185418000,152042800,"{'id': 161925, 'context': 13, 'bonus_lists': [1676, 4927]}"
1199250197,MEDIUM,,1,334206600,274049400,"{'id': 161925, 'context': 13, 'bonus_lists': [1701, 4926]}"
1199250198,MEDIUM,64100,5,,,{'id': 69237}
1199250200,MEDIUM,,1,296131000,242827400,"{'id': 118921, 'context': 11}"
1199250201,MEDIUM,,1,5875800,4818200,"{'id': 82800, 'context': 0, 'pet_breed_id': 7, 'pet_level': 1, 'pet_quality_id': 3, 'pet_species_id': 1934}"
1199250202,MEDIUM,92309600,10,,,{'id': 124107}
1199250203,MEDIUM,,1,14980000,12283600,"{'id': 111402, 'context': 0}"
1199250204,MEDIUM,,1,1669000,1368600,"{'id': 82800, 'context': 0, 'pet_breed_id': 13, 'pet_level': 1, 'pet_quality_id': 2, 'pet_species_id': 67}"
1199250207,MEDIUM,28300,10,,,{'id': 109126}
1199250209,MEDIUM,230000,2,,,{'id': 7911}
1199250211,MEDIUM,93800,3,,,{'id': 74252}
1199250213,MEDIUM,,1,13517900,11084700,"{'id': 82800, 'context': 0, 'pet_breed_id': 21, 'pet_level': 1, 'pet_quality_id': 3, 'pet_species_id': 1889}"
1199250215,MEDIUM,,1,38378000,31470000,"{'id': 5974, 'context': 1}"
1199250217,MEDIUM,39000,2,,,{'id': 167738}
1199250220,MEDIUM,17100,9,,,{'id': 71998}
1199250222,MEDIUM,907000,2,,,{'id': 33567}
1199250223,MEDIUM,23200,10,,,{'id': 109129}
1199250227,MEDIUM,42200,10,,,{'id': 109125}
1199250231,MEDIUM,36900,4,,,{'id': 72234}
1199250233,MEDIUM,,1,7421300,6085500,"{'id': 72016, 'context': 0}"
1199250235,MEDIUM,77800,2,,,{'id': 6037}
1199250241,MEDIUM,190900,1,,,{'id': 3858}
1199250250,MEDIUM,,1,2008600,1800500,"{'id': 144457, 'context': 0}"
1199250255,MEDIUM,,1,19370500,15883800,"{'id': 161897, 'context': 13, 'bonus_lists': [1680, 4928, 5804]}"
1199250261,MEDIUM,160300,3,,,{'id': 23425}
1199250266,MEDIUM,27900,10,,,{'id': 109128}
1199250279,MEDIUM,7400,10,,,{'id': 151567}
1199250638,MEDIUM,17989400,13,,,{'id': 172438}
1199250696,MEDIUM,,1,38009900,,"{'id': 82440, 'context': 0}"
1199250762,MEDIUM,,1,38009900,,"{'id': 19165, 'context': 0}"
1199250972,MEDIUM,,1,160000000,,"{'id': 173243, 'context': 65, 'bonus_lists': [6718, 1522]}"
1199250974,MEDIUM,,1,160000000,,"{'id': 173243, 'context': 65, 'bonus_lists': [6718, 1522]}"
1199250976,MEDIUM,,1,160000000,,"{'id': 173243, 'context': 65, 'bonus_lists': [6718, 1522]}"
1199250978,MEDIUM,,1,160000000,,"{'id': 173243, 'context': 65, 'bonus_lists': [6718, 1522]}"
1199250981,MEDIUM,,1,160000000,,"{'id': 173243, 'context': 65, 'bonus_lists': [6718, 1522]}"
1199250982,MEDIUM,,1,160000000,,"{'id': 173243, 'context': 65, 'bonus_lists': [6718, 1522]}"
1199250984,MEDIUM,,1,160000000,,"{'id': 173243, 'context': 65, 'bonus_lists': [6718, 1522]}"
1199250986,MEDIUM,,1,160000000,,"{'id': 173243, 'context': 65, 'bonus_lists': [6718, 1522]}"
1199250988,MEDIUM,,1,160000000,,"{'id': 173243, 'context': 65, 'bonus_lists': [6718, 1522]}"
1199253162,MEDIUM,8407700,7,,,{'id': 173171}
1199253174,MEDIUM,5717700,5,,,{'id': 173170}
1199253180,MEDIUM,,1,3000000,,"{'id': 177789, 'context': 2, 'bonus_lists': [6907, 6652, 1701], 'modifiers': [{'type': 9, 'value': 60}, {'type': 28, 'value': 748}]}"
1199253185,MEDIUM,1756700,10,,,{'id': 173173}
1199253205,MEDIUM,39000,1,,,{'id': 52178}
1199253224,MEDIUM,68500,1,,,{'id': 52194}
1199253233,MEDIUM,159900,22,,,{'id': 168191}
1199253242,MEDIUM,60000,21,,,{'id': 168192}
1199253250,MEDIUM,50000,21,,,{'id': 168190}
1199253259,MEDIUM,499000,25,,,{'id': 154125}
1199253267,MEDIUM,3930000000,22,,,{'id': 168189}
1199253277,MEDIUM,53400,11,,,{'id': 154121}
1199253286,MEDIUM,420000,4,,,{'id': 154124}
1199253294,MEDIUM,41000,23,,,{'id': 154120}
1199253302,MEDIUM,30000,47,,,{'id': 153703}
1199253312,MEDIUM,,1,200009000,,"{'id': 82800, 'context': 0, 'pet_breed_id': 8, 'pet_level': 25, 'pet_quality_id': 3, 'pet_species_id': 2135}"
1199253331,MEDIUM,30000,35,,,{'id': 153705}
1199253341,MEDIUM,,1,19237500,,"{'id': 82800, 'context': 0, 'modifiers': [{'type': 6, 'value': 86482}], 'pet_breed_id': 3, 'pet_level': 25, 'pet_quality_id': 3, 'pet_species_id': 2201}"
1199253359,MEDIUM,27500,54,,,{'id': 153701}
1199253386,MEDIUM,,1,15004700,,"{'id': 82800, 'context': 0, 'modifiers': [{'type': 6, 'value': 95172}], 'pet_breed_id': 13, 'pet_level': 25, 'pet_quality_id': 3, 'pet_species_id': 2843}"
1199253389,MEDIUM,45400,71,,,{'id': 153702}
1199253402,MEDIUM,26500,46,,,{'id': 153700}
1199254455,MEDIUM,1360000,7,,,{'id': 72238}
1199254466,MEDIUM,,1,40947300,,"{'id': 25031, 'context': 0, 'bonus_lists': [6654, 1677], 'modifiers': [{'type': 9, 'value': 30}, {'type': 28, 'value': 37}]}"
1199254504,MEDIUM,65000,163,,,{'id': 79010}
1199254537,MEDIUM,30000,20,,,{'id': 75014}
1199254626,MEDIUM,880000,4,,,{'id': 124106}
1199254748,MEDIUM,,1,250000000,,"{'id': 135479, 'context': 0}"
1199257490,MEDIUM,9500000,1,,,{'id': 52980}
1199257543,MEDIUM,90000,200,,,{'id': 52976}
1199257867,MEDIUM,,1,2854200,,"{'id': 175553, 'context': 0, 'bonus_lists': [6907, 1707], 'modifiers': [{'type': 9, 'value': 60}, {'type': 28, 'value': 1707}]}"
1199257889,MEDIUM,,1,981900,,"{'id': 176793, 'context': 9, 'bonus_lists': [6908, 6652, 1705], 'modifiers': [{'type': 9, 'value': 60}, {'type': 28, 'value': 1707}]}"
1199262508,MEDIUM,,1,800005000,,"{'id': 184802, 'context': 0, 'bonus_lists': [6652, 1472, 6646], 'modifiers': [{'type': 28, 'value': 1707}]}"
1199266457,MEDIUM,,1,1800000,,"{'id': 173217, 'context': 0, 'bonus_lists': [6893], 'modifiers': [{'type': 9, 'value': 60}, {'type': 28, 'value': 391}, {'type': 29, 'value': 49}, {'type': 30, 'value': 36}]}"
1199266495,MEDIUM,,1,1800000,,"{'id': 173217, 'context': 0, 'bonus_lists': [6893], 'modifiers': [{'type': 9, 'value': 60}, {'type': 28, 'value': 391}, {'type': 29, 'value': 36}, {'type': 30, 'value': 40}]}"
1199266632,MEDIUM,,1,949600,,"{'id': 82800, 'context': 0, 'modifiers': [{'type': 6, 'value': 86136}], 'pet_breed_id': 8, 'pet_level': 1, 'pet_quality_id': 2, 'pet_species_id': 2188}"
1199266780,MEDIUM,,1,2808200,,"{'id': 173218, 'context': 0, 'bonus_lists': [6893], 'modifiers': [{'type': 9, 'value': 60}, {'type': 28, 'value': 391}, {'type': 29, 'value': 49}, {'type': 30, 'value': 40}]}"
1199267012,MEDIUM,100001100,1,,,{'id': 86592}
1199267056,MEDIUM,,1,2189900,,"{'id': 71637, 'context': 0}"
1199267080,MEDIUM,,1,1179900,,"{'id': 71636, 'context': 0}"
1199267105,MEDIUM,,1,5008200,,"{'id': 71638, 'context': 0}"
1199267133,MEDIUM,,1,1198400,,"{'id': 71635, 'context': 0}"
1199267210,MEDIUM,1500000,2,,,{'id': 182581}
1199267226,MEDIUM,4300,7,,,{'id': 173043}
1199267243,MEDIUM,2200,6,,,{'id': 173038}
1199267277,MEDIUM,4300000,2,,,{'id': 173042}
1199267297,MEDIUM,262400,4,,,{'id': 173041}
1199267306,MEDIUM,4700,3,,,{'id': 180168}
1199267445,MEDIUM,,1,12504800,,"{'id': 15660, 'context': 0, 'bonus_lists': [1692]}"
1199267492,MEDIUM,,1,12000000,,"{'id': 4416, 'context': 0}"
1199267561,MEDIUM,,1,33300100,,"{'id': 167810, 'context': 0}"
1199267595,MEDIUM,,1,22602300,,"{'id': 167807, 'context': 0}"
1199267643,MEDIUM,,1,32540100,,"{'id': 167804, 'context': 0}"
1199267715,MEDIUM,,1,44350000,,"{'id': 167806, 'context': 0}"
1199267852,MEDIUM,3509900,12,,,{'id': 127850}
1199267972,MEDIUM,80000,4,,,{'id': 21881}
1199267992,MEDIUM,,1,10871400,,"{'id': 82800, 'context': 0, 'modifiers': [{'type': 6, 'value': 61889}], 'pet_breed_id': 19, 'pet_level': 1, 'pet_quality_id': 3, 'pet_species_id': 1627}"
1199268015,MEDIUM,2000000,1,,,{'id': 158327}
1199268018,MEDIUM,550000,1,,,{'id': 171315}
1199268043,MEDIUM,,1,14000000,,"{'id': 31298, 'context': 3, 'bonus_lists': [6658], 'modifiers': [{'type': 9, 'value': 30}, {'type': 28, 'value': 1014}]}"
1199268068,MEDIUM,,1,25001500,,"{'id': 82800, 'context': 0, 'modifiers': [{'type': 6, 'value': 40224}], 'pet_breed_id': 15, 'pet_level': 1, 'pet_quality_id': 3, 'pet_species_id': 1631}"
1199268094,MEDIUM,477800,3,,,{'id': 168589}
1199270159,MEDIUM,4400000,1,,,{'id': 158212}
1199270284,MEDIUM,,1,59890000,,"{'id': 82800, 'context': 0, 'modifiers': [{'type': 6, 'value': 50613}], 'pet_breed_id': 8, 'pet_level': 1, 'pet_quality_id': 3, 'pet_species_id': 2702}"
1199270322,MEDIUM,,1,1002900,,"{'id': 82800, 'context': 0, 'pet_breed_id': 13, 'pet_level': 1, 'pet_quality_id': 3, 'pet_species_id': 1960}"
1199274575,MEDIUM,100000,20,,,{'id': 109076}
1199274595,MEDIUM,100000,20,,,{'id': 109076}
1199274615,MEDIUM,100000,20,,,{'id': 109076}
1199274639,MEDIUM,100000,20,,,{'id': 109076}
1199274705,MEDIUM,,1,9990000,,"{'id': 24956, 'context': 26, 'bonus_lists': [1680, 3838], 'modifiers': [{'type': 9, 'value': 24}]}"
1199274738,MEDIUM,1200000,1,,,{'id': 115805}
1199274867,MEDIUM,,1,2770000,,"{'id': 6336, 'context': 0, 'bonus_lists': [1679]}"
1199274891,LONG,,1,2663100,,"{'id': 19028, 'context': 0}"
1199274946,LONG,,1,5007300,,"{'id': 159585, 'context': 0, 'bonus_lists': [6655, 1686], 'modifiers': [{'type': 9, 'value': 48}, {'type': 28, 'value': 186}]}"
1199274988,LONG,1249900,15,,,{'id': 133940}
1199275019,LONG,2999900,4,,,{'id': 46377}
1199275070,LONG,93700,3,,,{'id': 111603}
1199276105,LONG,100000,5,,,{'id': 24401}
1199276125,LONG,19000,9,,,{'id': 43501}
1199276141,LONG,30000,37,,,{'id': 16202}
1199276154,LONG,10000,43,,,{'id': 16204}
1199276226,LONG,20000,4,,,{'id': 152513}
1199276309,LONG,11500,9,,,{'id': 108340}
1199278104,LONG,1099500,12,,,{'id': 168583}
1199278120,LONG,500100,2,,,{'id': 5206}
1199278142,LONG,30000,3,,,{'id': 172054}
1199278166,LONG,679900,3,,,{'id': 173204}
1199278202,LONG,30000,1,,,{'id': 172054}
1199278319,LONG,370000,2,,,{'id': 171832}
1199278320,LONG,189900,10,,,{'id': 89112}
1199278346,LONG,100000,2,,,{'id': 74847}
1199278356,LONG,59800,4,,,{'id': 172092}
1199278365,LONG,4500,6,,,{'id': 74833}
1199278379,LONG,59900,2,,,{'id': 74841}
1199278392,LONG,22500,11,,,{'id': 72234}
1199278414,LONG,3800,2,,,{'id': 109133}
1199278421,LONG,30000,4,,,{'id': 75014}
1199278431,LONG,400,44,,,{'id': 124117}
1199278442,LONG,155600,3,,,{'id': 111595}
1199278448,LONG,6749000,1,,,{'id': 67229}
1199278466,LONG,3900,9,,,{'id': 5465}
1199278478,LONG,200,9,,,{'id': 1288}
1199278486,LONG,3100000,70,,,{'id': 94289}
1199278497,LONG,232600,13,,,{'id': 2675}
1199278519,LONG,9900,8,,,{'id': 2674}
1199278561,LONG,8700,8,,,{'id': 109134}
1199278570,LONG,75500,72,,,{'id': 74248}
1199278575,LONG,1000,9,,,{'id': 124118}
1199278596,LONG,800,1,,,{'id': 3173}
1199278638,LONG,679900,3,,,{'id': 173204}
1199278737,LONG,120000,1,,,{'id': 74842}
1199278745,LONG,5000,1,,,{'id': 109135}
1199278826,LONG,700000,10,,,{'id': 72103}
1199278873,LONG,48900,2,,,{'id': 62791}
1199278883,LONG,320000,4,,,{'id': 62784}
1199278951,LONG,20000,12,,,{'id': 72237}
1199278965,LONG,550000,7,,,{'id': 89639}
1199278977,LONG,2250000,3,,,{'id': 72235}
1199278990,LONG,65000,29,,,{'id': 79010}
1199279079,LONG,,1,112900,,"{'id': 82180, 'context': 0, 'bonus_lists': [6654, 1713], 'modifiers': [{'type': 9, 'value': 41}, {'type': 28, 'value': 1757}]}"
1199281105,LONG,,1,192600,,"{'id': 82121, 'context': 0, 'bonus_lists': [6655, 1707], 'modifiers': [{'type': 9, 'value': 40}, {'type': 28, 'value': 1757}]}"
1199281140,LONG,,1,4862300,,"{'id': 82194, 'context': 0, 'bonus_lists': [6654, 1705], 'modifiers': [{'type': 9, 'value': 38}, {'type': 28, 'value': 1757}]}"
1199281160,LONG,,1,500000,,"{'id': 82207, 'context': 0, 'bonus_lists': [6654, 1705], 'modifiers': [{'type': 9, 'value': 38}, {'type': 28, 'value': 1757}]}"
1199281189,LONG,,1,4324400,,"{'id': 82067, 'context': 0, 'bonus_lists': [6654, 1699], 'modifiers': [{'type': 9, 'value': 39}, {'type': 28, 'value': 1757}]}"
1199281209,LONG,,1,973400,,"{'id': 82049, 'context': 0, 'bonus_lists': [6655, 1713], 'modifiers': [{'type': 9, 'value': 37}, {'type': 28, 'value': 1757}]}"
1199281439,LONG,10000,1,,,{'id': 1210}
1199281492,LONG,650000,7,,,{'id': 108336}
1199281565,LONG,11500,1,,,{'id': 7067}
1199281582,LONG,,1,2003300,,"{'id': 175546, 'context': 0, 'bonus_lists': [6907, 1686], 'modifiers': [{'type': 9, 'value': 60}, {'type': 28, 'value': 1707}]}"
1199281611,LONG,223400,3,,,{'id': 3818}
1199281616,LONG,,1,1001700,,"{'id': 175544, 'context': 0, 'bonus_lists': [6907, 1696], 'modifiers': [{'type': 9, 'value': 60}, {'type': 28, 'value': 1707}]}"
1199281637,LONG,7500,12,,,{'id': 17056}
1199281721,LONG,360000,4,,,{'id': 37921}
1199281750,LONG,70000,1,,,{'id': 62778}
1199281806,LONG,1310000,7,,,{'id': 108338}
1199281840,LONG,50000,1,,,{'id': 37704}
1199281873,LONG,3900,3,,,{'id': 3667}
1199281928,LONG,779000,1,,,{'id': 4232}
1199281947,LONG,94800,1,,,{'id': 74861}
1199281983,LONG,19000,2,,,{'id': 8171}
1199282000,LONG,39100,79,,,{'id': 108339}
1199282019,LONG,100000,8,,,{'id': 8154}
1199282062,LONG,2289200,2,,,{'id': 35557}
1199282086,LONG,1284800,10,,,{'id': 120150}
1199284128,LONG,50500,1,,,{'id': 37091}
1199284206,LONG,2800000,6,,,{'id': 34752}
1199284226,LONG,1549800,10,,,{'id': 34751}
1199284282,LONG,2001900,18,,,{'id': 74654}
1199284528,LONG,,1,602300,,"{'id': 36423, 'context': 27, 'bonus_lists': [1706, 3839], 'modifiers': [{'type': 9, 'value': 26}]}"
1199284542,LONG,10000,20,,,{'id': 8544}
1199286939,LONG,,1,1000000,,"{'id': 173247, 'context': 63, 'bonus_lists': [6716, 1487]}"
1199292561,LONG,150000,1,,,{'id': 36923}
1199292586,LONG,80000,2,,,{'id': 2775}
1199292606,LONG,139900,2,,,{'id': 25707}
1199292634,LONG,1500,1,,,{'id': 1705}
1199292660,LONG,100000,1,,,{'id': 15412}
1199292690,LONG,779000,1,,,{'id': 4232}
1199292697,LONG,800,2,,,{'id': 1468}
1199292731,LONG,100100,3,,,{'id': 7286}
1199292736,LONG,17700,84,,,{'id': 25649}
1199292748,LONG,110000,10,,,{'id': 2319}
1199292753,LONG,230000,2,,,{'id': 7911}
1199292795,LONG,145000,3,,,{'id': 2776}
1199292812,LONG,40000,2,,,{'id': 783}
1199292839,LONG,50000,41,,,{'id': 3858}
1199293021,LONG,,1,1595300,,"{'id': 81991, 'context': 0, 'bonus_lists': [6654, 1700], 'modifiers': [{'type': 9, 'value': 21}, {'type': 28, 'value': 1754}]}"
1199293078,LONG,,1,3500000,,"{'id': 175548, 'context': 0, 'bonus_lists': [6907, 1690], 'modifiers': [{'type': 9, 'value': 58}, {'type': 28, 'value': 1707}]}"
1199293092,LONG,,1,42000,,"{'id': 25300, 'context': 0, 'bonus_lists': [6655, 1693], 'modifiers': [{'type': 9, 'value': 30}, {'type': 28, 'value': 39}]}"
1199294122,LONG,400,16,,,{'id': 124117}
1199294144,LONG,1091700,1,,,{'id': 154122}
1199294165,LONG,,1,400000,,"{'id': 47653, 'context': 0, 'modifiers': [{'type': 28, 'value': 1021}]}"
1199294168,LONG,,1,400000,,"{'id': 47653, 'context': 0, 'modifiers': [{'type': 28, 'value': 622}]}"
1199294174,LONG,27500,6,,,{'id': 153701}
1199294193,LONG,26500,1,,,{'id': 153700}
1199294214,LONG,703300,2,,,{'id': 154123}
1199294233,LONG,1100,11,,,{'id': 74837}
1199294256,LONG,4500,6,,,{'id': 74833}
1199294283,LONG,108700,1,,,{'id': 10938}
1199294297,LONG,53400,1,,,{'id': 154121}
1199294334,LONG,20000,4,,,{'id': 53072}
1199294341,LONG,,1,35134300,,"{'id': 2277, 'context': 0}"
1199294345,LONG,45500,2,,,{'id': 153704}
1199294346,LONG,,1,25894600,,"{'id': 13059, 'context': 0}"
1199294352,LONG,,1,21096100,,"{'id': 14453, 'context': 0}"
1199294355,LONG,30000,3,,,{'id': 153703}
1199294361,LONG,,1,6909300,,"{'id': 82800, 'context': 0, 'modifiers': [{'type': 6, 'value': 79641}], 'pet_breed_id': 8, 'pet_level': 1, 'pet_quality_id': 3, 'pet_species_id': 2084}"
1199294373,LONG,10000,1,,,{'id': 74839}
1199294390,LONG,420000,1,,,{'id': 154124}
1199294431,LONG,27500,2,,,{'id': 53071}
1199294444,LONG,30000,4,,,{'id': 75014}
1199294462,LONG,100,29,,,{'id': 124438}
1199294482,LONG,250000,3,,,{'id': 53069}
1199294501,LONG,39200,3,,,{'id': 62781}
1199294569,LONG,220000,35,,,{'id': 62779}
1199294735,LONG,100000,3,,,{'id': 173110}
1199294761,LONG,20000,21,,,{'id': 72237}
1199296899,LONG,,1,260004300,,"{'id': 116691, 'context': 11, 'modifiers': [{'type': 28, 'value': 296}]}"
1199296902,LONG,,1,260004300,,"{'id': 116691, 'context': 11, 'modifiers': [{'type': 28, 'value': 296}]}"
1199296968,LONG,1800000,1,,,{'id': 128314}
1199296985,LONG,,1,800100,,"{'id': 128316, 'context': 31, 'modifiers': [{'type': 28, 'value': 176}]}"
1199297060,LONG,,1,16000000,,"{'id': 21277, 'context': 11, 'modifiers': [{'type': 28, 'value': 391}]}"
1199297067,LONG,1746800,1,,,{'id': 172936}
1199298102,LONG,,1,600000,,"{'id': 21309, 'context': 11, 'modifiers': [{'type': 28, 'value': 420}]}"
1199298154,LONG,,1,19000000,,"{'id': 164344, 'context': 11, 'modifiers': [{'type': 28, 'value': 645}]}"
1199298281,LONG,,1,1300000,,"{'id': 21371, 'context': 0, 'modifiers': [{'type': 28, 'value': 1004}]}"
1199298311,LONG,,1,450000,,"{'id': 13009, 'context': 0, 'bonus_lists': [6658], 'modifiers': [{'type': 9, 'value': 30}, {'type': 28, 'value': 1004}]}"
1199298340,LONG,,1,320000,,"{'id': 14494, 'context': 1, 'modifiers': [{'type': 28, 'value': 205}]}"
1199298455,LONG,,1,990000,,"{'id': 32751, 'context': 0}"
1199298467,LONG,100,10,,,{'id': 3371}
1199298489,LONG,9700,11,,,{'id': 178217}
1199298496,LONG,29700,2,,,{'id': 154888}
1199298497,LONG,,1,55000000,,"{'id': 37697, 'context': 2}"
1199298520,LONG,,1,400000,,"{'id': 9402, 'context': 0}"
1199298590,LONG,,1,9500000,,"{'id': 37117, 'context': 2, 'bonus_lists': [4196], 'modifiers': [{'type': 9, 'value': 50}]}"
1199298627,LONG,,1,850000,,"{'id': 120166, 'context': 1, 'bonus_lists': [3998], 'modifiers': [{'type': 9, 'value': 25}]}"
1199298629,LONG,220000,1,,,{'id': 180318}
1199298631,LONG,9500,4,,,{'id': 180430}
1199298639,LONG,,1,8000000,,"{'id': 82800, 'context': 0, 'modifiers': [{'type': 6, 'value': 88059}], 'pet_breed_id': 5, 'pet_level': 1, 'pet_quality_id': 3, 'pet_species_id': 2467}"
1199298693,LONG,,1,350000,,"{'id': 93585, 'context': 1}"
1199298760,LONG,,1,50009700,,"{'id': 173248, 'context': 63, 'bonus_lists': [6716, 7193, 1487]}"
1199298777,LONG,,1,500000,,"{'id': 93477, 'context': 1}"
1199298845,LONG,,1,23000000,,"{'id': 90717, 'context': 0, 'bonus_lists': [4209], 'modifiers': [{'type': 9, 'value': 35}]}"
1199298888,LONG,,1,500000,,"{'id': 93568, 'context': 0}"
1199298953,LONG,,1,700000,,"{'id': 71365, 'context': 5}"
1199298991,LONG,,1,19000000,,"{'id': 69972, 'context': 5}"
1199299041,LONG,,1,13500000,,"{'id': 82800, 'context': 0, 'modifiers': [{'type': 6, 'value': 90177}], 'pet_breed_id': 7, 'pet_level': 1, 'pet_quality_id': 3, 'pet_species_id': 2554}"
1199299081,LONG,,1,47500000,,"{'id': 82800, 'context': 0, 'modifiers': [{'type': 6, 'value': 88017}], 'pet_breed_id': 5, 'pet_level': 1, 'pet_quality_id': 3, 'pet_species_id': 2462}"
1199300113,LONG,,1,55000000,,"{'id': 82800, 'context': 0, 'modifiers': [{'type': 6, 'value': 80954}], 'pet_breed_id': 18, 'pet_level': 1, 'pet_quality_id': 3, 'pet_species_id': 2567}"
1199300155,LONG,,1,1700000,,"{'id': 82800, 'context': 0, 'modifiers': [{'type': 6, 'value': 80966}], 'pet_breed_id': 11, 'pet_level': 1, 'pet_quality_id': 3, 'pet_species_id': 2556}"
1199300193,LONG,,1,800000,,"{'id': 82800, 'context': 0, 'modifiers': [{'type': 6, 'value': 81098}], 'pet_breed_id': 6, 'pet_level': 1, 'pet_quality_id': 3, 'pet_species_id': 2472}"
1199300259,LONG,,1,650000,,"{'id': 30283, 'context': 0, 'modifiers': [{'type': 28, 'value': 1012}]}"
1199300262,LONG,,1,650000,,"{'id': 30283, 'context': 0}"
1199300342,LONG,,1,7200000,,"{'id': 69876, 'context': 0, 'bonus_lists': [4205], 'modifiers': [{'type': 9, 'value': 35}]}"
1199300412,LONG,,1,380000,,"{'id': 32753, 'context': 3}"
1199300577,LONG,,1,13500000,,"{'id': 52373, 'context': 0}"
1199300598,LONG,,1,400000000,,"{'id': 172319, 'context': 65, 'bonus_lists': [6718, 1522]}"
1199300601,LONG,,1,400000000,,"{'id': 172319, 'context': 65, 'bonus_lists': [6718, 1522]}"
1199300603,LONG,,1,400000000,,"{'id': 172319, 'context': 65, 'bonus_lists': [6718, 1522]}"
1199300606,LONG,,1,400000000,,"{'id': 172319, 'context': 65, 'bonus_lists': [6718, 1522]}"
1199300608,LONG,,1,400000000,,"{'id': 172319, 'context': 65, 'bonus_lists': [6718, 1522]}"
1199300611,LONG,,1,400000000,,"{'id': 172319, 'context': 65, 'bonus_lists': [6718, 1522]}"
1199300717,LONG,,1,1240000000,,"{'id': 172319, 'context': 66, 'bonus_lists': [6758, 1532]}"
1199300718,LONG,,1,1240000000,,"{'id': 172319, 'context': 66, 'bonus_lists': [6758, 1532]}"
1199300758,LONG,,1,6400000,,"{'id': 82800, 'context': 0, 'modifiers': [{'type': 6, 'value': 88001}], 'pet_breed_id': 21, 'pet_level': 1, 'pet_quality_id': 3, 'pet_species_id': 2447}"
1199300816,LONG,,1,12600000,,"{'id': 82800, 'context': 0, 'modifiers': [{'type': 6, 'value': 88002}], 'pet_breed_id': 9, 'pet_level': 1, 'pet_quality_id': 3, 'pet_species_id': 2448}"
1199300873,LONG,,1,1900000,,"{'id': 127748, 'context': 31}"
1199300875,LONG,,1,1900000,,"{'id': 127748, 'context': 31}"
1199300879,LONG,,1,1900000,,"{'id': 127748, 'context': 31}"
1199300975,LONG,,1,21400000,,"{'id': 82800, 'context': 0, 'modifiers': [{'type': 6, 'value': 88003}], 'pet_breed_id': 7, 'pet_level': 1, 'pet_quality_id': 3, 'pet_species_id': 2452}"
1199301008,LONG,,1,13000000,,"{'id': 82800, 'context': 0, 'modifiers': [{'type': 6, 'value': 88040}], 'pet_breed_id': 14, 'pet_level': 1, 'pet_quality_id': 2, 'pet_species_id': 2464}"
1199301041,LONG,,1,1600000,,"{'id': 32747, 'context': 3}"
1199301065,LONG,20000,14,,,{'id': 10620}
1199301096,LONG,877500,18,,,{'id': 35622}
1199303123,LONG,,1,13000000,,"{'id': 82800, 'context': 0, 'modifiers': [{'type': 6, 'value': 90745}], 'pet_breed_id': 6, 'pet_level': 1, 'pet_quality_id': 3, 'pet_species_id': 2587}"
1199303268,LONG,199900,22,,,{'id': 37703}
1199303290,LONG,2500000,12,,,{'id': 36910}
1199303304,LONG,139900,4,,,{'id': 37702}
1199303332,LONG,1949800,50,,,{'id': 36860}
1199303354,LONG,302900,127,,,{'id': 52325}
1199303393,LONG,679900,50,,,{'id': 35627}
1199303408,LONG,120000,17,,,{'id': 37700}
1199303425,LONG,6059800,6,,,{'id': 4236}
1199303439,LONG,50000,30,,,{'id': 37705}
1199303446,LONG,412400,53,,,{'id': 52326}
1199303526,LONG,110000,268,,,{'id': 2319}
1199303545,LONG,480000,3,,,{'id': 4233}
1199303555,LONG,100000,13,,,{'id': 8169}
1199303575,LONG,779000,17,,,{'id': 4232}
1199303588,LONG,,1,480000,,"{'id': 86284, 'context': 0}"
1199303589,LONG,19000,4,,,{'id': 8171}
1199303659,LONG,,1,700000,,"{'id': 87509, 'context': 0}"
1199303711,LONG,,1,285000000,,"{'id': 82800, 'context': 0, 'modifiers': [{'type': 6, 'value': 88619}], 'pet_breed_id': 17, 'pet_level': 1, 'pet_quality_id': 3, 'pet_species_id': 2701}"
1199303740,LONG,95000,3,,,{'id': 152512}
1199303756,LONG,,1,9600000,,"{'id': 82800, 'context': 0, 'modifiers': [{'type': 6, 'value': 75367}], 'pet_breed_id': 19, 'pet_level': 1, 'pet_quality_id': 2, 'pet_species_id': 2684}"
1199303759,LONG,,1,9600000,,"{'id': 82800, 'context': 0, 'modifiers': [{'type': 6, 'value': 75368}], 'pet_breed_id': 22, 'pet_level': 1, 'pet_quality_id': 2, 'pet_species_id': 2684}"
1199303761,LONG,178800,126,,,{'id': 4234}
1199303764,LONG,,1,9600000,,"{'id': 82800, 'context': 0, 'modifiers': [{'type': 6, 'value': 75370}], 'pet_breed_id': 6, 'pet_level': 1, 'pet_quality_id': 2, 'pet_species_id': 2684}"
1199303814,LONG,1509400,20,,,{'id': 4235}
1199306420,LONG,,1,999999900,,"{'id': 184804, 'context': 0, 'bonus_lists': [6652, 1472, 6646], 'modifiers': [{'type': 28, 'value': 2060}]}"
1199306489,LONG,,1,465559800,,"{'id': 182982, 'context': 3, 'bonus_lists': [7189, 6652, 7194, 1472, 6646], 'modifiers': [{'type': 28, 'value': 751}]}"
1199306516,LONG,1405100,10,,,{'id': 171274}
1199306529,LONG,1167500,1,,,{'id': 171269}
1199306545,LONG,9450000,6,,,{'id': 181468}
1199306576,LONG,8375400,5,,,{'id': 180317}
1199306597,LONG,47000,2,,,{'id': 152497}
1199306680,LONG,,1,450000000,,"{'id': 151645, 'context': 11}"
1199306754,LONG,,1,330000,,"{'id': 82800, 'context': 0, 'modifiers': [{'type': 6, 'value': 61887}], 'pet_breed_id': 20, 'pet_level': 1, 'pet_quality_id': 3, 'pet_species_id': 1623}"
1199306757,LONG,148900,2,,,{'id': 153487}
1199306766,LONG,1200,52,,,{'id': 21877}
1199306804,LONG,,1,3200000,,"{'id': 72010, 'context': 0}"
1199306808,LONG,,1,233000000,,"{'id': 82800, 'context': 0, 'modifiers': [{'type': 6, 'value': 95582}], 'pet_breed_id': 8, 'pet_level': 1, 'pet_quality_id': 2, 'pet_species_id': 2914}"
1199306828,LONG,,1,97500000,,"{'id': 82800, 'context': 0, 'pet_breed_id': 19, 'pet_level': 1, 'pet_quality_id': 2, 'pet_species_id': 3045}"
1199306850,LONG,,1,19000000,,"{'id': 82800, 'context': 0, 'modifiers': [{'type': 6, 'value': 88034}], 'pet_breed_id': 11, 'pet_level': 1, 'pet_quality_id': 3, 'pet_species_id': 2461}"
1199306879,LONG,,1,25804000,,"{'id': 82800, 'context': 0, 'modifiers': [{'type': 6, 'value': 47931}], 'pet_breed_id': 17, 'pet_level': 1, 'pet_quality_id': 3, 'pet_species_id': 1478}"
1199306890,LONG,,1,274300,,"{'id': 82800, 'context': 0, 'modifiers': [{'type': 6, 'value': 90184}], 'pet_breed_id': 9, 'pet_level': 1, 'pet_quality_id': 3, 'pet_species_id': 2561}"
1199306907,LONG,,1,27000000,,"{'id': 82800, 'context': 0, 'modifiers': [{'type': 6, 'value': 88000}], 'pet_breed_id': 12, 'pet_level': 1, 'pet_quality_id': 3, 'pet_species_id': 2446}"
1199306966,LONG,,1,1900000,,"{'id': 16251, 'context': 0, 'modifiers': [{'type': 28, 'value': 1007}]}"
1199306978,LONG,,1,1904600,,"{'id': 16817, 'context': 0}"
1199307008,LONG,90000,1,,,{'id': 154990}
1199307043,LONG,,1,2500000,,"{'id': 45094, 'context': 3, 'modifiers': [{'type': 28, 'value': 1020}]}"
1199307085,LONG,,1,6400000,,"{'id': 45105, 'context': 3, 'modifiers': [{'type': 28, 'value': 1020}]}"
1199309152,LONG,,1,2001100,,"{'id': 177783, 'context': 2, 'bonus_lists': [6907, 6652, 7194, 1688], 'modifiers': [{'type': 9, 'value': 60}, {'type': 28, 'value': 748}]}"
1199309172,LONG,,1,4300000,,"{'id': 45704, 'context': 3, 'modifiers': [{'type': 28, 'value': 1020}]}"
1199309231,LONG,,1,804200,,"{'id': 175563, 'context': 23, 'bonus_lists': [6907, 1708], 'modifiers': [{'type': 9, 'value': 60}, {'type': 28, 'value': 749}]}"
1199309299,LONG,,1,993000,,"{'id': 177781, 'context': 0, 'bonus_lists': [6907, 6652, 1717], 'modifiers': [{'type': 9, 'value': 60}, {'type': 28, 'value': 1707}]}"
1199309341,LONG,,1,400000,,"{'id': 47642, 'context': 0, 'modifiers': [{'type': 28, 'value': 1988}]}"
1199309426,LONG,,1,1800000,,"{'id': 47646, 'context': 0, 'modifiers': [{'type': 28, 'value': 1988}]}"
1199309432,LONG,,1,1800000,,"{'id': 47646, 'context': 0, 'modifiers': [{'type': 28, 'value': 1988}]}"
1199309482,LONG,,1,1600000,,"{'id': 45709, 'context': 3, 'modifiers': [{'type': 28, 'value': 1020}]}"
1199309527,LONG,350000,1,,,{'id': 31892}
1199309559,LONG,300000,1,,,{'id': 19235}
1199309592,LONG,29900,4,,,{'id': 172054}
1199309612,LONG,,1,3400000,,"{'id': 69796, 'context': 2, 'bonus_lists': [4236], 'modifiers': [{'type': 9, 'value': 35}, {'type': 28, 'value': 1111}]}"
1199309648,LONG,,1,3400000,,"{'id': 11027, 'context': 1, 'modifiers': [{'type': 28, 'value': 208}]}"
1199309706,LONG,,1,45000000,,"{'id': 37698, 'context': 2, 'modifiers': [{'type': 28, 'value': 1095}]}"
1199309739,LONG,,1,3900000,,"{'id': 45089, 'context': 3, 'modifiers': [{'type': 28, 'value': 1020}]}"
1199309756,LONG,,1,450000,,"{'id': 16048, 'context': 1, 'modifiers': [{'type': 28, 'value': 201}]}"
1199309878,LONG,,1,42000000,,"{'id': 18661, 'context': 1, 'modifiers': [{'type': 28, 'value': 201}]}"
1199309938,LONG,,1,700000,,"{'id': 21945, 'context': 1, 'modifiers': [{'type': 28, 'value': 214}]}"
1199309980,LONG,,1,14000000,,"{'id': 82800, 'context': 0, 'modifiers': [{'type': 6, 'value': 61898}], 'pet_breed_id': 3, 'pet_level': 1, 'pet_quality_id': 3, 'pet_species_id': 1634}"
1199310007,LONG,,1,1500000,,"{'id': 7453, 'context': 1, 'modifiers': [{'type': 28, 'value': 217}]}"
1199312225,LONG,,1,3200000,,"{'id': 47652, 'context': 0, 'modifiers': [{'type': 28, 'value': 1988}]}"
1199312286,LONG,,1,1200000,,"{'id': 45104, 'context': 3, 'modifiers': [{'type': 28, 'value': 1020}]}"
1199312329,LONG,,1,1400000,,"{'id': 17722, 'context': 11, 'modifiers': [{'type': 28, 'value': 420}]}"
1199312356,LONG,,1,600000,,"{'id': 21305, 'context': 11, 'modifiers': [{'type': 28, 'value': 420}]}"
1199312390,LONG,,1,7500000,,"{'id': 18231, 'context': 7}"
1199312424,LONG,,1,2900000,,"{'id': 11207, 'context': 1, 'modifiers': [{'type': 28, 'value': 201}]}"
1199312442,LONG,29900,3,,,{'id': 172054}
1199312542,LONG,,1,6400000,,"{'id': 118332, 'context': 2, 'modifiers': [{'type': 28, 'value': 1143}]}"
1199312569,LONG,,1,700000000,,"{'id': 183035, 'context': 5, 'bonus_lists': [7188, 6652, 7193, 1485, 6646], 'modifiers': [{'type': 28, 'value': 752}]}"
1199312672,LONG,,1,2001100,,"{'id': 177783, 'context': 0, 'bonus_lists': [6907, 6652, 7194, 1701], 'modifiers': [{'type': 9, 'value': 60}, {'type': 28, 'value': 1707}]}"
1199312697,LONG,,1,1200000,,"{'id': 177806, 'context': 0, 'bonus_lists': [6908, 6652, 1680], 'modifiers': [{'type': 9, 'value': 60}, {'type': 28, 'value': 1707}]}"
1199312698,LONG,,1,272220000,,"{'id': 82800, 'context': 0, 'modifiers': [{'type': 6, 'value': 38134}], 'pet_breed_id': 3, 'pet_level': 25, 'pet_quality_id': 3, 'pet_species_id': 308}"
1199312709,LONG,,1,750000,,"{'id': 178946, 'context': 0, 'bonus_lists': [6908, 6652, 1694], 'modifiers': [{'type': 9, 'value': 60}, {'type': 28, 'value': 1707}]}"
1199312722,LONG,,1,800000000,,"{'id': 183031, 'context': 5, 'bonus_lists': [7188, 6652, 7193, 1485, 6646], 'modifiers': [{'type': 28, 'value': 752}]}"
1199312777,LONG,,1,222229700,,"{'id': 82800, 'context': 0, 'modifiers': [{'type': 6, 'value': 15381}], 'pet_breed_id': 7, 'pet_level': 25, 'pet_quality_id': 3, 'pet_species_id': 338}"
1199312804,LONG,,1,242220000,,"{'id': 82800, 'context': 0, 'modifiers': [{'type': 6, 'value': 17192}], 'pet_breed_id': 12, 'pet_level': 25, 'pet_quality_id': 3, 'pet_species_id': 339}"
1199312809,LONG,,1,8000000,,"{'id': 152878, 'context': 13}"
1199312812,LONG,,1,8000000,,"{'id': 152878, 'context': 13}"
1199312814,LONG,,1,8000000,,"{'id': 152878, 'context': 13}"
1199312816,LONG,,1,8000000,,"{'id': 152878, 'context': 13}"
1199312821,LONG,,1,8000000,,"{'id': 152878, 'context': 13}"
1199312828,LONG,,1,8000000,,"{'id': 152878, 'context': 13}"
1199312871,LONG,,1,122111400,,"{'id': 82800, 'context': 0, 'modifiers': [{'type': 6, 'value': 48055}], 'pet_breed_id': 20, 'pet_level': 25, 'pet_quality_id': 3, 'pet_species_id': 1211}"
1199312896,LONG,,1,143223100,,"{'id': 82800, 'context': 0, 'modifiers': [{'type': 6, 'value': 38455}], 'pet_breed_id': 3, 'pet_level': 25, 'pet_quality_id': 3, 'pet_species_id': 317}"
1199312956,LONG,,1,30000000,,"{'id': 87496, 'context': 6, 'bonus_lists': [6658], 'modifiers': [{'type': 9, 'value': 35}, {'type': 28, 'value': 1036}]}"
1199312972,LONG,19300,32,,,{'id': 152544}
1199312982,LONG,10000,29,,,{'id': 152543}
1199312991,LONG,,1,14252300,,"{'id': 82800, 'context': 0, 'modifiers': [{'type': 6, 'value': 65071}], 'pet_breed_id': 7, 'pet_level': 1, 'pet_quality_id': 3, 'pet_species_id': 1705}"
1199313000,LONG,,1,16245900,,"{'id': 82800, 'context': 0, 'modifiers': [{'type': 6, 'value': 87862}], 'pet_breed_id': 13, 'pet_level': 1, 'pet_quality_id': 3, 'pet_species_id': 2432}"
1199313009,LONG,,1,19999100,,"{'id': 82800, 'context': 0, 'modifiers': [{'type': 6, 'value': 16880}], 'pet_breed_id': 15, 'pet_level': 1, 'pet_quality_id': 3, 'pet_species_id': 2441}"
1199313017,LONG,,1,33350700,,"{'id': 82800, 'context': 0, 'modifiers': [{'type': 6, 'value': 43868}], 'pet_breed_id': 3, 'pet_level': 5, 'pet_quality_id': 2, 'pet_species_id': 792}"
1199313029,LONG,,1,78500200,,"{'id': 82800, 'context': 0, 'modifiers': [{'type': 6, 'value': 48705}], 'pet_breed_id': 7, 'pet_level': 1, 'pet_quality_id': 3, 'pet_species_id': 1244}"
1199313052,LONG,,1,59890000,,"{'id': 82800, 'context': 0, 'modifiers': [{'type': 6, 'value': 50613}], 'pet_breed_id': 8, 'pet_level': 1, 'pet_quality_id': 3, 'pet_species_id': 2702}"
1199313057,LONG,,1,13080600,,"{'id': 82800, 'context': 0, 'modifiers': [{'type': 6, 'value': 73671}], 'pet_breed_id': 4, 'pet_level': 1, 'pet_quality_id': 3, 'pet_species_id': 1955}"
1199313070,LONG,,1,11110800,,"{'id': 82800, 'context': 0, 'modifiers': [{'type': 6, 'value': 47859}], 'pet_breed_id': 12, 'pet_level': 1, 'pet_quality_id': 3, 'pet_species_id': 2582}"
1199313078,LONG,,1,902200,,"{'id': 178947, 'context': 0, 'bonus_lists': [6908, 6652, 1679], 'modifiers': [{'type': 9, 'value': 60}, {'type': 28, 'value': 1707}]}"
1199313079,LONG,,1,34000000,,"{'id': 78886, 'context': 0, 'modifiers': [{'type': 28, 'value': 1030}]}"
1199313096,LONG,,1,740000200,,"{'id': 147038, 'context': 5, 'bonus_lists': [3562, 1472, 3528], 'modifiers': [{'type': 28, 'value': 498}]}"
1199315107,LONG,,1,236000000,,"{'id': 82800, 'context': 0, 'modifiers': [{'type': 6, 'value': 71945}], 'pet_breed_id': 7, 'pet_level': 1, 'pet_quality_id': 3, 'pet_species_id': 1723}"
1199315110,LONG,,1,162223300,,"{'id': 82800, 'context': 0, 'modifiers': [{'type': 6, 'value': 58547}], 'pet_breed_id': 18, 'pet_level': 25, 'pet_quality_id': 3, 'pet_species_id': 1450}"
1199315116,LONG,,1,55758000,,"{'id': 82800, 'context': 0, 'modifiers': [{'type': 6, 'value': 87903}], 'pet_breed_id': 3, 'pet_level': 1, 'pet_quality_id': 3, 'pet_species_id': 2437}"
1199315128,LONG,,1,154953000,,"{'id': 129956, 'context': 13, 'bonus_lists': [6835]}"
1199315131,LONG,,1,154953000,,"{'id': 129956, 'context': 13, 'bonus_lists': [6835]}"
1199315136,LONG,,1,6960000,,"{'id': 82800, 'context': 0, 'modifiers': [{'type': 6, 'value': 99917}], 'pet_breed_id': 15, 'pet_level': 1, 'pet_quality_id': 2, 'pet_species_id': 3008}"
1199315143,LONG,,1,1399900,,"{'id': 25065, 'context': 0, 'bonus_lists': [6654, 1680], 'modifiers': [{'type': 9, 'value': 30}, {'type': 28, 'value': 40}]}"
1199315144,LONG,,1,35008000,,"{'id': 82800, 'context': 0, 'modifiers': [{'type': 6, 'value': 81984}], 'pet_breed_id': 3, 'pet_level': 1, 'pet_quality_id': 3, 'pet_species_id': 2157}"
1199315164,LONG,,1,309400,,"{'id': 25051, 'context': 0, 'bonus_lists': [6654, 1677], 'modifiers': [{'type': 9, 'value': 30}, {'type': 28, 'value': 40}]}"
1199315176,LONG,,1,857500,,"{'id': 24958, 'context': 0, 'bonus_lists': [6654, 1705], 'modifiers': [{'type': 9, 'value': 30}, {'type': 28, 'value': 40}]}"
1199315183,LONG,,1,5009800,,"{'id': 176972, 'context': 0, 'bonus_lists': [6907, 6652, 1717], 'modifiers': [{'type': 9, 'value': 60}, {'type': 28, 'value': 1707}]}"
1199315188,LONG,,1,6603400,,"{'id': 24953, 'context': 0, 'bonus_lists': [6654, 1677], 'modifiers': [{'type': 9, 'value': 30}, {'type': 28, 'value': 40}]}"
1199315197,LONG,,1,900000,,"{'id': 177801, 'context': 0, 'bonus_lists': [6908, 6652, 1700], 'modifiers': [{'type': 9, 'value': 60}, {'type': 28, 'value': 2060}]}"
1199315199,LONG,,1,774300,,"{'id': 24860, 'context': 0, 'bonus_lists': [6654, 1707], 'modifiers': [{'type': 9, 'value': 30}, {'type': 28, 'value': 40}]}"
1199315209,LONG,,1,665600,,"{'id': 180487, 'context': 0, 'bonus_lists': [6908, 6935], 'modifiers': [{'type': 9, 'value': 60}, {'type': 28, 'value': 2060}]}"
1199315231,LONG,,1,2500000,,"{'id': 177790, 'context': 0, 'bonus_lists': [6907, 6652, 1700], 'modifiers': [{'type': 9, 'value': 60}, {'type': 28, 'value': 2060}]}"
1199315287,LONG,,1,1000000,,"{'id': 177808, 'context': 0, 'bonus_lists': [6908, 6652, 1713], 'modifiers': [{'type': 9, 'value': 60}, {'type': 28, 'value': 2060}]}"
1199315298,LONG,,1,1200000,,"{'id': 24654, 'context': 0, 'bonus_lists': [6654, 1677], 'modifiers': [{'type': 9, 'value': 30}, {'type': 28, 'value': 40}]}"
1199315344,LONG,249900,6,,,{'id': 173035}
1199315360,LONG,9800,21,,,{'id': 173032}
1199315473,LONG,48500,2,,,{'id': 23439}
1199315478,LONG,29900,1,,,{'id': 172054}
1199315552,LONG,25000000,1,,,{'id': 23077}
1199317860,LONG,,1,4500000,,"{'id': 4345, 'context': 1, 'modifiers': [{'type': 28, 'value': 213}]}"
1199317893,LONG,,1,1900000,,"{'id': 82800, 'context': 0, 'modifiers': [{'type': 6, 'value': 23574}], 'pet_breed_id': 5, 'pet_level': 1, 'pet_quality_id': 3, 'pet_species_id': 175}"
1199317941,LONG,,1,20000000,,"{'id': 172327, 'context': 63, 'bonus_lists': [6716, 1487]}"
1199317957,LONG,,1,20000000,,"{'id': 172327, 'context': 63, 'bonus_lists': [6716, 1487]}"
1199317985,LONG,,1,20000000,,"{'id': 172327, 'context': 63, 'bonus_lists': [6716, 1487]}"
1199320122,LONG,,1,800000000,,"{'id': 172327, 'context': 64, 'bonus_lists': [6717, 1507]}"
1199320191,LONG,,1,800000000,,"{'id': 172327, 'context': 64, 'bonus_lists': [6717, 1507]}"
1199320339,LONG,,1,1400000000,,"{'id': 172327, 'context': 65, 'bonus_lists': [6718, 1522]}"
1199320403,LONG,,1,1400000000,,"{'id': 172327, 'context': 65, 'bonus_lists': [6718, 1522]}"
1199324197,LONG,21200,10,,,{'id': 113261}
1199324209,LONG,,1,990100,,"{'id': 21301, 'context': 11}"
1199324266,LONG,100000,2,,,{'id': 173110}
1199324277,LONG,60000,3,,,{'id': 173108}
1199324288,LONG,40000,1,,,{'id': 12808}
1199324323,LONG,,1,450600,,"{'id': 7085, 'context': 1, 'modifiers': [{'type': 28, 'value': 214}]}"
1199324355,LONG,,1,18348700,,"{'id': 45099, 'context': 3}"
1199324372,LONG,,1,11737500,,"{'id': 17706, 'context': 11}"
1199324392,LONG,5009900,2,,,{'id': 12811}
1199324421,LONG,11000,11,,,{'id': 7972}
1199324435,LONG,477800,5,,,{'id': 168589}
1199324457,LONG,170000,2,,,{'id': 17012}
1199324478,LONG,6204500,1,,,{'id': 172097}
1199324522,LONG,54500,3,,,{'id': 172092}
1199324553,LONG,339900,4,,,{'id': 52329}
1199324563,LONG,90000,45,,,{'id': 52976}
1199324639,LONG,7700,4,,,{'id': 69237}
1199324649,LONG,,1,2303300,,"{'id': 173194, 'context': 0, 'bonus_lists': [6887], 'modifiers': [{'type': 9, 'value': 50}, {'type': 28, 'value': 391}, {'type': 29, 'value': 32}, {'type': 30, 'value': 36}]}"
1199324676,LONG,29900,1,,,{'id': 172054}
1199324949,LONG,,1,300005200,,"{'id': 104317, 'context': 11, 'modifiers': [{'type': 28, 'value': 296}]}"
1199325067,LONG,,1,300000000,,"{'id': 82800, 'context': 0, 'modifiers': [{'type': 6, 'value': 92502}], 'pet_breed_id': 16, 'pet_level': 1, 'pet_quality_id': 3, 'pet_species_id': 2766}"
1199328100,LONG,995500,33,,,{'id': 160053}
1199330122,LONG,17900,4,,,{'id': 153438}
1199330132,LONG,,1,55000000,,"{'id': 82800, 'context': 0, 'modifiers': [{'type': 6, 'value': 80954}], 'pet_breed_id': 18, 'pet_level': 1, 'pet_quality_id': 3, 'pet_species_id': 2567}"
1199330149,LONG,,1,882000000,,"{'id': 183616, 'context': 0, 'modifiers': [{'type': 28, 'value': 1401}]}"
1199330163,LONG,65400,1,,,{'id': 153440}
1199330179,LONG,3930000000,6,,,{'id': 132516}
1199330205,LONG,1240000,1,,,{'id': 76092}
1199330219,LONG,390000,8,,,{'id': 141446}
1199330235,LONG,200000,41,,,{'id': 152510}
1199330524,LONG,,1,237500000,100000000,"{'id': 126925, 'context': 14, 'modifiers': [{'type': 28, 'value': 402}]}"
1199330567,LONG,,1,300000100,249990000,"{'id': 126926, 'context': 14, 'modifiers': [{'type': 28, 'value': 402}]}"
1199330810,LONG,,1,20000000,,"{'id': 172327, 'context': 63, 'bonus_lists': [6716, 1487]}"
1199330824,LONG,,1,50000000,,"{'id': 173245, 'context': 63, 'bonus_lists': [6716, 7193, 1487]}"
1199333461,LONG,,1,250000000,,"{'id': 184778, 'context': 3, 'bonus_lists': [7189, 6652, 1472, 6646], 'modifiers': [{'type': 28, 'value': 751}]}"
1199333553,LONG,,1,400000000,,"{'id': 183031, 'context': 3, 'bonus_lists': [7189, 6652, 7193, 1472, 6646], 'modifiers': [{'type': 28, 'value': 751}]}"
1199333898,LONG,1426200,10,,,{'id': 43124}
1199333908,LONG,58800,6,,,{'id': 154882}
1199333914,LONG,480200,116,,,{'id': 129032}
1199333942,LONG,520000,17,,,{'id': 43126}
1199333959,LONG,280000,1,,,{'id': 113111}
1199333961,LONG,,1,2000000,,"{'id': 177789, 'context': 0, 'bonus_lists': [6907, 6652, 1684], 'modifiers': [{'type': 9, 'value': 60}, {'type': 28, 'value': 1707}]}"
1199333975,LONG,3261200,22,,,{'id': 43121}
1199333986,LONG,1800000,14,,,{'id': 61981}
1199333991,LONG,2800000,39,,,{'id': 43122}
1199334085,LONG,4900600,57,,,{'id': 43120}
1199334100,LONG,49600,1,,,{'id': 52179}
1199336114,LONG,50000,2,,,{'id': 52182}
1199336132,LONG,310000,3,,,{'id': 52177}
1199336143,LONG,435800,62,,,{'id': 76130}
1199336149,LONG,3900,120,,,{'id': 129100}
1199336155,LONG,1300000,5,,,{'id': 130174}
1199336179,LONG,,1,15007100,,"{'id': 81968, 'context': 0, 'bonus_lists': [6654, 1698], 'modifiers': [{'type': 9, 'value': 35}, {'type': 28, 'value': 57}]}"
1199336207,LONG,,1,5000700,,"{'id': 82009, 'context': 0, 'bonus_lists': [6655, 1681], 'modifiers': [{'type': 9, 'value': 35}, {'type': 28, 'value': 57}]}"
1199336224,LONG,,1,12003600,,"{'id': 81979, 'context': 0, 'bonus_lists': [6654, 1692], 'modifiers': [{'type': 9, 'value': 35}, {'type': 28, 'value': 57}]}"
1199336238,LONG,,1,15007100,,"{'id': 81968, 'context': 0, 'bonus_lists': [6654, 1678], 'modifiers': [{'type': 9, 'value': 35}, {'type': 28, 'value': 57}]}"
1199336239,LONG,3800000,2,,,{'id': 130179}
1199336245,LONG,251000,4,,,{'id': 32228}
1199336252,LONG,,1,15008700,,"{'id': 81984, 'context': 0, 'bonus_lists': [6654, 1692], 'modifiers': [{'type': 9, 'value': 35}, {'type': 28, 'value': 57}]}"
1199336258,LONG,89900,1,,,{'id': 23441}
1199336261,LONG,,1,502800,,"{'id': 82037, 'context': 0, 'bonus_lists': [6654, 1715], 'modifiers': [{'type': 9, 'value': 35}, {'type': 28, 'value': 57}]}"
1199336265,LONG,750000,2,,,{'id': 130178}
1199336270,LONG,,1,504600,,"{'id': 81987, 'context': 0, 'bonus_lists': [6654, 1680], 'modifiers': [{'type': 9, 'value': 35}, {'type': 28, 'value': 57}]}"
1199336278,LONG,50000,5,,,{'id': 32249}
1199336292,LONG,,1,14873900,,"{'id': 81969, 'context': 0, 'bonus_lists': [6654, 1678], 'modifiers': [{'type': 9, 'value': 35}, {'type': 28, 'value': 57}]}"
1199336301,LONG,,1,5004400,,"{'id': 82052, 'context': 0, 'bonus_lists': [6655, 1693], 'modifiers': [{'type': 9, 'value': 35}, {'type': 28, 'value': 57}]}"
1199336319,LONG,2000,20,,,{'id': 113264}
1199336320,LONG,,1,506000,,"{'id': 81995, 'context': 0, 'bonus_lists': [6654, 1680], 'modifiers': [{'type': 9, 'value': 35}, {'type': 28, 'value': 57}]}"
1199336420,LONG,,1,500000,,"{'id': 81970, 'context': 0, 'bonus_lists': [6654, 1694], 'modifiers': [{'type': 9, 'value': 35}, {'type': 28, 'value': 57}]}"
1199336423,LONG,,1,500000,,"{'id': 81970, 'context': 0, 'bonus_lists': [6654, 1705], 'modifiers': [{'type': 9, 'value': 35}, {'type': 28, 'value': 57}]}"
1199336432,LONG,,1,500000,,"{'id': 81966, 'context': 0, 'bonus_lists': [6654, 1698], 'modifiers': [{'type': 9, 'value': 35}, {'type': 28, 'value': 57}]}"
1199336442,LONG,,1,4990000,,"{'id': 82034, 'context': 0, 'bonus_lists': [6654, 1695], 'modifiers': [{'type': 9, 'value': 35}, {'type': 28, 'value': 57}]}"
1199336556,LONG,900000,4,,,{'id': 130173}
1199336570,LONG,2673400,54,,,{'id': 43118}
1199336591,LONG,104900,89,,,{'id': 76133}
1199336596,LONG,2091800,63,,,{'id': 43125}
1199336617,LONG,169800,8,,,{'id': 76140}
1199336635,LONG,2950000,11,,,{'id': 76734}
1199336703,LONG,1999700,1,,,{'id': 23436}
1199336709,LONG,8566700,1,,,{'id': 79253}
1199336719,LONG,100000,5,,,{'id': 173110}
1199336735,LONG,120000,4,,,{'id': 32227}
1199336809,LONG,180009000,1,,,{'id': 52774}
1199336849,LONG,3930000000,2,,,{'id': 32231}
1199336861,LONG,103000,112,,,{'id': 76136}
1199336868,LONG,1190600,1,,,{'id': 32230}
1199336874,LONG,68000,5,,,{'id': 90407}
1199336905,LONG,5832400,5,,,{'id': 168635}
1199336909,LONG,51000,60,,,{'id': 76135}
1199336918,LONG,1500,64,,,{'id': 113262}
1199339462,LONG,605900,58,,,{'id': 173123}
1199339465,LONG,55400,35,,,{'id': 12803}
1199339511,LONG,,1,4990000,,"{'id': 10025, 'context': 0, 'bonus_lists': [6877]}"
1199339513,LONG,,1,4990000,,"{'id': 10025, 'context': 0, 'bonus_lists': [6877]}"
1199339524,LONG,,1,9800,,"{'id': 82800, 'context': 0, 'modifiers': [{'type': 6, 'value': 99899}], 'pet_breed_id': 14, 'pet_level': 1, 'pet_quality_id': 2, 'pet_species_id': 2925}"
1199339532,LONG,,1,2401000,,"{'id': 82800, 'context': 0, 'modifiers': [{'type': 6, 'value': 59034}], 'pet_breed_id': 18, 'pet_level': 1, 'pet_quality_id': 2, 'pet_species_id': 1597}"
1199342324,LONG,260000,63,,,{'id': 74850}
1199342325,LONG,,1,2761300,,"{'id': 82800, 'context': 0, 'modifiers': [{'type': 6, 'value': 5555}], 'pet_breed_id': 3, 'pet_level': 1, 'pet_quality_id': 2, 'pet_species_id': 45}"
1199342327,LONG,4500,1200,,,{'id': 14047}
1199342331,LONG,169500,95,,,{'id': 14227}
1199342333,LONG,,1,3206900,,"{'id': 82800, 'context': 0, 'modifiers': [{'type': 6, 'value': 65630}], 'pet_breed_id': 8, 'pet_level': 1, 'pet_quality_id': 3, 'pet_species_id': 1753}"
1199342334,LONG,,1,3206900,,"{'id': 82800, 'context': 0, 'modifiers': [{'type': 6, 'value': 65630}], 'pet_breed_id': 8, 'pet_level': 1, 'pet_quality_id': 3, 'pet_species_id': 1753}"
1199342336,LONG,,1,1739900,,"{'id': 82800, 'context': 0, 'modifiers': [{'type': 6, 'value': 19600}], 'pet_breed_id': 10, 'pet_level': 1, 'pet_quality_id': 2, 'pet_species_id': 136}"
1199342340,LONG,1200,8000,,,{'id': 171840}
1199342341,LONG,1200,63,,,{'id': 171840}
1199342343,LONG,2703900,15,,,{'id': 153666}
1199342346,LONG,80000,242,,,{'id': 74849}
1199342349,LONG,,1,627200,,"{'id': 82800, 'context': 0, 'modifiers': [{'type': 6, 'value': 19986}], 'pet_breed_id': 3, 'pet_level': 1, 'pet_quality_id': 2, 'pet_species_id': 139}"
1199342354,LONG,45000,20,,,{'id': 154881}
1199342357,LONG,8900,2465,,,{'id': 172052}
1199342360,LONG,1042100,3,,,{'id': 172920}
1199342365,LONG,,1,1507100,,"{'id': 82800, 'context': 0, 'modifiers': [{'type': 6, 'value': 5207}], 'pet_breed_id': 11, 'pet_level': 1, 'pet_quality_id': 2, 'pet_species_id': 50}"
1199342366,LONG,100000,5,,,{'id': 74847}
1199342369,LONG,17100,277,,,{'id': 177061}
1199342376,LONG,634900,740,,,{'id': 173129}
1199342378,LONG,,1,178500000,,"{'id': 82800, 'context': 0, 'modifiers': [{'type': 6, 'value': 64720}], 'pet_breed_id': 10, 'pet_level': 1, 'pet_quality_id': 3, 'pet_species_id': 1692}"
1199342379,LONG,35500,308,,,{'id': 79101}
1199342384,LONG,3700,3200,,,{'id': 152542}
1199342387,LONG,,1,1135900,,"{'id': 82800, 'context': 0, 'modifiers': [{'type': 6, 'value': 2177}], 'pet_breed_id': 15, 'pet_level': 1, 'pet_quality_id': 2, 'pet_species_id': 55}"
1199342389,LONG,240000,72,,,{'id': 173130}
1199342562,LONG,,1,7441600,,"{'id': 82800, 'context': 0, 'modifiers': [{'type': 6, 'value': 48663}], 'pet_breed_id': 11, 'pet_level': 1, 'pet_quality_id': 3, 'pet_species_id': 1235}"
1199342564,LONG,169900,112,,,{'id': 34055}
1199342830,LONG,1029000,2,,,{'id': 153476}
1199342832,LONG,664100,5,,,{'id': 154166}
1199345143,LONG,552700,1,,,{'id': 159789}
1199345146,LONG,,1,11931300,,"{'id': 25236, 'context': 22, 'bonus_lists': [6655, 1708], 'modifiers': [{'type': 9, 'value': 30}, {'type': 28, 'value': 1075}]}"
1199345148,LONG,,1,12075200,,"{'id': 121059, 'context': 0, 'bonus_lists': [1812, 1678], 'modifiers': [{'type': 9, 'value': 45}]}"
1199345151,LONG,10000,5,,,{'id': 160298}
1199345155,LONG,,1,1630300,,"{'id': 177804, 'context': 0, 'bonus_lists': [6908, 6652, 1713], 'modifiers': [{'type': 9, 'value': 60}, {'type': 28, 'value': 1707}]}"
1199345158,LONG,,1,27434500,,"{'id': 176977, 'context': 2, 'bonus_lists': [6907, 6652, 1704], 'modifiers': [{'type': 9, 'value': 60}, {'type': 28, 'value': 748}]}"
1199345161,LONG,9100,5,,,{'id': 168645}
1199345164,LONG,,1,2075400,,"{'id': 178943, 'context': 2, 'bonus_lists': [6908, 6652, 1716], 'modifiers': [{'type': 9, 'value': 60}, {'type': 28, 'value': 748}]}"
1199345168,LONG,,1,10422000,,"{'id': 176785, 'context': 2, 'bonus_lists': [6907, 6652, 7193, 1696], 'modifiers': [{'type': 9, 'value': 60}, {'type': 28, 'value': 748}]}"
1199345169,LONG,600000,5,,,{'id': 172414}
1199345173,LONG,1330100,20,,,{'id': 111650}
1199345177,LONG,,1,7779200,,"{'id': 175558, 'context': 2, 'bonus_lists': [6907, 1683], 'modifiers': [{'type': 9, 'value': 60}, {'type': 28, 'value': 748}]}"
1199345183,LONG,,1,2779700,,"{'id': 176793, 'context': 1, 'bonus_lists': [6908, 42, 1698], 'modifiers': [{'type': 9, 'value': 60}, {'type': 28, 'value': 747}]}"
1199345184,LONG,,1,1508700,,"{'id': 176793, 'context': 2, 'bonus_lists': [6908, 6652, 1681], 'modifiers': [{'type': 9, 'value': 60}, {'type': 28, 'value': 748}]}"
1199345188,LONG,29900,5,,,{'id': 172054}
1199345189,LONG,,1,1383800,,"{'id': 183971, 'context': 2, 'bonus_lists': [6908, 6652, 1693], 'modifiers': [{'type': 9, 'value': 60}, {'type': 28, 'value': 748}]}"
1199345192,LONG,,1,2537900,,"{'id': 183971, 'context': 2, 'bonus_lists': [6908, 6652, 1716], 'modifiers': [{'type': 9, 'value': 60}, {'type': 28, 'value': 748}]}"
1199345196,LONG,2142100,5,,,{'id': 172357}
1199345200,LONG,,1,1506500,,"{'id': 172234, 'context': 13, 'bonus_lists': [6890], 'modifiers': [{'type': 9, 'value': 60}, {'type': 28, 'value': 391}, {'type': 29, 'value': 32}, {'type': 30, 'value': 49}]}"
1199345202,LONG,10900,5,,,{'id': 172052}
1199345204,LONG,,1,2286100,,"{'id': 176795, 'context': 2, 'bonus_lists': [6908, 6652, 1680], 'modifiers': [{'type': 9, 'value': 60}, {'type': 28, 'value': 748}]}"
1199345205,LONG,,1,3141500,,"{'id': 176795, 'context': 2, 'bonus_lists': [6908, 40, 1711], 'modifiers': [{'type': 9, 'value': 60}, {'type': 28, 'value': 748}]}"
1199345208,LONG,,1,461429600,,"{'id': 183035, 'context': 4, 'bonus_lists': [7186, 6652, 7193, 1459, 6646], 'modifiers': [{'type': 28, 'value': 750}]}"
1199345210,LONG,,1,7062700,,"{'id': 177772, 'context': 0, 'bonus_lists': [6907, 6652, 6935, 1698], 'modifiers': [{'type': 9, 'value': 60}, {'type': 28, 'value': 1707}]}"
1199345213,LONG,,1,21595700,17276600,"{'id': 41780, 'context': 30}"
1199345219,LONG,93300,5,,,{'id': 156930}
1199345221,LONG,100700,10,,,{'id': 152503}
1199345223,LONG,52900,1,,,{'id': 152503}
1199345225,LONG,100700,2,,,{'id': 152503}
1199345230,LONG,,1,5745500,,"{'id': 177776, 'context': 2, 'bonus_lists': [6907, 6652, 7194, 1679], 'modifiers': [{'type': 9, 'value': 60}, {'type': 28, 'value': 748}]}"
1199345232,LONG,13900,15,,,{'id': 34056}
1199345234,LONG,133700,5,,,{'id': 152876}
1199345236,LONG,11268500,5,,,{'id': 172419}
1199345237,LONG,19700,1,,,{'id': 27854}
1199345241,LONG,,1,669300,,"{'id': 177787, 'context': 0, 'bonus_lists': [6907, 6652, 7194, 1683], 'modifiers': [{'type': 9, 'value': 60}, {'type': 28, 'value': 1707}]}"
1199345243,LONG,26500,3,,,{'id': 152576}
1199345245,LONG,,1,84766500,,"{'id': 116712, 'context': 29, 'bonus_lists': [3876, 101], 'modifiers': [{'type': 9, 'value': 50}]}"
1199345246,LONG,,1,5477900,,"{'id': 177767, 'context': 0, 'bonus_lists': [6907, 6652, 1693], 'modifiers': [{'type': 9, 'value': 60}, {'type': 28, 'value': 1707}]}"
1199345251,LONG,252800,2,,,{'id': 182459}
1199345255,LONG,,1,4729500,,"{'id': 177810, 'context': 1, 'bonus_lists': [6908, 6652, 1705], 'modifiers': [{'type': 9, 'value': 60}, {'type': 28, 'value': 2044}]}"
1199345260,LONG,,1,2490900,,"{'id': 177810, 'context': 0, 'bonus_lists': [6908, 6652, 1701], 'modifiers': [{'type': 9, 'value': 59}, {'type': 28, 'value': 1428}]}"
1199345261,LONG,,1,11200400,,"{'id': 159519, 'context': 0, 'bonus_lists': [4796, 1698], 'modifiers': [{'type': 9, 'value': 50}]}"
1199345266,LONG,4600,3,,,{'id': 142335}
1199345268,LONG,,1,7231000,,"{'id': 176767, 'context': 2, 'bonus_lists': [6907, 6652, 1696], 'modifiers': [{'type': 9, 'value': 60}, {'type': 28, 'value': 748}]}"
1199345272,LONG,749400,2,,,{'id': 58268}
1199345277,LONG,21032400,5,,,{'id': 172367}
1199345279,LONG,5337100,1,,,{'id': 43109}
1199345281,LONG,2142100,4,,,{'id': 172359}
1199345287,LONG,2142100,5,,,{'id': 172358}
1199345289,LONG,,1,2277200,,"{'id': 172237, 'context': 13, 'bonus_lists': [6887], 'modifiers': [{'type': 9, 'value': 60}, {'type': 28, 'value': 391}, {'type': 29, 'value': 49}, {'type': 30, 'value': 40}]}"
1199345292,LONG,,1,2405900,,"{'id': 172237, 'context': 13, 'bonus_lists': [6887], 'modifiers': [{'type': 9, 'value': 60}, {'type': 28, 'value': 391}, {'type': 29, 'value': 40}, {'type': 30, 'value': 36}]}"
1199345295,LONG,16004800,1,,,{'id': 53069}
1199345296,LONG,,1,3687500,,"{'id': 177775, 'context': 0, 'bonus_lists': [6907, 6652, 1716], 'modifiers': [{'type': 9, 'value': 60}, {'type': 28, 'value': 1707}]}"
1199345300,LONG,,1,7136900,,"{'id': 177779, 'context': 2, 'bonus_lists': [6907, 6652, 7194, 1691], 'modifiers': [{'type': 9, 'value': 60}, {'type': 28, 'value': 748}]}"
1199345303,LONG,1277000,4,,,{'id': 177716}
1199345305,LONG,,1,10054400,,"{'id': 159560, 'context': 0, 'bonus_lists': [4796, 1704], 'modifiers': [{'type': 9, 'value': 50}]}"
1199345310,LONG,,1,1484400,,"{'id': 172240, 'context': 13, 'bonus_lists': [6885], 'modifiers': [{'type': 9, 'value': 60}, {'type': 28, 'value': 391}, {'type': 29, 'value': 49}, {'type': 30, 'value': 40}]}"
1199345312,LONG,,1,148597700,,"{'id': 172329, 'context': 63, 'bonus_lists': [6716, 7194, 1487]}"
1199345315,LONG,,1,11038700,,"{'id': 170116, 'context': 0, 'bonus_lists': [4796, 1714], 'modifiers': [{'type': 9, 'value': 50}]}"
1199345317,LONG,,1,8135300,,"{'id': 175564, 'context': 2, 'bonus_lists': [6907, 1708], 'modifiers': [{'type': 9, 'value': 60}, {'type': 28, 'value': 748}]}"
1199345320,LONG,19000,5,,,{'id': 142336}
1199345323,LONG,,1,18964200,,"{'id': 176765, 'context': 2, 'bonus_lists': [6907, 6652, 1714], 'modifiers': [{'type': 9, 'value': 60}, {'type': 28, 'value': 748}]}"
1199345324,LONG,289900,5,,,{'id': 174041}
1199345327,LONG,,1,5000000,,"{'id': 180862, 'context': 0, 'bonus_lists': [6908, 6652], 'modifiers': [{'type': 9, 'value': 60}, {'type': 28, 'value': 2060}]}"
1199345330,LONG,,1,3195400,,"{'id': 177805, 'context': 0, 'bonus_lists': [6908, 6652, 1703], 'modifiers': [{'type': 9, 'value': 60}, {'type': 28, 'value': 1707}]}"
1199345333,LONG,,1,9009500,,"{'id': 116261, 'context': 0}"
1199345337,LONG,,1,9009500,,"{'id': 116261, 'context': 0}"
1199345339,LONG,,1,9009500,,"{'id': 116261, 'context': 0}"
1199345342,LONG,,1,9009500,,"{'id': 116261, 'context': 0}"
1199345344,LONG,,1,10965500,,"{'id': 121021, 'context': 0, 'bonus_lists': [1812, 1696], 'modifiers': [{'type': 9, 'value': 45}]}"
1199345346,LONG,,1,3849800,,"{'id': 176803, 'context': 0, 'bonus_lists': [6908, 6652, 1688], 'modifiers': [{'type': 9, 'value': 51}, {'type': 28, 'value': 1707}]}"
1199345351,LONG,,1,4810300,,"{'id': 180794, 'context': 1, 'bonus_lists': [6908, 6652, 1702], 'modifiers': [{'type': 9, 'value': 60}, {'type': 28, 'value': 2044}]}"
1199345353,LONG,,1,5397700,,"{'id': 179334, 'context': 2, 'bonus_lists': [6908, 6652, 1681], 'modifiers': [{'type': 9, 'value': 60}, {'type': 28, 'value': 748}]}"
1199345358,LONG,,1,3611600,,"{'id': 179334, 'context': 0, 'bonus_lists': [6908, 6652, 1702], 'modifiers': [{'type': 9, 'value': 59}, {'type': 28, 'value': 1427}]}"
1199345360,LONG,9500,5,,,{'id': 180430}
1199345364,LONG,,1,18184200,,"{'id': 172262, 'context': 13, 'bonus_lists': [6893], 'modifiers': [{'type': 9, 'value': 60}, {'type': 28, 'value': 391}, {'type': 29, 'value': 36}, {'type': 30, 'value': 32}]}"
1199345367,LONG,,1,18184200,,"{'id': 172262, 'context': 13, 'bonus_lists': [6893], 'modifiers': [{'type': 9, 'value': 60}, {'type': 28, 'value': 391}, {'type': 29, 'value': 36}, {'type': 30, 'value': 40}]}"
1199345370,LONG,,1,18184200,,"{'id': 172262, 'context': 13, 'bonus_lists': [6893], 'modifiers': [{'type': 9, 'value': 60}, {'type': 28, 'value': 391}, {'type': 29, 'value': 36}, {'type': 30, 'value': 40}]}"
1199345378,LONG,232600,9,,,{'id': 2675}
1199345381,LONG,,1,4173600,,"{'id': 177799, 'context': 0, 'bonus_lists': [6908, 6652, 1688], 'modifiers': [{'type': 9, 'value': 60}, {'type': 28, 'value': 1707}]}"
1199345383,LONG,754700,5,,,{'id': 183955}
1199345432,LONG,16000,5,,,{'id': 38682}
1199345435,LONG,100,64,,,{'id': 124121}
1199345437,LONG,,1,4161700,,"{'id': 177806, 'context': 0, 'bonus_lists': [6908, 6652, 1709], 'modifiers': [{'type': 9, 'value': 60}, {'type': 28, 'value': 1707}]}"
1199345439,LONG,,1,8844400,,"{'id': 121042, 'context': 0, 'bonus_lists': [1812, 1714], 'modifiers': [{'type': 9, 'value': 45}]}"
1199345443,LONG,,1,700000,,"{'id': 36260, 'context': 0, 'bonus_lists': [6654, 1695], 'modifiers': [{'type': 9, 'value': 50}, {'type': 28, 'value': 1401}]}"
1199345445,LONG,4509600,5,,,{'id': 172361}
1199345448,LONG,,1,3216200,,"{'id': 55385, 'context': 28, 'bonus_lists': [1708, 4766], 'modifiers': [{'type': 9, 'value': 50}]}"
1199345451,LONG,,1,7838000,,"{'id': 175563, 'context': 0, 'bonus_lists': [6907, 1712], 'modifiers': [{'type': 9, 'value': 59}, {'type': 28, 'value': 807}]}"
1199345452,LONG,,1,10075200,,"{'id': 121267, 'context': 0, 'bonus_lists': [1812, 1696], 'modifiers': [{'type': 9, 'value': 45}]}"
1199345459,LONG,17500,200,,,{'id': 152513}
1199345463,LONG,,1,3725200,,"{'id': 177800, 'context': 4, 'bonus_lists': [6908, 6652, 1681], 'modifiers': [{'type': 9, 'value': 60}, {'type': 28, 'value': 750}]}"
1199345465,LONG,,1,4052300,,"{'id': 177800, 'context': 1, 'bonus_lists': [6908, 6652, 1712], 'modifiers': [{'type': 9, 'value': 60}, {'type': 28, 'value': 2044}]}"
1199345469,LONG,,1,7347500,,"{'id': 159523, 'context': 0, 'bonus_lists': [4796, 1678], 'modifiers': [{'type': 9, 'value': 50}]}"
1199345473,LONG,17100,3,,,{'id': 16204}
1199345476,LONG,2548700,1,,,{'id': 35953}
1199345482,LONG,110000,2,,,{'id': 153435}
1199345486,LONG,71700,1,,,{'id': 12808}
1199345489,LONG,17989400,5,,,{'id': 172438}
1199345491,LONG,,1,6072100,,"{'id': 176796, 'context': 1, 'bonus_lists': [6908, 6652, 1687], 'modifiers': [{'type': 9, 'value': 60}, {'type': 28, 'value': 2044}]}"
1199345497,LONG,1277000,5,,,{'id': 177660}
1199345502,LONG,,1,5734000,,"{'id': 176789, 'context': 0, 'bonus_lists': [6907, 6652, 7193, 1677], 'modifiers': [{'type': 9, 'value': 60}, {'type': 28, 'value': 1707}]}"
1199345505,LONG,6900,2,,,{'id': 27677}
1199345513,LONG,,1,4094500,,"{'id': 178946, 'context': 2, 'bonus_lists': [6908, 40, 1705], 'modifiers': [{'type': 9, 'value': 60}, {'type': 28, 'value': 748}]}"
1199345516,LONG,,1,2502400,,"{'id': 172238, 'context': 13, 'bonus_lists': [6885], 'modifiers': [{'type': 9, 'value': 60}, {'type': 28, 'value': 391}, {'type': 29, 'value': 49}, {'type': 30, 'value': 40}]}"
1199345519,LONG,,1,60823800,,"{'id': 170119, 'context': 0, 'bonus_lists': [4796, 1681], 'modifiers': [{'type': 9, 'value': 50}]}"
1199345524,LONG,499000,3,,,{'id': 154125}
1199345530,LONG,16000,1,,,{'id': 23572}
1199345536,LONG,,1,2027700,,"{'id': 175566, 'context': 0, 'bonus_lists': [6907, 1704], 'modifiers': [{'type': 9, 'value': 59}, {'type': 28, 'value': 807}]}"
1199345543,LONG,,1,92100,,"{'id': 16248, 'context': 1}"
1199345550,LONG,,1,6918500,,"{'id': 176782, 'context': 0, 'bonus_lists': [6907, 43, 1685], 'modifiers': [{'type': 9, 'value': 60}, {'type': 28, 'value': 1707}]}"
1199345553,LONG,370700,1,,,{'id': 29451}
1199345555,LONG,,1,10599700,,"{'id': 121024, 'context': 0, 'bonus_lists': [1812, 1684], 'modifiers': [{'type': 9, 'value': 45}]}"
1199345559,LONG,,1,13387700,,"{'id': 176787, 'context': 2, 'bonus_lists': [6907, 6652, 7194, 1687], 'modifiers': [{'type': 9, 'value': 60}, {'type': 28, 'value': 748}]}"
1199345562,LONG,8005400,8,,,{'id': 168828}
1199345565,LONG,11268500,5,,,{'id': 172418}
1199345567,LONG,2200,10,,,{'id': 154899}
1199345571,LONG,,1,2107500,,"{'id': 176802, 'context': 2, 'bonus_lists': [6908, 6652, 1682], 'modifiers': [{'type': 9, 'value': 60}, {'type': 28, 'value': 748}]}"
1199345575,LONG,,1,499900,400000,"{'id': 82800, 'context': 0, 'modifiers': [{'type': 6, 'value': 29809}], 'pet_breed_id': 6, 'pet_level': 1, 'pet_quality_id': 2, 'pet_species_id': 236}"
1199345577,LONG,,1,499900,400000,"{'id': 82800, 'context': 0, 'modifiers': [{'type': 6, 'value': 29809}], 'pet_breed_id': 6, 'pet_level': 1, 'pet_quality_id': 2, 'pet_species_id': 236}"
1199345578,LONG,,1,7253000,,"{'id': 176768, 'context': 0, 'bonus_lists': [6907, 6652, 1703], 'modifiers': [{'type': 9, 'value': 60}, {'type': 28, 'value': 2060}]}"
1199345580,LONG,,1,499900,400000,"{'id': 82800, 'context': 0, 'modifiers': [{'type': 6, 'value': 29809}], 'pet_breed_id': 6, 'pet_level': 1, 'pet_quality_id': 2, 'pet_species_id': 236}"
1199345583,LONG,,1,499900,400000,"{'id': 82800, 'context': 0, 'modifiers': [{'type': 6, 'value': 29809}], 'pet_breed_id': 16, 'pet_level': 1, 'pet_quality_id': 2, 'pet_species_id': 236}"
1199345584,LONG,,1,5616000,,"{'id': 176989, 'context': 0, 'bonus_lists': [6907, 6652, 7193, 1696], 'modifiers': [{'type': 9, 'value': 60}, {'type': 28, 'value': 1707}]}"
1199345586,LONG,,1,499900,400000,"{'id': 82800, 'context': 0, 'modifiers': [{'type': 6, 'value': 29809}], 'pet_breed_id': 16, 'pet_level': 1, 'pet_quality_id': 2, 'pet_species_id': 236}"
1199345587,LONG,,1,499900,400000,"{'id': 82800, 'context': 0, 'modifiers': [{'type': 6, 'value': 29809}], 'pet_breed_id': 6, 'pet_level': 1, 'pet_quality_id': 2, 'pet_species_id': 236}"
1199345589,LONG,,1,23979800,,"{'id': 176770, 'context': 17, 'bonus_lists': [6907, 6652, 1716], 'modifiers': [{'type': 9, 'value': 59}, {'type': 28, 'value': 747}]}"
1199345591,LONG,,1,499900,400000,"{'id': 82800, 'context': 0, 'modifiers': [{'type': 6, 'value': 29809}], 'pet_breed_id': 6, 'pet_level': 1, 'pet_quality_id': 2, 'pet_species_id': 236}"
1199345594,LONG,,1,499900,400000,"{'id': 82800, 'context': 0, 'modifiers': [{'type': 6, 'value': 29809}], 'pet_breed_id': 6, 'pet_level': 1, 'pet_quality_id': 2, 'pet_species_id': 236}"
1199345595,LONG,,1,2121200,,"{'id': 177802, 'context': 2, 'bonus_lists': [6908, 6652, 1709], 'modifiers': [{'type': 9, 'value': 60}, {'type': 28, 'value': 748}]}"
1199345596,LONG,,1,499900,400000,"{'id': 82800, 'context': 0, 'modifiers': [{'type': 6, 'value': 29809}], 'pet_breed_id': 6, 'pet_level': 1, 'pet_quality_id': 2, 'pet_species_id': 236}"
1199345599,LONG,,1,2121200,,"{'id': 177802, 'context': 1, 'bonus_lists': [6908, 6652, 1710], 'modifiers': [{'type': 9, 'value': 60}, {'type': 28, 'value': 2044}]}"
1199345603,LONG,,1,8501900,,"{'id': 176786, 'context': 2, 'bonus_lists': [6907, 6652, 7193, 1698], 'modifiers': [{'type': 9, 'value': 60}, {'type': 28, 'value': 748}]}"
1199345638,LONG,4500000,1,,,{'id': 168825}
1199345678,LONG,,1,499900,400000,"{'id': 82800, 'context': 0, 'modifiers': [{'type': 6, 'value': 19986}], 'pet_breed_id': 13, 'pet_level': 1, 'pet_quality_id': 2, 'pet_species_id': 139}"
1199345680,LONG,,1,499900,400000,"{'id': 82800, 'context': 0, 'modifiers': [{'type': 6, 'value': 19986}], 'pet_breed_id': 8, 'pet_level': 1, 'pet_quality_id': 2, 'pet_species_id': 139}"
1199345682,LONG,,1,499900,400000,"{'id': 82800, 'context': 0, 'modifiers': [{'type': 6, 'value': 19986}], 'pet_breed_id': 3, 'pet_level': 1, 'pet_quality_id': 2, 'pet_species_id': 139}"
1199345686,LONG,,1,499900,400000,"{'id': 82800, 'context': 0, 'modifiers': [{'type': 6, 'value': 19986}], 'pet_breed_id': 8, 'pet_level': 1, 'pet_quality_id': 2, 'pet_species_id': 139}"
1199345687,LONG,,1,499900,400000,"{'id': 82800, 'context': 0, 'modifiers': [{'type': 6, 'value': 19986}], 'pet_breed_id': 18, 'pet_level': 1, 'pet_quality_id': 2, 'pet_species_id': 139}"
1199345688,LONG,,1,499900,400000,"{'id': 82800, 'context': 0, 'modifiers': [{'type': 6, 'value': 19986}], 'pet_breed_id': 13, 'pet_level': 1, 'pet_quality_id': 2, 'pet_species_id': 139}"
1199345689,LONG,,1,499900,400000,"{'id': 82800, 'context': 0, 'modifiers': [{'type': 6, 'value': 19986}], 'pet_breed_id': 22, 'pet_level': 1, 'pet_quality_id': 2, 'pet_species_id': 139}"
1199345710,LONG,4500,11,,,{'id': 2589}
1199345896,LONG,,1,149999900,100000000,"{'id': 82800, 'context': 0, 'modifiers': [{'type': 6, 'value': 65671}], 'pet_breed_id': 8, 'pet_level': 1, 'pet_quality_id': 2, 'pet_species_id': 1759}"
1199345898,LONG,,1,149999900,100000000,"{'id': 82800, 'context': 0, 'modifiers': [{'type': 6, 'value': 65671}], 'pet_breed_id': 8, 'pet_level': 1, 'pet_quality_id': 2, 'pet_species_id': 1759}"
1199345899,LONG,,1,149999900,100000000,"{'id': 82800, 'context': 0, 'modifiers': [{'type': 6, 'value': 65671}], 'pet_breed_id': 8, 'pet_level': 1, 'pet_quality_id': 2, 'pet_species_id': 1759}"
1199345903,LONG,,1,5000000,,"{'id': 6388, 'context': 0, 'bonus_lists': [6654], 'modifiers': [{'type': 9, 'value': 26}, {'type': 28, 'value': 1796}]}"
1199345904,LONG,,1,149999900,100000000,"{'id': 82800, 'context': 0, 'modifiers': [{'type': 6, 'value': 65671}], 'pet_breed_id': 8, 'pet_level': 1, 'pet_quality_id': 2, 'pet_species_id': 1759}"
1199345905,LONG,,1,149999900,100000000,"{'id': 82800, 'context': 0, 'modifiers': [{'type': 6, 'value': 65671}], 'pet_breed_id': 8, 'pet_level': 1, 'pet_quality_id': 2, 'pet_species_id': 1759}"
1199345907,LONG,,1,149999900,100000000,"{'id': 82800, 'context': 0, 'modifiers': [{'type': 6, 'value': 65671}], 'pet_breed_id': 8, 'pet_level': 1, 'pet_quality_id': 2, 'pet_species_id': 1759}"
1199345960,LONG,,1,2003800,,"{'id': 15241, 'context': 0, 'bonus_lists': [6655, 1681], 'modifiers': [{'type': 9, 'value': 26}, {'type': 28, 'value': 1796}]}"
1199345973,LONG,,1,1000000,,"{'id': 9817, 'context': 0, 'bonus_lists': [6654, 1705], 'modifiers': [{'type': 9, 'value': 28}, {'type': 28, 'value': 1796}]}"
1199345978,LONG,,1,999900,700000,"{'id': 82800, 'context': 0, 'modifiers': [{'type': 6, 'value': 99898}], 'pet_breed_id': 5, 'pet_level': 1, 'pet_quality_id': 2, 'pet_species_id': 2908}"
1199345979,LONG,,1,999900,700000,"{'id': 82800, 'context': 0, 'modifiers': [{'type': 6, 'value': 99898}], 'pet_breed_id': 15, 'pet_level': 1, 'pet_quality_id': 2, 'pet_species_id': 2908}"
1199345980,LONG,2000,11,,,{'id': 12202}
1199345981,LONG,,1,999900,700000,"{'id': 82800, 'context': 0, 'modifiers': [{'type': 6, 'value': 99898}], 'pet_breed_id': 5, 'pet_level': 1, 'pet_quality_id': 2, 'pet_species_id': 2908}"
1199345982,LONG,,1,999900,700000,"{'id': 82800, 'context': 0, 'modifiers': [{'type': 6, 'value': 99898}], 'pet_breed_id': 15, 'pet_level': 1, 'pet_quality_id': 2, 'pet_species_id': 2908}"
1199345989,LONG,1400,21,,,{'id': 3685}
1199346010,LONG,,1,499900,400000,"{'id': 82800, 'context': 0, 'modifiers': [{'type': 6, 'value': 2955}], 'pet_breed_id': 11, 'pet_level': 1, 'pet_quality_id': 2, 'pet_species_id': 74}"
1199346012,LONG,,1,499900,400000,"{'id': 82800, 'context': 0, 'modifiers': [{'type': 6, 'value': 2955}], 'pet_breed_id': 11, 'pet_level': 1, 'pet_quality_id': 2, 'pet_species_id': 74}"
1199346014,LONG,,1,499900,400000,"{'id': 82800, 'context': 0, 'modifiers': [{'type': 6, 'value': 2955}], 'pet_breed_id': 11, 'pet_level': 1, 'pet_quality_id': 2, 'pet_species_id': 74}"
1199346016,LONG,,1,499900,400000,"{'id': 82800, 'context': 0, 'modifiers': [{'type': 6, 'value': 2955}], 'pet_breed_id': 21, 'pet_level': 1, 'pet_quality_id': 2, 'pet_species_id': 74}"
1199346019,LONG,,1,499900,400000,"{'id': 82800, 'context': 0, 'modifiers': [{'type': 6, 'value': 2955}], 'pet_breed_id': 21, 'pet_level': 1, 'pet_quality_id': 2, 'pet_species_id': 74}"
1199346023,LONG,700,2,,,{'id': 12037}
1199346067,LONG,,1,50000000,,"{'id': 7363, 'context': 0, 'modifiers': [{'type': 28, 'value': 1796}]}"
1199346096,LONG,30000,1,,,{'id': 5785}
1199348104,LONG,1600000,2,,,{'id': 5524}
1199348112,LONG,300,2,,,{'id': 8150}
1199348122,LONG,1600,1,,,{'id': 7909}
1199348138,LONG,,1,5000000,,"{'id': 7989, 'context': 1, 'modifiers': [{'type': 28, 'value': 217}]}"
1199348143,LONG,2900,9,,,{'id': 12184}
1199348158,LONG,670000,20,,,{'id': 35627}
1199348159,LONG,,1,2006400,,"{'id': 7458, 'context': 0, 'bonus_lists': [6654, 1691], 'modifiers': [{'type': 9, 'value': 31}, {'type': 28, 'value': 1796}]}"
1199348174,LONG,,1,1007800,,"{'id': 3058, 'context': 0, 'bonus_lists': [6654], 'modifiers': [{'type': 9, 'value': 32}, {'type': 28, 'value': 1796}]}"
1199348178,LONG,1940800,12,,,{'id': 36860}
1199348203,LONG,,1,6329500,,"{'id': 15131, 'context': 1, 'bonus_lists': [6654, 1709], 'modifiers': [{'type': 9, 'value': 32}, {'type': 28, 'value': 1916}]}"
1199348214,LONG,870000,1,,,{'id': 35622}
1199348238,LONG,,1,3532300,,"{'id': 9781, 'context': 0, 'bonus_lists': [6654, 1691], 'modifiers': [{'type': 9, 'value': 32}, {'type': 28, 'value': 1796}]}"
1199348251,LONG,800,6,,,{'id': 1468}
1199348254,LONG,,1,3999900,3500000,"{'id': 82800, 'context': 0, 'modifiers': [{'type': 6, 'value': 62466}], 'pet_breed_id': 10, 'pet_level': 1, 'pet_quality_id': 3, 'pet_species_id': 1633}"
1199348255,LONG,,1,3999900,3500000,"{'id': 82800, 'context': 0, 'modifiers': [{'type': 6, 'value': 62466}], 'pet_breed_id': 10, 'pet_level': 1, 'pet_quality_id': 3, 'pet_species_id': 1633}"
1199348256,LONG,,1,3999900,3500000,"{'id': 82800, 'context': 0, 'modifiers': [{'type': 6, 'value': 62466}], 'pet_breed_id': 10, 'pet_level': 1, 'pet_quality_id': 3, 'pet_species_id': 1633}"
1199348285,LONG,,1,79999900,50000000,"{'id': 82800, 'context': 0, 'modifiers': [{'type': 6, 'value': 38429}], 'pet_breed_id': 3, 'pet_level': 1, 'pet_quality_id': 3, 'pet_species_id': 318}"
1199348287,LONG,,1,79999900,50000000,"{'id': 82800, 'context': 0, 'modifiers': [{'type': 6, 'value': 38429}], 'pet_breed_id': 3, 'pet_level': 1, 'pet_quality_id': 3, 'pet_species_id': 318}"
1199348335,LONG,,1,9999900,5000000,"{'id': 82800, 'context': 0, 'modifiers': [{'type': 6, 'value': 71938}], 'pet_breed_id': 9, 'pet_level': 1, 'pet_quality_id': 3, 'pet_species_id': 1926}"
1199348416,LONG,,1,2999900,2000000,"{'id': 82800, 'context': 0, 'modifiers': [{'type': 6, 'value': 901}], 'pet_breed_id': 9, 'pet_level': 1, 'pet_quality_id': 2, 'pet_species_id': 64}"
1199348418,LONG,,1,2999900,2000000,"{'id': 82800, 'context': 0, 'modifiers': [{'type': 6, 'value': 901}], 'pet_breed_id': 9, 'pet_level': 1, 'pet_quality_id': 2, 'pet_species_id': 64}"
1199348503,LONG,,1,99999900,80000000,"{'id': 82800, 'context': 0, 'modifiers': [{'type': 6, 'value': 65667}], 'pet_breed_id': 12, 'pet_level': 1, 'pet_quality_id': 2, 'pet_species_id': 1756}"
1199348504,LONG,,1,99999900,80000000,"{'id': 82800, 'context': 0, 'modifiers': [{'type': 6, 'value': 65667}], 'pet_breed_id': 12, 'pet_level': 1, 'pet_quality_id': 2, 'pet_species_id': 1756}"
1199348508,LONG,,1,99999900,80000000,"{'id': 82800, 'context': 0, 'modifiers': [{'type': 6, 'value': 65667}], 'pet_breed_id': 12, 'pet_level': 1, 'pet_quality_id': 2, 'pet_species_id': 1756}"
1199348574,LONG,,1,63999900,50000000,"{'id': 82800, 'context': 0, 'modifiers': [{'type': 6, 'value': 47858}], 'pet_breed_id': 7, 'pet_level': 1, 'pet_quality_id': 3, 'pet_species_id': 1344}"
1199348575,LONG,,1,63999900,50000000,"{'id': 82800, 'context': 0, 'modifiers': [{'type': 6, 'value': 47858}], 'pet_breed_id': 17, 'pet_level': 1, 'pet_quality_id': 3, 'pet_species_id': 1344}"
1199348653,LONG,3800,7,,,{'id': 109133}
1199348678,LONG,,1,60581300,,"{'id': 109168, 'context': 13, 'bonus_lists': [531, 525, 194, 6878]}"
1199348682,LONG,,1,99999900,80000000,"{'id': 82800, 'context': 0, 'modifiers': [{'type': 6, 'value': 71828}], 'pet_breed_id': 10, 'pet_level': 1, 'pet_quality_id': 3, 'pet_species_id': 1920}"
1199348684,LONG,,1,99999900,80000000,"{'id': 82800, 'context': 0, 'modifiers': [{'type': 6, 'value': 71828}], 'pet_breed_id': 10, 'pet_level': 1, 'pet_quality_id': 3, 'pet_species_id': 1920}"
1199348685,LONG,,1,99999900,80000000,"{'id': 82800, 'context': 0, 'modifiers': [{'type': 6, 'value': 71828}], 'pet_breed_id': 10, 'pet_level': 1, 'pet_quality_id': 3, 'pet_species_id': 1920}"
1199348746,LONG,,1,89999900,70000000,"{'id': 82800, 'context': 0, 'modifiers': [{'type': 6, 'value': 74800}], 'pet_breed_id': 10, 'pet_level': 1, 'pet_quality_id': 2, 'pet_species_id': 2716}"
1199348750,LONG,,1,89999900,70000000,"{'id': 82800, 'context': 0, 'modifiers': [{'type': 6, 'value': 74800}], 'pet_breed_id': 10, 'pet_level': 1, 'pet_quality_id': 2, 'pet_species_id': 2716}"
1199348752,LONG,,1,89999900,70000000,"{'id': 82800, 'context': 0, 'modifiers': [{'type': 6, 'value': 74800}], 'pet_breed_id': 10, 'pet_level': 1, 'pet_quality_id': 2, 'pet_species_id': 2716}"
1199348769,LONG,,1,2470000,,"{'id': 106728, 'context': 0, 'bonus_lists': [6654, 151], 'modifiers': [{'type': 9, 'value': 40}, {'type': 28, 'value': 63}]}"
1199348790,LONG,3930000000,14,,,{'id': 111672}
1199348900,LONG,160000,11,,,{'id': 172230}
1199348916,LONG,,1,15450000,,"{'id': 106724, 'context': 0, 'bonus_lists': [6654, 48], 'modifiers': [{'type': 9, 'value': 40}, {'type': 28, 'value': 176}]}"
1199348945,LONG,272100,2,,,{'id': 111601}
1199348972,LONG,6600,1,,,{'id': 111589}
1199348987,LONG,3930000000,39,,,{'id': 109139}
1199349027,LONG,,1,164300,,"{'id': 116624, 'context': 0, 'bonus_lists': [6655, 113, 550], 'modifiers': [{'type': 9, 'value': 40}, {'type': 28, 'value': 176}]}"
1199349051,LONG,,1,10999900,9000000,"{'id': 82800, 'context': 0, 'modifiers': [{'type': 6, 'value': 75766}], 'pet_breed_id': 18, 'pet_level': 1, 'pet_quality_id': 3, 'pet_species_id': 2042}"
1199349053,LONG,,1,10999900,9000000,"{'id': 82800, 'context': 0, 'modifiers': [{'type': 6, 'value': 75766}], 'pet_breed_id': 18, 'pet_level': 1, 'pet_quality_id': 3, 'pet_species_id': 2042}"
1199349054,LONG,,1,10999900,9000000,"{'id': 82800, 'context': 0, 'modifiers': [{'type': 6, 'value': 75766}], 'pet_breed_id': 18, 'pet_level': 1, 'pet_quality_id': 3, 'pet_species_id': 2042}"
1199349075,LONG,,1,662100,,"{'id': 110289, 'context': 1}"
1199350110,LONG,9000,1,,,{'id': 74839}
1199350142,LONG,21200,10,,,{'id': 113261}
1199350162,LONG,2000,8,,,{'id': 113264}
1199350261,LONG,,1,13651700,,"{'id': 118337, 'context': 0, 'modifiers': [{'type': 28, 'value': 63}]}"
1199350296,LONG,,1,99999900,90000000,"{'id': 82800, 'context': 0, 'modifiers': [{'type': 6, 'value': 99866}], 'pet_breed_id': 9, 'pet_level': 1, 'pet_quality_id': 2, 'pet_species_id': 2916}"
1199350297,LONG,,1,99999900,90000000,"{'id': 82800, 'context': 0, 'modifiers': [{'type': 6, 'value': 99866}], 'pet_breed_id': 19, 'pet_level': 1, 'pet_quality_id': 2, 'pet_species_id': 2916}"
1199350376,LONG,,1,11999900,9000000,"{'id': 82800, 'context': 0, 'modifiers': [{'type': 6, 'value': 61898}], 'pet_breed_id': 3, 'pet_level': 1, 'pet_quality_id': 3, 'pet_species_id': 1634}"
1199350377,LONG,,1,11999900,9000000,"{'id': 82800, 'context': 0, 'modifiers': [{'type': 6, 'value': 61898}], 'pet_breed_id': 3, 'pet_level': 1, 'pet_quality_id': 3, 'pet_species_id': 1634}"
1199350389,LONG,155600,2,,,{'id': 111595}
1199350465,LONG,,1,87999900,75000000,"{'id': 82800, 'context': 0, 'modifiers': [{'type': 6, 'value': 91021}], 'pet_breed_id': 4, 'pet_level': 1, 'pet_quality_id': 3, 'pet_species_id': 2691}"
1199350481,LONG,188100,2,,,{'id': 172934}
1199350499,LONG,12900,4,,,{'id': 172935}
1199350611,LONG,489999900,1,,,{'id': 44722}
1199350628,LONG,,1,17999900,14000000,"{'id': 82800, 'context': 0, 'modifiers': [{'type': 6, 'value': 16880}], 'pet_breed_id': 13, 'pet_level': 1, 'pet_quality_id': 3, 'pet_species_id': 2441}"
1199350630,LONG,,1,17999900,14000000,"{'id': 82800, 'context': 0, 'modifiers': [{'type': 6, 'value': 16880}], 'pet_breed_id': 13, 'pet_level': 1, 'pet_quality_id': 3, 'pet_species_id': 2441}"
1199350634,LONG,,1,17999900,14000000,"{'id': 82800, 'context': 0, 'modifiers': [{'type': 6, 'value': 16880}], 'pet_breed_id': 3, 'pet_level': 1, 'pet_quality_id': 3, 'pet_species_id': 2441}"
1199350678,LONG,,1,9890100,8000000,"{'id': 82800, 'context': 0, 'modifiers': [{'type': 6, 'value': 73673}], 'pet_breed_id': 3, 'pet_level': 1, 'pet_quality_id': 3, 'pet_species_id': 1957}"
1199350698,LONG,22500,3,,,{'id': 111670}
1199350718,LONG,13300,20,,,{'id': 109144}
1199350727,LONG,,1,4299900,3500000,"{'id': 82800, 'context': 0, 'modifiers': [{'type': 6, 'value': 20029}], 'pet_breed_id': 16, 'pet_level': 1, 'pet_quality_id': 2, 'pet_species_id': 145}"
1199350728,LONG,,1,4299900,3500000,"{'id': 82800, 'context': 0, 'modifiers': [{'type': 6, 'value': 20029}], 'pet_breed_id': 8, 'pet_level': 1, 'pet_quality_id': 2, 'pet_species_id': 145}"
1199351086,LONG,,1,59999900,40000000,"{'id': 82800, 'context': 0, 'modifiers': [{'type': 6, 'value': 79711}], 'pet_breed_id': 7, 'pet_level': 1, 'pet_quality_id': 3, 'pet_species_id': 2092}"
1199351089,LONG,,1,59999900,40000000,"{'id': 82800, 'context': 0, 'modifiers': [{'type': 6, 'value': 79711}], 'pet_breed_id': 17, 'pet_level': 1, 'pet_quality_id': 3, 'pet_species_id': 2092}"
1199351091,LONG,,1,59999900,40000000,"{'id': 82800, 'context': 0, 'modifiers': [{'type': 6, 'value': 79711}], 'pet_breed_id': 17, 'pet_level': 1, 'pet_quality_id': 3, 'pet_species_id': 2092}"
1199351095,LONG,,1,59999900,40000000,"{'id': 82800, 'context': 0, 'modifiers': [{'type': 6, 'value': 79711}], 'pet_breed_id': 7, 'pet_level': 1, 'pet_quality_id': 3, 'pet_species_id': 2092}"
1199353202,LONG,,1,14999900,12000000,"{'id': 82800, 'context': 0, 'modifiers': [{'type': 6, 'value': 51408}], 'pet_breed_id': 8, 'pet_level': 1, 'pet_quality_id': 3, 'pet_species_id': 1329}"
1199353251,LONG,,1,129999900,100000000,"{'id': 82800, 'context': 0, 'modifiers': [{'type': 6, 'value': 65112}], 'pet_breed_id': 17, 'pet_level': 1, 'pet_quality_id': 3, 'pet_species_id': 1719}"
1199353398,LONG,,1,6990000,4500000,"{'id': 82800, 'context': 0, 'modifiers': [{'type': 6, 'value': 95141}], 'pet_breed_id': 8, 'pet_level': 1, 'pet_quality_id': 3, 'pet_species_id': 2832}"
1199353543,LONG,,1,8500000,,"{'id': 172319, 'context': 63, 'bonus_lists': [6716, 1487]}"
1199353547,LONG,,1,8500000,,"{'id': 172319, 'context': 63, 'bonus_lists': [6716, 1487]}"
1199353762,LONG,,1,950000,750000,"{'id': 82800, 'context': 0, 'modifiers': [{'type': 6, 'value': 46921}], 'pet_breed_id': 7, 'pet_level': 1, 'pet_quality_id': 3, 'pet_species_id': 1146}"
1199353821,LONG,,1,19500000,,"{'id': 172327, 'context': 63, 'bonus_lists': [6716, 1487]}"
1199353823,LONG,,1,19500000,,"{'id': 172327, 'context': 63, 'bonus_lists': [6716, 1487]}"
1199353827,LONG,,1,19500000,,"{'id': 172327, 'context': 63, 'bonus_lists': [6716, 1487]}"
1199353829,LONG,,1,19500000,,"{'id': 172327, 'context': 63, 'bonus_lists': [6716, 1487]}"
1199353832,LONG,,1,19500000,,"{'id': 172327, 'context': 63, 'bonus_lists': [6716, 1487]}"
1199353846,LONG,,1,109999900,90000000,"{'id': 82800, 'context': 0, 'modifiers': [{'type': 6, 'value': 73663}], 'pet_breed_id': 5, 'pet_level': 1, 'pet_quality_id': 3, 'pet_species_id': 1953}"
1199353897,LONG,,1,1500000,990000,"{'id': 82800, 'context': 0, 'modifiers': [{'type': 6, 'value': 49289}], 'pet_breed_id': 5, 'pet_level': 1, 'pet_quality_id': 3, 'pet_species_id': 1320}"
1199355285,LONG,477800,5,,,{'id': 168589}
1199355314,LONG,531000,2,,,{'id': 170554}
1199355350,LONG,359900,2,,,{'id': 171832}
1199355355,LONG,187400,2,,,{'id': 171831}
1199355376,LONG,628000,1,,,{'id': 23424}
1199355450,LONG,,1,129999900,100000000,"{'id': 82800, 'context': 0, 'modifiers': [{'type': 6, 'value': 51269}], 'pet_breed_id': 9, 'pet_level': 1, 'pet_quality_id': 3, 'pet_species_id': 1334}"
1199355480,LONG,,1,499900,400000,"{'id': 82800, 'context': 0, 'modifiers': [{'type': 6, 'value': 27718}], 'pet_breed_id': 17, 'pet_level': 1, 'pet_quality_id': 2, 'pet_species_id': 90}"
1199355521,LONG,,1,19999900,15000000,"{'id': 82800, 'context': 0, 'modifiers': [{'type': 6, 'value': 79634}], 'pet_breed_id': 12, 'pet_level': 1, 'pet_quality_id': 3, 'pet_species_id': 2079}"
1199355522,LONG,,1,19999900,15000000,"{'id': 82800, 'context': 0, 'modifiers': [{'type': 6, 'value': 79634}], 'pet_breed_id': 12, 'pet_level': 1, 'pet_quality_id': 3, 'pet_species_id': 2079}"
1199355552,LONG,,1,1299900,800000,"{'id': 82800, 'context': 0, 'modifiers': [{'type': 6, 'value': 5207}], 'pet_breed_id': 21, 'pet_level': 1, 'pet_quality_id': 2, 'pet_species_id': 50}"
1199355632,LONG,,1,1699900,1400000,"{'id': 82800, 'context': 0, 'modifiers': [{'type': 6, 'value': 23574}], 'pet_breed_id': 5, 'pet_level': 1, 'pet_quality_id': 3, 'pet_species_id': 175}"
1199355633,LONG,,1,1699900,1400000,"{'id': 82800, 'context': 0, 'modifiers': [{'type': 6, 'value': 23574}], 'pet_breed_id': 5, 'pet_level': 1, 'pet_quality_id': 3, 'pet_species_id': 175}"
1199355736,LONG,,1,44999900,35000000,"{'id': 82800, 'context': 0, 'modifiers': [{'type': 6, 'value': 46896}], 'pet_breed_id': 9, 'pet_level': 1, 'pet_quality_id': 3, 'pet_species_id': 1144}"
1199355738,LONG,,1,44999900,35000000,"{'id': 82800, 'context': 0, 'modifiers': [{'type': 6, 'value': 46896}], 'pet_breed_id': 9, 'pet_level': 1, 'pet_quality_id': 3, 'pet_species_id': 1144}"
1199355900,LONG,,1,2199900,1800000,"{'id': 82800, 'context': 0, 'modifiers': [{'type': 6, 'value': 59034}], 'pet_breed_id': 18, 'pet_level': 1, 'pet_quality_id': 2, 'pet_species_id': 1597}"
1199355902,LONG,,1,2199900,1800000,"{'id': 82800, 'context': 0, 'modifiers': [{'type': 6, 'value': 59034}], 'pet_breed_id': 8, 'pet_level': 1, 'pet_quality_id': 2, 'pet_species_id': 1597}"
1199355990,LONG,,1,32999900,30000000,"{'id': 82800, 'context': 0, 'pet_breed_id': 13, 'pet_level': 1, 'pet_quality_id': 3, 'pet_species_id': 1598}"
1199356056,LONG,,1,47999900,40000000,"{'id': 82800, 'context': 0, 'modifiers': [{'type': 6, 'value': 28501}], 'pet_breed_id': 9, 'pet_level': 1, 'pet_quality_id': 3, 'pet_species_id': 165}"
1199356057,LONG,,1,47999900,40000000,"{'id': 82800, 'context': 0, 'modifiers': [{'type': 6, 'value': 28501}], 'pet_breed_id': 9, 'pet_level': 1, 'pet_quality_id': 3, 'pet_species_id': 165}"
1199356095,LONG,,1,1699900,1400000,"{'id': 82800, 'context': 0, 'modifiers': [{'type': 6, 'value': 45289}], 'pet_breed_id': 18, 'pet_level': 1, 'pet_quality_id': 3, 'pet_species_id': 2087}"
1199358198,LONG,,1,999900,700000,"{'id': 82800, 'context': 0, 'modifiers': [{'type': 6, 'value': 5369}], 'pet_breed_id': 20, 'pet_level': 1, 'pet_quality_id': 2, 'pet_species_id': 52}"
1199358201,LONG,,1,999900,700000,"{'id': 82800, 'context': 0, 'modifiers': [{'type': 6, 'value': 5369}], 'pet_breed_id': 21, 'pet_level': 1, 'pet_quality_id': 2, 'pet_species_id': 52}"
1199358202,LONG,,1,999900,700000,"{'id': 82800, 'context': 0, 'modifiers': [{'type': 6, 'value': 5369}], 'pet_breed_id': 20, 'pet_level': 1, 'pet_quality_id': 2, 'pet_species_id': 52}"
1199358237,LONG,,1,99999900,80000000,"{'id': 82800, 'context': 0, 'modifiers': [{'type': 6, 'value': 78837}], 'pet_breed_id': 6, 'pet_level': 1, 'pet_quality_id': 2, 'pet_species_id': 2474}"
1199358684,LONG,,1,99999900,90000000,"{'id': 82800, 'context': 0, 'modifiers': [{'type': 6, 'value': 91219}], 'pet_breed_id': 13, 'pet_level': 1, 'pet_quality_id': 3, 'pet_species_id': 2765}"
1199358733,LONG,,1,49999900,40000000,"{'id': 82800, 'context': 0, 'modifiers': [{'type': 6, 'value': 10269}], 'pet_breed_id': 12, 'pet_level': 1, 'pet_quality_id': 2, 'pet_species_id': 116}"
1199358754,LONG,159900,5,,,{'id': 172230}
1199358806,LONG,,1,13999900,10000000,"{'id': 82800, 'context': 0, 'modifiers': [{'type': 6, 'value': 60889}], 'pet_breed_id': 3, 'pet_level': 1, 'pet_quality_id': 3, 'pet_species_id': 1588}"
1199358851,LONG,,1,24999900,22000000,"{'id': 82800, 'context': 0, 'modifiers': [{'type': 6, 'value': 58613}], 'pet_breed_id': 21, 'pet_level': 1, 'pet_quality_id': 3, 'pet_species_id': 1577}"
1199358883,LONG,,1,1499900,1300000,"{'id': 82800, 'context': 0, 'modifiers': [{'type': 6, 'value': 19600}], 'pet_breed_id': 10, 'pet_level': 1, 'pet_quality_id': 2, 'pet_species_id': 136}"
1199359066,LONG,,1,44999900,35000000,"{'id': 82800, 'context': 0, 'modifiers': [{'type': 6, 'value': 63447}], 'pet_breed_id': 18, 'pet_level': 1, 'pet_quality_id': 3, 'pet_species_id': 1661}"
1199361102,LONG,,1,249900,150000,"{'id': 82800, 'context': 0, 'modifiers': [{'type': 6, 'value': 15904}], 'pet_breed_id': 3, 'pet_level': 1, 'pet_quality_id': 2, 'pet_species_id': 118}"
1199361285,LONG,,1,16999900,14000000,"{'id': 82800, 'context': 0, 'modifiers': [{'type': 6, 'value': 86482}], 'pet_breed_id': 3, 'pet_level': 1, 'pet_quality_id': 3, 'pet_species_id': 2201}"
1199361343,LONG,,1,199999900,150000000,"{'id': 82800, 'context': 0, 'modifiers': [{'type': 6, 'value': 74471}], 'pet_breed_id': 21, 'pet_level': 1, 'pet_quality_id': 2, 'pet_species_id': 1999}"
1199361381,LONG,,1,1299900,800000,"{'id': 82800, 'context': 0, 'modifiers': [{'type': 6, 'value': 73692}], 'pet_breed_id': 7, 'pet_level': 1, 'pet_quality_id': 3, 'pet_species_id': 1961}"
1199361450,LONG,,1,15999900,12000000,"{'id': 82800, 'context': 0, 'modifiers': [{'type': 6, 'value': 90230}], 'pet_breed_id': 17, 'pet_level': 1, 'pet_quality_id': 3, 'pet_species_id': 2563}"
1199361505,LONG,,1,999900,800000,"{'id': 82800, 'context': 0, 'modifiers': [{'type': 6, 'value': 73697}], 'pet_breed_id': 3, 'pet_level': 1, 'pet_quality_id': 3, 'pet_species_id': 1963}"
1199361645,LONG,199900,2,,,{'id': 180318}
1199361794,LONG,99900,1,,,{'id': 147870}
1199361816,LONG,98900,3,,,{'id': 109599}
1199361979,LONG,99900,3,,,{'id': 63308}
1199362011,LONG,99900,1,,,{'id': 63307}
1199362036,LONG,99900,1,,,{'id': 63306}
1199362067,LONG,99900,3,,,{'id': 63304}
1199364584,LONG,,1,650009800,,"{'id': 171416, 'context': 66, 'bonus_lists': [6758, 1532]}"
1199364673,LONG,256500,170,,,{'id': 52328}
1199366183,LONG,,1,4100000,,"{'id': 173218, 'context': 0, 'bonus_lists': [6893], 'modifiers': [{'type': 9, 'value': 50}, {'type': 28, 'value': 391}, {'type': 29, 'value': 32}, {'type': 30, 'value': 40}]}"
1199366185,LONG,,1,4100000,,"{'id': 173218, 'context': 0, 'bonus_lists': [6893], 'modifiers': [{'type': 9, 'value': 50}, {'type': 28, 'value': 391}, {'type': 29, 'value': 32}, {'type': 30, 'value': 40}]}"
1199366203,LONG,,1,12500000,,"{'id': 172254, 'context': 13, 'bonus_lists': [6893], 'modifiers': [{'type': 9, 'value': 50}, {'type': 28, 'value': 391}, {'type': 29, 'value': 49}, {'type': 30, 'value': 40}]}"
1199366206,LONG,,1,12500000,,"{'id': 172254, 'context': 13, 'bonus_lists': [6893], 'modifiers': [{'type': 9, 'value': 50}, {'type': 28, 'value': 391}, {'type': 29, 'value': 32}, {'type': 30, 'value': 40}]}"
1199366231,LONG,,1,12500000,,"{'id': 172250, 'context': 13, 'bonus_lists': [6893], 'modifiers': [{'type': 9, 'value': 50}, {'type': 28, 'value': 391}, {'type': 29, 'value': 36}, {'type': 30, 'value': 49}]}"
1199366237,LONG,,1,12500000,,"{'id': 172250, 'context': 13, 'bonus_lists': [6893], 'modifiers': [{'type': 9, 'value': 50}, {'type': 28, 'value': 391}, {'type': 29, 'value': 40}, {'type': 30, 'value': 49}]}"
1199366261,LONG,,1,12200000,,"{'id': 172262, 'context': 13, 'bonus_lists': [6893], 'modifiers': [{'type': 9, 'value': 50}, {'type': 28, 'value': 391}, {'type': 29, 'value': 49}, {'type': 30, 'value': 32}]}"
1199366267,LONG,,1,12200000,,"{'id': 172262, 'context': 13, 'bonus_lists': [6893], 'modifiers': [{'type': 9, 'value': 50}, {'type': 28, 'value': 391}, {'type': 29, 'value': 40}, {'type': 30, 'value': 36}]}"
1199366272,LONG,,1,12200000,,"{'id': 172262, 'context': 13, 'bonus_lists': [6893], 'modifiers': [{'type': 9, 'value': 50}, {'type': 28, 'value': 391}, {'type': 29, 'value': 32}, {'type': 30, 'value': 40}]}"
1199366304,LONG,6100000,2,,,{'id': 128551}
1199366327,LONG,500000,9,,,{'id': 172406}
1199366341,LONG,,1,4600000,,"{'id': 172252, 'context': 13, 'bonus_lists': [6893], 'modifiers': [{'type': 9, 'value': 50}, {'type': 28, 'value': 391}, {'type': 29, 'value': 40}, {'type': 30, 'value': 49}]}"
1199366364,LONG,,1,108967200,,"{'id': 164490, 'context': 11}"
1199366766,LONG,6600,39,,,{'id': 109693}
1199366816,LONG,5500,1,,,{'id': 74252}
1199366859,LONG,17500,1,,,{'id': 34057}
1199366879,LONG,700,4,,,{'id': 14343}
1199366904,LONG,47800,2,,,{'id': 10939}
1199366916,LONG,28700,1,,,{'id': 10938}
1199366936,LONG,18600,8,,,{'id': 156930}
1199366972,LONG,5500,8,,,{'id': 16204}
1199366993,LONG,14300,5,,,{'id': 10940}
1199367018,LONG,10700,13,,,{'id': 14344}
1199367088,LONG,19000,40,,,{'id': 109123}
1199368260,LONG,800000,1,,,{'id': 49908}
1199368384,LONG,500000,5,,,{'id': 34664}
1199368461,LONG,4500000,11,,,{'id': 12811}
1199368544,LONG,7700,89,,,{'id': 160059}
1199368641,LONG,2499900,12,,,{'id': 35623}
1199368749,LONG,80000,9,,,{'id': 37700}
1199368791,LONG,250000,5,,,{'id': 30183}
1199368805,LONG,89900,6,,,{'id': 37702}
1199368831,LONG,3300,1,,,{'id': 10286}
1199368960,LONG,2500000,3,,,{'id': 22456}
1199368998,LONG,2199900,7,,,{'id': 21886}
1199369051,LONG,9900,18,,,{'id': 72234}
1199369087,LONG,1000000,16,,,{'id': 72235}
1199371172,LONG,19800,4,,,{'id': 154898}
1199371213,LONG,30000,100,,,{'id': 109139}
1199371283,LONG,2200,70,,,{'id': 109137}
1199371374,LONG,14500,18,,,{'id': 62783}
1199371394,LONG,19200,19,,,{'id': 62781}
1199371416,LONG,20000,18,,,{'id': 62780}
1199371457,LONG,300,157,,,{'id': 24477}
1199371479,LONG,10000,37,,,{'id': 53072}
1199371511,LONG,500000,18,,,{'id': 53068}
1199371577,LONG,25000000,1,,,{'id': 37663}
1199371610,LONG,900,1,,,{'id': 72162}
1199371627,LONG,300,8,,,{'id': 8150}
1199371650,LONG,99900,1,,,{'id': 6471}
1199371668,LONG,90000,6,,,{'id': 6470}
1199371727,LONG,7700,3,,,{'id': 124437}
1199371916,LONG,1900,232,,,{'id': 33470}
1199372065,LONG,499900,2,,,{'id': 130182}
1199372079,LONG,499900,1,,,{'id': 130177}
1199372098,LONG,499900,8,,,{'id': 130176}
1199374122,LONG,499900,1,,,{'id': 130174}
1199374145,LONG,499900,6,,,{'id': 130173}
1199374164,LONG,299900,8,,,{'id': 130172}
1199374197,LONG,499900,8,,,{'id': 71810}
1199374220,LONG,499900,26,,,{'id': 71809}
1199374257,LONG,499900,35,,,{'id': 71808}
1199374291,LONG,499900,9,,,{'id': 71807}
1199374345,LONG,499900,4,,,{'id': 71806}
1199374438,LONG,499900,12,,,{'id': 71805}
1199374538,LONG,399900,11,,,{'id': 52193}
1199374558,LONG,499900,14,,,{'id': 52191}
1199374592,LONG,499900,16,,,{'id': 52190}
1199374645,LONG,499900,30,,,{'id': 52180}
1199374681,LONG,299900,63,,,{'id': 52177}
1199374719,LONG,99900,4,,,{'id': 52181}
1199374785,LONG,50000,50,,,{'id': 52182}
1199374818,LONG,50000,4,,,{'id': 32249}
1199374843,LONG,499900,2,,,{'id': 32231}
1199374888,LONG,499900,2,,,{'id': 32230}
1199374939,LONG,350000,4,,,{'id': 32229}
1199374977,LONG,249900,6,,,{'id': 32228}
1199375009,LONG,120000,3,,,{'id': 32227}
1199375090,LONG,99900,2,,,{'id': 23107}
1199376152,LONG,5000,1,,,{'id': 7910}
1199376176,LONG,1600,12,,,{'id': 7909}
1199376200,LONG,98900,3,,,{'id': 24479}
1199376224,LONG,9700,41,,,{'id': 24478}
1199376264,LONG,999900,1,,,{'id': 7971}
1199376280,LONG,80300,2,,,{'id': 3864}
1199376294,LONG,20000,4,,,{'id': 1529}
1199376310,LONG,1500,2,,,{'id': 1705}
1199376327,LONG,10000,2,,,{'id': 1210}
1199376342,LONG,150000,3,,,{'id': 5498}
1199376356,LONG,50000,3,,,{'id': 774}
1199376601,LONG,5999900,4,,,{'id': 39683}
1199376680,LONG,499900,29,,,{'id': 39682}
1199376737,LONG,99900,3,,,{'id': 4359}
1199376749,LONG,9900,2,,,{'id': 814}
1199376961,LONG,299900,8,,,{'id': 154127}
1199377042,LONG,99900,1,,,{'id': 18335}
1199378108,LONG,30000,60,,,{'id': 11754}
1199378198,LONG,30000,409,,,{'id': 142266}
1199378232,LONG,800,17,,,{'id': 162515}
1199378302,LONG,699900,3,,,{'id': 35622}
1199378351,LONG,12500,12,,,{'id': 152549}
1199378399,LONG,30000,49,,,{'id': 152547}
1199378438,LONG,10000,29,,,{'id': 152545}
1199378480,LONG,10000,13,,,{'id': 152544}
1199378517,LONG,10000,24,,,{'id': 152543}
1199379069,LONG,6500,3,,,{'id': 152495}
1199380213,LONG,,1,499900,,"{'id': 21371, 'context': 0}"
1199380240,LONG,,1,499900,,"{'id': 14499, 'context': 0}"
1199380285,LONG,,1,499900,,"{'id': 14512, 'context': 1}"
1199380344,LONG,,1,299900,,"{'id': 14494, 'context': 1}"
1199380383,LONG,,1,299900,,"{'id': 32753, 'context': 0}"
1199380384,LONG,,1,299900,,"{'id': 32753, 'context': 0}"
1199380386,LONG,,1,299900,,"{'id': 32753, 'context': 3}"
1199380388,LONG,,1,299900,,"{'id': 32753, 'context': 3}"
1199380465,LONG,,1,499900,,"{'id': 45103, 'context': 0}"
1199380467,LONG,,1,499900,,"{'id': 45103, 'context': 3, 'modifiers': [{'type': 28, 'value': 1020}]}"
1199380470,LONG,,1,499900,,"{'id': 45103, 'context': 3, 'modifiers': [{'type': 28, 'value': 1020}]}"
1199380503,LONG,,1,499900,,"{'id': 72004, 'context': 0}"
1199380507,LONG,,1,499900,,"{'id': 72004, 'context': 0}"
1199380540,LONG,,1,499900,,"{'id': 72003, 'context': 0}"
1199380541,LONG,,1,499900,,"{'id': 72003, 'context': 0}"
1199380543,LONG,,1,499900,,"{'id': 72003, 'context': 0}"
1199380545,LONG,,1,499900,,"{'id': 72003, 'context': 0}"
1199380548,LONG,,1,499900,,"{'id': 72003, 'context': 0}"
1199380550,LONG,,1,499900,,"{'id': 72003, 'context': 0}"
1199380566,LONG,,1,499900,,"{'id': 72002, 'context': 0}"
1199380604,LONG,,1,499900,,"{'id': 86382, 'context': 0}"
1199380605,LONG,,1,499900,,"{'id': 86382, 'context': 0}"
1199380606,LONG,,1,499900,,"{'id': 86382, 'context': 0}"
1199380607,LONG,,1,499900,,"{'id': 86382, 'context': 0}"
1199380608,LONG,,1,499900,,"{'id': 86382, 'context': 0}"
1199380639,LONG,,1,499900,,"{'id': 86379, 'context': 0}"
1199380640,LONG,,1,499900,,"{'id': 86379, 'context': 0}"
1199380643,LONG,,1,499900,,"{'id': 86379, 'context': 0}"
1199380645,LONG,,1,499900,,"{'id': 86379, 'context': 0, 'modifiers': [{'type': 28, 'value': 2003}]}"
1199380674,LONG,,1,148300,,"{'id': 15755, 'context': 0}"
1199380675,LONG,,1,148300,,"{'id': 15755, 'context': 1}"
1199380730,LONG,,1,199900,,"{'id': 15737, 'context': 1}"
1199380777,LONG,,1,499900,,"{'id': 32751, 'context': 0}"
1199380778,LONG,,1,499900,,"{'id': 32751, 'context': 0}"
1199380779,LONG,,1,499900,,"{'id': 32751, 'context': 0}"
1199380782,LONG,,1,499900,,"{'id': 32751, 'context': 0}"
1199380783,LONG,,1,499900,,"{'id': 32751, 'context': 0}"
1199380816,LONG,,1,499900,,"{'id': 32749, 'context': 3}"
1199380856,LONG,,1,499900,,"{'id': 32749, 'context': 0}"
1199380859,LONG,,1,499900,,"{'id': 32749, 'context': 0}"
1199380860,LONG,,1,499900,,"{'id': 32749, 'context': 0}"
1199380865,LONG,,1,499900,,"{'id': 32749, 'context': 0}"
1199380920,LONG,,1,499900,,"{'id': 45096, 'context': 3}"
1199380922,LONG,,1,499900,,"{'id': 45096, 'context': 3}"
1199380923,LONG,,1,499900,,"{'id': 45096, 'context': 3, 'modifiers': [{'type': 28, 'value': 1020}]}"
1199380924,LONG,,1,499900,,"{'id': 45096, 'context': 3}"
1199380960,LONG,,1,499900,,"{'id': 45095, 'context': 0}"
1199380962,LONG,,1,499900,,"{'id': 45095, 'context': 0}"
1199380963,LONG,,1,499900,,"{'id': 45095, 'context': 3}"
1199380966,LONG,,1,499900,,"{'id': 45095, 'context': 3}"
1199380967,LONG,,1,499900,,"{'id': 45095, 'context': 3}"
1199380969,LONG,,1,499900,,"{'id': 45095, 'context': 3}"
1199381004,LONG,,1,499900,,"{'id': 45094, 'context': 3}"
1199381005,LONG,,1,499900,,"{'id': 45094, 'context': 3}"
1199381041,LONG,,1,499900,,"{'id': 72011, 'context': 0}"
1199381042,LONG,,1,499900,,"{'id': 72011, 'context': 0}"
1199381044,LONG,,1,499900,,"{'id': 72011, 'context': 0}"
1199381045,LONG,,1,499900,,"{'id': 72011, 'context': 0}"
1199381046,LONG,,1,499900,,"{'id': 72011, 'context': 0}"
1199381047,LONG,,1,499900,,"{'id': 72011, 'context': 0}"
1199381073,LONG,,1,499900,,"{'id': 72010, 'context': 0}"
1199382107,LONG,,1,499900,,"{'id': 72009, 'context': 0}"
1199382111,LONG,,1,499900,,"{'id': 72009, 'context': 0}"
1199382115,LONG,,1,499900,,"{'id': 72009, 'context': 0}"
1199382117,LONG,,1,499900,,"{'id': 72009, 'context': 0}"
1199382151,LONG,,1,499900,,"{'id': 72008, 'context': 0}"
1199382153,LONG,,1,499900,,"{'id': 72008, 'context': 0}"
1199382155,LONG,,1,499900,,"{'id': 72008, 'context': 0}"
1199382158,LONG,,1,499900,,"{'id': 72008, 'context': 0}"
1199382161,LONG,,1,499900,,"{'id': 72008, 'context': 0}"
1199382162,LONG,,1,499900,,"{'id': 72008, 'context': 0}"
1199382163,LONG,,1,499900,,"{'id': 72008, 'context': 0}"
1199382188,LONG,,1,499900,,"{'id': 32747, 'context': 3}"
1199382213,LONG,,1,200000,,"{'id': 30308, 'context': 0}"
1199382214,LONG,,1,200000,,"{'id': 30308, 'context': 0}"
1199382217,LONG,,1,200000,,"{'id': 30308, 'context': 0}"
1199382241,LONG,,1,499900,,"{'id': 32745, 'context': 0}"
1199382277,LONG,,1,499900,,"{'id': 30307, 'context': 0}"
1199382281,LONG,,1,499900,,"{'id': 30307, 'context': 0}"
1199382319,LONG,,1,499900,,"{'id': 30305, 'context': 0}"
1199382322,LONG,,1,499900,,"{'id': 30305, 'context': 0}"
1199382323,LONG,,1,499900,,"{'id': 30305, 'context': 0}"
1199382324,LONG,,1,499900,,"{'id': 30305, 'context': 0}"
1199382389,LONG,,1,499900,,"{'id': 47631, 'context': 0}"
1199382391,LONG,,1,499900,,"{'id': 47631, 'context': 0}"
1199382420,LONG,,1,499900,,"{'id': 47629, 'context': 0, 'modifiers': [{'type': 28, 'value': 1988}]}"
1199382421,LONG,,1,499900,,"{'id': 47629, 'context': 0, 'modifiers': [{'type': 28, 'value': 1988}]}"
1199382422,LONG,,1,499900,,"{'id': 47629, 'context': 0, 'modifiers': [{'type': 28, 'value': 1988}]}"
1199382441,LONG,,1,499900,,"{'id': 45101, 'context': 3}"
1199382443,LONG,,1,499900,,"{'id': 45101, 'context': 3}"
1199382445,LONG,,1,499900,,"{'id': 45101, 'context': 3}"
1199382462,LONG,,1,499900,,"{'id': 45099, 'context': 3}"
1199382463,LONG,,1,499900,,"{'id': 45099, 'context': 3, 'modifiers': [{'type': 28, 'value': 1020}]}"
1199382481,LONG,,1,499900,,"{'id': 45098, 'context': 3}"
1199382482,LONG,,1,499900,,"{'id': 45098, 'context': 3}"
1199382484,LONG,,1,499900,,"{'id': 45098, 'context': 3}"
1199382525,LONG,,1,499900,,"{'id': 45097, 'context': 0}"
1199382529,LONG,,1,499900,,"{'id': 45097, 'context': 3}"
1199382530,LONG,,1,499900,,"{'id': 45097, 'context': 3, 'modifiers': [{'type': 28, 'value': 1020}]}"
1199382617,LONG,54373000,4,,,{'id': 112164}
1199382646,LONG,,1,450000,,"{'id': 16048, 'context': 1}"
1199382649,LONG,500000,10,,,{'id': 172406}
1199382650,LONG,,1,450000,,"{'id': 16048, 'context': 1}"
1199382654,LONG,,1,155994300,,"{'id': 118333, 'context': 0, 'modifiers': [{'type': 28, 'value': 755}]}"
1199382655,LONG,,1,450000,,"{'id': 16048, 'context': 1}"
1199382656,LONG,,1,450000,,"{'id': 16048, 'context': 1}"
1199382661,LONG,,1,450000,,"{'id': 16048, 'context': 1}"
1199382666,LONG,,1,450000,,"{'id': 16048, 'context': 1, 'modifiers': [{'type': 28, 'value': 201}]}"
1199382669,LONG,,1,450000,,"{'id': 16048, 'context': 1, 'modifiers': [{'type': 28, 'value': 201}]}"
1199382671,LONG,,1,450000,,"{'id': 16048, 'context': 1, 'modifiers': [{'type': 28, 'value': 201}]}"
1199382725,LONG,79990000,3,,,{'id': 38896}
1199382728,LONG,229800,2,,,{'id': 153434}
1199382732,LONG,,1,499900,,"{'id': 16251, 'context': 0}"
1199382734,LONG,,1,499900,,"{'id': 16251, 'context': 1}"
1199382737,LONG,,1,499900,,"{'id': 16251, 'context': 1, 'modifiers': [{'type': 28, 'value': 218}]}"
1199382824,LONG,,1,499900,,"{'id': 17725, 'context': 11}"
1199382857,LONG,,1,499900,,"{'id': 11225, 'context': 1}"
1199382928,LONG,,1,499900,,"{'id': 13494, 'context': 1}"
1199382930,LONG,,1,499900,,"{'id': 13494, 'context': 1}"
1199382934,LONG,,1,499900,,"{'id': 13494, 'context': 1}"
1199382938,LONG,,1,499900,,"{'id': 13494, 'context': 1}"
1199382981,LONG,,1,499900,,"{'id': 3830, 'context': 1}"
1199383019,LONG,,1,499900,,"{'id': 22220, 'context': 0, 'modifiers': [{'type': 28, 'value': 1006}]}"
1199384129,LONG,,1,499900,,"{'id': 12839, 'context': 1}"
1199384163,LONG,,1,499900,,"{'id': 11612, 'context': 1, 'modifiers': [{'type': 28, 'value': 201}]}"
1199384370,LONG,,1,230000000,,"{'id': 135479, 'context': 0}"
1199384428,LONG,,1,230000000,,"{'id': 135479, 'context': 0}"
1199384449,LONG,,1,705486500,698431600,"{'id': 10627, 'context': 1, 'bonus_lists': [6710], 'modifiers': [{'type': 9, 'value': 30}, {'type': 28, 'value': 216}]}"
1199384454,LONG,,1,36715000,34879300,"{'id': 14579, 'context': 0}"
1199384459,LONG,,1,8429800,8345500,"{'id': 10168, 'context': 1, 'bonus_lists': [6654, 1691], 'modifiers': [{'type': 9, 'value': 30}, {'type': 28, 'value': 216}]}"
1199384462,LONG,,1,117443300,116268900,"{'id': 9386, 'context': 1, 'bonus_lists': [6710], 'modifiers': [{'type': 9, 'value': 30}, {'type': 28, 'value': 217}]}"
1199384465,LONG,,1,15726500,15569200,"{'id': 14598, 'context': 1, 'bonus_lists': [6654], 'modifiers': [{'type': 9, 'value': 30}, {'type': 28, 'value': 209}]}"
1199384469,LONG,,1,5877100,5818300,"{'id': 10106, 'context': 1, 'bonus_lists': [6654, 1678], 'modifiers': [{'type': 9, 'value': 30}, {'type': 28, 'value': 216}]}"
1199384470,LONG,,1,3983700,3784500,"{'id': 6601, 'context': 1, 'bonus_lists': [6654, 1681], 'modifiers': [{'type': 9, 'value': 30}, {'type': 28, 'value': 210}]}"
1199384474,LONG,,1,3130900,3099600,"{'id': 15287, 'context': 1, 'bonus_lists': [6655, 1706], 'modifiers': [{'type': 9, 'value': 30}, {'type': 28, 'value': 209}]}"
1199384479,LONG,,1,89990000,89090100,"{'id': 15742, 'context': 1}"
1199384482,LONG,,1,89990000,89090100,"{'id': 15742, 'context': 0}"
1199384485,LONG,,1,89990000,89090100,"{'id': 15742, 'context': 0}"
1199384487,LONG,,1,39186700,38794800,"{'id': 7487, 'context': 1, 'bonus_lists': [6654, 1679], 'modifiers': [{'type': 9, 'value': 30}, {'type': 28, 'value': 217}]}"
1199384490,LONG,,1,179980000,178180200,"{'id': 82800, 'context': 0, 'pet_breed_id': 5, 'pet_level': 1, 'pet_quality_id': 3, 'pet_species_id': 848}"
1199384495,LONG,,1,230000000,,"{'id': 135479, 'context': 0}"
1199384497,LONG,,1,179980000,178180200,"{'id': 82800, 'context': 0, 'pet_breed_id': 13, 'pet_level': 1, 'pet_quality_id': 3, 'pet_species_id': 848}"
1199384498,LONG,,1,29762500,29464900,"{'id': 15165, 'context': 1, 'bonus_lists': [6654, 1707], 'modifiers': [{'type': 9, 'value': 30}, {'type': 28, 'value': 209}]}"
1199384501,LONG,,1,29999900,,"{'id': 82800, 'context': 0, 'modifiers': [{'type': 6, 'value': 39109}], 'pet_breed_id': 13, 'pet_level': 1, 'pet_quality_id': 2, 'pet_species_id': 340}"
1199384503,LONG,,1,16731700,16564400,"{'id': 8311, 'context': 1, 'bonus_lists': [6654], 'modifiers': [{'type': 9, 'value': 30}, {'type': 28, 'value': 216}]}"
1199384507,LONG,,1,25791400,25533500,"{'id': 4352, 'context': 1}"
1199384508,LONG,,1,23063100,22832500,"{'id': 15597, 'context': 1, 'bonus_lists': [6654, 1691], 'modifiers': [{'type': 9, 'value': 30}, {'type': 28, 'value': 209}]}"
1199384510,LONG,,1,4107900,4066800,"{'id': 16215, 'context': 1, 'modifiers': [{'type': 28, 'value': 216}]}"
1199384512,LONG,,1,18983100,18793300,"{'id': 14665, 'context': 1, 'bonus_lists': [6654], 'modifiers': [{'type': 9, 'value': 30}, {'type': 28, 'value': 209}]}"
1199384516,LONG,,1,29147200,28855700,"{'id': 14841, 'context': 1, 'bonus_lists': [6654], 'modifiers': [{'type': 9, 'value': 30}, {'type': 28, 'value': 209}]}"
1199384520,LONG,,1,19981500,19781700,"{'id': 14592, 'context': 1, 'bonus_lists': [6654], 'modifiers': [{'type': 9, 'value': 30}, {'type': 28, 'value': 209}]}"
1199384523,LONG,,1,3343200,3176000,"{'id': 2819, 'context': 1, 'bonus_lists': [6655, 1693], 'modifiers': [{'type': 9, 'value': 30}, {'type': 28, 'value': 210}]}"
1199384527,LONG,,1,11039900,10929500,"{'id': 14240, 'context': 1, 'bonus_lists': [6654, 1705], 'modifiers': [{'type': 9, 'value': 30}, {'type': 28, 'value': 209}]}"
1199384530,LONG,,1,14589000,13859600,"{'id': 10169, 'context': 0, 'bonus_lists': [6654, 1691], 'modifiers': [{'type': 9, 'value': 30}, {'type': 28, 'value': 25}]}"
1199384531,LONG,,1,8287000,8204100,"{'id': 9894, 'context': 1, 'bonus_lists': [6654, 1708], 'modifiers': [{'type': 9, 'value': 30}, {'type': 28, 'value': 217}]}"
1199384532,LONG,,1,10985700,10875800,"{'id': 14307, 'context': 1, 'bonus_lists': [1680]}"
1199384533,LONG,,1,11251500,11139000,"{'id': 4417, 'context': 1, 'modifiers': [{'type': 28, 'value': 209}]}"
1199384538,LONG,,1,17454900,17280400,"{'id': 15392, 'context': 54, 'bonus_lists': [1679, 4277], 'modifiers': [{'type': 9, 'value': 40}]}"
1199384539,LONG,,1,6763600,6696000,"{'id': 11208, 'context': 1, 'modifiers': [{'type': 28, 'value': 209}]}"
1199384541,LONG,,1,90362000,85843900,"{'id': 31281, 'context': 0}"
1199384543,LONG,,1,10381600,10277800,"{'id': 6419, 'context': 1, 'bonus_lists': [6654], 'modifiers': [{'type': 9, 'value': 30}, {'type': 28, 'value': 217}]}"
1199384546,LONG,,1,27807500,26417100,"{'id': 4074, 'context': 1}"
1199384548,LONG,,1,275457200,261684300,"{'id': 43256, 'context': 0}"
1199384555,LONG,,1,7548400,7472900,"{'id': 6614, 'context': 1, 'bonus_lists': [6654, 1708], 'modifiers': [{'type': 9, 'value': 30}, {'type': 28, 'value': 204}]}"
1199384558,LONG,,1,10038200,9937800,"{'id': 14902, 'context': 1, 'bonus_lists': [6655, 1694], 'modifiers': [{'type': 9, 'value': 30}, {'type': 28, 'value': 209}]}"
1199384561,LONG,,1,1496700,1481700,"{'id': 21949, 'context': 1, 'modifiers': [{'type': 28, 'value': 216}]}"
1199384562,LONG,,1,230000000,,"{'id': 135479, 'context': 0}"
1199384563,LONG,,1,609638700,603542300,"{'id': 6046, 'context': 1, 'modifiers': [{'type': 28, 'value': 209}]}"
1199384565,LONG,,1,3738500,3701100,"{'id': 10188, 'context': 1, 'bonus_lists': [6654, 1694], 'modifiers': [{'type': 9, 'value': 30}, {'type': 28, 'value': 216}]}"
1199384568,LONG,,1,128788800,127500900,"{'id': 12827, 'context': 1}"
1199384572,LONG,,1,3992500,3952600,"{'id': 10110, 'context': 1, 'bonus_lists': [6654, 1693], 'modifiers': [{'type': 9, 'value': 30}, {'type': 28, 'value': 216}]}"
1199384574,LONG,,1,133874400,132535700,"{'id': 8190, 'context': 0}"
1199384576,LONG,,1,25073500,24822800,"{'id': 15639, 'context': 53, 'bonus_lists': [1694, 4277], 'modifiers': [{'type': 9, 'value': 40}]}"
1199384578,LONG,,1,25158900,,"{'id': 8264, 'context': 1, 'bonus_lists': [6654], 'modifiers': [{'type': 9, 'value': 30}, {'type': 28, 'value': 216}]}"
1199384579,LONG,,1,28101600,27820600,"{'id': 8137, 'context': 1, 'bonus_lists': [6654], 'modifiers': [{'type': 9, 'value': 30}, {'type': 28, 'value': 217}]}"
1199384582,LONG,,1,618940700,587993700,"{'id': 7728, 'context': 0}"
1199384584,LONG,,1,38173700,37792000,"{'id': 14821, 'context': 1, 'bonus_lists': [6654], 'modifiers': [{'type': 9, 'value': 30}, {'type': 28, 'value': 209}]}"
1199384586,LONG,,1,11990000,11870100,"{'id': 4416, 'context': 1, 'modifiers': [{'type': 28, 'value': 211}]}"
1199384589,LONG,,1,22878800,22650000,"{'id': 11990, 'context': 1, 'bonus_lists': [6654, 1709], 'modifiers': [{'type': 9, 'value': 30}, {'type': 28, 'value': 216}]}"
1199384591,LONG,,1,17849700,17671200,"{'id': 15183, 'context': 54, 'bonus_lists': [1706, 4277], 'modifiers': [{'type': 9, 'value': 40}]}"
1199384594,LONG,,1,18372900,18189200,"{'id': 9919, 'context': 1, 'bonus_lists': [6654, 1691], 'modifiers': [{'type': 9, 'value': 30}, {'type': 28, 'value': 217}]}"
1199384597,LONG,,1,44902400,42657300,"{'id': 6386, 'context': 1, 'bonus_lists': [6654], 'modifiers': [{'type': 9, 'value': 30}, {'type': 28, 'value': 204}]}"
1199384599,LONG,,1,26504800,26239800,"{'id': 14776, 'context': 1, 'bonus_lists': [6654], 'modifiers': [{'type': 9, 'value': 30}, {'type': 28, 'value': 209}]}"
1199384600,LONG,,1,4027400,3987100,"{'id': 10166, 'context': 1, 'bonus_lists': [6654, 1707], 'modifiers': [{'type': 9, 'value': 30}, {'type': 28, 'value': 216}]}"
1199384601,LONG,,1,14141100,13999700,"{'id': 9855, 'context': 1, 'bonus_lists': [6654, 1681], 'modifiers': [{'type': 9, 'value': 30}, {'type': 28, 'value': 217}]}"
1199384603,LONG,,1,21607100,21391000,"{'id': 6045, 'context': 1, 'modifiers': [{'type': 28, 'value': 217}]}"
1199384605,LONG,,1,65005300,64355200,"{'id': 8158, 'context': 1, 'bonus_lists': [6654], 'modifiers': [{'type': 9, 'value': 30}, {'type': 28, 'value': 209}]}"
1199384607,LONG,,1,65005300,64355200,"{'id': 8158, 'context': 1, 'bonus_lists': [6654], 'modifiers': [{'type': 9, 'value': 30}, {'type': 28, 'value': 209}]}"
1199384609,LONG,,1,10825300,10717000,"{'id': 10084, 'context': 1, 'bonus_lists': [6654, 1677], 'modifiers': [{'type': 9, 'value': 30}, {'type': 28, 'value': 216}]}"
1199384613,LONG,,1,27873200,26479500,"{'id': 7465, 'context': 1, 'bonus_lists': [6655, 1707], 'modifiers': [{'type': 9, 'value': 30}, {'type': 28, 'value': 211}]}"
1199384614,LONG,,1,267946700,254549400,"{'id': 13034, 'context': 0}"
1199384615,LONG,,1,267946700,254549400,"{'id': 13034, 'context': 0}"
1199384616,LONG,,1,36982300,35133200,"{'id': 9406, 'context': 1}"
1199384620,LONG,335900,8,,,{'id': 4232}
1199384622,LONG,,1,5285200,5232300,"{'id': 15217, 'context': 1, 'bonus_lists': [6655, 1709], 'modifiers': [{'type': 9, 'value': 30}, {'type': 28, 'value': 216}]}"
1199384625,LONG,13819900,1,,,{'id': 19278}
1199384627,LONG,,1,828000,,"{'id': 71029, 'context': 3, 'modifiers': [{'type': 28, 'value': 1029}]}"
1199384628,LONG,,1,38932300,38543000,"{'id': 15582, 'context': 1, 'bonus_lists': [6654, 1679], 'modifiers': [{'type': 9, 'value': 30}, {'type': 28, 'value': 209}]}"
1199384629,LONG,,1,11188500,11076600,"{'id': 7520, 'context': 0, 'bonus_lists': [6654, 1707], 'modifiers': [{'type': 9, 'value': 30}, {'type': 28, 'value': 31}]}"
1199384634,LONG,,1,4112100,4071000,"{'id': 6591, 'context': 1, 'bonus_lists': [6654, 1708], 'modifiers': [{'type': 9, 'value': 30}, {'type': 28, 'value': 204}]}"
1199384638,LONG,,1,18802600,18614600,"{'id': 12015, 'context': 1, 'bonus_lists': [6654, 1709], 'modifiers': [{'type': 9, 'value': 30}, {'type': 28, 'value': 216}]}"
1199384644,LONG,,1,316274200,300460500,"{'id': 136350, 'context': 11}"
1199384648,LONG,,1,52857000,50214200,"{'id': 43132, 'context': 0}"
1199384650,LONG,,1,18025100,17844800,"{'id': 15666, 'context': 1, 'bonus_lists': [1709]}"
1199384653,LONG,,1,21028500,20818200,"{'id': 14863, 'context': 1}"
1199384654,LONG,,1,28671700,27238100,"{'id': 7354, 'context': 1, 'bonus_lists': [6654, 1709], 'modifiers': [{'type': 9, 'value': 30}, {'type': 28, 'value': 211}]}"
1199384656,LONG,,1,25054700,24804200,"{'id': 5774, 'context': 1, 'modifiers': [{'type': 28, 'value': 211}]}"
1199384661,LONG,,1,46819400,,"{'id': 4727, 'context': 1, 'bonus_lists': [6654], 'modifiers': [{'type': 9, 'value': 30}, {'type': 28, 'value': 209}]}"
1199384665,LONG,,1,11191200,10631600,"{'id': 9823, 'context': 1, 'bonus_lists': [6654, 1707], 'modifiers': [{'type': 9, 'value': 30}, {'type': 28, 'value': 211}]}"
1199384666,LONG,,1,975300,,"{'id': 177773, 'context': 3, 'bonus_lists': [6907, 6652, 7194, 1699], 'modifiers': [{'type': 9, 'value': 60}, {'type': 28, 'value': 751}]}"
1199384667,LONG,,1,49969500,49469800,"{'id': 55042, 'context': 0}"
1199384668,LONG,,1,15686200,15529300,"{'id': 14843, 'context': 54, 'bonus_lists': [4277], 'modifiers': [{'type': 9, 'value': 40}]}"
1199384671,LONG,,1,3846800,,"{'id': 15225, 'context': 1, 'bonus_lists': [6655, 1707], 'modifiers': [{'type': 9, 'value': 30}, {'type': 28, 'value': 211}]}"
1199384674,LONG,,1,110990000,109880100,"{'id': 66964, 'context': 0}"
1199384678,LONG,,1,3420100,3385900,"{'id': 10177, 'context': 1, 'bonus_lists': [6654, 1681], 'modifiers': [{'type': 9, 'value': 30}, {'type': 28, 'value': 216}]}"
1199384680,LONG,,1,21743100,21525700,"{'id': 15610, 'context': 1, 'bonus_lists': [6654, 1707], 'modifiers': [{'type': 9, 'value': 30}, {'type': 28, 'value': 209}]}"
1199384684,LONG,,1,34982700,33233600,"{'id': 4079, 'context': 1}"
1199384688,LONG,,1,10913600,10804500,"{'id': 14781, 'context': 1, 'bonus_lists': [6654], 'modifiers': [{'type': 9, 'value': 30}, {'type': 28, 'value': 209}]}"
1199384693,LONG,,1,7752000,7364400,"{'id': 15231, 'context': 1, 'bonus_lists': [6655, 1695], 'modifiers': [{'type': 9, 'value': 30}, {'type': 28, 'value': 211}]}"
1199384696,LONG,,1,20855400,,"{'id': 4044, 'context': 1, 'bonus_lists': [6654], 'modifiers': [{'type': 9, 'value': 30}, {'type': 28, 'value': 209}]}"
1199384699,LONG,,1,17925600,17746300,"{'id': 8267, 'context': 1, 'bonus_lists': [6654], 'modifiers': [{'type': 9, 'value': 30}, {'type': 28, 'value': 216}]}"
1199384701,LONG,,1,99990000,,"{'id': 176773, 'context': 0, 'bonus_lists': [6907, 6652, 1685], 'modifiers': [{'type': 9, 'value': 60}, {'type': 28, 'value': 2060}]}"
1199384703,LONG,,1,17925600,17746300,"{'id': 8267, 'context': 1, 'bonus_lists': [6654], 'modifiers': [{'type': 9, 'value': 30}, {'type': 28, 'value': 216}]}"
1199384708,LONG,,1,5825200,5766900,"{'id': 10072, 'context': 1, 'bonus_lists': [6654, 1677], 'modifiers': [{'type': 9, 'value': 30}, {'type': 28, 'value': 216}]}"
1199384710,LONG,,1,11736700,11619300,"{'id': 15664, 'context': 1, 'bonus_lists': [1691]}"
1199384715,LONG,,1,13914000,13774900,"{'id': 8119, 'context': 1, 'bonus_lists': [6654], 'modifiers': [{'type': 9, 'value': 30}, {'type': 28, 'value': 216}]}"
1199384719,LONG,9990000,1,,,{'id': 19279}
1199384723,LONG,,1,5991900,5932000,"{'id': 10122, 'context': 1, 'bonus_lists': [6654, 1678], 'modifiers': [{'type': 9, 'value': 30}, {'type': 28, 'value': 216}]}"
1199384729,LONG,,1,45089700,44638800,"{'id': 14318, 'context': 1, 'bonus_lists': [1693]}"
1199384732,LONG,,1,12355500,12231900,"{'id': 14248, 'context': 1, 'bonus_lists': [6654, 1705], 'modifiers': [{'type': 9, 'value': 30}, {'type': 28, 'value': 209}]}"
1199384735,LONG,,1,5000000,,"{'id': 176977, 'context': 1, 'bonus_lists': [6907, 43, 1684], 'modifiers': [{'type': 9, 'value': 60}, {'type': 28, 'value': 747}]}"
1199384738,LONG,,1,6513300,6448200,"{'id': 14270, 'context': 1, 'bonus_lists': [6654, 1708], 'modifiers': [{'type': 9, 'value': 30}, {'type': 28, 'value': 209}]}"
1199384742,LONG,,1,653800,647300,"{'id': 12683, 'context': 1, 'modifiers': [{'type': 28, 'value': 216}]}"
1199384744,LONG,,1,653800,647300,"{'id': 12683, 'context': 1, 'modifiers': [{'type': 28, 'value': 216}]}"
1199384751,LONG,,1,41892400,39797800,"{'id': 4040, 'context': 1, 'bonus_lists': [6654], 'modifiers': [{'type': 9, 'value': 30}, {'type': 28, 'value': 211}]}"
1199384756,LONG,17808400,1,,,{'id': 19270}
1199384762,LONG,,1,6591200,6525300,"{'id': 10231, 'context': 1, 'bonus_lists': [6654, 1708], 'modifiers': [{'type': 9, 'value': 30}, {'type': 28, 'value': 216}]}"
1199384765,LONG,,1,19354400,19160900,"{'id': 14782, 'context': 1, 'bonus_lists': [6654], 'modifiers': [{'type': 9, 'value': 30}, {'type': 28, 'value': 209}]}"
1199384770,LONG,,1,5689800,5632900,"{'id': 21940, 'context': 1, 'modifiers': [{'type': 28, 'value': 217}]}"
1199384772,LONG,,1,99990000,,"{'id': 176773, 'context': 0, 'bonus_lists': [6907, 6652, 1679], 'modifiers': [{'type': 9, 'value': 60}, {'type': 28, 'value': 1707}]}"
1199384776,LONG,,1,24979800,24730000,"{'id': 8106, 'context': 1, 'bonus_lists': [6654], 'modifiers': [{'type': 9, 'value': 30}, {'type': 28, 'value': 216}]}"
1199384779,LONG,,1,23602800,22422700,"{'id': 8319, 'context': 1, 'bonus_lists': [6654], 'modifiers': [{'type': 9, 'value': 30}, {'type': 28, 'value': 216}]}"
1199386571,LONG,98900,1,,,{'id': 109599}
1199386587,LONG,,1,299900,,"{'id': 14494, 'context': 0}"
1199386616,LONG,,1,499900,,"{'id': 10312, 'context': 1}"
1199386623,LONG,,1,2000900,,"{'id': 40772, 'context': 0}"
1199386628,LONG,,1,2000900,,"{'id': 40772, 'context': 0}"
1199386648,LONG,,1,499900,,"{'id': 10302, 'context': 1}"
1199386663,LONG,,1,499900,,"{'id': 10301, 'context': 1, 'modifiers': [{'type': 28, 'value': 201}]}"
1199386688,LONG,,1,499900,,"{'id': 10300, 'context': 1, 'modifiers': [{'type': 28, 'value': 218}]}"
1199386708,LONG,,1,299900,,"{'id': 2598, 'context': 1}"
1199386725,LONG,,1,499900,,"{'id': 30283, 'context': 0}"
1199386726,LONG,,1,499900,,"{'id': 30283, 'context': 0}"
1199386728,LONG,,1,499900,,"{'id': 30283, 'context': 0}"
1199386730,LONG,,1,499900,,"{'id': 30283, 'context': 0}"
1199386758,LONG,,1,499900,,"{'id': 30282, 'context': 0}"
1199386759,LONG,,1,499900,,"{'id': 30282, 'context': 0, 'modifiers': [{'type': 28, 'value': 1011}]}"
1199386763,LONG,,1,499900,,"{'id': 30282, 'context': 0, 'modifiers': [{'type': 28, 'value': 1011}]}"
1199386771,LONG,1970000,14,,,{'id': 76061}
1199386781,LONG,,1,499900,,"{'id': 47656, 'context': 0, 'modifiers': [{'type': 28, 'value': 1988}]}"
1199386816,LONG,140000,2,,,{'id': 2677}
1199386855,LONG,,1,499900,,"{'id': 45104, 'context': 3}"
1199386857,LONG,,1,499900,,"{'id': 45104, 'context': 3}"
1199386859,LONG,80000,25,,,{'id': 38557}
1199386882,LONG,,1,499900,,"{'id': 45103, 'context': 3}"
1199386943,LONG,,1,499900,,"{'id': 45102, 'context': 3}"
1199386961,LONG,71100,14,,,{'id': 6532}
1199386996,LONG,,1,499900,,"{'id': 72002, 'context': 0}"
1199386998,LONG,,1,499900,,"{'id': 72002, 'context': 0}"
1199387000,LONG,,1,499900,,"{'id': 72002, 'context': 0}"
1199387001,LONG,,1,499900,,"{'id': 72002, 'context': 0}"
1199387004,LONG,,1,499900,,"{'id': 72002, 'context': 0}"
1199387007,LONG,,1,499900,,"{'id': 72002, 'context': 0}"
1199387029,LONG,1099000,3,,,{'id': 168583}
1199387059,LONG,,1,499900,,"{'id': 72007, 'context': 0}"
1199387062,LONG,,1,499900,,"{'id': 72007, 'context': 0}"
1199387066,LONG,,1,499900,,"{'id': 72007, 'context': 0}"
1199387067,LONG,,1,499900,,"{'id': 72007, 'context': 0}"
1199387071,LONG,,1,499900,,"{'id': 72007, 'context': 0}"
1199387072,LONG,,1,499900,,"{'id': 72007, 'context': 0}"
1199389113,LONG,,1,499900,,"{'id': 72006, 'context': 0}"
1199389137,LONG,,1,499900,,"{'id': 72005, 'context': 0}"
1199389138,LONG,,1,499900,,"{'id': 72005, 'context': 0}"
1199389139,LONG,,1,499900,,"{'id': 72005, 'context': 0}"
1199389141,LONG,,1,499900,,"{'id': 72005, 'context': 0}"
1199389143,LONG,,1,499900,,"{'id': 72005, 'context': 0}"
1199389183,LONG,,1,499900,,"{'id': 71999, 'context': 0}"
1199389185,LONG,,1,499900,,"{'id': 71999, 'context': 0}"
1199389236,LONG,10000000,1,,,{'id': 20520}
1199389254,LONG,,1,499900,,"{'id': 86297, 'context': 0}"
1199389257,LONG,,1,499900,,"{'id': 86297, 'context': 0}"
1199389260,LONG,,1,499900,,"{'id': 86297, 'context': 0}"
1199389262,LONG,,1,499900,,"{'id': 86297, 'context': 0}"
1199389265,LONG,,1,499900,,"{'id': 86297, 'context': 0}"
1199389267,LONG,,1,499900,,"{'id': 86297, 'context': 0}"
1199389270,LONG,,1,499900,,"{'id': 86297, 'context': 0}"
1199389306,LONG,,1,480000,,"{'id': 86284, 'context': 0}"
1199389309,LONG,,1,480000,,"{'id': 86284, 'context': 0}"
1199389341,LONG,,1,399500,,"{'id': 86283, 'context': 0, 'modifiers': [{'type': 28, 'value': 1034}]}"
1199389359,LONG,2930500,5,,,{'id': 74247}
1199389387,LONG,,1,200000,,"{'id': 86281, 'context': 0}"
1199389477,LONG,,1,499900,,"{'id': 86280, 'context': 0}"
1199389481,LONG,,1,499900,,"{'id': 86280, 'context': 0}"
1199389483,LONG,,1,499900,,"{'id': 86280, 'context': 0}"
1199389487,LONG,,1,499900,,"{'id': 86280, 'context': 0}"
1199389488,LONG,,1,499900,,"{'id': 86280, 'context': 0}"
1199389539,LONG,,1,499900,,"{'id': 86279, 'context': 0}"
1199389541,LONG,,1,499900,,"{'id': 86279, 'context': 0}"
1199389552,LONG,30000,15,,,{'id': 6450}
1199389592,LONG,,1,499900,,"{'id': 86272, 'context': 0}"
1199389593,LONG,,1,499900,,"{'id': 86272, 'context': 0}"
1199389595,LONG,,1,499900,,"{'id': 86272, 'context': 0}"
1199389597,LONG,,1,499900,,"{'id': 86272, 'context': 0}"
1199389607,LONG,54500,18,,,{'id': 172092}
1199389613,LONG,,1,499900,,"{'id': 21949, 'context': 1}"
1199389654,LONG,9000,14,,,{'id': 153051}
1199389669,LONG,,1,499900,,"{'id': 22539, 'context': 14, 'modifiers': [{'type': 28, 'value': 223}]}"
1199389671,LONG,,1,499900,,"{'id': 22539, 'context': 14, 'modifiers': [{'type': 28, 'value': 223}]}"
1199389687,LONG,,1,499900,,"{'id': 11612, 'context': 1}"
1199389688,LONG,,1,499900,,"{'id': 11612, 'context': 1}"
1199389690,LONG,,1,499900,,"{'id': 11612, 'context': 1, 'modifiers': [{'type': 28, 'value': 201}]}"
1199389698,LONG,500000,2,,,{'id': 170554}
1199389702,LONG,,1,499900,,"{'id': 11611, 'context': 1, 'modifiers': [{'type': 28, 'value': 201}]}"
1199389703,LONG,,1,499900,,"{'id': 11611, 'context': 1, 'modifiers': [{'type': 28, 'value': 201}]}"
1199389719,LONG,,1,399900,,"{'id': 11610, 'context': 1}"
1199389757,LONG,,1,499900,,"{'id': 7976, 'context': 0}"
1199389760,LONG,,1,499900,,"{'id': 7976, 'context': 1}"
1199389806,LONG,,1,499900,,"{'id': 12713, 'context': 0}"
1199389808,LONG,,1,499900,,"{'id': 12713, 'context': 0}"
1199389810,LONG,,1,499900,,"{'id': 12713, 'context': 1}"
1199389813,LONG,,1,499900,,"{'id': 12713, 'context': 1}"
1199389816,LONG,,1,499900,,"{'id': 12713, 'context': 1, 'modifiers': [{'type': 28, 'value': 220}]}"
1199389844,LONG,,1,499900,,"{'id': 12697, 'context': 1}"
1199389877,LONG,,1,499900,,"{'id': 12694, 'context': 0}"
1199389878,LONG,,1,499900,,"{'id': 12694, 'context': 1}"
1199389911,LONG,,1,499900,,"{'id': 12693, 'context': 0}"
1199389946,LONG,,1,499900,,"{'id': 12691, 'context': 1}"
1199389976,LONG,,1,499900,,"{'id': 12689, 'context': 1}"
1199389978,LONG,,1,499900,,"{'id': 12689, 'context': 1, 'modifiers': [{'type': 28, 'value': 201}]}"
1199390002,LONG,,1,499900,,"{'id': 12683, 'context': 1}"
1199390031,LONG,,1,499900,,"{'id': 12682, 'context': 1}"
1199390078,LONG,,1,499900,,"{'id': 3874, 'context': 1, 'modifiers': [{'type': 28, 'value': 281}]}"
1199391130,LONG,,1,399900,,"{'id': 3610, 'context': 1}"
1199391181,LONG,,1,499900,,"{'id': 32737, 'context': 3}"
1199391183,LONG,,1,499900,,"{'id': 32737, 'context': 3}"
1199391229,LONG,,1,499900,,"{'id': 30324, 'context': 0}"
1199391231,LONG,,1,499900,,"{'id': 30324, 'context': 0}"
1199391234,LONG,,1,499900,,"{'id': 30324, 'context': 0}"
1199391237,LONG,,1,499900,,"{'id': 30324, 'context': 0}"
1199391281,LONG,,1,499900,,"{'id': 30323, 'context': 0}"
1199391282,LONG,,1,499900,,"{'id': 30323, 'context': 0}"
1199391285,LONG,,1,499900,,"{'id': 30323, 'context': 0}"
1199391286,LONG,,1,499900,,"{'id': 30323, 'context': 0}"
1199391330,LONG,,1,499900,,"{'id': 47627, 'context': 0}"
1199391332,LONG,,1,499900,,"{'id': 47627, 'context': 0}"
1199391333,LONG,,1,499900,,"{'id': 47627, 'context': 0}"
1199391401,LONG,,1,499900,,"{'id': 47626, 'context': 0}"
1199391403,LONG,,1,499900,,"{'id': 47626, 'context': 0}"
1199391410,LONG,,1,499900,,"{'id': 47626, 'context': 0}"
1199391439,LONG,,1,73254100,,"{'id': 4790, 'context': 14, 'modifiers': [{'type': 28, 'value': 3}]}"
1199391510,LONG,,1,499900,,"{'id': 45093, 'context': 0}"
1199391512,LONG,,1,499900,,"{'id': 45093, 'context': 3}"
1199391523,LONG,,1,79990000,,"{'id': 4795, 'context': 14, 'modifiers': [{'type': 28, 'value': 3}]}"
1199391546,LONG,,1,499900,,"{'id': 45091, 'context': 3}"
1199391548,LONG,,1,499900,,"{'id': 45091, 'context': 3}"
1199391550,LONG,,1,499900,,"{'id': 45091, 'context': 3, 'modifiers': [{'type': 28, 'value': 1020}]}"
1199391582,LONG,,1,499900,,"{'id': 45090, 'context': 0}"
1199391625,LONG,,1,499900,,"{'id': 45089, 'context': 0}"
1199391627,LONG,,1,499900,,"{'id': 45089, 'context': 3}"
1199391651,LONG,,1,499900,,"{'id': 72016, 'context': 0}"
1199391652,LONG,,1,499900,,"{'id': 72016, 'context': 0}"
1199391653,LONG,,1,499900,,"{'id': 72016, 'context': 0}"
1199391654,LONG,,1,499900,,"{'id': 72016, 'context': 0}"
1199391656,LONG,,1,499900,,"{'id': 72016, 'context': 0}"
1199391657,LONG,,1,499900,,"{'id': 72016, 'context': 0}"
1199391658,LONG,,1,499900,,"{'id': 72016, 'context': 0}"
1199391670,LONG,,1,79990000,,"{'id': 4794, 'context': 14, 'modifiers': [{'type': 28, 'value': 3}]}"
1199391695,LONG,,1,499900,,"{'id': 72015, 'context': 0}"
1199391697,LONG,,1,499900,,"{'id': 72015, 'context': 0}"
1199391700,LONG,,1,499900,,"{'id': 72015, 'context': 0}"
1199391701,LONG,,1,499900,,"{'id': 72015, 'context': 0}"
1199391704,LONG,,1,499900,,"{'id': 72015, 'context': 0}"
1199391707,LONG,,1,499900,,"{'id': 72015, 'context': 0}"
1199391709,LONG,,1,499900,,"{'id': 72015, 'context': 0}"
1199391711,LONG,,1,499900,,"{'id': 72015, 'context': 0}"
1199391715,LONG,,1,499900,,"{'id': 72015, 'context': 0}"
1199391717,LONG,,1,499900,,"{'id': 72015, 'context': 0}"
1199391727,LONG,5200000,3,,,{'id': 177715}
1199391731,LONG,,1,2600000,,"{'id': 82800, 'context': 0, 'modifiers': [{'type': 6, 'value': 78243}], 'pet_breed_id': 16, 'pet_level': 1, 'pet_quality_id': 3, 'pet_species_id': 2569}"
1199391734,LONG,200000,6,,,{'id': 153435}
1199391736,LONG,,1,4100000,,"{'id': 172265, 'context': 13, 'bonus_lists': [6893], 'modifiers': [{'type': 9, 'value': 50}, {'type': 28, 'value': 391}, {'type': 29, 'value': 32}, {'type': 30, 'value': 36}]}"
1199391740,LONG,,1,4100000,,"{'id': 172265, 'context': 13, 'bonus_lists': [6893], 'modifiers': [{'type': 9, 'value': 50}, {'type': 28, 'value': 391}, {'type': 29, 'value': 49}, {'type': 30, 'value': 40}]}"
1199391743,LONG,3395800,9,,,{'id': 175053}
1199391753,LONG,,1,79990000,,"{'id': 116694, 'context': 1, 'bonus_lists': [6655, 56], 'modifiers': [{'type': 9, 'value': 40}, {'type': 28, 'value': 270}]}"
1199391755,LONG,32800,36,,,{'id': 94288}
1199391822,LONG,,1,499900,,"{'id': 18229, 'context': 0}"
1199391825,LONG,,1,499900,,"{'id': 18229, 'context': 0}"
1199391826,LONG,,1,79990000,,"{'id': 4781, 'context': 14, 'modifiers': [{'type': 28, 'value': 3}]}"
1199391827,LONG,,1,499900,,"{'id': 18229, 'context': 0}"
1199391830,LONG,,1,499900,,"{'id': 18229, 'context': 0}"
1199391857,LONG,,1,42023400,,"{'id': 116628, 'context': 2, 'bonus_lists': [6655, 52], 'modifiers': [{'type': 9, 'value': 40}, {'type': 28, 'value': 1143}]}"
1199391981,LONG,,1,89990000,,"{'id': 86849, 'context': 0}"
1199392029,LONG,,1,98481900,,"{'id': 4793, 'context': 14, 'modifiers': [{'type': 28, 'value': 3}]}"
1199392054,LONG,,1,86373100,,"{'id': 4792, 'context': 14, 'modifiers': [{'type': 28, 'value': 3}]}"
1199394101,LONG,,1,79990000,799900,"{'id': 106592, 'context': 1, 'bonus_lists': [6654, 55], 'modifiers': [{'type': 9, 'value': 40}, {'type': 28, 'value': 269}]}"
1199394148,LONG,,1,89990000,,"{'id': 4065, 'context': 1}"
1199394182,LONG,,1,89990000,,"{'id': 106633, 'context': 2, 'bonus_lists': [6654, 24], 'modifiers': [{'type': 9, 'value': 40}, {'type': 28, 'value': 1145}]}"
1199394250,LONG,,1,89990000,,"{'id': 4796, 'context': 14, 'modifiers': [{'type': 28, 'value': 3}]}"
1199394287,LONG,,1,89990000,,"{'id': 106622, 'context': 2, 'bonus_lists': [6654, 150], 'modifiers': [{'type': 9, 'value': 40}, {'type': 28, 'value': 1145}]}"
1199394347,LONG,,1,89990000,,"{'id': 106454, 'context': 1, 'bonus_lists': [6654, 61], 'modifiers': [{'type': 9, 'value': 40}, {'type': 28, 'value': 270}]}"
1199394420,LONG,,1,89990000,,"{'id': 11307, 'context': 14, 'modifiers': [{'type': 28, 'value': 866}]}"
1199394480,LONG,,1,10437100,,"{'id': 178949, 'context': 0, 'bonus_lists': [6908, 6652, 1715], 'modifiers': [{'type': 9, 'value': 60}, {'type': 28, 'value': 2060}]}"
1199394589,LONG,,1,89990000,,"{'id': 4827, 'context': 14, 'modifiers': [{'type': 28, 'value': 13}]}"
1199394662,LONG,,1,87879900,,"{'id': 106693, 'context': 2, 'bonus_lists': [6654, 162], 'modifiers': [{'type': 9, 'value': 40}, {'type': 28, 'value': 1138}]}"
1199394744,LONG,,1,5009800,,"{'id': 176972, 'context': 0, 'bonus_lists': [6907, 6652, 1710], 'modifiers': [{'type': 9, 'value': 60}, {'type': 28, 'value': 1707}]}"
1199394803,LONG,,1,5499700,,"{'id': 82800, 'context': 0, 'modifiers': [{'type': 6, 'value': 88036}], 'pet_breed_id': 6, 'pet_level': 1, 'pet_quality_id': 3, 'pet_species_id': 2458}"
1199394807,LONG,15000000,1,,,{'id': 32194}
1199394808,LONG,,1,1800000,,"{'id': 173217, 'context': 0, 'bonus_lists': [6893], 'modifiers': [{'type': 9, 'value': 60}, {'type': 28, 'value': 391}, {'type': 29, 'value': 32}, {'type': 30, 'value': 49}]}"
1199394809,LONG,,1,89990000,,"{'id': 11304, 'context': 14, 'modifiers': [{'type': 28, 'value': 3}]}"
1199394815,LONG,,1,13248600,,"{'id': 82800, 'context': 0, 'modifiers': [{'type': 6, 'value': 90181}], 'pet_breed_id': 17, 'pet_level': 1, 'pet_quality_id': 3, 'pet_species_id': 2557}"
1199394819,LONG,800000,3,,,{'id': 5637}
1199394821,LONG,4000000,8,,,{'id': 130221}
1199394826,LONG,6900000,3,,,{'id': 87559}
1199394832,LONG,,1,56500,,"{'id': 127856, 'context': 0}"
1199394840,LONG,,1,1300000,,"{'id': 172244, 'context': 13, 'bonus_lists': [6887], 'modifiers': [{'type': 9, 'value': 50}, {'type': 28, 'value': 391}, {'type': 29, 'value': 40}, {'type': 30, 'value': 36}]}"
1199394844,LONG,,1,1300000,,"{'id': 172244, 'context': 13, 'bonus_lists': [6887], 'modifiers': [{'type': 9, 'value': 50}, {'type': 28, 'value': 391}, {'type': 29, 'value': 36}, {'type': 30, 'value': 32}]}"
1199394846,LONG,,1,1800000,,"{'id': 173217, 'context': 0, 'bonus_lists': [6893], 'modifiers': [{'type': 9, 'value': 60}, {'type': 28, 'value': 391}, {'type': 29, 'value': 32}, {'type': 30, 'value': 40}]}"
1199394855,LONG,,1,4200000,,"{'id': 172259, 'context': 13, 'bonus_lists': [6893], 'modifiers': [{'type': 9, 'value': 50}, {'type': 28, 'value': 391}, {'type': 29, 'value': 40}, {'type': 30, 'value': 36}]}"
1199394859,LONG,8000000,3,,,{'id': 15415}
1199394868,LONG,15000000,4,,,{'id': 40111}
1199394872,LONG,,1,12200000,,"{'id': 172258, 'context': 13, 'bonus_lists': [6893], 'modifiers': [{'type': 9, 'value': 50}, {'type': 28, 'value': 391}, {'type': 29, 'value': 36}, {'type': 30, 'value': 40}]}"
1199394878,LONG,,1,2150000,,"{'id': 127035, 'context': 0}"
1199394885,LONG,,1,2150000,,"{'id': 127035, 'context': 0}"
1199394890,LONG,,1,2150000,,"{'id': 127035, 'context': 0}"
1199394895,LONG,,1,10067100,,"{'id': 121272, 'context': 0, 'bonus_lists': [6654, 1710], 'modifiers': [{'type': 9, 'value': 45}, {'type': 28, 'value': 335}]}"
1199394896,LONG,,1,2150000,,"{'id': 127035, 'context': 0}"
1199394903,LONG,,1,2150000,,"{'id': 127035, 'context': 0}"
1199394905,LONG,759700,13,,,{'id': 172231}
1199394908,LONG,,1,2150000,,"{'id': 127035, 'context': 0}"
1199394912,LONG,,1,2150000,,"{'id': 127035, 'context': 0}"
1199394918,LONG,,1,2150000,,"{'id': 127035, 'context': 0}"
1199394924,LONG,,1,2150000,,"{'id': 127035, 'context': 0}"
1199394930,LONG,,1,2150000,,"{'id': 127035, 'context': 0}"
1199394935,LONG,,1,2150000,,"{'id': 127035, 'context': 0}"
1199394941,LONG,,1,2150000,,"{'id': 127035, 'context': 0}"
1199394945,LONG,,1,2150000,,"{'id': 127035, 'context': 0}"
1199394953,LONG,,1,2150000,,"{'id': 127035, 'context': 0}"
1199394962,LONG,,1,2150000,,"{'id': 127035, 'context': 0}"
1199394968,LONG,,1,2150000,,"{'id': 127035, 'context': 0}"
1199394974,LONG,,1,2150000,,"{'id': 127035, 'context': 0}"
1199394980,LONG,,1,2150000,,"{'id': 127035, 'context': 0}"
1199394985,LONG,,1,2150000,,"{'id': 127035, 'context': 0}"
1199394993,LONG,,1,8309700,,"{'id': 82800, 'context': 0, 'modifiers': [{'type': 6, 'value': 28502}], 'pet_breed_id': 5, 'pet_level': 1, 'pet_quality_id': 3, 'pet_species_id': 1511}"
1199394997,LONG,,1,8309700,,"{'id': 82800, 'context': 0, 'modifiers': [{'type': 6, 'value': 28502}], 'pet_breed_id': 5, 'pet_level': 1, 'pet_quality_id': 3, 'pet_species_id': 1511}"
1199395003,LONG,,1,8309700,,"{'id': 82800, 'context': 0, 'modifiers': [{'type': 6, 'value': 28502}], 'pet_breed_id': 5, 'pet_level': 1, 'pet_quality_id': 3, 'pet_species_id': 1511}"
1199395008,LONG,15000000,7,,,{'id': 32193}
1199395011,LONG,15000000,4,,,{'id': 40113}
1199395018,LONG,,1,135000000,,"{'id': 82800, 'context': 0, 'modifiers': [{'type': 6, 'value': 58169}], 'pet_breed_id': 18, 'pet_level': 1, 'pet_quality_id': 3, 'pet_species_id': 1521}"
1199395024,LONG,6059800,7,,,{'id': 4236}
1199395028,LONG,,1,8200000,,"{'id': 172261, 'context': 13, 'bonus_lists': [6893], 'modifiers': [{'type': 9, 'value': 50}, {'type': 28, 'value': 391}, {'type': 29, 'value': 49}, {'type': 30, 'value': 32}]}"
1199395034,LONG,,1,8200000,,"{'id': 172261, 'context': 13, 'bonus_lists': [6893], 'modifiers': [{'type': 9, 'value': 50}, {'type': 28, 'value': 391}, {'type': 29, 'value': 32}, {'type': 30, 'value': 36}]}"
1199395041,LONG,,1,8200000,,"{'id': 172261, 'context': 13, 'bonus_lists': [6893], 'modifiers': [{'type': 9, 'value': 50}, {'type': 28, 'value': 391}, {'type': 29, 'value': 36}, {'type': 30, 'value': 49}]}"
1199395046,LONG,,1,500000,,"{'id': 82800, 'context': 0, 'modifiers': [{'type': 6, 'value': 15660}], 'pet_breed_id': 3, 'pet_level': 1, 'pet_quality_id': 2, 'pet_species_id': 119}"
1199395050,LONG,,1,89990000,,"{'id': 116502, 'context': 1, 'bonus_lists': [6655, 199], 'modifiers': [{'type': 9, 'value': 40}, {'type': 28, 'value': 270}]}"
1199395052,LONG,,1,500000,,"{'id': 82800, 'context': 0, 'modifiers': [{'type': 6, 'value': 15660}], 'pet_breed_id': 3, 'pet_level': 1, 'pet_quality_id': 2, 'pet_species_id': 119}"
1199395057,LONG,,1,500000,,"{'id': 82800, 'context': 0, 'modifiers': [{'type': 6, 'value': 15660}], 'pet_breed_id': 3, 'pet_level': 1, 'pet_quality_id': 2, 'pet_species_id': 119}"
1199395061,LONG,,1,4010000,,"{'id': 18229, 'context': 0}"
1199395066,LONG,,1,4010000,,"{'id': 18229, 'context': 0}"
1199395068,LONG,12896800,3,,,{'id': 38838}
1199395077,LONG,100000,200,,,{'id': 171436}
1199395081,LONG,,1,600000,,"{'id': 82800, 'context': 0, 'modifiers': [{'type': 6, 'value': 15663}], 'pet_breed_id': 13, 'pet_level': 1, 'pet_quality_id': 2, 'pet_species_id': 120}"
1199395089,LONG,,1,114473100,,"{'id': 117379, 'context': 11, 'bonus_lists': [3628], 'modifiers': [{'type': 9, 'value': 45}]}"
1199395090,LONG,2650000,95,,,{'id': 171351}
1199395094,LONG,237100,20,,,{'id': 118391}
1199395096,LONG,,1,170000000,,"{'id': 82800, 'context': 0, 'modifiers': [{'type': 6, 'value': 59330}], 'pet_breed_id': 5, 'pet_level': 1, 'pet_quality_id': 3, 'pet_species_id': 1523}"
1199396101,LONG,,1,17000000,,"{'id': 171448, 'context': 13, 'bonus_lists': [6893], 'modifiers': [{'type': 9, 'value': 50}, {'type': 28, 'value': 391}, {'type': 29, 'value': 36}, {'type': 30, 'value': 32}]}"
1199396105,LONG,,1,17000000,,"{'id': 171448, 'context': 13, 'bonus_lists': [6893], 'modifiers': [{'type': 9, 'value': 50}, {'type': 28, 'value': 391}, {'type': 29, 'value': 49}, {'type': 30, 'value': 32}]}"
1199396108,LONG,,1,2500000,,"{'id': 177790, 'context': 0, 'bonus_lists': [6907, 41, 1693], 'modifiers': [{'type': 9, 'value': 60}, {'type': 28, 'value': 2060}]}"
1199396109,LONG,,1,8500000,,"{'id': 172253, 'context': 13, 'bonus_lists': [6893], 'modifiers': [{'type': 9, 'value': 50}, {'type': 28, 'value': 391}, {'type': 29, 'value': 32}, {'type': 30, 'value': 36}]}"
1199396114,LONG,,1,181172900,,"{'id': 4820, 'context': 14, 'modifiers': [{'type': 28, 'value': 3}]}"
1199396115,LONG,,1,8500000,,"{'id': 172253, 'context': 13, 'bonus_lists': [6893], 'modifiers': [{'type': 9, 'value': 50}, {'type': 28, 'value': 391}, {'type': 29, 'value': 36}, {'type': 30, 'value': 49}]}"
1199396120,LONG,,1,8500000,,"{'id': 172253, 'context': 13, 'bonus_lists': [6893], 'modifiers': [{'type': 9, 'value': 50}, {'type': 28, 'value': 391}, {'type': 29, 'value': 49}, {'type': 30, 'value': 32}]}"
1199396126,LONG,,1,3979000,,"{'id': 82800, 'context': 0, 'modifiers': [{'type': 6, 'value': 61548}], 'pet_breed_id': 5, 'pet_level': 1, 'pet_quality_id': 2, 'pet_species_id': 1538}"
1199396129,LONG,,1,151797000,,"{'id': 164484, 'context': 0}"
1199396132,LONG,,1,75000000,,"{'id': 161949, 'context': 13, 'bonus_lists': [1680, 6867]}"
1199396134,LONG,400000,1,,,{'id': 128539}
1199396139,LONG,450000,53,,,{'id': 171285}
1199396146,LONG,,1,236000000,,"{'id': 82800, 'context': 0, 'modifiers': [{'type': 6, 'value': 75353}], 'pet_breed_id': 7, 'pet_level': 1, 'pet_quality_id': 2, 'pet_species_id': 2410}"
1199396150,LONG,,1,236000000,,"{'id': 82800, 'context': 0, 'modifiers': [{'type': 6, 'value': 75353}], 'pet_breed_id': 7, 'pet_level': 1, 'pet_quality_id': 2, 'pet_species_id': 2410}"
1199396154,LONG,1250000,3,,,{'id': 110621}
1199396160,LONG,,1,389995000,,"{'id': 164361, 'context': 0}"
1199396161,LONG,,1,909800,,"{'id': 182691, 'context': 0, 'bonus_lists': [6908, 6652], 'modifiers': [{'type': 9, 'value': 60}, {'type': 28, 'value': 2060}]}"
1199396166,LONG,,1,152360600,,"{'id': 164442, 'context': 0}"
1199396170,LONG,,1,78601300,,"{'id': 82800, 'context': 0, 'modifiers': [{'type': 6, 'value': 5187}], 'pet_breed_id': 4, 'pet_level': 1, 'pet_quality_id': 3, 'pet_species_id': 2545}"
1199396176,LONG,,1,78601300,,"{'id': 82800, 'context': 0, 'modifiers': [{'type': 6, 'value': 5187}], 'pet_breed_id': 4, 'pet_level': 1, 'pet_quality_id': 3, 'pet_species_id': 2545}"
1199396180,LONG,,1,198522900,,"{'id': 118863, 'context': 0, 'bonus_lists': [6658], 'modifiers': [{'type': 9, 'value': 40}, {'type': 28, 'value': 270}]}"
1199396181,LONG,4100000,1,,,{'id': 168637}
1199396187,LONG,5200000,3,,,{'id': 177659}
1199396193,LONG,,1,2150000,,"{'id': 82800, 'context': 0, 'modifiers': [{'type': 6, 'value': 77901}], 'pet_breed_id': 13, 'pet_level': 1, 'pet_quality_id': 3, 'pet_species_id': 2566}"
1199396197,LONG,,1,2150000,,"{'id': 82800, 'context': 0, 'modifiers': [{'type': 6, 'value': 77901}], 'pet_breed_id': 13, 'pet_level': 1, 'pet_quality_id': 3, 'pet_species_id': 2566}"
1199396199,LONG,,1,1107000,,"{'id': 179319, 'context': 0, 'bonus_lists': [6908, 6652, 1715], 'modifiers': [{'type': 9, 'value': 60}, {'type': 28, 'value': 2060}]}"
1199396203,LONG,,1,2150000,,"{'id': 82800, 'context': 0, 'modifiers': [{'type': 6, 'value': 77901}], 'pet_breed_id': 13, 'pet_level': 1, 'pet_quality_id': 3, 'pet_species_id': 2566}"
1199396206,LONG,1000000,3,,,{'id': 110617}
1199396217,LONG,1800000,5,,,{'id': 159789}
1199396220,LONG,19837700,4,,,{'id': 128547}
1199396224,LONG,,1,550000,,"{'id': 82800, 'context': 0, 'modifiers': [{'type': 6, 'value': 88060}], 'pet_breed_id': 6, 'pet_level': 1, 'pet_quality_id': 3, 'pet_species_id': 2468}"
1199396228,LONG,,1,550000,,"{'id': 82800, 'context': 0, 'modifiers': [{'type': 6, 'value': 88060}], 'pet_breed_id': 6, 'pet_level': 1, 'pet_quality_id': 3, 'pet_species_id': 2468}"
1199396229,LONG,1900000,33,,,{'id': 39681}
1199396235,LONG,,1,12296100,,"{'id': 82800, 'context': 0, 'modifiers': [{'type': 6, 'value': 64425}], 'pet_breed_id': 8, 'pet_level': 1, 'pet_quality_id': 3, 'pet_species_id': 1690}"
1199396245,LONG,1000000,7,,,{'id': 172358}
1199396249,LONG,,1,14400000,,"{'id': 114821, 'context': 0}"
1199396252,LONG,200000,6,,,{'id': 153431}
1199396268,LONG,45600,3,,,{'id': 183823}
1199396284,LONG,1900000,5,,,{'id': 104108}
1199396302,LONG,15516500,1,,,{'id': 136826}
1199396304,LONG,1130000,1,,,{'id': 176811}
1199396308,LONG,,1,124292900,,"{'id': 116547, 'context': 1, 'bonus_lists': [6655, 210], 'modifiers': [{'type': 9, 'value': 40}, {'type': 28, 'value': 269}]}"
1199396323,LONG,500000,2,,,{'id': 118061}
1199396348,LONG,2749500,3,,,{'id': 43334}
1199396381,LONG,3496700,6,,,{'id': 171270}
1199396385,LONG,5970000,5,,,{'id': 43369}
1199396394,LONG,450000,3,,,{'id': 43350}
1199396395,LONG,1405100,9,,,{'id': 171274}
1199396405,LONG,4407500,1,,,{'id': 43386}
1199396420,LONG,5000,7,,,{'id': 171264}
1199396421,LONG,1950000,3,,,{'id': 43373}
1199396430,LONG,,1,10000000,,"{'id': 6661, 'context': 0}"
1199396435,LONG,,1,350000000,,"{'id': 167941, 'context': 0, 'bonus_lists': [1677]}"
1199396437,LONG,2007100,3,,,{'id': 43551}
1199396444,LONG,2300000,10,,,{'id': 43535}
1199396454,LONG,150000,18,,,{'id': 172230}
1199396459,LONG,2440000,4,,,{'id': 77101}
1199396470,LONG,886000,6,,,{'id': 49084}
1199396477,LONG,2930000,6,,,{'id': 80587}
1199396486,LONG,1997900,4,,,{'id': 85221}
1199396487,LONG,,1,528555300,,"{'id': 11308, 'context': 14, 'modifiers': [{'type': 28, 'value': 26}]}"
1199396495,LONG,,1,2149999900,,"{'id': 72145, 'context': 14}"
1199396496,LONG,,1,134089000,,"{'id': 116567, 'context': 1, 'bonus_lists': [6655, 164, 517], 'modifiers': [{'type': 9, 'value': 40}, {'type': 28, 'value': 269}]}"
1199396499,LONG,499900,5,,,{'id': 136852}
1199396504,LONG,,1,4930000000,,"{'id': 116794, 'context': 0}"
1199396512,LONG,,1,250000000,,"{'id': 67151, 'context': 0}"
1199396522,LONG,499900,3,,,{'id': 128314}
1199396523,LONG,,1,650009700,,"{'id': 65891, 'context': 0}"
1199396535,LONG,5000,90,,,{'id': 34068}
1199396559,LONG,,1,160000000,,"{'id': 67115, 'context': 0}"
1199396571,LONG,159999900,1,,,{'id': 130248}
1199396576,LONG,99900,71,,,{'id': 75038}
1199396608,LONG,1970000,9,,,{'id': 76061}
1199396658,LONG,2452200,3,,,{'id': 43400}
1199396683,LONG,2370000,3,,,{'id': 45789}
1199396692,LONG,1170000,5,,,{'id': 87883}
1199396706,LONG,499900,6,,,{'id': 116276}
1199396708,LONG,2030000,5,,,{'id': 104099}
1199396716,LONG,199900,3,,,{'id': 138727}
1199396717,LONG,780000,6,,,{'id': 87888}
1199396739,LONG,2399200,9,,,{'id': 104104}
1199396759,LONG,,1,499900,,"{'id': 167188, 'context': 0}"
1199396774,LONG,54000,25,,,{'id': 179315}
1199396792,LONG,,1,499900,,"{'id': 167186, 'context': 0}"
1199396793,LONG,,1,499900,,"{'id': 167186, 'context': 0}"
1199396847,LONG,,1,367731400,,"{'id': 52251, 'context': 11}"
1199396862,LONG,499900,3,,,{'id': 108439}
1199396887,LONG,499900,30,,,{'id': 154989}
1199396912,LONG,,1,499900,,"{'id': 17722, 'context': 11, 'modifiers': [{'type': 28, 'value': 420}]}"
1199396929,LONG,,1,499900,,"{'id': 47631, 'context': 0}"
1199396956,LONG,299900,23,,,{'id': 113992}
1199396983,LONG,,1,499900,,"{'id': 72014, 'context': 0}"
1199396993,LONG,,1,499900,,"{'id': 72012, 'context': 0}"
1199396994,LONG,,1,499900,,"{'id': 72012, 'context': 0}"
1199397009,LONG,,1,499900,,"{'id': 87413, 'context': 0}"
1199397011,LONG,,1,499900,,"{'id': 87413, 'context': 0}"
1199397031,LONG,,1,499900,,"{'id': 87412, 'context': 0}"
1199397033,LONG,,1,499900,,"{'id': 87412, 'context': 0}"
1199397052,LONG,,1,499900,,"{'id': 87410, 'context': 0}"
1199398132,LONG,,1,10100,,"{'id': 174780, 'context': 0, 'modifiers': [{'type': 28, 'value': 957}]}"
1199398146,LONG,10000,12,,,{'id': 29740}
1199398158,LONG,2100,202,,,{'id': 42780}
1199398183,LONG,2500,131,,,{'id': 30809}
1199398214,LONG,99900,3,,,{'id': 147870}
1199398273,LONG,5500,5,,,{'id': 21213}
1199398359,LONG,3999900,2,,,{'id': 168825}
1199398429,LONG,,1,599900,,"{'id': 128316, 'context': 31, 'modifiers': [{'type': 28, 'value': 176}]}"
1199398499,LONG,19900,2,,,{'id': 116810}
1199401135,LONG,8879200,23,,,{'id': 172097}
1199401163,LONG,,1,70005000,,"{'id': 172318, 'context': 63, 'bonus_lists': [6716, 1487]}"
1199401403,LONG,,1,6169000,,"{'id': 94064, 'context': 0, 'bonus_lists': [1707], 'modifiers': [{'type': 28, 'value': 168}]}"
1199401411,LONG,,1,1000000,,"{'id': 82287, 'context': 0, 'bonus_lists': [6654, 1715], 'modifiers': [{'type': 9, 'value': 35}, {'type': 28, 'value': 168}]}"
1199401424,LONG,,1,10009700,,"{'id': 87489, 'context': 0, 'bonus_lists': [6658], 'modifiers': [{'type': 9, 'value': 35}, {'type': 28, 'value': 168}]}"
1199401432,LONG,,1,300000,,"{'id': 82256, 'context': 0, 'bonus_lists': [6654, 1706], 'modifiers': [{'type': 9, 'value': 35}, {'type': 28, 'value': 168}]}"
1199401469,LONG,,1,86048400,,"{'id': 94080, 'context': 0, 'bonus_lists': [1708], 'modifiers': [{'type': 28, 'value': 168}]}"
1199401486,LONG,,1,149355000,,"{'id': 94057, 'context': 0, 'bonus_lists': [1709], 'modifiers': [{'type': 28, 'value': 168}]}"
1199401523,LONG,662900,1,,,{'id': 173204}
1199401568,LONG,,1,81689000,,"{'id': 94100, 'context': 0, 'bonus_lists': [1681], 'modifiers': [{'type': 28, 'value': 168}]}"
1199401571,LONG,9600,3,,,{'id': 173032}
1199401604,LONG,740800,2,,,{'id': 172231}
1199401623,LONG,27300,1,,,{'id': 172054}
1199401942,LONG,,1,3123500,,"{'id': 176792, 'context': 0, 'bonus_lists': [6907, 6652, 7194, 1678], 'modifiers': [{'type': 9, 'value': 60}, {'type': 28, 'value': 1707}]}"
1199401949,LONG,,1,1000000,,"{'id': 71366, 'context': 5, 'modifiers': [{'type': 28, 'value': 1029}]}"
1199401958,LONG,,1,500000,,"{'id': 82284, 'context': 0, 'bonus_lists': [6655, 1706], 'modifiers': [{'type': 9, 'value': 35}, {'type': 28, 'value': 1035}]}"
1199401966,LONG,,1,732800,,"{'id': 177771, 'context': 0, 'bonus_lists': [6907, 6652, 1680], 'modifiers': [{'type': 9, 'value': 60}, {'type': 28, 'value': 2060}]}"
1199401977,LONG,,1,2992200,,"{'id': 82282, 'context': 0, 'bonus_lists': [6655, 1712], 'modifiers': [{'type': 9, 'value': 35}, {'type': 28, 'value': 1032}]}"
1199401985,LONG,,1,347500,,"{'id': 82285, 'context': 0, 'bonus_lists': [6655, 1706], 'modifiers': [{'type': 9, 'value': 35}, {'type': 28, 'value': 1032}]}"
1199404265,LONG,,1,499900,,"{'id': 72002, 'context': 0, 'modifiers': [{'type': 28, 'value': 1030}]}"
1199404620,LONG,27300,1,,,{'id': 172054}
1199405092,LONG,,1,13517900,,"{'id': 82800, 'context': 0, 'pet_breed_id': 21, 'pet_level': 1, 'pet_quality_id': 3, 'pet_species_id': 1889}"
1199405095,LONG,,1,13517900,,"{'id': 82800, 'context': 0, 'pet_breed_id': 21, 'pet_level': 1, 'pet_quality_id': 3, 'pet_species_id': 1889}"
1199406102,LONG,,1,13517900,,"{'id': 82800, 'context': 0, 'pet_breed_id': 21, 'pet_level': 1, 'pet_quality_id': 3, 'pet_species_id': 1889}"
1199406114,LONG,,1,13517900,,"{'id': 82800, 'context': 0, 'pet_breed_id': 21, 'pet_level': 1, 'pet_quality_id': 3, 'pet_species_id': 1889}"
1199406120,LONG,,1,5757200,,"{'id': 82800, 'context': 0, 'pet_breed_id': 22, 'pet_level': 1, 'pet_quality_id': 2, 'pet_species_id': 78}"
1199406126,LONG,,1,5757200,,"{'id': 82800, 'context': 0, 'pet_breed_id': 22, 'pet_level': 1, 'pet_quality_id': 2, 'pet_species_id': 78}"
1199406130,LONG,,1,5757200,,"{'id': 82800, 'context': 0, 'pet_breed_id': 22, 'pet_level': 1, 'pet_quality_id': 2, 'pet_species_id': 78}"
1199406144,LONG,,1,299800,,"{'id': 82800, 'context': 0, 'pet_breed_id': 7, 'pet_level': 1, 'pet_quality_id': 3, 'pet_species_id': 1934}"
1199406341,LONG,,1,4450000,,"{'id': 173132, 'context': 13, 'modifiers': [{'type': 29, 'value': 32}]}"
1199406384,LONG,,1,4450000,,"{'id': 173132, 'context': 13, 'modifiers': [{'type': 29, 'value': 32}]}"
1199406502,LONG,,1,1950000,,"{'id': 173131, 'context': 13, 'modifiers': [{'type': 29, 'value': 49}]}"
1199406513,LONG,,1,1950000,,"{'id': 173131, 'context': 13, 'modifiers': [{'type': 29, 'value': 49}]}"
1199409158,LONG,44900,1,,,{'id': 168302}
1199409228,LONG,500000,1,,,{'id': 6362}
1199409332,LONG,69700,2,,,{'id': 133607}
1199409344,LONG,,1,1950000,,"{'id': 173145, 'context': 13, 'bonus_lists': [7180], 'modifiers': [{'type': 9, 'value': 60}, {'type': 29, 'value': 32}]}"
1199409349,LONG,50000,1,,,{'id': 74860}
1199409386,LONG,390000,1,,,{'id': 41808}
1199409518,LONG,5000,1,,,{'id': 6289}
1199409521,LONG,,1,6500000,,"{'id': 173134, 'context': 13, 'modifiers': [{'type': 29, 'value': 40}]}"
1199409535,LONG,17900,2,,,{'id': 74866}
1199409540,LONG,,1,2060000800,,"{'id': 163969, 'context': 54, 'bonus_lists': [1472, 4786]}"
1199409598,LONG,,1,6500000,,"{'id': 173134, 'context': 13, 'modifiers': [{'type': 29, 'value': 49}]}"
1199409627,LONG,499800,1,,,{'id': 124109}
1199409644,LONG,979900,1,,,{'id': 74857}
1199409681,LONG,2314900,1,,,{'id': 41810}
1199411972,LONG,,1,538391400,,"{'id': 116439, 'context': 14}"
1199413492,LONG,,1,839960900,,"{'id': 44982, 'context': 15}"
1199413667,LONG,,1,591093100,,"{'id': 44971, 'context': 15}"
1199413721,LONG,1690000,10,,,{'id': 152559}
1199413768,LONG,,1,430574100,,"{'id': 82800, 'context': 0, 'modifiers': [{'type': 6, 'value': 59330}], 'pet_breed_id': 5, 'pet_level': 2, 'pet_quality_id': 3, 'pet_species_id': 1523}"
1199413826,LONG,,1,466876200,,"{'id': 82800, 'context': 0, 'modifiers': [{'type': 6, 'value': 88764}], 'pet_breed_id': 18, 'pet_level': 2, 'pet_quality_id': 3, 'pet_species_id': 2711}"
1199415194,LONG,,1,3019947000,,"{'id': 82800, 'context': 0, 'modifiers': [{'type': 6, 'value': 99013}], 'pet_breed_id': 8, 'pet_level': 1, 'pet_quality_id': 2, 'pet_species_id': 2952}"
1199415328,LONG,,1,51321589000,,"{'id': 54068, 'context': 15}"
1199415366,LONG,,1,276000000,,"{'id': 82800, 'context': 0, 'modifiers': [{'type': 6, 'value': 15436}], 'pet_breed_id': 12, 'pet_level': 25, 'pet_quality_id': 3, 'pet_species_id': 114}"
1199415395,LONG,,1,4500000000,,"{'id': 82800, 'context': 0, 'modifiers': [{'type': 6, 'value': 38777}], 'pet_breed_id': 4, 'pet_level': 1, 'pet_quality_id': 3, 'pet_species_id': 328}"
1199415491,LONG,99793500,2,,,{'id': 86599}
1199415560,LONG,,1,650000000,,"{'id': 18168, 'context': 0, 'bonus_lists': [6883]}"
1199415592,LONG,,1,1108200,,"{'id': 159564, 'context': 0, 'bonus_lists': [6655, 1689], 'modifiers': [{'type': 9, 'value': 13}, {'type': 28, 'value': 186}]}"
1199415617,LONG,17500,1,,,{'id': 152513}
1199415641,LONG,35000,2,,,{'id': 152579}
1199415662,LONG,94100,2,,,{'id': 152512}
1199415703,LONG,29000,1,,,{'id': 159959}
1199415714,LONG,,1,989153800,,"{'id': 48116, 'context': 0}"
1199415741,LONG,9900,2,,,{'id': 158378}
1199415792,LONG,14000,18,,,{'id': 152576}
1199416039,LONG,,1,1022231800,,"{'id': 82800, 'context': 0, 'modifiers': [{'type': 6, 'value': 34262}], 'pet_breed_id': 8, 'pet_level': 1, 'pet_quality_id': 3, 'pet_species_id': 264}"
1199416073,LONG,,1,633910800,,"{'id': 7728, 'context': 1, 'bonus_lists': [4043], 'modifiers': [{'type': 9, 'value': 25}]}"
1199416116,LONG,100000000,1,,,{'id': 25867}
1199416173,LONG,99889800,2,,,{'id': 38944}
1199416957,LONG,,1,99999900,50000000,"{'id': 45631, 'context': 0, 'bonus_lists': [6882]}"
1199416968,LONG,,1,21000000,10500000,"{'id': 106515, 'context': 0, 'bonus_lists': [105]}"
1199416972,LONG,229999900,1,,,{'id': 132525}
1199416977,LONG,,1,980000,954000,"{'id': 54471, 'context': 1, 'bonus_lists': [6848]}"
1199416982,LONG,,1,99999900,50000000,"{'id': 40672, 'context': 0, 'bonus_lists': [6871]}"
1199416985,LONG,,1,99999900,50000000,"{'id': 55045, 'context': 0}"
1199416989,LONG,,1,32499900,16250000,"{'id': 106406, 'context': 27, 'bonus_lists': [3853, 36], 'modifiers': [{'type': 9, 'value': 38}]}"
1199416993,LONG,50000,2,,,{'id': 34722}
1199416995,LONG,,1,625500,312800,"{'id': 7057, 'context': 1}"
1199417001,LONG,12000000,2,,,{'id': 129029}
1199417006,LONG,7999800,1,,,{'id': 89675}
1199417010,LONG,8999900,2,,,{'id': 87392}
1199417015,LONG,500000,20,,,{'id': 168448}
1199417017,LONG,1569900,2,,,{'id': 87885}
1199417021,LONG,,1,30000000,15000000,"{'id': 36531, 'context': 28, 'bonus_lists': [1708, 3869], 'modifiers': [{'type': 9, 'value': 27}]}"
1199417027,LONG,,1,72500000,36250000,"{'id': 23490, 'context': 1}"
1199417029,LONG,802900,38,,,{'id': 153647}
1199417031,LONG,,1,700000000,350000000,"{'id': 59456, 'context': 1}"
1199417036,LONG,15000000,1,,,{'id': 18594}
1199417040,LONG,,1,112500000,56250000,"{'id': 152636, 'context': 13, 'bonus_lists': [4928, 6883]}"
1199417043,LONG,,1,1125000000,562500000,"{'id': 78313, 'context': 14, 'modifiers': [{'type': 28, 'value': 402}]}"
1199417046,LONG,,1,24499900,12250000,"{'id': 93438, 'context': 0}"
1199417050,LONG,,1,220000000,110000000,"{'id': 170320, 'context': 13, 'bonus_lists': [1686, 6883]}"
1199417054,LONG,,1,936997000,468498500,"{'id': 11605, 'context': 1}"
1199417057,LONG,,1,14695400,7347700,"{'id': 54445, 'context': 0}"
1199417060,LONG,,1,55902400,27951200,"{'id': 44438, 'context': 0, 'bonus_lists': [6859]}"
1199417062,LONG,,1,2239900,1407400,"{'id': 2314, 'context': 0, 'bonus_lists': [6853]}"
1199417064,LONG,,1,249999900,125000000,"{'id': 42724, 'context': 0, 'bonus_lists': [6881]}"
1199417067,LONG,,1,19999100,12825800,"{'id': 40950, 'context': 0}"
1199417070,LONG,,1,49999900,25000000,"{'id': 75096, 'context': 0, 'bonus_lists': [6883]}"
1199417073,LONG,,1,20000000,10000000,"{'id': 36445, 'context': 0, 'bonus_lists': [1695]}"
1199417077,LONG,,1,56000000,28000000,"{'id': 82428, 'context': 0}"
1199417082,LONG,,1,14000000,11580100,"{'id': 116260, 'context': 0}"
1199417086,LONG,100000,5,,,{'id': 158204}
1199417089,LONG,,1,260546400,130273200,"{'id': 169321, 'context': 13, 'bonus_lists': [6883]}"
1199417095,LONG,,1,41293600,20646800,"{'id': 4733, 'context': 1, 'bonus_lists': [6654], 'modifiers': [{'type': 9, 'value': 30}, {'type': 28, 'value': 201}]}"
1199417098,LONG,,1,49999900,25000000,"{'id': 82950, 'context': 1, 'bonus_lists': [6875]}"
1199418101,LONG,,1,87499900,43750000,"{'id': 93454, 'context': 0, 'bonus_lists': [6876]}"
1199418105,LONG,16000000,1,,,{'id': 18631}
1199418108,LONG,4698800,1,,,{'id': 44963}
1199418109,LONG,,1,999300,727600,"{'id': 106732, 'context': 6, 'bonus_lists': [6654, 160], 'modifiers': [{'type': 9, 'value': 40}, {'type': 28, 'value': 2019}]}"
1199418115,LONG,,1,700000000,350000000,"{'id': 32480, 'context': 0}"
1199418118,LONG,,1,99999900,50000000,"{'id': 98857, 'context': 1, 'bonus_lists': [6883]}"
1199418120,LONG,,1,169999900,85000000,"{'id': 161896, 'context': 13, 'bonus_lists': [1712, 6861, 5804]}"
1199418122,LONG,,1,3000000,1500000,"{'id': 7052, 'context': 0, 'bonus_lists': [6863]}"
1199418124,LONG,,1,2989900,1771800,"{'id': 7963, 'context': 1}"
1199418127,LONG,,1,105000000,52500000,"{'id': 98930, 'context': 1, 'bonus_lists': [6883]}"
1199418130,LONG,,1,112500000,56250000,"{'id': 4260, 'context': 0, 'bonus_lists': [6867]}"
1199418134,LONG,,1,8000000,4076000,"{'id': 44437, 'context': 0}"
1199418137,LONG,8499400,1,,,{'id': 52752}
1199418142,LONG,,1,17499900,8750000,"{'id': 82401, 'context': 1, 'bonus_lists': [1709]}"
1199418146,LONG,,1,249999900,125000000,"{'id': 12774, 'context': 0, 'bonus_lists': [6883]}"
1199418151,LONG,5400000,1,,,{'id': 3241}
1199418153,LONG,,1,49999900,25000000,"{'id': 93607, 'context': 1}"
1199418157,LONG,,1,100551600,50275800,"{'id': 164701, 'context': 13, 'bonus_lists': [1716, 6876]}"
1199418163,LONG,,1,499999900,250000000,"{'id': 21869, 'context': 0}"
1199418167,LONG,,1,65000000,32500000,"{'id': 55024, 'context': 1, 'bonus_lists': [6846]}"
1199418169,LONG,,1,30000000,15000000,"{'id': 41975, 'context': 0, 'bonus_lists': [6849]}"
1199418171,LONG,1700000,6,,,{'id': 153479}
1199418174,LONG,,1,117500000,58750000,"{'id': 98776, 'context': 0, 'bonus_lists': [6883]}"
1199418176,LONG,735000,1,,,{'id': 76528}
1199418178,LONG,,1,10542500,5271300,"{'id': 10123, 'context': 0, 'bonus_lists': [6654, 1677], 'modifiers': [{'type': 9, 'value': 30}, {'type': 28, 'value': 35}]}"
1199418181,LONG,17993100,1,,,{'id': 76537}
1199418183,LONG,,1,99999900,50000000,"{'id': 40671, 'context': 1, 'bonus_lists': [6871]}"
1199418188,LONG,,1,700000000,440634400,"{'id': 32756, 'context': 1}"
1199418191,LONG,,1,20000000,10000000,"{'id': 7352, 'context': 1, 'bonus_lists': [6855]}"
1199418195,LONG,,1,175000000,87500000,"{'id': 170364, 'context': 13, 'bonus_lists': [1704, 5804, 6883]}"
1199418199,LONG,,1,210000000,105000000,"{'id': 170292, 'context': 13, 'bonus_lists': [1705, 5804, 6883]}"
1199418206,LONG,1997800,4,,,{'id': 85221}
1199418208,LONG,4509600,7,,,{'id': 168447}
1199418210,LONG,,1,500000000,250000000,"{'id': 56538, 'context': 0, 'bonus_lists': [6883]}"
1199418212,LONG,,1,17499900,8750000,"{'id': 41548, 'context': 1}"
1199418213,LONG,,1,200000000,100000000,"{'id': 75110, 'context': 0}"
1199418216,LONG,,1,300000000,150000000,"{'id': 75111, 'context': 0, 'bonus_lists': [6865]}"
1199418217,LONG,,1,43000000,21500000,"{'id': 3020, 'context': 1, 'bonus_lists': [6658], 'modifiers': [{'type': 9, 'value': 30}, {'type': 28, 'value': 208}]}"
1199418221,LONG,,1,1100000000,550000000,"{'id': 35581, 'context': 1}"
1199418222,LONG,,1,2109900,1415400,"{'id': 132493, 'context': 0, 'bonus_lists': [6849]}"
1199418223,LONG,,1,3989900,2443900,"{'id': 2317, 'context': 0, 'bonus_lists': [6849]}"
1199418226,LONG,,1,44445900,24634200,"{'id': 123895, 'context': 13, 'bonus_lists': [1705, 6874, 3408]}"
1199418230,LONG,,1,180000000,90000000,"{'id': 170290, 'context': 13, 'bonus_lists': [1687, 5804, 6883]}"
1199418234,LONG,,1,649999900,325000000,"{'id': 144334, 'context': 13, 'bonus_lists': [600, 1714, 3408, 6883]}"
1199418238,LONG,42500000,1,,,{'id': 11590}
1199418240,LONG,9996900,1,,,{'id': 87577}
1199418246,LONG,,1,280890800,140445400,"{'id': 169302, 'context': 13, 'bonus_lists': [6883]}"
1199418248,LONG,,1,280890800,140445400,"{'id': 169302, 'context': 13, 'bonus_lists': [6883]}"
1199418252,LONG,,1,190000000,95000000,"{'id': 15351, 'context': 0, 'bonus_lists': [6654, 1695], 'modifiers': [{'type': 9, 'value': 30}, {'type': 28, 'value': 14}]}"
1199418255,LONG,,1,499998800,249999400,"{'id': 94584, 'context': 0, 'bonus_lists': [6883]}"
1199418262,LONG,3749700,30,,,{'id': 60838}
1199418265,LONG,,1,44999900,22500000,"{'id': 41553, 'context': 1}"
1199418271,LONG,,1,82500000,41250000,"{'id': 12990, 'context': 0, 'bonus_lists': [6659], 'modifiers': [{'type': 9, 'value': 28}, {'type': 28, 'value': 13}]}"
1199418275,LONG,27000000,1,,,{'id': 62658}
1199418280,LONG,,1,19999900,10000000,"{'id': 23504, 'context': 1, 'bonus_lists': [6878]}"
1199418289,LONG,,1,400000000,200000000,"{'id': 56562, 'context': 0, 'bonus_lists': [6883]}"
1199418295,LONG,,1,2000000,1241000,"{'id': 13867, 'context': 1}"
1199418301,LONG,,1,3000000,1500000,"{'id': 7048, 'context': 0, 'bonus_lists': [6857]}"
1199418306,LONG,,1,19999900,15386600,"{'id': 60216, 'context': 0}"
1199418312,LONG,,1,36234700,18117400,"{'id': 36612, 'context': 0, 'bonus_lists': [1709]}"
1199418318,LONG,,1,2149900,1816600,"{'id': 127035, 'context': 0}"
1199418323,LONG,,1,2149900,1816600,"{'id': 127035, 'context': 0}"
1199418326,LONG,,1,99999800,49999900,"{'id': 55022, 'context': 0}"
1199418333,LONG,,1,294999900,147500000,"{'id': 15311, 'context': 30, 'bonus_lists': [1692, 3833], 'modifiers': [{'type': 9, 'value': 14}]}"
1199418339,LONG,,1,480000000,240000000,"{'id': 87407, 'context': 1, 'bonus_lists': [6876]}"
1199418343,LONG,,1,9009400,4864100,"{'id': 116261, 'context': 0}"
1199418351,LONG,,1,9009400,4864100,"{'id': 116261, 'context': 0}"
1199418357,LONG,,1,297499900,148750000,"{'id': 162652, 'context': 13, 'bonus_lists': [1692, 6855, 5804]}"
1199418364,LONG,5389000,1,,,{'id': 52096}
1199418373,LONG,,1,45000000,22500000,"{'id': 98867, 'context': 0}"
1199418380,LONG,4221800,1,,,{'id': 52748}
1199418386,LONG,,1,600000000,300000000,"{'id': 45085, 'context': 0, 'bonus_lists': [6883]}"
1199418390,LONG,,1,4109900,2579200,"{'id': 132543, 'context': 0, 'bonus_lists': [6855]}"
1199418397,LONG,,1,18000000,9000000,"{'id': 56505, 'context': 0, 'bonus_lists': [1709]}"
1199418405,LONG,,1,30000000,15000000,"{'id': 93541, 'context': 1, 'bonus_lists': [6880]}"
1199418410,LONG,2999900,1,,,{'id': 56477}
1199418414,LONG,,1,900000000,450000000,"{'id': 71077, 'context': 0, 'bonus_lists': [6827]}"
1199418422,LONG,2000000,1,,,{'id': 76510}
1199418426,LONG,,1,44999900,22500000,"{'id': 15018, 'context': 1, 'bonus_lists': [6654, 1680], 'modifiers': [{'type': 9, 'value': 30}, {'type': 28, 'value': 193}]}"
1199418431,LONG,,1,17000000,8500000,"{'id': 82093, 'context': 36, 'bonus_lists': [1688, 4765], 'modifiers': [{'type': 9, 'value': 50}]}"
1199418438,LONG,,1,19999300,13291600,"{'id': 43865, 'context': 0, 'bonus_lists': [6876]}"
1199418443,LONG,,1,28137400,14068700,"{'id': 13114, 'context': 1}"
1199418445,LONG,,1,259999900,130000000,"{'id': 161921, 'context': 13, 'bonus_lists': [1716, 6860, 5804]}"
1199418448,LONG,,1,82499800,41249900,"{'id': 41986, 'context': 1}"
1199418453,LONG,,1,500000,264600,"{'id': 5542, 'context': 1}"
1199418458,LONG,51000000,1,,,{'id': 77540}
1199418460,LONG,25000000,1,,,{'id': 4391}
1199420200,LONG,,1,750000,,"{'id': 173193, 'context': 0, 'bonus_lists': [6890], 'modifiers': [{'type': 9, 'value': 51}, {'type': 28, 'value': 391}, {'type': 29, 'value': 49}, {'type': 30, 'value': 40}]}"
1199420244,LONG,,1,1446500,,"{'id': 172234, 'context': 13, 'bonus_lists': [6890], 'modifiers': [{'type': 9, 'value': 51}, {'type': 28, 'value': 391}, {'type': 29, 'value': 40}, {'type': 30, 'value': 49}]}"
1199420306,LONG,,1,4505900,,"{'id': 173214, 'context': 0, 'bonus_lists': [6893, 7180], 'modifiers': [{'type': 9, 'value': 51}, {'type': 28, 'value': 391}, {'type': 29, 'value': 40}, {'type': 30, 'value': 32}]}"
1199420334,LONG,,1,750000,,"{'id': 173193, 'context': 0, 'bonus_lists': [6890, 7180], 'modifiers': [{'type': 9, 'value': 51}, {'type': 28, 'value': 391}, {'type': 29, 'value': 32}, {'type': 30, 'value': 36}]}"
1199420410,LONG,,1,5009800,,"{'id': 176972, 'context': 0, 'bonus_lists': [6907, 6652, 1682], 'modifiers': [{'type': 9, 'value': 60}, {'type': 28, 'value': 1707}]}"
1199420437,LONG,,1,505700,,"{'id': 172236, 'context': 13, 'bonus_lists': [6887], 'modifiers': [{'type': 9, 'value': 51}, {'type': 28, 'value': 391}, {'type': 29, 'value': 49}, {'type': 30, 'value': 36}]}"
1199420460,LONG,,1,505700,,"{'id': 172236, 'context': 13, 'bonus_lists': [6887], 'modifiers': [{'type': 9, 'value': 51}, {'type': 28, 'value': 391}, {'type': 29, 'value': 32}, {'type': 30, 'value': 40}]}"
1199420481,LONG,,1,505700,,"{'id': 172236, 'context': 13, 'bonus_lists': [6887], 'modifiers': [{'type': 9, 'value': 51}, {'type': 28, 'value': 391}, {'type': 29, 'value': 32}, {'type': 30, 'value': 40}]}"
1199420504,LONG,,1,1230000,,"{'id': 173221, 'context': 0, 'bonus_lists': [6893], 'modifiers': [{'type': 9, 'value': 51}, {'type': 28, 'value': 391}, {'type': 29, 'value': 40}, {'type': 30, 'value': 32}]}"
1199420517,LONG,,1,1230000,,"{'id': 173221, 'context': 0, 'bonus_lists': [6893], 'modifiers': [{'type': 9, 'value': 51}, {'type': 28, 'value': 391}, {'type': 29, 'value': 36}, {'type': 30, 'value': 49}]}"
1199420538,LONG,,1,600000,,"{'id': 175568, 'context': 0, 'bonus_lists': [6907, 1703], 'modifiers': [{'type': 9, 'value': 59}, {'type': 28, 'value': 807}]}"
1199420571,LONG,550000,40,,,{'id': 171315}
1199420574,LONG,,1,2303300,,"{'id': 173194, 'context': 0, 'bonus_lists': [6887], 'modifiers': [{'type': 9, 'value': 51}, {'type': 28, 'value': 391}, {'type': 29, 'value': 32}, {'type': 30, 'value': 49}]}"
1199420593,LONG,,1,2303300,,"{'id': 173194, 'context': 0, 'bonus_lists': [6887], 'modifiers': [{'type': 9, 'value': 51}, {'type': 28, 'value': 391}, {'type': 29, 'value': 32}, {'type': 30, 'value': 40}]}"
1199420623,LONG,477800,9,,,{'id': 168589}
1199420630,LONG,,1,1534500,,"{'id': 173147, 'context': 13, 'modifiers': [{'type': 29, 'value': 49}]}"
1199420642,LONG,,1,1534500,,"{'id': 173146, 'context': 13, 'modifiers': [{'type': 29, 'value': 49}]}"
1199420657,LONG,1099000,2,,,{'id': 168583}
1199420667,LONG,54000,1,,,{'id': 179315}
1199420671,LONG,,1,1633400,,"{'id': 173144, 'context': 13, 'modifiers': [{'type': 29, 'value': 36}]}"
1199420681,LONG,,1,1633400,,"{'id': 173144, 'context': 13, 'modifiers': [{'type': 29, 'value': 49}]}"
1199420733,LONG,,1,3500100,,"{'id': 180793, 'context': 0, 'bonus_lists': [6908, 6652, 1692], 'modifiers': [{'type': 9, 'value': 60}, {'type': 28, 'value': 2060}]}"
1199420734,LONG,,1,280000,196700,"{'id': 3480, 'context': 1, 'bonus_lists': [6851]}"
1199420736,LONG,,1,89999900,45000000,"{'id': 25654, 'context': 0}"
1199420738,LONG,,1,195000000,97500000,"{'id': 44210, 'context': 0, 'bonus_lists': [6878]}"
1199420745,LONG,23929300,3,,,{'id': 110649}
1199420751,LONG,,1,725000000,362500000,"{'id': 94265, 'context': 0, 'bonus_lists': [6879]}"
1199420755,LONG,8987800,2,,,{'id': 110647}
1199420758,LONG,,1,4489900,2813200,"{'id': 132548, 'context': 0, 'bonus_lists': [6847]}"
1199420761,LONG,,1,233080100,116540100,"{'id': 67120, 'context': 0}"
1199420763,LONG,,1,374999900,187500000,"{'id': 161891, 'context': 13, 'bonus_lists': [1687, 6858, 5804]}"
1199420767,LONG,,1,8278200,4139100,"{'id': 93616, 'context': 0, 'bonus_lists': [6880]}"
1199420770,LONG,,1,52057400,26028700,"{'id': 123893, 'context': 13, 'bonus_lists': [1680, 6860, 3408]}"
1199420774,LONG,19999300,1,,,{'id': 44455}
1199420779,LONG,,1,15000000,7500000,"{'id': 82948, 'context': 1}"
1199420782,LONG,15079500,1,,,{'id': 129019}
1199420784,LONG,,1,499999800,249999900,"{'id': 94577, 'context': 0, 'bonus_lists': [6883]}"
1199420788,LONG,,1,999900,922100,"{'id': 55627, 'context': 36, 'bonus_lists': [1715, 4307], 'modifiers': [{'type': 9, 'value': 48}]}"
1199420793,LONG,,1,10009500,,"{'id': 171383, 'context': 13, 'modifiers': [{'type': 29, 'value': 40}, {'type': 30, 'value': 32}]}"
1199420794,LONG,,1,122500000,61250000,"{'id': 17716, 'context': 0}"
1199420797,LONG,,1,92500000,46250000,"{'id': 55028, 'context': 1, 'bonus_lists': [6860]}"
1199420798,LONG,11165600,3,,,{'id': 4406}
1199420799,LONG,662900,23,,,{'id': 173204}
1199420801,LONG,,1,270000000,135000000,"{'id': 75107, 'context': 0, 'bonus_lists': [6867]}"
1199420805,LONG,,1,1879900,1199000,"{'id': 9951, 'context': 54, 'bonus_lists': [1680, 4278], 'modifiers': [{'type': 9, 'value': 50}]}"
1199420807,LONG,,1,490000,250100,"{'id': 4324, 'context': 0}"
1199420810,LONG,,1,42077600,21038800,"{'id': 86183, 'context': 0}"
1199420814,LONG,,1,150000,93700,"{'id': 4310, 'context': 0, 'bonus_lists': [6846]}"
1199420817,LONG,,1,275000000,137500000,"{'id': 8198, 'context': 1, 'bonus_lists': [6870]}"
1199420820,LONG,,1,105000000,52500000,"{'id': 93624, 'context': 0, 'bonus_lists': [6874]}"
1199420821,LONG,,1,249999900,125000000,"{'id': 56549, 'context': 0, 'bonus_lists': [6883]}"
1199420825,LONG,,1,6989500,5040800,"{'id': 4401, 'context': 1}"
1199420831,LONG,,1,59527600,29763800,"{'id': 83805, 'context': 0}"
1199420834,LONG,,1,1830600,,"{'id': 178943, 'context': 0, 'bonus_lists': [6908, 42, 1707], 'modifiers': [{'type': 9, 'value': 60}, {'type': 28, 'value': 2060}]}"
1199420837,LONG,960400,1,,,{'id': 76529}
1199420841,LONG,,1,249999800,124999900,"{'id': 4253, 'context': 1, 'bonus_lists': [6855]}"
1199420848,LONG,,1,249999400,124999700,"{'id': 82438, 'context': 0}"
1199420854,LONG,,1,269999900,135000000,"{'id': 161922, 'context': 13, 'bonus_lists': [1702, 6855, 5804]}"
1199420857,LONG,,1,380000000,190000000,"{'id': 163950, 'context': 54, 'bonus_lists': [1472, 4786], 'modifiers': [{'type': 28, 'value': 713}]}"
1199420862,LONG,650000,7,,,{'id': 21991}
1199420868,LONG,,1,450000000,225000000,"{'id': 45552, 'context': 1, 'bonus_lists': [6883]}"
1199420871,LONG,,1,8824100,7762100,"{'id': 161884, 'context': 13, 'bonus_lists': [1680, 6851, 5804]}"
1199420872,LONG,,1,11061700,,"{'id': 176798, 'context': 0, 'bonus_lists': [6908, 6652, 1682], 'modifiers': [{'type': 9, 'value': 60}, {'type': 28, 'value': 1707}]}"
1199420874,LONG,,1,57000000,28500000,"{'id': 6596, 'context': 0, 'bonus_lists': [6654, 1680], 'modifiers': [{'type': 9, 'value': 35}, {'type': 28, 'value': 1796}]}"
1199420878,LONG,,1,49999900,25000000,"{'id': 3485, 'context': 0}"
1199420881,LONG,,1,13354400,10101100,"{'id': 123892, 'context': 13, 'bonus_lists': [1681, 6852, 3408]}"
1199420884,LONG,,1,11000000,5500000,"{'id': 82916, 'context': 1}"
1199420889,LONG,,1,2500000,1250000,"{'id': 6384, 'context': 0, 'bonus_lists': [6835]}"
1199420892,LONG,,1,10649100,5324600,"{'id': 118741, 'context': 1}"
1199420893,LONG,,1,312966800,156483400,"{'id': 119340, 'context': 6, 'bonus_lists': [567], 'modifiers': [{'type': 28, 'value': 2021}]}"
1199420896,LONG,,1,68977900,34489000,"{'id': 54446, 'context': 0}"
1199420899,LONG,,1,49999900,25000000,"{'id': 41238, 'context': 0}"
1199420901,LONG,,1,2000000,,"{'id': 176794, 'context': 0, 'bonus_lists': [6908, 6652, 1688], 'modifiers': [{'type': 9, 'value': 51}, {'type': 28, 'value': 1707}]}"
1199420904,LONG,36000000,1,,,{'id': 77546}
1199420908,LONG,,1,115000000,57500000,"{'id': 98843, 'context': 0, 'bonus_lists': [6883]}"
1199420912,LONG,,1,1522800,841000,"{'id': 36458, 'context': 0, 'bonus_lists': [6655, 1680], 'modifiers': [{'type': 9, 'value': 30}, {'type': 28, 'value': 1017}]}"
1199420916,LONG,,1,480000000,240000000,"{'id': 47587, 'context': 1}"
1199420919,LONG,,1,1039900,652100,"{'id': 2865, 'context': 0, 'bonus_lists': [6850]}"
1199420922,LONG,,1,1025000000,512500000,"{'id': 78234, 'context': 14, 'modifiers': [{'type': 28, 'value': 402}]}"
1199420925,LONG,,1,48239100,24119600,"{'id': 42725, 'context': 0, 'bonus_lists': [6881]}"
1199420930,LONG,,1,49999400,24999700,"{'id': 23505, 'context': 0, 'bonus_lists': [6878]}"
1199420937,LONG,,1,2500000,1250000,"{'id': 6836, 'context': 1, 'bonus_lists': [6835]}"
1199420938,LONG,,1,2808200,,"{'id': 173218, 'context': 0, 'bonus_lists': [6893], 'modifiers': [{'type': 9, 'value': 51}, {'type': 28, 'value': 391}, {'type': 29, 'value': 49}, {'type': 30, 'value': 36}]}"
1199420943,LONG,,1,49999900,25000000,"{'id': 116191, 'context': 13, 'bonus_lists': [146, 525, 536, 6861]}"
1199420947,LONG,,1,19989900,14031900,"{'id': 82921, 'context': 1, 'bonus_lists': [6869]}"
1199420951,LONG,,1,2000000,1000000,"{'id': 14108, 'context': 1}"
1199420953,LONG,2750000,20,,,{'id': 159786}
1199420958,LONG,,1,149999900,97176100,"{'id': 161950, 'context': 13, 'bonus_lists': [1678, 4928]}"
1199420960,LONG,,1,989900,626200,"{'id': 12425, 'context': 0}"
1199420963,LONG,,1,19999800,9999900,"{'id': 116167, 'context': 13, 'bonus_lists': [219, 6873]}"
1199420968,LONG,,1,975000000,487500000,"{'id': 78237, 'context': 14, 'modifiers': [{'type': 28, 'value': 402}]}"
1199420970,LONG,187400,11,,,{'id': 171831}
1199420972,LONG,,1,1850000000,925000000,"{'id': 77533, 'context': 0}"
1199420977,LONG,,1,2189000,1094500,"{'id': 151790, 'context': 0, 'bonus_lists': [6835]}"
1199420979,LONG,,1,2189000,1094500,"{'id': 151790, 'context': 0, 'bonus_lists': [6835]}"
1199420983,LONG,,1,169999900,85000000,"{'id': 21277, 'context': 0}"
1199420987,LONG,,1,290000000,145000000,"{'id': 75097, 'context': 0, 'bonus_lists': [6866]}"
1199420992,LONG,,1,14588900,7294500,"{'id': 10169, 'context': 0, 'bonus_lists': [6654, 1707], 'modifiers': [{'type': 9, 'value': 48}, {'type': 28, 'value': 1777}]}"
1199420994,LONG,250000,19,,,{'id': 12644}
1199420999,LONG,,1,13999500,6999800,"{'id': 8286, 'context': 53, 'bonus_lists': [4277], 'modifiers': [{'type': 9, 'value': 50}]}"
1199421007,LONG,,1,3989900,2594800,"{'id': 3491, 'context': 0}"
1199421010,LONG,,1,540000000,270000000,"{'id': 56563, 'context': 0, 'bonus_lists': [6883]}"
1199421012,LONG,,1,17301500,8650800,"{'id': 56491, 'context': 0, 'bonus_lists': [1692, 6846]}"
1199421016,LONG,,1,2808200,,"{'id': 173218, 'context': 0, 'bonus_lists': [6893, 7180], 'modifiers': [{'type': 9, 'value': 51}, {'type': 28, 'value': 391}, {'type': 29, 'value': 40}, {'type': 30, 'value': 32}]}"
1199421020,LONG,,1,97499900,48750000,"{'id': 116487, 'context': 6, 'bonus_lists': [6655, 52], 'modifiers': [{'type': 9, 'value': 40}, {'type': 28, 'value': 2019}]}"
1199421025,LONG,479800,6,,,{'id': 3486}
1199421030,LONG,67000000,1,,,{'id': 54450}
1199421035,LONG,,1,169999900,85000000,"{'id': 6327, 'context': 0, 'bonus_lists': [3721], 'modifiers': [{'type': 9, 'value': 10}]}"
1199421038,LONG,,1,500000,477800,"{'id': 2851, 'context': 0, 'bonus_lists': [6840]}"
1199421041,LONG,16999600,1,,,{'id': 128980}
1199421045,LONG,,1,49999900,25000000,"{'id': 98848, 'context': 0, 'bonus_lists': [6883]}"
1199421046,LONG,56800,2,,,{'id': 171841}
1199421049,LONG,,1,21500000,10750000,"{'id': 161979, 'context': 13, 'bonus_lists': [1707, 6845]}"
1199421050,LONG,,1,2808200,,"{'id': 173218, 'context': 0, 'bonus_lists': [6893, 7180], 'modifiers': [{'type': 9, 'value': 51}, {'type': 28, 'value': 391}, {'type': 29, 'value': 36}, {'type': 30, 'value': 49}]}"
1199421054,LONG,,1,68999800,34499900,"{'id': 161914, 'context': 13, 'bonus_lists': [1715, 6851, 5804]}"
1199421057,LONG,,1,13999900,7000000,"{'id': 10105, 'context': 0, 'bonus_lists': [6654, 1692], 'modifiers': [{'type': 9, 'value': 30}, {'type': 28, 'value': 35}]}"
1199421062,LONG,,1,125000000,62500000,"{'id': 98787, 'context': 0, 'bonus_lists': [6883]}"
1199421069,LONG,,1,44999900,22500000,"{'id': 116165, 'context': 13, 'bonus_lists': [123, 6872]}"
1199421073,LONG,,1,33613900,16807000,"{'id': 128896, 'context': 13, 'bonus_lists': [1703, 6864, 3408]}"
1199421078,LONG,,1,10000000,5000000,"{'id': 44675, 'context': 0, 'bonus_lists': [6691, 1707], 'modifiers': [{'type': 9, 'value': 30}, {'type': 28, 'value': 47}]}"
1199421082,LONG,,1,129171300,64585700,"{'id': 82423, 'context': 0}"
1199421085,LONG,,1,750000,,"{'id': 173197, 'context': 0, 'bonus_lists': [6887], 'modifiers': [{'type': 9, 'value': 51}, {'type': 28, 'value': 391}, {'type': 29, 'value': 32}, {'type': 30, 'value': 36}]}"
1199421086,LONG,19746700,2,,,{'id': 136825}
1199421091,LONG,,1,25000000,12500000,"{'id': 22248, 'context': 0}"
1199421095,LONG,,1,37000000,18500000,"{'id': 170201, 'context': 0, 'bonus_lists': [6655, 1700], 'modifiers': [{'type': 9, 'value': 50}, {'type': 28, 'value': 690}]}"
1199422101,LONG,,1,49999900,25000000,"{'id': 55542, 'context': 0, 'bonus_lists': [6654, 1705], 'modifiers': [{'type': 9, 'value': 35}, {'type': 28, 'value': 56}]}"
1199422104,LONG,,1,210465500,105232800,"{'id': 161966, 'context': 13, 'bonus_lists': [1690, 4928]}"
1199422108,LONG,,1,1000000,500000,"{'id': 6219, 'context': 14, 'modifiers': [{'type': 28, 'value': 868}]}"
1199422110,LONG,750000,27,,,{'id': 154168}
1199422113,LONG,,1,102500000,51250000,"{'id': 98852, 'context': 1, 'bonus_lists': [6883]}"
1199422120,LONG,,1,9006600,5140300,"{'id': 7348, 'context': 0, 'bonus_lists': [6827]}"
1199422121,LONG,,1,1110000,,"{'id': 172245, 'context': 13, 'bonus_lists': [6887], 'modifiers': [{'type': 9, 'value': 51}, {'type': 28, 'value': 391}, {'type': 29, 'value': 36}, {'type': 30, 'value': 40}]}"
1199422123,LONG,,1,47136700,24921700,"{'id': 21864, 'context': 0}"
1199422128,LONG,,1,5089800,2596400,"{'id': 8122, 'context': 1, 'bonus_lists': [6654], 'modifiers': [{'type': 9, 'value': 30}, {'type': 28, 'value': 282}]}"
1199422131,LONG,,1,249999900,125000000,"{'id': 32392, 'context': 0}"
1199422135,LONG,,1,2100000000,1050000000,"{'id': 2801, 'context': 0, 'bonus_lists': [6661], 'modifiers': [{'type': 9, 'value': 30}, {'type': 28, 'value': 1007}]}"
1199422139,LONG,,1,7331100,3665600,"{'id': 21853, 'context': 1}"
1199422142,LONG,,1,25000000,13178500,"{'id': 75131, 'context': 0}"
1199422145,LONG,,1,2149900,1816600,"{'id': 127035, 'context': 0}"
1199422147,LONG,,1,25498000,12749000,"{'id': 4244, 'context': 0, 'bonus_lists': [6849]}"
1199422151,LONG,,1,1110000,,"{'id': 172245, 'context': 13, 'bonus_lists': [6887], 'modifiers': [{'type': 9, 'value': 51}, {'type': 28, 'value': 391}, {'type': 29, 'value': 49}, {'type': 30, 'value': 32}]}"
1199422154,LONG,,1,10009500,9620500,"{'id': 87213, 'context': 0, 'bonus_lists': [6844]}"
1199422159,LONG,,1,6000000,4488800,"{'id': 44446, 'context': 0}"
1199422165,LONG,,1,1375000000,687500000,"{'id': 24261, 'context': 0}"
1199422174,LONG,,1,84999800,42499900,"{'id': 43974, 'context': 1}"
1199422179,LONG,,1,70000000,35000000,"{'id': 106570, 'context': 0, 'bonus_lists': [6654, 215], 'modifiers': [{'type': 9, 'value': 40}, {'type': 28, 'value': 67}]}"
1199422185,LONG,,1,72500000,36250000,"{'id': 116537, 'context': 0, 'bonus_lists': [6655, 203], 'modifiers': [{'type': 9, 'value': 40}, {'type': 28, 'value': 66}]}"
1199422192,LONG,,1,64000000,32000000,"{'id': 55026, 'context': 1}"
1199422196,LONG,1066600,1,,,{'id': 4405}
1199422198,LONG,,1,1400000,,"{'id': 171377, 'context': 13, 'bonus_lists': [6887], 'modifiers': [{'type': 9, 'value': 59}, {'type': 28, 'value': 391}, {'type': 29, 'value': 40}, {'type': 30, 'value': 49}]}"
1199422199,LONG,40000000,1,,,{'id': 137558}
1199422211,LONG,723200,1,,,{'id': 38775}
1199422214,LONG,,1,340000000,170000000,"{'id': 4248, 'context': 0, 'bonus_lists': [6854]}"
1199422218,LONG,,1,49999900,25000000,"{'id': 93530, 'context': 0, 'bonus_lists': [6880]}"
1199422222,LONG,,1,99999900,50000000,"{'id': 82947, 'context': 1}"
1199422225,LONG,,1,145000000,72500000,"{'id': 164694, 'context': 13, 'bonus_lists': [1687, 6827]}"
1199422228,LONG,,1,102500000,51250000,"{'id': 98856, 'context': 0, 'bonus_lists': [6883]}"
1199422232,LONG,,1,1400000,,"{'id': 171377, 'context': 13, 'bonus_lists': [6887], 'modifiers': [{'type': 9, 'value': 59}, {'type': 28, 'value': 391}, {'type': 29, 'value': 36}, {'type': 30, 'value': 32}]}"
1199422235,LONG,,1,67940900,33970500,"{'id': 31192, 'context': 0, 'bonus_lists': [6691, 1677], 'modifiers': [{'type': 9, 'value': 30}, {'type': 28, 'value': 40}]}"
1199422242,LONG,,1,7769900,4899000,"{'id': 132547, 'context': 0, 'bonus_lists': [6850]}"
1199422248,LONG,,1,550000000,275000000,"{'id': 94266, 'context': 0, 'bonus_lists': [6878]}"
1199422256,LONG,,1,49999900,25000000,"{'id': 41185, 'context': 1, 'bonus_lists': [6878]}"
1199422279,LONG,,1,4467000,,"{'id': 177798, 'context': 0, 'bonus_lists': [6907, 6652, 1696], 'modifiers': [{'type': 9, 'value': 59}, {'type': 28, 'value': 1427}]}"
1199422305,LONG,,1,502900,,"{'id': 176783, 'context': 0, 'bonus_lists': [6907, 6652, 1677], 'modifiers': [{'type': 9, 'value': 60}, {'type': 28, 'value': 2060}]}"
1199422330,LONG,,1,450000,,"{'id': 173199, 'context': 0, 'bonus_lists': [6890], 'modifiers': [{'type': 9, 'value': 51}, {'type': 28, 'value': 391}, {'type': 29, 'value': 32}, {'type': 30, 'value': 36}]}"
1199422351,LONG,,1,800000,,"{'id': 172239, 'context': 13, 'bonus_lists': [6890], 'modifiers': [{'type': 9, 'value': 51}, {'type': 28, 'value': 391}, {'type': 29, 'value': 40}, {'type': 30, 'value': 36}]}"
1199422398,LONG,,1,870000,,"{'id': 177767, 'context': 0, 'bonus_lists': [6907, 6652, 1681], 'modifiers': [{'type': 9, 'value': 59}, {'type': 28, 'value': 1428}]}"
1199422425,LONG,,1,2502400,,"{'id': 172238, 'context': 13, 'bonus_lists': [6885], 'modifiers': [{'type': 9, 'value': 51}, {'type': 28, 'value': 391}, {'type': 29, 'value': 32}, {'type': 30, 'value': 40}]}"
1199423030,LONG,14000,22,,,{'id': 152576}
1199424159,LONG,8500,6,,,{'id': 152631}
1199424194,LONG,700,11,,,{'id': 154899}
1199424266,LONG,27300,7,,,{'id': 172054}
1199424671,LONG,250000,10,,,{'id': 172089}
1199424717,LONG,54400,10,,,{'id': 172092}
1199424799,LONG,662900,10,,,{'id': 173204}
1199424856,LONG,500000,4,,,{'id': 170554}
1199424998,LONG,477800,6,,,{'id': 168589}
1199426224,LONG,,1,55000000,27500000,"{'id': 152818, 'context': 13, 'bonus_lists': [1681, 4927, 5804]}"
1199426225,LONG,,1,725000000,620929400,"{'id': 98602, 'context': 1, 'bonus_lists': [6883]}"
1199426227,LONG,3963500,1,,,{'id': 52113}
1199426228,LONG,,1,834775500,417387800,"{'id': 47605, 'context': 0}"
1199426231,LONG,500000,1,,,{'id': 168448}
1199426232,LONG,,1,4989900,3912200,"{'id': 132539, 'context': 0, 'bonus_lists': [6862]}"
1199426233,LONG,,1,46000000,23000000,"{'id': 44741, 'context': 0, 'bonus_lists': [1678, 6849]}"
1199426234,LONG,,1,155000000,77500000,"{'id': 41355, 'context': 0, 'bonus_lists': [6881]}"
1199426236,LONG,,1,40000000,20000000,"{'id': 94046, 'context': 0, 'bonus_lists': [1691]}"
1199426239,LONG,,1,189999900,95000000,"{'id': 14127, 'context': 1, 'bonus_lists': [6654, 1695], 'modifiers': [{'type': 9, 'value': 30}, {'type': 28, 'value': 200}]}"
1199426240,LONG,18999900,1,,,{'id': 25679}
1199426241,LONG,,1,54999900,27500000,"{'id': 55260, 'context': 22, 'modifiers': [{'type': 28, 'value': 1113}]}"
1199426242,LONG,,1,48000000,24000000,"{'id': 37774, 'context': 2, 'bonus_lists': [6658], 'modifiers': [{'type': 9, 'value': 30}, {'type': 28, 'value': 1091}]}"
1199426244,LONG,,1,19999900,10000000,"{'id': 3489, 'context': 0, 'bonus_lists': [6846]}"
1199426245,LONG,,1,649999900,325000000,"{'id': 161895, 'context': 13, 'bonus_lists': [1681, 6855, 5804]}"
1199426246,LONG,,1,249999900,125000000,"{'id': 75109, 'context': 0, 'bonus_lists': [6873]}"
1199426247,LONG,,1,2189000,1094500,"{'id': 151790, 'context': 0, 'bonus_lists': [6835]}"
1199426248,LONG,11499900,1,,,{'id': 136852}
1199426249,LONG,,1,27499400,13749700,"{'id': 106607, 'context': 0, 'bonus_lists': [6654, 166], 'modifiers': [{'type': 9, 'value': 40}, {'type': 28, 'value': 67}]}"
1199426251,LONG,,1,280000000,140000000,"{'id': 7961, 'context': 0, 'bonus_lists': [6877]}"
1199426252,LONG,,1,28671600,14335800,"{'id': 7354, 'context': 54, 'bonus_lists': [1707, 4278], 'modifiers': [{'type': 9, 'value': 36}]}"
1199426253,LONG,,1,291602000,145801000,"{'id': 147516, 'context': 0, 'bonus_lists': [1812, 1712], 'modifiers': [{'type': 9, 'value': 45}]}"
1199426254,LONG,,1,30000000,15000000,"{'id': 4381, 'context': 1}"
1199426256,LONG,11500000,1,,,{'id': 139437}
1199426257,LONG,33000000,1,,,{'id': 137557}
1199426258,LONG,,1,99999700,49999900,"{'id': 116647, 'context': 13, 'bonus_lists': [209, 525, 548, 6856]}"
1199426260,LONG,,1,29000000,14500000,"{'id': 161954, 'context': 13, 'bonus_lists': [1678, 4927]}"
1199426261,LONG,,1,35999900,18000000,"{'id': 116169, 'context': 13, 'bonus_lists': [109, 6871]}"
1199426262,LONG,,1,7788100,3894100,"{'id': 24769, 'context': 36, 'bonus_lists': [1679, 3850], 'modifiers': [{'type': 9, 'value': 50}]}"
1199426264,LONG,,1,28000000,14000000,"{'id': 4369, 'context': 0}"
1199426266,LONG,,1,113000000,56500000,"{'id': 165749, 'context': 11}"
1199426268,LONG,,1,1399999900,700000000,"{'id': 87484, 'context': 0}"
1199426269,LONG,,1,410000000,205000000,"{'id': 66924, 'context': 0}"
1199426272,LONG,,1,210000,164500,"{'id': 4316, 'context': 0, 'bonus_lists': [6851]}"
1199426273,LONG,,1,22220800,11110400,"{'id': 123891, 'context': 13, 'bonus_lists': [1687, 6844, 3408]}"
1199426274,LONG,,1,290000,192200,"{'id': 4330, 'context': 0, 'bonus_lists': [6835]}"
1199426275,LONG,,1,142500000,71250000,"{'id': 82968, 'context': 1}"
1199426278,LONG,,1,35000300,17500200,"{'id': 138795, 'context': 13}"
1199426280,LONG,,1,210000000,105000000,"{'id': 25142, 'context': 1, 'bonus_lists': [6655, 1694], 'modifiers': [{'type': 9, 'value': 30}, {'type': 28, 'value': 220}]}"
1199426281,LONG,19999800,1,,,{'id': 112160}
1199426282,LONG,,1,235200,117600,"{'id': 7026, 'context': 0, 'bonus_lists': [6838]}"
1199426284,LONG,140000,7,,,{'id': 38766}
1199426286,LONG,,1,366729900,295592000,"{'id': 34061, 'context': 0, 'bonus_lists': [6883]}"
1199426288,LONG,21000000,2,,,{'id': 12643}
1199426290,LONG,2999800,1,,,{'id': 65365}
1199426293,LONG,,1,4489900,2784600,"{'id': 7958, 'context': 0, 'bonus_lists': [6855]}"
1199426295,LONG,,1,170000000,85000000,"{'id': 3492, 'context': 0, 'bonus_lists': [6858]}"
1199426297,LONG,,1,48000000,24000000,"{'id': 23494, 'context': 1}"
1199426299,LONG,11677900,1,,,{'id': 139362}
1199426301,LONG,,1,5639200,2819600,"{'id': 4084, 'context': 1, 'bonus_lists': [6654], 'modifiers': [{'type': 9, 'value': 30}, {'type': 28, 'value': 214}]}"
1199426304,LONG,,1,379100,189600,"{'id': 7062, 'context': 1, 'bonus_lists': [6867]}"
1199426306,LONG,,1,29089000,14544500,"{'id': 21862, 'context': 0, 'bonus_lists': [6883]}"
1199426308,LONG,,1,48835500,24417800,"{'id': 8277, 'context': 53, 'bonus_lists': [4277], 'modifiers': [{'type': 9, 'value': 50}]}"
1199426310,LONG,,1,210000000,105000000,"{'id': 77527, 'context': 0, 'bonus_lists': [6868]}"
1199426314,LONG,,1,45000000,22500000,"{'id': 87464, 'context': 0}"
1199426315,LONG,,1,332653300,166326700,"{'id': 54505, 'context': 0}"
1199426316,LONG,,1,2104900,1052500,"{'id': 11288, 'context': 1}"
1199426317,LONG,1509200,1,,,{'id': 52745}
1199426318,LONG,,1,249999900,125000000,"{'id': 56564, 'context': 0, 'bonus_lists': [6883]}"
1199426322,LONG,,1,27000000,13500000,"{'id': 93557, 'context': 1}"
1199426324,LONG,,1,3989900,2456400,"{'id': 7957, 'context': 0, 'bonus_lists': [6854]}"
1199426325,LONG,,1,215000000,107500000,"{'id': 75100, 'context': 0}"
1199426327,LONG,,1,110000000,55000000,"{'id': 75105, 'context': 0}"
1199426328,LONG,886000,3,,,{'id': 49084}
1199426330,LONG,122500000,1,,,{'id': 10548}
1199426333,LONG,,1,31201300,15600700,"{'id': 24213, 'context': 3}"
1199426335,LONG,,1,300000000,150000000,"{'id': 161996, 'context': 13, 'bonus_lists': [1699, 4928]}"
1199426337,LONG,,1,87499900,43750000,"{'id': 116181, 'context': 13, 'bonus_lists': [177, 525, 536, 6845]}"
1199426338,LONG,18500400,1,,,{'id': 76532}
1199426340,LONG,,1,155000000,77500000,"{'id': 55032, 'context': 1, 'bonus_lists': [6867]}"
1199426341,LONG,,1,510000000,255000000,"{'id': 75084, 'context': 0, 'bonus_lists': [6864]}"
1199426343,LONG,,1,217047800,108523900,"{'id': 55454, 'context': 36, 'bonus_lists': [1714, 4314], 'modifiers': [{'type': 9, 'value': 45}]}"
1199426344,LONG,2000000,1,,,{'id': 34769}
1199426346,LONG,,1,25000000,12500000,"{'id': 7506, 'context': 1}"
1199426348,LONG,,1,850000000,425000000,"{'id': 59449, 'context': 1}"
1199426349,LONG,,1,1300000000,650000000,"{'id': 169935, 'context': 4, 'bonus_lists': [4801, 42, 1472, 4786], 'modifiers': [{'type': 28, 'value': 722}]}"
1199426352,LONG,,1,18000000,9000000,"{'id': 3045, 'context': 0, 'bonus_lists': [6654], 'modifiers': [{'type': 9, 'value': 30}, {'type': 28, 'value': 18}]}"
1199426355,LONG,576300,13,,,{'id': 159787}
1199426357,LONG,,1,809546700,404773400,"{'id': 21875, 'context': 0}"
1199426359,LONG,,1,18000000,9000000,"{'id': 56505, 'context': 0, 'bonus_lists': [1713]}"
1199426362,LONG,,1,15000000,7500000,"{'id': 106579, 'context': 0, 'bonus_lists': [6654, 165], 'modifiers': [{'type': 9, 'value': 40}, {'type': 28, 'value': 66}]}"
1199426364,LONG,1600000,2,,,{'id': 76502}
1199426366,LONG,110000,40,,,{'id': 154883}
1199426368,LONG,,1,245000000,122500000,"{'id': 22757, 'context': 1}"
1199426370,LONG,,1,689999900,345000000,"{'id': 164693, 'context': 13, 'bonus_lists': [1703, 5804]}"
1199426373,LONG,,1,45000000,22500000,"{'id': 66958, 'context': 36, 'bonus_lists': [4760], 'modifiers': [{'type': 9, 'value': 47}]}"
1199426376,LONG,,1,44000000,22000000,"{'id': 7353, 'context': 0, 'bonus_lists': [6654, 1707], 'modifiers': [{'type': 9, 'value': 18}, {'type': 28, 'value': 17}]}"
1199426379,LONG,,1,41000000,20500000,"{'id': 98868, 'context': 0}"
1199426381,LONG,,1,99999900,50000000,"{'id': 38322, 'context': 1, 'bonus_lists': [6878]}"
1199426384,LONG,4629700,5,,,{'id': 153510}
1199426387,LONG,,1,700000000,350000000,"{'id': 59453, 'context': 1}"
1199426388,LONG,,1,19999900,10000000,"{'id': 116164, 'context': 13, 'bonus_lists': [155]}"
1199426390,LONG,,1,99999900,50000000,"{'id': 126995, 'context': 13, 'bonus_lists': [669, 600, 689, 1711, 3408]}"
1199426393,LONG,,1,150000000,75000000,"{'id': 42729, 'context': 1, 'bonus_lists': [6881]}"
1199426395,LONG,,1,27750000000,13875000000,"{'id': 9465, 'context': 1, 'bonus_lists': [4065], 'modifiers': [{'type': 9, 'value': 25}]}"
1199426397,LONG,,1,24500000,12250000,"{'id': 161955, 'context': 13, 'bonus_lists': [1698, 4927]}"
1199426401,LONG,,1,4989900,2848700,"{'id': 3484, 'context': 0, 'bonus_lists': [6857]}"
1199426402,LONG,,1,29999900,26988100,"{'id': 55293, 'context': 36, 'bonus_lists': [1693, 4767], 'modifiers': [{'type': 9, 'value': 45}]}"
1199426404,LONG,2249100,1,,,{'id': 89868}
1199426408,LONG,,1,474284000,237142000,"{'id': 169301, 'context': 13, 'bonus_lists': [6883]}"
1199426410,LONG,,1,49999900,25000000,"{'id': 98774, 'context': 1}"
1199426412,LONG,,1,1000000,500000,"{'id': 6219, 'context': 14, 'modifiers': [{'type': 28, 'value': 868}]}"
1199426414,LONG,,1,1000000,500000,"{'id': 6219, 'context': 14, 'modifiers': [{'type': 28, 'value': 868}]}"
1199426417,LONG,5008900,4,,,{'id': 76688}
1199426418,LONG,,1,39999900,20000000,"{'id': 3850, 'context': 0, 'bonus_lists': [6863]}"
1199426420,LONG,,1,12088200,6044100,"{'id': 15393, 'context': 0, 'bonus_lists': [6654, 1706], 'modifiers': [{'type': 9, 'value': 30}, {'type': 28, 'value': 32}]}"
1199426423,LONG,895800,1,,,{'id': 158382}
1199426426,LONG,,1,3499300,3136900,"{'id': 153687, 'context': 13, 'bonus_lists': [6827, 3368]}"
1199426429,LONG,9998400,1,,,{'id': 110625}
1199426431,LONG,16000000,1,,,{'id': 77532}
1199426435,LONG,,1,15526300,7763200,"{'id': 2989, 'context': 1, 'bonus_lists': [6654], 'modifiers': [{'type': 9, 'value': 30}, {'type': 28, 'value': 213}]}"
1199426440,LONG,,1,28000000,14000000,"{'id': 68759, 'context': 0, 'bonus_lists': [6654], 'modifiers': [{'type': 9, 'value': 12}, {'type': 28, 'value': 6}]}"
1199426442,LONG,,1,26500000,13250000,"{'id': 93553, 'context': 0, 'bonus_lists': [6878]}"
1199426445,LONG,18826100,1,,,{'id': 129018}
1199426447,LONG,,1,19958900,9979500,"{'id': 112057, 'context': 1, 'bonus_lists': [6835]}"
1199426449,LONG,,1,99999900,50000000,"{'id': 41239, 'context': 0}"
1199426451,LONG,,1,99999800,55475700,"{'id': 169328, 'context': 13, 'bonus_lists': [6883]}"
1199426453,LONG,,1,99999800,55475700,"{'id': 169328, 'context': 13, 'bonus_lists': [6883]}"
1199426456,LONG,,1,1489900,745000,"{'id': 10048, 'context': 0, 'bonus_lists': [6848]}"
1199426460,LONG,1650000,4,,,{'id': 87888}
1199426464,LONG,2499800,3,,,{'id': 153443}
1199426467,LONG,,1,4499900,2250000,"{'id': 55555, 'context': 36, 'bonus_lists': [1715, 4307], 'modifiers': [{'type': 9, 'value': 47}]}"
1199426469,LONG,,1,480100,355100,"{'id': 4318, 'context': 1}"
1199426472,LONG,,1,57000000,28500000,"{'id': 82221, 'context': 0, 'bonus_lists': [6655, 1687], 'modifiers': [{'type': 9, 'value': 35}, {'type': 28, 'value': 169}]}"
1199426475,LONG,,1,215000000,107500000,"{'id': 167969, 'context': 13, 'bonus_lists': [1698, 5804]}"
1199426852,LONG,662900,90,,,{'id': 173204}
1199426934,LONG,740800,35,,,{'id': 172231}
1199427078,LONG,7000000,3,,,{'id': 172347}
1199428543,LONG,4300,20,,,{'id': 173043}
1199431543,LONG,7700,2000,,,{'id': 124437}
1199431677,LONG,,1,97500000,48750000,"{'id': 8204, 'context': 0, 'bonus_lists': [6873]}"
1199431679,LONG,1650000,1,,,{'id': 76514}
1199431683,LONG,,1,430000000,215000000,"{'id': 167967, 'context': 13, 'bonus_lists': [1688, 5804]}"
1199431685,LONG,,1,440000000,220000000,"{'id': 45560, 'context': 1, 'bonus_lists': [6883]}"
1199431686,LONG,4899900,9,,,{'id': 7966}
1199431688,LONG,,1,89999900,45000000,"{'id': 87454, 'context': 36, 'bonus_lists': [4760], 'modifiers': [{'type': 9, 'value': 50}]}"
1199431691,LONG,,1,25329900,12665000,"{'id': 69803, 'context': 2, 'bonus_lists': [4236], 'modifiers': [{'type': 9, 'value': 35}, {'type': 28, 'value': 1111}]}"
1199431693,LONG,,1,7489900,3745000,"{'id': 25167, 'context': 1, 'bonus_lists': [6655, 1707], 'modifiers': [{'type': 9, 'value': 30}, {'type': 28, 'value': 233}]}"
1199431695,LONG,,1,18998700,9499400,"{'id': 82403, 'context': 1, 'bonus_lists': [1691]}"
1199431698,LONG,,1,19599900,9928900,"{'id': 167945, 'context': 13, 'bonus_lists': [1686, 6878]}"
1199431701,LONG,8398800,1,,,{'id': 38374}
1199431704,LONG,,1,54000000,27000000,"{'id': 15312, 'context': 54, 'bonus_lists': [1680, 4277], 'modifiers': [{'type': 9, 'value': 50}]}"
1199431706,LONG,,1,2000000,1000000,"{'id': 4313, 'context': 0, 'bonus_lists': [6849]}"
1199431708,LONG,,1,2000000,1000000,"{'id': 10008, 'context': 0, 'bonus_lists': [6871]}"
1199431710,LONG,,1,19370300,9685200,"{'id': 161897, 'context': 13, 'bonus_lists': [1681, 4928, 5804]}"
1199431712,LONG,,1,220000000,110000000,"{'id': 164473, 'context': 11, 'modifiers': [{'type': 28, 'value': 644}]}"
1199431716,LONG,,1,1989900,1251100,"{'id': 3836, 'context': 0, 'bonus_lists': [6862]}"
1199431718,LONG,,1,15000000,7500000,"{'id': 126988, 'context': 13, 'bonus_lists': [1706, 6865, 3408]}"
1199431721,LONG,,1,350000,326100,"{'id': 14494, 'context': 1, 'modifiers': [{'type': 28, 'value': 205}]}"
1199431725,LONG,25000000,1,,,{'id': 41611}
1199431728,LONG,,1,25999900,13000000,"{'id': 3481, 'context': 0}"
1199431731,LONG,,1,460000000,230000000,"{'id': 87426, 'context': 29, 'bonus_lists': [4295], 'modifiers': [{'type': 9, 'value': 33}]}"
1199431735,LONG,,1,49999800,24999900,"{'id': 56518, 'context': 0}"
1199431740,LONG,,1,850000000,425000000,"{'id': 78312, 'context': 14, 'modifiers': [{'type': 28, 'value': 402}]}"
1199431743,LONG,,1,690000000,464873200,"{'id': 98616, 'context': 0, 'bonus_lists': [6883]}"
1199431748,LONG,,1,700000000,350000000,"{'id': 59455, 'context': 1}"
1199431751,LONG,,1,1489900,891000,"{'id': 4249, 'context': 0, 'bonus_lists': [6827]}"
1199431753,LONG,,1,6450300,3225200,"{'id': 6554, 'context': 0, 'bonus_lists': [6654, 1693], 'modifiers': [{'type': 9, 'value': 30}, {'type': 28, 'value': 6}]}"
1199431756,LONG,,1,135578300,67789200,"{'id': 116176, 'context': 13, 'bonus_lists': [232, 525, 535, 6859]}"
1199431758,LONG,,1,7989900,4225100,"{'id': 168807, 'context': 13, 'bonus_lists': [6827]}"
1199431761,LONG,,1,43999900,22000000,"{'id': 10102, 'context': 1, 'bonus_lists': [6654, 1679], 'modifiers': [{'type': 9, 'value': 30}, {'type': 28, 'value': 205}]}"
1199431762,LONG,,1,30000000,15000000,"{'id': 24976, 'context': 1, 'bonus_lists': [6654, 1693], 'modifiers': [{'type': 9, 'value': 24}, {'type': 28, 'value': 1889}]}"
1199431767,LONG,,1,10109900,5055000,"{'id': 10258, 'context': 1, 'bonus_lists': [6654, 1707], 'modifiers': [{'type': 9, 'value': 30}, {'type': 28, 'value': 205}]}"
1199431769,LONG,,1,97499900,48750000,"{'id': 152837, 'context': 13, 'bonus_lists': [1684, 4928, 6868]}"
1199431770,LONG,,1,17925500,10783300,"{'id': 8267, 'context': 1, 'bonus_lists': [6654], 'modifiers': [{'type': 9, 'value': 30}, {'type': 28, 'value': 201}]}"
1199431773,LONG,4000000,2,,,{'id': 158327}
1199431775,LONG,,1,135000000,67500000,"{'id': 4397, 'context': 1}"
1199431776,LONG,,1,235000000,117500000,"{'id': 75090, 'context': 0, 'bonus_lists': [6874]}"
1199431779,LONG,2200000,3,,,{'id': 79538}
1199431782,LONG,,1,2149900,1816600,"{'id': 127035, 'context': 0}"
1199431783,LONG,,1,2149900,1816600,"{'id': 127035, 'context': 0}"
1199431787,LONG,,1,169998000,84999000,"{'id': 36461, 'context': 36, 'bonus_lists': [1693, 3871], 'modifiers': [{'type': 9, 'value': 50}]}"
1199431789,LONG,,1,15005900,,"{'id': 82800, 'context': 0, 'modifiers': [{'type': 6, 'value': 95171}], 'pet_breed_id': 4, 'pet_level': 25, 'pet_quality_id': 3, 'pet_species_id': 2842}"
1199431790,LONG,,1,17000000,8500000,"{'id': 25210, 'context': 1, 'bonus_lists': [6655, 1706], 'modifiers': [{'type': 9, 'value': 30}, {'type': 28, 'value': 233}]}"
1199431794,LONG,,1,27000000,13500000,"{'id': 23482, 'context': 1, 'bonus_lists': [6857]}"
1199431796,LONG,,1,500000,250000,"{'id': 10051, 'context': 0}"
1199431799,LONG,,1,23283200,11641600,"{'id': 8278, 'context': 1, 'bonus_lists': [6654], 'modifiers': [{'type': 9, 'value': 30}, {'type': 28, 'value': 282}]}"
1199431801,LONG,,1,1749900,1206200,"{'id': 9936, 'context': 1, 'bonus_lists': [6654, 1694], 'modifiers': [{'type': 9, 'value': 30}, {'type': 28, 'value': 282}]}"
1199431805,LONG,,1,499999900,250000000,"{'id': 94588, 'context': 0, 'bonus_lists': [6883]}"
1199431807,LONG,,1,7779800,4464300,"{'id': 132541, 'context': 0, 'bonus_lists': [6867]}"
1199431809,LONG,,1,52500000,26250000,"{'id': 890, 'context': 0, 'bonus_lists': [6659], 'modifiers': [{'type': 9, 'value': 30}, {'type': 28, 'value': 11}]}"
1199431812,LONG,,1,2211300,1105700,"{'id': 4319, 'context': 0, 'bonus_lists': [6857]}"
1199431816,LONG,,1,58999900,29500000,"{'id': 75064, 'context': 0, 'bonus_lists': [6883]}"
1199431818,LONG,1699700,2,,,{'id': 153597}
1199431820,LONG,,1,969800,670700,"{'id': 10002, 'context': 1}"
1199431824,LONG,,1,39999900,20000000,"{'id': 3837, 'context': 0, 'bonus_lists': [6866]}"
1199431828,LONG,,1,55999900,28000000,"{'id': 118602, 'context': 1, 'bonus_lists': [120, 6863]}"
1199431830,LONG,,1,8429700,5589700,"{'id': 10168, 'context': 0, 'bonus_lists': [6654, 1692], 'modifiers': [{'type': 9, 'value': 30}, {'type': 28, 'value': 34}]}"
1199431833,LONG,,1,49999900,25000000,"{'id': 98756, 'context': 1}"
1199431835,LONG,,1,165000000,82500000,"{'id': 3288, 'context': 0}"
1199431836,LONG,662900,25,,,{'id': 173204}
1199431838,LONG,,1,99999900,50000000,"{'id': 98859, 'context': 1, 'bonus_lists': [6883]}"
1199431840,LONG,69999700,1,,,{'id': 54448}
1199431843,LONG,20231800,20,,,{'id': 168449}
1199431845,LONG,,1,50000000,25000000,"{'id': 55033, 'context': 1}"
1199431848,LONG,,1,132500000,66250000,"{'id': 161917, 'context': 13, 'bonus_lists': [1691, 4927, 5804]}"
1199431850,LONG,56800,7,,,{'id': 171841}
1199431853,LONG,,1,100000,50000,"{'id': 2584, 'context': 0, 'bonus_lists': [6845]}"
1199431857,LONG,,1,9580100,4790100,"{'id': 151792, 'context': 0, 'bonus_lists': [6835]}"
1199431859,LONG,,1,460000000,230000000,"{'id': 31244, 'context': 0, 'bonus_lists': [6691, 1680], 'modifiers': [{'type': 9, 'value': 29}, {'type': 28, 'value': 1737}]}"
1199431862,LONG,,1,238744500,119372300,"{'id': 16979, 'context': 0}"
1199431864,LONG,,1,9750000,4875000,"{'id': 7527, 'context': 1, 'bonus_lists': [6654, 1709], 'modifiers': [{'type': 9, 'value': 30}, {'type': 28, 'value': 214}]}"
1199431870,LONG,,1,875000000,437500000,"{'id': 118815, 'context': 29, 'bonus_lists': [3915], 'modifiers': [{'type': 9, 'value': 45}]}"
1199431871,LONG,4407400,3,,,{'id': 43386}
1199431873,LONG,,1,60000000,30000000,"{'id': 15512, 'context': 0, 'bonus_lists': [6655, 1694], 'modifiers': [{'type': 9, 'value': 29}, {'type': 28, 'value': 12}]}"
1199431875,LONG,,1,49999400,24999700,"{'id': 75072, 'context': 0, 'bonus_lists': [6883]}"
1199431877,LONG,,1,280000000,140000000,"{'id': 82920, 'context': 1}"
1199431881,LONG,,1,24000000,12000000,"{'id': 93558, 'context': 0, 'bonus_lists': [6878]}"
1199431886,LONG,,1,4019900,2382700,"{'id': 10236, 'context': 1, 'bonus_lists': [6654, 1695], 'modifiers': [{'type': 9, 'value': 30}, {'type': 28, 'value': 203}]}"
1199431889,LONG,,1,4019900,2382700,"{'id': 10236, 'context': 0, 'bonus_lists': [6654, 1693], 'modifiers': [{'type': 9, 'value': 30}, {'type': 28, 'value': 35}]}"
1199431891,LONG,1000000,5,,,{'id': 42459}
1199431895,LONG,,1,6659900,6404000,"{'id': 3843, 'context': 0, 'bonus_lists': [6862]}"
1199431897,LONG,,1,249900,132900,"{'id': 2582, 'context': 0, 'bonus_lists': [6846]}"
1199431901,LONG,,1,3989900,2456400,"{'id': 7918, 'context': 1, 'bonus_lists': [6873]}"
1199431905,LONG,,1,19500000,9750000,"{'id': 9757, 'context': 0, 'bonus_lists': [6654, 1694], 'modifiers': [{'type': 9, 'value': 32}, {'type': 28, 'value': 1818}]}"
1199431908,LONG,,1,85000000,42500000,"{'id': 170287, 'context': 13, 'bonus_lists': [1689, 5804, 6883]}"
1199431913,LONG,,1,97449900,48725000,"{'id': 8271, 'context': 0}"
1199431917,LONG,,1,2489900,1748600,"{'id': 6214, 'context': 1, 'bonus_lists': [6845]}"
1199431921,LONG,,1,549999800,274999900,"{'id': 161965, 'context': 13, 'bonus_lists': [1684, 6865]}"
1199431922,LONG,3499900,2,,,{'id': 169456}
1199431926,LONG,,1,33999500,16999800,"{'id': 93499, 'context': 0}"
1199431929,LONG,,1,1239900,748100,"{'id': 2866, 'context': 0, 'bonus_lists': [6852]}"
1199431931,LONG,,1,79219000,49553000,"{'id': 25161, 'context': 28, 'bonus_lists': [1706, 3869], 'modifiers': [{'type': 9, 'value': 50}]}"
1199431933,LONG,,1,79219000,49553000,"{'id': 25161, 'context': 0, 'bonus_lists': [1706]}"
1199431934,LONG,9600,3,,,{'id': 173032}
1199431936,LONG,,1,12999800,6499900,"{'id': 13075, 'context': 0}"
1199431940,LONG,,1,750000000,375000000,"{'id': 71986, 'context': 0}"
1199431943,LONG,100000,10,,,{'id': 113355}
1199431946,LONG,,1,274184100,137092100,"{'id': 14139, 'context': 0, 'bonus_lists': [6883]}"
1199431948,LONG,,1,19999900,10000000,"{'id': 3852, 'context': 1}"
1199431950,LONG,109631200,1,,,{'id': 141333}
1199431953,LONG,,1,1483449900,941059300,"{'id': 87251, 'context': 1, 'bonus_lists': [6827]}"
1199431954,LONG,,1,29280300,14640200,"{'id': 24955, 'context': 2, 'bonus_lists': [6654, 1694], 'modifiers': [{'type': 9, 'value': 30}, {'type': 28, 'value': 1066}]}"
1199431955,LONG,,1,32498800,16249400,"{'id': 93615, 'context': 0, 'bonus_lists': [6878]}"
1199431957,LONG,,1,825000000,412500000,"{'id': 87405, 'context': 0, 'bonus_lists': [6877]}"
1199431960,LONG,,1,42462000,21231000,"{'id': 41253, 'context': 0, 'bonus_lists': [6835]}"
1199431964,LONG,,1,364748300,182374200,"{'id': 75099, 'context': 0, 'bonus_lists': [6868]}"
1199431966,LONG,,1,149999500,74999800,"{'id': 1265, 'context': 0}"
1199431968,LONG,,1,46000000,23000000,"{'id': 14289, 'context': 0, 'bonus_lists': [6654, 1694], 'modifiers': [{'type': 9, 'value': 30}, {'type': 28, 'value': 33}]}"
1199431970,LONG,,1,1750000,1407100,"{'id': 54477, 'context': 1}"
1199431972,LONG,5749800,6,,,{'id': 7676}
1199431973,LONG,,1,96918100,48459100,"{'id': 82966, 'context': 0}"
1199431974,LONG,,1,49999900,25000000,"{'id': 54854, 'context': 1}"
1199431977,LONG,,1,2251600,1125800,"{'id': 25008, 'context': 1, 'bonus_lists': [6654, 1692], 'modifiers': [{'type': 9, 'value': 30}, {'type': 28, 'value': 233}]}"
1199431978,LONG,,1,49999900,25000000,"{'id': 55029, 'context': 0}"
1199431980,LONG,,1,409999500,204999800,"{'id': 19156, 'context': 0}"
1199431982,LONG,,1,37500000,18750000,"{'id': 15494, 'context': 54, 'bonus_lists': [1681]}"
1199431985,LONG,,1,94999900,47500000,"{'id': 4250, 'context': 0, 'bonus_lists': [6827]}"
1199431987,LONG,,1,36000000,18000000,"{'id': 4737, 'context': 1, 'bonus_lists': [6654], 'modifiers': [{'type': 9, 'value': 30}, {'type': 28, 'value': 214}]}"
1199431989,LONG,,1,249999900,125000000,"{'id': 75103, 'context': 1}"
1199431990,LONG,27300,6,,,{'id': 172054}
1199431992,LONG,,1,150000000,75000000,"{'id': 25656, 'context': 1, 'bonus_lists': [6849]}"
1199431993,LONG,,1,18901900,9451000,"{'id': 24841, 'context': 1, 'bonus_lists': [6654, 1691], 'modifiers': [{'type': 9, 'value': 30}, {'type': 28, 'value': 232}]}"
1199431994,LONG,,1,280000000,140000000,"{'id': 167991, 'context': 13, 'bonus_lists': [1717, 5804, 6876]}"
1199431997,LONG,,1,19999400,9999700,"{'id': 2848, 'context': 0}"
1199431998,LONG,,1,2497400,2101100,"{'id': 6622, 'context': 0, 'bonus_lists': [6659], 'modifiers': [{'type': 9, 'value': 30}, {'type': 28, 'value': 1004}]}"
1199432001,LONG,,1,6659900,5179600,"{'id': 5962, 'context': 0, 'bonus_lists': [6860]}"
1199432003,LONG,,1,449999900,225000000,"{'id': 119346, 'context': 6, 'bonus_lists': [567], 'modifiers': [{'type': 28, 'value': 2020}]}"
1199432005,LONG,,1,19995500,9997800,"{'id': 44554, 'context': 0, 'bonus_lists': [6883]}"
1199432008,LONG,,1,5639200,2819600,"{'id': 4084, 'context': 1, 'bonus_lists': [6654], 'modifiers': [{'type': 9, 'value': 30}, {'type': 28, 'value': 214}]}"
1199432015,LONG,54000,6,,,{'id': 179315}
1199432093,LONG,14000,28,,,{'id': 152576}
1199433132,LONG,150000,5,,,{'id': 177062}
1199433151,LONG,660000,57,,,{'id': 173204}
1199433206,LONG,740800,2,,,{'id': 172231}
1199433313,LONG,9600,3,,,{'id': 173032}
1199433735,LONG,3509200,200,,,{'id': 171275}
1199433939,LONG,356900,200,,,{'id': 171268}
1199434018,LONG,3347300,200,,,{'id': 171349}
1199435136,LONG,,1,140000000,70000000,"{'id': 167985, 'context': 13, 'bonus_lists': [1714]}"
1199435138,LONG,,1,297800,148900,"{'id': 6796, 'context': 0, 'bonus_lists': [6835]}"
1199435141,LONG,,1,297800,148900,"{'id': 6796, 'context': 0, 'bonus_lists': [6835]}"
1199435143,LONG,,1,1750000,875000,"{'id': 10033, 'context': 1, 'bonus_lists': [6876]}"
1199435146,LONG,,1,18000000,9000000,"{'id': 161941, 'context': 13, 'bonus_lists': [1710]}"
1199435150,LONG,3227200,1,,,{'id': 52760}
1199435151,LONG,,1,50999900,25500000,"{'id': 75089, 'context': 0}"
1199435155,LONG,,1,10009600,5046600,"{'id': 87489, 'context': 0}"
1199435156,LONG,,1,1350000000,675000000,"{'id': 10329, 'context': 0}"
1199435158,LONG,,1,490000000,245000000,"{'id': 119343, 'context': 3, 'modifiers': [{'type': 28, 'value': 1038}]}"
1199435159,LONG,,1,24052900,12026500,"{'id': 82001, 'context': 0, 'bonus_lists': [6655, 1708], 'modifiers': [{'type': 9, 'value': 35}, {'type': 28, 'value': 57}]}"
1199435160,LONG,,1,25999900,14068500,"{'id': 164689, 'context': 13, 'bonus_lists': [1679, 5804]}"
1199435162,LONG,,1,6000000,3000000,"{'id': 36669, 'context': 0, 'bonus_lists': [1705]}"
1199435164,LONG,,1,49999900,25000000,"{'id': 82949, 'context': 1}"
1199435166,LONG,,1,99999900,50000000,"{'id': 44445, 'context': 0}"
1199435168,LONG,1979700,2,,,{'id': 132515}
1199435170,LONG,,1,700000000,350000000,"{'id': 23758, 'context': 0, 'bonus_lists': [1680]}"
1199435171,LONG,,1,944199100,472099600,"{'id': 41610, 'context': 1}"
1199435173,LONG,,1,938200,469100,"{'id': 2583, 'context': 0, 'bonus_lists': [6848]}"
1199435175,LONG,,1,44000000,22000000,"{'id': 98872, 'context': 0}"
1199435176,LONG,,1,1489800,918500,"{'id': 10421, 'context': 0}"
1199435178,LONG,,1,1480000,740000,"{'id': 5763, 'context': 0}"
1199435179,LONG,,1,158853300,79426700,"{'id': 14920, 'context': 0, 'bonus_lists': [6654, 1691], 'modifiers': [{'type': 9, 'value': 30}, {'type': 28, 'value': 28}]}"
1199435182,LONG,,1,67500000,33750000,"{'id': 14726, 'context': 0, 'bonus_lists': [6654], 'modifiers': [{'type': 9, 'value': 30}, {'type': 28, 'value': 5}]}"
1199435184,LONG,,1,6000000,3000000,"{'id': 7919, 'context': 0, 'bonus_lists': [6873]}"
1199435186,LONG,,1,250000000,125000000,"{'id': 55415, 'context': 0, 'bonus_lists': [1713]}"
1199435188,LONG,,1,3989900,2698400,"{'id': 132533, 'context': 0, 'bonus_lists': [6858]}"
1199435189,LONG,,1,72500000,36250000,"{'id': 21340, 'context': 0}"
1199435191,LONG,,1,3489900,2151000,"{'id': 12419, 'context': 0, 'bonus_lists': [6883]}"
1199435193,LONG,,1,40999600,20499800,"{'id': 45167, 'context': 3, 'modifiers': [{'type': 28, 'value': 1020}]}"
1199435194,LONG,2399100,5,,,{'id': 104104}
1199435195,LONG,,1,46999900,23500000,"{'id': 106418, 'context': 0, 'bonus_lists': [6654, 198], 'modifiers': [{'type': 9, 'value': 40}, {'type': 28, 'value': 64}]}"
1199435196,LONG,,1,4489900,2814600,"{'id': 132494, 'context': 0, 'bonus_lists': [6849]}"
1199435198,LONG,,1,160000000,80000000,"{'id': 12632, 'context': 0}"
1199435200,LONG,,1,1249999100,624999600,"{'id': 17193, 'context': 1, 'bonus_lists': [6883]}"
1199435201,LONG,500000,1,,,{'id': 76565}
1199435204,LONG,10250000,1,,,{'id': 4366}
1199435206,LONG,,1,3499300,3136900,"{'id': 153687, 'context': 13, 'bonus_lists': [6827, 3365]}"
1199435210,LONG,,1,2251600,1125800,"{'id': 25008, 'context': 1, 'bonus_lists': [6654, 1691], 'modifiers': [{'type': 9, 'value': 30}, {'type': 28, 'value': 233}]}"
1199435212,LONG,,1,459700,442400,"{'id': 4311, 'context': 0, 'bonus_lists': [6850]}"
1199435214,LONG,,1,109999900,55000000,"{'id': 31157, 'context': 0, 'bonus_lists': [1694, 3761], 'modifiers': [{'type': 9, 'value': 30}]}"
1199435215,LONG,,1,24979700,12489900,"{'id': 8106, 'context': 1, 'bonus_lists': [6654], 'modifiers': [{'type': 9, 'value': 30}, {'type': 28, 'value': 216}]}"
1199435216,LONG,,1,130000000,86741300,"{'id': 21876, 'context': 0}"
1199435220,LONG,,1,67779800,38409900,"{'id': 123914, 'context': 13, 'bonus_lists': [669, 600, 689, 1696, 3408, 6883]}"
1199435221,LONG,,1,470000000,235000000,"{'id': 19164, 'context': 1}"
1199435223,LONG,,1,28000000,14000000,"{'id': 116425, 'context': 13, 'bonus_lists': [151, 6864]}"
1199435224,LONG,,1,99999900,50000000,"{'id': 114817, 'context': 13, 'bonus_lists': [147, 525, 537, 6827]}"
1199435225,LONG,,1,400000000,334499600,"{'id': 83090, 'context': 0, 'bonus_lists': [6873]}"
1199435226,LONG,,1,2189000,1094500,"{'id': 151790, 'context': 0, 'bonus_lists': [6835]}"
1199435228,LONG,,1,35000000,17500000,"{'id': 14748, 'context': 1, 'bonus_lists': [6654], 'modifiers': [{'type': 9, 'value': 30}, {'type': 28, 'value': 200}]}"
1199435229,LONG,,1,13890800,6945400,"{'id': 8257, 'context': 0, 'bonus_lists': [6654], 'modifiers': [{'type': 9, 'value': 30}, {'type': 28, 'value': 31}]}"
1199435232,LONG,2750000,8,,,{'id': 159786}
1199435233,LONG,,1,19999900,14534500,"{'id': 41351, 'context': 1, 'bonus_lists': [6881]}"
1199435235,LONG,19999800,1,,,{'id': 54449}
1199435237,LONG,,1,109999800,54999900,"{'id': 43584, 'context': 1}"
1199435238,LONG,,1,36000000,18000000,"{'id': 14595, 'context': 43, 'bonus_lists': [4276], 'modifiers': [{'type': 9, 'value': 23}]}"
1199435241,LONG,,1,31000000,15500000,"{'id': 93554, 'context': 0, 'bonus_lists': [6876]}"
1199435244,LONG,,1,38000000,19000000,"{'id': 31151, 'context': 1, 'bonus_lists': [6658], 'modifiers': [{'type': 9, 'value': 30}, {'type': 28, 'value': 232}]}"
1199435245,LONG,,1,2489900,1543000,"{'id': 2845, 'context': 1, 'bonus_lists': [6838]}"
1199435246,LONG,250000,6,,,{'id': 12644}
1199435247,LONG,,1,1779000,1728200,"{'id': 132542, 'context': 0, 'bonus_lists': [6860]}"
1199435250,LONG,,1,99999800,49999900,"{'id': 37810, 'context': 2, 'bonus_lists': [6659], 'modifiers': [{'type': 9, 'value': 30}, {'type': 28, 'value': 1096}]}"
1199435252,LONG,40000,3,,,{'id': 34721}
1199435253,LONG,5500000,1,,,{'id': 76561}
1199435254,LONG,,1,12989400,6494700,"{'id': 168808, 'context': 13, 'bonus_lists': [6827]}"
1199435255,LONG,,1,12499900,7509700,"{'id': 75063, 'context': 0}"
1199435259,LONG,,1,4489900,2782800,"{'id': 2849, 'context': 0, 'bonus_lists': [6852]}"
1199435261,LONG,,1,1989900,1153700,"{'id': 2864, 'context': 0}"
1199435263,LONG,,1,99999900,50000000,"{'id': 56504, 'context': 0, 'bonus_lists': [1688]}"
1199435264,LONG,,1,2000000,1000000,"{'id': 13868, 'context': 1}"
1199435266,LONG,,1,570000000,285000000,"{'id': 41384, 'context': 1, 'bonus_lists': [6883]}"
1199435267,LONG,,1,1483449900,930203700,"{'id': 87250, 'context': 0, 'bonus_lists': [6827]}"
1199435268,LONG,,1,30000000,26404400,"{'id': 83806, 'context': 0}"
1199435270,LONG,,1,490000,320300,"{'id': 2852, 'context': 1}"
1199435272,LONG,,1,10999900,5500000,"{'id': 40347, 'context': 0}"
1199435274,LONG,,1,600000000,300000000,"{'id': 11606, 'context': 1}"
1199435277,LONG,,1,1000000,500000,"{'id': 55699, 'context': 22, 'bonus_lists': [6654, 1691], 'modifiers': [{'type': 9, 'value': 35}, {'type': 28, 'value': 1115}]}"
1199435278,LONG,,1,30000000,15000000,"{'id': 36347, 'context': 36, 'bonus_lists': [1678, 3850], 'modifiers': [{'type': 9, 'value': 50}]}"
1199435280,LONG,2100000,7,,,{'id': 80588}
1199435282,LONG,,1,4109900,2724200,"{'id': 4251, 'context': 0, 'bonus_lists': [6854]}"
1199435286,LONG,7099400,2,,,{'id': 52744}
1199435288,LONG,,1,780000,727500,"{'id': 3472, 'context': 0, 'bonus_lists': [6841]}"
1199435291,LONG,,1,28000000,14000000,"{'id': 69877, 'context': 0, 'bonus_lists': [6694], 'modifiers': [{'type': 9, 'value': 35}, {'type': 28, 'value': 55}]}"
1199435292,LONG,,1,115000000,57500000,"{'id': 98928, 'context': 0, 'bonus_lists': [6883]}"
1199435294,LONG,2100000,4,,,{'id': 45768}
1199435297,LONG,,1,2719900,2221400,"{'id': 7378, 'context': 1, 'bonus_lists': [6865]}"
1199435299,LONG,39948100,1,,,{'id': 118015}
1199435302,LONG,,1,235000000,117500000,"{'id': 55303, 'context': 28, 'bonus_lists': [1700, 4766], 'modifiers': [{'type': 9, 'value': 50}]}"
1199435303,LONG,,1,72920500,36460300,"{'id': 98825, 'context': 0}"
1199435306,LONG,18135400,1,,,{'id': 137239}
1199435310,LONG,2029900,2,,,{'id': 104099}
1199435312,LONG,,1,290000000,145000000,"{'id': 123912, 'context': 13, 'bonus_lists': [669, 601, 689, 1709, 3408, 6883]}"
1199435314,LONG,,1,27000000,13500000,"{'id': 24941, 'context': 0, 'bonus_lists': [6654, 1708], 'modifiers': [{'type': 9, 'value': 30}, {'type': 28, 'value': 38}]}"
1199435317,LONG,1950000000,1,,,{'id': 23766}
1199435318,LONG,22999700,1,,,{'id': 59596}
1199435321,LONG,62000000,1,,,{'id': 77543}
1199435322,LONG,,1,99999900,50000000,"{'id': 87504, 'context': 0, 'bonus_lists': [6658], 'modifiers': [{'type': 9, 'value': 35}, {'type': 28, 'value': 58}]}"
1199435323,LONG,,1,709999900,355000000,"{'id': 161892, 'context': 13, 'bonus_lists': [1682, 6858, 5804]}"
1199435324,LONG,,1,26500000,13250000,"{'id': 38402, 'context': 0}"
1199435326,LONG,,1,8999900,4500000,"{'id': 82138, 'context': 36, 'bonus_lists': [1698, 4307], 'modifiers': [{'type': 9, 'value': 50}]}"
1199435327,LONG,,1,50000,25000,"{'id': 4240, 'context': 0}"
1199435328,LONG,,1,175000000,87500000,"{'id': 161994, 'context': 13, 'bonus_lists': [1689, 4928]}"
1199435331,LONG,,1,470000000,235000000,"{'id': 141564, 'context': 25, 'bonus_lists': [6660], 'modifiers': [{'type': 9, 'value': 25}, {'type': 28, 'value': 1705}]}"
1199435333,LONG,,1,251290900,142719000,"{'id': 10583, 'context': 1}"
1199435336,LONG,650000,2,,,{'id': 21991}
1199435339,LONG,,1,102500000,51250000,"{'id': 116489, 'context': 6, 'bonus_lists': [6655, 213], 'modifiers': [{'type': 9, 'value': 40}, {'type': 28, 'value': 2019}]}"
1199435340,LONG,139999900,1,,,{'id': 38376}
1199435342,LONG,,1,72500000,36250000,"{'id': 14747, 'context': 0, 'bonus_lists': [6654], 'modifiers': [{'type': 9, 'value': 30}, {'type': 28, 'value': 12}]}"
1199435345,LONG,,1,107500000,53750000,"{'id': 116192, 'context': 13, 'bonus_lists': [88, 525, 536, 6849]}"
1199435346,LONG,,1,1500000,750000,"{'id': 4336, 'context': 0, 'bonus_lists': [6835]}"
1199435348,LONG,,1,540000000,410237900,"{'id': 42551, 'context': 0, 'bonus_lists': [6863]}"
1199435349,LONG,,1,99999900,50000000,"{'id': 82955, 'context': 1}"
1199435350,LONG,,1,14593100,7296600,"{'id': 41515, 'context': 1}"
1199435354,LONG,,1,750000000,375000000,"{'id': 170289, 'context': 13, 'bonus_lists': [1706, 5804]}"
1199435357,LONG,,1,799900,647600,"{'id': 21953, 'context': 1, 'modifiers': [{'type': 28, 'value': 205}]}"
1199435359,LONG,980000,1,,,{'id': 76527}
1199435361,LONG,,1,9580100,4790100,"{'id': 151792, 'context': 0, 'bonus_lists': [6835]}"
1199435362,LONG,,1,9580100,4790100,"{'id': 151792, 'context': 0, 'bonus_lists': [6835]}"
1199435365,LONG,11133700,1,,,{'id': 38955}
1199435369,LONG,,1,750000,375000,"{'id': 4312, 'context': 0, 'bonus_lists': [6845]}"
1199435371,LONG,,1,2130400,1065200,"{'id': 6264, 'context': 0, 'bonus_lists': [6852]}"
1199435373,LONG,,1,265000000,132500000,"{'id': 42549, 'context': 1}"
1199435374,LONG,1999800,1,,,{'id': 153662}
1199435375,LONG,,1,134999900,67500000,"{'id': 93527, 'context': 1, 'bonus_lists': [6877]}"
1199438135,LONG,1089800,1,,,{'id': 3239}
1199438137,LONG,,1,26000000,13000000,"{'id': 15933, 'context': 54, 'bonus_lists': [1708, 4282], 'modifiers': [{'type': 9, 'value': 50}]}"
1199438140,LONG,,1,24999900,12500000,"{'id': 106562, 'context': 0, 'bonus_lists': [6655, 166], 'modifiers': [{'type': 9, 'value': 38}, {'type': 28, 'value': 1767}]}"
1199438144,LONG,50000,3,,,{'id': 8545}
1199438149,LONG,,1,23499500,11749800,"{'id': 93500, 'context': 1}"
1199438153,LONG,,1,68000000,34000000,"{'id': 116700, 'context': 28, 'bonus_lists': [3875, 163], 'modifiers': [{'type': 9, 'value': 39}]}"
1199438157,LONG,,1,91737900,45869000,"{'id': 82432, 'context': 0}"
1199438158,LONG,,1,8453400,4226700,"{'id': 24585, 'context': 26, 'bonus_lists': [1679, 3838], 'modifiers': [{'type': 9, 'value': 25}]}"
1199438161,LONG,,1,975000000,487500000,"{'id': 16004, 'context': 1}"
1199438165,LONG,,1,50000000,25000000,"{'id': 98828, 'context': 0}"
1199438167,LONG,,1,110000000,58571700,"{'id': 8189, 'context': 1, 'bonus_lists': [6870]}"
1199438169,LONG,,1,57500000,28750000,"{'id': 4259, 'context': 0, 'bonus_lists': [6864]}"
1199438171,LONG,,1,1600000000,800000000,"{'id': 23825, 'context': 1}"
1199438173,LONG,,1,13499800,6749900,"{'id': 54474, 'context': 1, 'bonus_lists': [6849]}"
1199438175,LONG,63999400,1,,,{'id': 52754}
1199438178,LONG,,1,1489900,745000,"{'id': 4328, 'context': 0, 'bonus_lists': [6864]}"
1199438179,LONG,,1,47500000,28911600,"{'id': 7387, 'context': 0, 'bonus_lists': [6867]}"
1199438181,LONG,,1,474861600,237430800,"{'id': 164713, 'context': 13, 'bonus_lists': [1694, 6868]}"
1199438182,LONG,,1,27000000,13500000,"{'id': 38415, 'context': 0}"
1199438185,LONG,9999000,2,,,{'id': 110642}
1199438188,LONG,,1,775000000,387500000,"{'id': 31176, 'context': 0, 'bonus_lists': [6691, 1706], 'modifiers': [{'type': 9, 'value': 26}, {'type': 28, 'value': 1736}]}"
1199438190,LONG,,1,49999900,25000000,"{'id': 93532, 'context': 0, 'bonus_lists': [6875]}"
1199438193,LONG,,1,62500000,37979100,"{'id': 161930, 'context': 13, 'bonus_lists': [1694, 6868]}"
1199438195,LONG,,1,9448500,4724300,"{'id': 55395, 'context': 2, 'bonus_lists': [6655, 1698], 'modifiers': [{'type': 9, 'value': 35}, {'type': 28, 'value': 1111}]}"
1199438197,LONG,,1,49999400,24999700,"{'id': 93437, 'context': 1}"
1199438199,LONG,,1,49999900,25000000,"{'id': 93535, 'context': 0, 'bonus_lists': [6879]}"
1199438201,LONG,6948400,1,,,{'id': 52755}
1199438207,LONG,,1,15343500,7671800,"{'id': 10195, 'context': 1, 'bonus_lists': [6655, 1678], 'modifiers': [{'type': 9, 'value': 30}, {'type': 28, 'value': 205}]}"
1199438208,LONG,5969900,6,,,{'id': 43369}
1199438210,LONG,10250000,2,,,{'id': 76508}
1199438212,LONG,,1,99999900,50000000,"{'id': 55046, 'context': 0}"
1199438214,LONG,,1,240000000,120000000,"{'id': 12781, 'context': 0}"
1199438216,LONG,,1,69999800,34999900,"{'id': 42093, 'context': 1}"
1199438219,LONG,,1,33000000,16500000,"{'id': 10503, 'context': 1, 'bonus_lists': [6873]}"
1199438222,LONG,,1,1984800,1522600,"{'id': 41599, 'context': 0}"
1199438226,LONG,,1,1984800,1522600,"{'id': 41599, 'context': 0}"
1199438234,LONG,,1,72500000,36250000,"{'id': 14183, 'context': 36, 'bonus_lists': [1693, 3834], 'modifiers': [{'type': 9, 'value': 16}]}"
1199438236,LONG,,1,17000000,14671200,"{'id': 40955, 'context': 0, 'bonus_lists': [6868]}"
1199438240,LONG,,1,180000000,90000000,"{'id': 59598, 'context': 1}"
1199438242,LONG,,1,20999900,10500000,"{'id': 43515, 'context': 0, 'bonus_lists': [6849]}"
1199438247,LONG,,1,13000000,6500000,"{'id': 25196, 'context': 0, 'bonus_lists': [1693]}"
1199438249,LONG,,1,40000000,20000000,"{'id': 36543, 'context': 28, 'bonus_lists': [1709, 3869], 'modifiers': [{'type': 9, 'value': 27}]}"
1199438252,LONG,,1,9492500,4746300,"{'id': 55310, 'context': 36, 'bonus_lists': [1688, 4765], 'modifiers': [{'type': 9, 'value': 45}]}"
1199438256,LONG,,1,29000000,14500000,"{'id': 14218, 'context': 54, 'bonus_lists': [1692, 4277], 'modifiers': [{'type': 9, 'value': 50}]}"
1199438258,LONG,,1,20000000,10000000,"{'id': 10576, 'context': 1, 'bonus_lists': [6873]}"
1199438262,LONG,30000,4,,,{'id': 14529}
1199438265,LONG,1000000,1,,,{'id': 39002}
1199438268,LONG,,1,154999900,77500000,"{'id': 82149, 'context': 1, 'bonus_lists': [6654, 1714], 'modifiers': [{'type': 9, 'value': 29}, {'type': 28, 'value': 1833}]}"
1199438269,LONG,,1,1750000000,875000000,"{'id': 69952, 'context': 0, 'bonus_lists': [6883]}"
1199438271,LONG,,1,450000000,225000000,"{'id': 42552, 'context': 1}"
1199438273,LONG,2499900,1,,,{'id': 76544}
1199438277,LONG,,1,230000,182900,"{'id': 10035, 'context': 0, 'bonus_lists': [6835]}"
1199438278,LONG,1250000,1,,,{'id': 76536}
1199438280,LONG,,1,150000000,75000000,"{'id': 5770, 'context': 0}"
1199438283,LONG,77800,22,,,{'id': 6037}
1199438287,LONG,,1,390000000,195000000,"{'id': 167971, 'context': 13, 'bonus_lists': [1707, 5804]}"
1199438288,LONG,,1,1075000000,537500000,"{'id': 24264, 'context': 1, 'bonus_lists': [6883]}"
1199438291,LONG,,1,19999400,9999700,"{'id': 55027, 'context': 1}"
1199438295,LONG,,1,1359900,862500,"{'id': 7281, 'context': 0, 'bonus_lists': [6843]}"
1199438298,LONG,19895400,2,,,{'id': 129021}
1199438300,LONG,,1,120000000,60000000,"{'id': 161993, 'context': 13, 'bonus_lists': [1699, 4928]}"
1199438301,LONG,,1,124999500,62499800,"{'id': 161968, 'context': 13, 'bonus_lists': [1713, 6863]}"
1199438303,LONG,,1,16999900,10845200,"{'id': 161948, 'context': 13, 'bonus_lists': [1683, 6865]}"
1199438304,LONG,20989600,3,,,{'id': 139436}
1199438306,LONG,,1,245000000,122500000,"{'id': 167995, 'context': 13, 'bonus_lists': [1682, 5804]}"
1199438310,LONG,5749900,1,,,{'id': 76558}
1199438312,LONG,,1,9580100,4790100,"{'id': 151792, 'context': 0, 'bonus_lists': [6835]}"
1199438313,LONG,,1,200000000,100000000,"{'id': 12633, 'context': 1, 'bonus_lists': [6883]}"
1199438315,LONG,2000000,1,,,{'id': 52758}
1199438319,LONG,,1,180000000,90000000,"{'id': 164715, 'context': 13, 'bonus_lists': [1678]}"
1199438320,LONG,,1,124999900,62500000,"{'id': 93545, 'context': 0, 'bonus_lists': [6879]}"
1199438323,LONG,,1,99997400,49998700,"{'id': 41985, 'context': 0}"
1199438328,LONG,,1,129999900,65000000,"{'id': 42113, 'context': 0}"
1199438329,LONG,,1,19999900,10000000,"{'id': 3488, 'context': 0}"
1199438332,LONG,750000,1,,,{'id': 52763}
1199438334,LONG,,1,21000000,10500000,"{'id': 35615, 'context': 1}"
1199438337,LONG,,1,249999900,125000000,"{'id': 114819, 'context': 13, 'bonus_lists': [51, 525, 537]}"
1199438339,LONG,,1,109999900,55000000,"{'id': 93620, 'context': 1}"
1199438341,LONG,,1,630000000,315000000,"{'id': 71997, 'context': 1, 'bonus_lists': [6883]}"
1199438343,LONG,,1,2999200,1499600,"{'id': 41251, 'context': 0, 'bonus_lists': [6835]}"
1199438345,LONG,,1,124999900,62500000,"{'id': 161893, 'context': 13, 'bonus_lists': [1689, 6862, 5804]}"
1199438347,LONG,,1,100000000,50000000,"{'id': 37802, 'context': 0}"
1199438349,LONG,6299200,1,,,{'id': 52126}
1199438352,LONG,,1,77500000,38750000,"{'id': 75076, 'context': 0}"
1199438353,LONG,,1,87500000,43750000,"{'id': 86185, 'context': 0}"
1199438354,LONG,,1,65000000,32500000,"{'id': 62231, 'context': 0, 'bonus_lists': [6873]}"
1199438358,LONG,,1,60000000,30000000,"{'id': 86607, 'context': 1, 'bonus_lists': [6844]}"
1199438359,LONG,,1,700000000,350000000,"{'id': 170340, 'context': 13, 'bonus_lists': [1709]}"
1199438363,LONG,,1,68000000,34000000,"{'id': 98771, 'context': 0, 'bonus_lists': [6883]}"
1199438364,LONG,2500000,1,,,{'id': 76511}
1199438366,LONG,3000000,5,,,{'id': 8173}
1199438367,LONG,,1,99999900,50000000,"{'id': 43133, 'context': 0, 'bonus_lists': [6866]}"
1199438368,LONG,8000000,23,,,{'id': 168419}
1199438370,LONG,,1,8999800,4499900,"{'id': 10274, 'context': 1, 'bonus_lists': [6654, 1705], 'modifiers': [{'type': 9, 'value': 30}, {'type': 28, 'value': 193}]}"
1199438372,LONG,,1,17500000,8750000,"{'id': 38409, 'context': 0, 'bonus_lists': [6847]}"
1199438374,LONG,,1,4989400,4697700,"{'id': 108745, 'context': 0}"
1199438377,LONG,,1,600000,398800,"{'id': 21931, 'context': 0, 'bonus_lists': [6844]}"
1199438379,LONG,,1,249999400,124999700,"{'id': 32586, 'context': 1, 'bonus_lists': [6883]}"
1199438381,LONG,,1,17500000,14296000,"{'id': 41184, 'context': 0, 'bonus_lists': [6877]}"
1199438383,LONG,,1,550000000,275000000,"{'id': 118829, 'context': 5, 'bonus_lists': [6658], 'modifiers': [{'type': 9, 'value': 40}, {'type': 28, 'value': 2016}]}"
1199438386,LONG,,1,320347500,160173800,"{'id': 71989, 'context': 0}"
1199438387,LONG,,1,49999900,25000000,"{'id': 39087, 'context': 0}"
1199438388,LONG,,1,42999900,21500000,"{'id': 15150, 'context': 0, 'bonus_lists': [1709]}"
1199438390,LONG,,1,19999900,18852000,"{'id': 41243, 'context': 0, 'bonus_lists': [6862]}"
1199438391,LONG,,1,21500000,10750000,"{'id': 161882, 'context': 13, 'bonus_lists': [1712, 4927, 5804]}"
1199438392,LONG,,1,46999900,23500000,"{'id': 118603, 'context': 1, 'bonus_lists': [166, 6873]}"
1199438394,LONG,,1,2499900,1900500,"{'id': 43860, 'context': 0, 'bonus_lists': [6877]}"
1199438398,LONG,,1,7999900,4000000,"{'id': 25037, 'context': 29, 'bonus_lists': [1705, 3849], 'modifiers': [{'type': 9, 'value': 50}]}"
1199438400,LONG,,1,40000000,20000000,"{'id': 93503, 'context': 0, 'bonus_lists': [6876]}"
1199438402,LONG,,1,18000000,9000000,"{'id': 82126, 'context': 0, 'bonus_lists': [6654, 1708], 'modifiers': [{'type': 9, 'value': 35}, {'type': 28, 'value': 58}]}"
1199438403,LONG,,1,47000000,23500000,"{'id': 9292, 'context': 1, 'bonus_lists': [6654, 1677], 'modifiers': [{'type': 9, 'value': 30}, {'type': 28, 'value': 214}]}"
1199438404,LONG,,1,240000000,120000000,"{'id': 92747, 'context': 0}"
1199438408,LONG,,1,80579800,40289900,"{'id': 109173, 'context': 13, 'bonus_lists': [525, 219, 531]}"
1199438409,LONG,,1,17234300,8617200,"{'id': 8129, 'context': 1}"
1199438410,LONG,,1,205779700,102889900,"{'id': 86314, 'context': 1}"
1199438414,LONG,,1,1000000,500000,"{'id': 6219, 'context': 14, 'modifiers': [{'type': 28, 'value': 41}]}"
1199438415,LONG,,1,6859900,6567700,"{'id': 54479, 'context': 1}"
1199438417,LONG,,1,52000000,26000000,"{'id': 4385, 'context': 0}"
1199438420,LONG,,1,104999500,52499800,"{'id': 111526, 'context': 13, 'bonus_lists': [192, 525, 530, 6873]}"
1199438421,LONG,,1,400000,200000,"{'id': 13870, 'context': 1}"
1199438422,LONG,,1,360000000,180000000,"{'id': 161995, 'context': 13, 'bonus_lists': [1716, 4928]}"
1199438423,LONG,,1,5000000,2500000,"{'id': 10577, 'context': 0, 'bonus_lists': [6844]}"
1199438765,LONG,434500,20,,,{'id': 171285}
1199438795,LONG,660000,2,,,{'id': 173204}
1199438827,LONG,16400,6,,,{'id': 109128}
1199438925,LONG,,1,400000000,,"{'id': 178927, 'context': 64, 'bonus_lists': [6717, 7194, 1507]}"
1199438968,LONG,660000,8,,,{'id': 173204}
1199439041,LONG,1099000,3,,,{'id': 168583}
1199439060,LONG,15509100,2,,,{'id': 137287}
1199439062,LONG,,1,45071900,22536000,"{'id': 127032, 'context': 13, 'bonus_lists': [3343, 6860, 3408]}"
1199439064,LONG,,1,460000000,230000000,"{'id': 45561, 'context': 1, 'bonus_lists': [6883]}"
1199439066,LONG,,1,1989900,1133900,"{'id': 5540, 'context': 0, 'bonus_lists': [6852]}"
1199439069,LONG,534500,3,,,{'id': 159789}
1199439073,LONG,,1,52500000,26250000,"{'id': 170327, 'context': 13, 'bonus_lists': [1683, 6883]}"
1199439076,LONG,2299900,3,,,{'id': 43535}
1199439080,LONG,,1,56000000,28000000,"{'id': 98866, 'context': 0}"
1199439082,LONG,,1,115000000,57500000,"{'id': 93547, 'context': 0, 'bonus_lists': [6873]}"
1199439086,LONG,,1,19265400,9632700,"{'id': 31255, 'context': 0}"
1199439087,LONG,54000,1,,,{'id': 179315}
1199439090,LONG,17499400,1,,,{'id': 38966}
1199439093,LONG,1179900,3,,,{'id': 14530}
1199439095,LONG,,1,675000000,337500000,"{'id': 59364, 'context': 1, 'bonus_lists': [6827]}"
1199439097,LONG,,1,12000000,6000000,"{'id': 38424, 'context': 1}"
1199439100,LONG,6400000,1,,,{'id': 3240}
1199441101,LONG,,1,150000000,75000000,"{'id': 170288, 'context': 13, 'bonus_lists': [1712, 5804, 6883]}"
1199441105,LONG,,1,32000000,16000000,"{'id': 14309, 'context': 54, 'bonus_lists': [4277, 1677], 'modifiers': [{'type': 9, 'value': 45}]}"
1199441107,LONG,,1,99900,50000,"{'id': 2572, 'context': 0}"
1199441111,LONG,,1,1989900,1269400,"{'id': 4247, 'context': 0, 'bonus_lists': [6857]}"
1199441116,LONG,,1,650000000,565832200,"{'id': 44413, 'context': 1, 'bonus_lists': [6883]}"
1199441119,LONG,115000000,1,,,{'id': 16023}
1199441124,LONG,14425100,2,,,{'id': 137274}
1199441127,LONG,15516400,2,,,{'id': 136826}
1199441130,LONG,,1,249999900,125000000,"{'id': 18660, 'context': 0}"
1199441133,LONG,,1,673140800,336570400,"{'id': 161931, 'context': 13, 'bonus_lists': [1697, 4928]}"
1199441135,LONG,,1,750000000,375000000,"{'id': 71987, 'context': 1}"
1199441136,LONG,,1,75000000,37500000,"{'id': 24808, 'context': 27, 'bonus_lists': [1709]}"
1199441140,LONG,,1,49999900,25000000,"{'id': 40670, 'context': 0, 'bonus_lists': [6859]}"
1199441143,LONG,29500,3,,,{'id': 814}
1199441146,LONG,400000000,1,,,{'id': 24274}
1199441148,LONG,4898900,1,,,{'id': 41976}
1199441151,LONG,,1,49999900,25000000,"{'id': 98850, 'context': 0, 'bonus_lists': [6883]}"
1199441155,LONG,,1,200000,100000,"{'id': 6787, 'context': 0, 'bonus_lists': [6835]}"
1199441157,LONG,2141900,1,,,{'id': 110640}
1199441159,LONG,,1,28000000,14000000,"{'id': 93550, 'context': 0, 'bonus_lists': [6878]}"
1199441162,LONG,,1,165000000,82500000,"{'id': 164707, 'context': 13, 'bonus_lists': [1713, 6877]}"
1199441164,LONG,,1,155000000,77500000,"{'id': 82922, 'context': 1}"
1199441165,LONG,,1,4989900,3265600,"{'id': 7922, 'context': 1, 'bonus_lists': [6873]}"
1199441171,LONG,18997700,1,,,{'id': 38964}
1199441174,LONG,5199900,18,,,{'id': 152812}
1199441177,LONG,,1,37000000,18500000,"{'id': 3011, 'context': 0, 'bonus_lists': [3642, 5673], 'modifiers': [{'type': 9, 'value': 10}]}"
1199441181,LONG,,1,245000000,122500000,"{'id': 75083, 'context': 0, 'bonus_lists': [6869]}"
1199441185,LONG,,1,59999900,30000000,"{'id': 82934, 'context': 1, 'bonus_lists': [1681]}"
1199441188,LONG,,1,25169800,13892300,"{'id': 34087, 'context': 0}"
1199441191,LONG,2299700,3,,,{'id': 42751}
1199441194,LONG,,1,29000000,14500000,"{'id': 82906, 'context': 1, 'bonus_lists': [1679, 6846]}"
1199441200,LONG,8187600,9,,,{'id': 173172}
1199441202,LONG,,1,19999900,10000000,"{'id': 43131, 'context': 0, 'bonus_lists': [6863]}"
1199441206,LONG,,1,410000000,205000000,"{'id': 59467, 'context': 0}"
1199441214,LONG,,1,35999900,21117900,"{'id': 114236, 'context': 13, 'bonus_lists': [85, 525, 533]}"
1199441220,LONG,,1,560000000,280000000,"{'id': 30544, 'context': 0}"
1199441224,LONG,2249900,1,,,{'id': 76555}
1199441231,LONG,280000000,2,,,{'id': 24273}
1199441236,LONG,,1,470000000,235000000,"{'id': 41383, 'context': 1, 'bonus_lists': [6883]}"
1199441241,LONG,,1,61999900,31000000,"{'id': 75086, 'context': 0}"
1199441249,LONG,,1,400000,248200,"{'id': 13871, 'context': 0}"
1199441254,LONG,,1,390000000,195000000,"{'id': 167942, 'context': 0, 'bonus_lists': [1686, 6883]}"
1199441258,LONG,,1,99999900,50000000,"{'id': 55040, 'context': 0, 'bonus_lists': [6867]}"
1199441263,LONG,,1,99999200,49999600,"{'id': 79334, 'context': 0, 'bonus_lists': [6873]}"
1199441267,LONG,,1,49999800,24999900,"{'id': 113134, 'context': 13, 'bonus_lists': [39, 525, 530, 6873]}"
1199441271,LONG,7022100,1,,,{'id': 132513}
1199441275,LONG,,1,4000000,3135900,"{'id': 44443, 'context': 0}"
1199441282,LONG,,1,275457100,137728600,"{'id': 43256, 'context': 0, 'bonus_lists': [6869]}"
1199441287,LONG,,1,19999900,10000000,"{'id': 38441, 'context': 0}"
1199441291,LONG,,1,150000000,75000000,"{'id': 13071, 'context': 0}"
1199441295,LONG,,1,24500000,12250000,"{'id': 25669, 'context': 0}"
1199441298,LONG,,1,6005900,3003000,"{'id': 55590, 'context': 36, 'bonus_lists': [1695, 4764], 'modifiers': [{'type': 9, 'value': 45}]}"
1199441303,LONG,,1,249999900,125000000,"{'id': 94279, 'context': 1}"
1199441306,LONG,,1,179999800,89999900,"{'id': 161971, 'context': 13, 'bonus_lists': [1709, 6863]}"
1199441309,LONG,,1,17500000,8750000,"{'id': 35968, 'context': 28, 'bonus_lists': [1707, 3840], 'modifiers': [{'type': 9, 'value': 27}]}"
1199441312,LONG,34300,1,,,{'id': 1251}
1199441316,LONG,,1,195000000,97500000,"{'id': 12611, 'context': 0}"
1199441322,LONG,,1,11999800,5999900,"{'id': 14130, 'context': 1}"
1199441327,LONG,,1,725000000,362500000,"{'id': 32478, 'context': 1}"
1199441332,LONG,,1,150000000,75000000,"{'id': 10504, 'context': 1, 'bonus_lists': [1694]}"
1199441335,LONG,,1,149999900,75000000,"{'id': 106617, 'context': 29, 'bonus_lists': [3854, 37], 'modifiers': [{'type': 9, 'value': 50}]}"
1199441338,LONG,,1,19999900,10000000,"{'id': 38439, 'context': 0}"
1199441342,LONG,14999800,1,,,{'id': 151651}
1199441346,LONG,,1,3906200,2199300,"{'id': 114829, 'context': 13, 'bonus_lists': [220, 6854]}"
1199441349,LONG,,1,11499900,5750000,"{'id': 114831, 'context': 13, 'bonus_lists': [71, 6853]}"
1199441350,LONG,2249900,9,,,{'id': 173168}
1199441354,LONG,,1,147500000,73750000,"{'id': 98863, 'context': 0, 'bonus_lists': [6883]}"
1199441358,LONG,,1,22998800,11499400,"{'id': 55041, 'context': 0}"
1199441360,LONG,,1,499999400,249999700,"{'id': 32389, 'context': 0}"
1199441364,LONG,1250000,1,,,{'id': 76542}
1199441367,LONG,,1,225000000,112500000,"{'id': 127001, 'context': 13, 'bonus_lists': [669, 600, 689, 1714, 3408, 6883]}"
1199441369,LONG,,1,99999900,50000000,"{'id': 126997, 'context': 13, 'bonus_lists': [669, 601, 689, 1711, 3408]}"
1199441372,LONG,,1,47999900,24000000,"{'id': 54478, 'context': 0}"
1199441375,LONG,,1,46000000,23000000,"{'id': 98923, 'context': 0, 'bonus_lists': [6883]}"
1199441377,LONG,,1,160000000,80000000,"{'id': 75116, 'context': 0}"
1199441381,LONG,,1,450000000,225000000,"{'id': 21872, 'context': 0}"
1199441387,LONG,,1,3989900,2454000,"{'id': 12418, 'context': 0, 'bonus_lists': [6883]}"
1199441391,LONG,,1,49999900,25000000,"{'id': 23497, 'context': 0}"
1199441395,LONG,,1,430000000,215000000,"{'id': 170285, 'context': 13, 'bonus_lists': [1684, 5804, 6883]}"
1199441401,LONG,,1,53999900,27000000,"{'id': 24939, 'context': 36, 'bonus_lists': [1678, 3850], 'modifiers': [{'type': 9, 'value': 43}]}"
1199441407,LONG,,1,950000000,475000000,"{'id': 78198, 'context': 14, 'modifiers': [{'type': 28, 'value': 402}]}"
1199441410,LONG,,1,140000000,70000000,"{'id': 42723, 'context': 1, 'bonus_lists': [6881]}"
1199441415,LONG,,1,559999900,280000000,"{'id': 161918, 'context': 13, 'bonus_lists': [1676, 4928, 5804]}"
1199441420,LONG,1000000,3,,,{'id': 159791}
1199441426,LONG,,1,1350000000,675000000,"{'id': 71985, 'context': 0, 'bonus_lists': [6883]}"
1199441429,LONG,,1,10009500,9620500,"{'id': 87213, 'context': 0}"
1199441432,LONG,,1,35000000,17500000,"{'id': 164708, 'context': 13, 'bonus_lists': [1710, 6875]}"
1199441437,LONG,,1,81009500,40504800,"{'id': 87641, 'context': 0, 'bonus_lists': [4210], 'modifiers': [{'type': 9, 'value': 35}]}"
1199441441,LONG,,1,49999900,25000000,"{'id': 82907, 'context': 1, 'bonus_lists': [1706]}"
1199441444,LONG,,1,49999900,25000000,"{'id': 82427, 'context': 1}"
1199441446,LONG,,1,32999500,16499800,"{'id': 93608, 'context': 1}"
1199441449,LONG,,1,89999800,44999900,"{'id': 161885, 'context': 13, 'bonus_lists': [1682, 5804, 6848]}"
1199441452,LONG,,1,53000000,26500000,"{'id': 38434, 'context': 0}"
1199441456,LONG,,1,110000000,55000000,"{'id': 4837, 'context': 14}"
1199441461,LONG,,1,8389600,4194800,"{'id': 56481, 'context': 0, 'bonus_lists': [1700]}"
1199441464,LONG,,1,21598600,10799300,"{'id': 25140, 'context': 2, 'bonus_lists': [6655, 1677], 'modifiers': [{'type': 9, 'value': 30}, {'type': 28, 'value': 1073}]}"
1199441466,LONG,,1,19999900,10000000,"{'id': 116166, 'context': 13, 'bonus_lists': [180, 6865]}"
1199441469,LONG,,1,25000000,12500000,"{'id': 38433, 'context': 0}"
1199441471,LONG,,1,441360900,220680500,"{'id': 69944, 'context': 0}"
1199441475,LONG,,1,199999900,100000000,"{'id': 43586, 'context': 1, 'bonus_lists': [6883]}"
1199441478,LONG,,1,175000000,87500000,"{'id': 7947, 'context': 1, 'bonus_lists': [6879]}"
1199441480,LONG,,1,49999900,25000000,"{'id': 93433, 'context': 0, 'bonus_lists': [6879]}"
1199441482,LONG,,1,6000000,3000000,"{'id': 8216, 'context': 0, 'bonus_lists': [6876]}"
1199441485,LONG,,1,6000000,3000000,"{'id': 8216, 'context': 0, 'bonus_lists': [6876]}"
1199441491,LONG,,1,590000000,295000000,"{'id': 45551, 'context': 1, 'bonus_lists': [6883]}"
1199441494,LONG,,1,49999900,25000000,"{'id': 21859, 'context': 0, 'bonus_lists': [6863]}"
1199441496,LONG,,1,1000000,500000,"{'id': 6219, 'context': 14, 'modifiers': [{'type': 28, 'value': 41}]}"
1199441498,LONG,,1,1000000,500000,"{'id': 6219, 'context': 14, 'modifiers': [{'type': 28, 'value': 41}]}"
1199441501,LONG,,1,99998100,49999100,"{'id': 21860, 'context': 0, 'bonus_lists': [6868]}"
1199441505,LONG,,1,100000000,50000000,"{'id': 55409, 'context': 36, 'bonus_lists': [1715, 4767], 'modifiers': [{'type': 9, 'value': 45}]}"
1199441510,LONG,,1,1200000000,600000000,"{'id': 69950, 'context': 1}"
1199441545,LONG,220000,36,,,{'id': 159826}
1199441878,LONG,14000,14,,,{'id': 152576}
1199441917,LONG,299900,40,,,{'id': 171267}
1199441929,LONG,352400,14,,,{'id': 52326}
1199441932,LONG,41100,2,,,{'id': 152503}
1199442062,LONG,,1,99999900,50000000,"{'id': 25675, 'context': 0, 'bonus_lists': [6846]}"
1199442065,LONG,8999900,1,,,{'id': 76530}
1199442066,LONG,1100000,3,,,{'id': 10514}
1199442068,LONG,,1,2030604800,1015302400,"{'id': 30038, 'context': 1}"
1199442071,LONG,,1,99999300,49999700,"{'id': 42728, 'context': 0, 'bonus_lists': [6881]}"
1199442073,LONG,1150000,4,,,{'id': 3531}
1199442076,LONG,15196300,1,,,{'id': 139358}
1199442079,LONG,13339900,3,,,{'id': 167539}
1199442083,LONG,,1,249999900,125000000,"{'id': 114818, 'context': 13, 'bonus_lists': [127, 525, 537]}"
1199442086,LONG,2439900,8,,,{'id': 77101}
1199442088,LONG,,1,49999900,25000000,"{'id': 44442, 'context': 1}"
1199442093,LONG,,1,85000000,42500000,"{'id': 116175, 'context': 13, 'bonus_lists': [86, 525, 535]}"
1199442097,LONG,,1,16000000,8000000,"{'id': 36570, 'context': 0, 'bonus_lists': [1693]}"
1199442099,LONG,,1,660000000,330000000,"{'id': 17016, 'context': 1}"
1199443102,LONG,,1,132500000,66250000,"{'id': 115349, 'context': 0, 'bonus_lists': [3716], 'modifiers': [{'type': 9, 'value': 10}]}"
1199443106,LONG,,1,30009800,15625600,"{'id': 40768, 'context': 0}"
1199443108,LONG,,1,2989900,2008200,"{'id': 7934, 'context': 0}"
1199443111,LONG,4999900,1,,,{'id': 54447}
1199443114,LONG,,1,70000000,35000000,"{'id': 25250, 'context': 1, 'bonus_lists': [6655, 1679], 'modifiers': [{'type': 9, 'value': 30}, {'type': 28, 'value': 231}]}"
1199443116,LONG,1500000,1,,,{'id': 76533}
1199443119,LONG,,1,5989900,2995000,"{'id': 67136, 'context': 0}"
1199443121,LONG,,1,110000000,55000000,"{'id': 87448, 'context': 0}"
1199443124,LONG,90000000,1,,,{'id': 52172}
1199443125,LONG,,1,19999900,10000000,"{'id': 25673, 'context': 1, 'bonus_lists': [6845]}"
1199443129,LONG,1029000,1,,,{'id': 153476}
1199443133,LONG,7999400,1,,,{'id': 38968}
1199443135,LONG,,1,17753400,8876700,"{'id': 161913, 'context': 13, 'bonus_lists': [1712, 6848, 5804]}"
1199443137,LONG,,1,28000000,14000000,"{'id': 93618, 'context': 0, 'bonus_lists': [6878]}"
1199443139,LONG,5000000,1,,,{'id': 31883}
1199443140,LONG,,1,120000000,60000000,"{'id': 82944, 'context': 1}"
1199443144,LONG,2452100,1,,,{'id': 43400}
1199443145,LONG,,1,19999800,9999900,"{'id': 56495, 'context': 0, 'bonus_lists': [1692]}"
1199443148,LONG,,1,7489900,4426500,"{'id': 132544, 'context': 0, 'bonus_lists': [6868]}"
1199443152,LONG,,1,100000000,50000000,"{'id': 32658, 'context': 0}"
1199443157,LONG,,1,26000000,13000000,"{'id': 23493, 'context': 0}"
1199443158,LONG,,1,596809200,298404600,"{'id': 47603, 'context': 1}"
1199443160,LONG,1700000,8,,,{'id': 153479}
1199443162,LONG,430000,1,,,{'id': 3530}
1199443165,LONG,,1,49999900,25000000,"{'id': 98757, 'context': 0}"
1199443167,LONG,,1,499999800,249999900,"{'id': 22383, 'context': 0, 'bonus_lists': [6883]}"
1199443170,LONG,,1,86804700,43402400,"{'id': 28496, 'context': 11, 'bonus_lists': [1706, 3681], 'modifiers': [{'type': 9, 'value': 27}]}"
1199443200,LONG,1180000,3,,,{'id': 2581}
1199443202,LONG,,1,60000000,30000000,"{'id': 36336, 'context': 2, 'bonus_lists': [6654, 1678], 'modifiers': [{'type': 9, 'value': 30}, {'type': 28, 'value': 1099}]}"
1199443205,LONG,52000000,1,,,{'id': 62649}
1199443208,LONG,3700000,1,,,{'id': 76548}
1199443209,LONG,,1,24499900,12250000,"{'id': 24830, 'context': 0, 'bonus_lists': [6654, 1681], 'modifiers': [{'type': 9, 'value': 30}, {'type': 28, 'value': 38}]}"
1199443212,LONG,,1,52499900,26250000,"{'id': 132518, 'context': 13, 'bonus_lists': [6839]}"
1199443216,LONG,1000000,1,,,{'id': 76551}
1199443221,LONG,1000000,1,,,{'id': 3726}
1199443225,LONG,,1,460000000,230000000,"{'id': 42550, 'context': 1}"
1199443228,LONG,,1,149999500,74999800,"{'id': 3854, 'context': 0, 'bonus_lists': [6868]}"
1199443232,LONG,,1,5989900,3880900,"{'id': 8197, 'context': 0, 'bonus_lists': [6875]}"
1199443236,LONG,,1,33000000,16500000,"{'id': 93551, 'context': 1}"
1199443240,LONG,,1,7249900,3625000,"{'id': 54486, 'context': 0}"
1199443245,LONG,,1,117500000,58750000,"{'id': 22521, 'context': 0}"
1199443248,LONG,,1,3239900,2101100,"{'id': 132496, 'context': 0, 'bonus_lists': [6851]}"
1199443253,LONG,,1,452800,341300,"{'id': 82400, 'context': 1, 'bonus_lists': [1698]}"
1199443259,LONG,,1,3000000,1921900,"{'id': 52307, 'context': 0, 'bonus_lists': [1707, 6844]}"
1199443262,LONG,,1,429999900,215000000,"{'id': 164692, 'context': 13, 'bonus_lists': [1697, 5804]}"
1199443267,LONG,,1,8250000,4125000,"{'id': 41543, 'context': 1, 'bonus_lists': [6859]}"
1199443268,LONG,,1,55000000,27500000,"{'id': 164700, 'context': 13, 'bonus_lists': [1695, 6874]}"
1199443272,LONG,,1,82500000,41250000,"{'id': 25655, 'context': 1}"
1199443276,LONG,,1,20000000,15627300,"{'id': 43870, 'context': 1, 'bonus_lists': [6881]}"
1199443278,LONG,53000000,1,,,{'id': 77547}
1199443283,LONG,,1,135000000,67500000,"{'id': 161915, 'context': 13, 'bonus_lists': [1711, 4926, 5804]}"
1199443287,LONG,,1,122500000,61250000,"{'id': 10726, 'context': 1}"
1199443290,LONG,,1,47000000,23500000,"{'id': 44440, 'context': 0}"
1199443295,LONG,,1,220000000,110000000,"{'id': 75094, 'context': 0}"
1199443299,LONG,,1,135000000,67500000,"{'id': 75062, 'context': 0}"
1199443301,LONG,,1,59999900,30000000,"{'id': 12982, 'context': 0, 'bonus_lists': [6658], 'modifiers': [{'type': 9, 'value': 19}, {'type': 28, 'value': 1797}]}"
1199443303,LONG,,1,1000000,500000,"{'id': 6219, 'context': 14, 'modifiers': [{'type': 28, 'value': 41}]}"
1199443307,LONG,,1,490000,245000,"{'id': 6242, 'context': 0, 'bonus_lists': [6843]}"
1199443310,LONG,,1,28000000,14000000,"{'id': 14222, 'context': 43, 'bonus_lists': [1708, 4276], 'modifiers': [{'type': 9, 'value': 22}]}"
1199443314,LONG,,1,700000000,350000000,"{'id': 59448, 'context': 1}"
1199443315,LONG,,1,99999900,50000000,"{'id': 21868, 'context': 0}"
1199443317,LONG,,1,1489900,968800,"{'id': 8176, 'context': 0, 'bonus_lists': [6869]}"
1199443319,LONG,,1,1489900,968800,"{'id': 8176, 'context': 0, 'bonus_lists': [6869]}"
1199443322,LONG,,1,1489900,968800,"{'id': 8176, 'context': 0, 'bonus_lists': [6869]}"
1199443325,LONG,,1,1489900,968800,"{'id': 8176, 'context': 0, 'bonus_lists': [6869]}"
1199443327,LONG,,1,1489900,968800,"{'id': 8176, 'context': 0, 'bonus_lists': [6869]}"
1199443329,LONG,,1,1489900,968800,"{'id': 8176, 'context': 0, 'bonus_lists': [6869]}"
1199443332,LONG,,1,1489900,968800,"{'id': 8176, 'context': 0, 'bonus_lists': [6869]}"
1199443334,LONG,,1,1489900,968800,"{'id': 8176, 'context': 0, 'bonus_lists': [6869]}"
1199443338,LONG,7000000,1,,,{'id': 76623}
1199443344,LONG,,1,282032200,141016100,"{'id': 161997, 'context': 13, 'bonus_lists': [1715, 4928]}"
1199443346,LONG,,1,800000000,400000000,"{'id': 94582, 'context': 0, 'bonus_lists': [6883]}"
1199443349,LONG,980000,1,,,{'id': 76547}
1199443352,LONG,,1,18000000,9000000,"{'id': 38407, 'context': 1}"
1199443359,LONG,,1,110737200,55368600,"{'id': 82431, 'context': 1}"
1199443365,LONG,,1,49999900,25000000,"{'id': 39086, 'context': 1, 'bonus_lists': [6852]}"
1199443375,LONG,,1,52000000,26000000,"{'id': 98765, 'context': 0, 'bonus_lists': [6883]}"
1199443378,LONG,,1,799100,542700,"{'id': 12410, 'context': 0}"
1199443384,LONG,,1,114999900,57500000,"{'id': 93621, 'context': 0, 'bonus_lists': [6876]}"
1199443387,LONG,,1,3500000,,"{'id': 82800, 'context': 0, 'modifiers': [{'type': 6, 'value': 99856}], 'pet_breed_id': 22, 'pet_level': 1, 'pet_quality_id': 2, 'pet_species_id': 2946}"
1199443395,LONG,4999700,1,,,{'id': 56502}
1199443405,LONG,,1,474284000,237142000,"{'id': 169301, 'context': 13, 'bonus_lists': [6883]}"
1199443411,LONG,,1,474284000,237142000,"{'id': 169301, 'context': 13, 'bonus_lists': [6883]}"
1199443415,LONG,,1,474284000,237142000,"{'id': 169301, 'context': 13, 'bonus_lists': [6883]}"
1199443417,LONG,,1,391123200,195561600,"{'id': 164712, 'context': 13, 'bonus_lists': [1696]}"
1199443424,LONG,,1,29000000,14500000,"{'id': 25670, 'context': 1}"
1199443431,LONG,5700000,2,,,{'id': 21716}
1199443440,LONG,4899400,1,,,{'id': 38929}
1199443452,LONG,,1,107499900,53750000,"{'id': 93457, 'context': 0, 'bonus_lists': [6874]}"
1199443549,LONG,54400,19,,,{'id': 172092}
1199443572,LONG,250000,87,,,{'id': 172089}
1199443712,LONG,,1,4989800,2494900,"{'id': 82900, 'context': 0}"
1199443714,LONG,,1,4989800,2494900,"{'id': 82900, 'context': 0}"
1199443717,LONG,,1,4989800,2494900,"{'id': 82900, 'context': 0}"
1199443720,LONG,,1,639999900,320000000,"{'id': 164718, 'context': 13, 'bonus_lists': [1694, 5804]}"
1199443722,LONG,,1,7500000,3750000,"{'id': 36652, 'context': 30, 'bonus_lists': [1691, 3871], 'modifiers': [{'type': 9, 'value': 30}]}"
1199443726,LONG,,1,400000000,200000000,"{'id': 41391, 'context': 0, 'bonus_lists': [6883]}"
1199443730,LONG,,1,4359900,2861900,"{'id': 8193, 'context': 0, 'bonus_lists': [6874]}"
1199443732,LONG,,1,4359900,2861900,"{'id': 8193, 'context': 0, 'bonus_lists': [6874]}"
1199443734,LONG,,1,80000000,40000000,"{'id': 23774, 'context': 0}"
1199443738,LONG,,1,159999900,80000000,"{'id': 67115, 'context': 28, 'bonus_lists': [4759], 'modifiers': [{'type': 9, 'value': 50}]}"
1199443740,LONG,,1,229999900,115000000,"{'id': 141569, 'context': 26, 'bonus_lists': [1472, 3528, 3431]}"
1199443743,LONG,,1,140000000,70000000,"{'id': 41181, 'context': 1, 'bonus_lists': [6862]}"
1199443745,LONG,,1,112500000,56250000,"{'id': 93529, 'context': 0, 'bonus_lists': [6878]}"
1199443749,LONG,,1,99999800,55475700,"{'id': 169328, 'context': 13, 'bonus_lists': [6883]}"
1199443752,LONG,,1,99999800,55475700,"{'id': 169328, 'context': 13, 'bonus_lists': [6883]}"
1199443756,LONG,,1,475296700,237648400,"{'id': 19050, 'context': 0}"
1199443761,LONG,,1,9492500,4746300,"{'id': 55310, 'context': 36, 'bonus_lists': [1715, 4764], 'modifiers': [{'type': 9, 'value': 45}]}"
1199443763,LONG,,1,200000000,100000000,"{'id': 23775, 'context': 0}"
1199443767,LONG,,1,249999900,125000000,"{'id': 11607, 'context': 1, 'bonus_lists': [6883]}"
1199443771,LONG,,1,1169900,585000,"{'id': 4245, 'context': 0}"
1199443774,LONG,,1,499999900,250000000,"{'id': 94576, 'context': 0, 'bonus_lists': [6883]}"
1199443779,LONG,,1,120000000,60000000,"{'id': 118853, 'context': 0}"
1199443939,LONG,,1,11061700,,"{'id': 176798, 'context': 0, 'bonus_lists': [6908, 6652, 1714], 'modifiers': [{'type': 9, 'value': 57}, {'type': 28, 'value': 1324}]}"
1199443968,LONG,,1,10009400,,"{'id': 171383, 'context': 13, 'modifiers': [{'type': 29, 'value': 36}, {'type': 30, 'value': 32}]}"
1199443973,LONG,,1,10009400,,"{'id': 171383, 'context': 13, 'modifiers': [{'type': 29, 'value': 40}, {'type': 30, 'value': 49}]}"
1199443977,LONG,,1,10009400,,"{'id': 171383, 'context': 13, 'modifiers': [{'type': 29, 'value': 32}, {'type': 30, 'value': 49}]}"
1199443998,LONG,,1,778000,,"{'id': 183971, 'context': 0, 'bonus_lists': [6908, 6652, 1697], 'modifiers': [{'type': 9, 'value': 59}, {'type': 28, 'value': 1707}]}"
1199444010,LONG,,1,5000000,,"{'id': 159578, 'context': 0, 'bonus_lists': [6655, 1696], 'modifiers': [{'type': 9, 'value': 46}, {'type': 28, 'value': 189}]}"
1199444024,LONG,,1,900000,,"{'id': 177801, 'context': 0, 'bonus_lists': [6908, 6652, 1698], 'modifiers': [{'type': 9, 'value': 60}, {'type': 28, 'value': 1707}]}"
1199444037,LONG,,1,6009700,,"{'id': 159507, 'context': 0, 'bonus_lists': [6655, 1681], 'modifiers': [{'type': 9, 'value': 48}, {'type': 28, 'value': 189}]}"
1199444055,LONG,,1,1107000,,"{'id': 179319, 'context': 0, 'bonus_lists': [6908, 6652, 1696], 'modifiers': [{'type': 9, 'value': 60}, {'type': 28, 'value': 746}]}"
1199444067,LONG,,1,3000100,,"{'id': 178948, 'context': 0, 'bonus_lists': [6908, 6652, 1683], 'modifiers': [{'type': 9, 'value': 60}, {'type': 28, 'value': 1707}]}"
1199444078,LONG,,1,3000100,,"{'id': 178948, 'context': 0, 'bonus_lists': [6908, 6652, 1686], 'modifiers': [{'type': 9, 'value': 54}, {'type': 28, 'value': 1329}]}"
1199444093,LONG,,1,939800,,"{'id': 177805, 'context': 9, 'bonus_lists': [6908, 6652, 1680], 'modifiers': [{'type': 9, 'value': 60}, {'type': 28, 'value': 1429}]}"
1199445114,LONG,,1,4569100,,"{'id': 182690, 'context': 0, 'bonus_lists': [6908, 6652], 'modifiers': [{'type': 9, 'value': 60}, {'type': 28, 'value': 1707}]}"
1199445126,LONG,,1,4569100,,"{'id': 182690, 'context': 0, 'bonus_lists': [6908, 6652], 'modifiers': [{'type': 9, 'value': 60}, {'type': 28, 'value': 1707}]}"
1199445128,LONG,,1,4569100,,"{'id': 182690, 'context': 0, 'bonus_lists': [6908, 41], 'modifiers': [{'type': 9, 'value': 60}, {'type': 28, 'value': 1707}]}"
1199445132,LONG,,1,4569100,,"{'id': 182690, 'context': 0, 'bonus_lists': [6908, 6652], 'modifiers': [{'type': 9, 'value': 60}, {'type': 28, 'value': 1707}]}"
1199445142,LONG,,1,990000,,"{'id': 176803, 'context': 0, 'bonus_lists': [6908, 6652, 1713], 'modifiers': [{'type': 9, 'value': 60}, {'type': 28, 'value': 1707}]}"
1199445143,LONG,,1,22809300,,"{'id': 173428, 'context': 13, 'modifiers': [{'type': 29, 'value': 32}, {'type': 30, 'value': 49}]}"
1199445153,LONG,,1,4312500,,"{'id': 159523, 'context': 0, 'bonus_lists': [6655, 1682], 'modifiers': [{'type': 9, 'value': 50}, {'type': 28, 'value': 1223}]}"
1199445159,LONG,,1,1006300,,"{'id': 179329, 'context': 0, 'bonus_lists': [6908, 6652, 1709], 'modifiers': [{'type': 9, 'value': 59}, {'type': 28, 'value': 1707}]}"
1199445161,LONG,,1,22809300,,"{'id': 173428, 'context': 13, 'modifiers': [{'type': 29, 'value': 40}, {'type': 30, 'value': 32}]}"
1199445172,LONG,,1,1006300,,"{'id': 179329, 'context': 0, 'bonus_lists': [6908, 6652, 1708], 'modifiers': [{'type': 9, 'value': 60}, {'type': 28, 'value': 2060}]}"
1199445200,LONG,,1,5000000,,"{'id': 180862, 'context': 0, 'bonus_lists': [6908, 6652], 'modifiers': [{'type': 9, 'value': 60}, {'type': 28, 'value': 2060}]}"
1199445214,LONG,,1,3000100,,"{'id': 178948, 'context': 0, 'bonus_lists': [6908, 6652, 1704], 'modifiers': [{'type': 9, 'value': 60}, {'type': 28, 'value': 1707}]}"
1199445225,LONG,,1,1350000,,"{'id': 177809, 'context': 0, 'bonus_lists': [6908, 6652, 1683], 'modifiers': [{'type': 9, 'value': 60}, {'type': 28, 'value': 1707}]}"
1199445240,LONG,,1,3000100,,"{'id': 178948, 'context': 0, 'bonus_lists': [6908, 6652, 1693], 'modifiers': [{'type': 9, 'value': 60}, {'type': 28, 'value': 2060}]}"
1199445243,LONG,,1,3000100,,"{'id': 178948, 'context': 0, 'bonus_lists': [6908, 42, 1691], 'modifiers': [{'type': 9, 'value': 60}, {'type': 28, 'value': 2060}]}"
1199445255,LONG,,1,1006300,,"{'id': 179329, 'context': 2, 'bonus_lists': [6908, 6652, 1699], 'modifiers': [{'type': 9, 'value': 60}, {'type': 28, 'value': 748}]}"
1199445269,LONG,,1,1107000,,"{'id': 179319, 'context': 0, 'bonus_lists': [6908, 6652, 1690], 'modifiers': [{'type': 9, 'value': 60}, {'type': 28, 'value': 2060}]}"
1199445284,LONG,250000,28,,,{'id': 172089}
1199445288,LONG,,1,778000,,"{'id': 183971, 'context': 2, 'bonus_lists': [6908, 43, 1689], 'modifiers': [{'type': 9, 'value': 60}, {'type': 28, 'value': 748}]}"
1199445303,LONG,,1,19208000,,"{'id': 128883, 'context': 13, 'bonus_lists': [1712, 3392, 3408]}"
1199445305,LONG,54400,2,,,{'id': 172092}
1199445320,LONG,,1,19208000,,"{'id': 128883, 'context': 13, 'bonus_lists': [1704, 3392, 3408]}"
1199445366,LONG,,1,39503800,,"{'id': 128881, 'context': 13, 'bonus_lists': [1691, 3392, 3408]}"
1199445370,LONG,,1,39503800,,"{'id': 128881, 'context': 13, 'bonus_lists': [1691, 3392, 3408]}"
1199445392,LONG,,1,19208000,,"{'id': 128883, 'context': 13, 'bonus_lists': [1704, 3392, 3408]}"
1199445426,LONG,,1,55000600,,"{'id': 128890, 'context': 13, 'bonus_lists': [596, 601, 689, 1678, 3408]}"
1199445440,LONG,,1,19208000,,"{'id': 128883, 'context': 13, 'bonus_lists': [1686, 3392, 3408]}"
1199445445,LONG,,1,19208000,,"{'id': 128883, 'context': 13, 'bonus_lists': [1683, 3392, 3408]}"
1199445446,LONG,,1,19208000,,"{'id': 128883, 'context': 13, 'bonus_lists': [1689, 3392, 3408]}"
1199445462,LONG,,1,39503800,,"{'id': 128881, 'context': 13, 'bonus_lists': [1689, 3392, 3408]}"
1199445465,LONG,,1,39503800,,"{'id': 128881, 'context': 13, 'bonus_lists': [1689, 3392, 3408]}"
1199445486,LONG,,1,39503800,,"{'id': 128881, 'context': 13, 'bonus_lists': [1706, 3392, 3408]}"
1199445489,LONG,,1,39503800,,"{'id': 128881, 'context': 13, 'bonus_lists': [1709, 3392, 3408]}"
1199445508,LONG,,1,44445900,,"{'id': 123895, 'context': 13, 'bonus_lists': [1688, 3340, 3408]}"
1199445515,LONG,,1,44445900,,"{'id': 123895, 'context': 13, 'bonus_lists': [1696, 3392, 3408]}"
1199445520,LONG,,1,7579100,,"{'id': 176961, 'context': 0, 'bonus_lists': [6907, 6652, 7193, 1684], 'modifiers': [{'type': 9, 'value': 60}, {'type': 28, 'value': 1707}]}"
1199445533,LONG,,1,1477800,,"{'id': 176781, 'context': 0, 'bonus_lists': [6907, 41, 1691], 'modifiers': [{'type': 9, 'value': 60}, {'type': 28, 'value': 2060}]}"
1199445537,LONG,,1,5650000,,"{'id': 180864, 'context': 0, 'bonus_lists': [6908, 6652], 'modifiers': [{'type': 9, 'value': 60}, {'type': 28, 'value': 2060}]}"
1199445550,LONG,,1,5060500,,"{'id': 177788, 'context': 0, 'bonus_lists': [6907, 6652, 7194, 1699], 'modifiers': [{'type': 9, 'value': 60}, {'type': 28, 'value': 2060}]}"
1199445559,LONG,,1,15000000,,"{'id': 176988, 'context': 0, 'bonus_lists': [6907, 6652, 7194, 1715], 'modifiers': [{'type': 9, 'value': 60}, {'type': 28, 'value': 1707}]}"
1199445574,LONG,,1,4004600,,"{'id': 175567, 'context': 2, 'bonus_lists': [6907, 1695], 'modifiers': [{'type': 9, 'value': 60}, {'type': 28, 'value': 748}]}"
1199445885,LONG,2200,10,,,{'id': 154899}
1199445888,LONG,2200,90,,,{'id': 154899}
1199445892,LONG,2200,2,,,{'id': 154899}
1199445895,LONG,,1,2303300,,"{'id': 173194, 'context': 0, 'bonus_lists': [6887], 'modifiers': [{'type': 9, 'value': 51}, {'type': 28, 'value': 391}, {'type': 29, 'value': 32}, {'type': 30, 'value': 40}]}"
1199445898,LONG,,1,3390000,,"{'id': 173194, 'context': 0, 'bonus_lists': [6887], 'modifiers': [{'type': 9, 'value': 51}, {'type': 28, 'value': 391}, {'type': 29, 'value': 49}, {'type': 30, 'value': 40}]}"
1199445901,LONG,,1,2303300,,"{'id': 173194, 'context': 0, 'bonus_lists': [6887], 'modifiers': [{'type': 9, 'value': 51}, {'type': 28, 'value': 391}, {'type': 29, 'value': 49}, {'type': 30, 'value': 32}]}"
1199445904,LONG,,1,3390000,,"{'id': 173194, 'context': 0, 'bonus_lists': [6887], 'modifiers': [{'type': 9, 'value': 51}, {'type': 28, 'value': 391}, {'type': 29, 'value': 36}, {'type': 30, 'value': 40}]}"
1199445907,LONG,,1,12504600,10003700,"{'id': 52370, 'context': 0}"
1199445909,LONG,3250000,1,,,{'id': 76520}
1199445912,LONG,,1,12905600,,"{'id': 15683, 'context': 0, 'bonus_lists': [1678]}"
1199445913,LONG,,1,24498800,14395400,"{'id': 116180, 'context': 13, 'bonus_lists': [82, 525, 535, 6864]}"
1199445916,LONG,159900,1,,,{'id': 43010}
1199445917,LONG,,1,225000000,112500000,"{'id': 12614, 'context': 0}"
1199445919,LONG,,1,4272400,,"{'id': 121056, 'context': 0, 'bonus_lists': [1812, 1680], 'modifiers': [{'type': 9, 'value': 45}]}"
1199445920,LONG,,1,1239900,771900,"{'id': 2844, 'context': 0}"
1199445924,LONG,,1,49969400,24984700,"{'id': 55042, 'context': 1}"
1199445926,LONG,291000,4,,,{'id': 153704}
1199445928,LONG,,1,499999400,249999700,"{'id': 32390, 'context': 0}"
1199445930,LONG,113400,1,,,{'id': 22448}
1199445931,LONG,,1,347106600,173553300,"{'id': 36465, 'context': 36, 'bonus_lists': [1677, 3871], 'modifiers': [{'type': 9, 'value': 37}]}"
1199445933,LONG,42900,5,,,{'id': 111656}
1199445936,LONG,,1,29443500,14721800,"{'id': 56490, 'context': 0, 'bonus_lists': [1707]}"
1199445940,LONG,2100000,1,,,{'id': 80588}
1199445943,LONG,1278600,5,,,{'id': 177716}
1199445944,LONG,160000000,1,,,{'id': 23764}
1199445948,LONG,200000,8,,,{'id': 38768}
1199445949,LONG,552700,1,,,{'id': 159789}
1199445950,LONG,,1,9999800,4999900,"{'id': 7930, 'context': 1, 'bonus_lists': [6874]}"
1199445952,LONG,,1,1950000,,"{'id': 172256, 'context': 13, 'bonus_lists': [6893], 'modifiers': [{'type': 9, 'value': 60}, {'type': 28, 'value': 391}, {'type': 29, 'value': 36}, {'type': 30, 'value': 32}]}"
1199445954,LONG,,1,37999900,19000000,"{'id': 128892, 'context': 13, 'bonus_lists': [1705, 6844, 3408]}"
1199445955,LONG,,1,1950000,,"{'id': 172256, 'context': 13, 'bonus_lists': [6893], 'modifiers': [{'type': 9, 'value': 60}, {'type': 28, 'value': 391}, {'type': 29, 'value': 40}, {'type': 30, 'value': 36}]}"
1199445959,LONG,2989700,10,,,{'id': 158377}
1199445960,LONG,,1,3000000,,"{'id': 172256, 'context': 13, 'bonus_lists': [6893], 'modifiers': [{'type': 9, 'value': 60}, {'type': 28, 'value': 391}, {'type': 29, 'value': 49}, {'type': 30, 'value': 36}]}"
1199445961,LONG,,1,199999900,100000000,"{'id': 87421, 'context': 0}"
1199445965,LONG,,1,4579100,,"{'id': 172256, 'context': 13, 'bonus_lists': [6893], 'modifiers': [{'type': 9, 'value': 60}, {'type': 28, 'value': 391}, {'type': 29, 'value': 40}, {'type': 30, 'value': 32}]}"
1199445966,LONG,9452800,1,,,{'id': 76539}
1199445969,LONG,10500,1,,,{'id': 153051}
1199445970,LONG,,1,99999900,50000000,"{'id': 98862, 'context': 1, 'bonus_lists': [6883]}"
1199445974,LONG,20000,10,,,{'id': 153051}
1199445975,LONG,,1,18999900,9500000,"{'id': 7430, 'context': 0, 'bonus_lists': [6654, 1706], 'modifiers': [{'type': 9, 'value': 30}, {'type': 28, 'value': 25}]}"
1199445978,LONG,20000,100,,,{'id': 153051}
1199445980,LONG,,1,51999900,26000000,"{'id': 92726, 'context': 1, 'bonus_lists': [4536]}"
1199445983,LONG,20000,20,,,{'id': 153051}
1199445985,LONG,,1,75000000,37500000,"{'id': 55329, 'context': 36, 'bonus_lists': [1684, 4314], 'modifiers': [{'type': 9, 'value': 45}]}"
1199445987,LONG,20000,6,,,{'id': 153051}
1199445988,LONG,,1,80383000,40191500,"{'id': 55731, 'context': 29, 'bonus_lists': [1686, 4305], 'modifiers': [{'type': 9, 'value': 33}]}"
1199445991,LONG,,1,49999400,24999700,"{'id': 98913, 'context': 0, 'bonus_lists': [6883]}"
1199445992,LONG,,1,653800,,"{'id': 24902, 'context': 22, 'bonus_lists': [6654, 1679], 'modifiers': [{'type': 9, 'value': 30}, {'type': 28, 'value': 1070}]}"
1199445996,LONG,,1,99997800,49998900,"{'id': 43969, 'context': 1}"
1199445998,LONG,68000,4,,,{'id': 90407}
1199446001,LONG,,1,1500000000,750000000,"{'id': 77539, 'context': 1}"
1199446004,LONG,,1,3489900,2802600,"{'id': 132535, 'context': 0, 'bonus_lists': [6863]}"
1199446010,LONG,,1,99999900,50000000,"{'id': 114813, 'context': 13, 'bonus_lists': [123, 525, 538]}"
1199446011,LONG,,1,6426000,,"{'id': 55527, 'context': 28, 'bonus_lists': [1707, 4763], 'modifiers': [{'type': 9, 'value': 50}]}"
1199446016,LONG,,1,1960000,1710000,"{'id': 54481, 'context': 0, 'bonus_lists': [6857]}"
1199446018,LONG,229600,10,,,{'id': 152877}
1199446021,LONG,,1,7769900,5868900,"{'id': 5739, 'context': 0, 'bonus_lists': [6866]}"
1199446022,LONG,229600,6,,,{'id': 152877}
1199446024,LONG,,1,49999900,25000000,"{'id': 39085, 'context': 0, 'bonus_lists': [6851]}"
1199446026,LONG,4024700,1,,,{'id': 2325}
1199446027,LONG,,1,249999900,125000000,"{'id': 40675, 'context': 0, 'bonus_lists': [6876]}"
1199446029,LONG,3261100,15,,,{'id': 43121}
1199446031,LONG,,1,680000000,340000000,"{'id': 144332, 'context': 13, 'bonus_lists': [601, 1716, 3408]}"
1199446033,LONG,,1,800000,,"{'id': 172239, 'context': 13, 'bonus_lists': [6890], 'modifiers': [{'type': 9, 'value': 60}, {'type': 28, 'value': 391}, {'type': 29, 'value': 40}, {'type': 30, 'value': 36}]}"
1199446034,LONG,,1,301102200,150551100,"{'id': 94280, 'context': 0}"
1199446036,LONG,,1,511188600,255594300,"{'id': 69945, 'context': 1}"
1199446037,LONG,,1,1000000,,"{'id': 172239, 'context': 13, 'bonus_lists': [6890], 'modifiers': [{'type': 9, 'value': 60}, {'type': 28, 'value': 391}, {'type': 29, 'value': 40}, {'type': 30, 'value': 49}]}"
1199446038,LONG,,1,1089900,678700,"{'id': 4246, 'context': 1, 'bonus_lists': [6845]}"
1199446039,LONG,,1,800000,,"{'id': 172239, 'context': 13, 'bonus_lists': [6890], 'modifiers': [{'type': 9, 'value': 60}, {'type': 28, 'value': 391}, {'type': 29, 'value': 32}, {'type': 30, 'value': 40}]}"
1199446041,LONG,3000800,2,,,{'id': 44456}
1199446042,LONG,,1,800000,,"{'id': 172239, 'context': 13, 'bonus_lists': [6890], 'modifiers': [{'type': 9, 'value': 60}, {'type': 28, 'value': 391}, {'type': 29, 'value': 36}, {'type': 30, 'value': 49}]}"
1199446044,LONG,10999900,8,,,{'id': 152813}
1199446047,LONG,,1,800000,,"{'id': 172239, 'context': 13, 'bonus_lists': [6890], 'modifiers': [{'type': 9, 'value': 60}, {'type': 28, 'value': 391}, {'type': 29, 'value': 49}, {'type': 30, 'value': 32}]}"
1199446048,LONG,2450000,26,,,{'id': 2871}
1199446052,LONG,,1,800000,,"{'id': 172239, 'context': 13, 'bonus_lists': [6890], 'modifiers': [{'type': 9, 'value': 60}, {'type': 28, 'value': 391}, {'type': 29, 'value': 32}, {'type': 30, 'value': 49}]}"
1199446053,LONG,,1,475720300,237860200,"{'id': 164717, 'context': 13, 'bonus_lists': [1691]}"
1199446056,LONG,,1,399999500,199999800,"{'id': 161964, 'context': 13, 'bonus_lists': [1715, 6867]}"
1199446057,LONG,,1,800000,,"{'id': 172239, 'context': 13, 'bonus_lists': [6890], 'modifiers': [{'type': 9, 'value': 60}, {'type': 28, 'value': 391}, {'type': 29, 'value': 32}, {'type': 30, 'value': 49}]}"
1199446061,LONG,,1,3844727800,1922363900,"{'id': 1728, 'context': 0}"
1199446062,LONG,49800,100,,,{'id': 154891}
1199446064,LONG,,1,25000000,21784100,"{'id': 40953, 'context': 0, 'bonus_lists': [6863]}"
1199446066,LONG,,1,23595500,,"{'id': 121076, 'context': 0, 'bonus_lists': [1812, 1709], 'modifiers': [{'type': 9, 'value': 45}]}"
1199446067,LONG,17579900,1,,,{'id': 139417}
1199446070,LONG,,1,1223772800,611886400,"{'id': 21847, 'context': 0, 'bonus_lists': [6883]}"
1199446071,LONG,2000,4,,,{'id': 12202}
1199446075,LONG,,1,42117300,21058700,"{'id': 8134, 'context': 54, 'bonus_lists': [4281], 'modifiers': [{'type': 9, 'value': 45}]}"
1199446076,LONG,100,3,,,{'id': 124439}
1199446079,LONG,1028800,1,,,{'id': 110621}
1199446081,LONG,4400,10,,,{'id': 5784}
1199446082,LONG,,1,73798500,36899300,"{'id': 60222, 'context': 0}"
1199446086,LONG,,1,19999300,9999700,"{'id': 79333, 'context': 1, 'bonus_lists': [6827]}"
1199446090,LONG,,1,18524300,10030100,"{'id': 94055, 'context': 0, 'bonus_lists': [1695]}"
1199446091,LONG,80000,1,,,{'id': 21881}
1199446094,LONG,,1,900000000,450000000,"{'id': 30036, 'context': 1}"
1199446095,LONG,638300,1,,,{'id': 127037}
1199446097,LONG,,1,590000000,465005600,"{'id': 98611, 'context': 0, 'bonus_lists': [6883]}"
1199446099,LONG,,1,4054100,,"{'id': 175572, 'context': 1, 'bonus_lists': [6907, 1710], 'modifiers': [{'type': 9, 'value': 60}, {'type': 28, 'value': 2044}]}"
1199447101,LONG,,1,337564800,168782400,"{'id': 54444, 'context': 0}"
1199447103,LONG,,1,3073600,,"{'id': 175572, 'context': 0, 'bonus_lists': [6907, 1689], 'modifiers': [{'type': 9, 'value': 60}, {'type': 28, 'value': 1707}]}"
1199447105,LONG,,1,29999800,14999900,"{'id': 132537, 'context': 0, 'bonus_lists': [6868]}"
1199447107,LONG,,1,44999900,22500000,"{'id': 54475, 'context': 1}"
1199447108,LONG,,1,505700,,"{'id': 172236, 'context': 13, 'bonus_lists': [6887], 'modifiers': [{'type': 9, 'value': 60}, {'type': 28, 'value': 391}, {'type': 29, 'value': 40}, {'type': 30, 'value': 32}]}"
1199447110,LONG,,1,448200700,224100400,"{'id': 71990, 'context': 1}"
1199447112,LONG,,1,505700,,"{'id': 172236, 'context': 13, 'bonus_lists': [6887], 'modifiers': [{'type': 9, 'value': 60}, {'type': 28, 'value': 391}, {'type': 29, 'value': 36}, {'type': 30, 'value': 40}]}"
1199447114,LONG,,1,290000000,145000000,"{'id': 41182, 'context': 0, 'bonus_lists': [6866]}"
1199447116,LONG,,1,505700,,"{'id': 172236, 'context': 13, 'bonus_lists': [6887], 'modifiers': [{'type': 9, 'value': 60}, {'type': 28, 'value': 391}, {'type': 29, 'value': 36}, {'type': 30, 'value': 32}]}"
1199447118,LONG,,1,38000000,19000000,"{'id': 93431, 'context': 0, 'bonus_lists': [6879]}"
1199447120,LONG,,1,505700,,"{'id': 172236, 'context': 13, 'bonus_lists': [6887], 'modifiers': [{'type': 9, 'value': 60}, {'type': 28, 'value': 391}, {'type': 29, 'value': 32}, {'type': 30, 'value': 36}]}"
1199447121,LONG,170000,4,,,{'id': 154707}
1199447123,LONG,,1,49999900,25000000,"{'id': 45810, 'context': 1}"
1199447125,LONG,,1,505700,,"{'id': 172236, 'context': 13, 'bonus_lists': [6887], 'modifiers': [{'type': 9, 'value': 60}, {'type': 28, 'value': 391}, {'type': 29, 'value': 32}, {'type': 30, 'value': 49}]}"
1199447129,LONG,,1,258922500,129461300,"{'id': 3345, 'context': 0, 'bonus_lists': [3648], 'modifiers': [{'type': 9, 'value': 14}]}"
1199447130,LONG,,1,505700,,"{'id': 172236, 'context': 13, 'bonus_lists': [6887], 'modifiers': [{'type': 9, 'value': 60}, {'type': 28, 'value': 391}, {'type': 29, 'value': 32}, {'type': 30, 'value': 49}]}"
1199447133,LONG,,1,22499900,11862200,"{'id': 82967, 'context': 0}"
1199447137,LONG,,1,500000000,250000000,"{'id': 12830, 'context': 1}"
1199447140,LONG,,1,4547300,,"{'id': 82144, 'context': 36, 'bonus_lists': [1694, 4307], 'modifiers': [{'type': 9, 'value': 50}]}"
1199447143,LONG,,1,17500000,8750000,"{'id': 3487, 'context': 0}"
1199447146,LONG,189000,2,,,{'id': 154120}
1199447147,LONG,,1,700000000,350000000,"{'id': 32472, 'context': 0}"
1199447149,LONG,,1,49000000,24500000,"{'id': 98924, 'context': 0, 'bonus_lists': [6883]}"
1199447150,LONG,1278600,5,,,{'id': 177660}
1199447152,LONG,,1,130000000,65000000,"{'id': 75073, 'context': 0}"
1199447153,LONG,11288600,2,,,{'id': 172418}
1199447155,LONG,,1,57500000,28750000,"{'id': 4259, 'context': 0, 'bonus_lists': [6864]}"
1199447158,LONG,3400,1,,,{'id': 52722}
1199447159,LONG,,1,57500000,28750000,"{'id': 4259, 'context': 0, 'bonus_lists': [6864]}"
1199447163,LONG,440000,20,,,{'id': 154169}
1199447167,LONG,2600,153,,,{'id': 33470}
1199447168,LONG,,1,15000000,8948900,"{'id': 161936, 'context': 13, 'bonus_lists': [1699, 6883]}"
1199447171,LONG,,1,9999900,9213200,"{'id': 52367, 'context': 0}"
1199447172,LONG,,1,1750000000,875000000,"{'id': 77536, 'context': 1}"
1199447175,LONG,,1,19999800,9999900,"{'id': 39084, 'context': 1, 'bonus_lists': [6853]}"
1199447176,LONG,1200,24,,,{'id': 124117}
1199447178,LONG,,1,90151500,45075800,"{'id': 82422, 'context': 1}"
1199447180,LONG,,1,800000,,"{'id': 25010, 'context': 22, 'bonus_lists': [6654, 1680], 'modifiers': [{'type': 9, 'value': 30}, {'type': 28, 'value': 1070}]}"
1199447181,LONG,,1,115000000,57500000,"{'id': 108739, 'context': 0}"
1199447184,LONG,59200,6,,,{'id': 12206}
1199447185,LONG,,1,25999900,13000000,"{'id': 38416, 'context': 1}"
1199447188,LONG,18700,5,,,{'id': 142336}
1199447189,LONG,21999900,1,,,{'id': 132509}
1199447190,LONG,,1,49999400,24999700,"{'id': 75082, 'context': 0, 'bonus_lists': [6883]}"
1199447193,LONG,21073200,5,,,{'id': 172367}
1199447194,LONG,,1,550000000,275000000,"{'id': 59359, 'context': 1}"
1199447197,LONG,2800000,34,,,{'id': 43122}
1199447199,LONG,3471000,1,,,{'id': 114836}
1199447202,LONG,8500,4,,,{'id': 152631}
1199447203,LONG,,1,8489900,5035100,"{'id': 3848, 'context': 0}"
1199447205,LONG,,1,58000000,29000000,"{'id': 98869, 'context': 1}"
1199447206,LONG,750000,12,,,{'id': 130178}
1199447209,LONG,,1,39913300,,"{'id': 25093, 'context': 22, 'bonus_lists': [6655, 1709], 'modifiers': [{'type': 9, 'value': 30}, {'type': 28, 'value': 1066}]}"
1199447212,LONG,30000,2,,,{'id': 153705}
1199447214,LONG,,1,49000000,24500000,"{'id': 41528, 'context': 1}"
1199447216,LONG,29000,5,,,{'id': 159959}
1199447218,LONG,10000,5,,,{'id': 160298}
1199447221,LONG,27300,5,,,{'id': 172054}
1199447222,LONG,,1,4000000,3116100,"{'id': 44436, 'context': 0}"
1199447224,LONG,10900,1,,,{'id': 154165}
1199447227,LONG,20700,10,,,{'id': 154165}
1199447232,LONG,20700,99,,,{'id': 154165}
1199447234,LONG,36000000,1,,,{'id': 38372}
1199447236,LONG,11288600,5,,,{'id': 177659}
1199447242,LONG,3471100,23,,,{'id': 114836}
1199447243,LONG,,1,58924000,29462000,"{'id': 90476, 'context': 1, 'bonus_lists': [1705]}"
1199447244,LONG,,1,99999900,50000000,"{'id': 82958, 'context': 1}"
1199447246,LONG,,1,2277200,,"{'id': 172237, 'context': 13, 'bonus_lists': [6887], 'modifiers': [{'type': 9, 'value': 60}, {'type': 28, 'value': 391}, {'type': 29, 'value': 36}, {'type': 30, 'value': 32}]}"
1199447249,LONG,,1,2277200,,"{'id': 172237, 'context': 13, 'bonus_lists': [6887], 'modifiers': [{'type': 9, 'value': 60}, {'type': 28, 'value': 391}, {'type': 29, 'value': 32}, {'type': 30, 'value': 36}]}"
1199447253,LONG,,1,2277200,,"{'id': 172237, 'context': 13, 'bonus_lists': [6887], 'modifiers': [{'type': 9, 'value': 60}, {'type': 28, 'value': 391}, {'type': 29, 'value': 32}, {'type': 30, 'value': 36}]}"
1199447254,LONG,,1,499999400,249999700,"{'id': 21846, 'context': 0}"
1199447256,LONG,,1,2277200,,"{'id': 172237, 'context': 13, 'bonus_lists': [6887], 'modifiers': [{'type': 9, 'value': 60}, {'type': 28, 'value': 391}, {'type': 29, 'value': 49}, {'type': 30, 'value': 36}]}"
1199447257,LONG,50000,108,,,{'id': 34054}
1199447260,LONG,,1,6321000,,"{'id': 177795, 'context': 2, 'bonus_lists': [6907, 6652, 7193, 1711], 'modifiers': [{'type': 9, 'value': 60}, {'type': 28, 'value': 748}]}"
1199447262,LONG,17700,41,,,{'id': 25649}
1199447263,LONG,,1,64999900,32500000,"{'id': 11826, 'context': 0}"
1199447266,LONG,9700,395,,,{'id': 124437}
1199447269,LONG,,1,13138200,,"{'id': 24615, 'context': 22, 'bonus_lists': [6654, 1693], 'modifiers': [{'type': 9, 'value': 30}, {'type': 28, 'value': 1076}]}"
1199447272,LONG,,1,8661400,,"{'id': 22220, 'context': 0}"
1199447273,LONG,,1,40000000,20000000,"{'id': 98826, 'context': 0}"
1199447281,LONG,30000,5,,,{'id': 52078}
1199447284,LONG,,1,92500000,46250000,"{'id': 114237, 'context': 13, 'bonus_lists': [81, 525, 533, 6853]}"
1199447289,LONG,2050500,2,,,{'id': 172936}
1199447291,LONG,39800,5,,,{'id': 167738}
1199447296,LONG,,1,110000000,55000000,"{'id': 10500, 'context': 0}"
1199447297,LONG,141000,2,,,{'id': 153437}
1199447298,LONG,,1,37389900,18695000,"{'id': 12542, 'context': 1, 'bonus_lists': [3999], 'modifiers': [{'type': 9, 'value': 25}]}"
1199447301,LONG,54000,5,,,{'id': 179315}
1199447304,LONG,8800,14,,,{'id': 12205}
1199447307,LONG,4600,2,,,{'id': 142335}
1199447309,LONG,,1,49996900,24998500,"{'id': 23498, 'context': 0}"
1199447311,LONG,660800,5,,,{'id': 154166}
1199447319,LONG,,1,99999900,50000000,"{'id': 94075, 'context': 0, 'bonus_lists': [1680]}"
1199447323,LONG,600000,5,,,{'id': 172414}
1199447325,LONG,4895700,2,,,{'id': 153478}
1199447330,LONG,,1,680000000,340000000,"{'id': 32476, 'context': 1}"
1199447331,LONG,,1,3000100,,"{'id': 178948, 'context': 2, 'bonus_lists': [6908, 6652, 1694], 'modifiers': [{'type': 9, 'value': 60}, {'type': 28, 'value': 748}]}"
1199447334,LONG,,1,10850400,8680300,"{'id': 52385, 'context': 0}"
1199447337,LONG,,1,13522100,,"{'id': 121184, 'context': 0, 'bonus_lists': [1812, 1681], 'modifiers': [{'type': 9, 'value': 45}]}"
1199447341,LONG,,1,27000000,13500000,"{'id': 152637, 'context': 13, 'bonus_lists': [6849]}"
1199447342,LONG,239200,2,,,{'id': 153438}
1199447345,LONG,47200,5,,,{'id': 36934}
1199447348,LONG,4700,1,,,{'id': 113261}
1199447350,LONG,,1,12999900,6500000,"{'id': 41512, 'context': 1}"
1199447352,LONG,250000,410,,,{'id': 52988}
1199447353,LONG,,1,135000000,67500000,"{'id': 24270, 'context': 0}"
1199447357,LONG,4508000,2,,,{'id': 172361}
1199447360,LONG,590300,1,,,{'id': 154122}
1199447363,LONG,9100,5,,,{'id': 168645}
1199447364,LONG,,1,310000000,155000000,"{'id': 123910, 'context': 13, 'bonus_lists': [669, 601, 689, 1687, 3408, 6883]}"
1199447366,LONG,14000,10,,,{'id': 152576}
1199447369,LONG,14000,20,,,{'id': 152576}
1199447371,LONG,,1,33000000,16500000,"{'id': 55722, 'context': 0, 'bonus_lists': [6654, 1700], 'modifiers': [{'type': 9, 'value': 35}, {'type': 28, 'value': 56}]}"
1199447372,LONG,14000,50,,,{'id': 152576}
1199447374,LONG,14000,5,,,{'id': 152576}
1199447380,LONG,,1,2773500,,"{'id': 55692, 'context': 28, 'bonus_lists': [1698, 4763], 'modifiers': [{'type': 9, 'value': 50}]}"
1199447384,LONG,500000,1,,,{'id': 76545}
1199447386,LONG,,1,8662200,,"{'id': 177809, 'context': 2, 'bonus_lists': [6908, 6652, 1710], 'modifiers': [{'type': 9, 'value': 60}, {'type': 28, 'value': 748}]}"
1199447390,LONG,33800,5,,,{'id': 158378}
1199447397,LONG,9500,2,,,{'id': 4337}
1199447406,LONG,,1,199888000,99944000,"{'id': 170316, 'context': 0, 'bonus_lists': [1694, 6883]}"
1199447425,LONG,,1,46000000,23000000,"{'id': 56508, 'context': 0, 'bonus_lists': [1700]}"
1199447429,LONG,,1,3959800,3374300,"{'id': 47630, 'context': 0, 'modifiers': [{'type': 28, 'value': 622}]}"
1199447436,LONG,,1,989900,616500,"{'id': 132491, 'context': 0}"
1199447445,LONG,1899000,1,,,{'id': 159785}
1199447455,LONG,,1,28999900,14500000,"{'id': 12979, 'context': 0, 'bonus_lists': [6658], 'modifiers': [{'type': 9, 'value': 30}, {'type': 28, 'value': 15}]}"
1199447464,LONG,,1,480000,325100,"{'id': 10026, 'context': 0, 'bonus_lists': [6874]}"
1199447466,LONG,1299300,2,,,{'id': 23768}
1199447474,LONG,,1,85000000,42500000,"{'id': 56513, 'context': 0, 'bonus_lists': [1693]}"
1199447480,LONG,4999900,1,,,{'id': 54447}
1199447485,LONG,,1,39000000,19500000,"{'id': 161978, 'context': 13, 'bonus_lists': [1696, 4927]}"
1199447490,LONG,,1,4166400,3942400,"{'id': 161887, 'context': 13, 'bonus_lists': [1703, 6850, 5804]}"
1199447497,LONG,,1,160000000,80000000,"{'id': 41600, 'context': 0}"
1199447498,LONG,,1,105000000,52500000,"{'id': 93543, 'context': 0, 'bonus_lists': [6875]}"
1199447500,LONG,,1,300000000,150000000,"{'id': 36622, 'context': 2, 'bonus_lists': [6655, 1679], 'modifiers': [{'type': 9, 'value': 30}, {'type': 28, 'value': 1090}]}"
1199447507,LONG,,1,700000000,350000000,"{'id': 32495, 'context': 1}"
1199447512,LONG,,1,20000000,10000000,"{'id': 78348, 'context': 14, 'modifiers': [{'type': 28, 'value': 42}]}"
1199447517,LONG,8470800,1,,,{'id': 76534}
1199447525,LONG,,1,1689100,844600,"{'id': 24641, 'context': 36, 'bonus_lists': [1709, 3850], 'modifiers': [{'type': 9, 'value': 50}]}"
1199447531,LONG,,1,750000000,375000000,"{'id': 32473, 'context': 0}"
1199447534,LONG,,1,2000000000,1000000000,"{'id': 119337, 'context': 5, 'bonus_lists': [566]}"
1199447541,LONG,,1,140000000,70000000,"{'id': 167977, 'context': 13, 'bonus_lists': [1692, 6876]}"
1199447550,LONG,,1,1226299100,613149600,"{'id': 21871, 'context': 0}"
1199447640,LONG,1999900,8,,,{'id': 171428}
1199447716,LONG,326600,100,,,{'id': 171286}
1199447725,LONG,,1,2850000,2800000,"{'id': 154695, 'context': 0}"
1199447728,LONG,,1,2850000,2800000,"{'id': 154695, 'context': 0}"
1199447730,LONG,,1,2850000,2800000,"{'id': 154695, 'context': 0}"
1199447732,LONG,,1,2850000,2800000,"{'id': 154695, 'context': 0}"
1199447735,LONG,,1,2850000,2800000,"{'id': 154695, 'context': 0}"
1199447736,LONG,,1,2850000,2800000,"{'id': 154695, 'context': 0}"
1199447740,LONG,,1,2850000,2800000,"{'id': 154695, 'context': 0}"
1199447741,LONG,,1,2850000,2800000,"{'id': 154695, 'context': 0}"
1199447742,LONG,,1,2850000,2800000,"{'id': 154695, 'context': 0}"
1199447745,LONG,,1,2850000,2800000,"{'id': 154695, 'context': 0}"
1199447746,LONG,,1,2850000,2800000,"{'id': 154695, 'context': 0}"
1199447749,LONG,,1,2850000,2800000,"{'id': 154695, 'context': 0}"
1199447750,LONG,,1,2850000,2800000,"{'id': 154695, 'context': 0}"
1199447753,LONG,,1,2850000,2800000,"{'id': 154695, 'context': 0}"
1199447754,LONG,,1,2850000,2800000,"{'id': 154695, 'context': 0}"
1199447756,LONG,,1,2850000,2800000,"{'id': 154695, 'context': 0}"
1199447757,LONG,,1,2850000,2800000,"{'id': 154695, 'context': 0}"
1199447759,LONG,,1,2850000,2800000,"{'id': 154695, 'context': 0}"
1199447760,LONG,,1,2850000,2800000,"{'id': 154695, 'context': 0}"
1199447762,LONG,,1,2850000,2800000,"{'id': 154695, 'context': 0}"
1199447766,LONG,,1,2850000,2800000,"{'id': 154695, 'context': 0}"
1199447767,LONG,,1,2850000,2800000,"{'id': 154695, 'context': 0}"
1199447769,LONG,,1,2850000,2800000,"{'id': 154695, 'context': 0}"
1199447770,LONG,,1,2850000,2800000,"{'id': 154695, 'context': 0}"
1199447772,LONG,,1,2850000,2800000,"{'id': 154695, 'context': 0}"
1199447773,LONG,,1,2850000,2800000,"{'id': 154695, 'context': 0}"
1199447775,LONG,,1,2850000,2800000,"{'id': 154695, 'context': 0}"
1199447776,LONG,,1,2850000,2800000,"{'id': 154695, 'context': 0}"
1199447778,LONG,,1,2850000,2800000,"{'id': 154695, 'context': 0}"
1199447838,LONG,3336100,45,,,{'id': 171349}
1199447842,LONG,550000,40,,,{'id': 171315}
1199447884,LONG,,1,2227900,,"{'id': 82800, 'context': 0, 'modifiers': [{'type': 6, 'value': 99850}], 'pet_breed_id': 4, 'pet_level': 1, 'pet_quality_id': 3, 'pet_species_id': 3044}"
1199447894,LONG,550000,85,,,{'id': 171315}
1199447901,LONG,,1,99999900,,"{'id': 82800, 'context': 0, 'modifiers': [{'type': 6, 'value': 99866}], 'pet_breed_id': 19, 'pet_level': 1, 'pet_quality_id': 2, 'pet_species_id': 2916}"
1199450378,LONG,,1,5000000,2500000,"{'id': 7059, 'context': 0}"
1199450381,LONG,,1,499999900,250000000,"{'id': 94575, 'context': 0, 'bonus_lists': [6883]}"
1199450382,LONG,,1,240000000,120000000,"{'id': 36638, 'context': 0, 'bonus_lists': [1695]}"
1199450384,LONG,2150000,1,,,{'id': 76568}
1199450386,LONG,,1,370000000,185000000,"{'id': 18634, 'context': 1}"
1199450387,LONG,,1,5499900,2959200,"{'id': 153688, 'context': 13, 'bonus_lists': [6827, 3360]}"
1199450390,LONG,,1,220000000,110000000,"{'id': 170320, 'context': 13, 'bonus_lists': [1707]}"
1199450392,LONG,,1,22220800,11110400,"{'id': 123891, 'context': 13, 'bonus_lists': [1679, 6844, 3408]}"
1199450394,LONG,,1,249999800,124999900,"{'id': 45557, 'context': 1}"
1199450398,LONG,,1,47500000,28911600,"{'id': 7387, 'context': 0, 'bonus_lists': [6867]}"
1199450402,LONG,,1,47500000,28911600,"{'id': 7387, 'context': 0, 'bonus_lists': [6867]}"
1199450407,LONG,,1,69000000,34500000,"{'id': 29378, 'context': 14}"
1199450411,LONG,,1,170000000,85000000,"{'id': 60854, 'context': 0, 'bonus_lists': [6839]}"
1199450419,LONG,,1,49999900,25000000,"{'id': 114812, 'context': 13, 'bonus_lists': [216, 525, 538]}"
1199450421,LONG,,1,410000000,205000000,"{'id': 41388, 'context': 0, 'bonus_lists': [6883]}"
1199450425,LONG,,1,19999900,10207200,"{'id': 62233, 'context': 0, 'bonus_lists': [6873]}"
1199450427,LONG,44999800,1,,,{'id': 132517}
1199450432,LONG,,1,39987100,19993600,"{'id': 7053, 'context': 1}"
1199450440,LONG,,1,60000000,30000000,"{'id': 31222, 'context': 28, 'bonus_lists': [3909], 'modifiers': [{'type': 9, 'value': 50}]}"
1199450450,LONG,,1,195000000,97500000,"{'id': 82969, 'context': 1}"
1199450456,LONG,,1,55000000,27500000,"{'id': 164686, 'context': 13, 'bonus_lists': [1713, 5804]}"
1199450463,LONG,,1,38999800,19499900,"{'id': 8252, 'context': 1, 'bonus_lists': [6654], 'modifiers': [{'type': 9, 'value': 30}, {'type': 28, 'value': 201}]}"
1199450468,LONG,,1,115000000,57500000,"{'id': 161883, 'context': 13, 'bonus_lists': [1697, 5804]}"
1199450473,LONG,,1,474284000,237142000,"{'id': 169301, 'context': 13, 'bonus_lists': [6883]}"
1199450479,LONG,,1,87891400,43945700,"{'id': 55348, 'context': 36, 'bonus_lists': [1715, 4314], 'modifiers': [{'type': 9, 'value': 45}]}"
1199450488,LONG,,1,8249900,4125000,"{'id': 41551, 'context': 1}"
1199450497,LONG,18499900,2,,,{'id': 136708}
1199450507,LONG,,1,27500000,13750000,"{'id': 116612, 'context': 29, 'bonus_lists': [3875, 150], 'modifiers': [{'type': 9, 'value': 50}]}"
1199450510,LONG,45000,28,,,{'id': 3478}
1199450518,LONG,,1,49999900,25000000,"{'id': 98925, 'context': 0, 'bonus_lists': [6883]}"
1199450525,LONG,,1,1489900,745000,"{'id': 167196, 'context': 0}"
1199450533,LONG,100000,3,,,{'id': 53049}
1199450538,LONG,,1,29999900,15000000,"{'id': 3849, 'context': 0}"
1199450549,LONG,,1,9989900,8685000,"{'id': 7959, 'context': 1}"
1199450552,LONG,1749700,37,,,{'id': 168446}
1199450562,LONG,,1,86804700,43402400,"{'id': 28496, 'context': 11, 'bonus_lists': [1708, 3681], 'modifiers': [{'type': 9, 'value': 27}]}"
1199450576,LONG,1300000,3,,,{'id': 104120}
1199450582,LONG,,1,490000,300200,"{'id': 7277, 'context': 1, 'bonus_lists': [6838]}"
1199450589,LONG,,1,19999300,14939000,"{'id': 41126, 'context': 0, 'bonus_lists': [6865]}"
1199450600,LONG,,1,250000000,125000000,"{'id': 12610, 'context': 0}"
1199450615,LONG,90000,40,,,{'id': 158201}
1199450617,LONG,,1,249999400,124999700,"{'id': 45567, 'context': 1}"
1199450635,LONG,,1,2559900,2089300,"{'id': 116426, 'context': 13, 'bonus_lists': [199, 6871]}"
1199450655,LONG,,1,16731600,11678600,"{'id': 8311, 'context': 1, 'bonus_lists': [6654], 'modifiers': [{'type': 9, 'value': 30}, {'type': 28, 'value': 201}]}"
1199450674,LONG,,1,609955900,304978000,"{'id': 71981, 'context': 0}"
1199450772,LONG,,1,99999900,50000000,"{'id': 21861, 'context': 1}"
1199450776,LONG,,1,249999300,124999700,"{'id': 86311, 'context': 1}"
1199450780,LONG,4500000,1,,,{'id': 42942}
1199450782,LONG,,1,1609900,1288500,"{'id': 56483, 'context': 0, 'bonus_lists': [1679]}"
1199450786,LONG,,1,569999900,561596300,"{'id': 98599, 'context': 0}"
1199450792,LONG,,1,38645000,19322500,"{'id': 25660, 'context': 1}"
1199450797,LONG,,1,62000000,31000000,"{'id': 82425, 'context': 1}"
1199450799,LONG,,1,77500000,38750000,"{'id': 14765, 'context': 54, 'bonus_lists': [4278], 'modifiers': [{'type': 9, 'value': 50}]}"
1199450802,LONG,77231400,1,,,{'id': 137556}
1199450806,LONG,,1,49999900,25000000,"{'id': 82908, 'context': 0, 'bonus_lists': [1699]}"
1199450808,LONG,,1,20000000,14311100,"{'id': 41116, 'context': 0, 'bonus_lists': [6879]}"
1199450822,LONG,,1,9000000,4500000,"{'id': 55714, 'context': 29, 'bonus_lists': [1715, 4305], 'modifiers': [{'type': 9, 'value': 33}]}"
1199450833,LONG,,1,19500000,9750000,"{'id': 23484, 'context': 1}"
1199450841,LONG,,1,46899900,23450000,"{'id': 112059, 'context': 1, 'bonus_lists': [6844]}"
1199450848,LONG,,1,99999100,49999600,"{'id': 94277, 'context': 0}"
1199450851,LONG,,1,88200,44100,"{'id': 10045, 'context': 0, 'bonus_lists': [6836]}"
1199450858,LONG,,1,44000000,22000000,"{'id': 55025, 'context': 1}"
1199450865,LONG,,1,26500000,13250000,"{'id': 4379, 'context': 1}"
1199450874,LONG,,1,641241300,320620700,"{'id': 118890, 'context': 2}"
1199450881,LONG,1590000,4,,,{'id': 8544}
1199450886,LONG,,1,450000000,225000000,"{'id': 75115, 'context': 1}"
1199450887,LONG,,1,17999800,9061300,"{'id': 24210, 'context': 1}"
1199450892,LONG,,1,37500000,18750000,"{'id': 55507, 'context': 27, 'bonus_lists': [1706, 4306], 'modifiers': [{'type': 9, 'value': 31}]}"
1199450897,LONG,,1,22087200,11043600,"{'id': 14568, 'context': 54, 'bonus_lists': [4277], 'modifiers': [{'type': 9, 'value': 45}]}"
1199450902,LONG,,1,490000,258500,"{'id': 4322, 'context': 0}"
1199450906,LONG,,1,19999900,10000000,"{'id': 7357, 'context': 0, 'bonus_lists': [1680]}"
1199450911,LONG,,1,75000000,37500000,"{'id': 106477, 'context': 0, 'bonus_lists': [6654, 59], 'modifiers': [{'type': 9, 'value': 40}, {'type': 28, 'value': 63}]}"
1199450918,LONG,,1,2989900,1946500,"{'id': 4243, 'context': 1}"
1199450920,LONG,,1,59899800,29949900,"{'id': 164690, 'context': 13, 'bonus_lists': [1717, 5804]}"
1199450925,LONG,,1,99999400,49999700,"{'id': 10019, 'context': 0}"
1199450929,LONG,,1,99999800,49999900,"{'id': 127017, 'context': 13, 'bonus_lists': [3372, 6860, 3408]}"
1199450933,LONG,,1,1489900,968800,"{'id': 8176, 'context': 0, 'bonus_lists': [6869]}"
1199450939,LONG,,1,1489900,968800,"{'id': 8176, 'context': 0, 'bonus_lists': [6869]}"
1199450947,LONG,,1,1489900,968800,"{'id': 8176, 'context': 0, 'bonus_lists': [6869]}"
1199450955,LONG,12000000,1,,,{'id': 76522}
1199450958,LONG,,1,499900,301300,"{'id': 15235, 'context': 1, 'bonus_lists': [6655, 1692], 'modifiers': [{'type': 9, 'value': 30}, {'type': 28, 'value': 282}]}"
1199450967,LONG,,1,372854300,186427200,"{'id': 17014, 'context': 1}"
1199450971,LONG,750000,1,,,{'id': 76543}
1199450974,LONG,,1,499999900,250000000,"{'id': 94581, 'context': 0, 'bonus_lists': [6883]}"
1199450978,LONG,,1,49000000,24500000,"{'id': 10367, 'context': 0, 'bonus_lists': [6655, 1677], 'modifiers': [{'type': 9, 'value': 30}, {'type': 28, 'value': 1005}]}"
1199450984,LONG,,1,570000000,464867200,"{'id': 98615, 'context': 0, 'bonus_lists': [6883]}"
1199450986,LONG,,1,160000000,80000000,"{'id': 19148, 'context': 1}"
1199450998,LONG,34507500,1,,,{'id': 38997}
1199451004,LONG,,1,1000000,773000,"{'id': 13865, 'context': 0, 'bonus_lists': [6883]}"
1199451013,LONG,,1,599999900,300000000,"{'id': 3075, 'context': 1, 'bonus_lists': [6660], 'modifiers': [{'type': 9, 'value': 30}, {'type': 28, 'value': 201}]}"
1199451020,LONG,,1,359999900,180000000,"{'id': 161894, 'context': 13, 'bonus_lists': [1692, 4928, 5804]}"
1199451024,LONG,6000000,1,,,{'id': 44315}
1199451031,LONG,,1,20999900,10500000,"{'id': 82404, 'context': 1, 'bonus_lists': [1692]}"
1199451032,LONG,,1,295000000,147500000,"{'id': 161934, 'context': 0, 'bonus_lists': [1685, 6873]}"
1199451038,LONG,,1,91033300,45516700,"{'id': 55036, 'context': 1}"
1199451045,LONG,,1,27999900,14000000,"{'id': 93439, 'context': 0}"
1199451051,LONG,,1,858546100,429273100,"{'id': 1991, 'context': 0, 'bonus_lists': [3631], 'modifiers': [{'type': 9, 'value': 24}, {'type': 28, 'value': 18}]}"
1199451058,LONG,,1,26000000,13000000,"{'id': 41252, 'context': 0, 'bonus_lists': [6835]}"
1199451064,LONG,,1,40169000,20084500,"{'id': 106621, 'context': 29, 'bonus_lists': [3854, 157], 'modifiers': [{'type': 9, 'value': 50}]}"
1199451071,LONG,,1,87500000,43750000,"{'id': 23488, 'context': 1, 'bonus_lists': [6861]}"
1199451074,LONG,,1,1650000000,825000000,"{'id': 77538, 'context': 1}"
1199451080,LONG,,1,54999900,27500000,"{'id': 98769, 'context': 0, 'bonus_lists': [6883]}"
1199451086,LONG,833000,1,,,{'id': 110619}
1199451097,LONG,,1,4890100,2445100,"{'id': 22249, 'context': 0}"
1199451102,LONG,12944900,1,,,{'id': 137191}
1199451108,LONG,,1,117500000,58750000,"{'id': 4373, 'context': 0}"
1199451116,LONG,,1,49999400,24999700,"{'id': 93435, 'context': 0, 'bonus_lists': [6877]}"
1199451118,LONG,,1,52856900,28901800,"{'id': 43132, 'context': 0, 'bonus_lists': [6870]}"
1199451126,LONG,,1,95000000,47500000,"{'id': 98853, 'context': 0, 'bonus_lists': [6883]}"
1199451133,LONG,,1,364999900,182500000,"{'id': 164685, 'context': 13, 'bonus_lists': [1691, 5804, 6867]}"
1199451141,LONG,,1,31999900,16000000,"{'id': 55824, 'context': 1, 'bonus_lists': [4155], 'modifiers': [{'type': 9, 'value': 35}]}"
1199451151,LONG,,1,102500000,51250000,"{'id': 161927, 'context': 13, 'bonus_lists': [1678, 6827]}"
1199451160,LONG,,1,49999900,25000000,"{'id': 113270, 'context': 13, 'bonus_lists': [177, 525, 529, 6873]}"
1199451168,LONG,,1,210000000,105000000,"{'id': 75113, 'context': 0, 'bonus_lists': [6868]}"
1199451171,LONG,,1,185000000,92500000,"{'id': 116574, 'context': 29, 'bonus_lists': [3875, 91], 'modifiers': [{'type': 9, 'value': 50}]}"
1199451178,LONG,,1,4359900,2861900,"{'id': 8193, 'context': 0, 'bonus_lists': [6874]}"
1199451186,LONG,,1,4359900,2861900,"{'id': 8193, 'context': 0, 'bonus_lists': [6874]}"
1199451190,LONG,,1,19999400,9999700,"{'id': 54852, 'context': 1}"
1199451197,LONG,,1,1848900,1288000,"{'id': 132495, 'context': 0, 'bonus_lists': [6827]}"
1199451204,LONG,9498900,1,,,{'id': 52102}
1199451323,LONG,,1,7441600,,"{'id': 82800, 'context': 0, 'modifiers': [{'type': 6, 'value': 48663}], 'pet_breed_id': 12, 'pet_level': 1, 'pet_quality_id': 3, 'pet_species_id': 1235}"
1199451345,LONG,,1,9000000,,"{'id': 82800, 'context': 0, 'modifiers': [{'type': 6, 'value': 46925}], 'pet_breed_id': 6, 'pet_level': 1, 'pet_quality_id': 3, 'pet_species_id': 1152}"
1199453156,LONG,,1,610000000,305000000,"{'id': 94263, 'context': 0, 'bonus_lists': [6879]}"
1199453160,LONG,,1,16000000,8000000,"{'id': 38400, 'context': 1}"
1199453165,LONG,,1,54000000,27000000,"{'id': 4719, 'context': 0}"
1199453170,LONG,,1,3000000,1500000,"{'id': 7048, 'context': 0, 'bonus_lists': [6857]}"
1199453174,LONG,,1,1235200,754300,"{'id': 12426, 'context': 0, 'bonus_lists': [6883]}"
1199453178,LONG,,1,249999400,124999700,"{'id': 19047, 'context': 1}"
1199453182,LONG,,1,12250000,6125000,"{'id': 5507, 'context': 0}"
1199453184,LONG,,1,49999900,25000000,"{'id': 114811, 'context': 13, 'bonus_lists': [19, 525, 538]}"
1199453188,LONG,,1,300000,192900,"{'id': 13866, 'context': 0}"
1199453190,LONG,,1,5000000,2500000,"{'id': 5764, 'context': 0}"
1199453193,LONG,,1,90000000,45000000,"{'id': 31153, 'context': 28, 'bonus_lists': [3930], 'modifiers': [{'type': 9, 'value': 26}]}"
1199453195,LONG,,1,300000000,150000000,"{'id': 12624, 'context': 0}"
1199453200,LONG,14999800,1,,,{'id': 43850}
1199453202,LONG,,1,49999900,25000000,"{'id': 93533, 'context': 1, 'bonus_lists': [6875]}"
1199453205,LONG,8499900,1,,,{'id': 77531}
1199453206,LONG,,1,72684600,36342300,"{'id': 75088, 'context': 1}"
1199453211,LONG,7999900,1,,,{'id': 76562}
1199453213,LONG,,1,210578900,105289500,"{'id': 22660, 'context': 1}"
1199453216,LONG,,1,53566500,26783300,"{'id': 90479, 'context': 1, 'bonus_lists': [1714]}"
1199453218,LONG,,1,61000000,30500000,"{'id': 39083, 'context': 1, 'bonus_lists': [6849]}"
1199453220,LONG,3750000,35,,,{'id': 15869}
1199453223,LONG,,1,310000000,155000000,"{'id': 75102, 'context': 0}"
1199453224,LONG,,1,58000000,29000000,"{'id': 11825, 'context': 0}"
1199453226,LONG,,1,400000000,200000000,"{'id': 161975, 'context': 13, 'bonus_lists': [1702, 4928]}"
1199453230,LONG,,1,41000000,20500000,"{'id': 29391, 'context': 14, 'modifiers': [{'type': 28, 'value': 42}]}"
1199453235,LONG,,1,49999900,25000000,"{'id': 93546, 'context': 0, 'bonus_lists': [6879]}"
1199453240,LONG,,1,6417500,3208800,"{'id': 12429, 'context': 1}"
1199453241,LONG,,1,1050000000,525000000,"{'id': 23748, 'context': 1}"
1199453243,LONG,,1,28140100,14070100,"{'id': 161925, 'context': 13, 'bonus_lists': [1716, 4927]}"
1199453245,LONG,,1,105000000,52500000,"{'id': 93528, 'context': 0, 'bonus_lists': [6876]}"
1199453253,LONG,,1,300000000,261609500,"{'id': 56498, 'context': 0, 'bonus_lists': [1714]}"
1199453262,LONG,,1,52500000,26250000,"{'id': 170327, 'context': 13, 'bonus_lists': [1678, 6883]}"
1199453268,LONG,,1,37499300,26940800,"{'id': 75077, 'context': 0}"
1199453271,LONG,,1,460000000,230000000,"{'id': 75112, 'context': 1}"
1199453285,LONG,,1,24000000,12000000,"{'id': 56482, 'context': 0, 'bonus_lists': [1700]}"
1199453367,LONG,,1,43000000,21500000,"{'id': 106612, 'context': 29, 'bonus_lists': [3854, 154], 'modifiers': [{'type': 9, 'value': 50}]}"
1199453368,LONG,,1,7413500,3706800,"{'id': 21851, 'context': 1}"
1199453369,LONG,,1,560000,499300,"{'id': 13864, 'context': 0}"
1199453372,LONG,,1,1163632700,581816400,"{'id': 14136, 'context': 1}"
1199453375,LONG,,1,970200,485100,"{'id': 14101, 'context': 1}"
1199453376,LONG,55589400,1,,,{'id': 82444}
1199453378,LONG,,1,34999800,17499900,"{'id': 41555, 'context': 1}"
1199453380,LONG,15631900,1,,,{'id': 76531}
1199453384,LONG,,1,35000000,17500000,"{'id': 82424, 'context': 0}"
1199453387,LONG,1700000,3,,,{'id': 153479}
1199453389,LONG,,1,19000000,9500000,"{'id': 77530, 'context': 0, 'bonus_lists': [6873]}"
1199453391,LONG,,1,12999900,6500000,"{'id': 36255, 'context': 22, 'bonus_lists': [6654, 1680], 'modifiers': [{'type': 9, 'value': 30}, {'type': 28, 'value': 1097}]}"
1199453393,LONG,,1,144999900,72500000,"{'id': 87456, 'context': 36, 'bonus_lists': [4296], 'modifiers': [{'type': 9, 'value': 39}]}"
1199453395,LONG,,1,185000000,92500000,"{'id': 15989, 'context': 54, 'bonus_lists': [1677, 4283], 'modifiers': [{'type': 9, 'value': 50}]}"
1199453398,LONG,931000,1,,,{'id': 110617}
1199453400,LONG,,1,97499900,48750000,"{'id': 93453, 'context': 1, 'bonus_lists': [6877]}"
1199453407,LONG,,1,600000000,300000000,"{'id': 87503, 'context': 22, 'bonus_lists': [6658], 'modifiers': [{'type': 9, 'value': 35}, {'type': 28, 'value': 1129}]}"
1199453411,LONG,,1,90000000,45000000,"{'id': 106606, 'context': 0, 'bonus_lists': [145]}"
1199453415,LONG,,1,297174000,148587000,"{'id': 24254, 'context': 1, 'bonus_lists': [6871]}"
1199453419,LONG,,1,60999900,30500000,"{'id': 43971, 'context': 1}"
1199453423,LONG,500000,2,,,{'id': 118061}
1199453429,LONG,,1,4399800,2199900,"{'id': 167185, 'context': 0}"
1199453440,LONG,,1,44000000,22000000,"{'id': 23487, 'context': 1, 'bonus_lists': [6858]}"
1199453444,LONG,,1,360000000,180000000,"{'id': 21858, 'context': 0}"
1199453449,LONG,,1,14500000,7250000,"{'id': 56499, 'context': 0, 'bonus_lists': [1692]}"
1199453458,LONG,,1,65000000,32500000,"{'id': 79342, 'context': 1, 'bonus_lists': [6827]}"
1199453462,LONG,,1,75000000,37500000,"{'id': 10400, 'context': 1, 'bonus_lists': [4005], 'modifiers': [{'type': 9, 'value': 25}]}"
1199453474,LONG,300000,3,,,{'id': 111603}
1199453489,LONG,,1,145000000,72500000,"{'id': 120259, 'context': 13, 'bonus_lists': [69, 525, 548]}"
1199453501,LONG,1300000,1,,,{'id': 76550}
1199453508,LONG,,1,74999900,37500000,"{'id': 8346, 'context': 0, 'bonus_lists': [6874]}"
1199453516,LONG,,1,72500000,36250000,"{'id': 25662, 'context': 0}"
1199453525,LONG,,1,230000000,115000000,"{'id': 10721, 'context': 0, 'bonus_lists': [6839]}"
1199453527,LONG,,1,1489900,968800,"{'id': 8176, 'context': 0, 'bonus_lists': [6869]}"
1199453535,LONG,,1,70000000,35000000,"{'id': 10716, 'context': 1}"
1199453541,LONG,,1,475000000,237500000,"{'id': 23747, 'context': 1}"
1199453548,LONG,,1,150000000,75000000,"{'id': 15999, 'context': 1}"
1199453552,LONG,,1,145000000,72500000,"{'id': 164688, 'context': 13, 'bonus_lists': [1716, 5804]}"
1199453556,LONG,,1,249999900,125000000,"{'id': 41350, 'context': 0, 'bonus_lists': [6881]}"
1199453559,LONG,,1,98367200,49183600,"{'id': 82429, 'context': 1}"
1199453563,LONG,,1,249999300,124999700,"{'id': 79335, 'context': 1, 'bonus_lists': [6873]}"
1199453568,LONG,,1,117499900,58750000,"{'id': 98785, 'context': 1}"
1199453571,LONG,,1,24979700,12489900,"{'id': 8106, 'context': 1, 'bonus_lists': [6654], 'modifiers': [{'type': 9, 'value': 30}, {'type': 28, 'value': 201}]}"
1199453579,LONG,,1,310000000,155000000,"{'id': 41392, 'context': 0, 'bonus_lists': [6883]}"
1199453588,LONG,,1,6080000,3981900,"{'id': 2870, 'context': 0}"
1199453590,LONG,117500000,1,,,{'id': 4392}
1199453597,LONG,,1,1450000000,725000000,"{'id': 2167, 'context': 0, 'bonus_lists': [3716], 'modifiers': [{'type': 9, 'value': 10}]}"
1199453607,LONG,,1,1025000000,512500000,"{'id': 87402, 'context': 0}"
1199453668,LONG,,1,19999900,10000000,"{'id': 38417, 'context': 0}"
1199453670,LONG,,1,40000000,20000000,"{'id': 98826, 'context': 1}"
1199453672,LONG,,1,10019900,8333700,"{'id': 82930, 'context': 1, 'bonus_lists': [1691, 6846]}"
1199453674,LONG,,1,41892300,20946200,"{'id': 4040, 'context': 54, 'bonus_lists': [4277], 'modifiers': [{'type': 9, 'value': 50}]}"
1199453678,LONG,,1,4811000,2932300,"{'id': 12775, 'context': 0}"
1199453680,LONG,,1,1999900,1654400,"{'id': 54482, 'context': 0, 'bonus_lists': [6860]}"
1199453681,LONG,,1,99999900,50000000,"{'id': 38440, 'context': 0}"
1199453684,LONG,,1,8999900,4500000,"{'id': 106423, 'context': 27, 'bonus_lists': [3853, 163], 'modifiers': [{'type': 9, 'value': 36}]}"
1199453688,LONG,,1,124999300,62499700,"{'id': 42726, 'context': 1, 'bonus_lists': [6881]}"
1199453690,LONG,,1,57500000,28750000,"{'id': 106600, 'context': 0, 'bonus_lists': [215]}"
1199453693,LONG,,1,675000000,337500000,"{'id': 94264, 'context': 0, 'bonus_lists': [6878]}"
1199453697,LONG,,1,14999900,7500000,"{'id': 82398, 'context': 0, 'bonus_lists': [1709]}"
1199453701,LONG,,1,37000000,18500000,"{'id': 67132, 'context': 0, 'bonus_lists': [6660], 'modifiers': [{'type': 9, 'value': 35}, {'type': 28, 'value': 53}]}"
1199453704,LONG,,1,49999200,24999600,"{'id': 9882, 'context': 54, 'bonus_lists': [1680, 4281], 'modifiers': [{'type': 9, 'value': 50}]}"
1199453707,LONG,3989900,1,,,{'id': 43398}
1199453716,LONG,,1,58799900,29400000,"{'id': 83801, 'context': 0}"
1199453727,LONG,4200000,27,,,{'id': 7964}
1199453737,LONG,,1,368881400,184440700,"{'id': 18413, 'context': 1}"
1199453751,LONG,,1,18000000,9000000,"{'id': 10237, 'context': 54, 'bonus_lists': [1705, 4277], 'modifiers': [{'type': 9, 'value': 50}]}"
1199453755,LONG,,1,19999900,10000000,"{'id': 43663, 'context': 1, 'bonus_lists': [6883]}"
1199453761,LONG,18102000,1,,,{'id': 52751}
1199453771,LONG,,1,264999900,132500000,"{'id': 161920, 'context': 13, 'bonus_lists': [1676, 6856, 5804]}"
1199453775,LONG,440000,4,,,{'id': 154169}
1199453781,LONG,,1,44999800,22499900,"{'id': 55035, 'context': 1}"
1199453785,LONG,,1,97500000,48750000,"{'id': 98844, 'context': 0, 'bonus_lists': [6883]}"
1199453789,LONG,,1,20499900,10250000,"{'id': 82399, 'context': 0, 'bonus_lists': [1686]}"
1199453794,LONG,,1,260000000,130000000,"{'id': 167973, 'context': 13, 'bonus_lists': [1704, 5804]}"
1199453803,LONG,200000,1,,,{'id': 153430}
1199453809,LONG,,1,49999900,25000000,"{'id': 116646, 'context': 13, 'bonus_lists': [220, 525, 548, 6846]}"
1199453817,LONG,,1,1634232100,817116100,"{'id': 21848, 'context': 1}"
1199453818,LONG,,1,1634232100,817116100,"{'id': 21848, 'context': 0}"
1199453823,LONG,,1,49999900,25000000,"{'id': 40942, 'context': 0}"
1199453828,LONG,,1,14999900,7861100,"{'id': 82056, 'context': 22, 'bonus_lists': [6655, 1702], 'modifiers': [{'type': 9, 'value': 35}, {'type': 28, 'value': 1130}]}"
1199453832,LONG,,1,4980900,3098000,"{'id': 7056, 'context': 1}"
1199453836,LONG,,1,30000000,15000000,"{'id': 41254, 'context': 0, 'bonus_lists': [6835]}"
1199453840,LONG,,1,150405500,75202800,"{'id': 39894, 'context': 11, 'bonus_lists': [1706]}"
1199453848,LONG,11499900,1,,,{'id': 41601}
1199453849,LONG,,1,160000000,80000000,"{'id': 10724, 'context': 0, 'bonus_lists': [6839]}"
1199455585,LONG,,1,45000000,22500000,"{'id': 82107, 'context': 0, 'bonus_lists': [1691]}"
1199455595,LONG,,1,99999900,50000000,"{'id': 98860, 'context': 1, 'bonus_lists': [6883]}"
1199455602,LONG,,1,49999900,25000000,"{'id': 120261, 'context': 13, 'bonus_lists': [121, 525, 548, 6849]}"
1199455610,LONG,,1,145000000,72500000,"{'id': 55043, 'context': 1}"
1199455613,LONG,,1,255801700,127900900,"{'id': 114809, 'context': 13, 'bonus_lists': [19, 525, 537]}"
1199455623,LONG,,1,2151362400,1075681200,"{'id': 94903, 'context': 1}"
1199455629,LONG,,1,110000000,55000000,"{'id': 98854, 'context': 0, 'bonus_lists': [6883]}"
1199455634,LONG,,1,675000000,337500000,"{'id': 165564, 'context': 4, 'bonus_lists': [4801, 1472, 4786], 'modifiers': [{'type': 28, 'value': 689}]}"
1199455639,LONG,,1,6659900,4281200,"{'id': 132521, 'context': 0, 'bonus_lists': [6868]}"
1199455650,LONG,,1,49999900,25000000,"{'id': 41974, 'context': 0}"
1199455654,LONG,,1,249999900,125000000,"{'id': 116179, 'context': 13, 'bonus_lists': [127, 525, 535]}"
1199455661,LONG,,1,740000,370000,"{'id': 7055, 'context': 0, 'bonus_lists': [6863]}"
1199455669,LONG,,1,49999600,24999800,"{'id': 38406, 'context': 0}"
1199455681,LONG,7250000,1,,,{'id': 52128}
1199455693,LONG,,1,1582600,849900,"{'id': 2585, 'context': 0, 'bonus_lists': [6850]}"
1199455701,LONG,,1,217800,108900,"{'id': 2579, 'context': 0, 'bonus_lists': [6835]}"
1199455715,LONG,,1,19993800,14274500,"{'id': 43864, 'context': 0, 'bonus_lists': [6877]}"
1199455721,LONG,,1,2213700,1106900,"{'id': 167183, 'context': 0}"
1199455732,LONG,,1,14941000,7470500,"{'id': 82031, 'context': 22, 'bonus_lists': [6654, 1702], 'modifiers': [{'type': 9, 'value': 35}, {'type': 28, 'value': 1126}]}"
1199455740,LONG,,1,275000000,137500000,"{'id': 23761, 'context': 0, 'bonus_lists': [6849]}"
1199455750,LONG,,1,54000000,27000000,"{'id': 98871, 'context': 0, 'bonus_lists': [6883]}"
1199455753,LONG,,1,27000000,13500000,"{'id': 93556, 'context': 0, 'bonus_lists': [6880]}"
1199455762,LONG,,1,414174200,207087100,"{'id': 24253, 'context': 1}"
1199455763,LONG,,1,62723800,36760200,"{'id': 79339, 'context': 0, 'bonus_lists': [6827]}"
1199455769,LONG,,1,115007500,67032300,"{'id': 43587, 'context': 1, 'bonus_lists': [6883]}"
1199455782,LONG,,1,4500000,2250000,"{'id': 4362, 'context': 0}"
1199455791,LONG,,1,1609900,905300,"{'id': 6263, 'context': 0, 'bonus_lists': [6849]}"
1199455802,LONG,,1,2000000,1000000,"{'id': 4317, 'context': 0, 'bonus_lists': [6827]}"
1199455812,LONG,,1,240000000,120000000,"{'id': 167997, 'context': 13, 'bonus_lists': [1685, 6883]}"
1199455815,LONG,,1,1650000000,825000000,"{'id': 77537, 'context': 1}"
1199455825,LONG,,1,127499900,63750000,"{'id': 93548, 'context': 0, 'bonus_lists': [6873]}"
1199455836,LONG,105000000,1,,,{'id': 77529}
1199455846,LONG,,1,5109900,2555000,"{'id': 21843, 'context': 0}"
1199455852,LONG,,1,3919900,2023500,"{'id': 43973, 'context': 1}"
1199455861,LONG,,1,71200,65700,"{'id': 9999, 'context': 1, 'bonus_lists': [6869]}"
1199455870,LONG,,1,180000000,90000000,"{'id': 66959, 'context': 1, 'bonus_lists': [6658], 'modifiers': [{'type': 9, 'value': 35}, {'type': 28, 'value': 258}]}"
1199455871,LONG,,1,989900,624900,"{'id': 2300, 'context': 0, 'bonus_lists': [6841]}"
1199455884,LONG,180000,3,,,{'id': 173126}
1199455894,LONG,,1,17500000,8750000,"{'id': 43130, 'context': 0, 'bonus_lists': [6868]}"
1199455904,LONG,,1,5750000,2875000,"{'id': 6385, 'context': 0, 'bonus_lists': [6835]}"
1199455914,LONG,,1,2479900,1340900,"{'id': 14042, 'context': 0, 'bonus_lists': [6880]}"
1199455925,LONG,,1,19999900,10000000,"{'id': 82435, 'context': 1, 'bonus_lists': [6861]}"
1199455929,LONG,,1,120000000,60000000,"{'id': 82954, 'context': 1}"
1199455937,LONG,3436400,1,,,{'id': 52749}
1199455946,LONG,,1,9000000,4500000,"{'id': 8115, 'context': 54, 'bonus_lists': [4277], 'modifiers': [{'type': 9, 'value': 50}]}"
1199455951,LONG,,1,4989900,3092800,"{'id': 7955, 'context': 0}"
1199455958,LONG,,1,2899800,1449900,"{'id': 167177, 'context': 0}"
1199455964,LONG,33194200,1,,,{'id': 76535}
1199455968,LONG,,1,49999900,25000000,"{'id': 132520, 'context': 0, 'bonus_lists': [6863]}"
1199455978,LONG,,1,127500000,63750000,"{'id': 98810, 'context': 1, 'bonus_lists': [6883]}"
1199455985,LONG,,1,13000000,11345100,"{'id': 41984, 'context': 0}"
1199455995,LONG,,1,1139900,797300,"{'id': 2857, 'context': 1, 'bonus_lists': [6847]}"
1199456004,LONG,,1,1800000000,900000000,"{'id': 77535, 'context': 1}"
1199456009,LONG,,1,81981300,40990700,"{'id': 41525, 'context': 1}"
1199456014,LONG,,1,60500,33900,"{'id': 2575, 'context': 0, 'bonus_lists': [6835]}"
1199456017,LONG,,1,9249900,4625000,"{'id': 21849, 'context': 1}"
1199456024,LONG,458800,1,,,{'id': 38912}
1199456029,LONG,,1,22260300,11130200,"{'id': 72014, 'context': 0}"
1199456034,LONG,,1,55000000,27500000,"{'id': 116182, 'context': 13, 'bonus_lists': [148, 525, 535, 6853]}"
1199456039,LONG,8999900,2,,,{'id': 87392}
1199456043,LONG,,1,49999400,24999700,"{'id': 98914, 'context': 1}"
1199456045,LONG,2999900,1,,,{'id': 89678}
1199456050,LONG,,1,249999900,125000000,"{'id': 41349, 'context': 0, 'bonus_lists': [6881]}"
1199456058,LONG,,1,64999900,32500000,"{'id': 82961, 'context': 0}"
1199456066,LONG,14999800,2,,,{'id': 43850}
1199456071,LONG,,1,54942400,27471200,"{'id': 111820, 'context': 1, 'bonus_lists': [6839]}"
1199456077,LONG,,1,289999500,144999800,"{'id': 16989, 'context': 1}"
1199456081,LONG,,1,269726400,134863200,"{'id': 24249, 'context': 0, 'bonus_lists': [6863]}"
1199456085,LONG,,1,2750000,1375000,"{'id': 41520, 'context': 1}"
1199456093,LONG,,1,115000000,57500000,"{'id': 98864, 'context': 1, 'bonus_lists': [6883]}"
1199456098,LONG,,1,40000000,20000000,"{'id': 4396, 'context': 0, 'bonus_lists': [6863]}"
1199458101,LONG,,1,87500000,43750000,"{'id': 151771, 'context': 0, 'bonus_lists': [6835]}"
1199458104,LONG,309999900,1,,,{'id': 132528}
1199458112,LONG,9998100,1,,,{'id': 110646}
1199458115,LONG,,1,460000000,230000000,"{'id': 42554, 'context': 1}"
1199458119,LONG,,1,49999900,25000000,"{'id': 98756, 'context': 0}"
1199458128,LONG,,1,1250000,955300,"{'id': 54473, 'context': 0, 'bonus_lists': [6844]}"
1199458135,LONG,,1,3739900,1870000,"{'id': 14142, 'context': 0}"
1199458142,LONG,,1,97500000,48750000,"{'id': 93539, 'context': 0, 'bonus_lists': [6876]}"
1199458150,LONG,,1,9989900,7786900,"{'id': 12405, 'context': 1, 'bonus_lists': [6878]}"
1199458152,LONG,,1,989900,495000,"{'id': 4315, 'context': 0, 'bonus_lists': [6853]}"
1199458160,LONG,,1,49999100,24999600,"{'id': 98827, 'context': 1}"
1199458165,LONG,,1,430000000,215000000,"{'id': 87406, 'context': 0, 'bonus_lists': [6876]}"
1199458175,LONG,43000000,1,,,{'id': 41167}
1199458181,LONG,,1,499999400,249999700,"{'id': 32391, 'context': 0}"
1199458188,LONG,,1,99999900,50000000,"{'id': 98851, 'context': 0, 'bonus_lists': [6883]}"
1199458194,LONG,,1,230000000,115000000,"{'id': 159937, 'context': 13, 'bonus_lists': [1688, 4928, 6883]}"
1199458197,LONG,700000,1,,,{'id': 104127}
1199458201,LONG,,1,19500000,9750000,"{'id': 83794, 'context': 0, 'bonus_lists': [1713]}"
1199458202,LONG,,1,320000000,160000000,"{'id': 42553, 'context': 1}"
1199458213,LONG,,1,5989900,3880900,"{'id': 8197, 'context': 0, 'bonus_lists': [6875]}"
1199458214,LONG,5000,30,,,{'id': 34068}
1199458223,LONG,,1,90000000,45000000,"{'id': 55038, 'context': 1}"
1199458230,LONG,,1,282149600,141074800,"{'id': 82439, 'context': 1}"
1199458231,LONG,36800,3,,,{'id': 152507}
1199458233,LONG,17500000,2,,,{'id': 7965}
1199458245,LONG,,1,200000000,100000000,"{'id': 75114, 'context': 0}"
1199458256,LONG,,1,1960000,1709200,"{'id': 54480, 'context': 0, 'bonus_lists': [6854]}"
1199458266,LONG,,1,46218600,23109300,"{'id': 56512, 'context': 0, 'bonus_lists': [1698]}"
1199458278,LONG,,1,200000,100000,"{'id': 4334, 'context': 0, 'bonus_lists': [6835]}"
1199458283,LONG,,1,150000000,75000000,"{'id': 170288, 'context': 13, 'bonus_lists': [1715, 5804, 6883]}"
1199458287,LONG,,1,31999900,16000000,"{'id': 41248, 'context': 0, 'bonus_lists': [6835]}"
1199458299,LONG,,1,42999500,21499800,"{'id': 93429, 'context': 0, 'bonus_lists': [6875]}"
1199458304,LONG,,1,225000000,112500000,"{'id': 86842, 'context': 0}"
1199458599,LONG,,1,12000000,6000000,"{'id': 36298, 'context': 28, 'bonus_lists': [1691, 3840], 'modifiers': [{'type': 9, 'value': 27}]}"
1199458603,LONG,,1,1400000000,700000000,"{'id': 163928, 'context': 11}"
1199458605,LONG,31108900,1,,,{'id': 38987}
1199458607,LONG,,1,1275000000,637500000,"{'id': 56548, 'context': 0}"
1199458612,LONG,,1,95000000,47500000,"{'id': 41242, 'context': 0}"
1199458615,LONG,,1,15000000,7500000,"{'id': 55696, 'context': 0, 'bonus_lists': [6654, 1693], 'modifiers': [{'type': 9, 'value': 35}, {'type': 28, 'value': 53}]}"
1199458618,LONG,,1,100000000,50000000,"{'id': 98845, 'context': 0, 'bonus_lists': [6883]}"
1199458622,LONG,380000,16,,,{'id': 64670}
1199458626,LONG,,1,2500000,1250000,"{'id': 3469, 'context': 1}"
1199458628,LONG,2500000,14,,,{'id': 44922}
1199458631,LONG,,1,6000000,3000000,"{'id': 14128, 'context': 0, 'bonus_lists': [6883]}"
1199458635,LONG,10900000,5,,,{'id': 116148}
1199458638,LONG,,1,29999300,14999700,"{'id': 55695, 'context': 28, 'bonus_lists': [1684, 4763], 'modifiers': [{'type': 9, 'value': 32}]}"
1199458641,LONG,,1,204215300,102107700,"{'id': 151571, 'context': 13, 'bonus_lists': [3598, 600, 1717, 3408, 3609]}"
1199458645,LONG,,1,6239900,3426500,"{'id': 3846, 'context': 1, 'bonus_lists': [6865]}"
1199458653,LONG,,1,13999900,7000000,"{'id': 31298, 'context': 3, 'bonus_lists': [6658], 'modifiers': [{'type': 9, 'value': 30}, {'type': 28, 'value': 1014}]}"
1199458656,LONG,,1,110000000,55000000,"{'id': 151772, 'context': 0, 'bonus_lists': [6835]}"
1199458660,LONG,51500,1,,,{'id': 153435}
1199458663,LONG,,1,420000000,210000000,"{'id': 47585, 'context': 1}"
1199458667,LONG,,1,10000000,5000000,"{'id': 14045, 'context': 0, 'bonus_lists': [6883]}"
1199458670,LONG,,1,185000000,92500000,"{'id': 98608, 'context': 0, 'bonus_lists': [6883]}"
1199458983,LONG,,1,29000000,14500000,"{'id': 82426, 'context': 0}"
1199458984,LONG,,1,7000000,3500000,"{'id': 7933, 'context': 1, 'bonus_lists': [6875]}"
1199458986,LONG,130000000,1,,,{'id': 42500}
1199458988,LONG,,1,249999900,125000000,"{'id': 41354, 'context': 1, 'bonus_lists': [6881]}"
1199458991,LONG,,1,99999900,50000000,"{'id': 44441, 'context': 0}"
1199458993,LONG,,1,6239800,3119900,"{'id': 14141, 'context': 0, 'bonus_lists': [6883]}"
1199458995,LONG,,1,39699600,19849800,"{'id': 109167, 'context': 1, 'bonus_lists': [6839]}"
1199458998,LONG,93234900,1,,,{'id': 77541}
1199458999,LONG,,1,50000000,25000000,"{'id': 123917, 'context': 13, 'bonus_lists': [669, 601, 689, 1708, 3408, 6883]}"
1199459002,LONG,,1,29999900,15000000,"{'id': 41183, 'context': 0, 'bonus_lists': [6875]}"
1199459004,LONG,,1,37000000,18500000,"{'id': 14044, 'context': 1, 'bonus_lists': [6883]}"
1199459007,LONG,,1,49997400,24998700,"{'id': 75070, 'context': 0, 'bonus_lists': [6883]}"
1199459008,LONG,15509100,1,,,{'id': 137287}
1199459009,LONG,420000000,1,,,{'id': 41604}
1199459011,LONG,,1,1739900,1070000,"{'id': 12427, 'context': 1, 'bonus_lists': [6883]}"
1199459014,LONG,2005700,1,,,{'id': 76554}
1199459018,LONG,,1,7779700,3889900,"{'id': 7942, 'context': 1, 'bonus_lists': [6872]}"
1199459021,LONG,,1,4989900,3061100,"{'id': 2850, 'context': 1, 'bonus_lists': [6853]}"
1199459025,LONG,,1,1989900,1088900,"{'id': 7956, 'context': 1, 'bonus_lists': [6827]}"
1199459026,LONG,3404900,3,,,{'id': 23782}
1199459027,LONG,,1,2609900,1823900,"{'id': 7920, 'context': 0}"
1199459030,LONG,,1,550000000,275000000,"{'id': 132504, 'context': 13, 'bonus_lists': [669, 600, 689, 1687, 3408]}"
1199459032,LONG,,1,1489900,871600,"{'id': 6350, 'context': 1, 'bonus_lists': [6847]}"
1199459979,LONG,6090000,1,,,{'id': 128551}
1199462415,LONG,,1,75000000,,"{'id': 172323, 'context': 63, 'bonus_lists': [6716, 1487]}"
1199462507,LONG,,1,510000000,,"{'id': 172323, 'context': 66, 'bonus_lists': [6758, 1532]}"
1199462555,LONG,59900,504,,,{'id': 173202}
1199462614,LONG,250000,200,,,{'id': 172089}
1199462633,LONG,250000,200,,,{'id': 172089}
1199462668,LONG,250000,11,,,{'id': 172089}
1199462700,LONG,6200,10,,,{'id': 168650}
1199462767,LONG,27300,50,,,{'id': 172054}
1199463070,LONG,2300,98,,,{'id': 154165}
1199463085,LONG,6200,43,,,{'id': 168650}
1199464135,LONG,,1,50000009900,,"{'id': 2067, 'context': 0}"
1199464137,LONG,,1,1000000000,,"{'id': 172327, 'context': 66, 'bonus_lists': [6758, 1532]}"
1199464173,LONG,5000,19,,,{'id': 34068}
1199464203,LONG,,1,5000000,,"{'id': 15379, 'context': 0, 'bonus_lists': [6654, 1695], 'modifiers': [{'type': 9, 'value': 30}, {'type': 28, 'value': 28}]}"
1199464229,LONG,112900,2036,,,{'id': 124104}
1199464230,LONG,,1,5000000,,"{'id': 24659, 'context': 0, 'bonus_lists': [1706]}"
1199464255,LONG,500000,4,,,{'id': 77589}
1199464284,LONG,,1,20000000,,"{'id': 67144, 'context': 0}"
1199464292,LONG,149800,4431,,,{'id': 124103}
1199464423,LONG,,1,1107000,,"{'id': 179319, 'context': 0, 'bonus_lists': [6908, 6652, 1685], 'modifiers': [{'type': 9, 'value': 60}, {'type': 28, 'value': 2060}]}"
1199464486,LONG,19000,2,,,{'id': 173192}
1199464537,LONG,6004500,1,,,{'id': 172097}
1199464566,LONG,499800,120,,,{'id': 124109}
1199464632,LONG,1099000,26,,,{'id': 168583}
1199464751,LONG,60000,2000,,,{'id': 2318}
1199466303,LONG,,1,850000,,"{'id': 173249, 'context': 63, 'bonus_lists': [6716, 7194, 1487]}"
1199466304,LONG,,1,850000,,"{'id': 173249, 'context': 63, 'bonus_lists': [6716, 7193, 1487]}"
1199466438,LONG,59900,800,,,{'id': 173202}
1199466476,LONG,7400,72,,,{'id': 110609}
1199466505,LONG,59800,3,,,{'id': 74841}
1199466537,LONG,19700,1,,,{'id': 27854}
1199466546,LONG,243800,20,,,{'id': 172089}
1199466562,LONG,58500,10,,,{'id': 173202}
1199466589,LONG,53100,4,,,{'id': 172092}
1199466629,LONG,6678900,7,,,{'id': 24246}
1199466661,LONG,3600,1,,,{'id': 109133}
1199466733,LONG,2000,1,,,{'id': 74834}
1199466866,LONG,58400,18,,,{'id': 173202}
1199468275,LONG,,1,650009600,,"{'id': 65891, 'context': 0}"
1199468342,LONG,,1,175000000,,"{'id': 82800, 'context': 0, 'modifiers': [{'type': 6, 'value': 95572}], 'pet_breed_id': 7, 'pet_level': 1, 'pet_quality_id': 2, 'pet_species_id': 2958}"
1199470732,LONG,10000,1,,,{'id': 1529}
1199470758,LONG,100000,33,,,{'id': 2319}
1199470778,LONG,220000,20,,,{'id': 3818}
1199470834,LONG,,1,1483499900,,"{'id': 72146, 'context': 14, 'modifiers': [{'type': 28, 'value': 378}]}"
1199470842,LONG,1500000,2,,,{'id': 4235}
1199470864,LONG,50000,6,,,{'id': 3820}
1199470938,LONG,50000,1,,,{'id': 6889}
1199470992,LONG,330000,4,,,{'id': 4232}
1199471053,LONG,1900,8,,,{'id': 12202}
1199471091,LONG,178000,11,,,{'id': 4234}
1199473123,LONG,60000,1,,,{'id': 2318}
1199473166,LONG,1000,11,,,{'id': 5504}
1199475618,LONG,,1,988151100,978269600,"{'id': 9296, 'context': 0}"
1199475696,LONG,,1,999999900,,"{'id': 184804, 'context': 0, 'bonus_lists': [6652, 1472, 6646], 'modifiers': [{'type': 28, 'value': 1707}]}"
1199477738,LONG,,1,2725400,,"{'id': 184479, 'context': 0}"
1199477740,LONG,,1,2725400,,"{'id': 184479, 'context': 0}"
1199477741,LONG,,1,2725400,,"{'id': 184479, 'context': 0}"
1199477745,LONG,,1,2725400,,"{'id': 184479, 'context': 0}"
1199477747,LONG,,1,2725400,,"{'id': 184479, 'context': 0}"
1199477749,LONG,,1,2725400,,"{'id': 184479, 'context': 0}"
1199477754,LONG,,1,2725400,,"{'id': 184479, 'context': 0}"
1199477756,LONG,,1,2725400,,"{'id': 184479, 'context': 0}"
1199477758,LONG,,1,2725400,,"{'id': 184479, 'context': 0}"
1199477759,LONG,,1,2725400,,"{'id': 184479, 'context': 0}"
1199477761,LONG,,1,2725400,,"{'id': 184479, 'context': 0}"
1199477765,LONG,,1,2725400,,"{'id': 184479, 'context': 0}"
1199477768,LONG,,1,2725400,,"{'id': 184479, 'context': 0}"
1199477770,LONG,,1,2725400,,"{'id': 184479, 'context': 0}"
1199477773,LONG,,1,2725400,,"{'id': 184479, 'context': 0}"
1199477777,LONG,,1,2725400,,"{'id': 184479, 'context': 0}"
1199477780,LONG,,1,2725400,,"{'id': 184479, 'context': 0}"
1199477783,LONG,,1,2725400,,"{'id': 184479, 'context': 0}"
1199477786,LONG,,1,2725400,,"{'id': 184479, 'context': 0}"
1199477788,LONG,,1,2725400,,"{'id': 184479, 'context': 0}"
1199477790,LONG,,1,2725400,,"{'id': 184479, 'context': 0}"
1199477794,LONG,,1,2725400,,"{'id': 184479, 'context': 0}"
1199477795,LONG,,1,2725400,,"{'id': 184479, 'context': 0}"
1199477796,LONG,,1,2725400,,"{'id': 184479, 'context': 0}"
1199479166,LONG,53100,46,,,{'id': 172092}
1199479198,LONG,58400,4,,,{'id': 173202}
1199479275,LONG,53100,19,,,{'id': 172092}
1199479317,LONG,243800,118,,,{'id': 172089}
1199479319,LONG,1500000,3,,,{'id': 173079}
1199479346,LONG,771000,1,,,{'id': 173097}
1199479395,LONG,1920800,1,,,{'id': 173071}
1199479432,LONG,23338000,20,,,{'id': 173163}
1199479462,LONG,7000000,20,,,{'id': 173162}
1199479505,LONG,8899300,20,,,{'id': 173161}
1199479537,LONG,9009300,20,,,{'id': 173160}
1199479566,LONG,1500,3,,,{'id': 113262}
1199479828,LONG,,1,40000000,,"{'id': 82800, 'context': 0, 'modifiers': [{'type': 6, 'value': 69254}], 'pet_breed_id': 22, 'pet_level': 1, 'pet_quality_id': 3, 'pet_species_id': 1885}"
1199479835,LONG,,1,196000000,,"{'id': 82800, 'context': 0, 'modifiers': [{'type': 6, 'value': 38135}], 'pet_breed_id': 6, 'pet_level': 1, 'pet_quality_id': 2, 'pet_species_id': 289}"
1199479851,LONG,,1,32274900,,"{'id': 82800, 'context': 0, 'modifiers': [{'type': 6, 'value': 36901}], 'pet_breed_id': 3, 'pet_level': 2, 'pet_quality_id': 3, 'pet_species_id': 292}"
1199479859,LONG,,1,139990000,,"{'id': 82800, 'context': 0, 'modifiers': [{'type': 6, 'value': 90176}], 'pet_breed_id': 15, 'pet_level': 1, 'pet_quality_id': 3, 'pet_species_id': 2553}"
1199479872,LONG,,1,7008300,,"{'id': 82800, 'context': 0, 'modifiers': [{'type': 6, 'value': 26740}], 'pet_breed_id': 22, 'pet_level': 1, 'pet_quality_id': 3, 'pet_species_id': 1956}"
1199479884,LONG,,1,32180400,,"{'id': 82800, 'context': 0, 'modifiers': [{'type': 6, 'value': 76763}], 'pet_breed_id': 5, 'pet_level': 1, 'pet_quality_id': 3, 'pet_species_id': 2559}"
1199479906,LONG,,1,20000000,,"{'id': 82800, 'context': 0, 'modifiers': [{'type': 6, 'value': 65590}], 'pet_breed_id': 8, 'pet_level': 1, 'pet_quality_id': 3, 'pet_species_id': 1752}"
1199481524,LONG,10000,90,,,{'id': 109128}
1199481705,LONG,2800000,1,,,{'id': 172411}
1199481731,LONG,1100000,1,,,{'id': 177715}
1199481802,LONG,6000000,1,,,{'id': 177962}
1199481903,LONG,49000,200,,,{'id': 173202}
1199481929,LONG,49000,200,,,{'id': 173202}
1199481947,LONG,49000,200,,,{'id': 173202}
1199482057,LONG,5000,1,,,{'id': 24478}
1199482081,LONG,468700,17,,,{'id': 171437}
1199484121,LONG,,1,27500000,,"{'id': 82800, 'context': 0, 'modifiers': [{'type': 6, 'value': 90176}], 'pet_breed_id': 5, 'pet_level': 1, 'pet_quality_id': 3, 'pet_species_id': 2553}"
1199484830,LONG,,1,450009700,300000000,"{'id': 184789, 'context': 0, 'bonus_lists': [6652, 1472, 6646], 'modifiers': [{'type': 28, 'value': 1707}]}"
1199485097,LONG,2509300,1,,,{'id': 36922}
1199486115,LONG,47200,1,,,{'id': 36934}
1199486174,LONG,30000,2,,,{'id': 52078}
1199486241,LONG,749400,1,,,{'id': 58268}
1199486268,LONG,100,33,,,{'id': 68140}
1199486276,LONG,49000,200,,,{'id': 173202}
1199486329,LONG,10000,1,,,{'id': 1210}
1199486339,LONG,50000,1,,,{'id': 774}
1199486459,LONG,4500,21,,,{'id': 2589}
1199489900,LONG,50000,149,,,{'id': 3820}
1199489906,LONG,90000,1,,,{'id': 13464}
1199489912,LONG,45000,2,,,{'id': 785}
1199489914,LONG,200700,45,,,{'id': 13465}
1199489915,LONG,111300,8,,,{'id': 2450}
1199489989,LONG,,1,456782300,,"{'id': 44413, 'context': 0, 'bonus_lists': [6883]}"
1199500298,LONG,,1,1007100,956700,"{'id': 24776, 'context': 3, 'bonus_lists': [6654, 1681], 'modifiers': [{'type': 9, 'value': 30}, {'type': 28, 'value': 1014}]}"
1199500303,LONG,,1,154200,146500,"{'id': 24687, 'context': 3, 'bonus_lists': [6654, 1692], 'modifiers': [{'type': 9, 'value': 30}, {'type': 28, 'value': 1014}]}"
1199500307,LONG,,1,6800300,6460300,"{'id': 32739, 'context': 0, 'modifiers': [{'type': 28, 'value': 1013}]}"
1199500310,LONG,,1,4591200,4361600,"{'id': 25027, 'context': 3, 'bonus_lists': [6654, 1691], 'modifiers': [{'type': 9, 'value': 30}, {'type': 28, 'value': 1014}]}"
1199500312,LONG,81000,4,,,{'id': 22829}
1199500315,LONG,,1,3451300,3278700,"{'id': 24778, 'context': 3, 'bonus_lists': [6654, 1677], 'modifiers': [{'type': 9, 'value': 30}, {'type': 28, 'value': 1014}]}"
1199500316,LONG,290000,5,,,{'id': 32230}
1199500318,LONG,,1,25505400,24230100,"{'id': 31295, 'context': 0, 'bonus_lists': [6658], 'modifiers': [{'type': 9, 'value': 30}, {'type': 28, 'value': 1013}]}"
1199500321,LONG,,1,1321600,1255500,"{'id': 24665, 'context': 3, 'bonus_lists': [6654, 1707], 'modifiers': [{'type': 9, 'value': 30}, {'type': 28, 'value': 1014}]}"
1199500324,LONG,,1,12705200,12069900,"{'id': 6097, 'context': 14, 'modifiers': [{'type': 28, 'value': 223}]}"
1199500326,LONG,,1,1320000,1254000,"{'id': 24799, 'context': 3, 'bonus_lists': [6654, 1691], 'modifiers': [{'type': 9, 'value': 30}, {'type': 28, 'value': 1014}]}"
1199500327,LONG,,1,499900,474900,"{'id': 24690, 'context': 3, 'bonus_lists': [6654, 1692], 'modifiers': [{'type': 9, 'value': 30}, {'type': 28, 'value': 1014}]}"
1199500328,LONG,453700,6,,,{'id': 22578}
1199500331,LONG,,1,299800,284800,"{'id': 32753, 'context': 3, 'modifiers': [{'type': 28, 'value': 1014}]}"
1199500924,LONG,9000,29,,,{'id': 154897}
1199501040,LONG,,1,882000000,,"{'id': 183616, 'context': 0, 'modifiers': [{'type': 28, 'value': 1401}]}"
1199502133,LONG,13900,7,,,{'id': 152576}
1199502175,LONG,19800,18,,,{'id': 154898}
1199502191,LONG,5500,7,,,{'id': 152509}
1199502219,LONG,4900,2,,,{'id': 152506}
1199502242,LONG,240000,146,,,{'id': 172089}
1199502245,LONG,13900,10,,,{'id': 152508}
1199502254,LONG,5000,9,,,{'id': 152511}
1199502323,LONG,36800,4,,,{'id': 152507}
1199502355,LONG,,1,1562300,,"{'id': 154142, 'context': 13, 'bonus_lists': [1685, 6851]}"
1199502359,LONG,,1,1562300,,"{'id': 154142, 'context': 13, 'bonus_lists': [1688, 6851]}"
1199502362,LONG,,1,1562300,,"{'id': 154142, 'context': 13, 'bonus_lists': [1683, 6851]}"
1199502366,LONG,,1,1562300,,"{'id': 154142, 'context': 13, 'bonus_lists': [1686, 6851]}"
1199502372,LONG,5950400,2,,,{'id': 172097}
1199502432,LONG,53100,51,,,{'id': 172092}
1199502518,LONG,,1,1519600,,"{'id': 154145, 'context': 13, 'bonus_lists': [1689, 6850]}"
1199502520,LONG,,1,1519600,,"{'id': 154145, 'context': 13, 'bonus_lists': [1683, 6850]}"
1199502522,LONG,,1,1519600,,"{'id': 154145, 'context': 13, 'bonus_lists': [1685, 6850]}"
1199502524,LONG,,1,1519600,,"{'id': 154145, 'context': 13, 'bonus_lists': [1683, 6850]}"
1199502567,LONG,,1,1519600,,"{'id': 154145, 'context': 13, 'bonus_lists': [1712, 6850]}"
1199502599,LONG,,1,1519600,,"{'id': 154145, 'context': 13, 'bonus_lists': [1681, 6850]}"
1199502602,LONG,,1,1519600,,"{'id': 154145, 'context': 13, 'bonus_lists': [1679, 6850]}"
1199502603,LONG,,1,1519600,,"{'id': 154145, 'context': 13, 'bonus_lists': [1676, 6850]}"
1199502605,LONG,,1,1519600,,"{'id': 154145, 'context': 13, 'bonus_lists': [1678, 6850]}"
1199502609,LONG,,1,1519600,,"{'id': 154145, 'context': 13, 'bonus_lists': [1677, 6850]}"
1199502638,LONG,,1,1519600,,"{'id': 154145, 'context': 13, 'bonus_lists': [1701, 6850]}"
1199502641,LONG,,1,1519600,,"{'id': 154145, 'context': 13, 'bonus_lists': [1697, 6850]}"
1199502642,LONG,,1,1519600,,"{'id': 154145, 'context': 13, 'bonus_lists': [1700, 6850]}"
1199502645,LONG,,1,1519600,,"{'id': 154145, 'context': 13, 'bonus_lists': [1703, 6850]}"
1199502676,LONG,,1,1519600,,"{'id': 154145, 'context': 13, 'bonus_lists': [1710, 6850]}"
1199502680,LONG,,1,1519600,,"{'id': 154145, 'context': 13, 'bonus_lists': [1709, 6850]}"
1199502691,LONG,1066600,1,,,{'id': 4405}
1199502749,LONG,,1,1562300,,"{'id': 154142, 'context': 13, 'bonus_lists': [1709, 6851]}"
1199502752,LONG,,1,1562300,,"{'id': 154142, 'context': 13, 'bonus_lists': [1707, 6851]}"
1199502756,LONG,,1,1562300,,"{'id': 154142, 'context': 13, 'bonus_lists': [1710, 6851]}"
1199502758,LONG,,1,1562300,,"{'id': 154142, 'context': 13, 'bonus_lists': [1705, 6851]}"
1199502827,LONG,,1,1562300,,"{'id': 154142, 'context': 13, 'bonus_lists': [1698, 6851]}"
1199502828,LONG,,1,1562300,,"{'id': 154142, 'context': 13, 'bonus_lists': [1702, 6851]}"
1199502884,LONG,,1,1562300,,"{'id': 154142, 'context': 13, 'bonus_lists': [1712, 6851]}"
1199502887,LONG,,1,1562300,,"{'id': 154142, 'context': 13, 'bonus_lists': [1713, 6851]}"
1199502975,LONG,,1,1562300,,"{'id': 154142, 'context': 13, 'bonus_lists': [1679, 6851]}"
1199503032,LONG,,1,1562300,,"{'id': 154142, 'context': 13, 'bonus_lists': [1691, 6851]}"
1199503054,LONG,,1,1519600,,"{'id': 154145, 'context': 13, 'bonus_lists': [1693, 6850]}"
1199510309,LONG,640000,4,,,{'id': 173204}
1199510347,LONG,1050000,3,,,{'id': 168583}
1199511001,LONG,,1,85340400,,"{'id': 70136, 'context': 0}"
1199513456,LONG,9500,12,,,{'id': 173032}
1199513529,LONG,49000,100,,,{'id': 173202}
1199513550,LONG,640000,18,,,{'id': 173204}
1199514078,LONG,,1,150005100,,"{'id': 13136, 'context': 0, 'bonus_lists': [6659], 'modifiers': [{'type': 9, 'value': 17}, {'type': 28, 'value': 13}]}"
1199515174,LONG,,1,130000000,,"{'id': 115349, 'context': 0, 'bonus_lists': [6691], 'modifiers': [{'type': 9, 'value': 11}, {'type': 28, 'value': 1813}]}"
1199515245,LONG,1499100,75,,,{'id': 171272}
1199515246,LONG,,1,119908500,,"{'id': 171417, 'context': 64, 'bonus_lists': [6717, 1507]}"
1199516043,LONG,10999700,3,,,{'id': 171276}
1199517176,LONG,800000,6,,,{'id': 165017}
1199517302,LONG,,1,1500000,,"{'id': 176794, 'context': 0, 'bonus_lists': [6908, 6652, 1690], 'modifiers': [{'type': 9, 'value': 60}, {'type': 28, 'value': 1707}]}"
1199517318,LONG,15000,20,,,{'id': 25649}
1199517332,LONG,15000,19,,,{'id': 25649}
1199517436,LONG,230000,200,,,{'id': 172089}
1199517568,LONG,,1,1950000,,"{'id': 172256, 'context': 13, 'bonus_lists': [6893], 'modifiers': [{'type': 9, 'value': 60}, {'type': 28, 'value': 391}, {'type': 29, 'value': 32}, {'type': 30, 'value': 40}]}"
1199517591,LONG,,1,1950000,,"{'id': 172256, 'context': 13, 'bonus_lists': [6893], 'modifiers': [{'type': 9, 'value': 60}, {'type': 28, 'value': 391}, {'type': 29, 'value': 36}, {'type': 30, 'value': 40}]}"
1199517604,LONG,,1,1950000,,"{'id': 172256, 'context': 13, 'bonus_lists': [6893], 'modifiers': [{'type': 9, 'value': 60}, {'type': 28, 'value': 391}, {'type': 29, 'value': 40}, {'type': 30, 'value': 32}]}"
1199517619,LONG,,1,10000000,,"{'id': 172250, 'context': 13, 'bonus_lists': [6893], 'modifiers': [{'type': 9, 'value': 60}, {'type': 28, 'value': 391}, {'type': 29, 'value': 40}, {'type': 30, 'value': 49}]}"
1199517738,LONG,,1,2900000,,"{'id': 172265, 'context': 13, 'bonus_lists': [6893], 'modifiers': [{'type': 9, 'value': 60}, {'type': 28, 'value': 391}, {'type': 29, 'value': 32}, {'type': 30, 'value': 36}]}"
1199517741,LONG,,1,2900000,,"{'id': 172265, 'context': 13, 'bonus_lists': [6893], 'modifiers': [{'type': 9, 'value': 60}, {'type': 28, 'value': 391}, {'type': 29, 'value': 36}, {'type': 30, 'value': 40}]}"
1199521612,LONG,10999700,8,,,{'id': 171276}
1199525414,LONG,,1,318900,,"{'id': 154151, 'context': 13, 'bonus_lists': [1715, 6845]}"
1199525416,LONG,,1,318900,,"{'id': 154151, 'context': 13, 'bonus_lists': [1715, 6845]}"
1199525418,LONG,,1,318900,,"{'id': 154151, 'context': 13, 'bonus_lists': [1716, 6845]}"
1199525419,LONG,,1,318900,,"{'id': 154151, 'context': 13, 'bonus_lists': [1716, 6845]}"
1199525421,LONG,,1,318900,,"{'id': 154151, 'context': 13, 'bonus_lists': [1717, 6845]}"
1199525424,LONG,,1,318900,,"{'id': 154151, 'context': 13, 'bonus_lists': [1712, 6845]}"
1199525428,LONG,,1,318900,,"{'id': 154151, 'context': 13, 'bonus_lists': [1711, 6845]}"
1199525431,LONG,,1,318900,,"{'id': 154151, 'context': 13, 'bonus_lists': [1715, 6845]}"
1199525435,LONG,,1,318900,,"{'id': 154151, 'context': 13, 'bonus_lists': [1717, 6845]}"
1199525438,LONG,,1,318900,,"{'id': 154151, 'context': 13, 'bonus_lists': [1717, 6845]}"
1199525480,LONG,,1,318900,,"{'id': 154151, 'context': 13, 'bonus_lists': [1700, 6845]}"
1199525482,LONG,,1,318900,,"{'id': 154151, 'context': 13, 'bonus_lists': [1697, 6845]}"
1199525485,LONG,,1,318900,,"{'id': 154151, 'context': 13, 'bonus_lists': [1701, 6845]}"
1199525487,LONG,,1,318900,,"{'id': 154151, 'context': 13, 'bonus_lists': [1698, 6845]}"
1199525488,LONG,,1,318900,,"{'id': 154151, 'context': 13, 'bonus_lists': [1699, 6845]}"
1199525490,LONG,,1,318900,,"{'id': 154151, 'context': 13, 'bonus_lists': [1701, 6845]}"
1199525493,LONG,,1,318900,,"{'id': 154151, 'context': 13, 'bonus_lists': [1703, 6845]}"
1199525521,LONG,,1,318900,,"{'id': 154151, 'context': 13, 'bonus_lists': [1695, 6845]}"
1199525524,LONG,,1,318900,,"{'id': 154151, 'context': 13, 'bonus_lists': [1696, 6845]}"
1199525529,LONG,,1,318900,,"{'id': 154151, 'context': 13, 'bonus_lists': [1694, 6845]}"
1199525532,LONG,,1,318900,,"{'id': 154151, 'context': 13, 'bonus_lists': [1690, 6845]}"
1199525536,LONG,,1,318900,,"{'id': 154151, 'context': 13, 'bonus_lists': [1695, 6845]}"
1199525538,LONG,,1,318900,,"{'id': 154151, 'context': 13, 'bonus_lists': [1690, 6845]}"
1199525540,LONG,,1,318900,,"{'id': 154151, 'context': 13, 'bonus_lists': [1692, 6845]}"
1199525542,LONG,,1,318900,,"{'id': 154151, 'context': 13, 'bonus_lists': [1696, 6845]}"
1199525545,LONG,,1,318900,,"{'id': 154151, 'context': 13, 'bonus_lists': [1694, 6845]}"
1199525549,LONG,,1,318900,,"{'id': 154151, 'context': 13, 'bonus_lists': [1694, 6845]}"
1199525552,LONG,,1,318900,,"{'id': 154151, 'context': 13, 'bonus_lists': [1695, 6845]}"
1199525555,LONG,,1,318900,,"{'id': 154151, 'context': 13, 'bonus_lists': [1696, 6845]}"
1199525558,LONG,,1,318900,,"{'id': 154151, 'context': 13, 'bonus_lists': [1691, 6845]}"
1199525561,LONG,,1,318900,,"{'id': 154151, 'context': 13, 'bonus_lists': [1693, 6845]}"
1199525563,LONG,,1,318900,,"{'id': 154151, 'context': 13, 'bonus_lists': [1695, 6845]}"
1199525600,LONG,,1,318900,,"{'id': 154151, 'context': 13, 'bonus_lists': [1687, 6845]}"
1199525602,LONG,,1,318900,,"{'id': 154151, 'context': 13, 'bonus_lists': [1685, 6845]}"
1199525603,LONG,,1,318900,,"{'id': 154151, 'context': 13, 'bonus_lists': [1685, 6845]}"
1199525606,LONG,,1,318900,,"{'id': 154151, 'context': 13, 'bonus_lists': [1687, 6845]}"
1199525608,LONG,,1,318900,,"{'id': 154151, 'context': 13, 'bonus_lists': [1688, 6845]}"
1199525612,LONG,,1,318900,,"{'id': 154151, 'context': 13, 'bonus_lists': [1683, 6845]}"
1199525614,LONG,,1,318900,,"{'id': 154151, 'context': 13, 'bonus_lists': [1688, 6845]}"
1199525617,LONG,,1,318900,,"{'id': 154151, 'context': 13, 'bonus_lists': [1683, 6845]}"
1199525619,LONG,,1,318900,,"{'id': 154151, 'context': 13, 'bonus_lists': [1683, 6845]}"
1199525675,LONG,,1,318900,,"{'id': 154151, 'context': 13, 'bonus_lists': [1677, 6845]}"
1199525677,LONG,,1,318900,,"{'id': 154151, 'context': 13, 'bonus_lists': [1678, 6845]}"
1199525679,LONG,,1,318900,,"{'id': 154151, 'context': 13, 'bonus_lists': [1676, 6845]}"
1199525686,LONG,,1,318900,,"{'id': 154151, 'context': 13, 'bonus_lists': [1682, 6845]}"
1199525688,LONG,,1,318900,,"{'id': 154151, 'context': 13, 'bonus_lists': [1679, 6845]}"
1199525693,LONG,,1,318900,,"{'id': 154151, 'context': 13, 'bonus_lists': [1677, 6845]}"
1199525695,LONG,,1,318900,,"{'id': 154151, 'context': 13, 'bonus_lists': [1679, 6845]}"
1199525702,LONG,,1,318900,,"{'id': 154151, 'context': 13, 'bonus_lists': [1682, 6845]}"
1199525734,LONG,,1,318900,,"{'id': 154151, 'context': 13, 'bonus_lists': [1707, 6845]}"
1199525738,LONG,,1,318900,,"{'id': 154151, 'context': 13, 'bonus_lists': [1706, 6845]}"
1199525743,LONG,,1,318900,,"{'id': 154151, 'context': 13, 'bonus_lists': [1705, 6845]}"
1199525746,LONG,,1,318900,,"{'id': 154151, 'context': 13, 'bonus_lists': [1704, 6845]}"
1199525750,LONG,,1,318900,,"{'id': 154151, 'context': 13, 'bonus_lists': [1708, 6845]}"
1199525922,LONG,,1,3950000,,"{'id': 173247, 'context': 63, 'bonus_lists': [6716, 1487]}"
1199525925,LONG,,1,3950000,,"{'id': 173247, 'context': 63, 'bonus_lists': [6716, 1487]}"
1199525928,LONG,,1,3950000,,"{'id': 173247, 'context': 63, 'bonus_lists': [6716, 1487]}"
1199525933,LONG,,1,3950000,,"{'id': 173247, 'context': 63, 'bonus_lists': [6716, 1487]}"
1199525936,LONG,,1,3950000,,"{'id': 173247, 'context': 63, 'bonus_lists': [6716, 1487]}"
1199525939,LONG,,1,3950000,,"{'id': 173247, 'context': 63, 'bonus_lists': [6716, 1487]}"
1199525940,LONG,,1,3950000,,"{'id': 173247, 'context': 63, 'bonus_lists': [6716, 1487]}"
1199525945,LONG,,1,3950000,,"{'id': 173247, 'context': 63, 'bonus_lists': [6716, 1487]}"
1199525953,LONG,,1,3950000,,"{'id': 173247, 'context': 63, 'bonus_lists': [6716, 1487]}"
1199525957,LONG,,1,3950000,,"{'id': 173247, 'context': 63, 'bonus_lists': [6716, 1487]}"
1199525962,LONG,,1,3950000,,"{'id': 173247, 'context': 63, 'bonus_lists': [6716, 1487]}"
1199525966,LONG,,1,3950000,,"{'id': 173247, 'context': 63, 'bonus_lists': [6716, 1487]}"
1199525971,LONG,,1,3950000,,"{'id': 173247, 'context': 63, 'bonus_lists': [6716, 1487]}"
1199526066,LONG,,1,4999900,2931000,"{'id': 173243, 'context': 63, 'bonus_lists': [6716, 1487]}"
1199526070,LONG,,1,4999900,2931000,"{'id': 173243, 'context': 63, 'bonus_lists': [6716, 1487]}"
1199526074,LONG,,1,4999900,2931000,"{'id': 173243, 'context': 63, 'bonus_lists': [6716, 1487]}"
1199526076,LONG,,1,4999900,2931000,"{'id': 173243, 'context': 63, 'bonus_lists': [6716, 1487]}"
1199526079,LONG,,1,4999900,2931000,"{'id': 173243, 'context': 63, 'bonus_lists': [6716, 1487]}"
1199526081,LONG,,1,4999900,2931000,"{'id': 173243, 'context': 63, 'bonus_lists': [6716, 1487]}"
1199526084,LONG,,1,4999900,2931000,"{'id': 173243, 'context': 63, 'bonus_lists': [6716, 1487]}"
1199526087,LONG,,1,4999900,2931000,"{'id': 173243, 'context': 63, 'bonus_lists': [6716, 1487]}"
1199526090,LONG,,1,4999900,2931000,"{'id': 173243, 'context': 63, 'bonus_lists': [6716, 1487]}"
1199526094,LONG,,1,4999900,2931000,"{'id': 173243, 'context': 63, 'bonus_lists': [6716, 1487]}"
1199526096,LONG,,1,4999900,2931000,"{'id': 173243, 'context': 63, 'bonus_lists': [6716, 1487]}"
1199526098,LONG,,1,4999900,2931000,"{'id': 173243, 'context': 63, 'bonus_lists': [6716, 1487]}"
1199526100,LONG,,1,4999900,2931000,"{'id': 173243, 'context': 63, 'bonus_lists': [6716, 1487]}"
1199527101,LONG,,1,4999900,2931000,"{'id': 173243, 'context': 63, 'bonus_lists': [6716, 1487]}"
1199527103,LONG,,1,4999900,2931000,"{'id': 173243, 'context': 63, 'bonus_lists': [6716, 1487]}"
1199527183,LONG,,1,20000000,,"{'id': 173246, 'context': 63, 'bonus_lists': [6716, 1487]}"
1199527186,LONG,,1,20000000,,"{'id': 173246, 'context': 63, 'bonus_lists': [6716, 1487]}"
1199527188,LONG,,1,20000000,,"{'id': 173246, 'context': 63, 'bonus_lists': [6716, 1487]}"
1199527193,LONG,,1,20000000,,"{'id': 173246, 'context': 63, 'bonus_lists': [6716, 1487]}"
1199527198,LONG,,1,20000000,,"{'id': 173246, 'context': 63, 'bonus_lists': [6716, 1487]}"
1199527201,LONG,,1,20000000,,"{'id': 173246, 'context': 63, 'bonus_lists': [6716, 1487]}"
1199527203,LONG,,1,20000000,,"{'id': 173246, 'context': 63, 'bonus_lists': [6716, 1487]}"
1199527205,LONG,,1,20000000,,"{'id': 173246, 'context': 63, 'bonus_lists': [6716, 1487]}"
1199527207,LONG,,1,20000000,,"{'id': 173246, 'context': 63, 'bonus_lists': [6716, 1487]}"
1199527211,LONG,,1,20000000,,"{'id': 173246, 'context': 63, 'bonus_lists': [6716, 1487]}"
1199527212,LONG,,1,20000000,,"{'id': 173246, 'context': 63, 'bonus_lists': [6716, 1487]}"
1199527213,LONG,,1,20000000,,"{'id': 173246, 'context': 63, 'bonus_lists': [6716, 1487]}"
1199527286,LONG,,1,48009300,,"{'id': 173242, 'context': 63, 'bonus_lists': [6716, 1487]}"
1199527290,LONG,,1,48009300,,"{'id': 173242, 'context': 63, 'bonus_lists': [6716, 1487]}"
1199527293,LONG,,1,48009300,,"{'id': 173242, 'context': 63, 'bonus_lists': [6716, 1487]}"
1199527297,LONG,,1,48009300,,"{'id': 173242, 'context': 63, 'bonus_lists': [6716, 1487]}"
1199527301,LONG,,1,48009300,,"{'id': 173242, 'context': 63, 'bonus_lists': [6716, 1487]}"
1199527304,LONG,,1,48009300,,"{'id': 173242, 'context': 63, 'bonus_lists': [6716, 1487]}"
1199527436,LONG,,1,850000,,"{'id': 173249, 'context': 63, 'bonus_lists': [6716, 7193, 1487]}"
1199527438,LONG,,1,850000,,"{'id': 173249, 'context': 63, 'bonus_lists': [6716, 7193, 1487]}"
1199527439,LONG,,1,850000,,"{'id': 173249, 'context': 63, 'bonus_lists': [6716, 7193, 1487]}"
1199527441,LONG,,1,850000,,"{'id': 173249, 'context': 63, 'bonus_lists': [6716, 7194, 1487]}"
1199527447,LONG,,1,850000,,"{'id': 173249, 'context': 63, 'bonus_lists': [6716, 7193, 1487]}"
1199527454,LONG,,1,850000,,"{'id': 173249, 'context': 63, 'bonus_lists': [6716, 7193, 1487]}"
1199527457,LONG,,1,850000,,"{'id': 173249, 'context': 63, 'bonus_lists': [6716, 7194, 1487]}"
1199527461,LONG,,1,850000,,"{'id': 173249, 'context': 63, 'bonus_lists': [6716, 7194, 1487]}"
1199527466,LONG,,1,850000,,"{'id': 173249, 'context': 63, 'bonus_lists': [6716, 7193, 1487]}"
1199529405,LONG,4500,18,,,{'id': 2589}
1199529518,LONG,9500,4,,,{'id': 173032}
1199529603,LONG,,1,33330300,,"{'id': 6511, 'context': 0, 'bonus_lists': [6654], 'modifiers': [{'type': 9, 'value': 25}, {'type': 28, 'value': 6}]}"
1199529618,LONG,50000,4,,,{'id': 6889}
1199529629,LONG,10000,7,,,{'id': 2673}
1199529642,LONG,,1,1322400,,"{'id': 10176, 'context': 0, 'bonus_lists': [1678]}"
1199529663,LONG,,1,6443300,,"{'id': 8180, 'context': 0, 'bonus_lists': [6655], 'modifiers': [{'type': 9, 'value': 23}, {'type': 28, 'value': 6}]}"
1199529673,LONG,2800000,4,,,{'id': 172411}
1199529686,LONG,557500,1,,,{'id': 172416}
1199529696,LONG,,1,9771100,,"{'id': 82800, 'context': 0, 'modifiers': [{'type': 6, 'value': 48057}], 'pet_breed_id': 20, 'pet_level': 1, 'pet_quality_id': 3, 'pet_species_id': 1213}"
1199529707,LONG,2654000,6,,,{'id': 172412}
1199529728,LONG,60000,68,,,{'id': 2318}
1199529778,LONG,2800,1,,,{'id': 12184}
1199529802,LONG,700,3,,,{'id': 3173}
1199529827,LONG,169500,4,,,{'id': 177716}
1199529849,LONG,,1,90900,,"{'id': 2632, 'context': 0, 'modifiers': [{'type': 28, 'value': 6}]}"
1199529862,LONG,220000,16,,,{'id': 172089}
1199531138,LONG,550000,17,,,{'id': 171315}
1199531357,LONG,1100000,2,,,{'id': 177715}
1199531366,LONG,5000,6,,,{'id': 171264}
1199531372,LONG,54000,15,,,{'id': 171370}
1199531387,LONG,30000,2,,,{'id': 171263}
1199531396,LONG,54000,8,,,{'id': 171370}
1199531407,LONG,5600,3,,,{'id': 176087}
1199531444,LONG,3000000,3,,,{'id': 171266}
1199531490,LONG,,1,770900,,"{'id': 727, 'context': 0, 'modifiers': [{'type': 28, 'value': 73}]}"
1199531974,LONG,,1,99990000,,"{'id': 176772, 'context': 0, 'bonus_lists': [6907, 6652, 1677], 'modifiers': [{'type': 9, 'value': 51}, {'type': 28, 'value': 1318}]}"
1199531975,LONG,,1,99990000,,"{'id': 175566, 'context': 0, 'bonus_lists': [6907, 1682], 'modifiers': [{'type': 9, 'value': 51}, {'type': 28, 'value': 1707}]}"
1199531977,LONG,,1,299990000,,"{'id': 182560, 'context': 0, 'bonus_lists': [6907, 6652, 1699], 'modifiers': [{'type': 9, 'value': 53}, {'type': 28, 'value': 1324}]}"
1199531980,LONG,,1,99990000,,"{'id': 175554, 'context': 0, 'bonus_lists': [6907, 1708], 'modifiers': [{'type': 9, 'value': 52}, {'type': 28, 'value': 1707}]}"
1199531984,LONG,,1,199990000,,"{'id': 176981, 'context': 0, 'bonus_lists': [6907, 6652, 1694], 'modifiers': [{'type': 9, 'value': 53}, {'type': 28, 'value': 1325}]}"
1199531986,LONG,,1,299988900,,"{'id': 182558, 'context': 0, 'bonus_lists': [6907, 6652, 1679], 'modifiers': [{'type': 9, 'value': 53}, {'type': 28, 'value': 1324}]}"
1199534282,LONG,46900,8,,,{'id': 152497}
1199534938,LONG,,1,40000000,,"{'id': 82800, 'context': 0, 'modifiers': [{'type': 6, 'value': 45880}], 'pet_breed_id': 6, 'pet_level': 1, 'pet_quality_id': 3, 'pet_species_id': 211}"
1199534940,LONG,,1,40000000,,"{'id': 82800, 'context': 0, 'modifiers': [{'type': 6, 'value': 45880}], 'pet_breed_id': 6, 'pet_level': 1, 'pet_quality_id': 3, 'pet_species_id': 211}"
1199537265,LONG,10100,11,,,{'id': 151566}
1199537311,LONG,509900,6,,,{'id': 151722}
1199537324,LONG,259800,4,,,{'id': 151721}
1199537364,LONG,800000,8,,,{'id': 151718}
1199537391,LONG,809900,19,,,{'id': 130180}
1199537415,LONG,750000,39,,,{'id': 130179}
1199537433,LONG,250000,26,,,{'id': 130178}
1199537455,LONG,,1,800000000,,"{'id': 178926, 'context': 66, 'bonus_lists': [6758, 7193, 1532]}"
1199537458,LONG,259900,8,,,{'id': 130176}
1199537474,LONG,119900,26,,,{'id': 130172}
1199537544,LONG,800000,4,,,{'id': 130181}
1199537620,LONG,109900,27,,,{'id': 130182}
1199537633,LONG,809700,19,,,{'id': 130183}
1199537787,LONG,110000,4,,,{'id': 151579}
1199540202,LONG,,1,199878400,199870000,"{'id': 172924, 'context': 13}"
1199540271,LONG,25600,141,,,{'id': 151564}
1199540291,LONG,50000,132,,,{'id': 124444}
1199540364,LONG,,1,1000000000,,"{'id': 184796, 'context': 0, 'bonus_lists': [6652, 1472, 6646], 'modifiers': [{'type': 28, 'value': 1707}]}"
1199540380,LONG,,1,79908500,,"{'id': 171417, 'context': 63, 'bonus_lists': [6716, 1487]}"
1199540393,LONG,219900,1,,,{'id': 171267}
1199540500,LONG,,1,436000000,,"{'id': 82800, 'context': 0, 'modifiers': [{'type': 6, 'value': 95144}], 'pet_breed_id': 14, 'pet_level': 1, 'pet_quality_id': 3, 'pet_species_id': 2846}"
1199540502,LONG,,1,74056500,,"{'id': 94067, 'context': 0, 'bonus_lists': [1678], 'modifiers': [{'type': 28, 'value': 1035}]}"
1199540507,LONG,,1,140000000,,"{'id': 82800, 'context': 0, 'modifiers': [{'type': 6, 'value': 51268}], 'pet_breed_id': 4, 'pet_level': 1, 'pet_quality_id': 3, 'pet_species_id': 1322}"
1199540511,LONG,,1,65385800,,"{'id': 87487, 'context': 6, 'bonus_lists': [6655], 'modifiers': [{'type': 9, 'value': 35}, {'type': 28, 'value': 2012}]}"
1199540514,LONG,,1,60000000,,"{'id': 82800, 'context': 0, 'modifiers': [{'type': 6, 'value': 87895}], 'pet_breed_id': 16, 'pet_level': 1, 'pet_quality_id': 3, 'pet_species_id': 2436}"
1199540518,LONG,,1,60000000,,"{'id': 82800, 'context': 0, 'modifiers': [{'type': 6, 'value': 87895}], 'pet_breed_id': 16, 'pet_level': 1, 'pet_quality_id': 3, 'pet_species_id': 2436}"
1199540520,LONG,,1,958400,,"{'id': 82254, 'context': 6, 'bonus_lists': [6654, 1680], 'modifiers': [{'type': 9, 'value': 35}, {'type': 28, 'value': 2012}]}"
1199540523,LONG,,1,55758000,,"{'id': 82800, 'context': 0, 'modifiers': [{'type': 6, 'value': 87903}], 'pet_breed_id': 3, 'pet_level': 1, 'pet_quality_id': 3, 'pet_species_id': 2437}"
1199540526,LONG,,1,55758000,,"{'id': 82800, 'context': 0, 'modifiers': [{'type': 6, 'value': 87903}], 'pet_breed_id': 5, 'pet_level': 1, 'pet_quality_id': 3, 'pet_species_id': 2437}"
1199540529,LONG,,1,16941300,,"{'id': 82800, 'context': 0, 'modifiers': [{'type': 6, 'value': 90155}], 'pet_breed_id': 8, 'pet_level': 1, 'pet_quality_id': 3, 'pet_species_id': 2544}"
1199540540,LONG,,1,9771100,,"{'id': 82800, 'context': 0, 'modifiers': [{'type': 6, 'value': 48057}], 'pet_breed_id': 15, 'pet_level': 1, 'pet_quality_id': 3, 'pet_species_id': 1213}"
1199540544,LONG,,1,7300000,,"{'id': 82800, 'context': 0, 'modifiers': [{'type': 6, 'value': 71972}], 'pet_breed_id': 8, 'pet_level': 1, 'pet_quality_id': 3, 'pet_species_id': 2091}"
1199540546,LONG,,1,94490700,,"{'id': 82800, 'context': 0, 'modifiers': [{'type': 6, 'value': 46174}], 'pet_breed_id': 8, 'pet_level': 1, 'pet_quality_id': 3, 'pet_species_id': 1063}"
1199540547,LONG,,1,44400000,,"{'id': 82800, 'context': 0, 'modifiers': [{'type': 6, 'value': 99869}], 'pet_breed_id': 9, 'pet_level': 1, 'pet_quality_id': 2, 'pet_species_id': 3027}"
1199540550,LONG,,1,52306200,,"{'id': 94029, 'context': 0, 'bonus_lists': [1685], 'modifiers': [{'type': 28, 'value': 1035}]}"
1199540556,LONG,,1,136516800,,"{'id': 82800, 'context': 0, 'modifiers': [{'type': 6, 'value': 99855}], 'pet_breed_id': 6, 'pet_level': 1, 'pet_quality_id': 2, 'pet_species_id': 2931}"
1199540557,LONG,,1,1634100,,"{'id': 82800, 'context': 0, 'modifiers': [{'type': 6, 'value': 63446}], 'pet_breed_id': 14, 'pet_level': 1, 'pet_quality_id': 3, 'pet_species_id': 1662}"
1199540560,LONG,,1,1634100,,"{'id': 82800, 'context': 0, 'modifiers': [{'type': 6, 'value': 63446}], 'pet_breed_id': 14, 'pet_level': 1, 'pet_quality_id': 3, 'pet_species_id': 1662}"
1199540561,LONG,,1,108600,,"{'id': 171208, 'context': 0}"
1199540564,LONG,,1,3299700,,"{'id': 82800, 'context': 0, 'modifiers': [{'type': 6, 'value': 60819}], 'pet_breed_id': 15, 'pet_level': 1, 'pet_quality_id': 3, 'pet_species_id': 1566}"
1199540566,LONG,,1,1112800,,"{'id': 82280, 'context': 6, 'bonus_lists': [6654, 1701], 'modifiers': [{'type': 9, 'value': 35}, {'type': 28, 'value': 1036}]}"
1199540568,LONG,,1,19999700,,"{'id': 82800, 'context': 0, 'modifiers': [{'type': 6, 'value': 98457}], 'pet_breed_id': 5, 'pet_level': 1, 'pet_quality_id': 2, 'pet_species_id': 3020}"
1199540570,LONG,,1,24499900,,"{'id': 72001, 'context': 0, 'modifiers': [{'type': 28, 'value': 1030}]}"
1199540572,LONG,80000,2,,,{'id': 21881}
1199540574,LONG,,1,99999900,,"{'id': 82800, 'context': 0, 'modifiers': [{'type': 6, 'value': 99868}], 'pet_breed_id': 7, 'pet_level': 1, 'pet_quality_id': 2, 'pet_species_id': 3026}"
1199540630,LONG,199900,3,,,{'id': 180318}
1199540801,LONG,,1,340000000,,"{'id': 183013, 'context': 4, 'bonus_lists': [7186, 6652, 1459, 6646], 'modifiers': [{'type': 28, 'value': 750}]}"
1199540883,LONG,,1,19999100,,"{'id': 82800, 'context': 0, 'modifiers': [{'type': 6, 'value': 95152}], 'pet_breed_id': 3, 'pet_level': 1, 'pet_quality_id': 3, 'pet_species_id': 2796}"
1199540900,LONG,,1,47257000,,"{'id': 82800, 'context': 0, 'modifiers': [{'type': 6, 'value': 87999}], 'pet_breed_id': 7, 'pet_level': 1, 'pet_quality_id': 3, 'pet_species_id': 2445}"
1199540905,LONG,,1,8191400,,"{'id': 82800, 'context': 0, 'modifiers': [{'type': 6, 'value': 20027}], 'pet_breed_id': 18, 'pet_level': 1, 'pet_quality_id': 2, 'pet_species_id': 143}"
1199540916,LONG,,1,360000,,"{'id': 82800, 'context': 0, 'modifiers': [{'type': 6, 'value': 6190}], 'pet_breed_id': 15, 'pet_level': 1, 'pet_quality_id': 2, 'pet_species_id': 51}"
1199540932,LONG,,1,30009000,,"{'id': 82800, 'context': 0, 'modifiers': [{'type': 6, 'value': 94706}], 'pet_breed_id': 6, 'pet_level': 1, 'pet_quality_id': 3, 'pet_species_id': 2833}"
1199540997,LONG,,1,274300,,"{'id': 82800, 'context': 0, 'modifiers': [{'type': 6, 'value': 90184}], 'pet_breed_id': 9, 'pet_level': 1, 'pet_quality_id': 3, 'pet_species_id': 2561}"
1199541031,LONG,,1,4000600,,"{'id': 82800, 'context': 0, 'modifiers': [{'type': 6, 'value': 94711}], 'pet_breed_id': 5, 'pet_level': 1, 'pet_quality_id': 3, 'pet_species_id': 2838}"
1199541034,LONG,,1,4000600,,"{'id': 82800, 'context': 0, 'modifiers': [{'type': 6, 'value': 94711}], 'pet_breed_id': 5, 'pet_level': 1, 'pet_quality_id': 3, 'pet_species_id': 2838}"
1199541078,LONG,,1,950000,,"{'id': 82800, 'context': 0, 'modifiers': [{'type': 6, 'value': 46921}], 'pet_breed_id': 7, 'pet_level': 1, 'pet_quality_id': 3, 'pet_species_id': 1146}"
1199541082,LONG,,1,950000,,"{'id': 82800, 'context': 0, 'modifiers': [{'type': 6, 'value': 46921}], 'pet_breed_id': 7, 'pet_level': 1, 'pet_quality_id': 3, 'pet_species_id': 1146}"
1199543101,LONG,,1,25281000,,"{'id': 82800, 'context': 0, 'modifiers': [{'type': 6, 'value': 91810}], 'pet_breed_id': 18, 'pet_level': 1, 'pet_quality_id': 3, 'pet_species_id': 2835}"
1199543149,LONG,,1,887000,,"{'id': 82800, 'context': 0, 'modifiers': [{'type': 6, 'value': 48213}], 'pet_breed_id': 17, 'pet_level': 1, 'pet_quality_id': 3, 'pet_species_id': 1205}"
1199543157,LONG,,1,12003800,,"{'id': 82800, 'context': 0, 'modifiers': [{'type': 6, 'value': 64222}], 'pet_breed_id': 8, 'pet_level': 1, 'pet_quality_id': 3, 'pet_species_id': 1688}"
1199543163,LONG,,1,19990000,,"{'id': 82800, 'context': 0, 'modifiers': [{'type': 6, 'value': 94713}], 'pet_breed_id': 14, 'pet_level': 1, 'pet_quality_id': 3, 'pet_species_id': 2840}"
1199543174,LONG,,1,504700,,"{'id': 82800, 'context': 0, 'modifiers': [{'type': 6, 'value': 95172}], 'pet_breed_id': 13, 'pet_level': 1, 'pet_quality_id': 3, 'pet_species_id': 2843}"
1199543176,LONG,,1,504700,,"{'id': 82800, 'context': 0, 'modifiers': [{'type': 6, 'value': 95172}], 'pet_breed_id': 13, 'pet_level': 1, 'pet_quality_id': 3, 'pet_species_id': 2843}"
1199543183,LONG,,1,3005900,,"{'id': 82800, 'context': 0, 'modifiers': [{'type': 6, 'value': 94166}], 'pet_breed_id': 18, 'pet_level': 1, 'pet_quality_id': 3, 'pet_species_id': 2797}"
1199543198,LONG,,1,13080600,,"{'id': 82800, 'context': 0, 'modifiers': [{'type': 6, 'value': 73671}], 'pet_breed_id': 4, 'pet_level': 1, 'pet_quality_id': 3, 'pet_species_id': 1955}"
1199543202,LONG,,1,1500000,,"{'id': 82800, 'context': 0, 'modifiers': [{'type': 6, 'value': 28215}], 'pet_breed_id': 18, 'pet_level': 1, 'pet_quality_id': 2, 'pet_species_id': 195}"
1199543209,LONG,,1,505900,,"{'id': 82800, 'context': 0, 'modifiers': [{'type': 6, 'value': 95171}], 'pet_breed_id': 4, 'pet_level': 1, 'pet_quality_id': 3, 'pet_species_id': 2842}"
1199543302,LONG,100008800,1,,,{'id': 19275}
1199543450,LONG,200000,3,,,{'id': 3818}
1199543575,LONG,1200000,1,,,{'id': 4235}
1199543608,LONG,177000,4,,,{'id': 4234}
1199543714,LONG,50000,6,,,{'id': 3820}
1199543857,LONG,,1,5119800,,"{'id': 82800, 'context': 0, 'modifiers': [{'type': 6, 'value': 22776}], 'pet_breed_id': 3, 'pet_level': 1, 'pet_quality_id': 2, 'pet_species_id': 191}"
1199543862,LONG,,1,6464000,,"{'id': 82800, 'context': 0, 'modifiers': [{'type': 6, 'value': 5586}], 'pet_breed_id': 4, 'pet_level': 1, 'pet_quality_id': 2, 'pet_species_id': 41}"
1199543868,LONG,,1,1669000,,"{'id': 82800, 'context': 0, 'modifiers': [{'type': 6, 'value': 6299}], 'pet_breed_id': 8, 'pet_level': 1, 'pet_quality_id': 2, 'pet_species_id': 67}"
1199543886,LONG,,1,499900,,"{'id': 82800, 'context': 0, 'modifiers': [{'type': 6, 'value': 29809}], 'pet_breed_id': 6, 'pet_level': 1, 'pet_quality_id': 2, 'pet_species_id': 236}"
1199543896,LONG,,1,14883200,,"{'id': 82800, 'context': 0, 'modifiers': [{'type': 6, 'value': 7937}], 'pet_breed_id': 11, 'pet_level': 1, 'pet_quality_id': 2, 'pet_species_id': 39}"
1199543907,LONG,,1,13000000,,"{'id': 82800, 'context': 0, 'modifiers': [{'type': 6, 'value': 40521}], 'pet_breed_id': 16, 'pet_level': 1, 'pet_quality_id': 2, 'pet_species_id': 1040}"
1199543931,LONG,,1,5005000,,"{'id': 82800, 'context': 0, 'modifiers': [{'type': 6, 'value': 79707}], 'pet_breed_id': 21, 'pet_level': 1, 'pet_quality_id': 3, 'pet_species_id': 2086}"
1199543941,LONG,,1,21969800,,"{'id': 82800, 'context': 0, 'modifiers': [{'type': 6, 'value': 95174}], 'pet_breed_id': 7, 'pet_level': 1, 'pet_quality_id': 3, 'pet_species_id': 2834}"
1199543976,LONG,78700,6,,,{'id': 173110}
1199543995,LONG,262700,9,,,{'id': 171830}
1199543999,LONG,184400,3,,,{'id': 171831}
1199544013,LONG,5000,2,,,{'id': 108996}
1199544072,LONG,,1,177994000,,"{'id': 118798, 'context': 0, 'bonus_lists': [6659], 'modifiers': [{'type': 9, 'value': 40}, {'type': 28, 'value': 66}]}"
1199546117,LONG,,1,150000000,,"{'id': 177800, 'context': 0, 'bonus_lists': [6908, 6652, 1688], 'modifiers': [{'type': 9, 'value': 50}, {'type': 28, 'value': 746}]}"
1199546154,LONG,390000,1,,,{'id': 41808}
1199546171,LONG,,1,7996300,,"{'id': 55822, 'context': 2, 'bonus_lists': [4198], 'modifiers': [{'type': 9, 'value': 35}, {'type': 28, 'value': 1115}]}"
1199546174,LONG,7500,8,,,{'id': 173032}
1199546193,LONG,,1,17996000,,"{'id': 175558, 'context': 0, 'bonus_lists': [6907, 1682], 'modifiers': [{'type': 9, 'value': 50}, {'type': 28, 'value': 1707}]}"
1199546206,LONG,,1,475206600,,"{'id': 160141, 'context': 0, 'bonus_lists': [6654, 1704], 'modifiers': [{'type': 9, 'value': 50}, {'type': 28, 'value': 1228}]}"
1199546221,LONG,,1,17995600,,"{'id': 66965, 'context': 36, 'bonus_lists': [4760], 'modifiers': [{'type': 9, 'value': 50}]}"
1199546232,LONG,10000000,1,,,{'id': 124661}
1199546237,LONG,,1,158853300,79426700,"{'id': 14920, 'context': 1, 'bonus_lists': [6654, 1680], 'modifiers': [{'type': 9, 'value': 30}, {'type': 28, 'value': 218}]}"
1199546260,LONG,,1,44902400,42657300,"{'id': 6386, 'context': 1, 'bonus_lists': [6654], 'modifiers': [{'type': 9, 'value': 30}, {'type': 28, 'value': 211}]}"
1199546285,LONG,,1,312966800,156483400,"{'id': 119340, 'context': 6, 'bonus_lists': [567]}"
1199546306,LONG,1000,1,,,{'id': 12202}
1199546400,LONG,3000,1,,,{'id': 5465}
1199546545,LONG,858800,1317,,,{'id': 172094}
1199546594,LONG,,1,4200006900,,"{'id': 72146, 'context': 14, 'modifiers': [{'type': 28, 'value': 378}]}"
1199546627,LONG,,1,233000000,,"{'id': 82800, 'context': 0, 'modifiers': [{'type': 6, 'value': 95582}], 'pet_breed_id': 8, 'pet_level': 1, 'pet_quality_id': 2, 'pet_species_id': 2914}"
1199546667,LONG,,1,85570900,80436600,"{'id': 82800, 'context': 0, 'modifiers': [{'type': 6, 'value': 65713}], 'pet_breed_id': 5, 'pet_level': 1, 'pet_quality_id': 3, 'pet_species_id': 1764}"
1199546698,LONG,,1,890000100,,"{'id': 74610, 'context': 14, 'modifiers': [{'type': 28, 'value': 884}]}"
1199546708,LONG,,1,164811400,,"{'id': 82800, 'context': 0, 'modifiers': [{'type': 6, 'value': 6192}], 'pet_breed_id': 3, 'pet_level': 1, 'pet_quality_id': 3, 'pet_species_id': 49}"
1199546730,LONG,,1,35000000,32900000,"{'id': 82800, 'context': 0, 'modifiers': [{'type': 6, 'value': 99896}], 'pet_breed_id': 4, 'pet_level': 1, 'pet_quality_id': 2, 'pet_species_id': 2921}"
1199546746,LONG,,1,150000000,,"{'id': 82800, 'context': 0, 'modifiers': [{'type': 6, 'value': 6290}], 'pet_breed_id': 18, 'pet_level': 1, 'pet_quality_id': 3, 'pet_species_id': 58}"
1199546764,LONG,,1,30008200,,"{'id': 59901, 'context': 0, 'modifiers': [{'type': 28, 'value': 1027}]}"
1199546825,LONG,,1,71677600,68093700,"{'id': 1169, 'context': 1, 'bonus_lists': [6661], 'modifiers': [{'type': 9, 'value': 30}, {'type': 28, 'value': 214}]}"
1199546843,LONG,28999900,1,,,{'id': 180404}
1199546869,LONG,45600,21,,,{'id': 183823}
1199546877,LONG,10000,1,,,{'id': 109222}
1199546895,LONG,54000,11,,,{'id': 171370}
1199546899,LONG,999900,4659,,,{'id': 172053}
1199546918,LONG,980000,13,,,{'id': 138728}
1199546967,LONG,1000,4,,,{'id': 174353}
1199546993,LONG,6000000,4,,,{'id': 177962}
1199547012,LONG,1500000,1,,,{'id': 172439}
1199547019,LONG,10022600,1,,,{'id': 136636}
1199547081,LONG,,1,140000000,,"{'id': 183425, 'context': 28, 'bonus_lists': [6652, 1520, 5891, 6646]}"
1199548654,LONG,,1,21595600,,"{'id': 41780, 'context': 0, 'modifiers': [{'type': 28, 'value': 1023}]}"
1199548688,LONG,,1,45007600,,"{'id': 15743, 'context': 0}"
1199548707,LONG,,1,1149985400,,"{'id': 22739, 'context': 0}"
1199548767,LONG,,1,25402700,,"{'id': 10320, 'context': 0}"
1199548805,LONG,,1,4999900,,"{'id': 71953, 'context': 0}"
1199548806,LONG,,1,4999900,,"{'id': 71953, 'context': 0}"
1199548809,LONG,,1,4999900,,"{'id': 71953, 'context': 0}"
1199548810,LONG,,1,4999900,,"{'id': 71953, 'context': 0}"
1199548813,LONG,,1,4999900,,"{'id': 71953, 'context': 0}"
1199548815,LONG,,1,4999900,,"{'id': 71953, 'context': 0}"
1199548865,LONG,,1,34004600,,"{'id': 14467, 'context': 0}"
1199548880,LONG,,1,7000000,,"{'id': 9295, 'context': 0}"
1199548892,LONG,,1,499900,,"{'id': 16251, 'context': 0, 'modifiers': [{'type': 28, 'value': 1004}]}"
1199548909,LONG,,1,499900,,"{'id': 12697, 'context': 0}"
1199548923,LONG,1260000,5,,,{'id': 104316}
1199548936,LONG,5900000,1,,,{'id': 11382}
1199548977,LONG,4007600,13,,,{'id': 76080}
1199548999,LONG,,1,24000100,,"{'id': 23477, 'context': 0}"
1199549017,LONG,,1,350008400,,"{'id': 118378, 'context': 0}"
1199549042,LONG,,1,480008300,,"{'id': 118334, 'context': 0}"
1199549051,LONG,,1,5000000,,"{'id': 7989, 'context': 0}"
1199549073,LONG,,1,7000000,,"{'id': 9295, 'context': 0}"
1199549081,LONG,7493300,1,,,{'id': 58488}
1199551107,LONG,,1,41003800,,"{'id': 7993, 'context': 0}"
1199551139,LONG,,1,750000000,,"{'id': 184793, 'context': 0, 'bonus_lists': [6652, 1472, 6646], 'modifiers': [{'type': 28, 'value': 2060}]}"
1199551145,LONG,245000,2,,,{'id': 109152}
1199551152,LONG,240000,4,,,{'id': 76075}
1199551176,LONG,,1,4899900,,"{'id': 8387, 'context': 0}"
1199551186,LONG,,1,7490000,,"{'id': 47632, 'context': 0}"
1199551224,LONG,390000,10,,,{'id': 76090}
1199551292,LONG,39000,2,,,{'id': 52178}
1199552101,LONG,,1,700000,,"{'id': 172239, 'context': 13, 'bonus_lists': [6890], 'modifiers': [{'type': 9, 'value': 60}, {'type': 28, 'value': 391}, {'type': 29, 'value': 40}, {'type': 30, 'value': 36}]}"
1199552102,LONG,,1,700000,,"{'id': 172239, 'context': 13, 'bonus_lists': [6890], 'modifiers': [{'type': 9, 'value': 60}, {'type': 28, 'value': 391}, {'type': 29, 'value': 32}, {'type': 30, 'value': 40}]}"
1199552104,LONG,,1,700000,,"{'id': 172239, 'context': 13, 'bonus_lists': [6890], 'modifiers': [{'type': 9, 'value': 60}, {'type': 28, 'value': 391}, {'type': 29, 'value': 40}, {'type': 30, 'value': 36}]}"
1199552105,LONG,,1,700000,,"{'id': 172239, 'context': 13, 'bonus_lists': [6890], 'modifiers': [{'type': 9, 'value': 60}, {'type': 28, 'value': 391}, {'type': 29, 'value': 32}, {'type': 30, 'value': 49}]}"
1199552108,LONG,,1,700000,,"{'id': 172239, 'context': 13, 'bonus_lists': [6890], 'modifiers': [{'type': 9, 'value': 60}, {'type': 28, 'value': 391}, {'type': 29, 'value': 40}, {'type': 30, 'value': 32}]}"
1199552110,LONG,,1,700000,,"{'id': 172239, 'context': 13, 'bonus_lists': [6890], 'modifiers': [{'type': 9, 'value': 60}, {'type': 28, 'value': 391}, {'type': 29, 'value': 40}, {'type': 30, 'value': 49}]}"
1199552111,LONG,,1,700000,,"{'id': 172239, 'context': 13, 'bonus_lists': [6890], 'modifiers': [{'type': 9, 'value': 60}, {'type': 28, 'value': 391}, {'type': 29, 'value': 36}, {'type': 30, 'value': 49}]}"
1199552112,LONG,,1,700000,,"{'id': 172239, 'context': 13, 'bonus_lists': [6890], 'modifiers': [{'type': 9, 'value': 60}, {'type': 28, 'value': 391}, {'type': 29, 'value': 49}, {'type': 30, 'value': 32}]}"
1199552113,LONG,,1,700000,,"{'id': 172239, 'context': 13, 'bonus_lists': [6890], 'modifiers': [{'type': 9, 'value': 60}, {'type': 28, 'value': 391}, {'type': 29, 'value': 36}, {'type': 30, 'value': 40}]}"
1199552115,LONG,,1,700000,,"{'id': 172239, 'context': 13, 'bonus_lists': [6890], 'modifiers': [{'type': 9, 'value': 60}, {'type': 28, 'value': 391}, {'type': 29, 'value': 32}, {'type': 30, 'value': 40}]}"
1199552117,LONG,,1,700000,,"{'id': 172239, 'context': 13, 'bonus_lists': [6890], 'modifiers': [{'type': 9, 'value': 60}, {'type': 28, 'value': 391}, {'type': 29, 'value': 40}, {'type': 30, 'value': 49}]}"
1199552119,LONG,,1,700000,,"{'id': 172239, 'context': 13, 'bonus_lists': [6890], 'modifiers': [{'type': 9, 'value': 60}, {'type': 28, 'value': 391}, {'type': 29, 'value': 49}, {'type': 30, 'value': 40}]}"
1199552121,LONG,,1,700000,,"{'id': 172239, 'context': 13, 'bonus_lists': [6890], 'modifiers': [{'type': 9, 'value': 60}, {'type': 28, 'value': 391}, {'type': 29, 'value': 36}, {'type': 30, 'value': 40}]}"
1199552122,LONG,,1,700000,,"{'id': 172239, 'context': 13, 'bonus_lists': [6890], 'modifiers': [{'type': 9, 'value': 60}, {'type': 28, 'value': 391}, {'type': 29, 'value': 49}, {'type': 30, 'value': 36}]}"
1199552123,LONG,,1,700000,,"{'id': 172239, 'context': 13, 'bonus_lists': [6890], 'modifiers': [{'type': 9, 'value': 60}, {'type': 28, 'value': 391}, {'type': 29, 'value': 32}, {'type': 30, 'value': 49}]}"
1199552126,LONG,,1,700000,,"{'id': 172239, 'context': 13, 'bonus_lists': [6890], 'modifiers': [{'type': 9, 'value': 60}, {'type': 28, 'value': 391}, {'type': 29, 'value': 32}, {'type': 30, 'value': 49}]}"
1199552128,LONG,,1,700000,,"{'id': 172239, 'context': 13, 'bonus_lists': [6890], 'modifiers': [{'type': 9, 'value': 60}, {'type': 28, 'value': 391}, {'type': 29, 'value': 36}, {'type': 30, 'value': 32}]}"
1199552132,LONG,,1,700000,,"{'id': 172239, 'context': 13, 'bonus_lists': [6890], 'modifiers': [{'type': 9, 'value': 60}, {'type': 28, 'value': 391}, {'type': 29, 'value': 40}, {'type': 30, 'value': 36}]}"
1199552134,LONG,,1,700000,,"{'id': 172239, 'context': 13, 'bonus_lists': [6890], 'modifiers': [{'type': 9, 'value': 60}, {'type': 28, 'value': 391}, {'type': 29, 'value': 49}, {'type': 30, 'value': 40}]}"
1199552138,LONG,,1,700000,,"{'id': 172239, 'context': 13, 'bonus_lists': [6890], 'modifiers': [{'type': 9, 'value': 60}, {'type': 28, 'value': 391}, {'type': 29, 'value': 36}, {'type': 30, 'value': 32}]}"
1199552140,LONG,,1,700000,,"{'id': 172239, 'context': 13, 'bonus_lists': [6890], 'modifiers': [{'type': 9, 'value': 60}, {'type': 28, 'value': 391}, {'type': 29, 'value': 36}, {'type': 30, 'value': 32}]}"
1199552142,LONG,,1,700000,,"{'id': 172239, 'context': 13, 'bonus_lists': [6890], 'modifiers': [{'type': 9, 'value': 60}, {'type': 28, 'value': 391}, {'type': 29, 'value': 49}, {'type': 30, 'value': 36}]}"
1199552143,LONG,,1,700000,,"{'id': 172239, 'context': 13, 'bonus_lists': [6890], 'modifiers': [{'type': 9, 'value': 60}, {'type': 28, 'value': 391}, {'type': 29, 'value': 40}, {'type': 30, 'value': 32}]}"
1199552145,LONG,,1,700000,,"{'id': 172239, 'context': 13, 'bonus_lists': [6890], 'modifiers': [{'type': 9, 'value': 60}, {'type': 28, 'value': 391}, {'type': 29, 'value': 36}, {'type': 30, 'value': 32}]}"
1199552146,LONG,,1,700000,,"{'id': 172239, 'context': 13, 'bonus_lists': [6890], 'modifiers': [{'type': 9, 'value': 60}, {'type': 28, 'value': 391}, {'type': 29, 'value': 32}, {'type': 30, 'value': 36}]}"
1199552148,LONG,,1,700000,,"{'id': 172239, 'context': 13, 'bonus_lists': [6890], 'modifiers': [{'type': 9, 'value': 60}, {'type': 28, 'value': 391}, {'type': 29, 'value': 32}, {'type': 30, 'value': 49}]}"
1199552149,LONG,,1,700000,,"{'id': 172239, 'context': 13, 'bonus_lists': [6890], 'modifiers': [{'type': 9, 'value': 60}, {'type': 28, 'value': 391}, {'type': 29, 'value': 36}, {'type': 30, 'value': 40}]}"
1199552150,LONG,,1,700000,,"{'id': 172239, 'context': 13, 'bonus_lists': [6890], 'modifiers': [{'type': 9, 'value': 60}, {'type': 28, 'value': 391}, {'type': 29, 'value': 36}, {'type': 30, 'value': 49}]}"
1199552151,LONG,,1,700000,,"{'id': 172239, 'context': 13, 'bonus_lists': [6890], 'modifiers': [{'type': 9, 'value': 60}, {'type': 28, 'value': 391}, {'type': 29, 'value': 40}, {'type': 30, 'value': 32}]}"
1199552153,LONG,,1,700000,,"{'id': 172239, 'context': 13, 'bonus_lists': [6890], 'modifiers': [{'type': 9, 'value': 60}, {'type': 28, 'value': 391}, {'type': 29, 'value': 40}, {'type': 30, 'value': 36}]}"
1199552154,LONG,,1,700000,,"{'id': 172239, 'context': 13, 'bonus_lists': [6890], 'modifiers': [{'type': 9, 'value': 60}, {'type': 28, 'value': 391}, {'type': 29, 'value': 36}, {'type': 30, 'value': 32}]}"
1199552157,LONG,,1,700000,,"{'id': 172239, 'context': 13, 'bonus_lists': [6890], 'modifiers': [{'type': 9, 'value': 60}, {'type': 28, 'value': 391}, {'type': 29, 'value': 32}, {'type': 30, 'value': 40}]}"
1199552161,LONG,,1,700000,,"{'id': 172239, 'context': 13, 'bonus_lists': [6890], 'modifiers': [{'type': 9, 'value': 60}, {'type': 28, 'value': 391}, {'type': 29, 'value': 36}, {'type': 30, 'value': 32}]}"
1199552162,LONG,,1,700000,,"{'id': 172239, 'context': 13, 'bonus_lists': [6890], 'modifiers': [{'type': 9, 'value': 60}, {'type': 28, 'value': 391}, {'type': 29, 'value': 36}, {'type': 30, 'value': 32}]}"
1199552164,LONG,,1,700000,,"{'id': 172239, 'context': 13, 'bonus_lists': [6890], 'modifiers': [{'type': 9, 'value': 60}, {'type': 28, 'value': 391}, {'type': 29, 'value': 40}, {'type': 30, 'value': 36}]}"
1199552165,LONG,,1,700000,,"{'id': 172239, 'context': 13, 'bonus_lists': [6890], 'modifiers': [{'type': 9, 'value': 60}, {'type': 28, 'value': 391}, {'type': 29, 'value': 36}, {'type': 30, 'value': 40}]}"
1199552204,LONG,,1,1200000,,"{'id': 172262, 'context': 13, 'bonus_lists': [6893], 'modifiers': [{'type': 9, 'value': 60}, {'type': 28, 'value': 391}, {'type': 29, 'value': 36}, {'type': 30, 'value': 49}]}"
1199552205,LONG,,1,1200000,,"{'id': 172262, 'context': 13, 'bonus_lists': [6893], 'modifiers': [{'type': 9, 'value': 60}, {'type': 28, 'value': 391}, {'type': 29, 'value': 32}, {'type': 30, 'value': 40}]}"
1199552211,LONG,11600,12,,,{'id': 130905}
1199552227,LONG,80000,5,,,{'id': 71805}
1199552262,LONG,,1,4500000,,"{'id': 172251, 'context': 13, 'bonus_lists': [6893], 'modifiers': [{'type': 9, 'value': 60}, {'type': 28, 'value': 391}, {'type': 29, 'value': 40}, {'type': 30, 'value': 36}]}"
1199552264,LONG,,1,4500000,,"{'id': 172251, 'context': 13, 'bonus_lists': [6893], 'modifiers': [{'type': 9, 'value': 60}, {'type': 28, 'value': 391}, {'type': 29, 'value': 40}, {'type': 30, 'value': 49}]}"
1199552267,LONG,,1,4500000,,"{'id': 172251, 'context': 13, 'bonus_lists': [6893], 'modifiers': [{'type': 9, 'value': 60}, {'type': 28, 'value': 391}, {'type': 29, 'value': 32}, {'type': 30, 'value': 36}]}"
1199552271,LONG,499900,2,,,{'id': 71806}
1199552306,LONG,151600,1,,,{'id': 124125}
1199552359,LONG,,1,6660000,,"{'id': 15088, 'context': 0, 'bonus_lists': [6883]}"
1199552361,LONG,,1,6660000,,"{'id': 15088, 'context': 0, 'bonus_lists': [6883]}"
1199552362,LONG,,1,6660000,,"{'id': 15088, 'context': 0, 'bonus_lists': [6883]}"
1199552363,LONG,1000000,20,,,{'id': 132516}
1199552366,LONG,,1,6660000,,"{'id': 15088, 'context': 0, 'bonus_lists': [6883]}"
1199552369,LONG,,1,6660000,,"{'id': 15088, 'context': 0, 'bonus_lists': [6883]}"
1199552370,LONG,,1,6660000,,"{'id': 15088, 'context': 0, 'bonus_lists': [6883]}"
1199552372,LONG,,1,6660000,,"{'id': 15088, 'context': 0, 'bonus_lists': [6883]}"
1199552375,LONG,,1,6660000,,"{'id': 15088, 'context': 0, 'bonus_lists': [6883]}"
1199552377,LONG,,1,6660000,,"{'id': 15088, 'context': 0, 'bonus_lists': [6883]}"
1199552381,LONG,,1,6660000,,"{'id': 15088, 'context': 0, 'bonus_lists': [6883]}"
1199552383,LONG,,1,6660000,,"{'id': 15088, 'context': 0, 'bonus_lists': [6883]}"
1199552384,LONG,24800,14,,,{'id': 168185}
1199552386,LONG,,1,6660000,,"{'id': 15088, 'context': 0, 'bonus_lists': [6883]}"
1199552387,LONG,,1,6660000,,"{'id': 15088, 'context': 0, 'bonus_lists': [6883]}"
1199552390,LONG,,1,6660000,,"{'id': 15088, 'context': 0, 'bonus_lists': [6883]}"
1199552393,LONG,,1,6660000,,"{'id': 15088, 'context': 0, 'bonus_lists': [6883]}"
1199552395,LONG,,1,6660000,,"{'id': 15088, 'context': 0, 'bonus_lists': [6883]}"
1199552396,LONG,,1,6660000,,"{'id': 15088, 'context': 0, 'bonus_lists': [6883]}"
1199552398,LONG,,1,6660000,,"{'id': 15088, 'context': 0, 'bonus_lists': [6883]}"
1199552400,LONG,,1,6660000,,"{'id': 15088, 'context': 0, 'bonus_lists': [6883]}"
1199552402,LONG,,1,6660000,,"{'id': 15088, 'context': 0, 'bonus_lists': [6883]}"
1199552406,LONG,,1,6660000,,"{'id': 15088, 'context': 0, 'bonus_lists': [6883]}"
1199552410,LONG,,1,6660000,,"{'id': 15088, 'context': 0, 'bonus_lists': [6883]}"
1199552412,LONG,,1,6660000,,"{'id': 15088, 'context': 0, 'bonus_lists': [6883]}"
1199552416,LONG,,1,6660000,,"{'id': 15088, 'context': 0, 'bonus_lists': [6883]}"
1199552417,LONG,,1,6660000,,"{'id': 15088, 'context': 0, 'bonus_lists': [6883]}"
1199552419,LONG,,1,6660000,,"{'id': 15088, 'context': 0, 'bonus_lists': [6883]}"
1199552424,LONG,,1,6660000,,"{'id': 15088, 'context': 0, 'bonus_lists': [6883]}"
1199552430,LONG,,1,6660000,,"{'id': 15088, 'context': 0, 'bonus_lists': [6883]}"
1199552433,LONG,,1,6660000,,"{'id': 15088, 'context': 0, 'bonus_lists': [6883]}"
1199552436,LONG,,1,6660000,,"{'id': 15088, 'context': 0, 'bonus_lists': [6883]}"
1199552441,LONG,,1,6660000,,"{'id': 15088, 'context': 0, 'bonus_lists': [6883]}"
1199552442,LONG,,1,6660000,,"{'id': 15088, 'context': 0, 'bonus_lists': [6883]}"
1199552446,LONG,,1,6660000,,"{'id': 15088, 'context': 0, 'bonus_lists': [6883]}"
1199552449,LONG,,1,6660000,,"{'id': 15088, 'context': 0, 'bonus_lists': [6883]}"
1199552452,LONG,,1,6660000,,"{'id': 15088, 'context': 0, 'bonus_lists': [6883]}"
1199552454,LONG,,1,6660000,,"{'id': 15088, 'context': 0, 'bonus_lists': [6883]}"
1199552459,LONG,,1,6660000,,"{'id': 15088, 'context': 0, 'bonus_lists': [6883]}"
1199552461,LONG,,1,6660000,,"{'id': 15088, 'context': 0, 'bonus_lists': [6883]}"
1199552464,LONG,,1,6660000,,"{'id': 15088, 'context': 0, 'bonus_lists': [6883]}"
1199552469,LONG,,1,6660000,,"{'id': 15088, 'context': 0, 'bonus_lists': [6883]}"
1199552470,LONG,,1,6660000,,"{'id': 15088, 'context': 0, 'bonus_lists': [6883]}"
1199552473,LONG,,1,6660000,,"{'id': 15088, 'context': 0, 'bonus_lists': [6883]}"
1199552476,LONG,,1,6660000,,"{'id': 15088, 'context': 0, 'bonus_lists': [6883]}"
1199552484,LONG,,1,6660000,,"{'id': 15088, 'context': 0, 'bonus_lists': [6883]}"
1199552490,LONG,,1,6660000,,"{'id': 15088, 'context': 0, 'bonus_lists': [6883]}"
1199552497,LONG,,1,6660000,,"{'id': 15088, 'context': 0, 'bonus_lists': [6883]}"
1199552498,LONG,499900,2,,,{'id': 130174}
1199552553,LONG,,1,1252400,,"{'id': 82249, 'context': 6, 'bonus_lists': [6654, 1694], 'modifiers': [{'type': 9, 'value': 35}, {'type': 28, 'value': 2012}]}"
1199552557,LONG,10300,4,,,{'id': 180430}
1199552564,LONG,,1,1064700,,"{'id': 82245, 'context': 6, 'bonus_lists': [6654, 1708], 'modifiers': [{'type': 9, 'value': 35}, {'type': 28, 'value': 2012}]}"
1199552569,LONG,43300,1,,,{'id': 173859}
1199552573,LONG,,1,1379600,,"{'id': 179329, 'context': 4, 'bonus_lists': [6908, 6652, 1689], 'modifiers': [{'type': 9, 'value': 60}, {'type': 28, 'value': 750}]}"
1199552577,LONG,,1,1551000,,"{'id': 82258, 'context': 6, 'bonus_lists': [6654, 1709], 'modifiers': [{'type': 9, 'value': 35}, {'type': 28, 'value': 2012}]}"
1199552580,LONG,,1,1308600,,"{'id': 82241, 'context': 6, 'bonus_lists': [6654, 1680], 'modifiers': [{'type': 9, 'value': 35}, {'type': 28, 'value': 2012}]}"
1199552582,LONG,32500,2,,,{'id': 30810}
1199552584,LONG,,1,6060000,,"{'id': 24612, 'context': 22, 'bonus_lists': [6654, 1681], 'modifiers': [{'type': 9, 'value': 30}, {'type': 28, 'value': 1076}]}"
1199552589,LONG,252800,2,,,{'id': 182459}
1199552598,LONG,,1,13251200,,"{'id': 82020, 'context': 22, 'bonus_lists': [6655, 1680], 'modifiers': [{'type': 9, 'value': 35}, {'type': 28, 'value': 1126}]}"
1199552600,LONG,,1,111924200,,"{'id': 90576, 'context': 6, 'bonus_lists': [6660], 'modifiers': [{'type': 9, 'value': 35}, {'type': 28, 'value': 2012}]}"
1199552605,LONG,,1,11156000,,"{'id': 179332, 'context': 23, 'bonus_lists': [6908, 6652, 1684], 'modifiers': [{'type': 9, 'value': 60}, {'type': 28, 'value': 749}]}"
1199555482,LONG,870000,8,,,{'id': 171291}
1199555510,LONG,499900,5,,,{'id': 173058}
1199555594,LONG,206000,28,,,{'id': 171287}
1199555631,LONG,1254400,4800,,,{'id': 171831}
1199555963,LONG,25000000,557,,,{'id': 30810}
1199558163,LONG,53300,20,,,{'id': 163077}
1199558180,LONG,,1,2508900,,"{'id': 82086, 'context': 22, 'bonus_lists': [6654, 1681], 'modifiers': [{'type': 9, 'value': 35}, {'type': 28, 'value': 1130}]}"
1199558259,LONG,5000,8,,,{'id': 118}
1199558264,LONG,,1,108600,,"{'id': 171208, 'context': 0, 'modifiers': [{'type': 28, 'value': 703}]}"
1199558275,LONG,98000,1,,,{'id': 5997}
1199558277,LONG,20000,4,,,{'id': 153494}
1199558279,LONG,,1,29999900,,"{'id': 82800, 'context': 0, 'modifiers': [{'type': 6, 'value': 39109}], 'pet_breed_id': 13, 'pet_level': 1, 'pet_quality_id': 2, 'pet_species_id': 340}"
1199558280,LONG,,1,78601300,,"{'id': 82800, 'context': 0, 'modifiers': [{'type': 6, 'value': 5187}], 'pet_breed_id': 4, 'pet_level': 1, 'pet_quality_id': 3, 'pet_species_id': 2545}"
1199558281,LONG,,1,504700,,"{'id': 82800, 'context': 0, 'modifiers': [{'type': 6, 'value': 95172}], 'pet_breed_id': 13, 'pet_level': 1, 'pet_quality_id': 3, 'pet_species_id': 2843}"
1199558283,LONG,,1,504700,,"{'id': 82800, 'context': 0, 'modifiers': [{'type': 6, 'value': 95172}], 'pet_breed_id': 13, 'pet_level': 1, 'pet_quality_id': 3, 'pet_species_id': 2843}"
1199558284,LONG,,1,504700,,"{'id': 82800, 'context': 0, 'modifiers': [{'type': 6, 'value': 95172}], 'pet_breed_id': 13, 'pet_level': 1, 'pet_quality_id': 3, 'pet_species_id': 2843}"
1199558285,LONG,,1,504700,,"{'id': 82800, 'context': 0, 'modifiers': [{'type': 6, 'value': 95172}], 'pet_breed_id': 13, 'pet_level': 1, 'pet_quality_id': 3, 'pet_species_id': 2843}"
1199558287,LONG,,1,504700,,"{'id': 82800, 'context': 0, 'modifiers': [{'type': 6, 'value': 95172}], 'pet_breed_id': 13, 'pet_level': 1, 'pet_quality_id': 3, 'pet_species_id': 2843}"
1199558288,LONG,,1,504700,,"{'id': 82800, 'context': 0, 'modifiers': [{'type': 6, 'value': 95172}], 'pet_breed_id': 13, 'pet_level': 1, 'pet_quality_id': 3, 'pet_species_id': 2843}"
1199558289,LONG,,1,850000,449500,"{'id': 10235, 'context': 0, 'bonus_lists': [1692]}"
1199558290,LONG,,1,2600000,1300000,"{'id': 14299, 'context': 0, 'bonus_lists': [1691]}"
1199558291,LONG,,1,2600000,1300000,"{'id': 14299, 'context': 0, 'bonus_lists': [1692]}"
1199558292,LONG,,1,2600000,1300000,"{'id': 14299, 'context': 0, 'bonus_lists': [1694]}"
1199558294,LONG,,1,260004300,,"{'id': 116691, 'context': 31}"
1199558295,LONG,,1,4100000,2050000,"{'id': 15390, 'context': 0, 'bonus_lists': [1679]}"
1199558297,LONG,,1,4100000,2050000,"{'id': 15390, 'context': 0, 'bonus_lists': [1707]}"
1199558298,LONG,,1,6500000,3250000,"{'id': 14964, 'context': 0, 'bonus_lists': [1708]}"
1199558299,LONG,,1,55000000,,"{'id': 82800, 'context': 0, 'modifiers': [{'type': 6, 'value': 80954}], 'pet_breed_id': 18, 'pet_level': 1, 'pet_quality_id': 3, 'pet_species_id': 2567}"
1199558300,LONG,,1,750000,420300,"{'id': 10095, 'context': 0, 'bonus_lists': [1709]}"
1199558301,LONG,,1,750000,420300,"{'id': 10095, 'context': 0, 'bonus_lists': [1693]}"
1199558302,LONG,,1,750000,420300,"{'id': 10095, 'context': 0, 'bonus_lists': [1693]}"
1199558303,LONG,,1,2400000,1200000,"{'id': 15184, 'context': 0, 'bonus_lists': [1680]}"
1199558304,LONG,,1,1500000,750000,"{'id': 10113, 'context': 0, 'bonus_lists': [1681]}"
1199558305,LONG,,1,6000000,3000000,"{'id': 15671, 'context': 0, 'bonus_lists': [1692]}"
1199558306,LONG,,1,1119900,607900,"{'id': 15219, 'context': 0, 'bonus_lists': [1705]}"
1199558310,LONG,,1,12500000,,"{'id': 82800, 'context': 0, 'modifiers': [{'type': 6, 'value': 75337}], 'pet_breed_id': 3, 'pet_level': 1, 'pet_quality_id': 2, 'pet_species_id': 2714}"
1199558311,LONG,,1,12500000,,"{'id': 82800, 'context': 0, 'modifiers': [{'type': 6, 'value': 75334}], 'pet_breed_id': 3, 'pet_level': 1, 'pet_quality_id': 2, 'pet_species_id': 2714}"
1199558314,LONG,,1,5500000,2750000,"{'id': 15428, 'context': 0, 'bonus_lists': [1706]}"
1199558315,LONG,,1,5500000,2750000,"{'id': 15428, 'context': 0, 'bonus_lists': [1678]}"
1199558317,LONG,,1,5500000,2750000,"{'id': 15428, 'context': 0, 'bonus_lists': [1708]}"
1199558319,LONG,,1,800000,,"{'id': 176762, 'context': 0, 'bonus_lists': [6907, 6652, 1698], 'modifiers': [{'type': 9, 'value': 60}, {'type': 28, 'value': 1707}]}"
1199558320,LONG,,1,229700,156400,"{'id': 10034, 'context': 0}"
1199558321,LONG,,1,139999900,,"{'id': 82800, 'context': 0, 'modifiers': [{'type': 6, 'value': 51505}], 'pet_breed_id': 4, 'pet_level': 1, 'pet_quality_id': 2, 'pet_species_id': 1349}"
1199558322,LONG,,1,800000,597300,"{'id': 15271, 'context': 0, 'bonus_lists': [1677]}"
1199558323,LONG,,1,800000,597300,"{'id': 15271, 'context': 0, 'bonus_lists': [1709]}"
1199558327,LONG,5000,18,,,{'id': 2454}
1199558364,LONG,80000,1,,,{'id': 168216}
1199558389,LONG,160000,2,,,{'id': 168215}
1199558436,LONG,,1,160000,148300,"{'id': 10053, 'context': 0}"
1199558441,LONG,,1,160000,148300,"{'id': 10053, 'context': 0}"
1199558453,LONG,,1,8400400,,"{'id': 25052, 'context': 22, 'bonus_lists': [6654, 1693], 'modifiers': [{'type': 9, 'value': 30}, {'type': 28, 'value': 1079}]}"
1199558460,LONG,,1,87600,,"{'id': 6787, 'context': 0}"
1199558461,LONG,6500,5,,,{'id': 152495}
1199558467,LONG,388100,7,,,{'id': 22577}
1199558475,LONG,,1,19800,,"{'id': 2568, 'context': 0}"
1199558483,LONG,300,5,,,{'id': 24477}
1199558493,LONG,1799800,2,,,{'id': 3821}
1199558507,LONG,5000,1,,,{'id': 24478}
1199558540,LONG,19900,9,,,{'id': 108326}
1199558577,LONG,170000,2,,,{'id': 108331}
1199558601,LONG,590000,3,,,{'id': 3382}
1199558642,LONG,200000,3,,,{'id': 3818}
1199558687,LONG,8400,2,,,{'id': 108325}
1199560236,LONG,51000,2,,,{'id': 76135}
1199560239,LONG,,1,7000000,,"{'id': 9295, 'context': 0}"
1199560366,LONG,390000,5,,,{'id': 38949}
1199560426,LONG,290000,9,,,{'id': 38938}
1199560483,LONG,5900000,9,,,{'id': 128554}
1199560514,LONG,,1,169987600,,"{'id': 128534, 'context': 13}"
1199560563,LONG,90000,20,,,{'id': 38793}
1199560578,LONG,388100,1,,,{'id': 22577}
1199560593,LONG,,1,34000000,,"{'id': 82800, 'context': 0, 'modifiers': [{'type': 6, 'value': 99852}], 'pet_breed_id': 10, 'pet_level': 1, 'pet_quality_id': 2, 'pet_species_id': 3035}"
1199560598,LONG,330000,10,,,{'id': 38844}
1199560620,LONG,,1,28200000,,"{'id': 82800, 'context': 0, 'modifiers': [{'type': 6, 'value': 99927}], 'pet_breed_id': 20, 'pet_level': 1, 'pet_quality_id': 2, 'pet_species_id': 2920}"
1199560633,LONG,710000,40,,,{'id': 38797}
1199560639,LONG,,1,19990000,,"{'id': 82800, 'context': 0, 'modifiers': [{'type': 6, 'value': 98457}], 'pet_breed_id': 15, 'pet_level': 1, 'pet_quality_id': 2, 'pet_species_id': 3020}"
1199560662,LONG,,1,35000000,,"{'id': 82800, 'context': 0, 'modifiers': [{'type': 6, 'value': 99896}], 'pet_breed_id': 4, 'pet_level': 1, 'pet_quality_id': 2, 'pet_species_id': 2921}"
1199560675,LONG,6000000,24,,,{'id': 24272}
1199560686,LONG,,1,49000000,,"{'id': 82800, 'context': 0, 'modifiers': [{'type': 6, 'value': 90878}], 'pet_breed_id': 7, 'pet_level': 1, 'pet_quality_id': 3, 'pet_species_id': 2717}"
1199560750,LONG,42000,90,,,{'id': 14341}
1199560778,LONG,8940000,4,,,{'id': 141908}
1199560833,LONG,,1,40000000,,"{'id': 82800, 'context': 0, 'modifiers': [{'type': 6, 'value': 68861}], 'pet_breed_id': 15, 'pet_level': 1, 'pet_quality_id': 3, 'pet_species_id': 2050}"
1199560849,LONG,,1,500000,,"{'id': 87216, 'context': 11, 'bonus_lists': [6835], 'modifiers': [{'type': 28, 'value': 391}]}"
1199560861,LONG,45000,2,,,{'id': 152550}
1199560867,LONG,,1,59890000,,"{'id': 82800, 'context': 0, 'modifiers': [{'type': 6, 'value': 50613}], 'pet_breed_id': 8, 'pet_level': 1, 'pet_quality_id': 3, 'pet_species_id': 2702}"
1199560897,LONG,605900,1,,,{'id': 173123}
1199560911,LONG,,1,12000000,,"{'id': 82800, 'context': 0, 'modifiers': [{'type': 6, 'value': 44551}], 'pet_breed_id': 6, 'pet_level': 1, 'pet_quality_id': 2, 'pet_species_id': 1039}"
1199560914,LONG,,1,12000000,,"{'id': 82800, 'context': 0, 'modifiers': [{'type': 6, 'value': 44551}], 'pet_breed_id': 6, 'pet_level': 1, 'pet_quality_id': 2, 'pet_species_id': 1039}"
1199560940,LONG,2801100,2,,,{'id': 12820}
1199560975,LONG,,1,2725400,,"{'id': 184479, 'context': 0}"
1199560976,LONG,,1,2725400,,"{'id': 184479, 'context': 0}"
1199560977,LONG,,1,2725400,,"{'id': 184479, 'context': 0}"
1199560979,LONG,,1,2725400,,"{'id': 184479, 'context': 0}"
1199560980,LONG,,1,2725400,,"{'id': 184479, 'context': 0}"
1199560981,LONG,,1,2725400,,"{'id': 184479, 'context': 0}"
1199560982,LONG,,1,2725400,,"{'id': 184479, 'context': 0}"
1199560983,LONG,,1,2725400,,"{'id': 184479, 'context': 0}"
1199560984,LONG,3880000,7,,,{'id': 14342}
1199560985,LONG,,1,2725400,,"{'id': 184479, 'context': 0}"
1199560990,LONG,,1,2725400,,"{'id': 184479, 'context': 0}"
1199560991,LONG,,1,2725400,,"{'id': 184479, 'context': 0}"
1199560993,LONG,,1,2725400,,"{'id': 184479, 'context': 0}"
1199560995,LONG,,1,2725400,,"{'id': 184479, 'context': 0}"
1199560996,LONG,,1,2725400,,"{'id': 184479, 'context': 0}"
1199560997,LONG,,1,2725400,,"{'id': 184479, 'context': 0}"
1199560998,LONG,,1,2725400,,"{'id': 184479, 'context': 0}"
1199561000,LONG,,1,2725400,,"{'id': 184479, 'context': 0}"
1199561001,LONG,,1,2725400,,"{'id': 184479, 'context': 0}"
1199561003,LONG,,1,2725400,,"{'id': 184479, 'context': 0}"
1199561006,LONG,,1,2725400,,"{'id': 184479, 'context': 0}"
1199561009,LONG,,1,2725400,,"{'id': 184479, 'context': 0}"
1199561011,LONG,,1,2725400,,"{'id': 184479, 'context': 0}"
1199561013,LONG,,1,2725400,,"{'id': 184479, 'context': 0}"
1199561016,LONG,,1,2725400,,"{'id': 184479, 'context': 0}"
1199561017,LONG,,1,2725400,,"{'id': 184479, 'context': 0}"
1199561019,LONG,,1,2725400,,"{'id': 184479, 'context': 0}"
1199561020,LONG,,1,2725400,,"{'id': 184479, 'context': 0}"
1199561022,LONG,,1,2725400,,"{'id': 184479, 'context': 0}"
1199561025,LONG,,1,2725400,,"{'id': 184479, 'context': 0}"
1199561027,LONG,,1,2725400,,"{'id': 184479, 'context': 0}"
1199561029,LONG,,1,2725400,,"{'id': 184479, 'context': 0}"
1199561031,LONG,,1,2725400,,"{'id': 184479, 'context': 0}"
1199561032,LONG,,1,2725400,,"{'id': 184479, 'context': 0}"
1199561034,LONG,,1,2725400,,"{'id': 184479, 'context': 0}"
1199561036,LONG,,1,2725400,,"{'id': 184479, 'context': 0}"
1199561040,LONG,9850000,1,,,{'id': 128552}
1199561047,LONG,,1,17504200,,"{'id': 82800, 'context': 0, 'pet_breed_id': 14, 'pet_level': 1, 'pet_quality_id': 3, 'pet_species_id': 1693}"
1199561048,LONG,,1,17504200,,"{'id': 82800, 'context': 0, 'modifiers': [{'type': 6, 'value': 38310}], 'pet_breed_id': 14, 'pet_level': 1, 'pet_quality_id': 3, 'pet_species_id': 1693}"
1199561049,LONG,,1,17504200,,"{'id': 82800, 'context': 0, 'pet_breed_id': 14, 'pet_level': 1, 'pet_quality_id': 3, 'pet_species_id': 1693}"
1199561051,LONG,,1,17504200,,"{'id': 82800, 'context': 0, 'pet_breed_id': 14, 'pet_level': 1, 'pet_quality_id': 3, 'pet_species_id': 1693}"
1199561052,LONG,,1,17504200,,"{'id': 82800, 'context': 0, 'modifiers': [{'type': 6, 'value': 38310}], 'pet_breed_id': 14, 'pet_level': 1, 'pet_quality_id': 3, 'pet_species_id': 1693}"
1199561053,LONG,,1,17504200,,"{'id': 82800, 'context': 0, 'modifiers': [{'type': 6, 'value': 38310}], 'pet_breed_id': 14, 'pet_level': 1, 'pet_quality_id': 3, 'pet_species_id': 1693}"
1199561055,LONG,,1,17504200,,"{'id': 82800, 'context': 0, 'modifiers': [{'type': 6, 'value': 38310}], 'pet_breed_id': 14, 'pet_level': 1, 'pet_quality_id': 3, 'pet_species_id': 1693}"
1199561057,LONG,,1,17504200,,"{'id': 82800, 'context': 0, 'modifiers': [{'type': 6, 'value': 38310}], 'pet_breed_id': 14, 'pet_level': 1, 'pet_quality_id': 3, 'pet_species_id': 1693}"
1199561062,LONG,,1,8520000,,"{'id': 9298, 'context': 0}"
1199561071,LONG,1168900,14,,,{'id': 38960}
1199561088,LONG,1500,1,,,{'id': 113262}
1199563107,LONG,,1,50000000,,"{'id': 173245, 'context': 63, 'bonus_lists': [6716, 7193, 1487]}"
1199563110,LONG,,1,50000000,,"{'id': 173245, 'context': 63, 'bonus_lists': [6716, 7194, 1487]}"
1199563114,LONG,,1,50000000,,"{'id': 173245, 'context': 63, 'bonus_lists': [6716, 7194, 1487]}"
1199563188,LONG,360000,15,,,{'id': 38914}
1199563195,LONG,481200,44,,,{'id': 38817}
1199563222,LONG,280000,25,,,{'id': 38789}
1199563252,LONG,370000,6,,,{'id': 38897}
1199563260,LONG,,1,750000000,,"{'id': 184793, 'context': 0, 'bonus_lists': [6652, 1472, 6646], 'modifiers': [{'type': 28, 'value': 1707}]}"
1199563285,LONG,510000,4,,,{'id': 22459}
1199563353,LONG,7500000,11,,,{'id': 128561}
1199563360,LONG,4700,1,,,{'id': 113261}
1199563369,LONG,300700,10,,,{'id': 38833}
1199563508,LONG,1920000,5,,,{'id': 38945}
1199563516,LONG,,1,1500000,,"{'id': 13490, 'context': 0}"
1199563518,LONG,,1,1500000,,"{'id': 13490, 'context': 0}"
1199563535,LONG,360000,3,,,{'id': 22792}
1199563571,LONG,610000,5,,,{'id': 38953}
1199563582,LONG,,1,3220500,,"{'id': 4561, 'context': 0, 'modifiers': [{'type': 28, 'value': 73}]}"
1199563589,LONG,600000,2,,,{'id': 109132}
1199563592,LONG,,1,28000000,,"{'id': 68759, 'context': 0, 'bonus_lists': [6654], 'modifiers': [{'type': 9, 'value': 17}, {'type': 28, 'value': 73}]}"
1199563598,LONG,,1,3028600,,"{'id': 9756, 'context': 0, 'bonus_lists': [6654, 1694], 'modifiers': [{'type': 9, 'value': 26}, {'type': 28, 'value': 6}]}"
1199563605,LONG,,1,9997000,,"{'id': 68747, 'context': 0, 'bonus_lists': [6654], 'modifiers': [{'type': 9, 'value': 21}, {'type': 28, 'value': 6}]}"
1199563607,LONG,,1,10850400,,"{'id': 52385, 'context': 0}"
1199563613,LONG,,1,3693600,,"{'id': 9786, 'context': 0, 'bonus_lists': [6654, 1709], 'modifiers': [{'type': 9, 'value': 24}, {'type': 28, 'value': 6}]}"
1199563621,LONG,,1,6380100,,"{'id': 9747, 'context': 0, 'bonus_lists': [6654, 1708], 'modifiers': [{'type': 9, 'value': 21}, {'type': 28, 'value': 6}]}"
1199563643,LONG,,1,3253200,,"{'id': 68761, 'context': 0, 'bonus_lists': [6654], 'modifiers': [{'type': 9, 'value': 6}, {'type': 28, 'value': 74}]}"
1199563655,LONG,,1,500000,,"{'id': 6267, 'context': 0, 'bonus_lists': [6654, 1680], 'modifiers': [{'type': 9, 'value': 24}, {'type': 28, 'value': 6}]}"
1199563666,LONG,,1,450000,,"{'id': 6337, 'context': 0, 'bonus_lists': [6654, 1709], 'modifiers': [{'type': 9, 'value': 22}, {'type': 28, 'value': 6}]}"
1199563669,LONG,9000000,1,,,{'id': 141909}
1199563675,LONG,,1,2505600,,"{'id': 6553, 'context': 0, 'bonus_lists': [6654, 1691], 'modifiers': [{'type': 9, 'value': 27}, {'type': 28, 'value': 10}]}"
1199563678,LONG,,1,500000,,"{'id': 9763, 'context': 0, 'bonus_lists': [6654, 1679], 'modifiers': [{'type': 9, 'value': 26}, {'type': 28, 'value': 6}]}"
1199563683,LONG,,1,17376800,,"{'id': 9812, 'context': 0, 'bonus_lists': [6654, 1692], 'modifiers': [{'type': 9, 'value': 29}, {'type': 28, 'value': 10}]}"
1199563687,LONG,,1,1198400,,"{'id': 71635, 'context': 0}"
1199563688,LONG,,1,1198400,,"{'id': 71635, 'context': 0}"
1199563702,LONG,,1,1179900,,"{'id': 71636, 'context': 0}"
1199563705,LONG,,1,1179900,,"{'id': 71636, 'context': 0}"
1199563720,LONG,,1,2189800,,"{'id': 71637, 'context': 0}"
1199563722,LONG,,1,2189800,,"{'id': 71637, 'context': 0}"
1199563729,LONG,1740000,10,,,{'id': 39004}
1199563735,LONG,296800,10,,,{'id': 38830}
1199563739,LONG,104900,2,,,{'id': 76133}
1199563744,LONG,,1,4999900,,"{'id': 71953, 'context': 0}"
1199563746,LONG,,1,4999900,,"{'id': 71953, 'context': 0}"
1199563756,LONG,,1,5008100,,"{'id': 71638, 'context': 0}"
1199563769,LONG,710000,8,,,{'id': 52753}
1199563786,LONG,800000,8,,,{'id': 38771}
1199563797,LONG,10000,2,,,{'id': 1210}
1199563800,LONG,80000,2,,,{'id': 21881}
1199563851,LONG,210000,37,,,{'id': 38933}
1199563983,LONG,1700000,6,,,{'id': 38961}
1199563996,LONG,,1,451787300,,"{'id': 163941, 'context': 54, 'bonus_lists': [1472, 4786]}"
1199564020,LONG,1250000,5,,,{'id': 128559}
1199564076,LONG,1060000,5,,,{'id': 38951}
1199565155,LONG,5430000,5,,,{'id': 39001}
1199565174,LONG,160000,21,,,{'id': 168215}
1199565190,LONG,1999900,1,,,{'id': 72095}
1199565204,LONG,80000,8,,,{'id': 2459}
1199565211,LONG,3999700,2,,,{'id': 168598}
1199565229,LONG,551700,5,,,{'id': 7069}
1199565235,LONG,1699700,1,,,{'id': 153597}
1199565282,LONG,680000,5,,,{'id': 52757}
1199565294,LONG,,1,2104900,,"{'id': 11288, 'context': 0}"
1199565297,LONG,,1,2104900,,"{'id': 11288, 'context': 0}"
1199565307,LONG,,1,2104900,,"{'id': 11288, 'context': 0}"
1199565314,LONG,,1,2104900,,"{'id': 11288, 'context': 0}"
1199565319,LONG,,1,2104900,,"{'id': 11288, 'context': 0}"
1199565323,LONG,,1,2104900,,"{'id': 11288, 'context': 0}"
1199565336,LONG,,1,2104900,,"{'id': 11288, 'context': 0}"
1199565342,LONG,,1,50000000,,"{'id': 116794, 'context': 0, 'modifiers': [{'type': 28, 'value': 64}]}"
1199565345,LONG,,1,50000000,,"{'id': 116794, 'context': 0, 'modifiers': [{'type': 28, 'value': 64}]}"
1199565408,LONG,4270000,1,,,{'id': 128543}
1199565453,LONG,3150000,2,,,{'id': 52747}
1199565500,LONG,777900,5,,,{'id': 44458}
1199565508,LONG,3499000,1,,,{'id': 128541}
1199565518,LONG,3249900,3,,,{'id': 154706}
1199565523,LONG,489800,2,,,{'id': 22572}
1199565562,LONG,490000,27,,,{'id': 7071}
1199565604,LONG,2520000,4,,,{'id': 44457}
1199565608,LONG,249900,1,,,{'id': 163224}
1199565621,LONG,,1,19500000,,"{'id': 172327, 'context': 63, 'bonus_lists': [6716, 1487]}"
1199565637,LONG,710000,2,,,{'id': 52756}
1199565644,LONG,50000,1,,,{'id': 774}
1199565804,LONG,249900,1,,,{'id': 163224}
1199565812,LONG,1029000,85,,,{'id': 153476}
1199565815,LONG,365300,200,,,{'id': 160502}
1199565846,LONG,1000000,55,,,{'id': 38861}
1199565862,LONG,510000,1,,,{'id': 22459}
1199565878,LONG,8299900,1,,,{'id': 169299}
1199565895,LONG,1279100,7,,,{'id': 38852}
1199565909,LONG,,1,799900,,"{'id': 21953, 'context': 0}"
1199565917,LONG,,1,799900,,"{'id': 21953, 'context': 0}"
1199565929,LONG,810000,2,,,{'id': 76095}
1199565956,LONG,4089900,2,,,{'id': 141910}
1199565961,LONG,,1,2104900,,"{'id': 11288, 'context': 0}"
1199565963,LONG,,1,2104900,,"{'id': 11288, 'context': 0}"
1199565969,LONG,,1,2104900,,"{'id': 11288, 'context': 0}"
1199566029,LONG,74600,2,,,{'id': 118630}
1199566059,LONG,,1,699000,,"{'id': 22522, 'context': 0}"
1199566062,LONG,,1,699000,,"{'id': 22522, 'context': 0}"
1199566067,LONG,,1,699000,,"{'id': 22522, 'context': 0}"
1199566068,LONG,,1,699000,,"{'id': 22522, 'context': 0}"
1199566071,LONG,,1,699000,,"{'id': 22522, 'context': 0}"
1199566074,LONG,,1,699000,,"{'id': 22522, 'context': 0}"
1199566075,LONG,,1,699000,,"{'id': 22522, 'context': 0}"
1199566076,LONG,,1,699000,,"{'id': 22522, 'context': 0}"
1199566079,LONG,,1,699000,,"{'id': 22522, 'context': 0}"
1199566081,LONG,,1,699000,,"{'id': 22522, 'context': 0}"
1199566083,LONG,,1,699000,,"{'id': 22522, 'context': 0}"
1199566087,LONG,,1,699000,,"{'id': 22522, 'context': 0}"
1199568205,LONG,69800,1,,,{'id': 158380}
1199568243,LONG,8700,2,,,{'id': 163082}
1199568282,LONG,220000,1,,,{'id': 105718}
1199568313,LONG,90000,4,,,{'id': 22448}
1199568382,LONG,28700,4,,,{'id': 10938}
1199568394,LONG,5500,11,,,{'id': 152509}
1199568397,LONG,14300,6,,,{'id': 10940}
1199568416,LONG,5000,2,,,{'id': 108996}
1199568443,LONG,68000,2,,,{'id': 90407}
1199568482,LONG,100,8,,,{'id': 3371}
1199568586,LONG,50000,22,,,{'id': 3820}
1199568594,LONG,400,2,,,{'id': 7075}
1199568611,LONG,9000,1,,,{'id': 3857}
1199568624,LONG,300,9,,,{'id': 8150}
1199568626,LONG,8600,2,,,{'id': 109134}
1199568655,LONG,37300,3,,,{'id': 17011}
1199568691,LONG,,1,650000,,"{'id': 9801, 'context': 0, 'bonus_lists': [6654, 1707], 'modifiers': [{'type': 9, 'value': 30}, {'type': 28, 'value': 15}]}"
1199568698,LONG,1300,2,,,{'id': 3685}
1199568813,LONG,950600,47,,,{'id': 127004}
1199568821,LONG,,1,1950000,,"{'id': 172256, 'context': 13, 'bonus_lists': [6893], 'modifiers': [{'type': 9, 'value': 56}, {'type': 28, 'value': 391}, {'type': 29, 'value': 40}, {'type': 30, 'value': 32}]}"
1199568823,LONG,,1,1950000,,"{'id': 172256, 'context': 13, 'bonus_lists': [6893], 'modifiers': [{'type': 9, 'value': 56}, {'type': 28, 'value': 391}, {'type': 29, 'value': 36}, {'type': 30, 'value': 32}]}"
1199568827,LONG,,1,1950000,,"{'id': 172256, 'context': 13, 'bonus_lists': [6893], 'modifiers': [{'type': 9, 'value': 56}, {'type': 28, 'value': 391}, {'type': 29, 'value': 49}, {'type': 30, 'value': 40}]}"
1199568832,LONG,,1,1950000,,"{'id': 172256, 'context': 13, 'bonus_lists': [6893], 'modifiers': [{'type': 9, 'value': 56}, {'type': 28, 'value': 391}, {'type': 29, 'value': 32}, {'type': 30, 'value': 36}]}"
1199568862,LONG,100000,21,,,{'id': 21842}
1199568895,LONG,1200,615,,,{'id': 21877}
1199568967,LONG,5000,2,,,{'id': 7910}
1199569000,LONG,1500,2,,,{'id': 7909}
1199569037,LONG,,1,250000,,"{'id': 14494, 'context': 0}"
1199569071,LONG,,1,499900,,"{'id': 21949, 'context': 0}"
1199570101,LONG,,1,1000000,,"{'id': 21947, 'context': 0}"
1199570141,LONG,,1,140000,,"{'id': 20752, 'context': 14}"
1199570174,LONG,,1,499900,,"{'id': 12697, 'context': 0}"
1199570202,LONG,,1,499900,,"{'id': 12694, 'context': 0}"
1199570240,LONG,,1,499900,,"{'id': 12682, 'context': 0}"
1199570276,LONG,700000,1,,,{'id': 159471}
1199570307,LONG,44400,5,,,{'id': 38846}
1199570349,LONG,10000,2,,,{'id': 29740}
1199570394,LONG,5000000,2,,,{'id': 20404}
1199570437,LONG,90000,3,,,{'id': 17194}
1199570472,LONG,5900,16,,,{'id': 169334}
1199570505,LONG,2900,7,,,{'id': 169333}
1199570549,LONG,50000,12,,,{'id': 8827}
1199570617,LONG,,1,259900,,"{'id': 45103, 'context': 3, 'modifiers': [{'type': 28, 'value': 1020}]}"
1199570619,LONG,,1,259900,,"{'id': 45103, 'context': 3, 'modifiers': [{'type': 28, 'value': 1020}]}"
1199570644,LONG,160000,1,,,{'id': 6372}
1199570706,LONG,160000,13,,,{'id': 6372}
1199570715,LONG,,1,249900,,"{'id': 45093, 'context': 3, 'modifiers': [{'type': 28, 'value': 1020}]}"
1199570722,LONG,,1,154600,,"{'id': 6365, 'context': 14, 'modifiers': [{'type': 28, 'value': 378}]}"
1199570812,LONG,,1,5500600,,"{'id': 45450, 'context': 3, 'modifiers': [{'type': 28, 'value': 1020}]}"
1199570841,LONG,,1,4499300,,"{'id': 45468, 'context': 3, 'modifiers': [{'type': 28, 'value': 1020}]}"
1199575217,LONG,7400,2602,,,{'id': 110609}
1199575248,LONG,30000,984,,,{'id': 152541}
1199575341,LONG,90000,493,,,{'id': 52976}
1199575461,LONG,303800,33,,,{'id': 25708}
1199575485,LONG,19000,361,,,{'id': 4304}
1199575498,LONG,1009900,16,,,{'id': 43102}
1199575521,LONG,,1,79908500,,"{'id': 171417, 'context': 63, 'bonus_lists': [6716, 1487]}"
1199575524,LONG,,1,79908500,,"{'id': 171417, 'context': 63, 'bonus_lists': [6716, 1487]}"
1199575525,LONG,,1,79908500,,"{'id': 171417, 'context': 63, 'bonus_lists': [6716, 1487]}"
1199575528,LONG,,1,79908500,,"{'id': 171417, 'context': 63, 'bonus_lists': [6716, 1487]}"
1199575535,LONG,9500000,3,,,{'id': 52980}
1199575559,LONG,139900,16,,,{'id': 25707}
1199575569,LONG,,1,120009600,,"{'id': 171415, 'context': 63, 'bonus_lists': [6716, 7193, 1487]}"
1199575572,LONG,,1,120009600,,"{'id': 171415, 'context': 63, 'bonus_lists': [6716, 7194, 1487]}"
1199575573,LONG,,1,120009600,,"{'id': 171415, 'context': 63, 'bonus_lists': [6716, 7193, 1487]}"
1199575622,LONG,75800,800,,,{'id': 158187}
1199575624,LONG,171500,1800,,,{'id': 168302}
1199575626,LONG,375700,200,,,{'id': 160059}
1199575629,LONG,,1,379571500,360592900,"{'id': 116144, 'context': 14}"
1199575630,LONG,110800,200,,,{'id': 153635}
1199575632,LONG,129800,864,,,{'id': 22445}
1199575635,LONG,,1,8627000,8195700,"{'id': 52386, 'context': 0}"
1199575638,LONG,3197200,19,,,{'id': 133589}
1199575641,LONG,95600,322,,,{'id': 158189}
1199575645,LONG,8600,7200,,,{'id': 152542}
1199575646,LONG,865000,34,,,{'id': 62778}
1199575648,LONG,,1,309019500,293568500,"{'id': 118873, 'context': 27, 'bonus_lists': [3935], 'modifiers': [{'type': 9, 'value': 36}]}"
1199575651,LONG,1476200,1,,,{'id': 83064}
1199575653,LONG,2959200,15,,,{'id': 74847}
1199575654,LONG,476600,200,,,{'id': 124442}
1199575656,LONG,229500,571,,,{'id': 124102}
1199575659,LONG,5500,1800,,,{'id': 154165}
1199575663,LONG,337600,2000,,,{'id': 124441}
1199575667,LONG,1310800,10,,,{'id': 10285}
1199575671,LONG,13065200,10,,,{'id': 8167}
1199575675,LONG,6600,1000,,,{'id': 168645}
1199575679,LONG,5034300,54,,,{'id': 21071}
1199575680,LONG,,1,3192804800,3033164600,"{'id': 18360, 'context': 0}"
1199575684,LONG,1153300,200,,,{'id': 38682}
1199575690,LONG,104900,839,,,{'id': 156930}
1199575695,LONG,,1,5404200,5134000,"{'id': 39505, 'context': 0}"
1199575696,LONG,,1,5404200,5134000,"{'id': 39505, 'context': 0}"
1199575700,LONG,2887300,198,,,{'id': 124436}
1199575703,LONG,8558000,12,,,{'id': 11371}
1199575705,LONG,,1,47673100,45289400,"{'id': 30758, 'context': 14}"
1199575709,LONG,162300,1355,,,{'id': 124115}
1199575712,LONG,7947200,1110,,,{'id': 133590}
1199575717,LONG,5558200,32,,,{'id': 53065}
1199575720,LONG,4616000,30,,,{'id': 23781}
1199575724,LONG,15200,2600,,,{'id': 153051}
1199575727,LONG,51300,767,,,{'id': 152507}
1199576092,LONG,,1,100000000,,"{'id': 172317, 'context': 63, 'bonus_lists': [6716, 7194, 1487]}"
1199577211,LONG,604800,114,,,{'id': 2251}
1199577215,LONG,3314700,221,,,{'id': 23793}
1199577220,LONG,1101500,800,,,{'id': 3860}
1199577223,LONG,34800,200,,,{'id': 153050}
1199577228,LONG,1233100,22,,,{'id': 74865}
1199577231,LONG,1423400,85,,,{'id': 35562}
1199577233,LONG,129500,2543,,,{'id': 128304}
1199577236,LONG,43000,526,,,{'id': 152506}
1199577239,LONG,1059500,200,,,{'id': 4304}
1199577244,LONG,104900,255,,,{'id': 156930}
1199577247,LONG,464800,58,,,{'id': 52328}
1199577252,LONG,75800,2103,,,{'id': 158187}
1199577253,LONG,,1,413355100,398045700,"{'id': 58234, 'context': 0}"
1199577258,LONG,8600,2820,,,{'id': 152542}
1199577260,LONG,5571000,87,,,{'id': 25700}
1199577264,LONG,5479600,42,,,{'id': 7080}
1199577266,LONG,328700,29,,,{'id': 74248}
1199577270,LONG,51300,185,,,{'id': 152507}
1199577272,LONG,429700,10,,,{'id': 40195}
1199577275,LONG,321900,2,,,{'id': 111589}
1199577280,LONG,49400,877,,,{'id': 2836}
1199577284,LONG,38500,111,,,{'id': 124437}
1199577288,LONG,203800,17,,,{'id': 10286}
1199577290,LONG,588200,8,,,{'id': 109136}
1199577294,LONG,2648900,17,,,{'id': 133572}
1199577297,LONG,213200,54,,,{'id': 21840}
1199577300,LONG,123400,200,,,{'id': 168303}
1199577303,LONG,4904400,46,,,{'id': 124116}
1199577307,LONG,5500,5760,,,{'id': 154165}
1199577311,LONG,42200,793,,,{'id': 167738}
1199577315,LONG,30100,800,,,{'id': 152541}
1199577318,LONG,307000,275,,,{'id': 168649}
1199577320,LONG,17200,1049,,,{'id': 168650}
1199577323,LONG,99400,800,,,{'id': 152513}
1199577328,LONG,,1,11684200,11100000,"{'id': 52365, 'context': 1}"
1199577334,LONG,,1,29242100,27780000,"{'id': 10609, 'context': 14}"
1199577339,LONG,6600,2148,,,{'id': 21877}
1199577340,LONG,1191600,7,,,{'id': 111667}
1199577343,LONG,354500,101,,,{'id': 52719}
1199577346,LONG,,1,114962200,109214100,"{'id': 32672, 'context': 0}"
1199577716,LONG,98900,1,,,{'id': 24479}
1199577755,LONG,75800,1200,,,{'id': 158187}
1199577759,LONG,123000,879,,,{'id': 33568}
1199577761,LONG,171500,191,,,{'id': 168302}
1199577764,LONG,5205300,6,,,{'id': 108330}
1199577766,LONG,4502300,279,,,{'id': 160400}
1199577770,LONG,2648900,780,,,{'id': 133572}
1199577772,LONG,774500,521,,,{'id': 153669}
1199577774,LONG,446900,222,,,{'id': 14227}
1199577778,LONG,1502000,6,,,{'id': 4377}
1199577781,LONG,6684400,54,,,{'id': 60224}
1199577784,LONG,110800,1800,,,{'id': 153635}
1199577786,LONG,669800,281,,,{'id': 152877}
1199577788,LONG,1026300,9,,,{'id': 108340}
1199577791,LONG,6600,600,,,{'id': 168645}
1199577793,LONG,123400,1126,,,{'id': 168303}
1199577795,LONG,552500,571,,,{'id': 25649}
1199577799,LONG,6372700,200,,,{'id': 61978}
1199577803,LONG,2810700,1400,,,{'id': 160398}
1199577806,LONG,5500,400,,,{'id': 154165}
1199577810,LONG,6600,200,,,{'id': 21877}
1199577813,LONG,1224000,56,,,{'id': 108323}
1199577815,LONG,1619100,198,,,{'id': 12655}
1199577818,LONG,2060400,7,,,{'id': 72162}
1199577820,LONG,8600,200,,,{'id': 152542}
1199577822,LONG,1741300,1,,,{'id': 130173}
1199577826,LONG,42200,200,,,{'id': 167738}
1199577828,LONG,82500,629,,,{'id': 160711}
1199577831,LONG,35368900,1,,,{'id': 44267}
1199577832,LONG,1962300,42,,,{'id': 34053}
1199577834,LONG,43000,1000,,,{'id': 152506}
1199577837,LONG,6726100,400,,,{'id': 153636}
1199577841,LONG,739700,100,,,{'id': 113355}
1199577843,LONG,1758900,4,,,{'id': 7079}
1199577845,LONG,3341500,20,,,{'id': 108336}
1199577847,LONG,15200,3200,,,{'id': 153051}
1199577849,LONG,,1,97461400,92588300,"{'id': 138385, 'context': 14}"
1199577852,LONG,216700,13,,,{'id': 34055}
1199578073,LONG,75800,1000,,,{'id': 158187}
1199578076,LONG,264400,299,,,{'id': 2996}
1199578077,LONG,43400,2875,,,{'id': 152505}
1199578078,LONG,1456000,44,,,{'id': 53068}
1199578079,LONG,1101500,239,,,{'id': 3860}
1199578081,LONG,110800,2751,,,{'id': 153635}
1199578083,LONG,669800,600,,,{'id': 152877}
1199578085,LONG,1418700,200,,,{'id': 3859}
1199578086,LONG,2120100,34,,,{'id': 22574}
1199578087,LONG,6736600,14,,,{'id': 4233}
1199578088,LONG,58600,600,,,{'id': 72120}
1199578089,LONG,8600,6400,,,{'id': 152542}
1199578091,LONG,,1,13193700,12534000,"{'id': 19028, 'context': 0}"
1199578092,LONG,,1,171460300,165109900,"{'id': 18587, 'context': 0}"
1199578093,LONG,1752300,78,,,{'id': 51950}
1199578094,LONG,770300,248,,,{'id': 52326}
1199578098,LONG,2601100,74,,,{'id': 76061}
1199578100,LONG,3450100,24,,,{'id': 111674}
1199579101,LONG,3092300,95,,,{'id': 112158}
1199579102,LONG,5500,5632,,,{'id': 154165}
1199579104,LONG,1470000,37,,,{'id': 109123}
1199579106,LONG,532500,50,,,{'id': 22449}
1199579107,LONG,7722700,9,,,{'id': 41803}
1199579110,LONG,161400,191,,,{'id': 10940}
1199579112,LONG,2386300,27,,,{'id': 136637}
1199579113,LONG,774200,18,,,{'id': 76133}
1199579115,LONG,2887300,17,,,{'id': 124436}
1199579116,LONG,342500,96,,,{'id': 34057}
1199579118,LONG,1325600,50,,,{'id': 124111}
1199579119,LONG,,1,184917600,175671700,"{'id': 118830, 'context': 0}"
1199579121,LONG,43000,723,,,{'id': 152506}
1199579123,LONG,188000,71,,,{'id': 16203}
1199579126,LONG,43527400,1,,,{'id': 44274}
1199579129,LONG,5232600,7,,,{'id': 168189}
1199579130,LONG,1059500,1084,,,{'id': 4304}
1199579600,LONG,4276400,14,,,{'id': 4382}
1199579603,LONG,,1,216153800,205346100,"{'id': 118841, 'context': 0}"
1199579606,LONG,161400,800,,,{'id': 10940}
1199579607,LONG,6600,600,,,{'id': 21877}
1199579608,LONG,93300,81,,,{'id': 127759}
1199579611,LONG,14292100,3,,,{'id': 108342}
1199579612,LONG,1623600,1,,,{'id': 74840}
1199579614,LONG,178000,264,,,{'id': 152543}
1199579617,LONG,21344100,1,,,{'id': 42433}
1199579620,LONG,110800,3200,,,{'id': 153635}
1199579622,LONG,915700,5,,,{'id': 108339}
1199579625,LONG,440800,225,,,{'id': 113588}
1199579627,LONG,432900,200,,,{'id': 133680}
1199579631,LONG,207500,28,,,{'id': 7972}
1199579635,LONG,770300,1400,,,{'id': 52326}
1199579637,LONG,463900,4,,,{'id': 4357}
1199579638,LONG,349700,193,,,{'id': 3577}
1199579641,LONG,31200,714,,,{'id': 152576}
1199579644,LONG,2847500,342,,,{'id': 173060}
1199579647,LONG,43000,1445,,,{'id': 152506}
1199579650,LONG,20059500,33,,,{'id': 29547}
1199579652,LONG,1456700,152,,,{'id': 22448}
1199579654,LONG,1471200,94,,,{'id': 52977}
1199579655,LONG,4942000,12,,,{'id': 79255}
1199579661,LONG,182700,116,,,{'id': 124440}
1199579662,LONG,1700700,310,,,{'id': 109143}
1199579666,LONG,501300,1,,,{'id': 14048}
1199579669,LONG,58600,363,,,{'id': 72120}
1199579672,LONG,2778800,86,,,{'id': 7069}
1199579675,LONG,6726100,952,,,{'id': 153636}
1199579678,LONG,749000,240,,,{'id': 2672}
1199579682,LONG,8600,2600,,,{'id': 152542}
1199579686,LONG,8293600,15,,,{'id': 41802}
1199579687,LONG,96600,17,,,{'id': 71998}
1199579689,LONG,15200,1000,,,{'id': 153051}
1199579692,LONG,773100,3,,,{'id': 4339}
1199579695,LONG,952000,1000,,,{'id': 109140}
1199579696,LONG,2626200,63,,,{'id': 67749}
1199579699,LONG,305500,200,,,{'id': 152549}
1199579701,LONG,58900,600,,,{'id': 133607}
1199579703,LONG,216700,573,,,{'id': 34055}
1199579704,LONG,51600,3274,,,{'id': 152509}
1199579705,LONG,968400,28,,,{'id': 52183}
1199579706,LONG,7573900,17,,,{'id': 108327}
1199579711,LONG,13600,595,,,{'id': 74249}
1199579714,LONG,427500,58,,,{'id': 52722}
1199579718,LONG,93800,236,,,{'id': 785}
1199579722,LONG,4122800,50,,,{'id': 130175}
1199579726,LONG,132200,200,,,{'id': 109144}
1199579730,LONG,486700,153,,,{'id': 52976}
1199580028,LONG,75800,1200,,,{'id': 158187}
1199580031,LONG,123000,539,,,{'id': 33568}
1199580036,LONG,2648900,80,,,{'id': 133572}
1199580038,LONG,375700,88,,,{'id': 160059}
1199580041,LONG,602300,29,,,{'id': 109624}
1199580043,LONG,110800,1400,,,{'id': 153635}
1199580044,LONG,,1,105004800,99754600,"{'id': 2361, 'context': 0}"
1199580046,LONG,568900,23,,,{'id': 5784}
1199580048,LONG,12200,366,,,{'id': 12365}
1199580050,LONG,726200,370,,,{'id': 152547}
1199580051,LONG,3864100,34,,,{'id': 34736}
1199580053,LONG,476600,174,,,{'id': 124442}
1199580056,LONG,451500,34,,,{'id': 5465}
1199580058,LONG,19000,2,,,{'id': 173041}
1199580060,LONG,581500,50,,,{'id': 124104}
1199580062,LONG,1301600,30,,,{'id': 52718}
1199580064,LONG,1398200,2,,,{'id': 111673}
1199580067,LONG,42200,396,,,{'id': 167738}
1199580068,LONG,,1,322156300,306048500,"{'id': 49524, 'context': 0}"
1199580070,LONG,1617000,76,,,{'id': 74838}
1199580072,LONG,8029400,79,,,{'id': 60838}
1199580074,LONG,163700,14,,,{'id': 7070}
1199580079,LONG,105800,200,,,{'id': 152577}
1199580081,LONG,,1,28173700,27130300,"{'id': 146659, 'context': 0}"
1199580084,LONG,,1,52305900,49690600,"{'id': 51, 'context': 0}"
1199580090,LONG,51600,272,,,{'id': 152509}
1199580094,LONG,15200,5531,,,{'id': 153051}
1199580096,LONG,6600,2000,,,{'id': 168645}
1199580100,LONG,281100,25,,,{'id': 8171}
1199582104,LONG,2410300,150,,,{'id': 74864}
1199582107,LONG,213200,200,,,{'id': 21840}
1199582111,LONG,1784200,1,,,{'id': 147870}
1199582114,LONG,494900,919,,,{'id': 2319}
1199582117,LONG,608800,252,,,{'id': 163569}
1199582119,LONG,151100,218,,,{'id': 22446}
1199582122,LONG,2633800,8,,,{'id': 7966}
1199582124,LONG,573700,303,,,{'id': 3575}
1199582126,LONG,1153300,21,,,{'id': 38682}
1199582132,LONG,2832500,363,,,{'id': 74842}
1199582135,LONG,34800,2297,,,{'id': 153050}
1199582138,LONG,,1,63628400,60447000,"{'id': 163203, 'context': 0}"
1199582140,LONG,6778600,128,,,{'id': 25708}
1199582143,LONG,,1,2300578600,2185549700,"{'id': 3335, 'context': 0}"
1199582145,LONG,2322500,284,,,{'id': 41810}
1199582153,LONG,,1,79249900,75287400,"{'id': 122190, 'context': 0}"
1199582157,LONG,1777300,9,,,{'id': 111671}
1199582160,LONG,6518100,90,,,{'id': 43122}
1199582162,LONG,4737100,2,,,{'id': 133588}
1199582165,LONG,305500,409,,,{'id': 152549}
1199582167,LONG,854200,6,,,{'id': 10938}
1199582172,LONG,3032000,72,,,{'id': 168190}
1199582176,LONG,,1,1154254400,1096541700,"{'id': 12828, 'context': 0}"
1199582181,LONG,496000,2,,,{'id': 74837}
1199582186,LONG,5713400,10,,,{'id': 39151}
1199582189,LONG,6724300,12,,,{'id': 108337}
1199582192,LONG,4122800,81,,,{'id': 130175}
1199582197,LONG,30100,1200,,,{'id': 152541}
1199582202,LONG,1437200,109,,,{'id': 74848}
1199582338,LONG,890000,2,,,{'id': 2680}
1199582342,LONG,,1,30000000,15000000,"{'id': 47628, 'context': 0, 'modifiers': [{'type': 28, 'value': 1988}]}"
1199582346,LONG,113999900,18,,,{'id': 152615}
1199582349,LONG,3000,11,,,{'id': 24477}
1199582351,LONG,24000,600,,,{'id': 152505}
1199582356,LONG,,1,49999800,24999900,"{'id': 13520, 'context': 1, 'modifiers': [{'type': 28, 'value': 214}]}"
1199582359,LONG,18999900,6,,,{'id': 25679}
1199582367,LONG,700000,3,,,{'id': 27666}
1199582372,LONG,4007500,10,,,{'id': 76080}
1199582376,LONG,200000,10,,,{'id': 57191}
1199582380,LONG,36900,8,,,{'id': 12207}
1199582382,LONG,170000,100,,,{'id': 4305}
1199582383,LONG,4000000,8,,,{'id': 62662}
1199582385,LONG,49000000,1,,,{'id': 3390}
1199582387,LONG,9999900,2,,,{'id': 36784}
1199582390,LONG,760000,5,,,{'id': 3827}
1199582393,LONG,700000,20,,,{'id': 154887}
1199582395,LONG,240000,7,,,{'id': 76075}
1199582397,LONG,100000,10,,,{'id': 3730}
1199582398,LONG,400000,1,,,{'id': 3404}
1199582399,LONG,4500,266,,,{'id': 14047}
1199582402,LONG,150000,3,,,{'id': 7191}
1199582403,LONG,,1,155000000,77500000,"{'id': 10463, 'context': 0, 'modifiers': [{'type': 28, 'value': 29}]}"
1199582405,LONG,19200,4,,,{'id': 62781}
1199582408,LONG,149800,3,,,{'id': 5465}
1199582411,LONG,4199400,10,,,{'id': 46379}
1199582413,LONG,80800,19,,,{'id': 52719}
1199582414,LONG,87000,485,,,{'id': 14048}
1199582418,LONG,7250000,1,,,{'id': 52128}
1199582420,LONG,3199900,20,,,{'id': 8949}
1199582421,LONG,3000000,10,,,{'id': 32423}
1199582423,LONG,220000,14,,,{'id': 13463}
1199582425,LONG,52000000,2,,,{'id': 62649}
1199582427,LONG,25000000,3,,,{'id': 33825}
1199582429,LONG,10499800,9,,,{'id': 74656}
1199582433,LONG,5000,51,,,{'id': 142336}
1199582436,LONG,1000000,10,,,{'id': 43647}
1199582441,LONG,1950000,10,,,{'id': 81403}
1199582445,LONG,2449900,1,,,{'id': 76553}
1199582448,LONG,1400000,2,,,{'id': 3663}
1199582452,LONG,12750000,3,,,{'id': 62669}
1199582454,LONG,36000000,3,,,{'id': 62666}
1199582459,LONG,15000,611,,,{'id': 152509}
1199582462,LONG,1199900,10,,,{'id': 4235}
1199582463,LONG,989900,3,,,{'id': 118704}
1199582464,LONG,30000,116,,,{'id': 21887}
1199582465,LONG,100000,2,,,{'id': 5635}
1199582467,LONG,13199900,9,,,{'id': 8951}
1199582468,LONG,4900000,2,,,{'id': 34762}
1199582471,LONG,10750000,2,,,{'id': 34747}
1199582474,LONG,20000000,4,,,{'id': 23819}
1199582476,LONG,150000,3,,,{'id': 5498}
1199582479,LONG,749800,14,,,{'id': 75038}
1199582483,LONG,8999800,10,,,{'id': 13760}
1199582488,LONG,500000,9,,,{'id': 109217}
1199582490,LONG,98000,13,,,{'id': 2458}
1199582492,LONG,720000,45,,,{'id': 6889}
1199582494,LONG,25250000,1,,,{'id': 86026}
1199582496,LONG,94800,4,,,{'id': 13446}
1199582498,LONG,850000,2,,,{'id': 724}
1199582500,LONG,800000,12,,,{'id': 118711}
1199582502,LONG,40000,115,,,{'id': 168311}
1199582503,LONG,70000,2,,,{'id': 138967}
1199582504,LONG,4600000,6,,,{'id': 62670}
1199582505,LONG,,1,1800000000,900000000,"{'id': 142370, 'context': 1, 'modifiers': [{'type': 28, 'value': 205}]}"
1199582507,LONG,250000,9,,,{'id': 5471}
1199582515,LONG,20000,1,,,{'id': 74252}
1199582518,LONG,111200,3,,,{'id': 12804}
1199582520,LONG,32000000,3,,,{'id': 86057}
1199582523,LONG,4627300,10,,,{'id': 4384}
1199582526,LONG,7000000,10,,,{'id': 34761}
1199582528,LONG,1750000,1,,,{'id': 2683}
1199582529,LONG,830000,12,,,{'id': 3383}
1199582530,LONG,2999600,5,,,{'id': 127837}
1199582532,LONG,1539800,26,,,{'id': 111442}
1199582535,LONG,40999900,7,,,{'id': 74661}
1199582537,LONG,390000,6,,,{'id': 41808}
1199582539,LONG,9899900,3,,,{'id': 127838}
1199582541,LONG,2696700,53,,,{'id': 61978}
1199582544,LONG,1500000,16,,,{'id': 15419}
1199582548,LONG,550000,15,,,{'id': 5500}
1199582550,LONG,4800000,1,,,{'id': 76087}
1199582552,LONG,10250000,1,,,{'id': 4366}
1199582553,LONG,1999800,101,,,{'id': 72095}
1199582554,LONG,489800,5,,,{'id': 22572}
1199582555,LONG,4900000,3,,,{'id': 3729}
1199582557,LONG,7500000,1,,,{'id': 34757}
1199582558,LONG,981100,15,,,{'id': 116170}
1199582560,LONG,999800,10,,,{'id': 53064}
1199582561,LONG,1270000,2,,,{'id': 76081}
1199582562,LONG,82500000,1,,,{'id': 42994}
1199582565,LONG,1499800,3,,,{'id': 109148}
1199582568,LONG,2499900,10,,,{'id': 39666}
1199582570,LONG,1899900,5,,,{'id': 23736}
1199582572,LONG,3500000,10,,,{'id': 109145}
1199582575,LONG,6399900,1,,,{'id': 2687}
1199582577,LONG,800000,1,,,{'id': 111669}
1199582578,LONG,400000,9,,,{'id': 5469}
1199582580,LONG,240000,3,,,{'id': 33448}
1199582712,LONG,4502300,388,,,{'id': 160400}
1199582714,LONG,58900,603,,,{'id': 133607}
1199582719,LONG,3492100,132,,,{'id': 3486}
1199582723,LONG,669800,2,,,{'id': 152877}
1199582726,LONG,208800,2000,,,{'id': 8170}
1199582728,LONG,332300,202,,,{'id': 2997}
1199582731,LONG,6600,200,,,{'id': 168645}
1199582735,LONG,2034900,5,,,{'id': 74849}
1199582739,LONG,510200,369,,,{'id': 151565}
1199582741,LONG,8600,6024,,,{'id': 152542}
1199582745,LONG,552500,74,,,{'id': 25649}
1199582750,LONG,2959200,133,,,{'id': 74847}
1199582754,LONG,5500,600,,,{'id': 154165}
1199582758,LONG,2986500,3,,,{'id': 74860}
1199582761,LONG,532500,122,,,{'id': 22449}
1199582764,LONG,3367600,2,,,{'id': 3712}
1199582768,LONG,,1,45854100,44155800,"{'id': 17721, 'context': 0}"
1199582772,LONG,,1,5404200,5134000,"{'id': 39505, 'context': 0}"
1199582775,LONG,2619400,5,,,{'id': 21153}
1199582780,LONG,409800,145,,,{'id': 109139}
1199582785,LONG,1810400,8,,,{'id': 62786}
1199582790,LONG,102300,952,,,{'id': 151564}
1199582796,LONG,15200,1000,,,{'id': 153051}
1199582801,LONG,91200,22,,,{'id': 124113}
1199582804,LONG,47900,1467,,,{'id': 152875}
1199582807,LONG,11400,304,,,{'id': 152631}
1199582809,LONG,,1,239652100,227669500,"{'id': 104244, 'context': 0}"
1199582811,LONG,5232600,200,,,{'id': 168189}
1199584259,LONG,30000,1,,,{'id': 24478}
1199584263,LONG,1999400,3,,,{'id': 10561}
1199584265,LONG,1000,1739,,,{'id': 154722}
1199584266,LONG,,1,43427900,21714000,"{'id': 23593, 'context': 14}"
1199584268,LONG,6750000,1,,,{'id': 58089}
1199584269,LONG,5549700,2,,,{'id': 76084}
1199584272,LONG,900000,6,,,{'id': 12210}
1199584274,LONG,300000,1,,,{'id': 33460}
1199584276,LONG,4999900,17,,,{'id': 43108}
1199584280,LONG,36000000,3,,,{'id': 62654}
1199584281,LONG,4649900,1,,,{'id': 132514}
1199584282,LONG,,1,1149985300,574992700,"{'id': 22739, 'context': 0}"
1199584284,LONG,500000,18,,,{'id': 8846}
1199584285,LONG,49000000,10,,,{'id': 126935}
1199584288,LONG,250000,20,,,{'id': 169449}
1199584289,LONG,1000000,3,,,{'id': 12213}
1199584290,LONG,990000,1,,,{'id': 127836}
1199584291,LONG,3700,5,,,{'id': 152542}
1199584294,LONG,1900,600,,,{'id': 154165}
1199584296,LONG,150000,3,,,{'id': 5498}
1199584298,LONG,1600000,6,,,{'id': 5524}
1199584300,LONG,1661700,5,,,{'id': 76079}
1199584301,LONG,59800,7,,,{'id': 74841}
1199584307,LONG,90000,22,,,{'id': 158201}
1199584308,LONG,479800,5,,,{'id': 3486}
1199584310,LONG,5900,663,,,{'id': 153635}
1199584312,LONG,3500000,5,,,{'id': 17203}
1199584314,LONG,13900,16,,,{'id': 152508}
1199584316,LONG,866800,33,,,{'id': 112090}
1199584317,LONG,1689200,6,,,{'id': 166804}
1199584319,LONG,350000,4,,,{'id': 31670}
1199584320,LONG,2599700,39,,,{'id': 116266}
1199584322,LONG,10000,1,,,{'id': 12037}
1199584323,LONG,71000,2000,,,{'id': 152577}
1199584327,LONG,1749500,26,,,{'id': 15407}
1199584329,LONG,2959300,1,,,{'id': 87872}
1199584330,LONG,40000,80,,,{'id': 168311}
1199584332,LONG,70000000,2,,,{'id': 46849}
1199584333,LONG,10900,12,,,{'id': 7972}
1199584334,LONG,2995300,9,,,{'id': 168529}
1199584337,LONG,3000000,5,,,{'id': 13851}
1199584339,LONG,3404800,1,,,{'id': 23782}
1199584342,LONG,92500000,1,,,{'id': 60858}
1199584344,LONG,300000,5,,,{'id': 61980}
1199584347,LONG,5349400,1,,,{'id': 76540}
1199584349,LONG,890000,1,,,{'id': 151579}
1199584353,LONG,22000000,1,,,{'id': 27659}
1199584356,LONG,2199900,3,,,{'id': 81410}
1199584357,LONG,2000000,9,,,{'id': 27669}
1199584359,LONG,3099900,39,,,{'id': 94289}
1199584362,LONG,10000,1,,,{'id': 12202}
1199584364,LONG,3000000,1,,,{'id': 36781}
1199584365,LONG,3500000,8,,,{'id': 23784}
1199584369,LONG,45000,5,,,{'id': 152550}
1199584370,LONG,7500,59,,,{'id': 74843}
1199584371,LONG,2000000,1,,,{'id': 111662}
1199584373,LONG,2000000,22,,,{'id': 25650}
1199584374,LONG,18000,2,,,{'id': 39520}
1199584375,LONG,,1,99220800,49610400,"{'id': 22903, 'context': 2}"
1199584378,LONG,2619300,20,,,{'id': 21153}
1199584381,LONG,4100000,3,,,{'id': 5996}
1199584383,LONG,500000,11,,,{'id': 43571}
1199584384,LONG,2227500,5,,,{'id': 156525}
1199584386,LONG,550000,12,,,{'id': 12214}
1199584387,LONG,22300,459,,,{'id': 2996}
1199584388,LONG,19800,1,,,{'id': 154885}
1199584390,LONG,200000000,2,,,{'id': 16006}
1199584393,LONG,1899900,21,,,{'id': 39681}
1199584396,LONG,,1,24999800,12499900,"{'id': 15759, 'context': 14, 'modifiers': [{'type': 28, 'value': 201}]}"
1199584399,LONG,1979700,2,,,{'id': 132515}
1199584401,LONG,550000,15,,,{'id': 109218}
1199584402,LONG,3099900,21,,,{'id': 111441}
1199584403,LONG,3000000,1,,,{'id': 1082}
1199584405,LONG,7749900,2,,,{'id': 12224}
1199584407,LONG,6000000,9,,,{'id': 41595}
1199584408,LONG,90000,111,,,{'id': 168649}
1199584409,LONG,435000,67,,,{'id': 163222}
1199584412,LONG,250000,11,,,{'id': 52181}
1199584416,LONG,13000000,7,,,{'id': 27657}
1199584417,LONG,50000,14,,,{'id': 168313}
1199584419,LONG,1353100,8,,,{'id': 41806}
1199584422,LONG,25000000,1,,,{'id': 4391}
1199584423,LONG,76000000,2,,,{'id': 62668}
1199584424,LONG,400000,1,,,{'id': 5469}
1199584471,LONG,,1,6661100,,"{'id': 128610, 'context': 0, 'modifiers': [{'type': 28, 'value': 331}]}"
1199584509,LONG,,1,740000,,"{'id': 4336, 'context': 0, 'bonus_lists': [6835]}"
1199584518,LONG,4990000,1,,,{'id': 31910}
1199584610,LONG,,1,110000,,"{'id': 10027, 'context': 0, 'bonus_lists': [6874]}"
1199584651,LONG,,1,599500,,"{'id': 10052, 'context': 0, 'bonus_lists': [6835]}"
1199584688,LONG,,1,529400,,"{'id': 6795, 'context': 0, 'bonus_lists': [6835]}"
1199584748,LONG,249900,1,,,{'id': 163224}
1199584942,LONG,,1,190000,,"{'id': 10044, 'context': 0, 'bonus_lists': [6877]}"
1199584948,LONG,11100,16,,,{'id': 152576}
1199585000,LONG,,1,1490000,,"{'id': 7052, 'context': 0, 'bonus_lists': [6863]}"
1199585003,LONG,32500,20,,,{'id': 179315}
1199585044,LONG,,1,1179800,,"{'id': 10018, 'context': 0, 'bonus_lists': [6873]}"
1199585077,LONG,,1,990000,,"{'id': 13868, 'context': 0, 'bonus_lists': [6879]}"
1199585082,LONG,300000,8,,,{'id': 41809}
1199585085,LONG,1849800,7,,,{'id': 35625}
1199585088,LONG,100000,21,,,{'id': 8154}
1199585090,LONG,4500,14,,,{'id': 14047}
1199585093,LONG,24000,373,,,{'id': 152505}
1199585095,LONG,1699900,4,,,{'id': 36933}
1199585096,LONG,8700,8,,,{'id': 163082}
1199585098,LONG,6000,1,,,{'id': 12208}
1199585099,LONG,4400,8,,,{'id': 5784}
1199586101,LONG,200000,118,,,{'id': 152510}
1199586104,LONG,500000,1,,,{'id': 81411}
1199586105,LONG,56800,15,,,{'id': 2997}
1199586106,LONG,17499900,9,,,{'id': 6371}
1199586108,LONG,3783700,1,,,{'id': 79251}
1199586112,LONG,2999800,7,,,{'id': 152640}
1199586116,LONG,1330100,52,,,{'id': 111650}
1199586119,LONG,900000,53,,,{'id': 124461}
1199586120,LONG,,1,2990000,,"{'id': 14128, 'context': 0, 'bonus_lists': [6883]}"
1199586122,LONG,1660000,15,,,{'id': 173057}
1199586123,LONG,7899300,26,,,{'id': 43127}
1199586127,LONG,50000,12,,,{'id': 27678}
1199586128,LONG,415200,2,,,{'id': 4387}
1199586131,LONG,15000,870,,,{'id': 152509}
1199586134,LONG,20800,2,,,{'id': 7974}
1199586136,LONG,1599900,19,,,{'id': 17197}
1199586138,LONG,500000,2,,,{'id': 111453}
1199586141,LONG,3249900,1,,,{'id': 34749}
1199586143,LONG,1900,2369,,,{'id': 154165}
1199586151,LONG,12900000,4,,,{'id': 5480}
1199586154,LONG,296900,1,,,{'id': 171268}
1199586155,LONG,66500,2,,,{'id': 22449}
1199586159,LONG,750000,4,,,{'id': 27661}
1199586162,LONG,770000,3,,,{'id': 2455}
1199586164,LONG,1979800,34,,,{'id': 7082}
1199586169,LONG,7000,30,,,{'id': 2838}
1199586171,LONG,16500000,20,,,{'id': 40769}
1199586174,LONG,4999900,19,,,{'id': 41594}
1199586176,LONG,3067900,5,,,{'id': 109160}
1199586177,LONG,,1,2490000,,"{'id': 7059, 'context': 0}"
1199586178,LONG,20000,644,,,{'id': 152511}
1199586181,LONG,80000,2,,,{'id': 168216}
1199586183,LONG,1500,55,,,{'id': 124118}
1199586187,LONG,41000000,1,,,{'id': 62660}
1199586188,LONG,5000000,1,,,{'id': 45932}
1199586193,LONG,3900000,3,,,{'id': 130172}
1199586194,LONG,10500000,1,,,{'id': 43001}
1199586196,LONG,326100,20,,,{'id': 166344}
1199586198,LONG,92500000,2,,,{'id': 13452}
1199586199,LONG,30000000,1,,,{'id': 62655}
1199586200,LONG,390000,11,,,{'id': 76090}
1199586201,LONG,2323700,1,,,{'id': 10559}
1199586206,LONG,40000,20,,,{'id': 168311}
1199586207,LONG,450000,2,,,{'id': 5525}
1199586210,LONG,137900,99,,,{'id': 52555}
1199586213,LONG,1100000,5,,,{'id': 27651}
1199586216,LONG,2999600,3,,,{'id': 130183}
1199586218,LONG,4000000,1,,,{'id': 12216}
1199586219,LONG,,1,679800,,"{'id': 4332, 'context': 0, 'bonus_lists': [6835]}"
1199586221,LONG,106800,10,,,{'id': 7079}
1199586223,LONG,67499900,1,,,{'id': 9155}
1199586224,LONG,18885500,7,,,{'id': 29547}
1199586225,LONG,2800000,15,,,{'id': 51950}
1199586226,LONG,1298900,4,,,{'id': 58146}
1199586228,LONG,7499800,5,,,{'id': 151608}
1199586230,LONG,,1,3500000,2896100,"{'id': 2408, 'context': 0, 'modifiers': [{'type': 28, 'value': 2}]}"
1199586234,LONG,6900000,3,,,{'id': 21718}
1199586235,LONG,29900,1413,,,{'id': 152506}
1199586240,LONG,38999900,2,,,{'id': 33874}
1199586242,LONG,80000000,5,,,{'id': 19026}
1199586246,LONG,60000,10,,,{'id': 3667}
1199586247,LONG,20000000,1,,,{'id': 20452}
1199586250,LONG,2500000,128,,,{'id': 132516}
1199586252,LONG,,1,6499900,3250000,"{'id': 142337, 'context': 1, 'modifiers': [{'type': 28, 'value': 282}]}"
1199586253,LONG,11000000,5,,,{'id': 87248}
1199586254,LONG,,1,147800,,"{'id': 6796, 'context': 0, 'bonus_lists': [6835]}"
1199586255,LONG,500000,10,,,{'id': 3823}
1199586258,LONG,700000,3,,,{'id': 53062}
1199586262,LONG,,1,700000,350000,"{'id': 151239, 'context': 13, 'bonus_lists': [6844]}"
1199586264,LONG,3006200,2,,,{'id': 76083}
1199586268,LONG,92800,125,,,{'id': 4304}
1199586284,LONG,,1,237000,,"{'id': 10056, 'context': 0, 'bonus_lists': [6835]}"
1199586286,LONG,6499800,1,,,{'id': 76131}
1199586310,LONG,,1,1240000,,"{'id': 6384, 'context': 0, 'bonus_lists': [6835]}"
1199586382,LONG,,1,270000,,"{'id': 2576, 'context': 0, 'bonus_lists': [6835]}"
1199586395,LONG,170000,74,,,{'id': 172089}
1199586418,LONG,,1,3119800,,"{'id': 14141, 'context': 0, 'bonus_lists': [6883]}"
1199586425,LONG,680000,15,,,{'id': 172047}
1199586435,LONG,,1,1000100,,"{'id': 34085, 'context': 0}"
1199586441,LONG,150000,256,,,{'id': 172051}
1199586468,LONG,,1,37003300,,"{'id': 138004, 'context': 0, 'modifiers': [{'type': 28, 'value': 331}]}"
1199586470,LONG,,1,60000,,"{'id': 7050, 'context': 0, 'bonus_lists': [6860]}"
1199586493,LONG,356900,200,,,{'id': 171268}
1199586501,LONG,,1,1339900,,"{'id': 14042, 'context': 0, 'bonus_lists': [6880]}"
1199586504,LONG,157500,1,,,{'id': 128500}
1199586521,LONG,,1,340100,,"{'id': 4318, 'context': 0, 'bonus_lists': [6854]}"
1199586528,LONG,388100,6,,,{'id': 22577}
1199586544,LONG,,1,990000,,"{'id': 10008, 'context': 0, 'bonus_lists': [6871]}"
1199586559,LONG,,1,709800,,"{'id': 10001, 'context': 0}"
1199586581,LONG,,1,860000,,"{'id': 10033, 'context': 0}"
1199586603,LONG,,1,97800,,"{'id': 2579, 'context': 0, 'bonus_lists': [6835]}"
1199586636,LONG,,1,28323900,,"{'id': 165742, 'context': 11, 'bonus_lists': [6835], 'modifiers': [{'type': 28, 'value': 391}]}"
1199586659,LONG,,1,149700,,"{'id': 10034, 'context': 0, 'bonus_lists': [6835]}"
1199586682,LONG,,1,190000,,"{'id': 13870, 'context': 0, 'bonus_lists': [6880]}"
1199586693,LONG,39600,3,,,{'id': 32902}
1199586701,LONG,89900,2,,,{'id': 32905}
1199586713,LONG,,1,480200,,"{'id': 14101, 'context': 0}"
1199586728,LONG,,1,11611400,7463200,"{'id': 4347, 'context': 1, 'modifiers': [{'type': 28, 'value': 215}]}"
1199586732,LONG,10000,1,,,{'id': 74834}
1199586736,LONG,8000,2062,,,{'id': 153051}
1199586739,LONG,35499900,2,,,{'id': 13888}
1199586742,LONG,510000,5,,,{'id': 168310}
1199586744,LONG,22999900,10,,,{'id': 87244}
1199586751,LONG,1239900,14,,,{'id': 76092}
1199586753,LONG,,1,140000,,"{'id': 10024, 'context': 0, 'bonus_lists': [6874]}"
1199586756,LONG,3500000,6,,,{'id': 74641}
1199586759,LONG,71000,762,,,{'id': 152577}
1199586762,LONG,20000,323,,,{'id': 152511}
1199586767,LONG,2000000,1,,,{'id': 34748}
1199586769,LONG,11000000,1,,,{'id': 3727}
1199586773,LONG,590000,1,,,{'id': 3382}
1199586775,LONG,1999400,5,,,{'id': 10561}
1199586780,LONG,,1,32999800,16499900,"{'id': 6390, 'context': 0}"
1199586785,LONG,,1,18000000,9000000,"{'id': 3873, 'context': 1}"
1199586787,LONG,,1,21606900,12373800,"{'id': 6045, 'context': 0}"
1199586792,LONG,2500000,40,,,{'id': 132516}
1199586797,LONG,4000,49,,,{'id': 12365}
1199586802,LONG,3700,800,,,{'id': 152542}
1199586803,LONG,,1,479800,,"{'id': 13869, 'context': 0, 'bonus_lists': [6879]}"
1199586805,LONG,5607300,10,,,{'id': 7392}
1199586806,LONG,250000,10,,,{'id': 53069}
1199586808,LONG,,1,10999700,5499900,"{'id': 10316, 'context': 1, 'modifiers': [{'type': 28, 'value': 215}]}"
1199586811,LONG,4908700,5,,,{'id': 7080}
1199586815,LONG,,1,99999700,49999900,"{'id': 24171, 'context': 1, 'modifiers': [{'type': 28, 'value': 1893}]}"
1199586818,LONG,220000,20,,,{'id': 3818}
1199586821,LONG,,1,2359800,1179900,"{'id': 72002, 'context': 0, 'modifiers': [{'type': 28, 'value': 1030}]}"
1199586827,LONG,77700,434,,,{'id': 22450}
1199586828,LONG,1299200,3,,,{'id': 23768}
1199586830,LONG,670000,72,,,{'id': 111444}
1199586832,LONG,29000,2,,,{'id': 814}
1199586836,LONG,600000,1,,,{'id': 152560}
1199586839,LONG,,1,769700,,"{'id': 7063, 'context': 0, 'bonus_lists': [6869]}"
1199586840,LONG,41324000,1,,,{'id': 42225}
1199586842,LONG,40000,20,,,{'id': 168311}
1199586844,LONG,4800000,1,,,{'id': 76087}
1199586852,LONG,14500000,1,,,{'id': 74636}
1199586856,LONG,,1,19899900,9950000,"{'id': 90900, 'context': 1}"
1199586860,LONG,18900,201,,,{'id': 133576}
1199586861,LONG,100000,6,,,{'id': 34053}
1199586867,LONG,999700,1,,,{'id': 41807}
1199586869,LONG,270000000,1,,,{'id': 21569}
1199586872,LONG,1000000,4,,,{'id': 3726}
1199586874,LONG,700000,7,,,{'id': 27666}
1199586876,LONG,168600,24,,,{'id': 15412}
1199586878,LONG,25000,4,,,{'id': 124108}
1199586884,LONG,5500000,4,,,{'id': 8167}
1199586891,LONG,,1,102500000,51250000,"{'id': 24166, 'context': 0}"
1199586897,LONG,49999900,42,,,{'id': 168489}
1199586901,LONG,3404800,24,,,{'id': 23782}
1199586902,LONG,9999100,1,,,{'id': 147868}
1199586907,LONG,30000,51,,,{'id': 74837}
1199586910,LONG,16999900,1,,,{'id': 13754}
1199586913,LONG,,1,99900,,"{'id': 2587, 'context': 0, 'bonus_lists': [6835]}"
1199586914,LONG,2500000,2,,,{'id': 13926}
1199586918,LONG,23000,1000,,,{'id': 167738}
1199586922,LONG,2249900,2,,,{'id': 62656}
1199586928,LONG,1249900,2,,,{'id': 74646}
1199586930,LONG,79800,4,,,{'id': 154889}
1199586932,LONG,860000000,1,,,{'id': 6316}
1199586935,LONG,2500000,2,,,{'id': 33824}
1199586939,LONG,,1,51349400,25674700,"{'id': 41787, 'context': 2, 'modifiers': [{'type': 28, 'value': 1092}]}"
1199586943,LONG,550000,2,,,{'id': 4358}
1199586946,LONG,3100000,1,,,{'id': 3662}
1199586951,LONG,267500,16,,,{'id': 116981}
1199586955,LONG,500000,2,,,{'id': 2681}
1199586956,LONG,400000,4,,,{'id': 3404}
1199586958,LONG,55000000,1,,,{'id': 62657}
1199586964,LONG,6489800,8,,,{'id': 152638}
1199586969,LONG,94600,2,,,{'id': 27674}
1199586970,LONG,554900,10,,,{'id': 168646}
1199586972,LONG,32000000,2,,,{'id': 23771}
1199586976,LONG,,1,2660000,,"{'id': 6385, 'context': 0, 'bonus_lists': [6835]}"
1199586979,LONG,460600,22,,,{'id': 111431}
1199586986,LONG,3499900,8,,,{'id': 41801}
1199586992,LONG,6800,2,,,{'id': 4364}
1199586995,LONG,,1,6000000,3000000,"{'id': 10498, 'context': 0}"
1199586999,LONG,,1,6000000,3000000,"{'id': 10498, 'context': 0}"
1199587012,LONG,19000,10,,,{'id': 173041}
1199587020,LONG,,1,769800,,"{'id': 10054, 'context': 0, 'bonus_lists': [6835]}"
1199587031,LONG,597500,8,,,{'id': 173039}
1199587061,LONG,,1,1870200,,"{'id': 14103, 'context': 0, 'bonus_lists': [6883]}"
1199587097,LONG,,1,49900,,"{'id': 2584, 'context': 0, 'bonus_lists': [6845]}"
1199589145,LONG,,1,259900,,"{'id': 5542, 'context': 0, 'bonus_lists': [6848]}"
1199589203,LONG,,1,3871700,,"{'id': 4320, 'context': 0, 'bonus_lists': [6853]}"
1199589240,LONG,,1,4990000,,"{'id': 14045, 'context': 0, 'bonus_lists': [6883]}"
1199589271,LONG,,1,896100,,"{'id': 10036, 'context': 0, 'bonus_lists': [6835]}"
1199589351,LONG,,1,139900,,"{'id': 10053, 'context': 0, 'bonus_lists': [6835]}"
1199589398,LONG,,1,1679800,,"{'id': 7061, 'context': 0, 'bonus_lists': [6867]}"
1199589450,LONG,,1,990000,,"{'id': 14108, 'context': 0, 'bonus_lists': [6883]}"
1199589486,LONG,,1,379900,,"{'id': 10023, 'context': 0, 'bonus_lists': [6873]}"
1199589521,LONG,,1,50100,,"{'id': 4309, 'context': 0}"
1199589562,LONG,,1,107200,,"{'id': 10046, 'context': 0}"
1199589607,LONG,,1,976600,,"{'id': 45626, 'context': 0, 'bonus_lists': [6853]}"
1199589632,LONG,,1,99900000,94905000,"{'id': 82800, 'context': 0, 'modifiers': [{'type': 6, 'value': 6303}], 'pet_breed_id': 22, 'pet_level': 25, 'pet_quality_id': 3, 'pet_species_id': 78}"
1199589638,LONG,,1,66567500,63239100,"{'id': 82800, 'context': 0, 'modifiers': [{'type': 6, 'value': 69490}], 'pet_breed_id': 12, 'pet_level': 25, 'pet_quality_id': 3, 'pet_species_id': 1699}"
1199589643,LONG,,1,99900000,94905000,"{'id': 82800, 'context': 0, 'modifiers': [{'type': 6, 'value': 5369}], 'pet_breed_id': 20, 'pet_level': 25, 'pet_quality_id': 3, 'pet_species_id': 52}"
1199589648,LONG,,1,99900000,94905000,"{'id': 82800, 'context': 0, 'modifiers': [{'type': 6, 'value': 2955}], 'pet_breed_id': 21, 'pet_level': 25, 'pet_quality_id': 3, 'pet_species_id': 74}"
1199589654,LONG,,1,1240000,,"{'id': 6836, 'context': 0, 'bonus_lists': [6835]}"
1199589661,LONG,18000000,2,,,{'id': 129288}
1199589662,LONG,,1,99900000,94905000,"{'id': 82800, 'context': 0, 'modifiers': [{'type': 6, 'value': 5556}], 'pet_breed_id': 8, 'pet_level': 25, 'pet_quality_id': 3, 'pet_species_id': 40}"
1199589665,LONG,2300000,3,,,{'id': 3666}
1199589666,LONG,,1,181473400,172399700,"{'id': 82800, 'context': 0, 'modifiers': [{'type': 6, 'value': 80458}], 'pet_breed_id': 18, 'pet_level': 25, 'pet_quality_id': 3, 'pet_species_id': 2476}"
1199589671,LONG,21500000,4,,,{'id': 10507}
1199589672,LONG,,1,99790000,94800500,"{'id': 82800, 'context': 0, 'modifiers': [{'type': 6, 'value': 69488}], 'pet_breed_id': 21, 'pet_level': 25, 'pet_quality_id': 3, 'pet_species_id': 1701}"
1199589673,LONG,3999900,5,,,{'id': 2888}
1199589679,LONG,,1,55340000,54490000,"{'id': 82800, 'context': 0, 'modifiers': [{'type': 6, 'value': 69489}], 'pet_breed_id': 10, 'pet_level': 25, 'pet_quality_id': 3, 'pet_species_id': 1700}"
1199589680,LONG,3248800,10,,,{'id': 15414}
1199589687,LONG,,1,147200,73600,"{'id': 3683, 'context': 11}"
1199589688,LONG,,1,99900000,94905000,"{'id': 82800, 'context': 0, 'modifiers': [{'type': 6, 'value': 11709}], 'pet_breed_id': 10, 'pet_level': 25, 'pet_quality_id': 3, 'pet_species_id': 224}"
1199589691,LONG,299900,3,,,{'id': 113992}
1199589692,LONG,,1,99900000,94905000,"{'id': 82800, 'context': 0, 'modifiers': [{'type': 6, 'value': 1206}], 'pet_breed_id': 15, 'pet_level': 25, 'pet_quality_id': 3, 'pet_species_id': 75}"
1199589695,LONG,1100000,27,,,{'id': 111445}
1199589698,LONG,,1,99900000,94905000,"{'id': 82800, 'context': 0, 'modifiers': [{'type': 6, 'value': 20029}], 'pet_breed_id': 15, 'pet_level': 25, 'pet_quality_id': 3, 'pet_species_id': 145}"
1199589699,LONG,6000,12,,,{'id': 12208}
1199589701,LONG,,1,69900000,66405000,"{'id': 82800, 'context': 0, 'modifiers': [{'type': 6, 'value': 74513}], 'pet_breed_id': 3, 'pet_level': 25, 'pet_quality_id': 3, 'pet_species_id': 2001}"
1199589703,LONG,,1,99999500,49999800,"{'id': 118376, 'context': 0}"
1199589708,LONG,280000,4,,,{'id': 113111}
1199589709,LONG,,1,99900000,94905000,"{'id': 82800, 'context': 0, 'modifiers': [{'type': 6, 'value': 5586}], 'pet_breed_id': 4, 'pet_level': 25, 'pet_quality_id': 3, 'pet_species_id': 41}"
1199589711,LONG,2999800,4,,,{'id': 65365}
1199589713,LONG,,1,99900000,94905000,"{'id': 82800, 'context': 0, 'modifiers': [{'type': 6, 'value': 4626}], 'pet_breed_id': 13, 'pet_level': 25, 'pet_quality_id': 3, 'pet_species_id': 137}"
1199589716,LONG,3261000,7,,,{'id': 43121}
1199589718,LONG,,1,99900000,94905000,"{'id': 82800, 'context': 0, 'modifiers': [{'type': 6, 'value': 58170}], 'pet_breed_id': 6, 'pet_level': 24, 'pet_quality_id': 3, 'pet_species_id': 1426}"
1199589719,LONG,159000,9,,,{'id': 23117}
1199589720,LONG,,1,305500,,"{'id': 7057, 'context': 0}"
1199589723,LONG,2249600,2,,,{'id': 1080}
1199589724,LONG,,1,399900000,379905000,"{'id': 82800, 'context': 0, 'modifiers': [{'type': 6, 'value': 90993}], 'pet_breed_id': 17, 'pet_level': 25, 'pet_quality_id': 3, 'pet_species_id': 2707}"
1199589726,LONG,330000,8,,,{'id': 4232}
1199589730,LONG,,1,69900000,66405000,"{'id': 82800, 'context': 0, 'modifiers': [{'type': 6, 'value': 60975}], 'pet_breed_id': 18, 'pet_level': 25, 'pet_quality_id': 3, 'pet_species_id': 1600}"
1199589733,LONG,2300000,3,,,{'id': 142334}
1199589735,LONG,3459600,8,,,{'id': 8836}
1199589738,LONG,1250000,25,,,{'id': 4233}
1199589742,LONG,,1,1194600,1185200,"{'id': 45092, 'context': 3}"
1199589743,LONG,6200,1522,,,{'id': 168650}
1199589749,LONG,,1,32000000,16000000,"{'id': 18652, 'context': 14, 'modifiers': [{'type': 28, 'value': 33}]}"
1199589753,LONG,3999600,1,,,{'id': 23559}
1199589758,LONG,25000000,1,,,{'id': 12209}
1199589764,LONG,501500,1,,,{'id': 76552}
1199589768,LONG,12000000,1,,,{'id': 34759}
1199589773,LONG,23000,3305,,,{'id': 167738}
1199589780,LONG,2000000,10,,,{'id': 43646}
1199589785,LONG,5000,64,,,{'id': 142336}
1199589789,LONG,,1,75000000,37500000,"{'id': 12706, 'context': 14}"
1199589793,LONG,317000,80,,,{'id': 174327}
1199589799,LONG,40999900,5,,,{'id': 74661}
1199589800,LONG,,1,9879000,,"{'id': 14111, 'context': 0, 'bonus_lists': [6883]}"
1199589802,LONG,2500000,2,,,{'id': 787}
1199589807,LONG,60000,4,,,{'id': 733}
1199589811,LONG,,1,110000000,55000000,"{'id': 12714, 'context': 14}"
1199589815,LONG,410300,40,,,{'id': 109123}
1199589816,LONG,15000,21,,,{'id': 153050}
1199589820,LONG,551600,4,,,{'id': 7069}
1199589825,LONG,100000,53,,,{'id': 2319}
1199589832,LONG,71000,2097,,,{'id': 152577}
1199589835,LONG,480200,250,,,{'id': 129032}
1199589839,LONG,,1,9079900,4540000,"{'id': 3872, 'context': 0}"
1199589844,LONG,5000000,4,,,{'id': 58260}
1199589849,LONG,5050400,7,,,{'id': 58489}
1199589854,LONG,,1,12899900,6450000,"{'id': 22565, 'context': 14}"
1199589858,LONG,6059600,2,,,{'id': 4236}
1199589864,LONG,,1,149999900,75000000,"{'id': 32411, 'context': 0, 'modifiers': [{'type': 28, 'value': 1012}]}"
1199589866,LONG,,1,990000,,"{'id': 4313, 'context': 0}"
1199589867,LONG,,1,15009200,7504600,"{'id': 72012, 'context': 0}"
1199589873,LONG,500000,9,,,{'id': 6362}
1199589876,LONG,200000,20,,,{'id': 111670}
1199589881,LONG,149999900,2,,,{'id': 9088}
1199589887,LONG,19999800,6,,,{'id': 58085}
1199589891,LONG,,1,21595500,10797800,"{'id': 41780, 'context': 0, 'modifiers': [{'type': 28, 'value': 49}]}"
1199589894,LONG,600000,7,,,{'id': 152560}
1199589898,LONG,34999900,1,,,{'id': 39526}
1199589904,LONG,19000000,1,,,{'id': 62664}
1199589907,LONG,600000,1,,,{'id': 33048}
1199589912,LONG,10000000,5,,,{'id': 41266}
1199589916,LONG,100000,10,,,{'id': 1475}
1199589920,LONG,790000,10,,,{'id': 5526}
1199589924,LONG,42900,10,,,{'id': 111656}
1199589927,LONG,2643300,22,,,{'id': 77468}
1199589932,LONG,1000000,10,,,{'id': 111664}
1199589938,LONG,1200000,14,,,{'id': 34736}
1199589943,LONG,,1,72500000,36250000,"{'id': 7091, 'context': 0}"
1199589949,LONG,3329900,5,,,{'id': 76142}
1199589953,LONG,495000,20,,,{'id': 116276}
1199589955,LONG,3749700,3,,,{'id': 60838}
1199589958,LONG,100,239,,,{'id': 124439}
1199589962,LONG,141500,48,,,{'id': 168312}
1199589965,LONG,1350000,37,,,{'id': 116268}
1199589972,LONG,92200,67,,,{'id': 152549}
1199589977,LONG,70000000,7,,,{'id': 7072}
1199589980,LONG,3649900,53,,,{'id': 111437}
1199589984,LONG,1250000,10,,,{'id': 43572}
1199589988,LONG,2799900,2,,,{'id': 34752}
1199590030,LONG,,1,43300,,"{'id': 10045, 'context': 0, 'bonus_lists': [6836]}"
1199590092,LONG,,1,97700,,"{'id': 7051, 'context': 0, 'bonus_lists': [6862]}"
1199591141,LONG,,1,150000,,"{'id': 38278, 'context': 0, 'bonus_lists': [6835]}"
1199591188,LONG,,1,27300,,"{'id': 6786, 'context': 0}"
1199591228,LONG,,1,889900,,"{'id': 6263, 'context': 0, 'bonus_lists': [6849]}"
1199591288,LONG,,1,760000,,"{'id': 13865, 'context': 0, 'bonus_lists': [6883]}"
1199591353,LONG,,1,99900000,94905000,"{'id': 82800, 'context': 0, 'modifiers': [{'type': 6, 'value': 99883}], 'pet_breed_id': 14, 'pet_level': 25, 'pet_quality_id': 3, 'pet_species_id': 2922}"
1199591354,LONG,,1,1000400,,"{'id': 2569, 'context': 0, 'bonus_lists': [6842]}"
1199591356,LONG,,1,99900000,94905000,"{'id': 82800, 'context': 0, 'modifiers': [{'type': 6, 'value': 99900}], 'pet_breed_id': 18, 'pet_level': 25, 'pet_quality_id': 3, 'pet_species_id': 2909}"
1199591394,LONG,,1,170000,,"{'id': 10035, 'context': 0, 'bonus_lists': [6835]}"
1199591486,LONG,,1,1239700,,"{'id': 6239, 'context': 0, 'bonus_lists': [6841]}"
1199591582,LONG,,1,140000,,"{'id': 4324, 'context': 0}"
1199591613,LONG,3100000,1,,,{'id': 81409}
1199591615,LONG,603700,3,,,{'id': 4382}
1199591617,LONG,79800,20,,,{'id': 154889}
1199591620,LONG,6250000,10,,,{'id': 81402}
1199591624,LONG,5300000,1,,,{'id': 62659}
1199591626,LONG,11500000,7,,,{'id': 62653}
1199591631,LONG,2748800,10,,,{'id': 8172}
1199591632,LONG,,1,360000,,"{'id': 7055, 'context': 0, 'bonus_lists': [6863]}"
1199591634,LONG,1455900,30,,,{'id': 53068}
1199591636,LONG,3699900,10,,,{'id': 10592}
1199591644,LONG,,1,20000000,10000000,"{'id': 52366, 'context': 0}"
1199591649,LONG,16798900,4,,,{'id': 23571}
1199591654,LONG,500000,10,,,{'id': 40199}
1199591656,LONG,,1,19000000,9500000,"{'id': 23590, 'context': 14}"
1199591659,LONG,20000,207,,,{'id': 152545}
1199591661,LONG,59700,11,,,{'id': 7067}
1199591664,LONG,6000000,10,,,{'id': 109153}
1199591665,LONG,2999600,9,,,{'id': 2886}
1199591668,LONG,23999900,6,,,{'id': 24272}
1199591671,LONG,50000000,1,,,{'id': 52163}
1199591675,LONG,56800,15,,,{'id': 2997}
1199591682,LONG,499900,13,,,{'id': 71805}
1199591685,LONG,200000,9,,,{'id': 27681}
1199591689,LONG,7999900,2,,,{'id': 122348}
1199591691,LONG,2801000,8,,,{'id': 12820}
1199591694,LONG,,1,8999900,4500000,"{'id': 69968, 'context': 5, 'modifiers': [{'type': 28, 'value': 1029}]}"
1199591695,LONG,15199900,2,,,{'id': 62671}
1199591700,LONG,157500,10,,,{'id': 128500}
1199591702,LONG,990000,1,,,{'id': 127836}
1199591703,LONG,40000,381,,,{'id': 168303}
1199591707,LONG,350000,5,,,{'id': 40211}
1199591708,LONG,16500,10,,,{'id': 31671}
1199591711,LONG,,1,64000000,32000000,"{'id': 69976, 'context': 5, 'modifiers': [{'type': 28, 'value': 1029}]}"
1199591716,LONG,4009600,10,,,{'id': 154989}
1199591719,LONG,550000,1,,,{'id': 109218}
1199591721,LONG,20800,27,,,{'id': 7974}
1199591722,LONG,272100,2,,,{'id': 111601}
1199591724,LONG,21999900,10,,,{'id': 111457}
1199591726,LONG,5982600,5,,,{'id': 169280}
1199591730,LONG,200000,160,,,{'id': 174350}
1199591731,LONG,76999900,10,,,{'id': 168501}
1199591733,LONG,1499800,2,,,{'id': 111659}
1199591737,LONG,29500,5,,,{'id': 814}
1199591739,LONG,2000000,3,,,{'id': 5467}
1199591740,LONG,59100,21,,,{'id': 12206}
1199591742,LONG,10699900,1,,,{'id': 133566}
1199591743,LONG,7999800,9,,,{'id': 127846}
1199591745,LONG,51000000,15,,,{'id': 156526}
1199591749,LONG,3000,222,,,{'id': 7912}
1199591751,LONG,4900000,3,,,{'id': 86069}
1199591755,LONG,58900,105,,,{'id': 133607}
1199591759,LONG,400000,4,,,{'id': 41812}
1199591761,LONG,900000,5,,,{'id': 2674}
1199591763,LONG,4399900,2,,,{'id': 40771}
1199591765,LONG,50000,120,,,{'id': 168313}
1199591770,LONG,5499900,21,,,{'id': 152641}
1199591772,LONG,5499800,1,,,{'id': 53067}
1199591776,LONG,24499900,22,,,{'id': 53039}
1199591779,LONG,599900,1,,,{'id': 23112}
1199591782,LONG,1400000,2,,,{'id': 109221}
1199591783,LONG,,1,2430100,,"{'id': 22249, 'context': 0}"
1199591784,LONG,100000,30,,,{'id': 74847}
1199591790,LONG,2750000,3,,,{'id': 13935}
1199591793,LONG,1000000,1,,,{'id': 27422}
1199591795,LONG,400000,9,,,{'id': 43009}
1199591797,LONG,749900,57,,,{'id': 153661}
1199591798,LONG,1960000,1,,,{'id': 81405}
1199591800,LONG,5899900,3,,,{'id': 11382}
1199591803,LONG,40000,40,,,{'id': 168311}
1199591807,LONG,32000000,2,,,{'id': 23771}
1199591810,LONG,209900,5,,,{'id': 74864}
1199591812,LONG,2220000,56,,,{'id': 36913}
1199591816,LONG,34999900,1,,,{'id': 12190}
1199591818,LONG,500000,11,,,{'id': 74838}
1199591822,LONG,3799900,11,,,{'id': 111446}
1199591823,LONG,47900,384,,,{'id': 152875}
1199591825,LONG,1150000,18,,,{'id': 27425}
1199591830,LONG,39200,6,,,{'id': 62781}
1199591831,LONG,520000,9,,,{'id': 53066}
1199591834,LONG,25499900,1,,,{'id': 81408}
1199591837,LONG,2499700,10,,,{'id': 20963}
1199591839,LONG,3700,2405,,,{'id': 152542}
1199591842,LONG,13499900,1,,,{'id': 71810}
1199591850,LONG,240000,1,,,{'id': 33448}
1199593243,LONG,,1,6000000,,"{'id': 24657, 'context': 2, 'bonus_lists': [6654, 1678], 'modifiers': [{'type': 9, 'value': 30}, {'type': 28, 'value': 1068}]}"
1199593298,LONG,,1,10000000,,"{'id': 82262, 'context': 0, 'bonus_lists': [6654, 1713], 'modifiers': [{'type': 9, 'value': 35}, {'type': 28, 'value': 1035}]}"
1199593340,LONG,,1,70000000,35000000,"{'id': 22919, 'context': 1}"
1199593344,LONG,3700000,7,,,{'id': 43115}
1199593345,LONG,2899700,5,,,{'id': 40087}
1199593347,LONG,11000000,1,,,{'id': 7081}
1199593348,LONG,22300,423,,,{'id': 2996}
1199593349,LONG,5500000,4,,,{'id': 62652}
1199593353,LONG,450000,22,,,{'id': 15994}
1199593354,LONG,,1,10000000,,"{'id': 24645, 'context': 2, 'bonus_lists': [6654, 1677], 'modifiers': [{'type': 9, 'value': 30}, {'type': 28, 'value': 1068}]}"
1199593355,LONG,4900500,56,,,{'id': 43120}
1199593358,LONG,23749900,61,,,{'id': 168498}
1199593360,LONG,970000,84,,,{'id': 111433}
1199593363,LONG,240000,3,,,{'id': 76075}
1199593366,LONG,1499800,3,,,{'id': 13454}
1199593367,LONG,430000,7,,,{'id': 111666}
1199593370,LONG,1370000,3,,,{'id': 2679}
1199593374,LONG,400000,7,,,{'id': 133577}
1199593376,LONG,800000,5,,,{'id': 27668}
1199593379,LONG,2349900,40,,,{'id': 111436}
1199593382,LONG,45700,434,,,{'id': 168185}
1199593388,LONG,200000,2,,,{'id': 111670}
1199593390,LONG,,1,3999900,3488200,"{'id': 72010, 'context': 0, 'modifiers': [{'type': 28, 'value': 1030}]}"
1199593392,LONG,300000,9,,,{'id': 5470}
1199593394,LONG,4600000,1,,,{'id': 81401}
1199593399,LONG,70000,26,,,{'id': 62778}
1199593402,LONG,,1,49999800,24999900,"{'id': 24216, 'context': 0}"
1199593404,LONG,990000,9,,,{'id': 12655}
1199593408,LONG,207400,9,,,{'id': 36928}
1199593411,LONG,104999900,9,,,{'id': 13756}
1199593415,LONG,7799900,9,,,{'id': 111449}
1199593419,LONG,,1,372300,206700,"{'id': 12162, 'context': 14}"
1199593423,LONG,,1,5000000,,"{'id': 24882, 'context': 2, 'bonus_lists': [6654, 1681], 'modifiers': [{'type': 9, 'value': 30}, {'type': 28, 'value': 1068}]}"
1199593424,LONG,11999900,37,,,{'id': 18294}
1199593429,LONG,1900,3200,,,{'id': 154165}
1199593434,LONG,1000000,1,,,{'id': 43005}
1199593438,LONG,3249700,10,,,{'id': 15408}
1199593445,LONG,919400,3,,,{'id': 4231}
1199593449,LONG,250000,1,,,{'id': 5473}
1199593456,LONG,68300,138,,,{'id': 152513}
1199593460,LONG,800000,13,,,{'id': 111675}
1199593463,LONG,10999900,10,,,{'id': 15417}
1199593468,LONG,98000,4,,,{'id': 5997}
1199593469,LONG,,1,1320000,,"{'id': 24665, 'context': 2, 'bonus_lists': [6654, 1679], 'modifiers': [{'type': 9, 'value': 30}, {'type': 28, 'value': 1068}]}"
1199593474,LONG,1000000,1,,,{'id': 43268}
1199593481,LONG,,1,2499800,1391000,"{'id': 10315, 'context': 1, 'modifiers': [{'type': 28, 'value': 282}]}"
1199593487,LONG,20000,1416,,,{'id': 152511}
1199593492,LONG,30000,4,,,{'id': 1210}
1199593497,LONG,400000,2,,,{'id': 2682}
1199593508,LONG,409900,2,,,{'id': 180058}
1199593517,LONG,,1,99999900,50000000,"{'id': 24298, 'context': 3, 'modifiers': [{'type': 28, 'value': 1014}]}"
1199593519,LONG,2000,76,,,{'id': 124118}
1199593535,LONG,870000,2,,,{'id': 929}
1199593548,LONG,16000000,1,,,{'id': 6370}
1199593561,LONG,699800,6,,,{'id': 35622}
1199593574,LONG,90000,7,,,{'id': 1015}
1199593578,LONG,2314800,11,,,{'id': 41810}
1199593590,LONG,1020000,2,,,{'id': 76093}
1199593609,LONG,,1,679999900,340000000,"{'id': 104235, 'context': 0}"
1199593625,LONG,99900,25,,,{'id': 4359}
1199593646,LONG,2500000,1,,,{'id': 34750}
1199593653,LONG,14000,12,,,{'id': 109133}
1199593665,LONG,40000,20,,,{'id': 168311}
1199593675,LONG,,1,19500000,9750000,"{'id': 23592, 'context': 14}"
1199593680,LONG,,1,10000000,,"{'id': 82800, 'context': 0, 'modifiers': [{'type': 6, 'value': 90028}], 'pet_breed_id': 9, 'pet_level': 1, 'pet_quality_id': 2, 'pet_species_id': 2538}"
1199593688,LONG,6249900,16,,,{'id': 56850}
1199593703,LONG,3000000,9,,,{'id': 130245}
1199593707,LONG,4649900,39,,,{'id': 132514}
1199593717,LONG,18885500,2,,,{'id': 29547}
1199593723,LONG,4100000,1,,,{'id': 57194}
1199593747,LONG,2000000,3,,,{'id': 111662}
1199593751,LONG,2000000,2,,,{'id': 27636}
1199593766,LONG,9749900,10,,,{'id': 22823}
1199593776,LONG,,1,47500000,23750000,"{'id': 24165, 'context': 2, 'modifiers': [{'type': 28, 'value': 1079}]}"
1199593787,LONG,75800,367,,,{'id': 158187}
1199593798,LONG,1689200,80,,,{'id': 166804}
1199593802,LONG,100000,12,,,{'id': 158204}
1199593813,LONG,150000,10,,,{'id': 8169}
1199593828,LONG,45000,12,,,{'id': 152550}
1199593841,LONG,229600,87,,,{'id': 152877}
1199593849,LONG,8750000,9,,,{'id': 21714}
1199593862,LONG,199900,17,,,{'id': 37703}
1199593865,LONG,190000,4,,,{'id': 35624}
1199593880,LONG,30000,6,,,{'id': 52078}
1199593951,LONG,,1,7251600,,"{'id': 82800, 'context': 0, 'modifiers': [{'type': 6, 'value': 19987}], 'pet_breed_id': 13, 'pet_level': 1, 'pet_quality_id': 2, 'pet_species_id': 138}"
1199594052,LONG,,1,15009900,,"{'id': 82800, 'context': 0, 'modifiers': [{'type': 6, 'value': 65637}], 'pet_breed_id': 9, 'pet_level': 1, 'pet_quality_id': 3, 'pet_species_id': 1754}"
1199594062,LONG,262700,15,,,{'id': 171830}
1199594079,LONG,184400,11,,,{'id': 171831}
1199595110,LONG,167600,10,,,{'id': 171829}
1199595115,LONG,,1,12000000,,"{'id': 82800, 'context': 0, 'modifiers': [{'type': 6, 'value': 48668}], 'pet_breed_id': 3, 'pet_level': 1, 'pet_quality_id': 3, 'pet_species_id': 1234}"
1199595138,LONG,,1,14999900,,"{'id': 82800, 'context': 0, 'modifiers': [{'type': 6, 'value': 51408}], 'pet_breed_id': 8, 'pet_level': 1, 'pet_quality_id': 3, 'pet_species_id': 1329}"
1199595271,LONG,,1,4002400,,"{'id': 121157, 'context': 0, 'bonus_lists': [6654, 1680], 'modifiers': [{'type': 9, 'value': 45}, {'type': 28, 'value': 334}]}"
1199595348,LONG,,1,5006300,,"{'id': 159822, 'context': 0, 'bonus_lists': [6655, 1693], 'modifiers': [{'type': 9, 'value': 50}, {'type': 28, 'value': 1228}]}"
1199595373,LONG,,1,699900000,627908000,"{'id': 95416, 'context': 1, 'bonus_lists': [6883]}"
1199595403,LONG,12999700,1,,,{'id': 3828}
1199595406,LONG,2899700,5,,,{'id': 40087}
1199595413,LONG,6020000,1,,,{'id': 168662}
1199595418,LONG,1199800,7,,,{'id': 130176}
1199595426,LONG,14999400,4,,,{'id': 24271}
1199595428,LONG,37000000,2,,,{'id': 12215}
1199595435,LONG,7999900,19,,,{'id': 43105}
1199595439,LONG,200000,4,,,{'id': 858}
1199595444,LONG,3900000,7,,,{'id': 111450}
1199595450,LONG,4374500,40,,,{'id': 168506}
1199595459,LONG,550000,10,,,{'id': 116979}
1199595463,LONG,84900,15,,,{'id': 152547}
1199595467,LONG,1000000,42,,,{'id': 174352}
1199595474,LONG,3400000,8,,,{'id': 30155}
1199595478,LONG,7276800,10,,,{'id': 22846}
1199595482,LONG,,1,17000000,14424500,"{'id': 60223, 'context': 0}"
1199595484,LONG,52321600,2,,,{'id': 139312}
1199595488,LONG,13402500,10,,,{'id': 22847}
1199595490,LONG,2995300,60,,,{'id': 168529}
1199595491,LONG,,1,69142600,62228300,"{'id': 138792, 'context': 13}"
1199595500,LONG,17499900,1,,,{'id': 6371}
1199595503,LONG,13557300,7,,,{'id': 22841}
1199595507,LONG,31823100,1,,,{'id': 139271}
1199595509,LONG,6200,810,,,{'id': 168650}
1199595510,LONG,59812800,1,,,{'id': 151542}
1199595512,LONG,30002300,1,,,{'id': 139435}
1199595514,LONG,,1,35000300,31500300,"{'id': 138795, 'context': 13}"
1199595515,LONG,6499900,7,,,{'id': 3388}
1199595523,LONG,4999700,4,,,{'id': 41593}
1199595524,LONG,1650100,1,,,{'id': 149755}
1199595525,LONG,750000,10,,,{'id': 27671}
1199595534,LONG,13970700,10,,,{'id': 22842}
1199595535,LONG,45700,28,,,{'id': 168185}
1199595541,LONG,1199100,1,,,{'id': 80588}
1199595543,LONG,8999900,10,,,{'id': 109156}
1199595545,LONG,826900,2,,,{'id': 40919}
1199595551,LONG,20989600,1,,,{'id': 139436}
1199595553,LONG,749000,17,,,{'id': 2672}
1199595554,LONG,50000000,4,,,{'id': 52775}
1199595556,LONG,23000,2800,,,{'id': 167738}
1199595557,LONG,1414700,9,,,{'id': 72985}
1199595562,LONG,22999900,1,,,{'id': 137250}
1199595564,LONG,14974500,10,,,{'id': 22844}
1199595566,LONG,20000,3,,,{'id': 3173}
1199595569,LONG,2439900,1,,,{'id': 77101}
1199595571,LONG,,1,30990000,27891000,"{'id': 138793, 'context': 13}"
1199595574,LONG,,1,34700000,31230000,"{'id': 138791, 'context': 13}"
1199595575,LONG,424900,8,,,{'id': 6308}
1199595578,LONG,14852100,10,,,{'id': 22845}
1199595581,LONG,532400,1,,,{'id': 43350}
1199595584,LONG,2250000,20,,,{'id': 9233}
1199595588,LONG,,1,124740000,112266000,"{'id': 138789, 'context': 13}"
1199595591,LONG,3799900,4,,,{'id': 130179}
1199595595,LONG,15000,146,,,{'id': 152509}
1199595601,LONG,760000,5,,,{'id': 3827}
1199595613,LONG,,1,580000000,290000000,"{'id': 20547, 'context': 0}"
1199595622,LONG,141300,8,,,{'id': 36929}
1199595631,LONG,50000,2,,,{'id': 36782}
1199595634,LONG,8749900,3,,,{'id': 76088}
1199595643,LONG,1100000,3,,,{'id': 85504}
1199595648,LONG,,1,10000000,5811400,"{'id': 104227, 'context': 0}"
1199595656,LONG,6748900,4,,,{'id': 67229}
1199595665,LONG,24499900,8,,,{'id': 13757}
1199595668,LONG,2949800,16,,,{'id': 111454}
1199595674,LONG,232500,4,,,{'id': 2675}
1199595678,LONG,551600,1,,,{'id': 7069}
1199595680,LONG,9000000,10,,,{'id': 33872}
1199595687,LONG,900000,1,,,{'id': 5472}
1199595695,LONG,98000,6,,,{'id': 5997}
1199595696,LONG,90000,336,,,{'id': 21840}
1199595703,LONG,,1,257129800,157129800,"{'id': 82800, 'context': 0, 'modifiers': [{'type': 6, 'value': 6292}], 'pet_breed_id': 15, 'pet_level': 25, 'pet_quality_id': 3, 'pet_species_id': 1563}"
1199595714,LONG,7399900,10,,,{'id': 39334}
1199595716,LONG,1000000,12,,,{'id': 116271}
1199595724,LONG,,1,99220800,49610400,"{'id': 22903, 'context': 0, 'modifiers': [{'type': 28, 'value': 1012}]}"
1199595728,LONG,3900000,1,,,{'id': 81404}
1199595737,LONG,94800,6,,,{'id': 13446}
1199595742,LONG,,1,5479900,2740000,"{'id': 72013, 'context': 0}"
1199595753,LONG,2250000,27,,,{'id': 2677}
1199595758,LONG,,1,365000000,,"{'id': 82800, 'context': 0, 'modifiers': [{'type': 6, 'value': 45960}], 'pet_breed_id': 5, 'pet_level': 25, 'pet_quality_id': 3, 'pet_species_id': 213}"
1199595761,LONG,13900,508,,,{'id': 152508}
1199595769,LONG,1009800,165,,,{'id': 23793}
1199595774,LONG,9999900,5,,,{'id': 9172}
1199595784,LONG,40000,140,,,{'id': 168311}
1199595794,LONG,9999900,1,,,{'id': 36784}
1199595801,LONG,1882200,2,,,{'id': 36783}
1199595805,LONG,650000,3,,,{'id': 52180}
1199595819,LONG,,1,130000000,65000000,"{'id': 16246, 'context': 0, 'modifiers': [{'type': 28, 'value': 775}]}"
1199595825,LONG,330000,5,,,{'id': 4232}
1199595832,LONG,,1,241920300,227405100,"{'id': 82800, 'context': 0, 'modifiers': [{'type': 6, 'value': 78989}], 'pet_breed_id': 8, 'pet_level': 25, 'pet_quality_id': 3, 'pet_species_id': 2077}"
1199595834,LONG,2000000,1,,,{'id': 27669}
1199595847,LONG,107300,10,,,{'id': 12204}
1199595856,LONG,5700000,6,,,{'id': 21716}
1199595866,LONG,4615900,5,,,{'id': 23781}
1199595871,LONG,255000,7,,,{'id': 3385}
1199595877,LONG,900000,9,,,{'id': 118472}
1199595889,LONG,70000,191,,,{'id': 3576}
1199595900,LONG,20999800,1,,,{'id': 71807}
1199595912,LONG,700000,6,,,{'id': 28102}
1199595925,LONG,,1,7500000,3750000,"{'id': 52377, 'context': 1}"
1199595941,LONG,90000,7,,,{'id': 13464}
1199595945,LONG,302100,4,,,{'id': 4389}
1199595956,LONG,590000,17,,,{'id': 3382}
1199595957,LONG,,1,77754800,,"{'id': 82800, 'context': 0, 'modifiers': [{'type': 6, 'value': 59602}], 'pet_breed_id': 8, 'pet_level': 25, 'pet_quality_id': 3, 'pet_species_id': 1532}"
1199595967,LONG,90000,3,,,{'id': 118}
1199595980,LONG,2349900,65,,,{'id': 52186}
1199595992,LONG,1199800,9,,,{'id': 10560}
1199595996,LONG,20000,21,,,{'id': 52722}
1199596010,LONG,499900,112,,,{'id': 20816}
1199596023,LONG,3006200,2,,,{'id': 76083}
1199596038,LONG,92800,11,,,{'id': 4304}
1199596048,LONG,,1,111999600,,"{'id': 82800, 'context': 0, 'modifiers': [{'type': 6, 'value': 49289}], 'pet_breed_id': 5, 'pet_level': 25, 'pet_quality_id': 3, 'pet_species_id': 1320}"
1199596052,LONG,,1,111999600,,"{'id': 82800, 'context': 0, 'modifiers': [{'type': 6, 'value': 49289}], 'pet_breed_id': 5, 'pet_level': 25, 'pet_quality_id': 3, 'pet_species_id': 1320}"
1199596078,LONG,,1,64761600,,"{'id': 82800, 'context': 0, 'modifiers': [{'type': 6, 'value': 58722}], 'pet_breed_id': 17, 'pet_level': 25, 'pet_quality_id': 3, 'pet_species_id': 1416}"
1199597131,LONG,,1,70000000,,"{'id': 33924, 'context': 0}"
1199597395,LONG,1849800,3,,,{'id': 35625}
1199597402,LONG,500000,10,,,{'id': 6303}
1199597403,LONG,429700,47,,,{'id': 74840}
1199597405,LONG,900000,10,,,{'id': 52190}
1199597407,LONG,5000000,1,,,{'id': 42999}
1199597411,LONG,300000,605,,,{'id': 172934}
1199597418,LONG,160000,24,,,{'id': 23079}
1199597425,LONG,330000,10,,,{'id': 111439}
1199597428,LONG,750000,2,,,{'id': 130178}
1199597435,LONG,995800,10,,,{'id': 4461}
1199597440,LONG,1998900,2,,,{'id': 22788}
1199597444,LONG,640000,9,,,{'id': 28100}
1199597453,LONG,200000,7,,,{'id': 180055}
1199597456,LONG,75999900,3,,,{'id': 14342}
1199597460,LONG,16400,58,,,{'id': 74250}
1199597468,LONG,5500000,6,,,{'id': 22824}
1199597476,LONG,1130000,6,,,{'id': 2456}
1199597486,LONG,2899800,26,,,{'id': 111438}
1199597490,LONG,43999900,1,,,{'id': 163781}
1199597496,LONG,2500000,6,,,{'id': 13926}
1199597501,LONG,800000,7,,,{'id': 27668}
1199597507,LONG,,1,8999900,6041500,"{'id': 68782, 'context': 0, 'modifiers': [{'type': 28, 'value': 1026}]}"
1199597514,LONG,1799900,2,,,{'id': 39682}
1199597518,LONG,2633700,14,,,{'id': 7966}
1199597520,LONG,18600,800,,,{'id': 152576}
1199597527,LONG,1250000,10,,,{'id': 57099}
1199597533,LONG,6708600,10,,,{'id': 115502}
1199597537,LONG,650000,3,,,{'id': 133561}
1199597544,LONG,100000,10,,,{'id': 43501}
1199597548,LONG,440000,70,,,{'id': 154884}
1199597557,LONG,1979800,9,,,{'id': 7082}
1199597565,LONG,24000,255,,,{'id': 152505}
1199597570,LONG,,1,57418400,,"{'id': 55414, 'context': 0, 'bonus_lists': [1693]}"
1199597576,LONG,19300,1228,,,{'id': 152544}
1199597581,LONG,,1,761500,,"{'id': 183971, 'context': 9, 'bonus_lists': [6908, 6652, 1677], 'modifiers': [{'type': 9, 'value': 60}, {'type': 28, 'value': 1429}]}"
1199597582,LONG,290000,10,,,{'id': 133570}
1199597584,LONG,,1,1100000,856900,"{'id': 12833, 'context': 1, 'modifiers': [{'type': 28, 'value': 282}]}"
1199597587,LONG,,1,1084900,,"{'id': 179319, 'context': 17, 'bonus_lists': [6908, 6652, 1698], 'modifiers': [{'type': 9, 'value': 59}, {'type': 28, 'value': 747}]}"
1199597592,LONG,21249900,1,,,{'id': 43492}
1199597598,LONG,,1,1794000,,"{'id': 178943, 'context': 2, 'bonus_lists': [6908, 6652, 1703], 'modifiers': [{'type': 9, 'value': 60}, {'type': 28, 'value': 748}]}"
1199597600,LONG,15000000,9,,,{'id': 22826}
1199597608,LONG,,1,15705800,,"{'id': 159602, 'context': 0, 'bonus_lists': [4796, 1717], 'modifiers': [{'type': 9, 'value': 50}]}"
1199597612,LONG,32000000,5,,,{'id': 86432}
1199597621,LONG,5599900,10,,,{'id': 58145}
1199597634,LONG,2000000,1,,,{'id': 5467}
1199597639,LONG,1499900,2,,,{'id': 62676}
1199597649,LONG,9900,6,,,{'id': 138729}
1199597659,LONG,13900,400,,,{'id': 152508}
1199597669,LONG,100000,4,,,{'id': 34832}
1199597677,LONG,1200000,4,,,{'id': 168191}
1199597687,LONG,600000,3,,,{'id': 4390}
1199597690,LONG,,1,16500000,8250000,"{'id': 52369, 'context': 0}"
1199597699,LONG,1100000,1,,,{'id': 27651}
1199597708,LONG,8499800,2,,,{'id': 44328}
1199597709,LONG,806500,16,,,{'id': 171288}
1199597717,LONG,50000,26,,,{'id': 12184}
1199597729,LONG,800000,3,,,{'id': 6290}
1199597744,LONG,7999900,9,,,{'id': 15415}
1199597747,LONG,9799900,5,,,{'id': 74647}
1199597760,LONG,3499700,2,,,{'id': 23440}
1199597774,LONG,47000000,1,,,{'id': 9264}
1199597784,LONG,1100000,4,,,{'id': 3664}
1199597789,LONG,2700000,2,,,{'id': 22850}
1199597798,LONG,,1,26000000,13000000,"{'id': 7085, 'context': 0}"
1199597810,LONG,898100,10,,,{'id': 174349}
1199597812,LONG,,1,69356300,,"{'id': 159544, 'context': 0, 'bonus_lists': [4796, 1716], 'modifiers': [{'type': 9, 'value': 50}]}"
1199597822,LONG,1000000,1,,,{'id': 111651}
1199597826,LONG,,1,86230400,,"{'id': 87498, 'context': 0}"
1199597830,LONG,2969900,14,,,{'id': 12809}
1199597832,LONG,200000,9,,,{'id': 62780}
1199597836,LONG,,1,72322600,,"{'id': 60222, 'context': 0}"
1199597844,LONG,40000,50,,,{'id': 168311}
1199597848,LONG,,1,896300,,"{'id': 55494, 'context': 22, 'bonus_lists': [1702], 'modifiers': [{'type': 9, 'value': 42}]}"
1199597858,LONG,,1,4706000,,"{'id': 36154, 'context': 22, 'bonus_lists': [1706], 'modifiers': [{'type': 9, 'value': 45}]}"
1199597863,LONG,,1,35000000,17500000,"{'id': 47647, 'context': 0, 'modifiers': [{'type': 28, 'value': 1988}]}"
1199597867,LONG,,1,6728800,,"{'id': 176990, 'context': 2, 'bonus_lists': [6907, 6652, 7194, 1714], 'modifiers': [{'type': 9, 'value': 60}, {'type': 28, 'value': 748}]}"
1199597872,LONG,3399900,15,,,{'id': 153668}
1199597878,LONG,,1,984000,,"{'id': 175547, 'context': 0, 'bonus_lists': [6907, 1686], 'modifiers': [{'type': 9, 'value': 60}, {'type': 28, 'value': 1707}]}"
1199597882,LONG,10000,6,,,{'id': 1468}
1199597888,LONG,30000,64,,,{'id': 21887}
1199597893,LONG,,1,7210700,,"{'id': 173220, 'context': 0, 'bonus_lists': [6893], 'modifiers': [{'type': 9, 'value': 53}, {'type': 28, 'value': 391}, {'type': 29, 'value': 32}, {'type': 30, 'value': 40}]}"
1199597895,LONG,18749900,5,,,{'id': 6051}
1199597900,LONG,,1,2752100,,"{'id': 173218, 'context': 0, 'bonus_lists': [6893], 'modifiers': [{'type': 9, 'value': 53}, {'type': 28, 'value': 391}, {'type': 29, 'value': 40}, {'type': 30, 'value': 36}]}"
1199597902,LONG,50000,3,,,{'id': 109135}
1199597908,LONG,,1,4415800,,"{'id': 173214, 'context': 0, 'bonus_lists': [6893], 'modifiers': [{'type': 9, 'value': 53}, {'type': 28, 'value': 391}, {'type': 29, 'value': 49}, {'type': 30, 'value': 40}]}"
1199597912,LONG,6249900,1,,,{'id': 56850}
1199597916,LONG,6489800,4,,,{'id': 152638}
1199597923,LONG,77800,8,,,{'id': 6037}
1199597926,LONG,,1,141178800,,"{'id': 170325, 'context': 13, 'bonus_lists': [1687, 6883]}"
1199597931,LONG,55000000,1,,,{'id': 34754}
1199597937,LONG,57500000,3,,,{'id': 62651}
1199597939,LONG,,1,18982200,,"{'id': 161987, 'context': 13, 'bonus_lists': [1716, 4926]}"
1199597956,LONG,,1,18982200,,"{'id': 161987, 'context': 13, 'bonus_lists': [1698, 4926]}"
1199597962,LONG,150000,3,,,{'id': 52178}
1199597973,LONG,,1,32941700,,"{'id': 128896, 'context': 13, 'bonus_lists': [1698, 3392, 3408]}"
1199597977,LONG,2623900,2,,,{'id': 127841}
1199597983,LONG,,1,20731900,,"{'id': 128894, 'context': 13, 'bonus_lists': [1716, 3340, 3408]}"
1199597989,LONG,,1,89427100,44713600,"{'id': 25909, 'context': 0, 'modifiers': [{'type': 28, 'value': 1008}]}"
1199597994,LONG,16999900,12,,,{'id': 13442}
1199597997,LONG,,1,20731900,,"{'id': 128894, 'context': 13, 'bonus_lists': [1714, 3392, 3408]}"
1199598005,LONG,2000000,10,,,{'id': 122344}
1199598007,LONG,,1,20731900,,"{'id': 128894, 'context': 13, 'bonus_lists': [1684, 3392, 3408]}"
1199598018,LONG,9999100,1,,,{'id': 147868}
1199598020,LONG,,1,18823900,,"{'id': 128883, 'context': 13, 'bonus_lists': [1707, 3340, 3408]}"
1199598030,LONG,800000,10,,,{'id': 58142}
1199598033,LONG,,1,18823900,,"{'id': 128883, 'context': 13, 'bonus_lists': [1707, 3392, 3408]}"
1199598046,LONG,450000,56,,,{'id': 163224}
1199598047,LONG,,1,690400,,"{'id': 121163, 'context': 0, 'bonus_lists': [1812, 1678], 'modifiers': [{'type': 9, 'value': 44}]}"
1199598059,LONG,41324000,4,,,{'id': 42225}
1199598066,LONG,,1,1430600,,"{'id': 121158, 'context': 0, 'bonus_lists': [1812, 1703], 'modifiers': [{'type': 9, 'value': 44}]}"
1199598074,LONG,150000,12,,,{'id': 769}
1199598088,LONG,,1,30409400,,"{'id': 121052, 'context': 0, 'bonus_lists': [1812, 1683], 'modifiers': [{'type': 9, 'value': 42}]}"
1199598092,LONG,40000000,2,,,{'id': 62665}
1199599113,LONG,1849700,14,,,{'id': 29548}
1199599117,LONG,,1,10888400,,"{'id': 121008, 'context': 0, 'bonus_lists': [1812, 1704], 'modifiers': [{'type': 9, 'value': 42}]}"
1199599134,LONG,11299900,2,,,{'id': 35565}
1199599310,LONG,,1,2001300,,"{'id': 21766, 'context': 0, 'bonus_lists': [6878]}"
1199599350,LONG,,1,2000400,,"{'id': 20906, 'context': 0, 'bonus_lists': [6844]}"
1199599634,LONG,2299800,10,,,{'id': 111434}
1199599642,LONG,603700,2,,,{'id': 4382}
1199599643,LONG,500000,11,,,{'id': 6358}
1199599645,LONG,720000,1,,,{'id': 6889}
1199599647,LONG,7249900,1,,,{'id': 8956}
1199599651,LONG,,1,13499800,7771200,"{'id': 52373, 'context': 0, 'modifiers': [{'type': 28, 'value': 55}]}"
1199599655,LONG,749800,8,,,{'id': 3731}
1199599657,LONG,,1,2000000,1000000,"{'id': 138010, 'context': 0}"
1199599659,LONG,141000,24,,,{'id': 43010}
1199599663,LONG,430000,3,,,{'id': 111666}
1199599666,LONG,,1,41999900,21000000,"{'id': 18661, 'context': 1, 'modifiers': [{'type': 28, 'value': 201}]}"
1199599669,LONG,45999900,9,,,{'id': 13468}
1199599676,LONG,250000,7,,,{'id': 5471}
1199599683,LONG,7999900,8,,,{'id': 122348}
1199599686,LONG,100000,27,,,{'id': 5504}
1199599687,LONG,1699800,1,,,{'id': 28103}
1199599693,LONG,990000,1,,,{'id': 127836}
1199599698,LONG,17000000,16,,,{'id': 20008}
1199599706,LONG,1000,1295,,,{'id': 154722}
1199599713,LONG,6000000,2,,,{'id': 162560}
1199599717,LONG,1000000,20,,,{'id': 166343}
1199599724,LONG,495000,8,,,{'id': 116276}
1199599730,LONG,29000000,1,,,{'id': 31672}
1199599735,LONG,,1,41999900,21000000,"{'id': 47634, 'context': 0, 'modifiers': [{'type': 28, 'value': 1988}]}"
1199599744,LONG,20000,452,,,{'id': 152511}
1199599746,LONG,999900,1,,,{'id': 144329}
1199599753,LONG,13900,1920,,,{'id': 152508}
1199599758,LONG,2800000,10,,,{'id': 133574}
1199599767,LONG,6998600,4,,,{'id': 76086}
1199599776,LONG,49000000,1,,,{'id': 19262}
1199599780,LONG,500000,1,,,{'id': 109217}
1199599789,LONG,3499900,5,,,{'id': 180060}
1199599798,LONG,2000000,3,,,{'id': 8959}
1199599805,LONG,10000,12,,,{'id': 1710}
1199599813,LONG,5959200,35,,,{'id': 11371}
1199599818,LONG,500000,1,,,{'id': 85501}
1199599824,LONG,5499400,8,,,{'id': 68049}
1199599831,LONG,50000,155,,,{'id': 168313}
1199599843,LONG,,1,179999900,90000000,"{'id': 14490, 'context': 0}"
1199599846,LONG,499800,10,,,{'id': 6361}
1199599856,LONG,1241700,17,,,{'id': 62786}
1199599865,LONG,,1,89999400,44999700,"{'id': 18592, 'context': 11, 'modifiers': [{'type': 28, 'value': 201}]}"
1199599879,LONG,5570900,10,,,{'id': 25700}
1199599887,LONG,18600,2400,,,{'id': 152576}
1199599888,LONG,2500000,10,,,{'id': 36910}
1199599891,LONG,8750000,3,,,{'id': 21714}
1199599906,LONG,,1,170000000,85000000,"{'id': 35216, 'context': 0, 'modifiers': [{'type': 28, 'value': 1015}]}"
1199599910,LONG,5400,7,,,{'id': 38682}
1199599917,LONG,20000,27,,,{'id': 74834}
1199599928,LONG,138300,5,,,{'id': 172051}
1199599931,LONG,141300,2,,,{'id': 36929}
1199599932,LONG,3000000,1,,,{'id': 130245}
1199599944,LONG,5249900,2,,,{'id': 52340}
1199599949,LONG,27499900,19,,,{'id': 62680}
1199599960,LONG,77800,185,,,{'id': 6037}
1199599970,LONG,,1,89999900,45000000,"{'id': 3611, 'context': 0}"
1199599979,LONG,3249800,10,,,{'id': 13758}
1199599991,LONG,1000000,52,,,{'id': 39774}
1199599994,LONG,342600,97,,,{'id': 36905}
1199600002,LONG,144800,74,,,{'id': 154886}
1199600011,LONG,1749800,10,,,{'id': 27437}
1199600013,LONG,500000,2,,,{'id': 36924}
1199600014,LONG,2000000,2,,,{'id': 12218}
1199600027,LONG,5899900,31,,,{'id': 3389}
1199600031,LONG,2999900,1,,,{'id': 36930}
1199600032,LONG,39300,10,,,{'id': 111665}
1199600043,LONG,400000,20,,,{'id': 21842}
1199600046,LONG,267500,20,,,{'id': 116981}
1199600051,LONG,10000,3,,,{'id': 160298}
1199600054,LONG,600000,106,,,{'id': 3859}
1199600059,LONG,3499900,1,,,{'id': 41801}
1199600068,LONG,40000,120,,,{'id': 168311}
1199600073,LONG,150000,1,,,{'id': 168641}
1199600078,LONG,1500000,6,,,{'id': 43652}
1199600082,LONG,36800,1488,,,{'id': 152507}
1199600094,LONG,6800,6,,,{'id': 4364}
1199601104,LONG,50000,9,,,{'id': 62783}
1199601106,LONG,1499800,12,,,{'id': 12404}
1199601142,LONG,589700,6,,,{'id': 172920}
1199601175,LONG,,1,8740000,,"{'id': 3487, 'context': 0, 'bonus_lists': [6848]}"
1199601214,LONG,,1,3207500,,"{'id': 12429, 'context': 0, 'bonus_lists': [6883]}"
1199601244,LONG,,1,74000000,,"{'id': 173249, 'context': 64, 'bonus_lists': [6717, 7193, 1507]}"
1199601245,LONG,,1,74000000,,"{'id': 173249, 'context': 64, 'bonus_lists': [6717, 7194, 1507]}"
1199601247,LONG,,1,74000000,,"{'id': 173249, 'context': 64, 'bonus_lists': [6717, 7194, 1507]}"
1199601248,LONG,,1,74000000,,"{'id': 173249, 'context': 64, 'bonus_lists': [6717, 7193, 1507]}"
1199601249,LONG,,1,74000000,,"{'id': 173249, 'context': 64, 'bonus_lists': [6717, 7193, 1507]}"
1199601250,LONG,,1,74000000,,"{'id': 173249, 'context': 64, 'bonus_lists': [6717, 7194, 1507]}"
1199601251,LONG,,1,240000000,,"{'id': 172322, 'context': 63, 'bonus_lists': [6716, 1487]}"
1199601253,LONG,,1,240000000,,"{'id': 172322, 'context': 63, 'bonus_lists': [6716, 1487]}"
1199601268,LONG,,1,3490000,,"{'id': 7933, 'context': 0, 'bonus_lists': [6875]}"
1199601282,LONG,,1,2990000,,"{'id': 7919, 'context': 0, 'bonus_lists': [6873]}"
1199601288,LONG,99900,20,,,{'id': 63304}
1199601292,LONG,,1,240000000,,"{'id': 172322, 'context': 63, 'bonus_lists': [6716, 1487]}"
1199601297,LONG,,1,240000000,,"{'id': 172322, 'context': 63, 'bonus_lists': [6716, 1487]}"
1199601298,LONG,,1,240000000,,"{'id': 172322, 'context': 63, 'bonus_lists': [6716, 1487]}"
1199601305,LONG,750000,3,,,{'id': 36908}
1199601316,LONG,70000,105,,,{'id': 180733}
1199601323,LONG,,1,1539900,,"{'id': 2845, 'context': 0, 'bonus_lists': [6838]}"
1199601331,LONG,250000,107,,,{'id': 36906}
1199601353,LONG,129900,222,,,{'id': 183952}
1199601358,LONG,,1,3740000,,"{'id': 7945, 'context': 0, 'bonus_lists': [6874]}"
1199601384,LONG,99900,372,,,{'id': 175886}
1199601457,LONG,189000,19,,,{'id': 112158}
1199601478,LONG,842600,44,,,{'id': 173060}
1199601485,LONG,167600,17,,,{'id': 171829}
1199601516,LONG,262700,65,,,{'id': 171830}
1199601517,LONG,660000,8,,,{'id': 184090}
1199601551,LONG,180800,6,,,{'id': 171831}
1199601588,LONG,120000,36,,,{'id': 118576}
1199601622,LONG,55700,3,,,{'id': 171841}
1199601653,LONG,1750000,6,,,{'id': 171833}
1199601687,LONG,58800,26,,,{'id': 154882}
1199601735,LONG,150000,3,,,{'id': 179278}
1199601749,LONG,8600,2,,,{'id': 152496}
1199601763,LONG,20000,2,,,{'id': 153494}
1199601804,LONG,151900,18,,,{'id': 13453}
1199601817,LONG,166600,20,,,{'id': 172089}
1199601821,LONG,40000,2,,,{'id': 154166}
1199601837,LONG,44999800,1,,,{'id': 132517}
1199601855,LONG,300000,3,,,{'id': 154168}
1199601920,LONG,1499800,1,,,{'id': 109148}
1199601933,LONG,988700,63,,,{'id': 168583}
1199601934,LONG,249900,1,,,{'id': 163224}
1199601956,LONG,3000000,6,,,{'id': 52743}
1199601970,LONG,4509600,2,,,{'id': 168447}
1199601974,LONG,477800,43,,,{'id': 168589}
1199601992,LONG,617400,1,,,{'id': 153479}
1199601998,LONG,2750000,3,,,{'id': 21217}
1199602005,LONG,33500000,3,,,{'id': 6887}
1199602009,LONG,1799900,2,,,{'id': 61981}
1199602015,LONG,34000000,2,,,{'id': 62661}
1199602016,LONG,24999900,9,,,{'id': 34113}
1199602019,LONG,2799800,3,,,{'id': 168596}
1199602025,LONG,400000,24,,,{'id': 15992}
1199602028,LONG,108999900,1,,,{'id': 31079}
1199602031,LONG,4374500,109,,,{'id': 168506}
1199602035,LONG,,1,136565300,68282700,"{'id': 24194, 'context': 2, 'modifiers': [{'type': 28, 'value': 1075}]}"
1199602037,LONG,1499800,1,,,{'id': 13454}
1199602044,LONG,200000,164,,,{'id': 152510}
1199602048,LONG,2999800,6,,,{'id': 152640}
1199602053,LONG,40000,5,,,{'id': 168303}
1199602057,LONG,20000,14,,,{'id': 3173}
1199602060,LONG,4500000,1,,,{'id': 34756}
1199602065,LONG,17000000,1,,,{'id': 20008}
1199602067,LONG,1000,27,,,{'id': 154722}
1199602070,LONG,239800,15,,,{'id': 165755}
1199602072,LONG,750000,5,,,{'id': 38561}
1199602075,LONG,3500000,15,,,{'id': 13447}
1199602081,LONG,,1,45008000,22504000,"{'id': 69959, 'context': 3}"
1199602089,LONG,5549700,1,,,{'id': 76084}
1199602100,LONG,300000,11,,,{'id': 74860}
1199603105,LONG,,1,9980000,,"{'id': 18258, 'context': 11, 'bonus_lists': [6864], 'modifiers': [{'type': 28, 'value': 1911}]}"
1199603107,LONG,150000,11,,,{'id': 127834}
1199603113,LONG,270000,2,,,{'id': 3712}
1199603120,LONG,1100000,6,,,{'id': 3664}
1199603124,LONG,,1,54980000,,"{'id': 82800, 'context': 0, 'modifiers': [{'type': 6, 'value': 57803}], 'pet_breed_id': 17, 'pet_level': 2, 'pet_quality_id': 3, 'pet_species_id': 1428}"
1199603131,LONG,24499900,70,,,{'id': 53039}
1199603136,LONG,16499900,2,,,{'id': 4457}
1199603146,LONG,480000,5,,,{'id': 153480}
1199603148,LONG,12999900,1,,,{'id': 27516}
1199603149,LONG,10000000,1,,,{'id': 42995}
1199603164,LONG,42500,2,,,{'id': 109133}
1199603181,LONG,,1,2699800,1516500,"{'id': 4348, 'context': 0, 'modifiers': [{'type': 28, 'value': 1814}]}"
1199603188,LONG,3999800,4,,,{'id': 34753}
1199603194,LONG,451600,2,,,{'id': 52772}
1199603196,LONG,4559100,2,,,{'id': 109220}
1199603209,LONG,150000,3,,,{'id': 769}
1199603220,LONG,17000,210,,,{'id': 2836}
1199603229,LONG,800000,1,,,{'id': 5637}
1199603238,LONG,92800,17,,,{'id': 4304}
1199603241,LONG,2999900,1,,,{'id': 56477}
1199603258,LONG,6020000,20,,,{'id': 168662}
1199603269,LONG,4249900,10,,,{'id': 36921}
1199603274,LONG,450000,2,,,{'id': 168806}
1199603286,LONG,10000,33,,,{'id': 12037}
1199603292,LONG,1000000,3,,,{'id': 34755}
1199603302,LONG,36900,8,,,{'id': 12207}
1199603309,LONG,10000,1,,,{'id': 29740}
1199603316,LONG,6900000,10,,,{'id': 13462}
1199603331,LONG,,1,14999900,7500000,"{'id': 72011, 'context': 0, 'modifiers': [{'type': 28, 'value': 1030}]}"
1199603343,LONG,4500000,4,,,{'id': 23785}
1199603347,LONG,8000000,1,,,{'id': 42998}
1199603361,LONG,30000,33,,,{'id': 12205}
1199603373,LONG,176400,4,,,{'id': 27682}
1199603383,LONG,600000,11,,,{'id': 22791}
1199603386,LONG,229600,111,,,{'id': 152877}
1199603396,LONG,931000,7,,,{'id': 110617}
1199603399,LONG,3400000,2,,,{'id': 30155}
1199603403,LONG,260000,10,,,{'id': 8827}
1199603411,LONG,6499900,1,,,{'id': 3388}
1199603425,LONG,4999700,1,,,{'id': 41593}
1199603429,LONG,6748900,3,,,{'id': 67229}
1199603438,LONG,2499700,3,,,{'id': 45912}
1199603447,LONG,424900,8,,,{'id': 6308}
1199603461,LONG,22999900,1,,,{'id': 71806}
1199603469,LONG,19999800,1,,,{'id': 58085}
1199603482,LONG,,1,22844600,11422300,"{'id': 15775, 'context': 1}"
1199603492,LONG,1159800,6,,,{'id': 76089}
1199603504,LONG,27500000,18,,,{'id': 21024}
1199603510,LONG,232500,3,,,{'id': 2675}
1199603520,LONG,1750000,23,,,{'id': 20074}
1199603535,LONG,149600,8,,,{'id': 5523}
1199603543,LONG,14499900,2,,,{'id': 4394}
1199603545,LONG,4499900,10,,,{'id': 6052}
1199603557,LONG,999700,1,,,{'id': 41807}
1199603570,LONG,,1,779283700,389641900,"{'id': 15781, 'context': 1, 'modifiers': [{'type': 28, 'value': 201}]}"
1199603581,LONG,1800000,2,,,{'id': 17222}
1199603588,LONG,6499700,4,,,{'id': 76131}
1199603601,LONG,55000000,1,,,{'id': 13927}
1199603621,LONG,441000,12,,,{'id': 109219}
1199603632,LONG,2159500,2,,,{'id': 58091}
1199603637,LONG,5415300,8,,,{'id': 36922}
1199603651,LONG,3249900,10,,,{'id': 24243}
1199603664,LONG,850000,6,,,{'id': 4365}
1199603673,LONG,,1,2003200,,"{'id': 176771, 'context': 0, 'bonus_lists': [6907, 6652, 1690], 'modifiers': [{'type': 9, 'value': 60}, {'type': 28, 'value': 2060}]}"
1199603677,LONG,,1,128788700,66901200,"{'id': 12827, 'context': 1}"
1199603681,LONG,5499900,4,,,{'id': 152641}
1199603699,LONG,2900000,1,,,{'id': 4371}
1199603708,LONG,,1,800000,,"{'id': 176778, 'context': 0, 'bonus_lists': [6907, 6652, 1678], 'modifiers': [{'type': 9, 'value': 60}, {'type': 28, 'value': 1707}]}"
1199603712,LONG,10000,14,,,{'id': 12202}
1199603725,LONG,4400,2,,,{'id': 5784}
1199603728,LONG,,1,65999800,32999900,"{'id': 7092, 'context': 0}"
1199603736,LONG,60000,133,,,{'id': 152547}
1199603745,LONG,2040000,2,,,{'id': 81406}
1199603764,LONG,100000,7,,,{'id': 32231}
1199603774,LONG,599900,8,,,{'id': 23112}
1199603780,LONG,6249500,3,,,{'id': 39527}
1199603787,LONG,23999900,10,,,{'id': 129285}
1199603799,LONG,,1,8989900,4495000,"{'id': 72003, 'context': 0, 'modifiers': [{'type': 28, 'value': 1030}]}"
1199603803,LONG,12999900,1,,,{'id': 18588}
1199603817,LONG,990000,5,,,{'id': 127836}
1199603831,LONG,,1,69999900,35000000,"{'id': 33924, 'context': 0}"
1199603843,LONG,39600,7,,,{'id': 32902}
1199603856,LONG,16999900,1,,,{'id': 13442}
1199603860,LONG,80000000,10,,,{'id': 19026}
1199603869,LONG,1549700,2,,,{'id': 34751}
1199603877,LONG,300000,2,,,{'id': 6890}
1199603887,LONG,3769100,21,,,{'id': 76139}
1199603894,LONG,,1,32000000,16000000,"{'id': 68789, 'context': 0}"
1199603896,LONG,70000000,3,,,{'id': 7072}
1199603905,LONG,9999900,5,,,{'id': 174348}
1199603914,LONG,5399800,6,,,{'id': 4375}
1199603923,LONG,,1,1300000000,650000000,"{'id': 29725, 'context': 0, 'modifiers': [{'type': 28, 'value': 1008}]}"
1199606290,LONG,48100,419,,,{'id': 172089}
1199606329,LONG,11100,79,,,{'id': 152576}
1199606376,LONG,2930000,1,,,{'id': 80587}
1199606482,LONG,50000,10,,,{'id': 19441}
1199606489,LONG,3499900,3,,,{'id': 180057}
1199606491,LONG,,1,140000000,70000000,"{'id': 22914, 'context': 1, 'modifiers': [{'type': 28, 'value': 219}]}"
1199606493,LONG,604800,94,,,{'id': 2251}
1199606495,LONG,34000000,2,,,{'id': 81400}
1199606497,LONG,1000000,2,,,{'id': 128499}
1199606501,LONG,5899900,1,,,{'id': 3389}
1199606504,LONG,810000,4,,,{'id': 76095}
1199606506,LONG,750000,10,,,{'id': 111652}
1199606509,LONG,36000000,4,,,{'id': 62654}
1199606511,LONG,4649900,76,,,{'id': 132514}
1199606512,LONG,8000,520,,,{'id': 153051}
1199606513,LONG,3500000,13,,,{'id': 109145}
1199606514,LONG,10100,1,,,{'id': 111658}
1199606519,LONG,33000000,2,,,{'id': 86070}
1199606521,LONG,60000000,4,,,{'id': 62667}
1199606523,LONG,4750000,2,,,{'id': 76085}
1199606524,LONG,50000,37,,,{'id': 158202}
1199606526,LONG,2750000,1,,,{'id': 13935}
1199606529,LONG,600000,9,,,{'id': 33048}
1199606530,LONG,100000,3,,,{'id': 32231}
1199606531,LONG,4600000,1,,,{'id': 18045}
1199606532,LONG,2799900,6,,,{'id': 130181}
1199606535,LONG,150000,3,,,{'id': 77589}
1199606536,LONG,,1,10840000,5420000,"{'id': 52378, 'context': 0}"
1199606537,LONG,14500000,1,,,{'id': 74636}
1199606538,LONG,100000,20,,,{'id': 74847}
1199606540,LONG,1500000,4,,,{'id': 109152}
1199606542,LONG,2999800,10,,,{'id': 36930}
1199606543,LONG,300000,1,,,{'id': 74860}
1199606544,LONG,250000,11,,,{'id': 32227}
1199606547,LONG,350000,20,,,{'id': 31670}
1199606548,LONG,100000,5,,,{'id': 52179}
1199606549,LONG,92800,113,,,{'id': 4304}
1199606550,LONG,,1,17000000,8500000,"{'id': 7975, 'context': 0}"
1199606552,LONG,18900,80,,,{'id': 133576}
1199606555,LONG,350000,60,,,{'id': 22793}
1199606558,LONG,2000000,1,,,{'id': 42993}
1199606559,LONG,11500000,10,,,{'id': 34764}
1199606562,LONG,1649900,2,,,{'id': 62785}
1199606564,LONG,49800,108,,,{'id': 154891}
1199606565,LONG,250000,10,,,{'id': 38558}
1199606567,LONG,21500000,2,,,{'id': 42997}
1199606571,LONG,650000,1,,,{'id': 133561}
1199606573,LONG,11629300,10,,,{'id': 74648}
1199606576,LONG,1661700,1,,,{'id': 76079}
1199606577,LONG,2000000,33,,,{'id': 7286}
1199606578,LONG,600000,12,,,{'id': 12223}
1199606579,LONG,,1,18000000,9000000,"{'id': 23591, 'context': 14}"
1199606581,LONG,3900000,11,,,{'id': 130172}
1199606582,LONG,499700,26,,,{'id': 71808}
1199606586,LONG,15000,426,,,{'id': 152576}
1199606587,LONG,150000,1,,,{'id': 22645}
1199606590,LONG,11250000,3,,,{'id': 23437}
1199606595,LONG,6499900,10,,,{'id': 9187}
1199606603,LONG,6200,3000,,,{'id': 168650}
1199606609,LONG,2349900,4,,,{'id': 111436}
1199606611,LONG,2250000,19,,,{'id': 21071}
1199606617,LONG,9249600,9,,,{'id': 20424}
1199606623,LONG,250000,1,,,{'id': 5473}
1199606628,LONG,2500000,47,,,{'id': 20862}
1199606631,LONG,2749900,10,,,{'id': 151722}
1199606640,LONG,350000,5,,,{'id': 107640}
1199606643,LONG,8499900,1,,,{'id': 41814}
1199606652,LONG,883200,4,,,{'id': 7973}
1199606654,LONG,150000,20,,,{'id': 2862}
1199606661,LONG,750000,2,,,{'id': 8365}
1199606665,LONG,109800,10,,,{'id': 159825}
1199606667,LONG,150000,5,,,{'id': 2862}
1199606674,LONG,13000000,3,,,{'id': 27657}
1199606676,LONG,50000,139,,,{'id': 168313}
1199606679,LONG,650000,11,,,{'id': 2863}
1199606707,LONG,100000,9,,,{'id': 20816}
1199606730,LONG,2000000,1,,,{'id': 29739}
1199606742,LONG,2500,41,,,{'id': 30809}
1199606754,LONG,4600,53,,,{'id': 20863}
1199606769,LONG,9100,4,,,{'id': 20874}
1199606788,LONG,9100,4,,,{'id': 20867}
1199606831,LONG,2500000,36,,,{'id': 20865}
1199606855,LONG,9100,6,,,{'id': 20879}
1199606877,LONG,360000,5,,,{'id': 22576}
1199606909,LONG,,1,5000000,,"{'id': 176977, 'context': 0, 'bonus_lists': [6907, 6652, 1700], 'modifiers': [{'type': 9, 'value': 59}, {'type': 28, 'value': 1707}]}"
1199606927,LONG,,1,32001500,,"{'id': 121109, 'context': 0, 'bonus_lists': [6654, 1696], 'modifiers': [{'type': 9, 'value': 45}, {'type': 28, 'value': 333}]}"
1199606933,LONG,2500000,45,,,{'id': 20858}
1199606939,LONG,,1,16637900,,"{'id': 121079, 'context': 0, 'bonus_lists': [6654, 1714], 'modifiers': [{'type': 9, 'value': 45}, {'type': 28, 'value': 333}]}"
1199607041,LONG,102600,54,,,{'id': 20861}
1199608106,LONG,100000,46,,,{'id': 20859}
1199608124,LONG,302100,10,,,{'id': 4389}
1199608136,LONG,9100,2,,,{'id': 20882}
1199608149,LONG,104900,10,,,{'id': 76133}
1199608162,LONG,4600,54,,,{'id': 20864}
1199608178,LONG,749400,5,,,{'id': 58268}
1199608208,LONG,20000,22,,,{'id': 30810}
1199608221,LONG,9100,2,,,{'id': 20868}
1199608253,LONG,353800,31,,,{'id': 29426}
1199608261,LONG,9100,7,,,{'id': 20881}
1199608277,LONG,9100,3,,,{'id': 20877}
1199608291,LONG,603700,10,,,{'id': 4382}
1199608299,LONG,189800,1,,,{'id': 89112}
1199608305,LONG,9500,3,,,{'id': 21882}
1199608329,LONG,1980000,1,,,{'id': 76061}
1199608348,LONG,59700,1,,,{'id': 74841}
1199608369,LONG,356100,64,,,{'id': 20860}
1199608395,LONG,47500,2,,,{'id': 52718}
1199608410,LONG,59900,36,,,{'id': 72988}
1199608442,LONG,100000,60,,,{'id': 18945}
1199608472,LONG,13819900,1,,,{'id': 19278}
1199608500,LONG,2557800,1,,,{'id': 19269}
1199608531,LONG,,1,132300,,"{'id': 16830, 'context': 0}"
1199608552,LONG,169800,4,,,{'id': 76140}
1199608608,LONG,,1,1499900,,"{'id': 16840, 'context': 0}"
1199608640,LONG,,1,499900,,"{'id': 18229, 'context': 0}"
1199608662,LONG,9505600,1,,,{'id': 19271}
1199608684,LONG,2200,113,,,{'id': 74249}
1199608742,LONG,350500,26,,,{'id': 74247}
1199608771,LONG,59900,81,,,{'id': 72988}
1199608792,LONG,59900,200,,,{'id': 72988}
1199608803,LONG,,1,22200,,"{'id': 31837, 'context': 0}"
1199608828,LONG,916600,1,,,{'id': 76142}
1199608839,LONG,192100,1,,,{'id': 72986}
1199608852,LONG,8900,2,,,{'id': 80433}
1199608855,LONG,2011800,1,,,{'id': 139786}
1199608877,LONG,350000,4,,,{'id': 82441}
1199608894,LONG,1009600,1,,,{'id': 38772}
1199608931,LONG,,1,3699800,,"{'id': 16828, 'context': 0}"
1199608992,LONG,,1,3506500,,"{'id': 15119, 'context': 0}"
1199609020,LONG,,1,2399900,,"{'id': 16851, 'context': 0}"
1199609042,LONG,,1,132300,,"{'id': 16830, 'context': 0}"
1199609058,LONG,,1,1000000,,"{'id': 13123, 'context': 0}"
1199609081,LONG,,1,19998000,,"{'id': 13146, 'context': 0}"
1199610135,LONG,1661700,1,,,{'id': 76079}
1199610145,LONG,,1,2399900,,"{'id': 16851, 'context': 0}"
1199610153,LONG,,1,1000000,,"{'id': 13123, 'context': 0}"
1199610165,LONG,,1,12999800,,"{'id': 13075, 'context': 0}"
1199610169,LONG,45000,20,,,{'id': 3478}
1199610180,LONG,17800,20,,,{'id': 74866}
1199610187,LONG,4500,14,,,{'id': 74833}
1199610200,LONG,350000,26,,,{'id': 3470}
1199610212,LONG,37300,8,,,{'id': 17011}
1199610221,LONG,600,2,,,{'id': 7077}
1199610230,LONG,160000,4,,,{'id': 6372}
1199610243,LONG,1100,40,,,{'id': 74837}
1199610250,LONG,59700,3,,,{'id': 74841}
1199610297,LONG,,1,2399900,,"{'id': 16851, 'context': 0}"
1199610341,LONG,,1,5761700,,"{'id': 16858, 'context': 0}"
1199610394,LONG,608700,6,,,{'id': 171292}
1199610400,LONG,48100,20,,,{'id': 172089}
1199610459,LONG,2504600,2,,,{'id': 177840}
1199610905,LONG,,1,547741700,,"{'id': 106631, 'context': 29, 'bonus_lists': [3854, 91], 'modifiers': [{'type': 9, 'value': 50}]}"
1199610908,LONG,,1,59153400,,"{'id': 9919, 'context': 0, 'bonus_lists': [6654, 1705], 'modifiers': [{'type': 9, 'value': 30}, {'type': 28, 'value': 22}]}"
1199610910,LONG,,1,34268700,,"{'id': 3608, 'context': 1, 'modifiers': [{'type': 28, 'value': 204}]}"
1199610911,LONG,,1,9949700,,"{'id': 3192, 'context': 0, 'bonus_lists': [6655, 1708], 'modifiers': [{'type': 9, 'value': 30}, {'type': 28, 'value': 7}]}"
1199610916,LONG,,1,29286800,,"{'id': 10167, 'context': 0, 'bonus_lists': [6654, 1695], 'modifiers': [{'type': 9, 'value': 30}, {'type': 28, 'value': 35}]}"
1199610918,LONG,,1,5002200,,"{'id': 15239, 'context': 1, 'bonus_lists': [6655, 1679], 'modifiers': [{'type': 9, 'value': 30}, {'type': 28, 'value': 228}]}"
1199610920,LONG,,1,261307800,,"{'id': 25100, 'context': 0, 'bonus_lists': [6655, 1681], 'modifiers': [{'type': 9, 'value': 46}, {'type': 28, 'value': 1736}]}"
1199610922,LONG,25000000,3,,,{'id': 41611}
1199610927,LONG,,1,8825400,,"{'id': 25300, 'context': 0, 'bonus_lists': [6655, 1707], 'modifiers': [{'type': 9, 'value': 30}, {'type': 28, 'value': 39}]}"
1199610928,LONG,,1,39990000,,"{'id': 9856, 'context': 0, 'bonus_lists': [6654, 1677], 'modifiers': [{'type': 9, 'value': 30}, {'type': 28, 'value': 22}]}"
1199610932,LONG,,1,5958300,,"{'id': 24776, 'context': 1, 'bonus_lists': [6654, 1691], 'modifiers': [{'type': 9, 'value': 26}, {'type': 28, 'value': 1893}]}"
1199610934,LONG,,1,2828300,,"{'id': 6564, 'context': 1, 'bonus_lists': [6654, 1705], 'modifiers': [{'type': 9, 'value': 30}, {'type': 28, 'value': 213}]}"
1199610936,LONG,4400000,4,,,{'id': 23426}
1199610939,LONG,,1,478560500,,"{'id': 164404, 'context': 11}"
1199610941,LONG,,1,11867900,,"{'id': 68743, 'context': 0, 'bonus_lists': [6654], 'modifiers': [{'type': 9, 'value': 30}, {'type': 28, 'value': 73}]}"
1199610945,LONG,,1,16194500,,"{'id': 3186, 'context': 1, 'bonus_lists': [6655, 1705], 'modifiers': [{'type': 9, 'value': 30}, {'type': 28, 'value': 204}]}"
1199610947,LONG,,1,72500000,,"{'id': 24737, 'context': 0, 'bonus_lists': [6654, 1693], 'modifiers': [{'type': 9, 'value': 30}, {'type': 28, 'value': 39}]}"
1199610950,LONG,,1,4496800,,"{'id': 15263, 'context': 1, 'bonus_lists': [6655, 1694], 'modifiers': [{'type': 9, 'value': 26}, {'type': 28, 'value': 1925}]}"
1199610957,LONG,900000,2,,,{'id': 22452}
1199610960,LONG,,1,16966200,,"{'id': 24679, 'context': 36, 'bonus_lists': [1691, 3850], 'modifiers': [{'type': 9, 'value': 50}]}"
1199610962,LONG,,1,99000100,,"{'id': 22904, 'context': 1, 'modifiers': [{'type': 28, 'value': 228}]}"
1199610968,LONG,,1,605120500,,"{'id': 116696, 'context': 5, 'bonus_lists': [6654, 35, 551], 'modifiers': [{'type': 9, 'value': 40}, {'type': 28, 'value': 2016}]}"
1199610970,LONG,,1,7548400,,"{'id': 6614, 'context': 1, 'bonus_lists': [6654, 1708], 'modifiers': [{'type': 9, 'value': 30}, {'type': 28, 'value': 204}]}"
1199610971,LONG,60000,1,,,{'id': 22573}
1199610973,LONG,,1,8307900,,"{'id': 10233, 'context': 0, 'bonus_lists': [6654, 1707], 'modifiers': [{'type': 9, 'value': 30}, {'type': 28, 'value': 36}]}"
1199610976,LONG,,1,377484300,,"{'id': 25149, 'context': 36, 'bonus_lists': [1709, 3871], 'modifiers': [{'type': 9, 'value': 50}]}"
1199610979,LONG,,1,3689300,,"{'id': 3039, 'context': 1, 'bonus_lists': [6655], 'modifiers': [{'type': 9, 'value': 18}, {'type': 28, 'value': 1910}]}"
1199610982,LONG,,1,54744800,,"{'id': 3206, 'context': 1, 'bonus_lists': [6655, 1691], 'modifiers': [{'type': 9, 'value': 30}, {'type': 28, 'value': 204}]}"
1199610983,LONG,,1,47195000,,"{'id': 121225, 'context': 0, 'bonus_lists': [6654, 1681], 'modifiers': [{'type': 9, 'value': 45}, {'type': 28, 'value': 1167}]}"
1199610987,LONG,,1,29306600,,"{'id': 10387, 'context': 1, 'bonus_lists': [6654, 1680], 'modifiers': [{'type': 9, 'value': 30}, {'type': 28, 'value': 228}]}"
1199610991,LONG,,1,1178624800,,"{'id': 116556, 'context': 29, 'bonus_lists': [3876, 116, 517], 'modifiers': [{'type': 9, 'value': 50}]}"
1199610994,LONG,49989900,1,,,{'id': 161344}
1199611001,LONG,,1,34551700,,"{'id': 27684, 'context': 11, 'modifiers': [{'type': 28, 'value': 1736}]}"
1199611003,LONG,3438600,29,,,{'id': 9308}
1199611010,LONG,,1,173486600,,"{'id': 28498, 'context': 11, 'bonus_lists': [1680, 3681, 5588], 'modifiers': [{'type': 9, 'value': 30}]}"
1199611014,LONG,,1,135425800,,"{'id': 116610, 'context': 5, 'bonus_lists': [6655, 200, 517], 'modifiers': [{'type': 9, 'value': 40}, {'type': 28, 'value': 2016}]}"
1199611022,LONG,,1,2098864700,,"{'id': 25277, 'context': 36, 'bonus_lists': [1695, 3872], 'modifiers': [{'type': 9, 'value': 50}]}"
1199611025,LONG,,1,6450400,,"{'id': 6554, 'context': 0, 'bonus_lists': [6654, 1681], 'modifiers': [{'type': 9, 'value': 30}, {'type': 28, 'value': 3}]}"
1199611026,LONG,,1,50004400,,"{'id': 9776, 'context': 0, 'bonus_lists': [6654, 1709], 'modifiers': [{'type': 9, 'value': 30}, {'type': 28, 'value': 15}]}"
1199611032,LONG,,1,573956900,,"{'id': 25263, 'context': 36, 'bonus_lists': [1705, 3873], 'modifiers': [{'type': 9, 'value': 50}]}"
1199611033,LONG,,1,1403241600,,"{'id': 37749, 'context': 1, 'bonus_lists': [6659], 'modifiers': [{'type': 9, 'value': 30}, {'type': 28, 'value': 249}]}"
1199611039,LONG,,1,1514721700,,"{'id': 164273, 'context': 11}"
1199611042,LONG,,1,46807600,,"{'id': 7436, 'context': 0, 'bonus_lists': [6654, 1678], 'modifiers': [{'type': 9, 'value': 30}, {'type': 28, 'value': 25}]}"
1199611044,LONG,550000,4,,,{'id': 22574}
1199611046,LONG,,1,9640300,,"{'id': 25010, 'context': 36, 'bonus_lists': [1692, 3850], 'modifiers': [{'type': 9, 'value': 50}]}"
1199611051,LONG,,1,453324000,,"{'id': 144407, 'context': 6, 'bonus_lists': [3445, 41, 1472, 3528], 'modifiers': [{'type': 28, 'value': 621}]}"
1199611054,LONG,,1,35166400,,"{'id': 31203, 'context': 0, 'bonus_lists': [6691, 1706], 'modifiers': [{'type': 9, 'value': 30}, {'type': 28, 'value': 42}]}"
1199611056,LONG,,1,20821600,,"{'id': 15249, 'context': 0, 'bonus_lists': [6655, 1693], 'modifiers': [{'type': 9, 'value': 31}, {'type': 28, 'value': 1772}]}"
1199611058,LONG,,1,11830000,,"{'id': 10232, 'context': 0, 'bonus_lists': [6654, 1677], 'modifiers': [{'type': 9, 'value': 30}, {'type': 28, 'value': 25}]}"
1199611061,LONG,,1,7547300,,"{'id': 6583, 'context': 0, 'bonus_lists': [6654, 1691], 'modifiers': [{'type': 9, 'value': 30}, {'type': 28, 'value': 7}]}"
1199611062,LONG,,1,7547300,,"{'id': 6583, 'context': 1, 'bonus_lists': [6654, 1680], 'modifiers': [{'type': 9, 'value': 30}, {'type': 28, 'value': 213}]}"
1199611064,LONG,1770000,1,,,{'id': 23427}
1199611065,LONG,,1,173354900,,"{'id': 25163, 'context': 36, 'bonus_lists': [1691, 3871], 'modifiers': [{'type': 9, 'value': 50}]}"
1199611068,LONG,,1,1258100,,"{'id': 24667, 'context': 1, 'bonus_lists': [6654, 1709], 'modifiers': [{'type': 9, 'value': 26}, {'type': 28, 'value': 1893}]}"
1199611070,LONG,,1,61910800,,"{'id': 68759, 'context': 0, 'bonus_lists': [6654], 'modifiers': [{'type': 9, 'value': 30}, {'type': 28, 'value': 7}]}"
1199611072,LONG,,1,16496000,,"{'id': 9782, 'context': 1, 'bonus_lists': [6654, 1677], 'modifiers': [{'type': 9, 'value': 30}, {'type': 28, 'value': 213}]}"
1199611076,LONG,,1,21721600,,"{'id': 106706, 'context': 29, 'bonus_lists': [3854, 19], 'modifiers': [{'type': 9, 'value': 50}]}"
1199611078,LONG,,1,1099990800,,"{'id': 82800, 'context': 0, 'modifiers': [{'type': 6, 'value': 99882}], 'pet_breed_id': 10, 'pet_level': 1, 'pet_quality_id': 2, 'pet_species_id': 2940}"
1199611080,LONG,,1,28468900,,"{'id': 9807, 'context': 1, 'bonus_lists': [6654, 1678], 'modifiers': [{'type': 9, 'value': 30}, {'type': 28, 'value': 204}]}"
1199611084,LONG,,1,21471100,,"{'id': 9808, 'context': 0, 'bonus_lists': [6654, 1706], 'modifiers': [{'type': 9, 'value': 30}, {'type': 28, 'value': 18}]}"
1199612137,LONG,,1,98428400,,"{'id': 5108, 'context': 1, 'modifiers': [{'type': 28, 'value': 204}]}"
1199612139,LONG,,1,103235800,,"{'id': 25165, 'context': 36, 'bonus_lists': [1692, 3871], 'modifiers': [{'type': 9, 'value': 50}]}"
1199612143,LONG,,1,10535600,,"{'id': 106739, 'context': 29, 'bonus_lists': [3855, 201], 'modifiers': [{'type': 9, 'value': 50}]}"
1199612145,LONG,,1,6591200,,"{'id': 10231, 'context': 0, 'bonus_lists': [6654, 1707], 'modifiers': [{'type': 9, 'value': 30}, {'type': 28, 'value': 35}]}"
1199612148,LONG,,1,1819547400,,"{'id': 36613, 'context': 1, 'bonus_lists': [6655, 1695], 'modifiers': [{'type': 9, 'value': 30}, {'type': 28, 'value': 249}]}"
1199612152,LONG,,1,14674900,,"{'id': 2077, 'context': 1, 'bonus_lists': [6655, 1694], 'modifiers': [{'type': 9, 'value': 30}, {'type': 28, 'value': 204}]}"
1199612154,LONG,,1,8162700,,"{'id': 6268, 'context': 0, 'bonus_lists': [6654, 1680], 'modifiers': [{'type': 9, 'value': 30}, {'type': 28, 'value': 7}]}"
1199612634,LONG,,1,19500000,,"{'id': 172327, 'context': 63, 'bonus_lists': [6716, 1487]}"
1199615076,LONG,,1,8716900,,"{'id': 82278, 'context': 36, 'bonus_lists': [1693, 4767], 'modifiers': [{'type': 9, 'value': 50}]}"
1199615080,LONG,,1,8025600,,"{'id': 173217, 'context': 0, 'bonus_lists': [6893], 'modifiers': [{'type': 9, 'value': 51}, {'type': 28, 'value': 391}, {'type': 29, 'value': 40}, {'type': 30, 'value': 36}]}"
1199615083,LONG,,1,8025600,,"{'id': 173217, 'context': 0, 'bonus_lists': [6893], 'modifiers': [{'type': 9, 'value': 51}, {'type': 28, 'value': 391}, {'type': 29, 'value': 40}, {'type': 30, 'value': 49}]}"
1199615088,LONG,1029000,2,,,{'id': 153476}
1199615097,LONG,,1,4706000,,"{'id': 36154, 'context': 0, 'bonus_lists': [6654, 1695], 'modifiers': [{'type': 9, 'value': 50}, {'type': 28, 'value': 1401}]}"
1199616102,LONG,650400,5,,,{'id': 154166}
1199616106,LONG,,1,3358900,,"{'id': 55854, 'context': 22}"
1199616109,LONG,,1,69544500,,"{'id': 159800, 'context': 0, 'bonus_lists': [4796, 1680], 'modifiers': [{'type': 9, 'value': 50}]}"
1199616117,LONG,,1,1008900,,"{'id': 36039, 'context': 36, 'bonus_lists': [1692, 3850], 'modifiers': [{'type': 9, 'value': 50}]}"
1199616125,LONG,189800,5,,,{'id': 89112}
1199616128,LONG,10000,5,,,{'id': 160298}
1199616137,LONG,,1,147199100,,"{'id': 36461, 'context': 36, 'bonus_lists': [1681, 3872], 'modifiers': [{'type': 9, 'value': 50}]}"
1199616143,LONG,26800,10,,,{'id': 152576}
1199616148,LONG,26800,20,,,{'id': 152576}
1199616155,LONG,26800,50,,,{'id': 152576}
1199616158,LONG,26800,5,,,{'id': 152576}
1199616171,LONG,,1,5385400,,"{'id': 55663, 'context': 28, 'bonus_lists': [1713, 4763], 'modifiers': [{'type': 9, 'value': 50}]}"
1199616175,LONG,,1,1632200,,"{'id': 55754, 'context': 28, 'bonus_lists': [1687, 4763], 'modifiers': [{'type': 9, 'value': 50}]}"
1199616179,LONG,,1,759500,,"{'id': 55745, 'context': 28, 'bonus_lists': [1709, 4763], 'modifiers': [{'type': 9, 'value': 50}]}"
1199616184,LONG,32900,5,,,{'id': 158378}
1199616193,LONG,30000,4,,,{'id': 52078}
1199616197,LONG,1285500,4,,,{'id': 177660}
1199616201,LONG,18100,5,,,{'id': 142336}
1199616205,LONG,2500,13,,,{'id': 33470}
1199616211,LONG,240200,2,,,{'id': 153438}
1199616214,LONG,37900,5,,,{'id': 167738}
1199616216,LONG,,1,7457200,,"{'id': 173221, 'context': 0, 'bonus_lists': [6893], 'modifiers': [{'type': 9, 'value': 51}, {'type': 28, 'value': 391}, {'type': 29, 'value': 32}, {'type': 30, 'value': 36}]}"
1199616220,LONG,,1,9803700,,"{'id': 36317, 'context': 36, 'bonus_lists': [1707, 3850], 'modifiers': [{'type': 9, 'value': 50}]}"
1199616223,LONG,6600,5,,,{'id': 168645}
1199616227,LONG,,1,390400,,"{'id': 82280, 'context': 36, 'bonus_lists': [1698, 4764], 'modifiers': [{'type': 9, 'value': 50}]}"
1199616229,LONG,,1,7194200,,"{'id': 36208, 'context': 36, 'bonus_lists': [1691, 3850], 'modifiers': [{'type': 9, 'value': 50}]}"
1199616235,LONG,,1,1393800,,"{'id': 55665, 'context': 28, 'bonus_lists': [1699, 4763], 'modifiers': [{'type': 9, 'value': 50}]}"
1199616238,LONG,,1,977600,,"{'id': 173199, 'context': 0, 'bonus_lists': [6890], 'modifiers': [{'type': 9, 'value': 51}, {'type': 28, 'value': 391}, {'type': 29, 'value': 49}, {'type': 30, 'value': 32}]}"
1199616240,LONG,,1,977600,,"{'id': 173199, 'context': 0, 'bonus_lists': [6890], 'modifiers': [{'type': 9, 'value': 51}, {'type': 28, 'value': 391}, {'type': 29, 'value': 49}, {'type': 30, 'value': 32}]}"
1199616243,LONG,,1,9648600,,"{'id': 82143, 'context': 36, 'bonus_lists': [1714, 4764], 'modifiers': [{'type': 9, 'value': 50}]}"
1199616244,LONG,,1,299900,,"{'id': 55584, 'context': 28, 'bonus_lists': [1687, 4763], 'modifiers': [{'type': 9, 'value': 50}]}"
1199616715,LONG,995500,3,,,{'id': 160053}
1199619211,LONG,968400,3,,,{'id': 52183}
1199619279,LONG,,1,1399999900,,"{'id': 82800, 'context': 0, 'modifiers': [{'type': 6, 'value': 92233}], 'pet_breed_id': 8, 'pet_level': 25, 'pet_quality_id': 3, 'pet_species_id': 2845}"
1199619287,LONG,,1,16245900,,"{'id': 82800, 'context': 0, 'modifiers': [{'type': 6, 'value': 87862}], 'pet_breed_id': 13, 'pet_level': 1, 'pet_quality_id': 3, 'pet_species_id': 2432}"
1199619298,LONG,,1,355999900,,"{'id': 82800, 'context': 0, 'modifiers': [{'type': 6, 'value': 86445}], 'pet_breed_id': 8, 'pet_level': 1, 'pet_quality_id': 2, 'pet_species_id': 2196}"
1199619311,LONG,,1,6909200,,"{'id': 82800, 'context': 0, 'modifiers': [{'type': 6, 'value': 79641}], 'pet_breed_id': 8, 'pet_level': 1, 'pet_quality_id': 3, 'pet_species_id': 2084}"
1199619343,LONG,,1,4990000,,"{'id': 10025, 'context': 0, 'bonus_lists': [6877]}"
1199619395,LONG,48100,52,,,{'id': 172089}
1199619426,LONG,,1,87600,,"{'id': 6787, 'context': 0, 'bonus_lists': [6835]}"
1199619447,LONG,1700000,1,,,{'id': 171833}
1199619459,LONG,55700,6,,,{'id': 171841}
1199619461,LONG,,1,19800,,"{'id': 2568, 'context': 0, 'bonus_lists': [6837]}"
1199619470,LONG,262700,10,,,{'id': 171830}
1199619487,LONG,,1,71200,,"{'id': 10003, 'context': 0, 'bonus_lists': [6871]}"
1199619640,LONG,,1,1091300,,"{'id': 4319, 'context': 0, 'bonus_lists': [6857]}"
1199619725,LONG,,1,3258100,,"{'id': 10029, 'context': 0, 'bonus_lists': [6875]}"
1199619760,LONG,,1,933100,,"{'id': 13857, 'context': 0}"
1199619795,LONG,,1,1050400,,"{'id': 6264, 'context': 0, 'bonus_lists': [6852]}"
1199619846,LONG,,1,347400,,"{'id': 6241, 'context': 0, 'bonus_lists': [6839]}"
1199619892,LONG,,1,1550800,,"{'id': 38277, 'context': 0, 'bonus_lists': [6835]}"
1199619960,LONG,,1,4989900,,"{'id': 14143, 'context': 0, 'bonus_lists': [6881]}"
1199619988,LONG,,1,61200,,"{'id': 9999, 'context': 0, 'bonus_lists': [6869]}"
1199620008,LONG,,1,179100,,"{'id': 7062, 'context': 0, 'bonus_lists': [6867]}"
1199620028,LONG,,1,739900,,"{'id': 4328, 'context': 0, 'bonus_lists': [6864]}"
1199620047,LONG,,1,290000,,"{'id': 13863, 'context': 0, 'bonus_lists': [6883]}"
1199620076,LONG,,1,140000,,"{'id': 6238, 'context': 0, 'bonus_lists': [6839]}"
1199621109,LONG,,1,832600,,"{'id': 2585, 'context': 0, 'bonus_lists': [6850]}"
1199621126,LONG,,1,394200,,"{'id': 9998, 'context': 0, 'bonus_lists': [6869]}"
1199621149,LONG,,1,489900,,"{'id': 4315, 'context': 0, 'bonus_lists': [6853]}"
1199621180,LONG,,1,590000,,"{'id': 14100, 'context': 0, 'bonus_lists': [6882]}"
1199621210,LONG,,1,129900,,"{'id': 2582, 'context': 0, 'bonus_lists': [6846]}"
1199621237,LONG,,1,1869900,,"{'id': 14142, 'context': 0, 'bonus_lists': [6882]}"
1199621390,LONG,,1,2491300,,"{'id': 13858, 'context': 0, 'bonus_lists': [6880]}"
1199621426,LONG,,1,50000,,"{'id': 2572, 'context': 0, 'bonus_lists': [6839]}"
1199621459,LONG,,1,669800,,"{'id': 10002, 'context': 0, 'bonus_lists': [6870]}"
1199621513,LONG,,1,468200,,"{'id': 2583, 'context': 0, 'bonus_lists': [6848]}"
1199621527,LONG,,1,390000,,"{'id': 2580, 'context': 0, 'bonus_lists': [6841]}"
1199621552,LONG,,1,40300,,"{'id': 4344, 'context': 0, 'bonus_lists': [6835]}"
1199621590,LONG,,1,1449800,,"{'id': 10040, 'context': 0, 'bonus_lists': [6863]}"
1199621630,LONG,,1,480000,,"{'id': 13864, 'context': 0, 'bonus_lists': [6883]}"
1199621656,LONG,,1,3080900,,"{'id': 7056, 'context': 0, 'bonus_lists': [6864]}"
1199621682,LONG,,1,95300,,"{'id': 2570, 'context': 0, 'bonus_lists': [6835]}"
1199621707,LONG,,1,829400,,"{'id': 4333, 'context': 0, 'bonus_lists': [6835]}"
1199621734,LONG,,1,240000,,"{'id': 10030, 'context': 0, 'bonus_lists': [6876]}"
1199621759,LONG,,1,230000,,"{'id': 6242, 'context': 0, 'bonus_lists': [6843]}"
1199621763,LONG,,1,4007000,,"{'id': 177784, 'context': 0, 'bonus_lists': [6907, 6652, 1689], 'modifiers': [{'type': 9, 'value': 60}, {'type': 28, 'value': 1707}]}"
1199621788,LONG,,1,310000,,"{'id': 10026, 'context': 0, 'bonus_lists': [6874]}"
1199621789,LONG,78700,4,,,{'id': 173110}
1199621798,LONG,,1,850000,,"{'id': 173249, 'context': 63, 'bonus_lists': [6716, 7193, 1487]}"
1199621804,LONG,,1,850000,,"{'id': 173249, 'context': 63, 'bonus_lists': [6716, 7193, 1487]}"
1199621806,LONG,,1,2211100,,"{'id': 17723, 'context': 0, 'bonus_lists': [6835]}"
1199621814,LONG,,1,850000,,"{'id': 173249, 'context': 63, 'bonus_lists': [6716, 7193, 1487]}"
1199621823,LONG,,1,850000,,"{'id': 173249, 'context': 63, 'bonus_lists': [6716, 7194, 1487]}"
1199621831,LONG,,1,850000,,"{'id': 173249, 'context': 63, 'bonus_lists': [6716, 7193, 1487]}"
1199621835,LONG,,1,729900,,"{'id': 10048, 'context': 0, 'bonus_lists': [6848]}"
1199621855,LONG,1100000,10,,,{'id': 177715}
1199621857,LONG,,1,2214500,,"{'id': 10055, 'context': 0, 'bonus_lists': [6835]}"
1199621876,LONG,,1,2213100,,"{'id': 4325, 'context': 0, 'bonus_lists': [6863]}"
1199621914,LONG,,1,140000,,"{'id': 4322, 'context': 0, 'bonus_lists': [6861]}"
1199621946,LONG,,1,90000,,"{'id': 4310, 'context': 0, 'bonus_lists': [6846]}"
1199621978,LONG,,1,150000,,"{'id': 4316, 'context': 0, 'bonus_lists': [6851]}"
1199622009,LONG,,1,495400,,"{'id': 4326, 'context': 0, 'bonus_lists': [6865]}"
1199622065,LONG,,1,180000,,"{'id': 4330, 'context': 0, 'bonus_lists': [6835]}"
1199624205,LONG,,1,441100,,"{'id': 4311, 'context': 0}"
1199624920,LONG,296700,22,,,{'id': 2447}
1199624936,LONG,244200,8,,,{'id': 765}
1199626984,LONG,,1,700005000,,"{'id': 184786, 'context': 0, 'bonus_lists': [6652, 1472, 6646], 'modifiers': [{'type': 28, 'value': 1707}]}"
1199628216,LONG,757800,6984,,,{'id': 168583}
1199628236,LONG,280000,42,,,{'id': 67749}
1199628241,LONG,,1,1999990000,,"{'id': 163574, 'context': 0, 'modifiers': [{'type': 28, 'value': 805}]}"
1199628517,LONG,,1,9990000,,"{'id': 24645, 'context': 2, 'bonus_lists': [6654, 1677], 'modifiers': [{'type': 9, 'value': 30}, {'type': 28, 'value': 1068}]}"
1199628590,LONG,,1,1050000,,"{'id': 24879, 'context': 2, 'bonus_lists': [6654, 1677], 'modifiers': [{'type': 9, 'value': 30}, {'type': 28, 'value': 1068}]}"
1199628637,LONG,,1,1730000,,"{'id': 24759, 'context': 2, 'bonus_lists': [6654, 1691], 'modifiers': [{'type': 9, 'value': 30}, {'type': 28, 'value': 1068}]}"
1199628668,LONG,,1,6500000,,"{'id': 25095, 'context': 2, 'bonus_lists': [6655, 1693], 'modifiers': [{'type': 9, 'value': 30}, {'type': 28, 'value': 1068}]}"
1199628714,LONG,650000,100,,,{'id': 133561}
1199628721,LONG,,1,1069900,,"{'id': 12427, 'context': 0, 'bonus_lists': [6883]}"
1199628746,LONG,397500,60,,,{'id': 133567}
1199628755,LONG,,1,9989800,,"{'id': 7941, 'context': 0, 'bonus_lists': [6870]}"
1199628757,LONG,,1,4990000,,"{'id': 24659, 'context': 2, 'bonus_lists': [6654, 1694], 'modifiers': [{'type': 9, 'value': 30}, {'type': 28, 'value': 1068}]}"
1199628767,LONG,290000,10,,,{'id': 133570}
1199628777,LONG,,1,460000,,"{'id': 2851, 'context': 0}"
1199628811,LONG,,1,1215200,,"{'id': 7166, 'context': 0, 'bonus_lists': [6840]}"
1199628818,LONG,19837700,2,,,{'id': 128547}
1199628845,LONG,,1,619900,,"{'id': 12425, 'context': 0, 'bonus_lists': [6882]}"
1199628871,LONG,,1,1999900,,"{'id': 7934, 'context': 0, 'bonus_lists': [6875]}"
1199628912,LONG,,1,1249900,,"{'id': 3836, 'context': 0, 'bonus_lists': [6862]}"
1199628937,LONG,,1,8880000,,"{'id': 17704, 'context': 0, 'bonus_lists': [6866]}"
1199628976,LONG,,1,1079900,,"{'id': 7956, 'context': 0, 'bonus_lists': [6827]}"
1199629001,LONG,,1,769900,,"{'id': 2844, 'context': 0}"
1199629044,LONG,,1,2752100,,"{'id': 173218, 'context': 0, 'bonus_lists': [6893], 'modifiers': [{'type': 9, 'value': 60}, {'type': 28, 'value': 391}, {'type': 29, 'value': 40}, {'type': 30, 'value': 36}]}"
1199630116,LONG,,1,6400000,,"{'id': 3843, 'context': 0}"
1199630271,LONG,,1,1729900,,"{'id': 6214, 'context': 0, 'bonus_lists': [6845]}"
1199630272,LONG,,1,86111600,,"{'id': 128533, 'context': 13}"
1199630315,LONG,,1,2840100,,"{'id': 3484, 'context': 0, 'bonus_lists': [6857]}"
1199630367,LONG,,1,310000,,"{'id': 2852, 'context': 0, 'bonus_lists': [6838]}"
1199630412,LONG,,1,3089900,,"{'id': 7955, 'context': 0}"
1199630448,LONG,,1,5000000,,"{'id': 126991, 'context': 13, 'bonus_lists': [1708, 6859, 3408]}"
1199630461,LONG,,1,3049900,,"{'id': 2850, 'context': 0, 'bonus_lists': [6853]}"
1199630522,LONG,,1,599900,,"{'id': 12424, 'context': 0, 'bonus_lists': [6880]}"
1199630560,LONG,,1,5000000,,"{'id': 126990, 'context': 13, 'bonus_lists': [1702, 6866, 3408]}"
1199630599,LONG,,1,4989800,,"{'id': 7930, 'context': 0, 'bonus_lists': [6874]}"
1199630618,LONG,106400,1,,,{'id': 128539}
1199630643,LONG,,1,2589900,,"{'id': 3491, 'context': 0}"
1199630657,LONG,,1,359900,,"{'id': 3469, 'context': 0}"
1199630669,LONG,99900,4,,,{'id': 75038}
1199630796,LONG,,1,529100,,"{'id': 12410, 'context': 0, 'bonus_lists': [6883]}"
1199630872,LONG,,1,1769900,,"{'id': 7963, 'context': 0, 'bonus_lists': [6868]}"
1199630939,LONG,,1,180000,,"{'id': 3480, 'context': 0, 'bonus_lists': [6851]}"
1199630978,LONG,,1,869900,,"{'id': 6350, 'context': 0, 'bonus_lists': [6847]}"
1199630998,LONG,,1,3419900,,"{'id': 3846, 'context': 0, 'bonus_lists': [6865]}"
1199631025,LONG,,1,7779900,,"{'id': 12405, 'context': 0, 'bonus_lists': [6878]}"
1199631048,LONG,,1,710000,,"{'id': 3472, 'context': 0, 'bonus_lists': [6841]}"
1199632124,LONG,,1,990100,,"{'id': 21301, 'context': 11, 'modifiers': [{'type': 28, 'value': 420}]}"
1199632156,LONG,,1,51677600,,"{'id': 128535, 'context': 13}"
1199632183,LONG,,1,909800,,"{'id': 10421, 'context': 0, 'bonus_lists': [6836]}"
1199632189,LONG,,1,169987600,,"{'id': 128534, 'context': 13}"
1199632198,LONG,,1,1499900,,"{'id': 12420, 'context': 0, 'bonus_lists': [6883]}"
1199632215,LONG,,1,1129900,,"{'id': 5540, 'context': 0}"
1199632226,LONG,,1,450000,,"{'id': 173199, 'context': 0, 'bonus_lists': [6890], 'modifiers': [{'type': 9, 'value': 59}, {'type': 28, 'value': 391}, {'type': 29, 'value': 49}, {'type': 30, 'value': 40}]}"
1199632227,LONG,,1,450000,,"{'id': 173199, 'context': 0, 'bonus_lists': [6890], 'modifiers': [{'type': 9, 'value': 59}, {'type': 28, 'value': 391}, {'type': 29, 'value': 40}, {'type': 30, 'value': 32}]}"
1199632247,LONG,,1,3259900,,"{'id': 7922, 'context': 0, 'bonus_lists': [6873]}"
1199632264,LONG,,1,1149900,,"{'id': 2864, 'context': 0, 'bonus_lists': [6847]}"
1199632268,LONG,,1,750000,,"{'id': 173197, 'context': 0, 'bonus_lists': [6887], 'modifiers': [{'type': 9, 'value': 59}, {'type': 28, 'value': 391}, {'type': 29, 'value': 36}, {'type': 30, 'value': 49}]}"
1199632270,LONG,,1,750000,,"{'id': 173197, 'context': 0, 'bonus_lists': [6887], 'modifiers': [{'type': 9, 'value': 59}, {'type': 28, 'value': 391}, {'type': 29, 'value': 40}, {'type': 30, 'value': 49}]}"
1199632272,LONG,,1,750000,,"{'id': 173197, 'context': 0, 'bonus_lists': [6887], 'modifiers': [{'type': 9, 'value': 59}, {'type': 28, 'value': 391}, {'type': 29, 'value': 49}, {'type': 30, 'value': 40}]}"
1199632291,LONG,,1,729900,,"{'id': 2866, 'context': 0, 'bonus_lists': [6852]}"
1199632316,LONG,,1,2449900,,"{'id': 12418, 'context': 0, 'bonus_lists': [6883]}"
1199632331,LONG,,1,2131400,,"{'id': 12428, 'context': 0, 'bonus_lists': [6880]}"
1199632349,LONG,,1,3980000,,"{'id': 2870, 'context': 0, 'bonus_lists': [6857]}"
1199632407,LONG,,1,791100,,"{'id': 2857, 'context': 0, 'bonus_lists': [6847]}"
1199632415,LONG,6600,200,,,{'id': 109693}
1199632441,LONG,,1,649900,,"{'id': 2865, 'context': 0, 'bonus_lists': [6850]}"
1199632496,LONG,,1,2149900,,"{'id': 12419, 'context': 0, 'bonus_lists': [6883]}"
1199632532,LONG,,1,2752100,,"{'id': 173218, 'context': 0, 'bonus_lists': [6893], 'modifiers': [{'type': 9, 'value': 60}, {'type': 28, 'value': 391}, {'type': 29, 'value': 49}, {'type': 30, 'value': 40}]}"
1199632569,LONG,,1,1819900,,"{'id': 7920, 'context': 0, 'bonus_lists': [6870]}"
1199632623,LONG,78700,3,,,{'id': 173110}
1199632699,LONG,,1,3879700,,"{'id': 7942, 'context': 0, 'bonus_lists': [6872]}"
1199632716,LONG,1500,31,,,{'id': 113262}
1199632745,LONG,2000,200,,,{'id': 113264}
1199632836,LONG,,1,8679900,,"{'id': 7959, 'context': 0, 'bonus_lists': [6878]}"
1199632944,LONG,,1,745200,,"{'id': 12426, 'context': 0, 'bonus_lists': [6883]}"
1199632990,LONG,,1,5029900,,"{'id': 3848, 'context': 0}"
1199634297,LONG,156200,8,,,{'id': 177716}
1199634351,LONG,2309700,6,,,{'id': 172411}
1199634521,LONG,,1,151797000,,"{'id': 164484, 'context': 14, 'modifiers': [{'type': 28, 'value': 189}]}"
1199634524,LONG,,1,151797000,,"{'id': 164484, 'context': 14, 'modifiers': [{'type': 28, 'value': 189}]}"
1199634543,LONG,,1,9000000,,"{'id': 172254, 'context': 13, 'bonus_lists': [6893], 'modifiers': [{'type': 9, 'value': 60}, {'type': 28, 'value': 391}, {'type': 29, 'value': 49}, {'type': 30, 'value': 36}]}"
1199634568,LONG,35000200,1,,,{'id': 170168}
1199634574,LONG,197700,12,,,{'id': 123918}
1199634579,LONG,,1,6406000,,"{'id': 82800, 'context': 0, 'modifiers': [{'type': 6, 'value': 66487}], 'pet_breed_id': 17, 'pet_level': 1, 'pet_quality_id': 3, 'pet_species_id': 2551}"
1199634611,LONG,245000,36,,,{'id': 123919}
1199634634,LONG,,1,600008500,,"{'id': 164432, 'context': 11}"
1199634643,LONG,,1,47257000,,"{'id': 82800, 'context': 0, 'modifiers': [{'type': 6, 'value': 87999}], 'pet_breed_id': 7, 'pet_level': 1, 'pet_quality_id': 3, 'pet_species_id': 2445}"
1199634758,LONG,7000000,1,,,{'id': 173162}
1199634772,LONG,6600,1,,,{'id': 178104}
1199634784,LONG,1700000,1,,,{'id': 171833}
1199634798,LONG,50400,2,,,{'id': 152876}
1199634809,LONG,47000,9,,,{'id': 152875}
1199634816,LONG,,1,909800,,"{'id': 182691, 'context': 0, 'bonus_lists': [6908, 6652], 'modifiers': [{'type': 9, 'value': 60}, {'type': 28, 'value': 2060}]}"
1199634824,LONG,5700,5,,,{'id': 176853}
1199634834,LONG,,1,5000000,,"{'id': 176977, 'context': 0, 'bonus_lists': [6907, 6652, 1680], 'modifiers': [{'type': 9, 'value': 60}, {'type': 28, 'value': 2060}]}"
1199634863,LONG,100,15,,,{'id': 129158}
1199634875,LONG,249900,1,,,{'id': 163224}
1199636239,LONG,180800,1,,,{'id': 171831}
1199636269,LONG,262700,1,,,{'id': 171830}
1199636305,LONG,1900,4,,,{'id': 154165}
1199636362,LONG,800,5,,,{'id': 162515}
1199636390,LONG,6500,3,,,{'id': 158187}
1199636418,LONG,79400,4,,,{'id': 160400}
1199636448,LONG,50000,4,,,{'id': 124444}
1199636471,LONG,26000,50,,,{'id': 160710}
1199636500,LONG,3700,4,,,{'id': 152542}
1199636520,LONG,8500,4,,,{'id': 152631}
1199636542,LONG,82500,8,,,{'id': 160711}
1199636556,LONG,6200,28,,,{'id': 168650}
1199636568,LONG,2000,153,,,{'id': 160709}
1199636591,LONG,100,419,,,{'id': 3371}
1199636614,LONG,49700,133,,,{'id': 160399}
1199636629,LONG,17500,36,,,{'id': 152513}
1199636643,LONG,251300,180,,,{'id': 160398}
1199636650,LONG,34900,171,,,{'id': 152579}
1199636666,LONG,1000000,4,,,{'id': 79011}
1199636673,LONG,6600,21,,,{'id': 109693}
1199636714,LONG,931600,4,,,{'id': 127004}
1199636726,LONG,13900,263,,,{'id': 152508}
1199636741,LONG,9900,9,,,{'id': 72234}
1199636770,LONG,740000,8,,,{'id': 72096}
1199636782,LONG,6600,2,,,{'id': 168645}
1199636804,LONG,5000,210,,,{'id': 152511}
1199636815,LONG,65000,4,,,{'id': 79010}
1199636827,LONG,490000,46,,,{'id': 168487}
1199636864,LONG,4800,448,,,{'id': 152506}
1199636886,LONG,36800,705,,,{'id': 152507}
1199636917,LONG,10000,90,,,{'id': 160298}
1199636944,LONG,5500,355,,,{'id': 152509}
1199636983,LONG,24800,6,,,{'id': 168185}
1199638663,LONG,,1,44004700,,"{'id': 180143, 'context': 0, 'bonus_lists': [6908, 6652, 1703], 'modifiers': [{'type': 9, 'value': 60}, {'type': 28, 'value': 1229}]}"
1199640262,LONG,4500,3,,,{'id': 74833}
1199640284,LONG,567500,10,,,{'id': 173034}
1199640732,LONG,,1,240000000,,"{'id': 173241, 'context': 66, 'bonus_lists': [6758, 1532]}"
1199640861,LONG,,1,1327100,,"{'id': 24800, 'context': 0, 'bonus_lists': [6654, 1691], 'modifiers': [{'type': 9, 'value': 30}, {'type': 28, 'value': 42}]}"
1199640892,LONG,,1,925000,,"{'id': 25289, 'context': 0, 'bonus_lists': [6655, 1680], 'modifiers': [{'type': 9, 'value': 30}, {'type': 28, 'value': 42}]}"
1199640918,LONG,,1,24990000,,"{'id': 173242, 'context': 63, 'bonus_lists': [6716, 1487]}"
1199640927,LONG,520000,18,,,{'id': 53066}
1199640948,LONG,,1,24990000,,"{'id': 173242, 'context': 63, 'bonus_lists': [6716, 1487]}"
1199640959,LONG,320000,3,,,{'id': 62784}
1199640971,LONG,,1,24990000,,"{'id': 173242, 'context': 63, 'bonus_lists': [6716, 1487]}"
1199640992,LONG,,1,24990000,,"{'id': 173242, 'context': 63, 'bonus_lists': [6716, 1487]}"
1199641035,LONG,,1,24990000,,"{'id': 173242, 'context': 63, 'bonus_lists': [6716, 1487]}"
1199641039,LONG,14400,19,,,{'id': 62783}
1199641092,LONG,,1,24990000,,"{'id': 173242, 'context': 63, 'bonus_lists': [6716, 1487]}"
1199642106,LONG,10000,1,,,{'id': 53072}
1199642167,LONG,1500,10,,,{'id': 113262}
1199642228,LONG,70000,1,,,{'id': 62778}
1199642261,LONG,4600,1,,,{'id': 113261}
1199642299,LONG,,1,980000,,"{'id': 71359, 'context': 3, 'modifiers': [{'type': 28, 'value': 1029}]}"
1199642329,LONG,,1,15009400,,"{'id': 55351, 'context': 5, 'bonus_lists': [6655, 1715], 'modifiers': [{'type': 9, 'value': 35}, {'type': 28, 'value': 1029}]}"
1199642362,LONG,39000,4,,,{'id': 52178}
1199642374,LONG,,1,19980000,,"{'id': 55346, 'context': 5, 'bonus_lists': [6655, 1684], 'modifiers': [{'type': 9, 'value': 35}, {'type': 28, 'value': 1029}]}"
1199642405,LONG,500,1,,,{'id': 52722}
1199642426,LONG,,1,5980000,,"{'id': 67136, 'context': 5, 'bonus_lists': [6660], 'modifiers': [{'type': 9, 'value': 35}, {'type': 28, 'value': 1029}]}"
1199642428,LONG,,1,42425600,,"{'id': 55458, 'context': 2, 'bonus_lists': [6655, 1695], 'modifiers': [{'type': 9, 'value': 35}, {'type': 28, 'value': 1111}]}"
1199642449,LONG,,1,10900000,,"{'id': 66974, 'context': 3, 'bonus_lists': [6658], 'modifiers': [{'type': 9, 'value': 35}, {'type': 28, 'value': 1029}]}"
1199642459,LONG,,1,1000000,,"{'id': 55674, 'context': 3, 'bonus_lists': [6654, 1694], 'modifiers': [{'type': 9, 'value': 35}, {'type': 28, 'value': 1029}]}"
1199642467,LONG,30000,1,,,{'id': 52078}
1199642507,LONG,,1,2200000,,"{'id': 55549, 'context': 3, 'bonus_lists': [6654, 1713], 'modifiers': [{'type': 9, 'value': 35}, {'type': 28, 'value': 1029}]}"
1199642528,LONG,,1,5000000,,"{'id': 55543, 'context': 3, 'bonus_lists': [6654, 1694], 'modifiers': [{'type': 9, 'value': 35}, {'type': 28, 'value': 1029}]}"
1199642546,LONG,253900,26,,,{'id': 168188}
1199642551,LONG,,1,13550000,,"{'id': 55531, 'context': 3, 'bonus_lists': [6654, 1709], 'modifiers': [{'type': 9, 'value': 35}, {'type': 28, 'value': 1029}]}"
1199642564,LONG,5832400,25,,,{'id': 168635}
1199642568,LONG,100000,29,,,{'id': 168193}
1199642576,LONG,,1,4340000,,"{'id': 55521, 'context': 3, 'bonus_lists': [6654, 1714], 'modifiers': [{'type': 9, 'value': 35}, {'type': 28, 'value': 1029}]}"
1199642584,LONG,53400,14,,,{'id': 154121}
1199642594,LONG,2550000,14,,,{'id': 153707}
1199642601,LONG,,1,4340000,,"{'id': 55521, 'context': 5, 'bonus_lists': [6654, 1705], 'modifiers': [{'type': 9, 'value': 35}, {'type': 28, 'value': 1029}]}"
1199642608,LONG,9980000,3,,,{'id': 153709}
1199642620,LONG,10000000,6,,,{'id': 168636}
1199642622,LONG,,1,4569100,,"{'id': 182690, 'context': 0, 'bonus_lists': [6908, 6652], 'modifiers': [{'type': 9, 'value': 60}, {'type': 28, 'value': 2060}]}"
1199642632,LONG,,1,1990000,,"{'id': 37858, 'context': 22, 'modifiers': [{'type': 28, 'value': 1097}]}"
1199642635,LONG,590300,1,,,{'id': 154122}
1199642651,LONG,703300,2,,,{'id': 154123}
1199642669,LONG,,1,130500000,,"{'id': 182556, 'context': 0, 'bonus_lists': [6907, 1714], 'modifiers': [{'type': 9, 'value': 60}, {'type': 28, 'value': 1707}]}"
1199642672,LONG,30000,209,,,{'id': 153703}
1199642683,LONG,499000,1,,,{'id': 154125}
1199642707,LONG,208900,18,,,{'id': 168640}
1199642713,LONG,,1,45000000,,"{'id': 176965, 'context': 0, 'bonus_lists': [6907, 6652, 1709], 'modifiers': [{'type': 9, 'value': 60}, {'type': 28, 'value': 1707}]}"
1199642720,LONG,309900,13,,,{'id': 153708}
1199642735,LONG,,1,1000000,,"{'id': 173247, 'context': 63, 'bonus_lists': [6716, 1487]}"
1199642740,LONG,70600,22,,,{'id': 154129}
1199642758,LONG,150000,11,,,{'id': 168641}
1199642773,LONG,,1,1999900,,"{'id': 173244, 'context': 63, 'bonus_lists': [6716, 1487]}"
1199642777,LONG,53900,22,,,{'id': 168639}
1199642796,LONG,10000000,6,,,{'id': 168638}
1199642797,LONG,,1,4999600,,"{'id': 173243, 'context': 63, 'bonus_lists': [6716, 1487]}"
1199642817,LONG,17444600,6,,,{'id': 169220}
1199642820,LONG,98500,2,,,{'id': 153441}
1199642861,LONG,353700,36,,,{'id': 154126}
1199642887,LONG,199000,12,,,{'id': 153713}
1199642896,LONG,299900,11,,,{'id': 154127}
1199642899,LONG,90000,800,,,{'id': 4470}
1199642905,LONG,56000,14,,,{'id': 153715}
1199642923,LONG,100000,2,,,{'id': 153711}
1199642924,LONG,5400,292,,,{'id': 38682}
1199642933,LONG,98000,5,,,{'id': 153710}
1199642940,LONG,100,566,,,{'id': 30817}
1199642951,LONG,2800900,3,,,{'id': 154128}
1199642969,LONG,60000,31,,,{'id': 168192}
1199642985,LONG,9000,200,,,{'id': 2678}
1199642987,LONG,159900,32,,,{'id': 168191}
1199643012,LONG,30000,35,,,{'id': 153712}
1199643015,LONG,200000,145,,,{'id': 183951}
1199643045,LONG,809700,1,,,{'id': 130183}
1199643061,LONG,3550000,3,,,{'id': 153706}
1199643086,LONG,800000,2,,,{'id': 130181}
1199643087,LONG,8500,65,,,{'id': 178786}
1199644112,LONG,809900,8,,,{'id': 130180}
1199644136,LONG,259800,26,,,{'id': 151721}
1199644157,LONG,800000,1,,,{'id': 151718}
1199644185,LONG,50000,26,,,{'id': 168190}
1199644208,LONG,509900,8,,,{'id': 151722}
1199644220,LONG,30000,232,,,{'id': 172059}
1199644251,LONG,45400,188,,,{'id': 153702}
1199644271,LONG,10000,176,,,{'id': 172056}
1199644280,LONG,1999900,6,,,{'id': 151720}
1199644300,LONG,30000,171,,,{'id': 153705}
1199644321,LONG,110000,18,,,{'id': 151579}
1199644328,LONG,6600,100,,,{'id': 172057}
1199644335,LONG,1500000,43,,,{'id': 172439}
1199644356,LONG,45500,213,,,{'id': 153704}
1199644368,LONG,26500,165,,,{'id': 153700}
1199644371,LONG,1500000,19,,,{'id': 172439}
1199644388,LONG,27500,175,,,{'id': 153701}
1199644417,LONG,10000,557,,,{'id': 160298}
1199644434,LONG,159700,22,,,{'id': 153714}
1199644456,LONG,1499800,4,,,{'id': 130245}
1199644480,LONG,5232600,27,,,{'id': 168189}
1199644567,LONG,900000,15,,,{'id': 138728}
1199644604,LONG,9900,13,,,{'id': 138729}
1199644649,LONG,9000,11,,,{'id': 174285}
1199644694,LONG,94100,22,,,{'id': 152512}
1199644713,LONG,34900,339,,,{'id': 152579}
1199644723,LONG,2000000,3,,,{'id': 159788}
1199644729,LONG,17500,25,,,{'id': 152513}
1199644744,LONG,450000,99,,,{'id': 171286}
1199644747,LONG,11100,23,,,{'id': 152576}
1199644748,LONG,4100000,8,,,{'id': 168637}
1199644749,LONG,2050000,10,,,{'id': 172363}
1199644756,LONG,1050000,144,,,{'id': 172041}
1199644763,LONG,9900,2,,,{'id': 158378}
1199644764,LONG,17444600,2,,,{'id': 169220}
1199644776,LONG,6900000,3,,,{'id': 83006}
1199644777,LONG,245600,1,,,{'id': 163225}
1199644849,LONG,300,2032,,,{'id': 154722}
1199644863,LONG,8000,234,,,{'id': 153051}
1199644867,LONG,15000,118,,,{'id': 153050}
1199644885,LONG,6200,30,,,{'id': 168650}
1199644907,LONG,1900,607,,,{'id': 154165}
1199644932,LONG,5500,722,,,{'id': 152509}
1199644948,LONG,490000,55,,,{'id': 168487}
1199644975,LONG,5000,26,,,{'id': 152511}
1199644992,LONG,13900,21,,,{'id': 152508}
1199645007,LONG,10100,13,,,{'id': 151566}
1199645022,LONG,90000,444,,,{'id': 168649}
1199645057,LONG,3700,339,,,{'id': 152542}
1199645078,LONG,4800,19,,,{'id': 152506}
1199647106,LONG,36800,5,,,{'id': 152507}
1199647145,LONG,3249900,8,,,{'id': 154706}
1199647844,LONG,,1,4546400,,"{'id': 172237, 'context': 13, 'bonus_lists': [6887], 'modifiers': [{'type': 9, 'value': 49}, {'type': 28, 'value': 391}, {'type': 29, 'value': 32}, {'type': 30, 'value': 49}]}"
1199647850,LONG,,1,4677700,,"{'id': 172245, 'context': 13, 'bonus_lists': [6887], 'modifiers': [{'type': 9, 'value': 49}, {'type': 28, 'value': 391}, {'type': 29, 'value': 32}, {'type': 30, 'value': 36}]}"
1199647857,LONG,,1,4833300,,"{'id': 172247, 'context': 13, 'bonus_lists': [6890], 'modifiers': [{'type': 9, 'value': 49}, {'type': 28, 'value': 391}, {'type': 29, 'value': 40}, {'type': 30, 'value': 32}]}"
1199647868,LONG,,1,809546700,,"{'id': 21875, 'context': 0}"
1199647872,LONG,,1,35446100,,"{'id': 172262, 'context': 13, 'bonus_lists': [6893], 'modifiers': [{'type': 9, 'value': 52}, {'type': 28, 'value': 391}, {'type': 29, 'value': 40}, {'type': 30, 'value': 32}]}"
1199647906,LONG,220000,2,,,{'id': 173037}
1199647933,LONG,,1,1226299100,,"{'id': 21871, 'context': 0}"
1199647970,LONG,122000,11,,,{'id': 152548}
1199647984,LONG,7500,27,,,{'id': 173032}
1199648011,LONG,59800,4,,,{'id': 154167}
1199648018,LONG,40000,14,,,{'id': 154166}
1199648037,LONG,700,569,,,{'id': 154899}
1199648058,LONG,30000,5,,,{'id': 152547}
1199648077,LONG,45600,2,,,{'id': 183823}
1199648094,LONG,54000,3,,,{'id': 171370}
1199649106,LONG,10000,259,,,{'id': 152545}
1199649132,LONG,5400,6,,,{'id': 155605}
1199649153,LONG,3700,11,,,{'id': 152542}
1199649186,LONG,29000,1,,,{'id': 159959}
1199649215,LONG,11100,7,,,{'id': 152576}
1199649232,LONG,5000,10,,,{'id': 171264}
1199649268,LONG,1000,108,,,{'id': 174353}
1199649280,LONG,30000,14,,,{'id': 171263}
1199649315,LONG,6600,243,,,{'id': 168645}
1199649363,LONG,1900,14,,,{'id': 154165}
1199649394,LONG,10000,1,,,{'id': 152546}
1199649456,LONG,9000,1258,,,{'id': 154897}
1199649493,LONG,44900,6,,,{'id': 168302}
1199649532,LONG,19800,953,,,{'id': 154898}
1199649554,LONG,100,70,,,{'id': 168303}
1199649571,LONG,8500,170,,,{'id': 152631}
1199649587,LONG,1000,44,,,{'id': 124118}
1199649611,LONG,1200000,14,,,{'id': 34736}
1199649640,LONG,800,106,,,{'id': 162515}
1199649706,LONG,,1,9800,,"{'id': 82800, 'context': 0, 'modifiers': [{'type': 6, 'value': 99899}], 'pet_breed_id': 4, 'pet_level': 1, 'pet_quality_id': 2, 'pet_species_id': 2925}"
1199649714,LONG,3930000000,7,,,{'id': 163782}
1199649735,LONG,,1,109800,,"{'id': 82800, 'context': 0, 'modifiers': [{'type': 6, 'value': 31073}], 'pet_breed_id': 3, 'pet_level': 1, 'pet_quality_id': 2, 'pet_species_id': 251}"
1199649738,LONG,,1,109800,,"{'id': 82800, 'context': 0, 'modifiers': [{'type': 6, 'value': 31073}], 'pet_breed_id': 3, 'pet_level': 1, 'pet_quality_id': 2, 'pet_species_id': 251}"
1199649740,LONG,2220000,38,,,{'id': 168663}
1199649749,LONG,,1,5500,,"{'id': 82800, 'context': 0, 'modifiers': [{'type': 6, 'value': 98466}], 'pet_breed_id': 7, 'pet_level': 1, 'pet_quality_id': 2, 'pet_species_id': 3013}"
1199649755,LONG,6500,34,,,{'id': 158187}
1199649762,LONG,,1,9000000,,"{'id': 82800, 'context': 0, 'modifiers': [{'type': 6, 'value': 46925}], 'pet_breed_id': 6, 'pet_level': 1, 'pet_quality_id': 3, 'pet_species_id': 1152}"
1199649771,LONG,25500,19,,,{'id': 158189}
1199649774,LONG,,1,951600,,"{'id': 82800, 'context': 0, 'modifiers': [{'type': 6, 'value': 46905}], 'pet_breed_id': 4, 'pet_level': 1, 'pet_quality_id': 3, 'pet_species_id': 1153}"
1199649776,LONG,50100,27,,,{'id': 158188}
1199649785,LONG,,1,440000,,"{'id': 82800, 'context': 0, 'modifiers': [{'type': 6, 'value': 99900}], 'pet_breed_id': 18, 'pet_level': 1, 'pet_quality_id': 2, 'pet_species_id': 2909}"
1199649790,LONG,50400,20,,,{'id': 152876}
1199649795,LONG,,1,74880000,,"{'id': 82800, 'context': 0, 'modifiers': [{'type': 6, 'value': 99872}], 'pet_breed_id': 20, 'pet_level': 1, 'pet_quality_id': 2, 'pet_species_id': 3032}"
1199649808,LONG,47000,148,,,{'id': 152875}
1199649816,LONG,,1,28200000,,"{'id': 82800, 'context': 0, 'modifiers': [{'type': 6, 'value': 99927}], 'pet_breed_id': 17, 'pet_level': 1, 'pet_quality_id': 2, 'pet_species_id': 2920}"
1199649828,LONG,,1,16999800,,"{'id': 82800, 'context': 0, 'modifiers': [{'type': 6, 'value': 48857}], 'pet_breed_id': 9, 'pet_level': 1, 'pet_quality_id': 3, 'pet_species_id': 1227}"
1199649831,LONG,83100,2,,,{'id': 124441}
1199649839,LONG,,1,50000,,"{'id': 82800, 'context': 0, 'modifiers': [{'type': 6, 'value': 99018}], 'pet_breed_id': 7, 'pet_level': 1, 'pet_quality_id': 2, 'pet_species_id': 2798}"
1199649848,LONG,15400,135,,,{'id': 154885}
1199649852,LONG,,1,2000000,,"{'id': 82800, 'context': 0, 'modifiers': [{'type': 6, 'value': 98459}], 'pet_breed_id': 5, 'pet_level': 1, 'pet_quality_id': 2, 'pet_species_id': 3022}"
1199649858,LONG,,1,13000000,,"{'id': 82800, 'context': 0, 'modifiers': [{'type': 6, 'value': 90745}], 'pet_breed_id': 6, 'pet_level': 1, 'pet_quality_id': 3, 'pet_species_id': 2587}"
1199649861,LONG,45000,143,,,{'id': 154881}
1199649868,LONG,,1,230000000,,"{'id': 82800, 'context': 0, 'modifiers': [{'type': 6, 'value': 99891}], 'pet_breed_id': 16, 'pet_level': 1, 'pet_quality_id': 2, 'pet_species_id': 3006}"
1199649877,LONG,58800,63,,,{'id': 154882}
1199649944,LONG,5009100,4,,,{'id': 168232}
1199649970,LONG,99900,70,,,{'id': 166343}
1199649982,LONG,50000,50,,,{'id': 168313}
1199649988,LONG,40000,22,,,{'id': 172089}
1199649996,LONG,326100,142,,,{'id': 166344}
1199650015,LONG,700000,87,,,{'id': 154887}
1199650033,LONG,440000,120,,,{'id': 154884}
1199650046,LONG,144800,8,,,{'id': 154886}
1199650066,LONG,49800,36,,,{'id': 154891}
1199650095,LONG,19100,84,,,{'id': 168311}
1199651115,LONG,29500,11,,,{'id': 154888}
1199651129,LONG,110000,18,,,{'id': 154883}
1199651162,LONG,30000,40,,,{'id': 174350}
1199651179,LONG,330000,5,,,{'id': 154705}
1199651198,LONG,170000,3,,,{'id': 154707}
1199651215,LONG,3249900,6,,,{'id': 154706}
1199651563,LONG,1200,563,,,{'id': 21877}
1199651648,LONG,350000,1,,,{'id': 31892}
1199651676,LONG,9000000,1,,,{'id': 31893}
1199651698,LONG,37600,1,,,{'id': 31906}
1199651717,LONG,9990000,1,,,{'id': 19279}
1199651963,LONG,,1,4580000,,"{'id': 182561, 'context': 11, 'bonus_lists': [6706, 6652], 'modifiers': [{'type': 9, 'value': 53}, {'type': 28, 'value': 1324}]}"
1199652066,LONG,10000000,4,,,{'id': 168652}
1199652076,LONG,4980000,2,,,{'id': 31910}
1199652144,LONG,725500,2,,,{'id': 172231}
1199652155,LONG,239800,20,,,{'id': 165755}
1199652170,LONG,250000,183,,,{'id': 169449}
1199652182,LONG,65400,35,,,{'id': 153440}
1199652204,LONG,617400,1,,,{'id': 153479}
1199652231,LONG,290000,19,,,{'id': 153439}
1199652249,LONG,106400,15,,,{'id': 128539}
1199652267,LONG,17900,18,,,{'id': 153438}
1199652289,LONG,141000,14,,,{'id': 153437}
1199652308,LONG,184600,15,,,{'id': 153431}
1199652317,LONG,200000,5,,,{'id': 153430}
1199652338,LONG,51500,5,,,{'id': 153435}
1199652366,LONG,229800,8,,,{'id': 153434}
1199652381,LONG,11100,17,,,{'id': 152576}
1199652393,LONG,100,269,,,{'id': 124439}
1199652408,LONG,100,303,,,{'id': 124438}
1199652427,LONG,245600,29,,,{'id': 163225}
1199652444,LONG,250000,2,,,{'id': 163223}
1199652454,LONG,1900,102,,,{'id': 33470}
1199652458,LONG,249900,17,,,{'id': 163224}
1199652498,LONG,155900,17,,,{'id': 142117}
1199652514,LONG,57500,4,,,{'id': 11291}
1199652559,LONG,9900,4,,,{'id': 72234}
1199652588,LONG,3980000000,1,,,{'id': 52983}
1199652635,LONG,2999700,19,,,{'id': 152640}
1199652647,LONG,6489800,1,,,{'id': 152638}
1199652658,LONG,25500,12,,,{'id': 158189}
1199652667,LONG,6500,2,,,{'id': 158187}
1199652677,LONG,,1,504700,,"{'id': 82800, 'context': 0, 'modifiers': [{'type': 6, 'value': 95172}], 'pet_breed_id': 13, 'pet_level': 1, 'pet_quality_id': 3, 'pet_species_id': 2843}"
1199652691,LONG,58800,43,,,{'id': 154882}
1199652707,LONG,51000000,52,,,{'id': 156526}
1199652723,LONG,15400,80,,,{'id': 154885}
1199652743,LONG,89800,949,,,{'id': 174351}
1199652777,LONG,98500,5,,,{'id': 153441}
1199652794,LONG,30000,160,,,{'id': 174350}
1199653084,LONG,589700,4,,,{'id': 172920}
1199654160,LONG,30000,480,,,{'id': 174350}
1199654196,LONG,10000000,19,,,{'id': 171276}
1199654234,LONG,25000,40,,,{'id': 152494}
1199654269,LONG,1420000,29,,,{'id': 168217}
1199654283,LONG,567500,585,,,{'id': 173034}
1199654315,LONG,189900,5,,,{'id': 7307}
1199654319,LONG,220000,180,,,{'id': 173037}
1199654331,LONG,3395800,1,,,{'id': 175053}
1199654346,LONG,59800,32,,,{'id': 154889}
1199657107,LONG,22509000,20,,,{'id': 172043}
1199657127,LONG,8112800,1,,,{'id': 137269}
1199657547,LONG,7500000,1,,,{'id': 128561}
1199657579,LONG,17444600,8,,,{'id': 169220}
1199657581,LONG,40000,58,,,{'id': 172089}
1199657652,LONG,220000,144,,,{'id': 173037}
1199657673,LONG,10000000,6,,,{'id': 168638}
1199657830,LONG,1500,95,,,{'id': 113262}
1199657934,LONG,47000,12,,,{'id': 152875}
1199657962,LONG,499900,1,,,{'id': 128314}
1199658059,LONG,700000,67,,,{'id': 154887}
1199658085,LONG,5400,221,,,{'id': 38682}
1199660150,LONG,,1,5008100,,"{'id': 71638, 'context': 0}"
1199660185,LONG,,1,1179900,,"{'id': 71636, 'context': 0}"
1199660201,LONG,,1,1198400,,"{'id': 71635, 'context': 0}"
1199660211,LONG,,1,2189800,,"{'id': 71637, 'context': 0}"
1199660218,LONG,,1,2500000,,"{'id': 71715, 'context': 0}"
1199660322,LONG,10000400,13,,,{'id': 136653}
1199660357,LONG,3337600,6,,,{'id': 136654}
1199660383,LONG,,1,37003300,,"{'id': 138004, 'context': 0}"
1199660394,LONG,,1,669700,,"{'id': 138010, 'context': 0}"
1199660400,LONG,,1,44000000,,"{'id': 138001, 'context': 0}"
1199660686,LONG,399900,2,,,{'id': 109585}
1199660698,LONG,2000,98,,,{'id': 113264}
1199660727,LONG,50400,2,,,{'id': 152876}
1199660858,LONG,,1,19233700,,"{'id': 82800, 'context': 0, 'pet_breed_id': 3, 'pet_level': 1, 'pet_quality_id': 3, 'pet_species_id': 1965}"
1199660860,LONG,,1,19233700,,"{'id': 82800, 'context': 0, 'pet_breed_id': 3, 'pet_level': 1, 'pet_quality_id': 3, 'pet_species_id': 1965}"
1199660863,LONG,4000000,2,,,{'id': 129029}
1199660864,LONG,450000,528,,,{'id': 173059}
1199660866,LONG,,1,250000000,,"{'id': 82800, 'context': 0, 'modifiers': [{'type': 6, 'value': 79798}], 'pet_breed_id': 14, 'pet_level': 1, 'pet_quality_id': 3, 'pet_species_id': 2121}"
1199660867,LONG,400000,1227,,,{'id': 173058}
1199660869,LONG,,1,550000000,,"{'id': 183017, 'context': 4, 'bonus_lists': [7186, 6652, 7194, 1459, 6646], 'modifiers': [{'type': 28, 'value': 750}]}"
1199660870,LONG,20000000,6,,,{'id': 172449}
1199660871,LONG,,1,188270800,,"{'id': 104227, 'context': 0}"
1199660873,LONG,,1,80000000,,"{'id': 172325, 'context': 63, 'bonus_lists': [6716, 7194, 1487]}"
1199660876,LONG,,1,80000000,,"{'id': 172325, 'context': 63, 'bonus_lists': [6716, 7194, 1487]}"
1199660882,LONG,,1,80000000,,"{'id': 172325, 'context': 63, 'bonus_lists': [6716, 7194, 1487]}"
1199660884,LONG,,1,80000000,,"{'id': 172325, 'context': 63, 'bonus_lists': [6716, 7194, 1487]}"
1199660889,LONG,,1,80000000,,"{'id': 172325, 'context': 63, 'bonus_lists': [6716, 7193, 1487]}"
1199660896,LONG,,1,80000000,,"{'id': 172325, 'context': 63, 'bonus_lists': [6716, 7194, 1487]}"
1199660899,LONG,,1,80000000,,"{'id': 172325, 'context': 63, 'bonus_lists': [6716, 7194, 1487]}"
1199660903,LONG,,1,80000000,,"{'id': 172325, 'context': 63, 'bonus_lists': [6716, 7194, 1487]}"
1199661065,LONG,600,67,,,{'id': 7077}
1199661076,LONG,700,88,,,{'id': 7068}
1199661088,LONG,77100,30,,,{'id': 6037}
1199661091,LONG,13500,15,,,{'id': 4339}
1199664107,LONG,1700000,2,,,{'id': 171833}
1199664120,LONG,168300,2,,,{'id': 4305}
1199664123,LONG,220000,3,,,{'id': 173037}
1199664125,LONG,7400,2,,,{'id': 34056}
1199664129,LONG,525000,6,,,{'id': 173036}
1199664136,LONG,49500,40,,,{'id': 34054}
1199664143,LONG,,1,1534500,,"{'id': 173146, 'context': 13, 'modifiers': [{'type': 29, 'value': 40}]}"
1199664148,LONG,,1,1534500,,"{'id': 173146, 'context': 13, 'modifiers': [{'type': 29, 'value': 32}]}"
1199664151,LONG,,1,1534500,,"{'id': 173146, 'context': 13, 'modifiers': [{'type': 29, 'value': 40}]}"
1199664160,LONG,1900,157,,,{'id': 33470}
1199664178,LONG,,1,98096700,,"{'id': 165741, 'context': 11, 'modifiers': [{'type': 28, 'value': 391}]}"
1199664183,LONG,560000,6,,,{'id': 173034}
1199664206,LONG,384300,3,,,{'id': 22577}
1199664225,LONG,10900,4,,,{'id': 22447}
1199664242,LONG,67000,20,,,{'id': 21840}
1199664256,LONG,16700,3,,,{'id': 177061}
1199664283,LONG,37000,14,,,{'id': 17011}
1199664288,LONG,5500,6,,,{'id': 16204}
1199664293,LONG,29700,2,,,{'id': 16202}
1199664301,LONG,18500,42,,,{'id': 156930}
1199664316,LONG,9900,36,,,{'id': 14048}
1199664329,LONG,82300,1,,,{'id': 124441}
1199664330,LONG,660000,7,,,{'id': 184090}
1199664353,LONG,88000,1,,,{'id': 113588}
1199664362,LONG,190000,5,,,{'id': 171271}
1199664367,LONG,6600,27,,,{'id': 109693}
1199664382,LONG,1405800,5,,,{'id': 168217}
1199664675,LONG,,1,4000000,,"{'id': 39899, 'context': 0}"
1199664679,LONG,,1,15008500,,"{'id': 9511, 'context': 1, 'bonus_lists': [4071], 'modifiers': [{'type': 9, 'value': 25}]}"
1199664681,LONG,,1,2503800,,"{'id': 15624, 'context': 54, 'bonus_lists': [1705, 4277], 'modifiers': [{'type': 9, 'value': 50}]}"
1199664684,LONG,,1,2503800,,"{'id': 15624, 'context': 54, 'bonus_lists': [1693, 4278], 'modifiers': [{'type': 9, 'value': 50}]}"
1199664689,LONG,,1,2503800,,"{'id': 15624, 'context': 54, 'bonus_lists': [1693, 4279], 'modifiers': [{'type': 9, 'value': 50}]}"
1199664694,LONG,,1,1515200,,"{'id': 15325, 'context': 1, 'bonus_lists': [1678]}"
1199664698,LONG,,1,1515200,,"{'id': 15325, 'context': 1, 'bonus_lists': [1706]}"
1199664702,LONG,,1,1515200,,"{'id': 15325, 'context': 54, 'bonus_lists': [1677, 4282], 'modifiers': [{'type': 9, 'value': 50}]}"
1199664705,LONG,,1,3119200,,"{'id': 167182, 'context': 0}"
1199664712,LONG,,1,11976700,,"{'id': 14847, 'context': 53, 'bonus_lists': [4277], 'modifiers': [{'type': 9, 'value': 50}]}"
1199664716,LONG,,1,15686100,,"{'id': 14843, 'context': 53, 'bonus_lists': [4277], 'modifiers': [{'type': 9, 'value': 50}]}"
1199664719,LONG,,1,780000,,"{'id': 15323, 'context': 54, 'bonus_lists': [1691, 4283], 'modifiers': [{'type': 9, 'value': 50}]}"
1199664724,LONG,,1,15500000,,"{'id': 15931, 'context': 54, 'bonus_lists': [4281], 'modifiers': [{'type': 9, 'value': 50}]}"
1199664729,LONG,,1,1546400,,"{'id': 1994, 'context': 54, 'bonus_lists': [1708, 4281], 'modifiers': [{'type': 9, 'value': 50}]}"
1199664733,LONG,,1,12478200,,"{'id': 15626, 'context': 1, 'bonus_lists': [6654, 1680], 'modifiers': [{'type': 9, 'value': 30}, {'type': 28, 'value': 218}]}"
1199664736,LONG,,1,4100000,,"{'id': 15238, 'context': 1, 'bonus_lists': [1680]}"
1199664741,LONG,,1,4100000,,"{'id': 15238, 'context': 53, 'bonus_lists': [1680, 4281], 'modifiers': [{'type': 9, 'value': 50}]}"
1199664743,LONG,,1,31366900,,"{'id': 15986, 'context': 1, 'bonus_lists': [1705]}"
1199664746,LONG,,1,3244100,,"{'id': 15272, 'context': 1, 'bonus_lists': [1680]}"
1199664752,LONG,,1,3244100,,"{'id': 15272, 'context': 1, 'bonus_lists': [1681]}"
1199664757,LONG,,1,21096100,,"{'id': 14453, 'context': 1, 'bonus_lists': [6654], 'modifiers': [{'type': 9, 'value': 30}, {'type': 28, 'value': 218}]}"
1199664758,LONG,,1,19675900,,"{'id': 15608, 'context': 54, 'bonus_lists': [1692, 4277], 'modifiers': [{'type': 9, 'value': 50}]}"
1199664762,LONG,,1,19675900,,"{'id': 15608, 'context': 54, 'bonus_lists': [1681, 4277], 'modifiers': [{'type': 9, 'value': 50}]}"
1199664764,LONG,123640000,1,,,{'id': 19273}
1199664770,LONG,,1,3960000,,"{'id': 8123, 'context': 54, 'bonus_lists': [4278], 'modifiers': [{'type': 9, 'value': 50}]}"
1199664774,LONG,,1,14369400,,"{'id': 15672, 'context': 1, 'bonus_lists': [1678]}"
1199664776,LONG,,1,14369400,,"{'id': 15672, 'context': 1, 'bonus_lists': [1678]}"
1199664779,LONG,,1,2587000,,"{'id': 15263, 'context': 1, 'bonus_lists': [6655, 1709], 'modifiers': [{'type': 9, 'value': 30}, {'type': 28, 'value': 218}]}"
1199664783,LONG,,1,2587000,,"{'id': 15263, 'context': 1, 'bonus_lists': [6655, 1678], 'modifiers': [{'type': 9, 'value': 30}, {'type': 28, 'value': 218}]}"
1199664785,LONG,2000000,10,,,{'id': 8959}
1199664787,LONG,,1,12038500,,"{'id': 14793, 'context': 54, 'bonus_lists': [4277], 'modifiers': [{'type': 9, 'value': 50}]}"
1199664789,LONG,,1,9407900,,"{'id': 15382, 'context': 1, 'bonus_lists': [6654, 1695], 'modifiers': [{'type': 9, 'value': 30}, {'type': 28, 'value': 218}]}"
1199664793,LONG,,1,5849600,,"{'id': 14684, 'context': 1}"
1199664795,LONG,,1,10527300,,"{'id': 15167, 'context': 53, 'bonus_lists': [1708, 4277], 'modifiers': [{'type': 9, 'value': 50}]}"
1199664798,LONG,,1,11830800,,"{'id': 14276, 'context': 1, 'bonus_lists': [6654, 1678], 'modifiers': [{'type': 9, 'value': 30}, {'type': 28, 'value': 218}]}"
1199664799,LONG,,1,34012100,,"{'id': 14949, 'context': 1, 'bonus_lists': [6654, 1681], 'modifiers': [{'type': 9, 'value': 30}, {'type': 28, 'value': 218}]}"
1199664801,LONG,,1,15748300,,"{'id': 15370, 'context': 54, 'bonus_lists': [1693, 4277], 'modifiers': [{'type': 9, 'value': 50}]}"
1199664804,LONG,,1,15748300,,"{'id': 15370, 'context': 54, 'bonus_lists': [1691, 4277], 'modifiers': [{'type': 9, 'value': 50}]}"
1199664805,LONG,,1,15748300,,"{'id': 15370, 'context': 54, 'bonus_lists': [1692, 4277], 'modifiers': [{'type': 9, 'value': 50}]}"
1199664807,LONG,184912900,1,,,{'id': 19274}
1199664808,LONG,,1,50000000,,"{'id': 10578, 'context': 1, 'bonus_lists': [4035], 'modifiers': [{'type': 9, 'value': 25}]}"
1199664812,LONG,,1,38378000,,"{'id': 5974, 'context': 1}"
1199664814,LONG,,1,38378000,,"{'id': 5974, 'context': 1}"
1199664816,LONG,,1,11588500,,"{'id': 14278, 'context': 1, 'bonus_lists': [6654, 1692], 'modifiers': [{'type': 9, 'value': 30}, {'type': 28, 'value': 218}]}"
1199664819,LONG,,1,11588500,,"{'id': 14278, 'context': 53, 'bonus_lists': [1693, 4277], 'modifiers': [{'type': 9, 'value': 50}]}"
1199664821,LONG,,1,11588500,,"{'id': 14278, 'context': 53, 'bonus_lists': [1693, 4277], 'modifiers': [{'type': 9, 'value': 50}]}"
1199664823,LONG,,1,5002200,,"{'id': 15239, 'context': 1, 'bonus_lists': [1679]}"
1199664826,LONG,,1,16007500,,"{'id': 14676, 'context': 1}"
1199664829,LONG,,1,16007500,,"{'id': 14676, 'context': 1}"
1199664833,LONG,,1,27905400,,"{'id': 15611, 'context': 54, 'bonus_lists': [1677, 4277], 'modifiers': [{'type': 9, 'value': 50}]}"
1199664834,LONG,,1,11860000,,"{'id': 14433, 'context': 54, 'bonus_lists': [4277], 'modifiers': [{'type': 9, 'value': 50}]}"
1199664837,LONG,,1,3999800,,"{'id': 7541, 'context': 1, 'bonus_lists': [1677]}"
1199664839,LONG,,1,259211400,,"{'id': 10573, 'context': 1, 'bonus_lists': [4035], 'modifiers': [{'type': 9, 'value': 25}]}"
1199664842,LONG,,1,17874100,,"{'id': 14842, 'context': 54, 'bonus_lists': [4281], 'modifiers': [{'type': 9, 'value': 50}]}"
1199664844,LONG,,1,5917800,,"{'id': 14654, 'context': 54, 'bonus_lists': [4279], 'modifiers': [{'type': 9, 'value': 50}]}"
1199664846,LONG,,1,1100000,,"{'id': 12833, 'context': 1}"
1199664848,LONG,,1,2213700,,"{'id': 167183, 'context': 0}"
1199664849,LONG,,1,2213700,,"{'id': 167183, 'context': 0}"
1199664852,LONG,,1,4000000,,"{'id': 10234, 'context': 54, 'bonus_lists': [1707, 4277], 'modifiers': [{'type': 9, 'value': 50}]}"
1199664853,LONG,,1,1265400,,"{'id': 5216, 'context': 54, 'bonus_lists': [1695, 4281], 'modifiers': [{'type': 9, 'value': 50}]}"
1199664855,LONG,2989200,1,,,{'id': 31913}
1199664857,LONG,,1,3543200,,"{'id': 10156, 'context': 1, 'bonus_lists': [1680]}"
1199664861,LONG,,1,5451000,,"{'id': 14688, 'context': 1}"
1199664864,LONG,,1,41012900,,"{'id': 15673, 'context': 1, 'bonus_lists': [1681]}"
1199664866,LONG,,1,17992300,,"{'id': 14779, 'context': 54, 'bonus_lists': [4277], 'modifiers': [{'type': 9, 'value': 50}]}"
1199664868,LONG,,1,13965700,,"{'id': 10362, 'context': 1, 'bonus_lists': [1705]}"
1199664869,LONG,,1,11000000,,"{'id': 14785, 'context': 54, 'bonus_lists': [4277], 'modifiers': [{'type': 9, 'value': 50}]}"
1199664872,LONG,,1,5000000,,"{'id': 7989, 'context': 1, 'modifiers': [{'type': 28, 'value': 218}]}"
1199664874,LONG,,1,23282500,,"{'id': 14829, 'context': 54, 'bonus_lists': [4279], 'modifiers': [{'type': 9, 'value': 50}]}"
1199664877,LONG,,1,3260000,,"{'id': 8118, 'context': 1, 'bonus_lists': [6654], 'modifiers': [{'type': 9, 'value': 30}, {'type': 28, 'value': 218}]}"
1199664879,LONG,,1,25858900,,"{'id': 1715, 'context': 1}"
1199664883,LONG,,1,19312900,,"{'id': 2040, 'context': 1, 'bonus_lists': [4071], 'modifiers': [{'type': 9, 'value': 25}]}"
1199664884,LONG,,1,19312900,,"{'id': 2040, 'context': 1, 'bonus_lists': [4071], 'modifiers': [{'type': 9, 'value': 25}]}"
1199664888,LONG,,1,5766500,,"{'id': 14450, 'context': 53, 'bonus_lists': [4277], 'modifiers': [{'type': 9, 'value': 50}]}"
1199664891,LONG,,1,1431100,,"{'id': 15324, 'context': 1, 'bonus_lists': [6655, 1695], 'modifiers': [{'type': 9, 'value': 30}, {'type': 28, 'value': 218}]}"
1199664893,LONG,,1,15904400,,"{'id': 14800, 'context': 1}"
1199664896,LONG,,1,19200300,,"{'id': 94036, 'context': 0, 'bonus_lists': [1691]}"
1199664897,LONG,,1,34268700,,"{'id': 3608, 'context': 1}"
1199664898,LONG,,1,14993000,,"{'id': 15627, 'context': 53, 'bonus_lists': [1681, 4277], 'modifiers': [{'type': 9, 'value': 50}]}"
1199664901,LONG,,1,25606600,,"{'id': 14794, 'context': 53, 'bonus_lists': [4277], 'modifiers': [{'type': 9, 'value': 50}]}"
1199664904,LONG,,1,25606600,,"{'id': 14794, 'context': 53, 'bonus_lists': [4277], 'modifiers': [{'type': 9, 'value': 50}]}"
1199664906,LONG,,1,24369300,,"{'id': 15982, 'context': 54, 'bonus_lists': [1677, 4281], 'modifiers': [{'type': 9, 'value': 50}]}"
1199664910,LONG,,1,42562800,,"{'id': 121274, 'context': 0, 'bonus_lists': [6654, 40, 1704], 'modifiers': [{'type': 9, 'value': 50}]}"
1199664914,LONG,,1,21126400,,"{'id': 14327, 'context': 1, 'bonus_lists': [1709]}"
1199664918,LONG,,1,21126400,,"{'id': 14327, 'context': 1, 'bonus_lists': [1678]}"
1199664925,LONG,,1,2180000,,"{'id': 167179, 'context': 0}"
1199664928,LONG,,1,2180000,,"{'id': 167179, 'context': 0}"
1199664930,LONG,,1,2500000,,"{'id': 37824, 'context': 22, 'bonus_lists': [6659], 'modifiers': [{'type': 9, 'value': 30}, {'type': 28, 'value': 1020}]}"
1199664933,LONG,,1,10963500,,"{'id': 15628, 'context': 54, 'bonus_lists': [1680, 4278], 'modifiers': [{'type': 9, 'value': 50}]}"
1199664937,LONG,,1,10963500,,"{'id': 15628, 'context': 54, 'bonus_lists': [1681, 4278], 'modifiers': [{'type': 9, 'value': 50}]}"
1199664942,LONG,,1,16543900,,"{'id': 15602, 'context': 54, 'bonus_lists': [1681, 4277], 'modifiers': [{'type': 9, 'value': 50}]}"
1199664944,LONG,,1,16543900,,"{'id': 15602, 'context': 54, 'bonus_lists': [1678, 4278], 'modifiers': [{'type': 9, 'value': 50}]}"
1199664946,LONG,,1,29895200,,"{'id': 14946, 'context': 54, 'bonus_lists': [1678, 4279], 'modifiers': [{'type': 9, 'value': 50}]}"
1199664948,LONG,,1,11030000,,"{'id': 4063, 'context': 1}"
1199664953,LONG,,1,850000,,"{'id': 10235, 'context': 1, 'bonus_lists': [1693]}"
1199664969,LONG,,1,18684000,,"{'id': 14665, 'context': 54, 'bonus_lists': [4277], 'modifiers': [{'type': 9, 'value': 50}]}"
1199664970,LONG,,1,9052100,,"{'id': 14976, 'context': 1, 'bonus_lists': [6654, 1679], 'modifiers': [{'type': 9, 'value': 30}, {'type': 28, 'value': 218}]}"
1199664980,LONG,,1,62381400,,"{'id': 121103, 'context': 0, 'bonus_lists': [6654, 1676], 'modifiers': [{'type': 9, 'value': 50}]}"
1199664981,LONG,,1,12858300,,"{'id': 14424, 'context': 54, 'bonus_lists': [4277], 'modifiers': [{'type': 9, 'value': 50}]}"
1199664983,LONG,,1,12858300,,"{'id': 14424, 'context': 54, 'bonus_lists': [4277], 'modifiers': [{'type': 9, 'value': 50}]}"
1199664985,LONG,,1,12858300,,"{'id': 14424, 'context': 54, 'bonus_lists': [4279], 'modifiers': [{'type': 9, 'value': 50}]}"
1199664987,LONG,,1,24839800,,"{'id': 14951, 'context': 54, 'bonus_lists': [1707, 4278], 'modifiers': [{'type': 9, 'value': 50}]}"
1199664991,LONG,,1,13420300,,"{'id': 14464, 'context': 1}"
1199664993,LONG,,1,8876100,,"{'id': 15189, 'context': 1, 'bonus_lists': [1707]}"
1199664995,LONG,,1,14578300,,"{'id': 15890, 'context': 1}"
1199664996,LONG,,1,10437900,,"{'id': 15395, 'context': 1, 'bonus_lists': [6654, 1705], 'modifiers': [{'type': 9, 'value': 30}, {'type': 28, 'value': 218}]}"
1199664999,LONG,,1,12152000,,"{'id': 15436, 'context': 1, 'bonus_lists': [1706]}"
1199665001,LONG,,1,1452500,,"{'id': 167178, 'context': 0}"
1199665004,LONG,,1,21569500,,"{'id': 142402, 'context': 1}"
1199665006,LONG,,1,21569500,,"{'id': 142402, 'context': 1}"
1199665007,LONG,,1,7307600,,"{'id': 13015, 'context': 1}"
1199665008,LONG,,1,188609200,,"{'id': 121014, 'context': 0, 'bonus_lists': [1812, 607], 'modifiers': [{'type': 9, 'value': 45}]}"
1199665011,LONG,,1,23580500,,"{'id': 14914, 'context': 1, 'bonus_lists': [6654, 1707], 'modifiers': [{'type': 9, 'value': 30}, {'type': 28, 'value': 218}]}"
1199665013,LONG,,1,7612500,,"{'id': 14777, 'context': 54, 'bonus_lists': [4281], 'modifiers': [{'type': 9, 'value': 50}]}"
1199665016,LONG,,1,3126000,,"{'id': 14443, 'context': 1, 'bonus_lists': [6654], 'modifiers': [{'type': 9, 'value': 30}, {'type': 28, 'value': 218}]}"
1199665019,LONG,,1,3126000,,"{'id': 14443, 'context': 54, 'bonus_lists': [4277], 'modifiers': [{'type': 9, 'value': 50}]}"
1199665022,LONG,,1,13489300,,"{'id': 14656, 'context': 54, 'bonus_lists': [4277], 'modifiers': [{'type': 9, 'value': 50}]}"
1199665024,LONG,,1,21338200,,"{'id': 15632, 'context': 54, 'bonus_lists': [1709, 4277], 'modifiers': [{'type': 9, 'value': 50}]}"
1199665027,LONG,800000,14,,,{'id': 5637}
1199665028,LONG,,1,580000,,"{'id': 4088, 'context': 1, 'bonus_lists': [6655, 1680], 'modifiers': [{'type': 9, 'value': 30}, {'type': 28, 'value': 218}]}"
1199666293,LONG,580000,1,,,{'id': 87277}
1199666297,LONG,,1,68999800,,"{'id': 161914, 'context': 13, 'bonus_lists': [1713, 6851, 5804]}"
1199666301,LONG,,1,68999800,,"{'id': 161914, 'context': 13, 'bonus_lists': [1716, 6851, 5804]}"
1199666302,LONG,,1,106175500,,"{'id': 161914, 'context': 13, 'bonus_lists': [1695, 6851, 5804]}"
1199666306,LONG,,1,106175500,,"{'id': 161914, 'context': 13, 'bonus_lists': [1685, 6851, 5804]}"
1199666313,LONG,4999900,1,,,{'id': 54447}
1199666320,LONG,,1,49999600,,"{'id': 127031, 'context': 13, 'bonus_lists': [3360, 6860, 3408]}"
1199666326,LONG,,1,44999900,,"{'id': 41553, 'context': 0, 'bonus_lists': [6866]}"
1199666334,LONG,,1,17753500,,"{'id': 161913, 'context': 13, 'bonus_lists': [1688, 6848, 5804]}"
1199666337,LONG,,1,76895800,,"{'id': 161913, 'context': 13, 'bonus_lists': [1704, 6848, 5804]}"
1199666342,LONG,,1,76895800,,"{'id': 161913, 'context': 13, 'bonus_lists': [1708, 6848, 5804]}"
1199666350,LONG,,1,79944200,,"{'id': 164711, 'context': 13, 'bonus_lists': [1694, 6873]}"
1199666352,LONG,,1,202741500,,"{'id': 161915, 'context': 13, 'bonus_lists': [1714, 6852, 5804]}"
1199666355,LONG,,1,202741500,,"{'id': 161915, 'context': 13, 'bonus_lists': [1708, 6852, 5804]}"
1199666360,LONG,,1,202741500,,"{'id': 161915, 'context': 13, 'bonus_lists': [1680, 6852, 5804]}"
1199666364,LONG,4505400,2,,,{'id': 76700}
1199666369,LONG,,1,8249900,,"{'id': 41551, 'context': 0, 'bonus_lists': [6860]}"
1199666375,LONG,,1,7622900,,"{'id': 161880, 'context': 13, 'bonus_lists': [1705, 5804, 6850]}"
1199666378,LONG,,1,9216100,,"{'id': 161880, 'context': 13, 'bonus_lists': [1701, 5804, 6850]}"
1199666384,LONG,,1,8181700,,"{'id': 161880, 'context': 13, 'bonus_lists': [1684, 5804, 6850]}"
1199666389,LONG,,1,1557900,,"{'id': 161960, 'context': 13, 'bonus_lists': [1692, 6854]}"
1199666394,LONG,,1,1557900,,"{'id': 161960, 'context': 13, 'bonus_lists': [1694, 6854]}"
1199666397,LONG,,1,1557900,,"{'id': 161960, 'context': 13, 'bonus_lists': [1690, 6854]}"
1199666402,LONG,,1,1408600,,"{'id': 161960, 'context': 13, 'bonus_lists': [1703, 6854]}"
1199666404,LONG,,1,8786400,,"{'id': 161884, 'context': 13, 'bonus_lists': [1687, 6851, 5804]}"
1199666408,LONG,,1,35182800,,"{'id': 161884, 'context': 13, 'bonus_lists': [1717, 6851, 5804]}"
1199666411,LONG,,1,11762500,,"{'id': 161884, 'context': 13, 'bonus_lists': [1695, 6851, 5804]}"
1199666416,LONG,,1,8824200,,"{'id': 161884, 'context': 13, 'bonus_lists': [1699, 6851, 5804]}"
1199666418,LONG,,1,15650400,,"{'id': 161938, 'context': 13, 'bonus_lists': [1705, 6855]}"
1199666422,LONG,,1,10410300,,"{'id': 161938, 'context': 13, 'bonus_lists': [1679, 6855]}"
1199666427,LONG,,1,129999900,,"{'id': 161967, 'context': 13, 'bonus_lists': [1699, 6864]}"
1199666430,LONG,,1,84999800,,"{'id': 43974, 'context': 0, 'bonus_lists': [6873]}"
1199666436,LONG,19999800,1,,,{'id': 54449}
1199666440,LONG,,1,7413500,,"{'id': 21851, 'context': 0, 'bonus_lists': [6859]}"
1199666447,LONG,,1,109999800,,"{'id': 43584, 'context': 0, 'bonus_lists': [6883]}"
1199666449,LONG,,1,35760900,,"{'id': 161881, 'context': 13, 'bonus_lists': [1688, 6844, 5804]}"
1199666453,LONG,,1,32137500,,"{'id': 161881, 'context': 13, 'bonus_lists': [1704, 6844, 5804]}"
1199666458,LONG,,1,9403100,,"{'id': 161881, 'context': 13, 'bonus_lists': [1678, 6844, 5804]}"
1199666466,LONG,,1,9403100,,"{'id': 161881, 'context': 13, 'bonus_lists': [1682, 6844, 5804]}"
1199666469,LONG,,1,61999900,,"{'id': 75086, 'context': 0, 'bonus_lists': [6883]}"
1199666474,LONG,,1,163975400,,"{'id': 98796, 'context': 0, 'bonus_lists': [6883]}"
1199666478,LONG,,1,12690800,,"{'id': 161886, 'context': 13, 'bonus_lists': [1689, 6853, 5804]}"
1199666484,LONG,,1,176689100,,"{'id': 41609, 'context': 0, 'bonus_lists': [6883]}"
1199666490,LONG,,1,18998700,,"{'id': 82403, 'context': 0, 'bonus_lists': [1694, 6844]}"
1199666493,LONG,,1,18998700,,"{'id': 82403, 'context': 0, 'bonus_lists': [1695, 6844]}"
1199666498,LONG,5508300,1,,,{'id': 76636}
1199666502,LONG,,1,99999300,,"{'id': 41516, 'context': 0, 'bonus_lists': [6867]}"
1199666506,LONG,,1,74999700,,"{'id': 75087, 'context': 0, 'bonus_lists': [6883]}"
1199666508,LONG,149999800,1,,,{'id': 132982}
1199666511,LONG,,1,4166400,,"{'id': 161887, 'context': 13, 'bonus_lists': [1702, 6850, 5804]}"
1199666516,LONG,,1,4166600,,"{'id': 161887, 'context': 13, 'bonus_lists': [1678, 6850, 5804]}"
1199666519,LONG,,1,4166600,,"{'id': 161887, 'context': 13, 'bonus_lists': [1682, 6850, 5804]}"
1199666523,LONG,,1,26957200,,"{'id': 128878, 'context': 13, 'bonus_lists': [1706, 6851, 3408]}"
1199666525,LONG,309999900,1,,,{'id': 132528}
1199666532,LONG,,1,15249700,,"{'id': 22246, 'context': 0}"
1199666538,LONG,,1,17499900,,"{'id': 82401, 'context': 0, 'bonus_lists': [1685, 6845]}"
1199666543,LONG,,1,55999900,,"{'id': 118602, 'context': 0, 'bonus_lists': [167, 6863]}"
1199666547,LONG,,1,610805900,,"{'id': 98609, 'context': 0, 'bonus_lists': [6883]}"
1199666553,LONG,,1,18999800,,"{'id': 41554, 'context': 0, 'bonus_lists': [6868]}"
1199666558,LONG,,1,51999900,,"{'id': 92726, 'context': 0, 'bonus_lists': [6852]}"
1199666563,LONG,,1,54999900,,"{'id': 98769, 'context': 0, 'bonus_lists': [6883]}"
1199666569,LONG,,1,22499700,,"{'id': 54484, 'context': 0, 'bonus_lists': [6856]}"
1199666574,LONG,,1,7249900,,"{'id': 54486, 'context': 0, 'bonus_lists': [6856]}"
1199666581,LONG,,1,1000000,,"{'id': 161957, 'context': 13, 'bonus_lists': [1709, 6853]}"
1199666589,LONG,,1,15062400,,"{'id': 165699, 'context': 0, 'bonus_lists': [6839]}"
1199666593,LONG,,1,15062400,,"{'id': 165699, 'context': 0, 'bonus_lists': [6839]}"
1199666598,LONG,,1,15062400,,"{'id': 165699, 'context': 0, 'bonus_lists': [6839]}"
1199666602,LONG,,1,11499900,,"{'id': 114831, 'context': 13, 'bonus_lists': [153, 6853]}"
1199666607,LONG,,1,35309600,,"{'id': 161941, 'context': 13, 'bonus_lists': [1702, 6848]}"
1199666613,LONG,,1,35309600,,"{'id': 161941, 'context': 13, 'bonus_lists': [1699, 6848]}"
1199666618,LONG,,1,3467600,,"{'id': 161954, 'context': 13, 'bonus_lists': [1690, 6857]}"
1199666624,LONG,,1,3467600,,"{'id': 161954, 'context': 13, 'bonus_lists': [1696, 6857]}"
1199666628,LONG,,1,3467600,,"{'id': 161954, 'context': 13, 'bonus_lists': [1695, 6857]}"
1199666635,LONG,,1,4567400,,"{'id': 161954, 'context': 13, 'bonus_lists': [1683, 6857]}"
1199666637,LONG,,1,4567400,,"{'id': 161954, 'context': 13, 'bonus_lists': [1683, 6857]}"
1199666641,LONG,,1,47999900,,"{'id': 54478, 'context': 0, 'bonus_lists': [6850]}"
1199666643,LONG,,1,64999700,,"{'id': 42095, 'context': 0, 'bonus_lists': [6883]}"
1199666646,LONG,7022100,1,,,{'id': 132513}
1199666650,LONG,104700,3,,,{'id': 9312}
1199666653,LONG,,1,27999900,,"{'id': 93439, 'context': 0, 'bonus_lists': [6874]}"
1199666656,LONG,,1,20999900,,"{'id': 82404, 'context': 0, 'bonus_lists': [1700, 6847]}"
1199666662,LONG,,1,673140900,,"{'id': 161931, 'context': 13, 'bonus_lists': [1683, 4928]}"
1199666666,LONG,,1,4216900,,"{'id': 161970, 'context': 13, 'bonus_lists': [1699, 6844]}"
1199666672,LONG,,1,49997400,,"{'id': 75070, 'context': 0, 'bonus_lists': [6883]}"
1199666677,LONG,,1,210520600,,"{'id': 161966, 'context': 13, 'bonus_lists': [1691, 6869]}"
1199666681,LONG,2399900,1,,,{'id': 82442}
1199666682,LONG,,1,2506700,,"{'id': 161977, 'context': 13, 'bonus_lists': [1705, 6847]}"
1199666686,LONG,,1,82499800,,"{'id': 41986, 'context': 0, 'bonus_lists': [6883]}"
1199666690,LONG,31823100,1,,,{'id': 139271}
1199666691,LONG,,1,131766100,,"{'id': 161917, 'context': 13, 'bonus_lists': [1707, 6849, 5804]}"
1199666693,LONG,,1,131766100,,"{'id': 161917, 'context': 13, 'bonus_lists': [1717, 6849, 5804]}"
1199666695,LONG,,1,14999900,,"{'id': 82398, 'context': 0, 'bonus_lists': [1716, 6846]}"
1199666696,LONG,,1,32498800,,"{'id': 93615, 'context': 0, 'bonus_lists': [6878]}"
1199666699,LONG,,1,20499900,,"{'id': 82399, 'context': 0, 'bonus_lists': [1709, 6853]}"
1199666701,LONG,,1,9154800,,"{'id': 161916, 'context': 13, 'bonus_lists': [1685, 6847, 5804]}"
1199666702,LONG,,1,9154800,,"{'id': 161916, 'context': 13, 'bonus_lists': [1687, 6847, 5804]}"
1199666707,LONG,81829300,10,,,{'id': 17307}
1199666711,LONG,,1,11607700,,"{'id': 41513, 'context': 0, 'bonus_lists': [6847]}"
1199666716,LONG,,1,49999900,,"{'id': 45810, 'context': 0, 'bonus_lists': [6883]}"
1199666718,LONG,,1,399999600,,"{'id': 161964, 'context': 13, 'bonus_lists': [1708, 6867]}"
1199666723,LONG,,1,399999600,,"{'id': 161964, 'context': 13, 'bonus_lists': [1708, 6867]}"
1199666726,LONG,,1,11999800,,"{'id': 14130, 'context': 0, 'bonus_lists': [6883]}"
1199666733,LONG,1811100,1,,,{'id': 82443}
1199666736,LONG,,1,21499700,,"{'id': 41544, 'context': 0, 'bonus_lists': [6858]}"
1199666741,LONG,,1,3099500,,"{'id': 41255, 'context': 0, 'bonus_lists': [6835]}"
1199666747,LONG,,1,14547700,,"{'id': 116168, 'context': 13, 'bonus_lists': [220, 6876]}"
1199666752,LONG,,1,219997800,,"{'id': 42096, 'context': 0, 'bonus_lists': [6883]}"
1199666755,LONG,311843500,1,,,{'id': 180347}
1199666756,LONG,,1,20000000,,"{'id': 128877, 'context': 13, 'bonus_lists': [1710, 6860, 3408]}"
1199666758,LONG,,1,4036800,,"{'id': 161940, 'context': 13, 'bonus_lists': [1709, 6827]}"
1199666762,LONG,,1,249999800,,"{'id': 132501, 'context': 13, 'bonus_lists': [1713, 6827, 3408]}"
1199666766,LONG,,1,12499900,,"{'id': 75063, 'context': 0, 'bonus_lists': [6883]}"
1199666769,LONG,,1,99997500,,"{'id': 75098, 'context': 0, 'bonus_lists': [6883]}"
1199666776,LONG,,1,33875000,,"{'id': 129960, 'context': 13, 'bonus_lists': [6835]}"
1199666839,LONG,,1,443800,,"{'id': 82400, 'context': 0, 'bonus_lists': [1714, 6848]}"
1199666850,LONG,,1,443800,,"{'id': 82400, 'context': 0, 'bonus_lists': [1691, 6848]}"
1199666859,LONG,,1,480200,,"{'id': 7277, 'context': 0, 'bonus_lists': [6838]}"
1199666882,LONG,,1,957100,,"{'id': 45626, 'context': 0, 'bonus_lists': [6853]}"
1199666887,LONG,,1,4611700,,"{'id': 43972, 'context': 0, 'bonus_lists': [6876]}"
1199666892,LONG,,1,5008100,,"{'id': 71638, 'context': 0}"
1199666895,LONG,,1,485500,,"{'id': 4326, 'context': 0, 'bonus_lists': [6865]}"
1199666900,LONG,,1,942600,,"{'id': 41546, 'context': 0, 'bonus_lists': [6863]}"
1199666914,LONG,,1,95900,,"{'id': 2579, 'context': 0, 'bonus_lists': [6835]}"
1199666920,LONG,,1,1411700,,"{'id': 2302, 'context': 0, 'bonus_lists': [6837]}"
1199666925,LONG,,1,2189800,,"{'id': 71637, 'context': 0}"
1199666929,LONG,,1,2145300,,"{'id': 151790, 'context': 0, 'bonus_lists': [6835]}"
1199666935,LONG,,1,2500000,,"{'id': 71715, 'context': 0}"
1199666936,LONG,,1,1832800,,"{'id': 14103, 'context': 0, 'bonus_lists': [6883]}"
1199666950,LONG,,1,1966200,,"{'id': 114829, 'context': 13, 'bonus_lists': [191, 6854]}"
1199666953,LONG,36800,20,,,{'id': 152507}
1199666961,LONG,34500,5,,,{'id': 76699}
1199666976,LONG,5000,20,,,{'id': 152511}
1199666977,LONG,5904400,3,,,{'id': 76695}
1199666989,LONG,10000,3,,,{'id': 160298}
1199666999,LONG,945500,2,,,{'id': 38780}
1199667002,LONG,8000,1,,,{'id': 153051}
1199667005,LONG,,1,11997500,,"{'id': 15610, 'context': 54, 'bonus_lists': [1681, 4277], 'modifiers': [{'type': 9, 'value': 50}]}"
1199667008,LONG,,1,17000000,,"{'id': 14921, 'context': 53, 'bonus_lists': [1678, 4277], 'modifiers': [{'type': 9, 'value': 50}]}"
1199667012,LONG,,1,16429300,,"{'id': 9480, 'context': 1, 'bonus_lists': [4071], 'modifiers': [{'type': 9, 'value': 25}]}"
1199667014,LONG,,1,16429300,,"{'id': 9480, 'context': 1, 'bonus_lists': [4071], 'modifiers': [{'type': 9, 'value': 25}]}"
1199667016,LONG,3700,1,,,{'id': 152542}
1199667018,LONG,,1,16429300,,"{'id': 9480, 'context': 1, 'bonus_lists': [4071], 'modifiers': [{'type': 9, 'value': 25}]}"
1199667021,LONG,,1,16429300,,"{'id': 9480, 'context': 1, 'bonus_lists': [4071], 'modifiers': [{'type': 9, 'value': 25}]}"
1199667025,LONG,,1,1431100,,"{'id': 15324, 'context': 1, 'bonus_lists': [6655, 1693], 'modifiers': [{'type': 9, 'value': 30}, {'type': 28, 'value': 218}]}"
1199667028,LONG,,1,1431100,,"{'id': 15324, 'context': 54, 'bonus_lists': [1691, 4282], 'modifiers': [{'type': 9, 'value': 50}]}"
1199667030,LONG,,1,5575300,,"{'id': 15178, 'context': 1, 'bonus_lists': [6654, 1709], 'modifiers': [{'type': 9, 'value': 30}, {'type': 28, 'value': 218}]}"
1199667031,LONG,,1,11976700,,"{'id': 14847, 'context': 53, 'bonus_lists': [4277], 'modifiers': [{'type': 9, 'value': 50}]}"
1199667033,LONG,,1,780000,,"{'id': 15323, 'context': 53, 'bonus_lists': [1707, 4281], 'modifiers': [{'type': 9, 'value': 50}]}"
1199667035,LONG,,1,5993800,,"{'id': 14442, 'context': 54, 'bonus_lists': [4278], 'modifiers': [{'type': 9, 'value': 50}]}"
1199667037,LONG,,1,5993800,,"{'id': 14442, 'context': 53, 'bonus_lists': [4277], 'modifiers': [{'type': 9, 'value': 50}]}"
1199667038,LONG,,1,182473400,,"{'id': 82800, 'context': 0, 'modifiers': [{'type': 6, 'value': 80458}], 'pet_breed_id': 18, 'pet_level': 1, 'pet_quality_id': 2, 'pet_species_id': 2476}"
1199667040,LONG,20000,2,,,{'id': 153494}
1199667041,LONG,,1,9924000,,"{'id': 4725, 'context': 1}"
1199667043,LONG,,1,4107900,,"{'id': 16215, 'context': 1}"
1199667049,LONG,,1,699900,,"{'id': 21945, 'context': 1}"
1199667051,LONG,,1,11251500,,"{'id': 4417, 'context': 1}"
1199667053,LONG,34900,6,,,{'id': 152579}
1199667054,LONG,,1,3721900,,"{'id': 14330, 'context': 1, 'bonus_lists': [1708]}"
1199667056,LONG,,1,6167800,,"{'id': 121222, 'context': 0, 'bonus_lists': [1812, 1691], 'modifiers': [{'type': 9, 'value': 45}]}"
1199667058,LONG,,1,4588300,,"{'id': 14440, 'context': 54, 'bonus_lists': [4277], 'modifiers': [{'type': 9, 'value': 50}]}"
1199667059,LONG,,1,9483600,,"{'id': 15749, 'context': 1}"
1199667063,LONG,,1,9483600,,"{'id': 15749, 'context': 1}"
1199667064,LONG,,1,2091900,,"{'id': 10136, 'context': 54, 'bonus_lists': [1677, 4277], 'modifiers': [{'type': 9, 'value': 50}]}"
1199667065,LONG,1900,2,,,{'id': 154165}
1199667067,LONG,,1,17000000,,"{'id': 7975, 'context': 1}"
1199667069,LONG,,1,17007700,,"{'id': 14973, 'context': 1, 'bonus_lists': [1708]}"
1199667072,LONG,,1,60254300,,"{'id': 3870, 'context': 1}"
1199667073,LONG,,1,4000000,,"{'id': 39899, 'context': 0}"
1199667076,LONG,,1,480000,,"{'id': 4089, 'context': 53, 'bonus_lists': [1679, 4281], 'modifiers': [{'type': 9, 'value': 50}]}"
1199667077,LONG,,1,1382600,,"{'id': 5215, 'context': 1, 'bonus_lists': [1709]}"
1199667078,LONG,,1,1564700,,"{'id': 1640, 'context': 1, 'bonus_lists': [6655, 1708], 'modifiers': [{'type': 9, 'value': 30}, {'type': 28, 'value': 218}]}"
1199667081,LONG,,1,19890000,,"{'id': 15930, 'context': 53, 'bonus_lists': [4281], 'modifiers': [{'type': 9, 'value': 50}]}"
1199667083,LONG,,1,7571200,,"{'id': 15194, 'context': 1, 'bonus_lists': [1695]}"
1199667086,LONG,,1,7571200,,"{'id': 15194, 'context': 1, 'bonus_lists': [1692]}"
1199667088,LONG,,1,1265400,,"{'id': 5216, 'context': 53, 'bonus_lists': [1681, 4281], 'modifiers': [{'type': 9, 'value': 50}]}"
1199667089,LONG,1716100,4,,,{'id': 44739}
1199667093,LONG,,1,1265400,,"{'id': 5216, 'context': 54, 'bonus_lists': [1694, 4282], 'modifiers': [{'type': 9, 'value': 50}]}"
1199667094,LONG,,1,17438200,,"{'id': 14789, 'context': 54, 'bonus_lists': [4278], 'modifiers': [{'type': 9, 'value': 50}]}"
1199667096,LONG,,1,94280600,,"{'id': 10567, 'context': 1, 'bonus_lists': [4035], 'modifiers': [{'type': 9, 'value': 25}]}"
1199667098,LONG,,1,63341400,,"{'id': 13017, 'context': 1}"
1199667099,LONG,700,3,,,{'id': 154899}
1199667100,LONG,,1,79000000,,"{'id': 4299, 'context': 1}"
1199668105,LONG,,1,986900,,"{'id': 40892, 'context': 0}"
1199668106,LONG,,1,79000000,,"{'id': 4299, 'context': 1}"
1199668107,LONG,,1,14750800,,"{'id': 15686, 'context': 1, 'bonus_lists': [1691]}"
1199668110,LONG,100008600,1,,,{'id': 19265}
1199668111,LONG,,1,16571000,,"{'id': 8318, 'context': 54, 'bonus_lists': [4277], 'modifiers': [{'type': 9, 'value': 50}]}"
1199668115,LONG,,1,11383500,,"{'id': 14258, 'context': 54, 'bonus_lists': [1691, 4279], 'modifiers': [{'type': 9, 'value': 50}]}"
1199668117,LONG,,1,11383500,,"{'id': 14258, 'context': 54, 'bonus_lists': [1708, 4277], 'modifiers': [{'type': 9, 'value': 50}]}"
1199668118,LONG,,1,17526400,,"{'id': 15618, 'context': 53, 'bonus_lists': [1694, 4281], 'modifiers': [{'type': 9, 'value': 50}]}"
1199668119,LONG,,1,6591200,,"{'id': 14324, 'context': 1, 'bonus_lists': [1709]}"
1199668120,LONG,,1,499900,,"{'id': 13494, 'context': 1}"
1199668121,LONG,,1,499900,,"{'id': 13494, 'context': 1}"
1199668124,LONG,8500,3,,,{'id': 152631}
1199668125,LONG,,1,499900,,"{'id': 13494, 'context': 1}"
1199668128,LONG,8500,21,,,{'id': 152631}
1199668129,LONG,,1,7000000,,"{'id': 9295, 'context': 1}"
1199668131,LONG,,1,3143200,,"{'id': 8130, 'context': 1}"
1199668133,LONG,,1,27873200,,"{'id': 7465, 'context': 1, 'bonus_lists': [1709]}"
1199668136,LONG,,1,3620600,,"{'id': 10260, 'context': 1, 'bonus_lists': [1680]}"
1199668139,LONG,,1,11651800,,"{'id': 37820, 'context': 27, 'bonus_lists': [3908], 'modifiers': [{'type': 9, 'value': 25}]}"
1199668140,LONG,,1,15386800,,"{'id': 14853, 'context': 1, 'bonus_lists': [6654], 'modifiers': [{'type': 9, 'value': 30}, {'type': 28, 'value': 218}]}"
1199668144,LONG,,1,15386800,,"{'id': 14853, 'context': 54, 'bonus_lists': [4277], 'modifiers': [{'type': 9, 'value': 50}]}"
1199668146,LONG,,1,15386800,,"{'id': 14853, 'context': 53, 'bonus_lists': [4277], 'modifiers': [{'type': 9, 'value': 50}]}"
1199668148,LONG,,1,4853500,,"{'id': 14446, 'context': 54, 'bonus_lists': [4277], 'modifiers': [{'type': 9, 'value': 50}]}"
1199668150,LONG,,1,6767200,,"{'id': 7478, 'context': 1, 'bonus_lists': [6654, 1694], 'modifiers': [{'type': 9, 'value': 30}, {'type': 28, 'value': 218}]}"
1199668151,LONG,,1,13820500,,"{'id': 15387, 'context': 54, 'bonus_lists': [1693, 4277], 'modifiers': [{'type': 9, 'value': 50}]}"
1199668152,LONG,,1,9356700,,"{'id': 14286, 'context': 53, 'bonus_lists': [1694, 4277], 'modifiers': [{'type': 9, 'value': 50}]}"
1199668154,LONG,,1,18000000,,"{'id': 3873, 'context': 1}"
1199668158,LONG,,1,6962200,,"{'id': 14319, 'context': 1, 'bonus_lists': [1709]}"
1199668160,LONG,,1,3674800,,"{'id': 14681, 'context': 1}"
1199668161,LONG,,1,27603300,,"{'id': 14769, 'context': 54, 'bonus_lists': [4279], 'modifiers': [{'type': 9, 'value': 50}]}"
1199668162,LONG,,1,9999900,,"{'id': 15620, 'context': 54, 'bonus_lists': [1709, 4277], 'modifiers': [{'type': 9, 'value': 50}]}"
1199668164,LONG,,1,9999900,,"{'id': 15620, 'context': 53, 'bonus_lists': [1691, 4277], 'modifiers': [{'type': 9, 'value': 50}]}"
1199668167,LONG,,1,9999900,,"{'id': 15620, 'context': 54, 'bonus_lists': [1691, 4278], 'modifiers': [{'type': 9, 'value': 50}]}"
1199668169,LONG,,1,9999900,,"{'id': 15620, 'context': 53, 'bonus_lists': [1677, 4277], 'modifiers': [{'type': 9, 'value': 50}]}"
1199668171,LONG,,1,9999900,,"{'id': 15620, 'context': 54, 'bonus_lists': [1694, 4277], 'modifiers': [{'type': 9, 'value': 50}]}"
1199668172,LONG,,1,13672800,,"{'id': 14848, 'context': 1, 'bonus_lists': [6654], 'modifiers': [{'type': 9, 'value': 30}, {'type': 28, 'value': 218}]}"
1199668173,LONG,,1,10270400,,"{'id': 4726, 'context': 1}"
1199668174,LONG,,1,5266500,,"{'id': 14272, 'context': 1, 'bonus_lists': [6654, 1691], 'modifiers': [{'type': 9, 'value': 30}, {'type': 28, 'value': 218}]}"
1199668175,LONG,,1,5266500,,"{'id': 14272, 'context': 53, 'bonus_lists': [1707, 4277], 'modifiers': [{'type': 9, 'value': 50}]}"
1199668178,LONG,,1,1545500,,"{'id': 15264, 'context': 54, 'bonus_lists': [1695, 4281], 'modifiers': [{'type': 9, 'value': 50}]}"
1199668180,LONG,,1,652300,,"{'id': 15279, 'context': 1, 'bonus_lists': [6655, 1679], 'modifiers': [{'type': 9, 'value': 30}, {'type': 28, 'value': 218}]}"
1199668182,LONG,,1,7564400,,"{'id': 14663, 'context': 54, 'bonus_lists': [4278], 'modifiers': [{'type': 9, 'value': 50}]}"
1199668185,LONG,,1,16666600,,"{'id': 15666, 'context': 1, 'bonus_lists': [1681]}"
1199668187,LONG,,1,16666600,,"{'id': 15666, 'context': 1, 'bonus_lists': [1691]}"
1199668189,LONG,,1,81899500,,"{'id': 10603, 'context': 1}"
1199668191,LONG,,1,20000000,,"{'id': 66962, 'context': 36, 'bonus_lists': [4296], 'modifiers': [{'type': 9, 'value': 50}]}"
1199668193,LONG,,1,13255700,,"{'id': 8306, 'context': 53, 'bonus_lists': [4277], 'modifiers': [{'type': 9, 'value': 50}]}"
1199668196,LONG,,1,14089000,,"{'id': 14435, 'context': 54, 'bonus_lists': [4277], 'modifiers': [{'type': 9, 'value': 50}]}"
1199668199,LONG,,1,18170200,,"{'id': 15991, 'context': 1}"
1199668200,LONG,,1,18170200,,"{'id': 15991, 'context': 1}"
1199668202,LONG,,1,2018300,,"{'id': 10264, 'context': 1, 'bonus_lists': [1680]}"
1199668204,LONG,,1,26551500,,"{'id': 15667, 'context': 1, 'bonus_lists': [1709]}"
1199668206,LONG,,1,3567800,,"{'id': 14658, 'context': 54, 'bonus_lists': [4279], 'modifiers': [{'type': 9, 'value': 50}]}"
1199668207,LONG,3550000,70,,,{'id': 153706}
1199668219,LONG,,1,3567800,,"{'id': 14658, 'context': 1, 'bonus_lists': [6654], 'modifiers': [{'type': 9, 'value': 30}, {'type': 28, 'value': 218}]}"
1199668221,LONG,9000,54,,,{'id': 154897}
1199668223,LONG,,1,13940000,,"{'id': 10365, 'context': 54, 'bonus_lists': [1709, 4281], 'modifiers': [{'type': 9, 'value': 50}]}"
1199668224,LONG,,1,13940000,,"{'id': 10365, 'context': 1, 'bonus_lists': [1706]}"
1199668227,LONG,,1,25402700,,"{'id': 10320, 'context': 1}"
1199668230,LONG,29000,6,,,{'id': 159959}
1199668239,LONG,11100,71,,,{'id': 152576}
1199668242,LONG,,1,25402700,,"{'id': 10320, 'context': 1}"
1199668245,LONG,,1,4034600,,"{'id': 14436, 'context': 54, 'bonus_lists': [4277], 'modifiers': [{'type': 9, 'value': 50}]}"
1199668249,LONG,,1,17835400,,"{'id': 14788, 'context': 54, 'bonus_lists': [4277], 'modifiers': [{'type': 9, 'value': 50}]}"
1199668252,LONG,,1,17835400,,"{'id': 14788, 'context': 53, 'bonus_lists': [4277], 'modifiers': [{'type': 9, 'value': 50}]}"
1199668254,LONG,,1,17835400,,"{'id': 14788, 'context': 53, 'bonus_lists': [4277], 'modifiers': [{'type': 9, 'value': 50}]}"
1199668258,LONG,,1,1500000,,"{'id': 3208, 'context': 1, 'bonus_lists': [6655, 1679], 'modifiers': [{'type': 9, 'value': 30}, {'type': 28, 'value': 218}]}"
1199668263,LONG,15000,18,,,{'id': 153050}
1199668264,LONG,,1,1500000,,"{'id': 3208, 'context': 54, 'bonus_lists': [1695, 4282], 'modifiers': [{'type': 9, 'value': 50}]}"
1199668265,LONG,,1,1500000,,"{'id': 3208, 'context': 1, 'bonus_lists': [6655, 1680], 'modifiers': [{'type': 9, 'value': 30}, {'type': 28, 'value': 218}]}"
1199668268,LONG,,1,195999900,,"{'id': 82800, 'context': 0, 'modifiers': [{'type': 6, 'value': 75381}], 'pet_breed_id': 22, 'pet_level': 1, 'pet_quality_id': 2, 'pet_species_id': 2425}"
1199668269,LONG,2519200,9,,,{'id': 130250}
1199668271,LONG,,1,8815500,,"{'id': 14439, 'context': 54, 'bonus_lists': [4277], 'modifiers': [{'type': 9, 'value': 50}]}"
1199668276,LONG,,1,6902100,,"{'id': 14271, 'context': 53, 'bonus_lists': [1693, 4277], 'modifiers': [{'type': 9, 'value': 50}]}"
1199668280,LONG,,1,799900,,"{'id': 21953, 'context': 1}"
1199668284,LONG,,1,22257200,,"{'id': 8292, 'context': 54, 'bonus_lists': [4277], 'modifiers': [{'type': 9, 'value': 50}]}"
1199668285,LONG,,1,10715400,,"{'id': 14274, 'context': 1, 'bonus_lists': [6654, 1705], 'modifiers': [{'type': 9, 'value': 30}, {'type': 28, 'value': 218}]}"
1199668289,LONG,,1,14910400,,"{'id': 14260, 'context': 54, 'bonus_lists': [1707, 4277], 'modifiers': [{'type': 9, 'value': 50}]}"
1199668291,LONG,,1,22267600,,"{'id': 14923, 'context': 1, 'bonus_lists': [6654, 1677], 'modifiers': [{'type': 9, 'value': 30}, {'type': 28, 'value': 218}]}"
1199668292,LONG,,1,14000000,,"{'id': 177778, 'context': 0, 'bonus_lists': [6907, 6652, 7193, 1680], 'modifiers': [{'type': 9, 'value': 60}, {'type': 28, 'value': 1707}]}"
1199668294,LONG,,1,21285500,,"{'id': 8163, 'context': 1}"
1199668296,LONG,,1,15950700,,"{'id': 15631, 'context': 54, 'bonus_lists': [1677, 4277], 'modifiers': [{'type': 9, 'value': 50}]}"
1199668298,LONG,,1,6803200,,"{'id': 8289, 'context': 53, 'bonus_lists': [4277], 'modifiers': [{'type': 9, 'value': 50}]}"
1199668301,LONG,,1,21103900,,"{'id': 15435, 'context': 1, 'bonus_lists': [1692]}"
1199668306,LONG,19800,58,,,{'id': 154898}
1199668319,LONG,2550000,29,,,{'id': 153707}
1199668466,LONG,3337600,100,,,{'id': 136654}
1199668484,LONG,650000,5,,,{'id': 133575}
1199668509,LONG,58800,10,,,{'id': 154882}
1199668642,LONG,8200000,6,,,{'id': 173161}
1199668655,LONG,19957400,5,,,{'id': 173163}
1199668663,LONG,5008200,11,,,{'id': 173049}
1199668712,LONG,220000,3,,,{'id': 173037}
1199668717,LONG,8400000,16,,,{'id': 173160}
1199668756,LONG,560000,9,,,{'id': 173034}
1199668766,LONG,525000,9,,,{'id': 173036}
1199668889,LONG,,1,472500000,450000000,"{'id': 163575, 'context': 0}"
1199668916,LONG,,1,195000000,180000000,"{'id': 153594, 'context': 13}"
1199668919,LONG,,1,195000000,180000000,"{'id': 153594, 'context': 13}"
1199668946,LONG,,1,1690000000,1200000000,"{'id': 163576, 'context': 0}"
1199670643,LONG,960600,15,,,{'id': 40536}
1199670655,LONG,1215200,1,,,{'id': 149755}
1199670661,LONG,2744000,18,,,{'id': 43122}
1199670720,LONG,,1,450009200,,"{'id': 166826, 'context': 14, 'modifiers': [{'type': 28, 'value': 186}]}"
1199670760,LONG,,1,350000000,,"{'id': 164366, 'context': 14, 'modifiers': [{'type': 28, 'value': 186}]}"
1199670838,LONG,,1,35001100,,"{'id': 106504, 'context': 0, 'bonus_lists': [32]}"
1199670900,LONG,,1,609000000,,"{'id': 164281, 'context': 11}"
1199670937,LONG,1200,111,,,{'id': 21877}
1199670988,LONG,,1,105009900,,"{'id': 82800, 'context': 0, 'modifiers': [{'type': 6, 'value': 99916}], 'pet_breed_id': 13, 'pet_level': 1, 'pet_quality_id': 2, 'pet_species_id': 2959}"
1199671017,LONG,1999600,2,,,{'id': 23436}
1199671032,LONG,159000,2,,,{'id': 23117}
1199671042,LONG,,1,1460008600,,"{'id': 164354, 'context': 11}"
1199673147,LONG,1850400,15,,,{'id': 23427}
1199673265,LONG,17500000,8,,,{'id': 172438}
1199673545,LONG,139999900,1,,,{'id': 38376}
1199673555,LONG,,1,11784800,,"{'id': 161955, 'context': 13, 'bonus_lists': [1696, 6855]}"
1199673559,LONG,,1,4290600,,"{'id': 161955, 'context': 13, 'bonus_lists': [1698, 6855]}"
1199673565,LONG,,1,5271700,,"{'id': 161955, 'context': 13, 'bonus_lists': [1678, 6855]}"
1199673568,LONG,,1,5271700,,"{'id': 161955, 'context': 13, 'bonus_lists': [1681, 6855]}"
1199673573,LONG,,1,69710300,,"{'id': 164702, 'context': 13, 'bonus_lists': [1699, 6873]}"
1199673595,LONG,,1,26892100,,"{'id': 161917, 'context': 13, 'bonus_lists': [1678, 6849, 5804]}"
1199673598,LONG,,1,26753900,,"{'id': 161917, 'context': 13, 'bonus_lists': [1690, 6849, 5804]}"
1199673604,LONG,,1,8824100,,"{'id': 161884, 'context': 13, 'bonus_lists': [1677, 6851, 5804]}"
1199673608,LONG,,1,8001000,,"{'id': 161886, 'context': 13, 'bonus_lists': [1690, 6853, 5804]}"
1199673611,LONG,,1,8261500,,"{'id': 161886, 'context': 13, 'bonus_lists': [1706, 6853, 5804]}"
1199673621,LONG,18999900,1,,,{'id': 25679}
1199673624,LONG,3471000,1,,,{'id': 114836}
1199673628,LONG,,1,65159000,,"{'id': 152818, 'context': 13, 'bonus_lists': [1693, 6845, 5804]}"
1199673631,LONG,,1,70256500,,"{'id': 152818, 'context': 13, 'bonus_lists': [1712, 6845, 5804]}"
1199673637,LONG,,1,70256500,,"{'id': 152818, 'context': 13, 'bonus_lists': [1714, 6845, 5804]}"
1199673645,LONG,,1,17499900,,"{'id': 82401, 'context': 0, 'bonus_lists': [1693, 6845]}"
1199673649,LONG,,1,349999600,,"{'id': 161963, 'context': 13, 'bonus_lists': [1704, 6870]}"
1199673651,LONG,,1,106542100,,"{'id': 161916, 'context': 13, 'bonus_lists': [1713, 6847, 5804]}"
1199673657,LONG,,1,107840500,,"{'id': 161951, 'context': 13, 'bonus_lists': [1677, 6869]}"
1199673662,LONG,,1,259999700,,"{'id': 132503, 'context': 13, 'bonus_lists': [1694, 6827, 3408]}"
1199673665,LONG,500458000,50,,,{'id': 9314}
1199673668,LONG,,1,8110400,,"{'id': 161941, 'context': 13, 'bonus_lists': [1708, 6848]}"
1199673672,LONG,,1,8110400,,"{'id': 161941, 'context': 13, 'bonus_lists': [1704, 6848]}"
1199673677,LONG,,1,100508400,,"{'id': 164701, 'context': 13, 'bonus_lists': [1699, 6876]}"
1199673681,LONG,,1,99997400,,"{'id': 41985, 'context': 0, 'bonus_lists': [6883]}"
1199673688,LONG,44999800,1,,,{'id': 132517}
1199673708,LONG,,1,4210400,,"{'id': 161957, 'context': 13, 'bonus_lists': [1691, 6853]}"
1199673709,LONG,,1,9717700,,"{'id': 161957, 'context': 13, 'bonus_lists': [1717, 6853]}"
1199673711,LONG,,1,99997800,,"{'id': 43969, 'context': 0, 'bonus_lists': [6873]}"
1199673717,LONG,,1,50999900,,"{'id': 75089, 'context': 0, 'bonus_lists': [6883]}"
1199673721,LONG,,1,44999900,,"{'id': 116165, 'context': 13, 'bonus_lists': [27, 6872]}"
1199673724,LONG,,1,44999900,,"{'id': 116165, 'context': 13, 'bonus_lists': [96, 6872]}"
1199673726,LONG,,1,69999700,,"{'id': 132500, 'context': 13, 'bonus_lists': [1698, 6827, 3408]}"
1199673733,LONG,46293200,2,,,{'id': 34330}
1199673751,LONG,,1,32941700,,"{'id': 128896, 'context': 13, 'bonus_lists': [1714, 6864, 3408]}"
1199673759,LONG,,1,58999700,,"{'id': 75091, 'context': 0, 'bonus_lists': [6883]}"
1199673760,LONG,,1,15839600,,"{'id': 161943, 'context': 13, 'bonus_lists': [1697, 6844]}"
1199673763,LONG,,1,14361200,,"{'id': 161943, 'context': 13, 'bonus_lists': [1717, 6844]}"
1199673767,LONG,,1,14361200,,"{'id': 161943, 'context': 13, 'bonus_lists': [1713, 6844]}"
1199673773,LONG,,1,549999900,,"{'id': 161965, 'context': 13, 'bonus_lists': [1699, 6865]}"
1199673777,LONG,,1,106175500,,"{'id': 161914, 'context': 13, 'bonus_lists': [1688, 6851, 5804]}"
1199673780,LONG,,1,129999900,,"{'id': 42113, 'context': 0, 'bonus_lists': [6883]}"
1199673787,LONG,,1,20999900,,"{'id': 82404, 'context': 0, 'bonus_lists': [1705, 6847]}"
1199673793,LONG,,1,105825400,,"{'id': 95536, 'context': 0}"
1199673794,LONG,,1,105825400,,"{'id': 95536, 'context': 0}"
1199673796,LONG,,1,13000000,,"{'id': 41984, 'context': 0, 'bonus_lists': [6883]}"
1199673797,LONG,,1,99999800,,"{'id': 127017, 'context': 13, 'bonus_lists': [3370, 6860, 3408]}"
1199673801,LONG,,1,33585900,,"{'id': 161956, 'context': 13, 'bonus_lists': [1698, 6846]}"
1199673808,LONG,,1,54999800,,"{'id': 127016, 'context': 13, 'bonus_lists': [3368, 6860, 3408]}"
1199673817,LONG,2399900,1,,,{'id': 82442}
1199673825,LONG,11499900,1,,,{'id': 41601}
1199673828,LONG,,1,2200300,,"{'id': 41549, 'context': 0, 'bonus_lists': [6859]}"
1199673834,LONG,,1,53705000,,"{'id': 90479, 'context': 0, 'bonus_lists': [1707]}"
1199673838,LONG,,1,179999700,,"{'id': 42100, 'context': 0, 'bonus_lists': [6883]}"
1199673840,LONG,,1,60999900,,"{'id': 43971, 'context': 0, 'bonus_lists': [6870]}"
1199673845,LONG,,1,6749800,,"{'id': 41521, 'context': 0, 'bonus_lists': [6849]}"
1199673851,LONG,,1,55999900,,"{'id': 118602, 'context': 0, 'bonus_lists': [205, 6863]}"
1199673853,LONG,,1,69808600,,"{'id': 167953, 'context': 13, 'bonus_lists': [1715, 6882]}"
1199673863,LONG,17999700,1,,,{'id': 56503}
1199673868,LONG,,1,133222100,,"{'id': 82775, 'context': 0}"
1199673872,LONG,,1,487713200,,"{'id': 170352, 'context': 13, 'bonus_lists': [1698, 6883]}"
1199673876,LONG,,1,215886700,,"{'id': 82800, 'context': 0, 'pet_breed_id': 19, 'pet_level': 25, 'pet_quality_id': 2, 'pet_species_id': 3045}"
1199673886,LONG,,1,92499700,,"{'id': 42111, 'context': 0, 'bonus_lists': [6883]}"
1199673890,LONG,,1,249997800,,"{'id': 43585, 'context': 0, 'bonus_lists': [6883]}"
1199673892,LONG,,1,296628100,,"{'id': 161966, 'context': 13, 'bonus_lists': [1684, 6869]}"
1199673899,LONG,,1,74998500,,"{'id': 43970, 'context': 0, 'bonus_lists': [6871]}"
1199673911,LONG,3565200,2,,,{'id': 24268}
1199673914,LONG,10200000,1,,,{'id': 87560}
1199673916,LONG,,1,35999900,,"{'id': 116169, 'context': 13, 'bonus_lists': [89, 6871]}"
1199673950,LONG,,1,872200,,"{'id': 6263, 'context': 0, 'bonus_lists': [6849]}"
1199673967,LONG,,1,176400,,"{'id': 4330, 'context': 0, 'bonus_lists': [6835]}"
1199673978,LONG,,1,480200,,"{'id': 4237, 'context': 0, 'bonus_lists': [6839]}"
1199674055,LONG,,1,470600,,"{'id': 14101, 'context': 0, 'bonus_lists': [6882]}"
1199674062,LONG,,1,1188200,,"{'id': 13867, 'context': 0, 'bonus_lists': [6883]}"
1199674070,LONG,,1,322300,,"{'id': 13860, 'context': 0, 'bonus_lists': [6881]}"
1199674082,LONG,,1,232300,,"{'id': 10056, 'context': 0, 'bonus_lists': [6835]}"
1199674094,LONG,,1,105100,,"{'id': 10046, 'context': 0, 'bonus_lists': [6838]}"
1199675106,LONG,,1,42500,,"{'id': 10045, 'context': 0, 'bonus_lists': [6836]}"
1199675134,LONG,,1,1342100,,"{'id': 10031, 'context': 0, 'bonus_lists': [6876]}"
1199675150,LONG,,1,69800,,"{'id': 10003, 'context': 0, 'bonus_lists': [6871]}"
1199675182,LONG,,1,1733700,,"{'id': 44446, 'context': 0}"
1199675190,LONG,294000,1,,,{'id': 154127}
1199675201,LONG,104400,2,,,{'id': 52745}
1199675208,LONG,323400,2,,,{'id': 38844}
1199675223,LONG,877900,2,,,{'id': 158382}
1199675227,LONG,54900,7,,,{'id': 172451}
1199675376,LONG,,1,980000,,"{'id': 176793, 'context': 0, 'bonus_lists': [6908, 6652, 1700], 'modifiers': [{'type': 9, 'value': 53}, {'type': 28, 'value': 1324}]}"
1199675664,LONG,1500000,1,,,{'id': 173079}
1199675670,LONG,1891600,1,,,{'id': 173081}
1199675679,LONG,49950100,3,,,{'id': 173099}
1199675683,LONG,,1,500000,,"{'id': 159525, 'context': 0, 'bonus_lists': [6655, 1709], 'modifiers': [{'type': 9, 'value': 19}, {'type': 28, 'value': 186}]}"
1199675688,LONG,10000000,1,,,{'id': 173093}
1199675689,LONG,,1,315000000,,"{'id': 82800, 'context': 0, 'modifiers': [{'type': 6, 'value': 95929}], 'pet_breed_id': 17, 'pet_level': 1, 'pet_quality_id': 2, 'pet_species_id': 2912}"
1199675711,LONG,7000000,3,,,{'id': 173162}
1199675715,LONG,,1,500000,,"{'id': 159473, 'context': 0, 'bonus_lists': [6655, 1677], 'modifiers': [{'type': 9, 'value': 26}, {'type': 28, 'value': 186}]}"
1199675741,LONG,,1,980000,,"{'id': 176793, 'context': 17, 'bonus_lists': [6908, 6652, 1694], 'modifiers': [{'type': 9, 'value': 51}, {'type': 28, 'value': 1709}]}"
1199675852,LONG,,1,45071900,,"{'id': 127032, 'context': 13, 'bonus_lists': [3349, 6860, 3408]}"
1199675857,LONG,,1,3414100,,"{'id': 54472, 'context': 0, 'bonus_lists': [6847]}"
1199675863,LONG,,1,149999700,,"{'id': 42101, 'context': 0, 'bonus_lists': [6883]}"
1199675865,LONG,,1,1999900,,"{'id': 54482, 'context': 0, 'bonus_lists': [6860]}"
1199675867,LONG,,1,58999900,,"{'id': 75064, 'context': 0, 'bonus_lists': [6883]}"
1199675872,LONG,,1,26031600,,"{'id': 161882, 'context': 13, 'bonus_lists': [1704, 6850, 5804]}"
1199675876,LONG,,1,26031600,,"{'id': 161882, 'context': 13, 'bonus_lists': [1704, 6850, 5804]}"
1199675877,LONG,,1,1000000,,"{'id': 154853, 'context': 0, 'bonus_lists': [6654, 1679], 'modifiers': [{'type': 9, 'value': 41}, {'type': 28, 'value': 187}]}"
1199675878,LONG,,1,26031600,,"{'id': 161882, 'context': 13, 'bonus_lists': [1706, 6850, 5804]}"
1199675879,LONG,,1,26031600,,"{'id': 161882, 'context': 13, 'bonus_lists': [1680, 6850, 5804]}"
1199675883,LONG,,1,273836400,,"{'id': 164700, 'context': 13, 'bonus_lists': [1713, 6874]}"
1199675886,LONG,,1,9216100,,"{'id': 161880, 'context': 13, 'bonus_lists': [1700, 5804, 6850]}"
1199675890,LONG,,1,10938200,,"{'id': 161880, 'context': 13, 'bonus_lists': [1678, 5804, 6850]}"
1199675893,LONG,,1,89998200,,"{'id': 75065, 'context': 0, 'bonus_lists': [6883]}"
1199677232,LONG,,1,60262500,,"{'id': 161915, 'context': 13, 'bonus_lists': [1691, 6852, 5804]}"
1199677235,LONG,,1,16119100,,"{'id': 161953, 'context': 13, 'bonus_lists': [1682, 6850]}"
1199677239,LONG,,1,59999800,,"{'id': 161953, 'context': 13, 'bonus_lists': [1687, 6850]}"
1199677244,LONG,,1,59999800,,"{'id': 161953, 'context': 13, 'bonus_lists': [1685, 6850]}"
1199677249,LONG,,1,282032300,,"{'id': 161997, 'context': 13, 'bonus_lists': [1715, 6859]}"
1199677266,LONG,,1,106192900,,"{'id': 161885, 'context': 13, 'bonus_lists': [1701, 5804, 6848]}"
1199677269,LONG,,1,106192900,,"{'id': 161885, 'context': 13, 'bonus_lists': [1695, 5804, 6848]}"
1199677272,LONG,,1,89999800,,"{'id': 161885, 'context': 13, 'bonus_lists': [1676, 5804, 6848]}"
1199677278,LONG,,1,89999800,,"{'id': 161885, 'context': 13, 'bonus_lists': [1680, 5804, 6848]}"
1199677281,LONG,,1,89999800,,"{'id': 161885, 'context': 13, 'bonus_lists': [1680, 5804, 6848]}"
1199677283,LONG,,1,15839600,,"{'id': 161943, 'context': 13, 'bonus_lists': [1700, 6844]}"
1199677289,LONG,,1,689999800,,"{'id': 21342, 'context': 0}"
1199677294,LONG,,1,69999800,,"{'id': 42093, 'context': 0, 'bonus_lists': [6883]}"
1199677299,LONG,,1,14999900,,"{'id': 82398, 'context': 0, 'bonus_lists': [1677, 6846]}"
1199677316,LONG,,1,1000000,,"{'id': 161945, 'context': 13, 'bonus_lists': [1702, 6850]}"
1199677318,LONG,,1,17499900,,"{'id': 41548, 'context': 0, 'bonus_lists': [6861]}"
1199677324,LONG,,1,10543200,,"{'id': 161938, 'context': 13, 'bonus_lists': [1689, 6855]}"
1199677327,LONG,,1,11883700,,"{'id': 161938, 'context': 13, 'bonus_lists': [1694, 6855]}"
1199677347,LONG,383362900,50,,,{'id': 34850}
1199677358,LONG,,1,14695400,,"{'id': 54445, 'context': 0}"
1199677363,LONG,,1,1000000,,"{'id': 184505, 'context': 0}"
1199677381,LONG,,1,49999900,,"{'id': 75096, 'context': 0, 'bonus_lists': [6883]}"
1199677390,LONG,,1,60909600,,"{'id': 82800, 'context': 0, 'modifiers': [{'type': 6, 'value': 95174}], 'pet_breed_id': 7, 'pet_level': 25, 'pet_quality_id': 3, 'pet_species_id': 2834}"
1199677398,LONG,,1,64999800,,"{'id': 43975, 'context': 0, 'bonus_lists': [6874]}"
1199677404,LONG,,1,53336100,,"{'id': 152818, 'context': 13, 'bonus_lists': [1706, 6845, 5804]}"
1199677409,LONG,,1,64498200,,"{'id': 152818, 'context': 13, 'bonus_lists': [1687, 6845, 5804]}"
1199677466,LONG,,1,348041400,,"{'id': 161963, 'context': 13, 'bonus_lists': [1689, 6870]}"
1199677471,LONG,,1,44999900,,"{'id': 54475, 'context': 0, 'bonus_lists': [6851]}"
1199677478,LONG,,1,487713200,,"{'id': 170352, 'context': 13, 'bonus_lists': [1709, 6883]}"
1199677481,LONG,,1,1169900,,"{'id': 4245, 'context': 0}"
1199677507,LONG,274999800,1,,,{'id': 38371}
1199677525,LONG,30002300,2,,,{'id': 139435}
1199677539,LONG,,1,17714300,,"{'id': 161913, 'context': 13, 'bonus_lists': [1690, 6848, 5804]}"
1199677550,LONG,,1,30445100,,"{'id': 164703, 'context': 13, 'bonus_lists': [1697, 6875]}"
1199677565,LONG,10488500,1,,,{'id': 76641}
1199677568,LONG,8975500,3,,,{'id': 76693}
1199677693,LONG,1979700,1,,,{'id': 132515}
1199677701,LONG,,1,4128600,,"{'id': 161944, 'context': 13, 'bonus_lists': [1689, 6858]}"
1199677705,LONG,307402100,50,,,{'id': 9315}
1199677709,LONG,,1,12690800,,"{'id': 161886, 'context': 13, 'bonus_lists': [1687, 6853, 5804]}"
1199677781,LONG,78100,268,,,{'id': 172360}
1199677789,LONG,8842200,10,,,{'id': 173070}
1199677831,LONG,4500,581,,,{'id': 14047}
1199677855,LONG,,1,144900,,"{'id': 6796, 'context': 0, 'bonus_lists': [6835]}"
1199677866,LONG,,1,1920800,,"{'id': 54481, 'context': 0, 'bonus_lists': [6857]}"
1199677880,LONG,,1,1920800,,"{'id': 54480, 'context': 0, 'bonus_lists': [6854]}"
1199677896,LONG,,1,4410000,,"{'id': 54479, 'context': 0, 'bonus_lists': [6855]}"
1199677933,LONG,,1,333300,,"{'id': 4318, 'context': 0, 'bonus_lists': [6854]}"
1199677939,LONG,695800,1,,,{'id': 52756}
1199677944,LONG,3087000,2,,,{'id': 52747}
1199677949,LONG,1038800,2,,,{'id': 38951}
1199677957,LONG,284200,2,,,{'id': 38938}
1199677964,LONG,205800,2,,,{'id': 38933}
1199680450,LONG,,1,1933956600,,"{'id': 159587, 'context': 0, 'bonus_lists': [6655, 1686], 'modifiers': [{'type': 9, 'value': 46}, {'type': 28, 'value': 1222}]}"
1199680538,LONG,,1,1452500,,"{'id': 167178, 'context': 0}"
1199680541,LONG,,1,38833700,,"{'id': 7555, 'context': 1, 'bonus_lists': [1708]}"
1199680545,LONG,,1,38833700,,"{'id': 7555, 'context': 1, 'bonus_lists': [1679]}"
1199680553,LONG,,1,8142600,,"{'id': 15979, 'context': 54, 'bonus_lists': [1705, 4281], 'modifiers': [{'type': 9, 'value': 50}]}"
1199680593,LONG,,1,22338500,,"{'id': 15386, 'context': 54, 'bonus_lists': [1709, 4279], 'modifiers': [{'type': 9, 'value': 50}]}"
1199680598,LONG,,1,12036000,,"{'id': 9852, 'context': 1, 'bonus_lists': [1708]}"
1199680603,LONG,,1,4399800,,"{'id': 167185, 'context': 0}"
1199680609,LONG,,1,12944700,,"{'id': 9481, 'context': 1, 'bonus_lists': [4071], 'modifiers': [{'type': 9, 'value': 25}]}"
1199680613,LONG,,1,1197855000,,"{'id': 105891, 'context': 0}"
1199680618,LONG,3027100,19,,,{'id': 109160}
1199680621,LONG,,1,5545200,,"{'id': 14458, 'context': 1}"
1199680625,LONG,,1,5545200,,"{'id': 14458, 'context': 1}"
1199680628,LONG,10700,731,,,{'id': 14344}
1199680634,LONG,,1,31318900,,"{'id': 7112, 'context': 1}"
1199680640,LONG,,1,2647300,,"{'id': 9875, 'context': 1, 'bonus_lists': [1677]}"
1199680644,LONG,,1,2647300,,"{'id': 9875, 'context': 1, 'bonus_lists': [1677]}"
1199680649,LONG,,1,55064000,,"{'id': 82800, 'context': 0, 'modifiers': [{'type': 6, 'value': 97090}], 'pet_breed_id': 8, 'pet_level': 1, 'pet_quality_id': 2, 'pet_species_id': 3029}"
1199680652,LONG,,1,10084800,,"{'id': 15177, 'context': 54, 'bonus_lists': [1693, 4277], 'modifiers': [{'type': 9, 'value': 50}]}"
1199680656,LONG,,1,29987400,,"{'id': 69958, 'context': 5}"
1199680661,LONG,,1,6607400,,"{'id': 14269, 'context': 54, 'bonus_lists': [1695, 4278], 'modifiers': [{'type': 9, 'value': 50}]}"
1199680664,LONG,,1,6607400,,"{'id': 14269, 'context': 1, 'bonus_lists': [6654, 1679], 'modifiers': [{'type': 9, 'value': 30}, {'type': 28, 'value': 218}]}"
1199680669,LONG,4000000,2,,,{'id': 63127}
1199680673,LONG,,1,5694000,,"{'id': 7523, 'context': 1, 'bonus_lists': [6654, 1678], 'modifiers': [{'type': 9, 'value': 30}, {'type': 28, 'value': 218}]}"
1199680676,LONG,,1,3439600,,"{'id': 10219, 'context': 1, 'bonus_lists': [1679]}"
1199680679,LONG,,1,3721900,,"{'id': 14330, 'context': 1, 'bonus_lists': [1695]}"
1199680683,LONG,,1,11000000,,"{'id': 14785, 'context': 53, 'bonus_lists': [4277], 'modifiers': [{'type': 9, 'value': 50}]}"
1199680689,LONG,,1,22844600,,"{'id': 15775, 'context': 1}"
1199680692,LONG,,1,7418500,,"{'id': 15192, 'context': 1, 'bonus_lists': [1679]}"
1199680696,LONG,,1,9737900,,"{'id': 14294, 'context': 53, 'bonus_lists': [1681, 4277], 'modifiers': [{'type': 9, 'value': 50}]}"
1199680701,LONG,,1,16914200,,"{'id': 106642, 'context': 0, 'bonus_lists': [24]}"
1199680704,LONG,,1,13498300,,"{'id': 7992, 'context': 1}"
1199680708,LONG,,1,15008500,,"{'id': 9511, 'context': 1, 'bonus_lists': [4071], 'modifiers': [{'type': 9, 'value': 25}]}"
1199680711,LONG,,1,15008500,,"{'id': 9511, 'context': 1, 'bonus_lists': [4071], 'modifiers': [{'type': 9, 'value': 25}]}"
1199680715,LONG,,1,4000000,,"{'id': 10234, 'context': 53, 'bonus_lists': [1681, 4277], 'modifiers': [{'type': 9, 'value': 50}]}"
1199680718,LONG,,1,3543200,,"{'id': 10156, 'context': 1, 'bonus_lists': [1681]}"
1199680722,LONG,,1,3543200,,"{'id': 10156, 'context': 1, 'bonus_lists': [1679]}"
1199680728,LONG,,1,15238100,,"{'id': 6440, 'context': 1, 'bonus_lists': [4071], 'modifiers': [{'type': 9, 'value': 25}]}"
1199680732,LONG,,1,15238100,,"{'id': 6440, 'context': 1, 'bonus_lists': [4071], 'modifiers': [{'type': 9, 'value': 25}]}"
1199680735,LONG,,1,2800600,,"{'id': 8196, 'context': 1, 'bonus_lists': [6655, 1706], 'modifiers': [{'type': 9, 'value': 30}, {'type': 28, 'value': 218}]}"
1199680736,LONG,,1,12055400,,"{'id': 14285, 'context': 53, 'bonus_lists': [1695, 4277], 'modifiers': [{'type': 9, 'value': 50}]}"
1199680741,LONG,,1,12055400,,"{'id': 14285, 'context': 1, 'bonus_lists': [6654, 1709], 'modifiers': [{'type': 9, 'value': 30}, {'type': 28, 'value': 218}]}"
1199680743,LONG,159700,1,,,{'id': 153714}
1199680748,LONG,,1,42077600,,"{'id': 86183, 'context': 0}"
1199680750,LONG,,1,49999600,,"{'id': 82800, 'context': 0, 'modifiers': [{'type': 6, 'value': 99923}], 'pet_breed_id': 8, 'pet_level': 1, 'pet_quality_id': 2, 'pet_species_id': 3034}"
1199680753,LONG,,1,49999600,,"{'id': 82800, 'context': 0, 'modifiers': [{'type': 6, 'value': 99923}], 'pet_breed_id': 8, 'pet_level': 1, 'pet_quality_id': 2, 'pet_species_id': 3034}"
1199680759,LONG,,1,4107900,,"{'id': 16215, 'context': 1}"
1199680761,LONG,,1,4107900,,"{'id': 16215, 'context': 1}"
1199680764,LONG,,1,19312900,,"{'id': 2040, 'context': 1, 'bonus_lists': [4071], 'modifiers': [{'type': 9, 'value': 25}]}"
1199680767,LONG,,1,55486400,,"{'id': 14254, 'context': 53, 'bonus_lists': [1709, 4277], 'modifiers': [{'type': 9, 'value': 50}]}"
1199680772,LONG,,1,4716000,,"{'id': 14465, 'context': 1}"
1199680775,LONG,,1,97512000,,"{'id': 14513, 'context': 1}"
1199680778,LONG,,1,97512000,,"{'id': 14513, 'context': 1}"
1199680781,LONG,,1,97512000,,"{'id': 14513, 'context': 1}"
1199680784,LONG,,1,11997500,,"{'id': 15610, 'context': 54, 'bonus_lists': [1691, 4277], 'modifiers': [{'type': 9, 'value': 50}]}"
1199680786,LONG,,1,14350200,,"{'id': 15614, 'context': 54, 'bonus_lists': [1708, 4277], 'modifiers': [{'type': 9, 'value': 50}]}"
1199680791,LONG,,1,1169400,,"{'id': 10248, 'context': 1, 'bonus_lists': [1678]}"
1199680795,LONG,,1,4588300,,"{'id': 14440, 'context': 53, 'bonus_lists': [4277], 'modifiers': [{'type': 9, 'value': 50}]}"
1199680799,LONG,,1,8194000,,"{'id': 15439, 'context': 1, 'bonus_lists': [1679]}"
1199680806,LONG,,1,1800600,,"{'id': 1639, 'context': 1, 'bonus_lists': [6655, 1677], 'modifiers': [{'type': 9, 'value': 30}, {'type': 28, 'value': 218}]}"
1199680809,LONG,,1,10007100,,"{'id': 69960, 'context': 5}"
1199680814,LONG,,1,2000000,,"{'id': 8299, 'context': 54, 'bonus_lists': [4279], 'modifiers': [{'type': 9, 'value': 50}]}"
1199680818,LONG,,1,9999900,,"{'id': 52367, 'context': 5}"
1199680825,LONG,,1,13401700,,"{'id': 9512, 'context': 1, 'bonus_lists': [4071], 'modifiers': [{'type': 9, 'value': 25}]}"
1199680833,LONG,,1,6902100,,"{'id': 14271, 'context': 53, 'bonus_lists': [1691, 4277], 'modifiers': [{'type': 9, 'value': 50}]}"
1199680837,LONG,,1,4853500,,"{'id': 14446, 'context': 54, 'bonus_lists': [4277], 'modifiers': [{'type': 9, 'value': 50}]}"
1199680844,LONG,,1,4853500,,"{'id': 14446, 'context': 1, 'bonus_lists': [6654], 'modifiers': [{'type': 9, 'value': 30}, {'type': 28, 'value': 218}]}"
1199680848,LONG,,1,12526400,,"{'id': 15918, 'context': 1, 'bonus_lists': [1709]}"
1199680851,LONG,,1,12689600,,"{'id': 15635, 'context': 54, 'bonus_lists': [1706, 4277], 'modifiers': [{'type': 9, 'value': 50}]}"
1199680854,LONG,,1,14993000,,"{'id': 15627, 'context': 53, 'bonus_lists': [1681, 4277], 'modifiers': [{'type': 9, 'value': 50}]}"
1199680857,LONG,,1,14993000,,"{'id': 15627, 'context': 1, 'bonus_lists': [6654, 1678], 'modifiers': [{'type': 9, 'value': 30}, {'type': 28, 'value': 218}]}"
1199680862,LONG,,1,7612500,,"{'id': 14777, 'context': 1, 'bonus_lists': [6655], 'modifiers': [{'type': 9, 'value': 30}, {'type': 28, 'value': 218}]}"
1199680866,LONG,,1,14990800,,"{'id': 14247, 'context': 54, 'bonus_lists': [1695, 4277], 'modifiers': [{'type': 9, 'value': 50}]}"
1199680868,LONG,,1,8785800,,"{'id': 15625, 'context': 1, 'bonus_lists': [6654, 1706], 'modifiers': [{'type': 9, 'value': 30}, {'type': 28, 'value': 218}]}"
1199680871,LONG,,1,8785800,,"{'id': 15625, 'context': 54, 'bonus_lists': [1679, 4277], 'modifiers': [{'type': 9, 'value': 50}]}"
1199680876,LONG,,1,18338500,,"{'id': 14852, 'context': 54, 'bonus_lists': [4283], 'modifiers': [{'type': 9, 'value': 50}]}"
1199680882,LONG,,1,17526400,,"{'id': 15618, 'context': 53, 'bonus_lists': [1694, 4281], 'modifiers': [{'type': 9, 'value': 50}]}"
1199680887,LONG,,1,17526400,,"{'id': 15618, 'context': 54, 'bonus_lists': [1707, 4281], 'modifiers': [{'type': 9, 'value': 50}]}"
1199680891,LONG,,1,1975500,,"{'id': 167187, 'context': 0}"
1199680894,LONG,,1,10626900,,"{'id': 9971, 'context': 1, 'bonus_lists': [6654, 1677], 'modifiers': [{'type': 9, 'value': 30}, {'type': 28, 'value': 218}]}"
1199680897,LONG,,1,13218100,,"{'id': 14315, 'context': 1, 'bonus_lists': [1680]}"
1199680902,LONG,,1,30898500,,"{'id': 14425, 'context': 54, 'bonus_lists': [4277], 'modifiers': [{'type': 9, 'value': 50}]}"
1199680905,LONG,100008800,2,,,{'id': 19275}
1199680908,LONG,,1,28876400,,"{'id': 14954, 'context': 54, 'bonus_lists': [1708, 4281], 'modifiers': [{'type': 9, 'value': 50}]}"
1199680911,LONG,,1,24462600,,"{'id': 14265, 'context': 1, 'bonus_lists': [6654, 1681], 'modifiers': [{'type': 9, 'value': 30}, {'type': 28, 'value': 218}]}"
1199680915,LONG,,1,7000000,,"{'id': 9295, 'context': 1, 'modifiers': [{'type': 28, 'value': 218}]}"
1199680919,LONG,,1,7000000,,"{'id': 9295, 'context': 1, 'modifiers': [{'type': 28, 'value': 218}]}"
1199680922,LONG,,1,10527300,,"{'id': 15167, 'context': 54, 'bonus_lists': [1695, 4277], 'modifiers': [{'type': 9, 'value': 50}]}"
1199680923,LONG,,1,10527300,,"{'id': 15167, 'context': 53, 'bonus_lists': [1691, 4277], 'modifiers': [{'type': 9, 'value': 50}]}"
1199680924,LONG,,1,4989100,,"{'id': 10377, 'context': 0, 'bonus_lists': [1705]}"
1199680967,LONG,,1,15126100,,"{'id': 862, 'context': 1, 'bonus_lists': [6710], 'modifiers': [{'type': 9, 'value': 30}, {'type': 28, 'value': 218}]}"
1199680968,LONG,,1,29663400,,"{'id': 14244, 'context': 54, 'bonus_lists': [1677, 4277], 'modifiers': [{'type': 9, 'value': 50}]}"
1199680970,LONG,,1,7398500,,"{'id': 15378, 'context': 54, 'bonus_lists': [1709, 4278], 'modifiers': [{'type': 9, 'value': 50}]}"
1199680976,LONG,,1,7398500,,"{'id': 15378, 'context': 54, 'bonus_lists': [1693, 4277], 'modifiers': [{'type': 9, 'value': 50}]}"
1199680980,LONG,,1,580000,,"{'id': 4088, 'context': 53, 'bonus_lists': [1695, 4281], 'modifiers': [{'type': 9, 'value': 50}]}"
1199680984,LONG,,1,8631900,,"{'id': 10181, 'context': 1, 'bonus_lists': [1678]}"
1199680989,LONG,,1,3240000,,"{'id': 10148, 'context': 54, 'bonus_lists': [1678, 4277], 'modifiers': [{'type': 9, 'value': 50}]}"
1199680993,LONG,,1,33566200,,"{'id': 15369, 'context': 54, 'bonus_lists': [1679, 4277], 'modifiers': [{'type': 9, 'value': 50}]}"
1199680997,LONG,,1,10000000,,"{'id': 4292, 'context': 1}"
1199680999,LONG,,1,5327400,,"{'id': 14273, 'context': 54, 'bonus_lists': [1707, 4277], 'modifiers': [{'type': 9, 'value': 50}]}"
1199681002,LONG,,1,5327400,,"{'id': 14273, 'context': 54, 'bonus_lists': [1694, 4279], 'modifiers': [{'type': 9, 'value': 50}]}"
1199681008,LONG,,1,6504400,,"{'id': 14660, 'context': 54, 'bonus_lists': [4278], 'modifiers': [{'type': 9, 'value': 50}]}"
1199681011,LONG,,1,21096100,,"{'id': 14453, 'context': 1}"
1199681012,LONG,,1,500000,,"{'id': 3193, 'context': 0, 'bonus_lists': [6655, 1677], 'modifiers': [{'type': 9, 'value': 30}, {'type': 28, 'value': 11}]}"
1199681015,LONG,,1,10764600,,"{'id': 14682, 'context': 1}"
1199681018,LONG,,1,34012100,,"{'id': 14949, 'context': 54, 'bonus_lists': [1679, 4279], 'modifiers': [{'type': 9, 'value': 50}]}"
1199681021,LONG,,1,17007700,,"{'id': 14973, 'context': 1, 'bonus_lists': [1707]}"
1199681024,LONG,,1,11800400,,"{'id': 14680, 'context': 1}"
1199681026,LONG,,1,14601100,,"{'id': 15606, 'context': 54, 'bonus_lists': [1678, 4277], 'modifiers': [{'type': 9, 'value': 50}]}"
1199681027,LONG,,1,41003800,,"{'id': 7993, 'context': 1}"
1199681031,LONG,,1,41003800,,"{'id': 7993, 'context': 1}"
1199681035,LONG,209100,100,,,{'id': 109140}
1199681038,LONG,,1,48191600,,"{'id': 8159, 'context': 1}"
1199681057,LONG,1891600,2,,,{'id': 173081}
1199682103,LONG,48000100,1,,,{'id': 173099}
1199682231,LONG,40005100,1,,,{'id': 173098}
1199682306,LONG,13764300,1,,,{'id': 173100}
1199682328,LONG,1250000,1,,,{'id': 173084}
1199682346,LONG,19369500,1,,,{'id': 173089}
1199682363,LONG,10000000,1,,,{'id': 173093}
1199682386,LONG,4992200,1,,,{'id': 173076}
1199682464,LONG,1500000,2,,,{'id': 173074}
1199682537,LONG,14230800,1,,,{'id': 173082}
1199682549,LONG,,1,100000,,"{'id': 86238, 'context': 0, 'modifiers': [{'type': 28, 'value': 1032}]}"
1199682573,LONG,,1,399500,,"{'id': 86283, 'context': 0, 'modifiers': [{'type': 28, 'value': 1032}]}"
1199682589,LONG,,1,399500,,"{'id': 86283, 'context': 0, 'modifiers': [{'type': 28, 'value': 1032}]}"
1199682609,LONG,2469600,2,,,{'id': 44457}
1199682613,LONG,65000,1,,,{'id': 79010}
1199682621,LONG,1666000,1,,,{'id': 38961}
1199682661,LONG,597800,2,,,{'id': 38953}
1199682662,LONG,,1,45000000,,"{'id': 82800, 'context': 0, 'modifiers': [{'type': 6, 'value': 99907}], 'pet_breed_id': 12, 'pet_level': 1, 'pet_quality_id': 2, 'pet_species_id': 3033}"
1199682665,LONG,,1,25767000,,"{'id': 14834, 'context': 54, 'bonus_lists': [4277], 'modifiers': [{'type': 9, 'value': 50}]}"
1199682668,LONG,,1,750000,,"{'id': 8389, 'context': 1}"
1199682669,LONG,382200,2,,,{'id': 38949}
1199682670,LONG,,1,10781800,,"{'id': 6424, 'context': 1}"
1199682671,LONG,,1,5002700,,"{'id': 177772, 'context': 3, 'bonus_lists': [6907, 43, 7194, 1705], 'modifiers': [{'type': 9, 'value': 60}, {'type': 28, 'value': 751}]}"
1199682675,LONG,,1,13084200,,"{'id': 14669, 'context': 54, 'bonus_lists': [4277], 'modifiers': [{'type': 9, 'value': 50}]}"
1199682677,LONG,,1,21112900,,"{'id': 15381, 'context': 54, 'bonus_lists': [1679, 4277], 'modifiers': [{'type': 9, 'value': 50}]}"
1199682678,LONG,,1,12944700,,"{'id': 9481, 'context': 1, 'bonus_lists': [4071], 'modifiers': [{'type': 9, 'value': 25}]}"
1199682679,LONG,352800,2,,,{'id': 38914}
1199682686,LONG,,1,14955500,,"{'id': 15183, 'context': 54, 'bonus_lists': [1708, 4278], 'modifiers': [{'type': 9, 'value': 50}]}"
1199682687,LONG,362600,2,,,{'id': 38897}
1199682689,LONG,,1,15386800,,"{'id': 14853, 'context': 53, 'bonus_lists': [4277], 'modifiers': [{'type': 9, 'value': 50}]}"
1199682691,LONG,,1,15386800,,"{'id': 14853, 'context': 54, 'bonus_lists': [4277], 'modifiers': [{'type': 9, 'value': 50}]}"
1199682695,LONG,,1,5333300,,"{'id': 14279, 'context': 54, 'bonus_lists': [1709, 4278], 'modifiers': [{'type': 9, 'value': 50}]}"
1199682696,LONG,43600,2,,,{'id': 38846}
1199682698,LONG,,1,6870000,,"{'id': 8301, 'context': 54, 'bonus_lists': [4277], 'modifiers': [{'type': 9, 'value': 50}]}"
1199682702,LONG,,1,21338200,,"{'id': 15632, 'context': 54, 'bonus_lists': [1693, 4277], 'modifiers': [{'type': 9, 'value': 50}]}"
1199682705,LONG,,1,3109900,,"{'id': 15600, 'context': 54, 'bonus_lists': [1681, 4277], 'modifiers': [{'type': 9, 'value': 50}]}"
1199682707,LONG,88200,2,,,{'id': 38793}
1199682708,LONG,,1,226910000,,"{'id': 87476, 'context': 0}"
1199682711,LONG,,1,20429100,,"{'id': 14300, 'context': 53, 'bonus_lists': [1706, 4277], 'modifiers': [{'type': 9, 'value': 50}]}"
1199682713,LONG,,1,38378000,,"{'id': 5974, 'context': 1}"
1199682717,LONG,,1,1409900,,"{'id': 15252, 'context': 1, 'bonus_lists': [6655, 1679], 'modifiers': [{'type': 9, 'value': 30}, {'type': 28, 'value': 218}]}"
1199682720,LONG,,1,11000000,,"{'id': 14785, 'context': 54, 'bonus_lists': [4277], 'modifiers': [{'type': 9, 'value': 50}]}"
1199682722,LONG,,1,11810500,,"{'id': 25282, 'context': 0, 'bonus_lists': [1695]}"
1199682725,LONG,,1,1975500,,"{'id': 167187, 'context': 0}"
1199682727,LONG,,1,313250700,,"{'id': 2291, 'context': 54, 'bonus_lists': [4259], 'modifiers': [{'type': 9, 'value': 50}]}"
1199682729,LONG,,1,6764900,,"{'id': 14431, 'context': 54, 'bonus_lists': [4277], 'modifiers': [{'type': 9, 'value': 50}]}"
1199682732,LONG,,1,5437600,,"{'id': 14438, 'context': 54, 'bonus_lists': [4277], 'modifiers': [{'type': 9, 'value': 50}]}"
1199682734,LONG,,1,5437600,,"{'id': 14438, 'context': 53, 'bonus_lists': [4277], 'modifiers': [{'type': 9, 'value': 50}]}"
1199682738,LONG,,1,13378300,,"{'id': 66941, 'context': 5}"
1199682742,LONG,,1,7564400,,"{'id': 14663, 'context': 54, 'bonus_lists': [4278], 'modifiers': [{'type': 9, 'value': 50}]}"
1199682744,LONG,,1,2587000,,"{'id': 15263, 'context': 54, 'bonus_lists': [1691, 4281], 'modifiers': [{'type': 9, 'value': 50}]}"
1199682745,LONG,,1,10527300,,"{'id': 15167, 'context': 54, 'bonus_lists': [1705, 4278], 'modifiers': [{'type': 9, 'value': 50}]}"
1199682748,LONG,,1,11830800,,"{'id': 14276, 'context': 53, 'bonus_lists': [1680, 4277], 'modifiers': [{'type': 9, 'value': 50}]}"
1199682751,LONG,,1,17504900,,"{'id': 7496, 'context': 1, 'bonus_lists': [1695]}"
1199682752,LONG,,1,9302300,,"{'id': 15174, 'context': 1, 'bonus_lists': [6654, 1693], 'modifiers': [{'type': 9, 'value': 30}, {'type': 28, 'value': 218}]}"
1199682756,LONG,,1,9302300,,"{'id': 15174, 'context': 1, 'bonus_lists': [6654, 1695], 'modifiers': [{'type': 9, 'value': 30}, {'type': 28, 'value': 218}]}"
1199682758,LONG,,1,2091900,,"{'id': 10136, 'context': 54, 'bonus_lists': [1680, 4277], 'modifiers': [{'type': 9, 'value': 50}]}"
1199682760,LONG,,1,11860000,,"{'id': 14433, 'context': 1, 'bonus_lists': [6654], 'modifiers': [{'type': 9, 'value': 30}, {'type': 28, 'value': 218}]}"
1199682762,LONG,,1,2203400,,"{'id': 167191, 'context': 0}"
1199682768,LONG,,1,2203400,,"{'id': 167191, 'context': 0}"
1199682770,LONG,,1,2213700,,"{'id': 167183, 'context': 0}"
1199682773,LONG,,1,2213700,,"{'id': 167183, 'context': 0}"
1199682775,LONG,,1,2213700,,"{'id': 167183, 'context': 0}"
1199682777,LONG,,1,15951100,,"{'id': 67047, 'context': 36, 'bonus_lists': [4296], 'modifiers': [{'type': 9, 'value': 50}]}"
1199682779,LONG,,1,15070700,,"{'id': 15593, 'context': 54, 'bonus_lists': [1695, 4279], 'modifiers': [{'type': 9, 'value': 50}]}"
1199682781,LONG,,1,44400000,,"{'id': 82800, 'context': 0, 'modifiers': [{'type': 6, 'value': 99869}], 'pet_breed_id': 19, 'pet_level': 1, 'pet_quality_id': 2, 'pet_species_id': 3027}"
1199682786,LONG,,1,44990000,,"{'id': 7991, 'context': 1}"
1199682789,LONG,,1,3674800,,"{'id': 14681, 'context': 1}"
1199682794,LONG,,1,3543200,,"{'id': 10156, 'context': 1, 'bonus_lists': [1693]}"
1199682796,LONG,,1,250000000,,"{'id': 82800, 'context': 0, 'modifiers': [{'type': 6, 'value': 95146}], 'pet_breed_id': 8, 'pet_level': 1, 'pet_quality_id': 3, 'pet_species_id': 2850}"
1199682799,LONG,,1,14570100,,"{'id': 15681, 'context': 1, 'bonus_lists': [6654, 1694], 'modifiers': [{'type': 9, 'value': 30}, {'type': 28, 'value': 218}]}"
1199682803,LONG,,1,10885300,,"{'id': 15380, 'context': 1, 'bonus_lists': [6654, 1693], 'modifiers': [{'type': 9, 'value': 30}, {'type': 28, 'value': 218}]}"
1199682810,LONG,296700,39,,,{'id': 2447}
1199682813,LONG,,1,11032300,,"{'id': 15172, 'context': 54, 'bonus_lists': [1691, 4277], 'modifiers': [{'type': 9, 'value': 50}]}"
1199682816,LONG,,1,5665700,,"{'id': 14460, 'context': 1}"
1199682817,LONG,1960000,6,,,{'id': 76061}
1199682821,LONG,,1,11499700,,"{'id': 9905, 'context': 54, 'bonus_lists': [1691, 4277], 'modifiers': [{'type': 9, 'value': 50}]}"
1199682823,LONG,,1,8500000,,"{'id': 14907, 'context': 53, 'bonus_lists': [1707, 4277], 'modifiers': [{'type': 9, 'value': 50}]}"
1199682827,LONG,244200,26,,,{'id': 765}
1199682829,LONG,,1,8500000,,"{'id': 14907, 'context': 53, 'bonus_lists': [1691, 4277], 'modifiers': [{'type': 9, 'value': 50}]}"
1199682832,LONG,,1,8500000,,"{'id': 14907, 'context': 54, 'bonus_lists': [1706, 4278], 'modifiers': [{'type': 9, 'value': 50}]}"
1199682835,LONG,,1,55779400,,"{'id': 121239, 'context': 0, 'bonus_lists': [6654, 1681], 'modifiers': [{'type': 9, 'value': 50}]}"
1199682839,LONG,,1,41003800,,"{'id': 7993, 'context': 1}"
1199682842,LONG,,1,19312900,,"{'id': 2040, 'context': 1, 'bonus_lists': [4071], 'modifiers': [{'type': 9, 'value': 25}]}"
1199682844,LONG,,1,8867000,,"{'id': 15643, 'context': 54, 'bonus_lists': [1677, 4279], 'modifiers': [{'type': 9, 'value': 50}]}"
1199682845,LONG,,1,299900,,"{'id': 2598, 'context': 0, 'modifiers': [{'type': 28, 'value': 72}]}"
1199682849,LONG,,1,8867000,,"{'id': 15643, 'context': 54, 'bonus_lists': [1681, 4277], 'modifiers': [{'type': 9, 'value': 50}]}"
1199682851,LONG,7700,6,,,{'id': 69237}
1199682852,LONG,,1,11161100,,"{'id': 9483, 'context': 1, 'bonus_lists': [4071], 'modifiers': [{'type': 9, 'value': 25}]}"
1199682856,LONG,,1,11161100,,"{'id': 9483, 'context': 1, 'bonus_lists': [4071], 'modifiers': [{'type': 9, 'value': 25}]}"
1199682860,LONG,,1,11161100,,"{'id': 9483, 'context': 1, 'bonus_lists': [4071], 'modifiers': [{'type': 9, 'value': 25}]}"
1199682863,LONG,,1,11161100,,"{'id': 9483, 'context': 1, 'bonus_lists': [4071], 'modifiers': [{'type': 9, 'value': 25}]}"
1199682865,LONG,,1,21606900,,"{'id': 6045, 'context': 1}"
1199682868,LONG,,1,20748700,,"{'id': 15170, 'context': 54, 'bonus_lists': [1680, 4278], 'modifiers': [{'type': 9, 'value': 50}]}"
1199682874,LONG,,1,20748700,,"{'id': 15170, 'context': 54, 'bonus_lists': [1692, 4278], 'modifiers': [{'type': 9, 'value': 50}]}"
1199682907,LONG,5000000,17,,,{'id': 2449}
1199682930,LONG,30000,3,,,{'id': 785}
1199682943,LONG,11100,9,,,{'id': 152576}
1199682958,LONG,,1,100,,"{'id': 3609, 'context': 0, 'modifiers': [{'type': 28, 'value': 72}]}"
1199684975,LONG,,1,32137100,,"{'id': 161881, 'context': 13, 'bonus_lists': [1694, 6844, 5804]}"
1199685020,LONG,,1,12690500,,"{'id': 161886, 'context': 13, 'bonus_lists': [1703, 6853, 5804]}"
1199685026,LONG,,1,19999900,,"{'id': 116166, 'context': 13, 'bonus_lists': [68, 6865]}"
1199685057,LONG,,1,11656100,,"{'id': 161955, 'context': 13, 'bonus_lists': [1715, 6855]}"
1199685067,LONG,20597500,3,,,{'id': 76647}
1199685071,LONG,,1,46999900,,"{'id': 118603, 'context': 0, 'bonus_lists': [27, 6873]}"
1199685088,LONG,1811100,1,,,{'id': 82443}
1199685094,LONG,1250000,1,,,{'id': 159792}
1199685097,LONG,,1,83602400,,"{'id': 161883, 'context': 13, 'bonus_lists': [1688, 5804, 6849]}"
1199686102,LONG,,1,83602400,,"{'id': 161883, 'context': 13, 'bonus_lists': [1689, 5804, 6849]}"
1199686105,LONG,,1,83507100,,"{'id': 161883, 'context': 13, 'bonus_lists': [1678, 5804, 6849]}"
1199686108,LONG,,1,79158200,,"{'id': 161883, 'context': 13, 'bonus_lists': [1713, 5804, 6849]}"
1199686111,LONG,,1,71426300,,"{'id': 161883, 'context': 13, 'bonus_lists': [1692, 5804, 6849]}"
1199686115,LONG,,1,71426300,,"{'id': 161883, 'context': 13, 'bonus_lists': [1692, 5804, 6849]}"
1199686120,LONG,,1,4567400,,"{'id': 161954, 'context': 13, 'bonus_lists': [1687, 6857]}"
1199686124,LONG,,1,4567400,,"{'id': 161954, 'context': 13, 'bonus_lists': [1685, 6857]}"
1199686153,LONG,,1,294170500,,"{'id': 161972, 'context': 13, 'bonus_lists': [1709, 6863]}"
1199686168,LONG,,1,4166600,,"{'id': 161887, 'context': 13, 'bonus_lists': [1687, 6850, 5804]}"
1199686170,LONG,,1,4166500,,"{'id': 161887, 'context': 13, 'bonus_lists': [1692, 6850, 5804]}"
1199686195,LONG,3249900,2,,,{'id': 154706}
1199686198,LONG,,1,4210400,,"{'id': 161957, 'context': 13, 'bonus_lists': [1695, 6853]}"
1199686202,LONG,,1,4210400,,"{'id': 161957, 'context': 13, 'bonus_lists': [1695, 6853]}"
1199686212,LONG,1900000,1,,,{'id': 104108}
1199686230,LONG,,1,24143300,,"{'id': 161882, 'context': 13, 'bonus_lists': [1690, 6850, 5804]}"
1199686251,LONG,,1,32498800,,"{'id': 93615, 'context': 0, 'bonus_lists': [6878]}"
1199686259,LONG,,1,57055800,,"{'id': 90476, 'context': 0, 'bonus_lists': [1685]}"
1199686268,LONG,,1,55000000,,"{'id': 161978, 'context': 13, 'bonus_lists': [1705, 6851]}"
1199686276,LONG,,1,44999700,,"{'id': 132502, 'context': 13, 'bonus_lists': [1710, 6827, 3408]}"
1199686281,LONG,2899800,2,,,{'id': 38375}
1199686304,LONG,,1,20499900,,"{'id': 82399, 'context': 0, 'bonus_lists': [1716, 6853]}"
1199686307,LONG,7046800,1,,,{'id': 76657}
1199686335,LONG,,1,446630600,,"{'id': 161950, 'context': 13, 'bonus_lists': [1686, 6870]}"
1199686337,LONG,,1,446630600,,"{'id': 161950, 'context': 13, 'bonus_lists': [1688, 6870]}"
1199686464,LONG,783100,2,,,{'id': 74711}
1199686473,LONG,1469100,2,,,{'id': 52770}
1199686485,LONG,666400,2,,,{'id': 52757}
1199686497,LONG,695800,2,,,{'id': 52753}
1199686503,LONG,35500,20,,,{'id': 7070}
1199686507,LONG,500,89,,,{'id': 52722}
1199686514,LONG,509600,24,,,{'id': 43126}
1199686519,LONG,235200,35,,,{'id': 32228}
1199686523,LONG,98000,2,,,{'id': 23107}
1199686527,LONG,230300,3,,,{'id': 22791}
1199686530,LONG,9800,10,,,{'id': 22710}
1199686534,LONG,5400,872,,,{'id': 16204}
1199686537,LONG,28500,5,,,{'id': 159959}
1199686541,LONG,4900,115,,,{'id': 153669}
1199686545,LONG,100,318,,,{'id': 124121}
1199686547,LONG,274400,54,,,{'id': 113111}
1199686624,LONG,,1,17004600,,"{'id': 159797, 'context': 0, 'bonus_lists': [6655, 1706], 'modifiers': [{'type': 9, 'value': 24}, {'type': 28, 'value': 186}]}"
1199686691,LONG,55600,3,,,{'id': 171841}
1199686698,LONG,262600,2,,,{'id': 171830}
1199686704,LONG,,1,5000000,,"{'id': 159799, 'context': 0, 'bonus_lists': [6655, 1716], 'modifiers': [{'type': 9, 'value': 18}, {'type': 28, 'value': 186}]}"
1199686712,LONG,39900,45,,,{'id': 172089}
1199686737,LONG,,1,490000,,"{'id': 159163, 'context': 0, 'bonus_lists': [6654, 1701], 'modifiers': [{'type': 9, 'value': 22}, {'type': 28, 'value': 186}]}"
1199686747,LONG,,1,30006500,,"{'id': 166822, 'context': 14, 'modifiers': [{'type': 28, 'value': 186}]}"
1199686765,LONG,,1,30009500,,"{'id': 164483, 'context': 14, 'modifiers': [{'type': 28, 'value': 186}]}"
1199686783,LONG,,1,36616700,,"{'id': 159229, 'context': 0, 'bonus_lists': [6654, 1710], 'modifiers': [{'type': 9, 'value': 28}, {'type': 28, 'value': 186}]}"
1199686822,LONG,,1,5000000,,"{'id': 154859, 'context': 0, 'bonus_lists': [6654, 1714], 'modifiers': [{'type': 9, 'value': 39}, {'type': 28, 'value': 187}]}"
1199689925,LONG,1130000,2,,,{'id': 176811}
1199692102,LONG,1239800,23,,,{'id': 171289}
1199692120,LONG,806400,12,,,{'id': 171288}
1199692163,LONG,,1,79908400,,"{'id': 171417, 'context': 63, 'bonus_lists': [6716, 1487]}"
1199692204,LONG,290000,40,,,{'id': 171286}
1199692209,LONG,,1,35008700,,"{'id': 171419, 'context': 63, 'bonus_lists': [6716, 7193, 1487]}"
1199692227,LONG,219900,10,,,{'id': 171267}
1199692250,LONG,,1,69909800,,"{'id': 171416, 'context': 63, 'bonus_lists': [6716, 1487]}"
1199692275,LONG,,1,69909800,,"{'id': 171416, 'context': 63, 'bonus_lists': [6716, 1487]}"
1199692412,LONG,600,2,,,{'id': 12037}
1199692422,LONG,4700,2,,,{'id': 12205}
1199692445,LONG,800000,1,,,{'id': 5637}
1199692497,LONG,10700,10,,,{'id': 14344}
1199692515,LONG,,1,100400,,"{'id': 20906, 'context': 0, 'bonus_lists': [6844]}"
1199692517,LONG,,1,100400,,"{'id': 20906, 'context': 0, 'bonus_lists': [6844]}"
1199692518,LONG,,1,100400,,"{'id': 20906, 'context': 0, 'bonus_lists': [6844]}"
1199692520,LONG,,1,100400,,"{'id': 20906, 'context': 0, 'bonus_lists': [6844]}"
1199692523,LONG,,1,100400,,"{'id': 20906, 'context': 0, 'bonus_lists': [6844]}"
1199692525,LONG,,1,100400,,"{'id': 20906, 'context': 0, 'bonus_lists': [6844]}"
1199692528,LONG,,1,100400,,"{'id': 20906, 'context': 0, 'bonus_lists': [6844]}"
1199692529,LONG,,1,100400,,"{'id': 20906, 'context': 0, 'bonus_lists': [6844]}"
1199692532,LONG,,1,100400,,"{'id': 20906, 'context': 0, 'bonus_lists': [6844]}"
1199692536,LONG,,1,100400,,"{'id': 20906, 'context': 0, 'bonus_lists': [6844]}"
1199692538,LONG,,1,100400,,"{'id': 20906, 'context': 0, 'bonus_lists': [6844]}"
1199692541,LONG,,1,100400,,"{'id': 20906, 'context': 0, 'bonus_lists': [6844]}"
1199692543,LONG,,1,100400,,"{'id': 20906, 'context': 0, 'bonus_lists': [6844]}"
1199692546,LONG,,1,100400,,"{'id': 20906, 'context': 0, 'bonus_lists': [6844]}"
1199692550,LONG,,1,100400,,"{'id': 20906, 'context': 0, 'bonus_lists': [6844]}"
1199692553,LONG,,1,100400,,"{'id': 20906, 'context': 0, 'bonus_lists': [6844]}"
1199692555,LONG,,1,100400,,"{'id': 20906, 'context': 0, 'bonus_lists': [6844]}"
1199692560,LONG,,1,100400,,"{'id': 20906, 'context': 0, 'bonus_lists': [6844]}"
1199692562,LONG,,1,100400,,"{'id': 20906, 'context': 0, 'bonus_lists': [6844]}"
1199692565,LONG,8800,1,,,{'id': 1645}
1199692566,LONG,,1,100400,,"{'id': 20906, 'context': 0, 'bonus_lists': [6844]}"
1199692569,LONG,,1,100400,,"{'id': 20906, 'context': 0, 'bonus_lists': [6844]}"
1199692573,LONG,,1,100400,,"{'id': 20906, 'context': 0, 'bonus_lists': [6844]}"
1199692574,LONG,,1,100400,,"{'id': 20906, 'context': 0, 'bonus_lists': [6844]}"
1199692578,LONG,,1,100400,,"{'id': 20906, 'context': 0, 'bonus_lists': [6844]}"
1199692581,LONG,,1,100400,,"{'id': 20906, 'context': 0, 'bonus_lists': [6844]}"
1199692620,LONG,20800,1,,,{'id': 7974}
1199692647,LONG,11000000,1,,,{'id': 7081}
1199692670,LONG,500000,3,,,{'id': 3928}
1199692691,LONG,34300,20,,,{'id': 1251}
1199692714,LONG,700,48,,,{'id': 14343}
1199692766,LONG,,1,50008800,,"{'id': 22309, 'context': 1}"
1199692818,LONG,,1,7500000,,"{'id': 18231, 'context': 7}"
1199693064,LONG,,1,2463700,,"{'id': 15222, 'context': 1, 'bonus_lists': [6655, 1705], 'modifiers': [{'type': 9, 'value': 30}, {'type': 28, 'value': 193}]}"
1199693069,LONG,296600,1,,,{'id': 2447}
1199693075,LONG,142400,1,,,{'id': 1206}
1199693087,LONG,33200,1,,,{'id': 5470}
1199693093,LONG,19800,7,,,{'id': 108326}
1199693099,LONG,,1,30436400,,"{'id': 9778, 'context': 1, 'bonus_lists': [6655, 1679], 'modifiers': [{'type': 9, 'value': 30}, {'type': 28, 'value': 8}]}"
1199694112,LONG,,1,607400,,"{'id': 15893, 'context': 1, 'bonus_lists': [6655], 'modifiers': [{'type': 9, 'value': 30}, {'type': 28, 'value': 193}]}"
1199694115,LONG,99800,5,,,{'id': 6471}
1199694123,LONG,2900,1,,,{'id': 5503}
1199694149,LONG,176900,1,,,{'id': 4234}
1199694164,LONG,,1,34107300,,"{'id': 15551, 'context': 0, 'bonus_lists': [6654, 1707], 'modifiers': [{'type': 9, 'value': 30}, {'type': 28, 'value': 16}]}"
1199694170,LONG,,1,156880800,,"{'id': 14379, 'context': 0, 'bonus_lists': [6654], 'modifiers': [{'type': 9, 'value': 30}, {'type': 28, 'value': 16}]}"
1199694174,LONG,89900,15,,,{'id': 6470}
1199694180,LONG,59900,91,,,{'id': 2318}
1199694190,LONG,169900,17,,,{'id': 2453}
1199694213,LONG,,1,333844100,,"{'id': 14181, 'context': 0, 'bonus_lists': [6654, 1679], 'modifiers': [{'type': 9, 'value': 30}, {'type': 28, 'value': 16}]}"
1199694218,LONG,900,77,,,{'id': 22644}
1199694226,LONG,9900,1,,,{'id': 1210}
1199694235,LONG,49900,1,,,{'id': 3820}
1199694244,LONG,,1,4999900,,"{'id': 10413, 'context': 1, 'bonus_lists': [6710], 'modifiers': [{'type': 9, 'value': 30}, {'type': 28, 'value': 193}]}"
1199694252,LONG,78600,7,,,{'id': 173110}
1199694260,LONG,,1,8162600,,"{'id': 6268, 'context': 0, 'bonus_lists': [6654, 1681], 'modifiers': [{'type': 9, 'value': 30}, {'type': 28, 'value': 7}]}"
1199694265,LONG,244100,9,,,{'id': 765}
1199694293,LONG,329900,1,,,{'id': 4232}
1199694298,LONG,,1,15491300,,"{'id': 132743, 'context': 1, 'bonus_lists': [6710], 'modifiers': [{'type': 9, 'value': 30}, {'type': 28, 'value': 193}]}"
1199694301,LONG,399800,4,,,{'id': 109585}
1199694307,LONG,7400,6,,,{'id': 17056}
1199694310,LONG,39800,933,,,{'id': 172089}
1199694317,LONG,,1,670097300,,"{'id': 6527, 'context': 0, 'bonus_lists': [6654], 'modifiers': [{'type': 9, 'value': 30}, {'type': 28, 'value': 3}]}"
1199694321,LONG,49900,1,,,{'id': 2672}
1199694324,LONG,1079500,4,,,{'id': 5051}
1199694330,LONG,39900,4,,,{'id': 783}
1199694336,LONG,,1,1870700,,"{'id': 3040, 'context': 1, 'bonus_lists': [6655], 'modifiers': [{'type': 9, 'value': 30}, {'type': 28, 'value': 193}]}"
1199694342,LONG,199900,2,,,{'id': 3818}
1199694352,LONG,,1,999900,,"{'id': 6661, 'context': 0, 'modifiers': [{'type': 28, 'value': 16}]}"
1199694358,LONG,967400,10,,,{'id': 2449}
1199694360,LONG,,1,1429300,,"{'id': 10248, 'context': 1, 'bonus_lists': [6654, 1706], 'modifiers': [{'type': 9, 'value': 30}, {'type': 28, 'value': 193}]}"
1199694376,LONG,8200,34,,,{'id': 108325}
1199694384,LONG,,1,83147900,,"{'id': 12023, 'context': 0, 'bonus_lists': [6654, 1681], 'modifiers': [{'type': 9, 'value': 30}, {'type': 28, 'value': 16}]}"
1199694390,LONG,29900,53,,,{'id': 785}
1199694593,LONG,100000,2,,,{'id': 5635}
1199694630,LONG,298200,2,,,{'id': 2924}
1199694684,LONG,1500000,3,,,{'id': 177659}
1199694711,LONG,1100000,5,,,{'id': 177715}
1199694752,LONG,,1,294400,,"{'id': 20818, 'context': 0, 'bonus_lists': [6851]}"
1199694755,LONG,,1,294400,,"{'id': 20818, 'context': 0, 'bonus_lists': [6851]}"
1199694758,LONG,,1,294400,,"{'id': 20818, 'context': 0, 'bonus_lists': [6851]}"
1199694761,LONG,,1,294400,,"{'id': 20818, 'context': 0, 'bonus_lists': [6851]}"
1199694766,LONG,,1,294400,,"{'id': 20818, 'context': 0, 'bonus_lists': [6851]}"
1199694770,LONG,,1,294400,,"{'id': 20818, 'context': 0, 'bonus_lists': [6851]}"
1199694772,LONG,,1,294400,,"{'id': 20818, 'context': 0, 'bonus_lists': [6851]}"
1199694775,LONG,,1,294400,,"{'id': 20818, 'context': 0, 'bonus_lists': [6851]}"
1199694781,LONG,,1,294400,,"{'id': 20818, 'context': 0, 'bonus_lists': [6851]}"
1199694787,LONG,,1,294400,,"{'id': 20818, 'context': 0, 'bonus_lists': [6851]}"
1199694820,LONG,745700,5,,,{'id': 172418}
1199694827,LONG,524900,1,,,{'id': 173036}
1199694852,LONG,4959500,1,,,{'id': 172408}
1199694861,LONG,60000,17,,,{'id': 177660}
1199694875,LONG,156200,10,,,{'id': 177716}
1199694899,LONG,2149700,3,,,{'id': 172364}
1199694920,LONG,4007800,2,,,{'id': 172415}
1199694938,LONG,2491100,4,,,{'id': 183738}
1199694964,LONG,1417900,2,,,{'id': 172363}
1199695010,LONG,8500000,2,,,{'id': 172370}
1199695093,LONG,,1,1581300,,"{'id': 55755, 'context': 0, 'bonus_lists': [6654, 1713], 'modifiers': [{'type': 9, 'value': 35}, {'type': 28, 'value': 165}]}"
1199696147,LONG,302700,8,,,{'id': 52325}
1199696242,LONG,9500,720,,,{'id': 173032}
1199696430,LONG,2999900,1,,,{'id': 56477}
1199696436,LONG,,1,224999700,,"{'id': 34482, 'context': 0}"
1199696441,LONG,,1,224999700,,"{'id': 34482, 'context': 0}"
1199696451,LONG,,1,224999700,,"{'id': 34482, 'context': 0}"
1199696459,LONG,,1,224999700,,"{'id': 34482, 'context': 0}"
1199696468,LONG,,1,224999700,,"{'id': 34482, 'context': 0}"
1199696481,LONG,,1,37999900,,"{'id': 128892, 'context': 13, 'bonus_lists': [1693, 6844, 3408]}"
1199696486,LONG,229999900,1,,,{'id': 132525}
1199696491,LONG,,1,35999900,,"{'id': 116169, 'context': 13, 'bonus_lists': [94, 6871]}"
1199696501,LONG,,1,391101400,,"{'id': 164712, 'context': 13, 'bonus_lists': [1689, 6869]}"
1199696504,LONG,93455400,10,,,{'id': 17304}
1199696506,LONG,,1,9249900,,"{'id': 21849, 'context': 0, 'bonus_lists': [6827]}"
1199696508,LONG,,1,12999900,,"{'id': 41512, 'context': 0, 'bonus_lists': [6850]}"
1199696512,LONG,,1,17714300,,"{'id': 161913, 'context': 13, 'bonus_lists': [1690, 6848, 5804]}"
1199696517,LONG,,1,3022600,,"{'id': 161942, 'context': 13, 'bonus_lists': [1688, 6851]}"
1199696522,LONG,,1,34999800,,"{'id': 41555, 'context': 0, 'bonus_lists': [6865]}"
1199696526,LONG,,1,64999800,,"{'id': 45811, 'context': 0, 'bonus_lists': [6883]}"
1199696529,LONG,1950000,1,,,{'id': 43373}
1199696531,LONG,,1,14593100,,"{'id': 41515, 'context': 0, 'bonus_lists': [6849]}"
1199696534,LONG,,1,33585900,,"{'id': 161956, 'context': 13, 'bonus_lists': [1698, 6846]}"
1199696541,LONG,,1,7998100,,"{'id': 161956, 'context': 13, 'bonus_lists': [1687, 6846]}"
1199696552,LONG,,1,33674600,,"{'id': 161956, 'context': 13, 'bonus_lists': [1715, 6846]}"
1199696568,LONG,,1,297929600,,"{'id': 82800, 'context': 0, 'modifiers': [{'type': 6, 'value': 99874}], 'pet_breed_id': 16, 'pet_level': 25, 'pet_quality_id': 2, 'pet_species_id': 2897}"
1199696572,LONG,5600000,1,,,{'id': 83006}
1199696574,LONG,,1,5499900,,"{'id': 153688, 'context': 13, 'bonus_lists': [6827, 3352]}"
1199696576,LONG,,1,109999800,,"{'id': 164705, 'context': 13, 'bonus_lists': [1682, 6876]}"
1199696581,LONG,,1,127229600,,"{'id': 164705, 'context': 13, 'bonus_lists': [1709, 6876]}"
1199696587,LONG,,1,1250000,,"{'id': 54473, 'context': 0, 'bonus_lists': [6844]}"
1199696590,LONG,,1,13499800,,"{'id': 54474, 'context': 0, 'bonus_lists': [6849]}"
1199696610,LONG,2000000,1,,,{'id': 25650}
1199696613,LONG,,1,54999900,,"{'id': 98769, 'context': 0, 'bonus_lists': [6883]}"
1199696622,LONG,,1,4567400,,"{'id': 161954, 'context': 13, 'bonus_lists': [1687, 6857]}"
1199696625,LONG,21999900,1,,,{'id': 132509}
1199696638,LONG,,1,51999900,,"{'id': 92726, 'context': 0, 'bonus_lists': [6852]}"
1199696643,LONG,,1,12499700,,"{'id': 54483, 'context': 0, 'bonus_lists': [6862]}"
1199696648,LONG,,1,27999900,,"{'id': 93439, 'context': 0, 'bonus_lists': [6874]}"
1199696653,LONG,,1,475720400,,"{'id': 164717, 'context': 13, 'bonus_lists': [1694, 6866]}"
1199696658,LONG,,1,32016200,,"{'id': 161987, 'context': 13, 'bonus_lists': [1711, 6846]}"
1199696660,LONG,,1,179999900,,"{'id': 161971, 'context': 13, 'bonus_lists': [1712, 6863]}"
1199696664,LONG,,1,19999900,,"{'id': 116164, 'context': 13, 'bonus_lists': [47, 6875]}"
1199696669,LONG,,1,68999700,,"{'id': 54485, 'context': 0, 'bonus_lists': [6827]}"
1199696673,LONG,,1,291400,,"{'id': 82800, 'context': 0, 'modifiers': [{'type': 6, 'value': 42721}], 'pet_breed_id': 22, 'pet_level': 2, 'pet_quality_id': 2, 'pet_species_id': 847}"
1199696677,LONG,998077700,1,,,{'id': 168795}
1199696681,LONG,,1,474861700,,"{'id': 164713, 'context': 13, 'bonus_lists': [1707, 6868]}"
1199696687,LONG,,1,11187300,,"{'id': 161958, 'context': 13, 'bonus_lists': [1685, 6845]}"
1199696692,LONG,,1,11187300,,"{'id': 161958, 'context': 13, 'bonus_lists': [1684, 6845]}"
1199696694,LONG,17805500,1,,,{'id': 62239}
1199696698,LONG,,1,77690100,,"{'id': 167949, 'context': 13, 'bonus_lists': [1714, 6880]}"
1199696703,LONG,83293500,9,,,{'id': 17303}
1199696708,LONG,,1,80000000,,"{'id': 164699, 'context': 13, 'bonus_lists': [1703, 6877]}"
1199696711,LONG,,1,83507100,,"{'id': 161883, 'context': 13, 'bonus_lists': [1681, 5804, 6849]}"
1199696781,LONG,,1,147000,,"{'id': 7276, 'context': 0, 'bonus_lists': [6838]}"
1199696795,LONG,,1,85900,,"{'id': 6787, 'context': 0, 'bonus_lists': [6835]}"
1199696798,LONG,,1,26800,,"{'id': 6786, 'context': 0, 'bonus_lists': [6835]}"
1199696804,LONG,,1,268800,,"{'id': 5957, 'context': 0, 'bonus_lists': [6837]}"
1199696823,LONG,,1,3841600,,"{'id': 43973, 'context': 0, 'bonus_lists': [6872]}"
1199696833,LONG,,1,39500,,"{'id': 4344, 'context': 0, 'bonus_lists': [6835]}"
1199696842,LONG,,1,39800,,"{'id': 4308, 'context': 0, 'bonus_lists': [6841]}"
1199696856,LONG,,1,480200,,"{'id': 2977, 'context': 1, 'bonus_lists': [6654], 'modifiers': [{'type': 9, 'value': 30}, {'type': 28, 'value': 202}]}"
1199696866,LONG,,1,93400,,"{'id': 2570, 'context': 0, 'bonus_lists': [6835]}"
1199696879,LONG,,1,19208000,,"{'id': 167945, 'context': 13, 'bonus_lists': [1684, 6878]}"
1199696891,LONG,,1,528300,,"{'id': 14132, 'context': 0, 'bonus_lists': [6883]}"
1199696901,LONG,,1,175400,,"{'id': 13866, 'context': 0, 'bonus_lists': [6883]}"
1199696922,LONG,,1,1733700,,"{'id': 44446, 'context': 0}"
1199696954,LONG,,1,2381500,,"{'id': 22249, 'context': 0}"
1199696972,LONG,480200,2,,,{'id': 52758}
1199696981,LONG,1328200,2,,,{'id': 52746}
1199696989,LONG,762400,1,,,{'id': 44458}
1199696997,LONG,449700,2,,,{'id': 38912}
1199697009,LONG,108400,2,,,{'id': 38818}
1199697017,LONG,202600,2,,,{'id': 38810}
1199697025,LONG,708800,2,,,{'id': 38775}
1199697036,LONG,605100,1,,,{'id': 153479}
1199697045,LONG,215600,2,,,{'id': 128540}
1199697055,LONG,217100,1,,,{'id': 112093}
1199697061,LONG,912400,2,,,{'id': 110617}
1199697073,LONG,539000,1,,,{'id': 4358}
1199697077,LONG,960600,20,,,{'id': 40536}
1199697088,LONG,49500,2,,,{'id': 37091}
1199697094,LONG,96100,1,,,{'id': 33460}
1199698153,LONG,9600,43,,,{'id': 178217}
1199698164,LONG,910900,20,,,{'id': 174281}
1199698193,LONG,5390000,2,,,{'id': 169445}
1199698213,LONG,323400,1,,,{'id': 154705}
1199698227,LONG,91900,8,,,{'id': 111603}
1199698265,LONG,153700,1,,,{'id': 109217}
1199698279,LONG,764400,2,,,{'id': 87888}
1199698290,LONG,868300,1,,,{'id': 49084}
1199698298,LONG,1149900,1,,,{'id': 45768}
1199698312,LONG,66700,1,,,{'id': 90407}
1199698320,LONG,18700,97,,,{'id': 8171}
1199698351,LONG,104700,28,,,{'id': 7079}
1199698359,LONG,2050000,18,,,{'id': 43125}
1199698365,LONG,1397700,23,,,{'id': 43124}
1199698370,LONG,3195800,7,,,{'id': 43121}
1199698377,LONG,4802500,16,,,{'id': 43120}
1199698382,LONG,700200,1,,,{'id': 39343}
1199698390,LONG,2401000,1,,,{'id': 39338}
1199698401,LONG,25000,727,,,{'id': 152511}
1199698405,LONG,,1,899999800,,"{'id': 87250, 'context': 0}"
1199698406,LONG,25000,2523,,,{'id': 152508}
1199698408,LONG,119100,5064,,,{'id': 123919}
1199698410,LONG,8008700,2,,,{'id': 139437}
1199698411,LONG,,1,38790000,,"{'id': 132921, 'context': 26, 'bonus_lists': [1472, 3528, 3431]}"
1199698414,LONG,,1,58790000,,"{'id': 141566, 'context': 26, 'bonus_lists': [1808, 1472, 3528, 3431]}"
1199698416,LONG,122300,1930,,,{'id': 124444}
1199698419,LONG,25000,145,,,{'id': 152509}
1199698422,LONG,19895400,2,,,{'id': 129021}
1199698423,LONG,335800,1,,,{'id': 36905}
1199698425,LONG,1900,5213,,,{'id': 154165}
1199698432,LONG,1844600,176,,,{'id': 36783}
1199698438,LONG,1740100,6,,,{'id': 2321}
1199698447,LONG,96100,100,,,{'id': 22787}
1199698455,LONG,825800,120,,,{'id': 173060}
1199698459,LONG,6400,230,,,{'id': 158187}
1199698589,LONG,961500,5,,,{'id': 116170}
1199698605,LONG,36600,8,,,{'id': 109624}
1199698619,LONG,3300,33,,,{'id': 10286}
1199698631,LONG,294000,1,,,{'id': 113992}
1199698788,LONG,31900,2,,,{'id': 179315}
1199698843,LONG,43300,21,,,{'id': 173859}
1199698860,LONG,219900,16,,,{'id': 171267}
1199698880,LONG,5499900,2,,,{'id': 152641}
1199698895,LONG,1499800,10,,,{'id': 109148}
1199698955,LONG,725400,2,,,{'id': 172231}
1199698968,LONG,262600,4,,,{'id': 171830}
1199698997,LONG,999800,1,,,{'id': 172053}
1199701261,LONG,,1,175000000,,"{'id': 173249, 'context': 65, 'bonus_lists': [6718, 7194, 1522]}"
1199701264,LONG,,1,175000000,,"{'id': 173249, 'context': 65, 'bonus_lists': [6718, 7193, 1522]}"
1199701268,LONG,,1,175000000,,"{'id': 173249, 'context': 65, 'bonus_lists': [6718, 7194, 1522]}"
1199701269,LONG,,1,175000000,,"{'id': 173249, 'context': 65, 'bonus_lists': [6718, 7193, 1522]}"
1199701524,LONG,,1,9992700,,"{'id': 82800, 'context': 0, 'modifiers': [{'type': 6, 'value': 65113}], 'pet_breed_id': 20, 'pet_level': 1, 'pet_quality_id': 3, 'pet_species_id': 1717}"
1199701541,LONG,,1,5919700,,"{'id': 172265, 'context': 13, 'bonus_lists': [6893], 'modifiers': [{'type': 9, 'value': 59}, {'type': 28, 'value': 391}, {'type': 29, 'value': 49}, {'type': 30, 'value': 32}]}"
1199701542,LONG,,1,1746900,,"{'id': 172237, 'context': 13, 'bonus_lists': [6887], 'modifiers': [{'type': 9, 'value': 59}, {'type': 28, 'value': 391}, {'type': 29, 'value': 32}, {'type': 30, 'value': 36}]}"
1199701543,LONG,,1,1746900,,"{'id': 172237, 'context': 13, 'bonus_lists': [6887], 'modifiers': [{'type': 9, 'value': 59}, {'type': 28, 'value': 391}, {'type': 29, 'value': 32}, {'type': 30, 'value': 36}]}"
1199701545,LONG,,1,1746900,,"{'id': 172237, 'context': 13, 'bonus_lists': [6887], 'modifiers': [{'type': 9, 'value': 59}, {'type': 28, 'value': 391}, {'type': 29, 'value': 40}, {'type': 30, 'value': 36}]}"
1199701547,LONG,,1,1746900,,"{'id': 172237, 'context': 13, 'bonus_lists': [6887], 'modifiers': [{'type': 9, 'value': 59}, {'type': 28, 'value': 391}, {'type': 29, 'value': 49}, {'type': 30, 'value': 36}]}"
1199701553,LONG,,1,1746900,,"{'id': 172237, 'context': 13, 'bonus_lists': [6887], 'modifiers': [{'type': 9, 'value': 59}, {'type': 28, 'value': 391}, {'type': 29, 'value': 40}, {'type': 30, 'value': 49}]}"
1199701557,LONG,,1,3687400,,"{'id': 177775, 'context': 0, 'bonus_lists': [6907, 6652, 1714], 'modifiers': [{'type': 9, 'value': 60}, {'type': 28, 'value': 1707}]}"
1199701560,LONG,31800,34,,,{'id': 179315}
1199701565,LONG,,1,579300,,"{'id': 172236, 'context': 13, 'bonus_lists': [6887], 'modifiers': [{'type': 9, 'value': 59}, {'type': 28, 'value': 391}, {'type': 29, 'value': 32}, {'type': 30, 'value': 36}]}"
1199701567,LONG,,1,579300,,"{'id': 172236, 'context': 13, 'bonus_lists': [6887], 'modifiers': [{'type': 9, 'value': 59}, {'type': 28, 'value': 391}, {'type': 29, 'value': 36}, {'type': 30, 'value': 49}]}"
1199701570,LONG,,1,579300,,"{'id': 172236, 'context': 13, 'bonus_lists': [6887], 'modifiers': [{'type': 9, 'value': 59}, {'type': 28, 'value': 391}, {'type': 29, 'value': 36}, {'type': 30, 'value': 49}]}"
1199701579,LONG,,1,579300,,"{'id': 172236, 'context': 13, 'bonus_lists': [6887], 'modifiers': [{'type': 9, 'value': 59}, {'type': 28, 'value': 391}, {'type': 29, 'value': 49}, {'type': 30, 'value': 36}]}"
1199701584,LONG,,1,579300,,"{'id': 172236, 'context': 13, 'bonus_lists': [6887], 'modifiers': [{'type': 9, 'value': 59}, {'type': 28, 'value': 391}, {'type': 29, 'value': 32}, {'type': 30, 'value': 49}]}"
1199701586,LONG,,1,579300,,"{'id': 172236, 'context': 13, 'bonus_lists': [6887], 'modifiers': [{'type': 9, 'value': 59}, {'type': 28, 'value': 391}, {'type': 29, 'value': 32}, {'type': 30, 'value': 49}]}"
1199701592,LONG,,1,579300,,"{'id': 172236, 'context': 13, 'bonus_lists': [6887], 'modifiers': [{'type': 9, 'value': 59}, {'type': 28, 'value': 391}, {'type': 29, 'value': 49}, {'type': 30, 'value': 32}]}"
1199701593,LONG,,1,579300,,"{'id': 172236, 'context': 13, 'bonus_lists': [6887], 'modifiers': [{'type': 9, 'value': 59}, {'type': 28, 'value': 391}, {'type': 29, 'value': 32}, {'type': 30, 'value': 40}]}"
1199701598,LONG,,1,579300,,"{'id': 172236, 'context': 13, 'bonus_lists': [6887], 'modifiers': [{'type': 9, 'value': 59}, {'type': 28, 'value': 391}, {'type': 29, 'value': 32}, {'type': 30, 'value': 40}]}"
1199701602,LONG,,1,5002900,,"{'id': 172348, 'context': 13, 'modifiers': [{'type': 29, 'value': 49}, {'type': 30, 'value': 36}]}"
1199701605,LONG,999900,4,,,{'id': 36927}
1199701606,LONG,,1,10000000,,"{'id': 116794, 'context': 0, 'modifiers': [{'type': 28, 'value': 64}]}"
1199701608,LONG,,1,1106900,,"{'id': 179319, 'context': 0, 'bonus_lists': [6908, 6652, 1712], 'modifiers': [{'type': 9, 'value': 60}, {'type': 28, 'value': 1426}]}"
1199701609,LONG,7700,34,,,{'id': 153051}
1199701616,LONG,,1,3725100,,"{'id': 177800, 'context': 0, 'bonus_lists': [6908, 6652, 1682], 'modifiers': [{'type': 9, 'value': 60}, {'type': 28, 'value': 1426}]}"
1199701618,LONG,,1,45000000,,"{'id': 82800, 'context': 0, 'modifiers': [{'type': 6, 'value': 99907}], 'pet_breed_id': 9, 'pet_level': 1, 'pet_quality_id': 2, 'pet_species_id': 3033}"
1199701622,LONG,,1,7474700,,"{'id': 179323, 'context': 0, 'bonus_lists': [6908, 6652, 1705], 'modifiers': [{'type': 9, 'value': 60}, {'type': 28, 'value': 1707}]}"
1199701627,LONG,,1,7443800,,"{'id': 172252, 'context': 13, 'bonus_lists': [6893], 'modifiers': [{'type': 9, 'value': 59}, {'type': 28, 'value': 391}, {'type': 29, 'value': 32}, {'type': 30, 'value': 40}]}"
1199701628,LONG,,1,2227900,,"{'id': 82800, 'context': 0, 'modifiers': [{'type': 6, 'value': 99850}], 'pet_breed_id': 18, 'pet_level': 1, 'pet_quality_id': 3, 'pet_species_id': 3044}"
1199701632,LONG,,1,7443800,,"{'id': 172252, 'context': 13, 'bonus_lists': [6893], 'modifiers': [{'type': 9, 'value': 59}, {'type': 28, 'value': 391}, {'type': 29, 'value': 32}, {'type': 30, 'value': 49}]}"
1199701637,LONG,,1,7443800,,"{'id': 172252, 'context': 13, 'bonus_lists': [6893], 'modifiers': [{'type': 9, 'value': 59}, {'type': 28, 'value': 391}, {'type': 29, 'value': 40}, {'type': 30, 'value': 36}]}"
1199701638,LONG,,1,9005600,,"{'id': 177799, 'context': 0, 'bonus_lists': [6908, 6652, 1697], 'modifiers': [{'type': 9, 'value': 58}, {'type': 28, 'value': 1707}]}"
1199701642,LONG,,1,1218300,,"{'id': 178952, 'context': 0, 'bonus_lists': [6908, 6652, 1701], 'modifiers': [{'type': 9, 'value': 54}, {'type': 28, 'value': 1707}]}"
1199701644,LONG,,1,1789900,,"{'id': 172241, 'context': 13, 'bonus_lists': [6883], 'modifiers': [{'type': 29, 'value': 49}, {'type': 30, 'value': 32}]}"
1199701646,LONG,597500,20,,,{'id': 173039}
1199701650,LONG,,1,1789900,,"{'id': 172241, 'context': 13, 'bonus_lists': [6883], 'modifiers': [{'type': 29, 'value': 32}, {'type': 30, 'value': 49}]}"
1199701651,LONG,,1,1643700,,"{'id': 172241, 'context': 13, 'bonus_lists': [6883], 'modifiers': [{'type': 29, 'value': 32}, {'type': 30, 'value': 36}]}"
1199701654,LONG,,1,1789900,,"{'id': 172241, 'context': 13, 'bonus_lists': [6883], 'modifiers': [{'type': 29, 'value': 36}, {'type': 30, 'value': 49}]}"
1199701658,LONG,,1,3170400,,"{'id': 172259, 'context': 13, 'bonus_lists': [6893], 'modifiers': [{'type': 9, 'value': 59}, {'type': 28, 'value': 391}, {'type': 29, 'value': 32}, {'type': 30, 'value': 40}]}"
1199701672,LONG,,1,3170400,,"{'id': 172259, 'context': 13, 'bonus_lists': [6893], 'modifiers': [{'type': 9, 'value': 59}, {'type': 28, 'value': 391}, {'type': 29, 'value': 36}, {'type': 30, 'value': 49}]}"
1199701674,LONG,,1,3170400,,"{'id': 172259, 'context': 13, 'bonus_lists': [6893], 'modifiers': [{'type': 9, 'value': 59}, {'type': 28, 'value': 391}, {'type': 29, 'value': 49}, {'type': 30, 'value': 32}]}"
1199701676,LONG,,1,9245400,,"{'id': 172351, 'context': 13, 'modifiers': [{'type': 29, 'value': 36}, {'type': 30, 'value': 40}]}"
1199701680,LONG,597500,20,,,{'id': 173039}
1199701685,LONG,,1,2158100,,"{'id': 172242, 'context': 13, 'bonus_lists': [6890], 'modifiers': [{'type': 9, 'value': 59}, {'type': 28, 'value': 391}, {'type': 29, 'value': 49}, {'type': 30, 'value': 36}]}"
1199701688,LONG,,1,11201700,,"{'id': 172257, 'context': 13, 'bonus_lists': [6893], 'modifiers': [{'type': 9, 'value': 59}, {'type': 28, 'value': 391}, {'type': 29, 'value': 32}, {'type': 30, 'value': 36}]}"
1199701691,LONG,,1,11201700,,"{'id': 172257, 'context': 13, 'bonus_lists': [6893], 'modifiers': [{'type': 9, 'value': 59}, {'type': 28, 'value': 391}, {'type': 29, 'value': 36}, {'type': 30, 'value': 32}]}"
1199701696,LONG,,1,11201700,,"{'id': 172257, 'context': 13, 'bonus_lists': [6893], 'modifiers': [{'type': 9, 'value': 59}, {'type': 28, 'value': 391}, {'type': 29, 'value': 36}, {'type': 30, 'value': 40}]}"
1199701698,LONG,,1,2609100,,"{'id': 172238, 'context': 13, 'bonus_lists': [6885], 'modifiers': [{'type': 9, 'value': 59}, {'type': 28, 'value': 391}, {'type': 29, 'value': 32}, {'type': 30, 'value': 40}]}"
1199701702,LONG,,1,3268200,,"{'id': 172256, 'context': 13, 'bonus_lists': [6893], 'modifiers': [{'type': 9, 'value': 59}, {'type': 28, 'value': 391}, {'type': 29, 'value': 32}, {'type': 30, 'value': 40}]}"
1199701705,LONG,,1,3268200,,"{'id': 172256, 'context': 13, 'bonus_lists': [6893], 'modifiers': [{'type': 9, 'value': 59}, {'type': 28, 'value': 391}, {'type': 29, 'value': 36}, {'type': 30, 'value': 40}]}"
1199701710,LONG,,1,5060400,,"{'id': 177788, 'context': 0, 'bonus_lists': [6907, 6652, 7194, 1698], 'modifiers': [{'type': 9, 'value': 60}, {'type': 28, 'value': 1426}]}"
1199701714,LONG,,1,1550600,,"{'id': 172239, 'context': 13, 'bonus_lists': [6890], 'modifiers': [{'type': 9, 'value': 59}, {'type': 28, 'value': 391}, {'type': 29, 'value': 36}, {'type': 30, 'value': 32}]}"
1199701809,LONG,,1,500000,,"{'id': 178951, 'context': 0, 'bonus_lists': [6908, 6652, 1689], 'modifiers': [{'type': 9, 'value': 60}, {'type': 28, 'value': 1325}]}"
1199703159,LONG,2741800,45,,,{'id': 159827}
1199703164,LONG,48000100,1,,,{'id': 173099}
1199703177,LONG,,1,5500,,"{'id': 82800, 'context': 0, 'modifiers': [{'type': 6, 'value': 98466}], 'pet_breed_id': 4, 'pet_level': 1, 'pet_quality_id': 2, 'pet_species_id': 3013}"
1199703204,LONG,,1,1119900,,"{'id': 15219, 'context': 1, 'bonus_lists': [6655, 1681], 'modifiers': [{'type': 9, 'value': 30}, {'type': 28, 'value': 205}]}"
1199703205,LONG,156200,20,,,{'id': 177716}
1199703211,LONG,219900,19,,,{'id': 171267}
1199703221,LONG,777700,20,,,{'id': 171831}
1199703231,LONG,,1,198360000,178524000,"{'id': 180208, 'context': 0, 'modifiers': [{'type': 28, 'value': 373}]}"
1199703237,LONG,,1,46799900,,"{'id': 112059, 'context': 0, 'bonus_lists': [6844]}"
1199703241,LONG,467200,28,,,{'id': 171832}
1199703254,LONG,,1,39599600,,"{'id': 109167, 'context': 0, 'bonus_lists': [6839]}"
1199703259,LONG,564700,100,,,{'id': 171829}
1199703261,LONG,597500,40,,,{'id': 173039}
1199703277,LONG,170400,3,,,{'id': 168215}
1199703278,LONG,200000,8,,,{'id': 182737}
1199703281,LONG,89300,1,,,{'id': 173859}
1199703285,LONG,,1,7979900,7573900,"{'id': 168807, 'context': 13, 'bonus_lists': [6827]}"
1199703288,LONG,1093700,33,,,{'id': 173204}
1199703304,LONG,,1,1986630000,1827699600,"{'id': 95416, 'context': 0, 'bonus_lists': [6883]}"
1199703307,LONG,,1,239802600,215822300,"{'id': 92747, 'context': 0}"
1199703311,LONG,170400,30,,,{'id': 172230}
1199703316,LONG,,1,12978200,11680400,"{'id': 168808, 'context': 13, 'bonus_lists': [6827]}"
1199703480,LONG,2000,182,,,{'id': 151567}
1199703512,LONG,6886700,1,,,{'id': 31882}
1199703536,LONG,2200,4,,,{'id': 74249}
1199703580,LONG,110000,113,,,{'id': 120257}
1199703612,LONG,50000,248,,,{'id': 168313}
1199703666,LONG,19100,17,,,{'id': 168311}
1199703699,LONG,9863200,24,,,{'id': 168653}
1199703718,LONG,40000,11,,,{'id': 154166}
1199703745,LONG,30000,20,,,{'id': 171263}
1199703763,LONG,5700000,9,,,{'id': 177962}
1199703778,LONG,1749700,2,,,{'id': 168446}
1199703791,LONG,8500000,3,,,{'id': 172370}
1199703860,LONG,,1,4200000,,"{'id': 45704, 'context': 3, 'modifiers': [{'type': 28, 'value': 1020}]}"
1199703932,LONG,53900,6,,,{'id': 168639}
1199703955,LONG,2000,2,,,{'id': 30809}
1199703967,LONG,2000000,1,,,{'id': 29739}
1199703997,LONG,9900,130,,,{'id': 158378}
1199705103,LONG,350500,7,,,{'id': 74247}
1199705137,LONG,16000,1,,,{'id': 23572}
1199705154,LONG,10000,1,,,{'id': 74250}
1199705167,LONG,20000,2,,,{'id': 30810}
1199705190,LONG,,1,404737800,,"{'id': 159939, 'context': 13, 'bonus_lists': [1709, 4928, 6873]}"
1199705192,LONG,,1,28734400,,"{'id': 115989, 'context': 13, 'bonus_lists': [166, 6883]}"
1199705196,LONG,,1,2008900,,"{'id': 45627, 'context': 0, 'bonus_lists': [6862]}"
1199705199,LONG,,1,2500000,,"{'id': 173141, 'context': 13, 'bonus_lists': [3354]}"
1199705203,LONG,,1,2500000,,"{'id': 173141, 'context': 13, 'bonus_lists': [3358]}"
1199705206,LONG,,1,2500000,,"{'id': 173141, 'context': 13, 'bonus_lists': [3354]}"
1199705209,LONG,,1,2500000,,"{'id': 173141, 'context': 13, 'bonus_lists': [3358]}"
1199705212,LONG,,1,2500000,,"{'id': 173141, 'context': 13, 'bonus_lists': [3358]}"
1199705215,LONG,,1,2500000,,"{'id': 173141, 'context': 13, 'bonus_lists': [3354]}"
1199705219,LONG,,1,2002600,,"{'id': 20961, 'context': 0, 'bonus_lists': [6866]}"
1199705221,LONG,,1,4151200,,"{'id': 173142, 'context': 13, 'bonus_lists': [3372]}"
1199705224,LONG,,1,4151200,,"{'id': 173142, 'context': 13, 'bonus_lists': [3378]}"
1199705231,LONG,,1,4151200,,"{'id': 173142, 'context': 13, 'bonus_lists': [3375]}"
1199705234,LONG,,1,4151200,,"{'id': 173142, 'context': 13, 'bonus_lists': [3374]}"
1199705239,LONG,,1,4151200,,"{'id': 173142, 'context': 13, 'bonus_lists': [3373]}"
1199705242,LONG,,1,11408700,,"{'id': 52316, 'context': 0, 'bonus_lists': [1693]}"
1199705244,LONG,,1,2010900,,"{'id': 20958, 'context': 0, 'bonus_lists': [6863]}"
1199705247,LONG,,1,2010900,,"{'id': 20958, 'context': 0, 'bonus_lists': [6863]}"
1199705248,LONG,,1,1100000,,"{'id': 82800, 'context': 0, 'modifiers': [{'type': 6, 'value': 73692}], 'pet_breed_id': 6, 'pet_level': 1, 'pet_quality_id': 3, 'pet_species_id': 1961}"
1199705251,LONG,13560600,1,,,{'id': 52175}
1199705253,LONG,,1,1100000,,"{'id': 82800, 'context': 0, 'modifiers': [{'type': 6, 'value': 73692}], 'pet_breed_id': 6, 'pet_level': 1, 'pet_quality_id': 3, 'pet_species_id': 1961}"
1199705254,LONG,,1,3786600,,"{'id': 52308, 'context': 0, 'bonus_lists': [1684, 6849]}"
1199705256,LONG,,1,5011700,,"{'id': 42336, 'context': 0, 'bonus_lists': [6849]}"
1199705259,LONG,,1,2126200,,"{'id': 20955, 'context': 0, 'bonus_lists': [6861]}"
1199705261,LONG,2499900,1,,,{'id': 76544}
1199705265,LONG,159700,5,,,{'id': 153714}
1199705267,LONG,,1,4440000,,"{'id': 173132, 'context': 13, 'modifiers': [{'type': 29, 'value': 40}]}"
1199705269,LONG,5749900,1,,,{'id': 76558}
1199705271,LONG,,1,4999700,,"{'id': 153689, 'context': 13, 'bonus_lists': [6827, 3377]}"
1199705275,LONG,,1,7566000,,"{'id': 173137, 'context': 13, 'bonus_lists': [3376]}"
1199705276,LONG,,1,7566000,,"{'id': 173137, 'context': 13, 'bonus_lists': [3377]}"
1199705286,LONG,,1,7566000,,"{'id': 173137, 'context': 13, 'bonus_lists': [3374]}"
1199705288,LONG,12391300,1,,,{'id': 52153}
1199705289,LONG,8999900,1,,,{'id': 76530}
1199705290,LONG,5749900,1,,,{'id': 76504}
1199705291,LONG,,1,5439400,,"{'id': 173138, 'context': 13, 'bonus_lists': [3346]}"
1199705296,LONG,,1,2065100,,"{'id': 20823, 'context': 0, 'bonus_lists': [6853]}"
1199705298,LONG,,1,2002900,,"{'id': 30421, 'context': 0, 'bonus_lists': [6874]}"
1199705299,LONG,,1,114999700,,"{'id': 83804, 'context': 0, 'bonus_lists': [6873]}"
1199705301,LONG,2999900,1,,,{'id': 89678}
1199705302,LONG,12998900,2,,,{'id': 52081}
1199705303,LONG,,1,3700000,,"{'id': 82800, 'context': 0, 'modifiers': [{'type': 6, 'value': 62466}], 'pet_breed_id': 10, 'pet_level': 1, 'pet_quality_id': 3, 'pet_species_id': 1633}"
1199705304,LONG,34553200,1,,,{'id': 76621}
1199705308,LONG,,1,29999700,,"{'id': 83798, 'context': 0}"
1199705310,LONG,2449900,1,,,{'id': 76553}
1199705311,LONG,2249900,1,,,{'id': 76555}
1199705315,LONG,,1,10406500,,"{'id': 83795, 'context': 0}"
1199705316,LONG,,1,1950000,,"{'id': 173131, 'context': 13, 'modifiers': [{'type': 29, 'value': 49}]}"
1199705319,LONG,,1,1950000,,"{'id': 173131, 'context': 13, 'modifiers': [{'type': 29, 'value': 32}]}"
1199705320,LONG,,1,23040800,,"{'id': 115987, 'context': 13, 'bonus_lists': [237, 6883]}"
1199705324,LONG,,1,23040800,,"{'id': 115987, 'context': 13, 'bonus_lists': [316, 6883]}"
1199705325,LONG,,1,12271800,,"{'id': 115992, 'context': 13, 'bonus_lists': [115, 6883]}"
1199705326,LONG,,1,2500000,,"{'id': 173143, 'context': 13, 'bonus_lists': [3347]}"
1199705328,LONG,,1,2112800,,"{'id': 21764, 'context': 0, 'bonus_lists': [6875]}"
1199705330,LONG,7499600,1,,,{'id': 52114}
1199705333,LONG,,1,2000400,,"{'id': 25439, 'context': 0, 'bonus_lists': [6847]}"
1199705335,LONG,12999700,1,,,{'id': 76682}
1199705337,LONG,,1,10523000,,"{'id': 173136, 'context': 13, 'bonus_lists': [3355]}"
1199705338,LONG,,1,1500000,,"{'id': 82800, 'context': 0, 'modifiers': [{'type': 6, 'value': 62216}], 'pet_breed_id': 20, 'pet_level': 1, 'pet_quality_id': 2, 'pet_species_id': 1711}"
1199705362,LONG,27500000,6,,,{'id': 168315}
1199705382,LONG,,1,57624000,,"{'id': 83801, 'context': 0}"
1199705391,LONG,,1,1929800,,"{'id': 29157, 'context': 0, 'bonus_lists': [6864]}"
1199705406,LONG,,1,25000000,,"{'id': 82800, 'context': 0, 'modifiers': [{'type': 6, 'value': 48664}], 'pet_breed_id': 6, 'pet_level': 1, 'pet_quality_id': 3, 'pet_species_id': 1233}"
1199705408,LONG,,1,25000000,,"{'id': 82800, 'context': 0, 'modifiers': [{'type': 6, 'value': 48664}], 'pet_breed_id': 4, 'pet_level': 1, 'pet_quality_id': 3, 'pet_species_id': 1233}"
1199705411,LONG,,1,979100,,"{'id': 115990, 'context': 13, 'bonus_lists': [132, 6883]}"
1199705412,LONG,,1,25000000,,"{'id': 82800, 'context': 0, 'modifiers': [{'type': 6, 'value': 48664}], 'pet_breed_id': 7, 'pet_level': 1, 'pet_quality_id': 3, 'pet_species_id': 1233}"
1199705425,LONG,4243400,1,,,{'id': 76612}
1199705436,LONG,2352900,1,,,{'id': 76566}
1199705454,LONG,,1,11990000,,"{'id': 82800, 'context': 0, 'modifiers': [{'type': 6, 'value': 90422}], 'pet_breed_id': 16, 'pet_level': 1, 'pet_quality_id': 2, 'pet_species_id': 2526}"
1199705466,LONG,88200,1,,,{'id': 76565}
1199705481,LONG,147200,1,,,{'id': 76551}
1199705494,LONG,,1,7300000,,"{'id': 82800, 'context': 0, 'modifiers': [{'type': 6, 'value': 71972}], 'pet_breed_id': 8, 'pet_level': 1, 'pet_quality_id': 3, 'pet_species_id': 2091}"
1199705497,LONG,,1,9863800,,"{'id': 82800, 'context': 0, 'modifiers': [{'type': 6, 'value': 86229}], 'pet_breed_id': 5, 'pet_level': 1, 'pet_quality_id': 2, 'pet_species_id': 2190}"
1199705499,LONG,960400,1,,,{'id': 76547}
1199705500,LONG,,1,78601300,,"{'id': 82800, 'context': 0, 'modifiers': [{'type': 6, 'value': 5187}], 'pet_breed_id': 4, 'pet_level': 1, 'pet_quality_id': 3, 'pet_species_id': 2545}"
1199705504,LONG,,1,14883200,,"{'id': 82800, 'context': 0, 'modifiers': [{'type': 6, 'value': 7937}], 'pet_breed_id': 11, 'pet_level': 1, 'pet_quality_id': 2, 'pet_species_id': 39}"
1199705511,LONG,,1,13018600,,"{'id': 82800, 'context': 0, 'modifiers': [{'type': 6, 'value': 48666}], 'pet_breed_id': 10, 'pet_level': 1, 'pet_quality_id': 3, 'pet_species_id': 1231}"
1199705516,LONG,,1,19999400,,"{'id': 82800, 'context': 0, 'modifiers': [{'type': 6, 'value': 62440}], 'pet_breed_id': 21, 'pet_level': 1, 'pet_quality_id': 3, 'pet_species_id': 1655}"
1199705519,LONG,,1,40944500,,"{'id': 82800, 'context': 0, 'modifiers': [{'type': 6, 'value': 90513}], 'pet_breed_id': 21, 'pet_level': 1, 'pet_quality_id': 3, 'pet_species_id': 2694}"
1199705521,LONG,735000,1,,,{'id': 76543}
1199705536,LONG,69200,1,,,{'id': 154129}
1199705540,LONG,,1,1950000,,"{'id': 82800, 'context': 0, 'modifiers': [{'type': 6, 'value': 46923}], 'pet_breed_id': 8, 'pet_level': 1, 'pet_quality_id': 3, 'pet_species_id': 1149}"
1199705543,LONG,,1,12993100,,"{'id': 82800, 'context': 0, 'modifiers': [{'type': 6, 'value': 9905}], 'pet_breed_id': 7, 'pet_level': 1, 'pet_quality_id': 3, 'pet_species_id': 286}"
1199705547,LONG,,1,16245900,,"{'id': 82800, 'context': 0, 'modifiers': [{'type': 6, 'value': 87862}], 'pet_breed_id': 19, 'pet_level': 1, 'pet_quality_id': 3, 'pet_species_id': 2432}"
1199705548,LONG,343000,4,,,{'id': 154126}
1199705549,LONG,,1,9500000,,"{'id': 82800, 'context': 0, 'modifiers': [{'type': 6, 'value': 61898}], 'pet_breed_id': 3, 'pet_level': 1, 'pet_quality_id': 3, 'pet_species_id': 1634}"
1199705560,LONG,54900,5,,,{'id': 153715}
1199705564,LONG,,1,22952500,,"{'id': 82800, 'context': 0, 'modifiers': [{'type': 6, 'value': 87890}], 'pet_breed_id': 3, 'pet_level': 1, 'pet_quality_id': 3, 'pet_species_id': 2435}"
1199705565,LONG,,1,30007000,,"{'id': 82800, 'context': 0, 'modifiers': [{'type': 6, 'value': 81665}], 'pet_breed_id': 11, 'pet_level': 1, 'pet_quality_id': 3, 'pet_species_id': 2546}"
1199705568,LONG,45000,537,,,{'id': 111557}
1199705572,LONG,,1,44999900,,"{'id': 82800, 'context': 0, 'modifiers': [{'type': 6, 'value': 46896}], 'pet_breed_id': 9, 'pet_level': 1, 'pet_quality_id': 3, 'pet_species_id': 1144}"
1199705573,LONG,29400,2,,,{'id': 153712}
1199705576,LONG,,1,6500000,,"{'id': 82800, 'context': 0, 'modifiers': [{'type': 6, 'value': 46898}], 'pet_breed_id': 18, 'pet_level': 1, 'pet_quality_id': 3, 'pet_species_id': 1143}"
1199705577,LONG,,1,47500000,,"{'id': 82800, 'context': 0, 'modifiers': [{'type': 6, 'value': 88025}], 'pet_breed_id': 5, 'pet_level': 1, 'pet_quality_id': 3, 'pet_species_id': 2462}"
1199705579,LONG,,1,19994500,,"{'id': 82800, 'context': 0, 'modifiers': [{'type': 6, 'value': 46909}], 'pet_breed_id': 18, 'pet_level': 1, 'pet_quality_id': 3, 'pet_species_id': 1156}"
1199705583,LONG,,1,18193700,,"{'id': 82800, 'context': 0, 'modifiers': [{'type': 6, 'value': 45190}], 'pet_breed_id': 19, 'pet_level': 1, 'pet_quality_id': 3, 'pet_species_id': 2469}"
1199705585,LONG,,1,8998100,,"{'id': 82800, 'context': 0, 'modifiers': [{'type': 6, 'value': 90173}], 'pet_breed_id': 11, 'pet_level': 1, 'pet_quality_id': 3, 'pet_species_id': 2552}"
1199705586,LONG,,1,30000000,,"{'id': 82800, 'context': 0, 'modifiers': [{'type': 6, 'value': 90140}], 'pet_breed_id': 16, 'pet_level': 1, 'pet_quality_id': 3, 'pet_species_id': 2548}"
1199705589,LONG,,1,237500000,,"{'id': 126925, 'context': 14}"
1199705591,LONG,,1,79950000,,"{'id': 82800, 'context': 0, 'modifiers': [{'type': 6, 'value': 23000}], 'pet_breed_id': 7, 'pet_level': 1, 'pet_quality_id': 3, 'pet_species_id': 2547}"
1199705595,LONG,,1,48599800,,"{'id': 67275, 'context': 0}"
1199705599,LONG,,1,64989600,,"{'id': 82800, 'context': 0, 'modifiers': [{'type': 6, 'value': 88019}], 'pet_breed_id': 21, 'pet_level': 1, 'pet_quality_id': 3, 'pet_species_id': 2696}"
1199705600,LONG,,1,1929800,,"{'id': 29157, 'context': 0, 'bonus_lists': [6864]}"
1199705603,LONG,,1,55000000,,"{'id': 82800, 'context': 0, 'modifiers': [{'type': 6, 'value': 80954}], 'pet_breed_id': 18, 'pet_level': 1, 'pet_quality_id': 3, 'pet_species_id': 2567}"
1199705606,LONG,,1,13248500,,"{'id': 82800, 'context': 0, 'modifiers': [{'type': 6, 'value': 90181}], 'pet_breed_id': 17, 'pet_level': 1, 'pet_quality_id': 3, 'pet_species_id': 2557}"
1199705615,LONG,,1,30000000,,"{'id': 82800, 'context': 0, 'modifiers': [{'type': 6, 'value': 87871}], 'pet_breed_id': 6, 'pet_level': 1, 'pet_quality_id': 3, 'pet_species_id': 2434}"
1199705618,LONG,,1,16999800,,"{'id': 82800, 'context': 0, 'modifiers': [{'type': 6, 'value': 48857}], 'pet_breed_id': 7, 'pet_level': 1, 'pet_quality_id': 3, 'pet_species_id': 1227}"
1199705620,LONG,,1,12600000,,"{'id': 82800, 'context': 0, 'modifiers': [{'type': 6, 'value': 88002}], 'pet_breed_id': 9, 'pet_level': 1, 'pet_quality_id': 3, 'pet_species_id': 2448}"
1199705621,LONG,,1,75641400,,"{'id': 82800, 'context': 0, 'modifiers': [{'type': 6, 'value': 88873}], 'pet_breed_id': 12, 'pet_level': 1, 'pet_quality_id': 3, 'pet_species_id': 2680}"
1199705628,LONG,,1,1634000,,"{'id': 82800, 'context': 0, 'modifiers': [{'type': 6, 'value': 63446}], 'pet_breed_id': 14, 'pet_level': 1, 'pet_quality_id': 3, 'pet_species_id': 1662}"
1199705631,LONG,,1,15999900,,"{'id': 82800, 'context': 0, 'modifiers': [{'type': 6, 'value': 90230}], 'pet_breed_id': 17, 'pet_level': 1, 'pet_quality_id': 3, 'pet_species_id': 2563}"
1199705636,LONG,,1,4507700,,"{'id': 82800, 'context': 0, 'modifiers': [{'type': 6, 'value': 71826}], 'pet_breed_id': 18, 'pet_level': 1, 'pet_quality_id': 3, 'pet_species_id': 1922}"
1199705644,LONG,199800,100,,,{'id': 113263}
1199705648,LONG,,1,29999800,,"{'id': 82800, 'context': 0, 'modifiers': [{'type': 6, 'value': 39109}], 'pet_breed_id': 13, 'pet_level': 1, 'pet_quality_id': 2, 'pet_species_id': 340}"
1199705652,LONG,,1,17290000,,"{'id': 82800, 'context': 0, 'modifiers': [{'type': 6, 'value': 59352}], 'pet_breed_id': 17, 'pet_level': 1, 'pet_quality_id': 3, 'pet_species_id': 1524}"
1199705671,LONG,,1,14252300,,"{'id': 82800, 'context': 0, 'modifiers': [{'type': 6, 'value': 65071}], 'pet_breed_id': 7, 'pet_level': 1, 'pet_quality_id': 3, 'pet_species_id': 1705}"
1199705679,LONG,,1,30008900,,"{'id': 82800, 'context': 0, 'modifiers': [{'type': 6, 'value': 94706}], 'pet_breed_id': 6, 'pet_level': 1, 'pet_quality_id': 3, 'pet_species_id': 2833}"
1199705872,LONG,100000,35,,,{'id': 20859}
1199705901,LONG,2500000,28,,,{'id': 20858}
1199705919,LONG,102600,28,,,{'id': 20861}
1199705929,LONG,2500000,28,,,{'id': 20865}
1199705939,LONG,9100,4,,,{'id': 20872}
1199705945,LONG,9100,5,,,{'id': 20878}
1199705958,LONG,9100,1,,,{'id': 20882}
1199705975,LONG,9100,1,,,{'id': 20881}
1199705999,LONG,9100,1,,,{'id': 20873}
1199706020,LONG,9100,1,,,{'id': 20870}
1199706048,LONG,9100,3,,,{'id': 20879}
1199706082,LONG,356100,33,,,{'id': 20860}
1199707107,LONG,4600,29,,,{'id': 20863}
1199707132,LONG,2500000,33,,,{'id': 20862}
1199707134,LONG,5270300,2,,,{'id': 153662}
1199707163,LONG,4600,38,,,{'id': 20864}
1199707207,LONG,,1,10400800,,"{'id': 82800, 'context': 0, 'modifiers': [{'type': 6, 'value': 62217}], 'pet_breed_id': 18, 'pet_level': 1, 'pet_quality_id': 2, 'pet_species_id': 194}"
1199707348,LONG,27300,1,,,{'id': 172054}
1199707393,LONG,999800,2,,,{'id': 172053}
1199707444,LONG,31800,1,,,{'id': 179315}
1199707642,LONG,47500,36,,,{'id': 52718}
1199707665,LONG,,1,6994800,,"{'id': 177793, 'context': 4, 'bonus_lists': [6907, 6652, 1704], 'modifiers': [{'type': 9, 'value': 60}, {'type': 28, 'value': 750}]}"
1199707683,LONG,,1,45000000,,"{'id': 176965, 'context': 0, 'bonus_lists': [6907, 6652, 1698], 'modifiers': [{'type': 9, 'value': 60}, {'type': 28, 'value': 1707}]}"
1199707691,LONG,1086800,1,,,{'id': 43119}
1199707693,LONG,,1,24999800,,"{'id': 173215, 'context': 0, 'bonus_lists': [6893], 'modifiers': [{'type': 9, 'value': 60}, {'type': 28, 'value': 391}, {'type': 29, 'value': 36}, {'type': 30, 'value': 40}]}"
1199707702,LONG,,1,24999800,,"{'id': 173215, 'context': 0, 'bonus_lists': [6893], 'modifiers': [{'type': 9, 'value': 60}, {'type': 28, 'value': 391}, {'type': 29, 'value': 40}, {'type': 30, 'value': 36}]}"
1199707711,LONG,,1,140000000,,"{'id': 173245, 'context': 65, 'bonus_lists': [6718, 7193, 1522]}"
1199707714,LONG,,1,140000000,,"{'id': 173245, 'context': 65, 'bonus_lists': [6718, 7193, 1522]}"
1199707718,LONG,,1,140000000,,"{'id': 173245, 'context': 65, 'bonus_lists': [6718, 7194, 1522]}"
1199707719,LONG,,1,140000000,,"{'id': 173245, 'context': 65, 'bonus_lists': [6718, 7194, 1522]}"
1199707721,LONG,,1,140000000,,"{'id': 173245, 'context': 65, 'bonus_lists': [6718, 7194, 1522]}"
1199707724,LONG,,1,140000000,,"{'id': 173245, 'context': 65, 'bonus_lists': [6718, 7194, 1522]}"
1199707727,LONG,,1,140000000,,"{'id': 173245, 'context': 65, 'bonus_lists': [6718, 7194, 1522]}"
1199707729,LONG,,1,140000000,,"{'id': 173245, 'context': 65, 'bonus_lists': [6718, 7193, 1522]}"
1199707733,LONG,,1,140000000,,"{'id': 173245, 'context': 65, 'bonus_lists': [6718, 7193, 1522]}"
1199707736,LONG,,1,140000000,,"{'id': 173245, 'context': 65, 'bonus_lists': [6718, 7193, 1522]}"
1199707740,LONG,,1,140000000,,"{'id': 173245, 'context': 65, 'bonus_lists': [6718, 7194, 1522]}"
1199707747,LONG,249800,5,,,{'id': 173035}
1199707772,LONG,78600,4,,,{'id': 173110}
1199707850,LONG,27300,5,,,{'id': 172054}
1199707861,LONG,31800,5,,,{'id': 179315}
1199707897,LONG,299900,8,,,{'id': 168586}
1199707933,LONG,999800,3,,,{'id': 172053}
1199710684,LONG,78600,2,,,{'id': 173110}
1199712998,LONG,28700,2,,,{'id': 10938}
1199713618,LONG,1490000,1,,,{'id': 173102}
1199713644,LONG,11025900,1,,,{'id': 173094}
1199713682,LONG,10000000,1,,,{'id': 173093}
1199713693,LONG,3960000,1,,,{'id': 173104}
1199713804,LONG,,1,1381100,,"{'id': 173146, 'context': 13, 'modifiers': [{'type': 29, 'value': 40}]}"
1199713817,LONG,,1,1381100,,"{'id': 173146, 'context': 13, 'modifiers': [{'type': 29, 'value': 49}]}"
1199713825,LONG,,1,1381100,,"{'id': 173146, 'context': 13, 'modifiers': [{'type': 29, 'value': 49}]}"
1199713831,LONG,,1,1381100,,"{'id': 173146, 'context': 13, 'modifiers': [{'type': 29, 'value': 40}]}"
1199713838,LONG,,1,265000,,"{'id': 20818, 'context': 0, 'bonus_lists': [6851]}"
1199713933,LONG,10700,7,,,{'id': 14344}
1199714087,LONG,10000,7,,,{'id': 172048}
1199716495,LONG,,1,2500000,,"{'id': 171444, 'context': 13, 'bonus_lists': [6893], 'modifiers': [{'type': 9, 'value': 60}, {'type': 28, 'value': 391}, {'type': 29, 'value': 36}, {'type': 30, 'value': 49}]}"
1199716498,LONG,,1,2500000,,"{'id': 171444, 'context': 13, 'bonus_lists': [6893], 'modifiers': [{'type': 9, 'value': 60}, {'type': 28, 'value': 391}, {'type': 29, 'value': 49}, {'type': 30, 'value': 40}]}"
1199716499,LONG,,1,2500000,,"{'id': 171444, 'context': 13, 'bonus_lists': [6893], 'modifiers': [{'type': 9, 'value': 60}, {'type': 28, 'value': 391}, {'type': 29, 'value': 49}, {'type': 30, 'value': 32}]}"
1199716501,LONG,,1,2500000,,"{'id': 171444, 'context': 13, 'bonus_lists': [6893], 'modifiers': [{'type': 9, 'value': 60}, {'type': 28, 'value': 391}, {'type': 29, 'value': 49}, {'type': 30, 'value': 32}]}"
1199716756,LONG,70000,23,,,{'id': 138967}
1199716776,LONG,,1,16167300,,"{'id': 25124, 'context': 22, 'bonus_lists': [6655, 1680], 'modifiers': [{'type': 9, 'value': 30}, {'type': 28, 'value': 1071}]}"
1199716783,LONG,,1,10000000,,"{'id': 121020, 'context': 0, 'bonus_lists': [6654, 1718], 'modifiers': [{'type': 9, 'value': 45}, {'type': 28, 'value': 331}]}"
1199716790,LONG,,1,19330200,,"{'id': 121238, 'context': 0, 'bonus_lists': [6654, 1678], 'modifiers': [{'type': 9, 'value': 45}, {'type': 28, 'value': 620}]}"
1199716802,LONG,3930000000,49,,,{'id': 74859}
1199716809,LONG,,1,500000,,"{'id': 25022, 'context': 3, 'bonus_lists': [6654, 1693], 'modifiers': [{'type': 9, 'value': 30}, {'type': 28, 'value': 1014}]}"
1199716824,LONG,,1,558100,,"{'id': 25023, 'context': 3, 'bonus_lists': [6654, 1707], 'modifiers': [{'type': 9, 'value': 30}, {'type': 28, 'value': 1014}]}"
1199716841,LONG,,1,152100,,"{'id': 24912, 'context': 3, 'bonus_lists': [6654, 1707], 'modifiers': [{'type': 9, 'value': 30}, {'type': 28, 'value': 1014}]}"
1199716867,LONG,,1,800000,,"{'id': 176778, 'context': 0, 'bonus_lists': [6907, 6652, 1717], 'modifiers': [{'type': 9, 'value': 60}, {'type': 28, 'value': 1707}]}"
1199716871,LONG,,1,800000,,"{'id': 176778, 'context': 1, 'bonus_lists': [6907, 6652, 1714], 'modifiers': [{'type': 9, 'value': 60}, {'type': 28, 'value': 747}]}"
1199716879,LONG,,1,4467000,,"{'id': 177798, 'context': 0, 'bonus_lists': [6907, 40, 1683], 'modifiers': [{'type': 9, 'value': 60}, {'type': 28, 'value': 1707}]}"
1199716906,LONG,,1,1009000,,"{'id': 24980, 'context': 22, 'bonus_lists': [6654, 1681], 'modifiers': [{'type': 9, 'value': 30}, {'type': 28, 'value': 1066}]}"
1199716927,LONG,,1,5675900,,"{'id': 177779, 'context': 0, 'bonus_lists': [6907, 6652, 7193, 1714], 'modifiers': [{'type': 9, 'value': 59}, {'type': 28, 'value': 746}]}"
1199716943,LONG,,1,421300,,"{'id': 24775, 'context': 22, 'bonus_lists': [6654, 1706], 'modifiers': [{'type': 9, 'value': 30}, {'type': 28, 'value': 1079}]}"
1199716957,LONG,29200,3,,,{'id': 127835}
1199716968,LONG,,1,41616600,,"{'id': 121023, 'context': 0, 'bonus_lists': [6654, 1699], 'modifiers': [{'type': 9, 'value': 45}, {'type': 28, 'value': 331}]}"
1199716971,LONG,,1,241900,,"{'id': 25306, 'context': 3, 'bonus_lists': [6655, 1695], 'modifiers': [{'type': 9, 'value': 30}, {'type': 28, 'value': 1014}]}"
1199716979,LONG,,1,355900,,"{'id': 24664, 'context': 3, 'bonus_lists': [6654, 1706], 'modifiers': [{'type': 9, 'value': 30}, {'type': 28, 'value': 1014}]}"
1199716990,LONG,,1,3886900,,"{'id': 25082, 'context': 3, 'bonus_lists': [6655, 1706], 'modifiers': [{'type': 9, 'value': 30}, {'type': 28, 'value': 1014}]}"
1199717015,LONG,,1,241900,,"{'id': 25306, 'context': 3, 'bonus_lists': [6655, 1692], 'modifiers': [{'type': 9, 'value': 30}, {'type': 28, 'value': 1014}]}"
1199717032,LONG,,1,19300,,"{'id': 24892, 'context': 3, 'bonus_lists': [6654, 1678], 'modifiers': [{'type': 9, 'value': 30}, {'type': 28, 'value': 1014}]}"
1199717052,LONG,,1,14471600,,"{'id': 121051, 'context': 0, 'bonus_lists': [6654, 1713], 'modifiers': [{'type': 9, 'value': 45}, {'type': 28, 'value': 331}]}"
1199717072,LONG,,1,499900,,"{'id': 24667, 'context': 3, 'bonus_lists': [6654, 1678], 'modifiers': [{'type': 9, 'value': 30}, {'type': 28, 'value': 1014}]}"
1199717082,LONG,,1,1250200,,"{'id': 24691, 'context': 3, 'bonus_lists': [6654, 1707], 'modifiers': [{'type': 9, 'value': 30}, {'type': 28, 'value': 1014}]}"
1199717096,LONG,,1,307200,,"{'id': 24638, 'context': 22, 'bonus_lists': [6654, 1709], 'modifiers': [{'type': 9, 'value': 30}, {'type': 28, 'value': 1071}]}"
1199718108,LONG,,1,399900,,"{'id': 176975, 'context': 0, 'bonus_lists': [6907, 6652, 7194, 1712], 'modifiers': [{'type': 9, 'value': 60}, {'type': 28, 'value': 1707}]}"
1199718120,LONG,,1,5000000,,"{'id': 24661, 'context': 22, 'bonus_lists': [6654, 1678], 'modifiers': [{'type': 9, 'value': 30}, {'type': 28, 'value': 1070}]}"
1199718131,LONG,30000,18,,,{'id': 174350}
1199718152,LONG,59800,5,,,{'id': 72988}
1199718170,LONG,,1,19330200,,"{'id': 121238, 'context': 0, 'bonus_lists': [6654, 1808, 1698], 'modifiers': [{'type': 9, 'value': 45}, {'type': 28, 'value': 620}]}"
1199718183,LONG,,1,3500100,,"{'id': 180793, 'context': 2, 'bonus_lists': [6908, 6652, 1706], 'modifiers': [{'type': 9, 'value': 60}, {'type': 28, 'value': 748}]}"
1199718195,LONG,,1,752000,,"{'id': 180794, 'context': 0, 'bonus_lists': [6908, 6652, 1690], 'modifiers': [{'type': 9, 'value': 60}, {'type': 28, 'value': 1707}]}"
1199718210,LONG,,1,1003600,,"{'id': 175560, 'context': 2, 'bonus_lists': [6907, 1685], 'modifiers': [{'type': 9, 'value': 60}, {'type': 28, 'value': 748}]}"
1199718232,LONG,,1,5675900,,"{'id': 177779, 'context': 2, 'bonus_lists': [6907, 6652, 7193, 1680], 'modifiers': [{'type': 9, 'value': 60}, {'type': 28, 'value': 748}]}"
1199718253,LONG,,1,4591200,,"{'id': 25027, 'context': 3, 'bonus_lists': [6654, 1706], 'modifiers': [{'type': 9, 'value': 30}, {'type': 28, 'value': 1014}]}"
1199718267,LONG,,1,255801700,,"{'id': 114809, 'context': 13, 'bonus_lists': [237, 525, 537, 6844]}"
1199718268,LONG,,1,500000,,"{'id': 24802, 'context': 3, 'bonus_lists': [6654, 1677], 'modifiers': [{'type': 9, 'value': 30}, {'type': 28, 'value': 1014}]}"
1199718282,LONG,,1,330000000,,"{'id': 3310, 'context': 28, 'bonus_lists': [3831], 'modifiers': [{'type': 9, 'value': 11}]}"
1199718297,LONG,,1,6450000,,"{'id': 82800, 'context': 0, 'pet_breed_id': 13, 'pet_level': 1, 'pet_quality_id': 3, 'pet_species_id': 1628}"
1199718309,LONG,,1,25005300,,"{'id': 144406, 'context': 6, 'bonus_lists': [3445, 1472, 3528]}"
1199718498,LONG,,1,1502500,,"{'id': 36693, 'context': 0, 'bonus_lists': [6655, 1706], 'modifiers': [{'type': 9, 'value': 30}, {'type': 28, 'value': 1023}]}"
1199718535,LONG,,1,7005800,,"{'id': 24666, 'context': 0, 'bonus_lists': [6654, 1677], 'modifiers': [{'type': 9, 'value': 30}, {'type': 28, 'value': 1008}]}"
1199718565,LONG,,1,13107500,,"{'id': 36525, 'context': 0, 'bonus_lists': [6655, 1695], 'modifiers': [{'type': 9, 'value': 30}, {'type': 28, 'value': 1023}]}"
1199718590,LONG,,1,9000600,,"{'id': 176976, 'context': 1, 'bonus_lists': [6907, 41, 7194, 1691], 'modifiers': [{'type': 9, 'value': 60}, {'type': 28, 'value': 747}]}"
1199718641,LONG,,1,1057500,,"{'id': 25287, 'context': 22, 'bonus_lists': [6655, 1708], 'modifiers': [{'type': 9, 'value': 30}, {'type': 28, 'value': 1066}]}"
1199718647,LONG,,1,8009400,,"{'id': 121239, 'context': 0, 'bonus_lists': [6654, 1709], 'modifiers': [{'type': 9, 'value': 45}, {'type': 28, 'value': 621}]}"
1199718703,LONG,,1,1207500,,"{'id': 36376, 'context': 0, 'bonus_lists': [6654, 1695], 'modifiers': [{'type': 9, 'value': 30}, {'type': 28, 'value': 1023}]}"
1199718721,LONG,,1,1001100,,"{'id': 177783, 'context': 1, 'bonus_lists': [6907, 41, 7193, 1695], 'modifiers': [{'type': 9, 'value': 60}, {'type': 28, 'value': 747}]}"
1199718792,LONG,,1,10007100,,"{'id': 121272, 'context': 0, 'bonus_lists': [6654, 1717], 'modifiers': [{'type': 9, 'value': 45}, {'type': 28, 'value': 621}]}"
1199718793,LONG,,1,2257500,,"{'id': 25007, 'context': 22, 'bonus_lists': [6654, 1708], 'modifiers': [{'type': 9, 'value': 30}, {'type': 28, 'value': 1075}]}"
1199718893,LONG,524900,94,,,{'id': 173036}
1199718913,LONG,,1,3706200,,"{'id': 176763, 'context': 0, 'bonus_lists': [6907, 6652, 1703], 'modifiers': [{'type': 9, 'value': 60}, {'type': 28, 'value': 2060}]}"
1199718990,LONG,,1,7008900,,"{'id': 121243, 'context': 0, 'bonus_lists': [6654, 1706], 'modifiers': [{'type': 9, 'value': 45}, {'type': 28, 'value': 335}]}"
1199719039,LONG,,1,7008200,,"{'id': 121169, 'context': 0, 'bonus_lists': [6654, 43, 1681], 'modifiers': [{'type': 9, 'value': 45}, {'type': 28, 'value': 626}]}"
1199719084,LONG,,1,384400,,"{'id': 24913, 'context': 3, 'bonus_lists': [6654, 1678], 'modifiers': [{'type': 9, 'value': 30}, {'type': 28, 'value': 1014}]}"
1199719093,LONG,,1,1250200,,"{'id': 24691, 'context': 3, 'bonus_lists': [6654, 1695], 'modifiers': [{'type': 9, 'value': 30}, {'type': 28, 'value': 1014}]}"
1199720102,LONG,,1,1006300,,"{'id': 179329, 'context': 0, 'bonus_lists': [6908, 40, 1698], 'modifiers': [{'type': 9, 'value': 60}, {'type': 28, 'value': 1707}]}"
1199720110,LONG,,1,8007200,,"{'id': 121269, 'context': 0, 'bonus_lists': [6654, 1717], 'modifiers': [{'type': 9, 'value': 45}, {'type': 28, 'value': 621}]}"
1199720109,LONG,,1,306000,,"{'id': 25309, 'context': 3, 'bonus_lists': [6655, 1692], 'modifiers': [{'type': 9, 'value': 30}, {'type': 28, 'value': 1014}]}"
1199720123,LONG,,1,306000,,"{'id': 25309, 'context': 3, 'bonus_lists': [6655, 1706], 'modifiers': [{'type': 9, 'value': 30}, {'type': 28, 'value': 1014}]}"
1199720153,LONG,,1,892000,,"{'id': 178944, 'context': 0, 'bonus_lists': [6908, 6652, 1683], 'modifiers': [{'type': 9, 'value': 60}, {'type': 28, 'value': 1707}]}"
1199720158,LONG,,1,892000,,"{'id': 178944, 'context': 0, 'bonus_lists': [6908, 6652, 1689], 'modifiers': [{'type': 9, 'value': 60}, {'type': 28, 'value': 1707}]}"
1199720185,LONG,,1,2000000,,"{'id': 24890, 'context': 22, 'bonus_lists': [6654, 1691], 'modifiers': [{'type': 9, 'value': 30}, {'type': 28, 'value': 1075}]}"
1199720186,LONG,,1,19899900,,"{'id': 90900, 'context': 0}"
1199720224,LONG,19000,6,,,{'id': 154898}
1199720236,LONG,,1,500000,,"{'id': 178950, 'context': 0, 'bonus_lists': [6908, 6652, 1684], 'modifiers': [{'type': 9, 'value': 53}, {'type': 28, 'value': 1707}]}"
1199720258,LONG,,1,7916300,,"{'id': 24767, 'context': 22, 'bonus_lists': [6654, 1692], 'modifiers': [{'type': 9, 'value': 30}, {'type': 28, 'value': 1079}]}"
1199720300,LONG,,1,990000,,"{'id': 176803, 'context': 0, 'bonus_lists': [6908, 6652, 1717], 'modifiers': [{'type': 9, 'value': 60}, {'type': 28, 'value': 2060}]}"
1199720307,LONG,,1,8920000,,"{'id': 176787, 'context': 0, 'bonus_lists': [6907, 6652, 7194, 1702], 'modifiers': [{'type': 9, 'value': 60}, {'type': 28, 'value': 1707}]}"
1199720318,LONG,,1,1506100,,"{'id': 24688, 'context': 3, 'bonus_lists': [6654, 1678], 'modifiers': [{'type': 9, 'value': 30}, {'type': 28, 'value': 1014}]}"
1199720328,LONG,,1,1009800,,"{'id': 25026, 'context': 3, 'bonus_lists': [6654, 1681], 'modifiers': [{'type': 9, 'value': 30}, {'type': 28, 'value': 1014}]}"
1199720330,LONG,,1,2890000,,"{'id': 180865, 'context': 0, 'bonus_lists': [6908, 6652], 'modifiers': [{'type': 9, 'value': 60}, {'type': 28, 'value': 2060}]}"
1199720333,LONG,,1,499900,,"{'id': 24690, 'context': 3, 'bonus_lists': [6654, 1691], 'modifiers': [{'type': 9, 'value': 30}, {'type': 28, 'value': 1014}]}"
1199720344,LONG,,1,900000000,,"{'id': 23542, 'context': 0}"
1199720353,LONG,,1,1003600,,"{'id': 24917, 'context': 3, 'bonus_lists': [6654, 1679], 'modifiers': [{'type': 9, 'value': 30}, {'type': 28, 'value': 1014}]}"
1199720362,LONG,,1,752000,,"{'id': 180794, 'context': 0, 'bonus_lists': [6908, 6652, 1681], 'modifiers': [{'type': 9, 'value': 60}, {'type': 28, 'value': 1707}]}"
1199720376,LONG,,1,1099900,,"{'id': 179333, 'context': 0, 'bonus_lists': [6908, 6652, 1707], 'modifiers': [{'type': 9, 'value': 60}, {'type': 28, 'value': 2060}]}"
1199720385,LONG,,1,500000,,"{'id': 24663, 'context': 3, 'bonus_lists': [6654, 1680], 'modifiers': [{'type': 9, 'value': 30}, {'type': 28, 'value': 1014}]}"
1199720390,LONG,,1,550000000,,"{'id': 32404, 'context': 0}"
1199720400,LONG,,1,61589900,,"{'id': 82047, 'context': 22, 'bonus_lists': [6655, 1712], 'modifiers': [{'type': 9, 'value': 35}, {'type': 28, 'value': 1127}]}"
1199720412,LONG,30000,5,,,{'id': 72093}
1199720423,LONG,,1,152100,,"{'id': 24912, 'context': 3, 'bonus_lists': [6654, 1679], 'modifiers': [{'type': 9, 'value': 30}, {'type': 28, 'value': 1014}]}"
1199720426,LONG,249800,86,,,{'id': 173035}
1199720432,LONG,,1,5009800,,"{'id': 176972, 'context': 0, 'bonus_lists': [6907, 6652, 1682], 'modifiers': [{'type': 9, 'value': 60}, {'type': 28, 'value': 2060}]}"
1199720440,LONG,,1,500000,,"{'id': 24802, 'context': 3, 'bonus_lists': [6654, 1694], 'modifiers': [{'type': 9, 'value': 30}, {'type': 28, 'value': 1014}]}"
1199720441,LONG,389900,109,,,{'id': 173033}
1199720465,LONG,,1,1500000000,,"{'id': 50379, 'context': 0, 'modifiers': [{'type': 28, 'value': 1087}]}"
1199720526,LONG,7500,200,,,{'id': 173032}
1199720659,LONG,20000000,304,,,{'id': 12363}
1199720874,LONG,,1,1000000000,,"{'id': 23541, 'context': 0}"
1199720926,LONG,560000,55,,,{'id': 173034}
1199721028,LONG,24900,29,,,{'id': 172054}
1199723233,LONG,,1,758332800,,"{'id': 14562, 'context': 26, 'bonus_lists': [3829], 'modifiers': [{'type': 9, 'value': 7}]}"
1199723294,LONG,,1,758332800,,"{'id': 14562, 'context': 54, 'bonus_lists': [4277], 'modifiers': [{'type': 9, 'value': 50}]}"
1199723329,LONG,10000000,2,,,{'id': 171276}
1199723350,LONG,80000,7,,,{'id': 21881}
1199723551,LONG,,1,33000000,,"{'id': 93551, 'context': 0, 'bonus_lists': [6880]}"
1199723604,LONG,,1,40000000,,"{'id': 93503, 'context': 0, 'bonus_lists': [6876]}"
1199723638,LONG,,1,205779700,,"{'id': 86314, 'context': 0, 'bonus_lists': [6866]}"
1199723674,LONG,,1,32498800,,"{'id': 93615, 'context': 0, 'bonus_lists': [6878]}"
1199724049,LONG,500000,1,,,{'id': 170554}
1199724236,LONG,204200,13,,,{'id': 152561}
1199724280,LONG,660000,10,,,{'id': 184090}
1199724398,LONG,389900,5,,,{'id': 173033}
1199724448,LONG,2000,3,,,{'id': 151567}
1199724596,LONG,24900,10,,,{'id': 172054}
1199724626,LONG,10000000,3,,,{'id': 171276}
1199724627,LONG,849800,9,,,{'id': 172053}
1199724928,LONG,,1,1000000,,"{'id': 177770, 'context': 0, 'bonus_lists': [6907, 6652, 7193, 1714], 'modifiers': [{'type': 9, 'value': 60}, {'type': 28, 'value': 1707}]}"
1199724969,LONG,3427900,5,,,{'id': 171352}
1199727179,LONG,580000,1,,,{'id': 87277}
1199727183,LONG,,1,99999200,,"{'id': 79334, 'context': 0, 'bonus_lists': [6873]}"
1199727185,LONG,,1,99999200,,"{'id': 79334, 'context': 0, 'bonus_lists': [6873]}"
1199727194,LONG,,1,249999300,,"{'id': 79335, 'context': 0, 'bonus_lists': [6873]}"
1199727197,LONG,,1,249999300,,"{'id': 79335, 'context': 0, 'bonus_lists': [6873]}"
1199727204,LONG,450000,2,,,{'id': 43350}
1199727205,LONG,20000100,1,,,{'id': 87648}
1199727211,LONG,1900000,1,,,{'id': 104108}
1199727214,LONG,20076200,2,,,{'id': 87647}
1199727217,LONG,,1,46999900,,"{'id': 118603, 'context': 0, 'bonus_lists': [37, 6873]}"
1199727230,LONG,,1,2000000,,"{'id': 179332, 'context': 0, 'bonus_lists': [6908, 42, 1692], 'modifiers': [{'type': 9, 'value': 60}, {'type': 28, 'value': 2060}]}"
1199727257,LONG,3708100,1,,,{'id': 79251}
1199727271,LONG,,1,1200000,,"{'id': 177806, 'context': 4, 'bonus_lists': [6908, 6652, 1678], 'modifiers': [{'type': 9, 'value': 60}, {'type': 28, 'value': 750}]}"
1199727287,LONG,94200,1,,,{'id': 22787}
1199727315,LONG,4300,5,,,{'id': 173043}
1199727341,LONG,,1,1174500,,"{'id': 71635, 'context': 0}"
1199727452,LONG,,1,1352300,,"{'id': 36693, 'context': 0, 'bonus_lists': [6655, 1680], 'modifiers': [{'type': 9, 'value': 50}, {'type': 28, 'value': 1401}]}"
1199727467,LONG,,1,1022700,,"{'id': 36665, 'context': 0, 'bonus_lists': [6655, 1680], 'modifiers': [{'type': 9, 'value': 50}, {'type': 28, 'value': 1401}]}"
1199727475,LONG,,1,324000,,"{'id': 36266, 'context': 0, 'bonus_lists': [6654, 1679], 'modifiers': [{'type': 9, 'value': 50}, {'type': 28, 'value': 1401}]}"
1199729536,LONG,30000,21,,,{'id': 171263}
1199729547,LONG,1640000,1,,,{'id': 171833}
1199729628,LONG,54000,5,,,{'id': 171370}
1199729666,LONG,45600,10,,,{'id': 183823}
1199729780,LONG,110000,40,,,{'id': 120257}
1199729821,LONG,24800,560,,,{'id': 168185}
1199729832,LONG,700,11,,,{'id': 154899}
1199729845,LONG,34900,523,,,{'id': 152579}
1199729850,LONG,,1,1064700,,"{'id': 82245, 'context': 6, 'bonus_lists': [6654, 1708], 'modifiers': [{'type': 9, 'value': 35}, {'type': 28, 'value': 2012}]}"
1199729855,LONG,,1,5650000,,"{'id': 180864, 'context': 0, 'bonus_lists': [6908, 6652], 'modifiers': [{'type': 9, 'value': 60}, {'type': 28, 'value': 2060}]}"
1199729858,LONG,17500,427,,,{'id': 152513}
1199729861,LONG,,1,4000500,,"{'id': 177788, 'context': 0, 'bonus_lists': [6907, 6652, 7194, 1717], 'modifiers': [{'type': 9, 'value': 60}, {'type': 28, 'value': 1707}]}"
1199729871,LONG,,1,2890000,,"{'id': 176982, 'context': 0, 'bonus_lists': [6907, 41, 1680], 'modifiers': [{'type': 9, 'value': 60}, {'type': 28, 'value': 1707}]}"
1199729875,LONG,,1,5000000,,"{'id': 176977, 'context': 0, 'bonus_lists': [6907, 6652, 1697], 'modifiers': [{'type': 9, 'value': 60}, {'type': 28, 'value': 1707}]}"
1199729882,LONG,,1,45000000,,"{'id': 176965, 'context': 0, 'bonus_lists': [6907, 6652, 1691], 'modifiers': [{'type': 9, 'value': 60}, {'type': 28, 'value': 1707}]}"
1199729887,LONG,,1,10807600,,"{'id': 176964, 'context': 2, 'bonus_lists': [6907, 6652, 1688], 'modifiers': [{'type': 9, 'value': 60}, {'type': 28, 'value': 748}]}"
1199729892,LONG,,1,63628400,,"{'id': 163203, 'context': 0}"
1199729893,LONG,,1,63628400,,"{'id': 163203, 'context': 0}"
1199729896,LONG,,1,3123500,,"{'id': 176792, 'context': 0, 'bonus_lists': [6907, 6652, 7193, 1703], 'modifiers': [{'type': 9, 'value': 60}, {'type': 28, 'value': 1707}]}"
1199729918,LONG,,1,18687300,,"{'id': 176779, 'context': 0, 'bonus_lists': [6907, 6652, 1711], 'modifiers': [{'type': 9, 'value': 60}, {'type': 28, 'value': 1707}]}"
1199729920,LONG,199900,34,,,{'id': 138727}
1199729930,LONG,,1,800000,,"{'id': 176778, 'context': 0, 'bonus_lists': [6907, 6652, 1676], 'modifiers': [{'type': 9, 'value': 60}, {'type': 28, 'value': 1707}]}"
1199729938,LONG,,1,4590000,,"{'id': 176764, 'context': 0, 'bonus_lists': [6907, 6652, 1683], 'modifiers': [{'type': 9, 'value': 60}, {'type': 28, 'value': 1707}]}"
1199729940,LONG,1900,224,,,{'id': 160709}
1199729952,LONG,,1,1891500,,"{'id': 175566, 'context': 0, 'bonus_lists': [6907, 1697], 'modifiers': [{'type': 9, 'value': 60}, {'type': 28, 'value': 1707}]}"
1199729966,LONG,1000,9,,,{'id': 174353}
1199729971,LONG,,1,1007500,,"{'id': 175556, 'context': 0, 'bonus_lists': [6907, 1677], 'modifiers': [{'type': 9, 'value': 60}, {'type': 28, 'value': 1707}]}"
1199729985,LONG,,1,34106200,,"{'id': 121274, 'context': 0, 'bonus_lists': [6654, 1808, 1700], 'modifiers': [{'type': 9, 'value': 45}, {'type': 28, 'value': 335}]}"
1199729989,LONG,608600,4,,,{'id': 171292}
1199730007,LONG,,1,9999900,,"{'id': 176800, 'context': 0, 'bonus_lists': [6908, 6652, 1709], 'modifiers': [{'type': 9, 'value': 60}, {'type': 28, 'value': 2060}]}"
1199730008,LONG,1299500,5,,,{'id': 171290}
1199730059,LONG,75000,136,,,{'id': 160400}
1199730093,LONG,9500,7,,,{'id': 180430}
1199732120,LONG,2000,3,,,{'id': 74834}
1199732165,LONG,1405800,7,,,{'id': 168217}
1199732197,LONG,2500,16,,,{'id': 169332}
1199732235,LONG,,1,2000000,,"{'id': 4566, 'context': 0, 'bonus_lists': [6655, 1705], 'modifiers': [{'type': 9, 'value': 47}, {'type': 28, 'value': 1771}]}"
1199732239,LONG,8500,19,,,{'id': 152631}
1199732259,LONG,,1,1500000,,"{'id': 55479, 'context': 0, 'bonus_lists': [6655, 1713], 'modifiers': [{'type': 9, 'value': 41}, {'type': 28, 'value': 1828}]}"
1199732283,LONG,94100,36,,,{'id': 152512}
1199732286,LONG,,1,448300,,"{'id': 55434, 'context': 0, 'bonus_lists': [6655, 1698], 'modifiers': [{'type': 9, 'value': 41}, {'type': 28, 'value': 1828}]}"
1199732303,LONG,,1,3220500,,"{'id': 4561, 'context': 0, 'modifiers': [{'type': 28, 'value': 2}]}"
1199732327,LONG,,1,9879600,,"{'id': 3192, 'context': 0, 'bonus_lists': [6655, 1691], 'modifiers': [{'type': 9, 'value': 15}, {'type': 28, 'value': 79}]}"
1199732347,LONG,,1,500000,,"{'id': 4571, 'context': 0, 'modifiers': [{'type': 28, 'value': 1771}]}"
1199732368,LONG,80000,40,,,{'id': 2459}
1199732394,LONG,,1,5003200,,"{'id': 67114, 'context': 0, 'bonus_lists': [6658], 'modifiers': [{'type': 9, 'value': 42}, {'type': 28, 'value': 53}]}"
1199732403,LONG,,1,3000100,,"{'id': 178948, 'context': 0, 'bonus_lists': [6908, 6652, 1687], 'modifiers': [{'type': 9, 'value': 60}, {'type': 28, 'value': 1707}]}"
1199732413,LONG,,1,1500000,,"{'id': 55767, 'context': 0, 'bonus_lists': [6654, 1714], 'modifiers': [{'type': 9, 'value': 47}, {'type': 28, 'value': 1828}]}"
1199732429,LONG,,1,1500000,,"{'id': 14365, 'context': 0, 'bonus_lists': [6654], 'modifiers': [{'type': 9, 'value': 47}, {'type': 28, 'value': 1771}]}"
1199732446,LONG,,1,1500000,,"{'id': 55416, 'context': 0, 'bonus_lists': [6654, 1707], 'modifiers': [{'type': 9, 'value': 40}, {'type': 28, 'value': 1828}]}"
1199732458,LONG,1500000,39,,,{'id': 168500}
1199732459,LONG,,1,1400000,,"{'id': 9957, 'context': 0, 'bonus_lists': [6654, 1680], 'modifiers': [{'type': 9, 'value': 24}, {'type': 28, 'value': 2}]}"
1199732486,LONG,,1,999900,,"{'id': 55627, 'context': 0, 'bonus_lists': [6654, 1700], 'modifiers': [{'type': 9, 'value': 40}, {'type': 28, 'value': 1828}]}"
1199732488,LONG,,1,495949200,,"{'id': 159573, 'context': 0, 'bonus_lists': [6655, 1699], 'modifiers': [{'type': 9, 'value': 50}, {'type': 28, 'value': 691}]}"
1199732527,LONG,9900,9,,,{'id': 138729}
1199732571,LONG,80000000,8,,,{'id': 138486}
1199732619,LONG,390000,198,,,{'id': 124461}
1199732637,LONG,,1,3926600,,"{'id': 7521, 'context': 0, 'bonus_lists': [6654, 1694], 'modifiers': [{'type': 9, 'value': 24}, {'type': 28, 'value': 2}]}"
1199732640,LONG,,1,8500000,,"{'id': 165747, 'context': 11}"
1199732657,LONG,,1,9000000,,"{'id': 36309, 'context': 0, 'bonus_lists': [6654, 1695], 'modifiers': [{'type': 9, 'value': 30}, {'type': 28, 'value': 1744}]}"
1199732658,LONG,2000,20,,,{'id': 113264}
1199732675,LONG,,1,1500000,,"{'id': 35970, 'context': 0, 'bonus_lists': [6654, 1680], 'modifiers': [{'type': 9, 'value': 30}, {'type': 28, 'value': 1744}]}"
1199732682,LONG,30000,2,,,{'id': 52078}
1199732693,LONG,,1,1500000,,"{'id': 35987, 'context': 0, 'bonus_lists': [6654, 1707], 'modifiers': [{'type': 9, 'value': 30}, {'type': 28, 'value': 1744}]}"
1199732702,LONG,160000,17,,,{'id': 168215}
1199732706,LONG,,1,1500000,,"{'id': 35964, 'context': 0, 'bonus_lists': [6654, 1706], 'modifiers': [{'type': 9, 'value': 29}, {'type': 28, 'value': 1744}]}"
1199732722,LONG,,1,2500000,,"{'id': 36324, 'context': 0, 'bonus_lists': [6654, 1708], 'modifiers': [{'type': 9, 'value': 36}, {'type': 28, 'value': 1744}]}"
1199732752,LONG,,1,1600000,,"{'id': 36198, 'context': 0, 'bonus_lists': [6654, 1708], 'modifiers': [{'type': 9, 'value': 36}, {'type': 28, 'value': 1744}]}"
1199732768,LONG,6200,2,,,{'id': 168650}
1199732778,LONG,,1,2499800,,"{'id': 35983, 'context': 0, 'bonus_lists': [6654, 1694], 'modifiers': [{'type': 9, 'value': 36}, {'type': 28, 'value': 1744}]}"
1199732787,LONG,28500,29,,,{'id': 159959}
1199732788,LONG,,1,1500000,,"{'id': 36095, 'context': 0, 'bonus_lists': [6654, 1681], 'modifiers': [{'type': 9, 'value': 36}, {'type': 28, 'value': 1744}]}"
1199732798,LONG,,1,5000500,,"{'id': 14564, 'context': 0, 'bonus_lists': [6654], 'modifiers': [{'type': 9, 'value': 49}, {'type': 28, 'value': 1771}]}"
1199732800,LONG,6600,30,,,{'id': 168645}
1199732811,LONG,,1,1450000,,"{'id': 10214, 'context': 0, 'bonus_lists': [6654, 1706], 'modifiers': [{'type': 9, 'value': 48}, {'type': 28, 'value': 1771}]}"
1199732823,LONG,100,18,,,{'id': 168303}
1199732841,LONG,2220000,8,,,{'id': 168663}
1199732867,LONG,,1,1990000,,"{'id': 71951, 'context': 0}"
1199732896,LONG,9000,56,,,{'id': 167738}
1199732906,LONG,,1,1220000,,"{'id': 6342, 'context': 0, 'modifiers': [{'type': 28, 'value': 2}]}"
1199732921,LONG,9900,1,,,{'id': 158378}
1199732942,LONG,82500,55,,,{'id': 160711}
1199732991,LONG,,1,1500000,,"{'id': 6271, 'context': 0, 'modifiers': [{'type': 28, 'value': 2}]}"
1199733082,LONG,80000,9,,,{'id': 37700}
1199734139,LONG,,1,8716900,,"{'id': 82278, 'context': 0, 'bonus_lists': [6655, 1698], 'modifiers': [{'type': 9, 'value': 35}, {'type': 28, 'value': 169}]}"
1199734143,LONG,,1,13550000,,"{'id': 55531, 'context': 3, 'bonus_lists': [6654, 1686], 'modifiers': [{'type': 9, 'value': 35}, {'type': 28, 'value': 1029}]}"
1199734147,LONG,,1,508000,,"{'id': 82245, 'context': 0, 'bonus_lists': [6654, 1716], 'modifiers': [{'type': 9, 'value': 35}, {'type': 28, 'value': 1032}]}"
1199734152,LONG,,1,508000,,"{'id': 82245, 'context': 6, 'bonus_lists': [6654, 1702], 'modifiers': [{'type': 9, 'value': 35}, {'type': 28, 'value': 2012}]}"
1199734154,LONG,800000,3,,,{'id': 49908}
1199734156,LONG,94600,4,,,{'id': 27674}
1199734160,LONG,,1,677500,,"{'id': 82254, 'context': 0, 'bonus_lists': [6654, 1684], 'modifiers': [{'type': 9, 'value': 35}, {'type': 28, 'value': 1035}]}"
1199734161,LONG,240000,2,,,{'id': 30183}
1199734163,LONG,,1,1008900,,"{'id': 36039, 'context': 0, 'bonus_lists': [6654, 1680], 'modifiers': [{'type': 9, 'value': 30}, {'type': 28, 'value': 1023}]}"
1199734166,LONG,,1,133728400,,"{'id': 71038, 'context': 3, 'modifiers': [{'type': 28, 'value': 1029}]}"
1199734172,LONG,,1,2992200,,"{'id': 82282, 'context': 0, 'bonus_lists': [6655, 1716], 'modifiers': [{'type': 9, 'value': 35}, {'type': 28, 'value': 169}]}"
1199734174,LONG,,1,457000,,"{'id': 82283, 'context': 0, 'bonus_lists': [6654, 1688], 'modifiers': [{'type': 9, 'value': 35}, {'type': 28, 'value': 168}]}"
1199734177,LONG,32800,1025,,,{'id': 94288}
1199734181,LONG,30000,1,,,{'id': 52078}
1199734182,LONG,,1,3007100,,"{'id': 24848, 'context': 0, 'bonus_lists': [6654, 1706], 'modifiers': [{'type': 9, 'value': 30}, {'type': 28, 'value': 39}]}"
1199734184,LONG,,1,1500000,,"{'id': 36373, 'context': 0, 'bonus_lists': [6654, 1709], 'modifiers': [{'type': 9, 'value': 30}, {'type': 28, 'value': 1023}]}"
1199734186,LONG,,1,3191100,,"{'id': 36147, 'context': 0, 'bonus_lists': [6654, 1694], 'modifiers': [{'type': 9, 'value': 30}, {'type': 28, 'value': 1023}]}"
1199734188,LONG,,1,4769800,,"{'id': 106723, 'context': 0, 'bonus_lists': [6654, 168], 'modifiers': [{'type': 9, 'value': 40}, {'type': 28, 'value': 176}]}"
1199734193,LONG,,1,560200,,"{'id': 82275, 'context': 0, 'bonus_lists': [6655, 1701], 'modifiers': [{'type': 9, 'value': 35}, {'type': 28, 'value': 169}]}"
1199734195,LONG,,1,250000,,"{'id': 36413, 'context': 0, 'bonus_lists': [6654, 1680], 'modifiers': [{'type': 9, 'value': 30}, {'type': 28, 'value': 1023}]}"
1199734196,LONG,,1,203700,,"{'id': 55602, 'context': 2, 'bonus_lists': [6654, 1716], 'modifiers': [{'type': 9, 'value': 35}, {'type': 28, 'value': 1111}]}"
1199734200,LONG,4500,13,,,{'id': 74833}
1199734204,LONG,,1,25915500,,"{'id': 15289, 'context': 0, 'bonus_lists': [6655, 1680], 'modifiers': [{'type': 9, 'value': 30}, {'type': 28, 'value': 39}]}"
1199734212,LONG,,1,2902200,,"{'id': 36378, 'context': 0, 'bonus_lists': [6654, 1677], 'modifiers': [{'type': 9, 'value': 30}, {'type': 28, 'value': 1023}]}"
1199734215,LONG,2004900,3,,,{'id': 153665}
1199734219,LONG,,1,20007300,,"{'id': 94218, 'context': 0, 'bonus_lists': [1684], 'modifiers': [{'type': 28, 'value': 168}]}"
1199734221,LONG,5000,4,,,{'id': 32897}
1199734223,LONG,,1,200000,,"{'id': 30308, 'context': 0, 'modifiers': [{'type': 28, 'value': 1012}]}"
1199734225,LONG,,1,190900,,"{'id': 82251, 'context': 0, 'bonus_lists': [6654, 1685], 'modifiers': [{'type': 9, 'value': 35}, {'type': 28, 'value': 1035}]}"
1199734228,LONG,,1,190900,,"{'id': 82251, 'context': 0, 'bonus_lists': [6654, 1685], 'modifiers': [{'type': 9, 'value': 35}, {'type': 28, 'value': 169}]}"
1199734234,LONG,,1,506000,,"{'id': 82250, 'context': 0, 'bonus_lists': [6654, 1691], 'modifiers': [{'type': 9, 'value': 35}, {'type': 28, 'value': 169}]}"
1199734237,LONG,,1,62723800,,"{'id': 79339, 'context': 0}"
1199734243,LONG,,1,2469900,,"{'id': 106728, 'context': 0, 'bonus_lists': [6654, 198], 'modifiers': [{'type': 9, 'value': 40}, {'type': 28, 'value': 176}]}"
1199734250,LONG,,1,504100,,"{'id': 82246, 'context': 0, 'bonus_lists': [6654, 1712], 'modifiers': [{'type': 9, 'value': 35}, {'type': 28, 'value': 1035}]}"
1199734253,LONG,,1,19998100,,"{'id': 176770, 'context': 0, 'bonus_lists': [6907, 6652, 1703], 'modifiers': [{'type': 9, 'value': 60}, {'type': 28, 'value': 1707}]}"
1199734257,LONG,,1,126300,,"{'id': 82243, 'context': 0, 'bonus_lists': [6654, 1708], 'modifiers': [{'type': 9, 'value': 35}, {'type': 28, 'value': 169}]}"
1199734262,LONG,,1,299900,,"{'id': 55584, 'context': 36, 'bonus_lists': [1694, 4764], 'modifiers': [{'type': 9, 'value': 50}]}"
1199734265,LONG,7399900,198,,,{'id': 39334}
1199734267,LONG,,1,9860000,,"{'id': 36372, 'context': 0, 'bonus_lists': [6654, 1691], 'modifiers': [{'type': 9, 'value': 30}, {'type': 28, 'value': 1023}]}"
1199734269,LONG,,1,4340000,,"{'id': 55521, 'context': 3, 'bonus_lists': [6654, 1698], 'modifiers': [{'type': 9, 'value': 35}, {'type': 28, 'value': 1029}]}"
1199734272,LONG,,1,696900,,"{'id': 55702, 'context': 3, 'bonus_lists': [6654, 1709], 'modifiers': [{'type': 9, 'value': 35}, {'type': 28, 'value': 1029}]}"
1199734277,LONG,,1,300000,,"{'id': 82256, 'context': 0, 'bonus_lists': [6654, 1692], 'modifiers': [{'type': 9, 'value': 35}, {'type': 28, 'value': 168}]}"
1199734282,LONG,,1,2005400,,"{'id': 45480, 'context': 3, 'modifiers': [{'type': 28, 'value': 1020}]}"
1199734284,LONG,,1,9574400,,"{'id': 45874, 'context': 3, 'modifiers': [{'type': 28, 'value': 1020}]}"
1199734286,LONG,189800,20,,,{'id': 89112}
1199734293,LONG,,1,42425600,,"{'id': 55458, 'context': 3, 'bonus_lists': [6655, 1702], 'modifiers': [{'type': 9, 'value': 35}, {'type': 28, 'value': 1029}]}"
1199734296,LONG,,1,1000000,,"{'id': 82287, 'context': 0, 'bonus_lists': [6654, 1708], 'modifiers': [{'type': 9, 'value': 35}, {'type': 28, 'value': 169}]}"
1199734299,LONG,,1,3863200,,"{'id': 36149, 'context': 0, 'bonus_lists': [6654, 1694], 'modifiers': [{'type': 9, 'value': 30}, {'type': 28, 'value': 1023}]}"
1199734303,LONG,,1,4439700,,"{'id': 55450, 'context': 3, 'bonus_lists': [6655, 1698], 'modifiers': [{'type': 9, 'value': 35}, {'type': 28, 'value': 1029}]}"
1199734310,LONG,,1,1000000,,"{'id': 24665, 'context': 0, 'bonus_lists': [6654, 1678], 'modifiers': [{'type': 9, 'value': 30}, {'type': 28, 'value': 43}]}"
1199734314,LONG,,1,400000,,"{'id': 36679, 'context': 0, 'bonus_lists': [6655, 1678], 'modifiers': [{'type': 9, 'value': 30}, {'type': 28, 'value': 1023}]}"
1199734320,LONG,,1,3337800,,"{'id': 36375, 'context': 0, 'bonus_lists': [6654, 1693], 'modifiers': [{'type': 9, 'value': 30}, {'type': 28, 'value': 1023}]}"
1199734326,LONG,,1,1041700,,"{'id': 24875, 'context': 2, 'bonus_lists': [6654, 1681], 'modifiers': [{'type': 9, 'value': 30}, {'type': 28, 'value': 1068}]}"
1199734335,LONG,,1,400000,,"{'id': 24910, 'context': 0, 'bonus_lists': [6654, 1705], 'modifiers': [{'type': 9, 'value': 30}, {'type': 28, 'value': 1012}]}"
1199734340,LONG,,1,507300,,"{'id': 82294, 'context': 0, 'bonus_lists': [6655, 1707], 'modifiers': [{'type': 9, 'value': 35}, {'type': 28, 'value': 168}]}"
1199734350,LONG,,1,4836800,,"{'id': 141290, 'context': 0, 'bonus_lists': [1812], 'modifiers': [{'type': 9, 'value': 41}]}"
1199734355,LONG,,1,6060500,,"{'id': 55664, 'context': 3, 'bonus_lists': [6654, 1695], 'modifiers': [{'type': 9, 'value': 35}, {'type': 28, 'value': 1029}]}"
1199734363,LONG,500000,6,,,{'id': 74838}
1199734366,LONG,384300,6,,,{'id': 22577}
1199734369,LONG,1999900,1,,,{'id': 31902}
1199734371,LONG,,1,24005700,,"{'id': 25337, 'context': 0, 'bonus_lists': [6655, 1694], 'modifiers': [{'type': 9, 'value': 30}, {'type': 28, 'value': 1012}]}"
1199734374,LONG,234900,20,,,{'id': 38426}
1199734377,LONG,,1,1500000,,"{'id': 71027, 'context': 3, 'modifiers': [{'type': 28, 'value': 1029}]}"
1199734383,LONG,,1,1500000,,"{'id': 71027, 'context': 3, 'modifiers': [{'type': 28, 'value': 1029}]}"
1199734388,LONG,,1,1898700,,"{'id': 82263, 'context': 0, 'bonus_lists': [6654, 1694], 'modifiers': [{'type': 9, 'value': 35}, {'type': 28, 'value': 1035}]}"
1199734390,LONG,100,3,,,{'id': 124439}
1199734393,LONG,,1,67503800,,"{'id': 55297, 'context': 3, 'bonus_lists': [6655, 1691], 'modifiers': [{'type': 9, 'value': 35}, {'type': 28, 'value': 1029}]}"
1199734397,LONG,,1,1500000,,"{'id': 24689, 'context': 0, 'bonus_lists': [6654, 1709], 'modifiers': [{'type': 9, 'value': 30}, {'type': 28, 'value': 1012}]}"
1199734400,LONG,,1,1208900,,"{'id': 82249, 'context': 0, 'bonus_lists': [6654, 1684], 'modifiers': [{'type': 9, 'value': 35}, {'type': 28, 'value': 1035}]}"
1199734401,LONG,28900,10,,,{'id': 45087}
1199734483,LONG,35500,1,,,{'id': 7070}
1199734518,LONG,,1,169999900,,"{'id': 6327, 'context': 0, 'bonus_lists': [3721], 'modifiers': [{'type': 9, 'value': 10}]}"
1199734741,LONG,500000,1,,,{'id': 74838}
1199734744,LONG,,1,54400,,"{'id': 82289, 'context': 0, 'bonus_lists': [6654, 1716], 'modifiers': [{'type': 9, 'value': 35}, {'type': 28, 'value': 1032}]}"
1199734748,LONG,,1,15759600,,"{'id': 82266, 'context': 0, 'bonus_lists': [6655, 1706], 'modifiers': [{'type': 9, 'value': 35}, {'type': 28, 'value': 169}]}"
1199734752,LONG,,1,457000,,"{'id': 82283, 'context': 0, 'bonus_lists': [6654, 1686], 'modifiers': [{'type': 9, 'value': 35}, {'type': 28, 'value': 1032}]}"
1199734758,LONG,,1,50000000,,"{'id': 87419, 'context': 0, 'bonus_lists': [6659], 'modifiers': [{'type': 9, 'value': 35}, {'type': 28, 'value': 169}]}"
1199734762,LONG,,1,931700,,"{'id': 82288, 'context': 0, 'bonus_lists': [6654, 1708], 'modifiers': [{'type': 9, 'value': 35}, {'type': 28, 'value': 169}]}"
1199734763,LONG,75500,3,,,{'id': 74248}
1199734807,LONG,,1,168935800,,"{'id': 24257, 'context': 1, 'bonus_lists': [6883]}"
1199736657,LONG,59900,848,,,{'id': 109076}
1199736711,LONG,,1,132223300,,"{'id': 82800, 'context': 0, 'modifiers': [{'type': 6, 'value': 58547}], 'pet_breed_id': 18, 'pet_level': 1, 'pet_quality_id': 3, 'pet_species_id': 1450}"
1199736726,LONG,,1,59999800,,"{'id': 82800, 'context': 0, 'modifiers': [{'type': 6, 'value': 29404}], 'pet_breed_id': 7, 'pet_level': 1, 'pet_quality_id': 2, 'pet_species_id': 1351}"
1199736737,LONG,,1,216000000,,"{'id': 82800, 'context': 0, 'modifiers': [{'type': 6, 'value': 88012}], 'pet_breed_id': 11, 'pet_level': 1, 'pet_quality_id': 3, 'pet_species_id': 2456}"
1199736756,LONG,,1,129999900,,"{'id': 82800, 'context': 0, 'modifiers': [{'type': 6, 'value': 51269}], 'pet_breed_id': 9, 'pet_level': 1, 'pet_quality_id': 3, 'pet_species_id': 1334}"
1199736764,LONG,,1,396000000,,"{'id': 82800, 'context': 0, 'modifiers': [{'type': 6, 'value': 51417}], 'pet_breed_id': 20, 'pet_level': 1, 'pet_quality_id': 3, 'pet_species_id': 1331}"
1199736836,LONG,,1,5009700,,"{'id': 10316, 'context': 1, 'modifiers': [{'type': 28, 'value': 215}]}"
1199736848,LONG,,1,1381100,,"{'id': 173146, 'context': 13, 'modifiers': [{'type': 29, 'value': 40}]}"
1199736852,LONG,,1,1381100,,"{'id': 173146, 'context': 13, 'modifiers': [{'type': 29, 'value': 32}]}"
1199736855,LONG,,1,1381100,,"{'id': 173146, 'context': 13, 'modifiers': [{'type': 29, 'value': 32}]}"
1199736857,LONG,,1,1381100,,"{'id': 173146, 'context': 13, 'modifiers': [{'type': 29, 'value': 49}]}"
1199736860,LONG,,1,1381100,,"{'id': 173146, 'context': 13, 'modifiers': [{'type': 29, 'value': 32}]}"
1199736862,LONG,,1,1381100,,"{'id': 173146, 'context': 13, 'modifiers': [{'type': 29, 'value': 49}]}"
1199736868,LONG,,1,1381100,,"{'id': 173146, 'context': 13, 'modifiers': [{'type': 29, 'value': 49}]}"
1199736873,LONG,,1,1381100,,"{'id': 173146, 'context': 13, 'modifiers': [{'type': 29, 'value': 49}]}"
1199736875,LONG,,1,1381100,,"{'id': 173146, 'context': 13, 'modifiers': [{'type': 29, 'value': 49}]}"
1199736880,LONG,,1,1381100,,"{'id': 173146, 'context': 13, 'modifiers': [{'type': 29, 'value': 49}]}"
1199736882,LONG,,1,1381100,,"{'id': 173146, 'context': 13, 'modifiers': [{'type': 29, 'value': 49}]}"
1199736886,LONG,,1,1381100,,"{'id': 173146, 'context': 13, 'modifiers': [{'type': 29, 'value': 49}]}"
1199736890,LONG,,1,1381100,,"{'id': 173146, 'context': 13, 'modifiers': [{'type': 29, 'value': 49}]}"
1199736891,LONG,,1,1381100,,"{'id': 173146, 'context': 13, 'modifiers': [{'type': 29, 'value': 32}]}"
1199736895,LONG,,1,1381100,,"{'id': 173146, 'context': 13, 'modifiers': [{'type': 29, 'value': 32}]}"
1199736898,LONG,,1,1381100,,"{'id': 173146, 'context': 13, 'modifiers': [{'type': 29, 'value': 40}]}"
1199736905,LONG,,1,1381100,,"{'id': 173146, 'context': 13, 'modifiers': [{'type': 29, 'value': 49}]}"
1199736907,LONG,,1,1381100,,"{'id': 173146, 'context': 13, 'modifiers': [{'type': 29, 'value': 49}]}"
1199736913,LONG,,1,1381100,,"{'id': 173146, 'context': 13, 'modifiers': [{'type': 29, 'value': 32}]}"
1199736914,LONG,,1,1381100,,"{'id': 173146, 'context': 13, 'modifiers': [{'type': 29, 'value': 49}]}"
1199736916,LONG,,1,1381100,,"{'id': 173146, 'context': 13, 'modifiers': [{'type': 29, 'value': 40}]}"
1199736921,LONG,,1,1381100,,"{'id': 173146, 'context': 13, 'modifiers': [{'type': 29, 'value': 32}]}"
1199736923,LONG,,1,1381100,,"{'id': 173146, 'context': 13, 'modifiers': [{'type': 29, 'value': 49}]}"
1199736925,LONG,,1,1381100,,"{'id': 173146, 'context': 13, 'modifiers': [{'type': 29, 'value': 32}]}"
1199736930,LONG,,1,1381100,,"{'id': 173146, 'context': 13, 'modifiers': [{'type': 29, 'value': 40}]}"
1199736933,LONG,,1,1381100,,"{'id': 173146, 'context': 13, 'modifiers': [{'type': 29, 'value': 32}]}"
1199736936,LONG,,1,1381100,,"{'id': 173146, 'context': 13, 'modifiers': [{'type': 29, 'value': 32}]}"
1199736938,LONG,,1,1381100,,"{'id': 173146, 'context': 13, 'modifiers': [{'type': 29, 'value': 49}]}"
1199736940,LONG,,1,1381100,,"{'id': 173146, 'context': 13, 'modifiers': [{'type': 29, 'value': 40}]}"
1199736962,LONG,200000,358,,,{'id': 173129}
1199736983,LONG,700,1,,,{'id': 7068}
1199736986,LONG,200000,159,,,{'id': 173127}
1199737005,LONG,600,1,,,{'id': 7077}
1199737009,LONG,7000000,1,,,{'id': 173162}
1199737035,LONG,11400,2,,,{'id': 7067}
1199737092,LONG,400,1,,,{'id': 7075}
1199738146,LONG,,1,4000000,,"{'id': 4345, 'context': 1, 'modifiers': [{'type': 28, 'value': 215}]}"
1199738203,LONG,,1,385009200,,"{'id': 171412, 'context': 64, 'bonus_lists': [6717, 1507]}"
1199738290,LONG,998300,1,,,{'id': 31896}
1199738343,LONG,9990000,2,,,{'id': 168652}
1199738358,LONG,,1,9999800,,"{'id': 184480, 'context': 0}"
1199738367,LONG,1200,850,,,{'id': 21877}
1199738379,LONG,4959500,3,,,{'id': 172408}
1199738383,LONG,1900,57,,,{'id': 33470}
1199738392,LONG,1500000,1,,,{'id': 177659}
1199738412,LONG,60000,8,,,{'id': 177660}
1199738431,LONG,,1,680000,,"{'id': 4500, 'context': 0, 'modifiers': [{'type': 28, 'value': 1788}]}"
1199738437,LONG,2300000,6,,,{'id': 172362}
1199738501,LONG,58800,10,,,{'id': 154882}
1199738521,LONG,326100,10,,,{'id': 166344}
1199738557,LONG,,1,499999900,,"{'id': 94588, 'context': 0}"
1199738590,LONG,80000,33,,,{'id': 168216}
1199738608,LONG,900000,18,,,{'id': 138728}
1199738631,LONG,,1,1000000,,"{'id': 31305, 'context': 1, 'bonus_lists': [6659], 'modifiers': [{'type': 9, 'value': 37}, {'type': 28, 'value': 1895}]}"
1199738641,LONG,,1,1000000,,"{'id': 31305, 'context': 22, 'bonus_lists': [6659], 'modifiers': [{'type': 9, 'value': 30}, {'type': 28, 'value': 1075}]}"
1199738920,LONG,,1,505900,,"{'id': 82800, 'context': 0, 'modifiers': [{'type': 6, 'value': 95171}], 'pet_breed_id': 4, 'pet_level': 1, 'pet_quality_id': 3, 'pet_species_id': 2842}"
1199738922,LONG,,1,505900,,"{'id': 82800, 'context': 0, 'modifiers': [{'type': 6, 'value': 95171}], 'pet_breed_id': 4, 'pet_level': 1, 'pet_quality_id': 3, 'pet_species_id': 2842}"
1199738923,LONG,,1,505900,,"{'id': 82800, 'context': 0, 'modifiers': [{'type': 6, 'value': 95171}], 'pet_breed_id': 4, 'pet_level': 1, 'pet_quality_id': 3, 'pet_species_id': 2842}"
1199741160,LONG,,1,540000000,,"{'id': 183017, 'context': 4, 'bonus_lists': [7186, 6652, 7194, 1459, 6646], 'modifiers': [{'type': 28, 'value': 750}]}"
1199741203,LONG,,1,3500000,,"{'id': 175548, 'context': 1, 'bonus_lists': [6907, 1692], 'modifiers': [{'type': 9, 'value': 60}, {'type': 28, 'value': 747}]}"
1199741591,LONG,,1,253100,,"{'id': 3196, 'context': 0, 'bonus_lists': [6655, 1708], 'modifiers': [{'type': 9, 'value': 20}, {'type': 28, 'value': 9}]}"
1199741657,LONG,,1,250700,,"{'id': 3040, 'context': 0, 'bonus_lists': [6655], 'modifiers': [{'type': 9, 'value': 21}, {'type': 28, 'value': 9}]}"
1199741668,LONG,,1,540000,,"{'id': 55720, 'context': 3, 'bonus_lists': [6654, 1716], 'modifiers': [{'type': 9, 'value': 35}, {'type': 28, 'value': 1029}]}"
1199741673,LONG,,1,540000,,"{'id': 55720, 'context': 3, 'bonus_lists': [6654, 1693], 'modifiers': [{'type': 9, 'value': 35}, {'type': 28, 'value': 1029}]}"
1199741676,LONG,,1,500000,,"{'id': 36040, 'context': 0, 'bonus_lists': [6654, 1708], 'modifiers': [{'type': 9, 'value': 30}, {'type': 28, 'value': 1023}]}"
1199741681,LONG,14170800,1,,,{'id': 31898}
1199741684,LONG,,1,1115200,,"{'id': 36265, 'context': 0, 'bonus_lists': [6654, 1692], 'modifiers': [{'type': 9, 'value': 30}, {'type': 28, 'value': 1023}]}"
1199741686,LONG,,1,2606200,,"{'id': 177798, 'context': 0, 'bonus_lists': [6907, 6652, 1689], 'modifiers': [{'type': 9, 'value': 60}, {'type': 28, 'value': 1707}]}"
1199741689,LONG,,1,500000,,"{'id': 24804, 'context': 0, 'bonus_lists': [6654, 1707], 'modifiers': [{'type': 9, 'value': 30}, {'type': 28, 'value': 1008}]}"
1199741692,LONG,,1,1166600,,"{'id': 55708, 'context': 1, 'bonus_lists': [6654, 1698], 'modifiers': [{'type': 9, 'value': 35}, {'type': 28, 'value': 257}]}"
1199741696,LONG,,1,1349600,,"{'id': 159529, 'context': 0, 'bonus_lists': [6655, 1702], 'modifiers': [{'type': 9, 'value': 50}, {'type': 28, 'value': 190}]}"
1199741700,LONG,,1,2500000,,"{'id': 36063, 'context': 3, 'bonus_lists': [6654, 1692], 'modifiers': [{'type': 9, 'value': 30}, {'type': 28, 'value': 1020}]}"
1199741701,LONG,,1,2898000,,"{'id': 55761, 'context': 1, 'bonus_lists': [6654, 1698], 'modifiers': [{'type': 9, 'value': 35}, {'type': 28, 'value': 257}]}"
1199741703,LONG,,1,2424700,,"{'id': 36397, 'context': 3, 'bonus_lists': [6654, 1681], 'modifiers': [{'type': 9, 'value': 30}, {'type': 28, 'value': 1020}]}"
1199741709,LONG,,1,1327300,,"{'id': 55422, 'context': 5, 'bonus_lists': [6654, 1695], 'modifiers': [{'type': 9, 'value': 35}, {'type': 28, 'value': 1029}]}"
1199741712,LONG,,1,1749400,,"{'id': 25068, 'context': 2, 'bonus_lists': [6654, 1681], 'modifiers': [{'type': 9, 'value': 30}, {'type': 28, 'value': 1069}]}"
1199741715,LONG,,1,500000,,"{'id': 82274, 'context': 6, 'bonus_lists': [6655, 1692], 'modifiers': [{'type': 9, 'value': 35}, {'type': 28, 'value': 2012}]}"
1199741718,LONG,,1,8042200,,"{'id': 159576, 'context': 0, 'bonus_lists': [6655, 1709], 'modifiers': [{'type': 9, 'value': 50}, {'type': 28, 'value': 190}]}"
1199741720,LONG,,1,8042200,,"{'id': 159576, 'context': 0, 'bonus_lists': [4796, 1707], 'modifiers': [{'type': 9, 'value': 50}]}"
1199741723,LONG,,1,46044800,,"{'id': 37671, 'context': 2, 'bonus_lists': [4196], 'modifiers': [{'type': 9, 'value': 30}, {'type': 28, 'value': 1096}]}"
1199741726,LONG,,1,2326400,,"{'id': 55752, 'context': 1, 'bonus_lists': [6654, 1687], 'modifiers': [{'type': 9, 'value': 35}, {'type': 28, 'value': 257}]}"
1199741730,LONG,,1,35000000,,"{'id': 14748, 'context': 54, 'bonus_lists': [4279], 'modifiers': [{'type': 9, 'value': 29}]}"
1199741731,LONG,,1,254900,,"{'id': 5207, 'context': 0, 'bonus_lists': [6655], 'modifiers': [{'type': 9, 'value': 23}, {'type': 28, 'value': 9}]}"
1199741736,LONG,,1,1099900,,"{'id': 12833, 'context': 1, 'modifiers': [{'type': 28, 'value': 282}]}"
1199741739,LONG,4800,33,,,{'id': 154897}
1199741744,LONG,,1,4610100,,"{'id': 24872, 'context': 0, 'bonus_lists': [6654, 1679], 'modifiers': [{'type': 9, 'value': 30}, {'type': 28, 'value': 39}]}"
1199741746,LONG,,1,1000000,,"{'id': 71362, 'context': 3, 'modifiers': [{'type': 28, 'value': 1029}]}"
1199741748,LONG,,1,5814600,,"{'id': 55548, 'context': 36, 'bonus_lists': [1684, 4764], 'modifiers': [{'type': 9, 'value': 50}]}"
1199741753,LONG,,1,1230100,,"{'id': 86380, 'context': 0, 'modifiers': [{'type': 28, 'value': 1032}]}"
1199741754,LONG,,1,401100,,"{'id': 55441, 'context': 3, 'bonus_lists': [6655, 1688], 'modifiers': [{'type': 9, 'value': 35}, {'type': 28, 'value': 1029}]}"
1199741757,LONG,,1,401100,,"{'id': 55441, 'context': 3, 'bonus_lists': [6655, 1685], 'modifiers': [{'type': 9, 'value': 35}, {'type': 28, 'value': 1029}]}"
1199741758,LONG,,1,401100,,"{'id': 55441, 'context': 5, 'bonus_lists': [6655, 1677], 'modifiers': [{'type': 9, 'value': 35}, {'type': 28, 'value': 1029}]}"
1199741759,LONG,,1,401100,,"{'id': 55441, 'context': 0, 'bonus_lists': [6655, 1715], 'modifiers': [{'type': 9, 'value': 35}, {'type': 28, 'value': 1030}]}"
1199741765,LONG,,1,1542500,,"{'id': 55645, 'context': 36, 'bonus_lists': [1685, 4764], 'modifiers': [{'type': 9, 'value': 50}]}"
1199741769,LONG,,1,1218900,,"{'id': 55420, 'context': 1, 'bonus_lists': [6654, 1681], 'modifiers': [{'type': 9, 'value': 35}, {'type': 28, 'value': 257}]}"
1199741772,LONG,,1,451900,,"{'id': 24917, 'context': 0, 'bonus_lists': [6654, 1693], 'modifiers': [{'type': 9, 'value': 30}, {'type': 28, 'value': 1012}]}"
1199741776,LONG,,1,451900,,"{'id': 24917, 'context': 0, 'bonus_lists': [6654, 1705], 'modifiers': [{'type': 9, 'value': 30}, {'type': 28, 'value': 1012}]}"
1199741778,LONG,,1,5389100,,"{'id': 69962, 'context': 5, 'modifiers': [{'type': 28, 'value': 1029}]}"
1199741800,LONG,849800,10,,,{'id': 172053}
1199741825,LONG,5000,157,,,{'id': 27677}
1199741839,LONG,,1,253600,,"{'id': 6539, 'context': 0, 'bonus_lists': [6654, 1707], 'modifiers': [{'type': 9, 'value': 23}, {'type': 28, 'value': 9}]}"
1199741842,LONG,,1,253600,,"{'id': 6539, 'context': 0, 'bonus_lists': [6654, 1705], 'modifiers': [{'type': 9, 'value': 21}, {'type': 28, 'value': 9}]}"
1199741862,LONG,7500,19,,,{'id': 173032}
1199741876,LONG,249800,8,,,{'id': 173035}
1199741886,LONG,560000,5,,,{'id': 173034}
1199741894,LONG,4555400,2,,,{'id': 184308}
1199741906,LONG,,1,258900,,"{'id': 6543, 'context': 0, 'bonus_lists': [6654, 1709], 'modifiers': [{'type': 9, 'value': 26}, {'type': 28, 'value': 9}]}"
1199741924,LONG,199900,2,,,{'id': 37703}
1199741930,LONG,50000,1,,,{'id': 37705}
1199741932,LONG,,1,4410000,,"{'id': 173214, 'context': 0, 'bonus_lists': [6893], 'modifiers': [{'type': 9, 'value': 52}, {'type': 28, 'value': 391}, {'type': 29, 'value': 36}, {'type': 30, 'value': 40}]}"
1199741933,LONG,,1,4410000,,"{'id': 173214, 'context': 0, 'bonus_lists': [6893], 'modifiers': [{'type': 9, 'value': 52}, {'type': 28, 'value': 391}, {'type': 29, 'value': 49}, {'type': 30, 'value': 36}]}"
1199741946,LONG,,1,4569100,,"{'id': 182690, 'context': 0, 'bonus_lists': [6908, 6652], 'modifiers': [{'type': 9, 'value': 60}, {'type': 28, 'value': 1707}]}"
1199741955,LONG,299900,3,,,{'id': 168586}
1199741966,LONG,500000,133,,,{'id': 170554}
1199741980,LONG,,1,2750000,,"{'id': 173218, 'context': 0, 'bonus_lists': [6893], 'modifiers': [{'type': 9, 'value': 52}, {'type': 28, 'value': 391}, {'type': 29, 'value': 40}, {'type': 30, 'value': 49}]}"
1199741982,LONG,,1,2750000,,"{'id': 173218, 'context': 0, 'bonus_lists': [6893], 'modifiers': [{'type': 9, 'value': 52}, {'type': 28, 'value': 391}, {'type': 29, 'value': 49}, {'type': 30, 'value': 32}]}"
1199741986,LONG,,1,2750000,,"{'id': 173218, 'context': 0, 'bonus_lists': [6893], 'modifiers': [{'type': 9, 'value': 52}, {'type': 28, 'value': 391}, {'type': 29, 'value': 49}, {'type': 30, 'value': 36}]}"
1199742025,LONG,,1,1000000,,"{'id': 177802, 'context': 0, 'bonus_lists': [6908, 43, 1694], 'modifiers': [{'type': 9, 'value': 60}, {'type': 28, 'value': 1425}]}"
1199742031,LONG,39700,49,,,{'id': 172089}
1199742036,LONG,,1,4569100,,"{'id': 182690, 'context': 0, 'bonus_lists': [6908, 6652], 'modifiers': [{'type': 9, 'value': 60}, {'type': 28, 'value': 1707}]}"
1199742041,LONG,1640000,39,,,{'id': 171833}
1199742046,LONG,,1,804200,,"{'id': 175563, 'context': 2, 'bonus_lists': [6907, 1702], 'modifiers': [{'type': 9, 'value': 60}, {'type': 28, 'value': 748}]}"
1199742048,LONG,,1,4569100,,"{'id': 182690, 'context': 0, 'bonus_lists': [6908, 6652], 'modifiers': [{'type': 9, 'value': 60}, {'type': 28, 'value': 1707}]}"
1199742060,LONG,55600,25,,,{'id': 171841}
1199742078,LONG,,1,1440000,,"{'id': 178949, 'context': 0, 'bonus_lists': [6908, 41, 1706], 'modifiers': [{'type': 9, 'value': 60}, {'type': 28, 'value': 1334}]}"
1199743101,LONG,,1,2854200,,"{'id': 175553, 'context': 2, 'bonus_lists': [6907, 1688], 'modifiers': [{'type': 9, 'value': 60}, {'type': 28, 'value': 748}]}"
1199743167,LONG,,1,1610000,,"{'id': 171446, 'context': 13, 'bonus_lists': [6893], 'modifiers': [{'type': 9, 'value': 60}, {'type': 28, 'value': 391}, {'type': 29, 'value': 32}, {'type': 30, 'value': 40}]}"
1199743172,LONG,,1,1610000,,"{'id': 171446, 'context': 13, 'bonus_lists': [6893], 'modifiers': [{'type': 9, 'value': 60}, {'type': 28, 'value': 391}, {'type': 29, 'value': 32}, {'type': 30, 'value': 40}]}"
1199743185,LONG,1640000,16,,,{'id': 171833}
1199743248,LONG,,1,1200000000,,"{'id': 183008, 'context': 5, 'bonus_lists': [7188, 6652, 1485, 6646], 'modifiers': [{'type': 28, 'value': 752}]}"
1199743254,LONG,,1,68970000,,"{'id': 54446, 'context': 0}"
1199743255,LONG,,1,68970000,,"{'id': 54446, 'context': 0}"
1199743256,LONG,,1,68970000,,"{'id': 54446, 'context': 0}"
1199743258,LONG,,1,68970000,,"{'id': 54446, 'context': 0}"
1199743259,LONG,,1,68970000,,"{'id': 54446, 'context': 0}"
1199743299,LONG,,1,60000,,"{'id': 3198, 'context': 0, 'bonus_lists': [6655, 1678], 'modifiers': [{'type': 9, 'value': 28}, {'type': 28, 'value': 15}]}"
1199743400,LONG,,1,3500000,,"{'id': 6536, 'context': 0, 'bonus_lists': [6654, 1692], 'modifiers': [{'type': 9, 'value': 30}, {'type': 28, 'value': 15}]}"
1199743427,LONG,140000,15,,,{'id': 153437}
1199743443,LONG,,1,48009200,,"{'id': 173242, 'context': 64, 'bonus_lists': [6717, 1507]}"
1199743500,LONG,,1,48009200,,"{'id': 173242, 'context': 64, 'bonus_lists': [6717, 1507]}"
1199743523,LONG,36138900,1,,,{'id': 144307}
1199743538,LONG,342700,1,,,{'id': 128537}
1199743540,LONG,,1,48009200,,"{'id': 173242, 'context': 64, 'bonus_lists': [6717, 1507]}"
1199743554,LONG,98500,1,,,{'id': 153441}
1199743619,LONG,,1,308500,,"{'id': 9806, 'context': 0, 'bonus_lists': [6654, 1679], 'modifiers': [{'type': 9, 'value': 28}, {'type': 28, 'value': 15}]}"
1199743671,LONG,,1,160000000,,"{'id': 173242, 'context': 65, 'bonus_lists': [6718, 1522]}"
1199743703,LONG,,1,345990000,,"{'id': 82800, 'context': 0, 'modifiers': [{'type': 6, 'value': 74794}], 'pet_breed_id': 21, 'pet_level': 1, 'pet_quality_id': 2, 'pet_species_id': 3066}"
1199743719,LONG,,1,3490800,,"{'id': 82800, 'context': 0, 'modifiers': [{'type': 6, 'value': 64194}], 'pet_breed_id': 3, 'pet_level': 1, 'pet_quality_id': 3, 'pet_species_id': 1687}"
1199743734,LONG,215600,3,,,{'id': 128540}
1199743742,LONG,,1,2227900,,"{'id': 82800, 'context': 0, 'modifiers': [{'type': 6, 'value': 99850}], 'pet_breed_id': 4, 'pet_level': 1, 'pet_quality_id': 3, 'pet_species_id': 3044}"
1199743744,LONG,,1,2996400,,"{'id': 4699, 'context': 0, 'bonus_lists': [6654], 'modifiers': [{'type': 9, 'value': 30}, {'type': 28, 'value': 15}]}"
1199743766,LONG,1000,7,,,{'id': 144306}
1199743786,LONG,1743000,5,,,{'id': 128538}
1199743810,LONG,,1,50000,,"{'id': 82800, 'context': 0, 'modifiers': [{'type': 6, 'value': 99018}], 'pet_breed_id': 7, 'pet_level': 1, 'pet_quality_id': 2, 'pet_species_id': 2798}"
1199743814,LONG,,1,680000,,"{'id': 6568, 'context': 0, 'bonus_lists': [6654, 1693], 'modifiers': [{'type': 9, 'value': 28}, {'type': 28, 'value': 15}]}"
1199743827,LONG,600000,1,,,{'id': 172414}
1199743841,LONG,,1,9800,,"{'id': 82800, 'context': 0, 'modifiers': [{'type': 6, 'value': 99899}], 'pet_breed_id': 7, 'pet_level': 1, 'pet_quality_id': 2, 'pet_species_id': 2925}"
1199743845,LONG,,1,336100,,"{'id': 2982, 'context': 0, 'bonus_lists': [6654], 'modifiers': [{'type': 9, 'value': 29}, {'type': 28, 'value': 15}]}"
1199743866,LONG,740000,6,,,{'id': 172418}
1199743885,LONG,,1,116561500,,"{'id': 82800, 'context': 0, 'modifiers': [{'type': 6, 'value': 99876}], 'pet_breed_id': 10, 'pet_level': 1, 'pet_quality_id': 3, 'pet_species_id': 2898}"
1199743915,LONG,550000,1,,,{'id': 172416}
1199743934,LONG,,1,7509500,,"{'id': 87213, 'context': 0, 'bonus_lists': [6844]}"
1199743970,LONG,4000000,4,,,{'id': 172415}
1199743992,LONG,2490000,2,,,{'id': 153443}
1199744002,LONG,,1,7509500,,"{'id': 87213, 'context': 0, 'bonus_lists': [6844]}"
1199744012,LONG,,1,7509500,,"{'id': 87213, 'context': 0, 'bonus_lists': [6844]}"
1199744025,LONG,,1,7509500,,"{'id': 87213, 'context': 0, 'bonus_lists': [6844]}"
1199744042,LONG,58000000,17,,,{'id': 180457}
1199744043,LONG,,1,7509500,,"{'id': 87213, 'context': 0, 'bonus_lists': [6844]}"
1199744059,LONG,,1,7509500,,"{'id': 87213, 'context': 0, 'bonus_lists': [6844]}"
1199744068,LONG,1000,1,,,{'id': 144304}
1199744072,LONG,,1,7509500,,"{'id': 87213, 'context': 0, 'bonus_lists': [6844]}"
1199744082,LONG,,1,7509500,,"{'id': 87213, 'context': 0, 'bonus_lists': [6844]}"
1199744096,LONG,,1,7509500,,"{'id': 87213, 'context': 0, 'bonus_lists': [6844]}"
1199746154,LONG,,1,7509500,,"{'id': 87213, 'context': 0, 'bonus_lists': [6844]}"
1199746190,LONG,,1,7509500,,"{'id': 87213, 'context': 0, 'bonus_lists': [6844]}"
1199746193,LONG,,1,171213800,,"{'id': 15963, 'context': 1, 'bonus_lists': [6655], 'modifiers': [{'type': 9, 'value': 30}, {'type': 28, 'value': 281}]}"
1199746222,LONG,,1,500000,,"{'id': 87216, 'context': 0, 'bonus_lists': [6835]}"
1199746235,LONG,,1,4500000,,"{'id': 15571, 'context': 0, 'bonus_lists': [6654, 1693], 'modifiers': [{'type': 9, 'value': 30}, {'type': 28, 'value': 19}]}"
1199746236,LONG,,1,500000,,"{'id': 87216, 'context': 0, 'bonus_lists': [6835]}"
1199746248,LONG,1000000,5,,,{'id': 177715}
1199746251,LONG,,1,500000,,"{'id': 87216, 'context': 0, 'bonus_lists': [6835]}"
1199746265,LONG,,1,500000,,"{'id': 87216, 'context': 0, 'bonus_lists': [6835]}"
1199746291,LONG,2451100,1,,,{'id': 183738}
1199746313,LONG,420700,5,,,{'id': 44601}
1199746318,LONG,600000,3,,,{'id': 172414}
1199746325,LONG,839900,5,,,{'id': 172407}
1199746332,LONG,,1,19500000,,"{'id': 82800, 'context': 0, 'modifiers': [{'type': 6, 'value': 46900}], 'pet_breed_id': 4, 'pet_level': 1, 'pet_quality_id': 3, 'pet_species_id': 1147}"
1199746345,LONG,,1,7509500,,"{'id': 87213, 'context': 0, 'bonus_lists': [6844]}"
1199746347,LONG,1500000,2,,,{'id': 177659}
1199746353,LONG,,1,6450000,,"{'id': 82800, 'context': 0, 'pet_breed_id': 20, 'pet_level': 1, 'pet_quality_id': 3, 'pet_species_id': 1628}"
1199746358,LONG,1450000,5,,,{'id': 172439}
1199746365,LONG,7500,50,,,{'id': 173032}
1199746366,LONG,389900,32,,,{'id': 173033}
1199746367,LONG,5700000,3,,,{'id': 177962}
1199746369,LONG,2149700,1,,,{'id': 172364}
1199746371,LONG,4000000,2,,,{'id': 172415}
1199746372,LONG,1348700,4,,,{'id': 177661}
1199746382,LONG,3200000,2,,,{'id': 172419}
1199746407,LONG,8500000,3,,,{'id': 172370}
1199746415,LONG,2000100,1,,,{'id': 172410}
1199746419,LONG,350500,1,,,{'id': 74247}
1199746509,LONG,,1,4410000,,"{'id': 173214, 'context': 0, 'bonus_lists': [6893], 'modifiers': [{'type': 9, 'value': 52}, {'type': 28, 'value': 391}, {'type': 29, 'value': 40}, {'type': 30, 'value': 49}]}"
1199746510,LONG,,1,4410000,,"{'id': 173214, 'context': 0, 'bonus_lists': [6893], 'modifiers': [{'type': 9, 'value': 52}, {'type': 28, 'value': 391}, {'type': 29, 'value': 49}, {'type': 30, 'value': 32}]}"
1199746511,LONG,,1,4410000,,"{'id': 173214, 'context': 0, 'bonus_lists': [6893], 'modifiers': [{'type': 9, 'value': 52}, {'type': 28, 'value': 391}, {'type': 29, 'value': 32}, {'type': 30, 'value': 36}]}"
1199746512,LONG,,1,4410000,,"{'id': 173214, 'context': 0, 'bonus_lists': [6893], 'modifiers': [{'type': 9, 'value': 52}, {'type': 28, 'value': 391}, {'type': 29, 'value': 32}, {'type': 30, 'value': 49}]}"
1199746550,LONG,509900,4,,,{'id': 151722}
1199746551,LONG,,1,136113600,,"{'id': 14231, 'context': 1, 'bonus_lists': [6654, 1709], 'modifiers': [{'type': 9, 'value': 30}, {'type': 28, 'value': 281}]}"
1199746594,LONG,809800,3,,,{'id': 172053}
1199746619,LONG,,1,6600800,,"{'id': 12030, 'context': 1, 'bonus_lists': [6654, 1679], 'modifiers': [{'type': 9, 'value': 30}, {'type': 28, 'value': 281}]}"
1199746878,LONG,319900,2,,,{'id': 172413}
1199746914,LONG,,1,499900,,"{'id': 86382, 'context': 0, 'modifiers': [{'type': 28, 'value': 1032}]}"
1199746979,LONG,7500,18,,,{'id': 173032}
1199749482,LONG,,1,7000000,,"{'id': 175564, 'context': 0, 'bonus_lists': [6907, 1686], 'modifiers': [{'type': 9, 'value': 60}, {'type': 28, 'value': 1707}]}"
1199749526,LONG,,1,315000000,,"{'id': 82800, 'context': 0, 'modifiers': [{'type': 6, 'value': 95929}], 'pet_breed_id': 17, 'pet_level': 1, 'pet_quality_id': 2, 'pet_species_id': 2912}"
1199749549,LONG,,1,416000000,,"{'id': 82800, 'context': 0, 'modifiers': [{'type': 6, 'value': 99879}], 'pet_breed_id': 5, 'pet_level': 1, 'pet_quality_id': 2, 'pet_species_id': 2923}"
1199749601,LONG,,1,95000000,,"{'id': 175559, 'context': 0, 'bonus_lists': [6907, 1689], 'modifiers': [{'type': 9, 'value': 58}, {'type': 28, 'value': 807}]}"
1199749830,LONG,,1,1500000000,,"{'id': 183013, 'context': 5, 'bonus_lists': [7188, 41, 1485, 6646], 'modifiers': [{'type': 28, 'value': 752}]}"
1199749857,LONG,24900,6,,,{'id': 172054}
1199751743,LONG,94700,1,,,{'id': 7079}
1199751798,LONG,5000000,5,,,{'id': 175788}
1199751805,LONG,30000,1,,,{'id': 7070}
1199751866,LONG,50000,1,,,{'id': 12803}
1199751897,LONG,8200000,5,,,{'id': 173161}
1199753271,LONG,9900,10,,,{'id': 158378}
1199753353,LONG,499000,2,,,{'id': 154125}
1199753359,LONG,703300,4,,,{'id': 154123}
1199753370,LONG,590300,2,,,{'id': 154122}
1199753387,LONG,41000,4,,,{'id': 154120}
1199753388,LONG,207400,7,,,{'id': 2449}
1199753435,LONG,7700,35,,,{'id': 153051}
1199753480,LONG,,1,5009900,,"{'id': 176979, 'context': 0, 'bonus_lists': [6907, 6652, 1712], 'modifiers': [{'type': 9, 'value': 60}, {'type': 28, 'value': 1707}]}"
1199753489,LONG,3700,32,,,{'id': 152542}
1199753526,LONG,,1,40500000,,"{'id': 12990, 'context': 0, 'bonus_lists': [6659], 'modifiers': [{'type': 9, 'value': 28}, {'type': 28, 'value': 11}]}"
1199753556,LONG,34800,13,,,{'id': 152579}
1199753612,LONG,30000,4,,,{'id': 153705}
1199753637,LONG,45500,2,,,{'id': 153704}
1199753651,LONG,30000,4,,,{'id': 153703}
1199753660,LONG,26500,3,,,{'id': 153700}
1199753679,LONG,5000,7,,,{'id': 3928}
1199753687,LONG,54900,2,,,{'id': 153715}
1199753707,LONG,159700,4,,,{'id': 153714}
1199753729,LONG,199000,3,,,{'id': 153713}
1199753753,LONG,29400,2,,,{'id': 153712}
1199753769,LONG,120000,1,,,{'id': 5498}
1199753775,LONG,100000,7,,,{'id': 153711}
1199753825,LONG,7400,8,,,{'id': 17056}
1199753888,LONG,30000,1,,,{'id': 52078}
1199753962,LONG,20000,2,,,{'id': 818}
1199753993,LONG,10000,1,,,{'id': 1529}
1199754007,LONG,9900,1,,,{'id': 1210}
1199754083,LONG,5008200,4,,,{'id': 173049}
1199755159,LONG,109800,19,,,{'id': 159825}
1199755228,LONG,,1,1099900,,"{'id': 179333, 'context': 0, 'bonus_lists': [6908, 6652, 1708], 'modifiers': [{'type': 9, 'value': 60}, {'type': 28, 'value': 746}]}"
1199755249,LONG,,1,1350000,,"{'id': 177809, 'context': 0, 'bonus_lists': [6908, 6652, 1705], 'modifiers': [{'type': 9, 'value': 60}, {'type': 28, 'value': 1707}]}"
1199755294,LONG,,1,771700,,"{'id': 178953, 'context': 0, 'bonus_lists': [6908, 6652, 1681], 'modifiers': [{'type': 9, 'value': 55}, {'type': 28, 'value': 1707}]}"
1199755356,LONG,,1,3000100,,"{'id': 178948, 'context': 0, 'bonus_lists': [6908, 6652, 1705], 'modifiers': [{'type': 9, 'value': 55}, {'type': 28, 'value': 1707}]}"
1199755460,LONG,,1,440000,,"{'id': 177787, 'context': 0, 'bonus_lists': [6907, 6652, 7194, 1678], 'modifiers': [{'type': 9, 'value': 60}, {'type': 28, 'value': 746}]}"
1199755535,LONG,,1,5002700,,"{'id': 177772, 'context': 0, 'bonus_lists': [6907, 6652, 7193, 1716], 'modifiers': [{'type': 9, 'value': 60}, {'type': 28, 'value': 2060}]}"
1199755602,LONG,,1,12500000,,"{'id': 177768, 'context': 0, 'bonus_lists': [6907, 6652, 1685], 'modifiers': [{'type': 9, 'value': 60}, {'type': 28, 'value': 2060}]}"
1199758427,LONG,58000000,1,,,{'id': 180457}
1199758597,LONG,,1,505900,,"{'id': 82800, 'context': 0, 'modifiers': [{'type': 6, 'value': 95171}], 'pet_breed_id': 4, 'pet_level': 1, 'pet_quality_id': 3, 'pet_species_id': 2842}"
1199758602,LONG,,1,505900,,"{'id': 82800, 'context': 0, 'modifiers': [{'type': 6, 'value': 95171}], 'pet_breed_id': 4, 'pet_level': 1, 'pet_quality_id': 3, 'pet_species_id': 2842}"
1199758603,LONG,,1,505900,,"{'id': 82800, 'context': 0, 'modifiers': [{'type': 6, 'value': 95171}], 'pet_breed_id': 4, 'pet_level': 1, 'pet_quality_id': 3, 'pet_species_id': 2842}"
1199758605,LONG,,1,505900,,"{'id': 82800, 'context': 0, 'modifiers': [{'type': 6, 'value': 95171}], 'pet_breed_id': 4, 'pet_level': 1, 'pet_quality_id': 3, 'pet_species_id': 2842}"
1199758606,LONG,,1,505900,,"{'id': 82800, 'context': 0, 'modifiers': [{'type': 6, 'value': 95171}], 'pet_breed_id': 4, 'pet_level': 1, 'pet_quality_id': 3, 'pet_species_id': 2842}"
1199758611,LONG,,1,64820000,,"{'id': 82800, 'context': 0, 'modifiers': [{'type': 6, 'value': 99908}], 'pet_breed_id': 14, 'pet_level': 1, 'pet_quality_id': 3, 'pet_species_id': 2961}"
1199758624,LONG,58000000,2,,,{'id': 180457}
1199760284,LONG,389900,5,,,{'id': 173033}
1199760303,LONG,799900,18,,,{'id': 172053}
1199760341,LONG,24900,14,,,{'id': 172054}
1199760465,LONG,220000,7,,,{'id': 173037}
1199760596,LONG,,1,400005000,,"{'id': 172316, 'context': 65, 'bonus_lists': [6718, 1522]}"
1199760598,LONG,,1,400005000,,"{'id': 172316, 'context': 65, 'bonus_lists': [6718, 1522]}"
1199760599,LONG,,1,400005000,,"{'id': 172316, 'context': 65, 'bonus_lists': [6718, 1522]}"
1199760600,LONG,,1,400005000,,"{'id': 172316, 'context': 65, 'bonus_lists': [6718, 1522]}"
1199760603,LONG,,1,400005000,,"{'id': 172316, 'context': 65, 'bonus_lists': [6718, 1522]}"
1199760608,LONG,,1,400005000,,"{'id': 172316, 'context': 65, 'bonus_lists': [6718, 1522]}"
1199760611,LONG,,1,400005000,,"{'id': 172316, 'context': 65, 'bonus_lists': [6718, 1522]}"
1199760614,LONG,,1,400005000,,"{'id': 172316, 'context': 65, 'bonus_lists': [6718, 1522]}"
1199760616,LONG,,1,400005000,,"{'id': 172316, 'context': 65, 'bonus_lists': [6718, 1522]}"
1199760746,LONG,,1,360000000,,"{'id': 172316, 'context': 64, 'bonus_lists': [6717, 1507]}"
1199762528,LONG,,1,2840000,,"{'id': 154695, 'context': 0}"
1199762530,LONG,,1,2840000,,"{'id': 154695, 'context': 0}"
1199762532,LONG,,1,2840000,,"{'id': 154695, 'context': 0}"
1199762536,LONG,,1,2840000,,"{'id': 154695, 'context': 0}"
1199762540,LONG,,1,2840000,,"{'id': 154695, 'context': 0}"
1199762542,LONG,,1,2840000,,"{'id': 154695, 'context': 0}"
1199762546,LONG,,1,2840000,,"{'id': 154695, 'context': 0}"
1199762548,LONG,,1,2840000,,"{'id': 154695, 'context': 0}"
1199762550,LONG,,1,2840000,,"{'id': 154695, 'context': 0}"
1199762555,LONG,,1,2840000,,"{'id': 154695, 'context': 0}"
1199762558,LONG,,1,2840000,,"{'id': 154695, 'context': 0}"
1199762561,LONG,,1,2840000,,"{'id': 154695, 'context': 0}"
1199762564,LONG,,1,2840000,,"{'id': 154695, 'context': 0}"
1199762566,LONG,,1,2840000,,"{'id': 154695, 'context': 0}"
1199762570,LONG,,1,2840000,,"{'id': 154695, 'context': 0}"
1199762572,LONG,,1,2840000,,"{'id': 154695, 'context': 0}"
1199762576,LONG,,1,2840000,,"{'id': 154695, 'context': 0}"
1199762580,LONG,,1,2840000,,"{'id': 154695, 'context': 0}"
1199762581,LONG,,1,2840000,,"{'id': 154695, 'context': 0}"
1199762584,LONG,,1,2840000,,"{'id': 154695, 'context': 0}"
1199762587,LONG,,1,2840000,,"{'id': 154695, 'context': 0}"
1199762590,LONG,,1,2840000,,"{'id': 154695, 'context': 0}"
1199762593,LONG,,1,2840000,,"{'id': 154695, 'context': 0}"
1199762641,LONG,44980000,1,,,{'id': 128315}
1199762671,LONG,,1,17004600,,"{'id': 159797, 'context': 0, 'bonus_lists': [6655, 1702], 'modifiers': [{'type': 9, 'value': 50}, {'type': 28, 'value': 713}]}"
1199762903,LONG,,1,4688700,,"{'id': 171442, 'context': 13, 'bonus_lists': [6893], 'modifiers': [{'type': 9, 'value': 58}, {'type': 28, 'value': 391}, {'type': 29, 'value': 49}, {'type': 30, 'value': 36}]}"
1199762905,LONG,,1,4688700,,"{'id': 171442, 'context': 13, 'bonus_lists': [6893], 'modifiers': [{'type': 9, 'value': 58}, {'type': 28, 'value': 391}, {'type': 29, 'value': 32}, {'type': 30, 'value': 49}]}"
1199762908,LONG,,1,4688700,,"{'id': 171442, 'context': 13, 'bonus_lists': [6893], 'modifiers': [{'type': 9, 'value': 58}, {'type': 28, 'value': 391}, {'type': 29, 'value': 49}, {'type': 30, 'value': 36}]}"
1199762912,LONG,,1,4688700,,"{'id': 171442, 'context': 13, 'bonus_lists': [6893], 'modifiers': [{'type': 9, 'value': 58}, {'type': 28, 'value': 391}, {'type': 29, 'value': 32}, {'type': 30, 'value': 36}]}"
1199762914,LONG,,1,4688700,,"{'id': 171442, 'context': 13, 'bonus_lists': [6893], 'modifiers': [{'type': 9, 'value': 58}, {'type': 28, 'value': 391}, {'type': 29, 'value': 40}, {'type': 30, 'value': 49}]}"
1199762927,LONG,350000,5,,,{'id': 22789}
1199762932,LONG,39000,10,,,{'id': 108339}
1199762940,LONG,,1,2490000,,"{'id': 171444, 'context': 13, 'bonus_lists': [6893], 'modifiers': [{'type': 9, 'value': 58}, {'type': 28, 'value': 391}, {'type': 29, 'value': 32}, {'type': 30, 'value': 36}]}"
1199762941,LONG,11400,10,,,{'id': 108340}
1199762942,LONG,,1,2490000,,"{'id': 171444, 'context': 13, 'bonus_lists': [6893], 'modifiers': [{'type': 9, 'value': 58}, {'type': 28, 'value': 391}, {'type': 29, 'value': 49}, {'type': 30, 'value': 40}]}"
1199762945,LONG,,1,2490000,,"{'id': 171444, 'context': 13, 'bonus_lists': [6893], 'modifiers': [{'type': 9, 'value': 58}, {'type': 28, 'value': 391}, {'type': 29, 'value': 40}, {'type': 30, 'value': 36}]}"
1199762947,LONG,,1,2490000,,"{'id': 171444, 'context': 13, 'bonus_lists': [6893], 'modifiers': [{'type': 9, 'value': 58}, {'type': 28, 'value': 391}, {'type': 29, 'value': 32}, {'type': 30, 'value': 40}]}"
1199762949,LONG,,1,2490000,,"{'id': 171444, 'context': 13, 'bonus_lists': [6893], 'modifiers': [{'type': 9, 'value': 58}, {'type': 28, 'value': 391}, {'type': 29, 'value': 40}, {'type': 30, 'value': 49}]}"
1199762953,LONG,,1,2490000,,"{'id': 171444, 'context': 13, 'bonus_lists': [6893], 'modifiers': [{'type': 9, 'value': 58}, {'type': 28, 'value': 391}, {'type': 29, 'value': 36}, {'type': 30, 'value': 32}]}"
1199762954,LONG,12300,8,,,{'id': 108341}
1199762955,LONG,,1,2490000,,"{'id': 171444, 'context': 13, 'bonus_lists': [6893], 'modifiers': [{'type': 9, 'value': 58}, {'type': 28, 'value': 391}, {'type': 29, 'value': 32}, {'type': 30, 'value': 49}]}"
1199762956,LONG,,1,2490000,,"{'id': 171444, 'context': 13, 'bonus_lists': [6893], 'modifiers': [{'type': 9, 'value': 58}, {'type': 28, 'value': 391}, {'type': 29, 'value': 36}, {'type': 30, 'value': 49}]}"
1199762958,LONG,,1,2490000,,"{'id': 171444, 'context': 13, 'bonus_lists': [6893], 'modifiers': [{'type': 9, 'value': 58}, {'type': 28, 'value': 391}, {'type': 29, 'value': 40}, {'type': 30, 'value': 32}]}"
1199762976,LONG,,1,3999990000,,"{'id': 82800, 'context': 0, 'modifiers': [{'type': 6, 'value': 86531}], 'pet_breed_id': 10, 'pet_level': 1, 'pet_quality_id': 3, 'pet_species_id': 2792}"
1199762989,LONG,,1,1610000,,"{'id': 171446, 'context': 13, 'bonus_lists': [6893], 'modifiers': [{'type': 9, 'value': 58}, {'type': 28, 'value': 391}, {'type': 29, 'value': 40}, {'type': 30, 'value': 36}]}"
1199765101,LONG,1999900,25,,,{'id': 127838}
1199765111,LONG,39500,4,,,{'id': 172089}
1199765753,LONG,,1,79908300,,"{'id': 171417, 'context': 63, 'bonus_lists': [6716, 1487]}"
1199765840,LONG,,1,200000000,,"{'id': 171414, 'context': 64, 'bonus_lists': [6717, 1507]}"
1199765862,LONG,,1,75000000,,"{'id': 171414, 'context': 63, 'bonus_lists': [6716, 1487]}"
1199765866,LONG,,1,75000000,,"{'id': 171414, 'context': 63, 'bonus_lists': [6716, 1487]}"
1199765869,LONG,,1,75000000,,"{'id': 171414, 'context': 63, 'bonus_lists': [6716, 1487]}"
1199766028,LONG,,1,999994500,,"{'id': 166844, 'context': 14, 'modifiers': [{'type': 28, 'value': 186}]}"
1199766039,LONG,,1,1499990000,,"{'id': 183013, 'context': 5, 'bonus_lists': [7188, 6652, 1485, 6646], 'modifiers': [{'type': 28, 'value': 752}]}"
1199766058,LONG,,1,99992200,,"{'id': 166828, 'context': 14, 'modifiers': [{'type': 28, 'value': 186}]}"
1199767131,LONG,669900,6,,,{'id': 35627}
1199767417,LONG,,1,880498800,,"{'id': 175551, 'context': 0, 'bonus_lists': [6907, 1677], 'modifiers': [{'type': 9, 'value': 55}, {'type': 28, 'value': 1707}]}"
1199767465,LONG,,1,70331900,,"{'id': 14668, 'context': 53, 'bonus_lists': [4277], 'modifiers': [{'type': 9, 'value': 50}]}"
1199767659,LONG,8200000,1,,,{'id': 173161}
1199767992,LONG,1229800,9,,,{'id': 171289}
1199768041,LONG,,1,21979700,21100500,"{'id': 25183, 'context': 3, 'bonus_lists': [6655, 1705], 'modifiers': [{'type': 9, 'value': 30}, {'type': 28, 'value': 1014}]}"
1199768057,LONG,440000,19,,,{'id': 22578}
1199768065,LONG,,1,4658700,,"{'id': 171442, 'context': 13, 'bonus_lists': [6893], 'modifiers': [{'type': 9, 'value': 60}, {'type': 28, 'value': 391}, {'type': 29, 'value': 40}, {'type': 30, 'value': 32}]}"
1199768068,LONG,,1,4658700,,"{'id': 171442, 'context': 13, 'bonus_lists': [6893], 'modifiers': [{'type': 9, 'value': 60}, {'type': 28, 'value': 391}, {'type': 29, 'value': 40}, {'type': 30, 'value': 32}]}"
1199768071,LONG,,1,4658700,,"{'id': 171442, 'context': 13, 'bonus_lists': [6893], 'modifiers': [{'type': 9, 'value': 60}, {'type': 28, 'value': 391}, {'type': 29, 'value': 32}, {'type': 30, 'value': 36}]}"
1199768074,LONG,,1,4658700,,"{'id': 171442, 'context': 13, 'bonus_lists': [6893], 'modifiers': [{'type': 9, 'value': 60}, {'type': 28, 'value': 391}, {'type': 29, 'value': 49}, {'type': 30, 'value': 40}]}"
1199770162,LONG,1120000,5,,,{'id': 176811}
1199770204,LONG,,1,2753208300,2643080000,"{'id': 184787, 'context': 0, 'bonus_lists': [43, 1472, 6646], 'modifiers': [{'type': 28, 'value': 2060}]}"
1199770722,LONG,162000,33,,,{'id': 152548}
1199770726,LONG,59900,34,,,{'id': 109118}
1199770732,LONG,59900,400,,,{'id': 152505}
1199770735,LONG,175500,173,,,{'id': 168649}
1199770741,LONG,125500,173,,,{'id': 168649}
1199770745,LONG,100500,173,,,{'id': 168649}
1199770746,LONG,143000,7,,,{'id': 765}
1199770750,LONG,661300,200,,,{'id': 168589}
1199770753,LONG,611300,200,,,{'id': 168589}
1199770756,LONG,586300,200,,,{'id': 168589}
1199770759,LONG,1000,200,,,{'id': 174353}
1199770764,LONG,59900,200,,,{'id': 152545}
1199770777,LONG,59900,200,,,{'id': 21887}
1199770782,LONG,236300,5,,,{'id': 123918}
1199770786,LONG,211300,5,,,{'id': 123918}
1199770791,LONG,1199900,25,,,{'id': 173036}
1199770795,LONG,1049900,25,,,{'id': 173036}
1199770800,LONG,949900,25,,,{'id': 173036}
1199770803,LONG,899900,25,,,{'id': 173036}
1199770806,LONG,849900,14,,,{'id': 173036}
1199770812,LONG,6200,200,,,{'id': 168650}
1199770818,LONG,187300,42,,,{'id': 2447}
1199770823,LONG,59900,400,,,{'id': 173202}
1199770829,LONG,59900,109,,,{'id': 154164}
1199770841,LONG,59900,200,,,{'id': 72120}
1199770845,LONG,114400,200,,,{'id': 124104}
1199770851,LONG,9900,160,,,{'id': 158378}
1199770862,LONG,9000,200,,,{'id': 152546}
1199770867,LONG,411600,200,,,{'id': 53038}
1199770872,LONG,707200,200,,,{'id': 171315}
1199770874,LONG,682200,200,,,{'id': 171315}
1199770875,LONG,24900,4,,,{'id': 17010}
1199770879,LONG,59900,200,,,{'id': 177061}
1199770884,LONG,5500,30,,,{'id': 152509}
1199770885,LONG,220000,1,,,{'id': 173037}
1199770886,LONG,59900,600,,,{'id': 172054}
1199770890,LONG,944700,92,,,{'id': 172231}
1199770892,LONG,500000,14,,,{'id': 170554}
1199770894,LONG,108700,400,,,{'id': 158188}
1199770899,LONG,91900,189,,,{'id': 34054}
1199770905,LONG,101000,25,,,{'id': 10940}
1199770908,LONG,,1,950000,,"{'id': 82800, 'context': 0, 'modifiers': [{'type': 6, 'value': 46902}], 'pet_breed_id': 9, 'pet_level': 1, 'pet_quality_id': 3, 'pet_species_id': 1150}"
1199770912,LONG,373100,200,,,{'id': 168586}
1199770920,LONG,599900,80,,,{'id': 172096}
1199770921,LONG,7500,2,,,{'id': 173032}
1199770923,LONG,549900,80,,,{'id': 172096}
1199770925,LONG,389900,2,,,{'id': 173033}
1199770930,LONG,600,9,,,{'id': 171840}
1199770931,LONG,450100,80,,,{'id': 172096}
1199770942,LONG,220000,1,,,{'id': 171830}
1199770950,LONG,131700,295,,,{'id': 152577}
1199770953,LONG,799900,9,,,{'id': 172053}
1199770956,LONG,220000,18,,,{'id': 171830}
1199770957,LONG,334300,300,,,{'id': 173037}
1199770966,LONG,59900,77,,,{'id': 179315}
1199770968,LONG,43300,6,,,{'id': 173859}
1199770974,LONG,146100,400,,,{'id': 169701}
1199770978,LONG,39500,31,,,{'id': 172089}
1199770980,LONG,141200,31,,,{'id': 2449}
1199770983,LONG,167600,1,,,{'id': 171829}
1199770986,LONG,257800,200,,,{'id': 123919}
1199770990,LONG,699900,196,,,{'id': 172053}
1199770996,LONG,649900,196,,,{'id': 172053}
1199770997,LONG,55600,20,,,{'id': 171841}
1199771001,LONG,550500,196,,,{'id': 172053}
1199771004,LONG,1640000,27,,,{'id': 171833}
1199771007,LONG,500500,196,,,{'id': 172053}
1199771011,LONG,475500,131,,,{'id': 172053}
1199771013,LONG,250000,17,,,{'id': 11370}
1199771019,LONG,59900,200,,,{'id': 124113}
1199771022,LONG,648100,12,,,{'id': 3857}
1199771024,LONG,110100,300,,,{'id': 168185}
1199771026,LONG,24900,8,,,{'id': 172054}
1199771028,LONG,9000,200,,,{'id': 154898}
1199771031,LONG,5899900,1,,,{'id': 11382}
1199771036,LONG,168800,200,,,{'id': 3356}
1199771038,LONG,4700,313,,,{'id': 152506}
1199771039,LONG,725400,8,,,{'id': 172231}
1199771042,LONG,59900,200,,,{'id': 124437}
1199771046,LONG,1504800,2,,,{'id': 17203}
1199771048,LONG,72000,437,,,{'id': 179314}
1199771053,LONG,53500,72,,,{'id': 2771}
1199771057,LONG,83900,200,,,{'id': 2771}
1199771059,LONG,59900,200,,,{'id': 173032}
1199771062,LONG,2200,200,,,{'id': 109137}
1199771066,LONG,187200,365,,,{'id': 72092}
1199771072,LONG,267400,58,,,{'id': 152512}
1199771074,LONG,149200,200,,,{'id': 171828}
1199771080,LONG,124200,200,,,{'id': 171828}
1199771084,LONG,322800,200,,,{'id': 171830}
1199771086,LONG,137200,400,,,{'id': 52555}
1199771094,LONG,89000,400,,,{'id': 72093}
1199771097,LONG,101500,200,,,{'id': 124101}
1199771100,LONG,119600,200,,,{'id': 124441}
1199772102,LONG,59900,400,,,{'id': 110609}
1199772104,LONG,221800,75,,,{'id': 124440}
1199772106,LONG,1302400,200,,,{'id': 173204}
1199772109,LONG,1152400,200,,,{'id': 173204}
1199772111,LONG,1052400,200,,,{'id': 173204}
1199772113,LONG,1002400,200,,,{'id': 173204}
1199772114,LONG,952400,200,,,{'id': 173204}
1199772117,LONG,959200,200,,,{'id': 173204}
1199772118,LONG,837600,200,,,{'id': 173204}
1199772119,LONG,776800,192,,,{'id': 173204}
1199772120,LONG,153500,43,,,{'id': 152579}
1199772122,LONG,45900,312,,,{'id': 160399}
1199772124,LONG,69200,200,,,{'id': 160399}
1199772125,LONG,82900,200,,,{'id': 152547}
1199772128,LONG,135000,274,,,{'id': 2776}
1199772134,LONG,123100,200,,,{'id': 8170}
1199772138,LONG,7700,200,,,{'id': 153051}
1199772140,LONG,68300,170,,,{'id': 171841}
1199772141,LONG,949900,200,,,{'id': 173034}
1199772143,LONG,899900,200,,,{'id': 173034}
1199772145,LONG,849900,200,,,{'id': 173034}
1199772148,LONG,792900,200,,,{'id': 173034}
1199772152,LONG,742900,200,,,{'id': 173034}
1199772154,LONG,717900,200,,,{'id': 173034}
1199772157,LONG,59900,800,,,{'id': 152875}
1199772158,LONG,105700,300,,,{'id': 152549}
1199772159,LONG,80700,300,,,{'id': 152549}
1199772163,LONG,313300,91,,,{'id': 2453}
1199772164,LONG,259900,267,,,{'id': 172230}
1199772169,LONG,209900,267,,,{'id': 172230}
1199772171,LONG,184900,166,,,{'id': 172230}
1199772174,LONG,159600,194,,,{'id': 124103}
1199772176,LONG,18500,200,,,{'id': 159959}
1199772179,LONG,556800,200,,,{'id': 124105}
1199772182,LONG,2000,188,,,{'id': 151567}
1199772185,LONG,649900,200,,,{'id': 171832}
1199772187,LONG,561400,200,,,{'id': 171832}
1199772189,LONG,511400,200,,,{'id': 171832}
1199772192,LONG,486400,200,,,{'id': 171832}
1199772194,LONG,59900,200,,,{'id': 152507}
1199772196,LONG,93800,27,,,{'id': 2840}
1199772197,LONG,59900,200,,,{'id': 152541}
1199772198,LONG,161000,40,,,{'id': 52976}
1199772256,LONG,,1,150000000,,"{'id': 23499, 'context': 0, 'bonus_lists': [6865]}"
1199772939,LONG,137000,33,,,{'id': 152548}
1199772947,LONG,59900,166,,,{'id': 109118}
1199772953,LONG,34900,200,,,{'id': 168302}
1199772960,LONG,159600,115,,,{'id': 3860}
1199772964,LONG,109300,200,,,{'id': 152543}
1199772969,LONG,749900,34,,,{'id': 170554}
1199772976,LONG,649900,34,,,{'id': 170554}
1199772980,LONG,599900,34,,,{'id': 170554}
1199772986,LONG,549900,34,,,{'id': 170554}
1199772993,LONG,502100,34,,,{'id': 170554}
1199773016,LONG,10000,173,,,{'id': 10620}
1199773020,LONG,59900,200,,,{'id': 4306}
1199773025,LONG,68700,54,,,{'id': 22445}
1199773029,LONG,181300,200,,,{'id': 113588}
1199773033,LONG,59900,200,,,{'id': 172092}
1199773037,LONG,1900,200,,,{'id': 160709}
1199773041,LONG,498900,841,,,{'id': 173033}
1199773043,LONG,308800,400,,,{'id': 152510}
1199773046,LONG,59900,200,,,{'id': 171840}
1199773051,LONG,849900,11,,,{'id': 173036}
1199773054,LONG,768900,25,,,{'id': 173036}
1199773059,LONG,718900,25,,,{'id': 173036}
1199773060,LONG,,1,1238700,,"{'id': 71350, 'context': 3, 'modifiers': [{'type': 28, 'value': 1029}]}"
1199773063,LONG,693900,25,,,{'id': 173036}
1199773064,LONG,,1,1238700,,"{'id': 71350, 'context': 3, 'modifiers': [{'type': 28, 'value': 1029}]}"
1199773068,LONG,,1,1238700,,"{'id': 71350, 'context': 3, 'modifiers': [{'type': 28, 'value': 1029}]}"
1199773069,LONG,184900,100,,,{'id': 172230}
1199773071,LONG,,1,26833700,,"{'id': 24812, 'context': 0, 'bonus_lists': [6654, 1707], 'modifiers': [{'type': 9, 'value': 30}, {'type': 28, 'value': 43}]}"
1199773074,LONG,,1,12638600,,"{'id': 24983, 'context': 0, 'bonus_lists': [6654, 1709], 'modifiers': [{'type': 9, 'value': 30}, {'type': 28, 'value': 40}]}"
1199773077,LONG,152400,200,,,{'id': 151565}
1199773079,LONG,,1,1000000,,"{'id': 9817, 'context': 0, 'bonus_lists': [6654, 1706], 'modifiers': [{'type': 9, 'value': 30}, {'type': 28, 'value': 17}]}"
1199773082,LONG,193400,200,,,{'id': 151565}
1199773083,LONG,,1,2528500,,"{'id': 36151, 'context': 2, 'bonus_lists': [6654, 1706], 'modifiers': [{'type': 9, 'value': 30}, {'type': 28, 'value': 1089}]}"
1199773085,LONG,,1,2528500,,"{'id': 36151, 'context': 2, 'bonus_lists': [6654, 1678], 'modifiers': [{'type': 9, 'value': 30}, {'type': 28, 'value': 1097}]}"
1199773086,LONG,85100,300,,,{'id': 168185}
1199773088,LONG,,1,2528500,,"{'id': 36151, 'context': 0, 'bonus_lists': [6654, 1692], 'modifiers': [{'type': 9, 'value': 30}, {'type': 28, 'value': 1023}]}"
1199773091,LONG,9900,200,,,{'id': 158378}
1199773093,LONG,,1,309400,,"{'id': 25051, 'context': 2, 'bonus_lists': [6654, 1693], 'modifiers': [{'type': 9, 'value': 30}, {'type': 28, 'value': 1068}]}"
1199773095,LONG,184500,580,,,{'id': 171829}
1199773097,LONG,,1,43090600,,"{'id': 25336, 'context': 0, 'bonus_lists': [6655, 1695], 'modifiers': [{'type': 9, 'value': 30}, {'type': 28, 'value': 43}]}"
1199774101,LONG,,1,12842600,,"{'id': 160161, 'context': 0, 'bonus_lists': [6654, 1683], 'modifiers': [{'type': 9, 'value': 50}, {'type': 28, 'value': 805}]}"
1199774102,LONG,59900,200,,,{'id': 167738}
1199774105,LONG,,1,17988400,,"{'id': 36595, 'context': 0, 'bonus_lists': [6655, 1681], 'modifiers': [{'type': 9, 'value': 30}, {'type': 28, 'value': 1023}]}"
1199774111,LONG,,1,7316100,,"{'id': 36289, 'context': 3, 'bonus_lists': [6654, 1708], 'modifiers': [{'type': 9, 'value': 30}, {'type': 28, 'value': 1020}]}"
1199774113,LONG,64900,294,,,{'id': 111557}
1199774116,LONG,,1,2251600,,"{'id': 25008, 'context': 0, 'bonus_lists': [6654, 1680], 'modifiers': [{'type': 9, 'value': 30}, {'type': 28, 'value': 43}]}"
1199774123,LONG,59900,294,,,{'id': 111557}
1199774124,LONG,,1,18897800,,"{'id': 24866, 'context': 0, 'bonus_lists': [6654, 1692], 'modifiers': [{'type': 9, 'value': 30}, {'type': 28, 'value': 41}]}"
1199774127,LONG,307000,600,,,{'id': 174327}
1199774128,LONG,1983800,1,,,{'id': 52766}
1199774132,LONG,,1,862900,,"{'id': 36041, 'context': 0, 'bonus_lists': [6654, 1680], 'modifiers': [{'type': 9, 'value': 30}, {'type': 28, 'value': 1023}]}"
1199774133,LONG,10000,200,,,{'id': 152544}
1199774137,LONG,12189500,1,,,{'id': 32718}
1199774138,LONG,944700,176,,,{'id': 172231}
1199774141,LONG,,1,706300,,"{'id': 25318, 'context': 2, 'bonus_lists': [6655, 1679], 'modifiers': [{'type': 9, 'value': 30}, {'type': 28, 'value': 1068}]}"
1199774144,LONG,952600,268,,,{'id': 172231}
1199774147,LONG,,1,500000,,"{'id': 55709, 'context': 5, 'bonus_lists': [6654, 1713], 'modifiers': [{'type': 9, 'value': 35}, {'type': 28, 'value': 1029}]}"
1199774149,LONG,831600,268,,,{'id': 172231}
1199774150,LONG,,1,500000,,"{'id': 55709, 'context': 5, 'bonus_lists': [6654, 1708], 'modifiers': [{'type': 9, 'value': 35}, {'type': 28, 'value': 1029}]}"
1199774154,LONG,,1,889900,,"{'id': 24851, 'context': 36, 'bonus_lists': [1694, 3851], 'modifiers': [{'type': 9, 'value': 50}]}"
1199774156,LONG,171200,79,,,{'id': 124102}
1199774157,LONG,,1,999200,,"{'id': 106732, 'context': 0, 'bonus_lists': [6654, 159], 'modifiers': [{'type': 9, 'value': 40}, {'type': 28, 'value': 176}]}"
1199774158,LONG,,1,828000,,"{'id': 71029, 'context': 3, 'modifiers': [{'type': 28, 'value': 1029}]}"
1199774160,LONG,146200,79,,,{'id': 124102}
1199774161,LONG,,1,15832000,,"{'id': 159556, 'context': 0, 'bonus_lists': [6655, 1709], 'modifiers': [{'type': 9, 'value': 50}, {'type': 28, 'value': 190}]}"
1199774162,LONG,,1,8812500,,"{'id': 24971, 'context': 0, 'bonus_lists': [6654, 1693], 'modifiers': [{'type': 9, 'value': 30}, {'type': 28, 'value': 40}]}"
1199774164,LONG,91900,11,,,{'id': 34054}
1199774166,LONG,,1,1000000,,"{'id': 71023, 'context': 3, 'modifiers': [{'type': 28, 'value': 1029}]}"
1199774167,LONG,59900,400,,,{'id': 172052}
1199774168,LONG,,1,1000000,,"{'id': 71023, 'context': 3, 'modifiers': [{'type': 28, 'value': 1029}]}"
1199774171,LONG,,1,502400,,"{'id': 116619, 'context': 0, 'bonus_lists': [6655, 63], 'modifiers': [{'type': 9, 'value': 40}, {'type': 28, 'value': 176}]}"
1199774173,LONG,101000,175,,,{'id': 10940}
1199774175,LONG,,1,502400,,"{'id': 116619, 'context': 0, 'bonus_lists': [6655, 108], 'modifiers': [{'type': 9, 'value': 40}, {'type': 28, 'value': 176}]}"
1199774181,LONG,120800,200,,,{'id': 2319}
1199774185,LONG,223300,200,,,{'id': 163569}
1199774186,LONG,59900,200,,,{'id': 12359}
1199774188,LONG,334300,100,,,{'id': 173037}
1199774190,LONG,309300,400,,,{'id': 173037}
1199774192,LONG,59900,200,,,{'id': 3575}
1199774197,LONG,59900,200,,,{'id': 2838}
1199774199,LONG,59900,200,,,{'id': 33470}
1199774204,LONG,85600,143,,,{'id': 124441}
1199774205,LONG,119600,200,,,{'id': 124441}
1199774207,LONG,86100,200,,,{'id': 156930}
1199774212,LONG,59900,200,,,{'id': 109693}
1199774213,LONG,59900,200,,,{'id': 2835}
1199774218,LONG,700,150,,,{'id': 14344}
1199774223,LONG,113700,388,,,{'id': 152876}
1199774226,LONG,59900,125,,,{'id': 124115}
1199774228,LONG,59900,354,,,{'id': 109119}
1199774229,LONG,116200,200,,,{'id': 2318}
1199774233,LONG,65300,200,,,{'id': 2770}
1199774235,LONG,97200,200,,,{'id': 2770}
1199774237,LONG,59900,400,,,{'id': 152576}
1199774239,LONG,322800,200,,,{'id': 171830}
1199774242,LONG,115200,192,,,{'id': 53010}
1199774243,LONG,90200,191,,,{'id': 53010}
1199774246,LONG,749900,200,,,{'id': 168487}
1199774249,LONG,637000,200,,,{'id': 168487}
1199774252,LONG,587000,200,,,{'id': 168487}
1199774255,LONG,562000,200,,,{'id': 168487}
1199774257,LONG,114200,200,,,{'id': 151564}
1199774260,LONG,221800,125,,,{'id': 124440}
1199774263,LONG,776800,8,,,{'id': 173204}
1199774265,LONG,313300,24,,,{'id': 2453}
1199774267,LONG,128500,200,,,{'id': 3858}
1199774268,LONG,899900,240,,,{'id': 172094}
1199774270,LONG,849900,240,,,{'id': 172094}
1199774272,LONG,827300,98,,,{'id': 172094}
1199774281,LONG,6400,200,,,{'id': 158187}
1199774285,LONG,266700,300,,,{'id': 171831}
1199774287,LONG,241700,300,,,{'id': 171831}
1199774290,LONG,59900,200,,,{'id': 4304}
1199774293,LONG,267400,142,,,{'id': 152512}
1199774299,LONG,217400,200,,,{'id': 152512}
1199774300,LONG,192400,200,,,{'id': 152512}
1199774303,LONG,5900,200,,,{'id': 153635}
1199774308,LONG,300900,200,,,{'id': 173035}
1199774311,LONG,59900,200,,,{'id': 152513}
1199774315,LONG,3700,200,,,{'id': 152542}
1199774320,LONG,91900,47,,,{'id': 2450}
1199774324,LONG,153500,244,,,{'id': 152579}
1199774328,LONG,103500,287,,,{'id': 152579}
1199774330,LONG,78500,286,,,{'id': 152579}
1199774334,LONG,159600,6,,,{'id': 124103}
1199774339,LONG,14900,200,,,{'id': 168646}
1199774345,LONG,1064600,200,,,{'id': 168646}
1199774348,LONG,106700,294,,,{'id': 152577}
1199774354,LONG,121100,400,,,{'id': 169701}
1199774357,LONG,93400,200,,,{'id': 2772}
1199774359,LONG,84200,200,,,{'id': 785}
1199774368,LONG,236300,100,,,{'id': 123918}
1199774372,LONG,211300,100,,,{'id': 123918}
1199774375,LONG,161000,160,,,{'id': 52976}
1199774381,LONG,771000,266,,,{'id': 172231}
1199774561,LONG,,1,97000000,,"{'id': 82800, 'context': 0, 'pet_breed_id': 19, 'pet_level': 1, 'pet_quality_id': 2, 'pet_species_id': 3045}"
1199774609,LONG,,1,50009700,,"{'id': 173248, 'context': 63, 'bonus_lists': [6716, 7194, 1487]}"
1199774612,LONG,,1,50009700,,"{'id': 173248, 'context': 63, 'bonus_lists': [6716, 7194, 1487]}"
1199774613,LONG,,1,50009700,,"{'id': 173248, 'context': 63, 'bonus_lists': [6716, 7194, 1487]}"
1199774614,LONG,,1,50009700,,"{'id': 173248, 'context': 63, 'bonus_lists': [6716, 7194, 1487]}"
1199774617,LONG,,1,50009700,,"{'id': 173248, 'context': 63, 'bonus_lists': [6716, 7193, 1487]}"
1199774618,LONG,,1,50009700,,"{'id': 173248, 'context': 63, 'bonus_lists': [6716, 7194, 1487]}"
1199774619,LONG,,1,50009700,,"{'id': 173248, 'context': 63, 'bonus_lists': [6716, 7194, 1487]}"
1199774621,LONG,,1,50009700,,"{'id': 173248, 'context': 63, 'bonus_lists': [6716, 7194, 1487]}"
1199774626,LONG,,1,50009700,,"{'id': 173248, 'context': 63, 'bonus_lists': [6716, 7194, 1487]}"
1199774628,LONG,,1,50009700,,"{'id': 173248, 'context': 63, 'bonus_lists': [6716, 7194, 1487]}"
1199774629,LONG,,1,50009700,,"{'id': 173248, 'context': 63, 'bonus_lists': [6716, 7194, 1487]}"
1199774630,LONG,,1,50009700,,"{'id': 173248, 'context': 63, 'bonus_lists': [6716, 7193, 1487]}"
1199774633,LONG,,1,50009700,,"{'id': 173248, 'context': 63, 'bonus_lists': [6716, 7193, 1487]}"
1199774681,LONG,,1,134009600,,"{'id': 173248, 'context': 64, 'bonus_lists': [6717, 7194, 1507]}"
1199774682,LONG,,1,134009600,,"{'id': 173248, 'context': 64, 'bonus_lists': [6717, 7194, 1507]}"
1199774683,LONG,,1,134009600,,"{'id': 173248, 'context': 64, 'bonus_lists': [6717, 7193, 1507]}"
1199774684,LONG,,1,134009600,,"{'id': 173248, 'context': 64, 'bonus_lists': [6717, 7194, 1507]}"
1199774686,LONG,,1,134009600,,"{'id': 173248, 'context': 64, 'bonus_lists': [6717, 7193, 1507]}"
1199774687,LONG,,1,134009600,,"{'id': 173248, 'context': 64, 'bonus_lists': [6717, 7193, 1507]}"
1199774689,LONG,,1,134009600,,"{'id': 173248, 'context': 64, 'bonus_lists': [6717, 7193, 1507]}"
1199774690,LONG,,1,134009600,,"{'id': 173248, 'context': 64, 'bonus_lists': [6717, 7194, 1507]}"
1199774691,LONG,,1,134009600,,"{'id': 173248, 'context': 64, 'bonus_lists': [6717, 7193, 1507]}"
1199774694,LONG,,1,134009600,,"{'id': 173248, 'context': 64, 'bonus_lists': [6717, 7193, 1507]}"
1199774695,LONG,,1,134009600,,"{'id': 173248, 'context': 64, 'bonus_lists': [6717, 7194, 1507]}"
1199774697,LONG,,1,134009600,,"{'id': 173248, 'context': 64, 'bonus_lists': [6717, 7194, 1507]}"
1199774698,LONG,,1,134009600,,"{'id': 173248, 'context': 64, 'bonus_lists': [6717, 7193, 1507]}"
1199774731,LONG,,1,349999500,,"{'id': 173248, 'context': 65, 'bonus_lists': [6718, 7193, 1522]}"
1199774732,LONG,,1,349999500,,"{'id': 173248, 'context': 65, 'bonus_lists': [6718, 7194, 1522]}"
1199774733,LONG,,1,349999500,,"{'id': 173248, 'context': 65, 'bonus_lists': [6718, 7193, 1522]}"
1199774735,LONG,,1,349999500,,"{'id': 173248, 'context': 65, 'bonus_lists': [6718, 7194, 1522]}"
1199774737,LONG,,1,349999500,,"{'id': 173248, 'context': 65, 'bonus_lists': [6718, 7194, 1522]}"
1199774738,LONG,,1,349999500,,"{'id': 173248, 'context': 65, 'bonus_lists': [6718, 7194, 1522]}"
1199774740,LONG,,1,349999500,,"{'id': 173248, 'context': 65, 'bonus_lists': [6718, 7193, 1522]}"
1199774745,LONG,,1,349999500,,"{'id': 173248, 'context': 65, 'bonus_lists': [6718, 7194, 1522]}"
1199774746,LONG,,1,349999500,,"{'id': 173248, 'context': 65, 'bonus_lists': [6718, 7194, 1522]}"
1199774747,LONG,,1,349999500,,"{'id': 173248, 'context': 65, 'bonus_lists': [6718, 7193, 1522]}"
1199774750,LONG,,1,349999500,,"{'id': 173248, 'context': 65, 'bonus_lists': [6718, 7194, 1522]}"
1199774751,LONG,,1,349999500,,"{'id': 173248, 'context': 65, 'bonus_lists': [6718, 7193, 1522]}"
1199774752,LONG,,1,349999500,,"{'id': 173248, 'context': 65, 'bonus_lists': [6718, 7194, 1522]}"
1199774753,LONG,,1,349999500,,"{'id': 173248, 'context': 65, 'bonus_lists': [6718, 7194, 1522]}"
1199774756,LONG,,1,349999500,,"{'id': 173248, 'context': 65, 'bonus_lists': [6718, 7194, 1522]}"
1199774769,LONG,,1,1999900,,"{'id': 173244, 'context': 63, 'bonus_lists': [6716, 1487]}"
1199774781,LONG,,1,4999500,,"{'id': 173243, 'context': 63, 'bonus_lists': [6716, 1487]}"
1199774782,LONG,,1,4999500,,"{'id': 173243, 'context': 63, 'bonus_lists': [6716, 1487]}"
1199774971,LONG,,1,4499900,,"{'id': 172251, 'context': 13, 'bonus_lists': [6893], 'modifiers': [{'type': 9, 'value': 50}, {'type': 28, 'value': 391}, {'type': 29, 'value': 40}, {'type': 30, 'value': 32}]}"
1199774976,LONG,,1,4499900,,"{'id': 172251, 'context': 13, 'bonus_lists': [6893], 'modifiers': [{'type': 9, 'value': 50}, {'type': 28, 'value': 391}, {'type': 29, 'value': 32}, {'type': 30, 'value': 36}]}"
1199774980,LONG,,1,4499900,,"{'id': 172251, 'context': 13, 'bonus_lists': [6893], 'modifiers': [{'type': 9, 'value': 50}, {'type': 28, 'value': 391}, {'type': 29, 'value': 36}, {'type': 30, 'value': 40}]}"
1199775007,LONG,1450000,137,,,{'id': 172439}
1199775018,LONG,5700000,3,,,{'id': 177962}
1199775074,LONG,,1,170000000,,"{'id': 82800, 'context': 0, 'modifiers': [{'type': 6, 'value': 59330}], 'pet_breed_id': 5, 'pet_level': 1, 'pet_quality_id': 3, 'pet_species_id': 1523}"
1199777117,LONG,2220000,2,,,{'id': 158212}
1199777308,LONG,,1,5089600,,"{'id': 172260, 'context': 13, 'bonus_lists': [6893], 'modifiers': [{'type': 9, 'value': 50}, {'type': 28, 'value': 391}, {'type': 29, 'value': 49}, {'type': 30, 'value': 40}]}"
1199777310,LONG,,1,5089600,,"{'id': 172260, 'context': 13, 'bonus_lists': [6893], 'modifiers': [{'type': 9, 'value': 50}, {'type': 28, 'value': 391}, {'type': 29, 'value': 32}, {'type': 30, 'value': 49}]}"
1199777331,LONG,2220000,1,,,{'id': 158212}
1199777637,LONG,,1,54780800,46015900,"{'id': 4055, 'context': 1, 'bonus_lists': [6654], 'modifiers': [{'type': 9, 'value': 30}, {'type': 28, 'value': 211}]}"
1199777639,LONG,,1,54780800,46015900,"{'id': 4055, 'context': 0, 'bonus_lists': [6654], 'modifiers': [{'type': 9, 'value': 43}, {'type': 28, 'value': 1812}]}"
1199777642,LONG,,1,154717800,129963000,"{'id': 2877, 'context': 1, 'bonus_lists': [6659], 'modifiers': [{'type': 9, 'value': 30}, {'type': 28, 'value': 208}]}"
1199777643,LONG,,1,6150200,5166200,"{'id': 24619, 'context': 1, 'bonus_lists': [6654, 1680], 'modifiers': [{'type': 9, 'value': 30}, {'type': 28, 'value': 222}]}"
1199777654,LONG,,1,2284900,1919300,"{'id': 4575, 'context': 1, 'bonus_lists': [6655, 1678], 'modifiers': [{'type': 9, 'value': 30}, {'type': 28, 'value': 193}]}"
1199777655,LONG,,1,74980000,62983200,"{'id': 14191, 'context': 1, 'bonus_lists': [6654, 1709], 'modifiers': [{'type': 9, 'value': 30}, {'type': 28, 'value': 280}]}"
1199777658,LONG,,1,230000,193200,"{'id': 5212, 'context': 1, 'bonus_lists': [6655], 'modifiers': [{'type': 9, 'value': 30}, {'type': 28, 'value': 193}]}"
1199777660,LONG,,1,1318200,1107300,"{'id': 6562, 'context': 1, 'bonus_lists': [6654, 1677], 'modifiers': [{'type': 9, 'value': 30}, {'type': 28, 'value': 200}]}"
1199777663,LONG,,1,1318200,1107300,"{'id': 6562, 'context': 1, 'bonus_lists': [6654, 1707], 'modifiers': [{'type': 9, 'value': 30}, {'type': 28, 'value': 213}]}"
1199777664,LONG,,1,1318200,1107300,"{'id': 6562, 'context': 1, 'bonus_lists': [6654, 1679], 'modifiers': [{'type': 9, 'value': 30}, {'type': 28, 'value': 213}]}"
1199777668,LONG,,1,15529800,13045000,"{'id': 14423, 'context': 1, 'bonus_lists': [6654], 'modifiers': [{'type': 9, 'value': 30}, {'type': 28, 'value': 206}]}"
1199777670,LONG,,1,15529800,13045000,"{'id': 14423, 'context': 1, 'bonus_lists': [6654], 'modifiers': [{'type': 9, 'value': 30}, {'type': 28, 'value': 206}]}"
1199777672,LONG,,1,490000,411600,"{'id': 865, 'context': 1, 'bonus_lists': [6655, 1680], 'modifiers': [{'type': 9, 'value': 30}, {'type': 28, 'value': 208}]}"
1199777676,LONG,,1,4062000,3412100,"{'id': 3430, 'context': 1, 'bonus_lists': [6655, 1680], 'modifiers': [{'type': 9, 'value': 30}, {'type': 28, 'value': 209}]}"
1199777678,LONG,,1,84331600,70838500,"{'id': 14909, 'context': 1, 'bonus_lists': [6654, 1679], 'modifiers': [{'type': 9, 'value': 30}, {'type': 28, 'value': 209}]}"
1199777680,LONG,,1,54101200,45445000,"{'id': 15546, 'context': 1, 'bonus_lists': [6654, 1705], 'modifiers': [{'type': 9, 'value': 30}, {'type': 28, 'value': 208}]}"
1199777682,LONG,,1,3036800,2550900,"{'id': 6556, 'context': 0, 'bonus_lists': [6654, 1691], 'modifiers': [{'type': 9, 'value': 30}, {'type': 28, 'value': 1793}]}"
1199777686,LONG,,1,1231093400,1034118500,"{'id': 7752, 'context': 1, 'bonus_lists': [6710], 'modifiers': [{'type': 9, 'value': 30}, {'type': 28, 'value': 211}]}"
1199777689,LONG,,1,15471300,12995900,"{'id': 132743, 'context': 1, 'bonus_lists': [6710], 'modifiers': [{'type': 9, 'value': 30}, {'type': 28, 'value': 193}]}"
1199777694,LONG,,1,15471300,12995900,"{'id': 132743, 'context': 1, 'bonus_lists': [6710], 'modifiers': [{'type': 9, 'value': 30}, {'type': 28, 'value': 193}]}"
1199777696,LONG,,1,8011400,6729600,"{'id': 6615, 'context': 1, 'bonus_lists': [6654, 1677], 'modifiers': [{'type': 9, 'value': 30}, {'type': 28, 'value': 210}]}"
1199777698,LONG,,1,44919100,37732000,"{'id': 14730, 'context': 1, 'bonus_lists': [6654], 'modifiers': [{'type': 9, 'value': 30}, {'type': 28, 'value': 200}]}"
1199777699,LONG,,1,971000,815600,"{'id': 121161, 'context': 0, 'bonus_lists': [6654, 1694], 'modifiers': [{'type': 9, 'value': 29}, {'type': 28, 'value': 1699}]}"
1199777700,LONG,167600,1,,,{'id': 171829}
1199777702,LONG,,1,6797100,5709600,"{'id': 4570, 'context': 1, 'bonus_lists': [6655, 1680], 'modifiers': [{'type': 9, 'value': 30}, {'type': 28, 'value': 202}]}"
1199777706,LONG,,1,2443700,2052700,"{'id': 15222, 'context': 1, 'bonus_lists': [6655, 1677], 'modifiers': [{'type': 9, 'value': 30}, {'type': 28, 'value': 193}]}"
1199777708,LONG,,1,12520700,10517400,"{'id': 24960, 'context': 1, 'bonus_lists': [6654, 1708], 'modifiers': [{'type': 9, 'value': 30}, {'type': 28, 'value': 222}]}"
1199777711,LONG,,1,31807300,26718100,"{'id': 15578, 'context': 1, 'bonus_lists': [6654, 1692], 'modifiers': [{'type': 9, 'value': 30}, {'type': 28, 'value': 281}]}"
1199777714,LONG,,1,178787900,150181800,"{'id': 14915, 'context': 1, 'bonus_lists': [6654, 1677], 'modifiers': [{'type': 9, 'value': 30}, {'type': 28, 'value': 218}]}"
1199777715,LONG,,1,13087500,10993500,"{'id': 36525, 'context': 2, 'bonus_lists': [6655, 1677], 'modifiers': [{'type': 9, 'value': 30}, {'type': 28, 'value': 1087}]}"
1199777717,LONG,,1,7938800,6668600,"{'id': 11986, 'context': 1, 'bonus_lists': [6654, 1691], 'modifiers': [{'type': 9, 'value': 30}, {'type': 28, 'value': 209}]}"
1199777720,LONG,,1,33980000,28543200,"{'id': 14764, 'context': 1, 'bonus_lists': [6654], 'modifiers': [{'type': 9, 'value': 30}, {'type': 28, 'value': 280}]}"
1199777721,LONG,,1,21879000,18378400,"{'id': 25189, 'context': 1, 'bonus_lists': [6655, 1693], 'modifiers': [{'type': 9, 'value': 30}, {'type': 28, 'value': 222}]}"
1199777724,LONG,,1,17980000,15103200,"{'id': 14408, 'context': 1, 'bonus_lists': [6654], 'modifiers': [{'type': 9, 'value': 30}, {'type': 28, 'value': 280}]}"
1199777728,LONG,,1,4690200,3939800,"{'id': 9788, 'context': 1, 'bonus_lists': [6654, 1692], 'modifiers': [{'type': 9, 'value': 30}, {'type': 28, 'value': 213}]}"
1199777732,LONG,,1,4690200,3939800,"{'id': 9788, 'context': 1, 'bonus_lists': [6654, 1707], 'modifiers': [{'type': 9, 'value': 30}, {'type': 28, 'value': 202}]}"
1199777735,LONG,,1,19480000,16363200,"{'id': 9757, 'context': 1, 'bonus_lists': [6654, 1693], 'modifiers': [{'type': 9, 'value': 30}, {'type': 28, 'value': 202}]}"
1199777737,LONG,,1,19480000,16363200,"{'id': 9757, 'context': 1, 'bonus_lists': [6654, 1692], 'modifiers': [{'type': 9, 'value': 30}, {'type': 28, 'value': 202}]}"
1199777740,LONG,220000,7,,,{'id': 171830}
1199777742,LONG,,1,29980000,25183200,"{'id': 14917, 'context': 1, 'bonus_lists': [6654, 1677], 'modifiers': [{'type': 9, 'value': 34}, {'type': 28, 'value': 1912}]}"
1199777745,LONG,,1,29980000,25183200,"{'id': 14917, 'context': 1, 'bonus_lists': [6654, 1705], 'modifiers': [{'type': 9, 'value': 30}, {'type': 28, 'value': 209}]}"
1199777746,LONG,,1,7408000,6222700,"{'id': 12010, 'context': 1, 'bonus_lists': [6654, 1705], 'modifiers': [{'type': 9, 'value': 30}, {'type': 28, 'value': 281}]}"
1199777750,LONG,,1,37376100,31395900,"{'id': 120954, 'context': 1, 'bonus_lists': [6654], 'modifiers': [{'type': 9, 'value': 30}, {'type': 28, 'value': 193}]}"
1199777752,LONG,,1,13331400,11198400,"{'id': 3041, 'context': 1, 'bonus_lists': [6655], 'modifiers': [{'type': 9, 'value': 30}, {'type': 28, 'value': 280}]}"
1199777753,LONG,,1,13331400,11198400,"{'id': 3041, 'context': 0, 'bonus_lists': [6655], 'modifiers': [{'type': 9, 'value': 27}, {'type': 28, 'value': 1783}]}"
1199777758,LONG,,1,29678400,24929900,"{'id': 7423, 'context': 1, 'bonus_lists': [6654, 1681], 'modifiers': [{'type': 9, 'value': 30}, {'type': 28, 'value': 211}]}"
1199777762,LONG,,1,11047300,9279700,"{'id': 14367, 'context': 1, 'bonus_lists': [6654], 'modifiers': [{'type': 9, 'value': 30}, {'type': 28, 'value': 193}]}"
1199777767,LONG,,1,42929400,36060700,"{'id': 4071, 'context': 0, 'bonus_lists': [6654], 'modifiers': [{'type': 9, 'value': 30}, {'type': 28, 'value': 17}]}"
1199777768,LONG,,1,2485200,2087600,"{'id': 3042, 'context': 1, 'bonus_lists': [6655], 'modifiers': [{'type': 9, 'value': 30}, {'type': 28, 'value': 211}]}"
1199777770,LONG,,1,11939000,10028800,"{'id': 121057, 'context': 0, 'bonus_lists': [6654, 1688], 'modifiers': [{'type': 9, 'value': 38}, {'type': 28, 'value': 1705}]}"
1199777771,LONG,,1,33992100,28553400,"{'id': 14949, 'context': 1, 'bonus_lists': [6654, 1680], 'modifiers': [{'type': 9, 'value': 30}, {'type': 28, 'value': 218}]}"
1199777775,LONG,,1,105521500,88638100,"{'id': 14773, 'context': 0, 'bonus_lists': [6654], 'modifiers': [{'type': 9, 'value': 30}, {'type': 28, 'value': 22}]}"
1199777777,LONG,,1,29337200,24643200,"{'id': 14768, 'context': 1, 'bonus_lists': [6654], 'modifiers': [{'type': 9, 'value': 30}, {'type': 28, 'value': 209}]}"
1199777779,LONG,1640000,3,,,{'id': 171833}
1199777782,LONG,,1,980100,823300,"{'id': 789, 'context': 1, 'bonus_lists': [6655, 1677], 'modifiers': [{'type': 9, 'value': 10}, {'type': 28, 'value': 200}]}"
1199777786,LONG,,1,23008800,19327400,"{'id': 121164, 'context': 0, 'bonus_lists': [6654, 1678], 'modifiers': [{'type': 9, 'value': 25}, {'type': 28, 'value': 1705}]}"
1199777787,LONG,,1,3189300,2679000,"{'id': 1990, 'context': 1, 'bonus_lists': [6655, 1692], 'modifiers': [{'type': 9, 'value': 30}, {'type': 28, 'value': 281}]}"
1199777789,LONG,,1,3189300,2679000,"{'id': 1990, 'context': 0, 'bonus_lists': [6655, 1680], 'modifiers': [{'type': 9, 'value': 30}, {'type': 28, 'value': 22}]}"
1199777790,LONG,,1,3189300,2679000,"{'id': 1990, 'context': 1, 'bonus_lists': [6655, 1708], 'modifiers': [{'type': 9, 'value': 30}, {'type': 28, 'value': 280}]}"
1199777792,LONG,,1,5923200,4975500,"{'id': 2077, 'context': 1, 'bonus_lists': [6655, 1709], 'modifiers': [{'type': 9, 'value': 30}, {'type': 28, 'value': 211}]}"
1199777793,LONG,,1,84269500,70786400,"{'id': 55389, 'context': 0, 'bonus_lists': [6655, 1714], 'modifiers': [{'type': 9, 'value': 35}, {'type': 28, 'value': 1027}]}"
1199777794,LONG,100,25,,,{'id': 124438}
1199777796,LONG,,1,39947000,33555500,"{'id': 14838, 'context': 1, 'bonus_lists': [6654], 'modifiers': [{'type': 9, 'value': 30}, {'type': 28, 'value': 209}]}"
1199777800,LONG,,1,54191200,45520600,"{'id': 14407, 'context': 1, 'bonus_lists': [6654], 'modifiers': [{'type': 9, 'value': 30}, {'type': 28, 'value': 280}]}"
1199777801,LONG,,1,50223500,42187700,"{'id': 14827, 'context': 1, 'bonus_lists': [6654], 'modifiers': [{'type': 9, 'value': 30}, {'type': 28, 'value': 209}]}"
1199777803,LONG,,1,50223500,42187700,"{'id': 14827, 'context': 1, 'bonus_lists': [6654], 'modifiers': [{'type': 9, 'value': 30}, {'type': 28, 'value': 209}]}"
1199777805,LONG,,1,8571800,7200300,"{'id': 9871, 'context': 1, 'bonus_lists': [6654, 1708], 'modifiers': [{'type': 9, 'value': 30}, {'type': 28, 'value': 209}]}"
1199777807,LONG,,1,51729000,43452400,"{'id': 14205, 'context': 1, 'bonus_lists': [6654, 1692], 'modifiers': [{'type': 9, 'value': 30}, {'type': 28, 'value': 280}]}"
1199777810,LONG,,1,51729000,43452400,"{'id': 14205, 'context': 0, 'bonus_lists': [6654, 1708], 'modifiers': [{'type': 9, 'value': 30}, {'type': 28, 'value': 19}]}"
1199777811,LONG,,1,33988700,28550500,"{'id': 15590, 'context': 0, 'bonus_lists': [6654, 1694], 'modifiers': [{'type': 9, 'value': 25}, {'type': 28, 'value': 1783}]}"
1199777813,LONG,,1,286800,240900,"{'id': 15212, 'context': 0, 'bonus_lists': [6655, 1707], 'modifiers': [{'type': 9, 'value': 30}, {'type': 28, 'value': 75}]}"
1199777817,LONG,,1,37799100,31751200,"{'id': 15560, 'context': 1, 'bonus_lists': [6654, 1695], 'modifiers': [{'type': 9, 'value': 30}, {'type': 28, 'value': 280}]}"
1199777822,LONG,,1,11294100,9487000,"{'id': 121152, 'context': 0, 'bonus_lists': [6654, 1692], 'modifiers': [{'type': 9, 'value': 14}, {'type': 28, 'value': 1705}]}"
1199777824,LONG,,1,11294100,9487000,"{'id': 121152, 'context': 0, 'bonus_lists': [6654, 1686], 'modifiers': [{'type': 9, 'value': 25}, {'type': 28, 'value': 1705}]}"
1199777826,LONG,,1,8980000,7543200,"{'id': 14174, 'context': 1, 'bonus_lists': [6654, 1694], 'modifiers': [{'type': 9, 'value': 30}, {'type': 28, 'value': 8}]}"
1199777830,LONG,,1,8980000,7543200,"{'id': 14174, 'context': 1, 'bonus_lists': [6654, 1678], 'modifiers': [{'type': 9, 'value': 30}, {'type': 28, 'value': 213}]}"
1199777833,LONG,,1,14480000,12163200,"{'id': 121112, 'context': 0, 'bonus_lists': [6654, 1708], 'modifiers': [{'type': 9, 'value': 29}, {'type': 28, 'value': 1699}]}"
1199777838,LONG,,1,48536200,40770400,"{'id': 14398, 'context': 1, 'bonus_lists': [6654], 'modifiers': [{'type': 9, 'value': 30}, {'type': 28, 'value': 208}]}"
1199777843,LONG,,1,107894500,90631400,"{'id': 14751, 'context': 1, 'bonus_lists': [6654], 'modifiers': [{'type': 9, 'value': 30}, {'type': 28, 'value': 208}]}"
1199777845,LONG,,1,3200500,2688400,"{'id': 4561, 'context': 1, 'modifiers': [{'type': 28, 'value': 202}]}"
1199777850,LONG,,1,2980000,2503200,"{'id': 2986, 'context': 1, 'bonus_lists': [6654], 'modifiers': [{'type': 9, 'value': 30}, {'type': 28, 'value': 213}]}"
1199777851,LONG,,1,2980000,2503200,"{'id': 2986, 'context': 1, 'bonus_lists': [6654], 'modifiers': [{'type': 9, 'value': 30}, {'type': 28, 'value': 213}]}"
1199777853,LONG,,1,2980000,2503200,"{'id': 2986, 'context': 1, 'bonus_lists': [6654], 'modifiers': [{'type': 9, 'value': 30}, {'type': 28, 'value': 8}]}"
1199777859,LONG,,1,2460700,2067000,"{'id': 2079, 'context': 1, 'bonus_lists': [6655, 1692], 'modifiers': [{'type': 9, 'value': 30}, {'type': 28, 'value': 8}]}"
1199777862,LONG,,1,2460700,2067000,"{'id': 2079, 'context': 1, 'bonus_lists': [6655, 1695], 'modifiers': [{'type': 9, 'value': 30}, {'type': 28, 'value': 193}]}"
1199777866,LONG,,1,2460700,2067000,"{'id': 2079, 'context': 1, 'bonus_lists': [6655, 1708], 'modifiers': [{'type': 9, 'value': 30}, {'type': 28, 'value': 213}]}"
1199777868,LONG,,1,2460700,2067000,"{'id': 2079, 'context': 1, 'bonus_lists': [6655, 1691], 'modifiers': [{'type': 9, 'value': 30}, {'type': 28, 'value': 8}]}"
1199777870,LONG,,1,7721000,6485600,"{'id': 121077, 'context': 0, 'bonus_lists': [6654, 1679], 'modifiers': [{'type': 9, 'value': 38}, {'type': 28, 'value': 1705}]}"
1199777874,LONG,,1,146943500,123432500,"{'id': 14919, 'context': 1, 'bonus_lists': [6654, 1680], 'modifiers': [{'type': 9, 'value': 30}, {'type': 28, 'value': 218}]}"
1199777876,LONG,,1,16457600,13824400,"{'id': 7407, 'context': 0, 'bonus_lists': [6654, 1691], 'modifiers': [{'type': 9, 'value': 46}, {'type': 28, 'value': 1812}]}"
1199777879,LONG,,1,12599200,10583300,"{'id': 121153, 'context': 0, 'bonus_lists': [6654, 1693], 'modifiers': [{'type': 9, 'value': 45}, {'type': 28, 'value': 334}]}"
1199777880,LONG,16700,3,,,{'id': 177061}
1199777883,LONG,,1,2483000,2085700,"{'id': 15260, 'context': 1, 'bonus_lists': [6655, 1694], 'modifiers': [{'type': 9, 'value': 30}, {'type': 28, 'value': 280}]}"
1199777884,LONG,,1,2483000,2085700,"{'id': 15260, 'context': 0, 'bonus_lists': [6655, 1708], 'modifiers': [{'type': 9, 'value': 30}, {'type': 28, 'value': 22}]}"
1199777887,LONG,,1,13467000,11312300,"{'id': 24746, 'context': 1, 'bonus_lists': [6654, 1708], 'modifiers': [{'type': 9, 'value': 30}, {'type': 28, 'value': 222}]}"
1199777890,LONG,,1,42649000,35825200,"{'id': 15561, 'context': 1, 'bonus_lists': [6654, 1709], 'modifiers': [{'type': 9, 'value': 30}, {'type': 28, 'value': 280}]}"
1199777894,LONG,,1,123100000,103404000,"{'id': 87491, 'context': 0, 'bonus_lists': [6658], 'modifiers': [{'type': 9, 'value': 42}]}"
1199777896,LONG,,1,37480000,31483200,"{'id': 14117, 'context': 1, 'bonus_lists': [6654, 1681], 'modifiers': [{'type': 9, 'value': 30}, {'type': 28, 'value': 193}]}"
1199777901,LONG,,1,1070000,898800,"{'id': 2987, 'context': 0, 'bonus_lists': [6654], 'modifiers': [{'type': 9, 'value': 32}, {'type': 28, 'value': 1793}]}"
1199777903,LONG,,1,74401400,62497200,"{'id': 15513, 'context': 1, 'bonus_lists': [6654, 1692], 'modifiers': [{'type': 9, 'value': 30}, {'type': 28, 'value': 200}]}"
1199777906,LONG,,1,5326200,4474000,"{'id': 9851, 'context': 0, 'bonus_lists': [6654, 1694], 'modifiers': [{'type': 9, 'value': 46}, {'type': 28, 'value': 1812}]}"
1199777908,LONG,,1,8246100,6926700,"{'id': 25314, 'context': 1, 'bonus_lists': [6655, 1707], 'modifiers': [{'type': 9, 'value': 30}, {'type': 28, 'value': 222}]}"
1199777911,LONG,,1,86690000,72819600,"{'id': 14236, 'context': 1, 'bonus_lists': [6654, 1709], 'modifiers': [{'type': 9, 'value': 30}, {'type': 28, 'value': 280}]}"
1199777914,LONG,,1,209517500,175994700,"{'id': 1975, 'context': 1, 'bonus_lists': [6710], 'modifiers': [{'type': 9, 'value': 30}, {'type': 28, 'value': 208}]}"
1199777915,LONG,,1,3826800,3214500,"{'id': 15225, 'context': 1, 'bonus_lists': [6655, 1691], 'modifiers': [{'type': 9, 'value': 30}, {'type': 28, 'value': 280}]}"
1199777919,LONG,,1,3826800,3214500,"{'id': 15225, 'context': 1, 'bonus_lists': [6655, 1677], 'modifiers': [{'type': 9, 'value': 30}, {'type': 28, 'value': 208}]}"
1199777921,LONG,,1,27383900,23002500,"{'id': 15232, 'context': 1, 'bonus_lists': [6655, 1680], 'modifiers': [{'type': 9, 'value': 30}, {'type': 28, 'value': 206}]}"
1199777925,LONG,,1,2215500,1861000,"{'id': 3187, 'context': 1, 'bonus_lists': [6655, 1706], 'modifiers': [{'type': 9, 'value': 30}, {'type': 28, 'value': 209}]}"
1199777930,LONG,,1,25918400,21771500,"{'id': 15360, 'context': 1, 'bonus_lists': [6654, 1705], 'modifiers': [{'type': 9, 'value': 30}, {'type': 28, 'value': 206}]}"
1199777932,LONG,,1,7732000,6494900,"{'id': 15231, 'context': 1, 'bonus_lists': [6655, 1695], 'modifiers': [{'type': 9, 'value': 30}, {'type': 28, 'value': 211}]}"
1199777934,LONG,,1,7732000,6494900,"{'id': 15231, 'context': 1, 'bonus_lists': [6655, 1695], 'modifiers': [{'type': 9, 'value': 30}, {'type': 28, 'value': 211}]}"
1199777938,LONG,,1,40271700,33828200,"{'id': 15534, 'context': 1, 'bonus_lists': [6654, 1706], 'modifiers': [{'type': 9, 'value': 30}, {'type': 28, 'value': 280}]}"
1199777941,LONG,,1,40271700,33828200,"{'id': 15534, 'context': 1, 'bonus_lists': [6654, 1694], 'modifiers': [{'type': 9, 'value': 30}, {'type': 28, 'value': 208}]}"
1199777943,LONG,,1,40271700,33828200,"{'id': 15534, 'context': 1, 'bonus_lists': [6654, 1691], 'modifiers': [{'type': 9, 'value': 30}, {'type': 28, 'value': 280}]}"
1199777949,LONG,,1,72073800,60542000,"{'id': 14603, 'context': 1, 'bonus_lists': [6654], 'modifiers': [{'type': 9, 'value': 30}, {'type': 28, 'value': 280}]}"
1199777956,LONG,,1,45094200,37879100,"{'id': 14120, 'context': 1, 'bonus_lists': [6654, 1709], 'modifiers': [{'type': 9, 'value': 30}, {'type': 28, 'value': 193}]}"
1199777957,LONG,,1,6980000,5863200,"{'id': 14168, 'context': 1, 'bonus_lists': [6654, 1705], 'modifiers': [{'type': 9, 'value': 30}, {'type': 28, 'value': 213}]}"
1199777960,LONG,,1,6980000,5863200,"{'id': 14168, 'context': 1, 'bonus_lists': [6654, 1680], 'modifiers': [{'type': 9, 'value': 30}, {'type': 28, 'value': 8}]}"
1199777965,LONG,,1,6980000,5863200,"{'id': 14168, 'context': 1, 'bonus_lists': [6654, 1693], 'modifiers': [{'type': 9, 'value': 30}, {'type': 28, 'value': 213}]}"
1199777970,LONG,,1,6980000,5863200,"{'id': 14168, 'context': 1, 'bonus_lists': [6654, 1692], 'modifiers': [{'type': 9, 'value': 30}, {'type': 28, 'value': 8}]}"
1199777971,LONG,,1,1248500,1048700,"{'id': 5214, 'context': 1, 'bonus_lists': [6655], 'modifiers': [{'type': 9, 'value': 30}, {'type': 28, 'value': 208}]}"
1199777975,LONG,,1,1248500,1048700,"{'id': 5214, 'context': 1, 'bonus_lists': [6655], 'modifiers': [{'type': 9, 'value': 30}, {'type': 28, 'value': 208}]}"
1199777980,LONG,,1,41545900,34898600,"{'id': 13033, 'context': 1, 'bonus_lists': [6659], 'modifiers': [{'type': 9, 'value': 30}, {'type': 28, 'value': 208}]}"
1199777984,LONG,,1,4974600,4178700,"{'id': 10175, 'context': 0, 'bonus_lists': [6654, 1694], 'modifiers': [{'type': 9, 'value': 41}, {'type': 28, 'value': 1778}]}"
1199777988,LONG,,1,902200,,"{'id': 178947, 'context': 0, 'bonus_lists': [6908, 6652, 1678], 'modifiers': [{'type': 9, 'value': 60}, {'type': 28, 'value': 1707}]}"
1199777990,LONG,,1,9459800,7946200,"{'id': 4569, 'context': 1, 'modifiers': [{'type': 28, 'value': 202}]}"
1199777993,LONG,,1,4083800,3430400,"{'id': 15286, 'context': 1, 'bonus_lists': [6655], 'modifiers': [{'type': 9, 'value': 30}, {'type': 28, 'value': 280}]}"
1199777996,LONG,,1,2258800,1897400,"{'id': 3195, 'context': 1, 'bonus_lists': [6655, 1708], 'modifiers': [{'type': 9, 'value': 30}, {'type': 28, 'value': 193}]}"
1199777999,LONG,,1,2484300,2086800,"{'id': 3210, 'context': 1, 'bonus_lists': [6655, 1691], 'modifiers': [{'type': 9, 'value': 30}, {'type': 28, 'value': 210}]}"
1199778001,LONG,,1,3037300,2551300,"{'id': 2078, 'context': 1, 'modifiers': [{'type': 28, 'value': 213}]}"
1199778002,LONG,,1,45980000,38623200,"{'id': 14124, 'context': 1, 'bonus_lists': [6654, 1679], 'modifiers': [{'type': 9, 'value': 30}, {'type': 28, 'value': 193}]}"
1199778005,LONG,,1,62355800,52378900,"{'id': 3314, 'context': 1, 'bonus_lists': [6654], 'modifiers': [{'type': 9, 'value': 30}, {'type': 28, 'value': 193}]}"
1199778010,LONG,,1,9004000,7563400,"{'id': 45680, 'context': 3, 'modifiers': [{'type': 28, 'value': 1020}]}"
1199778013,LONG,,1,6721200,5645800,"{'id': 6594, 'context': 1, 'bonus_lists': [6654, 1705], 'modifiers': [{'type': 9, 'value': 30}, {'type': 28, 'value': 210}]}"
1199778014,LONG,,1,38817400,32606600,"{'id': 15151, 'context': 1, 'bonus_lists': [6654, 1707], 'modifiers': [{'type': 9, 'value': 30}, {'type': 28, 'value': 280}]}"
1199778018,LONG,,1,38817400,32606600,"{'id': 15151, 'context': 1, 'bonus_lists': [6654, 1681], 'modifiers': [{'type': 9, 'value': 30}, {'type': 28, 'value': 281}]}"
1199778020,LONG,,1,6869600,5770500,"{'id': 36150, 'context': 0, 'bonus_lists': [6654, 1695], 'modifiers': [{'type': 9, 'value': 30}, {'type': 28, 'value': 1023}]}"
1199778021,LONG,,1,20261000,17019200,"{'id': 14862, 'context': 1, 'bonus_lists': [6654], 'modifiers': [{'type': 9, 'value': 30}, {'type': 28, 'value': 218}]}"
1199778023,LONG,,1,7060600,5930900,"{'id': 13113, 'context': 0}"
1199778027,LONG,,1,38137600,32035600,"{'id': 11993, 'context': 1, 'bonus_lists': [6654, 1678], 'modifiers': [{'type': 9, 'value': 30}, {'type': 28, 'value': 200}]}"
1199778029,LONG,,1,559900,470300,"{'id': 4088, 'context': 1, 'bonus_lists': [6655, 1709], 'modifiers': [{'type': 9, 'value': 30}, {'type': 28, 'value': 218}]}"
1199778036,LONG,39500,30,,,{'id': 172089}
1199779128,LONG,,1,45002500,,"{'id': 176969, 'context': 0, 'bonus_lists': [6907, 6652, 1700], 'modifiers': [{'type': 9, 'value': 60}, {'type': 28, 'value': 1707}]}"
1199779304,LONG,8200000,1,,,{'id': 173161}
1199779529,LONG,160000,3,,,{'id': 22794}
1199779532,LONG,750000,21,,,{'id': 36908}
1199779533,LONG,2460000,2,,,{'id': 3369}
1199779535,LONG,10000,34,,,{'id': 160298}
1199779572,LONG,24900,6,,,{'id': 172054}
1199779582,LONG,499900,1,,,{'id': 108439}
1199779592,LONG,28900,21,,,{'id': 45087}
1199779616,LONG,1000,7,,,{'id': 174353}
1199779628,LONG,,1,11990000,,"{'id': 82800, 'context': 0, 'modifiers': [{'type': 6, 'value': 90422}], 'pet_breed_id': 16, 'pet_level': 1, 'pet_quality_id': 2, 'pet_species_id': 2526}"
1199779638,LONG,,1,950000,,"{'id': 82800, 'context': 0, 'modifiers': [{'type': 6, 'value': 46921}], 'pet_breed_id': 7, 'pet_level': 1, 'pet_quality_id': 3, 'pet_species_id': 1146}"
1199779658,LONG,,1,492500,,"{'id': 82800, 'context': 0, 'modifiers': [{'type': 6, 'value': 20026}], 'pet_breed_id': 5, 'pet_level': 1, 'pet_quality_id': 2, 'pet_species_id': 142}"
1199779667,LONG,,1,4979900,4183100,"{'id': 10413, 'context': 1, 'bonus_lists': [6710], 'modifiers': [{'type': 9, 'value': 30}, {'type': 28, 'value': 193}]}"
1199779670,LONG,,1,4979900,4183100,"{'id': 10413, 'context': 1, 'bonus_lists': [6710], 'modifiers': [{'type': 9, 'value': 30}, {'type': 28, 'value': 193}]}"
1199779673,LONG,,1,4979900,4183100,"{'id': 10413, 'context': 1, 'bonus_lists': [6710], 'modifiers': [{'type': 9, 'value': 30}, {'type': 28, 'value': 193}]}"
1199779674,LONG,,1,74980000,62983200,"{'id': 14413, 'context': 0, 'bonus_lists': [6654], 'modifiers': [{'type': 9, 'value': 30}, {'type': 28, 'value': 1783}]}"
1199779676,LONG,,1,54122300,45462700,"{'id': 24970, 'context': 1, 'bonus_lists': [6654, 1677], 'modifiers': [{'type': 9, 'value': 30}, {'type': 28, 'value': 222}]}"
1199779680,LONG,,1,45963900,38609700,"{'id': 14760, 'context': 1, 'bonus_lists': [6654], 'modifiers': [{'type': 9, 'value': 30}, {'type': 28, 'value': 281}]}"
1199779682,LONG,,1,436800,366900,"{'id': 36036, 'context': 2, 'bonus_lists': [6654, 1694], 'modifiers': [{'type': 9, 'value': 30}, {'type': 28, 'value': 1087}]}"
1199779686,LONG,,1,980000,823200,"{'id': 15226, 'context': 1, 'bonus_lists': [6655, 1694], 'modifiers': [{'type': 9, 'value': 30}, {'type': 28, 'value': 280}]}"
1199779692,LONG,,1,5233600,4396200,"{'id': 15259, 'context': 1, 'bonus_lists': [6655, 1706], 'modifiers': [{'type': 9, 'value': 30}, {'type': 28, 'value': 200}]}"
1199779693,LONG,,1,505900,,"{'id': 82800, 'context': 0, 'modifiers': [{'type': 6, 'value': 95171}], 'pet_breed_id': 4, 'pet_level': 1, 'pet_quality_id': 3, 'pet_species_id': 2842}"
1199779694,LONG,,1,505900,,"{'id': 82800, 'context': 0, 'modifiers': [{'type': 6, 'value': 95171}], 'pet_breed_id': 4, 'pet_level': 1, 'pet_quality_id': 3, 'pet_species_id': 2842}"
1199779695,LONG,,1,49979800,41983000,"{'id': 14374, 'context': 1, 'bonus_lists': [6654], 'modifiers': [{'type': 9, 'value': 30}, {'type': 28, 'value': 200}]}"
1199779696,LONG,,1,39601900,33265600,"{'id': 14932, 'context': 1, 'bonus_lists': [6654, 1679], 'modifiers': [{'type': 9, 'value': 30}, {'type': 28, 'value': 218}]}"
1199779699,LONG,,1,20174900,16946900,"{'id': 24968, 'context': 1, 'bonus_lists': [6654, 1680], 'modifiers': [{'type': 9, 'value': 30}, {'type': 28, 'value': 222}]}"
1199779702,LONG,,1,106842300,89747500,"{'id': 25234, 'context': 1, 'bonus_lists': [6655, 1707], 'modifiers': [{'type': 9, 'value': 30}, {'type': 28, 'value': 222}]}"
1199779708,LONG,,1,72480000,60883200,"{'id': 14747, 'context': 1, 'bonus_lists': [6654], 'modifiers': [{'type': 9, 'value': 30}, {'type': 28, 'value': 200}]}"
1199779713,LONG,,1,20092200,16877400,"{'id': 121115, 'context': 0, 'bonus_lists': [6654, 1682], 'modifiers': [{'type': 9, 'value': 29}, {'type': 28, 'value': 1699}]}"
1199779716,LONG,,1,32345600,27170300,"{'id': 14770, 'context': 0, 'bonus_lists': [6654], 'modifiers': [{'type': 9, 'value': 30}, {'type': 28, 'value': 22}]}"
1199779738,LONG,,1,48162900,40456800,"{'id': 25175, 'context': 1, 'bonus_lists': [6655, 1678], 'modifiers': [{'type': 9, 'value': 30}, {'type': 28, 'value': 222}]}"
1199779742,LONG,,1,48162900,40456800,"{'id': 25175, 'context': 1, 'bonus_lists': [6655, 1691], 'modifiers': [{'type': 9, 'value': 30}, {'type': 28, 'value': 222}]}"
1199779749,LONG,,1,44999900,,"{'id': 82800, 'context': 0, 'modifiers': [{'type': 6, 'value': 46896}], 'pet_breed_id': 9, 'pet_level': 1, 'pet_quality_id': 3, 'pet_species_id': 1144}"
1199779759,LONG,,1,19918600,16731600,"{'id': 15363, 'context': 1, 'bonus_lists': [6654, 1707], 'modifiers': [{'type': 9, 'value': 30}, {'type': 28, 'value': 280}]}"
1199779760,LONG,,1,6430300,5401500,"{'id': 6554, 'context': 1, 'bonus_lists': [6654, 1706], 'modifiers': [{'type': 9, 'value': 30}, {'type': 28, 'value': 202}]}"
1199779780,LONG,,1,79820800,67049500,"{'id': 15120, 'context': 1, 'bonus_lists': [6654, 1705], 'modifiers': [{'type': 9, 'value': 30}, {'type': 28, 'value': 200}]}"
1199779788,LONG,,1,5481500,4604500,"{'id': 4709, 'context': 0, 'bonus_lists': [6654], 'modifiers': [{'type': 9, 'value': 40}, {'type': 28, 'value': 1772}]}"
1199779789,LONG,,1,1472300,,"{'id': 36283, 'context': 3, 'bonus_lists': [6654, 1678], 'modifiers': [{'type': 9, 'value': 30}, {'type': 28, 'value': 1020}]}"
1199779790,LONG,,1,31879900,26779100,"{'id': 11982, 'context': 1, 'bonus_lists': [6654, 1692], 'modifiers': [{'type': 9, 'value': 30}, {'type': 28, 'value': 200}]}"
1199779791,LONG,,1,31879900,26779100,"{'id': 11982, 'context': 1, 'bonus_lists': [6654, 1693], 'modifiers': [{'type': 9, 'value': 30}, {'type': 28, 'value': 200}]}"
1199779794,LONG,,1,31879900,26779100,"{'id': 11982, 'context': 1, 'bonus_lists': [6654, 1709], 'modifiers': [{'type': 9, 'value': 30}, {'type': 28, 'value': 200}]}"
1199779799,LONG,,1,2308700,1939300,"{'id': 1207, 'context': 0, 'bonus_lists': [6655, 1705], 'modifiers': [{'type': 9, 'value': 30}, {'type': 28, 'value': 22}]}"
1199779807,LONG,24900,6,,,{'id': 172054}
1199779816,LONG,,1,63603700,53427100,"{'id': 14948, 'context': 1, 'bonus_lists': [6654, 1705], 'modifiers': [{'type': 9, 'value': 30}, {'type': 28, 'value': 218}]}"
1199779824,LONG,,1,980000,823200,"{'id': 15322, 'context': 1, 'bonus_lists': [6655], 'modifiers': [{'type': 9, 'value': 30}, {'type': 28, 'value': 280}]}"
1199779830,LONG,,1,34636100,29094300,"{'id': 14401, 'context': 1, 'bonus_lists': [6654], 'modifiers': [{'type': 9, 'value': 30}, {'type': 28, 'value': 208}]}"
1199779832,LONG,,1,34636100,29094300,"{'id': 14401, 'context': 1, 'bonus_lists': [6654], 'modifiers': [{'type': 9, 'value': 30}, {'type': 28, 'value': 280}]}"
1199779844,LONG,,1,8304400,6975700,"{'id': 6567, 'context': 1, 'bonus_lists': [6654, 1708], 'modifiers': [{'type': 9, 'value': 30}, {'type': 28, 'value': 200}]}"
1199779850,LONG,,1,58996800,49557300,"{'id': 15531, 'context': 1, 'bonus_lists': [6654, 1677], 'modifiers': [{'type': 9, 'value': 30}, {'type': 28, 'value': 280}]}"
1199779856,LONG,39500,7,,,{'id': 172089}
1199779865,LONG,,1,10868600,9129600,"{'id': 45316, 'context': 3, 'modifiers': [{'type': 28, 'value': 1020}]}"
1199779872,LONG,,1,57479900,48283100,"{'id': 15154, 'context': 1, 'bonus_lists': [6654, 1708], 'modifiers': [{'type': 9, 'value': 30}, {'type': 28, 'value': 280}]}"
1199779881,LONG,,1,830000,697200,"{'id': 120166, 'context': 1, 'bonus_lists': [6710], 'modifiers': [{'type': 9, 'value': 30}, {'type': 28, 'value': 200}]}"
1199779893,LONG,,1,68561200,57591400,"{'id': 25261, 'context': 1, 'bonus_lists': [6655, 1681], 'modifiers': [{'type': 9, 'value': 30}, {'type': 28, 'value': 222}]}"
1199779894,LONG,80000,20,,,{'id': 2459}
1199779899,LONG,,1,18877800,15857400,"{'id': 24866, 'context': 1, 'bonus_lists': [6654, 1692], 'modifiers': [{'type': 9, 'value': 30}, {'type': 28, 'value': 222}]}"
1199779910,LONG,,1,6981300,5864300,"{'id': 864, 'context': 1, 'bonus_lists': [6655, 1692], 'modifiers': [{'type': 9, 'value': 30}, {'type': 28, 'value': 280}]}"
1199779913,LONG,,1,73883100,62061800,"{'id': 36571, 'context': 0, 'bonus_lists': [1694]}"
1199779917,LONG,,1,1870400,,"{'id': 82800, 'context': 0, 'modifiers': [{'type': 6, 'value': 58825}], 'pet_breed_id': 20, 'pet_level': 1, 'pet_quality_id': 2, 'pet_species_id': 1471}"
1199779924,LONG,,1,48234600,40517100,"{'id': 36101, 'context': 22, 'bonus_lists': [6654, 1681], 'modifiers': [{'type': 9, 'value': 30}, {'type': 28, 'value': 1101}]}"
1199779927,LONG,,1,229980000,193183200,"{'id': 31215, 'context': 0, 'bonus_lists': [1695, 3763], 'modifiers': [{'type': 9, 'value': 30}]}"
1199779933,LONG,,1,228654200,192069500,"{'id': 14369, 'context': 1, 'bonus_lists': [6654], 'modifiers': [{'type': 9, 'value': 30}, {'type': 28, 'value': 200}]}"
1199779936,LONG,,1,10515600,8833100,"{'id': 121043, 'context': 0, 'bonus_lists': [6654, 40, 1678], 'modifiers': [{'type': 9, 'value': 31}, {'type': 28, 'value': 1699}]}"
1199779939,LONG,7700,21,,,{'id': 153051}
1199779941,LONG,,1,42480000,35683200,"{'id': 14831, 'context': 0, 'bonus_lists': [6654], 'modifiers': [{'type': 9, 'value': 30}, {'type': 28, 'value': 22}]}"
1199779945,LONG,,1,38979800,32743000,"{'id': 8252, 'context': 0, 'bonus_lists': [6654], 'modifiers': [{'type': 9, 'value': 30}, {'type': 28, 'value': 1803}]}"
1199779949,LONG,,1,11275800,9471700,"{'id': 3199, 'context': 1, 'bonus_lists': [6655, 1706], 'modifiers': [{'type': 9, 'value': 30}, {'type': 28, 'value': 200}]}"
1199779955,LONG,,1,3984100,3346600,"{'id': 15211, 'context': 1, 'bonus_lists': [6655, 1679], 'modifiers': [{'type': 9, 'value': 30}, {'type': 28, 'value': 200}]}"
1199779957,LONG,1000,44,,,{'id': 124118}
1199779961,LONG,,1,20272800,17029200,"{'id': 2912, 'context': 1, 'bonus_lists': [6659], 'modifiers': [{'type': 9, 'value': 30}, {'type': 28, 'value': 208}]}"
1199779963,LONG,,1,83000400,69720300,"{'id': 15493, 'context': 1, 'bonus_lists': [6654, 1692], 'modifiers': [{'type': 9, 'value': 30}, {'type': 28, 'value': 193}]}"
1199779969,LONG,,1,289400,243100,"{'id': 25051, 'context': 1, 'bonus_lists': [6654, 1708], 'modifiers': [{'type': 9, 'value': 30}, {'type': 28, 'value': 222}]}"
1199779976,LONG,,1,7441600,,"{'id': 82800, 'context': 0, 'modifiers': [{'type': 6, 'value': 48663}], 'pet_breed_id': 5, 'pet_level': 1, 'pet_quality_id': 3, 'pet_species_id': 1235}"
1199779979,LONG,,1,1900000,1596000,"{'id': 7531, 'context': 0, 'bonus_lists': [6654, 1677], 'modifiers': [{'type': 9, 'value': 37}, {'type': 28, 'value': 1798}]}"
1199779982,LONG,,1,29875200,25095200,"{'id': 14946, 'context': 1, 'bonus_lists': [6654, 1707], 'modifiers': [{'type': 9, 'value': 30}, {'type': 28, 'value': 209}]}"
1199779985,LONG,,1,7252100,6091800,"{'id': 14173, 'context': 1, 'bonus_lists': [6654, 1705], 'modifiers': [{'type': 9, 'value': 30}, {'type': 28, 'value': 213}]}"
1199779993,LONG,80000000,20,,,{'id': 138486}
1199779994,LONG,,1,34490000,,"{'id': 82800, 'context': 0, 'modifiers': [{'type': 6, 'value': 90944}], 'pet_breed_id': 4, 'pet_level': 1, 'pet_quality_id': 3, 'pet_species_id': 2695}"
1199779995,LONG,,1,46169800,38782600,"{'id': 14858, 'context': 1, 'bonus_lists': [6654], 'modifiers': [{'type': 9, 'value': 30}, {'type': 28, 'value': 218}]}"
1199780000,LONG,,1,3993000,3354100,"{'id': 15284, 'context': 1, 'bonus_lists': [6655], 'modifiers': [{'type': 9, 'value': 30}, {'type': 28, 'value': 210}]}"
1199780002,LONG,,1,2384700,2003100,"{'id': 1465, 'context': 1, 'bonus_lists': [6655], 'modifiers': [{'type': 9, 'value': 30}, {'type': 28, 'value': 281}]}"
1199780004,LONG,,1,2480000,2083200,"{'id': 37781, 'context': 22, 'bonus_lists': [6658], 'modifiers': [{'type': 9, 'value': 30}, {'type': 28, 'value': 1097}]}"
1199780005,LONG,,1,14340300,12045900,"{'id': 6603, 'context': 1, 'bonus_lists': [6654, 1709], 'modifiers': [{'type': 9, 'value': 10}, {'type': 28, 'value': 210}]}"
1199780006,LONG,,1,45094600,,"{'id': 82800, 'context': 0, 'modifiers': [{'type': 6, 'value': 79637}], 'pet_breed_id': 5, 'pet_level': 1, 'pet_quality_id': 3, 'pet_species_id': 2082}"
1199780009,LONG,89900,2,,,{'id': 32905}
1199780011,LONG,,1,480000,403200,"{'id': 15248, 'context': 1, 'bonus_lists': [6655, 1692], 'modifiers': [{'type': 9, 'value': 30}, {'type': 28, 'value': 193}]}"
1199780012,LONG,,1,480000,403200,"{'id': 15248, 'context': 1, 'bonus_lists': [6655, 1695], 'modifiers': [{'type': 9, 'value': 30}, {'type': 28, 'value': 193}]}"
1199780016,LONG,,1,66786300,56100500,"{'id': 116576, 'context': 0, 'bonus_lists': [6655, 199, 517], 'modifiers': [{'type': 9, 'value': 44}, {'type': 28, 'value': 1768}]}"
1199780018,LONG,,1,3480000,2923200,"{'id': 6536, 'context': 1, 'bonus_lists': [6654, 1679], 'modifiers': [{'type': 9, 'value': 30}, {'type': 28, 'value': 213}]}"
1199780020,LONG,,1,1500000,,"{'id': 82800, 'context': 0, 'modifiers': [{'type': 6, 'value': 62216}], 'pet_breed_id': 20, 'pet_level': 1, 'pet_quality_id': 2, 'pet_species_id': 1711}"
1199780021,LONG,,1,144353800,121257200,"{'id': 15515, 'context': 1, 'bonus_lists': [6654, 1705], 'modifiers': [{'type': 9, 'value': 30}, {'type': 28, 'value': 200}]}"
1199780025,LONG,,1,98916200,83089600,"{'id': 14901, 'context': 1, 'bonus_lists': [6654, 1681], 'modifiers': [{'type': 9, 'value': 30}, {'type': 28, 'value': 209}]}"
1199780029,LONG,,1,74040800,62194300,"{'id': 7754, 'context': 1, 'bonus_lists': [6710], 'modifiers': [{'type': 9, 'value': 30}, {'type': 28, 'value': 211}]}"
1199780031,LONG,,1,34989200,29390900,"{'id': 14410, 'context': 1, 'bonus_lists': [6654], 'modifiers': [{'type': 9, 'value': 30}, {'type': 28, 'value': 280}]}"
1199780032,LONG,,1,3005900,,"{'id': 82800, 'context': 0, 'modifiers': [{'type': 6, 'value': 94166}], 'pet_breed_id': 18, 'pet_level': 1, 'pet_quality_id': 3, 'pet_species_id': 2797}"
1199780033,LONG,,1,6869600,5770500,"{'id': 36150, 'context': 2, 'bonus_lists': [6654, 1691], 'modifiers': [{'type': 9, 'value': 30}, {'type': 28, 'value': 1090}]}"
1199780041,LONG,,1,89970000,75574800,"{'id': 106473, 'context': 0, 'bonus_lists': [6654, 97], 'modifiers': [{'type': 9, 'value': 45}, {'type': 28, 'value': 1766}]}"
1199780042,LONG,,1,38744200,32545100,"{'id': 7487, 'context': 1, 'bonus_lists': [6654, 1709], 'modifiers': [{'type': 9, 'value': 30}, {'type': 28, 'value': 218}]}"
1199780048,LONG,199900,15,,,{'id': 138727}
1199780049,LONG,,1,109800,,"{'id': 82800, 'context': 0, 'modifiers': [{'type': 6, 'value': 31073}], 'pet_breed_id': 3, 'pet_level': 1, 'pet_quality_id': 2, 'pet_species_id': 251}"
1199780059,LONG,,1,291400,,"{'id': 82800, 'context': 0, 'modifiers': [{'type': 6, 'value': 42721}], 'pet_breed_id': 22, 'pet_level': 1, 'pet_quality_id': 2, 'pet_species_id': 847}"
1199780060,LONG,900000,13,,,{'id': 138728}
1199780066,LONG,9900,20,,,{'id': 138729}
1199780072,LONG,1200,2,,,{'id': 109223}
1199780094,LONG,249900,5,,,{'id': 163224}
1199782101,LONG,10000,5,,,{'id': 127834}
1199782113,LONG,5499900,1,,,{'id': 152641}
1199782136,LONG,50000,5,,,{'id': 154889}
1199782143,LONG,50000,20,,,{'id': 154889}
1199782155,LONG,3100000,4,,,{'id': 81409}
1199782170,LONG,3800,17,,,{'id': 140276}
1199782180,LONG,1900,19,,,{'id': 138292}
1199782196,LONG,5199900,2,,,{'id': 152812}
1199782206,LONG,10999900,4,,,{'id': 152813}
1199782244,LONG,150000,9,,,{'id': 2862}
1199782254,LONG,150000,20,,,{'id': 2862}
1199782461,LONG,,1,1940000,1843000,"{'id': 82800, 'context': 0, 'modifiers': [{'type': 6, 'value': 46923}], 'pet_breed_id': 8, 'pet_level': 1, 'pet_quality_id': 3, 'pet_species_id': 1149}"
1199782471,LONG,,1,44676100,40208500,"{'id': 82800, 'context': 0, 'modifiers': [{'type': 6, 'value': 74038}], 'pet_breed_id': 15, 'pet_level': 1, 'pet_quality_id': 3, 'pet_species_id': 2438}"
1199782473,LONG,,1,7431600,7060000,"{'id': 82800, 'context': 0, 'modifiers': [{'type': 6, 'value': 48663}], 'pet_breed_id': 12, 'pet_level': 1, 'pet_quality_id': 3, 'pet_species_id': 1235}"
1199782476,LONG,,1,940000,893000,"{'id': 82800, 'context': 0, 'modifiers': [{'type': 6, 'value': 46902}], 'pet_breed_id': 9, 'pet_level': 1, 'pet_quality_id': 3, 'pet_species_id': 1150}"
1199782480,LONG,,1,555990000,528190500,"{'id': 82800, 'context': 0, 'modifiers': [{'type': 6, 'value': 6294}], 'pet_breed_id': 5, 'pet_level': 1, 'pet_quality_id': 3, 'pet_species_id': 87}"
1199782488,LONG,,1,55414100,52643400,"{'id': 82800, 'context': 0, 'modifiers': [{'type': 6, 'value': 6302}], 'pet_breed_id': 15, 'pet_level': 1, 'pet_quality_id': 2, 'pet_species_id': 200}"
1199782491,LONG,,1,305990000,290690500,"{'id': 82800, 'context': 0, 'modifiers': [{'type': 6, 'value': 47708}], 'pet_breed_id': 4, 'pet_level': 1, 'pet_quality_id': 3, 'pet_species_id': 1183}"
1199782496,LONG,,1,11989600,11390100,"{'id': 82800, 'context': 0, 'pet_breed_id': 18, 'pet_level': 1, 'pet_quality_id': 3, 'pet_species_id': 1962}"
1199782499,LONG,,1,6492100,6167500,"{'id': 82800, 'context': 0, 'modifiers': [{'type': 6, 'value': 71835}], 'pet_breed_id': 8, 'pet_level': 1, 'pet_quality_id': 3, 'pet_species_id': 1721}"
1199782505,LONG,,1,9590000,8631000,"{'id': 82800, 'context': 0, 'modifiers': [{'type': 6, 'value': 75367}], 'pet_breed_id': 19, 'pet_level': 1, 'pet_quality_id': 2, 'pet_species_id': 2684}"
1199782517,LONG,,1,34990000,33240500,"{'id': 82800, 'context': 0, 'modifiers': [{'type': 6, 'value': 79709}], 'pet_breed_id': 5, 'pet_level': 1, 'pet_quality_id': 3, 'pet_species_id': 2088}"
1199782790,LONG,57000000,1,,,{'id': 180457}
1199782930,LONG,,1,199990000,,"{'id': 176773, 'context': 0, 'bonus_lists': [6907, 42, 1683], 'modifiers': [{'type': 9, 'value': 52}, {'type': 28, 'value': 743}]}"
1199783028,LONG,,1,500000,,"{'id': 36286, 'context': 3, 'bonus_lists': [6654, 1679], 'modifiers': [{'type': 9, 'value': 30}, {'type': 28, 'value': 1020}]}"
1199784237,LONG,,1,299979900,,"{'id': 171417, 'context': 65, 'bonus_lists': [6718, 1522]}"
1199784238,LONG,,1,299979900,,"{'id': 171417, 'context': 65, 'bonus_lists': [6718, 1522]}"
1199784242,LONG,,1,299979900,,"{'id': 171417, 'context': 65, 'bonus_lists': [6718, 1522]}"
1199784244,LONG,,1,299979900,,"{'id': 171417, 'context': 65, 'bonus_lists': [6718, 1522]}"
1199784245,LONG,,1,299979900,,"{'id': 171417, 'context': 65, 'bonus_lists': [6718, 1522]}"
1199784334,LONG,,1,299979900,,"{'id': 171417, 'context': 65, 'bonus_lists': [6718, 1522]}"
1199784336,LONG,,1,299979900,,"{'id': 171417, 'context': 65, 'bonus_lists': [6718, 1522]}"
1199784338,LONG,,1,299979900,,"{'id': 171417, 'context': 65, 'bonus_lists': [6718, 1522]}"
1199784352,LONG,,1,500000,,"{'id': 87216, 'context': 0, 'bonus_lists': [6835]}"
1199784355,LONG,,1,1300000,,"{'id': 176794, 'context': 0, 'bonus_lists': [6908, 6652, 1694], 'modifiers': [{'type': 9, 'value': 51}, {'type': 28, 'value': 1316}]}"
1199784372,LONG,,1,1382000,,"{'id': 172923, 'context': 13, 'modifiers': [{'type': 29, 'value': 49}, {'type': 30, 'value': 40}]}"
1199784378,LONG,,1,5005000,,"{'id': 82800, 'context': 0, 'modifiers': [{'type': 6, 'value': 79707}], 'pet_breed_id': 10, 'pet_level': 1, 'pet_quality_id': 3, 'pet_species_id': 2086}"
1199784383,LONG,,1,1382000,,"{'id': 172923, 'context': 13, 'modifiers': [{'type': 29, 'value': 32}, {'type': 30, 'value': 49}]}"
1199784412,LONG,,1,1382000,,"{'id': 172923, 'context': 13, 'modifiers': [{'type': 29, 'value': 32}, {'type': 30, 'value': 40}]}"
1199784415,LONG,,1,1382000,,"{'id': 172923, 'context': 13, 'modifiers': [{'type': 29, 'value': 49}, {'type': 30, 'value': 40}]}"
1199784417,LONG,,1,1382000,,"{'id': 172923, 'context': 13, 'modifiers': [{'type': 29, 'value': 36}, {'type': 30, 'value': 49}]}"
1199784418,LONG,,1,1382000,,"{'id': 172923, 'context': 13, 'modifiers': [{'type': 29, 'value': 36}, {'type': 30, 'value': 40}]}"
1199784419,LONG,,1,1382000,,"{'id': 172923, 'context': 13, 'modifiers': [{'type': 29, 'value': 49}, {'type': 30, 'value': 36}]}"
1199784421,LONG,,1,1382000,,"{'id': 172923, 'context': 13, 'modifiers': [{'type': 29, 'value': 32}, {'type': 30, 'value': 49}]}"
1199784423,LONG,,1,1382000,,"{'id': 172923, 'context': 13, 'modifiers': [{'type': 29, 'value': 49}, {'type': 30, 'value': 36}]}"
1199784425,LONG,,1,1382000,,"{'id': 172923, 'context': 13, 'modifiers': [{'type': 29, 'value': 36}, {'type': 30, 'value': 40}]}"
1199784427,LONG,,1,1382000,,"{'id': 172923, 'context': 13, 'modifiers': [{'type': 29, 'value': 40}, {'type': 30, 'value': 32}]}"
1199784661,LONG,490000000,12,,,{'id': 74651}
1199784666,LONG,950000000,14,,,{'id': 43535}
1199784671,LONG,90000000,87,,,{'id': 24401}
1199784674,LONG,750000000,8,,,{'id': 104108}
1199784677,LONG,490000000,5,,,{'id': 21844}
1199784683,LONG,950000000,9,,,{'id': 87885}
1199784686,LONG,750000000,9,,,{'id': 87881}
1199784692,LONG,490000000,10,,,{'id': 6149}
1199784698,LONG,490000000,20,,,{'id': 1710}
1199784702,LONG,490000000,5,,,{'id': 132752}
1199784706,LONG,490000000,5,,,{'id': 13443}
1199784710,LONG,490000000,20,,,{'id': 22832}
1199784714,LONG,490000000,20,,,{'id': 159867}
1199784718,LONG,50000000,200,,,{'id': 2320}
1199784722,LONG,90000000,24,,,{'id': 25719}
1199784727,LONG,250000000,83,,,{'id': 16202}
1199784732,LONG,490000000,5,,,{'id': 2799}
1199784735,LONG,250000000,94,,,{'id': 6889}
1199784739,LONG,250000000,135,,,{'id': 12037}
1199784744,LONG,50000000,200,,,{'id': 12365}
1199784747,LONG,490000000,13,,,{'id': 76094}
1199784753,LONG,490000000,10,,,{'id': 74656}
1199784757,LONG,490000000,5,,,{'id': 76089}
1199784762,LONG,,1,490000000,,"{'id': 111820, 'context': 0, 'bonus_lists': [6839]}"
1199784768,LONG,490000000,20,,,{'id': 32905}
1199784774,LONG,90000000,200,,,{'id': 154899}
1199784778,LONG,750000000,7,,,{'id': 80588}
1199784783,LONG,490000000,20,,,{'id': 133557}
1199784786,LONG,90000000,200,,,{'id': 152546}
1199784791,LONG,490000000,20,,,{'id': 87242}
1199784797,LONG,490000000,9,,,{'id': 138728}
1199784800,LONG,490000000,8,,,{'id': 19221}
1199784803,LONG,490000000,5,,,{'id': 74653}
1199784808,LONG,750000000,15,,,{'id': 104126}
1199784814,LONG,490000000,14,,,{'id': 20859}
1199784819,LONG,6950000000,2,,,{'id': 15415}
1199784823,LONG,490000000,20,,,{'id': 133567}
1199784826,LONG,490000000,20,,,{'id': 929}
1199784831,LONG,490000000,20,,,{'id': 111431}
1199784837,LONG,250000000,60,,,{'id': 43124}
1199784841,LONG,90000000,200,,,{'id': 154898}
1199784844,LONG,250000000,31,,,{'id': 43108}
1199784847,LONG,490000000,20,,,{'id': 5526}
1199784853,LONG,380000000,24,,,{'id': 41593}
1199784858,LONG,50000000,200,,,{'id': 152542}
1199784862,LONG,4090000000,2,,,{'id': 173094}
1199784866,LONG,490000000,20,,,{'id': 87246}
1199784871,LONG,200000000,100,,,{'id': 39343}
1199784876,LONG,490000000,10,,,{'id': 24105}
1199784881,LONG,490000000,11,,,{'id': 138729}
1199784884,LONG,490000000,20,,,{'id': 23736}
1199784889,LONG,490000000,20,,,{'id': 109217}
1199784892,LONG,250000000,36,,,{'id': 10558}
1199784900,LONG,490000000,20,,,{'id': 111439}
1199784905,LONG,950000000,12,,,{'id': 87883}
1199784910,LONG,100,144,,,{'id': 124121}
1199784914,LONG,490000000,20,,,{'id': 133573}
1199784922,LONG,490000000,20,,,{'id': 3823}
1199784926,LONG,750000000,20,,,{'id': 104105}
1199784929,LONG,380000000,18,,,{'id': 24271}
1199784937,LONG,490000000,20,,,{'id': 111445}
1199784943,LONG,250000000,112,,,{'id': 17056}
1199784946,LONG,490000000,20,,,{'id': 35953}
1199784951,LONG,490000000,20,,,{'id': 81409}
1199784957,LONG,490000000,21,,,{'id': 136569}
1199784962,LONG,490000000,20,,,{'id': 111452}
1199784964,LONG,490000000,20,,,{'id': 172904}
1199784969,LONG,90000000,49,,,{'id': 3470}
1199784975,LONG,950000000,10,,,{'id': 104122}
1199784977,LONG,8950000000,1,,,{'id': 52980}
1199784979,LONG,490000000,20,,,{'id': 133577}
1199784983,LONG,90000000,31,,,{'id': 18945}
1199784987,LONG,490000000,20,,,{'id': 87234}
1199784989,LONG,50000000,200,,,{'id': 171840}
1199784992,LONG,490000000,5,,,{'id': 179309}
1199784994,LONG,490000000,20,,,{'id': 163052}
1199784999,LONG,490000000,6,,,{'id': 28100}
1199785000,LONG,250000000,200,,,{'id': 109141}
1199785003,LONG,490000000,20,,,{'id': 2455}
1199785005,LONG,490000000,7,,,{'id': 18045}
1199785010,LONG,250000000,21,,,{'id': 36903}
1199785014,LONG,90000000,61,,,{'id': 1468}
1199785019,LONG,750000000,17,,,{'id': 42459}
1199785022,LONG,490000000,20,,,{'id': 1179}
1199785026,LONG,490000000,5,,,{'id': 163695}
1199785031,LONG,490000000,20,,,{'id': 160705}
1199785035,LONG,750000000,12,,,{'id': 42751}
1199785038,LONG,950000000,14,,,{'id': 43366}
1199785044,LONG,490000000,20,,,{'id': 4360}
1199785049,LONG,490000000,20,,,{'id': 109218}
1199785056,LONG,490000000,6,,,{'id': 16766}
1199785061,LONG,950000000,10,,,{'id': 43106}
1199785064,LONG,250000000,200,,,{'id': 168646}
1199785069,LONG,490000000,20,,,{'id': 113585}
1199785072,LONG,250000000,35,,,{'id': 108330}
1199785077,LONG,490000000,9,,,{'id': 12213}
1199785081,LONG,250000000,97,,,{'id': 74250}
1199785084,LONG,490000000,18,,,{'id': 20865}
1199785090,LONG,2950000000,23,,,{'id': 177842}
1199785092,LONG,490000000,20,,,{'id': 76098}
1199785095,LONG,490000000,20,,,{'id': 109222}
1199785098,LONG,200000000,40,,,{'id': 39342}
1199787103,LONG,490000000,20,,,{'id': 33448}
1199787109,LONG,250000000,187,,,{'id': 6308}
1199787112,LONG,750000000,20,,,{'id': 118061}
1199787115,LONG,490000000,20,,,{'id': 87238}
1199787117,LONG,490000000,20,,,{'id': 81406}
1199787121,LONG,250000000,25,,,{'id': 4375}
1199787122,LONG,250000000,39,,,{'id': 3173}
1199787125,LONG,490000000,20,,,{'id': 8932}
1199787128,LONG,100,200,,,{'id': 30817}
1199787131,LONG,250000000,200,,,{'id': 152544}
1199787134,LONG,490000000,20,,,{'id': 118007}
1199787135,LONG,,1,390000,,"{'id': 36399, 'context': 3, 'bonus_lists': [6654, 1707], 'modifiers': [{'type': 9, 'value': 30}, {'type': 28, 'value': 1020}]}"
1199787137,LONG,250000000,200,,,{'id': 39334}
1199787138,LONG,490000000,20,,,{'id': 20860}
1199787141,LONG,490000000,6,,,{'id': 33445}
1199787149,LONG,490000000,16,,,{'id': 27659}
1199787151,LONG,490000000,15,,,{'id': 8766}
1199787155,LONG,490000000,10,,,{'id': 133565}
1199787157,LONG,490000000,6,,,{'id': 33454}
1199787159,LONG,490000000,20,,,{'id': 179278}
1199787164,LONG,490000000,20,,,{'id': 13446}
1199787165,LONG,490000000,8,,,{'id': 138486}
1199787166,LONG,490000000,19,,,{'id': 138727}
1199787169,LONG,90000000,200,,,{'id': 154897}
1199787170,LONG,490000000,12,,,{'id': 178219}
1199787173,LONG,250000000,56,,,{'id': 7974}
1199787178,LONG,490000000,20,,,{'id': 163225}
1199787179,LONG,950000000,16,,,{'id': 41100}
1199787180,LONG,380000000,30,,,{'id': 21845}
1199787182,LONG,250000000,52,,,{'id': 79255}
1199787184,LONG,490000000,14,,,{'id': 20862}
1199787187,LONG,100,106,,,{'id': 124439}
1199787221,LONG,,1,9999900,,"{'id': 176802, 'context': 0, 'bonus_lists': [6908, 6652, 1700], 'modifiers': [{'type': 9, 'value': 53}, {'type': 28, 'value': 1324}]}"
1199787462,LONG,750000000,15,,,{'id': 87277}
1199787465,LONG,250000000,52,,,{'id': 43125}
1199787469,LONG,490000000,20,,,{'id': 179166}
1199787470,LONG,490000000,5,,,{'id': 36758}
1199787471,LONG,490000000,5,,,{'id': 2888}
1199787473,LONG,490000000,20,,,{'id': 133572}
1199787475,LONG,490000000,13,,,{'id': 30816}
1199787476,LONG,490000000,5,,,{'id': 74646}
1199787478,LONG,90000000,111,,,{'id': 124117}
1199787479,LONG,490000000,20,,,{'id': 133681}
1199787480,LONG,490000000,6,,,{'id': 111457}
1199787482,LONG,100,200,,,{'id': 124438}
1199787485,LONG,490000000,20,,,{'id': 13444}
1199787487,LONG,250000000,54,,,{'id': 62785}
1199787488,LONG,490000000,20,,,{'id': 858}
1199787490,LONG,490000000,18,,,{'id': 76097}
1199787492,LONG,490000000,20,,,{'id': 111433}
1199787493,LONG,90000000,200,,,{'id': 180733}
1199787494,LONG,3950000000,4,,,{'id': 173081}
1199787495,LONG,490000000,20,,,{'id': 2798}
1199787497,LONG,490000000,11,,,{'id': 75016}
1199787498,LONG,950000000,93,,,{'id': 79253}
1199787499,LONG,490000000,15,,,{'id': 40093}
1199787502,LONG,490000000,20,,,{'id': 120150}
1199787504,LONG,200000000,180,,,{'id': 79251}
1199787505,LONG,250000000,20,,,{'id': 20817}
1199787506,LONG,,1,3999900,,"{'id': 36065, 'context': 3, 'bonus_lists': [6654, 1693], 'modifiers': [{'type': 9, 'value': 30}, {'type': 28, 'value': 1020}]}"
1199787509,LONG,90000000,51,,,{'id': 29740}
1199787511,LONG,950000000,11,,,{'id': 79538}
1199787512,LONG,250000000,25,,,{'id': 108326}
1199787514,LONG,950000000,15,,,{'id': 43373}
1199787515,LONG,250000000,50,,,{'id': 61978}
1199787516,LONG,3950000000,22,,,{'id': 173080}
1199787518,LONG,750000000,10,,,{'id': 104120}
1199787521,LONG,490000000,20,,,{'id': 116276}
1199787524,LONG,490000000,5,,,{'id': 104314}
1199787526,LONG,250000000,200,,,{'id': 158188}
1199787528,LONG,490000000,10,,,{'id': 6888}
1199787530,LONG,250000000,142,,,{'id': 14343}
1199787533,LONG,,1,490000000,,"{'id': 108745, 'context': 0}"
1199787534,LONG,250000000,200,,,{'id': 133607}
1199787535,LONG,250000000,200,,,{'id': 14344}
1199787538,LONG,490000000,18,,,{'id': 76095}
1199787541,LONG,490000000,8,,,{'id': 44722}
1199787544,LONG,750000000,15,,,{'id': 45768}
1199787547,LONG,1950000000,23,,,{'id': 173082}
1199787551,LONG,950000000,10,,,{'id': 43398}
1199787553,LONG,490000000,12,,,{'id': 81405}
1199787555,LONG,490000000,20,,,{'id': 3385}
1199787559,LONG,490000000,20,,,{'id': 76092}
1199787562,LONG,250000000,54,,,{'id': 142335}
1199787563,LONG,490000000,20,,,{'id': 21215}
1199787564,LONG,90000000,115,,,{'id': 124120}
1199787567,LONG,,1,2999900,,"{'id': 36171, 'context': 3, 'bonus_lists': [6654, 1679], 'modifiers': [{'type': 9, 'value': 30}, {'type': 28, 'value': 1020}]}"
1199787568,LONG,50000000,200,,,{'id': 3857}
1199787572,LONG,950000000,28,,,{'id': 43109}
1199787574,LONG,750000000,15,,,{'id': 87392}
1199787578,LONG,1950000000,33,,,{'id': 173085}
1199787580,LONG,490000000,20,,,{'id': 159}
1199787581,LONG,90000000,24,,,{'id': 20858}
1199787583,LONG,490000000,20,,,{'id': 3928}
1199787585,LONG,250000000,34,,,{'id': 4371}
1199787587,LONG,490000000,20,,,{'id': 3827}
1199787589,LONG,490000000,20,,,{'id': 81413}
1199787592,LONG,490000000,20,,,{'id': 22829}
1199787594,LONG,490000000,9,,,{'id': 112449}
1199787598,LONG,490000000,19,,,{'id': 127846}
1199787640,LONG,,1,250000,,"{'id': 36696, 'context': 3, 'bonus_lists': [6655, 1678], 'modifiers': [{'type': 9, 'value': 30}, {'type': 28, 'value': 1020}]}"
1199790494,LONG,10000,20,,,{'id': 16000}
1199790508,LONG,450000,25,,,{'id': 15994}
1199790517,LONG,400000,20,,,{'id': 15992}
1199790531,LONG,2323700,6,,,{'id': 10559}
1199790534,LONG,159600,3,,,{'id': 3860}
1199790543,LONG,600000,4,,,{'id': 3859}
1199790555,LONG,229000,40,,,{'id': 165755}
1199790557,LONG,7000,71,,,{'id': 2838}
1199790559,LONG,,1,13627600,,"{'id': 82800, 'context': 0, 'modifiers': [{'type': 6, 'value': 38310}], 'pet_breed_id': 14, 'pet_level': 25, 'pet_quality_id': 3, 'pet_species_id': 1693}"
1199790561,LONG,1042900,153,,,{'id': 153706}
1199790563,LONG,,1,1910700,,"{'id': 176784, 'context': 2, 'bonus_lists': [6907, 6652, 1688], 'modifiers': [{'type': 9, 'value': 60}, {'type': 28, 'value': 748}]}"
1199790565,LONG,,1,2617200,,"{'id': 175571, 'context': 23, 'bonus_lists': [6907, 1684], 'modifiers': [{'type': 9, 'value': 60}, {'type': 28, 'value': 749}]}"
1199790570,LONG,43100,27,,,{'id': 154881}
1199790572,LONG,3500,200,,,{'id': 152542}
1199790574,LONG,7000,200,,,{'id': 2838}
1199790584,LONG,58600,23,,,{'id': 3576}
1199790598,LONG,3930000000,133,,,{'id': 2841}
1199790616,LONG,53500,79,,,{'id': 2771}
1199790626,LONG,50000,85,,,{'id': 2770}
1199790840,LONG,,1,148597700,,"{'id': 172329, 'context': 63, 'bonus_lists': [6716, 7193, 1487]}"
1199790855,LONG,,1,19500000,,"{'id': 172327, 'context': 63, 'bonus_lists': [6716, 1487]}"
1199790879,LONG,,1,46821400,,"{'id': 176779, 'context': 0, 'bonus_lists': [6907, 6652, 1708], 'modifiers': [{'type': 9, 'value': 60}, {'type': 28, 'value': 1707}]}"
1199790897,LONG,24900,15,,,{'id': 172054}
1199790908,VERY_LONG,600000,3,,,{'id': 109132}
1199790919,VERY_LONG,,1,8135300,,"{'id': 176989, 'context': 0, 'bonus_lists': [6907, 6652, 7194, 1701], 'modifiers': [{'type': 9, 'value': 60}, {'type': 28, 'value': 2060}]}"
1199790920,VERY_LONG,,1,24483500,,"{'id': 176979, 'context': 0, 'bonus_lists': [6907, 6652, 1677], 'modifiers': [{'type': 9, 'value': 60}, {'type': 28, 'value': 2060}]}"
1199790924,VERY_LONG,73700,21,,,{'id': 172050}
1199790967,VERY_LONG,34400,3,,,{'id': 52719}
1199791007,VERY_LONG,39500,175,,,{'id': 172089}
1199791023,VERY_LONG,5300,17,,,{'id': 162515}
1199791046,VERY_LONG,,1,8653400,,"{'id': 175549, 'context': 0, 'bonus_lists': [6907, 1687], 'modifiers': [{'type': 9, 'value': 60}, {'type': 28, 'value': 1707}]}"
1199791092,VERY_LONG,,1,1556900,,"{'id': 173201, 'context': 1, 'bonus_lists': [6883, 7180], 'modifiers': [{'type': 9, 'value': 60}, {'type': 29, 'value': 32}, {'type': 30, 'value': 49}]}"
1199792105,VERY_LONG,7999400,1,,,{'id': 38968}
1199795005,VERY_LONG,8500000,12,,,{'id': 181468}
1199796160,VERY_LONG,4700000,20,,,{'id': 171273}
1199796181,VERY_LONG,4700000,20,,,{'id': 171273}
1199796367,VERY_LONG,8500000,3,,,{'id': 181468}
1199798278,VERY_LONG,4400000,85,,,{'id': 23426}
1199798432,VERY_LONG,550000,172,,,{'id': 22574}
1199798766,VERY_LONG,,1,5200000400,,"{'id': 82800, 'context': 0, 'modifiers': [{'type': 6, 'value': 30409}], 'pet_breed_id': 8, 'pet_level': 25, 'pet_quality_id': 3, 'pet_species_id': 242}"
1199798769,VERY_LONG,777000,202,,,{'id': 53038}
1199798797,VERY_LONG,669900,1140,,,{'id': 23425}
1199798812,VERY_LONG,1960000,8,,,{'id': 76061}
1199798825,VERY_LONG,330000,5,,,{'id': 36907}
1199798837,VERY_LONG,330000,2,,,{'id': 12364}
1199798920,VERY_LONG,770000,1081,,,{'id': 23424}
1199798945,VERY_LONG,770000,369,,,{'id': 36912}
1199798959,VERY_LONG,2220000,398,,,{'id': 36913}
1199798963,VERY_LONG,26103700,1,,,{'id': 175924}
1199798968,VERY_LONG,215000,271,,,{'id': 2771}
1199798969,VERY_LONG,,1,97000000,,"{'id': 82800, 'context': 0, 'pet_breed_id': 19, 'pet_level': 1, 'pet_quality_id': 2, 'pet_species_id': 3045}"
1199798983,VERY_LONG,1101500,400,,,{'id': 3860}
1199798992,VERY_LONG,2500000,2,,,{'id': 36910}
1199799024,VERY_LONG,3329900,53,,,{'id': 76142}
1199799035,VERY_LONG,119900,1,,,{'id': 76141}
1199799063,VERY_LONG,1299500,19,,,{'id': 171290}
1199799081,VERY_LONG,29000,20,,,{'id': 178545}
1199799089,VERY_LONG,29600,3,,,{'id': 12800}
1199799095,VERY_LONG,59800,12,,,{'id': 72988}
1199801118,VERY_LONG,450000,3,,,{'id': 2775}
1199801140,VERY_LONG,7000000,7,,,{'id': 41163}
1199801155,VERY_LONG,16669000,6,,,{'id': 23449}
1199801171,VERY_LONG,1220000,50,,,{'id': 23446}
1199801179,VERY_LONG,23100,16,,,{'id': 109627}
1199801204,VERY_LONG,1113800,69,,,{'id': 183954}
1199801220,VERY_LONG,3337600,166,,,{'id': 72238}
1199801247,VERY_LONG,2228900,2,,,{'id': 22452}
1199801262,VERY_LONG,,1,34690000,,"{'id': 128807, 'context': 0, 'modifiers': [{'type': 28, 'value': 435}]}"
1199801264,VERY_LONG,,1,34690000,,"{'id': 128807, 'context': 0, 'modifiers': [{'type': 28, 'value': 435}]}"
1199801283,VERY_LONG,192400,1197,,,{'id': 152512}
1199801290,VERY_LONG,,1,127499900,,"{'id': 93548, 'context': 0, 'bonus_lists': [6873, 7179], 'modifiers': [{'type': 9, 'value': 50}]}"
1199801311,VERY_LONG,11400,73,,,{'id': 14047}
1199801337,VERY_LONG,359500,50,,,{'id': 183950}
1199801347,VERY_LONG,59900,25,,,{'id': 2838}
1199801377,VERY_LONG,3800000,34,,,{'id': 22202}
1199801396,VERY_LONG,,1,6160000,,"{'id': 9298, 'context': 0}"
1199801414,VERY_LONG,19900,11,,,{'id': 179992}
1199801440,VERY_LONG,90200,3,,,{'id': 53010}
1199801477,VERY_LONG,2540000,491,,,{'id': 23445}
1199801501,VERY_LONG,19949000,1,,,{'id': 23448}
1199801521,VERY_LONG,,1,97499900,,"{'id': 93453, 'context': 0, 'bonus_lists': [6877]}"
1199801540,VERY_LONG,,1,107499900,,"{'id': 93457, 'context': 0, 'bonus_lists': [6874]}"
1199801550,VERY_LONG,,1,45999800,,"{'id': 82962, 'context': 0, 'bonus_lists': [6827, 7179], 'modifiers': [{'type': 9, 'value': 50}]}"
1199801564,VERY_LONG,3499900,2,,,{'id': 180060}
1199801590,VERY_LONG,,1,104999800,,"{'id': 93542, 'context': 0, 'bonus_lists': [6874, 7179], 'modifiers': [{'type': 9, 'value': 50}]}"
1199801670,VERY_LONG,7770000,6,,,{'id': 17203}
1199801694,VERY_LONG,,1,109000,,"{'id': 82264, 'context': 0, 'bonus_lists': [6654, 1695], 'modifiers': [{'type': 9, 'value': 35}, {'type': 28, 'value': 1035}]}"
1199801726,VERY_LONG,,1,207500,,"{'id': 82285, 'context': 0, 'bonus_lists': [6655, 1714], 'modifiers': [{'type': 9, 'value': 35}, {'type': 28, 'value': 1035}]}"
1199801729,VERY_LONG,24000,21,,,{'id': 9262}
1199801761,VERY_LONG,,1,10007300,,"{'id': 94218, 'context': 0, 'bonus_lists': [1694], 'modifiers': [{'type': 28, 'value': 1035}]}"
1199801840,VERY_LONG,,1,159900,,"{'id': 36351, 'context': 2, 'bonus_lists': [6654, 1681], 'modifiers': [{'type': 9, 'value': 30}, {'type': 28, 'value': 1099}]}"
1199801866,VERY_LONG,,1,208900,,"{'id': 36377, 'context': 2, 'bonus_lists': [6654, 1691], 'modifiers': [{'type': 9, 'value': 30}, {'type': 28, 'value': 1090}]}"
1199801895,VERY_LONG,,1,158800,,"{'id': 36057, 'context': 2, 'bonus_lists': [6654, 1680], 'modifiers': [{'type': 9, 'value': 30}, {'type': 28, 'value': 1090}]}"
1199801964,VERY_LONG,,1,508200,,"{'id': 37801, 'context': 2, 'bonus_lists': [4196], 'modifiers': [{'type': 9, 'value': 30}, {'type': 28, 'value': 1099}]}"
1199801970,VERY_LONG,20300,1292,,,{'id': 2835}
1199801993,VERY_LONG,1979800,25,,,{'id': 7082}
1199802002,VERY_LONG,,1,2509100,,"{'id': 37793, 'context': 2, 'bonus_lists': [6658], 'modifiers': [{'type': 9, 'value': 30}, {'type': 28, 'value': 1086}]}"
1199802018,VERY_LONG,135559800,5,,,{'id': 161344}
1199802026,VERY_LONG,,1,950000,,"{'id': 37625, 'context': 2, 'bonus_lists': [4196], 'modifiers': [{'type': 9, 'value': 30}, {'type': 28, 'value': 1101}]}"
1199802042,VERY_LONG,,1,5008200,,"{'id': 37587, 'context': 2, 'bonus_lists': [4196], 'modifiers': [{'type': 9, 'value': 30}, {'type': 28, 'value': 1090}]}"
1199802044,VERY_LONG,150000,1,,,{'id': 36923}
1199802056,VERY_LONG,60000,2,,,{'id': 36917}
1199802060,VERY_LONG,,1,1000000,,"{'id': 37781, 'context': 2, 'bonus_lists': [6658], 'modifiers': [{'type': 9, 'value': 30}, {'type': 28, 'value': 1087}]}"
1199802068,VERY_LONG,1006900,15,,,{'id': 52183}
1199802074,VERY_LONG,,1,5004800,,"{'id': 37671, 'context': 2, 'bonus_lists': [4196], 'modifiers': [{'type': 9, 'value': 30}, {'type': 28, 'value': 1096}]}"
1199802075,VERY_LONG,19600,14,,,{'id': 12361}
1199802087,VERY_LONG,250000,7,,,{'id': 36906}
1199802100,VERY_LONG,440000,64,,,{'id': 124444}
1199804119,VERY_LONG,2100,67,,,{'id': 42780}
1199804133,VERY_LONG,2250000,260,,,{'id': 124671}
1199804163,VERY_LONG,2530400,283,,,{'id': 54849}
1199804182,VERY_LONG,169000,1,,,{'id': 76140}
1199804200,VERY_LONG,5000,4,,,{'id': 154898}
1199804223,VERY_LONG,7493300,1,,,{'id': 58488}
1199804249,VERY_LONG,209900,2,,,{'id': 154123}
1199804251,VERY_LONG,770300,210,,,{'id': 23425}
1199804270,VERY_LONG,,1,127499800,,"{'id': 93623, 'context': 0, 'bonus_lists': [6880, 7179], 'modifiers': [{'type': 9, 'value': 50}]}"
1199804273,VERY_LONG,,1,127499800,,"{'id': 93623, 'context': 0, 'bonus_lists': [6880, 7179], 'modifiers': [{'type': 9, 'value': 50}]}"
1199804287,VERY_LONG,54999900,3,,,{'id': 35128}
1199804288,VERY_LONG,14513700,1,,,{'id': 74717}
1199804309,VERY_LONG,7280000,43,,,{'id': 18562}
1199804317,VERY_LONG,26003500,1,,,{'id': 74727}
1199804337,VERY_LONG,,1,450001000,,"{'id': 22198, 'context': 0, 'bonus_lists': [6883]}"
1199804350,VERY_LONG,6499700,62,,,{'id': 76131}
1199804369,VERY_LONG,440000,63,,,{'id': 22578}
1199804380,VERY_LONG,220000,2,,,{'id': 62779}
1199804399,VERY_LONG,22800,958,,,{'id': 94288}
1199804411,VERY_LONG,1499000,1,,,{'id': 74707}
1199804434,VERY_LONG,220000,1194,,,{'id': 2770}
1199804472,VERY_LONG,1220000,562,,,{'id': 23446}
1199804497,VERY_LONG,2600000,98,,,{'id': 76138}
1199804539,VERY_LONG,1999800,100,,,{'id': 72095}
1199804559,VERY_LONG,2559800,100,,,{'id': 72095}
1199804590,VERY_LONG,210000,95,,,{'id': 2840}
1199804611,VERY_LONG,,1,92499800,,"{'id': 93536, 'context': 0, 'bonus_lists': [6873, 7179], 'modifiers': [{'type': 9, 'value': 50}]}"
1199804647,VERY_LONG,24499900,22,,,{'id': 53039}
1199804648,VERY_LONG,,1,44000000,,"{'id': 82800, 'context': 0, 'modifiers': [{'type': 6, 'value': 99907}], 'pet_breed_id': 12, 'pet_level': 1, 'pet_quality_id': 2, 'pet_species_id': 3033}"
1199804705,VERY_LONG,110100,1188,,,{'id': 168185}
1199804762,VERY_LONG,440000,600,,,{'id': 3858}
1199804825,VERY_LONG,2244800,394,,,{'id': 173168}
1199804871,VERY_LONG,,1,92499800,,"{'id': 93536, 'context': 0, 'bonus_lists': [6873, 7179], 'modifiers': [{'type': 9, 'value': 50}]}"
1199806248,VERY_LONG,20000,1200,,,{'id': 10620}
1199806263,VERY_LONG,770300,189,,,{'id': 23425}
1199806274,VERY_LONG,8499700,6,,,{'id': 116428}
1199806293,VERY_LONG,229900,11,,,{'id': 12799}
1199806303,VERY_LONG,3769000,74,,,{'id': 76139}
1199806309,VERY_LONG,,1,87499900,,"{'id': 93454, 'context': 0, 'bonus_lists': [6876]}"
1199806346,VERY_LONG,450000,480,,,{'id': 3858}
1199806351,VERY_LONG,,1,61909100,58194600,"{'id': 82800, 'context': 0, 'modifiers': [{'type': 6, 'value': 66157}], 'pet_breed_id': 13, 'pet_level': 25, 'pet_quality_id': 3, 'pet_species_id': 1804}"
1199806354,VERY_LONG,,1,45001800,42301700,"{'id': 82800, 'context': 0, 'modifiers': [{'type': 6, 'value': 46898}], 'pet_breed_id': 18, 'pet_level': 25, 'pet_quality_id': 3, 'pet_species_id': 1143}"
1199806356,VERY_LONG,,1,81000000,76140000,"{'id': 82800, 'context': 0, 'modifiers': [{'type': 6, 'value': 51408}], 'pet_breed_id': 9, 'pet_level': 25, 'pet_quality_id': 3, 'pet_species_id': 1329}"
1199806358,VERY_LONG,,1,81000000,76140000,"{'id': 82800, 'context': 0, 'modifiers': [{'type': 6, 'value': 51408}], 'pet_breed_id': 11, 'pet_level': 25, 'pet_quality_id': 3, 'pet_species_id': 1329}"
1199806361,VERY_LONG,,1,61188800,57517500,"{'id': 82800, 'context': 0, 'modifiers': [{'type': 6, 'value': 46902}], 'pet_breed_id': 9, 'pet_level': 25, 'pet_quality_id': 3, 'pet_species_id': 1150}"
1199806362,VERY_LONG,,1,61188800,57517500,"{'id': 82800, 'context': 0, 'modifiers': [{'type': 6, 'value': 46902}], 'pet_breed_id': 9, 'pet_level': 25, 'pet_quality_id': 3, 'pet_species_id': 1150}"
1199806365,VERY_LONG,,1,67053400,63030200,"{'id': 82800, 'context': 0, 'modifiers': [{'type': 6, 'value': 75766}], 'pet_breed_id': 18, 'pet_level': 25, 'pet_quality_id': 3, 'pet_species_id': 2042}"
1199806368,VERY_LONG,,1,67053400,63030200,"{'id': 82800, 'context': 0, 'modifiers': [{'type': 6, 'value': 75766}], 'pet_breed_id': 18, 'pet_level': 25, 'pet_quality_id': 3, 'pet_species_id': 2042}"
1199806372,VERY_LONG,,1,67053400,63030200,"{'id': 82800, 'context': 0, 'modifiers': [{'type': 6, 'value': 75766}], 'pet_breed_id': 18, 'pet_level': 25, 'pet_quality_id': 3, 'pet_species_id': 2042}"
1199806376,VERY_LONG,,1,61081000,57416100,"{'id': 82800, 'context': 0, 'modifiers': [{'type': 6, 'value': 61887}], 'pet_breed_id': 20, 'pet_level': 25, 'pet_quality_id': 3, 'pet_species_id': 1623}"
1199806384,VERY_LONG,1770000,4,,,{'id': 23427}
1199806385,VERY_LONG,,1,61081000,57416100,"{'id': 82800, 'context': 0, 'modifiers': [{'type': 6, 'value': 61887}], 'pet_breed_id': 17, 'pet_level': 25, 'pet_quality_id': 3, 'pet_species_id': 1623}"
1199806387,VERY_LONG,,1,61081000,57416100,"{'id': 82800, 'context': 0, 'modifiers': [{'type': 6, 'value': 61887}], 'pet_breed_id': 17, 'pet_level': 25, 'pet_quality_id': 3, 'pet_species_id': 1623}"
1199806391,VERY_LONG,,1,81000000,76140000,"{'id': 82800, 'context': 0, 'pet_breed_id': 3, 'pet_level': 25, 'pet_quality_id': 3, 'pet_species_id': 1687}"
1199806395,VERY_LONG,,1,81000000,76140000,"{'id': 82800, 'context': 0, 'pet_breed_id': 3, 'pet_level': 25, 'pet_quality_id': 3, 'pet_species_id': 1687}"
1199806397,VERY_LONG,,1,81000000,76140000,"{'id': 82800, 'context': 0, 'modifiers': [{'type': 6, 'value': 99114}], 'pet_breed_id': 8, 'pet_level': 25, 'pet_quality_id': 3, 'pet_species_id': 3046}"
1199806399,VERY_LONG,,1,81000000,76140000,"{'id': 82800, 'context': 0, 'modifiers': [{'type': 6, 'value': 99114}], 'pet_breed_id': 8, 'pet_level': 25, 'pet_quality_id': 3, 'pet_species_id': 3046}"
1199806400,VERY_LONG,,1,81000000,76140000,"{'id': 82800, 'context': 0, 'pet_breed_id': 18, 'pet_level': 25, 'pet_quality_id': 3, 'pet_species_id': 1962}"
1199806401,VERY_LONG,,1,81000000,76140000,"{'id': 82800, 'context': 0, 'pet_breed_id': 18, 'pet_level': 25, 'pet_quality_id': 3, 'pet_species_id': 1962}"
1199806402,VERY_LONG,3499900,2,,,{'id': 20817}
1199806406,VERY_LONG,,1,81000000,76140000,"{'id': 82800, 'context': 0, 'pet_breed_id': 18, 'pet_level': 25, 'pet_quality_id': 3, 'pet_species_id': 1962}"
1199806408,VERY_LONG,,1,81000000,76140000,"{'id': 82800, 'context': 0, 'modifiers': [{'type': 6, 'value': 78243}], 'pet_breed_id': 16, 'pet_level': 25, 'pet_quality_id': 3, 'pet_species_id': 2569}"
1199806411,VERY_LONG,,1,81000000,76140000,"{'id': 82800, 'context': 0, 'modifiers': [{'type': 6, 'value': 78243}], 'pet_breed_id': 16, 'pet_level': 25, 'pet_quality_id': 3, 'pet_species_id': 2569}"
1199806415,VERY_LONG,,1,81000000,76140000,"{'id': 82800, 'context': 0, 'modifiers': [{'type': 6, 'value': 78243}], 'pet_breed_id': 16, 'pet_level': 25, 'pet_quality_id': 3, 'pet_species_id': 2569}"
1199806418,VERY_LONG,,1,60057200,56453800,"{'id': 82800, 'context': 0, 'modifiers': [{'type': 6, 'value': 21900}], 'pet_breed_id': 10, 'pet_level': 25, 'pet_quality_id': 3, 'pet_species_id': 162}"
1199806419,VERY_LONG,,1,60057200,56453800,"{'id': 82800, 'context': 0, 'modifiers': [{'type': 6, 'value': 21900}], 'pet_breed_id': 10, 'pet_level': 25, 'pet_quality_id': 3, 'pet_species_id': 162}"
1199806421,VERY_LONG,,1,60057200,56453800,"{'id': 82800, 'context': 0, 'modifiers': [{'type': 6, 'value': 21900}], 'pet_breed_id': 10, 'pet_level': 25, 'pet_quality_id': 3, 'pet_species_id': 162}"
1199806424,VERY_LONG,,1,62028000,58306300,"{'id': 82800, 'context': 0, 'modifiers': [{'type': 6, 'value': 45289}], 'pet_breed_id': 18, 'pet_level': 25, 'pet_quality_id': 3, 'pet_species_id': 2087}"
1199806426,VERY_LONG,,1,62028000,58306300,"{'id': 82800, 'context': 0, 'modifiers': [{'type': 6, 'value': 45289}], 'pet_breed_id': 18, 'pet_level': 25, 'pet_quality_id': 3, 'pet_species_id': 2087}"
1199806430,VERY_LONG,,1,61393500,57709900,"{'id': 82800, 'context': 0, 'modifiers': [{'type': 6, 'value': 73706}], 'pet_breed_id': 11, 'pet_level': 25, 'pet_quality_id': 3, 'pet_species_id': 1966}"
1199806432,VERY_LONG,,1,61393500,57709900,"{'id': 82800, 'context': 0, 'modifiers': [{'type': 6, 'value': 73706}], 'pet_breed_id': 11, 'pet_level': 25, 'pet_quality_id': 3, 'pet_species_id': 1966}"
1199806435,VERY_LONG,,1,61393500,57709900,"{'id': 82800, 'context': 0, 'modifiers': [{'type': 6, 'value': 73706}], 'pet_breed_id': 11, 'pet_level': 25, 'pet_quality_id': 3, 'pet_species_id': 1966}"
1199806438,VERY_LONG,,1,81000000,76140000,"{'id': 82800, 'context': 0, 'modifiers': [{'type': 6, 'value': 94713}], 'pet_breed_id': 14, 'pet_level': 25, 'pet_quality_id': 3, 'pet_species_id': 2840}"
1199806460,VERY_LONG,1619100,8,,,{'id': 12655}
1199806474,VERY_LONG,,1,81000000,76140000,"{'id': 82800, 'context': 0, 'modifiers': [{'type': 6, 'value': 94713}], 'pet_breed_id': 14, 'pet_level': 25, 'pet_quality_id': 3, 'pet_species_id': 2840}"
1199806478,VERY_LONG,,1,81000000,76140000,"{'id': 82800, 'context': 0, 'modifiers': [{'type': 6, 'value': 90183}], 'pet_breed_id': 18, 'pet_level': 25, 'pet_quality_id': 3, 'pet_species_id': 2560}"
1199806483,VERY_LONG,,1,50000000,47000000,"{'id': 82800, 'context': 0, 'modifiers': [{'type': 6, 'value': 73708}], 'pet_breed_id': 8, 'pet_level': 25, 'pet_quality_id': 3, 'pet_species_id': 1968}"
1199806484,VERY_LONG,,1,50000000,47000000,"{'id': 82800, 'context': 0, 'modifiers': [{'type': 6, 'value': 73708}], 'pet_breed_id': 18, 'pet_level': 25, 'pet_quality_id': 3, 'pet_species_id': 1968}"
1199806485,VERY_LONG,,1,81000000,76140000,"{'id': 82800, 'context': 0, 'modifiers': [{'type': 6, 'value': 58534}], 'pet_breed_id': 17, 'pet_level': 25, 'pet_quality_id': 3, 'pet_species_id': 1569}"
1199806486,VERY_LONG,,1,73412700,69007900,"{'id': 82800, 'context': 0, 'modifiers': [{'type': 6, 'value': 48663}], 'pet_breed_id': 5, 'pet_level': 25, 'pet_quality_id': 3, 'pet_species_id': 1235}"
1199806488,VERY_LONG,2800000,168,,,{'id': 51950}
1199806489,VERY_LONG,,1,81000000,76140000,"{'id': 82800, 'context': 0, 'modifiers': [{'type': 6, 'value': 65091}], 'pet_breed_id': 8, 'pet_level': 25, 'pet_quality_id': 3, 'pet_species_id': 1907}"
1199806491,VERY_LONG,,1,72283900,67946900,"{'id': 82800, 'context': 0, 'modifiers': [{'type': 6, 'value': 72658}], 'pet_breed_id': 7, 'pet_level': 25, 'pet_quality_id': 3, 'pet_species_id': 1934}"
1199806494,VERY_LONG,,1,81000000,76140000,"{'id': 82800, 'context': 0, 'modifiers': [{'type': 6, 'value': 38232}], 'pet_breed_id': 8, 'pet_level': 25, 'pet_quality_id': 3, 'pet_species_id': 310}"
1199806495,VERY_LONG,,1,30000000,28400000,"{'id': 82800, 'context': 0, 'modifiers': [{'type': 6, 'value': 88002}], 'pet_breed_id': 9, 'pet_level': 25, 'pet_quality_id': 3, 'pet_species_id': 2448}"
1199806497,VERY_LONG,,1,30000000,28400000,"{'id': 82800, 'context': 0, 'modifiers': [{'type': 6, 'value': 88002}], 'pet_breed_id': 9, 'pet_level': 25, 'pet_quality_id': 3, 'pet_species_id': 2448}"
1199806499,VERY_LONG,,1,61771100,58064800,"{'id': 82800, 'context': 0, 'modifiers': [{'type': 6, 'value': 90184}], 'pet_breed_id': 9, 'pet_level': 25, 'pet_quality_id': 3, 'pet_species_id': 2561}"
1199806500,VERY_LONG,,1,61771100,58064800,"{'id': 82800, 'context': 0, 'modifiers': [{'type': 6, 'value': 90184}], 'pet_breed_id': 9, 'pet_level': 25, 'pet_quality_id': 3, 'pet_species_id': 2561}"
1199806502,VERY_LONG,,1,61095000,57429300,"{'id': 82800, 'context': 0, 'modifiers': [{'type': 6, 'value': 73699}], 'pet_breed_id': 5, 'pet_level': 25, 'pet_quality_id': 3, 'pet_species_id': 1964}"
1199806504,VERY_LONG,,1,61095000,57429300,"{'id': 82800, 'context': 0, 'modifiers': [{'type': 6, 'value': 73699}], 'pet_breed_id': 5, 'pet_level': 25, 'pet_quality_id': 3, 'pet_species_id': 1964}"
1199806505,VERY_LONG,,1,42602000,40045900,"{'id': 82800, 'context': 0, 'modifiers': [{'type': 6, 'value': 60732}], 'pet_breed_id': 17, 'pet_level': 25, 'pet_quality_id': 3, 'pet_species_id': 1564}"
1199806507,VERY_LONG,,1,71022900,66761500,"{'id': 82800, 'context': 0, 'modifiers': [{'type': 6, 'value': 48057}], 'pet_breed_id': 14, 'pet_level': 25, 'pet_quality_id': 3, 'pet_species_id': 1213}"
1199806509,VERY_LONG,,1,71022900,66761500,"{'id': 82800, 'context': 0, 'modifiers': [{'type': 6, 'value': 48057}], 'pet_breed_id': 14, 'pet_level': 25, 'pet_quality_id': 3, 'pet_species_id': 1213}"
1199806512,VERY_LONG,,1,60639800,57001400,"{'id': 82800, 'context': 0, 'modifiers': [{'type': 6, 'value': 46903}], 'pet_breed_id': 7, 'pet_level': 25, 'pet_quality_id': 3, 'pet_species_id': 1151}"
1199806513,VERY_LONG,,1,81000000,76140000,"{'id': 82800, 'context': 0, 'modifiers': [{'type': 6, 'value': 79709}], 'pet_breed_id': 9, 'pet_level': 25, 'pet_quality_id': 3, 'pet_species_id': 2088}"
1199806514,VERY_LONG,,1,81000000,76140000,"{'id': 82800, 'context': 0, 'modifiers': [{'type': 6, 'value': 79709}], 'pet_breed_id': 5, 'pet_level': 25, 'pet_quality_id': 3, 'pet_species_id': 2088}"
1199806517,VERY_LONG,,1,66121800,62154500,"{'id': 82800, 'context': 0, 'modifiers': [{'type': 6, 'value': 48664}], 'pet_breed_id': 4, 'pet_level': 25, 'pet_quality_id': 3, 'pet_species_id': 1233}"
1199806520,VERY_LONG,,1,81000000,76140000,"{'id': 82800, 'context': 0, 'pet_breed_id': 3, 'pet_level': 25, 'pet_quality_id': 3, 'pet_species_id': 1952}"
1199806523,VERY_LONG,,1,81000000,76140000,"{'id': 82800, 'context': 0, 'modifiers': [{'type': 6, 'value': 94711}], 'pet_breed_id': 5, 'pet_level': 25, 'pet_quality_id': 3, 'pet_species_id': 2838}"
1199806525,VERY_LONG,,1,30000000,28400000,"{'id': 82800, 'context': 0, 'pet_breed_id': 9, 'pet_level': 25, 'pet_quality_id': 3, 'pet_species_id': 1965}"
1199806526,VERY_LONG,660700,2,,,{'id': 22575}
1199806528,VERY_LONG,,1,30000000,28400000,"{'id': 82800, 'context': 0, 'pet_breed_id': 3, 'pet_level': 25, 'pet_quality_id': 3, 'pet_species_id': 1965}"
1199806532,VERY_LONG,,1,81000000,76140000,"{'id': 82800, 'context': 0, 'modifiers': [{'type': 6, 'value': 88064}], 'pet_breed_id': 14, 'pet_level': 25, 'pet_quality_id': 3, 'pet_species_id': 2473}"
1199806535,VERY_LONG,,1,81000000,76140000,"{'id': 82800, 'context': 0, 'modifiers': [{'type': 6, 'value': 63446}], 'pet_breed_id': 14, 'pet_level': 25, 'pet_quality_id': 3, 'pet_species_id': 1662}"
1199806539,VERY_LONG,,1,81000000,76140000,"{'id': 82800, 'context': 0, 'modifiers': [{'type': 6, 'value': 63446}], 'pet_breed_id': 14, 'pet_level': 25, 'pet_quality_id': 3, 'pet_species_id': 1662}"
1199806542,VERY_LONG,,1,81000000,76140000,"{'id': 82800, 'context': 0, 'modifiers': [{'type': 6, 'value': 63446}], 'pet_breed_id': 14, 'pet_level': 25, 'pet_quality_id': 3, 'pet_species_id': 1662}"
1199806544,VERY_LONG,,1,81000000,76140000,"{'id': 82800, 'context': 0, 'modifiers': [{'type': 6, 'value': 77901}], 'pet_breed_id': 13, 'pet_level': 25, 'pet_quality_id': 3, 'pet_species_id': 2566}"
1199806547,VERY_LONG,,1,81000000,76140000,"{'id': 82800, 'context': 0, 'modifiers': [{'type': 6, 'value': 77901}], 'pet_breed_id': 13, 'pet_level': 25, 'pet_quality_id': 3, 'pet_species_id': 2566}"
1199806550,VERY_LONG,,1,81000000,76140000,"{'id': 82800, 'context': 0, 'modifiers': [{'type': 6, 'value': 77901}], 'pet_breed_id': 13, 'pet_level': 25, 'pet_quality_id': 3, 'pet_species_id': 2566}"
1199806553,VERY_LONG,7280000,3,,,{'id': 18562}
1199806555,VERY_LONG,,1,81000000,76140000,"{'id': 82800, 'context': 0, 'modifiers': [{'type': 6, 'value': 6299}], 'pet_breed_id': 20, 'pet_level': 25, 'pet_quality_id': 3, 'pet_species_id': 67}"
1199806557,VERY_LONG,,1,81000000,76140000,"{'id': 82800, 'context': 0, 'modifiers': [{'type': 6, 'value': 6299}], 'pet_breed_id': 8, 'pet_level': 25, 'pet_quality_id': 3, 'pet_species_id': 67}"
1199806560,VERY_LONG,,1,81000000,76140000,"{'id': 82800, 'context': 0, 'modifiers': [{'type': 6, 'value': 61890}], 'pet_breed_id': 7, 'pet_level': 25, 'pet_quality_id': 3, 'pet_species_id': 1625}"
1199806562,VERY_LONG,,1,60720700,57077500,"{'id': 82800, 'context': 0, 'pet_breed_id': 13, 'pet_level': 25, 'pet_quality_id': 3, 'pet_species_id': 1960}"
1199806564,VERY_LONG,,1,60720700,57077500,"{'id': 82800, 'context': 0, 'pet_breed_id': 13, 'pet_level': 25, 'pet_quality_id': 3, 'pet_species_id': 1960}"
1199806566,VERY_LONG,,1,60720700,57077500,"{'id': 82800, 'context': 0, 'pet_breed_id': 13, 'pet_level': 25, 'pet_quality_id': 3, 'pet_species_id': 1960}"
1199806571,VERY_LONG,,1,39300000,36942000,"{'id': 82800, 'context': 0, 'modifiers': [{'type': 6, 'value': 65120}], 'pet_breed_id': 18, 'pet_level': 25, 'pet_quality_id': 3, 'pet_species_id': 1720}"
1199806576,VERY_LONG,,1,81000000,76140000,"{'id': 82800, 'context': 0, 'modifiers': [{'type': 6, 'value': 26740}], 'pet_breed_id': 12, 'pet_level': 25, 'pet_quality_id': 3, 'pet_species_id': 1956}"
1199806578,VERY_LONG,,1,81000000,76140000,"{'id': 82800, 'context': 0, 'modifiers': [{'type': 6, 'value': 26740}], 'pet_breed_id': 6, 'pet_level': 25, 'pet_quality_id': 3, 'pet_species_id': 1956}"
1199806581,VERY_LONG,,1,81000000,76140000,"{'id': 82800, 'context': 0, 'modifiers': [{'type': 6, 'value': 26740}], 'pet_breed_id': 22, 'pet_level': 25, 'pet_quality_id': 3, 'pet_species_id': 1956}"
1199806584,VERY_LONG,,1,68990600,64851200,"{'id': 82800, 'context': 0, 'modifiers': [{'type': 6, 'value': 88036}], 'pet_breed_id': 6, 'pet_level': 25, 'pet_quality_id': 3, 'pet_species_id': 2458}"
1199806586,VERY_LONG,474900,2,,,{'id': 22573}
1199806589,VERY_LONG,,1,81000000,76140000,"{'id': 82800, 'context': 0, 'modifiers': [{'type': 6, 'value': 15904}], 'pet_breed_id': 3, 'pet_level': 25, 'pet_quality_id': 3, 'pet_species_id': 118}"
1199806594,VERY_LONG,,1,81000000,76140000,"{'id': 82800, 'context': 0, 'modifiers': [{'type': 6, 'value': 15904}], 'pet_breed_id': 3, 'pet_level': 25, 'pet_quality_id': 3, 'pet_species_id': 118}"
1199806599,VERY_LONG,,1,81000000,76140000,"{'id': 82800, 'context': 0, 'modifiers': [{'type': 6, 'value': 62440}], 'pet_breed_id': 14, 'pet_level': 25, 'pet_quality_id': 3, 'pet_species_id': 1655}"
1199806604,VERY_LONG,,1,40400000,37976000,"{'id': 82800, 'context': 0, 'modifiers': [{'type': 6, 'value': 36743}], 'pet_breed_id': 8, 'pet_level': 25, 'pet_quality_id': 3, 'pet_species_id': 2568}"
1199806607,VERY_LONG,,1,40400000,37976000,"{'id': 82800, 'context': 0, 'modifiers': [{'type': 6, 'value': 36743}], 'pet_breed_id': 8, 'pet_level': 25, 'pet_quality_id': 3, 'pet_species_id': 2568}"
1199806609,VERY_LONG,,1,40400000,37976000,"{'id': 82800, 'context': 0, 'modifiers': [{'type': 6, 'value': 36743}], 'pet_breed_id': 8, 'pet_level': 25, 'pet_quality_id': 3, 'pet_species_id': 2568}"
1199806611,VERY_LONG,,1,81000000,76140000,"{'id': 82800, 'context': 0, 'modifiers': [{'type': 6, 'value': 61889}], 'pet_breed_id': 19, 'pet_level': 25, 'pet_quality_id': 3, 'pet_species_id': 1627}"
1199806614,VERY_LONG,,1,81000000,76140000,"{'id': 82800, 'context': 0, 'modifiers': [{'type': 6, 'value': 61889}], 'pet_breed_id': 19, 'pet_level': 25, 'pet_quality_id': 3, 'pet_species_id': 1627}"
1199806616,VERY_LONG,,1,81000000,76140000,"{'id': 82800, 'context': 0, 'modifiers': [{'type': 6, 'value': 61889}], 'pet_breed_id': 19, 'pet_level': 25, 'pet_quality_id': 3, 'pet_species_id': 1627}"
1199806619,VERY_LONG,,1,81000000,76140000,"{'id': 82800, 'context': 0, 'modifiers': [{'type': 6, 'value': 46900}], 'pet_breed_id': 4, 'pet_level': 25, 'pet_quality_id': 3, 'pet_species_id': 1147}"
1199806623,VERY_LONG,,1,81000000,76140000,"{'id': 82800, 'context': 0, 'modifiers': [{'type': 6, 'value': 46900}], 'pet_breed_id': 4, 'pet_level': 25, 'pet_quality_id': 3, 'pet_species_id': 1147}"
1199806627,VERY_LONG,,1,50009000,47008500,"{'id': 82800, 'context': 0, 'modifiers': [{'type': 6, 'value': 88060}], 'pet_breed_id': 6, 'pet_level': 25, 'pet_quality_id': 3, 'pet_species_id': 2468}"
1199806629,VERY_LONG,,1,81000000,76140000,"{'id': 82800, 'context': 0, 'modifiers': [{'type': 6, 'value': 87862}], 'pet_breed_id': 13, 'pet_level': 25, 'pet_quality_id': 3, 'pet_species_id': 2432}"
1199806633,VERY_LONG,,1,81000000,76140000,"{'id': 82800, 'context': 0, 'modifiers': [{'type': 6, 'value': 87862}], 'pet_breed_id': 16, 'pet_level': 25, 'pet_quality_id': 3, 'pet_species_id': 2432}"
1199806636,VERY_LONG,,1,81000000,76140000,"{'id': 82800, 'context': 0, 'modifiers': [{'type': 6, 'value': 95172}], 'pet_breed_id': 13, 'pet_level': 25, 'pet_quality_id': 3, 'pet_species_id': 2843}"
1199806641,VERY_LONG,,1,81000000,76140000,"{'id': 82800, 'context': 0, 'modifiers': [{'type': 6, 'value': 95172}], 'pet_breed_id': 13, 'pet_level': 25, 'pet_quality_id': 3, 'pet_species_id': 2843}"
1199806645,VERY_LONG,,1,81000000,76140000,"{'id': 82800, 'context': 0, 'modifiers': [{'type': 6, 'value': 95172}], 'pet_breed_id': 13, 'pet_level': 25, 'pet_quality_id': 3, 'pet_species_id': 2843}"
1199806647,VERY_LONG,,1,61163200,57493400,"{'id': 82800, 'context': 0, 'modifiers': [{'type': 6, 'value': 46923}], 'pet_breed_id': 8, 'pet_level': 25, 'pet_quality_id': 3, 'pet_species_id': 1149}"
1199806651,VERY_LONG,,1,61163200,57493400,"{'id': 82800, 'context': 0, 'modifiers': [{'type': 6, 'value': 46923}], 'pet_breed_id': 8, 'pet_level': 25, 'pet_quality_id': 3, 'pet_species_id': 1149}"
1199806654,VERY_LONG,,1,61163200,57493400,"{'id': 82800, 'context': 0, 'modifiers': [{'type': 6, 'value': 46923}], 'pet_breed_id': 8, 'pet_level': 25, 'pet_quality_id': 3, 'pet_species_id': 1149}"
1199806655,VERY_LONG,,1,29990000,28400000,"{'id': 82800, 'context': 0, 'modifiers': [{'type': 6, 'value': 79796}], 'pet_breed_id': 6, 'pet_level': 25, 'pet_quality_id': 3, 'pet_species_id': 2118}"
1199806657,VERY_LONG,,1,81000000,76140000,"{'id': 82800, 'context': 0, 'modifiers': [{'type': 6, 'value': 59578}], 'pet_breed_id': 14, 'pet_level': 25, 'pet_quality_id': 3, 'pet_species_id': 1530}"
1199806659,VERY_LONG,,1,81000000,76140000,"{'id': 82800, 'context': 0, 'modifiers': [{'type': 6, 'value': 60889}], 'pet_breed_id': 3, 'pet_level': 25, 'pet_quality_id': 3, 'pet_species_id': 1588}"
1199806661,VERY_LONG,,1,61836100,58125900,"{'id': 82800, 'context': 0, 'modifiers': [{'type': 6, 'value': 71827}], 'pet_breed_id': 14, 'pet_level': 25, 'pet_quality_id': 3, 'pet_species_id': 1921}"
1199806663,VERY_LONG,,1,61836100,58125900,"{'id': 82800, 'context': 0, 'modifiers': [{'type': 6, 'value': 71827}], 'pet_breed_id': 14, 'pet_level': 25, 'pet_quality_id': 3, 'pet_species_id': 1921}"
1199806665,VERY_LONG,,1,69791500,65604000,"{'id': 82800, 'context': 0, 'modifiers': [{'type': 6, 'value': 66487}], 'pet_breed_id': 17, 'pet_level': 25, 'pet_quality_id': 3, 'pet_species_id': 2551}"
1199806667,VERY_LONG,,1,71467700,67179600,"{'id': 82800, 'context': 0, 'modifiers': [{'type': 6, 'value': 79641}], 'pet_breed_id': 8, 'pet_level': 25, 'pet_quality_id': 3, 'pet_species_id': 2084}"
1199806670,VERY_LONG,,1,81000000,76140000,"{'id': 82800, 'context': 0, 'modifiers': [{'type': 6, 'value': 88035}], 'pet_breed_id': 6, 'pet_level': 25, 'pet_quality_id': 3, 'pet_species_id': 2459}"
1199806671,VERY_LONG,,1,81000000,76140000,"{'id': 82800, 'context': 0, 'modifiers': [{'type': 6, 'value': 88035}], 'pet_breed_id': 6, 'pet_level': 25, 'pet_quality_id': 3, 'pet_species_id': 2459}"
1199806673,VERY_LONG,,1,81000000,76140000,"{'id': 82800, 'context': 0, 'modifiers': [{'type': 6, 'value': 59352}], 'pet_breed_id': 17, 'pet_level': 25, 'pet_quality_id': 3, 'pet_species_id': 1524}"
1199806676,VERY_LONG,,1,81000000,76140000,"{'id': 82800, 'context': 0, 'modifiers': [{'type': 6, 'value': 59352}], 'pet_breed_id': 19, 'pet_level': 25, 'pet_quality_id': 3, 'pet_species_id': 1524}"
1199806677,VERY_LONG,,1,49999900,,"{'id': 93546, 'context': 0, 'bonus_lists': [6879, 7179], 'modifiers': [{'type': 9, 'value': 50}]}"
1199806679,VERY_LONG,,1,81000000,76140000,"{'id': 82800, 'context': 0, 'modifiers': [{'type': 6, 'value': 95171}], 'pet_breed_id': 4, 'pet_level': 25, 'pet_quality_id': 3, 'pet_species_id': 2842}"
1199806681,VERY_LONG,,1,81000000,76140000,"{'id': 82800, 'context': 0, 'modifiers': [{'type': 6, 'value': 95171}], 'pet_breed_id': 4, 'pet_level': 25, 'pet_quality_id': 3, 'pet_species_id': 2842}"
1199806685,VERY_LONG,,1,81000000,76140000,"{'id': 82800, 'context': 0, 'modifiers': [{'type': 6, 'value': 95171}], 'pet_breed_id': 4, 'pet_level': 25, 'pet_quality_id': 3, 'pet_species_id': 2842}"
1199806689,VERY_LONG,,1,63779500,59952700,"{'id': 82800, 'context': 0, 'modifiers': [{'type': 6, 'value': 79797}], 'pet_breed_id': 4, 'pet_level': 25, 'pet_quality_id': 3, 'pet_species_id': 2119}"
1199806692,VERY_LONG,,1,72547300,68194500,"{'id': 82800, 'context': 0, 'pet_breed_id': 21, 'pet_level': 25, 'pet_quality_id': 3, 'pet_species_id': 1628}"
1199806695,VERY_LONG,,1,72547300,68194500,"{'id': 82800, 'context': 0, 'pet_breed_id': 21, 'pet_level': 25, 'pet_quality_id': 3, 'pet_species_id': 1628}"
1199806698,VERY_LONG,,1,81000000,76140000,"{'id': 82800, 'context': 0, 'modifiers': [{'type': 6, 'value': 90230}], 'pet_breed_id': 17, 'pet_level': 25, 'pet_quality_id': 3, 'pet_species_id': 2563}"
1199806700,VERY_LONG,,1,81000000,76140000,"{'id': 82800, 'context': 0, 'modifiers': [{'type': 6, 'value': 90230}], 'pet_breed_id': 17, 'pet_level': 25, 'pet_quality_id': 3, 'pet_species_id': 2563}"
1199806702,VERY_LONG,,1,81000000,76140000,"{'id': 82800, 'context': 0, 'modifiers': [{'type': 6, 'value': 46909}], 'pet_breed_id': 18, 'pet_level': 25, 'pet_quality_id': 3, 'pet_species_id': 1156}"
1199806704,VERY_LONG,,1,81000000,76140000,"{'id': 82800, 'context': 0, 'modifiers': [{'type': 6, 'value': 34413}], 'pet_breed_id': 18, 'pet_level': 25, 'pet_quality_id': 3, 'pet_species_id': 266}"
1199806707,VERY_LONG,,1,81000000,76140000,"{'id': 82800, 'context': 0, 'modifiers': [{'type': 6, 'value': 34413}], 'pet_breed_id': 18, 'pet_level': 25, 'pet_quality_id': 3, 'pet_species_id': 266}"
1199806709,VERY_LONG,,1,81000000,76140000,"{'id': 82800, 'context': 0, 'modifiers': [{'type': 6, 'value': 34413}], 'pet_breed_id': 18, 'pet_level': 25, 'pet_quality_id': 3, 'pet_species_id': 266}"
1199806722,VERY_LONG,340000,252,,,{'id': 29425}
1199806741,VERY_LONG,5698900,5,,,{'id': 12360}
1199806759,VERY_LONG,,1,793800000,,"{'id': 183616, 'context': 0, 'modifiers': [{'type': 28, 'value': 1401}]}"
1199806771,VERY_LONG,,1,109999900,,"{'id': 93620, 'context': 0, 'bonus_lists': [6877, 7179], 'modifiers': [{'type': 9, 'value': 50}]}"
1199806789,VERY_LONG,,1,117499800,,"{'id': 93538, 'context': 0, 'bonus_lists': [6877, 7179], 'modifiers': [{'type': 9, 'value': 50}]}"
1199806811,VERY_LONG,669800,19,,,{'id': 37702}
1199806834,VERY_LONG,59900,2878,,,{'id': 12359}
1199806847,VERY_LONG,,1,124999800,,"{'id': 93456, 'context': 0, 'bonus_lists': [6880]}"
1199806868,VERY_LONG,660000,35,,,{'id': 37700}
1199806879,VERY_LONG,669900,81,,,{'id': 37703}
1199806928,VERY_LONG,218600,1600,,,{'id': 3576}
1199806965,VERY_LONG,,1,3542200,,"{'id': 25043, 'context': 3, 'bonus_lists': [6654, 1707], 'modifiers': [{'type': 9, 'value': 30}, {'type': 28, 'value': 1014}]}"
1199806968,VERY_LONG,,1,25311600,,"{'id': 25141, 'context': 3, 'bonus_lists': [6655, 1692], 'modifiers': [{'type': 9, 'value': 30}, {'type': 28, 'value': 1014}]}"
1199806974,VERY_LONG,,1,6450000,,"{'id': 82800, 'context': 0, 'pet_breed_id': 22, 'pet_level': 1, 'pet_quality_id': 3, 'pet_species_id': 1628}"
1199806980,VERY_LONG,,1,10096200,,"{'id': 25113, 'context': 3, 'bonus_lists': [6655, 1680], 'modifiers': [{'type': 9, 'value': 30}, {'type': 28, 'value': 1014}]}"
1199806988,VERY_LONG,7664400,2,,,{'id': 21885}
1199807001,VERY_LONG,5000,11,,,{'id': 32897}
1199807019,VERY_LONG,2530400,253,,,{'id': 54849}
1199807052,VERY_LONG,3329900,334,,,{'id': 54849}
1199807061,VERY_LONG,,1,99999700,,"{'id': 116647, 'context': 13, 'bonus_lists': [166, 525, 548, 6856, 7179], 'modifiers': [{'type': 9, 'value': 50}]}"
1199807071,VERY_LONG,,1,107499800,,"{'id': 93540, 'context': 0, 'bonus_lists': [6878, 7179], 'modifiers': [{'type': 9, 'value': 50}]}"
1199807091,VERY_LONG,649800,8,,,{'id': 37704}
1199808104,VERY_LONG,700000,8,,,{'id': 36901}
1199808115,VERY_LONG,10000000,47,,,{'id': 20520}
1199808139,VERY_LONG,12200,525,,,{'id': 12365}
1199808157,VERY_LONG,1418700,127,,,{'id': 3859}
1199808166,VERY_LONG,5000000,115,,,{'id': 20404}
1199808202,VERY_LONG,135559800,20,,,{'id': 161344}
1199808309,VERY_LONG,,1,3000100,,"{'id': 178948, 'context': 0, 'bonus_lists': [6908, 43, 1704], 'modifiers': [{'type': 9, 'value': 60}, {'type': 28, 'value': 2060}]}"
1199808453,VERY_LONG,,1,3159300,,"{'id': 176992, 'context': 0, 'bonus_lists': [6907, 42, 7194, 1676], 'modifiers': [{'type': 9, 'value': 60}, {'type': 28, 'value': 1707}]}"
1199808474,VERY_LONG,,1,1000000,,"{'id': 176980, 'context': 0, 'bonus_lists': [6907, 6652, 1687], 'modifiers': [{'type': 9, 'value': 60}, {'type': 28, 'value': 1707}]}"
1199808490,VERY_LONG,2550000,261,,,{'id': 124671}
1199808502,VERY_LONG,383900,168,,,{'id': 22577}
1199808503,VERY_LONG,,1,7500600,,"{'id': 176976, 'context': 0, 'bonus_lists': [6907, 6652, 7193, 1684], 'modifiers': [{'type': 9, 'value': 60}, {'type': 28, 'value': 1707}]}"
1199808516,VERY_LONG,2500000,3,,,{'id': 22456}
1199808548,VERY_LONG,450000,1715,,,{'id': 11370}
1199808550,VERY_LONG,,1,73412700,69007900,"{'id': 82800, 'context': 0, 'modifiers': [{'type': 6, 'value': 48663}], 'pet_breed_id': 11, 'pet_level': 25, 'pet_quality_id': 3, 'pet_species_id': 1235}"
1199808552,VERY_LONG,,1,73412700,69007900,"{'id': 82800, 'context': 0, 'modifiers': [{'type': 6, 'value': 48663}], 'pet_breed_id': 12, 'pet_level': 25, 'pet_quality_id': 3, 'pet_species_id': 1235}"
1199808554,VERY_LONG,,1,2003300,,"{'id': 176971, 'context': 2, 'bonus_lists': [6907, 6652, 1680], 'modifiers': [{'type': 9, 'value': 60}, {'type': 28, 'value': 748}]}"
1199808556,VERY_LONG,,1,69853900,65662700,"{'id': 82800, 'context': 0, 'modifiers': [{'type': 6, 'value': 71972}], 'pet_breed_id': 8, 'pet_level': 25, 'pet_quality_id': 3, 'pet_species_id': 2091}"
1199808557,VERY_LONG,,1,71022900,66761500,"{'id': 82800, 'context': 0, 'modifiers': [{'type': 6, 'value': 48057}], 'pet_breed_id': 14, 'pet_level': 25, 'pet_quality_id': 3, 'pet_species_id': 1213}"
1199808558,VERY_LONG,,1,52065800,48941900,"{'id': 82800, 'context': 0, 'modifiers': [{'type': 6, 'value': 61896}], 'pet_breed_id': 6, 'pet_level': 25, 'pet_quality_id': 3, 'pet_species_id': 1632}"
1199808561,VERY_LONG,,1,52065800,48941900,"{'id': 82800, 'context': 0, 'modifiers': [{'type': 6, 'value': 61896}], 'pet_breed_id': 6, 'pet_level': 25, 'pet_quality_id': 3, 'pet_species_id': 1632}"
1199808562,VERY_LONG,,1,52065800,48941900,"{'id': 82800, 'context': 0, 'modifiers': [{'type': 6, 'value': 61896}], 'pet_breed_id': 9, 'pet_level': 25, 'pet_quality_id': 3, 'pet_species_id': 1632}"
1199808563,VERY_LONG,,1,81000000,76140000,"{'id': 82800, 'context': 0, 'modifiers': [{'type': 6, 'value': 65091}], 'pet_breed_id': 8, 'pet_level': 25, 'pet_quality_id': 3, 'pet_species_id': 1907}"
1199808564,VERY_LONG,,1,81000000,76140000,"{'id': 82800, 'context': 0, 'modifiers': [{'type': 6, 'value': 65091}], 'pet_breed_id': 8, 'pet_level': 25, 'pet_quality_id': 3, 'pet_species_id': 1907}"
1199808565,VERY_LONG,,1,81000000,76140000,"{'id': 82800, 'context': 0, 'modifiers': [{'type': 6, 'value': 59021}], 'pet_breed_id': 20, 'pet_level': 25, 'pet_quality_id': 3, 'pet_species_id': 1403}"
1199808566,VERY_LONG,,1,81000000,76140000,"{'id': 82800, 'context': 0, 'modifiers': [{'type': 6, 'value': 59021}], 'pet_breed_id': 14, 'pet_level': 25, 'pet_quality_id': 3, 'pet_species_id': 1403}"
1199808568,VERY_LONG,,1,81000000,76140000,"{'id': 82800, 'context': 0, 'modifiers': [{'type': 6, 'value': 59021}], 'pet_breed_id': 14, 'pet_level': 25, 'pet_quality_id': 3, 'pet_species_id': 1403}"
1199808571,VERY_LONG,,1,42602000,40045900,"{'id': 82800, 'context': 0, 'modifiers': [{'type': 6, 'value': 60732}], 'pet_breed_id': 17, 'pet_level': 25, 'pet_quality_id': 3, 'pet_species_id': 1564}"
1199808572,VERY_LONG,,1,81000000,76140000,"{'id': 82800, 'context': 0, 'modifiers': [{'type': 6, 'value': 20027}], 'pet_breed_id': 3, 'pet_level': 25, 'pet_quality_id': 3, 'pet_species_id': 143}"
1199808574,VERY_LONG,,1,81000000,76140000,"{'id': 82800, 'context': 0, 'modifiers': [{'type': 6, 'value': 46900}], 'pet_breed_id': 4, 'pet_level': 25, 'pet_quality_id': 3, 'pet_species_id': 1147}"
1199808575,VERY_LONG,,1,41500000,39010000,"{'id': 82800, 'context': 0, 'modifiers': [{'type': 6, 'value': 88006}], 'pet_breed_id': 5, 'pet_level': 25, 'pet_quality_id': 3, 'pet_species_id': 2451}"
1199808576,VERY_LONG,770300,1600,,,{'id': 23425}
1199808578,VERY_LONG,,1,41500000,39010000,"{'id': 82800, 'context': 0, 'modifiers': [{'type': 6, 'value': 88005}], 'pet_breed_id': 15, 'pet_level': 25, 'pet_quality_id': 3, 'pet_species_id': 2451}"
1199808579,VERY_LONG,,1,55000000,51700000,"{'id': 82800, 'context': 0, 'modifiers': [{'type': 6, 'value': 46905}], 'pet_breed_id': 4, 'pet_level': 25, 'pet_quality_id': 3, 'pet_species_id': 1153}"
1199808581,VERY_LONG,,1,990000,,"{'id': 176803, 'context': 0, 'bonus_lists': [6908, 43, 1707], 'modifiers': [{'type': 9, 'value': 60}, {'type': 28, 'value': 2060}]}"
1199808583,VERY_LONG,,1,55000000,51700000,"{'id': 82800, 'context': 0, 'modifiers': [{'type': 6, 'value': 46905}], 'pet_breed_id': 4, 'pet_level': 25, 'pet_quality_id': 3, 'pet_species_id': 1153}"
1199808585,VERY_LONG,,1,55000000,51700000,"{'id': 82800, 'context': 0, 'modifiers': [{'type': 6, 'value': 46905}], 'pet_breed_id': 4, 'pet_level': 25, 'pet_quality_id': 3, 'pet_species_id': 1153}"
1199808587,VERY_LONG,,1,81000000,76140000,"{'id': 82800, 'context': 0, 'modifiers': [{'type': 6, 'value': 94711}], 'pet_breed_id': 5, 'pet_level': 25, 'pet_quality_id': 3, 'pet_species_id': 2838}"
1199808589,VERY_LONG,,1,81000000,76140000,"{'id': 82800, 'context': 0, 'modifiers': [{'type': 6, 'value': 60609}], 'pet_breed_id': 15, 'pet_level': 25, 'pet_quality_id': 3, 'pet_species_id': 1656}"
1199808591,VERY_LONG,,1,81000000,76140000,"{'id': 82800, 'context': 0, 'modifiers': [{'type': 6, 'value': 60609}], 'pet_breed_id': 21, 'pet_level': 25, 'pet_quality_id': 3, 'pet_species_id': 1656}"
1199808592,VERY_LONG,,1,250000000,235000000,"{'id': 82800, 'context': 0, 'modifiers': [{'type': 6, 'value': 48001}], 'pet_breed_id': 3, 'pet_level': 1, 'pet_quality_id': 3, 'pet_species_id': 1202}"
1199808594,VERY_LONG,,1,81000000,76140000,"{'id': 82800, 'context': 0, 'modifiers': [{'type': 6, 'value': 88058}], 'pet_breed_id': 14, 'pet_level': 25, 'pet_quality_id': 3, 'pet_species_id': 2466}"
1199808595,VERY_LONG,,1,81000000,76140000,"{'id': 82800, 'context': 0, 'modifiers': [{'type': 6, 'value': 88058}], 'pet_breed_id': 14, 'pet_level': 25, 'pet_quality_id': 3, 'pet_species_id': 2466}"
1199808596,VERY_LONG,,1,42225400,39691900,"{'id': 82800, 'context': 0, 'modifiers': [{'type': 6, 'value': 53610}], 'pet_breed_id': 20, 'pet_level': 25, 'pet_quality_id': 3, 'pet_species_id': 1385}"
1199808599,VERY_LONG,,1,73250300,68855300,"{'id': 82800, 'context': 0, 'modifiers': [{'type': 6, 'value': 46896}], 'pet_breed_id': 9, 'pet_level': 25, 'pet_quality_id': 3, 'pet_species_id': 1144}"
1199808601,VERY_LONG,,1,73250300,68855300,"{'id': 82800, 'context': 0, 'modifiers': [{'type': 6, 'value': 46896}], 'pet_breed_id': 9, 'pet_level': 25, 'pet_quality_id': 3, 'pet_species_id': 1144}"
1199808603,VERY_LONG,,1,73250300,68855300,"{'id': 82800, 'context': 0, 'modifiers': [{'type': 6, 'value': 46896}], 'pet_breed_id': 9, 'pet_level': 25, 'pet_quality_id': 3, 'pet_species_id': 1144}"
1199808607,VERY_LONG,,1,62857100,59085700,"{'id': 82800, 'context': 0, 'modifiers': [{'type': 6, 'value': 40155}], 'pet_breed_id': 6, 'pet_level': 25, 'pet_quality_id': 3, 'pet_species_id': 2579}"
1199808609,VERY_LONG,,1,62857100,59085700,"{'id': 82800, 'context': 0, 'modifiers': [{'type': 6, 'value': 40155}], 'pet_breed_id': 6, 'pet_level': 25, 'pet_quality_id': 3, 'pet_species_id': 2579}"
1199808610,VERY_LONG,,1,50009000,47008500,"{'id': 82800, 'context': 0, 'modifiers': [{'type': 6, 'value': 88060}], 'pet_breed_id': 6, 'pet_level': 25, 'pet_quality_id': 3, 'pet_species_id': 2468}"
1199808611,VERY_LONG,,1,81000000,76140000,"{'id': 82800, 'context': 0, 'modifiers': [{'type': 6, 'value': 94712}], 'pet_breed_id': 8, 'pet_level': 25, 'pet_quality_id': 3, 'pet_species_id': 2839}"
1199808615,VERY_LONG,,1,81000000,76140000,"{'id': 82800, 'context': 0, 'modifiers': [{'type': 6, 'value': 94712}], 'pet_breed_id': 8, 'pet_level': 25, 'pet_quality_id': 3, 'pet_species_id': 2839}"
1199808617,VERY_LONG,,1,81000000,76140000,"{'id': 82800, 'context': 0, 'modifiers': [{'type': 6, 'value': 88000}], 'pet_breed_id': 12, 'pet_level': 25, 'pet_quality_id': 3, 'pet_species_id': 2446}"
1199808619,VERY_LONG,77000,5,,,{'id': 173110}
1199808621,VERY_LONG,,1,81000000,76140000,"{'id': 82800, 'context': 0, 'modifiers': [{'type': 6, 'value': 88001}], 'pet_breed_id': 21, 'pet_level': 25, 'pet_quality_id': 3, 'pet_species_id': 2447}"
1199808622,VERY_LONG,,1,81000000,76140000,"{'id': 82800, 'context': 0, 'modifiers': [{'type': 6, 'value': 88001}], 'pet_breed_id': 21, 'pet_level': 25, 'pet_quality_id': 3, 'pet_species_id': 2447}"
1199808625,VERY_LONG,,1,81000000,76140000,"{'id': 82800, 'context': 0, 'modifiers': [{'type': 6, 'value': 88001}], 'pet_breed_id': 21, 'pet_level': 25, 'pet_quality_id': 3, 'pet_species_id': 2447}"
1199808628,VERY_LONG,,1,81000000,76140000,"{'id': 82800, 'context': 0, 'modifiers': [{'type': 6, 'value': 38310}], 'pet_breed_id': 14, 'pet_level': 25, 'pet_quality_id': 3, 'pet_species_id': 1693}"
1199808631,VERY_LONG,,1,81000000,76140000,"{'id': 82800, 'context': 0, 'modifiers': [{'type': 6, 'value': 38310}], 'pet_breed_id': 14, 'pet_level': 25, 'pet_quality_id': 3, 'pet_species_id': 1693}"
1199808635,VERY_LONG,,1,81000000,76140000,"{'id': 82800, 'context': 0, 'modifiers': [{'type': 6, 'value': 65087}], 'pet_breed_id': 14, 'pet_level': 25, 'pet_quality_id': 3, 'pet_species_id': 1716}"
1199808637,VERY_LONG,,1,73180200,68789400,"{'id': 82800, 'context': 0, 'modifiers': [{'type': 6, 'value': 45190}], 'pet_breed_id': 19, 'pet_level': 25, 'pet_quality_id': 3, 'pet_species_id': 2469}"
1199808638,VERY_LONG,,1,28562500,,"{'id': 176969, 'context': 0, 'bonus_lists': [6907, 6652, 1696], 'modifiers': [{'type': 9, 'value': 60}, {'type': 28, 'value': 1707}]}"
1199808639,VERY_LONG,,1,73180200,68789400,"{'id': 82800, 'context': 0, 'modifiers': [{'type': 6, 'value': 45190}], 'pet_breed_id': 19, 'pet_level': 25, 'pet_quality_id': 3, 'pet_species_id': 2469}"
1199808641,VERY_LONG,,1,81000000,76140000,"{'id': 82800, 'context': 0, 'modifiers': [{'type': 6, 'value': 28502}], 'pet_breed_id': 5, 'pet_level': 25, 'pet_quality_id': 3, 'pet_species_id': 1511}"
1199808642,VERY_LONG,,1,81000000,76140000,"{'id': 82800, 'context': 0, 'modifiers': [{'type': 6, 'value': 28502}], 'pet_breed_id': 5, 'pet_level': 25, 'pet_quality_id': 3, 'pet_species_id': 1511}"
1199808646,VERY_LONG,,1,39074100,36729700,"{'id': 82800, 'context': 0, 'modifiers': [{'type': 6, 'value': 59577}], 'pet_breed_id': 17, 'pet_level': 25, 'pet_quality_id': 3, 'pet_species_id': 1531}"
1199808647,VERY_LONG,20000,600,,,{'id': 10620}
1199808649,VERY_LONG,,1,70409500,66184900,"{'id': 82800, 'context': 0, 'modifiers': [{'type': 6, 'value': 90181}], 'pet_breed_id': 17, 'pet_level': 25, 'pet_quality_id': 3, 'pet_species_id': 2557}"
1199808651,VERY_LONG,,1,61188800,57517500,"{'id': 82800, 'context': 0, 'modifiers': [{'type': 6, 'value': 46902}], 'pet_breed_id': 9, 'pet_level': 25, 'pet_quality_id': 3, 'pet_species_id': 1150}"
1199808653,VERY_LONG,,1,72811600,68442900,"{'id': 82800, 'context': 0, 'modifiers': [{'type': 6, 'value': 89609}], 'pet_breed_id': 5, 'pet_level': 25, 'pet_quality_id': 3, 'pet_species_id': 2525}"
1199808655,VERY_LONG,,1,72811600,68442900,"{'id': 82800, 'context': 0, 'modifiers': [{'type': 6, 'value': 89609}], 'pet_breed_id': 15, 'pet_level': 25, 'pet_quality_id': 3, 'pet_species_id': 2525}"
1199808658,VERY_LONG,,1,70664200,66424300,"{'id': 82800, 'context': 0, 'modifiers': [{'type': 6, 'value': 73684}], 'pet_breed_id': 16, 'pet_level': 25, 'pet_quality_id': 3, 'pet_species_id': 1959}"
1199808661,VERY_LONG,,1,70664200,66424300,"{'id': 82800, 'context': 0, 'modifiers': [{'type': 6, 'value': 73684}], 'pet_breed_id': 16, 'pet_level': 25, 'pet_quality_id': 3, 'pet_species_id': 1959}"
1199808663,VERY_LONG,,1,81000000,76140000,"{'id': 82800, 'context': 0, 'modifiers': [{'type': 6, 'value': 13610}], 'pet_breed_id': 3, 'pet_level': 25, 'pet_quality_id': 3, 'pet_species_id': 117}"
1199808665,VERY_LONG,7400,6,,,{'id': 173032}
1199808667,VERY_LONG,,1,78000000,73320000,"{'id': 82800, 'context': 0, 'modifiers': [{'type': 6, 'value': 80954}], 'pet_breed_id': 18, 'pet_level': 25, 'pet_quality_id': 3, 'pet_species_id': 2567}"
1199808668,VERY_LONG,,1,81000000,76140000,"{'id': 82800, 'context': 0, 'modifiers': [{'type': 6, 'value': 88035}], 'pet_breed_id': 6, 'pet_level': 25, 'pet_quality_id': 3, 'pet_species_id': 2459}"
1199808669,VERY_LONG,,1,42527400,39975800,"{'id': 82800, 'context': 0, 'modifiers': [{'type': 6, 'value': 81098}], 'pet_breed_id': 6, 'pet_level': 25, 'pet_quality_id': 3, 'pet_species_id': 2472}"
1199808672,VERY_LONG,,1,81000000,76140000,"{'id': 82800, 'context': 0, 'modifiers': [{'type': 6, 'value': 31073}], 'pet_breed_id': 3, 'pet_level': 25, 'pet_quality_id': 3, 'pet_species_id': 251}"
1199808674,VERY_LONG,,1,45001800,42301700,"{'id': 82800, 'context': 0, 'modifiers': [{'type': 6, 'value': 46898}], 'pet_breed_id': 18, 'pet_level': 25, 'pet_quality_id': 3, 'pet_species_id': 1143}"
1199808678,VERY_LONG,,1,45001800,42301700,"{'id': 82800, 'context': 0, 'modifiers': [{'type': 6, 'value': 46898}], 'pet_breed_id': 18, 'pet_level': 25, 'pet_quality_id': 3, 'pet_species_id': 1143}"
1199808682,VERY_LONG,,1,62003900,58283700,"{'id': 82800, 'context': 0, 'modifiers': [{'type': 6, 'value': 48213}], 'pet_breed_id': 13, 'pet_level': 25, 'pet_quality_id': 3, 'pet_species_id': 1205}"
1199808686,VERY_LONG,24900,8,,,{'id': 172054}
1199808688,VERY_LONG,,1,62003900,58283700,"{'id': 82800, 'context': 0, 'modifiers': [{'type': 6, 'value': 48213}], 'pet_breed_id': 10, 'pet_level': 25, 'pet_quality_id': 3, 'pet_species_id': 1205}"
1199808692,VERY_LONG,,1,62003900,58283700,"{'id': 82800, 'context': 0, 'modifiers': [{'type': 6, 'value': 48213}], 'pet_breed_id': 10, 'pet_level': 25, 'pet_quality_id': 3, 'pet_species_id': 1205}"
1199808694,VERY_LONG,,1,81000000,76140000,"{'id': 82800, 'context': 0, 'modifiers': [{'type': 6, 'value': 92438}], 'pet_breed_id': 18, 'pet_level': 25, 'pet_quality_id': 3, 'pet_species_id': 2836}"
1199808695,VERY_LONG,,1,81000000,76140000,"{'id': 82800, 'context': 0, 'modifiers': [{'type': 6, 'value': 92438}], 'pet_breed_id': 18, 'pet_level': 25, 'pet_quality_id': 3, 'pet_species_id': 2836}"
1199808697,VERY_LONG,,1,81000000,76140000,"{'id': 82800, 'context': 0, 'modifiers': [{'type': 6, 'value': 92438}], 'pet_breed_id': 18, 'pet_level': 25, 'pet_quality_id': 3, 'pet_species_id': 2836}"
1199808698,VERY_LONG,,1,48366200,45464200,"{'id': 82800, 'context': 0, 'modifiers': [{'type': 6, 'value': 66155}], 'pet_breed_id': 12, 'pet_level': 25, 'pet_quality_id': 3, 'pet_species_id': 1802}"
1199808701,VERY_LONG,,1,48366200,45464200,"{'id': 82800, 'context': 0, 'modifiers': [{'type': 6, 'value': 66155}], 'pet_breed_id': 12, 'pet_level': 25, 'pet_quality_id': 3, 'pet_species_id': 1802}"
1199808704,VERY_LONG,,1,81000000,76140000,"{'id': 82800, 'context': 0, 'modifiers': [{'type': 6, 'value': 65637}], 'pet_breed_id': 9, 'pet_level': 25, 'pet_quality_id': 3, 'pet_species_id': 1754}"
1199808706,VERY_LONG,,1,81000000,76140000,"{'id': 82800, 'context': 0, 'modifiers': [{'type': 6, 'value': 65637}], 'pet_breed_id': 9, 'pet_level': 25, 'pet_quality_id': 3, 'pet_species_id': 1754}"
1199808709,VERY_LONG,,1,72283900,67946900,"{'id': 82800, 'context': 0, 'pet_breed_id': 7, 'pet_level': 25, 'pet_quality_id': 3, 'pet_species_id': 1934}"
1199808711,VERY_LONG,,1,72283900,67946900,"{'id': 82800, 'context': 0, 'modifiers': [{'type': 6, 'value': 72658}], 'pet_breed_id': 7, 'pet_level': 25, 'pet_quality_id': 3, 'pet_species_id': 1934}"
1199808714,VERY_LONG,,1,81000000,76140000,"{'id': 82800, 'context': 0, 'modifiers': [{'type': 6, 'value': 60016}], 'pet_breed_id': 20, 'pet_level': 25, 'pet_quality_id': 3, 'pet_species_id': 1541}"
1199808719,VERY_LONG,,1,61095000,57429300,"{'id': 82800, 'context': 0, 'modifiers': [{'type': 6, 'value': 73699}], 'pet_breed_id': 7, 'pet_level': 25, 'pet_quality_id': 3, 'pet_species_id': 1964}"
1199808723,VERY_LONG,,1,66405100,62420800,"{'id': 82800, 'context': 0, 'modifiers': [{'type': 6, 'value': 88061}], 'pet_breed_id': 15, 'pet_level': 25, 'pet_quality_id': 3, 'pet_species_id': 2471}"
1199808725,VERY_LONG,,1,66405100,62420800,"{'id': 82800, 'context': 0, 'modifiers': [{'type': 6, 'value': 88061}], 'pet_breed_id': 15, 'pet_level': 25, 'pet_quality_id': 3, 'pet_species_id': 2471}"
1199808727,VERY_LONG,,1,60639800,57001400,"{'id': 82800, 'context': 0, 'modifiers': [{'type': 6, 'value': 46903}], 'pet_breed_id': 7, 'pet_level': 25, 'pet_quality_id': 3, 'pet_species_id': 1151}"
1199808728,VERY_LONG,,1,60639800,57001400,"{'id': 82800, 'context': 0, 'modifiers': [{'type': 6, 'value': 46903}], 'pet_breed_id': 7, 'pet_level': 25, 'pet_quality_id': 3, 'pet_species_id': 1151}"
1199808732,VERY_LONG,,1,81000000,76140000,"{'id': 82800, 'context': 0, 'modifiers': [{'type': 6, 'value': 25457}], 'pet_breed_id': 13, 'pet_level': 25, 'pet_quality_id': 3, 'pet_species_id': 186}"
1199808734,VERY_LONG,,1,78472400,73764100,"{'id': 82800, 'context': 0, 'modifiers': [{'type': 6, 'value': 90867}], 'pet_breed_id': 16, 'pet_level': 25, 'pet_quality_id': 3, 'pet_species_id': 2586}"
1199808735,VERY_LONG,1229600,1000,,,{'id': 3860}
1199808737,VERY_LONG,,1,61980900,58262000,"{'id': 82800, 'context': 0, 'modifiers': [{'type': 6, 'value': 38283}], 'pet_breed_id': 20, 'pet_level': 25, 'pet_quality_id': 3, 'pet_species_id': 2089}"
1199808740,VERY_LONG,,1,109991500,103392000,"{'id': 82800, 'context': 0, 'pet_breed_id': 20, 'pet_level': 25, 'pet_quality_id': 3, 'pet_species_id': 1958}"
1199808742,VERY_LONG,,1,72570900,68216600,"{'id': 82800, 'context': 0, 'modifiers': [{'type': 6, 'value': 88057}], 'pet_breed_id': 17, 'pet_level': 25, 'pet_quality_id': 3, 'pet_species_id': 2465}"
1199808744,VERY_LONG,,1,72570900,68216600,"{'id': 82800, 'context': 0, 'modifiers': [{'type': 6, 'value': 88057}], 'pet_breed_id': 17, 'pet_level': 25, 'pet_quality_id': 3, 'pet_species_id': 2465}"
1199808745,VERY_LONG,,1,63213400,59420600,"{'id': 82800, 'context': 0, 'modifiers': [{'type': 6, 'value': 47252}], 'pet_breed_id': 10, 'pet_level': 25, 'pet_quality_id': 3, 'pet_species_id': 1177}"
1199808747,VERY_LONG,,1,69500400,65330400,"{'id': 82800, 'context': 0, 'modifiers': [{'type': 6, 'value': 88038}], 'pet_breed_id': 9, 'pet_level': 25, 'pet_quality_id': 3, 'pet_species_id': 2463}"
1199808748,VERY_LONG,,1,69500400,65330400,"{'id': 82800, 'context': 0, 'modifiers': [{'type': 6, 'value': 88038}], 'pet_breed_id': 9, 'pet_level': 25, 'pet_quality_id': 3, 'pet_species_id': 2463}"
1199808749,VERY_LONG,,1,75699800,71157800,"{'id': 82800, 'context': 0, 'pet_breed_id': 21, 'pet_level': 25, 'pet_quality_id': 3, 'pet_species_id': 1889}"
1199808753,VERY_LONG,,1,75699800,71157800,"{'id': 82800, 'context': 0, 'modifiers': [{'type': 6, 'value': 68859}], 'pet_breed_id': 21, 'pet_level': 25, 'pet_quality_id': 3, 'pet_species_id': 1889}"
1199808755,VERY_LONG,,1,63779500,59952700,"{'id': 82800, 'context': 0, 'modifiers': [{'type': 6, 'value': 79797}], 'pet_breed_id': 4, 'pet_level': 25, 'pet_quality_id': 3, 'pet_species_id': 2119}"
1199808757,VERY_LONG,,1,63779500,59952700,"{'id': 82800, 'context': 0, 'modifiers': [{'type': 6, 'value': 79797}], 'pet_breed_id': 4, 'pet_level': 25, 'pet_quality_id': 3, 'pet_species_id': 2119}"
1199808759,VERY_LONG,,1,81000000,76140000,"{'id': 82800, 'context': 0, 'modifiers': [{'type': 6, 'value': 61898}], 'pet_breed_id': 3, 'pet_level': 25, 'pet_quality_id': 3, 'pet_species_id': 1634}"
1199808760,VERY_LONG,,1,81000000,76140000,"{'id': 82800, 'context': 0, 'modifiers': [{'type': 6, 'value': 61898}], 'pet_breed_id': 3, 'pet_level': 25, 'pet_quality_id': 3, 'pet_species_id': 1634}"
1199808761,VERY_LONG,,1,81000000,76140000,"{'id': 82800, 'context': 0, 'modifiers': [{'type': 6, 'value': 44551}], 'pet_breed_id': 6, 'pet_level': 25, 'pet_quality_id': 3, 'pet_species_id': 1039}"
1199808764,VERY_LONG,,1,74653200,70174000,"{'id': 82800, 'context': 0, 'modifiers': [{'type': 6, 'value': 88059}], 'pet_breed_id': 5, 'pet_level': 25, 'pet_quality_id': 3, 'pet_species_id': 2467}"
1199808766,VERY_LONG,648100,125,,,{'id': 3857}
1199808771,VERY_LONG,,1,114999900,,"{'id': 93621, 'context': 0, 'bonus_lists': [6876, 7179], 'modifiers': [{'type': 9, 'value': 50}]}"
1199808777,VERY_LONG,,1,114999800,,"{'id': 98858, 'context': 0, 'bonus_lists': [6883]}"
1199808791,VERY_LONG,,1,74653200,70174000,"{'id': 82800, 'context': 0, 'modifiers': [{'type': 6, 'value': 88059}], 'pet_breed_id': 5, 'pet_level': 25, 'pet_quality_id': 3, 'pet_species_id': 2467}"
1199808792,VERY_LONG,885900,3,,,{'id': 76132}
1199808795,VERY_LONG,,1,74653200,70174000,"{'id': 82800, 'context': 0, 'modifiers': [{'type': 6, 'value': 88059}], 'pet_breed_id': 5, 'pet_level': 25, 'pet_quality_id': 3, 'pet_species_id': 2467}"
1199808798,VERY_LONG,,1,60362100,56740400,"{'id': 82800, 'context': 0, 'modifiers': [{'type': 6, 'value': 65070}], 'pet_breed_id': 6, 'pet_level': 25, 'pet_quality_id': 3, 'pet_species_id': 1706}"
1199808801,VERY_LONG,,1,60362100,56740400,"{'id': 82800, 'context': 0, 'modifiers': [{'type': 6, 'value': 65070}], 'pet_breed_id': 6, 'pet_level': 25, 'pet_quality_id': 3, 'pet_species_id': 1706}"
1199808802,VERY_LONG,,1,81000000,76140000,"{'id': 82800, 'context': 0, 'modifiers': [{'type': 6, 'value': 29809}], 'pet_breed_id': 16, 'pet_level': 25, 'pet_quality_id': 3, 'pet_species_id': 236}"
1199808803,VERY_LONG,,1,68972900,64834500,"{'id': 82800, 'context': 0, 'modifiers': [{'type': 6, 'value': 49122}], 'pet_breed_id': 21, 'pet_level': 25, 'pet_quality_id': 3, 'pet_species_id': 1565}"
1199808804,VERY_LONG,,1,68972900,64834500,"{'id': 82800, 'context': 0, 'pet_breed_id': 17, 'pet_level': 25, 'pet_quality_id': 3, 'pet_species_id': 1565}"
1199808808,VERY_LONG,,1,60884900,57231800,"{'id': 82800, 'context': 0, 'modifiers': [{'type': 6, 'value': 79711}], 'pet_breed_id': 17, 'pet_level': 25, 'pet_quality_id': 3, 'pet_species_id': 2092}"
1199808809,VERY_LONG,,1,81000000,76140000,"{'id': 82800, 'context': 0, 'modifiers': [{'type': 6, 'value': 99850}], 'pet_breed_id': 4, 'pet_level': 25, 'pet_quality_id': 3, 'pet_species_id': 3044}"
1199808811,VERY_LONG,,1,81000000,76140000,"{'id': 82800, 'context': 0, 'modifiers': [{'type': 6, 'value': 79760}], 'pet_breed_id': 15, 'pet_level': 25, 'pet_quality_id': 3, 'pet_species_id': 2120}"
1199808814,VERY_LONG,,1,81000000,76140000,"{'id': 82800, 'context': 0, 'modifiers': [{'type': 6, 'value': 65590}], 'pet_breed_id': 8, 'pet_level': 25, 'pet_quality_id': 3, 'pet_species_id': 1752}"
1199808816,VERY_LONG,,1,69791500,65604000,"{'id': 82800, 'context': 0, 'modifiers': [{'type': 6, 'value': 66487}], 'pet_breed_id': 17, 'pet_level': 25, 'pet_quality_id': 3, 'pet_species_id': 2551}"
1199808820,VERY_LONG,,1,81000000,76140000,"{'id': 82800, 'context': 0, 'pet_breed_id': 19, 'pet_level': 25, 'pet_quality_id': 3, 'pet_species_id': 1524}"
1199808823,VERY_LONG,,1,62714400,58951500,"{'id': 82800, 'context': 0, 'modifiers': [{'type': 6, 'value': 19600}], 'pet_breed_id': 17, 'pet_level': 25, 'pet_quality_id': 3, 'pet_species_id': 136}"
1199808826,VERY_LONG,,1,62028000,58306300,"{'id': 82800, 'context': 0, 'modifiers': [{'type': 6, 'value': 45289}], 'pet_breed_id': 18, 'pet_level': 25, 'pet_quality_id': 3, 'pet_species_id': 2087}"
1199808829,VERY_LONG,,1,81000000,76140000,"{'id': 82800, 'context': 0, 'modifiers': [{'type': 6, 'value': 15904}], 'pet_breed_id': 3, 'pet_level': 25, 'pet_quality_id': 3, 'pet_species_id': 118}"
1199808833,VERY_LONG,,1,81000000,76140000,"{'id': 82800, 'context': 0, 'pet_breed_id': 3, 'pet_level': 25, 'pet_quality_id': 3, 'pet_species_id': 1598}"
1199808834,VERY_LONG,,1,81000000,76140000,"{'id': 82800, 'context': 0, 'modifiers': [{'type': 6, 'value': 94714}], 'pet_breed_id': 14, 'pet_level': 25, 'pet_quality_id': 3, 'pet_species_id': 2841}"
1199808836,VERY_LONG,,1,81000000,76140000,"{'id': 82800, 'context': 0, 'modifiers': [{'type': 6, 'value': 99114}], 'pet_breed_id': 8, 'pet_level': 25, 'pet_quality_id': 3, 'pet_species_id': 3046}"
1199808840,VERY_LONG,128900,1800,,,{'id': 128304}
1199808841,VERY_LONG,,1,62711100,58948400,"{'id': 82800, 'context': 0, 'modifiers': [{'type': 6, 'value': 61888}], 'pet_breed_id': 4, 'pet_level': 25, 'pet_quality_id': 3, 'pet_species_id': 1624}"
1199808842,VERY_LONG,,1,39300000,36942000,"{'id': 82800, 'context': 0, 'modifiers': [{'type': 6, 'value': 65120}], 'pet_breed_id': 18, 'pet_level': 25, 'pet_quality_id': 3, 'pet_species_id': 1720}"
1199808843,VERY_LONG,,1,39300000,36942000,"{'id': 82800, 'context': 0, 'modifiers': [{'type': 6, 'value': 65120}], 'pet_breed_id': 18, 'pet_level': 25, 'pet_quality_id': 3, 'pet_species_id': 1720}"
1199808855,VERY_LONG,192400,350,,,{'id': 152512}
1199808865,VERY_LONG,135559800,1,,,{'id': 161344}
1199808882,VERY_LONG,16669000,25,,,{'id': 23449}
1199808911,VERY_LONG,350000,623,,,{'id': 7911}
1199808917,VERY_LONG,,1,124999900,,"{'id': 93545, 'context': 0, 'bonus_lists': [6879, 7179], 'modifiers': [{'type': 9, 'value': 50}]}"
1199808921,VERY_LONG,300000,20,,,{'id': 116654}
1199808931,VERY_LONG,,1,499998800,,"{'id': 94584, 'context': 0, 'bonus_lists': [6883]}"
1199808952,VERY_LONG,440000,161,,,{'id': 124444}
1199808970,VERY_LONG,660000,100,,,{'id': 37701}
1199808995,VERY_LONG,,1,97499800,,"{'id': 93537, 'context': 0, 'bonus_lists': [6873, 7179], 'modifiers': [{'type': 9, 'value': 50}]}"
1199809005,VERY_LONG,,1,104999800,,"{'id': 93455, 'context': 0, 'bonus_lists': [6878]}"
1199810136,VERY_LONG,,1,81000000,76140000,"{'id': 82800, 'context': 0, 'modifiers': [{'type': 6, 'value': 65888}], 'pet_breed_id': 18, 'pet_level': 25, 'pet_quality_id': 3, 'pet_species_id': 2090}"
1199810138,VERY_LONG,,1,81000000,76140000,"{'id': 82800, 'context': 0, 'modifiers': [{'type': 6, 'value': 64194}], 'pet_breed_id': 3, 'pet_level': 25, 'pet_quality_id': 3, 'pet_species_id': 1687}"
1199810141,VERY_LONG,,1,47400000,44556000,"{'id': 82800, 'context': 0, 'modifiers': [{'type': 6, 'value': 2955}], 'pet_breed_id': 21, 'pet_level': 25, 'pet_quality_id': 3, 'pet_species_id': 74}"
1199810142,VERY_LONG,,1,62843300,59072700,"{'id': 82800, 'context': 0, 'pet_breed_id': 6, 'pet_level': 25, 'pet_quality_id': 3, 'pet_species_id': 211}"
1199810143,VERY_LONG,,1,62843300,59072700,"{'id': 82800, 'context': 0, 'modifiers': [{'type': 6, 'value': 45880}], 'pet_breed_id': 6, 'pet_level': 25, 'pet_quality_id': 3, 'pet_species_id': 211}"
1199810144,VERY_LONG,,1,62843300,59072700,"{'id': 82800, 'context': 0, 'pet_breed_id': 6, 'pet_level': 25, 'pet_quality_id': 3, 'pet_species_id': 211}"
1199810145,VERY_LONG,,1,81000000,76140000,"{'id': 82800, 'context': 0, 'modifiers': [{'type': 6, 'value': 31073}], 'pet_breed_id': 3, 'pet_level': 25, 'pet_quality_id': 3, 'pet_species_id': 251}"
1199810146,VERY_LONG,,1,81000000,76140000,"{'id': 82800, 'context': 0, 'modifiers': [{'type': 6, 'value': 90183}], 'pet_breed_id': 18, 'pet_level': 25, 'pet_quality_id': 3, 'pet_species_id': 2560}"
1199810150,VERY_LONG,,1,81000000,76140000,"{'id': 82800, 'context': 0, 'pet_breed_id': 6, 'pet_level': 25, 'pet_quality_id': 3, 'pet_species_id': 167}"
1199810152,VERY_LONG,,1,66405100,62420800,"{'id': 82800, 'context': 0, 'modifiers': [{'type': 6, 'value': 88061}], 'pet_breed_id': 15, 'pet_level': 25, 'pet_quality_id': 3, 'pet_species_id': 2471}"
1199810153,VERY_LONG,,1,39990000,37590600,"{'id': 82800, 'context': 0, 'modifiers': [{'type': 6, 'value': 94166}], 'pet_breed_id': 18, 'pet_level': 25, 'pet_quality_id': 3, 'pet_species_id': 2797}"
1199810154,VERY_LONG,,1,39990000,37590600,"{'id': 82800, 'context': 0, 'modifiers': [{'type': 6, 'value': 94166}], 'pet_breed_id': 18, 'pet_level': 25, 'pet_quality_id': 3, 'pet_species_id': 2797}"
1199810157,VERY_LONG,,1,81000000,76140000,"{'id': 82800, 'context': 0, 'pet_breed_id': 13, 'pet_level': 25, 'pet_quality_id': 3, 'pet_species_id': 1952}"
1199810159,VERY_LONG,,1,81000000,76140000,"{'id': 82800, 'context': 0, 'pet_breed_id': 13, 'pet_level': 25, 'pet_quality_id': 3, 'pet_species_id': 1952}"
1199810161,VERY_LONG,,1,81000000,76140000,"{'id': 82800, 'context': 0, 'modifiers': [{'type': 6, 'value': 94713}], 'pet_breed_id': 14, 'pet_level': 25, 'pet_quality_id': 3, 'pet_species_id': 2840}"
1199810164,VERY_LONG,,1,250000000,235000000,"{'id': 82800, 'context': 0, 'modifiers': [{'type': 6, 'value': 48001}], 'pet_breed_id': 3, 'pet_level': 1, 'pet_quality_id': 3, 'pet_species_id': 1202}"
1199810167,VERY_LONG,,1,250000000,235000000,"{'id': 82800, 'context': 0, 'modifiers': [{'type': 6, 'value': 48001}], 'pet_breed_id': 13, 'pet_level': 1, 'pet_quality_id': 3, 'pet_species_id': 1202}"
1199810169,VERY_LONG,,1,81000000,76140000,"{'id': 82800, 'context': 0, 'modifiers': [{'type': 6, 'value': 60609}], 'pet_breed_id': 16, 'pet_level': 25, 'pet_quality_id': 3, 'pet_species_id': 1656}"
1199810170,VERY_LONG,,1,109991500,103392000,"{'id': 82800, 'context': 0, 'pet_breed_id': 13, 'pet_level': 25, 'pet_quality_id': 3, 'pet_species_id': 1958}"
1199810172,VERY_LONG,,1,42225400,39691900,"{'id': 82800, 'context': 0, 'modifiers': [{'type': 6, 'value': 53610}], 'pet_breed_id': 20, 'pet_level': 25, 'pet_quality_id': 3, 'pet_species_id': 1385}"
1199810173,VERY_LONG,,1,81000000,76140000,"{'id': 82800, 'context': 0, 'modifiers': [{'type': 6, 'value': 87871}], 'pet_breed_id': 6, 'pet_level': 25, 'pet_quality_id': 3, 'pet_species_id': 2434}"
1199810175,VERY_LONG,,1,65914700,61959800,"{'id': 82800, 'context': 0, 'modifiers': [{'type': 6, 'value': 79639}], 'pet_breed_id': 5, 'pet_level': 25, 'pet_quality_id': 3, 'pet_species_id': 2085}"
1199810177,VERY_LONG,,1,62857100,59085700,"{'id': 82800, 'context': 0, 'modifiers': [{'type': 6, 'value': 40155}], 'pet_breed_id': 6, 'pet_level': 25, 'pet_quality_id': 3, 'pet_species_id': 2579}"
1199810178,VERY_LONG,,1,81000000,76140000,"{'id': 82800, 'context': 0, 'modifiers': [{'type': 6, 'value': 71938}], 'pet_breed_id': 9, 'pet_level': 25, 'pet_quality_id': 3, 'pet_species_id': 1926}"
1199810180,VERY_LONG,,1,68659700,64540100,"{'id': 82800, 'context': 0, 'modifiers': [{'type': 6, 'value': 47731}], 'pet_breed_id': 10, 'pet_level': 25, 'pet_quality_id': 3, 'pet_species_id': 1180}"
1199810182,VERY_LONG,,1,30000000,28400000,"{'id': 82800, 'context': 0, 'pet_breed_id': 3, 'pet_level': 25, 'pet_quality_id': 3, 'pet_species_id': 1965}"
1199810183,VERY_LONG,,1,81000000,76140000,"{'id': 82800, 'context': 0, 'modifiers': [{'type': 6, 'value': 51475}], 'pet_breed_id': 8, 'pet_level': 25, 'pet_quality_id': 3, 'pet_species_id': 1343}"
1199810184,VERY_LONG,,1,81000000,76140000,"{'id': 82800, 'context': 0, 'modifiers': [{'type': 6, 'value': 51475}], 'pet_breed_id': 5, 'pet_level': 25, 'pet_quality_id': 3, 'pet_species_id': 1343}"
1199810186,VERY_LONG,,1,81000000,76140000,"{'id': 82800, 'context': 0, 'modifiers': [{'type': 6, 'value': 94714}], 'pet_breed_id': 14, 'pet_level': 25, 'pet_quality_id': 3, 'pet_species_id': 2841}"
1199810187,VERY_LONG,,1,62390400,58647000,"{'id': 82800, 'context': 0, 'modifiers': [{'type': 6, 'value': 71826}], 'pet_breed_id': 18, 'pet_level': 25, 'pet_quality_id': 3, 'pet_species_id': 1922}"
1199810188,VERY_LONG,,1,81000000,76140000,"{'id': 82800, 'context': 0, 'modifiers': [{'type': 6, 'value': 88000}], 'pet_breed_id': 12, 'pet_level': 25, 'pet_quality_id': 3, 'pet_species_id': 2446}"
1199810189,VERY_LONG,,1,81000000,76140000,"{'id': 82800, 'context': 0, 'modifiers': [{'type': 6, 'value': 95152}], 'pet_breed_id': 3, 'pet_level': 25, 'pet_quality_id': 3, 'pet_species_id': 2796}"
1199810190,VERY_LONG,,1,81000000,76140000,"{'id': 82800, 'context': 0, 'modifiers': [{'type': 6, 'value': 95152}], 'pet_breed_id': 3, 'pet_level': 25, 'pet_quality_id': 3, 'pet_species_id': 2796}"
1199810191,VERY_LONG,,1,81000000,76140000,"{'id': 82800, 'context': 0, 'modifiers': [{'type': 6, 'value': 95152}], 'pet_breed_id': 3, 'pet_level': 25, 'pet_quality_id': 3, 'pet_species_id': 2796}"
1199810193,VERY_LONG,,1,81000000,76140000,"{'id': 82800, 'context': 0, 'modifiers': [{'type': 6, 'value': 90155}], 'pet_breed_id': 8, 'pet_level': 25, 'pet_quality_id': 3, 'pet_species_id': 2544}"
1199810194,VERY_LONG,,1,81000000,76140000,"{'id': 82800, 'context': 0, 'modifiers': [{'type': 6, 'value': 79760}], 'pet_breed_id': 15, 'pet_level': 25, 'pet_quality_id': 3, 'pet_species_id': 2120}"
1199810196,VERY_LONG,,1,81000000,76140000,"{'id': 82800, 'context': 0, 'modifiers': [{'type': 6, 'value': 79760}], 'pet_breed_id': 15, 'pet_level': 25, 'pet_quality_id': 3, 'pet_species_id': 2120}"
1199810198,VERY_LONG,,1,81000000,76140000,"{'id': 82800, 'context': 0, 'modifiers': [{'type': 6, 'value': 60889}], 'pet_breed_id': 13, 'pet_level': 25, 'pet_quality_id': 3, 'pet_species_id': 1588}"
1199810202,VERY_LONG,,1,49999500,46999500,"{'id': 82800, 'context': 0, 'modifiers': [{'type': 6, 'value': 88008}], 'pet_breed_id': 14, 'pet_level': 25, 'pet_quality_id': 3, 'pet_species_id': 2454}"
1199810208,VERY_LONG,,1,81000000,76140000,"{'id': 82800, 'context': 0, 'modifiers': [{'type': 6, 'value': 81215}], 'pet_breed_id': 19, 'pet_level': 25, 'pet_quality_id': 3, 'pet_species_id': 2719}"
1199810211,VERY_LONG,,1,81000000,76140000,"{'id': 82800, 'context': 0, 'modifiers': [{'type': 6, 'value': 81214}], 'pet_breed_id': 9, 'pet_level': 25, 'pet_quality_id': 3, 'pet_species_id': 2719}"
1199810214,VERY_LONG,,1,60000000,56400000,"{'id': 82800, 'context': 0, 'modifiers': [{'type': 6, 'value': 46921}], 'pet_breed_id': 7, 'pet_level': 25, 'pet_quality_id': 3, 'pet_species_id': 1146}"
1199810217,VERY_LONG,,1,60000000,56400000,"{'id': 82800, 'context': 0, 'modifiers': [{'type': 6, 'value': 46921}], 'pet_breed_id': 7, 'pet_level': 25, 'pet_quality_id': 3, 'pet_species_id': 1146}"
1199810219,VERY_LONG,,1,72547300,68194500,"{'id': 82800, 'context': 0, 'pet_breed_id': 22, 'pet_level': 25, 'pet_quality_id': 3, 'pet_species_id': 1628}"
1199810222,VERY_LONG,,1,81000000,76140000,"{'id': 82800, 'context': 0, 'modifiers': [{'type': 6, 'value': 90230}], 'pet_breed_id': 17, 'pet_level': 25, 'pet_quality_id': 3, 'pet_species_id': 2563}"
1199810225,VERY_LONG,,1,81000000,76140000,"{'id': 82800, 'context': 0, 'modifiers': [{'type': 6, 'value': 46909}], 'pet_breed_id': 18, 'pet_level': 25, 'pet_quality_id': 3, 'pet_species_id': 1156}"
1199810229,VERY_LONG,,1,81000000,76140000,"{'id': 82800, 'context': 0, 'pet_breed_id': 18, 'pet_level': 25, 'pet_quality_id': 3, 'pet_species_id': 1156}"
1199810232,VERY_LONG,,1,81000000,76140000,"{'id': 82800, 'context': 0, 'modifiers': [{'type': 6, 'value': 65590}], 'pet_breed_id': 8, 'pet_level': 25, 'pet_quality_id': 3, 'pet_species_id': 1752}"
1199810288,VERY_LONG,12200,2358,,,{'id': 7912}
1199810302,VERY_LONG,,1,38790000,,"{'id': 132921, 'context': 26, 'bonus_lists': [3431, 1472, 3528], 'modifiers': [{'type': 28, 'value': 336}]}"
1199810313,VERY_LONG,,1,133874400,,"{'id': 8190, 'context': 11}"
1199810324,VERY_LONG,,1,250000,,"{'id': 14494, 'context': 0, 'modifiers': [{'type': 28, 'value': 36}]}"
1199810327,VERY_LONG,,1,99999900,,"{'id': 114813, 'context': 13, 'bonus_lists': [525, 537, 219]}"
1199810356,VERY_LONG,,1,64999800,,"{'id': 114814, 'context': 13, 'bonus_lists': [185, 525, 537]}"
1199810365,VERY_LONG,,1,1308865000,,"{'id': 45861, 'context': 0}"
1199810370,VERY_LONG,1770000,132,,,{'id': 23427}
1199810376,VERY_LONG,,1,11799000,,"{'id': 116177, 'context': 13, 'bonus_lists': [25, 525, 535]}"
1199810384,VERY_LONG,,1,84999800,,"{'id': 116178, 'context': 13, 'bonus_lists': [211, 525, 536]}"
1199810405,VERY_LONG,66200,536,,,{'id': 154164}
1199810409,VERY_LONG,,1,249989900,,"{'id': 116179, 'context': 13, 'bonus_lists': [197, 525, 535]}"
1199810423,VERY_LONG,,1,90970000,,"{'id': 867, 'context': 0}"
1199810429,VERY_LONG,20000,133,,,{'id': 10620}
1199810430,VERY_LONG,,1,11799000,,"{'id': 116177, 'context': 13, 'bonus_lists': [104, 525, 536]}"
1199810437,VERY_LONG,,1,5000000,,"{'id': 1203, 'context': 0}"
1199810442,VERY_LONG,2550000,80,,,{'id': 124671}
1199810452,VERY_LONG,,1,1000000,,"{'id': 71362, 'context': 0}"
1199810466,VERY_LONG,,1,35177100,,"{'id': 44677, 'context': 0, 'bonus_lists': [1708]}"
1199810467,VERY_LONG,14000,10,,,{'id': 36926}
1199810472,VERY_LONG,2349900,17,,,{'id': 52186}
1199810473,VERY_LONG,,1,1403231600,,"{'id': 37749, 'context': 0}"
1199810478,VERY_LONG,,1,7809500,,"{'id': 24593, 'context': 0, 'bonus_lists': [1694]}"
1199810495,VERY_LONG,,1,90362000,,"{'id': 31281, 'context': 0}"
1199810507,VERY_LONG,333400,146,,,{'id': 2772}
1199810508,VERY_LONG,,1,58790000,,"{'id': 141566, 'context': 26, 'bonus_lists': [1472, 3336, 3431]}"
1199810514,VERY_LONG,283400,2,,,{'id': 182122}
1199810518,VERY_LONG,,1,1507700,,"{'id': 71341, 'context': 0}"
1199810525,VERY_LONG,,1,37000000,,"{'id': 67132, 'context': 0}"
1199810528,VERY_LONG,9600,43,,,{'id': 178217}
1199810534,VERY_LONG,1999800,8,,,{'id': 171428}
1199810542,VERY_LONG,1229600,884,,,{'id': 3860}
1199810550,VERY_LONG,,1,3687400,,"{'id': 71022, 'context': 0}"
1199810555,VERY_LONG,12200,600,,,{'id': 12365}
1199810562,VERY_LONG,,1,500000000,,"{'id': 20551, 'context': 0}"
1199810570,VERY_LONG,,1,134999900,,"{'id': 93527, 'context': 0, 'bonus_lists': [6877, 7179], 'modifiers': [{'type': 9, 'value': 50}]}"
1199810584,VERY_LONG,,1,3509700,,"{'id': 71640, 'context': 0}"
1199810592,VERY_LONG,600,10,,,{'id': 171840}
1199810597,VERY_LONG,1220000,12,,,{'id': 23446}
1199810609,VERY_LONG,,1,55696900,,"{'id': 172912, 'context': 13}"
1199810615,VERY_LONG,218600,78,,,{'id': 3576}
1199810624,VERY_LONG,,1,5681500,,"{'id': 11023, 'context': 14}"
1199810634,VERY_LONG,5959200,5,,,{'id': 11371}
1199810635,VERY_LONG,,1,5681500,,"{'id': 11023, 'context': 14}"
1199810655,VERY_LONG,29000,20,,,{'id': 178545}
1199810658,VERY_LONG,,1,58233600,,"{'id': 8490, 'context': 0}"
1199810672,VERY_LONG,,1,127499800,,"{'id': 93623, 'context': 0, 'bonus_lists': [6880, 7179], 'modifiers': [{'type': 9, 'value': 50}]}"
1199810677,VERY_LONG,,1,55696900,,"{'id': 172912, 'context': 13}"
1199810695,VERY_LONG,,1,1880300,,"{'id': 48120, 'context': 0}"
1199810711,VERY_LONG,,1,1900000,,"{'id': 127748, 'context': 1}"
1199810723,VERY_LONG,2559800,102,,,{'id': 72095}
1199810770,VERY_LONG,,1,4140000,,"{'id': 48124, 'context': 0}"
1199810778,VERY_LONG,217400,3000,,,{'id': 152512}
1199810814,VERY_LONG,59900,94,,,{'id': 2838}
1199810862,VERY_LONG,2550000,416,,,{'id': 23445}
1199810868,VERY_LONG,59900,10,,,{'id': 124113}
1199810897,VERY_LONG,335800,5,,,{'id': 36905}
1199810937,VERY_LONG,,1,117499900,,"{'id': 98785, 'context': 0, 'bonus_lists': [6883]}"
1199810979,VERY_LONG,90000,12,,,{'id': 52976}
1199811069,VERY_LONG,16600,9,,,{'id': 177061}
1199812112,VERY_LONG,2349900,979,,,{'id': 52186}
1199812222,VERY_LONG,5999900,1,,,{'id': 39683}
1199812235,VERY_LONG,,1,600000000,,"{'id': 172321, 'context': 65, 'bonus_lists': [6718, 7194, 1522]}"
1199812252,VERY_LONG,100,2,,,{'id': 124439}
1199812769,VERY_LONG,7200000,2,,,{'id': 168651}
1199815151,VERY_LONG,,1,8000000,,"{'id': 4292, 'context': 0, 'modifiers': [{'type': 28, 'value': 1792}]}"
1199815175,VERY_LONG,,1,12000000,,"{'id': 7560, 'context': 1, 'modifiers': [{'type': 28, 'value': 1909}]}"
1199815199,VERY_LONG,,1,80000,,"{'id': 3914, 'context': 0, 'modifiers': [{'type': 28, 'value': 1005}]}"
1199815201,VERY_LONG,,1,80000,,"{'id': 3914, 'context': 0, 'modifiers': [{'type': 28, 'value': 1771}]}"
1199815202,VERY_LONG,,1,80000,,"{'id': 3914, 'context': 0, 'modifiers': [{'type': 28, 'value': 1005}]}"
1199815203,VERY_LONG,,1,80000,,"{'id': 3914, 'context': 0, 'modifiers': [{'type': 28, 'value': 1005}]}"
1199815221,VERY_LONG,,1,7000000,,"{'id': 2555, 'context': 0, 'modifiers': [{'type': 28, 'value': 1800}]}"
1199815246,VERY_LONG,,1,250000,,"{'id': 2598, 'context': 0, 'modifiers': [{'type': 28, 'value': 1817}]}"
1199815248,VERY_LONG,,1,250000,,"{'id': 2598, 'context': 0, 'modifiers': [{'type': 28, 'value': 70}]}"
1199815276,VERY_LONG,,1,24000000,,"{'id': 14917, 'context': 1, 'bonus_lists': [6654, 1691], 'modifiers': [{'type': 9, 'value': 34}, {'type': 28, 'value': 1912}]}"
1199815315,VERY_LONG,,1,4000000,,"{'id': 45984, 'context': 11, 'modifiers': [{'type': 28, 'value': 196}]}"
1199815324,VERY_LONG,,1,4500000,,"{'id': 8387, 'context': 1, 'modifiers': [{'type': 28, 'value': 1904}]}"
1199815336,VERY_LONG,,1,8500000,,"{'id': 15749, 'context': 1}"
1199815357,VERY_LONG,,1,12000000,,"{'id': 15746, 'context': 0, 'modifiers': [{'type': 28, 'value': 1007}]}"
1199815359,VERY_LONG,,1,12000000,,"{'id': 15746, 'context': 0, 'modifiers': [{'type': 28, 'value': 1006}]}"
1199815385,VERY_LONG,,1,300000000,,"{'id': 1973, 'context': 0, 'modifiers': [{'type': 28, 'value': 1004}]}"
1199816055,VERY_LONG,12200,426,,,{'id': 12365}
1199816067,VERY_LONG,254300,147,,,{'id': 3577}
1199816089,VERY_LONG,10100,773,,,{'id': 7912}
1199818125,VERY_LONG,,1,64999900,,"{'id': 82961, 'context': 0, 'bonus_lists': [6827, 7179], 'modifiers': [{'type': 9, 'value': 50}]}"
1199818140,VERY_LONG,17000,304,,,{'id': 2836}
1199818199,VERY_LONG,,1,89990000,,"{'id': 4816, 'context': 14, 'modifiers': [{'type': 28, 'value': 3}]}"
1199818276,VERY_LONG,,1,1118582100,,"{'id': 15928, 'context': 36, 'bonus_lists': [3863], 'modifiers': [{'type': 9, 'value': 17}]}"
1199818635,VERY_LONG,39400,13,,,{'id': 172089}
1199818881,VERY_LONG,120900,5216,,,{'id': 152576}
1199818917,VERY_LONG,1330100,1,,,{'id': 111650}
1199819026,VERY_LONG,52500,1897,,,{'id': 72988}
1199820125,VERY_LONG,999900,10,,,{'id': 7971}
1199820171,VERY_LONG,4500000,48,,,{'id': 12811}
1199820259,VERY_LONG,2959300,8,,,{'id': 87872}
1199820290,VERY_LONG,5698900,23,,,{'id': 12360}
1199820305,VERY_LONG,,1,269999800,,"{'id': 54503, 'context': 0, 'bonus_lists': [6870, 7179], 'modifiers': [{'type': 9, 'value': 50}]}"
1199820332,VERY_LONG,,1,62019500,,"{'id': 8113, 'context': 54, 'bonus_lists': [4278], 'modifiers': [{'type': 9, 'value': 50}]}"
1199820355,VERY_LONG,6471500,68,,,{'id': 52979}
1199820407,VERY_LONG,660700,120,,,{'id': 22575}
1199820426,VERY_LONG,,1,55552600,,"{'id': 20555, 'context': 0}"
1199820431,VERY_LONG,4990000,63,,,{'id': 12810}
1199820449,VERY_LONG,,1,40216700,,"{'id': 94104, 'context': 36, 'bonus_lists': [1681]}"
1199820464,VERY_LONG,,1,45550100,,"{'id': 79740, 'context': 14, 'bonus_lists': [6883], 'modifiers': [{'type': 28, 'value': 196}]}"
1199820486,VERY_LONG,,1,332653300,,"{'id': 54505, 'context': 0}"
1199820502,VERY_LONG,,1,333337200,,"{'id': 90578, 'context': 36, 'bonus_lists': [4756], 'modifiers': [{'type': 9, 'value': 50}]}"
1199820525,VERY_LONG,,1,24746700,,"{'id': 93421, 'context': 0, 'bonus_lists': [6874]}"
1199820566,VERY_LONG,669900,60,,,{'id': 37705}
1199820582,VERY_LONG,,1,25006700,,"{'id': 159229, 'context': 0, 'bonus_lists': [6654, 1685], 'modifiers': [{'type': 9, 'value': 50}, {'type': 28, 'value': 713}]}"
1199820587,VERY_LONG,153500,600,,,{'id': 152579}
1199820591,VERY_LONG,2950000,3,,,{'id': 76734}
1199820601,VERY_LONG,660000,200,,,{'id': 37701}
1199820621,VERY_LONG,474900,186,,,{'id': 22573}
1199820628,VERY_LONG,,1,1654600,,"{'id': 39505, 'context': 0}"
1199820669,VERY_LONG,2228800,205,,,{'id': 53643}
1199820687,VERY_LONG,50000,3,,,{'id': 53049}
1199820749,VERY_LONG,7059700,4,,,{'id': 12363}
1199820774,VERY_LONG,,1,699990000,,"{'id': 178926, 'context': 65, 'bonus_lists': [6718, 7194, 1522]}"
1199820777,VERY_LONG,,1,699990000,,"{'id': 178926, 'context': 65, 'bonus_lists': [6718, 7193, 1522]}"
1199820857,VERY_LONG,5008200,6,,,{'id': 173049}
1199820899,VERY_LONG,30500000,12,,,{'id': 173048}
1199820947,VERY_LONG,51100,4200,,,{'id': 4338}
1199820970,VERY_LONG,153500,600,,,{'id': 152579}
1199821003,VERY_LONG,,1,3473400,,"{'id': 82800, 'context': 0, 'modifiers': [{'type': 6, 'value': 58722}], 'pet_breed_id': 17, 'pet_level': 1, 'pet_quality_id': 3, 'pet_species_id': 1416}"
1199821034,VERY_LONG,91200,43,,,{'id': 124113}
1199821038,VERY_LONG,,1,761500,,"{'id': 183971, 'context': 5, 'bonus_lists': [6908, 40, 1702], 'modifiers': [{'type': 9, 'value': 60}, {'type': 28, 'value': 752}]}"
1199821046,VERY_LONG,120900,2200,,,{'id': 152576}
1199821061,VERY_LONG,69999700,4,,,{'id': 54448}
1199821081,VERY_LONG,42200,8,,,{'id': 109125}
1199821084,VERY_LONG,20000,1,,,{'id': 818}
1199821096,VERY_LONG,46200,4,,,{'id': 22795}
1199822123,VERY_LONG,11400,3510,,,{'id': 14047}
1199822126,VERY_LONG,32901400,21,,,{'id': 173090}
1199822132,VERY_LONG,,1,19995100,,"{'id': 82800, 'context': 0, 'modifiers': [{'type': 6, 'value': 4615}], 'pet_breed_id': 16, 'pet_level': 1, 'pet_quality_id': 2, 'pet_species_id': 68}"
1199822146,VERY_LONG,,1,450003800,,"{'id': 8499, 'context': 0}"
1199822181,VERY_LONG,60000,1,,,{'id': 36918}
1199822192,VERY_LONG,153100,15,,,{'id': 177716}
1199822194,VERY_LONG,3550000,48,,,{'id': 153706}
1199822211,VERY_LONG,58700,19,,,{'id': 177660}
1199822222,VERY_LONG,3136000,1,,,{'id': 172419}
1199822226,VERY_LONG,330000,3,,,{'id': 39970}
1199822235,VERY_LONG,3920000,8,,,{'id': 172415}
1199822242,VERY_LONG,,1,33334800,,"{'id': 10405, 'context': 54, 'bonus_lists': [4277], 'modifiers': [{'type': 9, 'value': 50}]}"
1199822263,VERY_LONG,1462700,2,,,{'id': 172361}
1199822272,VERY_LONG,207400,1,,,{'id': 36928}
1199822292,VERY_LONG,4165000,2,,,{'id': 168419}
1199822421,VERY_LONG,103500,1200,,,{'id': 152579}
1199822423,VERY_LONG,2750000,1,,,{'id': 87559}
1199822429,VERY_LONG,11989400,1,,,{'id': 87580}
1199822430,VERY_LONG,12221600,1,,,{'id': 38905}
1199822438,VERY_LONG,1899600,14,,,{'id': 76076}
1199822444,VERY_LONG,5600000,1,,,{'id': 83006}
1199822451,VERY_LONG,660000,390,,,{'id': 37700}
1199822458,VERY_LONG,3500000,1,,,{'id': 139339}
1199822459,VERY_LONG,256700,144,,,{'id': 52718}
1199822477,VERY_LONG,4650000,13,,,{'id': 29539}
1199822511,VERY_LONG,1101500,465,,,{'id': 3860}
1199822532,VERY_LONG,7580000,1,,,{'id': 139338}
1199822547,VERY_LONG,1335500,3,,,{'id': 36923}
1199822555,VERY_LONG,6121600,3,,,{'id': 128560}
1199822567,VERY_LONG,8885900,4,,,{'id': 38837}
1199822578,VERY_LONG,1030000,1,,,{'id': 36920}
1199822639,VERY_LONG,12221800,1,,,{'id': 41381}
1199822661,VERY_LONG,,1,86111600,,"{'id': 128533, 'context': 13}"
1199822663,VERY_LONG,,1,86111600,,"{'id': 128533, 'context': 13}"
1199822678,VERY_LONG,355400,18,,,{'id': 72985}
1199822717,VERY_LONG,337600,14,,,{'id': 124441}
1199822747,VERY_LONG,10900,203,,,{'id': 22447}
1199822764,VERY_LONG,931600,36,,,{'id': 127004}
1199822779,VERY_LONG,,1,59957500,,"{'id': 6588, 'context': 54, 'bonus_lists': [4279], 'modifiers': [{'type': 9, 'value': 50}]}"
1199822791,VERY_LONG,1090000,4,,,{'id': 76081}
1199822808,VERY_LONG,218839800,3,,,{'id': 4342}
1199822824,VERY_LONG,57500,54,,,{'id': 11291}
1199822839,VERY_LONG,234900,60,,,{'id': 38426}
1199822854,VERY_LONG,,1,440001300,,"{'id': 141573, 'context': 26, 'bonus_lists': [1472, 3336, 3431]}"
1199822873,VERY_LONG,,1,240236900,,"{'id': 141565, 'context': 26, 'bonus_lists': [1472, 3528, 3431]}"
1199822878,VERY_LONG,8008700,1,,,{'id': 139437}
1199822927,VERY_LONG,36700,165,,,{'id': 34056}
1199822970,VERY_LONG,23900,298,,,{'id': 19183}
1199823028,VERY_LONG,445000,926,,,{'id': 124440}
1199823053,VERY_LONG,99400,2200,,,{'id': 152513}
1199823075,VERY_LONG,660000,200,,,{'id': 37701}
1199823085,VERY_LONG,18406900,1,,,{'id': 38847}
1199823095,VERY_LONG,50000000,1,,,{'id': 44493}
1199823100,VERY_LONG,,1,39999800,,"{'id': 93436, 'context': 0, 'bonus_lists': [6877]}"
1199825113,VERY_LONG,47700,6,,,{'id': 10939}
1199825308,VERY_LONG,12189500,2,,,{'id': 32718}
1199825324,VERY_LONG,5959200,19,,,{'id': 11371}
1199825345,VERY_LONG,350000,21,,,{'id': 22793}
1199825365,VERY_LONG,342500,11,,,{'id': 34057}
1199825377,VERY_LONG,500000,31,,,{'id': 36924}
1199825429,VERY_LONG,,1,34443300,,"{'id': 93619, 'context': 0, 'bonus_lists': [6876]}"
1199825432,VERY_LONG,,1,34443300,,"{'id': 93619, 'context': 0, 'bonus_lists': [6876]}"
1199825460,VERY_LONG,137200,4,,,{'id': 52555}
1199825492,VERY_LONG,50000000,1,,,{'id': 43987}
1199825580,VERY_LONG,140008900,7,,,{'id': 23571}
1199825621,VERY_LONG,2499800,2,,,{'id': 53051}
1199825668,VERY_LONG,,1,440004600,,"{'id': 141570, 'context': 26, 'bonus_lists': [1472, 3528, 3431]}"
1199825680,VERY_LONG,355400,44,,,{'id': 72985}
1199825689,VERY_LONG,3920000,2,,,{'id': 172415}
1199825694,VERY_LONG,,1,444449600,,"{'id': 141571, 'context': 26, 'bonus_lists': [1472, 3528, 3431]}"
1199825704,VERY_LONG,8499900,3,,,{'id': 181468}
1199825725,VERY_LONG,4999700,7,,,{'id': 41593}
1199825743,VERY_LONG,50000000,4,,,{'id': 38995}
1199825787,VERY_LONG,,1,28930000,,"{'id': 171418, 'context': 64, 'bonus_lists': [6717, 7193, 1507]}"
1199825812,VERY_LONG,,1,81000000,,"{'id': 82800, 'context': 0, 'modifiers': [{'type': 6, 'value': 99114}], 'pet_breed_id': 8, 'pet_level': 1, 'pet_quality_id': 3, 'pet_species_id': 3046}"
1199825837,VERY_LONG,,1,4538500,,"{'id': 171387, 'context': 13, 'modifiers': [{'type': 29, 'value': 36}, {'type': 30, 'value': 40}]}"
1199825840,VERY_LONG,,1,51677600,,"{'id': 128535, 'context': 13}"
1199825872,VERY_LONG,,1,4538500,,"{'id': 171387, 'context': 13, 'modifiers': [{'type': 29, 'value': 40}, {'type': 30, 'value': 36}]}"
1199825883,VERY_LONG,1999900,13,,,{'id': 153442}
1199825906,VERY_LONG,,1,169617200,,"{'id': 90473, 'context': 0, 'bonus_lists': [1679]}"
1199825920,VERY_LONG,,1,29245500,,"{'id': 44694, 'context': 14, 'modifiers': [{'type': 28, 'value': 885}]}"
1199825932,VERY_LONG,,1,350009700,,"{'id': 182982, 'context': 4, 'bonus_lists': [7186, 6652, 7194, 1459, 6646], 'modifiers': [{'type': 28, 'value': 750}]}"
1199825978,VERY_LONG,,1,249999400,,"{'id': 54506, 'context': 0, 'bonus_lists': [6876, 7179], 'modifiers': [{'type': 9, 'value': 50}]}"
1199826000,VERY_LONG,,1,79999800,,"{'id': 164716, 'context': 13, 'bonus_lists': [1695]}"
1199826016,VERY_LONG,4249900,28,,,{'id': 36921}
1199826032,VERY_LONG,,1,169987600,,"{'id': 128534, 'context': 13}"
1199826059,VERY_LONG,669800,448,,,{'id': 152877}
1199826095,VERY_LONG,52500,148,,,{'id': 174353}
1199827123,VERY_LONG,669800,124,,,{'id': 37702}
1199827156,VERY_LONG,2499900,3,,,{'id': 153444}
1199827189,VERY_LONG,2449900,41,,,{'id': 25707}
1199827204,VERY_LONG,133700,130,,,{'id': 152876}
1199827233,VERY_LONG,29734200,2,,,{'id': 128558}
1199827257,VERY_LONG,1250000,1,,,{'id': 128559}
1199827268,VERY_LONG,,1,249999600,,"{'id': 54504, 'context': 0}"
1199827291,VERY_LONG,354500,7,,,{'id': 52719}
1199827317,VERY_LONG,440000,7,,,{'id': 22576}
1199827336,VERY_LONG,1009900,76,,,{'id': 43102}
1199827350,VERY_LONG,50000,1,,,{'id': 53049}
1199827401,VERY_LONG,5549800,14,,,{'id': 6260}
1199827420,VERY_LONG,287400,4,,,{'id': 13444}
1199827452,VERY_LONG,150000,8,,,{'id': 102542}
1199827607,VERY_LONG,120900,2697,,,{'id': 152576}
1199827633,VERY_LONG,6600,600,,,{'id': 21877}
1199827664,VERY_LONG,68300,800,,,{'id': 152513}
1199827674,VERY_LONG,33338800,2,,,{'id': 32716}
1199827697,VERY_LONG,669900,350,,,{'id': 37703}
1199827712,VERY_LONG,,1,33335400,,"{'id': 2194, 'context': 54, 'bonus_lists': [4274], 'modifiers': [{'type': 9, 'value': 50}]}"
1199827726,VERY_LONG,12200,78,,,{'id': 7912}
1199827739,VERY_LONG,288500,190,,,{'id': 158186}
1199827755,VERY_LONG,,1,33332900,,"{'id': 13018, 'context': 54, 'bonus_lists': [4274], 'modifiers': [{'type': 9, 'value': 50}]}"
1199827758,VERY_LONG,660000,125,,,{'id': 37700}
1199827770,VERY_LONG,8700,2,,,{'id': 163082}
1199827781,VERY_LONG,3329900,1,,,{'id': 4341}
1199827803,VERY_LONG,660000,174,,,{'id': 37701}
1199827856,VERY_LONG,16662400,5,,,{'id': 2460}
1199827880,VERY_LONG,,1,19980000,,"{'id': 55346, 'context': 36, 'bonus_lists': [1686, 4767], 'modifiers': [{'type': 9, 'value': 50}]}"
1199827898,VERY_LONG,,1,1654600,,"{'id': 39505, 'context': 0}"
1199827911,VERY_LONG,886200,50,,,{'id': 3466}
1199827976,VERY_LONG,,1,49994100,,"{'id': 8006, 'context': 0, 'bonus_lists': [6659], 'modifiers': [{'type': 9, 'value': 30}, {'type': 28, 'value': 23}]}"
1199827982,VERY_LONG,353500,170,,,{'id': 34052}
1199830148,VERY_LONG,,1,804200,,"{'id': 175563, 'context': 0, 'bonus_lists': [6907, 1712], 'modifiers': [{'type': 9, 'value': 60}, {'type': 28, 'value': 1707}]}"
1199830179,VERY_LONG,,1,502900,,"{'id': 176783, 'context': 2, 'bonus_lists': [6907, 6652, 1705], 'modifiers': [{'type': 9, 'value': 60}, {'type': 28, 'value': 748}]}"
1199830296,VERY_LONG,3920000,1,,,{'id': 172415}
1199830373,VERY_LONG,76900,1,,,{'id': 173110}
1199830723,VERY_LONG,,1,40000000,,"{'id': 18658, 'context': 1, 'modifiers': [{'type': 28, 'value': 214}]}"
1199830753,VERY_LONG,,1,6000000,,"{'id': 9295, 'context': 1, 'modifiers': [{'type': 28, 'value': 201}]}"
1199830756,VERY_LONG,,1,6000000,,"{'id': 9295, 'context': 0, 'modifiers': [{'type': 28, 'value': 1006}]}"
1199830783,VERY_LONG,,1,7000000,,"{'id': 4300, 'context': 1, 'modifiers': [{'type': 28, 'value': 281}]}"
1199830812,VERY_LONG,,1,14000000,,"{'id': 4352, 'context': 1, 'modifiers': [{'type': 28, 'value': 203}]}"
1199830827,VERY_LONG,,1,25000000,,"{'id': 14639, 'context': 14, 'modifiers': [{'type': 28, 'value': 15}]}"
1199830852,VERY_LONG,,1,4000000,,"{'id': 45984, 'context': 11, 'modifiers': [{'type': 28, 'value': 196}]}"
1199830876,VERY_LONG,,1,8500000,,"{'id': 15749, 'context': 1, 'modifiers': [{'type': 28, 'value': 205}]}"
1199830878,VERY_LONG,,1,8500000,,"{'id': 15749, 'context': 1, 'modifiers': [{'type': 28, 'value': 205}]}"
1199830890,VERY_LONG,,1,120000,,"{'id': 15755, 'context': 0, 'modifiers': [{'type': 28, 'value': 1007}]}"
1199830911,VERY_LONG,600,316,,,{'id': 171840}
1199830915,VERY_LONG,,1,84000000,,"{'id': 15742, 'context': 0, 'modifiers': [{'type': 28, 'value': 1005}]}"
1199830927,VERY_LONG,,1,119999900,,"{'id': 173247, 'context': 64, 'bonus_lists': [6717, 1507]}"
1199830951,VERY_LONG,,1,15000000,,"{'id': 4410, 'context': 1, 'modifiers': [{'type': 28, 'value': 204}]}"
1199830978,VERY_LONG,,1,50000,,"{'id': 1725, 'context': 0, 'modifiers': [{'type': 28, 'value': 209}]}"
1199831002,VERY_LONG,,1,850000,,"{'id': 173249, 'context': 63, 'bonus_lists': [6716, 7194, 1487]}"
1199831011,VERY_LONG,,1,8000000,,"{'id': 4417, 'context': 1, 'modifiers': [{'type': 28, 'value': 208}]}"
1199831014,VERY_LONG,,1,850000,,"{'id': 173249, 'context': 63, 'bonus_lists': [6716, 7193, 1487]}"
1199831020,VERY_LONG,,1,850000,,"{'id': 173249, 'context': 63, 'bonus_lists': [6716, 7194, 1487]}"
1199831035,VERY_LONG,,1,14000000,,"{'id': 14966, 'context': 0, 'bonus_lists': [6654, 1709], 'modifiers': [{'type': 9, 'value': 30}, {'type': 28, 'value': 1007}]}"
1199831037,VERY_LONG,,1,14000000,,"{'id': 14966, 'context': 0, 'bonus_lists': [6654, 1708], 'modifiers': [{'type': 9, 'value': 30}, {'type': 28, 'value': 1007}]}"
1199831068,VERY_LONG,,1,12000000,,"{'id': 7360, 'context': 0, 'modifiers': [{'type': 28, 'value': 1773}]}"
1199831070,VERY_LONG,,1,12000000,,"{'id': 7360, 'context': 0}"
1199831095,VERY_LONG,,1,1200000,,"{'id': 6271, 'context': 0, 'modifiers': [{'type': 28, 'value': 1818}]}"
1199832126,VERY_LONG,,1,200000,,"{'id': 14494, 'context': 0, 'modifiers': [{'type': 28, 'value': 1007}]}"
1199832127,VERY_LONG,,1,200000,,"{'id': 14494, 'context': 0, 'modifiers': [{'type': 28, 'value': 1007}]}"
1199832156,VERY_LONG,,1,14000000,,"{'id': 14921, 'context': 0, 'bonus_lists': [6654, 1705], 'modifiers': [{'type': 9, 'value': 30}, {'type': 28, 'value': 1006}]}"
1199832180,VERY_LONG,,1,12000000,,"{'id': 15746, 'context': 0, 'modifiers': [{'type': 28, 'value': 1006}]}"
1199832182,VERY_LONG,,1,12000000,,"{'id': 15746, 'context': 1}"
1199832183,VERY_LONG,,1,12000000,,"{'id': 15746, 'context': 0, 'modifiers': [{'type': 28, 'value': 1006}]}"
1199832206,VERY_LONG,,1,1400000,,"{'id': 8386, 'context': 0, 'modifiers': [{'type': 28, 'value': 1006}]}"
1199832226,VERY_LONG,,1,12000000,,"{'id': 21944, 'context': 0, 'modifiers': [{'type': 28, 'value': 1798}]}"
1199832246,VERY_LONG,,1,600000,,"{'id': 21953, 'context': 0, 'modifiers': [{'type': 28, 'value': 1005}]}"
1199832251,VERY_LONG,,1,97000000,,"{'id': 82800, 'context': 0, 'pet_breed_id': 19, 'pet_level': 1, 'pet_quality_id': 2, 'pet_species_id': 3045}"
1199832277,VERY_LONG,,1,270000,,"{'id': 4349, 'context': 0, 'modifiers': [{'type': 28, 'value': 1814}]}"
1199832278,VERY_LONG,,1,270000,,"{'id': 4349, 'context': 0, 'modifiers': [{'type': 28, 'value': 1786}]}"
1199832300,VERY_LONG,,1,550000,,"{'id': 21309, 'context': 11, 'modifiers': [{'type': 28, 'value': 420}]}"
1199832314,VERY_LONG,,1,8000000,,"{'id': 4292, 'context': 0, 'modifiers': [{'type': 28, 'value': 1797}]}"
1199832332,VERY_LONG,,1,1400000,,"{'id': 4348, 'context': 0, 'modifiers': [{'type': 28, 'value': 1797}]}"
1199832346,VERY_LONG,,1,40000000,,"{'id': 7991, 'context': 0, 'modifiers': [{'type': 28, 'value': 1005}]}"
1199832372,VERY_LONG,88400,12,,,{'id': 171828}
1199832390,VERY_LONG,,1,700000,,"{'id': 3395, 'context': 0, 'modifiers': [{'type': 28, 'value': 1006}]}"
1199832408,VERY_LONG,,1,250000,,"{'id': 2598, 'context': 0, 'modifiers': [{'type': 28, 'value': 1818}]}"
1199832427,VERY_LONG,,1,800000,,"{'id': 21947, 'context': 0, 'modifiers': [{'type': 28, 'value': 1775}]}"
1199832440,VERY_LONG,,1,600000,,"{'id': 16220, 'context': 1}"
1199832442,VERY_LONG,30100,286,,,{'id': 124438}
1199832451,VERY_LONG,,1,4500000,,"{'id': 7989, 'context': 0, 'modifiers': [{'type': 28, 'value': 1006}]}"
1199832463,VERY_LONG,,1,1200000,,"{'id': 13490, 'context': 0, 'modifiers': [{'type': 28, 'value': 1006}]}"
1199832464,VERY_LONG,,1,1200000,,"{'id': 13490, 'context': 0, 'modifiers': [{'type': 28, 'value': 1004}]}"
1199832466,VERY_LONG,,1,1200000,,"{'id': 13490, 'context': 0, 'modifiers': [{'type': 28, 'value': 1004}]}"
1199832471,VERY_LONG,,1,600000,,"{'id': 4294, 'context': 1, 'modifiers': [{'type': 28, 'value': 210}]}"
1199832472,VERY_LONG,,1,33333500,,"{'id': 93465, 'context': 0, 'bonus_lists': [6868, 7179], 'modifiers': [{'type': 9, 'value': 50}]}"
1199832486,VERY_LONG,58600,200,,,{'id': 72120}
1199832494,VERY_LONG,,1,33330100,,"{'id': 56, 'context': 14}"
1199832506,VERY_LONG,,1,33336300,,"{'id': 93478, 'context': 0, 'bonus_lists': [6873]}"
1199832574,VERY_LONG,135559800,17,,,{'id': 161344}
1199832619,VERY_LONG,30200,2400,,,{'id': 154722}
1199832631,VERY_LONG,91200,1000,,,{'id': 124113}
1199832651,VERY_LONG,,1,36000000,,"{'id': 161952, 'context': 13, 'bonus_lists': [1706, 4928]}"
1199832652,VERY_LONG,,1,36000000,,"{'id': 161952, 'context': 13, 'bonus_lists': [1709, 4928]}"
1199832676,VERY_LONG,335000,451,,,{'id': 32897}
1199832716,VERY_LONG,252000,141,,,{'id': 30809}
1199832734,VERY_LONG,501500,4,,,{'id': 76552}
1199832758,VERY_LONG,6660000,166,,,{'id': 15419}
1199832767,VERY_LONG,21400,400,,,{'id': 154165}
1199832783,VERY_LONG,208800,139,,,{'id': 8170}
1199832790,VERY_LONG,,1,59999900,,"{'id': 31222, 'context': 36, 'bonus_lists': [3911], 'modifiers': [{'type': 9, 'value': 50}]}"
1199832800,VERY_LONG,8499900,2,,,{'id': 181468}
1199832803,VERY_LONG,,1,44440100,,"{'id': 40, 'context': 14}"
1199832819,VERY_LONG,320000,5,,,{'id': 62784}
1199832843,VERY_LONG,24700,15,,,{'id': 172054}
1199832849,VERY_LONG,,1,250000000,,"{'id': 93577, 'context': 0, 'bonus_lists': [6868, 7179], 'modifiers': [{'type': 9, 'value': 50}]}"
1199832878,VERY_LONG,99990100,20,,,{'id': 32720}
1199832888,VERY_LONG,39400,75,,,{'id': 172089}
1199832902,VERY_LONG,219900,3,,,{'id': 173037}
1199832912,VERY_LONG,,1,28173700,,"{'id': 146659, 'context': 0}"
1199832914,VERY_LONG,,1,28173700,,"{'id': 146659, 'context': 0}"
1199832942,VERY_LONG,121100,28,,,{'id': 169701}
1199832948,VERY_LONG,,1,349999900,,"{'id': 137686, 'context': 13, 'bonus_lists': [6883]}"
1199832959,VERY_LONG,7400,41,,,{'id': 173032}
1199832962,VERY_LONG,53100,702,,,{'id': 172092}
1199832963,VERY_LONG,219900,2,,,{'id': 173037}
1199833037,VERY_LONG,60000,2,,,{'id': 36918}
1199833038,VERY_LONG,600,12,,,{'id': 171840}
1199833056,VERY_LONG,,1,33333333900,,"{'id': 93479, 'context': 0, 'bonus_lists': [6875, 7179], 'modifiers': [{'type': 9, 'value': 50}]}"
1199833060,VERY_LONG,151600,1,,,{'id': 124125}
1199833089,VERY_LONG,1000000,1,,,{'id': 128499}
1199836103,VERY_LONG,1600000,1,,,{'id': 171833}
1199836133,VERY_LONG,,1,33338300,,"{'id': 93566, 'context': 0, 'bonus_lists': [6878, 7179], 'modifiers': [{'type': 9, 'value': 50}]}"
1199836153,VERY_LONG,,1,8931700,,"{'id': 25725, 'context': 14}"
1199836175,VERY_LONG,,1,56729400,,"{'id': 19044, 'context': 0}"
1199836185,VERY_LONG,389900,42,,,{'id': 173033}
1199836204,VERY_LONG,5000,113,,,{'id': 27677}
1199836207,VERY_LONG,608600,8,,,{'id': 171292}
1199836231,VERY_LONG,,1,33333400,,"{'id': 13102, 'context': 54, 'bonus_lists': [4270], 'modifiers': [{'type': 9, 'value': 50}]}"
1199836236,VERY_LONG,39900,59,,,{'id': 21840}
1199836383,VERY_LONG,121300,6,,,{'id': 36929}
1199836397,VERY_LONG,14000,3,,,{'id': 36926}
1199836402,VERY_LONG,2953400,9,,,{'id': 124116}
1199836427,VERY_LONG,,1,35009900,25000000,"{'id': 82800, 'context': 0, 'modifiers': [{'type': 6, 'value': 79711}], 'pet_breed_id': 7, 'pet_level': 1, 'pet_quality_id': 3, 'pet_species_id': 2092}"
1199836428,VERY_LONG,,1,35009900,25000000,"{'id': 82800, 'context': 0, 'modifiers': [{'type': 6, 'value': 79711}], 'pet_breed_id': 7, 'pet_level': 1, 'pet_quality_id': 3, 'pet_species_id': 2092}"
1199836430,VERY_LONG,,1,35009900,25000000,"{'id': 82800, 'context': 0, 'modifiers': [{'type': 6, 'value': 79711}], 'pet_breed_id': 7, 'pet_level': 1, 'pet_quality_id': 3, 'pet_species_id': 2092}"
1199836432,VERY_LONG,,1,1742300,,"{'id': 177810, 'context': 23, 'bonus_lists': [6908, 6652, 1717], 'modifiers': [{'type': 9, 'value': 60}, {'type': 28, 'value': 749}]}"
1199836438,VERY_LONG,,1,980100,,"{'id': 176803, 'context': 2, 'bonus_lists': [6908, 6652, 1676], 'modifiers': [{'type': 9, 'value': 60}, {'type': 28, 'value': 748}]}"
1199836444,VERY_LONG,,1,237600000,,"{'id': 184778, 'context': 3, 'bonus_lists': [7189, 6652, 1472, 6646], 'modifiers': [{'type': 28, 'value': 751}]}"
1199836448,VERY_LONG,300000,2,,,{'id': 52763}
1199836453,VERY_LONG,,1,33333500,,"{'id': 93465, 'context': 0, 'bonus_lists': [6868, 7179], 'modifiers': [{'type': 9, 'value': 50}]}"
1199836454,VERY_LONG,4700,1,,,{'id': 180168}
1199836456,VERY_LONG,,1,2475000,,"{'id': 177790, 'context': 3, 'bonus_lists': [6907, 6652, 1680], 'modifiers': [{'type': 9, 'value': 60}, {'type': 28, 'value': 751}]}"
1199836469,VERY_LONG,30000,16,,,{'id': 138967}
1199836473,VERY_LONG,,1,79908200,,"{'id': 171417, 'context': 63, 'bonus_lists': [6716, 1487]}"
1199836474,VERY_LONG,5000,8,,,{'id': 27677}
1199836476,VERY_LONG,,1,33334800,,"{'id': 93498, 'context': 0, 'bonus_lists': [6875]}"
1199836478,VERY_LONG,,1,79908200,,"{'id': 171417, 'context': 63, 'bonus_lists': [6716, 1487]}"
1199836512,VERY_LONG,330100,20,,,{'id': 21536}
1199836516,VERY_LONG,,1,450006000,,"{'id': 94276, 'context': 0, 'bonus_lists': [6883]}"
1199836517,VERY_LONG,,1,450006000,,"{'id': 94276, 'context': 0, 'bonus_lists': [6883]}"
1199836567,VERY_LONG,,1,45555100,,"{'id': 34249, 'context': 14}"
1199836582,VERY_LONG,440000,34,,,{'id': 22578}
1199836596,VERY_LONG,,1,750000,,"{'id': 8389, 'context': 0}"
1199836607,VERY_LONG,115100,1,,,{'id': 112274}
1199836620,VERY_LONG,115100,2,,,{'id': 112277}
1199836628,VERY_LONG,115100,3,,,{'id': 112273}
1199836637,VERY_LONG,2560000,80,,,{'id': 124671}
1199836638,VERY_LONG,10900,200,,,{'id': 127759}
1199836650,VERY_LONG,,1,33332400,,"{'id': 93493, 'context': 0, 'bonus_lists': [6868, 7179], 'modifiers': [{'type': 9, 'value': 50}]}"
1199836652,VERY_LONG,,1,33332400,,"{'id': 93493, 'context': 0, 'bonus_lists': [6868, 7179], 'modifiers': [{'type': 9, 'value': 50}]}"
1199836657,VERY_LONG,117899000,3,,,{'id': 17771}
1199836670,VERY_LONG,8888800,15,,,{'id': 72163}
1199836679,VERY_LONG,1727900,66,,,{'id': 56516}
1199836686,VERY_LONG,7965000,14,,,{'id': 52982}
1199836708,VERY_LONG,,1,25894600,,"{'id': 13059, 'context': 54, 'bonus_lists': [4273], 'modifiers': [{'type': 9, 'value': 50}]}"
1199836759,VERY_LONG,3339900,79,,,{'id': 35627}
1199836783,VERY_LONG,30100,124,,,{'id': 124439}
1199836793,VERY_LONG,340000,245,,,{'id': 29425}
1199836805,VERY_LONG,,1,33330000,,"{'id': 93568, 'context': 0, 'bonus_lists': [6868, 7179], 'modifiers': [{'type': 9, 'value': 50}]}"
1199836816,VERY_LONG,14999900,8,,,{'id': 52980}
1199836851,VERY_LONG,,1,80000000,,"{'id': 172325, 'context': 63, 'bonus_lists': [6716, 7193, 1487]}"
1199837042,VERY_LONG,,1,19723000,,"{'id': 82800, 'context': 0, 'modifiers': [{'type': 6, 'value': 59766}], 'pet_breed_id': 11, 'pet_level': 1, 'pet_quality_id': 3, 'pet_species_id': 1954}"
1199837044,VERY_LONG,,1,19723000,,"{'id': 82800, 'context': 0, 'modifiers': [{'type': 6, 'value': 59766}], 'pet_breed_id': 11, 'pet_level': 1, 'pet_quality_id': 3, 'pet_species_id': 1954}"
1199837046,VERY_LONG,,1,19723000,,"{'id': 82800, 'context': 0, 'modifiers': [{'type': 6, 'value': 59766}], 'pet_breed_id': 11, 'pet_level': 1, 'pet_quality_id': 3, 'pet_species_id': 1954}"
1199837048,VERY_LONG,,1,19723000,,"{'id': 82800, 'context': 0, 'modifiers': [{'type': 6, 'value': 59766}], 'pet_breed_id': 11, 'pet_level': 1, 'pet_quality_id': 3, 'pet_species_id': 1954}"
1199837063,VERY_LONG,,1,35009900,,"{'id': 82800, 'context': 0, 'modifiers': [{'type': 6, 'value': 79711}], 'pet_breed_id': 7, 'pet_level': 1, 'pet_quality_id': 3, 'pet_species_id': 2092}"
1199837064,VERY_LONG,,1,35009900,,"{'id': 82800, 'context': 0, 'modifiers': [{'type': 6, 'value': 79711}], 'pet_breed_id': 7, 'pet_level': 1, 'pet_quality_id': 3, 'pet_species_id': 2092}"
1199837078,VERY_LONG,,1,11110800,,"{'id': 82800, 'context': 0, 'modifiers': [{'type': 6, 'value': 47859}], 'pet_breed_id': 12, 'pet_level': 1, 'pet_quality_id': 3, 'pet_species_id': 2582}"
1199837080,VERY_LONG,,1,11110800,,"{'id': 82800, 'context': 0, 'modifiers': [{'type': 6, 'value': 47859}], 'pet_breed_id': 12, 'pet_level': 1, 'pet_quality_id': 3, 'pet_species_id': 2582}"
1199837086,VERY_LONG,,1,16484100,,"{'id': 82800, 'context': 0, 'modifiers': [{'type': 6, 'value': 45274}], 'pet_breed_id': 4, 'pet_level': 1, 'pet_quality_id': 3, 'pet_species_id': 2585}"
1199837087,VERY_LONG,,1,16484100,,"{'id': 82800, 'context': 0, 'modifiers': [{'type': 6, 'value': 45274}], 'pet_breed_id': 4, 'pet_level': 1, 'pet_quality_id': 3, 'pet_species_id': 2585}"
1199837098,VERY_LONG,,1,14005100,,"{'id': 82800, 'context': 0, 'modifiers': [{'type': 6, 'value': 61894}], 'pet_breed_id': 10, 'pet_level': 1, 'pet_quality_id': 3, 'pet_species_id': 1629}"
1199837099,VERY_LONG,,1,14005100,,"{'id': 82800, 'context': 0, 'modifiers': [{'type': 6, 'value': 61894}], 'pet_breed_id': 12, 'pet_level': 1, 'pet_quality_id': 3, 'pet_species_id': 1629}"
1199839101,VERY_LONG,499800,609,,,{'id': 124109}
1199839108,VERY_LONG,,1,15000000,,"{'id': 82800, 'context': 0, 'modifiers': [{'type': 6, 'value': 61890}], 'pet_breed_id': 7, 'pet_level': 1, 'pet_quality_id': 3, 'pet_species_id': 1625}"
1199839109,VERY_LONG,,1,15000000,,"{'id': 82800, 'context': 0, 'modifiers': [{'type': 6, 'value': 61890}], 'pet_breed_id': 7, 'pet_level': 1, 'pet_quality_id': 3, 'pet_species_id': 1625}"
1199839118,VERY_LONG,,1,499900,,"{'id': 82800, 'context': 0, 'modifiers': [{'type': 6, 'value': 29809}], 'pet_breed_id': 16, 'pet_level': 1, 'pet_quality_id': 2, 'pet_species_id': 236}"
1199839120,VERY_LONG,,1,499900,,"{'id': 82800, 'context': 0, 'modifiers': [{'type': 6, 'value': 29809}], 'pet_breed_id': 16, 'pet_level': 1, 'pet_quality_id': 2, 'pet_species_id': 236}"
1199839141,VERY_LONG,,1,3500000,,"{'id': 82800, 'context': 0, 'pet_breed_id': 3, 'pet_level': 1, 'pet_quality_id': 3, 'pet_species_id': 1952}"
1199839144,VERY_LONG,,1,3500000,,"{'id': 82800, 'context': 0, 'pet_breed_id': 13, 'pet_level': 1, 'pet_quality_id': 3, 'pet_species_id': 1952}"
1199839153,VERY_LONG,,1,239995800,,"{'id': 82800, 'context': 0, 'modifiers': [{'type': 6, 'value': 74790}], 'pet_breed_id': 20, 'pet_level': 1, 'pet_quality_id': 2, 'pet_species_id': 319}"
1199839164,VERY_LONG,,1,149960000,,"{'id': 82800, 'context': 0, 'modifiers': [{'type': 6, 'value': 65672}], 'pet_breed_id': 8, 'pet_level': 1, 'pet_quality_id': 3, 'pet_species_id': 1760}"
1199839185,VERY_LONG,,1,42942500,,"{'id': 82800, 'context': 0, 'modifiers': [{'type': 6, 'value': 55291}], 'pet_breed_id': 19, 'pet_level': 1, 'pet_quality_id': 3, 'pet_species_id': 1453}"
1199839195,VERY_LONG,,1,315980000,,"{'id': 82800, 'context': 0, 'modifiers': [{'type': 6, 'value': 83653}], 'pet_breed_id': 3, 'pet_level': 1, 'pet_quality_id': 2, 'pet_species_id': 2477}"
1199839204,VERY_LONG,,1,1669000,,"{'id': 82800, 'context': 0, 'modifiers': [{'type': 6, 'value': 6299}], 'pet_breed_id': 8, 'pet_level': 1, 'pet_quality_id': 2, 'pet_species_id': 67}"
1199839221,VERY_LONG,,1,11998900,,"{'id': 82800, 'context': 0, 'modifiers': [{'type': 6, 'value': 90867}], 'pet_breed_id': 16, 'pet_level': 1, 'pet_quality_id': 3, 'pet_species_id': 2586}"
1199839227,VERY_LONG,,1,13000000,,"{'id': 82800, 'context': 0, 'modifiers': [{'type': 6, 'value': 90745}], 'pet_breed_id': 6, 'pet_level': 1, 'pet_quality_id': 3, 'pet_species_id': 2587}"
1199839236,VERY_LONG,,1,13018600,,"{'id': 82800, 'context': 0, 'modifiers': [{'type': 6, 'value': 48666}], 'pet_breed_id': 3, 'pet_level': 1, 'pet_quality_id': 3, 'pet_species_id': 1231}"
1199839251,VERY_LONG,,1,2189900,,"{'id': 82800, 'context': 0, 'modifiers': [{'type': 6, 'value': 59034}], 'pet_breed_id': 18, 'pet_level': 1, 'pet_quality_id': 2, 'pet_species_id': 1597}"
1199839256,VERY_LONG,,1,250000000,,"{'id': 82800, 'context': 0, 'modifiers': [{'type': 6, 'value': 88024}], 'pet_breed_id': 5, 'pet_level': 1, 'pet_quality_id': 2, 'pet_species_id': 2475}"
1199839261,VERY_LONG,,1,974400,,"{'id': 82800, 'context': 0, 'modifiers': [{'type': 6, 'value': 73706}], 'pet_breed_id': 11, 'pet_level': 1, 'pet_quality_id': 3, 'pet_species_id': 1966}"
1199839385,VERY_LONG,,1,102400,,"{'id': 82800, 'context': 0, 'modifiers': [{'type': 6, 'value': 73699}], 'pet_breed_id': 9, 'pet_level': 1, 'pet_quality_id': 3, 'pet_species_id': 1964}"
1199839387,VERY_LONG,,1,102400,,"{'id': 82800, 'context': 0, 'modifiers': [{'type': 6, 'value': 73699}], 'pet_breed_id': 12, 'pet_level': 1, 'pet_quality_id': 3, 'pet_species_id': 1964}"
1199839401,VERY_LONG,,1,13000000,,"{'id': 82800, 'context': 0, 'modifiers': [{'type': 6, 'value': 90745}], 'pet_breed_id': 6, 'pet_level': 1, 'pet_quality_id': 3, 'pet_species_id': 2587}"
1199839408,VERY_LONG,,1,11998900,,"{'id': 82800, 'context': 0, 'modifiers': [{'type': 6, 'value': 90867}], 'pet_breed_id': 16, 'pet_level': 1, 'pet_quality_id': 3, 'pet_species_id': 2586}"
1199839415,VERY_LONG,17700,1290,,,{'id': 109118}
1199839432,VERY_LONG,219900,1,,,{'id': 173037}
1199839649,VERY_LONG,,1,60000000,,"{'id': 172318, 'context': 63, 'bonus_lists': [6716, 1487]}"
1199839803,VERY_LONG,8888800,5,,,{'id': 72163}
1199839821,VERY_LONG,1009800,194,,,{'id': 23793}
1199839830,VERY_LONG,660000,10,,,{'id': 184090}
1199839849,VERY_LONG,2953400,30,,,{'id': 124116}
1199839931,VERY_LONG,2450000,12,,,{'id': 38561}
1199839986,VERY_LONG,,1,100000000,,"{'id': 172317, 'context': 63, 'bonus_lists': [6716, 7194, 1487]}"
1199839989,VERY_LONG,,1,100000000,,"{'id': 172317, 'context': 63, 'bonus_lists': [6716, 7193, 1487]}"
1199840036,VERY_LONG,,1,71985600,,"{'id': 93579, 'context': 0, 'bonus_lists': [6873, 7179], 'modifiers': [{'type': 9, 'value': 50}]}"
1199840058,VERY_LONG,,1,33330000,,"{'id': 93477, 'context': 0, 'bonus_lists': [6869, 7179], 'modifiers': [{'type': 9, 'value': 50}]}"
1199841136,VERY_LONG,,1,764000,,"{'id': 178953, 'context': 0, 'bonus_lists': [6908, 41, 1689], 'modifiers': [{'type': 9, 'value': 60}, {'type': 28, 'value': 1707}]}"
1199841143,VERY_LONG,,1,7425600,,"{'id': 176976, 'context': 0, 'bonus_lists': [6907, 6652, 7194, 1677], 'modifiers': [{'type': 9, 'value': 60}, {'type': 28, 'value': 1707}]}"
1199841154,VERY_LONG,,1,4950000,,"{'id': 176776, 'context': 0, 'bonus_lists': [6907, 42, 7194, 1715], 'modifiers': [{'type': 9, 'value': 60}, {'type': 28, 'value': 1707}]}"
1199841165,VERY_LONG,,1,3953000,,"{'id': 172257, 'context': 13, 'bonus_lists': [6893], 'modifiers': [{'type': 9, 'value': 60}, {'type': 28, 'value': 391}, {'type': 29, 'value': 32}, {'type': 30, 'value': 36}]}"
1199841170,VERY_LONG,,1,12095600,,"{'id': 172255, 'context': 13, 'bonus_lists': [6893], 'modifiers': [{'type': 9, 'value': 60}, {'type': 28, 'value': 391}, {'type': 29, 'value': 40}, {'type': 30, 'value': 32}]}"
1199841176,VERY_LONG,,1,8910000,,"{'id': 172254, 'context': 13, 'bonus_lists': [6893], 'modifiers': [{'type': 9, 'value': 60}, {'type': 28, 'value': 391}, {'type': 29, 'value': 36}, {'type': 30, 'value': 40}]}"
1199841180,VERY_LONG,,1,7919500,,"{'id': 172253, 'context': 13, 'bonus_lists': [6893], 'modifiers': [{'type': 9, 'value': 60}, {'type': 28, 'value': 391}, {'type': 29, 'value': 32}, {'type': 30, 'value': 40}]}"
1199841190,VERY_LONG,,1,9900000,,"{'id': 172250, 'context': 13, 'bonus_lists': [6893], 'modifiers': [{'type': 9, 'value': 60}, {'type': 28, 'value': 391}, {'type': 29, 'value': 32}, {'type': 30, 'value': 36}]}"
1199841278,VERY_LONG,,1,3509600,,"{'id': 172260, 'context': 13, 'bonus_lists': [6893], 'modifiers': [{'type': 9, 'value': 60}, {'type': 28, 'value': 391}, {'type': 29, 'value': 49}, {'type': 30, 'value': 32}]}"
1199841364,VERY_LONG,,1,1800000,,"{'id': 172259, 'context': 13, 'bonus_lists': [6893], 'modifiers': [{'type': 9, 'value': 60}, {'type': 28, 'value': 391}, {'type': 29, 'value': 32}, {'type': 30, 'value': 40}]}"
1199841439,VERY_LONG,,1,2200000,,"{'id': 172265, 'context': 13, 'bonus_lists': [6893], 'modifiers': [{'type': 9, 'value': 60}, {'type': 28, 'value': 391}, {'type': 29, 'value': 32}, {'type': 30, 'value': 49}]}"
1199841524,VERY_LONG,,1,1730000,,"{'id': 11999, 'context': 0, 'bonus_lists': [6654, 1708], 'modifiers': [{'type': 9, 'value': 30}, {'type': 28, 'value': 21}]}"
1199841552,VERY_LONG,,1,268502900,265817900,"{'id': 16252, 'context': 0, 'modifiers': [{'type': 28, 'value': 35}]}"
1199841663,VERY_LONG,,1,8142600,,"{'id': 15979, 'context': 1, 'bonus_lists': [6655, 1693], 'modifiers': [{'type': 9, 'value': 30}, {'type': 28, 'value': 209}]}"
1199841666,VERY_LONG,,1,1170000,,"{'id': 15584, 'context': 0, 'bonus_lists': [6655, 1694], 'modifiers': [{'type': 9, 'value': 30}, {'type': 28, 'value': 21}]}"
1199841667,VERY_LONG,,1,23282500,,"{'id': 14829, 'context': 1, 'bonus_lists': [6654], 'modifiers': [{'type': 9, 'value': 30}, {'type': 28, 'value': 209}]}"
1199841668,VERY_LONG,,1,11588500,,"{'id': 14278, 'context': 1, 'bonus_lists': [6654, 1680], 'modifiers': [{'type': 9, 'value': 30}, {'type': 28, 'value': 218}]}"
1199841669,VERY_LONG,,1,1248500,,"{'id': 5214, 'context': 0, 'bonus_lists': [6655], 'modifiers': [{'type': 9, 'value': 30}, {'type': 28, 'value': 14}]}"
1199841672,VERY_LONG,,1,11248900,,"{'id': 9945, 'context': 1, 'bonus_lists': [6654, 1678], 'modifiers': [{'type': 9, 'value': 30}, {'type': 28, 'value': 282}]}"
1199841677,VERY_LONG,,1,7060600,,"{'id': 13113, 'context': 0, 'bonus_lists': [6658], 'modifiers': [{'type': 9, 'value': 30}, {'type': 28, 'value': 1005}]}"
1199841678,VERY_LONG,,1,52306200,,"{'id': 94029, 'context': 0, 'bonus_lists': [1693], 'modifiers': [{'type': 28, 'value': 167}]}"
1199841680,VERY_LONG,,1,2483000,,"{'id': 15260, 'context': 1, 'bonus_lists': [6655, 1680], 'modifiers': [{'type': 9, 'value': 30}, {'type': 28, 'value': 209}]}"
1199841684,VERY_LONG,,1,2308700,,"{'id': 1207, 'context': 0, 'bonus_lists': [6655, 1678], 'modifiers': [{'type': 9, 'value': 30}, {'type': 28, 'value': 21}]}"
1199841687,VERY_LONG,,1,3646100,,"{'id': 68743, 'context': 0, 'bonus_lists': [6654], 'modifiers': [{'type': 9, 'value': 31}, {'type': 28, 'value': 1789}]}"
1199841689,VERY_LONG,,1,6764900,,"{'id': 14431, 'context': 0, 'bonus_lists': [6654], 'modifiers': [{'type': 9, 'value': 30}, {'type': 28, 'value': 21}]}"
1199841691,VERY_LONG,4908700,103,,,{'id': 7080}
1199841693,VERY_LONG,,1,36715000,,"{'id': 14579, 'context': 0, 'bonus_lists': [6654], 'modifiers': [{'type': 9, 'value': 30}, {'type': 28, 'value': 14}]}"
1199841697,VERY_LONG,,1,25999700,,"{'id': 14775, 'context': 1, 'bonus_lists': [6654], 'modifiers': [{'type': 9, 'value': 30}, {'type': 28, 'value': 209}]}"
1199841701,VERY_LONG,,1,19675900,,"{'id': 15608, 'context': 0, 'bonus_lists': [6654, 1705], 'modifiers': [{'type': 9, 'value': 30}, {'type': 28, 'value': 21}]}"
1199841703,VERY_LONG,,1,13406500,,"{'id': 15240, 'context': 0, 'bonus_lists': [6655, 1681], 'modifiers': [{'type': 9, 'value': 30}, {'type': 28, 'value': 1004}]}"
1199841707,VERY_LONG,,1,2560000,,"{'id': 4087, 'context': 1, 'bonus_lists': [6655, 1706], 'modifiers': [{'type': 9, 'value': 30}, {'type': 28, 'value': 209}]}"
1199841709,VERY_LONG,,1,29663400,,"{'id': 14244, 'context': 1, 'bonus_lists': [6654, 1692], 'modifiers': [{'type': 9, 'value': 30}, {'type': 28, 'value': 209}]}"
1199841713,VERY_LONG,,1,5266500,,"{'id': 14272, 'context': 0, 'bonus_lists': [6654, 1677], 'modifiers': [{'type': 9, 'value': 30}, {'type': 28, 'value': 21}]}"
1199841716,VERY_LONG,,1,14089000,,"{'id': 14435, 'context': 1, 'bonus_lists': [6654], 'modifiers': [{'type': 9, 'value': 30}, {'type': 28, 'value': 209}]}"
1199841719,VERY_LONG,,1,64392100,,"{'id': 15372, 'context': 0, 'bonus_lists': [6654, 1678], 'modifiers': [{'type': 9, 'value': 30}, {'type': 28, 'value': 21}]}"
1199841721,VERY_LONG,,1,25262700,,"{'id': 10202, 'context': 1, 'bonus_lists': [6654, 1680], 'modifiers': [{'type': 9, 'value': 30}, {'type': 28, 'value': 282}]}"
1199841724,VERY_LONG,,1,11383500,,"{'id': 14258, 'context': 1, 'bonus_lists': [6654, 1681], 'modifiers': [{'type': 9, 'value': 30}, {'type': 28, 'value': 209}]}"
1199841727,VERY_LONG,,1,12858300,,"{'id': 14424, 'context': 1, 'bonus_lists': [6654], 'modifiers': [{'type': 9, 'value': 30}, {'type': 28, 'value': 209}]}"
1199841729,VERY_LONG,,1,177154300,,"{'id': 14757, 'context': 0, 'bonus_lists': [6654], 'modifiers': [{'type': 9, 'value': 30}, {'type': 28, 'value': 14}]}"
1199841732,VERY_LONG,12200,1285,,,{'id': 7912}
1199841753,VERY_LONG,49400,1000,,,{'id': 2836}
1199841761,VERY_LONG,,1,4009600,,"{'id': 82800, 'context': 0, 'modifiers': [{'type': 6, 'value': 73684}], 'pet_breed_id': 16, 'pet_level': 1, 'pet_quality_id': 3, 'pet_species_id': 1959}"
1199841771,VERY_LONG,,1,4769800,,"{'id': 106723, 'context': 0, 'bonus_lists': [6654, 95], 'modifiers': [{'type': 9, 'value': 50}, {'type': 28, 'value': 435}]}"
1199841789,VERY_LONG,628000,75,,,{'id': 23424}
1199841796,VERY_LONG,,1,855509900,,"{'id': 182990, 'context': 5, 'bonus_lists': [7188, 6652, 1485, 6646], 'modifiers': [{'type': 28, 'value': 752}]}"
1199841803,VERY_LONG,5000,100,,,{'id': 4338}
1199841824,VERY_LONG,,1,27993400,,"{'id': 31190, 'context': 36, 'bonus_lists': [3911], 'modifiers': [{'type': 9, 'value': 50}]}"
1199841834,VERY_LONG,,1,38979800,,"{'id': 8252, 'context': 0, 'bonus_lists': [6654], 'modifiers': [{'type': 9, 'value': 30}, {'type': 28, 'value': 31}]}"
1199841844,VERY_LONG,3960000,3,,,{'id': 168419}
1199841863,VERY_LONG,,1,729900,,"{'id': 177804, 'context': 0, 'bonus_lists': [6908, 6652, 1682], 'modifiers': [{'type': 9, 'value': 60}, {'type': 28, 'value': 746}]}"
1199841866,VERY_LONG,,1,2982900,,"{'id': 82800, 'context': 0, 'pet_breed_id': 13, 'pet_level': 1, 'pet_quality_id': 3, 'pet_species_id': 1960}"
1199841868,VERY_LONG,,1,2982900,,"{'id': 82800, 'context': 0, 'pet_breed_id': 13, 'pet_level': 1, 'pet_quality_id': 3, 'pet_species_id': 1960}"
1199841870,VERY_LONG,,1,2982900,,"{'id': 82800, 'context': 0, 'pet_breed_id': 13, 'pet_level': 1, 'pet_quality_id': 3, 'pet_species_id': 1960}"
1199841875,VERY_LONG,,1,1084900,,"{'id': 179319, 'context': 0, 'bonus_lists': [6908, 42, 1717], 'modifiers': [{'type': 9, 'value': 58}, {'type': 28, 'value': 1425}]}"
1199841881,VERY_LONG,514845500,5,,,{'id': 153251}
1199841890,VERY_LONG,,1,14000000,,"{'id': 177778, 'context': 0, 'bonus_lists': [6907, 41, 7194, 1696], 'modifiers': [{'type': 9, 'value': 58}, {'type': 28, 'value': 1426}]}"
1199841901,VERY_LONG,,1,55552600,,"{'id': 20555, 'context': 0}"
1199841906,VERY_LONG,,1,55552600,,"{'id': 20555, 'context': 0}"
1199841926,VERY_LONG,,1,8931700,,"{'id': 25725, 'context': 14}"
1199841937,VERY_LONG,,1,2999900,,"{'id': 175561, 'context': 0, 'bonus_lists': [6907, 1712], 'modifiers': [{'type': 9, 'value': 56}, {'type': 28, 'value': 1237}]}"
1199841976,VERY_LONG,,1,30000000,,"{'id': 6211, 'context': 0}"
1199843105,VERY_LONG,1849700,161,,,{'id': 35625}
1199843160,VERY_LONG,99992100,1,,,{'id': 49110}
1199843175,VERY_LONG,,1,181911900,,"{'id': 2256, 'context': 54, 'bonus_lists': [4273], 'modifiers': [{'type': 9, 'value': 50}]}"
1199843187,VERY_LONG,5959200,64,,,{'id': 11371}
1199843203,VERY_LONG,1030000,23,,,{'id': 36920}
1199843213,VERY_LONG,699800,1,,,{'id': 172418}
1199843217,VERY_LONG,2449900,54,,,{'id': 25707}
1199843223,VERY_LONG,,1,52500000,,"{'id': 890, 'context': 54, 'bonus_lists': [4273], 'modifiers': [{'type': 9, 'value': 50}]}"
1199843233,VERY_LONG,,1,882000000,,"{'id': 183616, 'context': 0, 'modifiers': [{'type': 28, 'value': 1401}]}"
1199843254,VERY_LONG,,1,501202900,,"{'id': 812, 'context': 54, 'bonus_lists': [4259], 'modifiers': [{'type': 9, 'value': 50}]}"
1199843300,VERY_LONG,20000,1236,,,{'id': 10620}
1199843318,VERY_LONG,660700,68,,,{'id': 22575}
1199843364,VERY_LONG,50000,3031,,,{'id': 72988}
1199843382,VERY_LONG,,1,260831200,,"{'id': 940, 'context': 54, 'bonus_lists': [4246], 'modifiers': [{'type': 9, 'value': 50}]}"
1199843416,VERY_LONG,,1,900000,,"{'id': 82800, 'context': 0, 'modifiers': [{'type': 6, 'value': 71827}], 'pet_breed_id': 14, 'pet_level': 1, 'pet_quality_id': 3, 'pet_species_id': 1921}"
1199843431,VERY_LONG,111200,1116,,,{'id': 124113}
1199843446,VERY_LONG,59900,457,,,{'id': 2838}
1199843459,VERY_LONG,20300,2154,,,{'id': 2835}
1199843480,VERY_LONG,,1,3280300,,"{'id': 82800, 'context': 0, 'modifiers': [{'type': 6, 'value': 71827}], 'pet_breed_id': 14, 'pet_level': 1, 'pet_quality_id': 3, 'pet_species_id': 1921}"
1199843481,VERY_LONG,,1,3280300,,"{'id': 82800, 'context': 0, 'modifiers': [{'type': 6, 'value': 71827}], 'pet_breed_id': 14, 'pet_level': 1, 'pet_quality_id': 3, 'pet_species_id': 1921}"
1199843482,VERY_LONG,,1,3280300,,"{'id': 82800, 'context': 0, 'modifiers': [{'type': 6, 'value': 71827}], 'pet_breed_id': 14, 'pet_level': 1, 'pet_quality_id': 3, 'pet_species_id': 1921}"
1199843507,VERY_LONG,,1,230000000,,"{'id': 135479, 'context': 0}"
1199843529,VERY_LONG,660000,45,,,{'id': 37701}
1199843536,VERY_LONG,135559800,20,,,{'id': 161344}
1199843542,VERY_LONG,,1,19958900,,"{'id': 112057, 'context': 1}"
1199843574,VERY_LONG,3339500,97,,,{'id': 35622}
1199843601,VERY_LONG,,1,44444200,,"{'id': 118819, 'context': 0, 'bonus_lists': [6658], 'modifiers': [{'type': 9, 'value': 50}, {'type': 28, 'value': 435}]}"
1199843627,VERY_LONG,5000,191,,,{'id': 27677}
1199843669,VERY_LONG,340000,4,,,{'id': 109124}
1199843680,VERY_LONG,2953400,6,,,{'id': 124116}
1199843688,VERY_LONG,,1,272500000,,"{'id': 20546, 'context': 0}"
1199843697,VERY_LONG,88200,1,,,{'id': 76565}
1199843713,VERY_LONG,10000,5,,,{'id': 12359}
1199843747,VERY_LONG,649800,220,,,{'id': 37704}
1199846104,VERY_LONG,380000,26,,,{'id': 22577}
1199846113,VERY_LONG,153100,3,,,{'id': 177716}
1199846125,VERY_LONG,9900,5,,,{'id': 1210}
1199846147,VERY_LONG,159900,1,,,{'id': 37703}
1199846158,VERY_LONG,65400,2,,,{'id': 153440}
1199846171,VERY_LONG,20300,200,,,{'id': 2835}
1199846175,VERY_LONG,98500,2,,,{'id': 153441}
1199846192,VERY_LONG,8490000,2,,,{'id': 172370}
1199846201,VERY_LONG,440000,91,,,{'id': 22576}
1199846230,VERY_LONG,,1,17314200,,"{'id': 9974, 'context': 0, 'bonus_lists': [6655, 1677], 'modifiers': [{'type': 9, 'value': 30}, {'type': 28, 'value': 31}]}"
1199846239,VERY_LONG,999900,5,,,{'id': 177715}
1199846257,VERY_LONG,5700000,8,,,{'id': 177962}
1199846264,VERY_LONG,1260000,100,,,{'id': 104316}
1199846298,VERY_LONG,2550000,203,,,{'id': 104316}
1199846300,VERY_LONG,1417900,2,,,{'id': 172363}
1199846317,VERY_LONG,163700,102,,,{'id': 7070}
1199846325,VERY_LONG,1462700,1,,,{'id': 172361}
1199846329,VERY_LONG,,1,55558200,,"{'id': 118827, 'context': 0, 'bonus_lists': [6658], 'modifiers': [{'type': 9, 'value': 50}, {'type': 28, 'value': 435}]}"
1199846335,VERY_LONG,3920000,4,,,{'id': 172415}
1199846344,VERY_LONG,3136000,3,,,{'id': 172419}
1199846347,VERY_LONG,9999700,81,,,{'id': 29548}
1199846350,VERY_LONG,4959500,4,,,{'id': 172408}
1199846362,VERY_LONG,770300,36,,,{'id': 23425}
1199846367,VERY_LONG,2451000,6,,,{'id': 183738}
1199846376,VERY_LONG,699800,6,,,{'id': 172418}
1199846378,VERY_LONG,,1,61393500,,"{'id': 82800, 'context': 0, 'modifiers': [{'type': 6, 'value': 73706}], 'pet_breed_id': 11, 'pet_level': 1, 'pet_quality_id': 3, 'pet_species_id': 1966}"
1199846387,VERY_LONG,58700,5,,,{'id': 177660}
1199846388,VERY_LONG,,1,450003800,,"{'id': 8499, 'context': 0}"
1199846389,VERY_LONG,,1,450003800,,"{'id': 8499, 'context': 0}"
1199846394,VERY_LONG,17900,2,,,{'id': 153438}
1199846403,VERY_LONG,30200,14,,,{'id': 154722}
1199846409,VERY_LONG,290000,2,,,{'id': 153439}
1199846413,VERY_LONG,3339900,144,,,{'id': 35627}
1199846420,VERY_LONG,,1,40000000,,"{'id': 12978, 'context': 54, 'bonus_lists': [4269], 'modifiers': [{'type': 9, 'value': 50}]}"
1199846421,VERY_LONG,,1,8500000,,"{'id': 172319, 'context': 63, 'bonus_lists': [6716, 1487]}"
1199846423,VERY_LONG,,1,8500000,,"{'id': 172319, 'context': 63, 'bonus_lists': [6716, 1487]}"
1199846428,VERY_LONG,,1,8500000,,"{'id': 172319, 'context': 63, 'bonus_lists': [6716, 1487]}"
1199846430,VERY_LONG,,1,59999900,,"{'id': 12982, 'context': 54, 'bonus_lists': [4269], 'modifiers': [{'type': 9, 'value': 50}]}"
1199846438,VERY_LONG,180000,115,,,{'id': 57191}
1199846446,VERY_LONG,2959300,66,,,{'id': 87872}
1199846449,VERY_LONG,,1,888880100,,"{'id': 20977, 'context': 0}"
1199846460,VERY_LONG,140008900,1,,,{'id': 23571}
1199846463,VERY_LONG,19000,65,,,{'id': 158381}
1199846468,VERY_LONG,45100,1,,,{'id': 76677}
1199846482,VERY_LONG,,1,3976800,,"{'id': 82800, 'context': 0, 'modifiers': [{'type': 6, 'value': 65888}], 'pet_breed_id': 18, 'pet_level': 1, 'pet_quality_id': 3, 'pet_species_id': 2090}"
1199846486,VERY_LONG,121100,6,,,{'id': 169701}
1199846488,VERY_LONG,10000000,1,,,{'id': 168636}
1199846499,VERY_LONG,99900,5,,,{'id': 153711}
1199846506,VERY_LONG,4100000,17,,,{'id': 57194}
1199846511,VERY_LONG,,1,99999400,,"{'id': 165563, 'context': 4, 'bonus_lists': [4801, 1472, 4786], 'modifiers': [{'type': 28, 'value': 689}]}"
1199846513,VERY_LONG,,1,99999400,,"{'id': 165563, 'context': 4, 'bonus_lists': [4801, 1472, 4786], 'modifiers': [{'type': 28, 'value': 689}]}"
1199846532,VERY_LONG,,1,6500000,,"{'id': 82800, 'context': 0, 'modifiers': [{'type': 6, 'value': 46898}], 'pet_breed_id': 18, 'pet_level': 1, 'pet_quality_id': 3, 'pet_species_id': 1143}"
1199846546,VERY_LONG,1758900,69,,,{'id': 7079}
1199846574,VERY_LONG,,1,43090600,,"{'id': 25336, 'context': 28, 'bonus_lists': [1677, 3869], 'modifiers': [{'type': 9, 'value': 50}]}"
1199846579,VERY_LONG,,1,34271100,,"{'id': 25267, 'context': 0, 'bonus_lists': [1694]}"
1199846582,VERY_LONG,,1,1006300,,"{'id': 179329, 'context': 5, 'bonus_lists': [6908, 6652, 1694], 'modifiers': [{'type': 9, 'value': 60}, {'type': 28, 'value': 752}]}"
1199846585,VERY_LONG,,1,4010000,,"{'id': 18229, 'context': 0}"
1199846588,VERY_LONG,,1,4010000,,"{'id': 18229, 'context': 0}"
1199846592,VERY_LONG,,1,4010000,,"{'id': 18229, 'context': 0}"
1199846594,VERY_LONG,,1,1084900,,"{'id': 179319, 'context': 0, 'bonus_lists': [6908, 6652, 1691], 'modifiers': [{'type': 9, 'value': 60}, {'type': 28, 'value': 1707}]}"
1199846599,VERY_LONG,,1,1218300,,"{'id': 178952, 'context': 0, 'bonus_lists': [6908, 6652, 1687], 'modifiers': [{'type': 9, 'value': 60}, {'type': 28, 'value': 1707}]}"
1199846601,VERY_LONG,,1,25000100,,"{'id': 29728, 'context': 1, 'modifiers': [{'type': 28, 'value': 231}]}"
1199846604,VERY_LONG,,1,3000100,,"{'id': 178948, 'context': 0, 'bonus_lists': [6908, 40, 1692], 'modifiers': [{'type': 9, 'value': 60}, {'type': 28, 'value': 1707}]}"
1199846609,VERY_LONG,2228900,46,,,{'id': 22452}
1199846610,VERY_LONG,,1,900000,,"{'id': 177801, 'context': 0, 'bonus_lists': [6908, 6652, 1700], 'modifiers': [{'type': 9, 'value': 60}, {'type': 28, 'value': 2060}]}"
1199846611,VERY_LONG,,1,980000,,"{'id': 176793, 'context': 0, 'bonus_lists': [6908, 6652, 1676], 'modifiers': [{'type': 9, 'value': 60}, {'type': 28, 'value': 2060}]}"
1199846620,VERY_LONG,,1,13660100,,"{'id': 55509, 'context': 22, 'bonus_lists': [6654, 1701], 'modifiers': [{'type': 9, 'value': 35}, {'type': 28, 'value': 1114}]}"
1199846624,VERY_LONG,,1,1007300,,"{'id': 36392, 'context': 22, 'bonus_lists': [6654, 1705], 'modifiers': [{'type': 9, 'value': 30}, {'type': 28, 'value': 1087}]}"
1199846625,VERY_LONG,,1,130742700,,"{'id': 20548, 'context': 0}"
1199846629,VERY_LONG,,1,2963300,,"{'id': 24877, 'context': 28, 'bonus_lists': [1680, 3840], 'modifiers': [{'type': 9, 'value': 50}]}"
1199846635,VERY_LONG,,1,142500,,"{'id': 24685, 'context': 0, 'bonus_lists': [1681]}"
1199846640,VERY_LONG,,1,440000,,"{'id': 177787, 'context': 0, 'bonus_lists': [6907, 6652, 7193, 1697], 'modifiers': [{'type': 9, 'value': 60}, {'type': 28, 'value': 1707}]}"
1199846644,VERY_LONG,,1,2461300,,"{'id': 177780, 'context': 0, 'bonus_lists': [6907, 6652, 1684], 'modifiers': [{'type': 9, 'value': 60}, {'type': 28, 'value': 2060}]}"
1199846649,VERY_LONG,,1,732800,,"{'id': 177771, 'context': 0, 'bonus_lists': [6907, 6652, 1676], 'modifiers': [{'type': 9, 'value': 60}, {'type': 28, 'value': 1707}]}"
1199846650,VERY_LONG,,1,55552600,,"{'id': 20553, 'context': 0}"
1199846652,VERY_LONG,,1,1002300,,"{'id': 16850, 'context': 0, 'modifiers': [{'type': 28, 'value': 1004}]}"
1199846653,VERY_LONG,,1,1005100,,"{'id': 176991, 'context': 0, 'bonus_lists': [6907, 6652, 7193, 1697], 'modifiers': [{'type': 9, 'value': 60}, {'type': 28, 'value': 1707}]}"
1199846660,VERY_LONG,,1,399900,,"{'id': 176975, 'context': 0, 'bonus_lists': [6907, 6652, 7193, 1711], 'modifiers': [{'type': 9, 'value': 60}, {'type': 28, 'value': 1707}]}"
1199846682,VERY_LONG,,1,55550100,,"{'id': 22282, 'context': 0}"
1199846698,VERY_LONG,,1,1001800,,"{'id': 16806, 'context': 0, 'modifiers': [{'type': 28, 'value': 1004}]}"
1199846715,VERY_LONG,343000,2,,,{'id': 154126}
1199846720,VERY_LONG,,1,34690000,,"{'id': 128807, 'context': 0, 'modifiers': [{'type': 28, 'value': 435}]}"
1199846723,VERY_LONG,,1,34690000,,"{'id': 128807, 'context': 0, 'modifiers': [{'type': 28, 'value': 435}]}"
1199846724,VERY_LONG,,1,34690000,,"{'id': 128807, 'context': 0, 'modifiers': [{'type': 28, 'value': 435}]}"
1199846750,VERY_LONG,2705600,3,,,{'id': 76083}
1199846751,VERY_LONG,,1,2000000,,"{'id': 176788, 'context': 0, 'bonus_lists': [6907, 6652, 7194, 1689], 'modifiers': [{'type': 9, 'value': 60}, {'type': 28, 'value': 1707}]}"
1199846753,VERY_LONG,,1,6450000,,"{'id': 82800, 'context': 0, 'pet_breed_id': 22, 'pet_level': 1, 'pet_quality_id': 3, 'pet_species_id': 1628}"
1199846762,VERY_LONG,,1,5000000,,"{'id': 176787, 'context': 0, 'bonus_lists': [6907, 6652, 7194, 1709], 'modifiers': [{'type': 9, 'value': 60}, {'type': 28, 'value': 1707}]}"
1199846771,VERY_LONG,,1,99990000,,"{'id': 176772, 'context': 0, 'bonus_lists': [6907, 41, 1706], 'modifiers': [{'type': 9, 'value': 60}, {'type': 28, 'value': 1707}]}"
1199846775,VERY_LONG,,1,2617200,,"{'id': 175571, 'context': 0, 'bonus_lists': [6907, 1710], 'modifiers': [{'type': 9, 'value': 60}, {'type': 28, 'value': 807}]}"
1199846781,VERY_LONG,,1,600000,,"{'id': 175568, 'context': 0, 'bonus_lists': [6907, 1677], 'modifiers': [{'type': 9, 'value': 60}, {'type': 28, 'value': 2060}]}"
1199846784,VERY_LONG,1661700,40,,,{'id': 76079}
1199846790,VERY_LONG,,1,4346000,,"{'id': 175558, 'context': 0, 'bonus_lists': [6907, 1691], 'modifiers': [{'type': 9, 'value': 60}, {'type': 28, 'value': 1707}]}"
1199846797,VERY_LONG,,1,2003300,,"{'id': 175546, 'context': 0, 'bonus_lists': [6907, 1700], 'modifiers': [{'type': 9, 'value': 60}, {'type': 28, 'value': 1707}]}"
1199846804,VERY_LONG,,1,707900,,"{'id': 160174, 'context': 0, 'bonus_lists': [6654, 4802, 1693], 'modifiers': [{'type': 9, 'value': 50}, {'type': 28, 'value': 1226}]}"
1199846813,VERY_LONG,103000,12,,,{'id': 76136}
1199846817,VERY_LONG,1250000,9,,,{'id': 57099}
1199846818,VERY_LONG,,1,99996300,,"{'id': 25653, 'context': 0}"
1199846827,VERY_LONG,9000,15,,,{'id': 152546}
1199846837,VERY_LONG,10000,11,,,{'id': 152545}
1199846846,VERY_LONG,,1,1378000,,"{'id': 33154, 'context': 11}"
1199846849,VERY_LONG,,1,1378000,,"{'id': 33154, 'context': 11}"
1199846852,VERY_LONG,,1,1378000,,"{'id': 33154, 'context': 11}"
1199846857,VERY_LONG,,1,1378000,,"{'id': 33154, 'context': 11}"
1199846898,VERY_LONG,33331600,2,,,{'id': 64396}
1199846906,VERY_LONG,8499900,4,,,{'id': 181468}
1199846917,VERY_LONG,2989200,1,,,{'id': 31913}
1199846933,VERY_LONG,499900,6,,,{'id': 130177}
1199846938,VERY_LONG,,1,32000000,,"{'id': 68789, 'context': 0}"
1199846971,VERY_LONG,4000000,4,,,{'id': 44128}
1199847016,VERY_LONG,1501000,1,,,{'id': 44157}
1199847032,VERY_LONG,3335000,220,,,{'id': 35624}
1199847050,VERY_LONG,65475300,1,,,{'id': 44144}
1199847074,VERY_LONG,669800,200,,,{'id': 37702}
1199848116,VERY_LONG,1501000,1,,,{'id': 44156}
1199848122,VERY_LONG,49400,774,,,{'id': 2836}
1199848142,VERY_LONG,8100,7,,,{'id': 3857}
1199848154,VERY_LONG,669900,254,,,{'id': 37705}
1199848157,VERY_LONG,80000,2,,,{'id': 23441}
1199848166,VERY_LONG,14170800,1,,,{'id': 31898}
1199848171,VERY_LONG,,1,3200600,,"{'id': 82800, 'context': 0, 'modifiers': [{'type': 6, 'value': 46921}], 'pet_breed_id': 7, 'pet_level': 1, 'pet_quality_id': 3, 'pet_species_id': 1146}"
1199848174,VERY_LONG,1249900,14,,,{'id': 133940}
1199848176,VERY_LONG,,1,40298000,,"{'id': 118825, 'context': 0, 'bonus_lists': [6658], 'modifiers': [{'type': 9, 'value': 50}, {'type': 28, 'value': 435}]}"
1199848185,VERY_LONG,11300,4,,,{'id': 7067}
1199848192,VERY_LONG,1990000,144,,,{'id': 25744}
1199848193,VERY_LONG,400,15,,,{'id': 7075}
1199848206,VERY_LONG,5899900,1,,,{'id': 11382}
1199848211,VERY_LONG,,1,72192400,,"{'id': 7608, 'context': 54, 'bonus_lists': [4283], 'modifiers': [{'type': 9, 'value': 50}]}"
1199848223,VERY_LONG,,1,55552600,,"{'id': 20555, 'context': 0}"
1199848225,VERY_LONG,72000,1,,,{'id': 173126}
1199848240,VERY_LONG,7001100,2,,,{'id': 22451}
1199848243,VERY_LONG,600,21,,,{'id': 7077}
1199848251,VERY_LONG,690000,2,,,{'id': 63303}
1199848252,VERY_LONG,,1,44441000,,"{'id': 13022, 'context': 54, 'bonus_lists': [4273], 'modifiers': [{'type': 9, 'value': 50}]}"
1199848262,VERY_LONG,750000,1,,,{'id': 111652}
1199848269,VERY_LONG,,1,44446200,,"{'id': 754, 'context': 54, 'bonus_lists': [4273], 'modifiers': [{'type': 9, 'value': 50}]}"
1199848281,VERY_LONG,3769000,1,,,{'id': 76139}
1199848305,VERY_LONG,4925500,230,,,{'id': 14256}
1199848307,VERY_LONG,220700,1,,,{'id': 22575}
1199848311,VERY_LONG,589700,5,,,{'id': 172920}
1199848335,VERY_LONG,1800000,2,,,{'id': 158327}
1199848341,VERY_LONG,149500,4,,,{'id': 5523}
1199848351,VERY_LONG,300,23,,,{'id': 8150}
1199848368,VERY_LONG,150000,4,,,{'id': 77589}
1199848374,VERY_LONG,440000,244,,,{'id': 124444}
1199848402,VERY_LONG,29400,3,,,{'id': 153712}
1199848418,VERY_LONG,3999900,692,,,{'id': 168825}
1199848436,VERY_LONG,37000,10,,,{'id': 17011}
1199848447,VERY_LONG,799500,966,,,{'id': 168822}
1199848480,VERY_LONG,11375400,34,,,{'id': 168828}
1199848488,VERY_LONG,,1,34990000,,"{'id': 82800, 'context': 0, 'modifiers': [{'type': 6, 'value': 79709}], 'pet_breed_id': 5, 'pet_level': 1, 'pet_quality_id': 3, 'pet_species_id': 2088}"
1199848490,VERY_LONG,,1,34990000,,"{'id': 82800, 'context': 0, 'modifiers': [{'type': 6, 'value': 79709}], 'pet_breed_id': 5, 'pet_level': 1, 'pet_quality_id': 3, 'pet_species_id': 2088}"
1199848491,VERY_LONG,,1,34990000,,"{'id': 82800, 'context': 0, 'modifiers': [{'type': 6, 'value': 79709}], 'pet_breed_id': 9, 'pet_level': 1, 'pet_quality_id': 3, 'pet_species_id': 2088}"
1199848492,VERY_LONG,,1,34990000,,"{'id': 82800, 'context': 0, 'modifiers': [{'type': 6, 'value': 79709}], 'pet_breed_id': 5, 'pet_level': 1, 'pet_quality_id': 3, 'pet_species_id': 2088}"
1199848497,VERY_LONG,,1,679999900,,"{'id': 90655, 'context': 0}"
1199848607,VERY_LONG,799500,750,,,{'id': 168822}
1199850783,VERY_LONG,,1,57487600,54613200,"{'id': 82800, 'context': 0, 'modifiers': [{'type': 6, 'value': 79638}], 'pet_breed_id': 9, 'pet_level': 1, 'pet_quality_id': 3, 'pet_species_id': 2083}"
1199850787,VERY_LONG,,1,32180400,30789500,"{'id': 82800, 'context': 0, 'modifiers': [{'type': 6, 'value': 76763}], 'pet_breed_id': 5, 'pet_level': 1, 'pet_quality_id': 3, 'pet_species_id': 2559}"
1199850791,VERY_LONG,,1,28997100,27547200,"{'id': 82800, 'context': 0, 'modifiers': [{'type': 6, 'value': 59578}], 'pet_breed_id': 14, 'pet_level': 1, 'pet_quality_id': 3, 'pet_species_id': 1530}"
1199850793,VERY_LONG,,1,70867600,67324200,"{'id': 82800, 'context': 0, 'modifiers': [{'type': 6, 'value': 21393}], 'pet_breed_id': 16, 'pet_level': 1, 'pet_quality_id': 2, 'pet_species_id': 159}"
1199850797,VERY_LONG,,1,200326100,190309800,"{'id': 82800, 'context': 0, 'modifiers': [{'type': 6, 'value': 87763}], 'pet_breed_id': 14, 'pet_level': 1, 'pet_quality_id': 2, 'pet_species_id': 2793}"
1199853299,VERY_LONG,,1,119900000,,"{'id': 171417, 'context': 64, 'bonus_lists': [6717, 1507]}"
1199853312,VERY_LONG,29600,18,,,{'id': 172050}
1199853371,VERY_LONG,200000,12,,,{'id': 173129}
1199853401,VERY_LONG,200000,5,,,{'id': 173127}
1199853426,VERY_LONG,150000,2,,,{'id': 173130}
1199853481,VERY_LONG,121000,109,,,{'id': 169701}
1199853490,VERY_LONG,88400,92,,,{'id': 171828}
1199853496,VERY_LONG,138300,6,,,{'id': 172051}
1199853521,VERY_LONG,49500,3,,,{'id': 171841}
1199853541,VERY_LONG,539500,12,,,{'id': 171315}
1199853549,VERY_LONG,,1,599900,,"{'id': 128316, 'context': 31, 'modifiers': [{'type': 28, 'value': 176}]}"
1199853561,VERY_LONG,45000,2,,,{'id': 152550}
1199853566,VERY_LONG,167500,25,,,{'id': 171829}
1199853589,VERY_LONG,600,54,,,{'id': 171840}
1199853594,VERY_LONG,8600,2,,,{'id': 152496}
1199853793,VERY_LONG,,1,29830000,,"{'id': 171418, 'context': 64, 'bonus_lists': [6717, 7194, 1507]}"
1199855683,VERY_LONG,,1,570000000,,"{'id': 184778, 'context': 5, 'bonus_lists': [7188, 6652, 1485, 6646], 'modifiers': [{'type': 28, 'value': 752}]}"
1199857478,VERY_LONG,1950000,6,,,{'id': 76061}
1199857559,VERY_LONG,181300,9,,,{'id': 89112}
1199857798,VERY_LONG,8879300,20,,,{'id': 172097}
1199857818,VERY_LONG,999900,114,,,{'id': 172094}
1199858022,VERY_LONG,700000,2,,,{'id': 36901}
1199858057,VERY_LONG,290000,1,,,{'id': 153439}
1199858093,VERY_LONG,290000,1,,,{'id': 153439}
1199859156,VERY_LONG,,1,4975000,,"{'id': 130154, 'context': 0}"
1199859159,VERY_LONG,19009200,2,,,{'id': 109991}
1199859170,VERY_LONG,495000,2,,,{'id': 154125}
1199859178,VERY_LONG,,1,3473400,,"{'id': 82800, 'context': 0, 'pet_breed_id': 17, 'pet_level': 1, 'pet_quality_id': 3, 'pet_species_id': 1416}"
1199859180,VERY_LONG,2648900,8,,,{'id': 133572}
1199859193,VERY_LONG,,1,25500,,"{'id': 82800, 'context': 0, 'modifiers': [{'type': 6, 'value': 21900}], 'pet_breed_id': 10, 'pet_level': 1, 'pet_quality_id': 3, 'pet_species_id': 162}"
1199859206,VERY_LONG,56900,11,,,{'id': 172062}
1199859216,VERY_LONG,1800,13,,,{'id': 172068}
1199859233,VERY_LONG,7400,6,,,{'id': 173032}
1199859258,VERY_LONG,219900,2,,,{'id': 173037}
1199859274,VERY_LONG,,1,506000,,"{'id': 82250, 'context': 0, 'bonus_lists': [1715]}"
1199859298,VERY_LONG,389900,2,,,{'id': 173033}
1199859308,VERY_LONG,138300,20,,,{'id': 172051}
1199859314,VERY_LONG,,1,1179900,,"{'id': 71636, 'context': 0}"
1199859346,VERY_LONG,6500,4,,,{'id': 172057}
1199859358,VERY_LONG,,1,1179900,,"{'id': 71636, 'context': 0}"
1199859369,VERY_LONG,138300,10,,,{'id': 172051}
1199859384,VERY_LONG,944400,2,,,{'id': 160484}
1199859429,VERY_LONG,60000,16,,,{'id': 153490}
1199859442,VERY_LONG,29600,20,,,{'id': 172050}
1199859471,VERY_LONG,60000,20,,,{'id': 153490}
1199859473,VERY_LONG,29600,1,,,{'id': 172050}
1199859509,VERY_LONG,30000,9,,,{'id': 172059}
1199859577,VERY_LONG,181300,8,,,{'id': 89112}
1199859580,VERY_LONG,,1,2352937100,,"{'id': 159577, 'context': 0, 'bonus_lists': [4796, 1710], 'modifiers': [{'type': 9, 'value': 50}]}"
1199859587,VERY_LONG,,1,15832000,,"{'id': 159556, 'context': 0, 'bonus_lists': [4796, 1678], 'modifiers': [{'type': 9, 'value': 50}]}"
1199859593,VERY_LONG,,1,12974200,,"{'id': 50449, 'context': 0}"
1199859596,VERY_LONG,,1,1850000,,"{'id': 82800, 'context': 0, 'pet_breed_id': 18, 'pet_level': 1, 'pet_quality_id': 3, 'pet_species_id': 1720}"
1199859603,VERY_LONG,71100,1,,,{'id': 153512}
1199859608,VERY_LONG,,1,11999800,,"{'id': 82800, 'context': 0, 'modifiers': [{'type': 6, 'value': 90715}], 'pet_breed_id': 14, 'pet_level': 1, 'pet_quality_id': 3, 'pet_species_id': 2580}"
1199859632,VERY_LONG,,1,289999900,,"{'id': 164680, 'context': 13, 'bonus_lists': [1682]}"
1199859639,VERY_LONG,10000,4,,,{'id': 172048}
1199859642,VERY_LONG,,1,97499900,,"{'id': 152837, 'context': 13, 'bonus_lists': [1686, 4928]}"
1199859657,VERY_LONG,,1,28140100,,"{'id': 161925, 'context': 13, 'bonus_lists': [1716, 4927]}"
1199859659,VERY_LONG,10000,20,,,{'id': 172048}
1199859674,VERY_LONG,,1,475206600,,"{'id': 160141, 'context': 0, 'bonus_lists': [4796, 1692], 'modifiers': [{'type': 9, 'value': 50}]}"
1199859678,VERY_LONG,5999900,5,,,{'id': 39683}
1199859682,VERY_LONG,,1,1900000,,"{'id': 127748, 'context': 1}"
1199859683,VERY_LONG,,1,14252300,,"{'id': 82800, 'context': 0, 'modifiers': [{'type': 6, 'value': 65071}], 'pet_breed_id': 7, 'pet_level': 1, 'pet_quality_id': 3, 'pet_species_id': 1705}"
1199859688,VERY_LONG,750000,3,,,{'id': 36908}
1199859696,VERY_LONG,700,3,,,{'id': 182653}
1199859729,VERY_LONG,46900,8,,,{'id': 152875}
1199859738,VERY_LONG,50300,6,,,{'id': 152876}
1199859740,VERY_LONG,,1,1000000,,"{'id': 13013, 'context': 0}"
1199859747,VERY_LONG,,1,1000000,,"{'id': 106691, 'context': 6, 'bonus_lists': [208]}"
1199859750,VERY_LONG,87900,21,,,{'id': 113588}
1199859753,VERY_LONG,350500,4,,,{'id': 74247}
1199859755,VERY_LONG,,1,237600000,,"{'id': 184778, 'context': 3, 'bonus_lists': [7189, 6652, 1472, 6646], 'modifiers': [{'type': 28, 'value': 751}]}"
1199859757,VERY_LONG,,1,28140100,,"{'id': 161925, 'context': 13, 'bonus_lists': [1695, 4927]}"
1199859758,VERY_LONG,2200,80,,,{'id': 74249}
1199859760,VERY_LONG,,1,28140100,,"{'id': 161925, 'context': 13, 'bonus_lists': [1714, 4927]}"
1199859765,VERY_LONG,,1,28140100,,"{'id': 161925, 'context': 13, 'bonus_lists': [1715, 4927]}"
1199859774,VERY_LONG,,1,289999900,,"{'id': 164680, 'context': 13, 'bonus_lists': [1710]}"
1199859798,VERY_LONG,,1,34500000,,"{'id': 82800, 'context': 0, 'modifiers': [{'type': 6, 'value': 99896}], 'pet_breed_id': 4, 'pet_level': 1, 'pet_quality_id': 2, 'pet_species_id': 2921}"
1199859814,VERY_LONG,,1,15705800,,"{'id': 159602, 'context': 0, 'bonus_lists': [4796, 1697], 'modifiers': [{'type': 9, 'value': 46}]}"
1199859823,VERY_LONG,,1,15705800,,"{'id': 159602, 'context': 0, 'bonus_lists': [4796, 1689], 'modifiers': [{'type': 9, 'value': 45}]}"
1199859838,VERY_LONG,,1,2185000,,"{'id': 71637, 'context': 0}"
1199859844,VERY_LONG,,1,14499900,,"{'id': 10266, 'context': 0, 'bonus_lists': [1705]}"
1199859855,VERY_LONG,8900000,1,,,{'id': 141909}
1199859866,VERY_LONG,8900000,1,,,{'id': 141909}
1199859870,VERY_LONG,,1,5272000,,"{'id': 106734, 'context': 6, 'bonus_lists': [97]}"
1199859881,VERY_LONG,,1,4200000,,"{'id': 45704, 'context': 3}"
1199859884,VERY_LONG,,1,2007400,,"{'id': 177775, 'context': 0, 'bonus_lists': [6907, 6652, 1682], 'modifiers': [{'type': 9, 'value': 60}, {'type': 28, 'value': 1707}]}"
1199859888,VERY_LONG,,1,2500000,,"{'id': 71715, 'context': 0}"
1199859892,VERY_LONG,1979700,1,,,{'id': 132515}
1199859898,VERY_LONG,1890000,1,,,{'id': 151583}
1199859900,VERY_LONG,,1,2000000,,"{'id': 176776, 'context': 0, 'bonus_lists': [6907, 43, 6935, 1705], 'modifiers': [{'type': 9, 'value': 60}, {'type': 28, 'value': 1707}]}"
1199859903,VERY_LONG,,1,1802500,,"{'id': 159511, 'context': 0, 'bonus_lists': [4796, 1700], 'modifiers': [{'type': 9, 'value': 46}]}"
1199859906,VERY_LONG,,1,1768800,,"{'id': 36168, 'context': 36, 'bonus_lists': [1677, 3850], 'modifiers': [{'type': 9, 'value': 50}]}"
1199859910,VERY_LONG,501500,17,,,{'id': 136637}
1199859916,VERY_LONG,,1,1322600,,"{'id': 15221, 'context': 0, 'bonus_lists': [1709]}"
1199859921,VERY_LONG,,1,1000000,,"{'id': 36680, 'context': 0, 'bonus_lists': [1678]}"
1199859927,VERY_LONG,999900,17,,,{'id': 144329}
1199859941,VERY_LONG,,1,850000,,"{'id': 10235, 'context': 0, 'bonus_lists': [1707]}"
1199859948,VERY_LONG,,1,499900,,"{'id': 72007, 'context': 0}"
1199860034,VERY_LONG,,1,11736700,11619300,"{'id': 15664, 'context': 0, 'bonus_lists': [6654, 1679], 'modifiers': [{'type': 9, 'value': 24}, {'type': 28, 'value': 36}]}"
1199860036,VERY_LONG,,1,11671600,11554900,"{'id': 14454, 'context': 0, 'bonus_lists': [6654], 'modifiers': [{'type': 9, 'value': 24}, {'type': 28, 'value': 36}]}"
1199860037,VERY_LONG,,1,16367300,16203600,"{'id': 8126, 'context': 1, 'bonus_lists': [6654], 'modifiers': [{'type': 9, 'value': 30}, {'type': 28, 'value': 216}]}"
1199860038,VERY_LONG,,1,21579300,21363500,"{'id': 15435, 'context': 0, 'bonus_lists': [6654, 1677], 'modifiers': [{'type': 9, 'value': 24}, {'type': 28, 'value': 36}]}"
1199860039,VERY_LONG,,1,275983600,273223800,"{'id': 10630, 'context': 1, 'bonus_lists': [6710], 'modifiers': [{'type': 9, 'value': 30}, {'type': 28, 'value': 216}]}"
1199860040,VERY_LONG,,1,6820000,6751800,"{'id': 10212, 'context': 0, 'bonus_lists': [6654, 1692], 'modifiers': [{'type': 9, 'value': 30}, {'type': 28, 'value': 34}]}"
1199860041,VERY_LONG,,1,25252500,25000000,"{'id': 15190, 'context': 0, 'bonus_lists': [6654, 1705], 'modifiers': [{'type': 9, 'value': 24}, {'type': 28, 'value': 36}]}"
1199860044,VERY_LONG,,1,18325100,18141800,"{'id': 14670, 'context': 0, 'bonus_lists': [6654], 'modifiers': [{'type': 9, 'value': 24}, {'type': 28, 'value': 36}]}"
1199860045,VERY_LONG,,1,18325100,18141800,"{'id': 14670, 'context': 0, 'bonus_lists': [6654], 'modifiers': [{'type': 9, 'value': 24}, {'type': 28, 'value': 36}]}"
1199860046,VERY_LONG,,1,50788200,,"{'id': 14677, 'context': 0, 'bonus_lists': [6654], 'modifiers': [{'type': 9, 'value': 24}, {'type': 28, 'value': 36}]}"
1199860048,VERY_LONG,,1,34349500,34006000,"{'id': 15671, 'context': 0, 'bonus_lists': [6654, 1692], 'modifiers': [{'type': 9, 'value': 24}, {'type': 28, 'value': 36}]}"
1199860049,VERY_LONG,,1,37490700,37115800,"{'id': 14929, 'context': 0, 'bonus_lists': [6654, 1706], 'modifiers': [{'type': 9, 'value': 24}, {'type': 28, 'value': 36}]}"
1199860051,VERY_LONG,,1,37490700,37115800,"{'id': 14929, 'context': 0, 'bonus_lists': [6654, 1693], 'modifiers': [{'type': 9, 'value': 24}, {'type': 28, 'value': 36}]}"
1199860052,VERY_LONG,,1,20270500,20067800,"{'id': 14937, 'context': 0, 'bonus_lists': [6654, 1695], 'modifiers': [{'type': 9, 'value': 24}, {'type': 28, 'value': 36}]}"
1199860053,VERY_LONG,,1,74024700,70323500,"{'id': 14802, 'context': 0, 'bonus_lists': [6654], 'modifiers': [{'type': 9, 'value': 24}, {'type': 28, 'value': 36}]}"
1199860054,VERY_LONG,,1,21984700,21764900,"{'id': 15186, 'context': 0, 'bonus_lists': [6654, 1678], 'modifiers': [{'type': 9, 'value': 24}, {'type': 28, 'value': 36}]}"
1199860055,VERY_LONG,49900,38,,,{'id': 2318}
1199860056,VERY_LONG,,1,174926400,,"{'id': 14799, 'context': 0}"
1199860057,VERY_LONG,,1,10203200,10101200,"{'id': 15289, 'context': 0, 'bonus_lists': [6655, 1708], 'modifiers': [{'type': 9, 'value': 24}, {'type': 28, 'value': 36}]}"
1199860059,VERY_LONG,,1,12737900,12610500,"{'id': 14811, 'context': 0, 'bonus_lists': [6654], 'modifiers': [{'type': 9, 'value': 24}, {'type': 28, 'value': 36}]}"
1199860060,VERY_LONG,,1,11995300,11875300,"{'id': 8274, 'context': 1, 'bonus_lists': [6654], 'modifiers': [{'type': 9, 'value': 30}, {'type': 28, 'value': 216}]}"
1199860061,VERY_LONG,,1,98270800,97288100,"{'id': 14928, 'context': 0, 'bonus_lists': [6654, 1706], 'modifiers': [{'type': 9, 'value': 24}, {'type': 28, 'value': 36}]}"
1199860062,VERY_LONG,,1,28912100,28623000,"{'id': 14962, 'context': 0, 'bonus_lists': [6654, 1692], 'modifiers': [{'type': 9, 'value': 24}, {'type': 28, 'value': 36}]}"
1199860064,VERY_LONG,,1,24757000,24509400,"{'id': 10065, 'context': 1, 'bonus_lists': [6654, 1681], 'modifiers': [{'type': 9, 'value': 30}, {'type': 28, 'value': 216}]}"
1199860066,VERY_LONG,,1,28139400,26732400,"{'id': 7354, 'context': 1, 'bonus_lists': [6654, 1692], 'modifiers': [{'type': 9, 'value': 30}, {'type': 28, 'value': 211}]}"
1199860068,VERY_LONG,,1,12458300,12333700,"{'id': 10128, 'context': 1, 'bonus_lists': [6654, 1691], 'modifiers': [{'type': 9, 'value': 30}, {'type': 28, 'value': 216}]}"
1199860070,VERY_LONG,,1,8081600,8000800,"{'id': 14815, 'context': 0, 'bonus_lists': [6654], 'modifiers': [{'type': 9, 'value': 24}, {'type': 28, 'value': 36}]}"
1199860071,VERY_LONG,,1,2985000,2955200,"{'id': 10103, 'context': 1, 'bonus_lists': [6654, 1693], 'modifiers': [{'type': 9, 'value': 30}, {'type': 28, 'value': 216}]}"
1199860072,VERY_LONG,,1,12119300,11998100,"{'id': 15436, 'context': 0, 'bonus_lists': [6654, 1679], 'modifiers': [{'type': 9, 'value': 24}, {'type': 28, 'value': 36}]}"
1199860075,VERY_LONG,,1,28473500,28188800,"{'id': 14314, 'context': 0, 'bonus_lists': [6654, 1694], 'modifiers': [{'type': 9, 'value': 24}, {'type': 28, 'value': 36}]}"
1199860079,VERY_LONG,,1,21424300,21210100,"{'id': 15170, 'context': 0, 'bonus_lists': [6654, 1707], 'modifiers': [{'type': 9, 'value': 24}, {'type': 28, 'value': 36}]}"
1199860080,VERY_LONG,,1,11938100,11818700,"{'id': 8293, 'context': 1, 'bonus_lists': [6654], 'modifiers': [{'type': 9, 'value': 30}, {'type': 28, 'value': 216}]}"
1199860081,VERY_LONG,,1,36487200,36122300,"{'id': 13139, 'context': 0, 'bonus_lists': [6659], 'modifiers': [{'type': 9, 'value': 24}, {'type': 28, 'value': 36}]}"
1199860083,VERY_LONG,68902600,1,,,{'id': 8244}
1199860084,VERY_LONG,,1,14816200,14668000,"{'id': 6399, 'context': 1, 'bonus_lists': [6654], 'modifiers': [{'type': 9, 'value': 30}, {'type': 28, 'value': 210}]}"
1199860086,VERY_LONG,,1,11676100,11559300,"{'id': 14333, 'context': 53, 'bonus_lists': [1691, 4277], 'modifiers': [{'type': 9, 'value': 24}]}"
1199860087,VERY_LONG,,1,30358500,30054900,"{'id': 15432, 'context': 0, 'bonus_lists': [6654, 1707], 'modifiers': [{'type': 9, 'value': 24}, {'type': 28, 'value': 36}]}"
1199860088,VERY_LONG,,1,4852500,4804000,"{'id': 15247, 'context': 0, 'bonus_lists': [6655, 1692], 'modifiers': [{'type': 9, 'value': 24}, {'type': 28, 'value': 36}]}"
1199860091,VERY_LONG,,1,19880000,18886000,"{'id': 15930, 'context': 1, 'bonus_lists': [6655], 'modifiers': [{'type': 9, 'value': 30}, {'type': 28, 'value': 216}]}"
1199860093,VERY_LONG,,1,46793800,46325900,"{'id': 15642, 'context': 0, 'bonus_lists': [6654, 1692], 'modifiers': [{'type': 9, 'value': 24}, {'type': 28, 'value': 36}]}"
1199860094,VERY_LONG,,1,22847900,22619400,"{'id': 15180, 'context': 0, 'bonus_lists': [6654, 1708], 'modifiers': [{'type': 9, 'value': 24}, {'type': 28, 'value': 36}]}"
1199860096,VERY_LONG,,1,25158900,,"{'id': 8264, 'context': 1, 'bonus_lists': [6654], 'modifiers': [{'type': 9, 'value': 30}, {'type': 28, 'value': 216}]}"
1199860098,VERY_LONG,,1,21914900,21695800,"{'id': 11996, 'context': 1, 'bonus_lists': [6654, 1706], 'modifiers': [{'type': 9, 'value': 30}, {'type': 28, 'value': 211}]}"
1199860100,VERY_LONG,,1,21444000,21229600,"{'id': 11978, 'context': 0, 'bonus_lists': [6654, 1692], 'modifiers': [{'type': 9, 'value': 24}, {'type': 28, 'value': 36}]}"
1199862101,VERY_LONG,,1,21819100,21600900,"{'id': 14303, 'context': 0, 'bonus_lists': [6654, 1695], 'modifiers': [{'type': 9, 'value': 24}, {'type': 28, 'value': 36}]}"
1199862102,VERY_LONG,,1,26508000,26242900,"{'id': 30735, 'context': 0}"
1199862104,VERY_LONG,1009600,1,,,{'id': 38772}
1199862113,VERY_LONG,1000000,6,,,{'id': 38781}
1199862137,VERY_LONG,30000,2,,,{'id': 109184}
1199862148,VERY_LONG,240800,12,,,{'id': 116981}
1199862163,VERY_LONG,,1,26987600,,"{'id': 159571, 'context': 0, 'bonus_lists': [4796, 41, 1704], 'modifiers': [{'type': 9, 'value': 48}]}"
1199862172,VERY_LONG,2648900,12,,,{'id': 133572}
1199862178,VERY_LONG,179800,8,,,{'id': 124442}
1199862189,VERY_LONG,104700,1,,,{'id': 33447}
1199862199,VERY_LONG,,1,450000,,"{'id': 3892, 'context': 14}"
1199862211,VERY_LONG,17500,3,,,{'id': 34057}
1199862214,VERY_LONG,,1,3331100,,"{'id': 141289, 'context': 0, 'bonus_lists': [1812], 'modifiers': [{'type': 9, 'value': 40}]}"
1199862226,VERY_LONG,,1,89999900,,"{'id': 87454, 'context': 0}"
1199862234,VERY_LONG,,1,1189100,,"{'id': 159540, 'context': 0, 'bonus_lists': [4796, 1704], 'modifiers': [{'type': 9, 'value': 50}]}"
1199862252,VERY_LONG,6744000,1,,,{'id': 58488}
1199862284,VERY_LONG,,1,2504500,,"{'id': 159493, 'context': 0, 'bonus_lists': [4796, 1677], 'modifiers': [{'type': 9, 'value': 47}]}"
1199862288,VERY_LONG,,1,1000000,,"{'id': 50451, 'context': 0}"
1199862294,VERY_LONG,,1,500000,,"{'id': 82244, 'context': 0, 'bonus_lists': [1713]}"
1199862302,VERY_LONG,635200,2,,,{'id': 43467}
1199862305,VERY_LONG,232700,1,,,{'id': 4625}
1199862309,VERY_LONG,335800,5,,,{'id': 36905}
1199862312,VERY_LONG,120000,13,,,{'id': 124436}
1199862316,VERY_LONG,119800,1,,,{'id': 71808}
1199862323,VERY_LONG,3300,8,,,{'id': 10286}
1199862324,VERY_LONG,,1,2999969900,2969970200,"{'id': 18356, 'context': 0}"
1199862325,VERY_LONG,,1,3885097200,3690842300,"{'id': 38089, 'context': 0}"
1199862327,VERY_LONG,,1,399031400,395041100,"{'id': 28280, 'context': 22, 'modifiers': [{'type': 28, 'value': 1066}]}"
1199862329,VERY_LONG,,1,1353959600,1286261600,"{'id': 44703, 'context': 0}"
1199862330,VERY_LONG,,1,9028219700,8576808700,"{'id': 49, 'context': 0}"
1199862331,VERY_LONG,,1,9028219700,8576808700,"{'id': 49, 'context': 0}"
1199862333,VERY_LONG,,1,9028219700,8576808700,"{'id': 49, 'context': 0}"
1199862335,VERY_LONG,,1,9028219700,8576808700,"{'id': 49, 'context': 0}"
1199862337,VERY_LONG,,1,164801400,163153400,"{'id': 82800, 'context': 0, 'modifiers': [{'type': 6, 'value': 6192}], 'pet_breed_id': 3, 'pet_level': 1, 'pet_quality_id': 3, 'pet_species_id': 49}"
1199862341,VERY_LONG,,1,1801109900,1711054400,"{'id': 3229, 'context': 0}"
1199862343,VERY_LONG,,1,56138100,,"{'id': 14816, 'context': 0}"
1199862346,VERY_LONG,,1,191725700,182139400,"{'id': 10581, 'context': 1}"
1199862347,VERY_LONG,,1,79801700,79003700,"{'id': 118335, 'context': 0}"
1199862348,VERY_LONG,115300,99,,,{'id': 108335}
1199862351,VERY_LONG,,1,79801700,79003700,"{'id': 118335, 'context': 0}"
1199862354,VERY_LONG,,1,69994000,69294100,"{'id': 82800, 'context': 0, 'modifiers': [{'type': 6, 'value': 46810}], 'pet_breed_id': 3, 'pet_level': 1, 'pet_quality_id': 3, 'pet_species_id': 1125}"
1199862355,VERY_LONG,,1,5367425100,5313750800,"{'id': 11108, 'context': 0}"
1199862357,VERY_LONG,,1,537098700,510243800,"{'id': 98614, 'context': 0}"
1199862359,VERY_LONG,,1,913357900,867690000,"{'id': 43611, 'context': 0}"
1199862362,VERY_LONG,,1,484813700,460573000,"{'id': 78212, 'context': 14}"
1199862365,VERY_LONG,,1,981845100,932752800,"{'id': 14970, 'context': 0, 'bonus_lists': [1680]}"
1199862367,VERY_LONG,,1,981845100,932752800,"{'id': 14970, 'context': 0, 'bonus_lists': [1691]}"
1199862371,VERY_LONG,,1,981845100,932752800,"{'id': 14970, 'context': 0, 'bonus_lists': [1693]}"
1199862372,VERY_LONG,,1,981845100,932752800,"{'id': 14970, 'context': 0, 'bonus_lists': [1694]}"
1199862375,VERY_LONG,,1,981845100,932752800,"{'id': 14970, 'context': 0, 'bonus_lists': [1709]}"
1199862377,VERY_LONG,,1,1343153900,1275996200,"{'id': 4447, 'context': 0}"
1199862378,VERY_LONG,,1,12844400,12202200,"{'id': 14809, 'context': 0}"
1199862380,VERY_LONG,,1,230826600,219285300,"{'id': 10571, 'context': 1}"
1199862381,VERY_LONG,,1,35670400,33886900,"{'id': 15988, 'context': 0, 'bonus_lists': [1705]}"
1199862382,VERY_LONG,,1,407778100,403700300,"{'id': 52253, 'context': 11}"
1199862385,VERY_LONG,,1,1816273500,1798110800,"{'id': 52200, 'context': 11}"
1199862386,VERY_LONG,,1,4398556100,4178628300,"{'id': 10403, 'context': 0}"
1199862388,VERY_LONG,,1,2568328400,2439912000,"{'id': 4444, 'context': 0}"
1199862389,VERY_LONG,,1,1474268100,1400554700,"{'id': 94592, 'context': 0}"
1199862392,VERY_LONG,49500,17,,,{'id': 34054}
1199862393,VERY_LONG,,1,200709100,190673600,"{'id': 944, 'context': 0}"
1199862394,VERY_LONG,,1,6490238200,6425335800,"{'id': 18665, 'context': 0}"
1199862395,VERY_LONG,,1,4103108000,3897952600,"{'id': 82800, 'context': 0, 'modifiers': [{'type': 6, 'value': 16943}], 'pet_breed_id': 3, 'pet_level': 5, 'pet_quality_id': 3, 'pet_species_id': 130}"
1199862396,VERY_LONG,,1,5618086100,5337181800,"{'id': 82800, 'context': 0, 'modifiers': [{'type': 6, 'value': 16943}], 'pet_breed_id': 3, 'pet_level': 1, 'pet_quality_id': 3, 'pet_species_id': 130}"
1199862397,VERY_LONG,50000,2,,,{'id': 108324}
1199862398,VERY_LONG,,1,5618086100,5337181800,"{'id': 82800, 'context': 0, 'modifiers': [{'type': 6, 'value': 16943}], 'pet_breed_id': 3, 'pet_level': 1, 'pet_quality_id': 3, 'pet_species_id': 130}"
1199862400,VERY_LONG,,1,2843658300,2701475400,"{'id': 3072, 'context': 0}"
1199862401,VERY_LONG,,1,5788354500,5730471000,"{'id': 40110, 'context': 0}"
1199862404,VERY_LONG,,1,4490535600,4266008800,"{'id': 118874, 'context': 0}"
1199862405,VERY_LONG,,1,4490535600,4266008800,"{'id': 118874, 'context': 29, 'bonus_lists': [3981], 'modifiers': [{'type': 9, 'value': 40}]}"
1199862407,VERY_LONG,,1,4500000000,4275000000,"{'id': 82800, 'context': 0, 'modifiers': [{'type': 6, 'value': 22903}], 'pet_breed_id': 15, 'pet_level': 25, 'pet_quality_id': 3, 'pet_species_id': 168}"
1199862409,VERY_LONG,,1,1477969600,1404071100,"{'id': 9424, 'context': 1}"
1199862412,VERY_LONG,,1,143836500,136644700,"{'id': 2264, 'context': 1}"
1199862413,VERY_LONG,,1,949926600,902430300,"{'id': 10633, 'context': 0}"
1199862414,VERY_LONG,,1,1701444600,1616372400,"{'id': 10625, 'context': 1, 'bonus_lists': [6710], 'modifiers': [{'type': 9, 'value': 30}, {'type': 28, 'value': 216}]}"
1199862416,VERY_LONG,,1,581044200,551992000,"{'id': 78258, 'context': 14}"
1199862417,VERY_LONG,,1,581044200,551992000,"{'id': 78258, 'context': 14}"
1199862418,VERY_LONG,,1,653762300,647224700,"{'id': 10398, 'context': 11}"
1199862420,VERY_LONG,,1,653762300,647224700,"{'id': 10398, 'context': 11}"
1199862422,VERY_LONG,,1,71582600,,"{'id': 15967, 'context': 0}"
1199862423,VERY_LONG,,1,71582600,,"{'id': 15967, 'context': 0}"
1199862425,VERY_LONG,,1,299990000,296990100,"{'id': 1973, 'context': 0}"
1199862426,VERY_LONG,,1,906781500,861442400,"{'id': 1935, 'context': 1}"
1199862427,VERY_LONG,,1,906781500,861442400,"{'id': 1935, 'context': 1}"
1199862429,VERY_LONG,10000,1,,,{'id': 109222}
1199862431,VERY_LONG,,1,1519357600,1443389700,"{'id': 10333, 'context': 0}"
1199862432,VERY_LONG,,1,613162200,,"{'id': 31331, 'context': 0}"
1199862434,VERY_LONG,,1,2875441500,2731669400,"{'id': 5183, 'context': 0}"
1199862435,VERY_LONG,,1,1383391000,1314221500,"{'id': 16736, 'context': 0}"
1199862439,VERY_LONG,,1,587816800,,"{'id': 87458, 'context': 0}"
1199862441,VERY_LONG,,1,314719300,311572100,"{'id': 52201, 'context': 11}"
1199862442,VERY_LONG,,1,314719300,311572100,"{'id': 52201, 'context': 11}"
1199862443,VERY_LONG,,1,314719300,311572100,"{'id': 52201, 'context': 11}"
1199862445,VERY_LONG,,1,549117200,521661300,"{'id': 17050, 'context': 11}"
1199862446,VERY_LONG,,1,2476492500,2352667900,"{'id': 16702, 'context': 0}"
1199862448,VERY_LONG,,1,3318857800,3152914900,"{'id': 82800, 'context': 0, 'modifiers': [{'type': 6, 'value': 30157}], 'pet_breed_id': 12, 'pet_level': 1, 'pet_quality_id': 3, 'pet_species_id': 241}"
1199862449,VERY_LONG,,1,3318857800,3152914900,"{'id': 82800, 'context': 0, 'modifiers': [{'type': 6, 'value': 30157}], 'pet_breed_id': 12, 'pet_level': 1, 'pet_quality_id': 3, 'pet_species_id': 241}"
1199862451,VERY_LONG,,1,72943100,,"{'id': 10578, 'context': 1}"
1199862455,VERY_LONG,,1,72943100,,"{'id': 10578, 'context': 1}"
1199862457,VERY_LONG,,1,72943100,,"{'id': 10578, 'context': 1}"
1199862458,VERY_LONG,,1,72943100,,"{'id': 10578, 'context': 1}"
1199862460,VERY_LONG,,1,3824701700,3633466600,"{'id': 5111, 'context': 0}"
1199862461,VERY_LONG,,1,3824701700,3633466600,"{'id': 5111, 'context': 0}"
1199862462,VERY_LONG,,1,3824701700,3633466600,"{'id': 5111, 'context': 0}"
1199862463,VERY_LONG,,1,3406200,3235900,"{'id': 15281, 'context': 0, 'bonus_lists': [1709]}"
1199862466,VERY_LONG,,1,806579900,766250900,"{'id': 23909, 'context': 0}"
1199862467,VERY_LONG,,1,251280900,238716900,"{'id': 10583, 'context': 1}"
1199862468,VERY_LONG,,1,2452478900,2329855000,"{'id': 2016, 'context': 0}"
1199862469,VERY_LONG,,1,1215473100,1154699400,"{'id': 9382, 'context': 0}"
1199862471,VERY_LONG,,1,535271200,508507600,"{'id': 12282, 'context': 0}"
1199862474,VERY_LONG,,1,362973400,344824700,"{'id': 10629, 'context': 1}"
1199862476,VERY_LONG,,1,11856500,11737900,"{'id': 82800, 'context': 0, 'modifiers': [{'type': 6, 'value': 48664}], 'pet_breed_id': 8, 'pet_level': 1, 'pet_quality_id': 3, 'pet_species_id': 1233}"
1199862477,VERY_LONG,,1,229249600,,"{'id': 118798, 'context': 0}"
1199862478,VERY_LONG,,1,540759400,513721400,"{'id': 78200, 'context': 14}"
1199862485,VERY_LONG,600,20,,,{'id': 171840}
1199862509,VERY_LONG,88400,77,,,{'id': 171828}
1199862555,VERY_LONG,121000,33,,,{'id': 169701}
1199862565,VERY_LONG,,1,3542200,,"{'id': 25043, 'context': 0, 'bonus_lists': [1694]}"
1199862575,VERY_LONG,181300,2,,,{'id': 89112}
1199862581,VERY_LONG,,1,25104700,,"{'id': 159809, 'context': 0, 'bonus_lists': [4796, 1698], 'modifiers': [{'type': 9, 'value': 50}]}"
1199862582,VERY_LONG,,1,2000000,,"{'id': 177789, 'context': 2, 'bonus_lists': [6907, 43, 1694], 'modifiers': [{'type': 9, 'value': 60}, {'type': 28, 'value': 748}]}"
1199862592,VERY_LONG,,1,993000,,"{'id': 177781, 'context': 2, 'bonus_lists': [6907, 6652, 1681], 'modifiers': [{'type': 9, 'value': 60}, {'type': 28, 'value': 748}]}"
1199862614,VERY_LONG,,1,480000,,"{'id': 177785, 'context': 2, 'bonus_lists': [6907, 6652, 1679], 'modifiers': [{'type': 9, 'value': 60}, {'type': 28, 'value': 748}]}"
1199862624,VERY_LONG,,1,4467700,,"{'id': 36160, 'context': 0, 'bonus_lists': [1695]}"
1199862625,VERY_LONG,,1,2450000,,"{'id': 179334, 'context': 0, 'bonus_lists': [6908, 6652, 1688], 'modifiers': [{'type': 9, 'value': 60}, {'type': 28, 'value': 1707}]}"
1199862639,VERY_LONG,359400,21,,,{'id': 171832}
1199862646,VERY_LONG,,1,8716900,,"{'id': 82278, 'context': 0, 'bonus_lists': [1677]}"
1199862663,VERY_LONG,8499900,1,,,{'id': 181468}
1199862678,VERY_LONG,,1,25551800,,"{'id': 159490, 'context': 0, 'bonus_lists': [4796, 1711], 'modifiers': [{'type': 9, 'value': 50}]}"
1199862679,VERY_LONG,,1,500000,,"{'id': 177800, 'context': 0, 'bonus_lists': [6908, 6652, 1693], 'modifiers': [{'type': 9, 'value': 60}, {'type': 28, 'value': 2060}]}"
1199862702,VERY_LONG,167500,32,,,{'id': 171829}
1199862707,VERY_LONG,,1,5798500,,"{'id': 159802, 'context': 0, 'bonus_lists': [4796, 1700], 'modifiers': [{'type': 9, 'value': 48}]}"
1199862722,VERY_LONG,9900,1,,,{'id': 29740}
1199862735,VERY_LONG,,1,125000000,,"{'id': 182719, 'context': 28, 'bonus_lists': [6652, 1520, 5891, 6646]}"
1199862745,VERY_LONG,180800,4,,,{'id': 171831}
1199862756,VERY_LONG,,1,499900,,"{'id': 22539, 'context': 0}"
1199862763,VERY_LONG,539500,1,,,{'id': 171315}
1199862802,VERY_LONG,49500,9,,,{'id': 171841}
1199862822,VERY_LONG,1599500,9,,,{'id': 171833}
1199865645,VERY_LONG,,1,8679500,,"{'id': 36062, 'context': 0, 'bonus_lists': [1706]}"
1199865663,VERY_LONG,,1,4312500,,"{'id': 159523, 'context': 0, 'bonus_lists': [4796, 1709], 'modifiers': [{'type': 9, 'value': 48}]}"
1199865675,VERY_LONG,,1,4312500,,"{'id': 159523, 'context': 0, 'bonus_lists': [4796, 4802, 1701], 'modifiers': [{'type': 9, 'value': 47}]}"
1199865707,VERY_LONG,,1,4312500,,"{'id': 159523, 'context': 0, 'bonus_lists': [4796, 1697], 'modifiers': [{'type': 9, 'value': 48}]}"
1199865757,VERY_LONG,,1,69368500,,"{'id': 36157, 'context': 0, 'bonus_lists': [1679]}"
1199865941,VERY_LONG,,1,168389500,,"{'id': 37889, 'context': 0}"
1199865953,VERY_LONG,31800,128,,,{'id': 179315}
1199865983,VERY_LONG,12500000,1,,,{'id': 127849}
1199865994,VERY_LONG,12500000,1,,,{'id': 127849}
1199866007,VERY_LONG,,1,10753300,,"{'id': 36287, 'context': 0, 'bonus_lists': [1694]}"
1199866015,VERY_LONG,4249900,1,,,{'id': 36921}
1199866020,VERY_LONG,,1,3430000,,"{'id': 116634, 'context': 6, 'bonus_lists': [25]}"
1199866036,VERY_LONG,2599900,1,,,{'id': 76560}
1199866048,VERY_LONG,2599900,1,,,{'id': 76560}
1199866055,VERY_LONG,2599900,1,,,{'id': 76560}
1199866066,VERY_LONG,2599900,1,,,{'id': 76560}
1199866083,VERY_LONG,2599900,1,,,{'id': 76560}
1199867106,VERY_LONG,2599900,1,,,{'id': 76560}
1199867126,VERY_LONG,2599900,1,,,{'id': 76560}
1199867147,VERY_LONG,,1,1451500,,"{'id': 36148, 'context': 0, 'bonus_lists': [1708]}"
1199867169,VERY_LONG,2599900,1,,,{'id': 76560}
1199867207,VERY_LONG,,1,3990000,,"{'id': 182561, 'context': 11, 'bonus_lists': [6706, 6652], 'modifiers': [{'type': 9, 'value': 60}, {'type': 28, 'value': 1324}]}"
1199867303,VERY_LONG,2599900,1,,,{'id': 76560}
1199867316,VERY_LONG,2599900,1,,,{'id': 76560}
1199867333,VERY_LONG,2599900,2,,,{'id': 76560}
1199867359,VERY_LONG,2599900,2,,,{'id': 76560}
1199867380,VERY_LONG,2599900,2,,,{'id': 76560}
1199867398,VERY_LONG,2599900,2,,,{'id': 76560}
1199867433,VERY_LONG,,1,1000000,,"{'id': 16802, 'context': 0}"
1199867503,VERY_LONG,,1,49980000,,"{'id': 67124, 'context': 0}"
1199867558,VERY_LONG,7999900,2,,,{'id': 76562}
1199867624,VERY_LONG,7999900,2,,,{'id': 76562}
1199867640,VERY_LONG,7999900,2,,,{'id': 76562}
1199867651,VERY_LONG,7999900,2,,,{'id': 76562}
1199867674,VERY_LONG,46900,30,,,{'id': 152875}
1199867682,VERY_LONG,7999900,1,,,{'id': 76562}
1199867686,VERY_LONG,,1,2497400,,"{'id': 6622, 'context': 0}"
1199867702,VERY_LONG,7999900,1,,,{'id': 76562}
1199867716,VERY_LONG,13900,143,,,{'id': 152508}
1199867720,VERY_LONG,7999900,1,,,{'id': 76562}
1199867728,VERY_LONG,7999900,1,,,{'id': 76562}
1199867733,VERY_LONG,7999900,1,,,{'id': 76562}
1199867747,VERY_LONG,7999900,1,,,{'id': 76562}
1199867761,VERY_LONG,7999900,1,,,{'id': 76562}
1199867766,VERY_LONG,7999900,1,,,{'id': 76562}
1199867780,VERY_LONG,7999900,1,,,{'id': 76562}
1199867781,VERY_LONG,,1,5003100,,"{'id': 71006, 'context': 3}"
1199867783,VERY_LONG,180000,20,,,{'id': 154884}
1199867787,VERY_LONG,7999900,1,,,{'id': 76562}
1199867794,VERY_LONG,,1,2185000,,"{'id': 71637, 'context': 0}"
1199867818,VERY_LONG,,1,2185000,,"{'id': 71637, 'context': 0}"
1199867828,VERY_LONG,3930000000,13,,,{'id': 136633}
1199867830,VERY_LONG,5500,84,,,{'id': 152509}
1199867840,VERY_LONG,,1,849600,,"{'id': 159543, 'context': 0, 'bonus_lists': [4796, 1715], 'modifiers': [{'type': 9, 'value': 50}]}"
1199867853,VERY_LONG,4600,34,,,{'id': 152506}
1199867857,VERY_LONG,,1,742500,,"{'id': 50453, 'context': 0}"
1199867880,VERY_LONG,,1,399500,,"{'id': 86283, 'context': 0}"
1199867884,VERY_LONG,4300,1,,,{'id': 173043}
1199867918,VERY_LONG,,1,1634000,,"{'id': 82800, 'context': 0, 'pet_breed_id': 14, 'pet_level': 1, 'pet_quality_id': 3, 'pet_species_id': 1662}"
1199867922,VERY_LONG,,1,120000,,"{'id': 87216, 'context': 11, 'bonus_lists': [6835], 'modifiers': [{'type': 28, 'value': 391}]}"
1199867947,VERY_LONG,90000,3,,,{'id': 114016}
1199867954,VERY_LONG,24800,31,,,{'id': 168185}
1199867962,VERY_LONG,8900,4,,,{'id': 167738}
1199867974,VERY_LONG,2900,1,,,{'id': 169333}
1199870124,VERY_LONG,4270000,1,,,{'id': 128543}
1199870161,VERY_LONG,4270000,1,,,{'id': 128543}
1199870165,VERY_LONG,4270000,1,,,{'id': 128543}
1199870204,VERY_LONG,,1,9890100,,"{'id': 153123, 'context': 0}"
1199870215,VERY_LONG,109700,2,,,{'id': 52720}
1199870250,VERY_LONG,,1,653762300,,"{'id': 10398, 'context': 0}"
1199870303,VERY_LONG,,1,9195400,,"{'id': 10267, 'context': 0, 'bonus_lists': [1707]}"
1199870395,VERY_LONG,,1,70800000,,"{'id': 23154, 'context': 0}"
1199870557,VERY_LONG,,1,2500000,,"{'id': 71715, 'context': 0}"
1199870617,VERY_LONG,,1,2500000,,"{'id': 71715, 'context': 0}"
1199870643,VERY_LONG,998300,1,,,{'id': 31896}
1199870660,VERY_LONG,,1,499900,,"{'id': 22539, 'context': 0}"
1199870941,VERY_LONG,539500,2,,,{'id': 171315}
1199870990,VERY_LONG,,1,2725400,,"{'id': 184479, 'context': 0}"
1199870994,VERY_LONG,,1,2725400,,"{'id': 184479, 'context': 0}"
1199870996,VERY_LONG,,1,2725400,,"{'id': 184479, 'context': 0}"
1199870997,VERY_LONG,,1,2725400,,"{'id': 184479, 'context': 0}"
1199871000,VERY_LONG,,1,2725400,,"{'id': 184479, 'context': 0}"
1199871003,VERY_LONG,,1,2725400,,"{'id': 184479, 'context': 0}"
1199871006,VERY_LONG,,1,2725400,,"{'id': 184479, 'context': 0}"
1199871009,VERY_LONG,,1,2725400,,"{'id': 184479, 'context': 0}"
1199871012,VERY_LONG,,1,2725400,,"{'id': 184479, 'context': 0}"
1199871015,VERY_LONG,,1,2725400,,"{'id': 184479, 'context': 0}"
1199871017,VERY_LONG,,1,2725400,,"{'id': 184479, 'context': 0}"
1199871019,VERY_LONG,,1,2725400,,"{'id': 184479, 'context': 0}"
1199871023,VERY_LONG,,1,2725400,,"{'id': 184479, 'context': 0}"
1199871026,VERY_LONG,,1,2725400,,"{'id': 184479, 'context': 0}"
1199871029,VERY_LONG,,1,2725400,,"{'id': 184479, 'context': 0}"
1199871032,VERY_LONG,,1,2725400,,"{'id': 184479, 'context': 0}"
1199871034,VERY_LONG,,1,2725400,,"{'id': 184479, 'context': 0}"
1199873914,VERY_LONG,,1,1040000000,,"{'id': 172325, 'context': 66, 'bonus_lists': [6758, 7194, 1532]}"
1199875211,VERY_LONG,88300,12,,,{'id': 171828}
1199875217,VERY_LONG,390000,5,,,{'id': 141446}
1199875219,VERY_LONG,600,12,,,{'id': 171840}
1199875235,VERY_LONG,45000,2,,,{'id': 152550}
1199875246,VERY_LONG,,1,1000000000,,"{'id': 82800, 'context': 0, 'modifiers': [{'type': 6, 'value': 99856}], 'pet_breed_id': 6, 'pet_level': 25, 'pet_quality_id': 3, 'pet_species_id': 2946}"
1199875283,VERY_LONG,,1,2348000,,"{'id': 55457, 'context': 0, 'bonus_lists': [1699]}"
1199875299,VERY_LONG,5000,6,,,{'id': 152503}
1199875348,VERY_LONG,,1,3106400,,"{'id': 25298, 'context': 1, 'bonus_lists': [1693]}"
1199875351,VERY_LONG,,1,990000,,"{'id': 176980, 'context': 0, 'bonus_lists': [6907, 6652, 1706], 'modifiers': [{'type': 9, 'value': 60}, {'type': 28, 'value': 1707}]}"
1199875381,VERY_LONG,,1,13406500,,"{'id': 15240, 'context': 0, 'bonus_lists': [1695]}"
1199875389,VERY_LONG,,1,1000000000,,"{'id': 82800, 'context': 0, 'modifiers': [{'type': 6, 'value': 95584}], 'pet_breed_id': 11, 'pet_level': 25, 'pet_quality_id': 3, 'pet_species_id': 2942}"
1199875440,VERY_LONG,,1,480000,,"{'id': 177785, 'context': 0, 'bonus_lists': [6907, 6652, 1711], 'modifiers': [{'type': 9, 'value': 60}, {'type': 28, 'value': 1707}]}"
1199875472,VERY_LONG,,1,1000000,,"{'id': 177808, 'context': 0, 'bonus_lists': [6908, 6652, 1715], 'modifiers': [{'type': 9, 'value': 60}, {'type': 28, 'value': 1707}]}"
1199875497,VERY_LONG,,1,902200,,"{'id': 178947, 'context': 0, 'bonus_lists': [6908, 6652, 1708], 'modifiers': [{'type': 9, 'value': 60}, {'type': 28, 'value': 1707}]}"
1199875502,VERY_LONG,180800,1,,,{'id': 171831}
1199875529,VERY_LONG,167500,1,,,{'id': 171829}
1199875554,VERY_LONG,,1,13000000,,"{'id': 177816, 'context': 0, 'bonus_lists': [6907, 6652, 1676], 'modifiers': [{'type': 9, 'value': 60}, {'type': 28, 'value': 2060}]}"
1199875590,VERY_LONG,,1,150001700,,"{'id': 8350, 'context': 0}"
1199875616,VERY_LONG,,1,5500000,,"{'id': 177779, 'context': 0, 'bonus_lists': [6907, 6652, 7194, 1693], 'modifiers': [{'type': 9, 'value': 60}, {'type': 28, 'value': 2060}]}"
1199875638,VERY_LONG,,1,1200000,,"{'id': 177806, 'context': 5, 'bonus_lists': [6908, 6652, 1708], 'modifiers': [{'type': 9, 'value': 60}, {'type': 28, 'value': 752}]}"
1199877120,VERY_LONG,1599500,25,,,{'id': 171833}
1199877138,VERY_LONG,,1,740000,,"{'id': 178946, 'context': 0, 'bonus_lists': [6908, 6652, 1676], 'modifiers': [{'type': 9, 'value': 60}, {'type': 28, 'value': 1707}]}"
1199877278,VERY_LONG,,1,24500000,,"{'id': 177815, 'context': 23, 'bonus_lists': [6907, 6652, 7194, 1765], 'modifiers': [{'type': 9, 'value': 60}, {'type': 28, 'value': 749}]}"
1199877287,VERY_LONG,88300,50,,,{'id': 171828}
1199877294,VERY_LONG,148800,16,,,{'id': 153487}
1199877305,VERY_LONG,600,9,,,{'id': 171840}
1199877324,VERY_LONG,475500,5,,,{'id': 172053}
1199877348,VERY_LONG,345800,1,,,{'id': 175053}
1199877361,VERY_LONG,49500,9,,,{'id': 171841}
1199877364,VERY_LONG,,1,490000,,"{'id': 178950, 'context': 1, 'bonus_lists': [6908, 6652, 1702], 'modifiers': [{'type': 9, 'value': 60}, {'type': 28, 'value': 2044}]}"
1199877377,VERY_LONG,6500,4,,,{'id': 172057}
1199877388,VERY_LONG,,1,18764200,,"{'id': 21802, 'context': 0}"
1199877395,VERY_LONG,,1,25009500,,"{'id': 82800, 'context': 0, 'modifiers': [{'type': 6, 'value': 48001}], 'pet_breed_id': 13, 'pet_level': 1, 'pet_quality_id': 3, 'pet_species_id': 1202}"
1199877407,VERY_LONG,,1,990000,,"{'id': 176980, 'context': 1, 'bonus_lists': [6907, 6652, 1687], 'modifiers': [{'type': 9, 'value': 60}, {'type': 28, 'value': 2044}]}"
1199877413,VERY_LONG,9500,7,,,{'id': 180430}
1199877448,VERY_LONG,,1,600000,,"{'id': 16220, 'context': 1}"
1199877462,VERY_LONG,1950000,2,,,{'id': 171428}
1199877489,VERY_LONG,,1,5277200,,"{'id': 55431, 'context': 0, 'bonus_lists': [1712]}"
1199877509,VERY_LONG,2189400,1,,,{'id': 74701}
1199877530,VERY_LONG,13900,66,,,{'id': 152508}
1199877536,VERY_LONG,,1,504100,,"{'id': 82246, 'context': 6, 'bonus_lists': [1712]}"
1199877566,VERY_LONG,,1,759500,,"{'id': 55745, 'context': 0, 'bonus_lists': [1678]}"
1199877585,VERY_LONG,7400,7,,,{'id': 173032}
1199877592,VERY_LONG,,1,34560800,,"{'id': 14170, 'context': 1}"
1199877603,VERY_LONG,379900,5,,,{'id': 173033}
1199877609,VERY_LONG,4503700,7,,,{'id': 52687}
1199877634,VERY_LONG,89800,16,,,{'id': 174351}
1199877706,VERY_LONG,31800,11,,,{'id': 179315}
1199877714,VERY_LONG,,1,147999900,,"{'id': 82800, 'context': 0, 'pet_breed_id': 9, 'pet_level': 1, 'pet_quality_id': 3, 'pet_species_id': 165}"
1199877768,VERY_LONG,475500,12,,,{'id': 172053}
1199877781,VERY_LONG,230100,10,,,{'id': 161153}
1199877836,VERY_LONG,76900,5,,,{'id': 173110}
1199877868,VERY_LONG,8798300,2,,,{'id': 52761}
1199877885,VERY_LONG,1499000,5,,,{'id': 52750}
1199877893,VERY_LONG,72000,3,,,{'id': 173126}
1199877904,VERY_LONG,140000,12,,,{'id': 173130}
1199877926,VERY_LONG,90000,3,,,{'id': 173124}
1199877951,VERY_LONG,501500,3,,,{'id': 136637}
1199877952,VERY_LONG,88300,91,,,{'id': 171828}
1199877968,VERY_LONG,600,135,,,{'id': 171840}
1199877975,VERY_LONG,1950000,10,,,{'id': 171428}
1199877978,VERY_LONG,1599500,14,,,{'id': 171833}
1199877981,VERY_LONG,19998700,1,,,{'id': 38986}
1199877982,VERY_LONG,1756500,8,,,{'id': 173173}
1199877990,VERY_LONG,,1,2368400,,"{'id': 154842, 'context': 0, 'bonus_lists': [4796, 1712], 'modifiers': [{'type': 9, 'value': 46}]}"
1199877995,VERY_LONG,90000,1,,,{'id': 158201}
1199878016,VERY_LONG,1499300,2,,,{'id': 127840}
1199878026,VERY_LONG,,1,5002700,,"{'id': 177772, 'context': 23, 'bonus_lists': [6907, 6652, 7193, 1679], 'modifiers': [{'type': 9, 'value': 60}, {'type': 28, 'value': 749}]}"
1199878038,VERY_LONG,9863200,2,,,{'id': 168653}
1199878046,VERY_LONG,5700000,2,,,{'id': 177962}
1199878053,VERY_LONG,3135500,1,,,{'id': 172419}
1199878055,VERY_LONG,8399900,1,,,{'id': 173160}
1199878061,VERY_LONG,1417900,6,,,{'id': 172363}
1199878067,VERY_LONG,2400000,2,,,{'id': 183738}
1199878070,VERY_LONG,33600,18,,,{'id': 168310}
1199878082,VERY_LONG,6500,3,,,{'id': 152495}
1199878086,VERY_LONG,999300,4,,,{'id': 177715}
1199878098,VERY_LONG,3919500,1,,,{'id': 172415}
1199878099,VERY_LONG,,1,6994800,,"{'id': 177793, 'context': 0, 'bonus_lists': [6907, 6652, 1716], 'modifiers': [{'type': 9, 'value': 60}, {'type': 28, 'value': 1707}]}"
1199879109,VERY_LONG,319800,2,,,{'id': 172413}
1199879118,VERY_LONG,,1,3159300,,"{'id': 176992, 'context': 0, 'bonus_lists': [6907, 6652, 7193, 1679], 'modifiers': [{'type': 9, 'value': 56}, {'type': 28, 'value': 1707}]}"
1199879131,VERY_LONG,90000,2,,,{'id': 114016}
1199879133,VERY_LONG,600000,3,,,{'id': 172414}
1199879144,VERY_LONG,839800,5,,,{'id': 172407}
1199879159,VERY_LONG,58600,14,,,{'id': 177660}
1199879184,VERY_LONG,,1,15000000,,"{'id': 177796, 'context': 2, 'bonus_lists': [6907, 6652, 1687], 'modifiers': [{'type': 9, 'value': 60}, {'type': 28, 'value': 748}]}"
1199879240,VERY_LONG,4350100,1,,,{'id': 2596}
1199879256,VERY_LONG,181300,5,,,{'id': 89112}
1199879279,VERY_LONG,16500,18,,,{'id': 177061}
1199879286,VERY_LONG,89800,1,,,{'id': 136638}
1199879292,VERY_LONG,167500,7,,,{'id': 171829}
1199879301,VERY_LONG,49500,48,,,{'id': 171841}
1199879312,VERY_LONG,600,124,,,{'id': 171840}
1199879331,VERY_LONG,180800,10,,,{'id': 171831}
1199879342,VERY_LONG,359400,44,,,{'id': 171832}
1199879345,VERY_LONG,,1,108600,,"{'id': 171208, 'context': 0}"
1199879606,VERY_LONG,475500,3,,,{'id': 172053}
1199879637,VERY_LONG,31800,7,,,{'id': 179315}
1199879796,VERY_LONG,,1,500000,,"{'id': 11027, 'context': 14, 'modifiers': [{'type': 28, 'value': 1723}]}"
1199879801,VERY_LONG,59900,1,,,{'id': 124113}
1199879815,VERY_LONG,,1,503800,,"{'id': 11026, 'context': 14, 'modifiers': [{'type': 28, 'value': 1723}]}"
1199879830,VERY_LONG,186300,2,,,{'id': 172934}
1199879850,VERY_LONG,54900,3,,,{'id': 172451}
1199879872,VERY_LONG,45000,2,,,{'id': 152550}
1199879917,VERY_LONG,539500,77,,,{'id': 171315}
1199879919,VERY_LONG,30000,64,,,{'id': 154884}
1199879973,VERY_LONG,37400,40,,,{'id': 133573}
1199879991,VERY_LONG,53900,6,,,{'id': 168639}
1199880003,VERY_LONG,570000,42,,,{'id': 173204}
1199880009,VERY_LONG,180800,2,,,{'id': 171831}
1199880011,VERY_LONG,,1,56348100,,"{'id': 87451, 'context': 0}"
1199880015,VERY_LONG,1599500,1,,,{'id': 171833}
1199880025,VERY_LONG,10000,11,,,{'id': 152545}
1199880027,VERY_LONG,88300,8,,,{'id': 171828}
1199880091,VERY_LONG,2000000,6,,,{'id': 122344}
1199882164,VERY_LONG,31900,30,,,{'id': 133569}
1199882219,VERY_LONG,40000,40,,,{'id': 133570}
1199882230,VERY_LONG,4999900,1,,,{'id': 41594}
1199882240,VERY_LONG,19100,26,,,{'id': 168311}
1199882249,VERY_LONG,3509900,70,,,{'id': 168189}
1199882261,VERY_LONG,,1,30000000,,"{'id': 87496, 'context': 0}"
1199882269,VERY_LONG,159900,40,,,{'id': 168191}
1199882277,VERY_LONG,5249900,1,,,{'id': 52340}
1199882315,VERY_LONG,40000,2,,,{'id': 133565}
1199882331,VERY_LONG,,1,42077600,,"{'id': 86183, 'context': 0}"
1199882342,VERY_LONG,10000,5,,,{'id': 152544}
1199882391,VERY_LONG,50000,20,,,{'id': 133574}
1199882433,VERY_LONG,30000,37,,,{'id': 127836}
1199882531,VERY_LONG,,1,8197900,,"{'id': 82272, 'context': 0, 'bonus_lists': [1687]}"
1199882562,VERY_LONG,,1,499900,,"{'id': 87410, 'context': 0}"
1199882598,VERY_LONG,,1,90000,,"{'id': 87409, 'context': 0}"
1199882601,VERY_LONG,,1,90000,,"{'id': 87409, 'context': 0}"
1199882627,VERY_LONG,,1,112600,,"{'id': 86381, 'context': 0}"
1199882629,VERY_LONG,,1,112600,,"{'id': 86381, 'context': 0}"
1199882683,VERY_LONG,48900,40,,,{'id': 133572}
1199882705,VERY_LONG,,1,11737500,,"{'id': 17706, 'context': 11}"
1199882732,VERY_LONG,47500,38,,,{'id': 133567}
1199882753,VERY_LONG,200000,3,,,{'id': 153430}
1199882768,VERY_LONG,,1,499900,,"{'id': 86382, 'context': 0}"
1199882769,VERY_LONG,,1,499900,,"{'id': 86382, 'context': 0}"
1199882782,VERY_LONG,,1,2504800,,"{'id': 47625, 'context': 0}"
1199882786,VERY_LONG,,1,499900,,"{'id': 45099, 'context': 3}"
1199882817,VERY_LONG,12500000,4,,,{'id': 127849}
1199882845,VERY_LONG,,1,1230100,,"{'id': 86380, 'context': 0}"
1199882893,VERY_LONG,,1,6579600,,"{'id': 87517, 'context': 0}"
1199884113,VERY_LONG,,1,5000000,,"{'id': 86847, 'context': 0}"
1199884116,VERY_LONG,,1,5000000,,"{'id': 86847, 'context': 0}"
1199884119,VERY_LONG,,1,5000000,,"{'id': 86847, 'context': 0}"
1199884121,VERY_LONG,,1,5000000,,"{'id': 86847, 'context': 0}"
1199884122,VERY_LONG,,1,5000000,,"{'id': 86847, 'context': 0}"
1199884124,VERY_LONG,,1,5000000,,"{'id': 86847, 'context': 0}"
1199884126,VERY_LONG,,1,5000000,,"{'id': 86847, 'context': 0, 'modifiers': [{'type': 28, 'value': 60}]}"
1199884231,VERY_LONG,,1,999900,,"{'id': 71350, 'context': 0}"
1199884234,VERY_LONG,,1,999900,,"{'id': 71350, 'context': 0}"
1199884236,VERY_LONG,,1,999900,,"{'id': 71350, 'context': 0}"
1199884237,VERY_LONG,,1,999900,,"{'id': 71350, 'context': 0}"
1199884366,VERY_LONG,,1,100000000,,"{'id': 171413, 'context': 63, 'bonus_lists': [6716, 1487]}"
1199884367,VERY_LONG,,1,100000000,,"{'id': 171413, 'context': 63, 'bonus_lists': [6716, 1487]}"
1199884369,VERY_LONG,,1,100000000,,"{'id': 171413, 'context': 63, 'bonus_lists': [6716, 1487]}"
1199884372,VERY_LONG,,1,100000000,,"{'id': 171413, 'context': 63, 'bonus_lists': [6716, 1487]}"
1199884376,VERY_LONG,,1,100000000,,"{'id': 171413, 'context': 63, 'bonus_lists': [6716, 1487]}"
1199884377,VERY_LONG,,1,100000000,,"{'id': 171413, 'context': 63, 'bonus_lists': [6716, 1487]}"
1199884378,VERY_LONG,,1,100000000,,"{'id': 171413, 'context': 63, 'bonus_lists': [6716, 1487]}"
1199884379,VERY_LONG,,1,100000000,,"{'id': 171413, 'context': 63, 'bonus_lists': [6716, 1487]}"
1199884380,VERY_LONG,,1,100000000,,"{'id': 171413, 'context': 63, 'bonus_lists': [6716, 1487]}"
1199884381,VERY_LONG,,1,100000000,,"{'id': 171413, 'context': 63, 'bonus_lists': [6716, 1487]}"
1199884383,VERY_LONG,,1,100000000,,"{'id': 171413, 'context': 63, 'bonus_lists': [6716, 1487]}"
1199884384,VERY_LONG,,1,2500000,,"{'id': 37117, 'context': 1, 'bonus_lists': [4127], 'modifiers': [{'type': 9, 'value': 30}]}"
1199884385,VERY_LONG,,1,100000000,,"{'id': 171413, 'context': 63, 'bonus_lists': [6716, 1487]}"
1199884420,VERY_LONG,,1,2505400,,"{'id': 35640, 'context': 1, 'bonus_lists': [4115], 'modifiers': [{'type': 9, 'value': 30}]}"
1199884449,VERY_LONG,,1,8500000,,"{'id': 172319, 'context': 63, 'bonus_lists': [6716, 1487]}"
1199884450,VERY_LONG,,1,8500000,,"{'id': 172319, 'context': 63, 'bonus_lists': [6716, 1487]}"
1199884451,VERY_LONG,,1,8500000,,"{'id': 172319, 'context': 63, 'bonus_lists': [6716, 1487]}"
1199884454,VERY_LONG,,1,8500000,,"{'id': 172319, 'context': 63, 'bonus_lists': [6716, 1487]}"
1199884491,VERY_LONG,,1,5000000,,"{'id': 35593, 'context': 1, 'bonus_lists': [6710], 'modifiers': [{'type': 9, 'value': 30}, {'type': 28, 'value': 238}]}"
1199884492,VERY_LONG,,1,5000000,,"{'id': 35593, 'context': 1, 'bonus_lists': [6710], 'modifiers': [{'type': 9, 'value': 30}, {'type': 28, 'value': 238}]}"
1199884508,VERY_LONG,,1,1000000,,"{'id': 35579, 'context': 1, 'bonus_lists': [4139], 'modifiers': [{'type': 9, 'value': 30}]}"
1199884525,VERY_LONG,,1,2500000,,"{'id': 46009, 'context': 3}"
1199884526,VERY_LONG,,1,2500000,,"{'id': 46009, 'context': 3}"
1199884527,VERY_LONG,,1,2500000,,"{'id': 46009, 'context': 3, 'modifiers': [{'type': 28, 'value': 1020}]}"
1199884557,VERY_LONG,,1,2500000,,"{'id': 45680, 'context': 3}"
1199884559,VERY_LONG,,1,2500000,,"{'id': 45680, 'context': 3}"
1199884562,VERY_LONG,1462700,1,,,{'id': 172361}
1199884590,VERY_LONG,3919500,1,,,{'id': 172415}
1199884602,VERY_LONG,,1,2500000,,"{'id': 45316, 'context': 3}"
1199884604,VERY_LONG,,1,2500000,,"{'id': 45316, 'context': 3}"
1199884605,VERY_LONG,,1,2500000,,"{'id': 45316, 'context': 3}"
1199884607,VERY_LONG,,1,2500000,,"{'id': 45316, 'context': 3, 'modifiers': [{'type': 28, 'value': 1020}]}"
1199884640,VERY_LONG,5008200,3,,,{'id': 173049}
1199884644,VERY_LONG,,1,2500000,,"{'id': 45301, 'context': 3}"
1199884646,VERY_LONG,,1,2500000,,"{'id': 45301, 'context': 3}"
1199884647,VERY_LONG,,1,2500000,,"{'id': 45301, 'context': 3}"
1199884649,VERY_LONG,,1,2500000,,"{'id': 45301, 'context': 3}"
1199884650,VERY_LONG,,1,2500000,,"{'id': 45301, 'context': 3}"
1199884680,VERY_LONG,,1,2500000,,"{'id': 45291, 'context': 0}"
1199884681,VERY_LONG,,1,2500000,,"{'id': 45291, 'context': 3}"
1199884682,VERY_LONG,290000,6,,,{'id': 171286}
1199884683,VERY_LONG,,1,2500000,,"{'id': 45291, 'context': 3}"
1199884710,VERY_LONG,,1,2500000,,"{'id': 40282, 'context': 0}"
1199884712,VERY_LONG,,1,2500000,,"{'id': 40282, 'context': 0, 'modifiers': [{'type': 28, 'value': 1017}]}"
1199884741,VERY_LONG,,1,1000000,,"{'id': 37771, 'context': 0}"
1199884773,VERY_LONG,,1,131700,,"{'id': 16825, 'context': 0}"
1199884775,VERY_LONG,,1,131700,,"{'id': 16825, 'context': 0}"
1199884777,VERY_LONG,,1,131700,,"{'id': 16825, 'context': 0}"
1199884789,VERY_LONG,,1,1000000,,"{'id': 16819, 'context': 0}"
1199884797,VERY_LONG,3135500,2,,,{'id': 172419}
1199884815,VERY_LONG,,1,999900,,"{'id': 13107, 'context': 0}"
1199884829,VERY_LONG,,1,999900,,"{'id': 13120, 'context': 0}"
1199884832,VERY_LONG,,1,999900,,"{'id': 13120, 'context': 0}"
1199884836,VERY_LONG,,1,999900,,"{'id': 13120, 'context': 0}"
1199884837,VERY_LONG,,1,999900,,"{'id': 13120, 'context': 0}"
1199884838,VERY_LONG,,1,999900,,"{'id': 13120, 'context': 1}"
1199884839,VERY_LONG,,1,999900,,"{'id': 13120, 'context': 0}"
1199884861,VERY_LONG,999300,1,,,{'id': 177715}
1199884931,VERY_LONG,4900000,1,,,{'id': 172408}
1199885034,VERY_LONG,,1,999900,,"{'id': 55854, 'context': 22}"
1199885048,VERY_LONG,,1,999900,,"{'id': 66994, 'context': 28, 'bonus_lists': [4759], 'modifiers': [{'type': 9, 'value': 50}]}"
1199886185,VERY_LONG,2300000,1,,,{'id': 172362}
1199886930,VERY_LONG,20000000,1,,,{'id': 171264}
1199887008,VERY_LONG,199900,4,,,{'id': 180318}
1199889525,VERY_LONG,539500,27,,,{'id': 171315}
1199890043,VERY_LONG,570000,19,,,{'id': 173204}
1199892225,VERY_LONG,,1,44999900,,"{'id': 78340, 'context': 11, 'modifiers': [{'type': 28, 'value': 402}]}"
1199892226,VERY_LONG,,1,44999900,,"{'id': 78340, 'context': 11, 'modifiers': [{'type': 28, 'value': 402}]}"
1199892238,VERY_LONG,,1,11998800,,"{'id': 82800, 'context': 0, 'modifiers': [{'type': 6, 'value': 90867}], 'pet_breed_id': 16, 'pet_level': 1, 'pet_quality_id': 3, 'pet_species_id': 2586}"
1199892310,VERY_LONG,,1,2725400,,"{'id': 184479, 'context': 0}"
1199892325,VERY_LONG,,1,1000000,,"{'id': 173247, 'context': 63, 'bonus_lists': [6716, 1487]}"
1199892341,VERY_LONG,,1,8000000,,"{'id': 82800, 'context': 0, 'modifiers': [{'type': 6, 'value': 48056}], 'pet_breed_id': 5, 'pet_level': 1, 'pet_quality_id': 3, 'pet_species_id': 1212}"
1199892360,VERY_LONG,,1,33421300,,"{'id': 173214, 'context': 0, 'bonus_lists': [6893, 7185], 'modifiers': [{'type': 9, 'value': 60}, {'type': 28, 'value': 391}, {'type': 29, 'value': 49}, {'type': 30, 'value': 40}]}"
1199892363,VERY_LONG,,1,33421300,,"{'id': 173214, 'context': 0, 'bonus_lists': [6893, 7185], 'modifiers': [{'type': 9, 'value': 60}, {'type': 28, 'value': 391}, {'type': 29, 'value': 32}, {'type': 30, 'value': 40}]}"
1199892385,VERY_LONG,,1,29999900,,"{'id': 173220, 'context': 0, 'bonus_lists': [6893, 7185], 'modifiers': [{'type': 9, 'value': 60}, {'type': 28, 'value': 391}, {'type': 29, 'value': 49}, {'type': 30, 'value': 40}]}"
1199892585,VERY_LONG,999300,2,,,{'id': 177715}
1199892597,VERY_LONG,3919500,4,,,{'id': 172415}
1199897754,VERY_LONG,569800,6,,,{'id': 173204}
1199898071,VERY_LONG,,1,1000000,,"{'id': 179329, 'context': 3, 'bonus_lists': [6908, 6652, 1704], 'modifiers': [{'type': 9, 'value': 60}, {'type': 28, 'value': 751}]}"
1199899136,VERY_LONG,,1,650000000,,"{'id': 183035, 'context': 5, 'bonus_lists': [7188, 6652, 7193, 1485, 6646], 'modifiers': [{'type': 28, 'value': 752}]}"
1199899896,VERY_LONG,,1,8828000,4414000,"{'id': 52364, 'context': 0, 'modifiers': [{'type': 28, 'value': 53}]}"
1199899897,VERY_LONG,640000,4,,,{'id': 28100}
1199899899,VERY_LONG,4615900,8,,,{'id': 23781}
1199899900,VERY_LONG,3499900,1,,,{'id': 41801}
1199899903,VERY_LONG,,1,36000000,18000000,"{'id': 10644, 'context': 0, 'bonus_lists': [6839]}"
1199899904,VERY_LONG,13900,577,,,{'id': 152508}
1199899906,VERY_LONG,10000,20,,,{'id': 1468}
1199899907,VERY_LONG,720000,25,,,{'id': 6889}
1199899908,VERY_LONG,18900,269,,,{'id': 133576}
1199899909,VERY_LONG,360000,1,,,{'id': 76094}
1199899911,VERY_LONG,3999800,1,,,{'id': 127844}
1199899913,VERY_LONG,,1,153846600,76923300,"{'id': 31873, 'context': 0, 'modifiers': [{'type': 28, 'value': 41}]}"
1199899914,VERY_LONG,7249800,1,,,{'id': 8956}
1199899915,VERY_LONG,2300000,1,,,{'id': 3665}
1199899917,VERY_LONG,200000,10,,,{'id': 27681}
1199899919,VERY_LONG,43100,40,,,{'id': 154881}
1199899922,VERY_LONG,11250000,7,,,{'id': 23437}
1199899923,VERY_LONG,500000,29,,,{'id': 3928}
1199899924,VERY_LONG,6200,800,,,{'id': 168650}
1199899926,VERY_LONG,1844500,3,,,{'id': 36783}
1199899928,VERY_LONG,100000,3,,,{'id': 5635}
1199899929,VERY_LONG,,1,52500000,26250000,"{'id': 24211, 'context': 2}"
1199899930,VERY_LONG,,1,154365500,77182800,"{'id': 24169, 'context': 1}"
1199899934,VERY_LONG,4100000,3,,,{'id': 5996}
1199899937,VERY_LONG,1787000,1,,,{'id': 4360}
1199899939,VERY_LONG,4016800,2,,,{'id': 127839}
1199899941,VERY_LONG,170000,4,,,{'id': 27635}
1199899942,VERY_LONG,2000000,2,,,{'id': 18254}
1199899945,VERY_LONG,17000000,1,,,{'id': 34763}
1199899946,VERY_LONG,10699900,9,,,{'id': 133566}
1199899948,VERY_LONG,,1,45000000,22500000,"{'id': 132511, 'context': 13, 'bonus_lists': [6844]}"
1199899950,VERY_LONG,50000,1,,,{'id': 6291}
1199899953,VERY_LONG,77000000,1,,,{'id': 43000}
1199899957,VERY_LONG,94600,7,,,{'id': 27674}
1199899958,VERY_LONG,1100000,5,,,{'id': 74642}
1199899959,VERY_LONG,7999800,1,,,{'id': 127846}
1199899960,VERY_LONG,870000,40,,,{'id': 929}
1199899961,VERY_LONG,2000000,10,,,{'id': 23676}
1199899963,VERY_LONG,78800,8,,,{'id': 124111}
1199899965,VERY_LONG,3500000,9,,,{'id': 74641}
1199899967,VERY_LONG,,1,52500000,26250000,"{'id': 24163, 'context': 1}"
1199899969,VERY_LONG,1500000,4,,,{'id': 43652}
1199899970,VERY_LONG,4200000,2,,,{'id': 27655}
1199899971,VERY_LONG,2249600,1,,,{'id': 1080}
1199899973,VERY_LONG,80000,3,,,{'id': 9313}
1199899975,VERY_LONG,9749900,10,,,{'id': 87246}
1199899976,VERY_LONG,1000000,9,,,{'id': 22710}
1199899980,VERY_LONG,500000,13,,,{'id': 109217}
1199899982,VERY_LONG,49500,1,,,{'id': 37091}
1199899986,VERY_LONG,250000,1,,,{'id': 5471}
1199899987,VERY_LONG,159600,102,,,{'id': 3860}
1199899989,VERY_LONG,4000000,2,,,{'id': 62662}
1199899990,VERY_LONG,7400,36,,,{'id': 17056}
1199899991,VERY_LONG,300000,4,,,{'id': 8165}
1199899992,VERY_LONG,2000000,1,,,{'id': 111662}
1199899994,VERY_LONG,10100,422,,,{'id': 7912}
1199899995,VERY_LONG,,1,30000000,15000000,"{'id': 24209, 'context': 1, 'modifiers': [{'type': 28, 'value': 1895}]}"
1199899997,VERY_LONG,1020000,1,,,{'id': 76093}
1199899998,VERY_LONG,300000,81,,,{'id': 168314}
1199899999,VERY_LONG,2599900,6,,,{'id': 76138}
1199900001,VERY_LONG,2705500,1,,,{'id': 76083}
1199900004,VERY_LONG,3011600,11,,,{'id': 39341}
1199900005,VERY_LONG,9440000,76,,,{'id': 168498}
1199900006,VERY_LONG,2300000,60,,,{'id': 39681}
1199900007,VERY_LONG,400000,6,,,{'id': 3404}
1199900010,VERY_LONG,4800,114,,,{'id': 154897}
1199900011,VERY_LONG,15550000,1,,,{'id': 3829}
1199900012,VERY_LONG,1800000,1,,,{'id': 17222}
1199900013,VERY_LONG,4900000,7,,,{'id': 76078}
1199900015,VERY_LONG,2900000,6,,,{'id': 4371}
1199900016,VERY_LONG,81000,4,,,{'id': 22829}
1199900018,VERY_LONG,75500,4,,,{'id': 74248}
1199900019,VERY_LONG,750000,7,,,{'id': 8365}
1199900020,VERY_LONG,39000000,1,,,{'id': 44953}
1199900022,VERY_LONG,700000,1,,,{'id': 28102}
1199900023,VERY_LONG,41324000,1,,,{'id': 42225}
1199900024,VERY_LONG,60000,60,,,{'id': 154885}
1199900025,VERY_LONG,3900,193,,,{'id': 12365}
1199900026,VERY_LONG,870000,176,,,{'id': 171291}
1199900095,VERY_LONG,39900,1,,,{'id': 783}
1199902103,VERY_LONG,40000,9,,,{'id': 769}
1199902122,VERY_LONG,50000,1,,,{'id': 774}
1199902138,VERY_LONG,600,3,,,{'id': 3173}
1199902142,VERY_LONG,49900,18,,,{'id': 2672}
1199902143,VERY_LONG,169900,2,,,{'id': 2453}
1199902178,VERY_LONG,40000,18,,,{'id': 769}
1199902187,VERY_LONG,49900,34,,,{'id': 2318}
1199902216,VERY_LONG,600,2,,,{'id': 3173}
1199902246,VERY_LONG,49900,2,,,{'id': 2318}
1199902367,VERY_LONG,2249900,6,,,{'id': 13926}
1199902368,VERY_LONG,3000000,5,,,{'id': 41802}
1199902370,VERY_LONG,2999800,10,,,{'id': 46377}
1199902374,VERY_LONG,,1,33000000,16500000,"{'id': 7084, 'context': 1, 'modifiers': [{'type': 28, 'value': 212}]}"
1199902376,VERY_LONG,82500000,1,,,{'id': 56517}
1199902377,VERY_LONG,15129700,10,,,{'id': 127843}
1199902379,VERY_LONG,1799800,3,,,{'id': 9179}
1199902382,VERY_LONG,10000,9,,,{'id': 1468}
1199902383,VERY_LONG,18600,1000,,,{'id': 152576}
1199902385,VERY_LONG,2300000,9,,,{'id': 39681}
1199902386,VERY_LONG,539000,3,,,{'id': 4358}
1199902388,VERY_LONG,59700,2,,,{'id': 7067}
1199902389,VERY_LONG,2749800,5,,,{'id': 40212}
1199902390,VERY_LONG,1005500,1,,,{'id': 35562}
1199902391,VERY_LONG,100000,10,,,{'id': 111663}
1199902395,VERY_LONG,13779000,12,,,{'id': 7071}
1199902397,VERY_LONG,,1,94624900,68404400,"{'id': 11226, 'context': 0, 'modifiers': [{'type': 28, 'value': 1005}]}"
1199902400,VERY_LONG,19599800,3,,,{'id': 3824}
1199902402,VERY_LONG,1999900,7,,,{'id': 8959}
1199902404,VERY_LONG,30000,41,,,{'id': 21887}
1199902405,VERY_LONG,900000,10,,,{'id': 85506}
1199902407,VERY_LONG,8299700,39,,,{'id': 169299}
1199902411,VERY_LONG,3459600,2,,,{'id': 8836}
1199902413,VERY_LONG,,1,499999900,250000000,"{'id': 12717, 'context': 0, 'modifiers': [{'type': 28, 'value': 1004}]}"
1199902415,VERY_LONG,2459900,21,,,{'id': 3369}
1199902416,VERY_LONG,6299200,1,,,{'id': 52126}
1199902418,VERY_LONG,4800000,1,,,{'id': 76087}
1199902420,VERY_LONG,500000,2,,,{'id': 33052}
1199902422,VERY_LONG,2500000,3,,,{'id': 13931}
1199902426,VERY_LONG,2599900,65,,,{'id': 41511}
1199902428,VERY_LONG,6600,3,,,{'id': 111589}
1199902430,VERY_LONG,2800000,11,,,{'id': 9154}
1199902431,VERY_LONG,90000,11,,,{'id': 118}
1199902436,VERY_LONG,139900,6,,,{'id': 25707}
1199902438,VERY_LONG,2200000,2,,,{'id': 41813}
1199902442,VERY_LONG,280000,3,,,{'id': 12212}
1199902444,VERY_LONG,,1,13000000,7665400,"{'id': 47828, 'context': 1}"
1199902447,VERY_LONG,1000000,1,,,{'id': 8364}
1199902449,VERY_LONG,15000,1,,,{'id': 109223}
1199902451,VERY_LONG,990000,4,,,{'id': 12655}
1199902453,VERY_LONG,6489700,5,,,{'id': 152638}
1199902456,VERY_LONG,20600,25,,,{'id': 7974}
1199902460,VERY_LONG,1500000,2,,,{'id': 109152}
1199902462,VERY_LONG,22999900,2,,,{'id': 71806}
1199902466,VERY_LONG,50000,2,,,{'id': 36782}
1199902468,VERY_LONG,8749900,1,,,{'id': 76088}
1199902471,VERY_LONG,600000,23,,,{'id': 111456}
1199902473,VERY_LONG,60000,6,,,{'id': 9318}
1199902476,VERY_LONG,1494900,2,,,{'id': 111659}
1199902481,VERY_LONG,52500,200,,,{'id': 158188}
1199902483,VERY_LONG,500000,7,,,{'id': 34765}
1199902487,VERY_LONG,30000,7,,,{'id': 75014}
1199902490,VERY_LONG,958700,1,,,{'id': 166270}
1199902491,VERY_LONG,800000,2,,,{'id': 111675}
1199902495,VERY_LONG,18249900,5,,,{'id': 76096}
1199902502,VERY_LONG,,1,18500000,9250000,"{'id': 9301, 'context': 14, 'modifiers': [{'type': 28, 'value': 864}]}"
1199902506,VERY_LONG,400000,28,,,{'id': 67749}
1199902509,VERY_LONG,200000,3,,,{'id': 109132}
1199902512,VERY_LONG,1750000,10,,,{'id': 24476}
1199902514,VERY_LONG,89900,2,,,{'id': 32905}
1199902517,VERY_LONG,,1,4399900,2200000,"{'id': 6271, 'context': 0, 'modifiers': [{'type': 28, 'value': 6}]}"
1199902519,VERY_LONG,400000,1,,,{'id': 2682}
1199902525,VERY_LONG,1000000,1,,,{'id': 22710}
1199902528,VERY_LONG,11500000,6,,,{'id': 45621}
1199902533,VERY_LONG,4750000,1,,,{'id': 76085}
1199902536,VERY_LONG,30000,10,,,{'id': 138967}
1199902540,VERY_LONG,4900000,4,,,{'id': 111447}
1199902543,VERY_LONG,8000000,1,,,{'id': 34766}
1199902546,VERY_LONG,,1,799979400,399989700,"{'id': 16247, 'context': 0}"
1199902551,VERY_LONG,49600,12,,,{'id': 12808}
1199902557,VERY_LONG,810000,2,,,{'id': 76095}
1199902560,VERY_LONG,9989900,4,,,{'id': 168652}
1199902564,VERY_LONG,600000,9,,,{'id': 12223}
1199902567,VERY_LONG,5549700,1,,,{'id': 76084}
1199902571,VERY_LONG,25001600,1,,,{'id': 52303}
1199902575,VERY_LONG,,1,12504500,6252300,"{'id': 52370, 'context': 0}"
1199902579,VERY_LONG,4941900,7,,,{'id': 79255}
1199902583,VERY_LONG,25500000,1,,,{'id': 8153}
1199902587,VERY_LONG,6219700,2,,,{'id': 29539}
1199902593,VERY_LONG,,1,380000000,190000000,"{'id': 20553, 'context': 0}"
1199902596,VERY_LONG,29900,105,,,{'id': 152506}
1199902599,VERY_LONG,1298900,6,,,{'id': 58146}
1199902603,VERY_LONG,1989700,11,,,{'id': 109155}
1199902604,VERY_LONG,7700,508,,,{'id': 153051}
1199902608,VERY_LONG,,1,25054500,12527300,"{'id': 5774, 'context': 0}"
1199902614,VERY_LONG,1299200,3,,,{'id': 23768}
1199902616,VERY_LONG,2200000,2,,,{'id': 16766}
1199902619,VERY_LONG,500000,9,,,{'id': 74838}
1199902623,VERY_LONG,50000,1,,,{'id': 62783}
1199902630,VERY_LONG,150000,6,,,{'id': 769}
1199902634,VERY_LONG,123100,407,,,{'id': 8170}
1199902637,VERY_LONG,10629600,3,,,{'id': 127991}
1199902640,VERY_LONG,3249900,2,,,{'id': 53063}
1199902649,VERY_LONG,100,400,,,{'id': 124439}
1199902653,VERY_LONG,999800,10,,,{'id': 22825}
1199902656,VERY_LONG,3200,103,,,{'id': 74249}
1199902661,VERY_LONG,3500000,2,,,{'id': 109145}
1199902668,VERY_LONG,750000,10,,,{'id': 39342}
1199902671,VERY_LONG,72100,37,,,{'id': 3864}
1199905147,VERY_LONG,140000,34,,,{'id': 52721}
1199905148,VERY_LONG,,1,53205400,26602700,"{'id': 7090, 'context': 1}"
1199905150,VERY_LONG,40000,79,,,{'id': 168303}
1199905152,VERY_LONG,,1,299989900,149995000,"{'id': 104231, 'context': 0}"
1199905155,VERY_LONG,20000,43,,,{'id': 74833}
1199905156,VERY_LONG,10000,1,,,{'id': 111658}
1199905159,VERY_LONG,500000,2,,,{'id': 8846}
1199905160,VERY_LONG,800000,2,,,{'id': 87230}
1199905161,VERY_LONG,720000,1,,,{'id': 6149}
1199905162,VERY_LONG,13499900,3,,,{'id': 71810}
1199905165,VERY_LONG,139900,4,,,{'id': 25707}
1199905167,VERY_LONG,1130000,1,,,{'id': 2456}
1199905171,VERY_LONG,4085300,1,,,{'id': 61979}
1199905173,VERY_LONG,999500,12,,,{'id': 23783}
1199905174,VERY_LONG,6748800,1,,,{'id': 67229}
1199905176,VERY_LONG,232400,2,,,{'id': 2675}
1199905179,VERY_LONG,3499800,8,,,{'id': 20817}
1199905180,VERY_LONG,330000,3,,,{'id': 118428}
1199905196,VERY_LONG,98000,6,,,{'id': 24479}
1199905198,VERY_LONG,74000000,2,,,{'id': 10546}
1199905200,VERY_LONG,2900000,47,,,{'id': 43117}
1199905201,VERY_LONG,1844500,16,,,{'id': 36783}
1199905202,VERY_LONG,560000,6,,,{'id': 76098}
1199905204,VERY_LONG,,1,62500000,31250000,"{'id': 24168, 'context': 2, 'modifiers': [{'type': 28, 'value': 1075}]}"
1199905205,VERY_LONG,20000,800,,,{'id': 152545}
1199905209,VERY_LONG,142400,31,,,{'id': 1206}
1199905210,VERY_LONG,,1,99000000,49500000,"{'id': 22904, 'context': 2, 'modifiers': [{'type': 28, 'value': 1075}]}"
1199905211,VERY_LONG,2474600,38,,,{'id': 39340}
1199905212,VERY_LONG,1100000,2,,,{'id': 74642}
1199905214,VERY_LONG,200000,10,,,{'id': 7971}
1199905215,VERY_LONG,229600,237,,,{'id': 152877}
1199905217,VERY_LONG,1200000,3,,,{'id': 34736}
1199905219,VERY_LONG,600000,2,,,{'id': 152560}
1199905221,VERY_LONG,900000,23,,,{'id': 74859}
1199905222,VERY_LONG,15000000,3,,,{'id': 27658}
1199905223,VERY_LONG,9899900,7,,,{'id': 127838}
1199905226,VERY_LONG,299900,21,,,{'id': 78883}
1199905227,VERY_LONG,114900,66,,,{'id': 168302}
1199905228,VERY_LONG,169500,3,,,{'id': 14227}
1199905230,VERY_LONG,1000,61,,,{'id': 154722}
1199905231,VERY_LONG,750000,15,,,{'id': 74864}
1199905233,VERY_LONG,2999600,3,,,{'id': 130183}
1199905234,VERY_LONG,1000000,16,,,{'id': 111651}
1199905236,VERY_LONG,298200,3,,,{'id': 2924}
1199905237,VERY_LONG,10000000,5,,,{'id': 41266}
1199905239,VERY_LONG,240000,6,,,{'id': 33448}
1199905242,VERY_LONG,15000,1175,,,{'id': 152509}
1199905243,VERY_LONG,50000,7,,,{'id': 6289}
1199905246,VERY_LONG,10457100,1,,,{'id': 87226}
1199905250,VERY_LONG,700200,1,,,{'id': 39343}
1199905252,VERY_LONG,24000,1428,,,{'id': 152505}
1199905253,VERY_LONG,30500000,2,,,{'id': 62677}
1199905255,VERY_LONG,22600,225,,,{'id': 174353}
1199905257,VERY_LONG,4374500,20,,,{'id': 168506}
1199905259,VERY_LONG,10499900,1,,,{'id': 6373}
1199905263,VERY_LONG,6900000,1,,,{'id': 13462}
1199905264,VERY_LONG,9999900,1,,,{'id': 20520}
1199905266,VERY_LONG,,1,49999900,25000000,"{'id': 24199, 'context': 0, 'modifiers': [{'type': 28, 'value': 1015}]}"
1199905267,VERY_LONG,3004900,2,,,{'id': 22203}
1199905269,VERY_LONG,300000,6,,,{'id': 111673}
1199905271,VERY_LONG,1899500,4,,,{'id': 76076}
1199905273,VERY_LONG,7000000,1,,,{'id': 17198}
1199905275,VERY_LONG,18600,1562,,,{'id': 152576}
1199905276,VERY_LONG,2999600,5,,,{'id': 127837}
1199905277,VERY_LONG,,1,14999900,7500000,"{'id': 24202, 'context': 3}"
1199905278,VERY_LONG,9999900,2,,,{'id': 9172}
1199905280,VERY_LONG,13000,37,,,{'id': 124120}
1199905281,VERY_LONG,1009800,16,,,{'id': 43102}
1199905282,VERY_LONG,14999400,1,,,{'id': 24271}
1199905283,VERY_LONG,,1,60999800,30499900,"{'id': 14482, 'context': 0, 'modifiers': [{'type': 28, 'value': 30}]}"
1199905284,VERY_LONG,25000000,3,,,{'id': 12209}
1199905287,VERY_LONG,1000000,1,,,{'id': 67415}
1199905289,VERY_LONG,2000000,5,,,{'id': 111662}
1199905291,VERY_LONG,989900,1,,,{'id': 118704}
1199905293,VERY_LONG,1100000,1,,,{'id': 85504}
1199905294,VERY_LONG,12499900,2,,,{'id': 127849}
1199905296,VERY_LONG,,1,27000000,13500000,"{'id': 47624, 'context': 0, 'modifiers': [{'type': 28, 'value': 1988}]}"
1199905297,VERY_LONG,45999900,13,,,{'id': 13468}
1199905299,VERY_LONG,,1,7489900,4483800,"{'id': 47632, 'context': 0, 'modifiers': [{'type': 28, 'value': 1021}]}"
1199905300,VERY_LONG,350000,3,,,{'id': 3470}
1199905302,VERY_LONG,6000,61,,,{'id': 12208}
1199905304,VERY_LONG,14999800,5,,,{'id': 52980}
1199905306,VERY_LONG,78700,25,,,{'id': 74248}
1199905308,VERY_LONG,130000,8,,,{'id': 153490}
1199905309,VERY_LONG,520000,1,,,{'id': 53066}
1199905311,VERY_LONG,32000000,1,,,{'id': 17708}
1199905313,VERY_LONG,551400,5,,,{'id': 7069}
1199905315,VERY_LONG,90000,2,,,{'id': 1015}
1199905317,VERY_LONG,,1,19989900,9995000,"{'id': 23883, 'context': 2, 'modifiers': [{'type': 28, 'value': 1069}]}"
1199905320,VERY_LONG,1353100,1,,,{'id': 41806}
1199905418,VERY_LONG,42594500,3,,,{'id': 151540}
1199905482,VERY_LONG,4600,139,,,{'id': 152506}
1199905495,VERY_LONG,5000,24,,,{'id': 152511}
1199905507,VERY_LONG,5500,36,,,{'id': 152509}
1199905524,VERY_LONG,34800,28,,,{'id': 152579}
1199905542,VERY_LONG,13900,99,,,{'id': 152508}
1199905691,VERY_LONG,999900,6,,,{'id': 169451}
1199905694,VERY_LONG,,1,62500000,31250000,"{'id': 24204, 'context': 2, 'modifiers': [{'type': 28, 'value': 1066}]}"
1199905697,VERY_LONG,30000,2,,,{'id': 24478}
1199905701,VERY_LONG,800000,9,,,{'id': 111669}
1199905704,VERY_LONG,900000,12,,,{'id': 3712}
1199905707,VERY_LONG,82300,47,,,{'id': 124441}
1199905711,VERY_LONG,163700,48,,,{'id': 34052}
1199905714,VERY_LONG,599900,1,,,{'id': 23112}
1199905718,VERY_LONG,3500,739,,,{'id': 152542}
1199905720,VERY_LONG,1150000,6,,,{'id': 76077}
1199905723,VERY_LONG,159900,56,,,{'id': 37703}
1199905725,VERY_LONG,30000,800,,,{'id': 152513}
1199905726,VERY_LONG,3999900,1,,,{'id': 44128}
1199905729,VERY_LONG,330000,37,,,{'id': 39970}
1199905731,VERY_LONG,196000,1,,,{'id': 2455}
1199905734,VERY_LONG,2999900,2,,,{'id': 23440}
1199905738,VERY_LONG,363700,8,,,{'id': 111676}
1199905741,VERY_LONG,1800000,3,,,{'id': 174351}
1199905746,VERY_LONG,,1,12999800,7897100,"{'id': 2555, 'context': 0, 'modifiers': [{'type': 28, 'value': 1805}]}"
1199905750,VERY_LONG,121500,19,,,{'id': 22832}
1199905755,VERY_LONG,2049900,10,,,{'id': 43125}
1199905757,VERY_LONG,3009900,3,,,{'id': 52843}
1199905765,VERY_LONG,100000,5,,,{'id': 74847}
1199905769,VERY_LONG,3999800,2,,,{'id': 23447}
1199905773,VERY_LONG,1840000,1,,,{'id': 6888}
1199905780,VERY_LONG,2700000,2,,,{'id': 22850}
1199905782,VERY_LONG,250000,1,,,{'id': 36906}
1199905784,VERY_LONG,,1,7999800,3999900,"{'id': 6375, 'context': 0, 'modifiers': [{'type': 28, 'value': 15}]}"
1199905787,VERY_LONG,899800,72,,,{'id': 43116}
1199905789,VERY_LONG,10000,40,,,{'id': 4364}
1199905791,VERY_LONG,49900,8,,,{'id': 3820}
1199905794,VERY_LONG,500000,19,,,{'id': 6358}
1199905796,VERY_LONG,109300,46,,,{'id': 152543}
1199905798,VERY_LONG,,1,13999900,13569900,"{'id': 4352, 'context': 1, 'modifiers': [{'type': 28, 'value': 204}]}"
1199905800,VERY_LONG,30000,21,,,{'id': 12205}
1199905803,VERY_LONG,2300000,3,,,{'id': 142334}
1199905805,VERY_LONG,2600000,6,,,{'id': 10558}
1199905808,VERY_LONG,3000000,1,,,{'id': 95373}
1199905812,VERY_LONG,6748800,1,,,{'id': 67229}
1199905814,VERY_LONG,90000,10,,,{'id': 22448}
1199905816,VERY_LONG,2623900,8,,,{'id': 127841}
1199905818,VERY_LONG,1999800,10,,,{'id': 52982}
1199905820,VERY_LONG,,1,11989900,6084000,"{'id': 4416, 'context': 1}"
1199905821,VERY_LONG,7500,1,,,{'id': 74843}
1199905824,VERY_LONG,1998900,3,,,{'id': 151720}
1199905825,VERY_LONG,,1,14999900,7500000,"{'id': 24167, 'context': 0, 'modifiers': [{'type': 28, 'value': 1011}]}"
1199905828,VERY_LONG,125000,50,,,{'id': 82441}
1199905831,VERY_LONG,1947300,11,,,{'id': 133573}
1199905832,VERY_LONG,4999900,8,,,{'id': 126936}
1199905833,VERY_LONG,360000,188,,,{'id': 37921}
1199905834,VERY_LONG,35000,1250,,,{'id': 152507}
1199905835,VERY_LONG,860000,9,,,{'id': 36903}
1199905836,VERY_LONG,250000,14,,,{'id': 76097}
1199905838,VERY_LONG,59700,72,,,{'id': 74841}
1199905841,VERY_LONG,2000000,3,,,{'id': 109147}
1199905843,VERY_LONG,590000,21,,,{'id': 13466}
1199905844,VERY_LONG,100000,7,,,{'id': 723}
1199905845,VERY_LONG,400000,16,,,{'id': 43009}
1199905846,VERY_LONG,9999900,3,,,{'id': 9172}
1199905847,VERY_LONG,13000,200,,,{'id': 124120}
1199905848,VERY_LONG,700000,3,,,{'id': 74863}
1199905852,VERY_LONG,2000000,10,,,{'id': 42546}
1199905853,VERY_LONG,20000,60,,,{'id': 52722}
1199905854,VERY_LONG,4500,256,,,{'id': 14047}
1199905855,VERY_LONG,19885500,1,,,{'id': 133579}
1199905857,VERY_LONG,3500000,6,,,{'id': 23784}
1199905859,VERY_LONG,149800,15,,,{'id': 5465}
1199905862,VERY_LONG,2349900,14,,,{'id': 111436}
1199905865,VERY_LONG,6900,107,,,{'id': 2838}
1199905868,VERY_LONG,310000,12,,,{'id': 17012}
1199905871,VERY_LONG,560000,4,,,{'id': 76098}
1199905872,VERY_LONG,700000,4,,,{'id': 53062}
1199905876,VERY_LONG,75800,72,,,{'id': 158187}
1199905878,VERY_LONG,949900,7,,,{'id': 133681}
1199905879,VERY_LONG,20000,115,,,{'id': 152545}
1199905881,VERY_LONG,600000,1,,,{'id': 38561}
1199905883,VERY_LONG,13000000,1,,,{'id': 62663}
1199905885,VERY_LONG,4300000,8,,,{'id': 111452}
1199905888,VERY_LONG,7999900,11,,,{'id': 15415}
1199905889,VERY_LONG,155500,2,,,{'id': 4404}
1199905890,VERY_LONG,16499900,1,,,{'id': 4457}
1199905891,VERY_LONG,29900,371,,,{'id': 152506}
1199905894,VERY_LONG,,1,19999600,9999800,"{'id': 52363, 'context': 0}"
1199905898,VERY_LONG,1030000,14,,,{'id': 36920}
1199905900,VERY_LONG,94600,1,,,{'id': 27674}
1199905902,VERY_LONG,432900,7,,,{'id': 133680}
1199905904,VERY_LONG,307000,1,,,{'id': 174327}
1199905906,VERY_LONG,3699900,1,,,{'id': 6712}
1199905908,VERY_LONG,39900,853,,,{'id': 152579}
1199905910,VERY_LONG,17500,45,,,{'id': 34057}
1199905911,VERY_LONG,2500000,1,,,{'id': 58090}
1199905958,VERY_LONG,,1,1480000000,1350000000,"{'id': 72146, 'context': 14, 'modifiers': [{'type': 28, 'value': 378}]}"
1199905974,VERY_LONG,2200,2,,,{'id': 173038}
1199905981,VERY_LONG,3200,3,,,{'id': 118007}
1199905991,VERY_LONG,29200,1,,,{'id': 127835}
1199906011,VERY_LONG,24800,37,,,{'id': 168185}
1199906032,VERY_LONG,6800000,4,,,{'id': 133562}
1199906034,VERY_LONG,,1,4999900,2500000,"{'id': 72007, 'context': 0, 'modifiers': [{'type': 28, 'value': 1030}]}"
1199906037,VERY_LONG,30000,323,,,{'id': 152513}
1199906040,VERY_LONG,30000,12,,,{'id': 1210}
1199906042,VERY_LONG,,1,125000000,62500000,"{'id': 35189, 'context': 0}"
1199906045,VERY_LONG,16500000,1,,,{'id': 62675}
1199906049,VERY_LONG,50000,2,,,{'id': 30816}
1199906051,VERY_LONG,20000000,1,,,{'id': 9061}
1199906055,VERY_LONG,9750000,1,,,{'id': 27660}
1199906058,VERY_LONG,10249800,4,,,{'id': 58487}
1199906059,VERY_LONG,5500,182,,,{'id': 152509}
1199906062,VERY_LONG,5000,600,,,{'id': 154898}
1199906064,VERY_LONG,10999900,4,,,{'id': 7081}
1199906068,VERY_LONG,18500000,1,,,{'id': 133578}
1199906070,VERY_LONG,2250000,1,,,{'id': 3728}
1199906073,VERY_LONG,890000,1,,,{'id': 2680}
1199906075,VERY_LONG,,1,17981700,8990900,"{'id': 52379, 'context': 1}"
1199906077,VERY_LONG,,1,4499800,2358400,"{'id': 8387, 'context': 1}"
1199906079,VERY_LONG,,1,13999800,6999900,"{'id': 69957, 'context': 5, 'modifiers': [{'type': 28, 'value': 1029}]}"
1199906081,VERY_LONG,2200000,1,,,{'id': 41813}
1199906082,VERY_LONG,3499900,1,,,{'id': 109226}
1199906087,VERY_LONG,1000000,33,,,{'id': 43123}
1199906088,VERY_LONG,199000,3,,,{'id': 5466}
1199906090,VERY_LONG,150000,40,,,{'id': 15416}
1199906092,VERY_LONG,2000000,18,,,{'id': 109147}
1199906095,VERY_LONG,50000000,3,,,{'id': 62674}
1199906097,VERY_LONG,482500,1,,,{'id': 163223}
1199907102,VERY_LONG,1690000,4,,,{'id': 152559}
1199907104,VERY_LONG,1999500,1,,,{'id': 23436}
1199907107,VERY_LONG,245600,1,,,{'id': 163225}
1199907109,VERY_LONG,,1,1000000,500000,"{'id': 6219, 'context': 14, 'modifiers': [{'type': 28, 'value': 744}]}"
1199907111,VERY_LONG,,1,1000000,500000,"{'id': 6219, 'context': 14, 'modifiers': [{'type': 28, 'value': 744}]}"
1199907174,VERY_LONG,,1,5400000,4500000,"{'id': 82800, 'context': 0, 'modifiers': [{'type': 6, 'value': 36743}], 'pet_breed_id': 8, 'pet_level': 1, 'pet_quality_id': 3, 'pet_species_id': 2568}"
1199907265,VERY_LONG,,1,115000000,94000000,"{'id': 82800, 'context': 0, 'modifiers': [{'type': 6, 'value': 81966}], 'pet_breed_id': 11, 'pet_level': 1, 'pet_quality_id': 2, 'pet_species_id': 2404}"
1199907289,VERY_LONG,17500,18,,,{'id': 152513}
1199907416,VERY_LONG,,1,1480000000,1350000000,"{'id': 72146, 'context': 14, 'modifiers': [{'type': 28, 'value': 378}]}"
1199907841,VERY_LONG,,1,25500,,"{'id': 82800, 'context': 0, 'modifiers': [{'type': 6, 'value': 21900}], 'pet_breed_id': 10, 'pet_level': 1, 'pet_quality_id': 3, 'pet_species_id': 162}"
1199907855,VERY_LONG,,1,499900,,"{'id': 18229, 'context': 0}"
1199907859,VERY_LONG,,1,102400,,"{'id': 82800, 'context': 0, 'modifiers': [{'type': 6, 'value': 73699}], 'pet_breed_id': 4, 'pet_level': 1, 'pet_quality_id': 3, 'pet_species_id': 1964}"
1199907868,VERY_LONG,,1,102400,,"{'id': 82800, 'context': 0, 'modifiers': [{'type': 6, 'value': 73699}], 'pet_breed_id': 9, 'pet_level': 1, 'pet_quality_id': 3, 'pet_species_id': 1964}"
1199907873,VERY_LONG,,1,999900,,"{'id': 82800, 'context': 0, 'modifiers': [{'type': 6, 'value': 73697}], 'pet_breed_id': 3, 'pet_level': 1, 'pet_quality_id': 3, 'pet_species_id': 1963}"
1199907878,VERY_LONG,,1,974400,,"{'id': 82800, 'context': 0, 'modifiers': [{'type': 6, 'value': 73706}], 'pet_breed_id': 11, 'pet_level': 1, 'pet_quality_id': 3, 'pet_species_id': 1966}"
1199910177,VERY_LONG,,1,1174500,,"{'id': 71635, 'context': 0}"
1199910178,VERY_LONG,,1,1174500,,"{'id': 71635, 'context': 0}"
1199910206,VERY_LONG,405500,11,,,{'id': 172053}
1199910229,VERY_LONG,4800,6,,,{'id': 154897}
1199910253,VERY_LONG,5000,4,,,{'id': 154898}
1199910269,VERY_LONG,700,15,,,{'id': 154899}
1199910274,VERY_LONG,569800,20,,,{'id': 173204}
1199910318,VERY_LONG,,1,4000000,,"{'id': 82800, 'context': 0, 'modifiers': [{'type': 6, 'value': 61888}], 'pet_breed_id': 4, 'pet_level': 2, 'pet_quality_id': 3, 'pet_species_id': 1624}"
1199910364,VERY_LONG,31800,1,,,{'id': 179315}
1199910382,VERY_LONG,,1,115000000,,"{'id': 171413, 'context': 64, 'bonus_lists': [6717, 1507]}"
1199910383,VERY_LONG,,1,115000000,,"{'id': 171413, 'context': 64, 'bonus_lists': [6717, 1507]}"
1199910496,VERY_LONG,759900,18,,,{'id': 130903}
1199910512,VERY_LONG,499900,2,,,{'id': 108439}
1199910532,VERY_LONG,399700,3,,,{'id': 109585}
1199910549,VERY_LONG,50000,13,,,{'id': 130904}
1199913840,VERY_LONG,,1,10000009400,,"{'id': 44507, 'context': 0}"
1199913963,VERY_LONG,20300,2,,,{'id': 2835}
1199914039,VERY_LONG,141200,2,,,{'id': 2449}
1199914050,VERY_LONG,30000,10,,,{'id': 2770}
1199915219,VERY_LONG,31800,1,,,{'id': 179315}
1199918255,VERY_LONG,4300,5,,,{'id': 173043}
1199918385,VERY_LONG,,1,11499700,,"{'id': 9905, 'context': 0, 'bonus_lists': [1691]}"
1199918861,VERY_LONG,8879300,61,,,{'id': 172097}
1199921011,VERY_LONG,499800,4,,,{'id': 170554}
1199922201,VERY_LONG,,1,35000000,,"{'id': 175568, 'context': 0, 'bonus_lists': [6907, 1683], 'modifiers': [{'type': 9, 'value': 50}, {'type': 28, 'value': 1707}]}"
1199922233,VERY_LONG,,1,45000000,,"{'id': 176775, 'context': 0, 'bonus_lists': [6907, 6652, 7194, 1680], 'modifiers': [{'type': 9, 'value': 51}, {'type': 28, 'value': 1318}]}"
1199922242,VERY_LONG,,1,15509000,,"{'id': 171386, 'context': 13, 'modifiers': [{'type': 29, 'value': 32}, {'type': 30, 'value': 49}]}"
1199922287,VERY_LONG,,1,35000000,,"{'id': 175572, 'context': 0, 'bonus_lists': [6907, 1707], 'modifiers': [{'type': 9, 'value': 50}, {'type': 28, 'value': 1707}]}"
1199922312,VERY_LONG,,1,35000000,,"{'id': 175568, 'context': 0, 'bonus_lists': [6907, 1682], 'modifiers': [{'type': 9, 'value': 50}, {'type': 28, 'value': 1707}]}"
1199922369,VERY_LONG,,1,35000000,,"{'id': 175552, 'context': 0, 'bonus_lists': [6907, 1682], 'modifiers': [{'type': 9, 'value': 50}, {'type': 28, 'value': 1707}]}"
1199922843,VERY_LONG,19900000,50,,,{'id': 23448}
1199924542,VERY_LONG,,1,3850000000,,"{'id': 182978, 'context': 6, 'bonus_lists': [7187, 6652, 7194, 1498, 6646], 'modifiers': [{'type': 28, 'value': 753}]}"
1199924806,VERY_LONG,,1,750000,,"{'id': 173197, 'context': 0, 'bonus_lists': [6887], 'modifiers': [{'type': 9, 'value': 60}, {'type': 28, 'value': 391}, {'type': 29, 'value': 40}, {'type': 30, 'value': 36}]}"
1199924807,VERY_LONG,,1,750000,,"{'id': 173197, 'context': 0, 'bonus_lists': [6887], 'modifiers': [{'type': 9, 'value': 60}, {'type': 28, 'value': 391}, {'type': 29, 'value': 49}, {'type': 30, 'value': 32}]}"
1199924811,VERY_LONG,,1,750000,,"{'id': 173197, 'context': 0, 'bonus_lists': [6887], 'modifiers': [{'type': 9, 'value': 60}, {'type': 28, 'value': 391}, {'type': 29, 'value': 32}, {'type': 30, 'value': 36}]}"
1199924815,VERY_LONG,,1,750000,,"{'id': 173197, 'context': 0, 'bonus_lists': [6887], 'modifiers': [{'type': 9, 'value': 51}, {'type': 28, 'value': 391}, {'type': 29, 'value': 40}, {'type': 30, 'value': 32}]}"
1199924819,VERY_LONG,,1,750000,,"{'id': 173197, 'context': 0, 'bonus_lists': [6887], 'modifiers': [{'type': 9, 'value': 60}, {'type': 28, 'value': 391}, {'type': 29, 'value': 36}, {'type': 30, 'value': 40}]}"
1199924823,VERY_LONG,,1,750000,,"{'id': 173197, 'context': 0, 'bonus_lists': [6887], 'modifiers': [{'type': 9, 'value': 60}, {'type': 28, 'value': 391}, {'type': 29, 'value': 49}, {'type': 30, 'value': 36}]}"
1199924827,VERY_LONG,,1,750000,,"{'id': 173197, 'context': 0, 'bonus_lists': [6887], 'modifiers': [{'type': 9, 'value': 51}, {'type': 28, 'value': 391}, {'type': 29, 'value': 40}, {'type': 30, 'value': 49}]}"
1199924831,VERY_LONG,,1,750000,,"{'id': 173197, 'context': 0, 'bonus_lists': [6887], 'modifiers': [{'type': 9, 'value': 60}, {'type': 28, 'value': 391}, {'type': 29, 'value': 40}, {'type': 30, 'value': 32}]}"
1199924837,VERY_LONG,,1,750000,,"{'id': 173197, 'context': 0, 'bonus_lists': [6887], 'modifiers': [{'type': 9, 'value': 51}, {'type': 28, 'value': 391}, {'type': 29, 'value': 49}, {'type': 30, 'value': 40}]}"
1199924842,VERY_LONG,,1,750000,,"{'id': 173197, 'context': 0, 'bonus_lists': [6887], 'modifiers': [{'type': 9, 'value': 60}, {'type': 28, 'value': 391}, {'type': 29, 'value': 49}, {'type': 30, 'value': 32}]}"
1199924844,VERY_LONG,,1,750000,,"{'id': 173197, 'context': 0, 'bonus_lists': [6887], 'modifiers': [{'type': 9, 'value': 60}, {'type': 28, 'value': 391}, {'type': 29, 'value': 40}, {'type': 30, 'value': 49}]}"
1199924861,VERY_LONG,,1,5001900,,"{'id': 175565, 'context': 0, 'bonus_lists': [6907, 1685], 'modifiers': [{'type': 9, 'value': 60}, {'type': 28, 'value': 1707}]}"
1199924880,VERY_LONG,,1,4400000,,"{'id': 173214, 'context': 0, 'bonus_lists': [6893], 'modifiers': [{'type': 9, 'value': 60}, {'type': 28, 'value': 391}, {'type': 29, 'value': 36}, {'type': 30, 'value': 40}]}"
1199924896,VERY_LONG,,1,4000000,,"{'id': 176767, 'context': 0, 'bonus_lists': [6907, 6652, 1717], 'modifiers': [{'type': 9, 'value': 60}, {'type': 28, 'value': 1707}]}"
1199924908,VERY_LONG,,1,1008500,,"{'id': 55544, 'context': 22, 'bonus_lists': [6654, 1705], 'modifiers': [{'type': 9, 'value': 35}, {'type': 28, 'value': 1115}]}"
1199924930,VERY_LONG,,1,450000,,"{'id': 173199, 'context': 0, 'bonus_lists': [6890], 'modifiers': [{'type': 9, 'value': 60}, {'type': 28, 'value': 391}, {'type': 29, 'value': 32}, {'type': 30, 'value': 40}]}"
1199924933,VERY_LONG,,1,450000,,"{'id': 173199, 'context': 0, 'bonus_lists': [6890], 'modifiers': [{'type': 9, 'value': 60}, {'type': 28, 'value': 391}, {'type': 29, 'value': 36}, {'type': 30, 'value': 40}]}"
1199924948,VERY_LONG,,1,4499300,,"{'id': 173216, 'context': 0, 'bonus_lists': [6893], 'modifiers': [{'type': 9, 'value': 60}, {'type': 28, 'value': 391}, {'type': 29, 'value': 40}, {'type': 30, 'value': 49}]}"
1199924970,VERY_LONG,,1,2303300,,"{'id': 173194, 'context': 0, 'bonus_lists': [6887], 'modifiers': [{'type': 9, 'value': 60}, {'type': 28, 'value': 391}, {'type': 29, 'value': 40}, {'type': 30, 'value': 32}]}"
1199924986,VERY_LONG,,1,800000,,"{'id': 176778, 'context': 0, 'bonus_lists': [6907, 6652, 1688], 'modifiers': [{'type': 9, 'value': 60}, {'type': 28, 'value': 1707}]}"
1199926326,VERY_LONG,,1,399989200,339990700,"{'id': 173243, 'context': 66, 'bonus_lists': [6758, 1532]}"
1199926335,VERY_LONG,,1,2999800,,"{'id': 176987, 'context': 0, 'bonus_lists': [6907, 6652, 7193, 1713], 'modifiers': [{'type': 9, 'value': 60}, {'type': 28, 'value': 1707}]}"
1199926337,VERY_LONG,,1,750000,,"{'id': 173193, 'context': 0, 'bonus_lists': [6890], 'modifiers': [{'type': 9, 'value': 60}, {'type': 28, 'value': 391}, {'type': 29, 'value': 32}, {'type': 30, 'value': 36}]}"
1199926346,VERY_LONG,,1,1904600,,"{'id': 173198, 'context': 0, 'bonus_lists': [6885], 'modifiers': [{'type': 9, 'value': 60}, {'type': 28, 'value': 391}, {'type': 29, 'value': 49}, {'type': 30, 'value': 40}]}"
1199926347,VERY_LONG,,1,1904600,,"{'id': 173198, 'context': 0, 'bonus_lists': [6885], 'modifiers': [{'type': 9, 'value': 60}, {'type': 28, 'value': 391}, {'type': 29, 'value': 49}, {'type': 30, 'value': 36}]}"
1199926364,VERY_LONG,839800,2,,,{'id': 172407}
1199926449,VERY_LONG,2309700,2,,,{'id': 172411}
1199926520,VERY_LONG,808600,12,,,{'id': 177660}
1199926677,VERY_LONG,4509300,2,,,{'id': 177715}
1199926720,VERY_LONG,6005500,2,,,{'id': 172419}
1199926769,VERY_LONG,5009700,1,,,{'id': 172418}
1199926820,VERY_LONG,903100,3,,,{'id': 177716}
1199926890,VERY_LONG,5500000,1,,,{'id': 177659}
1199926963,VERY_LONG,800000,3,,,{'id': 172414}
1199927022,VERY_LONG,50000,1,,,{'id': 153435}
1199927086,VERY_LONG,7349000,1,,,{'id': 172042}
1199927141,VERY_LONG,2200,5,,,{'id': 173038}
1199927154,VERY_LONG,10000,3,,,{'id': 172048}
1199927162,VERY_LONG,169000,26,,,{'id': 172044}
1199927172,VERY_LONG,4300,1,,,{'id': 173043}
1199927181,VERY_LONG,19000,1,,,{'id': 173192}
1199927188,VERY_LONG,,1,458900,,"{'id': 20746, 'context': 0}"
1199927189,VERY_LONG,,1,458900,,"{'id': 20746, 'context': 0}"
1199927191,VERY_LONG,,1,458900,,"{'id': 20746, 'context': 0}"
1199927200,VERY_LONG,50000,58,,,{'id': 8545}
1199927206,VERY_LONG,2500000,1,,,{'id': 58090}
1199927214,VERY_LONG,18000,3,,,{'id': 39520}
1199927220,VERY_LONG,30000,12,,,{'id': 14529}
1199927226,VERY_LONG,29600,3,,,{'id': 172050}
1199927231,VERY_LONG,3200,2,,,{'id': 118007}
1199927234,VERY_LONG,749400,1,,,{'id': 58268}
1199927241,VERY_LONG,10700,13,,,{'id': 6451}
1199927244,VERY_LONG,504900,1,,,{'id': 175069}
1199927249,VERY_LONG,51000,4,,,{'id': 160712}
1199927256,VERY_LONG,111100,3,,,{'id': 12804}
1199927270,VERY_LONG,,1,2504500,,"{'id': 159493, 'context': 0, 'bonus_lists': [6655, 1687], 'modifiers': [{'type': 9, 'value': 29}, {'type': 28, 'value': 186}]}"
1199927287,VERY_LONG,7300,50,,,{'id': 173032}
1199927296,VERY_LONG,167500,8,,,{'id': 171829}
1199927301,VERY_LONG,600,4,,,{'id': 171840}
1199927311,VERY_LONG,88300,8,,,{'id': 171828}
1199927326,VERY_LONG,1499700,4,,,{'id': 81055}
1199927337,VERY_LONG,,1,1000000,,"{'id': 184505, 'context': 0}"
1199927439,VERY_LONG,,1,902200,,"{'id': 178947, 'context': 0, 'bonus_lists': [6908, 6652, 1676], 'modifiers': [{'type': 9, 'value': 60}, {'type': 28, 'value': 2060}]}"
1199927451,VERY_LONG,,1,505100,,"{'id': 36695, 'context': 22, 'bonus_lists': [6655, 1694], 'modifiers': [{'type': 9, 'value': 30}, {'type': 28, 'value': 1090}]}"
1199927465,VERY_LONG,,1,450000,,"{'id': 173199, 'context': 0, 'bonus_lists': [6890], 'modifiers': [{'type': 9, 'value': 60}, {'type': 28, 'value': 391}, {'type': 29, 'value': 36}, {'type': 30, 'value': 32}]}"
1199927467,VERY_LONG,,1,450000,,"{'id': 173199, 'context': 0, 'bonus_lists': [6890], 'modifiers': [{'type': 9, 'value': 60}, {'type': 28, 'value': 391}, {'type': 29, 'value': 32}, {'type': 30, 'value': 36}]}"
1199927469,VERY_LONG,,1,450000,,"{'id': 173199, 'context': 0, 'bonus_lists': [6890], 'modifiers': [{'type': 9, 'value': 60}, {'type': 28, 'value': 391}, {'type': 29, 'value': 36}, {'type': 30, 'value': 49}]}"
1199927473,VERY_LONG,,1,450000,,"{'id': 173199, 'context': 0, 'bonus_lists': [6890], 'modifiers': [{'type': 9, 'value': 54}, {'type': 28, 'value': 391}, {'type': 29, 'value': 36}, {'type': 30, 'value': 32}]}"
1199927476,VERY_LONG,,1,450000,,"{'id': 173199, 'context': 0, 'bonus_lists': [6890], 'modifiers': [{'type': 9, 'value': 60}, {'type': 28, 'value': 391}, {'type': 29, 'value': 49}, {'type': 30, 'value': 32}]}"
1199927508,VERY_LONG,,1,5009800,,"{'id': 173222, 'context': 0, 'bonus_lists': [6893], 'modifiers': [{'type': 9, 'value': 60}, {'type': 28, 'value': 391}, {'type': 29, 'value': 36}, {'type': 30, 'value': 40}]}"
1199927525,VERY_LONG,,1,1556900,,"{'id': 173201, 'context': 0, 'bonus_lists': [6883], 'modifiers': [{'type': 29, 'value': 49}, {'type': 30, 'value': 36}]}"
1199927545,VERY_LONG,,1,1435500,,"{'id': 173196, 'context': 0, 'bonus_lists': [6887], 'modifiers': [{'type': 9, 'value': 60}, {'type': 28, 'value': 391}, {'type': 29, 'value': 40}, {'type': 30, 'value': 49}]}"
1199927565,VERY_LONG,,1,1005500,,"{'id': 173200, 'context': 0, 'bonus_lists': [6885], 'modifiers': [{'type': 9, 'value': 60}, {'type': 28, 'value': 391}, {'type': 29, 'value': 32}, {'type': 30, 'value': 49}]}"
1199927568,VERY_LONG,,1,1005500,,"{'id': 173200, 'context': 0, 'bonus_lists': [6885], 'modifiers': [{'type': 9, 'value': 60}, {'type': 28, 'value': 391}, {'type': 29, 'value': 49}, {'type': 30, 'value': 40}]}"
1199937572,VERY_LONG,394800,9934,,,{'id': 168589}
1199937580,VERY_LONG,394800,6373,,,{'id': 168589}
1199942158,VERY_LONG,,1,200007500,,"{'id': 172326, 'context': 64, 'bonus_lists': [6717, 1507]}"
1199942325,VERY_LONG,,1,17999900,,"{'id': 82800, 'context': 0, 'modifiers': [{'type': 6, 'value': 16880}], 'pet_breed_id': 5, 'pet_level': 1, 'pet_quality_id': 3, 'pet_species_id': 2441}"
1199942357,VERY_LONG,,1,4009600,,"{'id': 82800, 'context': 0, 'modifiers': [{'type': 6, 'value': 73684}], 'pet_breed_id': 16, 'pet_level': 1, 'pet_quality_id': 3, 'pet_species_id': 1959}"
1199942386,VERY_LONG,,1,15000000,,"{'id': 82800, 'context': 0, 'modifiers': [{'type': 6, 'value': 88000}], 'pet_breed_id': 22, 'pet_level': 1, 'pet_quality_id': 3, 'pet_species_id': 2446}"
1199942388,VERY_LONG,,1,19994500,,"{'id': 82800, 'context': 0, 'modifiers': [{'type': 6, 'value': 46909}], 'pet_breed_id': 18, 'pet_level': 1, 'pet_quality_id': 3, 'pet_species_id': 1156}"
1199942390,VERY_LONG,,1,11989600,,"{'id': 82800, 'context': 0, 'pet_breed_id': 8, 'pet_level': 1, 'pet_quality_id': 3, 'pet_species_id': 1962}"
1199942438,VERY_LONG,,1,30000000,,"{'id': 82800, 'context': 0, 'modifiers': [{'type': 6, 'value': 87871}], 'pet_breed_id': 6, 'pet_level': 1, 'pet_quality_id': 3, 'pet_species_id': 2434}"
1199942458,VERY_LONG,,1,4000000,,"{'id': 82800, 'context': 0, 'modifiers': [{'type': 6, 'value': 61888}], 'pet_breed_id': 4, 'pet_level': 1, 'pet_quality_id': 3, 'pet_species_id': 1624}"
1199942509,VERY_LONG,,1,10666416900,,"{'id': 82800, 'context': 0, 'modifiers': [{'type': 6, 'value': 99925}], 'pet_breed_id': 9, 'pet_level': 1, 'pet_quality_id': 2, 'pet_species_id': 2894}"
1199942584,VERY_LONG,,1,2500000,,"{'id': 82800, 'context': 0, 'modifiers': [{'type': 6, 'value': 1072}], 'pet_breed_id': 5, 'pet_level': 1, 'pet_quality_id': 2, 'pet_species_id': 70}"
1199942620,VERY_LONG,,1,440000,,"{'id': 82800, 'context': 0, 'modifiers': [{'type': 6, 'value': 20026}], 'pet_breed_id': 15, 'pet_level': 1, 'pet_quality_id': 2, 'pet_species_id': 142}"
1199945039,VERY_LONG,,1,1501900,,"{'id': 94573, 'context': 0, 'modifiers': [{'type': 28, 'value': 168}]}"
1199945090,VERY_LONG,,1,901100,,"{'id': 82800, 'context': 0, 'modifiers': [{'type': 6, 'value': 48057}], 'pet_breed_id': 14, 'pet_level': 1, 'pet_quality_id': 3, 'pet_species_id': 1213}"
1199945091,VERY_LONG,,1,901100,,"{'id': 82800, 'context': 0, 'modifiers': [{'type': 6, 'value': 48057}], 'pet_breed_id': 20, 'pet_level': 1, 'pet_quality_id': 3, 'pet_species_id': 1213}"
1199945097,VERY_LONG,49900,118,,,{'id': 72988}
1199945100,VERY_LONG,59700,34,,,{'id': 74841}
1199946107,VERY_LONG,192100,1,,,{'id': 72986}
1199946111,VERY_LONG,30000,15,,,{'id': 72093}
1199946114,VERY_LONG,20000,15,,,{'id': 72237}
1199946120,VERY_LONG,125000,20,,,{'id': 82441}
1199946130,VERY_LONG,234900,18,,,{'id': 38426}
1199946149,VERY_LONG,,1,1502300,,"{'id': 177810, 'context': 17, 'bonus_lists': [6908, 6652, 1715], 'modifiers': [{'type': 9, 'value': 58}, {'type': 28, 'value': 1712}]}"
1199946649,VERY_LONG,,1,250000000,,"{'id': 82800, 'context': 0, 'modifiers': [{'type': 6, 'value': 46922}], 'pet_breed_id': 6, 'pet_level': 25, 'pet_quality_id': 3, 'pet_species_id': 1155}"
1199946650,VERY_LONG,,1,250000000,,"{'id': 82800, 'context': 0, 'modifiers': [{'type': 6, 'value': 46922}], 'pet_breed_id': 6, 'pet_level': 25, 'pet_quality_id': 3, 'pet_species_id': 1155}"
1199946805,VERY_LONG,1100000,20,,,{'id': 111445}
1199949637,VERY_LONG,42800,106,,,{'id': 94288}
1199949995,VERY_LONG,,1,2000000,,"{'id': 82800, 'context': 0, 'modifiers': [{'type': 6, 'value': 47731}], 'pet_breed_id': 5, 'pet_level': 1, 'pet_quality_id': 3, 'pet_species_id': 1180}"
1199951159,VERY_LONG,,1,20003200,,"{'id': 94047, 'context': 0, 'bonus_lists': [1705], 'modifiers': [{'type': 28, 'value': 167}]}"
1199951176,VERY_LONG,,1,69356300,,"{'id': 159544, 'context': 0, 'bonus_lists': [6655, 1692], 'modifiers': [{'type': 9, 'value': 50}, {'type': 28, 'value': 191}]}"
1199951191,VERY_LONG,5950000,6,,,{'id': 21884}
1199951199,VERY_LONG,75500,1,,,{'id': 74248}
1199951224,VERY_LONG,42800,35,,,{'id': 94288}
1199951242,VERY_LONG,,1,20006800,,"{'id': 94058, 'context': 0, 'bonus_lists': [1693], 'modifiers': [{'type': 28, 'value': 168}]}"
1199951268,VERY_LONG,,1,499900,,"{'id': 18229, 'context': 0}"
1199951306,VERY_LONG,,1,20009700,,"{'id': 94066, 'context': 0, 'bonus_lists': [1713], 'modifiers': [{'type': 28, 'value': 167}]}"
1199951542,VERY_LONG,,1,8194000,,"{'id': 15439, 'context': 0, 'bonus_lists': [6654, 1693], 'modifiers': [{'type': 9, 'value': 30}, {'type': 28, 'value': 1007}]}"
1199951612,VERY_LONG,,1,61541600,,"{'id': 154839, 'context': 0, 'bonus_lists': [6654, 1690], 'modifiers': [{'type': 9, 'value': 50}, {'type': 28, 'value': 190}]}"
1199951639,VERY_LONG,8900,1,,,{'id': 80433}
1199951653,VERY_LONG,800000,2,,,{'id': 49908}
1199951668,VERY_LONG,5000,3,,,{'id': 108996}
1199951681,VERY_LONG,28900,19,,,{'id': 45087}
1199951689,VERY_LONG,,1,15000000,,"{'id': 18649, 'context': 14, 'modifiers': [{'type': 28, 'value': 868}]}"
1199951694,VERY_LONG,489800,1,,,{'id': 22572}
1199951695,VERY_LONG,7500,1,,,{'id': 74843}
1199951698,VERY_LONG,,1,499900,,"{'id': 30323, 'context': 0}"
1199951700,VERY_LONG,1100,1,,,{'id': 74837}
1199951704,VERY_LONG,,1,49999900,,"{'id': 24199, 'context': 0}"
1199951715,VERY_LONG,,1,499900,,"{'id': 87413, 'context': 0}"
1199951729,VERY_LONG,,1,499900,,"{'id': 72005, 'context': 0, 'modifiers': [{'type': 28, 'value': 1030}]}"
1199951737,VERY_LONG,,1,499900,,"{'id': 72005, 'context': 0, 'modifiers': [{'type': 28, 'value': 1030}]}"
1199951740,VERY_LONG,29700,3,,,{'id': 16202}
1199951750,VERY_LONG,181300,1,,,{'id': 89112}
1199951761,VERY_LONG,8600,3,,,{'id': 19441}
1199951775,VERY_LONG,12800,1,,,{'id': 172935}
1199951855,VERY_LONG,,1,5760200,,"{'id': 159531, 'context': 0, 'bonus_lists': [6655, 1687], 'modifiers': [{'type': 9, 'value': 50}, {'type': 28, 'value': 191}]}"
1199951877,VERY_LONG,,1,30003600,,"{'id': 94212, 'context': 0, 'bonus_lists': [1716], 'modifiers': [{'type': 28, 'value': 168}]}"
1199951911,VERY_LONG,,1,30001000,,"{'id': 94097, 'context': 0, 'bonus_lists': [1688], 'modifiers': [{'type': 28, 'value': 167}]}"
1199951925,VERY_LONG,,1,345987800,,"{'id': 159557, 'context': 0, 'bonus_lists': [4796, 1716], 'modifiers': [{'type': 9, 'value': 50}]}"
1199951959,VERY_LONG,,1,75105500,,"{'id': 159551, 'context': 0, 'bonus_lists': [4796, 42, 1701], 'modifiers': [{'type': 9, 'value': 50}]}"
1199951969,VERY_LONG,,1,30001000,,"{'id': 94097, 'context': 0, 'bonus_lists': [1705], 'modifiers': [{'type': 28, 'value': 167}]}"
1199951971,VERY_LONG,,1,4439700,,"{'id': 55450, 'context': 3, 'bonus_lists': [6655, 1709], 'modifiers': [{'type': 9, 'value': 35}, {'type': 28, 'value': 1029}]}"
1199951985,VERY_LONG,,1,2121125100,,"{'id': 18699, 'context': 1, 'bonus_lists': [6710], 'modifiers': [{'type': 9, 'value': 30}, {'type': 28, 'value': 212}]}"
1199952012,VERY_LONG,,1,25005500,,"{'id': 55360, 'context': 5, 'bonus_lists': [6655, 1692], 'modifiers': [{'type': 9, 'value': 35}, {'type': 28, 'value': 1029}]}"
1199952052,VERY_LONG,,1,35004400,,"{'id': 25177, 'context': 0, 'bonus_lists': [6655, 1681], 'modifiers': [{'type': 9, 'value': 30}, {'type': 28, 'value': 40}]}"
1199952064,VERY_LONG,49989800,1,,,{'id': 161344}
1199952075,VERY_LONG,,1,219368600,,"{'id': 159597, 'context': 0, 'bonus_lists': [6655, 4802, 1711], 'modifiers': [{'type': 9, 'value': 50}, {'type': 28, 'value': 191}]}"
1199952093,VERY_LONG,,1,1999900,,"{'id': 159818, 'context': 0, 'bonus_lists': [6655, 1688], 'modifiers': [{'type': 9, 'value': 50}, {'type': 28, 'value': 188}]}"
1199953104,VERY_LONG,,1,75105500,,"{'id': 159551, 'context': 0, 'bonus_lists': [4796, 1679], 'modifiers': [{'type': 9, 'value': 50}]}"
1199953121,VERY_LONG,,1,1999900,,"{'id': 159818, 'context': 0, 'bonus_lists': [6655, 1690], 'modifiers': [{'type': 9, 'value': 50}, {'type': 28, 'value': 188}]}"
1199953201,VERY_LONG,990400,33,,,{'id': 25416}
1199953230,VERY_LONG,,1,500000,,"{'id': 36174, 'context': 3, 'bonus_lists': [6654, 1691], 'modifiers': [{'type': 9, 'value': 30}, {'type': 28, 'value': 1020}]}"
1199953256,VERY_LONG,,1,828000,,"{'id': 71029, 'context': 3, 'modifiers': [{'type': 28, 'value': 1029}]}"
1199953312,VERY_LONG,,1,200008700,,"{'id': 10363, 'context': 1, 'bonus_lists': [6655, 1707], 'modifiers': [{'type': 9, 'value': 30}, {'type': 28, 'value': 205}]}"
1199953353,VERY_LONG,,1,27230600,,"{'id': 94262, 'context': 0, 'bonus_lists': [1699], 'modifiers': [{'type': 28, 'value': 167}]}"
1199953465,VERY_LONG,,1,82499900,50000000,"{'id': 94216, 'context': 0, 'bonus_lists': [1693], 'modifiers': [{'type': 28, 'value': 167}]}"
1199953482,VERY_LONG,,1,500000,,"{'id': 36286, 'context': 3, 'bonus_lists': [6654, 1706], 'modifiers': [{'type': 9, 'value': 30}, {'type': 28, 'value': 1020}]}"
1199953494,VERY_LONG,,1,500000,,"{'id': 36290, 'context': 3, 'bonus_lists': [6654, 1679], 'modifiers': [{'type': 9, 'value': 30}, {'type': 28, 'value': 1020}]}"
1199953508,VERY_LONG,,1,50000000,,"{'id': 87449, 'context': 0, 'bonus_lists': [6658], 'modifiers': [{'type': 9, 'value': 35}, {'type': 28, 'value': 168}]}"
1199953530,VERY_LONG,,1,350001500,150000000,"{'id': 159546, 'context': 0, 'bonus_lists': [6655, 1705], 'modifiers': [{'type': 9, 'value': 50}, {'type': 28, 'value': 191}]}"
1199953611,VERY_LONG,,1,20007500,10000000,"{'id': 87457, 'context': 0, 'bonus_lists': [6659], 'modifiers': [{'type': 9, 'value': 35}, {'type': 28, 'value': 1032}]}"
1199953706,VERY_LONG,,1,3002900,,"{'id': 24849, 'context': 22, 'bonus_lists': [6654, 1680], 'modifiers': [{'type': 9, 'value': 30}, {'type': 28, 'value': 1066}]}"
1199953877,VERY_LONG,6500,20,,,{'id': 152495}
1199953879,VERY_LONG,1200,20,,,{'id': 109223}
1199953890,VERY_LONG,,1,6959900,,"{'id': 82800, 'context': 0, 'modifiers': [{'type': 6, 'value': 99917}], 'pet_breed_id': 15, 'pet_level': 1, 'pet_quality_id': 2, 'pet_species_id': 3008}"
1199953901,VERY_LONG,,1,249999500,,"{'id': 158887, 'context': 13}"
1199953913,VERY_LONG,10000,28,,,{'id': 158379}
1199953985,VERY_LONG,10000,20,,,{'id': 127834}
1199955562,VERY_LONG,5500,9,,,{'id': 152509}
1199955575,VERY_LONG,5000,1,,,{'id': 152511}
1199955582,VERY_LONG,34800,16,,,{'id': 152579}
1199955606,VERY_LONG,4600,7,,,{'id': 152506}
1199955628,VERY_LONG,4800,6,,,{'id': 154897}
1199955715,VERY_LONG,17500,1,,,{'id': 152513}
1199957307,VERY_LONG,30000,4,,,{'id': 2841}
1199957332,VERY_LONG,57100,4,,,{'id': 6037}
1199957384,VERY_LONG,,1,480009900,,"{'id': 95416, 'context': 0, 'bonus_lists': [6883]}"
1199957411,VERY_LONG,,1,5000000,,"{'id': 8284, 'context': 1, 'bonus_lists': [6654], 'modifiers': [{'type': 9, 'value': 30}, {'type': 28, 'value': 205}]}"
1199957651,VERY_LONG,,1,5000000,,"{'id': 114821, 'context': 0}"
1199957708,VERY_LONG,2000000,2,,,{'id': 23426}
1199957825,VERY_LONG,,1,199990000,,"{'id': 182560, 'context': 0, 'bonus_lists': [6907, 6652, 1692], 'modifiers': [{'type': 9, 'value': 51}, {'type': 28, 'value': 1318}]}"
1199957826,VERY_LONG,,1,199990000,,"{'id': 182560, 'context': 0, 'bonus_lists': [6907, 6652, 1688], 'modifiers': [{'type': 9, 'value': 51}, {'type': 28, 'value': 1324}]}"
1199957827,VERY_LONG,,1,299990000,,"{'id': 182560, 'context': 17, 'bonus_lists': [6907, 6652, 1706], 'modifiers': [{'type': 9, 'value': 55}, {'type': 28, 'value': 747}]}"
1199957828,VERY_LONG,,1,199990000,,"{'id': 182560, 'context': 0, 'bonus_lists': [6907, 6652, 1679], 'modifiers': [{'type': 9, 'value': 52}, {'type': 28, 'value': 1320}]}"
1199957830,VERY_LONG,,1,149990000,,"{'id': 182725, 'context': 17, 'bonus_lists': [6907, 6652, 7194], 'modifiers': [{'type': 9, 'value': 53}, {'type': 28, 'value': 747}]}"
1199957832,VERY_LONG,,1,74990000,,"{'id': 182725, 'context': 0, 'bonus_lists': [6907, 6652, 7193], 'modifiers': [{'type': 9, 'value': 52}, {'type': 28, 'value': 1707}]}"
1199957833,VERY_LONG,,1,99990000,,"{'id': 175556, 'context': 0, 'bonus_lists': [6907, 1684], 'modifiers': [{'type': 9, 'value': 51}, {'type': 28, 'value': 1707}]}"
1199957834,VERY_LONG,,1,99990000,,"{'id': 175556, 'context': 0, 'bonus_lists': [6907, 1702], 'modifiers': [{'type': 9, 'value': 52}, {'type': 28, 'value': 1707}]}"
1199957835,VERY_LONG,,1,99990000,,"{'id': 175556, 'context': 0, 'bonus_lists': [6907, 1704], 'modifiers': [{'type': 9, 'value': 49}, {'type': 28, 'value': 1707}]}"
1199957836,VERY_LONG,,1,199990000,,"{'id': 175556, 'context': 0, 'bonus_lists': [6907, 1691], 'modifiers': [{'type': 9, 'value': 53}, {'type': 28, 'value': 807}]}"
1199957837,VERY_LONG,,1,99990000,,"{'id': 176762, 'context': 0, 'bonus_lists': [6907, 6652, 1714], 'modifiers': [{'type': 9, 'value': 52}, {'type': 28, 'value': 743}]}"
1199957838,VERY_LONG,,1,199990000,,"{'id': 176762, 'context': 0, 'bonus_lists': [6907, 6652, 1687], 'modifiers': [{'type': 9, 'value': 53}, {'type': 28, 'value': 1707}]}"
1199957839,VERY_LONG,,1,149990000,,"{'id': 175550, 'context': 0, 'bonus_lists': [6907, 1701], 'modifiers': [{'type': 9, 'value': 53}, {'type': 28, 'value': 1707}]}"
1199957840,VERY_LONG,,1,149990000,,"{'id': 175550, 'context': 0, 'bonus_lists': [6907, 1702], 'modifiers': [{'type': 9, 'value': 54}, {'type': 28, 'value': 1707}]}"
1199957841,VERY_LONG,,1,99990000,,"{'id': 176988, 'context': 17, 'bonus_lists': [6907, 6652, 7193, 1709], 'modifiers': [{'type': 9, 'value': 52}, {'type': 28, 'value': 747}]}"
1199957844,VERY_LONG,,1,199990000,,"{'id': 176988, 'context': 0, 'bonus_lists': [6907, 6652, 7193, 1706], 'modifiers': [{'type': 9, 'value': 55}, {'type': 28, 'value': 745}]}"
1199957845,VERY_LONG,,1,199990000,,"{'id': 176988, 'context': 17, 'bonus_lists': [6907, 6652, 7194, 1679], 'modifiers': [{'type': 9, 'value': 54}, {'type': 28, 'value': 1710}]}"
1199957846,VERY_LONG,,1,99990000,,"{'id': 175554, 'context': 0, 'bonus_lists': [6907, 1684], 'modifiers': [{'type': 9, 'value': 50}, {'type': 28, 'value': 1707}]}"
1199957848,VERY_LONG,,1,99990000,,"{'id': 175554, 'context': 0, 'bonus_lists': [6907, 1715], 'modifiers': [{'type': 9, 'value': 50}, {'type': 28, 'value': 1707}]}"
1199957849,VERY_LONG,,1,199990000,,"{'id': 175554, 'context': 0, 'bonus_lists': [6907, 1715], 'modifiers': [{'type': 9, 'value': 54}, {'type': 28, 'value': 1707}]}"
1199957850,VERY_LONG,,1,149990000,,"{'id': 177779, 'context': 0, 'bonus_lists': [6907, 6652, 7194, 1707], 'modifiers': [{'type': 9, 'value': 55}, {'type': 28, 'value': 1707}]}"
1199957851,VERY_LONG,,1,99990000,,"{'id': 176761, 'context': 0, 'bonus_lists': [6907, 6652, 7193, 1704], 'modifiers': [{'type': 9, 'value': 51}, {'type': 28, 'value': 1316}]}"
1199957853,VERY_LONG,,1,199990000,,"{'id': 176761, 'context': 0, 'bonus_lists': [6907, 6652, 7194, 1708], 'modifiers': [{'type': 9, 'value': 53}, {'type': 28, 'value': 1324}]}"
1199957855,VERY_LONG,,1,99990000,,"{'id': 176761, 'context': 0, 'bonus_lists': [6907, 6652, 7193, 1678], 'modifiers': [{'type': 9, 'value': 51}, {'type': 28, 'value': 1316}]}"
1199957856,VERY_LONG,,1,199990000,,"{'id': 176761, 'context': 0, 'bonus_lists': [6907, 6652, 7193, 1715], 'modifiers': [{'type': 9, 'value': 53}, {'type': 28, 'value': 1324}]}"
1199957858,VERY_LONG,,1,199990000,,"{'id': 176761, 'context': 0, 'bonus_lists': [6907, 6652, 7193, 1700], 'modifiers': [{'type': 9, 'value': 53}, {'type': 28, 'value': 743}]}"
1199957862,VERY_LONG,,1,199990000,,"{'id': 176761, 'context': 0, 'bonus_lists': [6907, 41, 7194, 1695], 'modifiers': [{'type': 9, 'value': 55}, {'type': 28, 'value': 1707}]}"
1199957864,VERY_LONG,,1,99990000,,"{'id': 176761, 'context': 17, 'bonus_lists': [6907, 6652, 7193, 1717], 'modifiers': [{'type': 9, 'value': 52}, {'type': 28, 'value': 747}]}"
1199957865,VERY_LONG,,1,99990000,,"{'id': 175561, 'context': 0, 'bonus_lists': [6907, 1708], 'modifiers': [{'type': 9, 'value': 50}, {'type': 28, 'value': 1707}]}"
1199957866,VERY_LONG,,1,199990000,,"{'id': 175561, 'context': 0, 'bonus_lists': [6907, 1684], 'modifiers': [{'type': 9, 'value': 53}, {'type': 28, 'value': 807}]}"
1199957868,VERY_LONG,,1,99990000,,"{'id': 175561, 'context': 0, 'bonus_lists': [6907, 1698], 'modifiers': [{'type': 9, 'value': 50}, {'type': 28, 'value': 1707}]}"
1199957869,VERY_LONG,,1,199990000,,"{'id': 175561, 'context': 0, 'bonus_lists': [6907, 1676], 'modifiers': [{'type': 9, 'value': 53}, {'type': 28, 'value': 807}]}"
1199957870,VERY_LONG,,1,99990000,,"{'id': 177793, 'context': 17, 'bonus_lists': [6907, 6652, 1710], 'modifiers': [{'type': 9, 'value': 52}, {'type': 28, 'value': 747}]}"
1199957872,VERY_LONG,,1,199990000,,"{'id': 177793, 'context': 0, 'bonus_lists': [6907, 6652, 1698], 'modifiers': [{'type': 9, 'value': 55}, {'type': 28, 'value': 1707}]}"
1199957873,VERY_LONG,,1,199990000,,"{'id': 177793, 'context': 0, 'bonus_lists': [6907, 6652, 1708], 'modifiers': [{'type': 9, 'value': 53}, {'type': 28, 'value': 1707}]}"
1199957874,VERY_LONG,,1,199990000,,"{'id': 177793, 'context': 17, 'bonus_lists': [6907, 6652, 1677], 'modifiers': [{'type': 9, 'value': 53}, {'type': 28, 'value': 747}]}"
1199957876,VERY_LONG,,1,199990000,,"{'id': 177793, 'context': 17, 'bonus_lists': [6907, 6652, 1689], 'modifiers': [{'type': 9, 'value': 54}, {'type': 28, 'value': 747}]}"
1199957878,VERY_LONG,,1,199990000,,"{'id': 176781, 'context': 0, 'bonus_lists': [6907, 6652, 1677], 'modifiers': [{'type': 9, 'value': 53}, {'type': 28, 'value': 1324}]}"
1199957879,VERY_LONG,,1,199990000,,"{'id': 176781, 'context': 0, 'bonus_lists': [6907, 6652, 1689], 'modifiers': [{'type': 9, 'value': 53}, {'type': 28, 'value': 1324}]}"
1199957880,VERY_LONG,,1,199990000,,"{'id': 176781, 'context': 0, 'bonus_lists': [6907, 6652, 1707], 'modifiers': [{'type': 9, 'value': 53}, {'type': 28, 'value': 743}]}"
1199957881,VERY_LONG,,1,199990000,,"{'id': 176781, 'context': 0, 'bonus_lists': [6907, 6652, 1700], 'modifiers': [{'type': 9, 'value': 53}, {'type': 28, 'value': 1324}]}"
1199957882,VERY_LONG,,1,99990000,,"{'id': 176787, 'context': 0, 'bonus_lists': [6907, 6652, 7194, 1715], 'modifiers': [{'type': 9, 'value': 51}, {'type': 28, 'value': 743}]}"
1199957883,VERY_LONG,,1,199990000,,"{'id': 176763, 'context': 17, 'bonus_lists': [6907, 6652, 1679], 'modifiers': [{'type': 9, 'value': 54}, {'type': 28, 'value': 747}]}"
1199957885,VERY_LONG,,1,199990000,,"{'id': 176763, 'context': 17, 'bonus_lists': [6907, 6652, 1681], 'modifiers': [{'type': 9, 'value': 53}, {'type': 28, 'value': 747}]}"
1199957886,VERY_LONG,,1,199990000,,"{'id': 176763, 'context': 0, 'bonus_lists': [6907, 6652, 1714], 'modifiers': [{'type': 9, 'value': 53}, {'type': 28, 'value': 1324}]}"
1199957887,VERY_LONG,,1,99990000,,"{'id': 176763, 'context': 17, 'bonus_lists': [6907, 6652, 1685], 'modifiers': [{'type': 9, 'value': 51}, {'type': 28, 'value': 747}]}"
1199957889,VERY_LONG,,1,199990000,,"{'id': 176763, 'context': 17, 'bonus_lists': [6907, 6652, 1712], 'modifiers': [{'type': 9, 'value': 54}, {'type': 28, 'value': 747}]}"
1199957890,VERY_LONG,,1,199990000,,"{'id': 182556, 'context': 17, 'bonus_lists': [6907, 6652, 1703], 'modifiers': [{'type': 9, 'value': 51}, {'type': 28, 'value': 1709}]}"
1199957891,VERY_LONG,,1,299990000,,"{'id': 182556, 'context': 0, 'bonus_lists': [6907, 6652, 1676], 'modifiers': [{'type': 9, 'value': 53}, {'type': 28, 'value': 1324}]}"
1199957893,VERY_LONG,,1,199990000,,"{'id': 182556, 'context': 0, 'bonus_lists': [6907, 6652, 1707], 'modifiers': [{'type': 9, 'value': 51}, {'type': 28, 'value': 1324}]}"
1199957894,VERY_LONG,,1,199990000,,"{'id': 182556, 'context': 0, 'bonus_lists': [6907, 41, 1716], 'modifiers': [{'type': 9, 'value': 52}, {'type': 28, 'value': 1321}]}"
1199957896,VERY_LONG,,1,299990000,,"{'id': 182556, 'context': 0, 'bonus_lists': [6907, 40, 1687], 'modifiers': [{'type': 9, 'value': 53}, {'type': 28, 'value': 1324}]}"
1199957897,VERY_LONG,,1,299990000,,"{'id': 182556, 'context': 0, 'bonus_lists': [6907, 6652, 1696], 'modifiers': [{'type': 9, 'value': 54}, {'type': 28, 'value': 1324}]}"
1199957898,VERY_LONG,,1,299990000,,"{'id': 182558, 'context': 0, 'bonus_lists': [6907, 6652, 1707], 'modifiers': [{'type': 9, 'value': 53}, {'type': 28, 'value': 1324}]}"
1199957899,VERY_LONG,,1,199990000,,"{'id': 182558, 'context': 17, 'bonus_lists': [6907, 6652, 1707], 'modifiers': [{'type': 9, 'value': 51}, {'type': 28, 'value': 1709}]}"
1199957900,VERY_LONG,,1,299990000,,"{'id': 182558, 'context': 0, 'bonus_lists': [6907, 6652, 1693], 'modifiers': [{'type': 9, 'value': 53}, {'type': 28, 'value': 1324}]}"
1199957901,VERY_LONG,,1,299990000,,"{'id': 182558, 'context': 0, 'bonus_lists': [6907, 42, 1711], 'modifiers': [{'type': 9, 'value': 53}, {'type': 28, 'value': 1324}]}"
1199957903,VERY_LONG,,1,299990000,,"{'id': 182558, 'context': 0, 'bonus_lists': [6907, 6652, 1679], 'modifiers': [{'type': 9, 'value': 54}, {'type': 28, 'value': 1707}]}"
1199957905,VERY_LONG,,1,199990000,,"{'id': 182558, 'context': 0, 'bonus_lists': [6907, 6652, 1676], 'modifiers': [{'type': 9, 'value': 52}, {'type': 28, 'value': 1707}]}"
1199957906,VERY_LONG,,1,74990000,,"{'id': 176769, 'context': 0, 'bonus_lists': [6907, 6652, 1691], 'modifiers': [{'type': 9, 'value': 51}, {'type': 28, 'value': 1318}]}"
1199957907,VERY_LONG,,1,74990000,,"{'id': 176769, 'context': 0, 'bonus_lists': [6907, 6652, 1710], 'modifiers': [{'type': 9, 'value': 51}, {'type': 28, 'value': 1324}]}"
1199957910,VERY_LONG,,1,99990000,,"{'id': 176970, 'context': 0, 'bonus_lists': [6907, 6652, 1680], 'modifiers': [{'type': 9, 'value': 50}, {'type': 28, 'value': 1707}]}"
1199957911,VERY_LONG,,1,99990000,,"{'id': 176974, 'context': 17, 'bonus_lists': [6907, 6652, 7194, 1690], 'modifiers': [{'type': 9, 'value': 52}, {'type': 28, 'value': 747}]}"
1199957912,VERY_LONG,,1,199990000,,"{'id': 176974, 'context': 0, 'bonus_lists': [6907, 6652, 7193, 1715], 'modifiers': [{'type': 9, 'value': 54}, {'type': 28, 'value': 1332}]}"
1199957913,VERY_LONG,,1,99990000,,"{'id': 176974, 'context': 0, 'bonus_lists': [6907, 40, 7194, 1700], 'modifiers': [{'type': 9, 'value': 51}, {'type': 28, 'value': 1707}]}"
1199957914,VERY_LONG,,1,149990000,,"{'id': 176792, 'context': 0, 'bonus_lists': [6907, 6652, 7194, 1696], 'modifiers': [{'type': 9, 'value': 53}, {'type': 28, 'value': 1324}]}"
1199957915,VERY_LONG,,1,199990000,,"{'id': 177771, 'context': 0, 'bonus_lists': [6907, 6652, 1714], 'modifiers': [{'type': 9, 'value': 55}, {'type': 28, 'value': 1707}]}"
1199957916,VERY_LONG,,1,99990000,,"{'id': 177771, 'context': 0, 'bonus_lists': [6907, 6652, 1710], 'modifiers': [{'type': 9, 'value': 51}, {'type': 28, 'value': 1707}]}"
1199957918,VERY_LONG,,1,199990000,,"{'id': 177771, 'context': 0, 'bonus_lists': [6907, 6652, 1685], 'modifiers': [{'type': 9, 'value': 55}, {'type': 28, 'value': 1707}]}"
1199957920,VERY_LONG,,1,74990000,,"{'id': 175571, 'context': 0, 'bonus_lists': [6907, 1701], 'modifiers': [{'type': 9, 'value': 51}, {'type': 28, 'value': 1707}]}"
1199957921,VERY_LONG,,1,74990000,,"{'id': 175571, 'context': 0, 'bonus_lists': [6907, 1709], 'modifiers': [{'type': 9, 'value': 52}, {'type': 28, 'value': 807}]}"
1199957922,VERY_LONG,,1,199990000,,"{'id': 176971, 'context': 0, 'bonus_lists': [6907, 6652, 1678], 'modifiers': [{'type': 9, 'value': 54}, {'type': 28, 'value': 1332}]}"
1199957924,VERY_LONG,,1,99990000,,"{'id': 176971, 'context': 17, 'bonus_lists': [6907, 6652, 1676], 'modifiers': [{'type': 9, 'value': 51}, {'type': 28, 'value': 747}]}"
1199957926,VERY_LONG,,1,199990000,,"{'id': 176971, 'context': 0, 'bonus_lists': [6907, 6652, 1686], 'modifiers': [{'type': 9, 'value': 54}, {'type': 28, 'value': 1329}]}"
1199957927,VERY_LONG,,1,199990000,,"{'id': 176971, 'context': 0, 'bonus_lists': [6907, 6652, 1709], 'modifiers': [{'type': 9, 'value': 53}, {'type': 28, 'value': 1707}]}"
1199957928,VERY_LONG,,1,199990000,,"{'id': 175560, 'context': 0, 'bonus_lists': [6907, 1698], 'modifiers': [{'type': 9, 'value': 55}, {'type': 28, 'value': 1707}]}"
1199957929,VERY_LONG,,1,99990000,,"{'id': 175560, 'context': 0, 'bonus_lists': [6907, 1715], 'modifiers': [{'type': 9, 'value': 50}, {'type': 28, 'value': 1707}]}"
1199957931,VERY_LONG,,1,99990000,,"{'id': 175560, 'context': 0, 'bonus_lists': [6907, 1704], 'modifiers': [{'type': 9, 'value': 50}, {'type': 28, 'value': 1707}]}"
1199957932,VERY_LONG,,1,99990000,,"{'id': 175560, 'context': 0, 'bonus_lists': [6907, 1693], 'modifiers': [{'type': 9, 'value': 50}, {'type': 28, 'value': 1707}]}"
1199957933,VERY_LONG,,1,99990000,,"{'id': 176987, 'context': 0, 'bonus_lists': [6907, 6652, 7194, 1689], 'modifiers': [{'type': 9, 'value': 50}, {'type': 28, 'value': 1707}]}"
1199957934,VERY_LONG,,1,199990000,,"{'id': 176987, 'context': 0, 'bonus_lists': [6907, 6652, 7193, 1708], 'modifiers': [{'type': 9, 'value': 54}, {'type': 28, 'value': 1331}]}"
1199957936,VERY_LONG,,1,99990000,,"{'id': 176784, 'context': 0, 'bonus_lists': [6907, 6652, 1678], 'modifiers': [{'type': 9, 'value': 52}, {'type': 28, 'value': 1320}]}"
1199957939,VERY_LONG,,1,99990000,,"{'id': 176784, 'context': 0, 'bonus_lists': [6907, 6652, 1679], 'modifiers': [{'type': 9, 'value': 51}, {'type': 28, 'value': 1318}]}"
1199957943,VERY_LONG,,1,199990000,,"{'id': 176784, 'context': 0, 'bonus_lists': [6907, 6652, 1678], 'modifiers': [{'type': 9, 'value': 53}, {'type': 28, 'value': 1324}]}"
1199957948,VERY_LONG,,1,199990000,,"{'id': 176784, 'context': 0, 'bonus_lists': [6907, 6652, 1711], 'modifiers': [{'type': 9, 'value': 55}, {'type': 28, 'value': 1707}]}"
1199957952,VERY_LONG,,1,99990000,,"{'id': 176784, 'context': 17, 'bonus_lists': [6907, 6652, 1704], 'modifiers': [{'type': 9, 'value': 51}, {'type': 28, 'value': 747}]}"
1199957955,VERY_LONG,,1,99990000,,"{'id': 176784, 'context': 0, 'bonus_lists': [6907, 42, 1690], 'modifiers': [{'type': 9, 'value': 51}, {'type': 28, 'value': 1316}]}"
1199957957,VERY_LONG,,1,99990000,,"{'id': 176784, 'context': 0, 'bonus_lists': [6907, 6652, 1715], 'modifiers': [{'type': 9, 'value': 52}, {'type': 28, 'value': 1323}]}"
1199957958,VERY_LONG,,1,99990000,,"{'id': 176784, 'context': 0, 'bonus_lists': [6907, 6652, 1690], 'modifiers': [{'type': 9, 'value': 52}, {'type': 28, 'value': 1323}]}"
1199957959,VERY_LONG,,1,99990000,,"{'id': 175562, 'context': 0, 'bonus_lists': [6907, 1713], 'modifiers': [{'type': 9, 'value': 51}, {'type': 28, 'value': 1707}]}"
1199957960,VERY_LONG,,1,199990000,,"{'id': 175562, 'context': 0, 'bonus_lists': [6907, 1694], 'modifiers': [{'type': 9, 'value': 54}, {'type': 28, 'value': 1707}]}"
1199957961,VERY_LONG,,1,99990000,,"{'id': 175566, 'context': 0, 'bonus_lists': [6907, 1690], 'modifiers': [{'type': 9, 'value': 50}, {'type': 28, 'value': 1707}]}"
1199957962,VERY_LONG,,1,199990000,,"{'id': 176771, 'context': 0, 'bonus_lists': [6907, 6652, 1679], 'modifiers': [{'type': 9, 'value': 53}, {'type': 28, 'value': 1324}]}"
1199957963,VERY_LONG,,1,99990000,,"{'id': 175552, 'context': 0, 'bonus_lists': [6907, 1702], 'modifiers': [{'type': 9, 'value': 52}, {'type': 28, 'value': 1707}]}"
1199957964,VERY_LONG,,1,199990000,,"{'id': 176786, 'context': 0, 'bonus_lists': [6907, 6652, 7193, 1715], 'modifiers': [{'type': 9, 'value': 53}, {'type': 28, 'value': 743}]}"
1199957966,VERY_LONG,,1,199990000,,"{'id': 176786, 'context': 0, 'bonus_lists': [6907, 6652, 7194, 1700], 'modifiers': [{'type': 9, 'value': 53}, {'type': 28, 'value': 1324}]}"
1199957968,VERY_LONG,,1,199990000,,"{'id': 176789, 'context': 0, 'bonus_lists': [6907, 6652, 7193, 1682], 'modifiers': [{'type': 9, 'value': 53}, {'type': 28, 'value': 743}]}"
1199957969,VERY_LONG,,1,99990000,,"{'id': 176973, 'context': 17, 'bonus_lists': [6907, 6652, 1705], 'modifiers': [{'type': 9, 'value': 52}, {'type': 28, 'value': 747}]}"
1199957970,VERY_LONG,,1,199990000,,"{'id': 176973, 'context': 0, 'bonus_lists': [6907, 6652, 1692], 'modifiers': [{'type': 9, 'value': 54}, {'type': 28, 'value': 1327}]}"
1199957974,VERY_LONG,,1,99990000,,"{'id': 176973, 'context': 17, 'bonus_lists': [6907, 6652, 1698], 'modifiers': [{'type': 9, 'value': 52}, {'type': 28, 'value': 747}]}"
1199957977,VERY_LONG,,1,199990000,,"{'id': 176775, 'context': 0, 'bonus_lists': [6907, 6652, 7193, 1712], 'modifiers': [{'type': 9, 'value': 53}, {'type': 28, 'value': 1324}]}"
1199957978,VERY_LONG,,1,74990000,,"{'id': 175549, 'context': 0, 'bonus_lists': [6907, 1690], 'modifiers': [{'type': 9, 'value': 51}, {'type': 28, 'value': 807}]}"
1199957979,VERY_LONG,,1,74990000,,"{'id': 175549, 'context': 0, 'bonus_lists': [6907, 1686], 'modifiers': [{'type': 9, 'value': 51}, {'type': 28, 'value': 1707}]}"
1199957980,VERY_LONG,,1,149990000,,"{'id': 176969, 'context': 0, 'bonus_lists': [6907, 41, 1693], 'modifiers': [{'type': 9, 'value': 54}, {'type': 28, 'value': 1327}]}"
1199957981,VERY_LONG,,1,149990000,,"{'id': 176990, 'context': 0, 'bonus_lists': [6907, 6652, 7193, 1707], 'modifiers': [{'type': 9, 'value': 54}, {'type': 28, 'value': 1327}]}"
1199957983,VERY_LONG,,1,199990000,,"{'id': 176964, 'context': 0, 'bonus_lists': [6907, 6652, 1705], 'modifiers': [{'type': 9, 'value': 55}, {'type': 28, 'value': 745}]}"
1199957985,VERY_LONG,,1,199990000,,"{'id': 176986, 'context': 0, 'bonus_lists': [6907, 6652, 7194, 1685], 'modifiers': [{'type': 9, 'value': 54}, {'type': 28, 'value': 1327}]}"
1199957987,VERY_LONG,,1,199990000,,"{'id': 177775, 'context': 0, 'bonus_lists': [6907, 6652, 1690], 'modifiers': [{'type': 9, 'value': 54}, {'type': 28, 'value': 1707}]}"
1199957989,VERY_LONG,,1,199990000,,"{'id': 176977, 'context': 0, 'bonus_lists': [6907, 42, 1711], 'modifiers': [{'type': 9, 'value': 54}, {'type': 28, 'value': 1332}]}"
1199957990,VERY_LONG,,1,199990000,,"{'id': 176980, 'context': 0, 'bonus_lists': [6907, 6652, 1676], 'modifiers': [{'type': 9, 'value': 54}, {'type': 28, 'value': 1334}]}"
1199957992,VERY_LONG,,1,99990000,,"{'id': 177792, 'context': 0, 'bonus_lists': [6907, 42, 1713], 'modifiers': [{'type': 9, 'value': 51}, {'type': 28, 'value': 1707}]}"
1199957993,VERY_LONG,,1,199990000,,"{'id': 176965, 'context': 0, 'bonus_lists': [6907, 6652, 1688], 'modifiers': [{'type': 9, 'value': 53}, {'type': 28, 'value': 1707}]}"
1199957995,VERY_LONG,,1,199990000,,"{'id': 176779, 'context': 0, 'bonus_lists': [6907, 6652, 1712], 'modifiers': [{'type': 9, 'value': 53}, {'type': 28, 'value': 1324}]}"
1199957996,VERY_LONG,,1,199990000,,"{'id': 176772, 'context': 17, 'bonus_lists': [6907, 6652, 1711], 'modifiers': [{'type': 9, 'value': 55}, {'type': 28, 'value': 747}]}"
1199957997,VERY_LONG,,1,199990000,,"{'id': 176772, 'context': 0, 'bonus_lists': [6907, 6652, 1707], 'modifiers': [{'type': 9, 'value': 53}, {'type': 28, 'value': 1324}]}"
1199957998,VERY_LONG,,1,99990000,,"{'id': 176976, 'context': 17, 'bonus_lists': [6907, 6652, 7193, 1700], 'modifiers': [{'type': 9, 'value': 52}, {'type': 28, 'value': 747}]}"
1199958001,VERY_LONG,,1,149990000,,"{'id': 176785, 'context': 0, 'bonus_lists': [6907, 6652, 6935, 1681], 'modifiers': [{'type': 9, 'value': 51}, {'type': 28, 'value': 1318}]}"
1199958002,VERY_LONG,,1,99990000,,"{'id': 176963, 'context': 0, 'bonus_lists': [6907, 6652, 1706], 'modifiers': [{'type': 9, 'value': 52}, {'type': 28, 'value': 1707}]}"
1199958004,VERY_LONG,,1,35000000,,"{'id': 175568, 'context': 0, 'bonus_lists': [6907, 1677], 'modifiers': [{'type': 9, 'value': 50}, {'type': 28, 'value': 1707}]}"
1199958005,VERY_LONG,,1,199990000,,"{'id': 175568, 'context': 17, 'bonus_lists': [6907, 1704], 'modifiers': [{'type': 9, 'value': 53}, {'type': 28, 'value': 747}]}"
1199958006,VERY_LONG,,1,199990000,,"{'id': 177794, 'context': 17, 'bonus_lists': [6907, 6652, 7194, 1700], 'modifiers': [{'type': 9, 'value': 53}, {'type': 28, 'value': 747}]}"
1199958008,VERY_LONG,,1,74990000,,"{'id': 175572, 'context': 0, 'bonus_lists': [6907, 1679], 'modifiers': [{'type': 9, 'value': 51}, {'type': 28, 'value': 1707}]}"
1199958009,VERY_LONG,,1,99990000,,"{'id': 177796, 'context': 17, 'bonus_lists': [6907, 6652, 1685], 'modifiers': [{'type': 9, 'value': 52}, {'type': 28, 'value': 747}]}"
1199958010,VERY_LONG,,1,149990000,,"{'id': 175574, 'context': 0, 'bonus_lists': [6907, 1701], 'modifiers': [{'type': 9, 'value': 55}, {'type': 28, 'value': 807}]}"
1199958012,VERY_LONG,,1,249990000,,"{'id': 176961, 'context': 0, 'bonus_lists': [6907, 40, 6935, 1688], 'modifiers': [{'type': 9, 'value': 55}, {'type': 28, 'value': 745}]}"
1199960126,VERY_LONG,,1,2000000,,"{'id': 82800, 'context': 0, 'modifiers': [{'type': 6, 'value': 40521}], 'pet_breed_id': 6, 'pet_level': 1, 'pet_quality_id': 2, 'pet_species_id': 1040}"
1199960129,VERY_LONG,,1,2000000,,"{'id': 82800, 'context': 0, 'modifiers': [{'type': 6, 'value': 40521}], 'pet_breed_id': 6, 'pet_level': 1, 'pet_quality_id': 2, 'pet_species_id': 1040}"
1199960459,VERY_LONG,23631000,1,,,{'id': 128546}
1199960971,VERY_LONG,,1,6000000,,"{'id': 176976, 'context': 0, 'bonus_lists': [6907, 6652, 7194, 1682], 'modifiers': [{'type': 9, 'value': 60}, {'type': 28, 'value': 1707}]}"
1199961017,VERY_LONG,4356900,15,,,{'id': 171273}
1199966283,VERY_LONG,71000,1,,,{'id': 152577}
1199966304,VERY_LONG,4800,12,,,{'id': 154897}
1199966336,VERY_LONG,5000,5,,,{'id': 154898}
1199966377,VERY_LONG,4600,1,,,{'id': 152506}
1199966464,VERY_LONG,9900,6,,,{'id': 161053}
1199966508,VERY_LONG,,1,199990000,,"{'id': 171418, 'context': 65, 'bonus_lists': [6718, 7194, 1522]}"
1199966510,VERY_LONG,,1,199990000,,"{'id': 171418, 'context': 65, 'bonus_lists': [6718, 7194, 1522]}"
1199966512,VERY_LONG,,1,199990000,,"{'id': 171418, 'context': 65, 'bonus_lists': [6718, 7194, 1522]}"
1199966514,VERY_LONG,,1,199990000,,"{'id': 171418, 'context': 65, 'bonus_lists': [6718, 7193, 1522]}"
1199966515,VERY_LONG,,1,199990000,,"{'id': 171418, 'context': 65, 'bonus_lists': [6718, 7193, 1522]}"
1199966517,VERY_LONG,,1,199990000,,"{'id': 171418, 'context': 65, 'bonus_lists': [6718, 7194, 1522]}"
1199966518,VERY_LONG,,1,199990000,,"{'id': 171418, 'context': 65, 'bonus_lists': [6718, 7194, 1522]}"
1199966519,VERY_LONG,,1,199990000,,"{'id': 171418, 'context': 65, 'bonus_lists': [6718, 7193, 1522]}"
1199966521,VERY_LONG,,1,199990000,,"{'id': 171418, 'context': 65, 'bonus_lists': [6718, 7194, 1522]}"
1199966522,VERY_LONG,,1,199990000,,"{'id': 171418, 'context': 65, 'bonus_lists': [6718, 7194, 1522]}"
1199966524,VERY_LONG,,1,199990000,,"{'id': 171418, 'context': 65, 'bonus_lists': [6718, 7193, 1522]}"
1199966525,VERY_LONG,,1,199990000,,"{'id': 171418, 'context': 65, 'bonus_lists': [6718, 7193, 1522]}"
1199966676,VERY_LONG,,1,28930000,,"{'id': 171418, 'context': 64, 'bonus_lists': [6717, 7193, 1507]}"
1199966678,VERY_LONG,,1,28930000,,"{'id': 171418, 'context': 64, 'bonus_lists': [6717, 7193, 1507]}"
1199966679,VERY_LONG,,1,28930000,,"{'id': 171418, 'context': 64, 'bonus_lists': [6717, 7194, 1507]}"
1199966681,VERY_LONG,,1,28930000,,"{'id': 171418, 'context': 64, 'bonus_lists': [6717, 7194, 1507]}"
1199966682,VERY_LONG,,1,28930000,,"{'id': 171418, 'context': 64, 'bonus_lists': [6717, 7193, 1507]}"
1199966684,VERY_LONG,,1,28930000,,"{'id': 171418, 'context': 64, 'bonus_lists': [6717, 7194, 1507]}"
1199966685,VERY_LONG,,1,28930000,,"{'id': 171418, 'context': 64, 'bonus_lists': [6717, 7194, 1507]}"
1199966688,VERY_LONG,,1,28930000,,"{'id': 171418, 'context': 64, 'bonus_lists': [6717, 7194, 1507]}"
1199966782,VERY_LONG,,1,5990000,,"{'id': 171418, 'context': 63, 'bonus_lists': [6716, 7193, 1487]}"
1199966783,VERY_LONG,,1,5990000,,"{'id': 171418, 'context': 63, 'bonus_lists': [6716, 7193, 1487]}"
1199966784,VERY_LONG,,1,5990000,,"{'id': 171418, 'context': 63, 'bonus_lists': [6716, 7194, 1487]}"
1199966785,VERY_LONG,,1,5990000,,"{'id': 171418, 'context': 63, 'bonus_lists': [6716, 7193, 1487]}"
1199966786,VERY_LONG,,1,5990000,,"{'id': 171418, 'context': 63, 'bonus_lists': [6716, 7194, 1487]}"
1199969382,VERY_LONG,,1,199990000,,"{'id': 177784, 'context': 17, 'bonus_lists': [6907, 6652, 1684], 'modifiers': [{'type': 9, 'value': 55}, {'type': 28, 'value': 747}]}"
1199969383,VERY_LONG,,1,99990000,,"{'id': 175554, 'context': 17, 'bonus_lists': [6907, 1711], 'modifiers': [{'type': 9, 'value': 52}, {'type': 28, 'value': 747}]}"
1199969384,VERY_LONG,,1,199990000,,"{'id': 176777, 'context': 17, 'bonus_lists': [6907, 6652, 1680], 'modifiers': [{'type': 9, 'value': 55}, {'type': 28, 'value': 747}]}"
1199969385,VERY_LONG,,1,199990000,,"{'id': 176777, 'context': 0, 'bonus_lists': [6907, 6652, 1677], 'modifiers': [{'type': 9, 'value': 53}, {'type': 28, 'value': 1324}]}"
1199969386,VERY_LONG,,1,99990000,,"{'id': 176777, 'context': 0, 'bonus_lists': [6907, 6652, 1681], 'modifiers': [{'type': 9, 'value': 50}, {'type': 28, 'value': 1707}]}"
1199969387,VERY_LONG,,1,199990000,,"{'id': 176777, 'context': 0, 'bonus_lists': [6907, 6652, 1708], 'modifiers': [{'type': 9, 'value': 53}, {'type': 28, 'value': 1324}]}"
1199969389,VERY_LONG,,1,199990000,,"{'id': 176777, 'context': 0, 'bonus_lists': [6907, 41, 1693], 'modifiers': [{'type': 9, 'value': 53}, {'type': 28, 'value': 743}]}"
1199969390,VERY_LONG,,1,99990000,,"{'id': 176777, 'context': 0, 'bonus_lists': [6907, 6652, 1686], 'modifiers': [{'type': 9, 'value': 52}, {'type': 28, 'value': 743}]}"
1199969391,VERY_LONG,,1,99990000,,"{'id': 176777, 'context': 0, 'bonus_lists': [6907, 6652, 1708], 'modifiers': [{'type': 9, 'value': 50}, {'type': 28, 'value': 743}]}"
1199969393,VERY_LONG,,1,99990000,,"{'id': 176764, 'context': 0, 'bonus_lists': [6907, 6652, 1693], 'modifiers': [{'type': 9, 'value': 52}, {'type': 28, 'value': 1323}]}"
1199969394,VERY_LONG,,1,199990000,,"{'id': 176764, 'context': 0, 'bonus_lists': [6907, 6652, 1682], 'modifiers': [{'type': 9, 'value': 53}, {'type': 28, 'value': 1324}]}"
1199969396,VERY_LONG,,1,199990000,,"{'id': 176764, 'context': 0, 'bonus_lists': [6907, 6652, 1689], 'modifiers': [{'type': 9, 'value': 53}, {'type': 28, 'value': 1707}]}"
1199969397,VERY_LONG,,1,99990000,,"{'id': 176764, 'context': 0, 'bonus_lists': [6907, 6652, 1686], 'modifiers': [{'type': 9, 'value': 51}, {'type': 28, 'value': 1707}]}"
1199969398,VERY_LONG,,1,199990000,,"{'id': 176764, 'context': 0, 'bonus_lists': [6907, 6652, 1713], 'modifiers': [{'type': 9, 'value': 53}, {'type': 28, 'value': 743}]}"
1199969399,VERY_LONG,,1,99990000,,"{'id': 176764, 'context': 0, 'bonus_lists': [6907, 6652, 1679], 'modifiers': [{'type': 9, 'value': 52}, {'type': 28, 'value': 743}]}"
1199969401,VERY_LONG,,1,199990000,,"{'id': 176764, 'context': 0, 'bonus_lists': [6907, 6652, 1693], 'modifiers': [{'type': 9, 'value': 53}, {'type': 28, 'value': 1707}]}"
1199969402,VERY_LONG,,1,199990000,,"{'id': 175570, 'context': 17, 'bonus_lists': [6907, 1707], 'modifiers': [{'type': 9, 'value': 54}, {'type': 28, 'value': 747}]}"
1199969403,VERY_LONG,,1,99990000,,"{'id': 175569, 'context': 0, 'bonus_lists': [6907, 1679], 'modifiers': [{'type': 9, 'value': 50}, {'type': 28, 'value': 1707}]}"
1199969404,VERY_LONG,,1,199990000,,"{'id': 175569, 'context': 17, 'bonus_lists': [6907, 1694], 'modifiers': [{'type': 9, 'value': 55}, {'type': 28, 'value': 747}]}"
1199969406,VERY_LONG,,1,149990000,,"{'id': 176992, 'context': 0, 'bonus_lists': [6907, 6652, 7193, 1708], 'modifiers': [{'type': 9, 'value': 53}, {'type': 28, 'value': 1325}]}"
1199969407,VERY_LONG,,1,149990000,,"{'id': 176791, 'context': 0, 'bonus_lists': [6907, 6652, 6935, 1705], 'modifiers': [{'type': 9, 'value': 50}, {'type': 28, 'value': 1707}]}"
1199969408,VERY_LONG,,1,149990000,,"{'id': 176791, 'context': 0, 'bonus_lists': [6907, 6652, 7193, 1693], 'modifiers': [{'type': 9, 'value': 53}, {'type': 28, 'value': 743}]}"
1199969416,VERY_LONG,,1,149990000,,"{'id': 176968, 'context': 0, 'bonus_lists': [6907, 6652, 1705], 'modifiers': [{'type': 9, 'value': 54}, {'type': 28, 'value': 1326}]}"
1199969417,VERY_LONG,,1,74990000,,"{'id': 176968, 'context': 0, 'bonus_lists': [6907, 6652, 1715], 'modifiers': [{'type': 9, 'value': 50}, {'type': 28, 'value': 1707}]}"
1199969418,VERY_LONG,,1,199990000,,"{'id': 175546, 'context': 0, 'bonus_lists': [6907, 1692], 'modifiers': [{'type': 9, 'value': 54}, {'type': 28, 'value': 1707}]}"
1199969420,VERY_LONG,,1,199990000,,"{'id': 176979, 'context': 17, 'bonus_lists': [6907, 6652, 1711], 'modifiers': [{'type': 9, 'value': 54}, {'type': 28, 'value': 1710}]}"
1199969421,VERY_LONG,,1,299990000,,"{'id': 182556, 'context': 0, 'bonus_lists': [6907, 42, 1712], 'modifiers': [{'type': 9, 'value': 53}, {'type': 28, 'value': 743}]}"
1199969422,VERY_LONG,,1,299990000,,"{'id': 182556, 'context': 0, 'bonus_lists': [6907, 6652, 1688], 'modifiers': [{'type': 9, 'value': 53}, {'type': 28, 'value': 1324}]}"
1199969424,VERY_LONG,,1,199990000,,"{'id': 182556, 'context': 0, 'bonus_lists': [6907, 6652, 1690], 'modifiers': [{'type': 9, 'value': 51}, {'type': 28, 'value': 1324}]}"
1199969425,VERY_LONG,,1,199990000,,"{'id': 176982, 'context': 0, 'bonus_lists': [6907, 6652, 1715], 'modifiers': [{'type': 9, 'value': 54}, {'type': 28, 'value': 1334}]}"
1199969426,VERY_LONG,,1,199990000,,"{'id': 176784, 'context': 0, 'bonus_lists': [6907, 6652, 1716], 'modifiers': [{'type': 9, 'value': 53}, {'type': 28, 'value': 1324}]}"
1199969427,VERY_LONG,,1,199990000,,"{'id': 176784, 'context': 0, 'bonus_lists': [6907, 6652, 1693], 'modifiers': [{'type': 9, 'value': 53}, {'type': 28, 'value': 743}]}"
1199969428,VERY_LONG,,1,199990000,,"{'id': 175555, 'context': 0, 'bonus_lists': [6907, 1703], 'modifiers': [{'type': 9, 'value': 54}, {'type': 28, 'value': 1707}]}"
1199969430,VERY_LONG,,1,199990000,,"{'id': 175555, 'context': 0, 'bonus_lists': [6907, 1707], 'modifiers': [{'type': 9, 'value': 55}, {'type': 28, 'value': 1707}]}"
1199969431,VERY_LONG,,1,199990000,,"{'id': 175555, 'context': 0, 'bonus_lists': [6907, 1686], 'modifiers': [{'type': 9, 'value': 55}, {'type': 28, 'value': 1707}]}"
1199969432,VERY_LONG,,1,199990000,,"{'id': 175555, 'context': 0, 'bonus_lists': [6907, 1715], 'modifiers': [{'type': 9, 'value': 55}, {'type': 28, 'value': 1707}]}"
1199969434,VERY_LONG,,1,99990000,,"{'id': 175553, 'context': 0, 'bonus_lists': [6907, 1685], 'modifiers': [{'type': 9, 'value': 51}, {'type': 28, 'value': 807}]}"
1199969435,VERY_LONG,,1,99990000,,"{'id': 175553, 'context': 17, 'bonus_lists': [6907, 1704], 'modifiers': [{'type': 9, 'value': 51}, {'type': 28, 'value': 747}]}"
1199969436,VERY_LONG,,1,199990000,,"{'id': 176964, 'context': 0, 'bonus_lists': [6907, 40, 1679], 'modifiers': [{'type': 9, 'value': 54}, {'type': 28, 'value': 1332}]}"
1199969437,VERY_LONG,,1,199990000,,"{'id': 176964, 'context': 0, 'bonus_lists': [6907, 6652, 1677], 'modifiers': [{'type': 9, 'value': 54}, {'type': 28, 'value': 1326}]}"
1199969439,VERY_LONG,,1,199990000,,"{'id': 176964, 'context': 0, 'bonus_lists': [6907, 6652, 1715], 'modifiers': [{'type': 9, 'value': 55}, {'type': 28, 'value': 745}]}"
1199969440,VERY_LONG,,1,149990000,,"{'id': 176969, 'context': 0, 'bonus_lists': [6907, 6652, 1693], 'modifiers': [{'type': 9, 'value': 54}, {'type': 28, 'value': 1707}]}"
1199969441,VERY_LONG,,1,199990000,,"{'id': 176765, 'context': 0, 'bonus_lists': [6907, 6652, 1702], 'modifiers': [{'type': 9, 'value': 53}, {'type': 28, 'value': 743}]}"
1199969442,VERY_LONG,,1,99990000,,"{'id': 176765, 'context': 17, 'bonus_lists': [6907, 6652, 1706], 'modifiers': [{'type': 9, 'value': 51}, {'type': 28, 'value': 1709}]}"
1199969443,VERY_LONG,,1,199990000,,"{'id': 176765, 'context': 17, 'bonus_lists': [6907, 6652, 1716], 'modifiers': [{'type': 9, 'value': 54}, {'type': 28, 'value': 747}]}"
1199969444,VERY_LONG,,1,99990000,,"{'id': 177778, 'context': 0, 'bonus_lists': [6907, 6652, 7193, 1690], 'modifiers': [{'type': 9, 'value': 52}, {'type': 28, 'value': 1707}]}"
1199969445,VERY_LONG,,1,99990000,,"{'id': 177794, 'context': 0, 'bonus_lists': [6907, 6652, 7194, 1686], 'modifiers': [{'type': 9, 'value': 52}, {'type': 28, 'value': 1707}]}"
1199969446,VERY_LONG,,1,199990000,,"{'id': 177794, 'context': 0, 'bonus_lists': [6907, 42, 7194, 1693], 'modifiers': [{'type': 9, 'value': 55}, {'type': 28, 'value': 1707}]}"
1199969447,VERY_LONG,,1,99990000,,"{'id': 176773, 'context': 0, 'bonus_lists': [6907, 6652, 1701], 'modifiers': [{'type': 9, 'value': 52}, {'type': 28, 'value': 743}]}"
1199969449,VERY_LONG,,1,99990000,,"{'id': 176773, 'context': 0, 'bonus_lists': [6907, 6652, 1692], 'modifiers': [{'type': 9, 'value': 51}, {'type': 28, 'value': 1316}]}"
1199969450,VERY_LONG,,1,99990000,,"{'id': 176773, 'context': 17, 'bonus_lists': [6907, 6652, 1687], 'modifiers': [{'type': 9, 'value': 51}, {'type': 28, 'value': 1709}]}"
1199969452,VERY_LONG,,1,99990000,,"{'id': 176780, 'context': 0, 'bonus_lists': [6907, 6652, 1698], 'modifiers': [{'type': 9, 'value': 51}, {'type': 28, 'value': 743}]}"
1199969453,VERY_LONG,,1,199990000,,"{'id': 176780, 'context': 0, 'bonus_lists': [6907, 6652, 1703], 'modifiers': [{'type': 9, 'value': 53}, {'type': 28, 'value': 1324}]}"
1199969454,VERY_LONG,,1,199990000,,"{'id': 176780, 'context': 17, 'bonus_lists': [6907, 6652, 1676], 'modifiers': [{'type': 9, 'value': 54}, {'type': 28, 'value': 747}]}"
1199969455,VERY_LONG,,1,199990000,,"{'id': 176774, 'context': 0, 'bonus_lists': [6907, 6652, 7194, 1678], 'modifiers': [{'type': 9, 'value': 53}, {'type': 28, 'value': 743}]}"
1199969456,VERY_LONG,,1,99990000,,"{'id': 176774, 'context': 0, 'bonus_lists': [6907, 6652, 7193, 1713], 'modifiers': [{'type': 9, 'value': 51}, {'type': 28, 'value': 1707}]}"
1199969457,VERY_LONG,,1,199990000,,"{'id': 176774, 'context': 0, 'bonus_lists': [6907, 6652, 7194, 1697], 'modifiers': [{'type': 9, 'value': 55}, {'type': 28, 'value': 1707}]}"
1199969458,VERY_LONG,,1,149990000,,"{'id': 176774, 'context': 0, 'bonus_lists': [6907, 6652, 6935, 1711], 'modifiers': [{'type': 9, 'value': 51}, {'type': 28, 'value': 1316}]}"
1199969459,VERY_LONG,,1,99990000,,"{'id': 176786, 'context': 0, 'bonus_lists': [6907, 6652, 7194, 1701], 'modifiers': [{'type': 9, 'value': 51}, {'type': 28, 'value': 1318}]}"
1199969460,VERY_LONG,,1,199990000,,"{'id': 176786, 'context': 0, 'bonus_lists': [6907, 40, 7193, 1683], 'modifiers': [{'type': 9, 'value': 53}, {'type': 28, 'value': 743}]}"
1199969462,VERY_LONG,,1,149990000,,"{'id': 176786, 'context': 0, 'bonus_lists': [6907, 6652, 6935, 1705], 'modifiers': [{'type': 9, 'value': 51}, {'type': 28, 'value': 743}]}"
1199969464,VERY_LONG,,1,99990000,,"{'id': 176786, 'context': 17, 'bonus_lists': [6907, 6652, 7194, 1680], 'modifiers': [{'type': 9, 'value': 51}, {'type': 28, 'value': 1709}]}"
1199969465,VERY_LONG,,1,199990000,,"{'id': 182558, 'context': 0, 'bonus_lists': [6907, 6652, 1685], 'modifiers': [{'type': 9, 'value': 51}, {'type': 28, 'value': 1316}]}"
1199969467,VERY_LONG,,1,299990000,,"{'id': 182558, 'context': 0, 'bonus_lists': [6907, 40, 1682], 'modifiers': [{'type': 9, 'value': 53}, {'type': 28, 'value': 1324}]}"
1199969468,VERY_LONG,,1,299990000,,"{'id': 182558, 'context': 0, 'bonus_lists': [6907, 6652, 1716], 'modifiers': [{'type': 9, 'value': 53}, {'type': 28, 'value': 1324}]}"
1199969469,VERY_LONG,,1,199990000,,"{'id': 182558, 'context': 17, 'bonus_lists': [6907, 6652, 1696], 'modifiers': [{'type': 9, 'value': 52}, {'type': 28, 'value': 747}]}"
1199969470,VERY_LONG,,1,199990000,,"{'id': 182558, 'context': 0, 'bonus_lists': [6907, 6652, 1717], 'modifiers': [{'type': 9, 'value': 52}, {'type': 28, 'value': 1323}]}"
1199969473,VERY_LONG,,1,99990000,,"{'id': 176988, 'context': 17, 'bonus_lists': [6907, 6652, 7193, 1709], 'modifiers': [{'type': 9, 'value': 51}, {'type': 28, 'value': 747}]}"
1199969474,VERY_LONG,,1,199990000,,"{'id': 176988, 'context': 0, 'bonus_lists': [6907, 6652, 7194, 1688], 'modifiers': [{'type': 9, 'value': 53}, {'type': 28, 'value': 1325}]}"
1199969475,VERY_LONG,,1,74990000,,"{'id': 176792, 'context': 17, 'bonus_lists': [6907, 6652, 7194, 1677], 'modifiers': [{'type': 9, 'value': 52}, {'type': 28, 'value': 747}]}"
1199969476,VERY_LONG,,1,149990000,,"{'id': 176792, 'context': 17, 'bonus_lists': [6907, 6652, 7193, 1688], 'modifiers': [{'type': 9, 'value': 55}, {'type': 28, 'value': 747}]}"
1199969479,VERY_LONG,,1,74990000,,"{'id': 176792, 'context': 0, 'bonus_lists': [6907, 6652, 7193, 1702], 'modifiers': [{'type': 9, 'value': 49}, {'type': 28, 'value': 1316}]}"
1199969480,VERY_LONG,,1,199990000,,"{'id': 176776, 'context': 0, 'bonus_lists': [6907, 6652, 7193, 1686], 'modifiers': [{'type': 9, 'value': 53}, {'type': 28, 'value': 1324}]}"
1199969481,VERY_LONG,,1,199990000,,"{'id': 176978, 'context': 17, 'bonus_lists': [6907, 6652, 1683], 'modifiers': [{'type': 9, 'value': 54}, {'type': 28, 'value': 1710}]}"
1199969482,VERY_LONG,,1,199990000,,"{'id': 176978, 'context': 0, 'bonus_lists': [6907, 6652, 1702], 'modifiers': [{'type': 9, 'value': 53}, {'type': 28, 'value': 1325}]}"
1199969483,VERY_LONG,,1,199990000,,"{'id': 176978, 'context': 0, 'bonus_lists': [6907, 6652, 1714], 'modifiers': [{'type': 9, 'value': 55}, {'type': 28, 'value': 745}]}"
1199969484,VERY_LONG,,1,199990000,,"{'id': 176783, 'context': 0, 'bonus_lists': [6907, 6652, 1713], 'modifiers': [{'type': 9, 'value': 53}, {'type': 28, 'value': 1707}]}"
1199969485,VERY_LONG,,1,99990000,,"{'id': 176770, 'context': 0, 'bonus_lists': [6907, 6652, 1713], 'modifiers': [{'type': 9, 'value': 52}, {'type': 28, 'value': 1707}]}"
1199969488,VERY_LONG,,1,199990000,,"{'id': 176770, 'context': 0, 'bonus_lists': [6907, 6652, 1710], 'modifiers': [{'type': 9, 'value': 55}, {'type': 28, 'value': 1707}]}"
1199969489,VERY_LONG,,1,199990000,,"{'id': 176775, 'context': 0, 'bonus_lists': [6907, 6652, 7193, 1680], 'modifiers': [{'type': 9, 'value': 53}, {'type': 28, 'value': 1324}]}"
1199969491,VERY_LONG,,1,199990000,,"{'id': 176775, 'context': 0, 'bonus_lists': [6907, 6652, 7194, 1707], 'modifiers': [{'type': 9, 'value': 55}, {'type': 28, 'value': 1707}]}"
1199969492,VERY_LONG,,1,199990000,,"{'id': 176775, 'context': 0, 'bonus_lists': [6907, 6652, 7193, 1693], 'modifiers': [{'type': 9, 'value': 53}, {'type': 28, 'value': 1324}]}"
1199969494,VERY_LONG,,1,99990000,,"{'id': 176775, 'context': 17, 'bonus_lists': [6907, 6652, 7194, 1699], 'modifiers': [{'type': 9, 'value': 51}, {'type': 28, 'value': 1709}]}"
1199969496,VERY_LONG,,1,149990000,,"{'id': 176775, 'context': 0, 'bonus_lists': [6907, 6652, 6935, 1691], 'modifiers': [{'type': 9, 'value': 51}, {'type': 28, 'value': 1316}]}"
1199969497,VERY_LONG,,1,149990000,,"{'id': 176775, 'context': 0, 'bonus_lists': [6907, 6652, 6935, 1713], 'modifiers': [{'type': 9, 'value': 52}, {'type': 28, 'value': 1707}]}"
1199969499,VERY_LONG,,1,199990000,,"{'id': 176775, 'context': 0, 'bonus_lists': [6907, 43, 7194, 1709], 'modifiers': [{'type': 9, 'value': 53}, {'type': 28, 'value': 745}]}"
1199969501,VERY_LONG,,1,249990000,,"{'id': 176775, 'context': 0, 'bonus_lists': [6907, 6652, 6935, 1683], 'modifiers': [{'type': 9, 'value': 53}, {'type': 28, 'value': 743}]}"
1199969502,VERY_LONG,,1,99990000,,"{'id': 176775, 'context': 0, 'bonus_lists': [6907, 42, 7193, 1709], 'modifiers': [{'type': 9, 'value': 52}, {'type': 28, 'value': 743}]}"
1199969504,VERY_LONG,,1,199990000,,"{'id': 176775, 'context': 0, 'bonus_lists': [6907, 6652, 7194, 1688], 'modifiers': [{'type': 9, 'value': 53}, {'type': 28, 'value': 1324}]}"
1199969505,VERY_LONG,,1,199990000,,"{'id': 175562, 'context': 0, 'bonus_lists': [6907, 1691], 'modifiers': [{'type': 9, 'value': 55}, {'type': 28, 'value': 1707}]}"
1199969507,VERY_LONG,,1,99990000,,"{'id': 175560, 'context': 0, 'bonus_lists': [6907, 1683], 'modifiers': [{'type': 9, 'value': 52}, {'type': 28, 'value': 807}]}"
1199969508,VERY_LONG,,1,99990000,,"{'id': 175560, 'context': 0, 'bonus_lists': [6907, 1717], 'modifiers': [{'type': 9, 'value': 51}, {'type': 28, 'value': 1707}]}"
1199969509,VERY_LONG,,1,99990000,,"{'id': 177792, 'context': 17, 'bonus_lists': [6907, 6652, 1705], 'modifiers': [{'type': 9, 'value': 51}, {'type': 28, 'value': 747}]}"
1199969510,VERY_LONG,,1,199990000,,"{'id': 177783, 'context': 0, 'bonus_lists': [6907, 6652, 7194, 1691], 'modifiers': [{'type': 9, 'value': 54}, {'type': 28, 'value': 1707}]}"
1199969511,VERY_LONG,,1,149990000,,"{'id': 175551, 'context': 17, 'bonus_lists': [6907, 1713], 'modifiers': [{'type': 9, 'value': 54}, {'type': 28, 'value': 747}]}"
1199969515,VERY_LONG,,1,74990000,,"{'id': 175551, 'context': 0, 'bonus_lists': [6907, 1692], 'modifiers': [{'type': 9, 'value': 50}, {'type': 28, 'value': 1707}]}"
1199969517,VERY_LONG,,1,99990000,,"{'id': 177788, 'context': 17, 'bonus_lists': [6907, 6652, 7193, 1709], 'modifiers': [{'type': 9, 'value': 52}, {'type': 28, 'value': 747}]}"
1199969518,VERY_LONG,,1,199990000,,"{'id': 177788, 'context': 17, 'bonus_lists': [6907, 6652, 7193, 1688], 'modifiers': [{'type': 9, 'value': 54}, {'type': 28, 'value': 747}]}"
1199969520,VERY_LONG,,1,199990000,,"{'id': 177788, 'context': 17, 'bonus_lists': [6907, 6652, 7193, 1689], 'modifiers': [{'type': 9, 'value': 55}, {'type': 28, 'value': 747}]}"
1199969521,VERY_LONG,,1,199990000,,"{'id': 176981, 'context': 0, 'bonus_lists': [6907, 42, 1715], 'modifiers': [{'type': 9, 'value': 54}, {'type': 28, 'value': 1329}]}"
1199969522,VERY_LONG,,1,99990000,,"{'id': 175543, 'context': 0, 'bonus_lists': [6907, 1684], 'modifiers': [{'type': 9, 'value': 50}, {'type': 28, 'value': 1707}]}"
1199969523,VERY_LONG,,1,99990000,,"{'id': 175543, 'context': 0, 'bonus_lists': [6907, 1699], 'modifiers': [{'type': 9, 'value': 50}, {'type': 28, 'value': 1707}]}"
1199969524,VERY_LONG,,1,199990000,,"{'id': 175543, 'context': 0, 'bonus_lists': [6907, 1680], 'modifiers': [{'type': 9, 'value': 53}, {'type': 28, 'value': 1707}]}"
1199969525,VERY_LONG,,1,99990000,,"{'id': 175565, 'context': 0, 'bonus_lists': [6907, 1676], 'modifiers': [{'type': 9, 'value': 50}, {'type': 28, 'value': 1707}]}"
1199969527,VERY_LONG,,1,149990000,,"{'id': 176790, 'context': 0, 'bonus_lists': [6907, 6652, 7193, 1693], 'modifiers': [{'type': 9, 'value': 53}, {'type': 28, 'value': 1324}]}"
1199969528,VERY_LONG,,1,149990000,,"{'id': 176989, 'context': 0, 'bonus_lists': [6907, 6652, 7194, 1708], 'modifiers': [{'type': 9, 'value': 54}, {'type': 28, 'value': 1327}]}"
1199969529,VERY_LONG,,1,149990000,,"{'id': 176989, 'context': 0, 'bonus_lists': [6907, 6652, 7193, 1716], 'modifiers': [{'type': 9, 'value': 54}, {'type': 28, 'value': 1327}]}"
1199969531,VERY_LONG,,1,149990000,,"{'id': 176989, 'context': 0, 'bonus_lists': [6907, 6652, 7193, 1687], 'modifiers': [{'type': 9, 'value': 54}, {'type': 28, 'value': 1707}]}"
1199969534,VERY_LONG,,1,199990000,,"{'id': 176970, 'context': 0, 'bonus_lists': [6907, 6652, 1691], 'modifiers': [{'type': 9, 'value': 54}, {'type': 28, 'value': 1336}]}"
1199969535,VERY_LONG,,1,199990000,,"{'id': 176972, 'context': 17, 'bonus_lists': [6907, 6652, 1705], 'modifiers': [{'type': 9, 'value': 54}, {'type': 28, 'value': 1710}]}"
1199969536,VERY_LONG,,1,199990000,,"{'id': 176977, 'context': 0, 'bonus_lists': [6907, 6652, 1710], 'modifiers': [{'type': 9, 'value': 54}, {'type': 28, 'value': 1329}]}"
1199969537,VERY_LONG,,1,199990000,,"{'id': 176977, 'context': 0, 'bonus_lists': [6907, 40, 1716], 'modifiers': [{'type': 9, 'value': 54}, {'type': 28, 'value': 1327}]}"
1199969538,VERY_LONG,,1,99990000,,"{'id': 176788, 'context': 0, 'bonus_lists': [6907, 42, 7194, 1701], 'modifiers': [{'type': 9, 'value': 49}, {'type': 28, 'value': 1707}]}"
1199969539,VERY_LONG,,1,199990000,,"{'id': 176788, 'context': 0, 'bonus_lists': [6907, 6652, 7193, 1714], 'modifiers': [{'type': 9, 'value': 53}, {'type': 28, 'value': 1707}]}"
1199969540,VERY_LONG,,1,199990000,,"{'id': 176975, 'context': 0, 'bonus_lists': [6907, 43, 7194, 1705], 'modifiers': [{'type': 9, 'value': 54}, {'type': 28, 'value': 1327}]}"
1199969542,VERY_LONG,,1,199990000,,"{'id': 176975, 'context': 0, 'bonus_lists': [6907, 6652, 7194, 1707], 'modifiers': [{'type': 9, 'value': 54}, {'type': 28, 'value': 1332}]}"
1199969544,VERY_LONG,,1,199990000,,"{'id': 176975, 'context': 0, 'bonus_lists': [6907, 6652, 7193, 1707], 'modifiers': [{'type': 9, 'value': 53}, {'type': 28, 'value': 1707}]}"
1199969545,VERY_LONG,,1,99990000,,"{'id': 176975, 'context': 0, 'bonus_lists': [6907, 6652, 7194, 1684], 'modifiers': [{'type': 9, 'value': 51}, {'type': 28, 'value': 1707}]}"
1199969546,VERY_LONG,,1,149990000,,"{'id': 177774, 'context': 0, 'bonus_lists': [6907, 6652, 1697], 'modifiers': [{'type': 9, 'value': 54}, {'type': 28, 'value': 1707}]}"
1199969548,VERY_LONG,,1,199990000,,"{'id': 176963, 'context': 17, 'bonus_lists': [6907, 6652, 1703], 'modifiers': [{'type': 9, 'value': 54}, {'type': 28, 'value': 1710}]}"
1199969549,VERY_LONG,,1,99990000,,"{'id': 176963, 'context': 0, 'bonus_lists': [6907, 42, 1712], 'modifiers': [{'type': 9, 'value': 52}, {'type': 28, 'value': 1707}]}"
1199969550,VERY_LONG,,1,99990000,,"{'id': 176778, 'context': 0, 'bonus_lists': [6907, 6652, 1691], 'modifiers': [{'type': 9, 'value': 51}, {'type': 28, 'value': 1318}]}"
1199969552,VERY_LONG,,1,199990000,,"{'id': 176781, 'context': 0, 'bonus_lists': [6907, 6652, 1717], 'modifiers': [{'type': 9, 'value': 53}, {'type': 28, 'value': 743}]}"
1199969553,VERY_LONG,,1,199990000,,"{'id': 176971, 'context': 0, 'bonus_lists': [6907, 41, 1710], 'modifiers': [{'type': 9, 'value': 54}, {'type': 28, 'value': 1327}]}"
1199969554,VERY_LONG,,1,199990000,,"{'id': 176971, 'context': 0, 'bonus_lists': [6907, 6652, 1692], 'modifiers': [{'type': 9, 'value': 54}, {'type': 28, 'value': 1329}]}"
1199969555,VERY_LONG,,1,99990000,,"{'id': 176766, 'context': 0, 'bonus_lists': [6907, 6652, 1694], 'modifiers': [{'type': 9, 'value': 52}, {'type': 28, 'value': 743}]}"
1199969556,VERY_LONG,,1,199990000,,"{'id': 176766, 'context': 0, 'bonus_lists': [6907, 6652, 1698], 'modifiers': [{'type': 9, 'value': 53}, {'type': 28, 'value': 1324}]}"
1199969558,VERY_LONG,,1,199990000,,"{'id': 176766, 'context': 0, 'bonus_lists': [6907, 6652, 1717], 'modifiers': [{'type': 9, 'value': 53}, {'type': 28, 'value': 1324}]}"
1199969560,VERY_LONG,,1,199990000,,"{'id': 176985, 'context': 0, 'bonus_lists': [6907, 6652, 7193, 1690], 'modifiers': [{'type': 9, 'value': 54}, {'type': 28, 'value': 1332}]}"
1199969562,VERY_LONG,,1,199990000,,"{'id': 176984, 'context': 0, 'bonus_lists': [6907, 6652, 1699], 'modifiers': [{'type': 9, 'value': 54}, {'type': 28, 'value': 1327}]}"
1199969563,VERY_LONG,,1,199990000,,"{'id': 176984, 'context': 0, 'bonus_lists': [6907, 6652, 1684], 'modifiers': [{'type': 9, 'value': 54}, {'type': 28, 'value': 1327}]}"
1199969564,VERY_LONG,,1,149990000,,"{'id': 176990, 'context': 0, 'bonus_lists': [6907, 6652, 7193, 1680], 'modifiers': [{'type': 9, 'value': 54}, {'type': 28, 'value': 1331}]}"
1199969566,VERY_LONG,,1,149990000,,"{'id': 176990, 'context': 0, 'bonus_lists': [6907, 6652, 7194, 1679], 'modifiers': [{'type': 9, 'value': 55}, {'type': 28, 'value': 1707}]}"
1199969567,VERY_LONG,,1,149990000,,"{'id': 175571, 'context': 17, 'bonus_lists': [6907, 1700], 'modifiers': [{'type': 9, 'value': 55}, {'type': 28, 'value': 747}]}"
1199969568,VERY_LONG,,1,74990000,,"{'id': 175571, 'context': 0, 'bonus_lists': [6907, 1684], 'modifiers': [{'type': 9, 'value': 50}, {'type': 28, 'value': 1707}]}"
1199969569,VERY_LONG,,1,74990000,,"{'id': 176768, 'context': 0, 'bonus_lists': [6907, 6652, 1713], 'modifiers': [{'type': 9, 'value': 51}, {'type': 28, 'value': 1316}]}"
1199969571,VERY_LONG,,1,149990000,,"{'id': 177768, 'context': 0, 'bonus_lists': [6907, 6652, 1714], 'modifiers': [{'type': 9, 'value': 55}, {'type': 28, 'value': 1707}]}"
1199969573,VERY_LONG,,1,149990000,,"{'id': 175573, 'context': 0, 'bonus_lists': [6907, 1712], 'modifiers': [{'type': 9, 'value': 53}, {'type': 28, 'value': 1707}]}"
1199969574,VERY_LONG,,1,149990000,,"{'id': 175573, 'context': 0, 'bonus_lists': [6907, 1695], 'modifiers': [{'type': 9, 'value': 55}, {'type': 28, 'value': 807}]}"
1199969575,VERY_LONG,,1,199990000,,"{'id': 176782, 'context': 0, 'bonus_lists': [6907, 6652, 1693], 'modifiers': [{'type': 9, 'value': 54}, {'type': 28, 'value': 1707}]}"
1199969576,VERY_LONG,,1,74990000,,"{'id': 175574, 'context': 0, 'bonus_lists': [6907, 1698], 'modifiers': [{'type': 9, 'value': 52}, {'type': 28, 'value': 1707}]}"
1199972846,VERY_LONG,,1,2364700,,"{'id': 67123, 'context': 0, 'bonus_lists': [6658], 'modifiers': [{'type': 9, 'value': 35}, {'type': 28, 'value': 1027}]}"
1199972850,VERY_LONG,,1,4002600,,"{'id': 10152, 'context': 0, 'bonus_lists': [6654, 1709], 'modifiers': [{'type': 9, 'value': 30}, {'type': 28, 'value': 1004}]}"
1199972851,VERY_LONG,,1,13422900,,"{'id': 10135, 'context': 0, 'bonus_lists': [6654, 1705], 'modifiers': [{'type': 9, 'value': 30}, {'type': 28, 'value': 1004}]}"
1199972860,VERY_LONG,,1,82000,,"{'id': 82800, 'context': 0, 'modifiers': [{'type': 6, 'value': 73699}], 'pet_breed_id': 3, 'pet_level': 1, 'pet_quality_id': 3, 'pet_species_id': 1964}"
1199972862,VERY_LONG,,1,4652000,,"{'id': 82800, 'context': 0, 'modifiers': [{'type': 6, 'value': 66485}], 'pet_breed_id': 17, 'pet_level': 1, 'pet_quality_id': 3, 'pet_species_id': 1884}"
1199972925,VERY_LONG,,1,616000,,"{'id': 82800, 'context': 0, 'modifiers': [{'type': 6, 'value': 73708}], 'pet_breed_id': 11, 'pet_level': 1, 'pet_quality_id': 3, 'pet_species_id': 1968}"
1199973030,VERY_LONG,,1,20400,,"{'id': 82800, 'context': 0, 'modifiers': [{'type': 6, 'value': 21900}], 'pet_breed_id': 10, 'pet_level': 1, 'pet_quality_id': 3, 'pet_species_id': 162}"
1199974636,VERY_LONG,,1,14093300,,"{'id': 82057, 'context': 0, 'bonus_lists': [6655, 1715], 'modifiers': [{'type': 9, 'value': 42}, {'type': 28, 'value': 1754}]}"
1199974641,VERY_LONG,,1,557300,,"{'id': 82003, 'context': 0, 'bonus_lists': [6655, 1688], 'modifiers': [{'type': 9, 'value': 42}, {'type': 28, 'value': 1754}]}"
1199974645,VERY_LONG,,1,1990000,,"{'id': 180865, 'context': 0, 'bonus_lists': [6908, 6652], 'modifiers': [{'type': 9, 'value': 60}, {'type': 28, 'value': 2060}]}"
1199974647,VERY_LONG,,1,3500100,,"{'id': 180793, 'context': 0, 'bonus_lists': [6908, 6652, 1683], 'modifiers': [{'type': 9, 'value': 60}, {'type': 28, 'value': 1707}]}"
1199974648,VERY_LONG,,1,44004700,,"{'id': 180143, 'context': 0, 'bonus_lists': [6908, 6652, 1677], 'modifiers': [{'type': 9, 'value': 60}, {'type': 28, 'value': 1229}]}"
1199974649,VERY_LONG,,1,2000000,,"{'id': 179332, 'context': 0, 'bonus_lists': [6908, 6652, 1708], 'modifiers': [{'type': 9, 'value': 60}, {'type': 28, 'value': 1707}]}"
1199974651,VERY_LONG,,1,1000000,,"{'id': 179329, 'context': 0, 'bonus_lists': [6908, 6652, 1701], 'modifiers': [{'type': 9, 'value': 60}, {'type': 28, 'value': 1707}]}"
1199974652,VERY_LONG,,1,2500000,,"{'id': 179323, 'context': 0, 'bonus_lists': [6908, 6652, 1684], 'modifiers': [{'type': 9, 'value': 60}, {'type': 28, 'value': 2060}]}"
1199974653,VERY_LONG,,1,764000,,"{'id': 178953, 'context': 1, 'bonus_lists': [6908, 6652, 1691], 'modifiers': [{'type': 9, 'value': 60}, {'type': 28, 'value': 2044}]}"
1199974654,VERY_LONG,,1,902200,,"{'id': 178947, 'context': 0, 'bonus_lists': [6908, 6652, 1711], 'modifiers': [{'type': 9, 'value': 60}, {'type': 28, 'value': 1707}]}"
1199974657,VERY_LONG,,1,880000,,"{'id': 178945, 'context': 2, 'bonus_lists': [6908, 6652, 1699], 'modifiers': [{'type': 9, 'value': 60}, {'type': 28, 'value': 748}]}"
1199974658,VERY_LONG,,1,1000000,,"{'id': 177808, 'context': 0, 'bonus_lists': [6908, 6652, 1713], 'modifiers': [{'type': 9, 'value': 60}, {'type': 28, 'value': 1707}]}"
1199974660,VERY_LONG,,1,1004200,,"{'id': 176796, 'context': 0, 'bonus_lists': [6908, 6652, 1699], 'modifiers': [{'type': 9, 'value': 60}, {'type': 28, 'value': 1707}]}"
1199974663,VERY_LONG,,1,1382000,,"{'id': 172923, 'context': 13, 'modifiers': [{'type': 29, 'value': 40}, {'type': 30, 'value': 49}]}"
1199974665,VERY_LONG,,1,9999600,,"{'id': 87489, 'context': 0, 'bonus_lists': [6658], 'modifiers': [{'type': 9, 'value': 46}, {'type': 28, 'value': 1754}]}"
1199974667,VERY_LONG,,1,2000000,,"{'id': 82069, 'context': 0, 'bonus_lists': [6654, 1700], 'modifiers': [{'type': 9, 'value': 43}, {'type': 28, 'value': 1754}]}"
1199974668,VERY_LONG,,1,35008200,,"{'id': 81988, 'context': 0, 'bonus_lists': [6654, 1713], 'modifiers': [{'type': 9, 'value': 45}, {'type': 28, 'value': 1754}]}"
1199974670,VERY_LONG,,1,130500000,,"{'id': 182556, 'context': 0, 'bonus_lists': [6907, 6652, 1703], 'modifiers': [{'type': 9, 'value': 60}, {'type': 28, 'value': 2060}]}"
1199974672,VERY_LONG,,1,1001100,,"{'id': 177783, 'context': 0, 'bonus_lists': [6907, 6652, 7194, 1684], 'modifiers': [{'type': 9, 'value': 60}, {'type': 28, 'value': 2060}]}"
1199974673,VERY_LONG,,1,993000,,"{'id': 177781, 'context': 3, 'bonus_lists': [6907, 43, 1683], 'modifiers': [{'type': 9, 'value': 60}, {'type': 28, 'value': 751}]}"
1199974675,VERY_LONG,,1,3159300,,"{'id': 176992, 'context': 0, 'bonus_lists': [6907, 6652, 7194, 1713], 'modifiers': [{'type': 9, 'value': 60}, {'type': 28, 'value': 1707}]}"
1199974676,VERY_LONG,,1,12500000,,"{'id': 176985, 'context': 0, 'bonus_lists': [6907, 6652, 7193, 1708], 'modifiers': [{'type': 9, 'value': 60}, {'type': 28, 'value': 1707}]}"
1199974678,VERY_LONG,,1,399900,,"{'id': 176975, 'context': 0, 'bonus_lists': [6907, 6652, 7194, 1676], 'modifiers': [{'type': 9, 'value': 60}, {'type': 28, 'value': 1707}]}"
1199974679,VERY_LONG,,1,9610500,,"{'id': 176974, 'context': 0, 'bonus_lists': [6907, 6652, 7194, 1679], 'modifiers': [{'type': 9, 'value': 60}, {'type': 28, 'value': 1707}]}"
1199974681,VERY_LONG,,1,717600,,"{'id': 176973, 'context': 0, 'bonus_lists': [6907, 6652, 1693], 'modifiers': [{'type': 9, 'value': 60}, {'type': 28, 'value': 2060}]}"
1199974683,VERY_LONG,,1,2003300,,"{'id': 176971, 'context': 0, 'bonus_lists': [6907, 6652, 1684], 'modifiers': [{'type': 9, 'value': 60}, {'type': 28, 'value': 1707}]}"
1199974684,VERY_LONG,,1,10000000,,"{'id': 176970, 'context': 0, 'bonus_lists': [6907, 6652, 1717], 'modifiers': [{'type': 9, 'value': 60}, {'type': 28, 'value': 2060}]}"
1199974685,VERY_LONG,,1,3240000,,"{'id': 176967, 'context': 0, 'bonus_lists': [6907, 6652, 1676], 'modifiers': [{'type': 9, 'value': 60}, {'type': 28, 'value': 2060}]}"
1199974686,VERY_LONG,,1,45000000,,"{'id': 176965, 'context': 0, 'bonus_lists': [6907, 6652, 1679], 'modifiers': [{'type': 9, 'value': 60}, {'type': 28, 'value': 1707}]}"
1199974689,VERY_LONG,,1,2000000,,"{'id': 176797, 'context': 0, 'bonus_lists': [6908, 6652, 1686], 'modifiers': [{'type': 9, 'value': 60}, {'type': 28, 'value': 1707}]}"
1199974690,VERY_LONG,,1,480000,,"{'id': 176795, 'context': 0, 'bonus_lists': [6908, 43, 1689], 'modifiers': [{'type': 9, 'value': 60}, {'type': 28, 'value': 1707}]}"
1199974693,VERY_LONG,,1,70000000,,"{'id': 176790, 'context': 9, 'bonus_lists': [6907, 6652, 7193, 1689], 'modifiers': [{'type': 9, 'value': 60}, {'type': 28, 'value': 1707}]}"
1199974694,VERY_LONG,,1,5009700,,"{'id': 176786, 'context': 0, 'bonus_lists': [6907, 6652, 6935, 1682], 'modifiers': [{'type': 9, 'value': 60}, {'type': 28, 'value': 1707}]}"
1199974695,VERY_LONG,,1,502900,,"{'id': 176783, 'context': 0, 'bonus_lists': [6907, 6652, 1683], 'modifiers': [{'type': 9, 'value': 60}, {'type': 28, 'value': 1707}]}"
1199974696,VERY_LONG,,1,14560600,,"{'id': 176773, 'context': 0, 'bonus_lists': [6907, 43, 1692], 'modifiers': [{'type': 9, 'value': 60}, {'type': 28, 'value': 2060}]}"
1199974698,VERY_LONG,,1,2000000,,"{'id': 175569, 'context': 0, 'bonus_lists': [6907, 1692], 'modifiers': [{'type': 9, 'value': 60}, {'type': 28, 'value': 807}]}"
1199974699,VERY_LONG,,1,600000,,"{'id': 175568, 'context': 0, 'bonus_lists': [6907, 1676], 'modifiers': [{'type': 9, 'value': 60}, {'type': 28, 'value': 1707}]}"
1199974700,VERY_LONG,,1,7000000,,"{'id': 175564, 'context': 0, 'bonus_lists': [6907, 1696], 'modifiers': [{'type': 9, 'value': 60}, {'type': 28, 'value': 1707}]}"
1199974701,VERY_LONG,,1,1007500,,"{'id': 175556, 'context': 0, 'bonus_lists': [6907, 1712], 'modifiers': [{'type': 9, 'value': 60}, {'type': 28, 'value': 1707}]}"
1199974702,VERY_LONG,,1,99990000,,"{'id': 175554, 'context': 0, 'bonus_lists': [6907, 1684], 'modifiers': [{'type': 9, 'value': 60}, {'type': 28, 'value': 1707}]}"
1199974703,VERY_LONG,589700,20,,,{'id': 172920}
1199974706,VERY_LONG,4500,16,,,{'id': 74833}
1199974713,VERY_LONG,16500,6,,,{'id': 177061}
1199974714,VERY_LONG,540500,46,,,{'id': 173204}
1199974721,VERY_LONG,1336500,13,,,{'id': 172937}
1199974722,VERY_LONG,1728600,9,,,{'id': 172936}
1199974724,VERY_LONG,12800,48,,,{'id': 172935}
1199974725,VERY_LONG,186300,2,,,{'id': 172934}
1199974726,VERY_LONG,34000,4,,,{'id': 172092}
1199974734,VERY_LONG,800,29,,,{'id': 162515}
1199974735,VERY_LONG,700,12,,,{'id': 154899}
1199974738,VERY_LONG,,1,3240000,,"{'id': 176967, 'context': 2, 'bonus_lists': [6907, 6652, 1677], 'modifiers': [{'type': 9, 'value': 60}, {'type': 28, 'value': 748}]}"
1199974780,VERY_LONG,5500,2,,,{'id': 152509}
1199974781,VERY_LONG,34800,3,,,{'id': 152579}
1199974782,VERY_LONG,13900,2,,,{'id': 152508}
1199974788,VERY_LONG,4800,6,,,{'id': 154897}
1199974791,VERY_LONG,5000,8,,,{'id': 154898}
1199974795,VERY_LONG,5700,8,,,{'id': 158751}
1199974806,VERY_LONG,30000,135,,,{'id': 152541}
1199974816,VERY_LONG,59900,77,,,{'id': 154164}
1199974821,VERY_LONG,300,10,,,{'id': 154722}
1199974823,VERY_LONG,5000,25,,,{'id': 154898}
1199974826,VERY_LONG,4800,12,,,{'id': 154897}
1199974837,VERY_LONG,,1,990000,,"{'id': 177802, 'context': 9, 'bonus_lists': [6908, 6652, 1704], 'modifiers': [{'type': 9, 'value': 60}, {'type': 28, 'value': 1429}]}"
1199975025,VERY_LONG,,1,43100,,"{'id': 25307, 'context': 22, 'bonus_lists': [6655, 1705], 'modifiers': [{'type': 9, 'value': 30}, {'type': 28, 'value': 1075}]}"
1199975031,VERY_LONG,,1,18800,,"{'id': 24978, 'context': 22, 'bonus_lists': [6654, 1692], 'modifiers': [{'type': 9, 'value': 30}, {'type': 28, 'value': 1075}]}"
1199975034,VERY_LONG,,1,750000,,"{'id': 175550, 'context': 0, 'bonus_lists': [6907, 1689], 'modifiers': [{'type': 9, 'value': 59}, {'type': 28, 'value': 807}]}"
1199975041,VERY_LONG,,1,350200,,"{'id': 82275, 'context': 22, 'bonus_lists': [6655, 1716], 'modifiers': [{'type': 9, 'value': 35}, {'type': 28, 'value': 1131}]}"
1199979000,VERY_LONG,,1,149992000,,"{'id': 82800, 'context': 0, 'modifiers': [{'type': 6, 'value': 42872}], 'pet_breed_id': 3, 'pet_level': 25, 'pet_quality_id': 3, 'pet_species_id': 630}"
1199981205,VERY_LONG,540500,16,,,{'id': 173204}
1199983137,VERY_LONG,,1,19000000,,"{'id': 82800, 'context': 0, 'modifiers': [{'type': 6, 'value': 88034}], 'pet_breed_id': 11, 'pet_level': 1, 'pet_quality_id': 3, 'pet_species_id': 2461}"
1199983140,VERY_LONG,,1,346000000,,"{'id': 82800, 'context': 0, 'modifiers': [{'type': 6, 'value': 83641}], 'pet_breed_id': 3, 'pet_level': 1, 'pet_quality_id': 2, 'pet_species_id': 2416}"
1199983150,VERY_LONG,,1,92365500,,"{'id': 82800, 'context': 0, 'modifiers': [{'type': 6, 'value': 1072}], 'pet_breed_id': 5, 'pet_level': 1, 'pet_quality_id': 2, 'pet_species_id': 2063}"
1199983151,VERY_LONG,,1,176000000,,"{'id': 82800, 'context': 0, 'modifiers': [{'type': 6, 'value': 78240}], 'pet_breed_id': 19, 'pet_level': 1, 'pet_quality_id': 3, 'pet_species_id': 2693}"
1199983154,VERY_LONG,,1,416000000,,"{'id': 82800, 'context': 0, 'modifiers': [{'type': 6, 'value': 80951}], 'pet_breed_id': 10, 'pet_level': 1, 'pet_quality_id': 2, 'pet_species_id': 2407}"
1199983157,VERY_LONG,,1,335000000,,"{'id': 82800, 'context': 0, 'modifiers': [{'type': 6, 'value': 98460}], 'pet_breed_id': 8, 'pet_level': 1, 'pet_quality_id': 2, 'pet_species_id': 3023}"
1199983162,VERY_LONG,,1,340000000,,"{'id': 82800, 'context': 0, 'modifiers': [{'type': 6, 'value': 98453}], 'pet_breed_id': 19, 'pet_level': 1, 'pet_quality_id': 2, 'pet_species_id': 3016}"
1199983165,VERY_LONG,,1,356000000,,"{'id': 82800, 'context': 0, 'modifiers': [{'type': 6, 'value': 90874}], 'pet_breed_id': 6, 'pet_level': 1, 'pet_quality_id': 3, 'pet_species_id': 2718}"
1199983198,VERY_LONG,,1,50661300,,"{'id': 82800, 'context': 0, 'modifiers': [{'type': 6, 'value': 88007}], 'pet_breed_id': 12, 'pet_level': 1, 'pet_quality_id': 3, 'pet_species_id': 2453}"
1199983228,VERY_LONG,,1,556000000,,"{'id': 82800, 'context': 0, 'modifiers': [{'type': 6, 'value': 95147}], 'pet_breed_id': 8, 'pet_level': 1, 'pet_quality_id': 3, 'pet_species_id': 2851}"
1199983249,VERY_LONG,,1,346000000,,"{'id': 82800, 'context': 0, 'modifiers': [{'type': 6, 'value': 95149}], 'pet_breed_id': 18, 'pet_level': 1, 'pet_quality_id': 3, 'pet_species_id': 2853}"
1199983258,VERY_LONG,,1,145000000,,"{'id': 82800, 'context': 0, 'modifiers': [{'type': 6, 'value': 88037}], 'pet_breed_id': 15, 'pet_level': 1, 'pet_quality_id': 3, 'pet_species_id': 2460}"
1199983260,VERY_LONG,,1,676000000,,"{'id': 82800, 'context': 0, 'modifiers': [{'type': 6, 'value': 77989}], 'pet_breed_id': 7, 'pet_level': 1, 'pet_quality_id': 3, 'pet_species_id': 2528}"
1199983278,VERY_LONG,,1,113881000,,"{'id': 82800, 'context': 0, 'modifiers': [{'type': 6, 'value': 91248}], 'pet_breed_id': 5, 'pet_level': 1, 'pet_quality_id': 3, 'pet_species_id': 2761}"
1199983319,VERY_LONG,,1,44000000,,"{'id': 82800, 'context': 0, 'modifiers': [{'type': 6, 'value': 99907}], 'pet_breed_id': 9, 'pet_level': 1, 'pet_quality_id': 2, 'pet_species_id': 3033}"
1199983696,VERY_LONG,,1,761500,,"{'id': 183971, 'context': 0, 'bonus_lists': [6908, 6652, 1697], 'modifiers': [{'type': 9, 'value': 60}, {'type': 28, 'value': 1707}]}"
1199983706,VERY_LONG,,1,4569100,,"{'id': 182690, 'context': 0, 'bonus_lists': [6908, 6652], 'modifiers': [{'type': 9, 'value': 60}, {'type': 28, 'value': 1707}]}"
1199983716,VERY_LONG,,1,3500100,,"{'id': 180793, 'context': 0, 'bonus_lists': [6908, 6652, 1705], 'modifiers': [{'type': 9, 'value': 60}, {'type': 28, 'value': 1707}]}"
1199983721,VERY_LONG,,1,1099900,,"{'id': 179333, 'context': 1, 'bonus_lists': [6908, 40, 1681], 'modifiers': [{'type': 9, 'value': 60}, {'type': 28, 'value': 747}]}"
1199983723,VERY_LONG,,1,1218300,,"{'id': 178952, 'context': 0, 'bonus_lists': [6908, 41, 1680], 'modifiers': [{'type': 9, 'value': 60}, {'type': 28, 'value': 1707}]}"
1199983726,VERY_LONG,,1,892000,,"{'id': 178944, 'context': 0, 'bonus_lists': [6908, 6652, 1712], 'modifiers': [{'type': 9, 'value': 60}, {'type': 28, 'value': 1707}]}"
1199983727,VERY_LONG,,1,1350000,,"{'id': 177809, 'context': 1, 'bonus_lists': [6908, 6652, 1689], 'modifiers': [{'type': 9, 'value': 60}, {'type': 28, 'value': 747}]}"
1199983730,VERY_LONG,,1,1000000,,"{'id': 177808, 'context': 0, 'bonus_lists': [6908, 6652, 1710], 'modifiers': [{'type': 9, 'value': 60}, {'type': 28, 'value': 1707}]}"
1199983731,VERY_LONG,,1,1200000,,"{'id': 177806, 'context': 1, 'bonus_lists': [6908, 6652, 1704], 'modifiers': [{'type': 9, 'value': 60}, {'type': 28, 'value': 2044}]}"
1199983733,VERY_LONG,,1,980100,,"{'id': 176803, 'context': 1, 'bonus_lists': [6908, 6652, 1690], 'modifiers': [{'type': 9, 'value': 60}, {'type': 28, 'value': 747}]}"
1199983734,VERY_LONG,,1,980000,,"{'id': 176793, 'context': 0, 'bonus_lists': [6908, 6652, 1702], 'modifiers': [{'type': 9, 'value': 60}, {'type': 28, 'value': 1707}]}"
1199983736,VERY_LONG,,1,1349600,,"{'id': 159529, 'context': 0, 'bonus_lists': [6655, 1707], 'modifiers': [{'type': 9, 'value': 60}, {'type': 28, 'value': 807}]}"
1199983739,VERY_LONG,,1,504900,,"{'id': 177791, 'context': 3, 'bonus_lists': [6907, 6652, 1714], 'modifiers': [{'type': 9, 'value': 60}, {'type': 28, 'value': 751}]}"
1199983741,VERY_LONG,,1,2750000,,"{'id': 177776, 'context': 1, 'bonus_lists': [6907, 40, 7194, 1690], 'modifiers': [{'type': 9, 'value': 60}, {'type': 28, 'value': 747}]}"
1199983753,VERY_LONG,,1,870000,,"{'id': 177767, 'context': 0, 'bonus_lists': [6907, 6652, 1677], 'modifiers': [{'type': 9, 'value': 60}, {'type': 28, 'value': 1707}]}"
1199983755,VERY_LONG,,1,6728800,,"{'id': 176990, 'context': 0, 'bonus_lists': [6907, 6652, 7193, 1710], 'modifiers': [{'type': 9, 'value': 60}, {'type': 28, 'value': 1707}]}"
1199983758,VERY_LONG,,1,12500000,,"{'id': 176985, 'context': 0, 'bonus_lists': [6907, 6652, 7194, 1717], 'modifiers': [{'type': 9, 'value': 60}, {'type': 28, 'value': 1707}]}"
1199983759,VERY_LONG,,1,3678800,,"{'id': 176983, 'context': 0, 'bonus_lists': [6907, 40, 1681], 'modifiers': [{'type': 9, 'value': 60}, {'type': 28, 'value': 1707}]}"
1199983761,VERY_LONG,,1,5009800,,"{'id': 176972, 'context': 0, 'bonus_lists': [6907, 6652, 1683], 'modifiers': [{'type': 9, 'value': 60}, {'type': 28, 'value': 1707}]}"
1199983762,VERY_LONG,,1,10000000,,"{'id': 176970, 'context': 0, 'bonus_lists': [6907, 6652, 1694], 'modifiers': [{'type': 9, 'value': 60}, {'type': 28, 'value': 1707}]}"
1199983764,VERY_LONG,,1,10807600,,"{'id': 176964, 'context': 1, 'bonus_lists': [6907, 6652, 1703], 'modifiers': [{'type': 9, 'value': 60}, {'type': 28, 'value': 2044}]}"
1199983768,VERY_LONG,,1,4756900,,"{'id': 176963, 'context': 1, 'bonus_lists': [6907, 6652, 1706], 'modifiers': [{'type': 9, 'value': 60}, {'type': 28, 'value': 747}]}"
1199983769,VERY_LONG,,1,3123500,,"{'id': 176792, 'context': 0, 'bonus_lists': [6907, 6652, 7194, 1705], 'modifiers': [{'type': 9, 'value': 60}, {'type': 28, 'value': 1707}]}"
1199983770,VERY_LONG,,1,49990000,,"{'id': 176780, 'context': 1, 'bonus_lists': [6907, 6652, 1676], 'modifiers': [{'type': 9, 'value': 60}, {'type': 28, 'value': 747}]}"
1199983771,VERY_LONG,,1,2000000,,"{'id': 176776, 'context': 0, 'bonus_lists': [6907, 6652, 7193, 1692], 'modifiers': [{'type': 9, 'value': 60}, {'type': 28, 'value': 1707}]}"
1199983774,VERY_LONG,,1,3706200,,"{'id': 176763, 'context': 0, 'bonus_lists': [6907, 6652, 1695], 'modifiers': [{'type': 9, 'value': 60}, {'type': 28, 'value': 1707}]}"
1199983775,VERY_LONG,,1,804200,,"{'id': 175563, 'context': 2, 'bonus_lists': [6907, 1703], 'modifiers': [{'type': 9, 'value': 60}, {'type': 28, 'value': 748}]}"
1199983782,VERY_LONG,,1,804200,,"{'id': 175563, 'context': 2, 'bonus_lists': [6907, 1682], 'modifiers': [{'type': 9, 'value': 60}, {'type': 28, 'value': 748}]}"
1199983785,VERY_LONG,,1,95000000,,"{'id': 175559, 'context': 2, 'bonus_lists': [6907, 1697], 'modifiers': [{'type': 9, 'value': 60}, {'type': 28, 'value': 748}]}"
1199983787,VERY_LONG,1599500,2,,,{'id': 171833}
1199985230,VERY_LONG,,1,237600000,,"{'id': 184778, 'context': 4, 'bonus_lists': [7186, 6652, 1459, 6646], 'modifiers': [{'type': 28, 'value': 750}]}"
1199985241,VERY_LONG,540500,32,,,{'id': 173204}
1199985255,VERY_LONG,,1,1686000,,"{'id': 176802, 'context': 0, 'bonus_lists': [6908, 6652, 1676], 'modifiers': [{'type': 9, 'value': 60}, {'type': 28, 'value': 1707}]}"
1199985257,VERY_LONG,,1,8500000,,"{'id': 176801, 'context': 0, 'bonus_lists': [6908, 6652, 1682], 'modifiers': [{'type': 9, 'value': 60}, {'type': 28, 'value': 1707}]}"
1199985258,VERY_LONG,,1,8849400,,"{'id': 176798, 'context': 0, 'bonus_lists': [6908, 6652, 1717], 'modifiers': [{'type': 9, 'value': 60}, {'type': 28, 'value': 1707}]}"
1199985260,VERY_LONG,,1,2264000,,"{'id': 176797, 'context': 0, 'bonus_lists': [6908, 6652, 1690], 'modifiers': [{'type': 9, 'value': 60}, {'type': 28, 'value': 1707}]}"
1199985261,VERY_LONG,,1,25000000,,"{'id': 128313, 'context': 31, 'modifiers': [{'type': 28, 'value': 176}]}"
1199985262,VERY_LONG,,1,25000000,,"{'id': 128313, 'context': 31}"
1199985263,VERY_LONG,,1,25000000,,"{'id': 128313, 'context': 31, 'modifiers': [{'type': 28, 'value': 176}]}"
1199985264,VERY_LONG,,1,25000000,,"{'id': 128313, 'context': 31, 'modifiers': [{'type': 28, 'value': 176}]}"
1199985265,VERY_LONG,,1,25000000,,"{'id': 128313, 'context': 31}"
1199985267,VERY_LONG,,1,25000000,,"{'id': 128313, 'context': 31, 'modifiers': [{'type': 28, 'value': 176}]}"
1199985268,VERY_LONG,,1,25000000,,"{'id': 128313, 'context': 31}"
1199985269,VERY_LONG,,1,25000000,,"{'id': 128313, 'context': 31}"
1199985271,VERY_LONG,,1,25000000,,"{'id': 128313, 'context': 31, 'modifiers': [{'type': 28, 'value': 176}]}"
1199985272,VERY_LONG,,1,25000000,,"{'id': 128313, 'context': 31}"
1199985273,VERY_LONG,,1,25000000,,"{'id': 128313, 'context': 31, 'modifiers': [{'type': 28, 'value': 176}]}"
1199985274,VERY_LONG,,1,25000000,,"{'id': 128313, 'context': 31, 'modifiers': [{'type': 28, 'value': 176}]}"
1199985275,VERY_LONG,,1,4003700,,"{'id': 176781, 'context': 0, 'bonus_lists': [6907, 6652, 1689], 'modifiers': [{'type': 9, 'value': 60}, {'type': 28, 'value': 1707}]}"
1199985276,VERY_LONG,,1,25000000,,"{'id': 128313, 'context': 31, 'modifiers': [{'type': 28, 'value': 176}]}"
1199985277,VERY_LONG,,1,25000000,,"{'id': 128313, 'context': 31}"
1199985278,VERY_LONG,,1,25000000,,"{'id': 128313, 'context': 31, 'modifiers': [{'type': 28, 'value': 176}]}"
1199985279,VERY_LONG,,1,25000000,,"{'id': 128313, 'context': 31}"
1199985544,VERY_LONG,4800,8,,,{'id': 154897}
1199985555,VERY_LONG,5000,1,,,{'id': 152511}
1199985557,VERY_LONG,59900,30,,,{'id': 154164}
1199985561,VERY_LONG,4800,13,,,{'id': 154897}
1199985562,VERY_LONG,7700,1,,,{'id': 153051}
1199985564,VERY_LONG,11100,34,,,{'id': 152576}
1199985566,VERY_LONG,1900,3,,,{'id': 154165}
1199985569,VERY_LONG,700,4,,,{'id': 154899}
1199985573,VERY_LONG,71000,1205,,,{'id': 152577}
1199985574,VERY_LONG,71000,1,,,{'id': 152577}
1199985576,VERY_LONG,8500,2,,,{'id': 152631}
1199985659,VERY_LONG,11100,15,,,{'id': 152576}
1199987282,VERY_LONG,,1,29996100,,"{'id': 82800, 'context': 0, 'modifiers': [{'type': 6, 'value': 60975}], 'pet_breed_id': 13, 'pet_level': 1, 'pet_quality_id': 3, 'pet_species_id': 1600}"
1199987285,VERY_LONG,,1,166000000,,"{'id': 82800, 'context': 0, 'modifiers': [{'type': 6, 'value': 90519}], 'pet_breed_id': 3, 'pet_level': 1, 'pet_quality_id': 3, 'pet_species_id': 2697}"
1199987286,VERY_LONG,,1,777770000,,"{'id': 82800, 'context': 0, 'modifiers': [{'type': 6, 'value': 59042}], 'pet_breed_id': 19, 'pet_level': 1, 'pet_quality_id': 3, 'pet_species_id': 1806}"
1199987289,VERY_LONG,,1,100000000,,"{'id': 82800, 'context': 0, 'modifiers': [{'type': 6, 'value': 82688}], 'pet_breed_id': 17, 'pet_level': 1, 'pet_quality_id': 3, 'pet_species_id': 2163}"
1199987294,VERY_LONG,,1,176000000,,"{'id': 82800, 'context': 0, 'modifiers': [{'type': 6, 'value': 59885}], 'pet_breed_id': 3, 'pet_level': 1, 'pet_quality_id': 3, 'pet_species_id': 1536}"
1199987295,VERY_LONG,,1,78500200,,"{'id': 82800, 'context': 0, 'modifiers': [{'type': 6, 'value': 48705}], 'pet_breed_id': 7, 'pet_level': 1, 'pet_quality_id': 3, 'pet_species_id': 1244}"
1199987300,VERY_LONG,,1,236000000,,"{'id': 82800, 'context': 0, 'modifiers': [{'type': 6, 'value': 68666}], 'pet_breed_id': 6, 'pet_level': 1, 'pet_quality_id': 3, 'pet_species_id': 1886}"
1199987302,VERY_LONG,,1,52655800,,"{'id': 82800, 'context': 0, 'modifiers': [{'type': 6, 'value': 48661}], 'pet_breed_id': 12, 'pet_level': 1, 'pet_quality_id': 3, 'pet_species_id': 1232}"
1199987304,VERY_LONG,,1,178500000,,"{'id': 82800, 'context': 0, 'modifiers': [{'type': 6, 'value': 64720}], 'pet_breed_id': 10, 'pet_level': 1, 'pet_quality_id': 3, 'pet_species_id': 1692}"
1199987307,VERY_LONG,,1,172800000,,"{'id': 82800, 'context': 0, 'modifiers': [{'type': 6, 'value': 83052}], 'pet_breed_id': 16, 'pet_level': 1, 'pet_quality_id': 2, 'pet_species_id': 2429}"
1199987308,VERY_LONG,,1,36075700,,"{'id': 82800, 'context': 0, 'modifiers': [{'type': 6, 'value': 79637}], 'pet_breed_id': 15, 'pet_level': 1, 'pet_quality_id': 3, 'pet_species_id': 2082}"
1199987309,VERY_LONG,,1,280000000,,"{'id': 82800, 'context': 0, 'modifiers': [{'type': 6, 'value': 75374}], 'pet_breed_id': 20, 'pet_level': 1, 'pet_quality_id': 2, 'pet_species_id': 2685}"
1199987352,VERY_LONG,,1,140681600,,"{'id': 82800, 'context': 0, 'modifiers': [{'type': 6, 'value': 99909}], 'pet_breed_id': 9, 'pet_level': 1, 'pet_quality_id': 2, 'pet_species_id': 2896}"
1199987354,VERY_LONG,,1,100000000,,"{'id': 82800, 'context': 0, 'modifiers': [{'type': 6, 'value': 54848}], 'pet_breed_id': 8, 'pet_level': 1, 'pet_quality_id': 3, 'pet_species_id': 1396}"
1199987356,VERY_LONG,,1,60000000,,"{'id': 82800, 'context': 0, 'modifiers': [{'type': 6, 'value': 57823}], 'pet_breed_id': 16, 'pet_level': 1, 'pet_quality_id': 3, 'pet_species_id': 1429}"
1199987357,VERY_LONG,,1,275920000,,"{'id': 82800, 'context': 0, 'modifiers': [{'type': 6, 'value': 87976}], 'pet_breed_id': 7, 'pet_level': 1, 'pet_quality_id': 3, 'pet_species_id': 2443}"
1199987359,VERY_LONG,,1,175000000,,"{'id': 82800, 'context': 0, 'modifiers': [{'type': 6, 'value': 95572}], 'pet_breed_id': 7, 'pet_level': 1, 'pet_quality_id': 2, 'pet_species_id': 2958}"
1199987360,VERY_LONG,,1,63999900,,"{'id': 82800, 'context': 0, 'modifiers': [{'type': 6, 'value': 47858}], 'pet_breed_id': 7, 'pet_level': 1, 'pet_quality_id': 3, 'pet_species_id': 1344}"
1199987362,VERY_LONG,,1,66624500,,"{'id': 82800, 'context': 0, 'modifiers': [{'type': 6, 'value': 54511}], 'pet_breed_id': 16, 'pet_level': 1, 'pet_quality_id': 3, 'pet_species_id': 1394}"
1199987363,VERY_LONG,,1,225890000,,"{'id': 82800, 'context': 0, 'modifiers': [{'type': 6, 'value': 28502}], 'pet_breed_id': 5, 'pet_level': 1, 'pet_quality_id': 2, 'pet_species_id': 210}"
1199987366,VERY_LONG,,1,49126900,,"{'id': 82800, 'context': 0, 'modifiers': [{'type': 6, 'value': 31722}], 'pet_breed_id': 3, 'pet_level': 1, 'pet_quality_id': 3, 'pet_species_id': 253}"
1199987369,VERY_LONG,,1,47361500,,"{'id': 82800, 'context': 0, 'modifiers': [{'type': 6, 'value': 90411}], 'pet_breed_id': 18, 'pet_level': 1, 'pet_quality_id': 2, 'pet_species_id': 2530}"
1199987372,VERY_LONG,,1,120000000,,"{'id': 82800, 'context': 0, 'pet_breed_id': 6, 'pet_level': 1, 'pet_quality_id': 3, 'pet_species_id': 2078}"
1199987373,VERY_LONG,,1,27000000,,"{'id': 82800, 'context': 0, 'modifiers': [{'type': 6, 'value': 90182}], 'pet_breed_id': 4, 'pet_level': 1, 'pet_quality_id': 3, 'pet_species_id': 2558}"
1199987374,VERY_LONG,,1,60000000,,"{'id': 82800, 'context': 0, 'modifiers': [{'type': 6, 'value': 87895}], 'pet_breed_id': 16, 'pet_level': 1, 'pet_quality_id': 3, 'pet_species_id': 2436}"
1199987375,VERY_LONG,,1,20980000,,"{'id': 82800, 'context': 0, 'modifiers': [{'type': 6, 'value': 90142}], 'pet_breed_id': 9, 'pet_level': 1, 'pet_quality_id': 3, 'pet_species_id': 2550}"
1199987379,VERY_LONG,,1,67300000,,"{'id': 82800, 'context': 0, 'modifiers': [{'type': 6, 'value': 46922}], 'pet_breed_id': 6, 'pet_level': 1, 'pet_quality_id': 3, 'pet_species_id': 1155}"
1199987383,VERY_LONG,,1,230000000,,"{'id': 82800, 'context': 0, 'modifiers': [{'type': 6, 'value': 38473}], 'pet_breed_id': 14, 'pet_level': 1, 'pet_quality_id': 2, 'pet_species_id': 1517}"
1199987384,VERY_LONG,,1,256000000,,"{'id': 82800, 'context': 0, 'modifiers': [{'type': 6, 'value': 95575}], 'pet_breed_id': 15, 'pet_level': 1, 'pet_quality_id': 2, 'pet_species_id': 3047}"
1199987386,VERY_LONG,,1,135711700,,"{'id': 82800, 'context': 0, 'modifiers': [{'type': 6, 'value': 91249}], 'pet_breed_id': 20, 'pet_level': 1, 'pet_quality_id': 3, 'pet_species_id': 2758}"
1199987389,VERY_LONG,,1,136000000,,"{'id': 82800, 'context': 0, 'modifiers': [{'type': 6, 'value': 50919}], 'pet_breed_id': 20, 'pet_level': 1, 'pet_quality_id': 3, 'pet_species_id': 2590}"
1199987391,VERY_LONG,,1,440000000,,"{'id': 82800, 'context': 0, 'modifiers': [{'type': 6, 'value': 20042}], 'pet_breed_id': 5, 'pet_level': 1, 'pet_quality_id': 3, 'pet_species_id': 146}"
1199987396,VERY_LONG,,1,80006900,,"{'id': 82800, 'context': 0, 'modifiers': [{'type': 6, 'value': 99871}], 'pet_breed_id': 7, 'pet_level': 1, 'pet_quality_id': 2, 'pet_species_id': 3030}"
1199987397,VERY_LONG,,1,290008000,,"{'id': 82800, 'context': 0, 'modifiers': [{'type': 6, 'value': 51504}], 'pet_breed_id': 8, 'pet_level': 1, 'pet_quality_id': 3, 'pet_species_id': 1348}"
1199987399,VERY_LONG,,1,170489100,,"{'id': 82800, 'context': 0, 'modifiers': [{'type': 6, 'value': 46163}], 'pet_breed_id': 5, 'pet_level': 1, 'pet_quality_id': 3, 'pet_species_id': 1061}"
1199987405,VERY_LONG,,1,124000000,,"{'id': 82800, 'context': 0, 'modifiers': [{'type': 6, 'value': 91027}], 'pet_breed_id': 8, 'pet_level': 1, 'pet_quality_id': 2, 'pet_species_id': 2689}"
1199987409,VERY_LONG,,1,436000000,,"{'id': 82800, 'context': 0, 'modifiers': [{'type': 6, 'value': 95144}], 'pet_breed_id': 14, 'pet_level': 1, 'pet_quality_id': 3, 'pet_species_id': 2846}"
1199987411,VERY_LONG,,1,5160000,,"{'id': 82800, 'context': 0, 'pet_breed_id': 22, 'pet_level': 1, 'pet_quality_id': 3, 'pet_species_id': 1628}"
1199987413,VERY_LONG,,1,107579400,,"{'id': 82800, 'context': 0, 'modifiers': [{'type': 6, 'value': 36637}], 'pet_breed_id': 8, 'pet_level': 1, 'pet_quality_id': 3, 'pet_species_id': 279}"
1199987415,VERY_LONG,,1,79950000,,"{'id': 82800, 'context': 0, 'modifiers': [{'type': 6, 'value': 23000}], 'pet_breed_id': 7, 'pet_level': 1, 'pet_quality_id': 3, 'pet_species_id': 2547}"
1199987417,VERY_LONG,,1,100000000,,"{'id': 82800, 'context': 0, 'modifiers': [{'type': 6, 'value': 86532}], 'pet_breed_id': 8, 'pet_level': 1, 'pet_quality_id': 3, 'pet_species_id': 2794}"
1199987419,VERY_LONG,,1,246000000,,"{'id': 82800, 'context': 0, 'modifiers': [{'type': 6, 'value': 70937}], 'pet_breed_id': 3, 'pet_level': 1, 'pet_quality_id': 2, 'pet_species_id': 1911}"
1199987422,VERY_LONG,,1,184470000,,"{'id': 82800, 'context': 0, 'modifiers': [{'type': 6, 'value': 86488}], 'pet_breed_id': 11, 'pet_level': 1, 'pet_quality_id': 2, 'pet_species_id': 2198}"
1199987423,VERY_LONG,,1,250000000,,"{'id': 82800, 'context': 0, 'modifiers': [{'type': 6, 'value': 74036}], 'pet_breed_id': 12, 'pet_level': 1, 'pet_quality_id': 3, 'pet_species_id': 1984}"
1199987425,VERY_LONG,,1,66479200,,"{'id': 82800, 'context': 0, 'modifiers': [{'type': 6, 'value': 74423}], 'pet_breed_id': 18, 'pet_level': 1, 'pet_quality_id': 3, 'pet_species_id': 2081}"
1199987426,VERY_LONG,,1,86884000,,"{'id': 82800, 'context': 0, 'modifiers': [{'type': 6, 'value': 65714}], 'pet_breed_id': 6, 'pet_level': 1, 'pet_quality_id': 3, 'pet_species_id': 1765}"
1199987428,VERY_LONG,,1,102769400,,"{'id': 82800, 'context': 0, 'modifiers': [{'type': 6, 'value': 90029}], 'pet_breed_id': 5, 'pet_level': 1, 'pet_quality_id': 3, 'pet_species_id': 2539}"
1199987431,VERY_LONG,,1,346000000,,"{'id': 82800, 'context': 0, 'modifiers': [{'type': 6, 'value': 66147}], 'pet_breed_id': 19, 'pet_level': 1, 'pet_quality_id': 3, 'pet_species_id': 1803}"
1199987435,VERY_LONG,,1,236000000,,"{'id': 82800, 'context': 0, 'modifiers': [{'type': 6, 'value': 51502}], 'pet_breed_id': 19, 'pet_level': 1, 'pet_quality_id': 2, 'pet_species_id': 1345}"
1199987438,VERY_LONG,,1,79000000,,"{'id': 82800, 'context': 0, 'modifiers': [{'type': 6, 'value': 63691}], 'pet_breed_id': 9, 'pet_level': 1, 'pet_quality_id': 3, 'pet_species_id': 1665}"
1199987450,VERY_LONG,,1,236000000,,"{'id': 82800, 'context': 0, 'modifiers': [{'type': 6, 'value': 71945}], 'pet_breed_id': 7, 'pet_level': 1, 'pet_quality_id': 3, 'pet_species_id': 1723}"
1199987451,VERY_LONG,,1,98417500,,"{'id': 82800, 'context': 0, 'modifiers': [{'type': 6, 'value': 80466}], 'pet_breed_id': 14, 'pet_level': 25, 'pet_quality_id': 3, 'pet_species_id': 2708}"
1199987454,VERY_LONG,,1,115000000,,"{'id': 82800, 'context': 0, 'modifiers': [{'type': 6, 'value': 64097}], 'pet_breed_id': 6, 'pet_level': 1, 'pet_quality_id': 3, 'pet_species_id': 1672}"
1199987456,VERY_LONG,,1,165919900,,"{'id': 82800, 'context': 0, 'modifiers': [{'type': 6, 'value': 99894}], 'pet_breed_id': 18, 'pet_level': 1, 'pet_quality_id': 2, 'pet_species_id': 2928}"
1199987460,VERY_LONG,,1,13832000,,"{'id': 82800, 'context': 0, 'modifiers': [{'type': 6, 'value': 59352}], 'pet_breed_id': 17, 'pet_level': 1, 'pet_quality_id': 3, 'pet_species_id': 1524}"
1199987462,VERY_LONG,,1,85570900,,"{'id': 82800, 'context': 0, 'modifiers': [{'type': 6, 'value': 65713}], 'pet_breed_id': 5, 'pet_level': 1, 'pet_quality_id': 3, 'pet_species_id': 1764}"
1199987472,VERY_LONG,,1,305990000,,"{'id': 82800, 'context': 0, 'modifiers': [{'type': 6, 'value': 47708}], 'pet_breed_id': 4, 'pet_level': 1, 'pet_quality_id': 3, 'pet_species_id': 1183}"
1199987475,VERY_LONG,,1,57487600,,"{'id': 82800, 'context': 0, 'modifiers': [{'type': 6, 'value': 79638}], 'pet_breed_id': 9, 'pet_level': 1, 'pet_quality_id': 3, 'pet_species_id': 2083}"
1199987478,VERY_LONG,,1,26190300,,"{'id': 82800, 'context': 0, 'modifiers': [{'type': 6, 'value': 72239}], 'pet_breed_id': 8, 'pet_level': 1, 'pet_quality_id': 3, 'pet_species_id': 1931}"
1199987479,VERY_LONG,,1,159996600,,"{'id': 82800, 'context': 0, 'modifiers': [{'type': 6, 'value': 51272}], 'pet_breed_id': 8, 'pet_level': 1, 'pet_quality_id': 3, 'pet_species_id': 1335}"
1199987484,VERY_LONG,,1,132009600,,"{'id': 82800, 'context': 0, 'modifiers': [{'type': 6, 'value': 91250}], 'pet_breed_id': 22, 'pet_level': 1, 'pet_quality_id': 3, 'pet_species_id': 2757}"
1199987487,VERY_LONG,,1,67036900,,"{'id': 82800, 'context': 0, 'modifiers': [{'type': 6, 'value': 23506}], 'pet_breed_id': 3, 'pet_level': 1, 'pet_quality_id': 3, 'pet_species_id': 174}"
1199987488,VERY_LONG,,1,183340000,,"{'id': 82800, 'context': 0, 'modifiers': [{'type': 6, 'value': 86465}], 'pet_breed_id': 3, 'pet_level': 1, 'pet_quality_id': 3, 'pet_species_id': 2682}"
1199987491,VERY_LONG,,1,87999900,,"{'id': 82800, 'context': 0, 'modifiers': [{'type': 6, 'value': 91021}], 'pet_breed_id': 14, 'pet_level': 1, 'pet_quality_id': 3, 'pet_species_id': 2691}"
1199987493,VERY_LONG,,1,366000000,,"{'id': 82800, 'context': 0, 'modifiers': [{'type': 6, 'value': 49084}], 'pet_breed_id': 11, 'pet_level': 1, 'pet_quality_id': 3, 'pet_species_id': 1256}"
1199987497,VERY_LONG,,1,87745500,,"{'id': 82800, 'context': 0, 'modifiers': [{'type': 6, 'value': 60876}], 'pet_breed_id': 18, 'pet_level': 1, 'pet_quality_id': 3, 'pet_species_id': 1574}"
1199987764,VERY_LONG,,1,248000,,"{'id': 82800, 'context': 0, 'modifiers': [{'type': 6, 'value': 88060}], 'pet_breed_id': 6, 'pet_level': 1, 'pet_quality_id': 3, 'pet_species_id': 2468}"
1199987765,VERY_LONG,,1,248000,,"{'id': 82800, 'context': 0, 'modifiers': [{'type': 6, 'value': 88060}], 'pet_breed_id': 6, 'pet_level': 1, 'pet_quality_id': 3, 'pet_species_id': 2468}"
1199987766,VERY_LONG,,1,248000,,"{'id': 82800, 'context': 0, 'modifiers': [{'type': 6, 'value': 88060}], 'pet_breed_id': 6, 'pet_level': 1, 'pet_quality_id': 3, 'pet_species_id': 2468}"
1199987767,VERY_LONG,,1,2775100,,"{'id': 82800, 'context': 0, 'modifiers': [{'type': 6, 'value': 46903}], 'pet_breed_id': 7, 'pet_level': 1, 'pet_quality_id': 3, 'pet_species_id': 1151}"
1199987768,VERY_LONG,49000,49,,,{'id': 177660}
1199987769,VERY_LONG,459000,4,,,{'id': 173121}
1199987770,VERY_LONG,,1,504900,,"{'id': 82800, 'context': 0, 'modifiers': [{'type': 6, 'value': 95171}], 'pet_breed_id': 4, 'pet_level': 1, 'pet_quality_id': 3, 'pet_species_id': 2842}"
1199987771,VERY_LONG,,1,504900,,"{'id': 82800, 'context': 0, 'modifiers': [{'type': 6, 'value': 95171}], 'pet_breed_id': 4, 'pet_level': 1, 'pet_quality_id': 3, 'pet_species_id': 2842}"
1199987774,VERY_LONG,,1,33387800,,"{'id': 82800, 'context': 0, 'modifiers': [{'type': 6, 'value': 94714}], 'pet_breed_id': 14, 'pet_level': 1, 'pet_quality_id': 3, 'pet_species_id': 2841}"
1199987775,VERY_LONG,,1,503700,,"{'id': 82800, 'context': 0, 'modifiers': [{'type': 6, 'value': 95172}], 'pet_breed_id': 13, 'pet_level': 1, 'pet_quality_id': 3, 'pet_species_id': 2843}"
1199987776,VERY_LONG,,1,503700,,"{'id': 82800, 'context': 0, 'modifiers': [{'type': 6, 'value': 95172}], 'pet_breed_id': 13, 'pet_level': 1, 'pet_quality_id': 3, 'pet_species_id': 2843}"
1199987777,VERY_LONG,,1,503700,,"{'id': 82800, 'context': 0, 'modifiers': [{'type': 6, 'value': 95172}], 'pet_breed_id': 13, 'pet_level': 1, 'pet_quality_id': 3, 'pet_species_id': 2843}"
1199987778,VERY_LONG,,1,503700,,"{'id': 82800, 'context': 0, 'modifiers': [{'type': 6, 'value': 95172}], 'pet_breed_id': 13, 'pet_level': 1, 'pet_quality_id': 3, 'pet_species_id': 2843}"
1199987779,VERY_LONG,,1,503700,,"{'id': 82800, 'context': 0, 'modifiers': [{'type': 6, 'value': 95172}], 'pet_breed_id': 13, 'pet_level': 1, 'pet_quality_id': 3, 'pet_species_id': 2843}"
1199987780,VERY_LONG,,1,1551000,,"{'id': 82800, 'context': 0, 'modifiers': [{'type': 6, 'value': 46923}], 'pet_breed_id': 8, 'pet_level': 1, 'pet_quality_id': 3, 'pet_species_id': 1149}"
1199987781,VERY_LONG,299000,1,,,{'id': 172413}
1199987782,VERY_LONG,2399000,5,,,{'id': 183738}
1199987784,VERY_LONG,,1,3004900,,"{'id': 82800, 'context': 0, 'modifiers': [{'type': 6, 'value': 94166}], 'pet_breed_id': 18, 'pet_level': 1, 'pet_quality_id': 3, 'pet_species_id': 2797}"
1199987785,VERY_LONG,,1,3004900,,"{'id': 82800, 'context': 0, 'modifiers': [{'type': 6, 'value': 94166}], 'pet_breed_id': 18, 'pet_level': 1, 'pet_quality_id': 3, 'pet_species_id': 2797}"
1199987786,VERY_LONG,,1,4489000,,"{'id': 82800, 'context': 0, 'modifiers': [{'type': 6, 'value': 88061}], 'pet_breed_id': 15, 'pet_level': 1, 'pet_quality_id': 3, 'pet_species_id': 2471}"
1199987787,VERY_LONG,,1,948600,,"{'id': 82800, 'context': 0, 'modifiers': [{'type': 6, 'value': 86136}], 'pet_breed_id': 8, 'pet_level': 1, 'pet_quality_id': 2, 'pet_species_id': 2188}"
1199987788,VERY_LONG,,1,948600,,"{'id': 82800, 'context': 0, 'modifiers': [{'type': 6, 'value': 86136}], 'pet_breed_id': 8, 'pet_level': 1, 'pet_quality_id': 2, 'pet_species_id': 2188}"
1199987789,VERY_LONG,44600,20,,,{'id': 183823}
1199987790,VERY_LONG,,1,9862800,,"{'id': 82800, 'context': 0, 'modifiers': [{'type': 6, 'value': 86229}], 'pet_breed_id': 5, 'pet_level': 1, 'pet_quality_id': 2, 'pet_species_id': 2190}"
1199987791,VERY_LONG,,1,9290800,,"{'id': 82800, 'context': 0, 'modifiers': [{'type': 6, 'value': 94712}], 'pet_breed_id': 8, 'pet_level': 1, 'pet_quality_id': 3, 'pet_species_id': 2839}"
1199987792,VERY_LONG,,1,9290800,,"{'id': 82800, 'context': 0, 'modifiers': [{'type': 6, 'value': 94712}], 'pet_breed_id': 8, 'pet_level': 1, 'pet_quality_id': 3, 'pet_species_id': 2839}"
1199987793,VERY_LONG,3426900,25,,,{'id': 171352}
1199987794,VERY_LONG,,1,180994600,,"{'id': 10393, 'context': 14}"
1199987795,VERY_LONG,,1,719000,,"{'id': 82800, 'context': 0, 'modifiers': [{'type': 6, 'value': 71827}], 'pet_breed_id': 14, 'pet_level': 1, 'pet_quality_id': 3, 'pet_species_id': 1921}"
1199987796,VERY_LONG,,1,21968700,,"{'id': 82800, 'context': 0, 'modifiers': [{'type': 6, 'value': 95174}], 'pet_breed_id': 7, 'pet_level': 1, 'pet_quality_id': 3, 'pet_species_id': 2834}"
1199987797,VERY_LONG,,1,8951500,,"{'id': 82800, 'context': 0, 'modifiers': [{'type': 6, 'value': 95152}], 'pet_breed_id': 3, 'pet_level': 1, 'pet_quality_id': 3, 'pet_species_id': 2796}"
1199987798,VERY_LONG,,1,8951500,,"{'id': 82800, 'context': 0, 'modifiers': [{'type': 6, 'value': 95152}], 'pet_breed_id': 3, 'pet_level': 1, 'pet_quality_id': 3, 'pet_species_id': 2796}"
1199987799,VERY_LONG,,1,1668000,,"{'id': 82800, 'context': 0, 'modifiers': [{'type': 6, 'value': 6299}], 'pet_breed_id': 8, 'pet_level': 1, 'pet_quality_id': 2, 'pet_species_id': 67}"
1199987800,VERY_LONG,,1,439000,,"{'id': 82800, 'context': 0, 'pet_breed_id': 13, 'pet_level': 1, 'pet_quality_id': 2, 'pet_species_id': 142}"
1199987801,VERY_LONG,,1,439000,,"{'id': 82800, 'context': 0, 'modifiers': [{'type': 6, 'value': 20026}], 'pet_breed_id': 3, 'pet_level': 1, 'pet_quality_id': 2, 'pet_species_id': 142}"
1199987802,VERY_LONG,,1,26100,,"{'id': 82800, 'context': 0, 'modifiers': [{'type': 6, 'value': 66155}], 'pet_breed_id': 12, 'pet_level': 1, 'pet_quality_id': 3, 'pet_species_id': 1802}"
1199987803,VERY_LONG,,1,1768000,,"{'id': 82800, 'context': 0, 'modifiers': [{'type': 6, 'value': 40155}], 'pet_breed_id': 6, 'pet_level': 1, 'pet_quality_id': 3, 'pet_species_id': 2579}"
1199987804,VERY_LONG,,1,1768000,,"{'id': 82800, 'context': 0, 'modifiers': [{'type': 6, 'value': 40155}], 'pet_breed_id': 6, 'pet_level': 1, 'pet_quality_id': 3, 'pet_species_id': 2579}"
1199987805,VERY_LONG,,1,1768000,,"{'id': 82800, 'context': 0, 'modifiers': [{'type': 6, 'value': 40155}], 'pet_breed_id': 6, 'pet_level': 1, 'pet_quality_id': 3, 'pet_species_id': 2579}"
1199987806,VERY_LONG,797600,3,,,{'id': 173122}
1199987807,VERY_LONG,,1,3489800,,"{'id': 82800, 'context': 0, 'pet_breed_id': 3, 'pet_level': 1, 'pet_quality_id': 3, 'pet_species_id': 1687}"
1199987809,VERY_LONG,604300,14,,,{'id': 171350}
1199990178,VERY_LONG,13900,1,,,{'id': 152508}
1199990182,VERY_LONG,71000,1,,,{'id': 152577}
1199990191,VERY_LONG,11100,34,,,{'id': 152576}
1199990195,VERY_LONG,27500,1,,,{'id': 153701}
1199990204,VERY_LONG,30000,1,,,{'id': 153703}
1199990214,VERY_LONG,45400,1,,,{'id': 153704}
1199990220,VERY_LONG,5000,1,,,{'id': 152511}
1199990222,VERY_LONG,11100,6,,,{'id': 152576}
1199992956,VERY_LONG,,1,999800,,"{'id': 82800, 'context': 0, 'modifiers': [{'type': 6, 'value': 99898}], 'pet_breed_id': 9, 'pet_level': 1, 'pet_quality_id': 2, 'pet_species_id': 2908}"
1199992960,VERY_LONG,390000,98,,,{'id': 141446}
1199995245,VERY_LONG,2000,1,,,{'id': 74834}
1199995247,VERY_LONG,8500,114,,,{'id': 109119}
1199995249,VERY_LONG,390000,724,,,{'id': 124461}
1199995251,VERY_LONG,10999900,13,,,{'id': 15417}
1199995252,VERY_LONG,1849700,1,,,{'id': 29548}
1199995254,VERY_LONG,5959200,9,,,{'id': 11371}
1199995255,VERY_LONG,80000,112,,,{'id': 21881}
1199995257,VERY_LONG,98000,1,,,{'id': 24479}
1199995258,VERY_LONG,8900,75,,,{'id': 80433}
1199995261,VERY_LONG,1000,21,,,{'id': 174353}
1199995262,VERY_LONG,124800,19,,,{'id': 151565}
1199995265,VERY_LONG,1949900,5,,,{'id': 76061}
1199995268,VERY_LONG,1000000,20,,,{'id': 79011}
1199995271,VERY_LONG,1000000,1,,,{'id': 128499}
1199995273,VERY_LONG,749800,1,,,{'id': 3731}
1199995275,VERY_LONG,459000,1,,,{'id': 173121}
1199995278,VERY_LONG,,1,27533900,,"{'id': 47654, 'context': 0, 'modifiers': [{'type': 28, 'value': 622}]}"
1199995282,VERY_LONG,150000,232,,,{'id': 15416}
1199995285,VERY_LONG,800000,3,,,{'id': 49908}
1199995287,VERY_LONG,34000,179,,,{'id': 47556}
1199995289,VERY_LONG,400000,7,,,{'id': 15410}
1199995297,VERY_LONG,513500,1,,,{'id': 173204}
1199995304,VERY_LONG,1900,79,,,{'id': 33470}
1199995306,VERY_LONG,3004900,2,,,{'id': 22203}
1199995308,VERY_LONG,1100000,67,,,{'id': 22202}
1199995311,VERY_LONG,,1,3990000,,"{'id': 182561, 'context': 11, 'bonus_lists': [6706, 6652], 'modifiers': [{'type': 9, 'value': 53}, {'type': 28, 'value': 1324}]}"
1199995317,VERY_LONG,100,2,,,{'id': 124439}
1199995320,VERY_LONG,87300,10,,,{'id': 171828}
1199995332,VERY_LONG,1000,1,,,{'id': 124118}
1199995342,VERY_LONG,45000,3,,,{'id': 111557}
1199995349,VERY_LONG,3999900,8,,,{'id': 44128}
1199995355,VERY_LONG,10325300,8,,,{'id': 12607}
1199995365,VERY_LONG,30000,37,,,{'id': 11754}
1199995371,VERY_LONG,2000000,7,,,{'id': 23426}
1199995381,VERY_LONG,99900,4,,,{'id': 18335}
1199995384,VERY_LONG,119800,1,,,{'id': 76141}
1199995388,VERY_LONG,100,200,,,{'id': 168303}
1199995392,VERY_LONG,750000,59,,,{'id': 39342}
1199995401,VERY_LONG,900,2,,,{'id': 72162}
1199995405,VERY_LONG,539500,1,,,{'id': 171315}
1199995408,VERY_LONG,700,1,,,{'id': 154899}
1199995415,VERY_LONG,2900,1,,,{'id': 169333}
1199995674,VERY_LONG,,1,333330000,,"{'id': 82800, 'context': 0, 'modifiers': [{'type': 6, 'value': 48704}], 'pet_breed_id': 8, 'pet_level': 1, 'pet_quality_id': 3, 'pet_species_id': 1243}"
1199995689,VERY_LONG,,1,210000000,,"{'id': 82800, 'context': 0, 'modifiers': [{'type': 6, 'value': 95146}], 'pet_breed_id': 8, 'pet_level': 1, 'pet_quality_id': 3, 'pet_species_id': 2850}"
1199995890,VERY_LONG,20000,22,,,{'id': 172069}
1199995892,VERY_LONG,10000,51,,,{'id': 172048}
1199995895,VERY_LONG,1800,24,,,{'id': 172068}
1199995918,VERY_LONG,68800,45,,,{'id': 172061}
1200007224,VERY_LONG,,1,750000000,,"{'id': 184795, 'context': 1, 'bonus_lists': [6652, 1472, 6646], 'modifiers': [{'type': 28, 'value': 747}]}"
1200007697,VERY_LONG,,1,389990000,,"{'id': 92426, 'context': 0, 'modifiers': [{'type': 28, 'value': 167}]}"
1200009190,VERY_LONG,150000000,25,,,{'id': 128315}
1200009198,VERY_LONG,,1,476733500,,"{'id': 140363, 'context': 0}"
1200009652,VERY_LONG,,1,240000000,,"{'id': 172322, 'context': 65, 'bonus_lists': [6718, 1522]}"
1200009720,VERY_LONG,,1,400007500,,"{'id': 172326, 'context': 65, 'bonus_lists': [6718, 1522]}"
1200009721,VERY_LONG,,1,400007500,,"{'id': 172326, 'context': 65, 'bonus_lists': [6718, 1522]}"
1200009744,VERY_LONG,,1,150007500,,"{'id': 172326, 'context': 64, 'bonus_lists': [6717, 1507]}"
1200009745,VERY_LONG,,1,150007500,,"{'id': 172326, 'context': 64, 'bonus_lists': [6717, 1507]}"
1200009796,VERY_LONG,,1,300009300,,"{'id': 172328, 'context': 65, 'bonus_lists': [6718, 7193, 1522]}"
1200009797,VERY_LONG,,1,300009300,,"{'id': 172328, 'context': 65, 'bonus_lists': [6718, 7193, 1522]}"
1200009856,VERY_LONG,,1,750000000,,"{'id': 172314, 'context': 66, 'bonus_lists': [6758, 1532]}"
1200009879,VERY_LONG,,1,700000000,,"{'id': 172317, 'context': 66, 'bonus_lists': [6758, 7193, 1532]}"
1200009930,VERY_LONG,,1,300000000,,"{'id': 172314, 'context': 65, 'bonus_lists': [6718, 1522]}"
1200009932,VERY_LONG,,1,300000000,,"{'id': 172314, 'context': 65, 'bonus_lists': [6718, 1522]}"
1200011220,VERY_LONG,380000,9,,,{'id': 34664}
1200011223,VERY_LONG,290000,1,,,{'id': 32230}
1200011231,VERY_LONG,100000,1,,,{'id': 32231}
1200011268,VERY_LONG,80000,2,,,{'id': 32227}
1200011918,VERY_LONG,,1,590009900,550000000,"{'id': 182982, 'context': 5, 'bonus_lists': [7188, 6652, 7193, 1485, 6646], 'modifiers': [{'type': 28, 'value': 752}]}"
1200011919,VERY_LONG,,1,590009900,550000000,"{'id': 182982, 'context': 5, 'bonus_lists': [7188, 6652, 7194, 1485, 6646], 'modifiers': [{'type': 28, 'value': 752}]}"
1200011920,VERY_LONG,,1,240000000,213600000,"{'id': 184792, 'context': 0, 'bonus_lists': [6652, 1472, 6646], 'modifiers': [{'type': 28, 'value': 1707}]}"
1200011921,VERY_LONG,,1,240000000,213600000,"{'id': 184792, 'context': 5, 'bonus_lists': [6652, 1472, 6646], 'modifiers': [{'type': 28, 'value': 752}]}"
1200011922,VERY_LONG,,1,2630000000,2340700000,"{'id': 184778, 'context': 6, 'bonus_lists': [7187, 6652, 1498, 6646], 'modifiers': [{'type': 28, 'value': 753}]}"
1200011925,VERY_LONG,,1,2630000000,2340700000,"{'id': 184778, 'context': 6, 'bonus_lists': [7187, 6652, 1498, 6646], 'modifiers': [{'type': 28, 'value': 753}]}"
1200011926,VERY_LONG,,1,2630000000,2340700000,"{'id': 183010, 'context': 6, 'bonus_lists': [7187, 6652, 1498, 6646], 'modifiers': [{'type': 28, 'value': 753}]}"
1200011927,VERY_LONG,,1,2630000000,2340700000,"{'id': 183010, 'context': 6, 'bonus_lists': [7187, 6652, 1498, 6646], 'modifiers': [{'type': 28, 'value': 753}]}"
1200011928,VERY_LONG,,1,870000000,774300000,"{'id': 183010, 'context': 5, 'bonus_lists': [7188, 6652, 1485, 6646], 'modifiers': [{'type': 28, 'value': 752}]}"
1200011929,VERY_LONG,,1,960000000,860000000,"{'id': 184799, 'context': 23, 'bonus_lists': [6652, 1472, 6646], 'modifiers': [{'type': 28, 'value': 749}]}"
1200011930,VERY_LONG,,1,650000000,578500000,"{'id': 184788, 'context': 0, 'bonus_lists': [6652, 7193, 1472, 6646], 'modifiers': [{'type': 28, 'value': 1707}]}"
1200011931,VERY_LONG,,1,840000000,747600000,"{'id': 184794, 'context': 0, 'bonus_lists': [6652, 7194, 1472, 6646], 'modifiers': [{'type': 28, 'value': 1707}]}"
1200011932,VERY_LONG,,1,840000000,747600000,"{'id': 184794, 'context': 0, 'bonus_lists': [6652, 7193, 1472, 6646], 'modifiers': [{'type': 28, 'value': 1707}]}"
1200011934,VERY_LONG,,1,840000000,747600000,"{'id': 184794, 'context': 0, 'bonus_lists': [40, 7194, 1472, 6646], 'modifiers': [{'type': 28, 'value': 2060}]}"
1200011935,VERY_LONG,,1,960000000,860000000,"{'id': 183031, 'context': 5, 'bonus_lists': [7188, 42, 7194, 1485, 6646], 'modifiers': [{'type': 28, 'value': 752}]}"
1200011937,VERY_LONG,,1,960000000,860000000,"{'id': 183031, 'context': 5, 'bonus_lists': [7188, 6652, 7193, 1485, 6646], 'modifiers': [{'type': 28, 'value': 752}]}"
1200011939,VERY_LONG,,1,960000000,860000000,"{'id': 184796, 'context': 0, 'bonus_lists': [6652, 1472, 6646], 'modifiers': [{'type': 28, 'value': 1707}]}"
1200011941,VERY_LONG,,1,960000000,860000000,"{'id': 184796, 'context': 0, 'bonus_lists': [6652, 1472, 6646], 'modifiers': [{'type': 28, 'value': 1707}]}"
1200011944,VERY_LONG,,1,845509900,752503800,"{'id': 182990, 'context': 5, 'bonus_lists': [7188, 6652, 1485, 6646], 'modifiers': [{'type': 28, 'value': 752}]}"
1200011946,VERY_LONG,,1,845509900,752503800,"{'id': 182990, 'context': 5, 'bonus_lists': [7188, 6652, 1485, 6646], 'modifiers': [{'type': 28, 'value': 752}]}"
1200011947,VERY_LONG,,1,870000000,860000000,"{'id': 184795, 'context': 0, 'bonus_lists': [6652, 1472, 6646], 'modifiers': [{'type': 28, 'value': 2060}]}"
1200016465,VERY_LONG,,1,150000,,"{'id': 71367, 'context': 5, 'modifiers': [{'type': 28, 'value': 1029}]}"
1200016555,VERY_LONG,,1,27500000,,"{'id': 87496, 'context': 0, 'bonus_lists': [6658], 'modifiers': [{'type': 9, 'value': 35}, {'type': 28, 'value': 2002}]}"
1200016618,VERY_LONG,4267500,1,,,{'id': 128543}
1200016643,VERY_LONG,16500,13,,,{'id': 173041}
1200016663,VERY_LONG,595000,21,,,{'id': 173039}
1200016711,VERY_LONG,755700,2,,,{'id': 37093}
1200016719,VERY_LONG,34900,9,,,{'id': 133573}
1200016730,VERY_LONG,46400,130,,,{'id': 133572}
1200016734,VERY_LONG,45000,56,,,{'id': 133567}
1200016737,VERY_LONG,2546200,1,,,{'id': 35953}
1200016744,VERY_LONG,257500,3,,,{'id': 33445}
1200016752,VERY_LONG,9300,2,,,{'id': 33452}
1200016759,VERY_LONG,237500,1,,,{'id': 33448}
1200016770,VERY_LONG,5000,1,,,{'id': 22829}
1200016777,VERY_LONG,20000,12,,,{'id': 111670}
1200016795,VERY_LONG,377400,129,,,{'id': 173033}
1200016797,VERY_LONG,4800,102,,,{'id': 173032}
1200016800,VERY_LONG,92300,66,,,{'id': 74861}
1200016801,VERY_LONG,176300,8,,,{'id': 171831}
1200016804,VERY_LONG,27500,37,,,{'id': 172092}
1200016822,VERY_LONG,5200,3,,,{'id': 69237}
1200016830,VERY_LONG,117500,317,,,{'id': 83064}
1200016839,VERY_LONG,537000,3,,,{'id': 171315}
1200016845,VERY_LONG,497300,21,,,{'id': 170554}
1200016852,VERY_LONG,117500,53,,,{'id': 169701}
1200016857,VERY_LONG,392300,5,,,{'id': 168589}
1200016861,VERY_LONG,29300,23,,,{'id': 179315}
1200016885,VERY_LONG,155000,1,,,{'id': 128500}
1200016894,VERY_LONG,247500,84,,,{'id': 74850}
1200016903,VERY_LONG,77500,106,,,{'id': 74849}
1200016922,VERY_LONG,357500,40,,,{'id': 133591}
1200016994,VERY_LONG,27300,1,,,{'id': 34053}
1200017005,VERY_LONG,45000,3,,,{'id': 52718}
1200017028,VERY_LONG,47000,12,,,{'id': 34054}
1200017041,VERY_LONG,3097400,10,,,{'id': 94289}
1200017046,VERY_LONG,,1,16788300,,"{'id': 32755, 'context': 0, 'modifiers': [{'type': 28, 'value': 1013}]}"
1200017054,VERY_LONG,,1,497400,,"{'id': 32751, 'context': 0, 'modifiers': [{'type': 28, 'value': 1013}]}"
1200017058,VERY_LONG,,1,497400,,"{'id': 71999, 'context': 0, 'modifiers': [{'type': 28, 'value': 1030}]}"
1200017061,VERY_LONG,,1,2502300,,"{'id': 47625, 'context': 0, 'modifiers': [{'type': 28, 'value': 622}]}"
1200017073,VERY_LONG,,1,75005200,,"{'id': 82800, 'context': 0, 'modifiers': [{'type': 6, 'value': 46810}], 'pet_breed_id': 3, 'pet_level': 25, 'pet_quality_id': 3, 'pet_species_id': 1125}"
1200017074,VERY_LONG,,1,75005200,,"{'id': 82800, 'context': 0, 'modifiers': [{'type': 6, 'value': 46810}], 'pet_breed_id': 3, 'pet_level': 25, 'pet_quality_id': 3, 'pet_species_id': 1125}"
1200017089,VERY_LONG,,1,136006500,,"{'id': 82800, 'context': 0, 'modifiers': [{'type': 6, 'value': 47748}], 'pet_breed_id': 18, 'pet_level': 25, 'pet_quality_id': 3, 'pet_species_id': 1198}"
1200017090,VERY_LONG,,1,136006500,,"{'id': 82800, 'context': 0, 'modifiers': [{'type': 6, 'value': 47748}], 'pet_breed_id': 18, 'pet_level': 25, 'pet_quality_id': 3, 'pet_species_id': 1198}"
1200017091,VERY_LONG,,1,136006500,,"{'id': 82800, 'context': 0, 'modifiers': [{'type': 6, 'value': 47748}], 'pet_breed_id': 18, 'pet_level': 25, 'pet_quality_id': 3, 'pet_species_id': 1198}"
1200018107,VERY_LONG,,1,95000000,,"{'id': 82800, 'context': 0, 'modifiers': [{'type': 6, 'value': 47749}], 'pet_breed_id': 17, 'pet_level': 25, 'pet_quality_id': 3, 'pet_species_id': 1197}"
1200018114,VERY_LONG,,1,199798900,,"{'id': 172924, 'context': 13}"
1200018116,VERY_LONG,,1,237212000,,"{'id': 134125, 'context': 13, 'bonus_lists': [6839]}"
1200018139,VERY_LONG,,1,1500000,,"{'id': 82800, 'context': 0, 'modifiers': [{'type': 6, 'value': 28215}], 'pet_breed_id': 11, 'pet_level': 1, 'pet_quality_id': 2, 'pet_species_id': 195}"
1200018153,VERY_LONG,,1,99999500,,"{'id': 118376, 'context': 0}"
1200018156,VERY_LONG,,1,15600,,"{'id': 82800, 'context': 0, 'modifiers': [{'type': 6, 'value': 65091}], 'pet_breed_id': 8, 'pet_level': 1, 'pet_quality_id': 3, 'pet_species_id': 1907}"
1200018159,VERY_LONG,,1,19989900,,"{'id': 82800, 'context': 0, 'modifiers': [{'type': 6, 'value': 48878}], 'pet_breed_id': 10, 'pet_level': 1, 'pet_quality_id': 3, 'pet_species_id': 1226}"
1200018166,VERY_LONG,,1,5500,,"{'id': 82800, 'context': 0, 'modifiers': [{'type': 6, 'value': 98466}], 'pet_breed_id': 4, 'pet_level': 1, 'pet_quality_id': 2, 'pet_species_id': 3013}"
1200018167,VERY_LONG,,1,10008700,,"{'id': 82800, 'context': 0, 'modifiers': [{'type': 6, 'value': 55679}], 'pet_breed_id': 16, 'pet_level': 1, 'pet_quality_id': 3, 'pet_species_id': 1412}"
1200018171,VERY_LONG,,1,11000000,,"{'id': 82800, 'context': 0, 'modifiers': [{'type': 6, 'value': 25457}], 'pet_breed_id': 4, 'pet_level': 1, 'pet_quality_id': 3, 'pet_species_id': 186}"
1200018172,VERY_LONG,,1,903700,,"{'id': 82800, 'context': 0, 'modifiers': [{'type': 6, 'value': 38283}], 'pet_breed_id': 22, 'pet_level': 1, 'pet_quality_id': 3, 'pet_species_id': 2089}"
1200018174,VERY_LONG,,1,4004000,,"{'id': 82800, 'context': 0, 'modifiers': [{'type': 6, 'value': 79707}], 'pet_breed_id': 10, 'pet_level': 1, 'pet_quality_id': 3, 'pet_species_id': 2086}"
1200018177,VERY_LONG,,1,6909200,,"{'id': 82800, 'context': 0, 'modifiers': [{'type': 6, 'value': 79641}], 'pet_breed_id': 8, 'pet_level': 1, 'pet_quality_id': 3, 'pet_species_id': 2084}"
1200018180,VERY_LONG,,1,3509800,,"{'id': 82800, 'context': 0, 'modifiers': [{'type': 6, 'value': 49122}], 'pet_breed_id': 17, 'pet_level': 1, 'pet_quality_id': 3, 'pet_species_id': 1565}"
1200018199,VERY_LONG,,1,750000000,,"{'id': 172325, 'context': 66, 'bonus_lists': [6758, 7194, 1532]}"
1200018252,VERY_LONG,,1,45009800,,"{'id': 82800, 'context': 0, 'modifiers': [{'type': 6, 'value': 99899}], 'pet_breed_id': 17, 'pet_level': 25, 'pet_quality_id': 3, 'pet_species_id': 2925}"
1200018315,VERY_LONG,,1,750000000,,"{'id': 172322, 'context': 66, 'bonus_lists': [6758, 1532]}"
1200018509,VERY_LONG,,1,367731400,,"{'id': 52251, 'context': 11, 'modifiers': [{'type': 28, 'value': 1023}]}"
1200018511,VERY_LONG,,1,407778100,,"{'id': 52253, 'context': 11, 'modifiers': [{'type': 28, 'value': 1023}]}"
1200018513,VERY_LONG,,1,1816273500,,"{'id': 52200, 'context': 11, 'modifiers': [{'type': 28, 'value': 1023}]}"
1200018515,VERY_LONG,,1,314719300,,"{'id': 52201, 'context': 11, 'modifiers': [{'type': 28, 'value': 1023}]}"
1200018534,VERY_LONG,,1,3000000000,,"{'id': 52252, 'context': 11, 'modifiers': [{'type': 28, 'value': 1023}]}"
1200018595,VERY_LONG,,1,12705200,,"{'id': 6097, 'context': 14}"
1200018598,VERY_LONG,,1,1707800,,"{'id': 110274, 'context': 1}"
1200018604,VERY_LONG,,1,750000,,"{'id': 173197, 'context': 0, 'bonus_lists': [6887], 'modifiers': [{'type': 9, 'value': 54}, {'type': 28, 'value': 391}, {'type': 29, 'value': 32}, {'type': 30, 'value': 40}]}"
1200018628,VERY_LONG,959900,42,,,{'id': 109226}
1200018675,VERY_LONG,157100,113,,,{'id': 118391}
1200018689,VERY_LONG,488700,1,,,{'id': 6533}
1200018696,VERY_LONG,70000,9,,,{'id': 118632}
1200019099,VERY_LONG,30000,416,,,{'id': 109139}
1200022103,VERY_LONG,100000,397,,,{'id': 109138}
1200022105,VERY_LONG,2200,323,,,{'id': 109137}
1200022109,VERY_LONG,10000,472,,,{'id': 109142}
1200022114,VERY_LONG,13300,249,,,{'id': 109144}
1200022119,VERY_LONG,201100,450,,,{'id': 109141}
1200022122,VERY_LONG,400,14,,,{'id': 124117}
1200022124,VERY_LONG,7400,6,,,{'id': 110609}
1200022128,VERY_LONG,5000,4,,,{'id': 127037}
1200022132,VERY_LONG,7700,53,,,{'id': 124437}
1200022136,VERY_LONG,45000,4,,,{'id': 111557}
1200022140,VERY_LONG,1900,9,,,{'id': 33470}
1200022141,VERY_LONG,9900,43,,,{'id': 14048}
1200022152,VERY_LONG,4500,13,,,{'id': 113261}
1200022157,VERY_LONG,1500,138,,,{'id': 113262}
1200022159,VERY_LONG,1900,115,,,{'id': 113264}
1200022164,VERY_LONG,199700,131,,,{'id': 113263}
1200022168,VERY_LONG,9900,18,,,{'id': 109129}
1200022170,VERY_LONG,10000,59,,,{'id': 109128}
1200022173,VERY_LONG,11400,39,,,{'id': 109127}
1200022176,VERY_LONG,42200,59,,,{'id': 109125}
1200022178,VERY_LONG,340000,49,,,{'id': 109124}
1200022180,VERY_LONG,10000,1,,,{'id': 109126}
1200022181,VERY_LONG,29300,4,,,{'id': 179315}
1200022193,VERY_LONG,1543300,308,,,{'id': 109143}
1200022196,VERY_LONG,209100,390,,,{'id': 109140}
1200022200,VERY_LONG,50300,2,,,{'id': 152876}
1200022209,VERY_LONG,82300,3,,,{'id': 124441}
1200022211,VERY_LONG,46900,10,,,{'id': 152875}
1200022213,VERY_LONG,45000,12,,,{'id': 124440}
1200022214,VERY_LONG,99800,1,,,{'id': 111245}
1200022215,VERY_LONG,6600,48,,,{'id': 109693}
1200022216,VERY_LONG,87800,12,,,{'id': 113588}
1200022218,VERY_LONG,47000,13,,,{'id': 34054}
1200022222,VERY_LONG,29700,1,,,{'id': 16202}
1200022230,VERY_LONG,28600,4,,,{'id': 10938}
1200022249,VERY_LONG,700,3,,,{'id': 14344}
1200022379,VERY_LONG,513500,1560,,,{'id': 173204}
1200022438,VERY_LONG,117500,3000,,,{'id': 169701}
1200022698,VERY_LONG,497300,9694,,,{'id': 170554}
1200022701,VERY_LONG,,1,476733500,,"{'id': 140363, 'context': 0}"
1200022768,VERY_LONG,186121900,5,,,{'id': 62237}
1200022770,VERY_LONG,,1,2003200,,"{'id': 176771, 'context': 0, 'bonus_lists': [6907, 6652, 1682], 'modifiers': [{'type': 9, 'value': 60}, {'type': 28, 'value': 1707}]}"
1200022783,VERY_LONG,,1,2112100,,"{'id': 24674, 'context': 22, 'bonus_lists': [6654, 1708], 'modifiers': [{'type': 9, 'value': 30}, {'type': 28, 'value': 1070}]}"
1200022792,VERY_LONG,1299200,35,,,{'id': 23768}
1200022796,VERY_LONG,,1,3509600,,"{'id': 172260, 'context': 13, 'bonus_lists': [6893], 'modifiers': [{'type': 9, 'value': 60}, {'type': 28, 'value': 391}, {'type': 29, 'value': 32}, {'type': 30, 'value': 49}]}"
1200025603,VERY_LONG,,1,223397500,,"{'id': 25683, 'context': 0}"
1200025606,VERY_LONG,790100,437,,,{'id': 56516}
1200025612,VERY_LONG,,1,34690000,,"{'id': 128807, 'context': 0, 'modifiers': [{'type': 28, 'value': 435}]}"
1200025614,VERY_LONG,19999900,12,,,{'id': 58480}
1200025615,VERY_LONG,139900,11,,,{'id': 25707}
1200025618,VERY_LONG,,1,400005900,,"{'id': 29503, 'context': 0}"
1200025628,VERY_LONG,,1,150009800,,"{'id': 25680, 'context': 0}"
1200025629,VERY_LONG,,1,150009800,,"{'id': 25680, 'context': 0}"
1200025722,VERY_LONG,,1,70000000,,"{'id': 178927, 'context': 63, 'bonus_lists': [6716, 7194, 1487]}"
1200025737,VERY_LONG,,1,50000000,,"{'id': 173241, 'context': 63, 'bonus_lists': [6716, 1487]}"
1200028223,VERY_LONG,,1,650006000,,"{'id': 2955, 'context': 0, 'bonus_lists': [3631], 'modifiers': [{'type': 9, 'value': 24}, {'type': 28, 'value': 1796}]}"
1200028243,VERY_LONG,,1,5923200,,"{'id': 2077, 'context': 0, 'bonus_lists': [6655, 1692], 'modifiers': [{'type': 9, 'value': 24}, {'type': 28, 'value': 1796}]}"
1200028270,VERY_LONG,,1,13331400,,"{'id': 3041, 'context': 0, 'bonus_lists': [6655], 'modifiers': [{'type': 9, 'value': 23}, {'type': 28, 'value': 1796}]}"
1200028300,VERY_LONG,,1,4993300,,"{'id': 12009, 'context': 0, 'bonus_lists': [6654, 1692], 'modifiers': [{'type': 9, 'value': 24}, {'type': 28, 'value': 1796}]}"
1200028323,VERY_LONG,,1,3006500,,"{'id': 44309, 'context': 0}"
1200028334,VERY_LONG,,1,3008200,,"{'id': 67129, 'context': 0}"
1200028342,VERY_LONG,,1,3000500,,"{'id': 87468, 'context': 0}"
1200028357,VERY_LONG,4999700,1,,,{'id': 56502}
1200028806,VERY_LONG,,1,415999600,207999800,"{'id': 82800, 'context': 0, 'modifiers': [{'type': 6, 'value': 47960}], 'pet_breed_id': 13, 'pet_level': 1, 'pet_quality_id': 3, 'pet_species_id': 1209}"
1200028808,VERY_LONG,,1,55558400,27779200,"{'id': 82800, 'context': 0, 'modifiers': [{'type': 6, 'value': 46809}], 'pet_breed_id': 8, 'pet_level': 1, 'pet_quality_id': 3, 'pet_species_id': 1124}"
1200028811,VERY_LONG,,1,5499600,2798100,"{'id': 82800, 'context': 0, 'modifiers': [{'type': 6, 'value': 88036}], 'pet_breed_id': 6, 'pet_level': 1, 'pet_quality_id': 3, 'pet_species_id': 2458}"
1200028814,VERY_LONG,,1,12899000,6449500,"{'id': 82800, 'context': 0, 'modifiers': [{'type': 6, 'value': 92438}], 'pet_breed_id': 18, 'pet_level': 1, 'pet_quality_id': 3, 'pet_species_id': 2836}"
1200028815,VERY_LONG,,1,151874300,75937200,"{'id': 82800, 'context': 0, 'modifiers': [{'type': 6, 'value': 88468}], 'pet_breed_id': 5, 'pet_level': 1, 'pet_quality_id': 2, 'pet_species_id': 2415}"
1200028816,VERY_LONG,,1,30000600,16532700,"{'id': 82800, 'context': 0, 'modifiers': [{'type': 6, 'value': 43868}], 'pet_breed_id': 13, 'pet_level': 1, 'pet_quality_id': 2, 'pet_species_id': 792}"
1200028820,VERY_LONG,,1,4009800,2843200,"{'id': 82800, 'context': 0, 'modifiers': [{'type': 6, 'value': 90028}], 'pet_breed_id': 9, 'pet_level': 1, 'pet_quality_id': 2, 'pet_species_id': 2538}"
1200028821,VERY_LONG,,1,14883100,7441600,"{'id': 82800, 'context': 0, 'modifiers': [{'type': 6, 'value': 7937}], 'pet_breed_id': 11, 'pet_level': 1, 'pet_quality_id': 2, 'pet_species_id': 39}"
1200028825,VERY_LONG,,1,13018500,6509300,"{'id': 82800, 'context': 0, 'modifiers': [{'type': 6, 'value': 48666}], 'pet_breed_id': 3, 'pet_level': 1, 'pet_quality_id': 3, 'pet_species_id': 1231}"
1200028826,VERY_LONG,,1,7991800,4020600,"{'id': 82800, 'context': 0, 'modifiers': [{'type': 6, 'value': 61896}], 'pet_breed_id': 6, 'pet_level': 1, 'pet_quality_id': 3, 'pet_species_id': 1632}"
1200028828,VERY_LONG,,1,7507900,3754000,"{'id': 82800, 'context': 0, 'modifiers': [{'type': 6, 'value': 11709}], 'pet_breed_id': 20, 'pet_level': 1, 'pet_quality_id': 2, 'pet_species_id': 224}"
1200028829,VERY_LONG,,1,42514800,21257400,"{'id': 82800, 'context': 0, 'modifiers': [{'type': 6, 'value': 47856}], 'pet_breed_id': 19, 'pet_level': 4, 'pet_quality_id': 3, 'pet_species_id': 1346}"
1200028834,VERY_LONG,,1,57881500,28940800,"{'id': 82800, 'context': 0, 'modifiers': [{'type': 6, 'value': 48212}], 'pet_breed_id': 18, 'pet_level': 1, 'pet_quality_id': 3, 'pet_species_id': 1200}"
1200028837,VERY_LONG,,1,183235300,91617700,"{'id': 82800, 'context': 0, 'modifiers': [{'type': 6, 'value': 91235}], 'pet_breed_id': 10, 'pet_level': 1, 'pet_quality_id': 3, 'pet_species_id': 2681}"
1200028839,VERY_LONG,,1,7912000,3956000,"{'id': 82800, 'context': 0, 'modifiers': [{'type': 6, 'value': 73673}], 'pet_breed_id': 13, 'pet_level': 1, 'pet_quality_id': 3, 'pet_species_id': 1957}"
1200028840,VERY_LONG,,1,235999900,118000000,"{'id': 82800, 'context': 0, 'modifiers': [{'type': 6, 'value': 28539}], 'pet_breed_id': 20, 'pet_level': 2, 'pet_quality_id': 2, 'pet_species_id': 215}"
1200028860,VERY_LONG,,1,10999800,5499900,"{'id': 82800, 'context': 0, 'modifiers': [{'type': 6, 'value': 75766}], 'pet_breed_id': 18, 'pet_level': 1, 'pet_quality_id': 3, 'pet_species_id': 2042}"
1200028863,VERY_LONG,,1,11999700,5999900,"{'id': 82800, 'context': 0, 'modifiers': [{'type': 6, 'value': 90715}], 'pet_breed_id': 14, 'pet_level': 1, 'pet_quality_id': 3, 'pet_species_id': 2580}"
1200028872,VERY_LONG,,1,3509700,2649900,"{'id': 82800, 'context': 0, 'modifiers': [{'type': 6, 'value': 49122}], 'pet_breed_id': 15, 'pet_level': 1, 'pet_quality_id': 3, 'pet_species_id': 1565}"
1200028874,VERY_LONG,,1,22610600,11305300,"{'id': 82800, 'context': 0, 'modifiers': [{'type': 6, 'value': 65087}], 'pet_breed_id': 14, 'pet_level': 1, 'pet_quality_id': 3, 'pet_species_id': 1716}"
1200028876,VERY_LONG,,1,159999800,79999900,"{'id': 82800, 'context': 0, 'modifiers': [{'type': 6, 'value': 91656}], 'pet_breed_id': 10, 'pet_level': 1, 'pet_quality_id': 3, 'pet_species_id': 2721}"
1200028878,VERY_LONG,,1,6492000,3246000,"{'id': 82800, 'context': 0, 'modifiers': [{'type': 6, 'value': 71835}], 'pet_breed_id': 8, 'pet_level': 1, 'pet_quality_id': 3, 'pet_species_id': 1721}"
1200028880,VERY_LONG,,1,25803900,12902000,"{'id': 82800, 'context': 0, 'modifiers': [{'type': 6, 'value': 47931}], 'pet_breed_id': 17, 'pet_level': 1, 'pet_quality_id': 3, 'pet_species_id': 1478}"
1200028883,VERY_LONG,,1,79999800,39999900,"{'id': 82800, 'context': 0, 'modifiers': [{'type': 6, 'value': 38429}], 'pet_breed_id': 3, 'pet_level': 2, 'pet_quality_id': 3, 'pet_species_id': 318}"
1200028884,VERY_LONG,,1,8983700,5498100,"{'id': 82800, 'context': 0, 'modifiers': [{'type': 6, 'value': 29808}], 'pet_breed_id': 21, 'pet_level': 1, 'pet_quality_id': 2, 'pet_species_id': 238}"
1200028885,VERY_LONG,,1,38139700,19069900,"{'id': 82800, 'context': 0, 'modifiers': [{'type': 6, 'value': 22855}], 'pet_breed_id': 9, 'pet_level': 1, 'pet_quality_id': 3, 'pet_species_id': 167}"
1200028886,VERY_LONG,,1,5757100,2878600,"{'id': 82800, 'context': 0, 'modifiers': [{'type': 6, 'value': 6303}], 'pet_breed_id': 22, 'pet_level': 1, 'pet_quality_id': 2, 'pet_species_id': 78}"
1200028889,VERY_LONG,,1,26399900,13952600,"{'id': 82800, 'context': 0, 'pet_breed_id': 19, 'pet_level': 1, 'pet_quality_id': 3, 'pet_species_id': 1598}"
1200028891,VERY_LONG,,1,3978800,2033200,"{'id': 82800, 'context': 0, 'modifiers': [{'type': 6, 'value': 61548}], 'pet_breed_id': 5, 'pet_level': 1, 'pet_quality_id': 2, 'pet_species_id': 1538}"
1200028893,VERY_LONG,,1,162673600,81615300,"{'id': 82800, 'context': 0, 'modifiers': [{'type': 6, 'value': 59668}], 'pet_breed_id': 8, 'pet_level': 1, 'pet_quality_id': 3, 'pet_species_id': 1533}"
1200028896,VERY_LONG,,1,14998600,8447200,"{'id': 82800, 'context': 0, 'modifiers': [{'type': 6, 'value': 47955}], 'pet_breed_id': 21, 'pet_level': 1, 'pet_quality_id': 2, 'pet_species_id': 652}"
1200028898,VERY_LONG,,1,13080400,6540200,"{'id': 82800, 'context': 0, 'modifiers': [{'type': 6, 'value': 73671}], 'pet_breed_id': 4, 'pet_level': 1, 'pet_quality_id': 3, 'pet_species_id': 1955}"
1200028901,VERY_LONG,,1,10008400,5004200,"{'id': 82800, 'context': 0, 'modifiers': [{'type': 6, 'value': 28089}], 'pet_breed_id': 6, 'pet_level': 1, 'pet_quality_id': 2, 'pet_species_id': 190}"
1200028903,VERY_LONG,,1,52115400,26057700,"{'id': 82800, 'context': 0, 'modifiers': [{'type': 6, 'value': 38232}], 'pet_breed_id': 8, 'pet_level': 1, 'pet_quality_id': 3, 'pet_species_id': 310}"
1200028905,VERY_LONG,,1,29999700,14999900,"{'id': 82800, 'context': 0, 'modifiers': [{'type': 6, 'value': 60609}], 'pet_breed_id': 21, 'pet_level': 1, 'pet_quality_id': 3, 'pet_species_id': 1656}"
1200028907,VERY_LONG,,1,12599900,6300000,"{'id': 82800, 'context': 0, 'modifiers': [{'type': 6, 'value': 88002}], 'pet_breed_id': 9, 'pet_level': 1, 'pet_quality_id': 3, 'pet_species_id': 2448}"
1200028910,VERY_LONG,,1,7008200,3504100,"{'id': 82800, 'context': 0, 'modifiers': [{'type': 6, 'value': 26740}], 'pet_breed_id': 6, 'pet_level': 1, 'pet_quality_id': 3, 'pet_species_id': 1956}"
1200028957,VERY_LONG,,1,143439000,71719500,"{'id': 82800, 'context': 0, 'modifiers': [{'type': 6, 'value': 86484}], 'pet_breed_id': 17, 'pet_level': 1, 'pet_quality_id': 2, 'pet_species_id': 2197}"
1200028958,VERY_LONG,,1,39999900,20000000,"{'id': 82800, 'context': 0, 'modifiers': [{'type': 6, 'value': 69254}], 'pet_breed_id': 22, 'pet_level': 1, 'pet_quality_id': 3, 'pet_species_id': 1885}"
1200028959,VERY_LONG,,1,1499800,1188900,"{'id': 82800, 'context': 0, 'modifiers': [{'type': 6, 'value': 19600}], 'pet_breed_id': 20, 'pet_level': 1, 'pet_quality_id': 2, 'pet_species_id': 136}"
1200028961,VERY_LONG,,1,19999300,9999700,"{'id': 82800, 'context': 0, 'modifiers': [{'type': 6, 'value': 62440}], 'pet_breed_id': 14, 'pet_level': 1, 'pet_quality_id': 3, 'pet_species_id': 1655}"
1200028963,VERY_LONG,,1,10000900,8608700,"{'id': 82800, 'context': 0, 'modifiers': [{'type': 6, 'value': 68845}], 'pet_breed_id': 3, 'pet_level': 1, 'pet_quality_id': 3, 'pet_species_id': 1929}"
1200028964,VERY_LONG,,1,7658400,3829200,"{'id': 82800, 'context': 0, 'modifiers': [{'type': 6, 'value': 79639}], 'pet_breed_id': 5, 'pet_level': 1, 'pet_quality_id': 3, 'pet_species_id': 2085}"
1200028965,VERY_LONG,,1,331955700,165977900,"{'id': 82800, 'context': 0, 'modifiers': [{'type': 6, 'value': 95176}], 'pet_breed_id': 4, 'pet_level': 1, 'pet_quality_id': 3, 'pet_species_id': 2837}"
1200028966,VERY_LONG,,1,58909800,29454900,"{'id': 82800, 'context': 0, 'modifiers': [{'type': 6, 'value': 45938}], 'pet_breed_id': 7, 'pet_level': 1, 'pet_quality_id': 3, 'pet_species_id': 834}"
1200028967,VERY_LONG,,1,12993000,6496500,"{'id': 82800, 'context': 0, 'modifiers': [{'type': 6, 'value': 9905}], 'pet_breed_id': 7, 'pet_level': 1, 'pet_quality_id': 3, 'pet_species_id': 286}"
1200028968,VERY_LONG,,1,150009100,75004600,"{'id': 82800, 'context': 0, 'modifiers': [{'type': 6, 'value': 58760}], 'pet_breed_id': 17, 'pet_level': 1, 'pet_quality_id': 3, 'pet_species_id': 1663}"
1200028969,VERY_LONG,,1,9655800,4827900,"{'id': 82800, 'context': 0, 'modifiers': [{'type': 6, 'value': 59021}], 'pet_breed_id': 20, 'pet_level': 1, 'pet_quality_id': 3, 'pet_species_id': 1403}"
1200028971,VERY_LONG,,1,9603000,7629800,"{'id': 82800, 'context': 0, 'modifiers': [{'type': 6, 'value': 64222}], 'pet_breed_id': 4, 'pet_level': 1, 'pet_quality_id': 3, 'pet_species_id': 1688}"
1200028974,VERY_LONG,,1,14622300,7311200,"{'id': 82800, 'context': 0, 'modifiers': [{'type': 6, 'value': 60016}], 'pet_breed_id': 20, 'pet_level': 1, 'pet_quality_id': 3, 'pet_species_id': 1541}"
1200028980,VERY_LONG,,1,35007800,17503900,"{'id': 82800, 'context': 0, 'modifiers': [{'type': 6, 'value': 81984}], 'pet_breed_id': 3, 'pet_level': 1, 'pet_quality_id': 3, 'pet_species_id': 2157}"
1200028981,VERY_LONG,,1,11856400,5928200,"{'id': 82800, 'context': 0, 'modifiers': [{'type': 6, 'value': 48664}], 'pet_breed_id': 6, 'pet_level': 1, 'pet_quality_id': 3, 'pet_species_id': 1233}"
1200028984,VERY_LONG,,1,12506300,6253200,"{'id': 82800, 'context': 0, 'modifiers': [{'type': 6, 'value': 51475}], 'pet_breed_id': 4, 'pet_level': 1, 'pet_quality_id': 3, 'pet_species_id': 1343}"
1200028986,VERY_LONG,,1,25711700,12855900,"{'id': 82800, 'context': 0, 'modifiers': [{'type': 6, 'value': 33559}], 'pet_breed_id': 5, 'pet_level': 1, 'pet_quality_id': 2, 'pet_species_id': 262}"
1200028987,VERY_LONG,,1,99999800,49999900,"{'id': 82800, 'context': 0, 'modifiers': [{'type': 6, 'value': 91219}], 'pet_breed_id': 20, 'pet_level': 1, 'pet_quality_id': 3, 'pet_species_id': 2765}"
1200028988,VERY_LONG,,1,110000000,55000000,"{'id': 82800, 'context': 0, 'modifiers': [{'type': 6, 'value': 48662}], 'pet_breed_id': 8, 'pet_level': 1, 'pet_quality_id': 3, 'pet_species_id': 1229}"
1200028990,VERY_LONG,,1,28199900,14100000,"{'id': 82800, 'context': 0, 'modifiers': [{'type': 6, 'value': 99927}], 'pet_breed_id': 20, 'pet_level': 1, 'pet_quality_id': 2, 'pet_species_id': 2920}"
1200028992,VERY_LONG,,1,29989600,15881600,"{'id': 82800, 'context': 0, 'modifiers': [{'type': 6, 'value': 15905}], 'pet_breed_id': 8, 'pet_level': 1, 'pet_quality_id': 2, 'pet_species_id': 845}"
1200028993,VERY_LONG,,1,19999900,10000000,"{'id': 82800, 'context': 0, 'modifiers': [{'type': 6, 'value': 58613}], 'pet_breed_id': 21, 'pet_level': 1, 'pet_quality_id': 3, 'pet_species_id': 1577}"
1200028994,VERY_LONG,,1,6399900,5974600,"{'id': 82800, 'context': 0, 'modifiers': [{'type': 6, 'value': 88001}], 'pet_breed_id': 21, 'pet_level': 1, 'pet_quality_id': 3, 'pet_species_id': 2447}"
1200028996,VERY_LONG,,1,38794000,19397000,"{'id': 82800, 'context': 0, 'modifiers': [{'type': 6, 'value': 65638}], 'pet_breed_id': 22, 'pet_level': 1, 'pet_quality_id': 3, 'pet_species_id': 1755}"
1200028997,VERY_LONG,,1,875999900,438000000,"{'id': 82800, 'context': 0, 'modifiers': [{'type': 6, 'value': 47957}], 'pet_breed_id': 22, 'pet_level': 25, 'pet_quality_id': 3, 'pet_species_id': 1207}"
1200028999,VERY_LONG,,1,5999900,5137900,"{'id': 82800, 'context': 0, 'modifiers': [{'type': 6, 'value': 90422}], 'pet_breed_id': 16, 'pet_level': 1, 'pet_quality_id': 2, 'pet_species_id': 2526}"
1200029000,VERY_LONG,,1,465999600,232999800,"{'id': 82800, 'context': 0, 'modifiers': [{'type': 6, 'value': 49259}], 'pet_breed_id': 13, 'pet_level': 1, 'pet_quality_id': 3, 'pet_species_id': 1448}"
1200029003,VERY_LONG,,1,16999800,8499900,"{'id': 82800, 'context': 0, 'modifiers': [{'type': 6, 'value': 86482}], 'pet_breed_id': 3, 'pet_level': 1, 'pet_quality_id': 3, 'pet_species_id': 2201}"
1200029005,VERY_LONG,,1,195999800,97999900,"{'id': 82800, 'context': 0, 'modifiers': [{'type': 6, 'value': 75381}], 'pet_breed_id': 22, 'pet_level': 1, 'pet_quality_id': 2, 'pet_species_id': 2425}"
1200029006,VERY_LONG,,1,223273600,111636800,"{'id': 82800, 'context': 0, 'modifiers': [{'type': 6, 'value': 28493}], 'pet_breed_id': 3, 'pet_level': 1, 'pet_quality_id': 2, 'pet_species_id': 212}"
1200029008,VERY_LONG,,1,875999600,458339400,"{'id': 82800, 'context': 0, 'modifiers': [{'type': 6, 'value': 98467}], 'pet_breed_id': 19, 'pet_level': 1, 'pet_quality_id': 2, 'pet_species_id': 2954}"
1200029010,VERY_LONG,,1,2650189700,1325094900,"{'id': 82800, 'context': 0, 'modifiers': [{'type': 6, 'value': 61550}], 'pet_breed_id': 4, 'pet_level': 12, 'pet_quality_id': 3, 'pet_species_id': 1539}"
1200029011,VERY_LONG,,1,70676300,35338200,"{'id': 82800, 'context': 0, 'modifiers': [{'type': 6, 'value': 51279}], 'pet_breed_id': 13, 'pet_level': 1, 'pet_quality_id': 3, 'pet_species_id': 1336}"
1200029013,VERY_LONG,,1,22000000,11000000,"{'id': 82800, 'context': 0, 'pet_breed_id': 17, 'pet_level': 1, 'pet_quality_id': 3, 'pet_species_id': 1569}"
1200029014,VERY_LONG,,1,12007300,6003700,"{'id': 82800, 'context': 0, 'modifiers': [{'type': 6, 'value': 22349}], 'pet_breed_id': 7, 'pet_level': 1, 'pet_quality_id': 2, 'pet_species_id': 153}"
1200029016,VERY_LONG,,1,99999800,49999900,"{'id': 82800, 'context': 0, 'modifiers': [{'type': 6, 'value': 65667}], 'pet_breed_id': 12, 'pet_level': 1, 'pet_quality_id': 2, 'pet_species_id': 1756}"
1200029018,VERY_LONG,,1,1633900,817000,"{'id': 82800, 'context': 0, 'modifiers': [{'type': 6, 'value': 63446}], 'pet_breed_id': 14, 'pet_level': 1, 'pet_quality_id': 3, 'pet_species_id': 1662}"
1200029020,VERY_LONG,,1,178060300,89030200,"{'id': 82800, 'context': 0, 'modifiers': [{'type': 6, 'value': 28489}], 'pet_breed_id': 7, 'pet_level': 1, 'pet_quality_id': 2, 'pet_species_id': 205}"
1200029021,VERY_LONG,,1,14414100,7207100,"{'id': 82800, 'context': 0, 'modifiers': [{'type': 6, 'value': 61891}], 'pet_breed_id': 12, 'pet_level': 1, 'pet_quality_id': 3, 'pet_species_id': 1626}"
1200029023,VERY_LONG,,1,355999800,177999900,"{'id': 82800, 'context': 0, 'modifiers': [{'type': 6, 'value': 86445}], 'pet_breed_id': 8, 'pet_level': 1, 'pet_quality_id': 2, 'pet_species_id': 2196}"
1200029025,VERY_LONG,,1,70000000,35000000,"{'id': 82800, 'context': 0, 'modifiers': [{'type': 6, 'value': 60820}], 'pet_breed_id': 18, 'pet_level': 1, 'pet_quality_id': 3, 'pet_species_id': 1567}"
1200029026,VERY_LONG,,1,25001400,15380500,"{'id': 82800, 'context': 0, 'modifiers': [{'type': 6, 'value': 40224}], 'pet_breed_id': 15, 'pet_level': 1, 'pet_quality_id': 3, 'pet_species_id': 1631}"
1200029027,VERY_LONG,,1,46780700,23390400,"{'id': 82800, 'context': 0, 'modifiers': [{'type': 6, 'value': 65128}], 'pet_breed_id': 14, 'pet_level': 1, 'pet_quality_id': 2, 'pet_species_id': 1725}"
1200029030,VERY_LONG,,1,19999900,10000000,"{'id': 82800, 'context': 0, 'modifiers': [{'type': 6, 'value': 28217}], 'pet_breed_id': 7, 'pet_level': 1, 'pet_quality_id': 2, 'pet_species_id': 196}"
1200029031,VERY_LONG,,1,19989800,9994900,"{'id': 82800, 'context': 0, 'modifiers': [{'type': 6, 'value': 98457}], 'pet_breed_id': 11, 'pet_level': 1, 'pet_quality_id': 2, 'pet_species_id': 3020}"
1200029032,VERY_LONG,,1,2499900,2215400,"{'id': 82800, 'context': 0, 'modifiers': [{'type': 6, 'value': 1072}], 'pet_breed_id': 5, 'pet_level': 1, 'pet_quality_id': 2, 'pet_species_id': 70}"
1200029033,VERY_LONG,,1,37500000,18750000,"{'id': 82800, 'context': 0, 'modifiers': [{'type': 6, 'value': 97479}], 'pet_breed_id': 3, 'pet_level': 1, 'pet_quality_id': 2, 'pet_species_id': 3038}"
1200029034,VERY_LONG,,1,149999300,74999700,"{'id': 82800, 'context': 0, 'modifiers': [{'type': 6, 'value': 2176}], 'pet_breed_id': 7, 'pet_level': 1, 'pet_quality_id': 2, 'pet_species_id': 127}"
1200029036,VERY_LONG,,1,200001300,100000700,"{'id': 82800, 'context': 0, 'modifiers': [{'type': 6, 'value': 40908}], 'pet_breed_id': 10, 'pet_level': 1, 'pet_quality_id': 2, 'pet_species_id': 1323}"
1200029037,VERY_LONG,,1,21999900,11000000,"{'id': 82800, 'context': 0, 'modifiers': [{'type': 6, 'value': 26524}], 'pet_breed_id': 7, 'pet_level': 1, 'pet_quality_id': 3, 'pet_species_id': 2449}"
1200029038,VERY_LONG,,1,160000000,80000000,"{'id': 82800, 'context': 0, 'modifiers': [{'type': 6, 'value': 22388}], 'pet_breed_id': 8, 'pet_level': 1, 'pet_quality_id': 3, 'pet_species_id': 163}"
1200029039,VERY_LONG,,1,22952400,11476200,"{'id': 82800, 'context': 0, 'modifiers': [{'type': 6, 'value': 87890}], 'pet_breed_id': 3, 'pet_level': 1, 'pet_quality_id': 3, 'pet_species_id': 2435}"
1200029040,VERY_LONG,,1,1500000,750000,"{'id': 10269, 'context': 0, 'bonus_lists': [6654, 1705], 'modifiers': [{'type': 9, 'value': 30}, {'type': 28, 'value': 1005}]}"
1200029041,VERY_LONG,,1,149989400,74994700,"{'id': 82800, 'context': 0, 'modifiers': [{'type': 6, 'value': 73308}], 'pet_breed_id': 10, 'pet_level': 1, 'pet_quality_id': 3, 'pet_species_id': 1949}"
1200029043,VERY_LONG,,1,17009200,8504600,"{'id': 82800, 'context': 0, 'modifiers': [{'type': 6, 'value': 8910}], 'pet_breed_id': 7, 'pet_level': 1, 'pet_quality_id': 2, 'pet_species_id': 86}"
1200029044,VERY_LONG,,1,50005500,25002800,"{'id': 82800, 'context': 0, 'modifiers': [{'type': 6, 'value': 32790}], 'pet_breed_id': 3, 'pet_level': 1, 'pet_quality_id': 2, 'pet_species_id': 629}"
1200029045,VERY_LONG,,1,10999900,6156000,"{'id': 82800, 'context': 0, 'modifiers': [{'type': 6, 'value': 25457}], 'pet_breed_id': 4, 'pet_level': 1, 'pet_quality_id': 3, 'pet_species_id': 186}"
1200029047,VERY_LONG,,1,65581000,32790500,"{'id': 82800, 'context': 0, 'modifiers': [{'type': 6, 'value': 91111}], 'pet_breed_id': 20, 'pet_level': 1, 'pet_quality_id': 2, 'pet_species_id': 2699}"
1200029049,VERY_LONG,,1,4007400,3747500,"{'id': 82800, 'context': 0, 'modifiers': [{'type': 6, 'value': 37712}], 'pet_breed_id': 21, 'pet_level': 1, 'pet_quality_id': 2, 'pet_species_id': 306}"
1200029050,VERY_LONG,,1,29999700,14999900,"{'id': 82800, 'context': 0, 'modifiers': [{'type': 6, 'value': 39109}], 'pet_breed_id': 13, 'pet_level': 1, 'pet_quality_id': 2, 'pet_species_id': 340}"
1200029051,VERY_LONG,,1,105009800,80838900,"{'id': 82800, 'context': 0, 'modifiers': [{'type': 6, 'value': 99916}], 'pet_breed_id': 3, 'pet_level': 1, 'pet_quality_id': 2, 'pet_species_id': 2959}"
1200029052,VERY_LONG,,1,13517800,6758900,"{'id': 82800, 'context': 0, 'modifiers': [{'type': 6, 'value': 68859}], 'pet_breed_id': 21, 'pet_level': 1, 'pet_quality_id': 3, 'pet_species_id': 1889}"
1200029053,VERY_LONG,,1,44676000,22338000,"{'id': 82800, 'context': 0, 'modifiers': [{'type': 6, 'value': 74038}], 'pet_breed_id': 13, 'pet_level': 1, 'pet_quality_id': 3, 'pet_species_id': 2438}"
1200029054,VERY_LONG,,1,140000000,70000000,"{'id': 82800, 'context': 0, 'modifiers': [{'type': 6, 'value': 54855}], 'pet_breed_id': 18, 'pet_level': 1, 'pet_quality_id': 3, 'pet_species_id': 1542}"
1200029055,VERY_LONG,,1,48978000,24489000,"{'id': 82800, 'context': 0, 'modifiers': [{'type': 6, 'value': 33512}], 'pet_breed_id': 4, 'pet_level': 1, 'pet_quality_id': 2, 'pet_species_id': 261}"
1200029058,VERY_LONG,,1,19999500,11841900,"{'id': 82800, 'context': 0, 'modifiers': [{'type': 6, 'value': 93753}], 'pet_breed_id': 13, 'pet_level': 1, 'pet_quality_id': 2, 'pet_species_id': 2935}"
1200029060,VERY_LONG,,1,230000000,115000000,"{'id': 82800, 'context': 0, 'modifiers': [{'type': 6, 'value': 78244}], 'pet_breed_id': 3, 'pet_level': 1, 'pet_quality_id': 3, 'pet_species_id': 2403}"
1200029061,VERY_LONG,,1,179999800,89999900,"{'id': 82800, 'context': 0, 'modifiers': [{'type': 6, 'value': 80254}], 'pet_breed_id': 4, 'pet_level': 1, 'pet_quality_id': 3, 'pet_species_id': 2756}"
1200029062,VERY_LONG,,1,5000700,2500400,"{'id': 82800, 'context': 0, 'pet_breed_id': 13, 'pet_level': 1, 'pet_quality_id': 2, 'pet_species_id': 194}"
1200029063,VERY_LONG,,1,8191300,4095700,"{'id': 82800, 'context': 0, 'pet_breed_id': 3, 'pet_level': 1, 'pet_quality_id': 2, 'pet_species_id': 143}"
1200029064,VERY_LONG,,1,34649900,17450300,"{'id': 82800, 'context': 0, 'modifiers': [{'type': 6, 'value': 57970}], 'pet_breed_id': 16, 'pet_level': 1, 'pet_quality_id': 3, 'pet_species_id': 1442}"
1200029066,VERY_LONG,,1,12499900,9301600,"{'id': 82800, 'context': 0, 'modifiers': [{'type': 6, 'value': 75332}], 'pet_breed_id': 3, 'pet_level': 1, 'pet_quality_id': 2, 'pet_species_id': 2714}"
1200029067,VERY_LONG,,1,14998500,7499300,"{'id': 82800, 'context': 0, 'modifiers': [{'type': 6, 'value': 4626}], 'pet_breed_id': 15, 'pet_level': 1, 'pet_quality_id': 2, 'pet_species_id': 137}"
1200029068,VERY_LONG,,1,10008600,5004300,"{'id': 82800, 'context': 0, 'modifiers': [{'type': 6, 'value': 55679}], 'pet_breed_id': 16, 'pet_level': 1, 'pet_quality_id': 3, 'pet_species_id': 1412}"
1200029069,VERY_LONG,,1,9599900,4800000,"{'id': 82800, 'context': 0, 'modifiers': [{'type': 6, 'value': 48668}], 'pet_breed_id': 9, 'pet_level': 1, 'pet_quality_id': 3, 'pet_species_id': 1234}"
1200029070,VERY_LONG,,1,67343600,33671800,"{'id': 82800, 'context': 0, 'modifiers': [{'type': 6, 'value': 59017}], 'pet_breed_id': 21, 'pet_level': 5, 'pet_quality_id': 3, 'pet_species_id': 1545}"
1200029072,VERY_LONG,,1,115552200,57776100,"{'id': 82800, 'context': 0, 'modifiers': [{'type': 6, 'value': 47958}], 'pet_breed_id': 21, 'pet_level': 1, 'pet_quality_id': 3, 'pet_species_id': 1208}"
1200029074,VERY_LONG,,1,16941200,8470600,"{'id': 82800, 'context': 0, 'modifiers': [{'type': 6, 'value': 90155}], 'pet_breed_id': 8, 'pet_level': 1, 'pet_quality_id': 3, 'pet_species_id': 2544}"
1200029075,VERY_LONG,,1,21520900,10760500,"{'id': 82800, 'context': 0, 'modifiers': [{'type': 6, 'value': 37949}], 'pet_breed_id': 18, 'pet_level': 1, 'pet_quality_id': 3, 'pet_species_id': 1927}"
1200029078,VERY_LONG,,1,110004500,55002300,"{'id': 82800, 'context': 0, 'modifiers': [{'type': 6, 'value': 21381}], 'pet_breed_id': 3, 'pet_level': 1, 'pet_quality_id': 2, 'pet_species_id': 157}"
1200029080,VERY_LONG,,1,1999900,1985300,"{'id': 82800, 'context': 0, 'modifiers': [{'type': 6, 'value': 40521}], 'pet_breed_id': 16, 'pet_level': 1, 'pet_quality_id': 2, 'pet_species_id': 1040}"
1200030277,VERY_LONG,,1,1047000,,"{'id': 183971, 'context': 23, 'bonus_lists': [6908, 6652, 1712], 'modifiers': [{'type': 9, 'value': 60}, {'type': 28, 'value': 749}]}"
1200030283,VERY_LONG,,1,10627200,,"{'id': 123917, 'context': 13, 'bonus_lists': [669, 601, 689, 1687, 3408, 6883]}"
1200030289,VERY_LONG,49400,2,,,{'id': 29451}
1200030291,VERY_LONG,,1,763600,,"{'id': 177771, 'context': 17, 'bonus_lists': [6907, 6652, 1689], 'modifiers': [{'type': 9, 'value': 60}, {'type': 28, 'value': 747}]}"
1200030293,VERY_LONG,,1,1319500,,"{'id': 177802, 'context': 0, 'bonus_lists': [6908, 6652, 1700], 'modifiers': [{'type': 9, 'value': 60}, {'type': 28, 'value': 1707}]}"
1200030295,VERY_LONG,1000,8,,,{'id': 154899}
1200030298,VERY_LONG,3300,10,,,{'id': 24477}
1200030300,VERY_LONG,2200,8,,,{'id': 182653}
1200030304,VERY_LONG,71900,4,,,{'id': 153438}
1200030307,VERY_LONG,,1,1285200,,"{'id': 178945, 'context': 0, 'bonus_lists': [6908, 6652, 1690], 'modifiers': [{'type': 9, 'value': 60}, {'type': 28, 'value': 2060}]}"
1200030310,VERY_LONG,19600,28,,,{'id': 42780}
1200030314,VERY_LONG,29800,1,,,{'id': 74252}
1200030319,VERY_LONG,15700,2,,,{'id': 152503}
1200030322,VERY_LONG,,1,1032100,,"{'id': 178946, 'context': 23, 'bonus_lists': [6908, 6652, 1714], 'modifiers': [{'type': 9, 'value': 60}, {'type': 28, 'value': 749}]}"
1200030326,VERY_LONG,65900,1,,,{'id': 34052}
1200030329,VERY_LONG,35800,1,,,{'id': 30809}
1200030332,VERY_LONG,67900,2,,,{'id': 177660}
1200030336,VERY_LONG,195500,20,,,{'id': 33567}
1200030341,VERY_LONG,,1,1059300,,"{'id': 178953, 'context': 0, 'bonus_lists': [6908, 6652, 1676], 'modifiers': [{'type': 9, 'value': 60}, {'type': 28, 'value': 1707}]}"
1200030344,VERY_LONG,,1,1059800,,"{'id': 180794, 'context': 0, 'bonus_lists': [6908, 6652, 1705], 'modifiers': [{'type': 9, 'value': 60}, {'type': 28, 'value': 1707}]}"
1200030348,VERY_LONG,,1,1295000,,"{'id': 178947, 'context': 0, 'bonus_lists': [6908, 6652, 1717], 'modifiers': [{'type': 9, 'value': 60}, {'type': 28, 'value': 1707}]}"
1200030352,VERY_LONG,118300,1,,,{'id': 52718}
1200030356,VERY_LONG,47000,3,,,{'id': 115504}
1200030363,VERY_LONG,20900,1,,,{'id': 1705}
1200030369,VERY_LONG,24000,1,,,{'id': 23572}
1200030382,VERY_LONG,,1,5443100,,"{'id': 6309, 'context': 0}"
1200030388,VERY_LONG,25700,5,,,{'id': 3371}
1200030579,VERY_LONG,,1,10871300,5814600,"{'id': 82800, 'context': 0, 'modifiers': [{'type': 6, 'value': 61889}], 'pet_breed_id': 19, 'pet_level': 1, 'pet_quality_id': 3, 'pet_species_id': 1627}"
1200030581,VERY_LONG,,1,15002000,9805900,"{'id': 82800, 'context': 0, 'modifiers': [{'type': 6, 'value': 53748}], 'pet_breed_id': 18, 'pet_level': 1, 'pet_quality_id': 3, 'pet_species_id': 1387}"
1200030582,VERY_LONG,,1,2761200,2319900,"{'id': 82800, 'context': 0, 'modifiers': [{'type': 6, 'value': 5555}], 'pet_breed_id': 3, 'pet_level': 1, 'pet_quality_id': 2, 'pet_species_id': 45}"
1200030584,VERY_LONG,,1,17000000,8500000,"{'id': 82800, 'context': 0, 'modifiers': [{'type': 6, 'value': 80954}], 'pet_breed_id': 18, 'pet_level': 1, 'pet_quality_id': 3, 'pet_species_id': 2567}"
1200030585,VERY_LONG,,1,5839900,2920000,"{'id': 82800, 'context': 0, 'modifiers': [{'type': 6, 'value': 71972}], 'pet_breed_id': 18, 'pet_level': 1, 'pet_quality_id': 3, 'pet_species_id': 2091}"
1200030588,VERY_LONG,,1,9862700,4931400,"{'id': 82800, 'context': 0, 'modifiers': [{'type': 6, 'value': 86229}], 'pet_breed_id': 5, 'pet_level': 1, 'pet_quality_id': 2, 'pet_species_id': 2190}"
1200030589,VERY_LONG,,1,8309500,4154800,"{'id': 82800, 'context': 0, 'modifiers': [{'type': 6, 'value': 28502}], 'pet_breed_id': 5, 'pet_level': 1, 'pet_quality_id': 3, 'pet_species_id': 1511}"
1200030592,VERY_LONG,,1,29969800,14984900,"{'id': 82800, 'context': 0, 'modifiers': [{'type': 6, 'value': 29805}], 'pet_breed_id': 8, 'pet_level': 1, 'pet_quality_id': 2, 'pet_species_id': 232}"
1200030593,VERY_LONG,,1,415999600,207999800,"{'id': 82800, 'context': 0, 'modifiers': [{'type': 6, 'value': 91631}], 'pet_breed_id': 6, 'pet_level': 1, 'pet_quality_id': 3, 'pet_species_id': 2753}"
1200030596,VERY_LONG,,1,40944400,20472200,"{'id': 82800, 'context': 0, 'modifiers': [{'type': 6, 'value': 90513}], 'pet_breed_id': 19, 'pet_level': 1, 'pet_quality_id': 3, 'pet_species_id': 2694}"
1200030597,VERY_LONG,,1,179999900,90000000,"{'id': 82800, 'context': 0, 'modifiers': [{'type': 6, 'value': 91224}], 'pet_breed_id': 18, 'pet_level': 1, 'pet_quality_id': 3, 'pet_species_id': 2762}"
1200030599,VERY_LONG,,1,13627500,6813800,"{'id': 82800, 'context': 0, 'modifiers': [{'type': 6, 'value': 38310}], 'pet_breed_id': 14, 'pet_level': 1, 'pet_quality_id': 3, 'pet_species_id': 1693}"
1200030601,VERY_LONG,,1,13999800,12389000,"{'id': 82800, 'context': 0, 'modifiers': [{'type': 6, 'value': 60889}], 'pet_breed_id': 3, 'pet_level': 1, 'pet_quality_id': 3, 'pet_species_id': 1588}"
1200030604,VERY_LONG,,1,6463900,3232000,"{'id': 82800, 'context': 0, 'modifiers': [{'type': 6, 'value': 5586}], 'pet_breed_id': 4, 'pet_level': 1, 'pet_quality_id': 2, 'pet_species_id': 41}"
1200030606,VERY_LONG,,1,139999000,69999500,"{'id': 82800, 'context': 0, 'modifiers': [{'type': 6, 'value': 16587}], 'pet_breed_id': 3, 'pet_level': 1, 'pet_quality_id': 2, 'pet_species_id': 128}"
1200030607,VERY_LONG,,1,59999700,29999900,"{'id': 82800, 'context': 0, 'modifiers': [{'type': 6, 'value': 29404}], 'pet_breed_id': 7, 'pet_level': 1, 'pet_quality_id': 2, 'pet_species_id': 1351}"
1200030608,VERY_LONG,,1,12008500,6004300,"{'id': 82800, 'context': 0, 'modifiers': [{'type': 6, 'value': 81214}], 'pet_breed_id': 9, 'pet_level': 1, 'pet_quality_id': 3, 'pet_species_id': 2719}"
1200030609,VERY_LONG,,1,15751000,8367600,"{'id': 82800, 'context': 0, 'modifiers': [{'type': 6, 'value': 22629}], 'pet_breed_id': 7, 'pet_level': 1, 'pet_quality_id': 2, 'pet_species_id': 166}"
1200030612,VERY_LONG,,1,32274800,16137400,"{'id': 82800, 'context': 0, 'modifiers': [{'type': 6, 'value': 36901}], 'pet_breed_id': 3, 'pet_level': 1, 'pet_quality_id': 2, 'pet_species_id': 292}"
1200030613,VERY_LONG,,1,38889000,20110100,"{'id': 82800, 'context': 0, 'modifiers': [{'type': 6, 'value': 16259}], 'pet_breed_id': 5, 'pet_level': 1, 'pet_quality_id': 2, 'pet_species_id': 125}"
1200030614,VERY_LONG,,1,7994100,4785900,"{'id': 82800, 'context': 0, 'modifiers': [{'type': 6, 'value': 65113}], 'pet_breed_id': 20, 'pet_level': 1, 'pet_quality_id': 3, 'pet_species_id': 1717}"
1200030616,VERY_LONG,,1,49999800,24999900,"{'id': 82800, 'context': 0, 'modifiers': [{'type': 6, 'value': 10269}], 'pet_breed_id': 12, 'pet_level': 1, 'pet_quality_id': 2, 'pet_species_id': 116}"
1200030618,VERY_LONG,,1,225999800,112999900,"{'id': 82800, 'context': 0, 'modifiers': [{'type': 6, 'value': 36499}], 'pet_breed_id': 20, 'pet_level': 1, 'pet_quality_id': 2, 'pet_species_id': 271}"
1200030620,VERY_LONG,,1,11999900,6163100,"{'id': 82800, 'context': 0, 'modifiers': [{'type': 6, 'value': 44551}], 'pet_breed_id': 16, 'pet_level': 1, 'pet_quality_id': 2, 'pet_species_id': 1039}"
1200030621,VERY_LONG,,1,14005000,7446900,"{'id': 82800, 'context': 0, 'modifiers': [{'type': 6, 'value': 61894}], 'pet_breed_id': 11, 'pet_level': 1, 'pet_quality_id': 3, 'pet_species_id': 1629}"
1200030623,VERY_LONG,,1,8979800,6843500,"{'id': 82800, 'context': 0, 'modifiers': [{'type': 6, 'value': 8909}], 'pet_breed_id': 9, 'pet_level': 1, 'pet_quality_id': 2, 'pet_species_id': 85}"
1200030626,VERY_LONG,,1,14999700,13705400,"{'id': 82800, 'context': 0, 'modifiers': [{'type': 6, 'value': 61884}], 'pet_breed_id': 6, 'pet_level': 1, 'pet_quality_id': 3, 'pet_species_id': 1622}"
1200030628,VERY_LONG,,1,225999600,112999800,"{'id': 82800, 'context': 0, 'modifiers': [{'type': 6, 'value': 86529}], 'pet_breed_id': 5, 'pet_level': 1, 'pet_quality_id': 2, 'pet_species_id': 2422}"
1200030630,VERY_LONG,,1,12129700,6064900,"{'id': 82800, 'context': 0, 'modifiers': [{'type': 6, 'value': 44445}], 'pet_breed_id': 8, 'pet_level': 1, 'pet_quality_id': 3, 'pet_species_id': 2583}"
1200030632,VERY_LONG,,1,19989800,9994900,"{'id': 82800, 'context': 0, 'modifiers': [{'type': 6, 'value': 48878}], 'pet_breed_id': 3, 'pet_level': 1, 'pet_quality_id': 3, 'pet_species_id': 1226}"
1200030635,VERY_LONG,,1,1767900,1502400,"{'id': 82800, 'context': 0, 'modifiers': [{'type': 6, 'value': 40155}], 'pet_breed_id': 6, 'pet_level': 1, 'pet_quality_id': 3, 'pet_species_id': 2579}"
1200030637,VERY_LONG,,1,16999700,8499900,"{'id': 82800, 'context': 0, 'modifiers': [{'type': 6, 'value': 48857}], 'pet_breed_id': 9, 'pet_level': 1, 'pet_quality_id': 3, 'pet_species_id': 1227}"
1200030638,VERY_LONG,,1,3809800,1921300,"{'id': 82800, 'context': 0, 'modifiers': [{'type': 6, 'value': 15992}], 'pet_breed_id': 5, 'pet_level': 1, 'pet_quality_id': 2, 'pet_species_id': 122}"
1200030640,VERY_LONG,,1,110002700,55001400,"{'id': 82800, 'context': 0, 'modifiers': [{'type': 6, 'value': 27678}], 'pet_breed_id': 12, 'pet_level': 1, 'pet_quality_id': 3, 'pet_species_id': 335}"
1200030641,VERY_LONG,,1,55033200,27516600,"{'id': 82800, 'context': 0, 'modifiers': [{'type': 6, 'value': 36902}], 'pet_breed_id': 3, 'pet_level': 1, 'pet_quality_id': 3, 'pet_species_id': 267}"
1200030643,VERY_LONG,,1,5496700,5075600,"{'id': 82800, 'context': 0, 'modifiers': [{'type': 6, 'value': 28216}], 'pet_breed_id': 11, 'pet_level': 1, 'pet_quality_id': 3, 'pet_species_id': 198}"
1200030645,VERY_LONG,,1,28997000,14498500,"{'id': 82800, 'context': 0, 'modifiers': [{'type': 6, 'value': 59578}], 'pet_breed_id': 14, 'pet_level': 1, 'pet_quality_id': 3, 'pet_species_id': 1530}"
1200030646,VERY_LONG,,1,10057900,5029000,"{'id': 82800, 'context': 0, 'modifiers': [{'type': 6, 'value': 29802}], 'pet_breed_id': 20, 'pet_level': 1, 'pet_quality_id': 2, 'pet_species_id': 235}"
1200030648,VERY_LONG,,1,20009300,10004700,"{'id': 82800, 'context': 0, 'modifiers': [{'type': 6, 'value': 39739}], 'pet_breed_id': 21, 'pet_level': 1, 'pet_quality_id': 3, 'pet_species_id': 2584}"
1200030651,VERY_LONG,,1,163776300,103305100,"{'id': 82800, 'context': 0, 'modifiers': [{'type': 6, 'value': 78849}], 'pet_breed_id': 5, 'pet_level': 1, 'pet_quality_id': 3, 'pet_species_id': 2577}"
1200030652,VERY_LONG,,1,132223200,66111600,"{'id': 82800, 'context': 0, 'modifiers': [{'type': 6, 'value': 58547}], 'pet_breed_id': 18, 'pet_level': 1, 'pet_quality_id': 3, 'pet_species_id': 1450}"
1200030653,VERY_LONG,,1,16245800,8522600,"{'id': 82800, 'context': 0, 'modifiers': [{'type': 6, 'value': 87862}], 'pet_breed_id': 19, 'pet_level': 1, 'pet_quality_id': 3, 'pet_species_id': 2432}"
1200030655,VERY_LONG,,1,6959800,3904500,"{'id': 82800, 'context': 0, 'modifiers': [{'type': 6, 'value': 99917}], 'pet_breed_id': 15, 'pet_level': 1, 'pet_quality_id': 2, 'pet_species_id': 3008}"
1200030658,VERY_LONG,,1,7479700,6369000,"{'id': 82800, 'context': 0, 'modifiers': [{'type': 6, 'value': 58770}], 'pet_breed_id': 14, 'pet_level': 1, 'pet_quality_id': 3, 'pet_species_id': 1467}"
1200030660,VERY_LONG,,1,64999700,32499900,"{'id': 82800, 'context': 0, 'modifiers': [{'type': 6, 'value': 48091}], 'pet_breed_id': 10, 'pet_level': 1, 'pet_quality_id': 3, 'pet_species_id': 1201}"
1200030661,VERY_LONG,,1,45000000,22500000,"{'id': 82800, 'context': 0, 'modifiers': [{'type': 6, 'value': 9990}], 'pet_breed_id': 12, 'pet_level': 1, 'pet_quality_id': 2, 'pet_species_id': 46}"
1200030664,VERY_LONG,,1,9589900,4795000,"{'id': 82800, 'context': 0, 'modifiers': [{'type': 6, 'value': 75368}], 'pet_breed_id': 9, 'pet_level': 1, 'pet_quality_id': 2, 'pet_species_id': 2684}"
1200030666,VERY_LONG,,1,200008900,100004500,"{'id': 82800, 'context': 0, 'pet_breed_id': 10, 'pet_level': 1, 'pet_quality_id': 3, 'pet_species_id': 2135}"
1200030667,VERY_LONG,,1,191455700,95727900,"{'id': 82800, 'context': 0, 'modifiers': [{'type': 6, 'value': 15470}], 'pet_breed_id': 18, 'pet_level': 1, 'pet_quality_id': 2, 'pet_species_id': 207}"
1200030669,VERY_LONG,,1,11279900,5640000,"{'id': 82800, 'context': 0, 'modifiers': [{'type': 6, 'value': 99114}], 'pet_breed_id': 8, 'pet_level': 1, 'pet_quality_id': 3, 'pet_species_id': 3046}"
1200030671,VERY_LONG,,1,1999900,1000000,"{'id': 82800, 'context': 0, 'modifiers': [{'type': 6, 'value': 98459}], 'pet_breed_id': 5, 'pet_level': 1, 'pet_quality_id': 2, 'pet_species_id': 3022}"
1200030674,VERY_LONG,,1,34499900,17250000,"{'id': 82800, 'context': 0, 'modifiers': [{'type': 6, 'value': 99896}], 'pet_breed_id': 4, 'pet_level': 1, 'pet_quality_id': 2, 'pet_species_id': 2921}"
1200030675,VERY_LONG,,1,32500000,16250000,"{'id': 82800, 'context': 0, 'modifiers': [{'type': 6, 'value': 66212}], 'pet_breed_id': 22, 'pet_level': 1, 'pet_quality_id': 3, 'pet_species_id': 1808}"
1200030676,VERY_LONG,,1,210009400,105004700,"{'id': 82800, 'context': 0, 'modifiers': [{'type': 6, 'value': 54752}], 'pet_breed_id': 16, 'pet_level': 1, 'pet_quality_id': 3, 'pet_species_id': 1395}"
1200030679,VERY_LONG,,1,30008800,15004400,"{'id': 82800, 'context': 0, 'modifiers': [{'type': 6, 'value': 94706}], 'pet_breed_id': 6, 'pet_level': 1, 'pet_quality_id': 3, 'pet_species_id': 2833}"
1200030680,VERY_LONG,,1,99999800,49999900,"{'id': 82800, 'context': 0, 'modifiers': [{'type': 6, 'value': 99866}], 'pet_breed_id': 19, 'pet_level': 1, 'pet_quality_id': 2, 'pet_species_id': 2916}"
1200030682,VERY_LONG,,1,30000000,15000000,"{'id': 82800, 'context': 0, 'modifiers': [{'type': 6, 'value': 58170}], 'pet_breed_id': 6, 'pet_level': 1, 'pet_quality_id': 1, 'pet_species_id': 1426}"
1200030684,VERY_LONG,,1,951500,674000,"{'id': 82800, 'context': 0, 'modifiers': [{'type': 6, 'value': 46905}], 'pet_breed_id': 4, 'pet_level': 1, 'pet_quality_id': 3, 'pet_species_id': 1153}"
1200030685,VERY_LONG,,1,19559500,9779800,"{'id': 82800, 'context': 0, 'modifiers': [{'type': 6, 'value': 901}], 'pet_breed_id': 3, 'pet_level': 1, 'pet_quality_id': 2, 'pet_species_id': 95}"
1200030686,VERY_LONG,,1,19464100,9732100,"{'id': 82800, 'context': 0, 'modifiers': [{'type': 6, 'value': 44655}], 'pet_breed_id': 8, 'pet_level': 1, 'pet_quality_id': 3, 'pet_species_id': 650}"
1200030688,VERY_LONG,,1,755999900,378000000,"{'id': 82800, 'context': 0, 'modifiers': [{'type': 6, 'value': 93744}], 'pet_breed_id': 18, 'pet_level': 1, 'pet_quality_id': 2, 'pet_species_id': 2933}"
1200030689,VERY_LONG,,1,57499900,28750000,"{'id': 82800, 'context': 0, 'modifiers': [{'type': 6, 'value': 45386}], 'pet_breed_id': 5, 'pet_level': 1, 'pet_quality_id': 3, 'pet_species_id': 844}"
1200030691,VERY_LONG,,1,18399900,9661100,"{'id': 82800, 'context': 0, 'modifiers': [{'type': 6, 'value': 60617}], 'pet_breed_id': 18, 'pet_level': 1, 'pet_quality_id': 3, 'pet_species_id': 1570}"
1200030694,VERY_LONG,,1,19722900,9861500,"{'id': 82800, 'context': 0, 'modifiers': [{'type': 6, 'value': 59766}], 'pet_breed_id': 11, 'pet_level': 1, 'pet_quality_id': 3, 'pet_species_id': 1954}"
1200030695,VERY_LONG,,1,17129900,10772700,"{'id': 82800, 'context': 0, 'modifiers': [{'type': 6, 'value': 47732}], 'pet_breed_id': 19, 'pet_level': 1, 'pet_quality_id': 3, 'pet_species_id': 1185}"
1200030996,VERY_LONG,200000,33,,,{'id': 172040}
1200032122,VERY_LONG,23000,30,,,{'id': 172048}
1200032597,VERY_LONG,,1,3318857700,2278156800,"{'id': 82800, 'context': 0, 'pet_breed_id': 12, 'pet_level': 1, 'pet_quality_id': 3, 'pet_species_id': 241}"
1200034195,VERY_LONG,601700,21,,,{'id': 172049}
1200034329,VERY_LONG,,1,5447534600,5175157900,"{'id': 82800, 'context': 0, 'modifiers': [{'type': 6, 'value': 38359}], 'pet_breed_id': 3, 'pet_level': 2, 'pet_quality_id': 3, 'pet_species_id': 311}"
1200034330,VERY_LONG,,1,4200003100,3990002900,"{'id': 82800, 'context': 0, 'modifiers': [{'type': 6, 'value': 38359}], 'pet_breed_id': 3, 'pet_level': 1, 'pet_quality_id': 3, 'pet_species_id': 311}"
1200034334,VERY_LONG,,1,1090288400,1079385500,"{'id': 12261, 'context': 0}"
1200034336,VERY_LONG,,1,17016167500,16165359100,"{'id': 55388, 'context': 0, 'bonus_lists': [1681]}"
1200034337,VERY_LONG,,1,299960000,296960400,"{'id': 29733, 'context': 0}"
1200034339,VERY_LONG,,1,17969700,,"{'id': 36598, 'context': 0, 'bonus_lists': [6655, 1678], 'modifiers': [{'type': 9, 'value': 30}, {'type': 28, 'value': 1017}]}"
1200034340,VERY_LONG,,1,299960000,296960400,"{'id': 29733, 'context': 0}"
1200034342,VERY_LONG,,1,3431988200,3397668300,"{'id': 6476, 'context': 0}"
1200034345,VERY_LONG,,1,5185172900,4925914300,"{'id': 82800, 'context': 0, 'modifiers': [{'type': 6, 'value': 60441}], 'pet_breed_id': 20, 'pet_level': 1, 'pet_quality_id': 3, 'pet_species_id': 1544}"
1200034347,VERY_LONG,,1,976283200,966520400,"{'id': 15747, 'context': 0}"
1200034351,VERY_LONG,,1,2565739200,2540081800,"{'id': 3736, 'context': 0}"
1200034353,VERY_LONG,,1,2565739200,2540081800,"{'id': 3736, 'context': 0}"
1200034355,VERY_LONG,,1,657315600,650742400,"{'id': 7452, 'context': 1}"
1200034357,VERY_LONG,,1,6150976900,5843428100,"{'id': 2273, 'context': 0}"
1200034358,VERY_LONG,,1,761500,,"{'id': 183971, 'context': 4, 'bonus_lists': [6908, 6652, 1683], 'modifiers': [{'type': 9, 'value': 60}, {'type': 28, 'value': 750}]}"
1200034360,VERY_LONG,,1,6150976900,5843428100,"{'id': 2273, 'context': 0}"
1200034362,VERY_LONG,,1,2316683300,2293516500,"{'id': 21547, 'context': 0}"
1200034364,VERY_LONG,,1,3502468300,3467443600,"{'id': 15727, 'context': 0}"
1200034368,VERY_LONG,,1,3502468300,3467443600,"{'id': 15727, 'context': 0}"
1200034369,VERY_LONG,,1,4108175000,3902766300,"{'id': 2017, 'context': 0}"
1200034372,VERY_LONG,,1,980000000,,"{'id': 24297, 'context': 0, 'modifiers': [{'type': 28, 'value': 1015}]}"
1200034373,VERY_LONG,,1,31526300,31211000,"{'id': 14471, 'context': 0}"
1200034375,VERY_LONG,,1,4089947900,3885450500,"{'id': 82800, 'context': 0, 'pet_breed_id': 5, 'pet_level': 1, 'pet_quality_id': 3, 'pet_species_id': 169}"
1200034376,VERY_LONG,,1,3779439600,3590467600,"{'id': 4723, 'context': 0}"
1200034378,VERY_LONG,,1,772681100,764954300,"{'id': 10607, 'context': 0}"
1200034379,VERY_LONG,,1,7964853000,7566610400,"{'id': 20694, 'context': 0}"
1200034380,VERY_LONG,,1,5015444200,4764672000,"{'id': 82800, 'context': 0, 'modifiers': [{'type': 6, 'value': 25002}], 'pet_breed_id': 3, 'pet_level': 1, 'pet_quality_id': 3, 'pet_species_id': 183}"
1200034381,VERY_LONG,,1,1652669400,1636142700,"{'id': 8402, 'context': 0}"
1200034382,VERY_LONG,,1,2950004300,2802504100,"{'id': 82800, 'context': 0, 'modifiers': [{'type': 6, 'value': 21362}], 'pet_breed_id': 3, 'pet_level': 1, 'pet_quality_id': 3, 'pet_species_id': 156}"
1200034383,VERY_LONG,,1,799969400,791969700,"{'id': 16247, 'context': 0}"
1200034384,VERY_LONG,,1,3999999900,,"{'id': 18657, 'context': 0}"
1200034385,VERY_LONG,,1,3999999900,,"{'id': 18657, 'context': 0}"
1200034387,VERY_LONG,,1,980100,,"{'id': 176803, 'context': 0, 'bonus_lists': [6908, 6652, 1709], 'modifiers': [{'type': 9, 'value': 60}, {'type': 28, 'value': 1707}]}"
1200034389,VERY_LONG,,1,3999999900,,"{'id': 18657, 'context': 0}"
1200034390,VERY_LONG,,1,14070100,13929400,"{'id': 14476, 'context': 0}"
1200034391,VERY_LONG,,1,316618900,313452700,"{'id': 29732, 'context': 3}"
1200034392,VERY_LONG,,1,8442240100,8020128100,"{'id': 20658, 'context': 0, 'bonus_lists': [1692]}"
1200034394,VERY_LONG,,1,515190400,489430900,"{'id': 14380, 'context': 29, 'bonus_lists': [3832], 'modifiers': [{'type': 9, 'value': 11}]}"
1200034395,VERY_LONG,,1,980000,,"{'id': 176793, 'context': 0, 'bonus_lists': [6908, 6652, 1705], 'modifiers': [{'type': 9, 'value': 60}, {'type': 28, 'value': 1707}]}"
1200034396,VERY_LONG,,1,1967297200,1947624200,"{'id': 4354, 'context': 1}"
1200034397,VERY_LONG,,1,1967297200,1947624200,"{'id': 4354, 'context': 0}"
1200034398,VERY_LONG,,1,1967297200,1947624200,"{'id': 4354, 'context': 1}"
1200034399,VERY_LONG,,1,1154244400,1142702000,"{'id': 12828, 'context': 0}"
1200034402,VERY_LONG,,1,980000,,"{'id': 176793, 'context': 2, 'bonus_lists': [6908, 6652, 1689], 'modifiers': [{'type': 9, 'value': 60}, {'type': 28, 'value': 748}]}"
1200034406,VERY_LONG,,1,670000,,"{'id': 15224, 'context': 1, 'bonus_lists': [6655, 1706], 'modifiers': [{'type': 9, 'value': 30}, {'type': 28, 'value': 204}]}"
1200034409,VERY_LONG,,1,11996900,,"{'id': 82084, 'context': 22, 'bonus_lists': [6654, 1705], 'modifiers': [{'type': 9, 'value': 35}, {'type': 28, 'value': 1129}]}"
1200034410,VERY_LONG,,1,671662600,664946000,"{'id': 30722, 'context': 0}"
1200034411,VERY_LONG,,1,5363100,,"{'id': 7370, 'context': 1, 'bonus_lists': [6654, 1709], 'modifiers': [{'type': 9, 'value': 30}, {'type': 28, 'value': 204}]}"
1200034412,VERY_LONG,,1,3965091900,3925441000,"{'id': 21992, 'context': 0}"
1200034414,VERY_LONG,,1,52015800,,"{'id': 24943, 'context': 22, 'bonus_lists': [6654, 1680], 'modifiers': [{'type': 9, 'value': 30}, {'type': 28, 'value': 1076}]}"
1200034417,VERY_LONG,,1,4756900,,"{'id': 176963, 'context': 0, 'bonus_lists': [6907, 6652, 1700], 'modifiers': [{'type': 9, 'value': 60}, {'type': 28, 'value': 2060}]}"
1200034420,VERY_LONG,,1,4756900,,"{'id': 176963, 'context': 0, 'bonus_lists': [6907, 6652, 1683], 'modifiers': [{'type': 9, 'value': 60}, {'type': 28, 'value': 1707}]}"
1200034421,VERY_LONG,,1,19998100,,"{'id': 176770, 'context': 0, 'bonus_lists': [6907, 6652, 1680], 'modifiers': [{'type': 9, 'value': 60}, {'type': 28, 'value': 1707}]}"
1200034422,VERY_LONG,,1,4658700,,"{'id': 171442, 'context': 13, 'bonus_lists': [6893], 'modifiers': [{'type': 9, 'value': 60}, {'type': 28, 'value': 391}, {'type': 29, 'value': 49}, {'type': 30, 'value': 36}]}"
1200034425,VERY_LONG,,1,37500000,,"{'id': 82800, 'context': 0, 'modifiers': [{'type': 6, 'value': 97479}], 'pet_breed_id': 13, 'pet_level': 1, 'pet_quality_id': 2, 'pet_species_id': 3038}"
1200034426,VERY_LONG,,1,25803900,,"{'id': 82800, 'context': 0, 'modifiers': [{'type': 6, 'value': 47931}], 'pet_breed_id': 17, 'pet_level': 1, 'pet_quality_id': 3, 'pet_species_id': 1478}"
1200034433,VERY_LONG,68800,22,,,{'id': 172061}
1200034801,VERY_LONG,,1,2650000000,2610526500,"{'id': 82800, 'context': 0, 'modifiers': [{'type': 6, 'value': 74468}], 'pet_breed_id': 6, 'pet_level': 25, 'pet_quality_id': 3, 'pet_species_id': 1998}"
1200037153,VERY_LONG,600,1,,,{'id': 43465}
1200037173,VERY_LONG,600,1,,,{'id': 43463}
1200037965,VERY_LONG,,1,940000,,"{'id': 82800, 'context': 0, 'pet_breed_id': 9, 'pet_level': 1, 'pet_quality_id': 3, 'pet_species_id': 1150}"
1200038002,VERY_LONG,,1,10999800,,"{'id': 82800, 'context': 0, 'pet_breed_id': 18, 'pet_level': 1, 'pet_quality_id': 3, 'pet_species_id': 2042}"
1200038040,VERY_LONG,,1,13517800,,"{'id': 82800, 'context': 0, 'pet_breed_id': 21, 'pet_level': 1, 'pet_quality_id': 3, 'pet_species_id': 1889}"
1200038078,VERY_LONG,,1,4507700,,"{'id': 82800, 'context': 0, 'pet_breed_id': 18, 'pet_level': 1, 'pet_quality_id': 3, 'pet_species_id': 1922}"
1200038099,VERY_LONG,,1,291400,,"{'id': 82800, 'context': 0, 'pet_breed_id': 22, 'pet_level': 1, 'pet_quality_id': 2, 'pet_species_id': 847}"
1200039117,VERY_LONG,,1,8863700,,"{'id': 82800, 'context': 0, 'pet_breed_id': 18, 'pet_level': 1, 'pet_quality_id': 2, 'pet_species_id': 1515}"
1200039206,VERY_LONG,,1,9655800,,"{'id': 82800, 'context': 0, 'modifiers': [{'type': 6, 'value': 59021}], 'pet_breed_id': 21, 'pet_level': 1, 'pet_quality_id': 3, 'pet_species_id': 1403}"
1200039237,VERY_LONG,15600,15,,,{'id': 4306}
1200039246,VERY_LONG,300,2,,,{'id': 8150}
1200039254,VERY_LONG,27500,4,,,{'id': 172092}
1200039265,VERY_LONG,,1,1850000,,"{'id': 82800, 'context': 0, 'pet_breed_id': 18, 'pet_level': 1, 'pet_quality_id': 3, 'pet_species_id': 1720}"
1200042736,SHORT,,1,70000,,"{'id': 82800, 'context': 0, 'modifiers': [{'type': 6, 'value': 31073}], 'pet_breed_id': 3, 'pet_level': 1, 'pet_quality_id': 2, 'pet_species_id': 251}"
1200042748,SHORT,,1,70000,,"{'id': 82800, 'context': 0, 'modifiers': [{'type': 6, 'value': 31073}], 'pet_breed_id': 3, 'pet_level': 1, 'pet_quality_id': 2, 'pet_species_id': 251}"
1200042757,SHORT,,1,70000,,"{'id': 82800, 'context': 0, 'modifiers': [{'type': 6, 'value': 31073}], 'pet_breed_id': 3, 'pet_level': 1, 'pet_quality_id': 2, 'pet_species_id': 251}"
1200042893,SHORT,,1,65000000,,"{'id': 171413, 'context': 63, 'bonus_lists': [6716, 1487]}"
1200042972,SHORT,,1,1909900,,"{'id': 173145, 'context': 13, 'modifiers': [{'type': 29, 'value': 32}]}"
1200042975,SHORT,,1,1909900,,"{'id': 173145, 'context': 13, 'modifiers': [{'type': 29, 'value': 36}]}"
1200042979,SHORT,,1,1909900,,"{'id': 173145, 'context': 13, 'modifiers': [{'type': 29, 'value': 36}]}"
1200042982,SHORT,,1,1909900,,"{'id': 173145, 'context': 13, 'modifiers': [{'type': 29, 'value': 36}]}"
1200042985,SHORT,,1,1909900,,"{'id': 173145, 'context': 13, 'modifiers': [{'type': 29, 'value': 32}]}"
1200045180,SHORT,972300,2,,,{'id': 153667}
1200045202,SHORT,25500,34,,,{'id': 158189}
1200045220,SHORT,37000,2,,,{'id': 17011}
1200045228,SHORT,350000,2,,,{'id': 32229}
1200045247,SHORT,50000,3,,,{'id': 158202}
1200045274,VERY_LONG,500000,10,,,{'id': 76512}
1200045291,VERY_LONG,150000,9,,,{'id': 76509}
1200045301,VERY_LONG,500000,10,,,{'id': 76507}
1200045326,SHORT,30000,10,,,{'id': 171263}
1200045340,SHORT,2240000,15,,,{'id': 171266}
1200045346,VERY_LONG,509900,9,,,{'id': 76504}
1200045349,VERY_LONG,104900,43,,,{'id': 76133}
1200045352,SHORT,44600,5,,,{'id': 183823}
1200045356,VERY_LONG,435800,337,,,{'id': 76130}
1200045369,VERY_LONG,51000,92,,,{'id': 76135}
1200045373,VERY_LONG,103000,250,,,{'id': 76136}
1200045539,VERY_LONG,88200,12,,,{'id': 76565}
1200045548,VERY_LONG,500000,1,,,{'id': 76631}
1200045555,VERY_LONG,205100,9,,,{'id': 76567}
1200045561,VERY_LONG,506600,1,,,{'id': 76633}
1200045594,VERY_LONG,5555500,16,,,{'id': 43369}
1200045605,VERY_LONG,506600,1,,,{'id': 76576}
1200045654,VERY_LONG,506600,1,,,{'id': 76572}
1200045664,VERY_LONG,506600,2,,,{'id': 76570}
1200045669,SHORT,48400,15,,,{'id': 171841}
1200045674,VERY_LONG,506600,1,,,{'id': 76571}
1200045684,VERY_LONG,55100,1,,,{'id': 76505}
1200045694,SHORT,1550000,17,,,{'id': 171833}
1200045700,VERY_LONG,200000,8,,,{'id': 76502}
1200045705,VERY_LONG,3323600,200,,,{'id': 171349}
1200045715,VERY_LONG,15100,10,,,{'id': 76563}
1200045719,SHORT,4400,2,,,{'id': 5784}
1200045721,VERY_LONG,206600,1,,,{'id': 76629}
1200045728,SHORT,497300,1,,,{'id': 170554}
1200045730,VERY_LONG,50000,17,,,{'id': 76561}
1200045733,SHORT,111100,1,,,{'id': 12804}
1200045738,VERY_LONG,506600,3,,,{'id': 76627}
1200045740,SHORT,8100,1,,,{'id': 108325}
1200045748,VERY_LONG,59900,10,,,{'id': 76560}
1200045750,SHORT,29300,2,,,{'id': 179315}
1200045767,VERY_LONG,3483200,322,,,{'id': 171270}
1200045785,SHORT,50000,3,,,{'id': 3858}
1200045797,SHORT,49900,3,,,{'id': 2318}
1200045806,SHORT,1030000,1,,,{'id': 36920}
1200045827,SHORT,166500,2,,,{'id': 171829}
1200045834,SHORT,80000,1,,,{'id': 2775}
1200045850,SHORT,39900,1,,,{'id': 12808}
1200045856,SHORT,51100,1,,,{'id': 4377}
1200045875,SHORT,15600,34,,,{'id': 4306}
1200045885,SHORT,300,8,,,{'id': 8150}
1200045895,VERY_LONG,,1,8009900,,"{'id': 176790, 'context': 0, 'bonus_lists': [6907, 6652, 7194, 1679], 'modifiers': [{'type': 9, 'value': 60}, {'type': 28, 'value': 1707}]}"
1200045910,VERY_LONG,,1,3123500,,"{'id': 176792, 'context': 2, 'bonus_lists': [6907, 6652, 7193, 1677], 'modifiers': [{'type': 9, 'value': 60}, {'type': 28, 'value': 748}]}"
1200045925,VERY_LONG,59900,5,,,{'id': 76562}
1200045935,VERY_LONG,50000,10,,,{'id': 76550}
1200045942,VERY_LONG,50000,8,,,{'id': 76564}
1200045950,VERY_LONG,50000,10,,,{'id': 76557}
1200045959,VERY_LONG,506600,1,,,{'id': 76630}
1200045961,VERY_LONG,503200,1,,,{'id': 76621}
1200045967,VERY_LONG,506600,1,,,{'id': 89676}
1200045971,VERY_LONG,59800,9,,,{'id': 89675}
1200045978,VERY_LONG,55100,10,,,{'id': 76559}
1200045985,VERY_LONG,59900,6,,,{'id': 76555}
1200045987,VERY_LONG,500000,1,,,{'id': 76617}
1200046004,VERY_LONG,57200,9,,,{'id': 76551}
1200046012,VERY_LONG,55700,9,,,{'id': 76554}
1200046018,VERY_LONG,56600,1,,,{'id': 76620}
1200048137,VERY_LONG,56600,2,,,{'id': 76624}
1200048147,VERY_LONG,59900,9,,,{'id': 76558}
1200048169,VERY_LONG,55100,10,,,{'id': 76549}
1200048181,VERY_LONG,55100,2,,,{'id': 89679}
1200048196,VERY_LONG,59900,8,,,{'id': 89678}
1200048219,VERY_LONG,501500,10,,,{'id': 76552}
1200048234,VERY_LONG,150000,10,,,{'id': 76548}
1200048281,VERY_LONG,206600,3,,,{'id': 76622}
1200048303,VERY_LONG,52700,7,,,{'id': 76556}
1200048325,VERY_LONG,55700,1,,,{'id': 76554}
1200048343,VERY_LONG,59900,10,,,{'id': 76553}
1200048375,VERY_LONG,17300,21,,,{'id': 172046}
1200048407,VERY_LONG,200000,8,,,{'id': 172040}
1200048431,VERY_LONG,10000,9,,,{'id': 172048}
1200048857,SHORT,,1,70000,,"{'id': 82800, 'context': 0, 'modifiers': [{'type': 6, 'value': 31073}], 'pet_breed_id': 3, 'pet_level': 1, 'pet_quality_id': 2, 'pet_species_id': 251}"
1200048925,SHORT,,1,400000,,"{'id': 21305, 'context': 11}"
1200049051,SHORT,,1,600000,,"{'id': 21301, 'context': 11}"
1200050208,SHORT,,1,10000000,,"{'id': 13116, 'context': 0}"
1200050229,SHORT,,1,10000000,,"{'id': 13116, 'context': 0, 'bonus_lists': [6658], 'modifiers': [{'type': 9, 'value': 30}, {'type': 28, 'value': 1004}]}"
1200050330,SHORT,,1,2000000,,"{'id': 71640, 'context': 5}"
1200050491,SHORT,,1,800000,,"{'id': 16850, 'context': 0, 'modifiers': [{'type': 28, 'value': 1004}]}"
1200050506,SHORT,,1,800000,,"{'id': 16850, 'context': 0, 'modifiers': [{'type': 28, 'value': 1004}]}"
1200050560,SHORT,,1,1000000,,"{'id': 16817, 'context': 0, 'modifiers': [{'type': 28, 'value': 1004}]}"
1200050603,SHORT,,1,800000,,"{'id': 16819, 'context': 0, 'modifiers': [{'type': 28, 'value': 1004}]}"
1200051000,SHORT,400000,1,,,{'id': 172920}
1200051047,SHORT,400000,1,,,{'id': 172920}
1200051061,SHORT,400000,1,,,{'id': 172920}
1200051073,SHORT,400000,1,,,{'id': 172920}
1200051080,SHORT,400000,1,,,{'id': 172920}
1200053103,SHORT,400000,1,,,{'id': 172921}
1200053244,VERY_LONG,141500,3,,,{'id': 168312}
1200053282,VERY_LONG,497900,1,,,{'id': 182121}
1200053310,SHORT,15000,999,,,{'id': 94288}
1200053328,VERY_LONG,80000,1,,,{'id': 38557}
1200053342,SHORT,15000,999,,,{'id': 94288}
1200053376,VERY_LONG,,1,47000000,,"{'id': 31186, 'context': 22, 'bonus_lists': [6659], 'modifiers': [{'type': 9, 'value': 30}, {'type': 28, 'value': 1066}]}"
1200053427,VERY_LONG,,1,3000000,,"{'id': 176962, 'context': 0, 'bonus_lists': [6907, 6652, 1717], 'modifiers': [{'type': 9, 'value': 60}, {'type': 28, 'value': 1707}]}"
1200053507,VERY_LONG,,1,5000000,,"{'id': 177796, 'context': 0, 'bonus_lists': [6907, 6652, 1702], 'modifiers': [{'type': 9, 'value': 60}, {'type': 28, 'value': 1707}]}"
1200053577,VERY_LONG,,1,2002100,,"{'id': 176981, 'context': 0, 'bonus_lists': [6907, 6652, 1677], 'modifiers': [{'type': 9, 'value': 60}, {'type': 28, 'value': 1707}]}"
1200053683,VERY_LONG,,1,1259200,,"{'id': 175572, 'context': 0, 'bonus_lists': [6907, 1677], 'modifiers': [{'type': 9, 'value': 60}, {'type': 28, 'value': 1707}]}"
1200056515,SHORT,,1,5056900,,"{'id': 55752, 'context': 1, 'bonus_lists': [6654, 1681], 'modifiers': [{'type': 9, 'value': 35}, {'type': 28, 'value': 258}]}"
1200056518,SHORT,,1,6442100,,"{'id': 55752, 'context': 1, 'bonus_lists': [6654, 1699], 'modifiers': [{'type': 9, 'value': 35}, {'type': 28, 'value': 258}]}"
1200056521,SHORT,12262700,2,,,{'id': 162517}
1200056525,SHORT,,1,20450500,,"{'id': 55528, 'context': 1, 'bonus_lists': [6654, 1678], 'modifiers': [{'type': 9, 'value': 35}, {'type': 28, 'value': 258}]}"
1200056528,SHORT,,1,3357500,,"{'id': 55420, 'context': 1, 'bonus_lists': [6654, 1695], 'modifiers': [{'type': 9, 'value': 35}, {'type': 28, 'value': 258}]}"
1200056530,SHORT,,1,16827500,,"{'id': 55581, 'context': 1, 'bonus_lists': [6654, 1678], 'modifiers': [{'type': 9, 'value': 35}, {'type': 28, 'value': 258}]}"
1200056531,SHORT,70000,3,,,{'id': 62778}
1200056532,SHORT,,1,110658900,,"{'id': 55410, 'context': 1, 'bonus_lists': [6655, 1678], 'modifiers': [{'type': 9, 'value': 35}, {'type': 28, 'value': 258}]}"
1200056533,SHORT,205000,2,,,{'id': 36928}
1200056535,SHORT,,1,8304800,,"{'id': 55573, 'context': 1, 'bonus_lists': [6654, 1713], 'modifiers': [{'type': 9, 'value': 35}, {'type': 28, 'value': 258}]}"
1200056536,SHORT,,1,11494000,,"{'id': 55607, 'context': 1, 'bonus_lists': [6654, 1693], 'modifiers': [{'type': 9, 'value': 35}, {'type': 28, 'value': 258}]}"
1200056537,SHORT,,1,35750400,,"{'id': 55681, 'context': 1, 'bonus_lists': [6654, 1705], 'modifiers': [{'type': 9, 'value': 35}, {'type': 28, 'value': 258}]}"
1200056538,SHORT,,1,24887500,,"{'id': 55526, 'context': 1, 'bonus_lists': [6654, 1678], 'modifiers': [{'type': 9, 'value': 35}, {'type': 28, 'value': 258}]}"
1200056539,SHORT,,1,28520100,,"{'id': 55724, 'context': 1, 'bonus_lists': [6654, 1701], 'modifiers': [{'type': 9, 'value': 35}, {'type': 28, 'value': 258}]}"
1200056540,SHORT,4800,83,,,{'id': 154897}
1200056544,SHORT,,1,17562500,,"{'id': 55598, 'context': 1, 'bonus_lists': [6654, 1681], 'modifiers': [{'type': 9, 'value': 35}, {'type': 28, 'value': 258}]}"
1200056548,SHORT,,1,5008200,,"{'id': 37587, 'context': 2, 'bonus_lists': [4196], 'modifiers': [{'type': 9, 'value': 30}, {'type': 28, 'value': 1090}]}"
1200056549,SHORT,,1,3777500,,"{'id': 55403, 'context': 1, 'bonus_lists': [6654, 1680], 'modifiers': [{'type': 9, 'value': 35}, {'type': 28, 'value': 258}]}"
1200056550,SHORT,,1,25493700,,"{'id': 55571, 'context': 1, 'bonus_lists': [6654, 1699], 'modifiers': [{'type': 9, 'value': 35}, {'type': 28, 'value': 258}]}"
1200056551,SHORT,,1,50830700,,"{'id': 55715, 'context': 1, 'bonus_lists': [6654, 1687], 'modifiers': [{'type': 9, 'value': 35}, {'type': 28, 'value': 258}]}"
1200056552,SHORT,,1,6479000,,"{'id': 55761, 'context': 1, 'bonus_lists': [6654, 1708], 'modifiers': [{'type': 9, 'value': 35}, {'type': 28, 'value': 258}]}"
1200056553,SHORT,,1,23524000,,"{'id': 55366, 'context': 1, 'bonus_lists': [6655, 1686], 'modifiers': [{'type': 9, 'value': 35}, {'type': 28, 'value': 258}]}"
1200056554,SHORT,,1,70950600,,"{'id': 55455, 'context': 1, 'bonus_lists': [6655, 1702], 'modifiers': [{'type': 9, 'value': 35}, {'type': 28, 'value': 258}]}"
1200056557,SHORT,,1,25574700,,"{'id': 55635, 'context': 1, 'bonus_lists': [6654, 1707], 'modifiers': [{'type': 9, 'value': 35}, {'type': 28, 'value': 258}]}"
1200056559,SHORT,,1,4911200,,"{'id': 55753, 'context': 1, 'bonus_lists': [6654, 1680], 'modifiers': [{'type': 9, 'value': 35}, {'type': 28, 'value': 258}]}"
1200056561,SHORT,256500,263,,,{'id': 52328}
1200056564,SHORT,,1,3358900,,"{'id': 55854, 'context': 1, 'bonus_lists': [6710], 'modifiers': [{'type': 9, 'value': 35}, {'type': 28, 'value': 258}]}"
1200056566,SHORT,,1,3358900,,"{'id': 55854, 'context': 1, 'bonus_lists': [6710], 'modifiers': [{'type': 9, 'value': 35}, {'type': 28, 'value': 258}]}"
1200056568,SHORT,,1,28953200,,"{'id': 55617, 'context': 1, 'bonus_lists': [6654, 1692], 'modifiers': [{'type': 9, 'value': 35}, {'type': 28, 'value': 258}]}"
1200056570,SHORT,,1,16253400,,"{'id': 55771, 'context': 1, 'bonus_lists': [6654, 1695], 'modifiers': [{'type': 9, 'value': 35}, {'type': 28, 'value': 258}]}"
1200056572,SHORT,,1,8738600,,"{'id': 55501, 'context': 2, 'bonus_lists': [6654, 1681], 'modifiers': [{'type': 9, 'value': 35}, {'type': 28, 'value': 1114}]}"
1200056575,SHORT,,1,2959600,,"{'id': 55727, 'context': 1, 'bonus_lists': [6654, 1679], 'modifiers': [{'type': 9, 'value': 35}, {'type': 28, 'value': 258}]}"
1200056578,SHORT,,1,298469800,,"{'id': 55356, 'context': 2, 'bonus_lists': [6655, 1708], 'modifiers': [{'type': 9, 'value': 35}, {'type': 28, 'value': 1114}]}"
1200056581,SHORT,,1,9156400,,"{'id': 55401, 'context': 2, 'bonus_lists': [6654, 1706], 'modifiers': [{'type': 9, 'value': 35}, {'type': 28, 'value': 1114}]}"
1200056583,SHORT,,1,152494000,,"{'id': 55392, 'context': 1, 'bonus_lists': [6655, 1681], 'modifiers': [{'type': 9, 'value': 35}, {'type': 28, 'value': 258}]}"
1200056586,SHORT,,1,33497900,,"{'id': 55375, 'context': 1, 'bonus_lists': [6655, 1680], 'modifiers': [{'type': 9, 'value': 35}, {'type': 28, 'value': 258}]}"
1200056589,SHORT,90000,5,,,{'id': 1015}
1200056591,SHORT,,1,17294200,,"{'id': 55716, 'context': 1, 'bonus_lists': [6654, 1684], 'modifiers': [{'type': 9, 'value': 35}, {'type': 28, 'value': 258}]}"
1200056595,SHORT,,1,128806700,,"{'id': 67113, 'context': 1, 'bonus_lists': [6658], 'modifiers': [{'type': 9, 'value': 35}, {'type': 28, 'value': 258}]}"
1200056597,SHORT,,1,19704800,,"{'id': 55742, 'context': 1, 'bonus_lists': [6654, 1702], 'modifiers': [{'type': 9, 'value': 35}, {'type': 28, 'value': 258}]}"
1200056710,SHORT,27500,49,,,{'id': 172092}
1200056721,SHORT,80000,17,,,{'id': 38557}
1200056726,SHORT,188800,3,,,{'id': 112158}
1200056730,SHORT,13700,134,,,{'id': 25649}
1200056739,SHORT,968400,4,,,{'id': 52183}
1200056782,SHORT,7400,13,,,{'id': 110609}
1200056797,SHORT,48400,5,,,{'id': 171841}
1200056814,SHORT,1550000,6,,,{'id': 171833}
1200056899,SHORT,,1,600000,,"{'id': 21953, 'context': 1, 'modifiers': [{'type': 28, 'value': 205}]}"
1200056909,SHORT,302500,5,,,{'id': 52325}
1200056929,MEDIUM,99800,1,,,{'id': 52181}
1200056952,MEDIUM,352000,4,,,{'id': 52326}
1200056974,MEDIUM,2500000,28,,,{'id': 36910}
1200056981,MEDIUM,49900,4,,,{'id': 37705}
1200057002,MEDIUM,159900,39,,,{'id': 37703}
1200057022,MEDIUM,770000,125,,,{'id': 36912}
1200057034,MEDIUM,60000,1,,,{'id': 36917}
1200057046,MEDIUM,80000,15,,,{'id': 37700}
1200057063,MEDIUM,1030000,1,,,{'id': 36920}
1200057082,MEDIUM,121300,3,,,{'id': 36929}
1200057095,MEDIUM,150000,5,,,{'id': 36923}
1200058109,MEDIUM,392500,1,,,{'id': 52192}
1200058132,MEDIUM,29300,1,,,{'id': 179315}
1200058200,MEDIUM,,1,24131100,,"{'id': 172253, 'context': 13, 'bonus_lists': [6893], 'modifiers': [{'type': 9, 'value': 55}, {'type': 28, 'value': 391}, {'type': 29, 'value': 49}, {'type': 30, 'value': 32}]}"
1200058201,MEDIUM,,1,24131100,,"{'id': 172253, 'context': 13, 'bonus_lists': [6893], 'modifiers': [{'type': 9, 'value': 55}, {'type': 28, 'value': 391}, {'type': 29, 'value': 40}, {'type': 30, 'value': 36}]}"
1200058202,MEDIUM,,1,7490600,,"{'id': 172264, 'context': 13, 'bonus_lists': [6893], 'modifiers': [{'type': 9, 'value': 55}, {'type': 28, 'value': 391}, {'type': 29, 'value': 49}, {'type': 30, 'value': 32}]}"
1200058203,MEDIUM,,1,28344000,,"{'id': 172250, 'context': 13, 'bonus_lists': [6893], 'modifiers': [{'type': 9, 'value': 55}, {'type': 28, 'value': 391}, {'type': 29, 'value': 36}, {'type': 30, 'value': 40}]}"
1200058206,MEDIUM,,1,7202600,,"{'id': 172256, 'context': 13, 'bonus_lists': [6893], 'modifiers': [{'type': 9, 'value': 55}, {'type': 28, 'value': 391}, {'type': 29, 'value': 36}, {'type': 30, 'value': 40}]}"
1200058208,MEDIUM,,1,22165400,,"{'id': 172261, 'context': 13, 'bonus_lists': [6893], 'modifiers': [{'type': 9, 'value': 55}, {'type': 28, 'value': 391}, {'type': 29, 'value': 36}, {'type': 30, 'value': 49}]}"
1200058336,VERY_LONG,29300,1,,,{'id': 179315}
1200058658,VERY_LONG,,1,55559200,,"{'id': 121014, 'context': 0, 'bonus_lists': [6654, 603], 'modifiers': [{'type': 9, 'value': 45}, {'type': 28, 'value': 331}]}"
1200058663,VERY_LONG,,1,99990000,,"{'id': 175557, 'context': 1, 'bonus_lists': [6907, 1708], 'modifiers': [{'type': 9, 'value': 60}, {'type': 28, 'value': 2044}]}"
1200058767,VERY_LONG,80002200,1,,,{'id': 69864}
1200058773,VERY_LONG,69995100,1,,,{'id': 69865}
1200058776,VERY_LONG,,1,1581300,,"{'id': 55755, 'context': 2, 'bonus_lists': [6654, 1680], 'modifiers': [{'type': 9, 'value': 35}, {'type': 28, 'value': 1111}]}"
1200058778,VERY_LONG,1003200,508,,,{'id': 52985}
1200058784,VERY_LONG,,1,1316300,,"{'id': 55774, 'context': 2, 'bonus_lists': [6654, 1680], 'modifiers': [{'type': 9, 'value': 35}, {'type': 28, 'value': 1111}]}"
1200058900,VERY_LONG,,1,3201908100,3000000000,"{'id': 163131, 'context': 0}"
1200058937,VERY_LONG,1999800,380,,,{'id': 72095}
1200058950,VERY_LONG,2474600,410,,,{'id': 175970}
1200058965,VERY_LONG,5000100,1,,,{'id': 153630}
1200058968,VERY_LONG,1920800,1,,,{'id': 173071}
1200058972,VERY_LONG,17919100,7,,,{'id': 153607}
1200058974,VERY_LONG,20009900,1,,,{'id': 177842}
1200058978,VERY_LONG,1005100,3,,,{'id': 153613}
1200058981,VERY_LONG,2703900,19,,,{'id': 153666}
1200058991,VERY_LONG,5001600,113,,,{'id': 152296}
1200058996,VERY_LONG,2995100,9,,,{'id': 153608}
1200059001,VERY_LONG,45100,2,,,{'id': 153615}
1200059005,VERY_LONG,7507500,1,,,{'id': 153620}
1200059009,VERY_LONG,65000,101,,,{'id': 79010}
1200059012,MEDIUM,489600,479,,,{'id': 124119}
1200059017,VERY_LONG,1005100,3,,,{'id': 153614}
1200059025,VERY_LONG,1000100,3,,,{'id': 153633}
1200059030,VERY_LONG,,1,409900,,"{'id': 45090, 'context': 3}"
1200059035,VERY_LONG,109800,60,,,{'id': 159825}
1200059046,VERY_LONG,159900,123,,,{'id': 168191}
1200059052,VERY_LONG,60000,123,,,{'id': 168192}
1200059054,VERY_LONG,14230800,1,,,{'id': 173082}
1200059068,VERY_LONG,5005100,3,,,{'id': 153616}
1200059078,VERY_LONG,5005100,4,,,{'id': 153612}
1200059081,VERY_LONG,30000,2,,,{'id': 153705}
1200059084,VERY_LONG,2767000,7,,,{'id': 130175}
1200059086,VERY_LONG,499900,55,,,{'id': 130173}
1200059090,VERY_LONG,1000000,2,,,{'id': 153603}
1200059091,VERY_LONG,1000000,1,,,{'id': 27422}
1200059097,VERY_LONG,1005100,1,,,{'id': 153609}
1200062133,VERY_LONG,,1,90002400,,"{'id': 159857, 'context': 13, 'bonus_lists': [1683, 4928, 5804]}"
1200062136,VERY_LONG,,1,90002400,,"{'id': 159857, 'context': 13, 'bonus_lists': [1686, 4928, 5804]}"
1200062151,VERY_LONG,95000,78,,,{'id': 168193}
1200062226,VERY_LONG,,1,100002900,,"{'id': 160140, 'context': 0, 'bonus_lists': [4796, 1712], 'modifiers': [{'type': 9, 'value': 50}]}"
1200062254,VERY_LONG,,1,4656800,,"{'id': 160143, 'context': 0, 'bonus_lists': [4796, 1707], 'modifiers': [{'type': 9, 'value': 50}]}"
1199361217,LONG,,1,139999900,100000000,"{'id': 82800, 'context': 0, 'modifiers': [{'type': 6, 'value': 51505}], 'pet_breed_id': 4, 'pet_level': 1, 'pet_quality_id': 2, 'pet_species_id': 1349}"
1200062317,VERY_LONG,19999900,54,,,{'id': 58480}
1200062335,VERY_LONG,400000,3,,,{'id': 172921}
1200028823,VERY_LONG,,1,105999600,52999800,"{'id': 82800, 'context': 0, 'modifiers': [{'type': 6, 'value': 90515}], 'pet_breed_id': 22, 'pet_level': 1, 'pet_quality_id': 2, 'pet_species_id': 2698}"
1200062633,VERY_LONG,117500,8,,,{'id': 169701}
1200062636,VERY_LONG,497300,4,,,{'id': 170554}
1200062646,VERY_LONG,150000,2,,,{'id': 179278}
1200062824,MEDIUM,31200,305,,,{'id': 133590}
1200062918,MEDIUM,9900,95,,,{'id': 12359}
1200062942,MEDIUM,520000,18,,,{'id': 53066}
1200062964,MEDIUM,4478900,5,,,{'id': 23573}
1200063002,VERY_LONG,,1,54770800,52032300,"{'id': 4055, 'context': 1, 'bonus_lists': [6654], 'modifiers': [{'type': 9, 'value': 30}, {'type': 28, 'value': 211}]}"
1200063005,VERY_LONG,,1,5908100,5612700,"{'id': 7443, 'context': 1, 'bonus_lists': [6654, 1677], 'modifiers': [{'type': 9, 'value': 30}, {'type': 28, 'value': 211}]}"
1200063007,VERY_LONG,,1,52560300,49932300,"{'id': 4717, 'context': 1, 'bonus_lists': [6654], 'modifiers': [{'type': 9, 'value': 30}, {'type': 28, 'value': 211}]}"
1200063010,VERY_LONG,,1,44585600,42356300,"{'id': 4073, 'context': 1, 'bonus_lists': [6654], 'modifiers': [{'type': 9, 'value': 30}, {'type': 28, 'value': 211}]}"
1200063012,VERY_LONG,,1,6092200,6031300,"{'id': 2077, 'context': 1, 'bonus_lists': [6655, 1681], 'modifiers': [{'type': 9, 'value': 30}, {'type': 28, 'value': 204}]}"
1200063014,VERY_LONG,,1,3115200,2959400,"{'id': 10189, 'context': 0, 'bonus_lists': [6654, 1708], 'modifiers': [{'type': 9, 'value': 30}, {'type': 28, 'value': 25}]}"
1200063017,VERY_LONG,,1,19817100,18826200,"{'id': 6387, 'context': 1, 'bonus_lists': [6654], 'modifiers': [{'type': 9, 'value': 30}, {'type': 28, 'value': 210}]}"
1200063022,VERY_LONG,,1,131179600,129867800,"{'id': 31188, 'context': 0, 'bonus_lists': [6691, 1680], 'modifiers': [{'type': 9, 'value': 42}, {'type': 28, 'value': 1739}]}"
1200063027,VERY_LONG,,1,49989900,49490000,"{'id': 24199, 'context': 0, 'modifiers': [{'type': 28, 'value': 1015}]}"
1200063030,VERY_LONG,,1,46598400,44268500,"{'id': 4077, 'context': 1, 'bonus_lists': [6654], 'modifiers': [{'type': 9, 'value': 30}, {'type': 28, 'value': 211}]}"
1200063033,VERY_LONG,,1,46598400,44268500,"{'id': 4077, 'context': 1, 'bonus_lists': [6654], 'modifiers': [{'type': 9, 'value': 30}, {'type': 28, 'value': 211}]}"
1200063035,VERY_LONG,2890000,3,,,{'id': 4371}
1200063037,VERY_LONG,,1,15542400,15387000,"{'id': 6429, 'context': 1, 'bonus_lists': [6654], 'modifiers': [{'type': 9, 'value': 30}, {'type': 28, 'value': 217}]}"
1200063040,VERY_LONG,,1,3363400,3195200,"{'id': 7433, 'context': 0, 'bonus_lists': [6654, 1709], 'modifiers': [{'type': 9, 'value': 30}, {'type': 28, 'value': 25}]}"
1200063043,VERY_LONG,5516200,1,,,{'id': 31912}
1200063046,VERY_LONG,,1,6387600,6068200,"{'id': 15213, 'context': 1, 'bonus_lists': [6655, 1706], 'modifiers': [{'type': 9, 'value': 30}, {'type': 28, 'value': 217}]}"
1200063049,VERY_LONG,,1,6387600,6068200,"{'id': 15213, 'context': 1, 'bonus_lists': [6655, 1681], 'modifiers': [{'type': 9, 'value': 30}, {'type': 28, 'value': 211}]}"
1200063053,VERY_LONG,,1,55418000,54863800,"{'id': 38513, 'context': 0, 'bonus_lists': [3631], 'modifiers': [{'type': 9, 'value': 13}, {'type': 28, 'value': 73}]}"
1200063056,VERY_LONG,,1,16424800,15603600,"{'id': 9832, 'context': 1, 'bonus_lists': [6654, 1691], 'modifiers': [{'type': 9, 'value': 30}, {'type': 28, 'value': 211}]}"
1200063059,VERY_LONG,,1,16424800,15603600,"{'id': 9832, 'context': 1, 'bonus_lists': [6654, 1709], 'modifiers': [{'type': 9, 'value': 30}, {'type': 28, 'value': 211}]}"
1200063062,VERY_LONG,,1,10537400,10010500,"{'id': 6393, 'context': 1, 'bonus_lists': [6654], 'modifiers': [{'type': 9, 'value': 30}, {'type': 28, 'value': 210}]}"
1200063066,VERY_LONG,,1,10537400,10010500,"{'id': 6393, 'context': 1, 'bonus_lists': [6654], 'modifiers': [{'type': 9, 'value': 30}, {'type': 28, 'value': 204}]}"
1200063068,MEDIUM,57000,351,,,{'id': 133588}
1200063070,VERY_LONG,,1,10537400,10010500,"{'id': 6393, 'context': 1, 'bonus_lists': [6654], 'modifiers': [{'type': 9, 'value': 30}, {'type': 28, 'value': 204}]}"
1200063074,VERY_LONG,,1,27795200,26405400,"{'id': 15935, 'context': 1, 'bonus_lists': [6655, 1708], 'modifiers': [{'type': 9, 'value': 30}, {'type': 28, 'value': 211}]}"
1200063076,VERY_LONG,,1,2802500,2774500,"{'id': 9756, 'context': 0, 'bonus_lists': [6654, 1695], 'modifiers': [{'type': 9, 'value': 13}, {'type': 28, 'value': 73}]}"
1200063078,VERY_LONG,,1,33867700,32174300,"{'id': 6592, 'context': 1, 'bonus_lists': [6654, 1679], 'modifiers': [{'type': 9, 'value': 30}, {'type': 28, 'value': 210}]}"
1200063081,VERY_LONG,,1,22813500,21672800,"{'id': 7369, 'context': 1, 'bonus_lists': [6654, 1677], 'modifiers': [{'type': 9, 'value': 30}, {'type': 28, 'value': 211}]}"
1200063084,VERY_LONG,,1,4939800,4692800,"{'id': 7447, 'context': 0, 'bonus_lists': [6654, 1677], 'modifiers': [{'type': 9, 'value': 30}, {'type': 28, 'value': 25}]}"
1200063088,VERY_LONG,,1,10504700,9979500,"{'id': 4049, 'context': 0, 'bonus_lists': [6654], 'modifiers': [{'type': 9, 'value': 30}, {'type': 28, 'value': 75}]}"
1200063092,VERY_LONG,,1,10750800,10213300,"{'id': 6394, 'context': 1, 'bonus_lists': [6654], 'modifiers': [{'type': 9, 'value': 30}, {'type': 28, 'value': 210}]}"
1200063093,VERY_LONG,,1,10750800,10213300,"{'id': 6394, 'context': 1, 'bonus_lists': [6654], 'modifiers': [{'type': 9, 'value': 30}, {'type': 28, 'value': 204}]}"
1200063096,VERY_LONG,,1,8060400,7979800,"{'id': 7545, 'context': 1, 'bonus_lists': [6654, 1694], 'modifiers': [{'type': 9, 'value': 30}, {'type': 28, 'value': 217}]}"
1200063099,VERY_LONG,,1,16672500,16505800,"{'id': 11984, 'context': 1, 'bonus_lists': [6654, 1678], 'modifiers': [{'type': 9, 'value': 30}, {'type': 28, 'value': 204}]}"
1200065102,VERY_LONG,,1,15066700,14916000,"{'id': 9930, 'context': 1, 'bonus_lists': [6654, 1707], 'modifiers': [{'type': 9, 'value': 30}, {'type': 28, 'value': 217}]}"
1200065104,VERY_LONG,,1,15066700,14916000,"{'id': 9930, 'context': 1, 'bonus_lists': [6654, 1693], 'modifiers': [{'type': 9, 'value': 30}, {'type': 28, 'value': 217}]}"
1200065107,VERY_LONG,,1,15563300,15407700,"{'id': 9833, 'context': 1, 'bonus_lists': [6654, 1705], 'modifiers': [{'type': 9, 'value': 30}, {'type': 28, 'value': 204}]}"
1200065110,VERY_LONG,,1,339226800,335834500,"{'id': 159590, 'context': 0, 'bonus_lists': [6655, 1716], 'modifiers': [{'type': 9, 'value': 12}, {'type': 28, 'value': 186}]}"
1200065112,VERY_LONG,,1,36361300,34543200,"{'id': 9842, 'context': 1, 'bonus_lists': [6654, 1692], 'modifiers': [{'type': 9, 'value': 30}, {'type': 28, 'value': 211}]}"
1200065115,MEDIUM,357500,10,,,{'id': 133591}
1200065116,VERY_LONG,,1,71155700,67597900,"{'id': 7787, 'context': 1, 'bonus_lists': [6710], 'modifiers': [{'type': 9, 'value': 30}, {'type': 28, 'value': 211}]}"
1200065119,VERY_LONG,,1,71155700,67597900,"{'id': 7787, 'context': 1, 'bonus_lists': [6710], 'modifiers': [{'type': 9, 'value': 30}, {'type': 28, 'value': 211}]}"
1200065121,VERY_LONG,,1,11071000,10960300,"{'id': 9852, 'context': 0, 'bonus_lists': [6654, 1707], 'modifiers': [{'type': 9, 'value': 46}, {'type': 28, 'value': 1803}]}"
1200065123,VERY_LONG,,1,49989800,49489900,"{'id': 24216, 'context': 0, 'modifiers': [{'type': 28, 'value': 1015}]}"
1200065127,VERY_LONG,,1,23303400,23070400,"{'id': 25237, 'context': 0, 'bonus_lists': [1678]}"
1200065130,VERY_LONG,,1,36903700,36534700,"{'id': 13057, 'context': 1, 'bonus_lists': [6659], 'modifiers': [{'type': 9, 'value': 30}, {'type': 28, 'value': 204}]}"
1200065132,VERY_LONG,1990000,1,,,{'id': 29739}
1200065134,VERY_LONG,,1,11945800,11348500,"{'id': 3197, 'context': 1, 'bonus_lists': [6655, 1691], 'modifiers': [{'type': 9, 'value': 30}, {'type': 28, 'value': 211}]}"
1200065135,VERY_LONG,,1,77568100,73689700,"{'id': 12008, 'context': 1, 'bonus_lists': [6654, 1705], 'modifiers': [{'type': 9, 'value': 30}, {'type': 28, 'value': 210}]}"
1200065137,VERY_LONG,,1,25708700,24423300,"{'id': 6396, 'context': 1, 'bonus_lists': [6654], 'modifiers': [{'type': 9, 'value': 30}, {'type': 28, 'value': 210}]}"
1200065139,VERY_LONG,,1,5812600,5522000,"{'id': 9820, 'context': 1, 'bonus_lists': [6654, 1679], 'modifiers': [{'type': 9, 'value': 30}, {'type': 28, 'value': 211}]}"
1200065141,VERY_LONG,,1,5812600,5522000,"{'id': 9820, 'context': 1, 'bonus_lists': [6654, 1693], 'modifiers': [{'type': 9, 'value': 30}, {'type': 28, 'value': 211}]}"
1200065143,VERY_LONG,,1,24806300,24558200,"{'id': 36095, 'context': 1, 'bonus_lists': [6654, 1693], 'modifiers': [{'type': 9, 'value': 47}, {'type': 28, 'value': 1868}]}"
1200065146,VERY_LONG,,1,10746100,10638600,"{'id': 3067, 'context': 1, 'bonus_lists': [6654], 'modifiers': [{'type': 9, 'value': 30}, {'type': 28, 'value': 204}]}"
1200065148,VERY_LONG,,1,37721200,35835100,"{'id': 6389, 'context': 1, 'bonus_lists': [6654], 'modifiers': [{'type': 9, 'value': 30}, {'type': 28, 'value': 211}]}"
1200065150,VERY_LONG,,1,34322600,32606500,"{'id': 6406, 'context': 1, 'bonus_lists': [6654], 'modifiers': [{'type': 9, 'value': 30}, {'type': 28, 'value': 211}]}"
1200065153,VERY_LONG,,1,29965200,29665500,"{'id': 25148, 'context': 0, 'bonus_lists': [6655, 1708], 'modifiers': [{'type': 9, 'value': 42}, {'type': 28, 'value': 1739}]}"
1200065156,VERY_LONG,,1,5087600,5036700,"{'id': 25208, 'context': 0, 'bonus_lists': [6655, 1709], 'modifiers': [{'type': 9, 'value': 30}, {'type': 28, 'value': 1015}]}"
1200065159,VERY_LONG,,1,4930100,4880800,"{'id': 25334, 'context': 0, 'bonus_lists': [6655, 1679], 'modifiers': [{'type': 9, 'value': 30}, {'type': 28, 'value': 1015}]}"
1200065160,VERY_LONG,,1,583479700,577644900,"{'id': 35218, 'context': 0, 'modifiers': [{'type': 28, 'value': 1015}]}"
1200065162,VERY_LONG,,1,19721200,19524000,"{'id': 6397, 'context': 1, 'bonus_lists': [6654], 'modifiers': [{'type': 9, 'value': 30}, {'type': 28, 'value': 204}]}"
1200065165,VERY_LONG,5554100,1,,,{'id': 31903}
1200065166,VERY_LONG,,1,92897000,91968000,"{'id': 31166, 'context': 0, 'bonus_lists': [6691, 1695], 'modifiers': [{'type': 9, 'value': 44}, {'type': 28, 'value': 1740}]}"
1200065168,VERY_LONG,,1,106412100,101091500,"{'id': 7786, 'context': 1, 'bonus_lists': [6710], 'modifiers': [{'type': 9, 'value': 30}, {'type': 28, 'value': 210}]}"
1200065170,VERY_LONG,,1,106412100,101091500,"{'id': 7786, 'context': 1, 'bonus_lists': [6710], 'modifiers': [{'type': 9, 'value': 30}, {'type': 28, 'value': 211}]}"
1200065172,VERY_LONG,,1,10015600,9915400,"{'id': 25166, 'context': 0, 'bonus_lists': [6655, 1677], 'modifiers': [{'type': 9, 'value': 44}, {'type': 28, 'value': 1741}]}"
1200065176,VERY_LONG,,1,11645400,11528900,"{'id': 24749, 'context': 0, 'bonus_lists': [6654, 1694], 'modifiers': [{'type': 9, 'value': 42}, {'type': 28, 'value': 1739}]}"
1200065179,VERY_LONG,,1,13853300,13714800,"{'id': 6603, 'context': 1, 'bonus_lists': [6654, 1692], 'modifiers': [{'type': 9, 'value': 30}, {'type': 28, 'value': 204}]}"
1200065181,VERY_LONG,,1,4962100,4912500,"{'id': 10243, 'context': 0, 'bonus_lists': [6654, 1707], 'modifiers': [{'type': 9, 'value': 46}, {'type': 28, 'value': 1803}]}"
1200065184,VERY_LONG,,1,20568000,,"{'id': 54479, 'context': 0}"
1200065185,VERY_LONG,,1,15099800,14948800,"{'id': 31203, 'context': 0, 'bonus_lists': [6691, 6703, 1708], 'modifiers': [{'type': 9, 'value': 45}, {'type': 28, 'value': 1741}]}"
1200065187,VERY_LONG,,1,56838100,53996200,"{'id': 9867, 'context': 1, 'bonus_lists': [6654, 1679], 'modifiers': [{'type': 9, 'value': 30}, {'type': 28, 'value': 211}]}"
1200065188,MEDIUM,59900,279,,,{'id': 133593}
1200065190,VERY_LONG,,1,22946300,22716800,"{'id': 7450, 'context': 1, 'modifiers': [{'type': 28, 'value': 211}]}"
1200065192,VERY_LONG,,1,7314700,7241600,"{'id': 6617, 'context': 1, 'bonus_lists': [6654, 1677], 'modifiers': [{'type': 9, 'value': 30}, {'type': 28, 'value': 204}]}"
1200065194,VERY_LONG,,1,32589300,30959800,"{'id': 9841, 'context': 1, 'bonus_lists': [6654, 1694], 'modifiers': [{'type': 9, 'value': 30}, {'type': 28, 'value': 211}]}"
1200065196,VERY_LONG,,1,32589300,30959800,"{'id': 9841, 'context': 1, 'bonus_lists': [6654, 1709], 'modifiers': [{'type': 9, 'value': 30}, {'type': 28, 'value': 211}]}"
1200065198,VERY_LONG,,1,32589300,30959800,"{'id': 9841, 'context': 1, 'bonus_lists': [6654, 1691], 'modifiers': [{'type': 9, 'value': 30}, {'type': 28, 'value': 211}]}"
1200065200,VERY_LONG,,1,482591800,,"{'id': 9488, 'context': 1, 'bonus_lists': [6710], 'modifiers': [{'type': 9, 'value': 30}, {'type': 28, 'value': 204}]}"
1200065203,VERY_LONG,,1,10848100,10739600,"{'id': 2969, 'context': 0, 'bonus_lists': [6654], 'modifiers': [{'type': 9, 'value': 14}, {'type': 28, 'value': 6}]}"
1200065205,VERY_LONG,,1,37668500,35785100,"{'id': 9830, 'context': 1, 'bonus_lists': [6655, 1694], 'modifiers': [{'type': 9, 'value': 30}, {'type': 28, 'value': 211}]}"
1200065208,VERY_LONG,,1,37668500,35785100,"{'id': 9830, 'context': 1, 'bonus_lists': [6655, 1678], 'modifiers': [{'type': 9, 'value': 30}, {'type': 28, 'value': 211}]}"
1200065211,VERY_LONG,5978100,1,,,{'id': 31894}
1200065213,MEDIUM,200600,20,,,{'id': 13465}
1200065214,VERY_LONG,,1,14788600,14640700,"{'id': 81969, 'context': 0, 'bonus_lists': [1681]}"
1200065218,VERY_LONG,,1,63048000,62417500,"{'id': 30726, 'context': 0}"
1200065220,VERY_LONG,,1,63048000,62417500,"{'id': 30726, 'context': 0}"
1200065223,VERY_LONG,,1,63048000,62417500,"{'id': 30726, 'context': 0}"
1200065225,VERY_LONG,,1,18529200,17602700,"{'id': 9839, 'context': 1, 'bonus_lists': [6654, 1708], 'modifiers': [{'type': 9, 'value': 30}, {'type': 28, 'value': 210}]}"
1200065226,VERY_LONG,,1,6067300,5763900,"{'id': 6605, 'context': 1, 'bonus_lists': [6654, 1709], 'modifiers': [{'type': 9, 'value': 30}, {'type': 28, 'value': 210}]}"
1200065230,VERY_LONG,,1,82362800,78244700,"{'id': 6400, 'context': 1, 'bonus_lists': [6655], 'modifiers': [{'type': 9, 'value': 30}, {'type': 28, 'value': 211}]}"
1200065232,VERY_LONG,,1,43995800,41796000,"{'id': 9825, 'context': 1, 'bonus_lists': [6654, 1707], 'modifiers': [{'type': 9, 'value': 30}, {'type': 28, 'value': 211}]}"
1200065235,VERY_LONG,,1,8120000,7714000,"{'id': 7459, 'context': 1, 'bonus_lists': [6654, 1708], 'modifiers': [{'type': 9, 'value': 30}, {'type': 28, 'value': 211}]}"
1200065238,VERY_LONG,,1,1475900,1461100,"{'id': 159174, 'context': 0, 'bonus_lists': [6654, 1702], 'modifiers': [{'type': 9, 'value': 15}, {'type': 28, 'value': 186}]}"
1200065241,VERY_LONG,,1,6103900,6042900,"{'id': 10227, 'context': 1, 'bonus_lists': [6654, 1680], 'modifiers': [{'type': 9, 'value': 30}, {'type': 28, 'value': 204}]}"
1200065242,VERY_LONG,,1,26396800,25077000,"{'id': 4066, 'context': 1, 'bonus_lists': [6655], 'modifiers': [{'type': 9, 'value': 30}, {'type': 28, 'value': 211}]}"
1200065244,VERY_LONG,,1,14851300,,"{'id': 4037, 'context': 1, 'bonus_lists': [6654], 'modifiers': [{'type': 9, 'value': 30}, {'type': 28, 'value': 204}]}"
1200065246,VERY_LONG,,1,14449500,14305000,"{'id': 159158, 'context': 0, 'bonus_lists': [6654, 1703], 'modifiers': [{'type': 9, 'value': 12}, {'type': 28, 'value': 186}]}"
1200065248,VERY_LONG,,1,282625600,268494300,"{'id': 8226, 'context': 1, 'bonus_lists': [6710], 'modifiers': [{'type': 9, 'value': 30}, {'type': 28, 'value': 211}]}"
1200065250,VERY_LONG,,1,12994300,12344600,"{'id': 7410, 'context': 1, 'bonus_lists': [6654, 1678], 'modifiers': [{'type': 9, 'value': 30}, {'type': 28, 'value': 211}]}"
1200065251,MEDIUM,190000,32,,,{'id': 13463}
1200065253,VERY_LONG,8494900,9,,,{'id': 181468}
1200065254,VERY_LONG,,1,13209400,13077300,"{'id': 9846, 'context': 1, 'bonus_lists': [6654, 1708], 'modifiers': [{'type': 9, 'value': 30}, {'type': 28, 'value': 217}]}"
1200065256,VERY_LONG,,1,183666100,181829400,"{'id': 159604, 'context': 0, 'bonus_lists': [6655, 1707], 'modifiers': [{'type': 9, 'value': 12}, {'type': 28, 'value': 186}]}"
1200065258,VERY_LONG,,1,3885800,,"{'id': 6584, 'context': 1, 'bonus_lists': [6654, 1695], 'modifiers': [{'type': 9, 'value': 30}, {'type': 28, 'value': 210}]}"
1200065260,VERY_LONG,,1,32797900,31158000,"{'id': 9834, 'context': 1, 'bonus_lists': [6654, 1707], 'modifiers': [{'type': 9, 'value': 30}, {'type': 28, 'value': 211}]}"
1200065261,VERY_LONG,,1,20855400,,"{'id': 4044, 'context': 1, 'bonus_lists': [6654], 'modifiers': [{'type': 9, 'value': 30}, {'type': 28, 'value': 217}]}"
1200065263,VERY_LONG,,1,69981500,66482400,"{'id': 15934, 'context': 1, 'bonus_lists': [6655, 1707], 'modifiers': [{'type': 9, 'value': 30}, {'type': 28, 'value': 211}]}"
1200065264,VERY_LONG,,1,57033400,54181700,"{'id': 9819, 'context': 1, 'bonus_lists': [6654, 1695], 'modifiers': [{'type': 9, 'value': 30}, {'type': 28, 'value': 211}]}"
1200065265,MEDIUM,999400,17,,,{'id': 8831}
1200065266,VERY_LONG,,1,28753800,27316100,"{'id': 4720, 'context': 1, 'bonus_lists': [6654], 'modifiers': [{'type': 9, 'value': 30}, {'type': 28, 'value': 211}]}"
1200065267,VERY_LONG,,1,28753800,27316100,"{'id': 4720, 'context': 1, 'bonus_lists': [6654], 'modifiers': [{'type': 9, 'value': 30}, {'type': 28, 'value': 211}]}"
1200065268,VERY_LONG,,1,1803200,1785200,"{'id': 6545, 'context': 0, 'bonus_lists': [6654, 1705], 'modifiers': [{'type': 9, 'value': 14}, {'type': 28, 'value': 6}]}"
1200065271,VERY_LONG,,1,33883500,33544700,"{'id': 9840, 'context': 1, 'bonus_lists': [6654, 1691], 'modifiers': [{'type': 9, 'value': 30}, {'type': 28, 'value': 204}]}"
1200065272,VERY_LONG,,1,193416500,,"{'id': 30725, 'context': 0}"
1200065274,VERY_LONG,,1,9902700,,"{'id': 9857, 'context': 1, 'bonus_lists': [6654, 1693], 'modifiers': [{'type': 9, 'value': 30}, {'type': 28, 'value': 211}]}"
1200065275,VERY_LONG,,1,6120300,5814300,"{'id': 7444, 'context': 0, 'bonus_lists': [6654, 1680], 'modifiers': [{'type': 9, 'value': 30}, {'type': 28, 'value': 25}]}"
1200065277,VERY_LONG,,1,10712400,10605300,"{'id': 24763, 'context': 0, 'bonus_lists': [6654, 1708], 'modifiers': [{'type': 9, 'value': 44}, {'type': 28, 'value': 1741}]}"
1200065280,VERY_LONG,,1,3435200,3400800,"{'id': 68743, 'context': 0, 'bonus_lists': [6654], 'modifiers': [{'type': 9, 'value': 14}, {'type': 28, 'value': 6}]}"
1200065281,VERY_LONG,,1,3990100,3950200,"{'id': 25082, 'context': 0, 'bonus_lists': [6655, 1693], 'modifiers': [{'type': 9, 'value': 30}, {'type': 28, 'value': 1015}]}"
1200065283,VERY_LONG,,1,36136500,34329700,"{'id': 6616, 'context': 1, 'bonus_lists': [6654, 1695], 'modifiers': [{'type': 9, 'value': 30}, {'type': 28, 'value': 211}]}"
1200065285,VERY_LONG,,1,11301100,11188100,"{'id': 10084, 'context': 0, 'bonus_lists': [6654, 1692], 'modifiers': [{'type': 9, 'value': 46}, {'type': 28, 'value': 1803}]}"
1200065286,VERY_LONG,,1,41062000,39008900,"{'id': 6408, 'context': 1, 'bonus_lists': [6654], 'modifiers': [{'type': 9, 'value': 30}, {'type': 28, 'value': 211}]}"
1200065287,VERY_LONG,,1,114999900,,"{'id': 171413, 'context': 64, 'bonus_lists': [6717, 1507]}"
1200065288,VERY_LONG,,1,41062000,39008900,"{'id': 6408, 'context': 1, 'bonus_lists': [6654], 'modifiers': [{'type': 9, 'value': 30}, {'type': 28, 'value': 211}]}"
1200065289,VERY_LONG,,1,27321100,25955000,"{'id': 4072, 'context': 1, 'bonus_lists': [6654], 'modifiers': [{'type': 9, 'value': 30}, {'type': 28, 'value': 211}]}"
1200065290,VERY_LONG,,1,27321100,25955000,"{'id': 4072, 'context': 1, 'bonus_lists': [6654], 'modifiers': [{'type': 9, 'value': 30}, {'type': 28, 'value': 204}]}"
1200065291,MEDIUM,124800,43,,,{'id': 151565}
1200065292,VERY_LONG,,1,7833400,7441700,"{'id': 3056, 'context': 1, 'bonus_lists': [6654], 'modifiers': [{'type': 9, 'value': 30}, {'type': 28, 'value': 204}]}"
1200065294,VERY_LONG,,1,7833400,7441700,"{'id': 3056, 'context': 1, 'bonus_lists': [6654], 'modifiers': [{'type': 9, 'value': 30}, {'type': 28, 'value': 211}]}"
1200065315,VERY_LONG,,1,249999700,,"{'id': 171413, 'context': 65, 'bonus_lists': [6718, 1522]}"
1200065320,MEDIUM,501600,29,,,{'id': 152296}
1200065330,MEDIUM,1000000,32,,,{'id': 116271}
1200065336,MEDIUM,380000,9,,,{'id': 34664}
1200065345,MEDIUM,94200,4,,,{'id': 22787}
1200065357,MEDIUM,20800,31,,,{'id': 17010}
1200065360,VERY_LONG,,1,130786500,129478600,"{'id': 30724, 'context': 0}"
1200065362,VERY_LONG,2349300,2,,,{'id': 36919}
1200065363,MEDIUM,160000,3,,,{'id': 22794}
1200065371,MEDIUM,550000,9,,,{'id': 89639}
1200065378,MEDIUM,10000,20,,,{'id': 109222}
1200065388,MEDIUM,10000,26,,,{'id': 109222}
1200065397,VERY_LONG,,1,19990000,,"{'id': 120138, 'context': 0}"
1200065414,MEDIUM,7664400,9,,,{'id': 21885}
1200065420,MEDIUM,330000,22,,,{'id': 39970}
1200065426,MEDIUM,3249900,5,,,{'id': 154706}
1200065431,VERY_LONG,,1,2939800,,"{'id': 31292, 'context': 0, 'bonus_lists': [6659], 'modifiers': [{'type': 9, 'value': 30}, {'type': 28, 'value': 1015}]}"
1200065432,MEDIUM,3960000,8,,,{'id': 168419}
1200065440,MEDIUM,29000,14,,,{'id': 152547}
1200065444,VERY_LONG,100000,10,,,{'id': 15412}
1200065449,MEDIUM,34900,30,,,{'id': 168302}
1200065453,VERY_LONG,18700,4,,,{'id': 8171}
1200065455,MEDIUM,120000,9,,,{'id': 152548}
1200065461,VERY_LONG,,1,13509700,,"{'id': 11164, 'context': 1}"
1200065476,MEDIUM,5120000,3,,,{'id': 177962}
1200065481,VERY_LONG,19000,118,,,{'id': 4304}
1200065501,MEDIUM,670000,3,,,{'id': 172418}
1200065514,MEDIUM,760000,19,,,{'id': 52986}
1200065525,MEDIUM,360000,42,,,{'id': 37921}
1200065529,MEDIUM,,1,49505100,,"{'id': 44709, 'context': 14, 'modifiers': [{'type': 28, 'value': 196}]}"
1200065533,MEDIUM,600,159,,,{'id': 7077}
1200065548,MEDIUM,3918500,2,,,{'id': 172415}
1200065558,MEDIUM,,1,55008400,,"{'id': 118378, 'context': 0}"
1200065563,MEDIUM,8220000,7,,,{'id': 172370}
1200065567,MEDIUM,100000,6,,,{'id': 154883}
1200065569,VERY_LONG,,1,15008500,,"{'id': 9511, 'context': 1, 'bonus_lists': [4071], 'modifiers': [{'type': 9, 'value': 25}]}"
1200065580,MEDIUM,400000,17,,,{'id': 133577}
1200065585,VERY_LONG,,1,89999400,,"{'id': 18592, 'context': 11}"
1200065591,MEDIUM,33600,18,,,{'id': 168310}
1200065594,MEDIUM,8199800,1,,,{'id': 173161}
1200065599,MEDIUM,19957200,1,,,{'id': 173163}
1200065603,MEDIUM,7000000,1,,,{'id': 173162}
1200065607,MEDIUM,99900,1,,,{'id': 147870}
1200065661,VERY_LONG,,1,33116900,32785700,"{'id': 31285, 'context': 0}"
1200065664,VERY_LONG,,1,33116900,32785700,"{'id': 31285, 'context': 22, 'bonus_lists': [6658], 'modifiers': [{'type': 9, 'value': 30}, {'type': 28, 'value': 1079}]}"
1200065691,MEDIUM,300,800,,,{'id': 154722}
1200065713,MEDIUM,7700,1173,,,{'id': 153051}
1200065717,VERY_LONG,,1,500500,,"{'id': 133722, 'context': 0}"
1200065728,MEDIUM,3500,400,,,{'id': 152542}
1200065752,VERY_LONG,,1,500100,,"{'id': 133707, 'context': 0}"
1200065753,MEDIUM,1900,600,,,{'id': 154165}
1200065809,VERY_LONG,,1,500100,,"{'id': 133703, 'context': 0}"
1200065811,MEDIUM,59900,600,,,{'id': 124113}
1200065821,MEDIUM,303800,3,,,{'id': 25708}
1200065837,MEDIUM,150000,18,,,{'id': 15416}
1200065849,MEDIUM,18700,24,,,{'id': 8171}
1200065861,MEDIUM,1749500,4,,,{'id': 15407}
1200065879,MEDIUM,3900,200,,,{'id': 12365}
1200065891,MEDIUM,3000,75,,,{'id': 7912}
1200065892,VERY_LONG,150000,21,,,{'id': 111672}
1200065907,MEDIUM,19900000,3,,,{'id': 23448}
1200065911,VERY_LONG,39200,4,,,{'id': 111665}
1200065967,VERY_LONG,,1,800005000,,"{'id': 184802, 'context': 0, 'bonus_lists': [40, 1472, 6646], 'modifiers': [{'type': 28, 'value': 1707}]}"
1200066012,VERY_LONG,9500,6,,,{'id': 180430}
1200066043,VERY_LONG,14300,15,,,{'id': 62783}
1200066094,VERY_LONG,159800,2,,,{'id': 163224}
1200067113,MEDIUM,17700,5,,,{'id': 109118}
1200067114,MEDIUM,4089900,1,,,{'id': 141910}
1200067116,VERY_LONG,3000,3,,,{'id': 109219}
1200067117,MEDIUM,,1,6539700,,"{'id': 10259, 'context': 0, 'bonus_lists': [6654, 1680], 'modifiers': [{'type': 9, 'value': 30}, {'type': 28, 'value': 1004}]}"
1200067118,MEDIUM,4609700,1,,,{'id': 153510}
1200067119,MEDIUM,1000100,1,,,{'id': 153633}
1200067122,MEDIUM,3249900,5,,,{'id': 24243}
1200067124,MEDIUM,1999800,5,,,{'id': 153662}
1200067125,MEDIUM,29500,5,,,{'id': 12800}
1200067130,MEDIUM,,1,979200,,"{'id': 82254, 'context': 0, 'bonus_lists': [6654, 1708], 'modifiers': [{'type': 9, 'value': 35}, {'type': 28, 'value': 1035}]}"
1200067131,MEDIUM,220700,4,,,{'id': 22575}
1200067133,MEDIUM,14990000,1,,,{'id': 128553}
1200067134,MEDIUM,,1,41999900,,"{'id': 18661, 'context': 1}"
1200067136,MEDIUM,10000,5,,,{'id': 109126}
1200067138,MEDIUM,,1,1327100,,"{'id': 24800, 'context': 0, 'bonus_lists': [6654, 1691], 'modifiers': [{'type': 9, 'value': 30}, {'type': 28, 'value': 1012}]}"
1200067139,MEDIUM,5813200,1,,,{'id': 151609}
1200067141,MEDIUM,,1,3539900,,"{'id': 13077, 'context': 0, 'bonus_lists': [6658], 'modifiers': [{'type': 9, 'value': 30}, {'type': 28, 'value': 1004}]}"
1200067142,MEDIUM,40000000,4,,,{'id': 137558}
1200067144,MEDIUM,9850000,1,,,{'id': 128552}
1200067147,MEDIUM,9000,5,,,{'id': 152546}
1200067148,MEDIUM,,1,3308506100,,"{'id': 32679, 'context': 0}"
1200067149,MEDIUM,,1,6213300,,"{'id': 177789, 'context': 0, 'bonus_lists': [6907, 6652, 1694], 'modifiers': [{'type': 9, 'value': 60}, {'type': 28, 'value': 1707}]}"
1200067150,MEDIUM,1499000,2,,,{'id': 130219}
1200067151,MEDIUM,,1,17887600,,"{'id': 10254, 'context': 0, 'bonus_lists': [6654, 1680], 'modifiers': [{'type': 9, 'value': 30}, {'type': 28, 'value': 1004}]}"
1200067153,MEDIUM,34800,5,,,{'id': 152579}
1200067157,MEDIUM,,1,22332100,,"{'id': 177783, 'context': 0, 'bonus_lists': [6907, 6652, 7193, 1707], 'modifiers': [{'type': 9, 'value': 60}, {'type': 28, 'value': 1707}]}"
1200067159,MEDIUM,,1,12587600,,"{'id': 68781, 'context': 0}"
1200067161,MEDIUM,,1,11989900,,"{'id': 4416, 'context': 1}"
1200067162,MEDIUM,,1,18877800,,"{'id': 24866, 'context': 22, 'bonus_lists': [6654, 1694], 'modifiers': [{'type': 9, 'value': 30}, {'type': 28, 'value': 1066}]}"
1200067164,MEDIUM,,1,4134300,,"{'id': 24660, 'context': 22, 'bonus_lists': [6654, 1705], 'modifiers': [{'type': 9, 'value': 30}, {'type': 28, 'value': 1075}]}"
1200067168,MEDIUM,2599700,5,,,{'id': 116266}
1200067171,MEDIUM,7100000,1,,,{'id': 128545}
1200067172,MEDIUM,3999800,1,,,{'id': 127844}
1200067173,MEDIUM,,1,889200,,"{'id': 24663, 'context': 22, 'bonus_lists': [6654, 1709], 'modifiers': [{'type': 9, 'value': 30}, {'type': 28, 'value': 1075}]}"
1200067178,MEDIUM,13557300,3,,,{'id': 22841}
1200067182,MEDIUM,1425400,5,,,{'id': 165016}
1200067186,MEDIUM,,1,54687800,,"{'id': 41783, 'context': 0}"
1200067188,MEDIUM,13000000,5,,,{'id': 27657}
1200067191,MEDIUM,1250000,2,,,{'id': 128559}
1200067195,MEDIUM,338000,5,,,{'id': 23424}
1200067198,MEDIUM,1499300,5,,,{'id': 127840}
1200067201,MEDIUM,972300,5,,,{'id': 153667}
1200067205,MEDIUM,,1,1000000,,"{'id': 16802, 'context': 0, 'modifiers': [{'type': 28, 'value': 1004}]}"
1200067207,MEDIUM,,1,958800,,"{'id': 25057, 'context': 0, 'bonus_lists': [6654, 1681], 'modifiers': [{'type': 9, 'value': 30}, {'type': 28, 'value': 1012}]}"
1200067209,MEDIUM,490000,2,,,{'id': 168487}
1200067210,MEDIUM,,1,9999900,,"{'id': 10506, 'context': 0}"
1200067213,MEDIUM,17808400,1,,,{'id': 19270}
1200067214,MEDIUM,5950000,2,,,{'id': 21884}
1200067218,MEDIUM,,1,9470600,,"{'id': 69970, 'context': 5}"
1200067219,MEDIUM,499900,5,,,{'id': 130173}
1200067223,MEDIUM,650000,5,,,{'id': 118472}
1200067225,MEDIUM,14490800,1,,,{'id': 153622}
1200067226,MEDIUM,,1,499900,,"{'id': 30324, 'context': 0}"
1200067228,MEDIUM,,1,499900,,"{'id': 30324, 'context': 0}"
1200067229,MEDIUM,5832400,3,,,{'id': 168635}
1200067230,MEDIUM,379000,5,,,{'id': 22577}
1200067233,MEDIUM,20989600,3,,,{'id': 139436}
1200067234,MEDIUM,45000,5,,,{'id': 111557}
1200067240,MEDIUM,215600,1,,,{'id': 128540}
1200067242,MEDIUM,,1,1500000,,"{'id': 13008, 'context': 0, 'bonus_lists': [6658], 'modifiers': [{'type': 9, 'value': 30}, {'type': 28, 'value': 1004}]}"
1200067244,MEDIUM,,1,1205300,,"{'id': 3678, 'context': 0}"
1200067247,MEDIUM,,1,51349400,,"{'id': 41787, 'context': 0}"
1200067260,VERY_LONG,30000,11,,,{'id': 111652}
1200067277,MEDIUM,100,185,,,{'id': 129158}
1200067281,MEDIUM,4700,2,,,{'id': 180168}
1200067286,VERY_LONG,100000,31,,,{'id': 111668}
1200067288,MEDIUM,429700,3,,,{'id': 40195}
1200067291,MEDIUM,100000,2,,,{'id': 174328}
1200067297,MEDIUM,12500,5,,,{'id': 152549}
1200067302,MEDIUM,9000,15,,,{'id': 152546}
1200067304,VERY_LONG,55000,7,,,{'id': 111671}
1200067309,MEDIUM,499900,111,,,{'id': 130173}
1200067313,MEDIUM,47100,1,,,{'id': 36934}
1200067316,MEDIUM,3249900,6,,,{'id': 24243}
1200067320,MEDIUM,29500,9,,,{'id': 12800}
1200067324,VERY_LONG,22900,2,,,{'id': 111656}
1200067328,MEDIUM,19500,12,,,{'id': 12361}
1200067334,MEDIUM,72000,1,,,{'id': 173126}
1200067339,MEDIUM,158900,7,,,{'id': 153714}
1200067344,MEDIUM,,1,499900,,"{'id': 30305, 'context': 0}"
1200067351,MEDIUM,,1,499900,,"{'id': 45101, 'context': 0}"
1200067360,MEDIUM,,1,91600,,"{'id': 86279, 'context': 0, 'modifiers': [{'type': 28, 'value': 1032}]}"
1200067366,MEDIUM,,1,499900,,"{'id': 12693, 'context': 0}"
1200067388,MEDIUM,10000,100,,,{'id': 18945}
1200067405,MEDIUM,100,197,,,{'id': 124439}
1200067414,MEDIUM,650000,19,,,{'id': 118472}
1200067420,MEDIUM,5200,7,,,{'id': 69237}
1200067425,VERY_LONG,9900,57,,,{'id': 12359}
1200067429,MEDIUM,5000,10,,,{'id': 32428}
1200067438,MEDIUM,379000,7,,,{'id': 22577}
1200067447,MEDIUM,16000,2,,,{'id': 23572}
1200067454,MEDIUM,50000,3,,,{'id': 12803}
1200067466,MEDIUM,10000,83,,,{'id': 109126}
1200067473,MEDIUM,700000,3,,,{'id': 36901}
1200067480,MEDIUM,1000,17,,,{'id': 174353}
1200067493,MEDIUM,338000,88,,,{'id': 23424}
1200067504,MEDIUM,972300,5,,,{'id': 153667}
1200067510,MEDIUM,1999800,13,,,{'id': 153662}
1200067515,MEDIUM,1425400,1,,,{'id': 165016}
1200067525,MEDIUM,5390000,10,,,{'id': 169445}
1200067542,MEDIUM,1499300,25,,,{'id': 127840}
1200067555,MEDIUM,69700,5,,,{'id': 158380}
1200067566,MEDIUM,50000,9,,,{'id': 168313}
1200067572,MEDIUM,5000,6,,,{'id': 152503}
1200067583,MEDIUM,,1,990000,,"{'id': 177802, 'context': 0, 'bonus_lists': [6908, 6652, 1678], 'modifiers': [{'type': 9, 'value': 60}, {'type': 28, 'value': 1707}]}"
1200067596,MEDIUM,1200,1,,,{'id': 109223}
1200067613,MEDIUM,2599700,11,,,{'id': 116266}
1200067630,MEDIUM,3509000,2,,,{'id': 127850}
1200067656,MEDIUM,29200,32,,,{'id': 127835}
1200067676,MEDIUM,5000,8,,,{'id': 110609}
1200067732,MEDIUM,,1,102900,,"{'id': 15223, 'context': 1, 'bonus_lists': [6655, 1707], 'modifiers': [{'type': 9, 'value': 30}, {'type': 28, 'value': 215}]}"
1200067822,MEDIUM,,1,259900,,"{'id': 121105, 'context': 0, 'bonus_lists': [6654, 1717], 'modifiers': [{'type': 9, 'value': 45}, {'type': 28, 'value': 333}]}"
1200067858,MEDIUM,,1,107400,,"{'id': 6381, 'context': 1, 'bonus_lists': [6654], 'modifiers': [{'type': 9, 'value': 30}, {'type': 28, 'value': 215}]}"
1200067907,MEDIUM,,1,256600,,"{'id': 121062, 'context': 0, 'bonus_lists': [6654, 1684], 'modifiers': [{'type': 9, 'value': 45}, {'type': 28, 'value': 333}]}"
1200067933,MEDIUM,25000,59,,,{'id': 124113}
1200067951,MEDIUM,3000,3,,,{'id': 152506}
1200067961,MEDIUM,3000,5,,,{'id': 152511}
1200067980,VERY_LONG,,1,5689800,,"{'id': 21940, 'context': 1, 'modifiers': [{'type': 28, 'value': 217}]}"
1200068002,MEDIUM,10000,1,,,{'id': 152505}
1200068003,VERY_LONG,3589400,1,,,{'id': 151257}
1200068021,VERY_LONG,,1,9870200,,"{'id': 69800, 'context': 2, 'bonus_lists': [4236], 'modifiers': [{'type': 9, 'value': 35}, {'type': 28, 'value': 1111}]}"
1200068026,VERY_LONG,,1,16999700,,"{'id': 82800, 'context': 0, 'modifiers': [{'type': 6, 'value': 48857}], 'pet_breed_id': 7, 'pet_level': 1, 'pet_quality_id': 3, 'pet_species_id': 1227}"
1200068031,VERY_LONG,,1,47499500,,"{'id': 40362, 'context': 0, 'modifiers': [{'type': 28, 'value': 1017}]}"
1200068037,MEDIUM,,1,54900,,"{'id': 15912, 'context': 1, 'bonus_lists': [6655, 1706], 'modifiers': [{'type': 9, 'value': 30}, {'type': 28, 'value': 215}]}"
1200071128,MEDIUM,,1,53700,,"{'id': 3066, 'context': 1, 'bonus_lists': [6654], 'modifiers': [{'type': 9, 'value': 30}, {'type': 28, 'value': 215}]}"
1200071130,VERY_LONG,,1,1925100,,"{'id': 55386, 'context': 2, 'bonus_lists': [6655, 1686], 'modifiers': [{'type': 9, 'value': 35}, {'type': 28, 'value': 1111}]}"
1200071151,VERY_LONG,,1,15154400,,"{'id': 40302, 'context': 0, 'modifiers': [{'type': 28, 'value': 1017}]}"
1200071152,VERY_LONG,,1,15154400,,"{'id': 40302, 'context': 0}"
1200071166,VERY_LONG,,1,1004100,,"{'id': 55529, 'context': 2, 'bonus_lists': [6654, 1678], 'modifiers': [{'type': 9, 'value': 35}, {'type': 28, 'value': 1111}]}"
1200071170,MEDIUM,5000,2,,,{'id': 109127}
1200071180,VERY_LONG,22135900,1,,,{'id': 103795}
1200071202,MEDIUM,,1,102500,,"{'id': 8186, 'context': 1, 'bonus_lists': [6655], 'modifiers': [{'type': 9, 'value': 30}, {'type': 28, 'value': 215}]}"
1200071205,VERY_LONG,39300000,12,,,{'id': 103789}
1200071228,MEDIUM,25000,13,,,{'id': 111557}
1200071242,VERY_LONG,32100100,15,,,{'id': 103797}
1200071276,MEDIUM,15000,23,,,{'id': 109124}
1200071289,VERY_LONG,,1,187890100,,"{'id': 22277, 'context': 0}"
1200071291,VERY_LONG,,1,187890100,,"{'id': 22277, 'context': 0}"
1200071302,MEDIUM,5000,15,,,{'id': 109129}
1200071313,VERY_LONG,,1,3581600,,"{'id': 8492, 'context': 1}"
1200071321,VERY_LONG,,1,164959700,,"{'id': 82800, 'context': 0, 'modifiers': [{'type': 6, 'value': 6291}], 'pet_breed_id': 19, 'pet_level': 1, 'pet_quality_id': 3, 'pet_species_id': 59}"
1200071329,MEDIUM,10000,2,,,{'id': 109125}
1200071331,VERY_LONG,,1,12927800,,"{'id': 55693, 'context': 2, 'bonus_lists': [6654, 1705], 'modifiers': [{'type': 9, 'value': 35}, {'type': 28, 'value': 1111}]}"
1200071345,VERY_LONG,,1,18979400,,"{'id': 39762, 'context': 0, 'modifiers': [{'type': 28, 'value': 1017}]}"
1200071352,VERY_LONG,,1,3587700,,"{'id': 8135, 'context': 1, 'bonus_lists': [6655], 'modifiers': [{'type': 9, 'value': 30}, {'type': 28, 'value': 282}]}"
1200071362,VERY_LONG,,1,980000,,"{'id': 15322, 'context': 1, 'bonus_lists': [6655], 'modifiers': [{'type': 9, 'value': 30}, {'type': 28, 'value': 217}]}"
1200071363,VERY_LONG,,1,1316300,,"{'id': 55774, 'context': 2, 'bonus_lists': [6654, 1715], 'modifiers': [{'type': 9, 'value': 35}, {'type': 28, 'value': 1111}]}"
1200071383,VERY_LONG,,1,5277200,,"{'id': 55431, 'context': 2, 'bonus_lists': [6655, 1706], 'modifiers': [{'type': 9, 'value': 35}, {'type': 28, 'value': 1111}]}"
1200071395,VERY_LONG,,1,25329900,,"{'id': 69803, 'context': 2, 'bonus_lists': [4236], 'modifiers': [{'type': 9, 'value': 35}, {'type': 28, 'value': 1111}]}"
1200071409,VERY_LONG,,1,1003900,,"{'id': 55666, 'context': 2, 'bonus_lists': [6654, 1712], 'modifiers': [{'type': 9, 'value': 35}, {'type': 28, 'value': 1111}]}"
1200071418,VERY_LONG,,1,2560000,,"{'id': 4087, 'context': 1, 'bonus_lists': [6655, 1691], 'modifiers': [{'type': 9, 'value': 30}, {'type': 28, 'value': 217}]}"
1200071434,VERY_LONG,,1,75000000,,"{'id': 183418, 'context': 28, 'bonus_lists': [6652, 1520, 5891, 6646]}"
1200071459,VERY_LONG,,1,8309500,,"{'id': 82800, 'context': 0, 'modifiers': [{'type': 6, 'value': 28502}], 'pet_breed_id': 5, 'pet_level': 1, 'pet_quality_id': 3, 'pet_species_id': 1511}"
1200071463,VERY_LONG,,1,2500000,,"{'id': 40246, 'context': 0}"
1200071469,VERY_LONG,,1,70000000,,"{'id': 55468, 'context': 2, 'bonus_lists': [6655, 1701], 'modifiers': [{'type': 9, 'value': 35}, {'type': 28, 'value': 1111}]}"
1200071702,VERY_LONG,,1,3583500,,"{'id': 55524, 'context': 2, 'bonus_lists': [6654, 1688], 'modifiers': [{'type': 9, 'value': 35}, {'type': 28, 'value': 1111}]}"
1200071713,VERY_LONG,,1,2587600,,"{'id': 55661, 'context': 28, 'bonus_lists': [1684, 4763], 'modifiers': [{'type': 9, 'value': 45}]}"
1200071719,VERY_LONG,,1,2583500,,"{'id': 9947, 'context': 1, 'bonus_lists': [6654, 1695], 'modifiers': [{'type': 9, 'value': 30}, {'type': 28, 'value': 282}]}"
1199350127,LONG,,1,49950000,35000000,"{'id': 82800, 'context': 0, 'modifiers': [{'type': 6, 'value': 98477}], 'pet_breed_id': 18, 'pet_level': 1, 'pet_quality_id': 2, 'pet_species_id': 3064}"
1200071916,VERY_LONG,176300,6,,,{'id': 171831}
1200071926,VERY_LONG,27500,13,,,{'id': 172092}
1200071932,VERY_LONG,117500,26,,,{'id': 169701}
1200074137,VERY_LONG,87300,121,,,{'id': 171828}
1200074149,VERY_LONG,166500,10,,,{'id': 171829}
1200074162,VERY_LONG,12800,200,,,{'id': 172935}
1200074180,VERY_LONG,186300,4,,,{'id': 172934}
1200074193,VERY_LONG,12800,200,,,{'id': 172935}
1200074198,VERY_LONG,1550000,6,,,{'id': 171833}
1200074203,VERY_LONG,48400,2,,,{'id': 171841}
1200074212,VERY_LONG,29300,19,,,{'id': 179315}
1200074245,VERY_LONG,219000,10,,,{'id': 171830}
1200074249,VERY_LONG,497300,8,,,{'id': 170554}
1200074259,VERY_LONG,299900,4,,,{'id': 168586}
1200074321,VERY_LONG,,1,1200000,,"{'id': 177806, 'context': 0, 'bonus_lists': [6908, 42, 1707], 'modifiers': [{'type': 9, 'value': 60}, {'type': 28, 'value': 2060}]}"
1200074362,VERY_LONG,12800,50,,,{'id': 172935}
1200074372,MEDIUM,,1,1270000,,"{'id': 15252, 'context': 1, 'bonus_lists': [6655, 1695], 'modifiers': [{'type': 9, 'value': 30}, {'type': 28, 'value': 282}]}"
1200074374,MEDIUM,,1,4250000,,"{'id': 8133, 'context': 0, 'bonus_lists': [6654], 'modifiers': [{'type': 9, 'value': 30}, {'type': 28, 'value': 29}]}"
1200074384,MEDIUM,,1,1689900,,"{'id': 12052, 'context': 0, 'bonus_lists': [6654], 'modifiers': [{'type': 9, 'value': 30}, {'type': 28, 'value': 12}]}"
1200074392,MEDIUM,240000,1,,,{'id': 9260}
1200074398,MEDIUM,,1,5350000,,"{'id': 9946, 'context': 0, 'bonus_lists': [6654, 1707], 'modifiers': [{'type': 9, 'value': 30}, {'type': 28, 'value': 30}]}"
1200074401,MEDIUM,,1,8990000,,"{'id': 7468, 'context': 1, 'bonus_lists': [6654, 1694], 'modifiers': [{'type': 9, 'value': 30}, {'type': 28, 'value': 282}]}"
1200074403,MEDIUM,2900,4,,,{'id': 12735}
1200074407,MEDIUM,,1,719700,,"{'id': 15937, 'context': 1, 'bonus_lists': [6655], 'modifiers': [{'type': 9, 'value': 30}, {'type': 28, 'value': 282}]}"
1200074410,MEDIUM,5489600,1,,,{'id': 8766}
1200074413,MEDIUM,,1,546900,,"{'id': 8247, 'context': 0, 'bonus_lists': [6654], 'modifiers': [{'type': 9, 'value': 30}, {'type': 28, 'value': 31}]}"
1200074417,MEDIUM,,1,546900,,"{'id': 8247, 'context': 1, 'bonus_lists': [6654], 'modifiers': [{'type': 9, 'value': 30}, {'type': 28, 'value': 282}]}"
1200074435,MEDIUM,,1,450000,,"{'id': 4089, 'context': 1, 'bonus_lists': [6655, 1691], 'modifiers': [{'type': 9, 'value': 30}, {'type': 28, 'value': 282}]}"
1200074439,MEDIUM,,1,450000,,"{'id': 4089, 'context': 1, 'bonus_lists': [6655, 1692], 'modifiers': [{'type': 9, 'value': 30}, {'type': 28, 'value': 282}]}"
1200074443,MEDIUM,,1,9090000,,"{'id': 8127, 'context': 1, 'bonus_lists': [6654], 'modifiers': [{'type': 9, 'value': 30}, {'type': 28, 'value': 282}]}"
1200074447,MEDIUM,,1,2189800,,"{'id': 8128, 'context': 0, 'bonus_lists': [6654], 'modifiers': [{'type': 9, 'value': 30}, {'type': 28, 'value': 30}]}"
1200074454,MEDIUM,,1,1090000,,"{'id': 6607, 'context': 0, 'bonus_lists': [6654, 1677], 'modifiers': [{'type': 9, 'value': 30}, {'type': 28, 'value': 19}]}"
1200074456,MEDIUM,,1,470000,,"{'id': 11975, 'context': 1, 'bonus_lists': [6654, 1691], 'modifiers': [{'type': 9, 'value': 30}, {'type': 28, 'value': 282}]}"
1200074458,MEDIUM,,1,470000,,"{'id': 11975, 'context': 1, 'bonus_lists': [6654, 1706], 'modifiers': [{'type': 9, 'value': 30}, {'type': 28, 'value': 282}]}"
1200074459,MEDIUM,,1,14760000,,"{'id': 106724, 'context': 0, 'bonus_lists': [6654, 150], 'modifiers': [{'type': 9, 'value': 40}, {'type': 28, 'value': 63}]}"
1200074461,MEDIUM,,1,17530000,,"{'id': 15970, 'context': 0, 'bonus_lists': [6655, 1692], 'modifiers': [{'type': 9, 'value': 30}, {'type': 28, 'value': 3}]}"
1200074473,MEDIUM,,1,8550000,,"{'id': 10206, 'context': 1, 'bonus_lists': [6654, 1708], 'modifiers': [{'type': 9, 'value': 30}, {'type': 28, 'value': 282}]}"
1200074485,MEDIUM,,1,2080000,,"{'id': 9952, 'context': 1, 'bonus_lists': [6654, 1695], 'modifiers': [{'type': 9, 'value': 30}, {'type': 28, 'value': 282}]}"
1200074487,MEDIUM,,1,4139900,,"{'id': 48124, 'context': 0, 'modifiers': [{'type': 28, 'value': 15}]}"
1200074490,MEDIUM,,1,4139900,,"{'id': 48124, 'context': 0, 'modifiers': [{'type': 28, 'value': 15}]}"
1200074492,MEDIUM,,1,4139900,,"{'id': 48124, 'context': 0, 'modifiers': [{'type': 28, 'value': 15}]}"
1200074493,MEDIUM,,1,4139900,,"{'id': 48124, 'context': 0, 'modifiers': [{'type': 28, 'value': 15}]}"
1200074495,VERY_LONG,1699700,20,,,{'id': 153597}
1200074502,MEDIUM,267500,9,,,{'id': 3712}
1200074506,MEDIUM,180000,6,,,{'id': 13463}
1200074507,VERY_LONG,1699700,8,,,{'id': 153597}
1200074508,MEDIUM,,1,840000,,"{'id': 12024, 'context': 1, 'bonus_lists': [6654, 1692], 'modifiers': [{'type': 9, 'value': 30}, {'type': 28, 'value': 282}]}"
1200074510,MEDIUM,,1,840000,,"{'id': 12024, 'context': 1, 'bonus_lists': [6654, 1678], 'modifiers': [{'type': 9, 'value': 30}, {'type': 28, 'value': 282}]}"
1200074514,MEDIUM,500,7,,,{'id': 3173}
1200074525,MEDIUM,,1,11520000,,"{'id': 6427, 'context': 1, 'bonus_lists': [6654], 'modifiers': [{'type': 9, 'value': 30}, {'type': 28, 'value': 282}]}"
1200074527,MEDIUM,,1,2359900,,"{'id': 9948, 'context': 1, 'bonus_lists': [6654, 1681], 'modifiers': [{'type': 9, 'value': 30}, {'type': 28, 'value': 214}]}"
1200074529,MEDIUM,67300,1,,,{'id': 52194}
1200074533,MEDIUM,,1,1160000,,"{'id': 9938, 'context': 1, 'bonus_lists': [6654, 1681], 'modifiers': [{'type': 9, 'value': 30}, {'type': 28, 'value': 282}]}"
1200074544,MEDIUM,,1,13509600,,"{'id': 11164, 'context': 0, 'modifiers': [{'type': 28, 'value': 20}]}"
1200074546,MEDIUM,,1,3270000,,"{'id': 10076, 'context': 1, 'bonus_lists': [6654, 1709], 'modifiers': [{'type': 9, 'value': 30}, {'type': 28, 'value': 282}]}"
1200074553,MEDIUM,,1,1600000,,"{'id': 10194, 'context': 1, 'bonus_lists': [6654, 1680], 'modifiers': [{'type': 9, 'value': 30}, {'type': 28, 'value': 282}]}"
1200074556,MEDIUM,,1,3960000,,"{'id': 8123, 'context': 1, 'bonus_lists': [6654], 'modifiers': [{'type': 9, 'value': 30}, {'type': 28, 'value': 282}]}"
1200074559,MEDIUM,639600,6,,,{'id': 10285}
1200074569,MEDIUM,,1,1700000,,"{'id': 15253, 'context': 1, 'bonus_lists': [6655, 1709], 'modifiers': [{'type': 9, 'value': 30}, {'type': 28, 'value': 282}]}"
1200074571,MEDIUM,,1,1149000000,1045590000,"{'id': 147064, 'context': 4, 'bonus_lists': [3564, 1472, 5855, 3336], 'modifiers': [{'type': 28, 'value': 498}]}"
1200074576,VERY_LONG,,1,5800000000,5278000000,"{'id': 182990, 'context': 6, 'bonus_lists': [7187, 6652, 1498, 6646], 'modifiers': [{'type': 28, 'value': 753}]}"
1200074578,VERY_LONG,,1,4900000000,4459000000,"{'id': 183013, 'context': 6, 'bonus_lists': [7187, 6652, 1498, 6646], 'modifiers': [{'type': 28, 'value': 753}]}"
1200074581,MEDIUM,86780000,2,,,{'id': 8932}
1200074582,VERY_LONG,,1,4900000000,4459000000,"{'id': 183013, 'context': 6, 'bonus_lists': [7187, 40, 1498, 6646], 'modifiers': [{'type': 28, 'value': 753}]}"
1200074586,MEDIUM,759900,3,,,{'id': 52986}
1200074588,MEDIUM,,1,1149000000,1045590000,"{'id': 152087, 'context': 6, 'bonus_lists': [3612, 1475, 3528], 'modifiers': [{'type': 28, 'value': 637}]}"
1200074593,MEDIUM,,1,2930000,,"{'id': 10079, 'context': 1, 'bonus_lists': [6654, 1708], 'modifiers': [{'type': 9, 'value': 30}, {'type': 28, 'value': 282}]}"
1200074599,MEDIUM,,1,3050000,,"{'id': 9965, 'context': 1, 'bonus_lists': [6654, 1677], 'modifiers': [{'type': 9, 'value': 30}, {'type': 28, 'value': 282}]}"
1200074600,MEDIUM,,1,699000000,636090000,"{'id': 179594, 'context': 27, 'bonus_lists': [6911, 6652, 7194, 1679], 'modifiers': [{'type': 9, 'value': 60}, {'type': 28, 'value': 2060}]}"
1200074601,MEDIUM,,1,3175180000,2889413800,"{'id': 25268, 'context': 1, 'bonus_lists': [6655, 1677], 'modifiers': [{'type': 9, 'value': 43}, {'type': 28, 'value': 1885}]}"
1200074604,VERY_LONG,,1,4900000000,4459000000,"{'id': 183008, 'context': 6, 'bonus_lists': [7187, 6652, 1498, 6646], 'modifiers': [{'type': 28, 'value': 753}]}"
1200074614,VERY_LONG,,1,4900000000,4459000000,"{'id': 183031, 'context': 6, 'bonus_lists': [7187, 6652, 7194, 1498, 6646], 'modifiers': [{'type': 28, 'value': 753}]}"
1200074616,VERY_LONG,,1,4900000000,4459000000,"{'id': 183031, 'context': 6, 'bonus_lists': [7187, 6652, 7193, 1498, 6646], 'modifiers': [{'type': 28, 'value': 753}]}"
1200074618,MEDIUM,,1,2500000,,"{'id': 116426, 'context': 13, 'bonus_lists': [226, 6871]}"
1200074622,MEDIUM,,1,2500000,,"{'id': 116426, 'context': 13, 'bonus_lists': [192, 6871]}"
1200074640,MEDIUM,,1,350409300,318872500,"{'id': 31210, 'context': 0, 'bonus_lists': [6691, 1707], 'modifiers': [{'type': 9, 'value': 30}, {'type': 28, 'value': 42}]}"
1200074649,MEDIUM,,1,3175180000,2889413800,"{'id': 165520, 'context': 6, 'bonus_lists': [4800, 1490, 5847, 4783]}"
1200074660,MEDIUM,,1,609000000,554190000,"{'id': 164281, 'context': 11}"
1200074668,MEDIUM,,1,453324000,412524800,"{'id': 144407, 'context': 6, 'bonus_lists': [3445, 1472, 5855, 3336], 'modifiers': [{'type': 28, 'value': 621}]}"
1200074672,MEDIUM,,1,453324000,412524800,"{'id': 144407, 'context': 3, 'bonus_lists': [3443, 1472, 3528], 'modifiers': [{'type': 28, 'value': 619}]}"
1200074677,MEDIUM,,1,453324000,412524800,"{'id': 144407, 'context': 4, 'bonus_lists': [3446, 1472, 3528], 'modifiers': [{'type': 28, 'value': 618}]}"
1200074680,MEDIUM,,1,453324000,412524800,"{'id': 144407, 'context': 4, 'bonus_lists': [3446, 1470]}"
1200074683,MEDIUM,,1,1300000000,1183000000,"{'id': 65891, 'context': 0}"
1200074687,MEDIUM,,1,1300000000,1183000000,"{'id': 65891, 'context': 0}"
1200074689,MEDIUM,1180000,1,,,{'id': 13159}
1200074694,MEDIUM,,1,1920000,,"{'id': 7531, 'context': 1, 'bonus_lists': [6654, 1680], 'modifiers': [{'type': 9, 'value': 30}, {'type': 28, 'value': 282}]}"
1200074709,MEDIUM,,1,699000000,636090000,"{'id': 164510, 'context': 14, 'modifiers': [{'type': 28, 'value': 186}]}"
1200074720,MEDIUM,,1,3175180000,2889413800,"{'id': 20661, 'context': 0, 'bonus_lists': [1705]}"
1200074724,MEDIUM,,1,2450000,,"{'id': 9955, 'context': 1, 'bonus_lists': [6654, 1678], 'modifiers': [{'type': 9, 'value': 30}, {'type': 28, 'value': 282}]}"
1200074730,MEDIUM,,1,387900000,,"{'id': 87493, 'context': 0, 'bonus_lists': [6658], 'modifiers': [{'type': 9, 'value': 35}, {'type': 28, 'value': 60}]}"
1200074732,MEDIUM,,1,680000,,"{'id': 15323, 'context': 1, 'bonus_lists': [6655, 1678], 'modifiers': [{'type': 9, 'value': 30}, {'type': 28, 'value': 282}]}"
1200074735,MEDIUM,,1,690000,,"{'id': 15224, 'context': 0, 'bonus_lists': [6655, 1678], 'modifiers': [{'type': 9, 'value': 30}, {'type': 28, 'value': 15}]}"
1200074753,MEDIUM,14200,4,,,{'id': 62783}
1200074779,MEDIUM,,1,1725600,,"{'id': 106687, 'context': 0, 'bonus_lists': [6654, 20], 'modifiers': [{'type': 9, 'value': 40}, {'type': 28, 'value': 63}]}"
1200074782,MEDIUM,,1,3360000,,"{'id': 9869, 'context': 0, 'bonus_lists': [6654, 1678], 'modifiers': [{'type': 9, 'value': 30}, {'type': 28, 'value': 20}]}"
1200074787,MEDIUM,9800,8,,,{'id': 161053}
1200074791,MEDIUM,9880000,5,,,{'id': 2799}
1200074804,VERY_LONG,3509200,100,,,{'id': 171275}
1200074852,MEDIUM,,1,870000,,"{'id': 8199, 'context': 1, 'bonus_lists': [6655, 1693], 'modifiers': [{'type': 9, 'value': 30}, {'type': 28, 'value': 282}]}"
1200074855,MEDIUM,1143900,5,,,{'id': 108342}
1200074861,MEDIUM,,1,1070000,,"{'id': 106581, 'context': 0, 'bonus_lists': [6654, 215], 'modifiers': [{'type': 9, 'value': 40}, {'type': 28, 'value': 66}]}"
1200074864,MEDIUM,,1,12770000,,"{'id': 7535, 'context': 1, 'bonus_lists': [6654, 1695], 'modifiers': [{'type': 9, 'value': 30}, {'type': 28, 'value': 282}]}"
1200074865,MEDIUM,,1,7390000,,"{'id': 9958, 'context': 1, 'bonus_lists': [6655, 1708], 'modifiers': [{'type': 9, 'value': 30}, {'type': 28, 'value': 282}]}"
1200074866,MEDIUM,,1,1670000,,"{'id': 11999, 'context': 1, 'bonus_lists': [6654, 1680], 'modifiers': [{'type': 9, 'value': 30}, {'type': 28, 'value': 282}]}"
1200074867,MEDIUM,,1,3379700,,"{'id': 9956, 'context': 1, 'bonus_lists': [6654, 1678], 'modifiers': [{'type': 9, 'value': 30}, {'type': 28, 'value': 282}]}"
1200074869,VERY_LONG,310000,200,,,{'id': 171267}
1200074871,MEDIUM,,1,3970000,,"{'id': 10236, 'context': 1, 'bonus_lists': [6654, 1679], 'modifiers': [{'type': 9, 'value': 30}, {'type': 28, 'value': 205}]}"
1200074872,MEDIUM,240000,4,,,{'id': 19223}
1200074873,MEDIUM,,1,1649800,,"{'id': 8111, 'context': 1, 'bonus_lists': [6654], 'modifiers': [{'type': 9, 'value': 30}, {'type': 28, 'value': 282}]}"
1200074875,MEDIUM,,1,6830000,,"{'id': 116427, 'context': 13, 'bonus_lists': [89, 6859]}"
1200074880,VERY_LONG,,1,5000000,,"{'id': 82800, 'context': 0, 'modifiers': [{'type': 6, 'value': 99883}], 'pet_breed_id': 18, 'pet_level': 1, 'pet_quality_id': 2, 'pet_species_id': 2922}"
1200074894,MEDIUM,,1,1670000,,"{'id': 15517, 'context': 0, 'bonus_lists': [6654, 1678], 'modifiers': [{'type': 9, 'value': 30}, {'type': 28, 'value': 12}]}"
1200074896,MEDIUM,,1,3109900,,"{'id': 15600, 'context': 0, 'bonus_lists': [6654, 1709], 'modifiers': [{'type': 9, 'value': 30}, {'type': 28, 'value': 22}]}"
1200075037,VERY_LONG,497200,20,,,{'id': 170554}
1200076157,VERY_LONG,117400,16,,,{'id': 169701}
1200076197,VERY_LONG,27400,14,,,{'id': 172092}
1200076316,MEDIUM,,1,12993000,,"{'id': 82800, 'context': 0, 'modifiers': [{'type': 6, 'value': 9905}], 'pet_breed_id': 7, 'pet_level': 1, 'pet_quality_id': 3, 'pet_species_id': 286}"
1200076431,VERY_LONG,176200,1,,,{'id': 171831}
1200076465,VERY_LONG,48300,6,,,{'id': 171841}
1200076558,VERY_LONG,1549900,1,,,{'id': 171833}
1200076589,VERY_LONG,87200,11,,,{'id': 171828}
1200076609,VERY_LONG,29200,13,,,{'id': 179315}
1200079992,MEDIUM,,1,1400000,,"{'id': 82800, 'context': 0, 'modifiers': [{'type': 6, 'value': 45289}], 'pet_breed_id': 18, 'pet_level': 1, 'pet_quality_id': 3, 'pet_species_id': 2087}"
1200080061,MEDIUM,,1,700000,,"{'id': 82800, 'context': 0, 'modifiers': [{'type': 6, 'value': 38283}], 'pet_breed_id': 12, 'pet_level': 1, 'pet_quality_id': 3, 'pet_species_id': 2089}"
1200082411,VERY_LONG,,1,72000,,"{'id': 3914, 'context': 0}"
1200082412,VERY_LONG,,1,72000,,"{'id': 3914, 'context': 0}"
1200082413,VERY_LONG,,1,72000,,"{'id': 3914, 'context': 0}"
1200082415,VERY_LONG,,1,72000,,"{'id': 3914, 'context': 0}"
1200082416,VERY_LONG,,1,72000,,"{'id': 3914, 'context': 0}"
1200082431,VERY_LONG,,1,2452900,,"{'id': 184479, 'context': 0}"
1200082435,VERY_LONG,,1,2452900,,"{'id': 184479, 'context': 0}"
1200082438,VERY_LONG,,1,2452900,,"{'id': 184479, 'context': 0}"
1200082439,VERY_LONG,,1,2452900,,"{'id': 184479, 'context': 0}"
1200082441,VERY_LONG,,1,2452900,,"{'id': 184479, 'context': 0}"
1200082442,VERY_LONG,,1,2452900,,"{'id': 184479, 'context': 0}"
1200082443,VERY_LONG,,1,2452900,,"{'id': 184479, 'context': 0}"
1200082445,VERY_LONG,,1,2452900,,"{'id': 184479, 'context': 0}"
1200082446,VERY_LONG,,1,2452900,,"{'id': 184479, 'context': 0}"
1200082447,VERY_LONG,,1,2452900,,"{'id': 184479, 'context': 0}"
1200082448,VERY_LONG,,1,2452900,,"{'id': 184479, 'context': 0}"
1200082449,VERY_LONG,,1,2452900,,"{'id': 184479, 'context': 0}"
1200082450,VERY_LONG,,1,2452900,,"{'id': 184479, 'context': 0}"
1200082454,VERY_LONG,,1,2452900,,"{'id': 184479, 'context': 0}"
1200082455,VERY_LONG,,1,2452900,,"{'id': 184479, 'context': 0}"
1200082457,VERY_LONG,,1,2452900,,"{'id': 184479, 'context': 0}"
1200082459,VERY_LONG,,1,2452900,,"{'id': 184479, 'context': 0}"
1200082460,VERY_LONG,,1,2452900,,"{'id': 184479, 'context': 0}"
1200082462,VERY_LONG,,1,2452900,,"{'id': 184479, 'context': 0}"
1200082465,VERY_LONG,,1,2452900,,"{'id': 184479, 'context': 0}"
1200082467,VERY_LONG,,1,2452900,,"{'id': 184479, 'context': 0}"
1200082468,VERY_LONG,,1,2452900,,"{'id': 184479, 'context': 0}"
1200082470,VERY_LONG,,1,2452900,,"{'id': 184479, 'context': 0}"
1200082471,VERY_LONG,,1,2452900,,"{'id': 184479, 'context': 0}"
1200082476,VERY_LONG,,1,2452900,,"{'id': 184479, 'context': 0}"
1200082478,VERY_LONG,,1,2452900,,"{'id': 184479, 'context': 0}"
1200082480,VERY_LONG,,1,2452900,,"{'id': 184479, 'context': 0}"
1200082481,VERY_LONG,,1,2452900,,"{'id': 184479, 'context': 0}"
1200082482,VERY_LONG,,1,2452900,,"{'id': 184479, 'context': 0}"
1200082483,VERY_LONG,,1,2452900,,"{'id': 184479, 'context': 0}"
1200082484,VERY_LONG,,1,2452900,,"{'id': 184479, 'context': 0}"
1200082486,VERY_LONG,,1,2452900,,"{'id': 184479, 'context': 0}"
1200082487,VERY_LONG,,1,2452900,,"{'id': 184479, 'context': 0}"
1200082488,VERY_LONG,,1,2452900,,"{'id': 184479, 'context': 0}"
1200082492,VERY_LONG,,1,2452900,,"{'id': 184479, 'context': 0}"
1200082493,VERY_LONG,,1,2452900,,"{'id': 184479, 'context': 0}"
1200082494,VERY_LONG,,1,2452900,,"{'id': 184479, 'context': 0}"
1200082496,VERY_LONG,,1,2452900,,"{'id': 184479, 'context': 0}"
1200082512,VERY_LONG,2291600,1,,,{'id': 35953}
1200082513,VERY_LONG,176200,8,,,{'id': 171831}
1200082520,VERY_LONG,4500,3,,,{'id': 34068}
1200082527,VERY_LONG,711200,19,,,{'id': 158382}
1200082532,VERY_LONG,17100,67,,,{'id': 158381}
1200082536,VERY_LONG,89100,1,,,{'id': 109599}
1200082759,MEDIUM,,1,98005700,,"{'id': 154844, 'context': 0, 'bonus_lists': [6654, 1715], 'modifiers': [{'type': 9, 'value': 50}, {'type': 28, 'value': 1222}]}"
1200082785,VERY_LONG,117400,4,,,{'id': 169701}
1200082880,MEDIUM,,1,1500000,,"{'id': 82800, 'context': 0, 'pet_breed_id': 18, 'pet_level': 1, 'pet_quality_id': 3, 'pet_species_id': 1720}"
1200082963,MEDIUM,9995000,2,,,{'id': 171276}
1200083036,VERY_LONG,,1,14901800,,"{'id': 82800, 'context': 0, 'modifiers': [{'type': 6, 'value': 79760}], 'pet_breed_id': 15, 'pet_level': 1, 'pet_quality_id': 3, 'pet_species_id': 2120}"
1200083039,MEDIUM,513000,1,,,{'id': 169674}
1200083042,MEDIUM,1000000,1,,,{'id': 39002}
1200083045,VERY_LONG,,1,3704700,,"{'id': 82800, 'context': 0, 'modifiers': [{'type': 6, 'value': 5585}], 'pet_breed_id': 15, 'pet_level': 1, 'pet_quality_id': 2, 'pet_species_id': 44}"
1200083047,VERY_LONG,,1,12506300,,"{'id': 82800, 'context': 0, 'modifiers': [{'type': 6, 'value': 51475}], 'pet_breed_id': 8, 'pet_level': 1, 'pet_quality_id': 3, 'pet_species_id': 1343}"
1200083049,VERY_LONG,,1,2145700,,"{'id': 82800, 'context': 0, 'modifiers': [{'type': 6, 'value': 77901}], 'pet_breed_id': 13, 'pet_level': 1, 'pet_quality_id': 3, 'pet_species_id': 2566}"
1200083053,VERY_LONG,,1,505300,,"{'id': 82800, 'context': 0, 'modifiers': [{'type': 6, 'value': 15660}], 'pet_breed_id': 3, 'pet_level': 1, 'pet_quality_id': 2, 'pet_species_id': 119}"
1200083060,VERY_LONG,,1,1135900,,"{'id': 82800, 'context': 0, 'modifiers': [{'type': 6, 'value': 2177}], 'pet_breed_id': 6, 'pet_level': 1, 'pet_quality_id': 2, 'pet_species_id': 55}"
1200083065,VERY_LONG,,1,7507900,,"{'id': 82800, 'context': 0, 'modifiers': [{'type': 6, 'value': 11709}], 'pet_breed_id': 20, 'pet_level': 1, 'pet_quality_id': 2, 'pet_species_id': 224}"
1200083069,VERY_LONG,,1,5428000,,"{'id': 82800, 'context': 0, 'modifiers': [{'type': 6, 'value': 901}], 'pet_breed_id': 9, 'pet_level': 1, 'pet_quality_id': 2, 'pet_species_id': 64}"
1200083072,VERY_LONG,,1,16909100,,"{'id': 82800, 'context': 0, 'modifiers': [{'type': 6, 'value': 87862}], 'pet_breed_id': 16, 'pet_level': 1, 'pet_quality_id': 3, 'pet_species_id': 2432}"
1200083073,VERY_LONG,,1,44696600,,"{'id': 82800, 'context': 0, 'modifiers': [{'type': 6, 'value': 51413}], 'pet_breed_id': 8, 'pet_level': 1, 'pet_quality_id': 2, 'pet_species_id': 1321}"
1200083075,VERY_LONG,,1,25281000,,"{'id': 82800, 'context': 0, 'modifiers': [{'type': 6, 'value': 91810}], 'pet_breed_id': 18, 'pet_level': 1, 'pet_quality_id': 3, 'pet_species_id': 2835}"
1200083076,VERY_LONG,,1,1501900,,"{'id': 94573, 'context': 0}"
1200083078,VERY_LONG,,1,289900,,"{'id': 127856, 'context': 1}"
1200083082,VERY_LONG,,1,8863700,,"{'id': 82800, 'context': 0, 'modifiers': [{'type': 6, 'value': 58736}], 'pet_breed_id': 18, 'pet_level': 1, 'pet_quality_id': 2, 'pet_species_id': 1515}"
1200083083,VERY_LONG,,1,4122100,,"{'id': 82800, 'context': 0, 'modifiers': [{'type': 6, 'value': 22778}], 'pet_breed_id': 5, 'pet_level': 1, 'pet_quality_id': 2, 'pet_species_id': 254}"
1200083084,VERY_LONG,,1,1583300,,"{'id': 82800, 'context': 0, 'modifiers': [{'type': 6, 'value': 20026}], 'pet_breed_id': 3, 'pet_level': 1, 'pet_quality_id': 2, 'pet_species_id': 142}"
1200083085,VERY_LONG,,1,843700,,"{'id': 82800, 'context': 0, 'modifiers': [{'type': 6, 'value': 65070}], 'pet_breed_id': 6, 'pet_level': 1, 'pet_quality_id': 3, 'pet_species_id': 1706}"
1200083087,MEDIUM,5387500,1,,,{'id': 32576}
1200083089,VERY_LONG,,1,291400,,"{'id': 82800, 'context': 0, 'modifiers': [{'type': 6, 'value': 42721}], 'pet_breed_id': 22, 'pet_level': 1, 'pet_quality_id': 2, 'pet_species_id': 847}"
1200083091,VERY_LONG,,1,21008200,,"{'id': 82800, 'context': 0, 'modifiers': [{'type': 6, 'value': 75334}], 'pet_breed_id': 3, 'pet_level': 1, 'pet_quality_id': 2, 'pet_species_id': 2714}"
1200085119,MEDIUM,1499700,1,,,{'id': 81055}
1200085121,VERY_LONG,,1,5712000,,"{'id': 82800, 'context': 0, 'modifiers': [{'type': 6, 'value': 22776}], 'pet_breed_id': 3, 'pet_level': 1, 'pet_quality_id': 2, 'pet_species_id': 191}"
1200085123,VERY_LONG,,1,7579300,,"{'id': 82800, 'context': 0, 'modifiers': [{'type': 6, 'value': 62216}], 'pet_breed_id': 20, 'pet_level': 1, 'pet_quality_id': 2, 'pet_species_id': 1711}"
1200085126,VERY_LONG,,1,560800,,"{'id': 82800, 'context': 0, 'modifiers': [{'type': 6, 'value': 1206}], 'pet_breed_id': 5, 'pet_level': 1, 'pet_quality_id': 2, 'pet_species_id': 75}"
1200085127,VERY_LONG,,1,940500,,"{'id': 82800, 'context': 0, 'modifiers': [{'type': 6, 'value': 6190}], 'pet_breed_id': 13, 'pet_level': 1, 'pet_quality_id': 2, 'pet_species_id': 51}"
1200085130,VERY_LONG,,1,15209300,,"{'id': 82800, 'context': 0, 'modifiers': [{'type': 6, 'value': 65071}], 'pet_breed_id': 7, 'pet_level': 1, 'pet_quality_id': 3, 'pet_species_id': 1705}"
1200085131,MEDIUM,776400,1,,,{'id': 44482}
1200085134,VERY_LONG,,1,3884300,,"{'id': 82800, 'context': 0, 'modifiers': [{'type': 6, 'value': 65630}], 'pet_breed_id': 8, 'pet_level': 1, 'pet_quality_id': 3, 'pet_species_id': 1753}"
1200085135,VERY_LONG,,1,1402900,,"{'id': 82800, 'context': 0, 'modifiers': [{'type': 6, 'value': 61549}], 'pet_breed_id': 6, 'pet_level': 1, 'pet_quality_id': 2, 'pet_species_id': 1537}"
1200085137,VERY_LONG,,1,252862800,,"{'id': 82800, 'context': 0, 'pet_breed_id': 4, 'pet_level': 1, 'pet_quality_id': 2, 'pet_species_id': 218}"
1200085461,MEDIUM,,1,11929500,,"{'id': 13083, 'context': 0}"
1200085466,MEDIUM,2000,126,,,{'id': 113262}
1200085470,MEDIUM,2289200,4,,,{'id': 35557}
1200085473,MEDIUM,919400,1,,,{'id': 4231}
1200085476,MEDIUM,164200,1,,,{'id': 173041}
1200085478,MEDIUM,11133700,1,,,{'id': 38955}
1200085480,MEDIUM,6059600,11,,,{'id': 4236}
1200085482,MEDIUM,3436400,4,,,{'id': 52749}
1200085483,MEDIUM,3499000,1,,,{'id': 52768}
1200085484,MEDIUM,,1,233740700,,"{'id': 66883, 'context': 0}"
1200085485,MEDIUM,,1,150000,,"{'id': 2577, 'context': 0, 'bonus_lists': [6835]}"
1200085487,MEDIUM,124838500,6,,,{'id': 8153}
1200085488,MEDIUM,,1,1547787700,,"{'id': 12219, 'context': 0}"
1200085489,MEDIUM,,1,115873600,,"{'id': 36580, 'context': 0, 'bonus_lists': [1691]}"
1200085490,MEDIUM,20000000,1,,,{'id': 38974}
1200085492,MEDIUM,3497100,13,,,{'id': 38959}
1200085493,MEDIUM,,1,85706400,,"{'id': 90577, 'context': 0}"
1200085495,MEDIUM,70700,14,,,{'id': 52194}
1200085497,MEDIUM,,1,258922500,,"{'id': 3345, 'context': 0}"
1200085498,MEDIUM,124500,1,,,{'id': 52720}
1200085500,MEDIUM,,1,82233200,,"{'id': 118789, 'context': 0}"
1200085501,MEDIUM,,1,4136601700,,"{'id': 5753, 'context': 0}"
1200085502,MEDIUM,749900,1,,,{'id': 153661}
1200085503,MEDIUM,999900,17,,,{'id': 144329}
1200085506,MEDIUM,,1,400000,,"{'id': 128310, 'context': 1}"
1200085507,MEDIUM,,1,13660100,,"{'id': 55509, 'context': 0, 'bonus_lists': [1679]}"
1200085508,MEDIUM,1405800,5,,,{'id': 168217}
1200085510,MEDIUM,944400,3,,,{'id': 160484}
1200085511,MEDIUM,2499900,4,,,{'id': 114056}
1200085513,MEDIUM,,1,79756700,,"{'id': 13011, 'context': 0}"
1200085515,MEDIUM,1328200,5,,,{'id': 52746}
1200085516,MEDIUM,1979700,3,,,{'id': 132515}
1200085517,MEDIUM,,1,86071700,,"{'id': 94080, 'context': 0, 'bonus_lists': [1715]}"
1200085519,MEDIUM,,1,86048400,,"{'id': 94080, 'context': 0, 'bonus_lists': [1693]}"
1200085521,MEDIUM,,1,17311900,,"{'id': 36708, 'context': 0, 'bonus_lists': [1706]}"
1200085523,MEDIUM,,1,269454000,,"{'id': 809, 'context': 0}"
1200085525,MEDIUM,1899900,10,,,{'id': 23736}
1200085526,MEDIUM,,1,41892300,,"{'id': 4040, 'context': 0}"
1200085529,MEDIUM,,1,1183900,,"{'id': 45274, 'context': 0}"
1200085530,MEDIUM,78400,13,,,{'id': 152875}
1200085531,MEDIUM,,1,97712900,,"{'id': 116535, 'context': 0, 'bonus_lists': [159]}"
1200085532,MEDIUM,2623900,1,,,{'id': 127841}
1200085534,MEDIUM,5742300,23,,,{'id': 52982}
1200085536,MEDIUM,,1,43954800,,"{'id': 1726, 'context': 0}"
1200085537,MEDIUM,19998700,9,,,{'id': 38986}
1200085539,MEDIUM,2176900,13,,,{'id': 25708}
1200085543,MEDIUM,,1,622007000,,"{'id': 147420, 'context': 0}"
1200085545,MEDIUM,,1,9173700,,"{'id': 24982, 'context': 0, 'bonus_lists': [1709]}"
1200085546,MEDIUM,20500,23,,,{'id': 52979}
1200085547,MEDIUM,,1,28023600,,"{'id': 36540, 'context': 0, 'bonus_lists': [1707]}"
1200085549,MEDIUM,,1,4462600,,"{'id': 55735, 'context': 0, 'bonus_lists': [1687]}"
1200085551,MEDIUM,,1,342305100,,"{'id': 9385, 'context': 0}"
1200085552,MEDIUM,,1,2835900,,"{'id': 176984, 'context': 0, 'bonus_lists': [6907, 6652, 1679], 'modifiers': [{'type': 9, 'value': 60}, {'type': 28, 'value': 2060}]}"
1200085555,MEDIUM,18102000,1,,,{'id': 52751}
1200085556,MEDIUM,3465040700,1,,,{'id': 62673}
1200085557,MEDIUM,8999900,20,,,{'id': 109156}
1200085563,MEDIUM,495100,188,,,{'id': 111674}
1200085567,MEDIUM,,1,230444500,,"{'id': 94076, 'context': 0, 'bonus_lists': [1695]}"
1200085569,MEDIUM,,1,1809600,,"{'id': 118427, 'context': 1}"
1200085575,MEDIUM,40636400,2,,,{'id': 55053}
1200085584,MEDIUM,160000,15,,,{'id': 168215}
1200085589,MEDIUM,168900,7,,,{'id': 76140}
1200085594,MEDIUM,711200,25,,,{'id': 158382}
1200085598,MEDIUM,,1,133433700,,"{'id': 34828, 'context': 1}"
1200085604,MEDIUM,4700000,1,,,{'id': 147869}
1200085608,MEDIUM,,1,159715700,,"{'id': 37805, 'context': 0}"
1200085611,MEDIUM,,1,4497096900,,"{'id': 55316, 'context': 0, 'bonus_lists': [1714]}"
1200085615,MEDIUM,8787600,1,,,{'id': 44449}
1200085620,MEDIUM,62000000,1,,,{'id': 77543}
1200085622,MEDIUM,,1,45389200,,"{'id': 31200, 'context': 0}"
1200085634,MEDIUM,20000700,1,,,{'id': 144305}
1200085652,VERY_LONG,,1,5001500,,"{'id': 141289, 'context': 0, 'bonus_lists': [1812], 'modifiers': [{'type': 9, 'value': 42}]}"
1200085680,VERY_LONG,,1,62477700,,"{'id': 141322, 'context': 0}"
1200085703,VERY_LONG,,1,59990000,,"{'id': 130064, 'context': 11}"
1200085737,VERY_LONG,3459600,6,,,{'id': 8836}
1200085751,VERY_LONG,2748900,1,,,{'id': 52196}
1200085759,VERY_LONG,480000,12,,,{'id': 4233}
1200085769,VERY_LONG,850000,5,,,{'id': 15419}
1200085776,VERY_LONG,3248800,9,,,{'id': 15414}
1200085784,VERY_LONG,400000,8,,,{'id': 15410}
1200085791,VERY_LONG,259800,5,,,{'id': 151721}
1200085793,MEDIUM,,1,4900000,,"{'id': 114821, 'context': 0}"
1200085795,VERY_LONG,799900,13,,,{'id': 151718}
1200085797,MEDIUM,,1,4900000,,"{'id': 114821, 'context': 0}"
1200085802,VERY_LONG,300000,9,,,{'id': 109626}
1200085807,MEDIUM,,1,4900000,,"{'id': 114821, 'context': 0}"
1200085808,VERY_LONG,3000000,6,,,{'id': 109625}
1200085828,VERY_LONG,,1,2008600,,"{'id': 144457, 'context': 0}"
1200085837,VERY_LONG,8950000,1,,,{'id': 139783}
1200085946,VERY_LONG,3000000,10,,,{'id': 139175}
1200085976,VERY_LONG,9999100,2,,,{'id': 147868}
1200086018,VERY_LONG,,1,20500100,,"{'id': 133715, 'context': 0}"
1200086035,VERY_LONG,,1,49500000,,"{'id': 123869, 'context': 0}"
1200086053,VERY_LONG,,1,3000100,,"{'id': 133716, 'context': 0}"
1200086084,VERY_LONG,2499600,2,,,{'id': 168593}
1200088109,VERY_LONG,2799800,1,,,{'id': 168596}
1200088585,MEDIUM,,1,9544459400,,"{'id': 1280, 'context': 0}"
1200088586,MEDIUM,,1,20341100,,"{'id': 55363, 'context': 0, 'bonus_lists': [1684]}"
1200088587,MEDIUM,,1,37443100,,"{'id': 159806, 'context': 0, 'bonus_lists': [6655, 1717], 'modifiers': [{'type': 9, 'value': 48}, {'type': 28, 'value': 188}]}"
1200088588,MEDIUM,,1,36174700,,"{'id': 45237, 'context': 0}"
1200088590,MEDIUM,140000,6,,,{'id': 153437}
1200088591,MEDIUM,,1,2500000,,"{'id': 173141, 'context': 13, 'bonus_lists': [3352]}"
1200088592,MEDIUM,,1,2500000,,"{'id': 173141, 'context': 13, 'bonus_lists': [3359]}"
1200088594,MEDIUM,,1,2500000,,"{'id': 173141, 'context': 13, 'bonus_lists': [3358]}"
1200088596,MEDIUM,,1,2500000,,"{'id': 173141, 'context': 13, 'bonus_lists': [3359]}"
1200088598,MEDIUM,80000,18,,,{'id': 168216}
1200088600,MEDIUM,,1,5585700,,"{'id': 45493, 'context': 0}"
1200088602,MEDIUM,,1,115873600,,"{'id': 36580, 'context': 0, 'bonus_lists': [1708]}"
1200088603,MEDIUM,,1,64287500,,"{'id': 2824, 'context': 0}"
1200088605,MEDIUM,10022600,20,,,{'id': 136636}
1200088607,MEDIUM,80000,1,,,{'id': 23441}
1200088608,MEDIUM,60000,7,,,{'id': 36918}
1200088610,MEDIUM,695800,1,,,{'id': 52756}
1200088613,MEDIUM,,1,97461400,,"{'id': 138385, 'context': 14}"
1200088617,MEDIUM,,1,347106600,,"{'id': 36465, 'context': 0, 'bonus_lists': [1680]}"
1200088619,MEDIUM,89900,3,,,{'id': 154990}
1200088622,MEDIUM,60000,19,,,{'id': 36917}
1200088625,MEDIUM,100,306,,,{'id': 124438}
1200088628,MEDIUM,,1,248965300,,"{'id': 31332, 'context': 0}"
1200088630,MEDIUM,66200,200,,,{'id': 154164}
1200088634,MEDIUM,22999700,2,,,{'id': 59596}
1200088636,MEDIUM,,1,18215500,,"{'id': 36257, 'context': 0, 'bonus_lists': [1678]}"
1200088639,MEDIUM,51000,49,,,{'id': 76135}
1200088641,MEDIUM,86574100,1,,,{'id': 44265}
1200088643,MEDIUM,2000,360,,,{'id': 113264}
1200088647,MEDIUM,,1,54822000,,"{'id': 111820, 'context': 1}"
1200088650,MEDIUM,,1,7307600,,"{'id': 13015, 'context': 0}"
1200088652,MEDIUM,,1,171142800,,"{'id': 22280, 'context': 0}"
1200088654,MEDIUM,,1,116250200,,"{'id': 159494, 'context': 0, 'bonus_lists': [4796, 1676], 'modifiers': [{'type': 9, 'value': 45}]}"
1200088656,MEDIUM,1480600,24,,,{'id': 52191}
1200088658,MEDIUM,1749500,12,,,{'id': 15407}
1200088661,MEDIUM,,1,1542048500,,"{'id': 118794, 'context': 0}"
1200088663,MEDIUM,,1,144900,,"{'id': 6796, 'context': 0, 'bonus_lists': [6835]}"
1200088666,MEDIUM,,1,43696400,,"{'id': 66973, 'context': 0}"
1200088668,MEDIUM,17499900,5,,,{'id': 6371}
1200088669,MEDIUM,,1,203393700,,"{'id': 44311, 'context': 0}"
1200088672,MEDIUM,4503700,8,,,{'id': 52687}
1200088673,MEDIUM,,1,309019500,,"{'id': 118873, 'context': 0}"
1200088674,MEDIUM,1527800,3,,,{'id': 154989}
1200088676,MEDIUM,4399900,4,,,{'id': 40771}
1200088678,MEDIUM,,1,5005700,,"{'id': 10249, 'context': 0, 'bonus_lists': [1679]}"
1200088681,MEDIUM,1983800,1,,,{'id': 52766}
1200088682,MEDIUM,2800,11,,,{'id': 67404}
1200088684,MEDIUM,1386400,9,,,{'id': 130174}
1200088685,MEDIUM,74109800,19,,,{'id': 85584}
1200088686,MEDIUM,2748800,16,,,{'id': 8172}
1200088687,MEDIUM,31970000,15,,,{'id': 130216}
1200088688,MEDIUM,,1,24093000,,"{'id': 116485, 'context': 0, 'bonus_lists': [71]}"
1200088689,MEDIUM,995800,3,,,{'id': 4461}
1200088691,MEDIUM,34507500,1,,,{'id': 38997}
1200088693,MEDIUM,55100,3,,,{'id': 34861}
1200088694,MEDIUM,,1,10170400,,"{'id': 133724, 'context': 0}"
1200088696,MEDIUM,19998900,1,,,{'id': 52771}
1200088697,MEDIUM,,1,10431000,,"{'id': 55690, 'context': 0, 'bonus_lists': [1699]}"
1200088699,MEDIUM,,1,5529200,,"{'id': 133722, 'context': 0}"
1200088700,MEDIUM,4500,112,,,{'id': 129100}
1200088701,MEDIUM,2021100,4,,,{'id': 79869}
1200088703,MEDIUM,,1,3683908100,,"{'id': 55289, 'context': 0, 'bonus_lists': [1695]}"
1200088704,MEDIUM,1743000,7,,,{'id': 128538}
1200088705,MEDIUM,5000200,14,,,{'id': 122742}
1200088708,MEDIUM,4513400,2,,,{'id': 15415}
1200088710,MEDIUM,,1,18470000,,"{'id': 133712, 'context': 0}"
1200088713,MEDIUM,436700,13,,,{'id': 24245}
1200088714,MEDIUM,15129700,1,,,{'id': 127843}
1200088715,MEDIUM,392500,15,,,{'id': 52192}
1200088718,MEDIUM,,1,316274200,,"{'id': 136350, 'context': 11}"
1200088720,MEDIUM,210326700,12,,,{'id': 19767}
1200088721,MEDIUM,87500,6,,,{'id': 130904}
1200088722,MEDIUM,99700,12,,,{'id': 52181}
1200088724,MEDIUM,829200,10,,,{'id': 130173}
1200088726,MEDIUM,14499900,15,,,{'id': 4394}
1200088728,MEDIUM,7022100,1,,,{'id': 132513}
1200088729,MEDIUM,1488000,4,,,{'id': 56516}
1200088732,MEDIUM,150500,3,,,{'id': 15412}
1200088733,MEDIUM,,1,182445100,,"{'id': 87423, 'context': 0}"
1200088734,MEDIUM,,1,55696900,,"{'id': 172912, 'context': 13}"
1200088736,MEDIUM,,1,55696900,,"{'id': 172912, 'context': 13}"
1200088739,MEDIUM,,1,55696900,,"{'id': 172912, 'context': 13}"
1200088740,MEDIUM,7999400,3,,,{'id': 38968}
1200088741,MEDIUM,30000,9,,,{'id': 109184}
1200088743,MEDIUM,166800,9,,,{'id': 118391}
1200088751,VERY_LONG,,1,10000000,,"{'id': 71360, 'context': 0}"
1200088820,VERY_LONG,,1,100008300,,"{'id': 116176, 'context': 13, 'bonus_lists': [182, 525, 536]}"
1200088870,MEDIUM,524800,5,,,{'id': 44599}
1200088873,MEDIUM,,1,149253000,,"{'id': 22278, 'context': 0}"
1200088874,MEDIUM,,1,98410800,,"{'id': 118824, 'context': 0}"
1200088875,MEDIUM,2000,200,,,{'id': 113262}
1200088877,MEDIUM,2767000,2,,,{'id': 130175}
1200088881,MEDIUM,,1,36396300,,"{'id': 112317, 'context': 13, 'bonus_lists': [525, 529]}"
1200088883,MEDIUM,290000,18,,,{'id': 153439}
1200088884,MEDIUM,488700,19,,,{'id': 6533}
1200088886,MEDIUM,5002100,1,,,{'id': 79868}
1200088888,MEDIUM,,1,3175180000,,"{'id': 25145, 'context': 0, 'bonus_lists': [1694]}"
1200088890,MEDIUM,,1,51672800,,"{'id': 172914, 'context': 13}"
1200088891,MEDIUM,,1,51672800,,"{'id': 172914, 'context': 13}"
1200088894,MEDIUM,103000,72,,,{'id': 76136}
1200088896,MEDIUM,103300,11,,,{'id': 8165}
1200088897,MEDIUM,4016800,2,,,{'id': 127839}
1200088898,MEDIUM,,1,21598600,,"{'id': 25140, 'context': 0, 'bonus_lists': [1695]}"
1200088901,MEDIUM,5100,1,,,{'id': 173043}
1200088913,VERY_LONG,955900,2,,,{'id': 172903}
1200088934,VERY_LONG,1508800,3,,,{'id': 172904}
1200088949,VERY_LONG,,1,2008600,,"{'id': 144457, 'context': 0}"
1200093117,MEDIUM,,1,9890000,,"{'id': 172250, 'context': 13, 'bonus_lists': [6893], 'modifiers': [{'type': 9, 'value': 53}, {'type': 28, 'value': 391}, {'type': 29, 'value': 36}, {'type': 30, 'value': 40}]}"
1200093134,MEDIUM,,1,690000,,"{'id': 172239, 'context': 13, 'bonus_lists': [6890], 'modifiers': [{'type': 9, 'value': 53}, {'type': 28, 'value': 391}, {'type': 29, 'value': 36}, {'type': 30, 'value': 32}]}"
1200093143,MEDIUM,,1,221569800,,"{'id': 171416, 'context': 64, 'bonus_lists': [6717, 1507]}"
1200093154,MEDIUM,,1,1790000,,"{'id': 172259, 'context': 13, 'bonus_lists': [6893], 'modifiers': [{'type': 9, 'value': 53}, {'type': 28, 'value': 391}, {'type': 29, 'value': 36}, {'type': 30, 'value': 40}]}"
1200093165,MEDIUM,,1,20009900,,"{'id': 171418, 'context': 63, 'bonus_lists': [6716, 7193, 1487]}"
1200093178,MEDIUM,,1,1940000,,"{'id': 172256, 'context': 13, 'bonus_lists': [6893], 'modifiers': [{'type': 9, 'value': 53}, {'type': 28, 'value': 391}, {'type': 29, 'value': 32}, {'type': 30, 'value': 36}]}"
1200093203,MEDIUM,,1,490000,,"{'id': 172236, 'context': 13, 'bonus_lists': [6887], 'modifiers': [{'type': 9, 'value': 53}, {'type': 28, 'value': 391}, {'type': 29, 'value': 32}, {'type': 30, 'value': 49}]}"
1200093270,MEDIUM,,1,1790000,,"{'id': 172249, 'context': 13, 'bonus_lists': [6883], 'modifiers': [{'type': 29, 'value': 32}, {'type': 30, 'value': 40}]}"
1200093285,MEDIUM,,1,4490000,,"{'id': 172251, 'context': 13, 'bonus_lists': [6893], 'modifiers': [{'type': 9, 'value': 53}, {'type': 28, 'value': 391}, {'type': 29, 'value': 36}, {'type': 30, 'value': 49}]}"
1200093335,MEDIUM,,1,1740000,,"{'id': 172237, 'context': 13, 'bonus_lists': [6887], 'modifiers': [{'type': 9, 'value': 53}, {'type': 28, 'value': 391}, {'type': 29, 'value': 36}, {'type': 30, 'value': 32}]}"
1200093391,MEDIUM,,1,2490000,,"{'id': 172238, 'context': 13, 'bonus_lists': [6885], 'modifiers': [{'type': 9, 'value': 53}, {'type': 28, 'value': 391}, {'type': 29, 'value': 32}, {'type': 30, 'value': 36}]}"
1200093573,MEDIUM,,1,5944100,,"{'id': 173198, 'context': 0, 'bonus_lists': [6885], 'modifiers': [{'type': 9, 'value': 60}, {'type': 28, 'value': 391}, {'type': 29, 'value': 40}, {'type': 30, 'value': 32}]}"
1200093657,MEDIUM,,1,400000000,,"{'id': 184794, 'context': 0, 'bonus_lists': [6652, 7194, 1472, 6646], 'modifiers': [{'type': 28, 'value': 1707}]}"
1200093661,MEDIUM,,1,3512300,,"{'id': 9781, 'context': 1, 'bonus_lists': [6654, 1708], 'modifiers': [{'type': 9, 'value': 30}, {'type': 28, 'value': 215}]}"
1200093663,MEDIUM,,1,23524000,,"{'id': 55366, 'context': 2, 'bonus_lists': [6655, 1713], 'modifiers': [{'type': 9, 'value': 35}, {'type': 28, 'value': 1115}]}"
1200093680,MEDIUM,,1,1556800,,"{'id': 173201, 'context': 0, 'bonus_lists': [6883], 'modifiers': [{'type': 29, 'value': 32}, {'type': 30, 'value': 40}]}"
1200093713,MEDIUM,,1,750000,,"{'id': 173197, 'context': 0, 'bonus_lists': [6887], 'modifiers': [{'type': 9, 'value': 60}, {'type': 28, 'value': 391}, {'type': 29, 'value': 32}, {'type': 30, 'value': 36}]}"
1200093748,MEDIUM,,1,2303300,,"{'id': 173194, 'context': 0, 'bonus_lists': [6887], 'modifiers': [{'type': 9, 'value': 60}, {'type': 28, 'value': 391}, {'type': 29, 'value': 36}, {'type': 30, 'value': 49}]}"
1200095723,VERY_LONG,3999900,173,,,{'id': 171278}
1200095833,VERY_LONG,356900,100,,,{'id': 171268}
1200095840,MEDIUM,,1,119998900,,"{'id': 82800, 'context': 0, 'modifiers': [{'type': 6, 'value': 99874}], 'pet_breed_id': 17, 'pet_level': 1, 'pet_quality_id': 2, 'pet_species_id': 2897}"
1200095852,MEDIUM,,1,5999900,,"{'id': 82800, 'context': 0, 'modifiers': [{'type': 6, 'value': 90422}], 'pet_breed_id': 16, 'pet_level': 1, 'pet_quality_id': 2, 'pet_species_id': 2526}"
1200095864,MEDIUM,5005300,2,,,{'id': 180317}
1200095869,MEDIUM,,1,386200,,"{'id': 82800, 'context': 0, 'modifiers': [{'type': 6, 'value': 6191}], 'pet_breed_id': 5, 'pet_level': 1, 'pet_quality_id': 2, 'pet_species_id': 47}"
1200095874,MEDIUM,,1,200000400,,"{'id': 82800, 'context': 0, 'modifiers': [{'type': 6, 'value': 73707}], 'pet_breed_id': 3, 'pet_level': 1, 'pet_quality_id': 3, 'pet_species_id': 1967}"
1200095882,VERY_LONG,601700,200,,,{'id': 172049}
1200095884,MEDIUM,,1,15999900,,"{'id': 82800, 'context': 0, 'modifiers': [{'type': 6, 'value': 90230}], 'pet_breed_id': 17, 'pet_level': 1, 'pet_quality_id': 3, 'pet_species_id': 2563}"
1200095885,MEDIUM,,1,15999900,,"{'id': 82800, 'context': 0, 'modifiers': [{'type': 6, 'value': 90230}], 'pet_breed_id': 17, 'pet_level': 1, 'pet_quality_id': 3, 'pet_species_id': 2563}"
1200095891,MEDIUM,2000,3,,,{'id': 151567}
1200095897,MEDIUM,25600,12,,,{'id': 151564}
1200095906,MEDIUM,,1,999900,,"{'id': 82800, 'context': 0, 'modifiers': [{'type': 6, 'value': 73697}], 'pet_breed_id': 3, 'pet_level': 1, 'pet_quality_id': 3, 'pet_species_id': 1963}"
1200095912,MEDIUM,,1,100,,"{'id': 69820, 'context': 5, 'modifiers': [{'type': 28, 'value': 1029}]}"
1200095917,MEDIUM,,1,700000,,"{'id': 82800, 'context': 0, 'modifiers': [{'type': 6, 'value': 38283}], 'pet_breed_id': 10, 'pet_level': 1, 'pet_quality_id': 3, 'pet_species_id': 2089}"
1200095918,MEDIUM,,1,700000,,"{'id': 82800, 'context': 0, 'modifiers': [{'type': 6, 'value': 38283}], 'pet_breed_id': 20, 'pet_level': 1, 'pet_quality_id': 3, 'pet_species_id': 2089}"
1200095956,MEDIUM,24499900,1,,,{'id': 53039}
1200095964,MEDIUM,,1,30000000,,"{'id': 82800, 'context': 0, 'modifiers': [{'type': 6, 'value': 90140}], 'pet_breed_id': 16, 'pet_level': 1, 'pet_quality_id': 3, 'pet_species_id': 2548}"
1200095978,MEDIUM,1900,45,,,{'id': 33470}
1200096012,MEDIUM,2500000,1,,,{'id': 36922}
1200097194,MEDIUM,,1,3000000,,"{'id': 176962, 'context': 0, 'bonus_lists': [6907, 40, 1687], 'modifiers': [{'type': 9, 'value': 60}, {'type': 28, 'value': 2060}]}"
1200097236,MEDIUM,87200,56,,,{'id': 171828}
1200097328,MEDIUM,343000,1,,,{'id': 154126}
1200097418,MEDIUM,294000,1,,,{'id': 154127}
1200097492,MEDIUM,2800900,1,,,{'id': 154128}
1200097594,MEDIUM,309900,1,,,{'id': 153708}
1200097616,MEDIUM,309900,1,,,{'id': 153708}
1200097840,MEDIUM,2700,1,,,{'id': 13444}
1200097844,MEDIUM,10800,5,,,{'id': 7972}
1200097852,MEDIUM,,1,12120000,,"{'id': 7530, 'context': 1, 'bonus_lists': [6654, 1680], 'modifiers': [{'type': 9, 'value': 30}, {'type': 28, 'value': 282}]}"
1200097859,MEDIUM,380000,1,,,{'id': 8948}
1200097872,MEDIUM,5489600,3,,,{'id': 8766}
1200097887,MEDIUM,,1,1390000,,"{'id': 10127, 'context': 1, 'bonus_lists': [6654, 1706], 'modifiers': [{'type': 9, 'value': 30}, {'type': 28, 'value': 282}]}"
1200097899,MEDIUM,,1,2189800,,"{'id': 8128, 'context': 1, 'bonus_lists': [6654], 'modifiers': [{'type': 9, 'value': 30}, {'type': 28, 'value': 282}]}"
1200097911,MEDIUM,2900,2,,,{'id': 12735}
1200097919,MEDIUM,639600,1,,,{'id': 10285}
1200099163,MEDIUM,17149500,1,,,{'id': 172438}
1200099201,MEDIUM,4980000,3,,,{'id': 12810}
1200099760,VERY_LONG,849900,207,,,{'id': 172094}
1200101810,VERY_LONG,,1,2000000,,"{'id': 71715, 'context': 0}"
1200101851,VERY_LONG,,1,2004900,,"{'id': 71637, 'context': 0}"
1200101854,VERY_LONG,,1,2004900,,"{'id': 71637, 'context': 0}"
1200101899,VERY_LONG,,1,1009900,,"{'id': 71636, 'context': 0}"
1200101902,VERY_LONG,,1,1009900,,"{'id': 71636, 'context': 0}"
1200101933,VERY_LONG,2249900,1,,,{'id': 13926}
1200101975,VERY_LONG,29400,1,,,{'id': 12800}
1200102007,VERY_LONG,7280000,7,,,{'id': 18562}
1200102011,VERY_LONG,,1,4508100,,"{'id': 71638, 'context': 0}"
1200102046,VERY_LONG,,1,1004500,,"{'id': 71635, 'context': 0}"
1200102075,VERY_LONG,,1,10304600,,"{'id': 5266, 'context': 0, 'bonus_lists': [6658], 'modifiers': [{'type': 9, 'value': 30}, {'type': 28, 'value': 1004}]}"
1200103891,MEDIUM,27400,200,,,{'id': 172092}
1200103921,MEDIUM,75548200,1,,,{'id': 177843}
1200103931,MEDIUM,825800,77,,,{'id': 173060}
1200103935,MEDIUM,2400300,8,,,{'id': 178787}
1200103938,MEDIUM,25000,22,,,{'id': 180732}
1200103971,MEDIUM,2969700,1,,,{'id': 158377}
1200103973,MEDIUM,3299800,7,,,{'id': 158203}
1200103997,MEDIUM,200000,14,,,{'id': 182737}
1200106163,VERY_LONG,,1,1990000,,"{'id': 180865, 'context': 0, 'bonus_lists': [6908, 6652], 'modifiers': [{'type': 9, 'value': 60}, {'type': 28, 'value': 2060}]}"
1200106173,VERY_LONG,,1,1084900,,"{'id': 179319, 'context': 0, 'bonus_lists': [6908, 6652, 1712], 'modifiers': [{'type': 9, 'value': 60}, {'type': 28, 'value': 1707}]}"
1200106176,VERY_LONG,,1,1350000,,"{'id': 177809, 'context': 1, 'bonus_lists': [6908, 6652, 1701], 'modifiers': [{'type': 9, 'value': 60}, {'type': 28, 'value': 747}]}"
1200106182,VERY_LONG,,1,1000000,,"{'id': 177808, 'context': 0, 'bonus_lists': [6908, 6652, 1682], 'modifiers': [{'type': 9, 'value': 60}, {'type': 28, 'value': 2060}]}"
1200106187,VERY_LONG,,1,900000000,,"{'id': 182978, 'context': 4, 'bonus_lists': [7186, 6652, 7193, 1459, 6646], 'modifiers': [{'type': 28, 'value': 750}]}"
1200106190,VERY_LONG,,1,1000000,,"{'id': 121218, 'context': 0, 'bonus_lists': [6654, 1698], 'modifiers': [{'type': 9, 'value': 45}, {'type': 28, 'value': 1705}]}"
1200106197,VERY_LONG,,1,5999900,,"{'id': 177795, 'context': 0, 'bonus_lists': [6907, 42, 7193, 1705], 'modifiers': [{'type': 9, 'value': 60}, {'type': 28, 'value': 2060}]}"
1200106204,VERY_LONG,,1,5500000,,"{'id': 177779, 'context': 0, 'bonus_lists': [6907, 6652, 7193, 1694], 'modifiers': [{'type': 9, 'value': 60}, {'type': 28, 'value': 1707}]}"
1200106210,VERY_LONG,,1,1000000,,"{'id': 121214, 'context': 0, 'bonus_lists': [6654, 1711], 'modifiers': [{'type': 9, 'value': 44}, {'type': 28, 'value': 1705}]}"
1200106211,VERY_LONG,,1,2000000,,"{'id': 176788, 'context': 0, 'bonus_lists': [6907, 6652, 7193, 1689], 'modifiers': [{'type': 9, 'value': 60}, {'type': 28, 'value': 1707}]}"
1200106218,VERY_LONG,,1,3343400,,"{'id': 176785, 'context': 0, 'bonus_lists': [6907, 6652, 7193, 1688], 'modifiers': [{'type': 9, 'value': 60}, {'type': 28, 'value': 1707}]}"
1200106228,VERY_LONG,,1,1000000,,"{'id': 121219, 'context': 0, 'bonus_lists': [6654, 1685], 'modifiers': [{'type': 9, 'value': 45}, {'type': 28, 'value': 1705}]}"
1200106240,VERY_LONG,,1,1000000,,"{'id': 9855, 'context': 0, 'bonus_lists': [6654, 1693], 'modifiers': [{'type': 9, 'value': 43}, {'type': 28, 'value': 1812}]}"
1200106242,MEDIUM,,1,124990000,,"{'id': 171412, 'context': 63, 'bonus_lists': [6716, 1487]}"
1200106243,MEDIUM,,1,124990000,,"{'id': 171412, 'context': 63, 'bonus_lists': [6716, 1487]}"
1200106244,MEDIUM,,1,124990000,,"{'id': 171412, 'context': 63, 'bonus_lists': [6716, 1487]}"
1200106245,MEDIUM,,1,124990000,,"{'id': 171412, 'context': 63, 'bonus_lists': [6716, 1487]}"
1200106247,MEDIUM,,1,124990000,,"{'id': 171412, 'context': 63, 'bonus_lists': [6716, 1487]}"
1200106248,MEDIUM,,1,124990000,,"{'id': 171412, 'context': 63, 'bonus_lists': [6716, 1487]}"
1200106249,MEDIUM,,1,124990000,,"{'id': 171412, 'context': 63, 'bonus_lists': [6716, 1487]}"
1200106251,MEDIUM,,1,124990000,,"{'id': 171412, 'context': 63, 'bonus_lists': [6716, 1487]}"
1200106252,MEDIUM,,1,124990000,,"{'id': 171412, 'context': 63, 'bonus_lists': [6716, 1487]}"
1200106254,MEDIUM,,1,124990000,,"{'id': 171412, 'context': 63, 'bonus_lists': [6716, 1487]}"
1200106255,MEDIUM,,1,124990000,,"{'id': 171412, 'context': 63, 'bonus_lists': [6716, 1487]}"
1200106256,MEDIUM,,1,124990000,,"{'id': 171412, 'context': 63, 'bonus_lists': [6716, 1487]}"
1200106257,MEDIUM,,1,124990000,,"{'id': 171412, 'context': 63, 'bonus_lists': [6716, 1487]}"
1200106258,MEDIUM,,1,124990000,,"{'id': 171412, 'context': 63, 'bonus_lists': [6716, 1487]}"
1200106262,MEDIUM,,1,124990000,,"{'id': 171412, 'context': 63, 'bonus_lists': [6716, 1487]}"
1200106273,MEDIUM,,1,385009100,,"{'id': 171412, 'context': 64, 'bonus_lists': [6717, 1507]}"
1200106274,MEDIUM,,1,385009100,,"{'id': 171412, 'context': 64, 'bonus_lists': [6717, 1507]}"
1200106275,MEDIUM,,1,385009100,,"{'id': 171412, 'context': 64, 'bonus_lists': [6717, 1507]}"
1200106276,MEDIUM,,1,385009100,,"{'id': 171412, 'context': 64, 'bonus_lists': [6717, 1507]}"
1200106277,MEDIUM,,1,385009100,,"{'id': 171412, 'context': 64, 'bonus_lists': [6717, 1507]}"
1200106278,MEDIUM,,1,385009100,,"{'id': 171412, 'context': 64, 'bonus_lists': [6717, 1507]}"
1200106279,MEDIUM,,1,385009100,,"{'id': 171412, 'context': 64, 'bonus_lists': [6717, 1507]}"
1200106282,MEDIUM,,1,385009100,,"{'id': 171412, 'context': 64, 'bonus_lists': [6717, 1507]}"
1200106284,MEDIUM,,1,385009100,,"{'id': 171412, 'context': 64, 'bonus_lists': [6717, 1507]}"
1200106285,MEDIUM,,1,385009100,,"{'id': 171412, 'context': 64, 'bonus_lists': [6717, 1507]}"
1200106286,MEDIUM,,1,385009100,,"{'id': 171412, 'context': 64, 'bonus_lists': [6717, 1507]}"
1200106288,MEDIUM,,1,385009100,,"{'id': 171412, 'context': 64, 'bonus_lists': [6717, 1507]}"
1200106289,MEDIUM,,1,385009100,,"{'id': 171412, 'context': 64, 'bonus_lists': [6717, 1507]}"
1200106292,MEDIUM,,1,385009100,,"{'id': 171412, 'context': 64, 'bonus_lists': [6717, 1507]}"
1200106293,MEDIUM,,1,385009100,,"{'id': 171412, 'context': 64, 'bonus_lists': [6717, 1507]}"
1200106305,MEDIUM,,1,807000000,,"{'id': 171412, 'context': 65, 'bonus_lists': [6718, 1522]}"
1200106306,MEDIUM,,1,807000000,,"{'id': 171412, 'context': 65, 'bonus_lists': [6718, 1522]}"
1200106308,MEDIUM,,1,807000000,,"{'id': 171412, 'context': 65, 'bonus_lists': [6718, 1522]}"
1200106309,MEDIUM,,1,807000000,,"{'id': 171412, 'context': 65, 'bonus_lists': [6718, 1522]}"
1200106310,MEDIUM,,1,807000000,,"{'id': 171412, 'context': 65, 'bonus_lists': [6718, 1522]}"
1200106311,MEDIUM,,1,807000000,,"{'id': 171412, 'context': 65, 'bonus_lists': [6718, 1522]}"
1200106312,MEDIUM,,1,807000000,,"{'id': 171412, 'context': 65, 'bonus_lists': [6718, 1522]}"
1200106313,MEDIUM,,1,807000000,,"{'id': 171412, 'context': 65, 'bonus_lists': [6718, 1522]}"
1200106314,MEDIUM,,1,807000000,,"{'id': 171412, 'context': 65, 'bonus_lists': [6718, 1522]}"
1200106315,MEDIUM,,1,807000000,,"{'id': 171412, 'context': 65, 'bonus_lists': [6718, 1522]}"
1200106319,MEDIUM,,1,807000000,,"{'id': 171412, 'context': 65, 'bonus_lists': [6718, 1522]}"
1200106320,MEDIUM,,1,807000000,,"{'id': 171412, 'context': 65, 'bonus_lists': [6718, 1522]}"
1200106322,MEDIUM,,1,807000000,,"{'id': 171412, 'context': 65, 'bonus_lists': [6718, 1522]}"
1200106334,MEDIUM,,1,1124998400,,"{'id': 171412, 'context': 66, 'bonus_lists': [6758, 1532]}"
1200106361,MEDIUM,,1,119899900,,"{'id': 171417, 'context': 64, 'bonus_lists': [6717, 1507]}"
1200106363,MEDIUM,,1,119899900,,"{'id': 171417, 'context': 64, 'bonus_lists': [6717, 1507]}"
1200106365,MEDIUM,,1,119899900,,"{'id': 171417, 'context': 64, 'bonus_lists': [6717, 1507]}"
1200106367,MEDIUM,,1,119899900,,"{'id': 171417, 'context': 64, 'bonus_lists': [6717, 1507]}"
1200106369,MEDIUM,,1,119899900,,"{'id': 171417, 'context': 64, 'bonus_lists': [6717, 1507]}"
1200106391,VERY_LONG,,1,19999900,,"{'id': 82800, 'context': 0, 'modifiers': [{'type': 6, 'value': 99114}], 'pet_breed_id': 8, 'pet_level': 25, 'pet_quality_id': 3, 'pet_species_id': 3046}"
1200106429,MEDIUM,,1,454995000,,"{'id': 172317, 'context': 65, 'bonus_lists': [6718, 7194, 1522]}"
1200106430,MEDIUM,,1,454995000,,"{'id': 172317, 'context': 65, 'bonus_lists': [6718, 7193, 1522]}"
1200106431,MEDIUM,,1,454995000,,"{'id': 172317, 'context': 65, 'bonus_lists': [6718, 7193, 1522]}"
1200106443,MEDIUM,,1,599995100,,"{'id': 14507, 'context': 0, 'modifiers': [{'type': 28, 'value': 1005}]}"
1200106454,MEDIUM,,1,60008200,,"{'id': 171417, 'context': 63, 'bonus_lists': [6716, 1487]}"
1200106455,MEDIUM,,1,60008200,,"{'id': 171417, 'context': 63, 'bonus_lists': [6716, 1487]}"
1200106458,VERY_LONG,,1,735000000,,"{'id': 183008, 'context': 3, 'bonus_lists': [7189, 6652, 1472, 6646], 'modifiers': [{'type': 28, 'value': 751}]}"
1200106462,MEDIUM,,1,830000000,,"{'id': 13488, 'context': 0, 'modifiers': [{'type': 28, 'value': 1005}]}"
1200106482,MEDIUM,,1,648000000,,"{'id': 171418, 'context': 66, 'bonus_lists': [6758, 7193, 1532]}"
1200106493,MEDIUM,87200,2537,,,{'id': 171828}
1200106499,MEDIUM,7000000,2,,,{'id': 173162}
1200106505,MEDIUM,19956900,1,,,{'id': 173163}
1200106516,MEDIUM,1462700,10,,,{'id': 172361}
1200106533,MEDIUM,1417900,10,,,{'id': 172363}
1200106538,MEDIUM,29000,5,,,{'id': 179315}
1200106556,MEDIUM,468700,50,,,{'id': 171437}
1200106690,VERY_LONG,,1,310000000,155000000,"{'id': 12636, 'context': 1, 'bonus_lists': [6883]}"
1200106692,VERY_LONG,579900,1,,,{'id': 87277}
1200106695,VERY_LONG,,1,716600,358300,"{'id': 11287, 'context': 0}"
1200106697,VERY_LONG,,1,270000,158900,"{'id': 2576, 'context': 0, 'bonus_lists': [6835]}"
1200106699,VERY_LONG,,1,270000,158900,"{'id': 2576, 'context': 0, 'bonus_lists': [6835]}"
1200106701,VERY_LONG,,1,679700,509800,"{'id': 4332, 'context': 0, 'bonus_lists': [6835]}"
1200106704,VERY_LONG,,1,57500000,28750000,"{'id': 29380, 'context': 14, 'modifiers': [{'type': 28, 'value': 42}]}"
1200106707,VERY_LONG,,1,2000000,1000000,"{'id': 55580, 'context': 36, 'bonus_lists': [1679, 4764], 'modifiers': [{'type': 9, 'value': 45}]}"
1200106710,VERY_LONG,,1,2000000,1000000,"{'id': 55580, 'context': 36, 'bonus_lists': [1712, 4764], 'modifiers': [{'type': 9, 'value': 47}]}"
1200106711,VERY_LONG,,1,1679700,1198300,"{'id': 7061, 'context': 0, 'bonus_lists': [6867]}"
1200106715,VERY_LONG,,1,160000000,80000000,"{'id': 8206, 'context': 1, 'bonus_lists': [6877]}"
1200106719,VERY_LONG,,1,11187100,5593600,"{'id': 161958, 'context': 13, 'bonus_lists': [1696, 6845]}"
1200106722,VERY_LONG,,1,147000,76300,"{'id': 7276, 'context': 1, 'bonus_lists': [6838]}"
1200106724,VERY_LONG,,1,700000000,350000000,"{'id': 32461, 'context': 1, 'bonus_lists': [6858]}"
1200106726,VERY_LONG,,1,5999900,4611700,"{'id': 116259, 'context': 0}"
1200106728,VERY_LONG,,1,1239900,709600,"{'id': 2310, 'context': 0, 'bonus_lists': [6842]}"
1200106729,VERY_LONG,,1,16000000,8000000,"{'id': 161981, 'context': 13, 'bonus_lists': [1683, 6850]}"
1200106731,VERY_LONG,650000,1,,,{'id': 2863}
1200106735,VERY_LONG,,1,140000000,70000000,"{'id': 83800, 'context': 0}"
1200106737,VERY_LONG,,1,60000000,30000000,"{'id': 167947, 'context': 13, 'bonus_lists': [1684, 6879]}"
1200106740,VERY_LONG,,1,49999900,25000000,"{'id': 8201, 'context': 1, 'bonus_lists': [6872]}"
1200106742,VERY_LONG,,1,44000000,22000000,"{'id': 15346, 'context': 1, 'bonus_lists': [6654, 1692], 'modifiers': [{'type': 9, 'value': 30}, {'type': 28, 'value': 280}]}"
1200106745,VERY_LONG,,1,39500,36900,"{'id': 4344, 'context': 0, 'bonus_lists': [6835]}"
1200106747,VERY_LONG,,1,4999900,3081200,"{'id': 82145, 'context': 0, 'bonus_lists': [6654, 1691], 'modifiers': [{'type': 9, 'value': 38}, {'type': 28, 'value': 1757}]}"
1200106750,VERY_LONG,1168900,1,,,{'id': 38960}
1200106752,VERY_LONG,,1,16000000,8000000,"{'id': 36252, 'context': 1, 'bonus_lists': [6654, 1679], 'modifiers': [{'type': 9, 'value': 30}, {'type': 28, 'value': 246}]}"
1200106754,VERY_LONG,1999500,1,,,{'id': 110639}
1200106757,VERY_LONG,,1,32500000,16250000,"{'id': 106582, 'context': 0, 'bonus_lists': [6654, 28], 'modifiers': [{'type': 9, 'value': 40}, {'type': 28, 'value': 66}]}"
1200106759,VERY_LONG,,1,20000000,10000000,"{'id': 121185, 'context': 0, 'bonus_lists': [6654, 1714], 'modifiers': [{'type': 9, 'value': 45}, {'type': 28, 'value': 332}]}"
1200106760,VERY_LONG,2749800,1,,,{'id': 52762}
1200106761,VERY_LONG,500000,1,,,{'id': 118061}
1200106763,VERY_LONG,1800000,1,,,{'id': 87883}
1200106765,VERY_LONG,,1,2499700,1343800,"{'id': 35983, 'context': 1, 'bonus_lists': [6654, 1707], 'modifiers': [{'type': 9, 'value': 30}, {'type': 28, 'value': 245}]}"
1200106766,VERY_LONG,,1,1832700,1377400,"{'id': 14103, 'context': 0, 'bonus_lists': [6883]}"
1200106767,VERY_LONG,,1,389983600,194991800,"{'id': 94589, 'context': 0, 'bonus_lists': [6883]}"
1200106769,VERY_LONG,,1,875000000,437500000,"{'id': 69942, 'context': 0, 'bonus_lists': [6883]}"
1200106771,VERY_LONG,,1,90000000,45000000,"{'id': 7359, 'context': 0, 'bonus_lists': [6857]}"
1200106772,VERY_LONG,,1,3239900,1981400,"{'id': 3482, 'context': 1, 'bonus_lists': [6854]}"
1200106773,VERY_LONG,,1,25000000,12500000,"{'id': 29377, 'context': 14, 'modifiers': [{'type': 28, 'value': 42}]}"
1200106777,VERY_LONG,2750000,1,,,{'id': 38971}
1200106779,VERY_LONG,,1,4489900,2629200,"{'id': 3471, 'context': 1, 'bonus_lists': [6839]}"
1200106781,VERY_LONG,,1,1650000000,825000000,"{'id': 69951, 'context': 0, 'bonus_lists': [6883]}"
1200106782,VERY_LONG,110000,40,,,{'id': 120257}
1200106784,VERY_LONG,11999400,1,,,{'id': 110626}
1200106785,VERY_LONG,2249900,1,,,{'id': 41100}
1200106787,VERY_LONG,,1,117500000,58750000,"{'id': 167979, 'context': 13, 'bonus_lists': [1688, 6875]}"
1200106789,VERY_LONG,2249100,2,,,{'id': 89868}
1200106790,VERY_LONG,,1,4899700,3274300,"{'id': 7377, 'context': 1, 'bonus_lists': [6864]}"
1200106793,VERY_LONG,,1,16000000,8000000,"{'id': 82090, 'context': 22, 'bonus_lists': [6654, 1688], 'modifiers': [{'type': 9, 'value': 35}, {'type': 28, 'value': 1130}]}"
1200106796,VERY_LONG,,1,1239900,644700,"{'id': 2308, 'context': 1, 'bonus_lists': [6844]}"
1200106798,VERY_LONG,,1,500000,250000,"{'id': 132490, 'context': 1, 'bonus_lists': [6842]}"
1200106799,VERY_LONG,,1,975000000,487500000,"{'id': 78267, 'context': 14, 'modifiers': [{'type': 28, 'value': 402}]}"
1200106801,VERY_LONG,,1,184917500,92458800,"{'id': 118830, 'context': 0}"
1200106804,VERY_LONG,,1,4489900,2608000,"{'id': 2312, 'context': 1, 'bonus_lists': [6844]}"
1200106807,VERY_LONG,,1,92500000,46250000,"{'id': 106391, 'context': 0, 'bonus_lists': [6654, 154], 'modifiers': [{'type': 9, 'value': 40}, {'type': 28, 'value': 64}]}"
1200106808,VERY_LONG,,1,14449700,8165600,"{'id': 123896, 'context': 13, 'bonus_lists': [1690, 6870, 3408]}"
1200106812,VERY_LONG,3249800,1,,,{'id': 154706}
1200106816,VERY_LONG,,1,22999900,11500000,"{'id': 90717, 'context': 0, 'bonus_lists': [6694], 'modifiers': [{'type': 9, 'value': 35}, {'type': 28, 'value': 59}]}"
1200106818,VERY_LONG,972200,1,,,{'id': 153667}
1200106819,VERY_LONG,2100000,1,,,{'id': 87885}
1200106822,VERY_LONG,,1,87500000,43750000,"{'id': 114235, 'context': 13, 'bonus_lists': [226, 525, 534, 6851]}"
1200106825,VERY_LONG,31999700,1,,,{'id': 38991}
1200106827,VERY_LONG,,1,529400,374500,"{'id': 6795, 'context': 0, 'bonus_lists': [6835]}"
1200106829,VERY_LONG,,1,529400,374500,"{'id': 6795, 'context': 0, 'bonus_lists': [6835]}"
1200106831,VERY_LONG,,1,29999800,14999900,"{'id': 36131, 'context': 0, 'bonus_lists': [6654, 1705], 'modifiers': [{'type': 9, 'value': 30}, {'type': 28, 'value': 49}]}"
1200106833,VERY_LONG,,1,98810800,49405400,"{'id': 34060, 'context': 0, 'bonus_lists': [6827]}"
1200106835,VERY_LONG,,1,98810800,49405400,"{'id': 34060, 'context': 0, 'bonus_lists': [6827]}"
1200106840,VERY_LONG,,1,4989900,2694800,"{'id': 10423, 'context': 1, 'bonus_lists': [6859]}"
1200106842,VERY_LONG,,1,5500000,2760200,"{'id': 5964, 'context': 0, 'bonus_lists': [6863]}"
1200106844,VERY_LONG,160000,9,,,{'id': 112321}
1200106847,VERY_LONG,,1,299999800,149999900,"{'id': 87462, 'context': 0, 'bonus_lists': [6658], 'modifiers': [{'type': 9, 'value': 51}]}"
1200106850,VERY_LONG,,1,55000000,27500000,"{'id': 106543, 'context': 0, 'bonus_lists': [6654, 96], 'modifiers': [{'type': 9, 'value': 40}, {'type': 28, 'value': 66}]}"
1200106851,VERY_LONG,2999900,1,,,{'id': 52743}
1200106853,VERY_LONG,,1,25999600,12999800,"{'id': 14775, 'context': 1, 'bonus_lists': [6654], 'modifiers': [{'type': 9, 'value': 16}, {'type': 28, 'value': 1911}]}"
1200106857,VERY_LONG,,1,2109900,1123100,"{'id': 2316, 'context': 0, 'bonus_lists': [6851]}"
1200106862,VERY_LONG,,1,1109900,657000,"{'id': 132489, 'context': 1, 'bonus_lists': [6845]}"
1200106906,MEDIUM,,1,500000,,"{'id': 68972, 'context': 5, 'modifiers': [{'type': 28, 'value': 1029}]}"
1200106985,VERY_LONG,1417900,3,,,{'id': 172363}
1200106993,VERY_LONG,8220000,5,,,{'id': 172370}
1200107006,VERY_LONG,5120000,2,,,{'id': 177962}
1200107012,MEDIUM,,1,1007700,,"{'id': 71341, 'context': 3, 'modifiers': [{'type': 28, 'value': 1029}]}"
1200107026,VERY_LONG,1500000,4,,,{'id': 177659}
1200107032,VERY_LONG,3918500,10,,,{'id': 172415}
1200107046,VERY_LONG,1348700,5,,,{'id': 177661}
1200107061,VERY_LONG,2000100,3,,,{'id': 172410}
1200107069,MEDIUM,,1,140000,,"{'id': 71367, 'context': 5, 'modifiers': [{'type': 28, 'value': 1029}]}"
1200107071,VERY_LONG,2300000,1,,,{'id': 172362}
1200107079,VERY_LONG,150000,2,,,{'id': 177716}
1200107086,VERY_LONG,2399000,1,,,{'id': 183738}
1200107097,MEDIUM,,1,1007400,,"{'id': 71022, 'context': 3, 'modifiers': [{'type': 28, 'value': 1029}]}"
1200108119,MEDIUM,,1,750000,,"{'id': 71361, 'context': 3, 'modifiers': [{'type': 28, 'value': 1029}]}"
1200108153,MEDIUM,,1,1009900,,"{'id': 71025, 'context': 3, 'bonus_lists': [1715], 'modifiers': [{'type': 28, 'value': 1029}]}"
1200108190,VERY_LONG,87200,12,,,{'id': 171828}
1200108251,VERY_LONG,29700,1,,,{'id': 16202}
1200108281,LONG,,1,200300,,"{'id': 55404, 'context': 3, 'bonus_lists': [6654, 1687], 'modifiers': [{'type': 9, 'value': 35}, {'type': 28, 'value': 1029}]}"
1200108299,VERY_LONG,1699700,1,,,{'id': 153597}
1200108308,LONG,,1,201100,,"{'id': 55773, 'context': 3, 'bonus_lists': [6654, 1686], 'modifiers': [{'type': 9, 'value': 35}, {'type': 28, 'value': 1029}]}"
1200108336,LONG,,1,201900,,"{'id': 55655, 'context': 3, 'bonus_lists': [6654, 1707], 'modifiers': [{'type': 9, 'value': 35}, {'type': 28, 'value': 1029}]}"
1200108370,LONG,,1,206300,,"{'id': 55774, 'context': 5, 'bonus_lists': [6654, 1713], 'modifiers': [{'type': 9, 'value': 35}, {'type': 28, 'value': 1029}]}"
1200108406,LONG,,1,201300,,"{'id': 55755, 'context': 5, 'bonus_lists': [6654, 1701], 'modifiers': [{'type': 9, 'value': 35}, {'type': 28, 'value': 1029}]}"
1200108418,LONG,,1,251100,,"{'id': 55441, 'context': 3, 'bonus_lists': [6655, 1684], 'modifiers': [{'type': 9, 'value': 35}, {'type': 28, 'value': 1029}]}"
1200108420,VERY_LONG,,1,15009900,,"{'id': 82800, 'context': 0, 'modifiers': [{'type': 6, 'value': 90230}], 'pet_breed_id': 17, 'pet_level': 1, 'pet_quality_id': 3, 'pet_species_id': 2563}"
1200108426,VERY_LONG,,1,30000000,,"{'id': 82800, 'context': 0, 'modifiers': [{'type': 6, 'value': 90140}], 'pet_breed_id': 16, 'pet_level': 1, 'pet_quality_id': 3, 'pet_species_id': 2548}"
1200108469,LONG,,1,204500,,"{'id': 55585, 'context': 5, 'bonus_lists': [6654, 1677], 'modifiers': [{'type': 9, 'value': 35}, {'type': 28, 'value': 1029}]}"
1200108491,LONG,,1,250700,,"{'id': 55423, 'context': 5, 'bonus_lists': [6654, 1707], 'modifiers': [{'type': 9, 'value': 35}, {'type': 28, 'value': 1029}]}"
1200108563,LONG,,1,253400,,"{'id': 55700, 'context': 5, 'bonus_lists': [6654, 1713], 'modifiers': [{'type': 9, 'value': 35}, {'type': 28, 'value': 1029}]}"
1200108599,LONG,,1,255400,,"{'id': 55639, 'context': 5, 'bonus_lists': [6654, 1715], 'modifiers': [{'type': 9, 'value': 35}, {'type': 28, 'value': 1029}]}"
1200108646,LONG,,1,255200,,"{'id': 55376, 'context': 5, 'bonus_lists': [6655, 1713], 'modifiers': [{'type': 9, 'value': 35}, {'type': 28, 'value': 1029}]}"
1200108700,LONG,30000,18,,,{'id': 52976}
1200108740,LONG,5000,8,,,{'id': 69237}
1200108859,LONG,,1,389990000,,"{'id': 92426, 'context': 0, 'modifiers': [{'type': 28, 'value': 167}]}"
1200108865,LONG,,1,223397500,,"{'id': 25683, 'context': 1, 'bonus_lists': [6865]}"
1200108867,LONG,,1,223397500,,"{'id': 25683, 'context': 1, 'bonus_lists': [6865]}"
1200108884,VERY_LONG,,1,12499900,,"{'id': 82800, 'context': 0, 'modifiers': [{'type': 6, 'value': 75333}], 'pet_breed_id': 3, 'pet_level': 1, 'pet_quality_id': 2, 'pet_species_id': 2714}"
1200108911,LONG,,1,3201908100,,"{'id': 163131, 'context': 0}"
1200108919,LONG,4980000,24,,,{'id': 12810}
1200108994,LONG,,1,130786500,,"{'id': 30724, 'context': 0}"
1200109008,LONG,,1,150009800,,"{'id': 25680, 'context': 1, 'bonus_lists': [6863]}"
1200109097,VERY_LONG,,1,331955700,,"{'id': 82800, 'context': 0, 'modifiers': [{'type': 6, 'value': 95176}], 'pet_breed_id': 4, 'pet_level': 1, 'pet_quality_id': 3, 'pet_species_id': 2837}"
1200110107,VERY_LONG,,1,2950004300,,"{'id': 82800, 'context': 0, 'modifiers': [{'type': 6, 'value': 21362}], 'pet_breed_id': 3, 'pet_level': 1, 'pet_quality_id': 3, 'pet_species_id': 156}"
1200110176,LONG,,1,671662600,,"{'id': 30722, 'context': 0}"
1200110216,LONG,5120000,3,,,{'id': 177962}
1200110240,LONG,999300,3,,,{'id': 177715}
1200110250,LONG,1500000,2,,,{'id': 177659}
1200110256,LONG,2449600,1,,,{'id': 172366}
1200110305,VERY_LONG,,1,150007500,,"{'id': 172326, 'context': 64, 'bonus_lists': [6717, 1507]}"
1200110307,VERY_LONG,,1,150007500,,"{'id': 172326, 'context': 64, 'bonus_lists': [6717, 1507]}"
1200110315,LONG,290000,8,,,{'id': 52177}
1200110322,LONG,7664400,1,,,{'id': 21885}
1200110323,LONG,10000000,15,,,{'id': 58088}
1200110324,LONG,9423700,44,,,{'id': 58087}
1200110327,LONG,124800,200,,,{'id': 151565}
1200110329,LONG,112800,200,,,{'id': 124104}
1200110330,LONG,254300,198,,,{'id': 3577}
1200110331,LONG,2199900,1,,,{'id': 21886}
1200110333,LONG,299000,50,,,{'id': 12655}
1200110335,LONG,3999900,1,,,{'id': 44128}
1200110337,LONG,176900,194,,,{'id': 4234}
1200110341,LONG,274300,200,,,{'id': 113111}
1200110350,LONG,600000,1,,,{'id': 3859}
1200110721,LONG,4500,355,,,{'id': 2589}
1200110725,LONG,,1,2689700,,"{'id': 8259, 'context': 1, 'bonus_lists': [6654], 'modifiers': [{'type': 9, 'value': 30}, {'type': 28, 'value': 214}]}"
1200110728,LONG,,1,5750800,,"{'id': 176795, 'context': 0, 'bonus_lists': [6908, 6652, 1715], 'modifiers': [{'type': 9, 'value': 60}, {'type': 28, 'value': 1707}]}"
1200110729,LONG,290000,1,,,{'id': 32230}
1200110730,LONG,,1,2216900,,"{'id': 5069, 'context': 1, 'bonus_lists': [6655], 'modifiers': [{'type': 9, 'value': 30}, {'type': 28, 'value': 202}]}"
1200110800,LONG,,1,149999200,,"{'id': 173241, 'context': 64, 'bonus_lists': [6717, 1507]}"
1200112214,VERY_LONG,,1,750000000,,"{'id': 172325, 'context': 66, 'bonus_lists': [6758, 7193, 1532]}"
1200112217,VERY_LONG,,1,750000000,,"{'id': 172325, 'context': 66, 'bonus_lists': [6758, 7194, 1532]}"
1200112218,VERY_LONG,,1,750000000,,"{'id': 172325, 'context': 66, 'bonus_lists': [6758, 7193, 1532]}"
1200112680,LONG,8220000,5,,,{'id': 172370}
1200112939,VERY_LONG,,1,19999900,,"{'id': 82800, 'context': 0, 'modifiers': [{'type': 6, 'value': 78243}], 'pet_breed_id': 16, 'pet_level': 25, 'pet_quality_id': 3, 'pet_species_id': 2569}"
1200112950,LONG,,1,210000000,,"{'id': 82800, 'context': 0, 'modifiers': [{'type': 6, 'value': 95578}], 'pet_breed_id': 5, 'pet_level': 25, 'pet_quality_id': 3, 'pet_species_id': 3025}"
1200112958,VERY_LONG,,1,94490700,,"{'id': 82800, 'context': 0, 'modifiers': [{'type': 6, 'value': 46174}], 'pet_breed_id': 8, 'pet_level': 25, 'pet_quality_id': 3, 'pet_species_id': 1063}"
1200113006,VERY_LONG,,1,19999900,,"{'id': 82800, 'context': 0, 'pet_breed_id': 3, 'pet_level': 25, 'pet_quality_id': 3, 'pet_species_id': 1952}"
1200113059,VERY_LONG,,1,19999800,,"{'id': 82800, 'context': 0, 'modifiers': [{'type': 6, 'value': 64194}], 'pet_breed_id': 3, 'pet_level': 25, 'pet_quality_id': 3, 'pet_species_id': 1687}"
1200115125,VERY_LONG,,1,15003900,,"{'id': 82800, 'context': 0, 'modifiers': [{'type': 6, 'value': 63446}], 'pet_breed_id': 14, 'pet_level': 25, 'pet_quality_id': 3, 'pet_species_id': 1662}"
1200115152,VERY_LONG,,1,89999900,,"{'id': 82800, 'context': 0, 'modifiers': [{'type': 6, 'value': 74800}], 'pet_breed_id': 10, 'pet_level': 25, 'pet_quality_id': 3, 'pet_species_id': 2716}"
1200115176,VERY_LONG,,1,156672000,,"{'id': 82800, 'context': 0, 'modifiers': [{'type': 6, 'value': 47252}], 'pet_breed_id': 19, 'pet_level': 25, 'pet_quality_id': 3, 'pet_species_id': 2703}"
1200115225,VERY_LONG,,1,19994900,,"{'id': 82800, 'context': 0, 'modifiers': [{'type': 6, 'value': 94166}], 'pet_breed_id': 18, 'pet_level': 1, 'pet_quality_id': 3, 'pet_species_id': 2797}"
1200115240,VERY_LONG,,1,79832000,,"{'id': 82800, 'context': 0, 'modifiers': [{'type': 6, 'value': 69488}], 'pet_breed_id': 21, 'pet_level': 25, 'pet_quality_id': 3, 'pet_species_id': 1701}"
1200115252,VERY_LONG,,1,66567500,,"{'id': 82800, 'context': 0, 'modifiers': [{'type': 6, 'value': 69490}], 'pet_breed_id': 12, 'pet_level': 25, 'pet_quality_id': 3, 'pet_species_id': 1699}"
1200115420,VERY_LONG,77200,83,,,{'id': 171828}
1200115473,VERY_LONG,156500,47,,,{'id': 171829}
1200115483,VERY_LONG,19000,63,,,{'id': 179315}
1200115489,VERY_LONG,7600,199,,,{'id': 153051}
1200115494,VERY_LONG,1980000,1,,,{'id': 29739}
1200115785,VERY_LONG,3100000,17,,,{'id': 81409}
1200115790,VERY_LONG,7700,14,,,{'id': 124437}
1200115793,VERY_LONG,126600,2,,,{'id': 178178}
1200115802,VERY_LONG,19000,1,,,{'id': 179315}
1200115804,VERY_LONG,192100,64,,,{'id': 72986}
1200115806,VERY_LONG,59900,9,,,{'id': 124115}
1200115814,VERY_LONG,144700,1,,,{'id': 176871}
1200115815,VERY_LONG,,1,4051600,,"{'id': 142401, 'context': 11, 'modifiers': [{'type': 28, 'value': 347}]}"
1200115817,VERY_LONG,,1,17351400,,"{'id': 121222, 'context': 0, 'bonus_lists': [6654, 1691], 'modifiers': [{'type': 9, 'value': 45}, {'type': 28, 'value': 335}]}"
1200115820,VERY_LONG,1503900,3,,,{'id': 173871}
1200115829,VERY_LONG,25000,3,,,{'id': 124113}
1200115832,VERY_LONG,,1,25786200,,"{'id': 121226, 'context': 0, 'bonus_lists': [6654, 42, 1682], 'modifiers': [{'type': 9, 'value': 45}, {'type': 28, 'value': 335}]}"
1200115870,LONG,1500000,2,,,{'id': 177659}
1200115873,LONG,20008200,3,,,{'id': 172368}
1200118111,LONG,,1,980100,,"{'id': 176803, 'context': 0, 'bonus_lists': [6908, 6652, 1711], 'modifiers': [{'type': 9, 'value': 60}, {'type': 28, 'value': 1707}]}"
1200118117,LONG,,1,8849400,,"{'id': 176798, 'context': 0, 'bonus_lists': [6908, 6652, 1703], 'modifiers': [{'type': 9, 'value': 60}, {'type': 28, 'value': 1707}]}"
1200118126,LONG,,1,1099900,,"{'id': 179333, 'context': 23, 'bonus_lists': [6908, 6652, 1715], 'modifiers': [{'type': 9, 'value': 60}, {'type': 28, 'value': 749}]}"
1200118135,LONG,,1,1001100,,"{'id': 177783, 'context': 0, 'bonus_lists': [6907, 6652, 7194, 1685], 'modifiers': [{'type': 9, 'value': 60}, {'type': 28, 'value': 2060}]}"
1200118136,VERY_LONG,6876700,1,,,{'id': 31882}
1200118139,VERY_LONG,,1,55054000,52851800,"{'id': 82800, 'context': 0, 'modifiers': [{'type': 6, 'value': 97090}], 'pet_breed_id': 8, 'pet_level': 1, 'pet_quality_id': 2, 'pet_species_id': 3029}"
1200118140,LONG,,1,1200000,,"{'id': 177806, 'context': 0, 'bonus_lists': [6908, 42, 1700], 'modifiers': [{'type': 9, 'value': 56}, {'type': 28, 'value': 1707}]}"
1200118142,LONG,,1,1218300,,"{'id': 178952, 'context': 0, 'bonus_lists': [6908, 6652, 1676], 'modifiers': [{'type': 9, 'value': 60}, {'type': 28, 'value': 2060}]}"
1200118148,LONG,,1,2500000,,"{'id': 179323, 'context': 1, 'bonus_lists': [6908, 6652, 1715], 'modifiers': [{'type': 9, 'value': 60}, {'type': 28, 'value': 747}]}"
1200118158,LONG,,1,1084900,,"{'id': 179319, 'context': 0, 'bonus_lists': [6908, 6652, 1696], 'modifiers': [{'type': 9, 'value': 56}, {'type': 28, 'value': 1707}]}"
1200118163,LONG,,1,7579100,,"{'id': 176961, 'context': 0, 'bonus_lists': [6907, 6652, 7194, 1691], 'modifiers': [{'type': 9, 'value': 60}, {'type': 28, 'value': 1707}]}"
1200118166,LONG,,1,500000,,"{'id': 178951, 'context': 2, 'bonus_lists': [6908, 6652, 1683], 'modifiers': [{'type': 9, 'value': 60}, {'type': 28, 'value': 748}]}"
1200118170,LONG,,1,4007000,,"{'id': 177784, 'context': 0, 'bonus_lists': [6907, 6652, 1684], 'modifiers': [{'type': 9, 'value': 60}, {'type': 28, 'value': 2060}]}"
1200118175,LONG,,1,665600,,"{'id': 180487, 'context': 0, 'bonus_lists': [6908, 6935], 'modifiers': [{'type': 9, 'value': 60}, {'type': 28, 'value': 2060}]}"
1200118178,VERY_LONG,,1,20000000,,"{'id': 82800, 'context': 0, 'modifiers': [{'type': 6, 'value': 45878}], 'pet_breed_id': 9, 'pet_level': 1, 'pet_quality_id': 3, 'pet_species_id': 293}"
1200118182,LONG,,1,2475000,,"{'id': 177790, 'context': 0, 'bonus_lists': [6907, 6652, 1676], 'modifiers': [{'type': 9, 'value': 60}, {'type': 28, 'value': 2060}]}"
1200118183,VERY_LONG,,1,19999900,,"{'id': 82800, 'context': 0, 'modifiers': [{'type': 6, 'value': 28217}], 'pet_breed_id': 7, 'pet_level': 1, 'pet_quality_id': 2, 'pet_species_id': 196}"
1200118187,LONG,,1,732800,,"{'id': 177771, 'context': 2, 'bonus_lists': [6907, 6652, 1678], 'modifiers': [{'type': 9, 'value': 60}, {'type': 28, 'value': 748}]}"
1200118189,VERY_LONG,,1,19994200,,"{'id': 82800, 'context': 0, 'modifiers': [{'type': 6, 'value': 59577}], 'pet_breed_id': 17, 'pet_level': 1, 'pet_quality_id': 3, 'pet_species_id': 1531}"
1200118190,LONG,,1,40000500,,"{'id': 177811, 'context': 2, 'bonus_lists': [6907, 6652, 7193, 1772], 'modifiers': [{'type': 9, 'value': 60}, {'type': 28, 'value': 748}]}"
1200118191,VERY_LONG,,1,19988100,19188600,"{'id': 176770, 'context': 0, 'bonus_lists': [6907, 6652, 1706], 'modifiers': [{'type': 9, 'value': 60}, {'type': 28, 'value': 1707}]}"
1200118195,VERY_LONG,,1,8863700,,"{'id': 82800, 'context': 0, 'modifiers': [{'type': 6, 'value': 58736}], 'pet_breed_id': 18, 'pet_level': 1, 'pet_quality_id': 2, 'pet_species_id': 1515}"
1200118197,LONG,,1,500000,,"{'id': 177800, 'context': 0, 'bonus_lists': [6908, 6652, 1715], 'modifiers': [{'type': 9, 'value': 60}, {'type': 28, 'value': 1707}]}"
1200118198,VERY_LONG,156500,27,,,{'id': 171829}
1200118200,VERY_LONG,,1,330000000,,"{'id': 82800, 'context': 0, 'modifiers': [{'type': 6, 'value': 855}], 'pet_breed_id': 14, 'pet_level': 1, 'pet_quality_id': 3, 'pet_species_id': 1276}"
1200118210,VERY_LONG,725400,3,,,{'id': 172231}
1200118213,VERY_LONG,,1,13999900,,"{'id': 31298, 'context': 0, 'bonus_lists': [6658], 'modifiers': [{'type': 9, 'value': 30}, {'type': 28, 'value': 1012}]}"
1200118214,VERY_LONG,156500,1,,,{'id': 171829}
1200118230,VERY_LONG,77200,1,,,{'id': 171828}
1200118245,VERY_LONG,,1,499900,,"{'id': 30307, 'context': 0, 'modifiers': [{'type': 28, 'value': 1012}]}"
1200118340,LONG,,1,3300000000,,"{'id': 22388, 'context': 0}"
1200118350,LONG,5005300,2,,,{'id': 180317}
1200118357,LONG,199900,2,,,{'id': 180318}
1200118367,LONG,219900,3,,,{'id': 171267}
1200118401,VERY_LONG,,1,497400,,"{'id': 71999, 'context': 0, 'modifiers': [{'type': 28, 'value': 1030}]}"
1200118416,LONG,3130000,1,,,{'id': 172419}
1200118456,LONG,700000,11,,,{'id': 152561}
1200118462,LONG,76999600,10,,,{'id': 168501}
1200118476,LONG,2140000,1,,,{'id': 172364}
1200118538,LONG,3915000,1,,,{'id': 172415}
1200118555,LONG,2445000,8,,,{'id': 172366}
1200118640,LONG,48500,1,,,{'id': 177660}
1200118843,VERY_LONG,6673400,2,,,{'id': 175052}
1200118905,VERY_LONG,77200,57,,,{'id': 171828}
1200118933,VERY_LONG,,1,333528100,320187000,"{'id': 24947, 'context': 22, 'bonus_lists': [6654, 1681], 'modifiers': [{'type': 9, 'value': 30}, {'type': 28, 'value': 1076}]}"
1200119023,VERY_LONG,,1,4007000,,"{'id': 177784, 'context': 2, 'bonus_lists': [6907, 6652, 1705], 'modifiers': [{'type': 9, 'value': 60}, {'type': 28, 'value': 748}]}"
1200119029,VERY_LONG,,1,1001100,,"{'id': 177783, 'context': 23, 'bonus_lists': [6907, 6652, 7194, 1677], 'modifiers': [{'type': 9, 'value': 60}, {'type': 28, 'value': 749}]}"
1200119036,VERY_LONG,2400,70,,,{'id': 71998}
1200119069,VERY_LONG,185000,1,,,{'id': 35624}
1200119084,VERY_LONG,65000,19,,,{'id': 79010}
1200120101,VERY_LONG,1949900,5,,,{'id': 76061}
1200120118,VERY_LONG,,1,2520000,,"{'id': 159501, 'context': 0, 'bonus_lists': [6655, 1678], 'modifiers': [{'type': 9, 'value': 50}, {'type': 28, 'value': 713}]}"
1200120130,VERY_LONG,,1,39010900,,"{'id': 172264, 'context': 13, 'bonus_lists': [6893, 6647, 6648, 7185], 'modifiers': [{'type': 9, 'value': 60}, {'type': 28, 'value': 391}, {'type': 29, 'value': 32}, {'type': 30, 'value': 36}]}"
1200120145,VERY_LONG,3930000,22,,,{'id': 42253}
1200120155,VERY_LONG,,1,499900,,"{'id': 87412, 'context': 0, 'modifiers': [{'type': 28, 'value': 1032}]}"
1200120166,VERY_LONG,,1,7253000,,"{'id': 176768, 'context': 2, 'bonus_lists': [6907, 6652, 1684], 'modifiers': [{'type': 9, 'value': 60}, {'type': 28, 'value': 748}]}"
1200120183,VERY_LONG,,1,4004500,,"{'id': 175567, 'context': 0, 'bonus_lists': [6907, 1707], 'modifiers': [{'type': 9, 'value': 60}, {'type': 28, 'value': 1707}]}"
1200120189,VERY_LONG,,1,4004500,,"{'id': 175567, 'context': 0, 'bonus_lists': [6907, 1700], 'modifiers': [{'type': 9, 'value': 60}, {'type': 28, 'value': 1707}]}"
1200120197,LONG,,1,49984600,,"{'id': 82800, 'context': 0, 'modifiers': [{'type': 6, 'value': 99014}], 'pet_breed_id': 3, 'pet_level': 1, 'pet_quality_id': 2, 'pet_species_id': 2953}"
1200120199,VERY_LONG,,1,6728800,,"{'id': 176990, 'context': 0, 'bonus_lists': [6907, 6652, 7193, 1686], 'modifiers': [{'type': 9, 'value': 60}, {'type': 28, 'value': 2060}]}"
1200120201,LONG,19000,2,,,{'id': 179315}
1200120211,VERY_LONG,,1,74990000,,"{'id': 175574, 'context': 0, 'bonus_lists': [6907, 1683], 'modifiers': [{'type': 9, 'value': 60}, {'type': 28, 'value': 1707}]}"
1200120213,LONG,77200,11,,,{'id': 171828}
1200120218,VERY_LONG,300000,89,,,{'id': 111673}
1200120224,VERY_LONG,240000,2,,,{'id': 30183}
1200120279,VERY_LONG,800000,1,,,{'id': 49908}
1200120306,VERY_LONG,57500,9,,,{'id': 11291}
1200120341,VERY_LONG,,1,802800,,"{'id': 82257, 'context': 0, 'bonus_lists': [6654, 1694], 'modifiers': [{'type': 9, 'value': 35}, {'type': 28, 'value': 1032}]}"
1200120354,VERY_LONG,,1,750000,,"{'id': 175550, 'context': 1, 'bonus_lists': [6907, 1700], 'modifiers': [{'type': 9, 'value': 60}, {'type': 28, 'value': 747}]}"
1200120373,VERY_LONG,,1,1004100,,"{'id': 55529, 'context': 0, 'bonus_lists': [6654, 1702], 'modifiers': [{'type': 9, 'value': 35}, {'type': 28, 'value': 165}]}"
1200120379,VERY_LONG,,1,1239400,,"{'id': 176774, 'context': 23, 'bonus_lists': [6907, 6652, 7194, 1680], 'modifiers': [{'type': 9, 'value': 60}, {'type': 28, 'value': 749}]}"
1200120390,VERY_LONG,,1,11279900,,"{'id': 82800, 'context': 0, 'modifiers': [{'type': 6, 'value': 99114}], 'pet_breed_id': 8, 'pet_level': 1, 'pet_quality_id': 3, 'pet_species_id': 3046}"
1200120418,VERY_LONG,961500,14,,,{'id': 116170}
1200120440,VERY_LONG,,1,45005500,,"{'id': 159551, 'context': 0, 'bonus_lists': [6655, 1688], 'modifiers': [{'type': 9, 'value': 50}, {'type': 28, 'value': 713}]}"
1200120454,VERY_LONG,,1,12587600,,"{'id': 68781, 'context': 0, 'modifiers': [{'type': 28, 'value': 656}]}"
1200120467,VERY_LONG,90000,1,,,{'id': 8165}
1200120474,VERY_LONG,77200,12,,,{'id': 171828}
1200120483,VERY_LONG,,1,7500000,,"{'id': 177812, 'context': 0, 'bonus_lists': [6907, 6652, 6935, 1782], 'modifiers': [{'type': 9, 'value': 60}, {'type': 28, 'value': 1707}]}"
1200120484,VERY_LONG,,1,1794000,,"{'id': 178943, 'context': 23, 'bonus_lists': [6908, 40, 1706], 'modifiers': [{'type': 9, 'value': 60}, {'type': 28, 'value': 749}]}"
1200120544,VERY_LONG,,1,4007000,,"{'id': 177784, 'context': 9, 'bonus_lists': [6907, 6652, 1677], 'modifiers': [{'type': 9, 'value': 60}, {'type': 28, 'value': 1429}]}"
1200120555,VERY_LONG,,1,2400000,,"{'id': 177790, 'context': 0, 'bonus_lists': [6907, 6652, 1705], 'modifiers': [{'type': 9, 'value': 60}, {'type': 28, 'value': 2060}]}"
1200120580,VERY_LONG,,1,3000100,,"{'id': 178948, 'context': 1, 'bonus_lists': [6908, 6652, 1704], 'modifiers': [{'type': 9, 'value': 60}, {'type': 28, 'value': 747}]}"
1200120587,VERY_LONG,,1,7500000,,"{'id': 177812, 'context': 0, 'bonus_lists': [6907, 6652, 7194, 3401], 'modifiers': [{'type': 9, 'value': 60}, {'type': 28, 'value': 1707}]}"
1200120595,LONG,12800,1,,,{'id': 172935}
1200120596,LONG,725400,37,,,{'id': 172231}
1200120597,VERY_LONG,,1,9998300,,"{'id': 118338, 'context': 0, 'modifiers': [{'type': 28, 'value': 63}]}"
1200120598,LONG,19000,1,,,{'id': 179315}
1200120610,VERY_LONG,15000,41,,,{'id': 52979}
1200120619,VERY_LONG,,1,2750000,,"{'id': 176962, 'context': 0, 'bonus_lists': [6907, 6652, 1689], 'modifiers': [{'type': 9, 'value': 60}, {'type': 28, 'value': 1707}]}"
1200120668,VERY_LONG,,1,12500000,,"{'id': 176968, 'context': 23, 'bonus_lists': [6907, 6652, 1714], 'modifiers': [{'type': 9, 'value': 60}, {'type': 28, 'value': 749}]}"
1200120996,VERY_LONG,2439900,16,,,{'id': 77101}
1200122384,VERY_LONG,,1,2500000,,"{'id': 136924, 'context': 14}"
1200122722,LONG,19956900,5,,,{'id': 173163}
1200122728,LONG,8199600,3,,,{'id': 173161}
1200122732,LONG,8399700,3,,,{'id': 173160}
1200122736,LONG,8950000,2,,,{'id': 173103}
1200122743,LONG,18950000,2,,,{'id': 173101}
1200122754,LONG,11025900,1,,,{'id': 173094}
1200122759,LONG,27631600,1,,,{'id': 173092}
1200122765,LONG,10000000,2,,,{'id': 173088}
1200122773,LONG,2000000,1,,,{'id': 173086}
1200122779,LONG,15000000,1,,,{'id': 173085}
1200122784,LONG,1891600,1,,,{'id': 173081}
1200122793,LONG,24677900,2,,,{'id': 173077}
1200122818,LONG,20009900,1,,,{'id': 177842}
1200123063,LONG,6499700,5,,,{'id': 76131}
1200123077,LONG,256400,13,,,{'id': 52328}
1200124122,LONG,59800,8,,,{'id': 52987}
1200124199,LONG,200000,40,,,{'id': 52983}
1200124247,VERY_LONG,,1,4000000,,"{'id': 171387, 'context': 13, 'bonus_lists': [7180], 'modifiers': [{'type': 9, 'value': 55}, {'type': 29, 'value': 32}, {'type': 30, 'value': 49}]}"
1200124304,VERY_LONG,,1,10008600,,"{'id': 82800, 'context': 0, 'modifiers': [{'type': 6, 'value': 55679}], 'pet_breed_id': 15, 'pet_level': 1, 'pet_quality_id': 3, 'pet_species_id': 1412}"
1200124363,VERY_LONG,,1,3509700,,"{'id': 82800, 'context': 0, 'modifiers': [{'type': 6, 'value': 49122}], 'pet_breed_id': 17, 'pet_level': 1, 'pet_quality_id': 3, 'pet_species_id': 1565}"
1200124781,VERY_LONG,435800,9,,,{'id': 76130}
1200124806,LONG,20008000,9,,,{'id': 172368}
1200124809,VERY_LONG,19000,5,,,{'id': 179315}
1200124822,VERY_LONG,537000,1,,,{'id': 171315}
1200124828,VERY_LONG,117400,5,,,{'id': 169701}
1200124849,VERY_LONG,1000000,1,,,{'id': 79011}
1200124870,VERY_LONG,4800,9,,,{'id': 173032}
1200124873,VERY_LONG,30000,4,,,{'id': 72093}
1200124894,VERY_LONG,77200,24,,,{'id': 171828}
1200124944,VERY_LONG,1500,24,,,{'id': 1705}
1200124961,VERY_LONG,158000,3,,,{'id': 23117}
1200124963,VERY_LONG,399800,2,,,{'id': 52193}
1200124970,VERY_LONG,916600,4,,,{'id': 76142}
1200126345,VERY_LONG,2239900,40,,,{'id': 171266}
1200126429,VERY_LONG,390000,48,,,{'id': 171285}
1200126452,VERY_LONG,290000,40,,,{'id': 171286}
1200126498,VERY_LONG,9995000,6,,,{'id': 171276}
1200126537,VERY_LONG,,1,6609000,,"{'id': 24681, 'context': 2, 'bonus_lists': [6654, 1681], 'modifiers': [{'type': 9, 'value': 30}, {'type': 28, 'value': 1075}]}"
1200126555,VERY_LONG,,1,2503600,,"{'id': 24785, 'context': 2, 'bonus_lists': [6654, 1678], 'modifiers': [{'type': 9, 'value': 30}, {'type': 28, 'value': 1069}]}"
1200126572,VERY_LONG,10000000,1,,,{'id': 58088}
1200126583,VERY_LONG,179700,3,,,{'id': 124442}
1200126588,VERY_LONG,,1,3002900,,"{'id': 24849, 'context': 2, 'bonus_lists': [6654, 1695], 'modifiers': [{'type': 9, 'value': 30}, {'type': 28, 'value': 1066}]}"
1200126589,VERY_LONG,82300,3,,,{'id': 124441}
1200126611,VERY_LONG,9423700,8,,,{'id': 58087}
1200126630,VERY_LONG,,1,1687500,,"{'id': 24629, 'context': 2, 'bonus_lists': [6654, 1707], 'modifiers': [{'type': 9, 'value': 30}, {'type': 28, 'value': 1066}]}"
1200126660,VERY_LONG,,1,925000,,"{'id': 25289, 'context': 2, 'bonus_lists': [6655, 1692], 'modifiers': [{'type': 9, 'value': 30}, {'type': 28, 'value': 1066}]}"
1200126677,VERY_LONG,,1,377484300,,"{'id': 25149, 'context': 2, 'bonus_lists': [6655, 1681], 'modifiers': [{'type': 9, 'value': 30}, {'type': 28, 'value': 1066}]}"
1200126700,VERY_LONG,,1,24005700,,"{'id': 25337, 'context': 0, 'bonus_lists': [6655, 1677], 'modifiers': [{'type': 9, 'value': 30}, {'type': 28, 'value': 1011}]}"
1200126711,VERY_LONG,,1,1250200,,"{'id': 24691, 'context': 0, 'bonus_lists': [6654, 1692], 'modifiers': [{'type': 9, 'value': 30}, {'type': 28, 'value': 1011}]}"
1200126736,VERY_LONG,,1,440000,,"{'id': 177787, 'context': 0, 'bonus_lists': [6907, 6652, 6935, 1715], 'modifiers': [{'type': 9, 'value': 60}, {'type': 28, 'value': 1707}]}"
1200126749,VERY_LONG,,1,9611700,,"{'id': 24628, 'context': 2, 'bonus_lists': [6654, 1691], 'modifiers': [{'type': 9, 'value': 30}, {'type': 28, 'value': 1078}]}"
1200126762,VERY_LONG,,1,1506100,,"{'id': 24688, 'context': 0, 'bonus_lists': [6654, 1709], 'modifiers': [{'type': 9, 'value': 30}, {'type': 28, 'value': 1011}]}"
1200126782,VERY_LONG,,1,7809500,,"{'id': 24593, 'context': 2, 'bonus_lists': [6654, 1678], 'modifiers': [{'type': 9, 'value': 30}, {'type': 28, 'value': 1065}]}"
1200126795,VERY_LONG,,1,4999800,,"{'id': 24977, 'context': 2, 'bonus_lists': [6654, 1695], 'modifiers': [{'type': 9, 'value': 30}, {'type': 28, 'value': 1064}]}"
1200126822,VERY_LONG,,1,499900,,"{'id': 24667, 'context': 2, 'bonus_lists': [6654, 1691], 'modifiers': [{'type': 9, 'value': 30}, {'type': 28, 'value': 1069}]}"
1200126840,VERY_LONG,,1,142500,,"{'id': 24685, 'context': 0, 'bonus_lists': [6654, 1705], 'modifiers': [{'type': 9, 'value': 30}, {'type': 28, 'value': 1011}]}"
1200126856,VERY_LONG,,1,1327100,,"{'id': 24800, 'context': 0, 'bonus_lists': [6654, 1706], 'modifiers': [{'type': 9, 'value': 30}, {'type': 28, 'value': 1011}]}"
1200126860,LONG,500,4,,,{'id': 171840}
1200126864,VERY_LONG,75000,1,,,{'id': 23438}
1200126878,VERY_LONG,,1,1007000,,"{'id': 24776, 'context': 2, 'bonus_lists': [6654, 1705], 'modifiers': [{'type': 9, 'value': 30}, {'type': 28, 'value': 1069}]}"
1200126892,LONG,155000,8,,,{'id': 171829}
1200126903,VERY_LONG,,1,3007100,,"{'id': 24848, 'context': 2, 'bonus_lists': [6654, 1680], 'modifiers': [{'type': 9, 'value': 30}, {'type': 28, 'value': 1064}]}"
1200126942,VERY_LONG,8406700,4,,,{'id': 173171}
1200126956,VERY_LONG,46900,6,,,{'id': 152875}
1200126963,VERY_LONG,333000,1,,,{'id': 74247}
1200126980,VERY_LONG,1756400,7,,,{'id': 173173}
1200127009,VERY_LONG,,1,16253900,,"{'id': 25078, 'context': 2, 'bonus_lists': [6655, 1692], 'modifiers': [{'type': 9, 'value': 30}, {'type': 28, 'value': 1066}]}"
1200127024,VERY_LONG,,1,1687500,,"{'id': 24629, 'context': 2, 'bonus_lists': [6654, 1693], 'modifiers': [{'type': 9, 'value': 30}, {'type': 28, 'value': 1064}]}"
1200127041,LONG,237600,1,,,{'id': 163223}
1200127064,VERY_LONG,,1,1730000,,"{'id': 24759, 'context': 2, 'bonus_lists': [6654, 1678], 'modifiers': [{'type': 9, 'value': 30}, {'type': 28, 'value': 1068}]}"
1200127075,VERY_LONG,,1,34365800,,"{'id': 24840, 'context': 2, 'bonus_lists': [6654, 1693], 'modifiers': [{'type': 9, 'value': 30}, {'type': 28, 'value': 1072}]}"
1200127091,VERY_LONG,,1,7916300,,"{'id': 24767, 'context': 2, 'bonus_lists': [6654, 1708], 'modifiers': [{'type': 9, 'value': 30}, {'type': 28, 'value': 1069}]}"
1200128114,LONG,48100,1,,,{'id': 177660}
1200128388,VERY_LONG,,1,4756900,,"{'id': 176963, 'context': 0, 'bonus_lists': [6907, 41, 1689], 'modifiers': [{'type': 9, 'value': 60}, {'type': 28, 'value': 1707}]}"
1200128398,VERY_LONG,4199400,3,,,{'id': 46379}
1200128424,VERY_LONG,5880000,4,,,{'id': 43127}
1200128434,VERY_LONG,6249900,8,,,{'id': 56850}
1200128447,VERY_LONG,230000,4,,,{'id': 7911}
1200128464,VERY_LONG,2899700,5,,,{'id': 40087}
1200128477,VERY_LONG,259900,7,,,{'id': 130176}
1200128489,VERY_LONG,29400,13,,,{'id': 153712}
1200128507,VERY_LONG,499900,21,,,{'id': 130174}
1200128529,VERY_LONG,240800,12,,,{'id': 116981}
1200128543,VERY_LONG,110000,2,,,{'id': 151579}
1200128561,VERY_LONG,809700,4,,,{'id': 130183}
1200128571,VERY_LONG,1999900,1,,,{'id': 52195}
1200128590,VERY_LONG,16000,7,,,{'id': 23572}
1200128617,VERY_LONG,,1,8613200,,"{'id': 24828, 'context': 2, 'bonus_lists': [6654, 1680], 'modifiers': [{'type': 9, 'value': 30}, {'type': 28, 'value': 1072}]}"
1200128628,VERY_LONG,,1,8246100,,"{'id': 25314, 'context': 2, 'bonus_lists': [6655, 1693], 'modifiers': [{'type': 9, 'value': 30}, {'type': 28, 'value': 1065}]}"
1200128635,VERY_LONG,,1,9232700,,"{'id': 24617, 'context': 2, 'bonus_lists': [6654, 1706], 'modifiers': [{'type': 9, 'value': 30}, {'type': 28, 'value': 1078}]}"
1200128647,LONG,10000000,1,,,{'id': 173088}
1200128652,LONG,2399000,5,,,{'id': 183738}
1200128663,LONG,14230800,2,,,{'id': 173082}
1200128678,LONG,1920800,2,,,{'id': 173071}
1200128687,LONG,4900000,2,,,{'id': 172408}
1200128690,VERY_LONG,1604500,10,,,{'id': 40081}
1200128704,LONG,2300000,20,,,{'id': 172362}
1200128746,LONG,8399700,4,,,{'id': 173160}
1200128758,LONG,2300000,1,,,{'id': 172362}
1200128801,LONG,150000,2,,,{'id': 177716}
1200128808,VERY_LONG,3197200,47,,,{'id': 133589}
1200128817,LONG,8199600,2,,,{'id': 173161}
1200128913,LONG,7000000,2,,,{'id': 173162}
1200128916,LONG,1120000,3,,,{'id': 176811}
1200128954,LONG,3426900,7,,,{'id': 171352}
1200128974,LONG,19956900,3,,,{'id': 173163}
1200131710,VERY_LONG,333000,1,,,{'id': 74247}
1200131749,VERY_LONG,181300,3,,,{'id': 89112}
1200131765,LONG,,1,600005000,,"{'id': 184786, 'context': 0, 'bonus_lists': [6652, 1472, 6646], 'modifiers': [{'type': 28, 'value': 1707}]}"
1200133342,LONG,605900,4,,,{'id': 173123}
1200133354,LONG,219900,20,,,{'id': 171267}
1200133632,VERY_LONG,,1,14233100,,"{'id': 121224, 'context': 0, 'bonus_lists': [6654, 1808, 1698], 'modifiers': [{'type': 9, 'value': 45}, {'type': 28, 'value': 335}]}"
1200133676,VERY_LONG,,1,27639400,,"{'id': 25312, 'context': 1, 'bonus_lists': [6655, 1695], 'modifiers': [{'type': 9, 'value': 41}, {'type': 28, 'value': 1887}]}"
1200133679,VERY_LONG,,1,12356400,,"{'id': 121101, 'context': 0, 'bonus_lists': [6654, 1676], 'modifiers': [{'type': 9, 'value': 45}, {'type': 28, 'value': 333}]}"
1200133680,VERY_LONG,,1,519100,,"{'id': 82286, 'context': 0, 'bonus_lists': [6655, 1687], 'modifiers': [{'type': 9, 'value': 35}, {'type': 28, 'value': 1032}]}"
1200133685,VERY_LONG,,1,519100,,"{'id': 82286, 'context': 0, 'bonus_lists': [6655, 1685], 'modifiers': [{'type': 9, 'value': 35}, {'type': 28, 'value': 1032}]}"
1200133687,VERY_LONG,,1,2522700,,"{'id': 82291, 'context': 0, 'bonus_lists': [6654, 1695], 'modifiers': [{'type': 9, 'value': 35}, {'type': 28, 'value': 1032}]}"
1200133690,VERY_LONG,,1,19683500,,"{'id': 24711, 'context': 1, 'bonus_lists': [6654, 1680], 'modifiers': [{'type': 9, 'value': 45}, {'type': 28, 'value': 1887}]}"
1200133691,VERY_LONG,,1,6442400,,"{'id': 82262, 'context': 0, 'bonus_lists': [6654, 1713], 'modifiers': [{'type': 9, 'value': 35}, {'type': 28, 'value': 1032}]}"
1200133693,VERY_LONG,,1,9268100,,"{'id': 121275, 'context': 0, 'bonus_lists': [6654, 1710], 'modifiers': [{'type': 9, 'value': 45}, {'type': 28, 'value': 335}]}"
1200133694,VERY_LONG,7700,81,,,{'id': 124437}
1200133696,VERY_LONG,,1,457000,,"{'id': 82283, 'context': 0, 'bonus_lists': [6654, 1716], 'modifiers': [{'type': 9, 'value': 35}, {'type': 28, 'value': 1032}]}"
1200133698,VERY_LONG,,1,2077600,,"{'id': 82290, 'context': 0, 'bonus_lists': [6654, 1702], 'modifiers': [{'type': 9, 'value': 35}, {'type': 28, 'value': 1032}]}"
1200133699,VERY_LONG,,1,3856800,,"{'id': 25292, 'context': 1, 'bonus_lists': [6655, 1680], 'modifiers': [{'type': 9, 'value': 44}, {'type': 28, 'value': 1893}]}"
1200133700,VERY_LONG,3400000,4,,,{'id': 74856}
1200133702,VERY_LONG,,1,11420100,,"{'id': 24595, 'context': 1, 'bonus_lists': [6654, 1692], 'modifiers': [{'type': 9, 'value': 41}, {'type': 28, 'value': 1887}]}"
1200133704,VERY_LONG,,1,20106700,,"{'id': 121238, 'context': 0, 'bonus_lists': [6654, 1808, 1686], 'modifiers': [{'type': 9, 'value': 45}, {'type': 28, 'value': 335}]}"
1200133711,VERY_LONG,,1,1874300,,"{'id': 82289, 'context': 0, 'bonus_lists': [6654, 1702], 'modifiers': [{'type': 9, 'value': 35}, {'type': 28, 'value': 1032}]}"
1200133717,VERY_LONG,,1,499900,,"{'id': 86382, 'context': 0, 'modifiers': [{'type': 28, 'value': 1032}]}"
1200133719,VERY_LONG,21527600,10,,,{'id': 140189}
1200133721,VERY_LONG,,1,15754900,,"{'id': 121274, 'context': 0, 'bonus_lists': [6654, 1700], 'modifiers': [{'type': 9, 'value': 45}, {'type': 28, 'value': 335}]}"
1200133723,VERY_LONG,,1,1190000,,"{'id': 82241, 'context': 0, 'bonus_lists': [6654, 1694], 'modifiers': [{'type': 9, 'value': 35}, {'type': 28, 'value': 1032}]}"
1200133725,VERY_LONG,,1,1993800,,"{'id': 82264, 'context': 0, 'bonus_lists': [6654, 1684], 'modifiers': [{'type': 9, 'value': 35}, {'type': 28, 'value': 1032}]}"
1200133727,VERY_LONG,,1,16506000,,"{'id': 121079, 'context': 0, 'bonus_lists': [6654, 1808, 43, 1677], 'modifiers': [{'type': 9, 'value': 45}, {'type': 28, 'value': 333}]}"
1200133731,VERY_LONG,,1,12011100,,"{'id': 24794, 'context': 1, 'bonus_lists': [6654, 1707], 'modifiers': [{'type': 9, 'value': 45}, {'type': 28, 'value': 1893}]}"
1200133734,VERY_LONG,,1,11378400,,"{'id': 6256, 'context': 14, 'modifiers': [{'type': 28, 'value': 378}]}"
1200133735,VERY_LONG,,1,5114200,,"{'id': 24788, 'context': 1, 'bonus_lists': [6654, 1693], 'modifiers': [{'type': 9, 'value': 45}, {'type': 28, 'value': 1893}]}"
1200133754,VERY_LONG,,1,10793900,,"{'id': 121232, 'context': 0, 'bonus_lists': [6654, 1677], 'modifiers': [{'type': 9, 'value': 45}, {'type': 28, 'value': 335}]}"
1200133756,VERY_LONG,,1,2436700,,"{'id': 24777, 'context': 1, 'bonus_lists': [6654, 1705], 'modifiers': [{'type': 9, 'value': 45}, {'type': 28, 'value': 1893}]}"
1200133757,VERY_LONG,,1,15897600,,"{'id': 24950, 'context': 1, 'bonus_lists': [6654, 1678], 'modifiers': [{'type': 9, 'value': 44}, {'type': 28, 'value': 1886}]}"
1200133759,VERY_LONG,,1,2595500,,"{'id': 82259, 'context': 0, 'bonus_lists': [6654, 1699], 'modifiers': [{'type': 9, 'value': 35}, {'type': 28, 'value': 1032}]}"
1200133761,VERY_LONG,,1,10236300,,"{'id': 121268, 'context': 0, 'bonus_lists': [6654, 1694], 'modifiers': [{'type': 9, 'value': 45}, {'type': 28, 'value': 335}]}"
1200133766,VERY_LONG,,1,10094500,,"{'id': 24603, 'context': 1, 'bonus_lists': [6654, 1694], 'modifiers': [{'type': 9, 'value': 45}, {'type': 28, 'value': 1887}]}"
1200133832,VERY_LONG,37600,1,,,{'id': 31906}
1200133836,VERY_LONG,,1,120000,,"{'id': 82252, 'context': 0, 'bonus_lists': [6654, 1695], 'modifiers': [{'type': 9, 'value': 35}, {'type': 28, 'value': 1032}]}"
1200133840,VERY_LONG,,1,54400,,"{'id': 82289, 'context': 0, 'bonus_lists': [6654, 1713], 'modifiers': [{'type': 9, 'value': 35}, {'type': 28, 'value': 1032}]}"
1200133848,VERY_LONG,1000,21,,,{'id': 124120}
1200133850,VERY_LONG,,1,12000900,,"{'id': 176769, 'context': 0, 'bonus_lists': [6907, 6652, 1701], 'modifiers': [{'type': 9, 'value': 50}, {'type': 28, 'value': 1316}]}"
1200133856,VERY_LONG,,1,48900,,"{'id': 159284, 'context': 0, 'bonus_lists': [6654, 1710], 'modifiers': [{'type': 9, 'value': 37}, {'type': 28, 'value': 187}]}"
1200133861,VERY_LONG,,1,48600,,"{'id': 154810, 'context': 0, 'bonus_lists': [6654, 1708], 'modifiers': [{'type': 9, 'value': 35}, {'type': 28, 'value': 1225}]}"
1200133893,VERY_LONG,,1,550000000,,"{'id': 159504, 'context': 0, 'bonus_lists': [6655, 4802, 1686], 'modifiers': [{'type': 9, 'value': 46}, {'type': 28, 'value': 186}]}"
1200133911,VERY_LONG,,1,100000200,,"{'id': 159494, 'context': 0, 'bonus_lists': [6655, 1712], 'modifiers': [{'type': 9, 'value': 43}, {'type': 28, 'value': 187}]}"
1200133934,VERY_LONG,,1,120000000,,"{'id': 182556, 'context': 0, 'bonus_lists': [6907, 6652, 1713], 'modifiers': [{'type': 9, 'value': 53}, {'type': 28, 'value': 1324}]}"
1200133965,VERY_LONG,,1,8009900,,"{'id': 176800, 'context': 0, 'bonus_lists': [6908, 6652, 1683], 'modifiers': [{'type': 9, 'value': 51}, {'type': 28, 'value': 743}]}"
1200133975,VERY_LONG,,1,217700,,"{'id': 159524, 'context': 0, 'bonus_lists': [6655, 1679], 'modifiers': [{'type': 9, 'value': 43}, {'type': 28, 'value': 187}]}"
1200133987,VERY_LONG,,1,69300,,"{'id': 154848, 'context': 0, 'bonus_lists': [6654, 1676], 'modifiers': [{'type': 9, 'value': 40}, {'type': 28, 'value': 187}]}"
1200134001,VERY_LONG,,1,66300,,"{'id': 159805, 'context': 0, 'bonus_lists': [6655, 1677], 'modifiers': [{'type': 9, 'value': 37}, {'type': 28, 'value': 187}]}"
1200134017,VERY_LONG,,1,900000,,"{'id': 176799, 'context': 0, 'bonus_lists': [6908, 6652, 1707], 'modifiers': [{'type': 9, 'value': 51}, {'type': 28, 'value': 743}]}"
1200134029,VERY_LONG,,1,8849400,,"{'id': 176798, 'context': 0, 'bonus_lists': [6908, 6652, 1690], 'modifiers': [{'type': 9, 'value': 53}, {'type': 28, 'value': 1324}]}"
1200134067,VERY_LONG,,1,799900,,"{'id': 176802, 'context': 0, 'bonus_lists': [6908, 6652, 1677], 'modifiers': [{'type': 9, 'value': 53}, {'type': 28, 'value': 1324}]}"
1200134087,VERY_LONG,,1,3990000,,"{'id': 182561, 'context': 11, 'bonus_lists': [6706, 6652], 'modifiers': [{'type': 9, 'value': 53}, {'type': 28, 'value': 1324}]}"
1200135115,VERY_LONG,,1,757600,,"{'id': 177799, 'context': 0, 'bonus_lists': [6908, 6652, 1699], 'modifiers': [{'type': 9, 'value': 59}, {'type': 28, 'value': 1428}]}"
1200135123,VERY_LONG,,1,729900,,"{'id': 177804, 'context': 0, 'bonus_lists': [6908, 6652, 1702], 'modifiers': [{'type': 9, 'value': 60}, {'type': 28, 'value': 2060}]}"
1200135127,VERY_LONG,,1,5000000,,"{'id': 177772, 'context': 9, 'bonus_lists': [6907, 6652, 7194, 1680], 'modifiers': [{'type': 9, 'value': 60}, {'type': 28, 'value': 1429}]}"
1200135131,VERY_LONG,,1,2461300,,"{'id': 177780, 'context': 0, 'bonus_lists': [6907, 6652, 1713], 'modifiers': [{'type': 9, 'value': 60}, {'type': 28, 'value': 2060}]}"
1200135559,LONG,,1,83900000,,"{'id': 13035, 'context': 1, 'bonus_lists': [6659], 'modifiers': [{'type': 9, 'value': 30}, {'type': 28, 'value': 282}]}"
1200135567,LONG,399700,2,,,{'id': 52193}
1200135577,LONG,115000,3,,,{'id': 108335}
1200135580,LONG,19300,3,,,{'id': 12361}
1200135603,LONG,,1,3600000,,"{'id': 116634, 'context': 1, 'bonus_lists': [6655, 56], 'modifiers': [{'type': 9, 'value': 40}, {'type': 28, 'value': 276}]}"
1200135610,LONG,99600,1,,,{'id': 52181}
1200135614,LONG,,1,19540000,,"{'id': 10203, 'context': 1, 'bonus_lists': [6654, 1694], 'modifiers': [{'type': 9, 'value': 30}, {'type': 28, 'value': 282}]}"
1200135874,VERY_LONG,,1,650000000,,"{'id': 172325, 'context': 65, 'bonus_lists': [6718, 7193, 1522]}"
1200138695,VERY_LONG,,1,52115400,,"{'id': 82800, 'context': 0, 'modifiers': [{'type': 6, 'value': 38232}], 'pet_breed_id': 8, 'pet_level': 1, 'pet_quality_id': 3, 'pet_species_id': 310}"
1200138697,VERY_LONG,,1,415999600,,"{'id': 82800, 'context': 0, 'modifiers': [{'type': 6, 'value': 47960}], 'pet_breed_id': 13, 'pet_level': 1, 'pet_quality_id': 3, 'pet_species_id': 1209}"
1200138699,VERY_LONG,,1,55558400,,"{'id': 82800, 'context': 0, 'modifiers': [{'type': 6, 'value': 46809}], 'pet_breed_id': 8, 'pet_level': 1, 'pet_quality_id': 3, 'pet_species_id': 1124}"
1200138701,VERY_LONG,,1,29999700,,"{'id': 82800, 'context': 0, 'modifiers': [{'type': 6, 'value': 60609}], 'pet_breed_id': 16, 'pet_level': 1, 'pet_quality_id': 3, 'pet_species_id': 1656}"
1200138703,VERY_LONG,,1,1467002900,,"{'id': 159587, 'context': 0, 'bonus_lists': [4796, 1692], 'modifiers': [{'type': 9, 'value': 48}]}"
1200138704,VERY_LONG,,1,12899000,,"{'id': 82800, 'context': 0, 'modifiers': [{'type': 6, 'value': 92438}], 'pet_breed_id': 18, 'pet_level': 1, 'pet_quality_id': 3, 'pet_species_id': 2836}"
1200138706,VERY_LONG,,1,75641400,,"{'id': 82800, 'context': 0, 'modifiers': [{'type': 6, 'value': 88873}], 'pet_breed_id': 12, 'pet_level': 1, 'pet_quality_id': 3, 'pet_species_id': 2680}"
1200138707,VERY_LONG,,1,5839900,,"{'id': 82800, 'context': 0, 'modifiers': [{'type': 6, 'value': 71972}], 'pet_breed_id': 8, 'pet_level': 1, 'pet_quality_id': 3, 'pet_species_id': 2091}"
1200138709,VERY_LONG,,1,164801400,,"{'id': 82800, 'context': 0, 'modifiers': [{'type': 6, 'value': 6192}], 'pet_breed_id': 3, 'pet_level': 1, 'pet_quality_id': 3, 'pet_species_id': 49}"
1200138710,VERY_LONG,,1,196000000,,"{'id': 82800, 'context': 0, 'modifiers': [{'type': 6, 'value': 97091}], 'pet_breed_id': 3, 'pet_level': 1, 'pet_quality_id': 2, 'pet_species_id': 3040}"
1200138711,VERY_LONG,,1,1070200,,"{'id': 159540, 'context': 0, 'bonus_lists': [4796, 1715], 'modifiers': [{'type': 9, 'value': 46}]}"
1200138712,VERY_LONG,,1,105999600,,"{'id': 82800, 'context': 0, 'modifiers': [{'type': 6, 'value': 90515}], 'pet_breed_id': 12, 'pet_level': 1, 'pet_quality_id': 2, 'pet_species_id': 2698}"
1200138713,VERY_LONG,,1,19999300,,"{'id': 82800, 'context': 0, 'modifiers': [{'type': 6, 'value': 62440}], 'pet_breed_id': 22, 'pet_level': 1, 'pet_quality_id': 3, 'pet_species_id': 1655}"
1200138714,VERY_LONG,,1,415999600,,"{'id': 82800, 'context': 0, 'modifiers': [{'type': 6, 'value': 91631}], 'pet_breed_id': 6, 'pet_level': 1, 'pet_quality_id': 3, 'pet_species_id': 2753}"
1200138715,VERY_LONG,,1,295997800,,"{'id': 82800, 'context': 0, 'modifiers': [{'type': 6, 'value': 99902}], 'pet_breed_id': 10, 'pet_level': 1, 'pet_quality_id': 2, 'pet_species_id': 2899}"
1200138716,VERY_LONG,,1,179999900,,"{'id': 82800, 'context': 0, 'modifiers': [{'type': 6, 'value': 91224}], 'pet_breed_id': 20, 'pet_level': 1, 'pet_quality_id': 3, 'pet_species_id': 2762}"
1200138718,VERY_LONG,,1,900000,,"{'id': 159520, 'context': 0, 'bonus_lists': [4796, 41, 1700], 'modifiers': [{'type': 9, 'value': 47}]}"
1200138719,VERY_LONG,,1,58909800,,"{'id': 82800, 'context': 0, 'modifiers': [{'type': 6, 'value': 45938}], 'pet_breed_id': 7, 'pet_level': 1, 'pet_quality_id': 3, 'pet_species_id': 834}"
1200138722,VERY_LONG,,1,13627500,,"{'id': 82800, 'context': 0, 'modifiers': [{'type': 6, 'value': 38310}], 'pet_breed_id': 14, 'pet_level': 1, 'pet_quality_id': 3, 'pet_species_id': 1693}"
1200138723,VERY_LONG,,1,676000000,,"{'id': 82800, 'context': 0, 'modifiers': [{'type': 6, 'value': 86088}], 'pet_breed_id': 18, 'pet_level': 1, 'pet_quality_id': 3, 'pet_species_id': 2186}"
1200138725,VERY_LONG,,1,150009100,,"{'id': 82800, 'context': 0, 'modifiers': [{'type': 6, 'value': 58760}], 'pet_breed_id': 17, 'pet_level': 1, 'pet_quality_id': 3, 'pet_species_id': 1663}"
1200138727,VERY_LONG,,1,59999700,,"{'id': 82800, 'context': 0, 'modifiers': [{'type': 6, 'value': 29404}], 'pet_breed_id': 7, 'pet_level': 1, 'pet_quality_id': 2, 'pet_species_id': 1351}"
1200138728,VERY_LONG,,1,1622300,,"{'id': 159511, 'context': 0, 'bonus_lists': [4796, 1709], 'modifiers': [{'type': 9, 'value': 46}]}"
1200138729,VERY_LONG,,1,48978000,,"{'id': 82800, 'context': 0, 'modifiers': [{'type': 6, 'value': 33512}], 'pet_breed_id': 4, 'pet_level': 1, 'pet_quality_id': 2, 'pet_species_id': 261}"
1200138731,VERY_LONG,,1,79999800,,"{'id': 82800, 'context': 0, 'modifiers': [{'type': 6, 'value': 99868}], 'pet_breed_id': 16, 'pet_level': 1, 'pet_quality_id': 2, 'pet_species_id': 3026}"
1200138732,VERY_LONG,,1,49999600,,"{'id': 82800, 'context': 0, 'modifiers': [{'type': 6, 'value': 99923}], 'pet_breed_id': 8, 'pet_level': 1, 'pet_quality_id': 2, 'pet_species_id': 3034}"
1200138734,VERY_LONG,,1,2268000,,"{'id': 159501, 'context': 0, 'bonus_lists': [4796, 1709], 'modifiers': [{'type': 9, 'value': 49}]}"
1200138735,VERY_LONG,,1,1750000000,,"{'id': 82800, 'context': 0, 'modifiers': [{'type': 6, 'value': 95145}], 'pet_breed_id': 14, 'pet_level': 1, 'pet_quality_id': 3, 'pet_species_id': 2847}"
1200138736,VERY_LONG,,1,28199900,,"{'id': 82800, 'context': 0, 'modifiers': [{'type': 6, 'value': 99927}], 'pet_breed_id': 20, 'pet_level': 1, 'pet_quality_id': 2, 'pet_species_id': 2920}"
1200138738,VERY_LONG,,1,416000000,,"{'id': 82800, 'context': 0, 'modifiers': [{'type': 6, 'value': 99879}], 'pet_breed_id': 5, 'pet_level': 1, 'pet_quality_id': 2, 'pet_species_id': 2923}"
1200138741,VERY_LONG,,1,49999800,,"{'id': 82800, 'context': 0, 'modifiers': [{'type': 6, 'value': 10269}], 'pet_breed_id': 12, 'pet_level': 1, 'pet_quality_id': 2, 'pet_species_id': 116}"
1200138742,LONG,400000,6,,,{'id': 172920}
1200138743,VERY_LONG,,1,199990000,,"{'id': 82800, 'context': 0, 'modifiers': [{'type': 6, 'value': 74514}], 'pet_breed_id': 6, 'pet_level': 1, 'pet_quality_id': 3, 'pet_species_id': 2002}"
1200138745,VERY_LONG,,1,465999600,,"{'id': 82800, 'context': 0, 'modifiers': [{'type': 6, 'value': 49259}], 'pet_breed_id': 20, 'pet_level': 1, 'pet_quality_id': 3, 'pet_species_id': 1448}"
1200138749,VERY_LONG,,1,22610600,,"{'id': 82800, 'context': 0, 'modifiers': [{'type': 6, 'value': 65087}], 'pet_breed_id': 14, 'pet_level': 1, 'pet_quality_id': 3, 'pet_species_id': 1716}"
1200138753,VERY_LONG,,1,875999600,,"{'id': 82800, 'context': 0, 'modifiers': [{'type': 6, 'value': 98467}], 'pet_breed_id': 19, 'pet_level': 1, 'pet_quality_id': 2, 'pet_species_id': 2954}"
1200138754,VERY_LONG,,1,1502500,,"{'id': 121131, 'context': 0, 'bonus_lists': [1812, 1694], 'modifiers': [{'type': 9, 'value': 40}]}"
1200138756,VERY_LONG,,1,225999600,,"{'id': 82800, 'context': 0, 'modifiers': [{'type': 6, 'value': 86529}], 'pet_breed_id': 5, 'pet_level': 1, 'pet_quality_id': 2, 'pet_species_id': 2422}"
1200138760,VERY_LONG,,1,12007300,,"{'id': 82800, 'context': 0, 'modifiers': [{'type': 6, 'value': 22349}], 'pet_breed_id': 7, 'pet_level': 1, 'pet_quality_id': 2, 'pet_species_id': 153}"
1200138762,VERY_LONG,,1,366000000,,"{'id': 82800, 'context': 0, 'modifiers': [{'type': 6, 'value': 86135}], 'pet_breed_id': 8, 'pet_level': 1, 'pet_quality_id': 2, 'pet_species_id': 2189}"
1200138765,VERY_LONG,,1,3222677900,,"{'id': 82800, 'context': 0, 'modifiers': [{'type': 6, 'value': 99915}], 'pet_breed_id': 15, 'pet_level': 1, 'pet_quality_id': 2, 'pet_species_id': 2960}"
1200138768,VERY_LONG,,1,16999700,,"{'id': 82800, 'context': 0, 'modifiers': [{'type': 6, 'value': 48857}], 'pet_breed_id': 6, 'pet_level': 1, 'pet_quality_id': 3, 'pet_species_id': 1227}"
1200138770,VERY_LONG,,1,55054000,,"{'id': 82800, 'context': 0, 'modifiers': [{'type': 6, 'value': 97090}], 'pet_breed_id': 8, 'pet_level': 1, 'pet_quality_id': 2, 'pet_species_id': 3029}"
1200138774,VERY_LONG,,1,12040900,,"{'id': 82800, 'context': 0, 'modifiers': [{'type': 6, 'value': 66487}], 'pet_breed_id': 17, 'pet_level': 1, 'pet_quality_id': 3, 'pet_species_id': 2551}"
1200138775,VERY_LONG,,1,135000,,"{'id': 121046, 'context': 0, 'bonus_lists': [1812, 1695], 'modifiers': [{'type': 9, 'value': 40}]}"
1200138777,VERY_LONG,,1,110002700,,"{'id': 82800, 'context': 0, 'modifiers': [{'type': 6, 'value': 27678}], 'pet_breed_id': 12, 'pet_level': 1, 'pet_quality_id': 3, 'pet_species_id': 335}"
1200138778,VERY_LONG,,1,4200003100,,"{'id': 82800, 'context': 0, 'modifiers': [{'type': 6, 'value': 38359}], 'pet_breed_id': 3, 'pet_level': 1, 'pet_quality_id': 3, 'pet_species_id': 311}"
1200138780,VERY_LONG,,1,55033200,,"{'id': 82800, 'context': 0, 'modifiers': [{'type': 6, 'value': 36902}], 'pet_breed_id': 3, 'pet_level': 1, 'pet_quality_id': 3, 'pet_species_id': 267}"
1200138782,VERY_LONG,,1,3489800,,"{'id': 82800, 'context': 0, 'modifiers': [{'type': 6, 'value': 64194}], 'pet_breed_id': 3, 'pet_level': 1, 'pet_quality_id': 3, 'pet_species_id': 1687}"
1200138783,VERY_LONG,,1,79999800,,"{'id': 82800, 'context': 0, 'modifiers': [{'type': 6, 'value': 38429}], 'pet_breed_id': 3, 'pet_level': 1, 'pet_quality_id': 3, 'pet_species_id': 318}"
1200138784,VERY_LONG,,1,80852900,,"{'id': 82800, 'context': 0, 'modifiers': [{'type': 6, 'value': 45939}], 'pet_breed_id': 12, 'pet_level': 1, 'pet_quality_id': 3, 'pet_species_id': 337}"
1200138786,VERY_LONG,,1,27991900,,"{'id': 82800, 'context': 0, 'modifiers': [{'type': 6, 'value': 79709}], 'pet_breed_id': 5, 'pet_level': 1, 'pet_quality_id': 3, 'pet_species_id': 2088}"
1200138788,VERY_LONG,,1,10966500,,"{'id': 121005, 'context': 0, 'bonus_lists': [1812, 1808, 1715], 'modifiers': [{'type': 9, 'value': 40}]}"
1200138789,VERY_LONG,,1,120000000,,"{'id': 82800, 'context': 0, 'modifiers': [{'type': 6, 'value': 6292}], 'pet_breed_id': 14, 'pet_level': 1, 'pet_quality_id': 3, 'pet_species_id': 1563}"
1200138791,VERY_LONG,,1,28997000,,"{'id': 82800, 'context': 0, 'modifiers': [{'type': 6, 'value': 59578}], 'pet_breed_id': 14, 'pet_level': 1, 'pet_quality_id': 3, 'pet_species_id': 1530}"
1200138793,VERY_LONG,,1,132223200,,"{'id': 82800, 'context': 0, 'modifiers': [{'type': 6, 'value': 58547}], 'pet_breed_id': 18, 'pet_level': 1, 'pet_quality_id': 3, 'pet_species_id': 1450}"
1200138794,VERY_LONG,,1,20009300,,"{'id': 82800, 'context': 0, 'modifiers': [{'type': 6, 'value': 39739}], 'pet_breed_id': 21, 'pet_level': 1, 'pet_quality_id': 3, 'pet_species_id': 2584}"
1200138795,VERY_LONG,,1,10999800,,"{'id': 82800, 'context': 0, 'modifiers': [{'type': 6, 'value': 75766}], 'pet_breed_id': 18, 'pet_level': 1, 'pet_quality_id': 3, 'pet_species_id': 2042}"
1200138797,VERY_LONG,,1,1076000000,,"{'id': 82800, 'context': 0, 'modifiers': [{'type': 6, 'value': 86101}], 'pet_breed_id': 6, 'pet_level': 1, 'pet_quality_id': 3, 'pet_species_id': 2187}"
1200138798,VERY_LONG,,1,16651200,,"{'id': 154851, 'context': 0, 'bonus_lists': [4796, 1701], 'modifiers': [{'type': 9, 'value': 45}]}"
1200138799,VERY_LONG,,1,64999700,,"{'id': 82800, 'context': 0, 'modifiers': [{'type': 6, 'value': 48091}], 'pet_breed_id': 10, 'pet_level': 1, 'pet_quality_id': 3, 'pet_species_id': 1201}"
1200138801,VERY_LONG,,1,6492000,,"{'id': 82800, 'context': 0, 'modifiers': [{'type': 6, 'value': 71835}], 'pet_breed_id': 8, 'pet_level': 1, 'pet_quality_id': 3, 'pet_species_id': 1721}"
1200138803,VERY_LONG,,1,183235300,,"{'id': 82800, 'context': 0, 'modifiers': [{'type': 6, 'value': 91235}], 'pet_breed_id': 20, 'pet_level': 1, 'pet_quality_id': 3, 'pet_species_id': 2681}"
1200138806,VERY_LONG,,1,269996400,,"{'id': 82800, 'context': 0, 'modifiers': [{'type': 6, 'value': 99860}], 'pet_breed_id': 19, 'pet_level': 1, 'pet_quality_id': 2, 'pet_species_id': 2947}"
1200138807,VERY_LONG,,1,275399900,,"{'id': 82800, 'context': 0, 'modifiers': [{'type': 6, 'value': 86231}], 'pet_breed_id': 3, 'pet_level': 1, 'pet_quality_id': 2, 'pet_species_id': 2192}"
1200138808,VERY_LONG,,1,99999800,,"{'id': 82800, 'context': 0, 'modifiers': [{'type': 6, 'value': 99866}], 'pet_breed_id': 9, 'pet_level': 1, 'pet_quality_id': 2, 'pet_species_id': 2916}"
1200138809,VERY_LONG,,1,1478500,,"{'id': 159173, 'context': 0, 'bonus_lists': [4796, 1680], 'modifiers': [{'type': 9, 'value': 48}]}"
1200138810,VERY_LONG,,1,1633900,,"{'id': 82800, 'context': 0, 'modifiers': [{'type': 6, 'value': 63446}], 'pet_breed_id': 14, 'pet_level': 1, 'pet_quality_id': 3, 'pet_species_id': 1662}"
1200138811,VERY_LONG,,1,5185172900,,"{'id': 82800, 'context': 0, 'modifiers': [{'type': 6, 'value': 60441}], 'pet_breed_id': 20, 'pet_level': 1, 'pet_quality_id': 3, 'pet_species_id': 1544}"
1200138814,VERY_LONG,,1,67343600,,"{'id': 82800, 'context': 0, 'modifiers': [{'type': 6, 'value': 59017}], 'pet_breed_id': 21, 'pet_level': 1, 'pet_quality_id': 3, 'pet_species_id': 1545}"
1200138815,VERY_LONG,,1,5000700,,"{'id': 82800, 'context': 0, 'modifiers': [{'type': 6, 'value': 62217}], 'pet_breed_id': 8, 'pet_level': 1, 'pet_quality_id': 2, 'pet_species_id': 194}"
1200138822,VERY_LONG,,1,159999800,,"{'id': 82800, 'context': 0, 'modifiers': [{'type': 6, 'value': 91656}], 'pet_breed_id': 10, 'pet_level': 1, 'pet_quality_id': 3, 'pet_species_id': 2721}"
1200138823,VERY_LONG,,1,1376458800,,"{'id': 159283, 'context': 0, 'bonus_lists': [4796, 1677], 'modifiers': [{'type': 9, 'value': 47}]}"
1200138825,VERY_LONG,,1,16941200,,"{'id': 82800, 'context': 0, 'modifiers': [{'type': 6, 'value': 90155}], 'pet_breed_id': 8, 'pet_level': 1, 'pet_quality_id': 3, 'pet_species_id': 2544}"
1200138827,VERY_LONG,,1,210009400,,"{'id': 82800, 'context': 0, 'modifiers': [{'type': 6, 'value': 54752}], 'pet_breed_id': 16, 'pet_level': 1, 'pet_quality_id': 3, 'pet_species_id': 1395}"
1200138831,VERY_LONG,,1,139999000,,"{'id': 82800, 'context': 0, 'modifiers': [{'type': 6, 'value': 16587}], 'pet_breed_id': 3, 'pet_level': 1, 'pet_quality_id': 2, 'pet_species_id': 128}"
1200138835,VERY_LONG,,1,57881500,,"{'id': 82800, 'context': 0, 'modifiers': [{'type': 6, 'value': 48212}], 'pet_breed_id': 8, 'pet_level': 1, 'pet_quality_id': 3, 'pet_species_id': 1200}"
1200138838,VERY_LONG,,1,196000000,,"{'id': 82800, 'context': 0, 'modifiers': [{'type': 6, 'value': 95576}], 'pet_breed_id': 14, 'pet_level': 1, 'pet_quality_id': 2, 'pet_species_id': 2944}"
1200138840,VERY_LONG,,1,13080400,,"{'id': 82800, 'context': 0, 'modifiers': [{'type': 6, 'value': 73671}], 'pet_breed_id': 4, 'pet_level': 1, 'pet_quality_id': 3, 'pet_species_id': 1955}"
1200138843,VERY_LONG,,1,179999800,,"{'id': 82800, 'context': 0, 'modifiers': [{'type': 6, 'value': 80254}], 'pet_breed_id': 4, 'pet_level': 1, 'pet_quality_id': 3, 'pet_species_id': 2756}"
1200138844,VERY_LONG,,1,15304200,,"{'id': 159797, 'context': 0, 'bonus_lists': [4796, 1692], 'modifiers': [{'type': 9, 'value': 48}]}"
1200138845,VERY_LONG,,1,115552200,,"{'id': 82800, 'context': 0, 'modifiers': [{'type': 6, 'value': 47958}], 'pet_breed_id': 21, 'pet_level': 1, 'pet_quality_id': 3, 'pet_species_id': 1208}"
1200138847,VERY_LONG,,1,755999900,,"{'id': 82800, 'context': 0, 'modifiers': [{'type': 6, 'value': 93744}], 'pet_breed_id': 18, 'pet_level': 1, 'pet_quality_id': 2, 'pet_species_id': 2933}"
1200138848,VERY_LONG,,1,25281000,,"{'id': 82800, 'context': 0, 'modifiers': [{'type': 6, 'value': 91810}], 'pet_breed_id': 18, 'pet_level': 1, 'pet_quality_id': 3, 'pet_species_id': 2835}"
1200138850,VERY_LONG,,1,35007800,,"{'id': 82800, 'context': 0, 'modifiers': [{'type': 6, 'value': 81984}], 'pet_breed_id': 3, 'pet_level': 1, 'pet_quality_id': 3, 'pet_species_id': 2157}"
1200138851,VERY_LONG,,1,3000000000,,"{'id': 82800, 'context': 0, 'modifiers': [{'type': 6, 'value': 38919}], 'pet_breed_id': 11, 'pet_level': 25, 'pet_quality_id': 3, 'pet_species_id': 333}"
1200138855,VERY_LONG,,1,99970000,,"{'id': 82800, 'context': 0, 'modifiers': [{'type': 6, 'value': 22389}], 'pet_breed_id': 3, 'pet_level': 1, 'pet_quality_id': 3, 'pet_species_id': 164}"
1200138858,VERY_LONG,,1,2706300,,"{'id': 159191, 'context': 0, 'bonus_lists': [4796, 1704], 'modifiers': [{'type': 9, 'value': 46}]}"
1200138903,LONG,155000,8,,,{'id': 171829}
1200138930,LONG,25300,93,,,{'id': 72988}
1200138976,LONG,725400,8,,,{'id': 172231}
1200139002,LONG,19000,7,,,{'id': 179315}
1200139027,LONG,24700,15,,,{'id': 172054}
1200139074,LONG,377400,9,,,{'id': 173033}
1200139079,LONG,58800,1,,,{'id': 133607}
1200139088,LONG,4800,6,,,{'id': 173032}
1200139091,LONG,,1,13491000,,"{'id': 171443, 'context': 13, 'bonus_lists': [6893], 'modifiers': [{'type': 9, 'value': 56}, {'type': 28, 'value': 391}, {'type': 29, 'value': 49}, {'type': 30, 'value': 40}]}"
1200139094,LONG,,1,13491000,,"{'id': 171443, 'context': 13, 'bonus_lists': [6893], 'modifiers': [{'type': 9, 'value': 56}, {'type': 28, 'value': 391}, {'type': 29, 'value': 40}, {'type': 30, 'value': 49}]}"
1200139095,LONG,,1,13491000,,"{'id': 171443, 'context': 13, 'bonus_lists': [6893], 'modifiers': [{'type': 9, 'value': 56}, {'type': 28, 'value': 391}, {'type': 29, 'value': 49}, {'type': 30, 'value': 36}]}"
1200139096,LONG,,1,13491000,,"{'id': 171443, 'context': 13, 'bonus_lists': [6893], 'modifiers': [{'type': 9, 'value': 56}, {'type': 28, 'value': 391}, {'type': 29, 'value': 49}, {'type': 30, 'value': 36}]}"
1200139097,LONG,,1,13491000,,"{'id': 171443, 'context': 13, 'bonus_lists': [6893], 'modifiers': [{'type': 9, 'value': 56}, {'type': 28, 'value': 391}, {'type': 29, 'value': 36}, {'type': 30, 'value': 49}]}"
1200139099,LONG,,1,13481200,,"{'id': 171443, 'context': 13, 'bonus_lists': [6893], 'modifiers': [{'type': 9, 'value': 56}, {'type': 28, 'value': 391}, {'type': 29, 'value': 40}, {'type': 30, 'value': 32}]}"
1200141103,LONG,,1,13481200,,"{'id': 171443, 'context': 13, 'bonus_lists': [6893], 'modifiers': [{'type': 9, 'value': 56}, {'type': 28, 'value': 391}, {'type': 29, 'value': 40}, {'type': 30, 'value': 32}]}"
1200141104,LONG,,1,13491000,,"{'id': 171443, 'context': 13, 'bonus_lists': [6893], 'modifiers': [{'type': 9, 'value': 56}, {'type': 28, 'value': 391}, {'type': 29, 'value': 36}, {'type': 30, 'value': 40}]}"
1200141105,LONG,,1,13491000,,"{'id': 171443, 'context': 13, 'bonus_lists': [6893], 'modifiers': [{'type': 9, 'value': 56}, {'type': 28, 'value': 391}, {'type': 29, 'value': 36}, {'type': 30, 'value': 32}]}"
1200141106,LONG,,1,13491000,,"{'id': 171443, 'context': 13, 'bonus_lists': [6893], 'modifiers': [{'type': 9, 'value': 56}, {'type': 28, 'value': 391}, {'type': 29, 'value': 36}, {'type': 30, 'value': 32}]}"
1200141109,LONG,,1,13428700,,"{'id': 171443, 'context': 13, 'bonus_lists': [6893], 'modifiers': [{'type': 9, 'value': 60}, {'type': 28, 'value': 391}, {'type': 29, 'value': 49}, {'type': 30, 'value': 40}]}"
1200141110,LONG,,1,13428700,,"{'id': 171443, 'context': 13, 'bonus_lists': [6893], 'modifiers': [{'type': 9, 'value': 60}, {'type': 28, 'value': 391}, {'type': 29, 'value': 40}, {'type': 30, 'value': 36}]}"
1200141111,LONG,,1,64498200,,"{'id': 152818, 'context': 13, 'bonus_lists': [1687, 6845, 5804]}"
1200141112,LONG,,1,64498200,,"{'id': 152818, 'context': 13, 'bonus_lists': [1688, 6845, 5804]}"
1200141116,LONG,,1,53336200,,"{'id': 152818, 'context': 13, 'bonus_lists': [1701, 6845, 5804]}"
1200141120,LONG,,1,53336200,,"{'id': 152818, 'context': 13, 'bonus_lists': [1699, 6845, 5804]}"
1200141122,LONG,,1,53336200,,"{'id': 152818, 'context': 13, 'bonus_lists': [1698, 6845, 5804]}"
1200141124,LONG,,1,16108800,,"{'id': 171449, 'context': 13, 'bonus_lists': [6893], 'modifiers': [{'type': 9, 'value': 56}, {'type': 28, 'value': 391}, {'type': 29, 'value': 32}, {'type': 30, 'value': 40}]}"
1200141127,LONG,468700,2,,,{'id': 171437}
1200141131,LONG,,1,71426300,,"{'id': 161883, 'context': 13, 'bonus_lists': [1692, 5804, 6849]}"
1200141133,LONG,,1,71426300,,"{'id': 161883, 'context': 13, 'bonus_lists': [1705, 5804, 6849]}"
1200141138,LONG,,1,3490800,,"{'id': 171380, 'context': 13, 'bonus_lists': [6885], 'modifiers': [{'type': 9, 'value': 60}, {'type': 28, 'value': 391}, {'type': 29, 'value': 49}, {'type': 30, 'value': 40}]}"
1200141140,LONG,,1,40432100,,"{'id': 161916, 'context': 13, 'bonus_lists': [1691, 6847, 5804]}"
1200141141,LONG,,1,9154800,,"{'id': 161916, 'context': 13, 'bonus_lists': [1688, 6847, 5804]}"
1200141143,LONG,,1,20499900,,"{'id': 161882, 'context': 13, 'bonus_lists': [1717, 6850, 5804]}"
1200141144,LONG,,1,20499900,,"{'id': 161882, 'context': 13, 'bonus_lists': [1711, 6850, 5804]}"
1200141145,LONG,,1,4166400,,"{'id': 161887, 'context': 13, 'bonus_lists': [1676, 6850, 5804]}"
1200141146,LONG,,1,2666500,,"{'id': 161887, 'context': 13, 'bonus_lists': [1711, 6850, 5804]}"
1200141149,LONG,,1,1446300,,"{'id': 171376, 'context': 13, 'bonus_lists': [6887], 'modifiers': [{'type': 9, 'value': 56}, {'type': 28, 'value': 391}, {'type': 29, 'value': 32}, {'type': 30, 'value': 49}]}"
1200141150,LONG,,1,3086300,,"{'id': 171376, 'context': 13, 'bonus_lists': [6887], 'modifiers': [{'type': 9, 'value': 60}, {'type': 28, 'value': 391}, {'type': 29, 'value': 36}, {'type': 30, 'value': 32}]}"
1200141152,LONG,,1,11452600,,"{'id': 171444, 'context': 13, 'bonus_lists': [6893], 'modifiers': [{'type': 9, 'value': 56}, {'type': 28, 'value': 391}, {'type': 29, 'value': 49}, {'type': 30, 'value': 36}]}"
1200141153,LONG,1089800,2,,,{'id': 3239}
1200141230,VERY_LONG,7954900,10,,,{'id': 181468}
1200141568,LONG,3318000,301,,,{'id': 171349}
1200141576,LONG,,1,33847100,,"{'id': 177794, 'context': 2, 'bonus_lists': [6907, 6652, 6935, 1707], 'modifiers': [{'type': 9, 'value': 60}, {'type': 28, 'value': 748}]}"
1200141578,LONG,,1,9983300,,"{'id': 172258, 'context': 13, 'bonus_lists': [6893], 'modifiers': [{'type': 9, 'value': 60}, {'type': 28, 'value': 391}, {'type': 29, 'value': 32}, {'type': 30, 'value': 49}]}"
1200141581,LONG,,1,9983300,,"{'id': 172258, 'context': 13, 'bonus_lists': [6893], 'modifiers': [{'type': 9, 'value': 60}, {'type': 28, 'value': 391}, {'type': 29, 'value': 40}, {'type': 30, 'value': 49}]}"
1200141585,LONG,,1,9983300,,"{'id': 172258, 'context': 13, 'bonus_lists': [6893], 'modifiers': [{'type': 9, 'value': 60}, {'type': 28, 'value': 391}, {'type': 29, 'value': 36}, {'type': 30, 'value': 40}]}"
1200141589,LONG,,1,9983300,,"{'id': 172258, 'context': 13, 'bonus_lists': [6893], 'modifiers': [{'type': 9, 'value': 60}, {'type': 28, 'value': 391}, {'type': 29, 'value': 49}, {'type': 30, 'value': 32}]}"
1200141594,LONG,,1,25146500,,"{'id': 177791, 'context': 2, 'bonus_lists': [6907, 6652, 1699], 'modifiers': [{'type': 9, 'value': 60}, {'type': 28, 'value': 748}]}"
1200141597,LONG,2957700,100,,,{'id': 171275}
1200141600,LONG,,1,59995000,,"{'id': 172318, 'context': 63, 'bonus_lists': [6716, 1487]}"
1200141603,LONG,,1,59995000,,"{'id': 172318, 'context': 63, 'bonus_lists': [6716, 1487]}"
1200141606,LONG,,1,279985000,,"{'id': 172316, 'context': 63, 'bonus_lists': [6716, 1487]}"
1200141609,LONG,,1,279985000,,"{'id': 172316, 'context': 63, 'bonus_lists': [6716, 1487]}"
1200141614,LONG,,1,279985000,,"{'id': 172316, 'context': 63, 'bonus_lists': [6716, 1487]}"
1200141617,LONG,,1,4430000,,"{'id': 172261, 'context': 13, 'bonus_lists': [6893], 'modifiers': [{'type': 9, 'value': 60}, {'type': 28, 'value': 391}, {'type': 29, 'value': 36}, {'type': 30, 'value': 49}]}"
1200141622,LONG,,1,4430000,,"{'id': 172261, 'context': 13, 'bonus_lists': [6893], 'modifiers': [{'type': 9, 'value': 60}, {'type': 28, 'value': 391}, {'type': 29, 'value': 40}, {'type': 30, 'value': 32}]}"
1200141625,LONG,,1,4430000,,"{'id': 172261, 'context': 13, 'bonus_lists': [6893], 'modifiers': [{'type': 9, 'value': 60}, {'type': 28, 'value': 391}, {'type': 29, 'value': 36}, {'type': 30, 'value': 49}]}"
1200141627,LONG,4351100,75,,,{'id': 171273}
1200141630,LONG,3477700,156,,,{'id': 171270}
1200141633,LONG,,1,12090500,,"{'id': 172255, 'context': 13, 'bonus_lists': [6893], 'modifiers': [{'type': 9, 'value': 60}, {'type': 28, 'value': 391}, {'type': 29, 'value': 49}, {'type': 30, 'value': 40}]}"
1200141638,LONG,,1,179990000,,"{'id': 172315, 'context': 63, 'bonus_lists': [6716, 1487]}"
1200141642,LONG,385000,147,,,{'id': 171285}
1200141645,LONG,,1,2195000,,"{'id': 172265, 'context': 13, 'bonus_lists': [6893], 'modifiers': [{'type': 9, 'value': 60}, {'type': 28, 'value': 391}, {'type': 29, 'value': 36}, {'type': 30, 'value': 40}]}"
1200141650,LONG,,1,2195000,,"{'id': 172265, 'context': 13, 'bonus_lists': [6893], 'modifiers': [{'type': 9, 'value': 60}, {'type': 28, 'value': 391}, {'type': 29, 'value': 36}, {'type': 30, 'value': 49}]}"
1200141654,LONG,,1,2195000,,"{'id': 172265, 'context': 13, 'bonus_lists': [6893], 'modifiers': [{'type': 9, 'value': 60}, {'type': 28, 'value': 391}, {'type': 29, 'value': 36}, {'type': 30, 'value': 49}]}"
1200141658,LONG,,1,139995000,,"{'id': 172321, 'context': 63, 'bonus_lists': [6716, 7193, 1487]}"
1200141662,LONG,,1,139995000,,"{'id': 172321, 'context': 63, 'bonus_lists': [6716, 7194, 1487]}"
1200141665,LONG,,1,3947900,,"{'id': 172257, 'context': 13, 'bonus_lists': [6893], 'modifiers': [{'type': 9, 'value': 60}, {'type': 28, 'value': 391}, {'type': 29, 'value': 32}, {'type': 30, 'value': 36}]}"
1200141667,LONG,,1,3947900,,"{'id': 172257, 'context': 13, 'bonus_lists': [6893], 'modifiers': [{'type': 9, 'value': 60}, {'type': 28, 'value': 391}, {'type': 29, 'value': 32}, {'type': 30, 'value': 40}]}"
1200141671,LONG,,1,1345000,,"{'id': 177809, 'context': 2, 'bonus_lists': [6908, 6652, 1699], 'modifiers': [{'type': 9, 'value': 60}, {'type': 28, 'value': 748}]}"
1200141672,LONG,,1,24160900,,"{'id': 177774, 'context': 5, 'bonus_lists': [6907, 42, 1688], 'modifiers': [{'type': 9, 'value': 60}, {'type': 28, 'value': 752}]}"
1200141853,VERY_LONG,,1,249800,,"{'id': 15270, 'context': 1, 'bonus_lists': [6655, 1709], 'modifiers': [{'type': 9, 'value': 30}, {'type': 28, 'value': 282}]}"
1200141854,VERY_LONG,,1,249800,,"{'id': 15270, 'context': 1, 'bonus_lists': [6655, 1692], 'modifiers': [{'type': 9, 'value': 30}, {'type': 28, 'value': 282}]}"
1200141856,VERY_LONG,,1,4810000,,"{'id': 8122, 'context': 1, 'bonus_lists': [6654], 'modifiers': [{'type': 9, 'value': 30}, {'type': 28, 'value': 282}]}"
1200141858,VERY_LONG,,1,4810000,,"{'id': 8122, 'context': 1, 'bonus_lists': [6654], 'modifiers': [{'type': 9, 'value': 30}, {'type': 28, 'value': 282}]}"
1200141862,VERY_LONG,,1,154200,,"{'id': 24687, 'context': 0, 'bonus_lists': [6654, 1680], 'modifiers': [{'type': 9, 'value': 30}, {'type': 28, 'value': 1012}]}"
1200141864,VERY_LONG,,1,324000,,"{'id': 36266, 'context': 0, 'bonus_lists': [6654, 1708], 'modifiers': [{'type': 9, 'value': 30}, {'type': 28, 'value': 1023}]}"
1200141866,VERY_LONG,,1,495800,,"{'id': 116637, 'context': 0, 'bonus_lists': [6655, 165], 'modifiers': [{'type': 9, 'value': 40}, {'type': 28, 'value': 176}]}"
1200141872,VERY_LONG,,1,2744600,,"{'id': 24963, 'context': 0, 'bonus_lists': [6654, 1705], 'modifiers': [{'type': 9, 'value': 30}, {'type': 28, 'value': 39}]}"
1200141875,VERY_LONG,,1,1008900,,"{'id': 36039, 'context': 0, 'bonus_lists': [6654, 1677], 'modifiers': [{'type': 9, 'value': 30}, {'type': 28, 'value': 1023}]}"
1200141878,VERY_LONG,,1,1008900,,"{'id': 36039, 'context': 0, 'bonus_lists': [6654, 1706], 'modifiers': [{'type': 9, 'value': 30}, {'type': 28, 'value': 1023}]}"
1200141880,VERY_LONG,,1,417600,,"{'id': 81990, 'context': 0, 'bonus_lists': [6654, 1695], 'modifiers': [{'type': 9, 'value': 35}, {'type': 28, 'value': 168}]}"
1200141883,VERY_LONG,,1,320500,,"{'id': 24916, 'context': 0, 'bonus_lists': [6654, 1677], 'modifiers': [{'type': 9, 'value': 30}, {'type': 28, 'value': 1012}]}"
1200141886,VERY_LONG,75500,1,,,{'id': 74248}
1200141893,VERY_LONG,,1,402522600,,"{'id': 159599, 'context': 0, 'bonus_lists': [6655, 1709], 'modifiers': [{'type': 9, 'value': 50}, {'type': 28, 'value': 191}]}"
1200141896,VERY_LONG,8566700,422,,,{'id': 79253}
1200141901,VERY_LONG,,1,2005400,,"{'id': 45480, 'context': 3, 'modifiers': [{'type': 28, 'value': 1020}]}"
1200141903,VERY_LONG,,1,1221500,,"{'id': 24635, 'context': 0, 'bonus_lists': [6654, 1708], 'modifiers': [{'type': 9, 'value': 30}, {'type': 28, 'value': 39}]}"
1200141906,VERY_LONG,,1,2992200,,"{'id': 82282, 'context': 6, 'bonus_lists': [6655, 1714], 'modifiers': [{'type': 9, 'value': 35}, {'type': 28, 'value': 2012}]}"
1200141909,VERY_LONG,,1,207500,,"{'id': 82285, 'context': 6, 'bonus_lists': [6655, 1699], 'modifiers': [{'type': 9, 'value': 35}, {'type': 28, 'value': 2012}]}"
1200141914,VERY_LONG,,1,557300,,"{'id': 82003, 'context': 0, 'bonus_lists': [6655, 1706], 'modifiers': [{'type': 9, 'value': 35}, {'type': 28, 'value': 1035}]}"
1200141917,VERY_LONG,,1,1500000,,"{'id': 36373, 'context': 0, 'bonus_lists': [6654, 1695], 'modifiers': [{'type': 9, 'value': 50}, {'type': 28, 'value': 1401}]}"
1200141919,VERY_LONG,,1,5007300,,"{'id': 159585, 'context': 0, 'bonus_lists': [4796, 1689], 'modifiers': [{'type': 9, 'value': 50}]}"
1200141924,VERY_LONG,,1,11620000,,"{'id': 8116, 'context': 54, 'bonus_lists': [4277], 'modifiers': [{'type': 9, 'value': 50}]}"
1200141926,VERY_LONG,,1,11620000,,"{'id': 8116, 'context': 1, 'bonus_lists': [6654], 'modifiers': [{'type': 9, 'value': 30}, {'type': 28, 'value': 282}]}"
1200141929,VERY_LONG,,1,98560300,,"{'id': 160175, 'context': 0, 'bonus_lists': [6654, 1704], 'modifiers': [{'type': 9, 'value': 50}, {'type': 28, 'value': 191}]}"
1200141931,VERY_LONG,,1,36174700,,"{'id': 45237, 'context': 3, 'modifiers': [{'type': 28, 'value': 1020}]}"
1200141934,VERY_LONG,,1,566400,,"{'id': 55510, 'context': 1, 'bonus_lists': [6654, 1714], 'modifiers': [{'type': 9, 'value': 35}, {'type': 28, 'value': 257}]}"
1200141935,VERY_LONG,,1,459000,,"{'id': 55764, 'context': 36, 'bonus_lists': [1714, 4764], 'modifiers': [{'type': 9, 'value': 50}]}"
1200141939,VERY_LONG,1979800,1,,,{'id': 7082}
1200141942,VERY_LONG,,1,639600,,"{'id': 9897, 'context': 1, 'bonus_lists': [6654, 1678], 'modifiers': [{'type': 9, 'value': 30}, {'type': 28, 'value': 214}]}"
1200141944,LONG,4700,1,,,{'id': 180168}
1200141946,VERY_LONG,,1,12820000,,"{'id': 8109, 'context': 54, 'bonus_lists': [4277], 'modifiers': [{'type': 9, 'value': 50}]}"
1200141948,VERY_LONG,,1,921800,,"{'id': 55563, 'context': 1, 'bonus_lists': [6654, 1694], 'modifiers': [{'type': 9, 'value': 35}, {'type': 28, 'value': 257}]}"
1200141953,VERY_LONG,,1,293000,,"{'id': 82248, 'context': 0, 'bonus_lists': [6654, 1698], 'modifiers': [{'type': 9, 'value': 35}, {'type': 28, 'value': 1032}]}"
1200141957,VERY_LONG,,1,300000,,"{'id': 82256, 'context': 6, 'bonus_lists': [6654, 1700], 'modifiers': [{'type': 9, 'value': 35}, {'type': 28, 'value': 2012}]}"
1200141959,VERY_LONG,,1,700000,,"{'id': 36260, 'context': 0, 'bonus_lists': [6654, 1695], 'modifiers': [{'type': 9, 'value': 30}, {'type': 28, 'value': 1023}]}"
1200141962,VERY_LONG,,1,1084500,,"{'id': 55437, 'context': 1, 'bonus_lists': [6655, 1684], 'modifiers': [{'type': 9, 'value': 35}, {'type': 28, 'value': 257}]}"
1200141965,VERY_LONG,,1,1009800,,"{'id': 25026, 'context': 0, 'bonus_lists': [6654, 1695], 'modifiers': [{'type': 9, 'value': 30}, {'type': 28, 'value': 1012}]}"
1200141968,VERY_LONG,,1,4009600,,"{'id': 82800, 'context': 0, 'modifiers': [{'type': 6, 'value': 73684}], 'pet_breed_id': 16, 'pet_level': 1, 'pet_quality_id': 3, 'pet_species_id': 1959}"
1200141970,VERY_LONG,,1,6079400,,"{'id': 160152, 'context': 0, 'bonus_lists': [4796, 1709], 'modifiers': [{'type': 9, 'value': 50}]}"
1200141972,VERY_LONG,,1,6079400,,"{'id': 160152, 'context': 0, 'bonus_lists': [4796, 1695], 'modifiers': [{'type': 9, 'value': 50}]}"
1200141975,VERY_LONG,,1,52361500,,"{'id': 167809, 'context': 0}"
1200141980,VERY_LONG,2000,1,,,{'id': 74834}
1200141984,VERY_LONG,,1,400000,,"{'id': 82247, 'context': 6, 'bonus_lists': [6654, 1702], 'modifiers': [{'type': 9, 'value': 35}, {'type': 28, 'value': 2012}]}"
1200141986,VERY_LONG,,1,5140500,,"{'id': 82800, 'context': 0, 'modifiers': [{'type': 6, 'value': 99114}], 'pet_breed_id': 8, 'pet_level': 1, 'pet_quality_id': 3, 'pet_species_id': 3046}"
1200141988,VERY_LONG,,1,3673900,,"{'id': 95411, 'context': 0, 'modifiers': [{'type': 28, 'value': 1035}]}"
1200141991,VERY_LONG,,1,527000,,"{'id': 36262, 'context': 0, 'bonus_lists': [6654, 1691], 'modifiers': [{'type': 9, 'value': 30}, {'type': 28, 'value': 1023}]}"
1200141995,VERY_LONG,,1,5500000,,"{'id': 177779, 'context': 0, 'bonus_lists': [6907, 6652, 7194, 1704], 'modifiers': [{'type': 9, 'value': 60}, {'type': 28, 'value': 1707}]}"
1200141998,VERY_LONG,,1,259300,,"{'id': 36668, 'context': 3, 'bonus_lists': [6655, 1681], 'modifiers': [{'type': 9, 'value': 30}, {'type': 28, 'value': 1020}]}"
1200142001,VERY_LONG,,1,259300,,"{'id': 36668, 'context': 3, 'bonus_lists': [6655, 1695], 'modifiers': [{'type': 9, 'value': 30}, {'type': 28, 'value': 1020}]}"
1200142003,VERY_LONG,,1,17981700,,"{'id': 52379, 'context': 0, 'modifiers': [{'type': 28, 'value': 54}]}"
1200142004,VERY_LONG,,1,2764100,,"{'id': 36038, 'context': 0, 'bonus_lists': [6654, 1694], 'modifiers': [{'type': 9, 'value': 30}, {'type': 28, 'value': 1023}]}"
1200142007,VERY_LONG,,1,2764100,,"{'id': 36038, 'context': 0, 'bonus_lists': [6654, 1707], 'modifiers': [{'type': 9, 'value': 30}, {'type': 28, 'value': 1023}]}"
1200142009,VERY_LONG,,1,19999800,,"{'id': 43660, 'context': 0}"
1200142011,VERY_LONG,,1,22533500,,"{'id': 82055, 'context': 6, 'bonus_lists': [6655, 1681], 'modifiers': [{'type': 9, 'value': 35}, {'type': 28, 'value': 2012}]}"
1200142015,VERY_LONG,,1,22533500,,"{'id': 82055, 'context': 0, 'bonus_lists': [6655, 1681], 'modifiers': [{'type': 9, 'value': 35}, {'type': 28, 'value': 168}]}"
1200142017,VERY_LONG,,1,384400,,"{'id': 24913, 'context': 0, 'bonus_lists': [6654, 1679], 'modifiers': [{'type': 9, 'value': 30}, {'type': 28, 'value': 1012}]}"
1200142020,VERY_LONG,,1,1600000,,"{'id': 10194, 'context': 1, 'bonus_lists': [6654, 1695], 'modifiers': [{'type': 9, 'value': 30}, {'type': 28, 'value': 282}]}"
1200142022,VERY_LONG,,1,1898700,,"{'id': 82263, 'context': 0, 'bonus_lists': [6654, 1684], 'modifiers': [{'type': 9, 'value': 35}, {'type': 28, 'value': 1035}]}"
1200142024,VERY_LONG,,1,1898700,,"{'id': 82263, 'context': 0, 'bonus_lists': [6654, 1688], 'modifiers': [{'type': 9, 'value': 35}, {'type': 28, 'value': 1032}]}"
1200142027,VERY_LONG,,1,1898700,,"{'id': 82263, 'context': 0, 'bonus_lists': [6654, 1677], 'modifiers': [{'type': 9, 'value': 35}, {'type': 28, 'value': 1035}]}"
1200142031,VERY_LONG,,1,26987600,,"{'id': 159571, 'context': 0, 'bonus_lists': [6655, 1683], 'modifiers': [{'type': 9, 'value': 50}, {'type': 28, 'value': 713}]}"
1200142033,VERY_LONG,,1,289700,,"{'id': 106525, 'context': 29, 'bonus_lists': [4503, 63], 'modifiers': [{'type': 9, 'value': 50}]}"
1200142035,VERY_LONG,,1,3159300,,"{'id': 176992, 'context': 0, 'bonus_lists': [6907, 6652, 7194, 1680], 'modifiers': [{'type': 9, 'value': 60}, {'type': 28, 'value': 2060}]}"
1200142038,VERY_LONG,,1,784500,,"{'id': 82291, 'context': 0, 'bonus_lists': [6654, 1698], 'modifiers': [{'type': 9, 'value': 35}, {'type': 28, 'value': 1032}]}"
1200142040,VERY_LONG,,1,784500,,"{'id': 82291, 'context': 6, 'bonus_lists': [6654, 1681], 'modifiers': [{'type': 9, 'value': 35}, {'type': 28, 'value': 2012}]}"
1200142042,VERY_LONG,,1,4983400,,"{'id': 36288, 'context': 3, 'bonus_lists': [6654, 1694], 'modifiers': [{'type': 9, 'value': 30}, {'type': 28, 'value': 1020}]}"
1200142046,VERY_LONG,,1,428600,,"{'id': 24986, 'context': 0, 'bonus_lists': [6654, 1692], 'modifiers': [{'type': 9, 'value': 30}, {'type': 28, 'value': 39}]}"
1200142049,VERY_LONG,,1,428600,,"{'id': 24986, 'context': 2, 'bonus_lists': [6654, 1691], 'modifiers': [{'type': 9, 'value': 30}, {'type': 28, 'value': 1068}]}"
1200142052,VERY_LONG,28900,10,,,{'id': 45087}
1200143150,LONG,176200,1,,,{'id': 171831}
1200143217,LONG,152700,2,,,{'id': 171829}
1200143244,LONG,44700,6,,,{'id': 171841}
1200143263,LONG,4800,19,,,{'id': 173032}
1200143267,LONG,377400,14,,,{'id': 173033}
1200143327,LONG,24700,4,,,{'id': 172054}
1200143329,VERY_LONG,7954900,4,,,{'id': 181468}
1200143333,LONG,29000,37,,,{'id': 179315}
1200143370,VERY_LONG,5000000,100,,,{'id': 172437}
1200143781,LONG,300000,10,,,{'id': 41809}
1200143782,LONG,17999900,3,,,{'id': 129288}
1200143784,LONG,,1,34268600,17134300,"{'id': 3608, 'context': 1}"
1200143786,LONG,500000,2,,,{'id': 6303}
1200143787,LONG,113999800,10,,,{'id': 152615}
1200143789,LONG,720000,10,,,{'id': 6889}
1200143790,LONG,159600,253,,,{'id': 3860}
1200143793,LONG,1609900,4,,,{'id': 21071}
1200143796,LONG,22600,152,,,{'id': 174353}
1200143797,LONG,,1,180167200,,"{'id': 35982, 'context': 22, 'bonus_lists': [6654, 1692], 'modifiers': [{'type': 9, 'value': 30}, {'type': 28, 'value': 1094}]}"
1200143798,LONG,,1,80000000,40000000,"{'id': 55408, 'context': 1, 'bonus_lists': [6655, 1692], 'modifiers': [{'type': 9, 'value': 35}, {'type': 28, 'value': 259}]}"
1200143799,LONG,43000,835,,,{'id': 153635}
1200143800,LONG,8101713100,1,,,{'id': 40078}
1200143802,LONG,160000,5,,,{'id': 23079}
1200143804,LONG,5549700,1,,,{'id': 76084}
1200143806,LONG,,1,99999900,50000000,"{'id': 13119, 'context': 0}"
1200143808,LONG,958700,1,,,{'id': 166270}
1200143809,LONG,,1,8500000,4250000,"{'id': 55561, 'context': 0, 'bonus_lists': [6654, 1684], 'modifiers': [{'type': 9, 'value': 35}, {'type': 28, 'value': 52}]}"
1200143811,LONG,,1,109999900,55000000,"{'id': 116470, 'context': 0, 'bonus_lists': [6655, 112], 'modifiers': [{'type': 9, 'value': 26}, {'type': 28, 'value': 1765}]}"
1200143812,LONG,34999900,1,,,{'id': 12190}
1200143813,LONG,4374400,3,,,{'id': 168506}
1200143814,LONG,810000,1,,,{'id': 76095}
1200143815,LONG,36800,853,,,{'id': 172935}
1200143817,LONG,229600,165,,,{'id': 152877}
1200143818,LONG,19599800,1,,,{'id': 3824}
1200143823,LONG,600000,1,,,{'id': 3859}
1200143824,LONG,19999800,1,,,{'id': 58085}
1200143825,LONG,430000,3,,,{'id': 111666}
1200143827,LONG,1200000,10,,,{'id': 34736}
1200143828,LONG,2599700,1,,,{'id': 116266}
1200143830,LONG,,1,33999900,17000000,"{'id': 15550, 'context': 1, 'bonus_lists': [6654, 1708], 'modifiers': [{'type': 9, 'value': 30}, {'type': 28, 'value': 206}]}"
1200143832,LONG,9249500,2,,,{'id': 20424}
1200143833,LONG,1159800,1,,,{'id': 76089}
1200143837,LONG,,1,2000000,,"{'id': 176788, 'context': 23, 'bonus_lists': [6907, 6652, 7193, 1688], 'modifiers': [{'type': 9, 'value': 60}, {'type': 28, 'value': 749}]}"
1200143838,LONG,7999800,10,,,{'id': 122348}
1200143841,LONG,129806100,1,,,{'id': 28104}
1200143842,LONG,100000,35,,,{'id': 5504}
1200143843,LONG,1999800,1,,,{'id': 136375}
1200143844,LONG,,1,43999900,22000000,"{'id': 15346, 'context': 1, 'bonus_lists': [6654, 1695], 'modifiers': [{'type': 9, 'value': 30}, {'type': 28, 'value': 206}]}"
1200143845,LONG,,1,5000600,2932300,"{'id': 82009, 'context': 0, 'bonus_lists': [6655, 1712], 'modifiers': [{'type': 9, 'value': 35}, {'type': 28, 'value': 57}]}"
1200143846,LONG,,1,34651900,,"{'id': 176975, 'context': 23, 'bonus_lists': [6907, 6652, 6935, 1715], 'modifiers': [{'type': 9, 'value': 60}, {'type': 28, 'value': 749}]}"
1200143849,LONG,85100,373,,,{'id': 168185}
1200143850,LONG,,1,39561500,,"{'id': 55311, 'context': 22, 'bonus_lists': [6654, 1691], 'modifiers': [{'type': 9, 'value': 35}, {'type': 28, 'value': 1114}]}"
1200143852,LONG,19900,456,,,{'id': 158378}
1200143853,LONG,4016800,1,,,{'id': 127839}
1200143854,LONG,6748700,9,,,{'id': 67229}
1200143855,LONG,40000,365,,,{'id': 168303}
1200143856,LONG,9995000,2,,,{'id': 171276}
1200143857,LONG,350000,79,,,{'id': 109143}
1200143858,LONG,1239900,1,,,{'id': 76092}
1200143859,LONG,,1,83000300,41500200,"{'id': 15493, 'context': 0, 'bonus_lists': [1678]}"
1200143860,LONG,787300,1,,,{'id': 176852}
1200143863,LONG,240000,1,,,{'id': 76075}
1200143864,LONG,10249800,1,,,{'id': 58487}
1200143866,LONG,1000000,1,,,{'id': 57192}
1200143871,LONG,6750000,1,,,{'id': 58089}
1200143872,LONG,76900,2,,,{'id': 173110}
1200143873,LONG,,1,12119500,,"{'id': 175558, 'context': 0, 'bonus_lists': [6907, 1710], 'modifiers': [{'type': 9, 'value': 60}, {'type': 28, 'value': 1707}]}"
1200143876,LONG,2623900,2,,,{'id': 127841}
1200143878,LONG,800900,1,,,{'id': 40073}
1200143879,LONG,2497800,1,,,{'id': 40076}
1200143883,LONG,2999600,1,,,{'id': 127837}
1200143884,LONG,1799800,1,,,{'id': 9179}
1200143885,LONG,1699800,1,,,{'id': 28103}
1200143888,LONG,1000000,1,,,{'id': 67415}
1200143889,LONG,989900,1,,,{'id': 118704}
1200143892,LONG,1020000,1,,,{'id': 76093}
1200143893,LONG,385000,1,,,{'id': 171285}
1200143896,LONG,149800,40,,,{'id': 124103}
1200143898,LONG,10000000,1,,,{'id': 58088}
1200143900,LONG,8749900,1,,,{'id': 76088}
1200145132,VERY_LONG,725400,45,,,{'id': 172231}
1200145139,VERY_LONG,24700,5,,,{'id': 172054}
1200145147,VERY_LONG,19000,14,,,{'id': 179315}
1200145149,LONG,9900,6,,,{'id': 138729}
1200145150,VERY_LONG,4599700,1,,,{'id': 153510}
1200145153,VERY_LONG,170400,23,,,{'id': 172230}
1200145154,VERY_LONG,1093700,14,,,{'id': 173204}
1200145156,VERY_LONG,2969700,2,,,{'id': 158377}
1200145164,VERY_LONG,3244900,2,,,{'id': 158379}
1200145166,VERY_LONG,467200,12,,,{'id': 171832}
1200145168,VERY_LONG,799100,9,,,{'id': 168822}
1200145171,VERY_LONG,777700,28,,,{'id': 171831}
1200145173,VERY_LONG,89300,4,,,{'id': 173859}
1200145177,VERY_LONG,,1,900000,,"{'id': 161970, 'context': 13, 'bonus_lists': [1704, 6844]}"
1200145181,VERY_LONG,,1,1981800,,"{'id': 25225, 'context': 22, 'bonus_lists': [6655, 1707], 'modifiers': [{'type': 9, 'value': 30}, {'type': 28, 'value': 1075}]}"
1200145186,VERY_LONG,76900,2,,,{'id': 173110}
1200145193,VERY_LONG,,1,2193100,,"{'id': 24777, 'context': 22, 'bonus_lists': [6654, 1705], 'modifiers': [{'type': 9, 'value': 30}, {'type': 28, 'value': 1075}]}"
1200145196,VERY_LONG,,1,900000,,"{'id': 161939, 'context': 13, 'bonus_lists': [1693, 6854]}"
1200145216,VERY_LONG,500,12,,,{'id': 171840}
1200145288,VERY_LONG,9995000,9,,,{'id': 171276}
1200145298,VERY_LONG,1500000,20,,,{'id': 172045}
1200145307,VERY_LONG,1500000,6,,,{'id': 172045}
1200145325,VERY_LONG,2957500,6,,,{'id': 171275}
1200145335,VERY_LONG,3317900,17,,,{'id': 171349}
1200145349,VERY_LONG,219900,20,,,{'id': 171267}
1200145365,VERY_LONG,219900,20,,,{'id': 171267}
1200145376,VERY_LONG,385000,36,,,{'id': 171285}
1200145417,VERY_LONG,7954900,13,,,{'id': 181468}
1200145457,VERY_LONG,43300,20,,,{'id': 173859}
1200145471,VERY_LONG,43300,20,,,{'id': 173859}
1200145746,LONG,1300000,12,,,{'id': 10505}
1200145748,LONG,,1,19995400,9997700,"{'id': 44554, 'context': 0, 'bonus_lists': [6883]}"
1200145752,LONG,54000,40,,,{'id': 171370}
1200145756,LONG,49428800,8,,,{'id': 43106}
1200145758,LONG,59900,3200,,,{'id': 172052}
1200145762,LONG,,1,6999900,6114500,"{'id': 4300, 'context': 0}"
1200145764,LONG,200000,1,,,{'id': 109132}
1200145767,LONG,800000,10,,,{'id': 111675}
1200145771,LONG,,1,120000000,60000000,"{'id': 15972, 'context': 1, 'bonus_lists': [6655, 1708], 'modifiers': [{'type': 9, 'value': 30}, {'type': 28, 'value': 200}]}"
1200145775,LONG,10999800,10,,,{'id': 15417}
1200145777,LONG,2249800,2,,,{'id': 13926}
1200145778,LONG,1191600,10,,,{'id': 111667}
1200145781,LONG,,1,25954700,12977400,"{'id': 13046, 'context': 0}"
1200145782,LONG,4478800,3,,,{'id': 23573}
1200145784,LONG,1508700,10,,,{'id': 172904}
1200145786,LONG,1353100,1,,,{'id': 41806}
1200145788,LONG,,1,144353700,72176900,"{'id': 15515, 'context': 1, 'bonus_lists': [6654, 1705], 'modifiers': [{'type': 9, 'value': 30}, {'type': 28, 'value': 200}]}"
1200145789,LONG,11000000,12,,,{'id': 180060}
1200145790,LONG,2999800,1,,,{'id': 23440}
1200145793,LONG,1600000,3,,,{'id': 5524}
1200145794,LONG,9500,2266,,,{'id': 173032}
1200145795,LONG,151000,21,,,{'id': 2842}
1200145798,LONG,363700,10,,,{'id': 111676}
1200145800,LONG,900000,19,,,{'id': 74859}
1200145806,LONG,1950200,10,,,{'id': 43104}
1200145811,LONG,60000,44,,,{'id': 152547}
1200145816,LONG,,1,4439600,2604300,"{'id': 3185, 'context': 1, 'bonus_lists': [6655, 1709], 'modifiers': [{'type': 9, 'value': 30}, {'type': 28, 'value': 280}]}"
1200145820,LONG,3399900,5,,,{'id': 74856}
1200145823,LONG,2750000,3,,,{'id': 38425}
1200145826,LONG,,1,14999800,7499900,"{'id': 24202, 'context': 2, 'modifiers': [{'type': 28, 'value': 1078}]}"
1200145829,LONG,780000,7,,,{'id': 23446}
1200145832,LONG,550000,60,,,{'id': 172044}
1200145836,LONG,550000,2,,,{'id': 5500}
1200145839,LONG,,1,22369700,13060300,"{'id': 11165, 'context': 1, 'modifiers': [{'type': 28, 'value': 217}]}"
1200145841,LONG,1064600,9,,,{'id': 168646}
1200145844,LONG,1086700,50,,,{'id': 43119}
1200145846,LONG,599900,3,,,{'id': 23112}
1200145851,LONG,150000,19,,,{'id': 111672}
1200145852,LONG,29900,200,,,{'id': 152506}
1200145855,LONG,106100,10,,,{'id': 12204}
1200145856,LONG,350000,10,,,{'id': 22793}
1200145857,LONG,,1,11000000,5500000,"{'id': 24594, 'context': 0, 'bonus_lists': [6654, 1695], 'modifiers': [{'type': 9, 'value': 17}, {'type': 28, 'value': 1736}]}"
1200145858,LONG,898100,6,,,{'id': 174349}
1200145860,LONG,114900,16,,,{'id': 168302}
1200145862,LONG,5879900,10,,,{'id': 43127}
1200145863,LONG,1600000,8,,,{'id': 180058}
1200145864,LONG,,1,439999900,220000000,"{'id': 39895, 'context': 11, 'bonus_lists': [1695], 'modifiers': [{'type': 28, 'value': 391}]}"
1200145866,LONG,90000,6,,,{'id': 1015}
1200145867,LONG,720000,4,,,{'id': 6149}
1200145869,LONG,3500,200,,,{'id': 152542}
1200145870,LONG,100000,10,,,{'id': 43501}
1200145902,VERY_LONG,392300,5300,,,{'id': 168589}
1200148256,LONG,15996900,4,,,{'id': 173163}
1200148265,LONG,8399700,5,,,{'id': 173160}
1200148278,LONG,8199600,1,,,{'id': 173161}
1200148299,LONG,7000000,1,,,{'id': 173162}
1200148721,LONG,513500,2,,,{'id': 173204}
1200148731,LONG,16500,1,,,{'id': 177061}
1200148760,VERY_LONG,,1,1367300,,"{'id': 173146, 'context': 13, 'modifiers': [{'type': 29, 'value': 40}]}"
1200148762,VERY_LONG,,1,1367300,,"{'id': 173146, 'context': 13, 'modifiers': [{'type': 29, 'value': 49}]}"
1200148763,VERY_LONG,,1,1367300,,"{'id': 173146, 'context': 13, 'modifiers': [{'type': 29, 'value': 32}]}"
1200149023,VERY_LONG,513500,1700,,,{'id': 173204}
1200149058,VERY_LONG,497000,6905,,,{'id': 170554}
1200149092,LONG,1949800,41,,,{'id': 76061}
1200150247,LONG,,1,94599900,,"{'id': 79331, 'context': 0}"
1200150348,LONG,29400,5,,,{'id': 154888}
1200150401,LONG,5554100,1,,,{'id': 31903}
1200150802,LONG,1000000,2,,,{'id': 116268}
1200150882,VERY_LONG,292500,2678,,,{'id': 168586}
1200150900,VERY_LONG,,1,195000000,,"{'id': 153594, 'context': 13}"
1200150901,VERY_LONG,,1,195000000,,"{'id': 153594, 'context': 13}"
1200150902,VERY_LONG,,1,195000000,,"{'id': 153594, 'context': 13}"
1200150916,VERY_LONG,,1,650009600,,"{'id': 65891, 'context': 0}"
1200150918,VERY_LONG,,1,650009600,,"{'id': 65891, 'context': 0}"
1200150930,VERY_LONG,,1,1999990000,,"{'id': 163574, 'context': 0, 'modifiers': [{'type': 28, 'value': 805}]}"
1200151008,VERY_LONG,532500,5080,,,{'id': 171315}
1200151070,VERY_LONG,8199600,1,,,{'id': 173161}
1200151087,VERY_LONG,7000000,1,,,{'id': 173162}
1200152109,VERY_LONG,152700,3,,,{'id': 171829}
1200152124,VERY_LONG,219000,3,,,{'id': 171830}
1200152180,VERY_LONG,1900,3,,,{'id': 33470}
1200152217,VERY_LONG,76900,3,,,{'id': 173110}
1200152238,VERY_LONG,24700,1,,,{'id': 172054}
1200152255,VERY_LONG,,1,366529900,,"{'id': 34061, 'context': 0}"
1200152260,VERY_LONG,,1,85000100,,"{'id': 108633, 'context': 0}"
1200152266,VERY_LONG,,1,476733500,,"{'id': 140363, 'context': 0}"
1200152273,VERY_LONG,19999900,34,,,{'id': 58480}
1200152312,VERY_LONG,497000,5000,,,{'id': 170554}
1200152425,VERY_LONG,,1,8156100,,"{'id': 176801, 'context': 17, 'bonus_lists': [6908, 6652, 1710], 'modifiers': [{'type': 9, 'value': 52}, {'type': 28, 'value': 747}]}"
1200152429,VERY_LONG,507600,6,,,{'id': 176866}
1200152432,VERY_LONG,231100,3,,,{'id': 176869}
1200152434,VERY_LONG,19000,2,,,{'id': 179315}
1200152435,VERY_LONG,142600,1,,,{'id': 176874}
1200152437,VERY_LONG,,1,8631700,,"{'id': 176802, 'context': 17, 'bonus_lists': [6908, 6652, 1716], 'modifiers': [{'type': 9, 'value': 52}, {'type': 28, 'value': 747}]}"
1200152505,VERY_LONG,,1,1300000,,"{'id': 141293, 'context': 0, 'bonus_lists': [6654], 'modifiers': [{'type': 9, 'value': 45}, {'type': 28, 'value': 335}]}"
1200152580,VERY_LONG,725400,2,,,{'id': 172231}
1200152596,VERY_LONG,46900,81,,,{'id': 152875}
1200152599,VERY_LONG,725400,5,,,{'id': 172231}
1200152609,VERY_LONG,140000,7,,,{'id': 153437}
1200152614,VERY_LONG,75500,18,,,{'id': 74248}
1200152631,VERY_LONG,7954900,7,,,{'id': 181468}
1200152634,VERY_LONG,700,8,,,{'id': 182653}
1200152643,VERY_LONG,604300,11,,,{'id': 171350}
1200152649,VERY_LONG,560000,1,,,{'id': 76098}
1200152655,VERY_LONG,237600,1,,,{'id': 163223}
1200152659,VERY_LONG,4800,2,,,{'id': 118006}
1200152678,VERY_LONG,4016800,2,,,{'id': 127839}
1200152680,VERY_LONG,100,128,,,{'id': 129158}
1200152681,VERY_LONG,1690000,14,,,{'id': 152559}
1200152691,VERY_LONG,100,1,,,{'id': 124121}
1200152699,VERY_LONG,6400,8,,,{'id': 172057}
1200152702,VERY_LONG,125000,10,,,{'id': 82441}
1200152707,VERY_LONG,377400,10,,,{'id': 173033}
1200152710,VERY_LONG,2000,1,,,{'id': 151567}
1200152713,VERY_LONG,8800,14,,,{'id': 167738}
1200152714,VERY_LONG,100,30,,,{'id': 168303}
1200152725,VERY_LONG,24700,6,,,{'id': 172054}
1200152739,LONG,950000,1,,,{'id': 116271}
1200152743,VERY_LONG,4700,7,,,{'id': 154897}
1200152860,VERY_LONG,,1,19500000,,"{'id': 172327, 'context': 63, 'bonus_lists': [6716, 1487]}"
1200153028,VERY_LONG,2500000,15,,,{'id': 36910}
1200153034,VERY_LONG,159900,20,,,{'id': 37703}
1200153041,VERY_LONG,14000,2,,,{'id': 36926}
1200153045,VERY_LONG,770000,138,,,{'id': 36912}
1200153068,VERY_LONG,80000,6,,,{'id': 37700}
1200153082,VERY_LONG,150000,1,,,{'id': 36923}
1200153093,VERY_LONG,60000,1,,,{'id': 36918}
1200155158,LONG,,1,74500000,,"{'id': 171414, 'context': 63, 'bonus_lists': [6716, 1487]}"
1200155167,LONG,,1,74500000,,"{'id': 171414, 'context': 63, 'bonus_lists': [6716, 1487]}"
1200155240,VERY_LONG,24700,5,,,{'id': 172054}
1200155245,VERY_LONG,500,6,,,{'id': 171840}
1200155250,VERY_LONG,449000,8,,,{'id': 170554}
1200155283,VERY_LONG,2540000,1,,,{'id': 153707}
1200155302,VERY_LONG,19000,7,,,{'id': 179315}
1200155316,VERY_LONG,750000,2,,,{'id': 36908}
1200155340,VERY_LONG,360000,4,,,{'id': 37921}
1200155348,VERY_LONG,335800,26,,,{'id': 36905}
1200155359,VERY_LONG,725400,2,,,{'id': 172231}
1200155431,VERY_LONG,377400,5,,,{'id': 173033}
1200155441,VERY_LONG,250000,16,,,{'id': 36906}
1200155450,VERY_LONG,700000,5,,,{'id': 36901}
1200155459,VERY_LONG,150000,1,,,{'id': 36923}
1200155464,VERY_LONG,1900,3,,,{'id': 33470}
1200155474,VERY_LONG,50000,6,,,{'id': 37704}
1200155483,VERY_LONG,770000,35,,,{'id': 36912}
1200155491,VERY_LONG,1530000,1,,,{'id': 36932}
1200155499,VERY_LONG,140000,6,,,{'id': 36904}
1200155515,VERY_LONG,910800,20,,,{'id': 174281}
1200155525,VERY_LONG,6000000,19,,,{'id': 109153}
1200155533,VERY_LONG,3500000,6,,,{'id': 109145}
1200155540,VERY_LONG,19000,19,,,{'id': 168311}
1200155551,VERY_LONG,4549900,5,,,{'id': 184308}
1200155563,VERY_LONG,4000000,30,,,{'id': 62662}
1200155565,VERY_LONG,100000,9,,,{'id': 58092}
1200155668,VERY_LONG,,1,9890000,,"{'id': 172250, 'context': 13, 'bonus_lists': [6893], 'modifiers': [{'type': 9, 'value': 54}, {'type': 28, 'value': 391}, {'type': 29, 'value': 32}, {'type': 30, 'value': 36}]}"
1200155703,VERY_LONG,,1,7919400,,"{'id': 172253, 'context': 13, 'bonus_lists': [6893], 'modifiers': [{'type': 9, 'value': 54}, {'type': 28, 'value': 391}, {'type': 29, 'value': 32}, {'type': 30, 'value': 36}]}"
1200155733,VERY_LONG,,1,3509500,,"{'id': 172260, 'context': 13, 'bonus_lists': [6893], 'modifiers': [{'type': 9, 'value': 54}, {'type': 28, 'value': 391}, {'type': 29, 'value': 36}, {'type': 30, 'value': 40}]}"
1200155735,VERY_LONG,,1,3509500,,"{'id': 172260, 'context': 13, 'bonus_lists': [6893], 'modifiers': [{'type': 9, 'value': 54}, {'type': 28, 'value': 391}, {'type': 29, 'value': 40}, {'type': 30, 'value': 32}]}"
1200155739,VERY_LONG,,1,3509500,,"{'id': 172260, 'context': 13, 'bonus_lists': [6893], 'modifiers': [{'type': 9, 'value': 54}, {'type': 28, 'value': 391}, {'type': 29, 'value': 32}, {'type': 30, 'value': 40}]}"
1200155740,VERY_LONG,,1,3509500,,"{'id': 172260, 'context': 13, 'bonus_lists': [6893], 'modifiers': [{'type': 9, 'value': 54}, {'type': 28, 'value': 391}, {'type': 29, 'value': 49}, {'type': 30, 'value': 32}]}"
1200155741,VERY_LONG,,1,3509500,,"{'id': 172260, 'context': 13, 'bonus_lists': [6893], 'modifiers': [{'type': 9, 'value': 54}, {'type': 28, 'value': 391}, {'type': 29, 'value': 49}, {'type': 30, 'value': 40}]}"
1200155752,VERY_LONG,,1,2800000,,"{'id': 172264, 'context': 13, 'bonus_lists': [6893], 'modifiers': [{'type': 9, 'value': 54}, {'type': 28, 'value': 391}, {'type': 29, 'value': 36}, {'type': 30, 'value': 40}]}"
1200155755,VERY_LONG,,1,2800000,,"{'id': 172264, 'context': 13, 'bonus_lists': [6893], 'modifiers': [{'type': 9, 'value': 54}, {'type': 28, 'value': 391}, {'type': 29, 'value': 32}, {'type': 30, 'value': 36}]}"
1200155768,VERY_LONG,,1,1790000,,"{'id': 172259, 'context': 13, 'bonus_lists': [6893], 'modifiers': [{'type': 9, 'value': 54}, {'type': 28, 'value': 391}, {'type': 29, 'value': 49}, {'type': 30, 'value': 32}]}"
1200155769,VERY_LONG,,1,5005600,,"{'id': 121095, 'context': 0, 'bonus_lists': [6654, 41, 1715], 'modifiers': [{'type': 9, 'value': 45}, {'type': 28, 'value': 488}]}"
1200155784,VERY_LONG,,1,2195000,,"{'id': 172265, 'context': 13, 'bonus_lists': [6893], 'modifiers': [{'type': 9, 'value': 54}, {'type': 28, 'value': 391}, {'type': 29, 'value': 36}, {'type': 30, 'value': 40}]}"
1200155786,VERY_LONG,,1,2195000,,"{'id': 172265, 'context': 13, 'bonus_lists': [6893], 'modifiers': [{'type': 9, 'value': 54}, {'type': 28, 'value': 391}, {'type': 29, 'value': 36}, {'type': 30, 'value': 32}]}"
1200155787,VERY_LONG,,1,2195000,,"{'id': 172265, 'context': 13, 'bonus_lists': [6893], 'modifiers': [{'type': 9, 'value': 54}, {'type': 28, 'value': 391}, {'type': 29, 'value': 32}, {'type': 30, 'value': 40}]}"
1200155789,VERY_LONG,,1,3002400,,"{'id': 121056, 'context': 0, 'bonus_lists': [6654, 1697], 'modifiers': [{'type': 9, 'value': 45}, {'type': 28, 'value': 488}]}"
1200155800,VERY_LONG,,1,690000,,"{'id': 172239, 'context': 13, 'bonus_lists': [6890], 'modifiers': [{'type': 9, 'value': 54}, {'type': 28, 'value': 391}, {'type': 29, 'value': 32}, {'type': 30, 'value': 40}]}"
1200155801,VERY_LONG,,1,690000,,"{'id': 172239, 'context': 13, 'bonus_lists': [6890], 'modifiers': [{'type': 9, 'value': 54}, {'type': 28, 'value': 391}, {'type': 29, 'value': 40}, {'type': 30, 'value': 32}]}"
1200155804,VERY_LONG,,1,690000,,"{'id': 172239, 'context': 13, 'bonus_lists': [6890], 'modifiers': [{'type': 9, 'value': 54}, {'type': 28, 'value': 391}, {'type': 29, 'value': 40}, {'type': 30, 'value': 32}]}"
1200155805,VERY_LONG,,1,690000,,"{'id': 172239, 'context': 13, 'bonus_lists': [6890], 'modifiers': [{'type': 9, 'value': 54}, {'type': 28, 'value': 391}, {'type': 29, 'value': 36}, {'type': 30, 'value': 32}]}"
1200155808,VERY_LONG,,1,690000,,"{'id': 172239, 'context': 13, 'bonus_lists': [6890], 'modifiers': [{'type': 9, 'value': 54}, {'type': 28, 'value': 391}, {'type': 29, 'value': 40}, {'type': 30, 'value': 36}]}"
1200155920,VERY_LONG,725400,13,,,{'id': 172231}
1200156003,VERY_LONG,19000,4,,,{'id': 179315}
1200156019,VERY_LONG,449000,5,,,{'id': 170554}
1200156025,VERY_LONG,2474600,7,,,{'id': 175970}
1200156036,VERY_LONG,59800,166,,,{'id': 109076}
1200156045,VERY_LONG,24700,3,,,{'id': 172054}
1200156066,VERY_LONG,7953000,4,,,{'id': 181468}
1200156078,VERY_LONG,377400,13,,,{'id': 173033}
1200156092,VERY_LONG,22121600,1,,,{'id': 173072}
1200158116,VERY_LONG,3317900,2,,,{'id': 171349}
1200158123,VERY_LONG,292500,32,,,{'id': 168586}
1200158130,VERY_LONG,,1,57487600,,"{'id': 82800, 'context': 0, 'modifiers': [{'type': 6, 'value': 79638}], 'pet_breed_id': 4, 'pet_level': 1, 'pet_quality_id': 3, 'pet_species_id': 2083}"
1200158138,VERY_LONG,,1,999800,,"{'id': 82800, 'context': 0, 'modifiers': [{'type': 6, 'value': 99898}], 'pet_breed_id': 5, 'pet_level': 1, 'pet_quality_id': 2, 'pet_species_id': 2908}"
1200158145,VERY_LONG,,1,249800,,"{'id': 82800, 'context': 0, 'modifiers': [{'type': 6, 'value': 15904}], 'pet_breed_id': 3, 'pet_level': 1, 'pet_quality_id': 2, 'pet_species_id': 118}"
1200158157,VERY_LONG,26103700,1,,,{'id': 175924}
1200158162,VERY_LONG,296900,10,,,{'id': 171268}
1200158172,VERY_LONG,110000,20,,,{'id': 120257}
1200158179,VERY_LONG,,1,15006800,,"{'id': 31233, 'context': 0, 'bonus_lists': [1707, 3760], 'modifiers': [{'type': 9, 'value': 30}]}"
1200158181,VERY_LONG,134400,59,,,{'id': 165016}
1200158186,VERY_LONG,106400,5,,,{'id': 128539}
1200158191,VERY_LONG,,1,6959800,,"{'id': 82800, 'context': 0, 'modifiers': [{'type': 6, 'value': 99917}], 'pet_breed_id': 15, 'pet_level': 1, 'pet_quality_id': 2, 'pet_species_id': 3008}"
1200158201,VERY_LONG,480000,4,,,{'id': 4233}
1200158211,VERY_LONG,885800,1,,,{'id': 76132}
1200158222,VERY_LONG,,1,19999900,,"{'id': 60216, 'context': 11, 'bonus_lists': [6835], 'modifiers': [{'type': 28, 'value': 391}]}"
1200158230,VERY_LONG,300700,7,,,{'id': 38833}
1200158237,VERY_LONG,8299600,12,,,{'id': 169299}
1200158248,VERY_LONG,300000,14,,,{'id': 39002}
1200158253,VERY_LONG,9439900,3,,,{'id': 168498}
1200158255,VERY_LONG,300000,10,,,{'id': 52763}
1200158263,VERY_LONG,,1,15006800,,"{'id': 31173, 'context': 29, 'bonus_lists': [3910], 'modifiers': [{'type': 9, 'value': 50}]}"
1200158275,VERY_LONG,,1,15007200,,"{'id': 31254, 'context': 0, 'bonus_lists': [1695, 3759], 'modifiers': [{'type': 9, 'value': 30}]}"
1200158290,VERY_LONG,,1,25803900,,"{'id': 82800, 'context': 0, 'modifiers': [{'type': 6, 'value': 47931}], 'pet_breed_id': 17, 'pet_level': 1, 'pet_quality_id': 3, 'pet_species_id': 1478}"
1200158305,VERY_LONG,,1,150000000,,"{'id': 82800, 'context': 0, 'modifiers': [{'type': 6, 'value': 88761}], 'pet_breed_id': 15, 'pet_level': 1, 'pet_quality_id': 2, 'pet_species_id': 2712}"
1200158311,LONG,,1,1000004200,,"{'id': 144399, 'context': 6, 'bonus_lists': [3445, 1472, 5855, 3336], 'modifiers': [{'type': 28, 'value': 621}]}"
1200158313,VERY_LONG,,1,7500000,,"{'id': 82800, 'context': 0, 'modifiers': [{'type': 6, 'value': 74801}], 'pet_breed_id': 11, 'pet_level': 1, 'pet_quality_id': 3, 'pet_species_id': 2715}"
1200158314,VERY_LONG,,1,7500000,,"{'id': 82800, 'context': 0, 'modifiers': [{'type': 6, 'value': 74801}], 'pet_breed_id': 11, 'pet_level': 1, 'pet_quality_id': 3, 'pet_species_id': 2715}"
1200158322,VERY_LONG,1377000,4,,,{'id': 171274}
1200158325,VERY_LONG,3477600,3,,,{'id': 171270}
1200158330,VERY_LONG,30000,5,,,{'id': 171263}
1200158337,VERY_LONG,54000,19,,,{'id': 171370}
1200158353,VERY_LONG,190000,5,,,{'id': 171271}
1200158371,VERY_LONG,296900,12,,,{'id': 171268}
1200158385,VERY_LONG,3500,182,,,{'id': 152542}
1200158393,VERY_LONG,,1,13248500,,"{'id': 82800, 'context': 0, 'modifiers': [{'type': 6, 'value': 90181}], 'pet_breed_id': 17, 'pet_level': 1, 'pet_quality_id': 3, 'pet_species_id': 2557}"
1200158398,VERY_LONG,296800,34,,,{'id': 38830}
1200158417,VERY_LONG,342700,7,,,{'id': 128537}
1200158427,VERY_LONG,,1,6406000,,"{'id': 82800, 'context': 0, 'modifiers': [{'type': 6, 'value': 66487}], 'pet_breed_id': 17, 'pet_level': 1, 'pet_quality_id': 3, 'pet_species_id': 2551}"
1200158441,VERY_LONG,308100,6,,,{'id': 74710}
1200158454,VERY_LONG,27500,5,,,{'id': 153701}
1200158471,LONG,,1,60000000,30000000,"{'id': 10187, 'context': 0, 'bonus_lists': [1679]}"
1200158473,LONG,749800,1,,,{'id': 3731}
1200158476,LONG,23000,3466,,,{'id': 167738}
1200158479,LONG,1330100,2,,,{'id': 111650}
1200158481,LONG,28999900,7,,,{'id': 31672}
1200158485,LONG,59900,3800,,,{'id': 172052}
1200158488,LONG,5570800,1,,,{'id': 25700}
1200158489,LONG,18999900,1,,,{'id': 62664}
1200158491,LONG,955900,18,,,{'id': 172903}
1200158493,LONG,1900,1041,,,{'id': 154165}
1200158496,VERY_LONG,,1,12500000,,"{'id': 82800, 'context': 0, 'modifiers': [{'type': 6, 'value': 88058}], 'pet_breed_id': 14, 'pet_level': 1, 'pet_quality_id': 3, 'pet_species_id': 2466}"
1200158497,VERY_LONG,,1,12500000,,"{'id': 82800, 'context': 0, 'modifiers': [{'type': 6, 'value': 88058}], 'pet_breed_id': 14, 'pet_level': 1, 'pet_quality_id': 3, 'pet_species_id': 2466}"
1200158503,VERY_LONG,1920500,1,,,{'id': 39151}
1200158512,VERY_LONG,,1,13500000,,"{'id': 82800, 'context': 0, 'modifiers': [{'type': 6, 'value': 90177}], 'pet_breed_id': 7, 'pet_level': 1, 'pet_quality_id': 3, 'pet_species_id': 2554}"
1200158518,VERY_LONG,,1,170000000,,"{'id': 82800, 'context': 0, 'modifiers': [{'type': 6, 'value': 59330}], 'pet_breed_id': 5, 'pet_level': 1, 'pet_quality_id': 3, 'pet_species_id': 1523}"
1200158523,LONG,30000,69,,,{'id': 152513}
1200158524,LONG,2799900,10,,,{'id': 133574}
1200158525,LONG,280700,13,,,{'id': 4359}
1200158526,LONG,9500,958,,,{'id': 173032}
1200158527,LONG,2969700,2,,,{'id': 12809}
1200158528,LONG,1829300,4,,,{'id': 27435}
1200158531,LONG,,1,22000000,11000000,"{'id': 12549, 'context': 1, 'bonus_lists': [6710], 'modifiers': [{'type': 9, 'value': 30}, {'type': 28, 'value': 201}]}"
1200158533,LONG,959800,23,,,{'id': 109226}
1200158535,LONG,54000,2072,,,{'id': 179315}
1200158536,LONG,131900,1,,,{'id': 10938}
1200158537,LONG,360000,23,,,{'id': 6358}
1200158542,LONG,10000,28,,,{'id': 12037}
1200158545,LONG,232300,11,,,{'id': 2675}
1200158745,LONG,,1,6483300,,"{'id': 82800, 'context': 0, 'pet_breed_id': 6, 'pet_level': 1, 'pet_quality_id': 2, 'pet_species_id': 89}"
1200158747,LONG,,1,13018500,,"{'id': 82800, 'context': 0, 'modifiers': [{'type': 6, 'value': 48666}], 'pet_breed_id': 11, 'pet_level': 1, 'pet_quality_id': 3, 'pet_species_id': 1231}"
1200158752,LONG,,1,3625400,,"{'id': 2974, 'context': 1, 'bonus_lists': [6654], 'modifiers': [{'type': 9, 'value': 14}, {'type': 28, 'value': 1906}]}"
1200158759,LONG,,1,88518800,,"{'id': 13045, 'context': 1, 'bonus_lists': [6659], 'modifiers': [{'type': 9, 'value': 13}, {'type': 28, 'value': 1918}]}"
1200158764,LONG,35500,26,,,{'id': 128650}
1200158768,LONG,,1,15897300,,"{'id': 82800, 'context': 0, 'modifiers': [{'type': 6, 'value': 58736}], 'pet_breed_id': 18, 'pet_level': 2, 'pet_quality_id': 2, 'pet_species_id': 1515}"
1200158774,LONG,,1,15600000,,"{'id': 82800, 'context': 0, 'modifiers': [{'type': 6, 'value': 46900}], 'pet_breed_id': 4, 'pet_level': 1, 'pet_quality_id': 3, 'pet_species_id': 1147}"
1200158776,LONG,,1,4736600,,"{'id': 82800, 'context': 0, 'modifiers': [{'type': 6, 'value': 73692}], 'pet_breed_id': 12, 'pet_level': 2, 'pet_quality_id': 3, 'pet_species_id': 1961}"
1200158778,LONG,,1,52655800,,"{'id': 82800, 'context': 0, 'modifiers': [{'type': 6, 'value': 48661}], 'pet_breed_id': 10, 'pet_level': 1, 'pet_quality_id': 3, 'pet_species_id': 1232}"
1200158781,LONG,,1,86884000,,"{'id': 82800, 'context': 0, 'modifiers': [{'type': 6, 'value': 65714}], 'pet_breed_id': 6, 'pet_level': 1, 'pet_quality_id': 3, 'pet_species_id': 1765}"
1200158785,LONG,,1,550000,,"{'id': 21309, 'context': 11}"
1200158787,LONG,,1,3978800,,"{'id': 82800, 'context': 0, 'modifiers': [{'type': 6, 'value': 61548}], 'pet_breed_id': 5, 'pet_level': 1, 'pet_quality_id': 2, 'pet_species_id': 1538}"
1200158788,LONG,,1,264000,,"{'id': 82800, 'context': 0, 'modifiers': [{'type': 6, 'value': 61887}], 'pet_breed_id': 20, 'pet_level': 1, 'pet_quality_id': 3, 'pet_species_id': 1623}"
1200158789,LONG,,1,24568800,,"{'id': 82800, 'context': 0, 'modifiers': [{'type': 6, 'value': 48668}], 'pet_breed_id': 7, 'pet_level': 4, 'pet_quality_id': 3, 'pet_species_id': 1234}"
1200158791,LONG,,1,32416100,,"{'id': 82800, 'context': 0, 'modifiers': [{'type': 6, 'value': 48857}], 'pet_breed_id': 7, 'pet_level': 5, 'pet_quality_id': 3, 'pet_species_id': 1227}"
1200158792,LONG,,1,770900,,"{'id': 727, 'context': 1, 'modifiers': [{'type': 28, 'value': 1906}]}"
1200158795,LONG,,1,15469000,,"{'id': 82800, 'context': 0, 'modifiers': [{'type': 6, 'value': 901}], 'pet_breed_id': 9, 'pet_level': 2, 'pet_quality_id': 2, 'pet_species_id': 64}"
1200158796,LONG,,1,6881500,,"{'id': 82800, 'context': 0, 'modifiers': [{'type': 6, 'value': 99900}], 'pet_breed_id': 18, 'pet_level': 1, 'pet_quality_id': 2, 'pet_species_id': 2909}"
1200158797,LONG,,1,950000,,"{'id': 82800, 'context': 0, 'modifiers': [{'type': 6, 'value': 46921}], 'pet_breed_id': 7, 'pet_level': 1, 'pet_quality_id': 3, 'pet_species_id': 1146}"
1200158798,LONG,,1,74857200,,"{'id': 82800, 'context': 0, 'modifiers': [{'type': 6, 'value': 27627}], 'pet_breed_id': 4, 'pet_level': 1, 'pet_quality_id': 3, 'pet_species_id': 193}"
1200158802,LONG,,1,1002700,,"{'id': 4344, 'context': 0}"
1200158804,LONG,,1,400000,,"{'id': 21305, 'context': 11}"
1200158806,LONG,,1,400000,,"{'id': 21305, 'context': 11}"
1200158807,LONG,,1,1721600,,"{'id': 82800, 'context': 0, 'modifiers': [{'type': 6, 'value': 15663}], 'pet_breed_id': 13, 'pet_level': 1, 'pet_quality_id': 2, 'pet_species_id': 120}"
1200158808,LONG,,1,1721600,,"{'id': 82800, 'context': 0, 'modifiers': [{'type': 6, 'value': 15663}], 'pet_breed_id': 13, 'pet_level': 1, 'pet_quality_id': 2, 'pet_species_id': 120}"
1200158809,LONG,,1,1541400,,"{'id': 21308, 'context': 11}"
1200158810,LONG,,1,1541400,,"{'id': 21308, 'context': 11}"
1200158813,LONG,,1,1551000,,"{'id': 82800, 'context': 0, 'modifiers': [{'type': 6, 'value': 46923}], 'pet_breed_id': 8, 'pet_level': 1, 'pet_quality_id': 3, 'pet_species_id': 1149}"
1200158814,LONG,,1,655800,,"{'id': 82800, 'context': 0, 'modifiers': [{'type': 6, 'value': 99018}], 'pet_breed_id': 7, 'pet_level': 1, 'pet_quality_id': 2, 'pet_species_id': 2798}"
1200158816,LONG,,1,655800,,"{'id': 82800, 'context': 0, 'modifiers': [{'type': 6, 'value': 99018}], 'pet_breed_id': 7, 'pet_level': 1, 'pet_quality_id': 2, 'pet_species_id': 2798}"
1200158818,LONG,,1,78983300,,"{'id': 116693, 'context': 0, 'bonus_lists': [6654, 25, 551], 'modifiers': [{'type': 9, 'value': 40}, {'type': 28, 'value': 67}]}"
1200158820,LONG,,1,291400,,"{'id': 82800, 'context': 0, 'modifiers': [{'type': 6, 'value': 42721}], 'pet_breed_id': 22, 'pet_level': 1, 'pet_quality_id': 2, 'pet_species_id': 847}"
1200158821,LONG,,1,11989600,,"{'id': 82800, 'context': 0, 'pet_breed_id': 18, 'pet_level': 1, 'pet_quality_id': 3, 'pet_species_id': 1962}"
1200158824,LONG,,1,1978100,,"{'id': 82800, 'context': 0, 'modifiers': [{'type': 6, 'value': 95171}], 'pet_breed_id': 4, 'pet_level': 2, 'pet_quality_id': 3, 'pet_species_id': 2842}"
1200158825,LONG,,1,9682000,,"{'id': 55385, 'context': 2, 'bonus_lists': [6655, 1698], 'modifiers': [{'type': 9, 'value': 40}]}"
1200158826,LONG,,1,54831600,,"{'id': 116466, 'context': 0, 'bonus_lists': [6655, 56], 'modifiers': [{'type': 9, 'value': 40}, {'type': 28, 'value': 67}]}"
1200158828,LONG,,1,227200,,"{'id': 82800, 'context': 0, 'modifiers': [{'type': 6, 'value': 98466}], 'pet_breed_id': 14, 'pet_level': 1, 'pet_quality_id': 2, 'pet_species_id': 3013}"
1200158830,LONG,,1,14392800,,"{'id': 21301, 'context': 11}"
1200158831,LONG,,1,2778800,,"{'id': 82800, 'context': 0, 'modifiers': [{'type': 6, 'value': 58722}], 'pet_breed_id': 17, 'pet_level': 1, 'pet_quality_id': 3, 'pet_species_id': 1416}"
1200158832,LONG,,1,99395100,,"{'id': 106410, 'context': 0, 'bonus_lists': [6654, 19], 'modifiers': [{'type': 9, 'value': 40}, {'type': 28, 'value': 1765}]}"
1200158833,LONG,,1,3003300,,"{'id': 82800, 'context': 0, 'modifiers': [{'type': 6, 'value': 59602}], 'pet_breed_id': 8, 'pet_level': 1, 'pet_quality_id': 2, 'pet_species_id': 1532}"
1200158834,LONG,,1,3003300,,"{'id': 82800, 'context': 0, 'modifiers': [{'type': 6, 'value': 59602}], 'pet_breed_id': 18, 'pet_level': 1, 'pet_quality_id': 2, 'pet_species_id': 1532}"
1200158836,LONG,,1,6959800,,"{'id': 82800, 'context': 0, 'modifiers': [{'type': 6, 'value': 99917}], 'pet_breed_id': 15, 'pet_level': 1, 'pet_quality_id': 2, 'pet_species_id': 3008}"
1200158838,LONG,,1,6959800,,"{'id': 82800, 'context': 0, 'modifiers': [{'type': 6, 'value': 99917}], 'pet_breed_id': 15, 'pet_level': 1, 'pet_quality_id': 2, 'pet_species_id': 3008}"
1200158840,LONG,390000,10,,,{'id': 141446}
1200158843,LONG,78500,40,,,{'id': 21213}
1200158845,LONG,,1,17843800,,"{'id': 82800, 'context': 0, 'modifiers': [{'type': 6, 'value': 59352}], 'pet_breed_id': 17, 'pet_level': 2, 'pet_quality_id': 3, 'pet_species_id': 1524}"
1200158896,VERY_LONG,,1,9592700,,"{'id': 39899, 'context': 0}"
1200158900,VERY_LONG,50000,1,,,{'id': 32249}
1200158903,VERY_LONG,16798900,12,,,{'id': 23571}
1200158907,LONG,882400,1,,,{'id': 38905}
1200158933,VERY_LONG,,1,5424000,,"{'id': 11027, 'context': 1}"
1200158961,VERY_LONG,5000,18,,,{'id': 32428}
1200158989,LONG,1260700,1,,,{'id': 38777}
1200159000,LONG,110000,1,,,{'id': 38766}
1200159017,VERY_LONG,356100,3,,,{'id': 32230}
1200159018,LONG,19688000,1,,,{'id': 39003}
1200159021,VERY_LONG,,1,3685900,,"{'id': 8495, 'context': 14}"
1200159023,VERY_LONG,522100,6,,,{'id': 32229}
1200159029,VERY_LONG,1999500,1,,,{'id': 23436}
1200159048,LONG,3355200,1,,,{'id': 38779}
1200159051,VERY_LONG,,1,1665875000,,"{'id': 82800, 'context': 0, 'modifiers': [{'type': 6, 'value': 89767}], 'pet_breed_id': 6, 'pet_level': 1, 'pet_quality_id': 3, 'pet_species_id': 2533}"
1200159052,VERY_LONG,,1,426046500,,"{'id': 118675, 'context': 0}"
1200159055,VERY_LONG,,1,426046500,,"{'id': 118675, 'context': 0}"
1200159056,VERY_LONG,,1,426046500,,"{'id': 118675, 'context': 0}"
1200159057,VERY_LONG,,1,426046500,,"{'id': 118675, 'context': 0}"
1200159062,VERY_LONG,121100,1,,,{'id': 32227}
1200159065,VERY_LONG,,1,2017100,,"{'id': 29902, 'context': 0}"
1200159081,VERY_LONG,235200,6,,,{'id': 32228}
1200159086,VERY_LONG,,1,1307500,,"{'id': 82800, 'context': 0, 'modifiers': [{'type': 6, 'value': 5369}], 'pet_breed_id': 20, 'pet_level': 1, 'pet_quality_id': 2, 'pet_species_id': 52}"
1200159087,VERY_LONG,245900,5,,,{'id': 37702}
1200161117,VERY_LONG,,1,1618500,,"{'id': 82800, 'context': 0, 'modifiers': [{'type': 6, 'value': 15663}], 'pet_breed_id': 13, 'pet_level': 1, 'pet_quality_id': 2, 'pet_species_id': 120}"
1200161176,VERY_LONG,100000,7,,,{'id': 32231}
1200161177,VERY_LONG,,1,761645100,,"{'id': 8494, 'context': 0}"
1200161217,LONG,708800,1,,,{'id': 38775}
1200161219,VERY_LONG,,1,258632200,,"{'id': 48126, 'context': 0}"
1200161243,VERY_LONG,,1,5070600,,"{'id': 82800, 'context': 0, 'modifiers': [{'type': 6, 'value': 62217}], 'pet_breed_id': 21, 'pet_level': 1, 'pet_quality_id': 2, 'pet_species_id': 194}"
1200161244,VERY_LONG,1979800,20,,,{'id': 7082}
1200161249,LONG,300700,1,,,{'id': 38833}
1200161250,VERY_LONG,,1,384563200,,"{'id': 8499, 'context': 0}"
1200161251,VERY_LONG,6051100,20,,,{'id': 22451}
1200161253,LONG,2044000,1,,,{'id': 38934}
1200161256,VERY_LONG,,1,13517800,,"{'id': 82800, 'context': 0, 'modifiers': [{'type': 6, 'value': 68859}], 'pet_breed_id': 21, 'pet_level': 1, 'pet_quality_id': 3, 'pet_species_id': 1889}"
1200161257,VERY_LONG,,1,12382500,,"{'id': 8496, 'context': 14}"
1200161260,VERY_LONG,,1,12382500,,"{'id': 8496, 'context': 14}"
1200161278,VERY_LONG,,1,5606700,,"{'id': 130154, 'context': 0}"
1200161393,VERY_LONG,,1,80236200,,"{'id': 14899, 'context': 0, 'bonus_lists': [6654, 1691], 'modifiers': [{'type': 9, 'value': 30}, {'type': 28, 'value': 21}]}"
1200161405,VERY_LONG,,1,25104100,,"{'id': 15743, 'context': 0}"
1200161410,VERY_LONG,,1,116091600,,"{'id': 3288, 'context': 53, 'bonus_lists': [4277], 'modifiers': [{'type': 9, 'value': 50}]}"
1200161415,VERY_LONG,,1,132897700,,"{'id': 15655, 'context': 54, 'bonus_lists': [1680, 4277], 'modifiers': [{'type': 9, 'value': 50}]}"
1200161419,VERY_LONG,,1,62364300,,"{'id': 55348, 'context': 36, 'bonus_lists': [1713, 4767], 'modifiers': [{'type': 9, 'value': 50}]}"
1200161424,VERY_LONG,,1,32345600,,"{'id': 14770, 'context': 0, 'bonus_lists': [6654], 'modifiers': [{'type': 9, 'value': 30}, {'type': 28, 'value': 21}]}"
1200161427,VERY_LONG,,1,54191200,,"{'id': 14407, 'context': 54, 'bonus_lists': [4277], 'modifiers': [{'type': 9, 'value': 50}]}"
1200161432,VERY_LONG,,1,82257200,,"{'id': 87425, 'context': 36, 'bonus_lists': [4760], 'modifiers': [{'type': 9, 'value': 50}]}"
1200161436,VERY_LONG,,1,7828000,,"{'id': 52386, 'context': 0}"
1200161440,VERY_LONG,,1,69245400,,"{'id': 82223, 'context': 36, 'bonus_lists': [1709, 4767], 'modifiers': [{'type': 9, 'value': 50}]}"
1200161444,VERY_LONG,,1,28196600,,"{'id': 14795, 'context': 0, 'bonus_lists': [6654], 'modifiers': [{'type': 9, 'value': 30}, {'type': 28, 'value': 36}]}"
1200161447,VERY_LONG,,1,185000000,,"{'id': 9434, 'context': 0, 'bonus_lists': [6658], 'modifiers': [{'type': 9, 'value': 30}, {'type': 28, 'value': 21}]}"
1200161450,VERY_LONG,,1,49675600,,"{'id': 25325, 'context': 36, 'bonus_lists': [1695, 3873], 'modifiers': [{'type': 9, 'value': 50}]}"
1200161453,VERY_LONG,,1,49675600,,"{'id': 25325, 'context': 36, 'bonus_lists': [1708, 3871], 'modifiers': [{'type': 9, 'value': 50}]}"
1200161456,VERY_LONG,,1,64908700,,"{'id': 15985, 'context': 0, 'bonus_lists': [6655, 1705], 'modifiers': [{'type': 9, 'value': 30}, {'type': 28, 'value': 36}]}"
1200161461,VERY_LONG,,1,52609700,,"{'id': 14301, 'context': 0, 'bonus_lists': [6654, 1693], 'modifiers': [{'type': 9, 'value': 30}, {'type': 28, 'value': 36}]}"
1200161464,VERY_LONG,,1,52609700,,"{'id': 14301, 'context': 54, 'bonus_lists': [1692, 4278], 'modifiers': [{'type': 9, 'value': 50}]}"
1200161469,VERY_LONG,,1,52609700,,"{'id': 14301, 'context': 0, 'bonus_lists': [6654, 1677], 'modifiers': [{'type': 9, 'value': 30}, {'type': 28, 'value': 36}]}"
1200161472,VERY_LONG,,1,52609700,,"{'id': 14301, 'context': 54, 'bonus_lists': [1680, 4277], 'modifiers': [{'type': 9, 'value': 50}]}"
1200161475,VERY_LONG,,1,52609700,,"{'id': 14301, 'context': 0, 'bonus_lists': [6654, 1677], 'modifiers': [{'type': 9, 'value': 30}, {'type': 28, 'value': 36}]}"
1200161478,VERY_LONG,,1,176689100,,"{'id': 41609, 'context': 0, 'bonus_lists': [6883]}"
1200161480,VERY_LONG,,1,70299400,,"{'id': 87486, 'context': 36, 'bonus_lists': [4314], 'modifiers': [{'type': 9, 'value': 50}]}"
1200161484,VERY_LONG,,1,599999900,,"{'id': 3075, 'context': 54, 'bonus_lists': [4246], 'modifiers': [{'type': 9, 'value': 50}]}"
1200161488,VERY_LONG,,1,35179600,,"{'id': 14674, 'context': 0, 'bonus_lists': [6654], 'modifiers': [{'type': 9, 'value': 30}, {'type': 28, 'value': 36}]}"
1200161491,VERY_LONG,,1,21000000,,"{'id': 41112, 'context': 0, 'bonus_lists': [1693, 6849]}"
1200161497,VERY_LONG,,1,17530000,,"{'id': 15970, 'context': 53, 'bonus_lists': [1679, 4281], 'modifiers': [{'type': 9, 'value': 50}]}"
1200161504,VERY_LONG,,1,48162900,,"{'id': 25175, 'context': 36, 'bonus_lists': [1681, 3873], 'modifiers': [{'type': 9, 'value': 46}]}"
1200161510,VERY_LONG,,1,52727000,,"{'id': 14765, 'context': 0, 'bonus_lists': [6654], 'modifiers': [{'type': 9, 'value': 30}, {'type': 28, 'value': 21}]}"
1200161516,VERY_LONG,,1,48757000,,"{'id': 14812, 'context': 54, 'bonus_lists': [4283], 'modifiers': [{'type': 9, 'value': 50}]}"
1200161520,VERY_LONG,,1,80962000,,"{'id': 14570, 'context': 54, 'bonus_lists': [4277], 'modifiers': [{'type': 9, 'value': 50}]}"
1200161524,VERY_LONG,,1,4499700,,"{'id': 8387, 'context': 0}"
1200161526,VERY_LONG,,1,22847900,,"{'id': 15180, 'context': 0, 'bonus_lists': [6654, 1679], 'modifiers': [{'type': 9, 'value': 30}, {'type': 28, 'value': 36}]}"
1200161529,VERY_LONG,,1,22847900,,"{'id': 15180, 'context': 54, 'bonus_lists': [1678, 4279], 'modifiers': [{'type': 9, 'value': 50}]}"
1200161532,VERY_LONG,,1,22847900,,"{'id': 15180, 'context': 54, 'bonus_lists': [1692, 4277], 'modifiers': [{'type': 9, 'value': 50}]}"
1200161535,VERY_LONG,,1,11789900,,"{'id': 176773, 'context': 0, 'bonus_lists': [6907, 6652, 1696], 'modifiers': [{'type': 9, 'value': 53}, {'type': 28, 'value': 1324}]}"
1200161540,VERY_LONG,,1,35684400,,"{'id': 15651, 'context': 54, 'bonus_lists': [1692, 4278], 'modifiers': [{'type': 9, 'value': 50}]}"
1200161544,VERY_LONG,,1,35684400,,"{'id': 15651, 'context': 54, 'bonus_lists': [1705, 4277], 'modifiers': [{'type': 9, 'value': 50}]}"
1200161547,VERY_LONG,,1,18000000,,"{'id': 55525, 'context': 0, 'bonus_lists': [6654, 1700], 'modifiers': [{'type': 9, 'value': 35}, {'type': 28, 'value': 56}]}"
1200161551,VERY_LONG,,1,70982800,,"{'id': 15575, 'context': 0, 'bonus_lists': [6654, 1705], 'modifiers': [{'type': 9, 'value': 30}, {'type': 28, 'value': 21}]}"
1200161555,VERY_LONG,,1,53803400,,"{'id': 15966, 'context': 54, 'bonus_lists': [4281], 'modifiers': [{'type': 9, 'value': 50}]}"
1200161557,VERY_LONG,,1,53943400,,"{'id': 13021, 'context': 54, 'bonus_lists': [4273], 'modifiers': [{'type': 9, 'value': 50}]}"
1200161561,VERY_LONG,,1,48081500,,"{'id': 87443, 'context': 36, 'bonus_lists': [4760], 'modifiers': [{'type': 9, 'value': 50}]}"
1200161565,VERY_LONG,,1,25200300,,"{'id': 14589, 'context': 53, 'bonus_lists': [4277], 'modifiers': [{'type': 9, 'value': 50}]}"
1200161568,VERY_LONG,,1,37290000,,"{'id': 15987, 'context': 0, 'bonus_lists': [6655, 1679], 'modifiers': [{'type': 9, 'value': 30}, {'type': 28, 'value': 36}]}"
1200161571,VERY_LONG,,1,48407100,,"{'id': 44688, 'context': 0, 'bonus_lists': [6691, 1678], 'modifiers': [{'type': 9, 'value': 30}, {'type': 28, 'value': 49}]}"
1200161575,VERY_LONG,,1,4871000,,"{'id': 12704, 'context': 0}"
1200161582,VERY_LONG,,1,4871000,,"{'id': 12704, 'context': 0}"
1200161586,VERY_LONG,,1,23676400,,"{'id': 15377, 'context': 54, 'bonus_lists': [1681, 4277], 'modifiers': [{'type': 9, 'value': 50}]}"
1200161592,VERY_LONG,,1,223850600,,"{'id': 15537, 'context': 54, 'bonus_lists': [1694, 4277], 'modifiers': [{'type': 9, 'value': 50}]}"
1200161597,VERY_LONG,,1,44000000,,"{'id': 138001, 'context': 0}"
1200161603,VERY_LONG,,1,999900,,"{'id': 6661, 'context': 0}"
1200161609,VERY_LONG,,1,247777100,,"{'id': 870, 'context': 0, 'bonus_lists': [6661], 'modifiers': [{'type': 9, 'value': 30}, {'type': 28, 'value': 21}]}"
1200161613,VERY_LONG,,1,57569100,,"{'id': 15633, 'context': 54, 'bonus_lists': [1677, 4281], 'modifiers': [{'type': 9, 'value': 50}]}"
1200161620,VERY_LONG,,1,41931000,,"{'id': 8134, 'context': 54, 'bonus_lists': [4281], 'modifiers': [{'type': 9, 'value': 50}]}"
1200161624,VERY_LONG,,1,45999500,,"{'id': 14850, 'context': 54, 'bonus_lists': [4279], 'modifiers': [{'type': 9, 'value': 50}]}"
1200161628,VERY_LONG,,1,45999500,,"{'id': 14850, 'context': 54, 'bonus_lists': [4277], 'modifiers': [{'type': 9, 'value': 50}]}"
1200161633,VERY_LONG,,1,45999500,,"{'id': 14850, 'context': 54, 'bonus_lists': [4277], 'modifiers': [{'type': 9, 'value': 50}]}"
1200161638,VERY_LONG,,1,54746000,,"{'id': 55285, 'context': 36, 'bonus_lists': [1700, 4767], 'modifiers': [{'type': 9, 'value': 50}]}"
1200161641,VERY_LONG,,1,27763800,,"{'id': 24819, 'context': 36, 'bonus_lists': [1680, 3851], 'modifiers': [{'type': 9, 'value': 50}]}"
1200161647,VERY_LONG,,1,143735900,,"{'id': 94042, 'context': 36, 'bonus_lists': [1693]}"
1200161649,VERY_LONG,,1,342305100,,"{'id': 9385, 'context': 54, 'bonus_lists': [4273], 'modifiers': [{'type': 9, 'value': 46}]}"
1200161655,VERY_LONG,,1,199900,,"{'id': 15737, 'context': 0}"
1200161660,VERY_LONG,,1,31000000,,"{'id': 14767, 'context': 0, 'bonus_lists': [6654], 'modifiers': [{'type': 9, 'value': 30}, {'type': 28, 'value': 21}]}"
1200161663,VERY_LONG,,1,600000,,"{'id': 21953, 'context': 0, 'modifiers': [{'type': 28, 'value': 36}]}"
1200161667,VERY_LONG,,1,600000,,"{'id': 21953, 'context': 0}"
1200161670,VERY_LONG,,1,88321100,,"{'id': 14967, 'context': 54, 'bonus_lists': [1694, 4277], 'modifiers': [{'type': 9, 'value': 50}]}"
1200161736,VERY_LONG,,1,5999900,,"{'id': 82800, 'context': 0, 'modifiers': [{'type': 6, 'value': 90422}], 'pet_breed_id': 16, 'pet_level': 2, 'pet_quality_id': 2, 'pet_species_id': 2526}"
1200161769,VERY_LONG,,1,11856400,,"{'id': 82800, 'context': 0, 'modifiers': [{'type': 6, 'value': 48664}], 'pet_breed_id': 7, 'pet_level': 2, 'pet_quality_id': 3, 'pet_species_id': 1233}"
1200161783,VERY_LONG,,1,1990000,,"{'id': 82800, 'context': 0, 'modifiers': [{'type': 6, 'value': 89609}], 'pet_breed_id': 5, 'pet_level': 1, 'pet_quality_id': 3, 'pet_species_id': 2525}"
1200161787,VERY_LONG,,1,4009600,,"{'id': 82800, 'context': 0, 'modifiers': [{'type': 6, 'value': 73684}], 'pet_breed_id': 16, 'pet_level': 1, 'pet_quality_id': 3, 'pet_species_id': 1959}"
1200161793,VERY_LONG,,1,27991900,,"{'id': 82800, 'context': 0, 'modifiers': [{'type': 6, 'value': 79709}], 'pet_breed_id': 9, 'pet_level': 1, 'pet_quality_id': 3, 'pet_species_id': 2088}"
1200161807,VERY_LONG,,1,20009300,,"{'id': 82800, 'context': 0, 'modifiers': [{'type': 6, 'value': 39739}], 'pet_breed_id': 21, 'pet_level': 1, 'pet_quality_id': 3, 'pet_species_id': 2584}"
1200161811,VERY_LONG,,1,78601300,,"{'id': 82800, 'context': 0, 'modifiers': [{'type': 6, 'value': 5187}], 'pet_breed_id': 4, 'pet_level': 1, 'pet_quality_id': 3, 'pet_species_id': 2545}"
1200161819,VERY_LONG,,1,285000,,"{'id': 82800, 'context': 0, 'modifiers': [{'type': 6, 'value': 72658}], 'pet_breed_id': 7, 'pet_level': 2, 'pet_quality_id': 3, 'pet_species_id': 1934}"
1200161833,VERY_LONG,377400,5,,,{'id': 173033}
1200161842,VERY_LONG,19000,4,,,{'id': 179315}
1200161848,VERY_LONG,292500,8,,,{'id': 168586}
1200161877,VERY_LONG,152700,4,,,{'id': 171829}
1200161913,VERY_LONG,,1,6492000,,"{'id': 82800, 'context': 0, 'modifiers': [{'type': 6, 'value': 71835}], 'pet_breed_id': 8, 'pet_level': 1, 'pet_quality_id': 3, 'pet_species_id': 1721}"
1200161917,VERY_LONG,,1,4004000,,"{'id': 82800, 'context': 0, 'modifiers': [{'type': 6, 'value': 79707}], 'pet_breed_id': 11, 'pet_level': 1, 'pet_quality_id': 3, 'pet_species_id': 2086}"
1200161925,VERY_LONG,,1,16941200,,"{'id': 82800, 'context': 0, 'modifiers': [{'type': 6, 'value': 90155}], 'pet_breed_id': 8, 'pet_level': 1, 'pet_quality_id': 3, 'pet_species_id': 2544}"
1200161953,VERY_LONG,1001900,144,,,{'id': 133557}
1200161957,VERY_LONG,,1,11999700,,"{'id': 82800, 'context': 0, 'modifiers': [{'type': 6, 'value': 90715}], 'pet_breed_id': 14, 'pet_level': 1, 'pet_quality_id': 3, 'pet_species_id': 2580}"
1200161964,VERY_LONG,8400,15,,,{'id': 178786}
1200161968,VERY_LONG,,1,1400000,,"{'id': 82800, 'context': 0, 'modifiers': [{'type': 6, 'value': 45289}], 'pet_breed_id': 18, 'pet_level': 1, 'pet_quality_id': 3, 'pet_species_id': 2087}"
1200161974,VERY_LONG,,1,5001500,,"{'id': 82800, 'context': 0, 'modifiers': [{'type': 6, 'value': 60732}], 'pet_breed_id': 17, 'pet_level': 1, 'pet_quality_id': 3, 'pet_species_id': 1564}"
1200161984,VERY_LONG,,1,26100,,"{'id': 82800, 'context': 0, 'modifiers': [{'type': 6, 'value': 66155}], 'pet_breed_id': 12, 'pet_level': 1, 'pet_quality_id': 3, 'pet_species_id': 1802}"
1200161990,VERY_LONG,,1,19990000,,"{'id': 82800, 'context': 0, 'modifiers': [{'type': 6, 'value': 99903}], 'pet_breed_id': 19, 'pet_level': 1, 'pet_quality_id': 3, 'pet_species_id': 2901}"
1200161993,VERY_LONG,,1,80001200,,"{'id': 15984, 'context': 54, 'bonus_lists': [1680, 4281], 'modifiers': [{'type': 9, 'value': 50}]}"
1200162013,LONG,,1,52115400,31269200,"{'id': 82800, 'context': 0, 'modifiers': [{'type': 6, 'value': 38232}], 'pet_breed_id': 8, 'pet_level': 1, 'pet_quality_id': 3, 'pet_species_id': 310}"
1200162016,LONG,,1,29996100,17997700,"{'id': 82800, 'context': 0, 'modifiers': [{'type': 6, 'value': 60975}], 'pet_breed_id': 15, 'pet_level': 1, 'pet_quality_id': 3, 'pet_species_id': 1600}"
1200162018,VERY_LONG,1900,30,,,{'id': 160709}
1200162020,LONG,5002100,5,,,{'id': 79868}
1200162023,LONG,,1,100000000,87890700,"{'id': 82800, 'context': 0, 'modifiers': [{'type': 6, 'value': 41833}], 'pet_breed_id': 19, 'pet_level': 1, 'pet_quality_id': 3, 'pet_species_id': 381}"
1200162026,LONG,,1,19999900,18557900,"{'id': 82800, 'context': 0, 'modifiers': [{'type': 6, 'value': 28217}], 'pet_breed_id': 7, 'pet_level': 1, 'pet_quality_id': 2, 'pet_species_id': 196}"
1200162030,LONG,7664400,26,,,{'id': 21885}
1200162033,LONG,,1,69487700,41692600,"{'id': 82800, 'context': 0, 'modifiers': [{'type': 6, 'value': 45854}], 'pet_breed_id': 5, 'pet_level': 1, 'pet_quality_id': 3, 'pet_species_id': 836}"
1200162035,LONG,,1,30000000,24516000,"{'id': 82800, 'context': 0, 'modifiers': [{'type': 6, 'value': 90140}], 'pet_breed_id': 16, 'pet_level': 1, 'pet_quality_id': 3, 'pet_species_id': 2548}"
1200162038,LONG,,1,67002100,44986800,"{'id': 82800, 'context': 0, 'modifiers': [{'type': 6, 'value': 1418}], 'pet_breed_id': 14, 'pet_level': 1, 'pet_quality_id': 2, 'pet_species_id': 2065}"
1200162043,LONG,9500000,5,,,{'id': 52980}
1200162045,LONG,600000,129,,,{'id': 3859}
1200162049,LONG,,1,56931800,34159100,"{'id': 82800, 'context': 0, 'modifiers': [{'type': 6, 'value': 79638}], 'pet_breed_id': 8, 'pet_level': 1, 'pet_quality_id': 3, 'pet_species_id': 2083}"
1200162051,LONG,,1,32106500,19263900,"{'id': 82800, 'context': 0, 'modifiers': [{'type': 6, 'value': 47856}], 'pet_breed_id': 9, 'pet_level': 1, 'pet_quality_id': 3, 'pet_species_id': 1346}"
1200162056,LONG,,1,150009100,90005500,"{'id': 82800, 'context': 0, 'modifiers': [{'type': 6, 'value': 58760}], 'pet_breed_id': 17, 'pet_level': 1, 'pet_quality_id': 3, 'pet_species_id': 1663}"
1200162059,LONG,,1,48978000,29386800,"{'id': 82800, 'context': 0, 'modifiers': [{'type': 6, 'value': 33512}], 'pet_breed_id': 4, 'pet_level': 1, 'pet_quality_id': 2, 'pet_species_id': 261}"
1200162064,LONG,,1,52655800,31593500,"{'id': 82800, 'context': 0, 'modifiers': [{'type': 6, 'value': 48661}], 'pet_breed_id': 12, 'pet_level': 1, 'pet_quality_id': 3, 'pet_species_id': 1232}"
1200162066,LONG,,1,14622300,14101900,"{'id': 82800, 'context': 0, 'modifiers': [{'type': 6, 'value': 60016}], 'pet_breed_id': 20, 'pet_level': 1, 'pet_quality_id': 3, 'pet_species_id': 1541}"
1200162070,LONG,,1,29989600,26086900,"{'id': 82800, 'context': 0, 'modifiers': [{'type': 6, 'value': 15905}], 'pet_breed_id': 13, 'pet_level': 1, 'pet_quality_id': 2, 'pet_species_id': 845}"
1200162072,LONG,,1,19999900,18858800,"{'id': 82800, 'context': 0, 'modifiers': [{'type': 6, 'value': 58613}], 'pet_breed_id': 13, 'pet_level': 1, 'pet_quality_id': 3, 'pet_species_id': 1577}"
1200162075,LONG,,1,47999900,36297200,"{'id': 82800, 'context': 0, 'modifiers': [{'type': 6, 'value': 28501}], 'pet_breed_id': 9, 'pet_level': 1, 'pet_quality_id': 3, 'pet_species_id': 165}"
1200162076,LONG,,1,54190200,37131600,"{'id': 82800, 'context': 0, 'modifiers': [{'type': 6, 'value': 42430}], 'pet_breed_id': 4, 'pet_level': 1, 'pet_quality_id': 3, 'pet_species_id': 1518}"
1200162077,VERY_LONG,502900,1,,,{'id': 178543}
1200162080,LONG,,1,83510300,50106200,"{'id': 82800, 'context': 0, 'modifiers': [{'type': 6, 'value': 6288}], 'pet_breed_id': 18, 'pet_level': 1, 'pet_quality_id': 3, 'pet_species_id': 56}"
1200162082,LONG,,1,54980000,42219900,"{'id': 82800, 'context': 0, 'modifiers': [{'type': 6, 'value': 57803}], 'pet_breed_id': 17, 'pet_level': 1, 'pet_quality_id': 3, 'pet_species_id': 1428}"
1200162084,LONG,,1,59434600,35660800,"{'id': 82800, 'context': 0, 'modifiers': [{'type': 6, 'value': 48662}], 'pet_breed_id': 8, 'pet_level': 1, 'pet_quality_id': 3, 'pet_species_id': 1229}"
1200162087,LONG,,1,223273600,133964200,"{'id': 82800, 'context': 0, 'modifiers': [{'type': 6, 'value': 28493}], 'pet_breed_id': 3, 'pet_level': 1, 'pet_quality_id': 2, 'pet_species_id': 212}"
1200162090,LONG,,1,59671500,35802900,"{'id': 82800, 'context': 0, 'modifiers': [{'type': 6, 'value': 58768}], 'pet_breed_id': 13, 'pet_level': 1, 'pet_quality_id': 3, 'pet_species_id': 1571}"
1200162092,LONG,,1,22610600,14371500,"{'id': 82800, 'context': 0, 'modifiers': [{'type': 6, 'value': 65087}], 'pet_breed_id': 14, 'pet_level': 1, 'pet_quality_id': 3, 'pet_species_id': 1716}"
1200162095,LONG,53700,264,,,{'id': 3575}
1200162096,LONG,,1,39999900,23999900,"{'id': 82800, 'context': 0, 'modifiers': [{'type': 6, 'value': 69254}], 'pet_breed_id': 22, 'pet_level': 1, 'pet_quality_id': 3, 'pet_species_id': 1885}"
1200162098,LONG,,1,62715000,37629000,"{'id': 82800, 'context': 0, 'modifiers': [{'type': 6, 'value': 42297}], 'pet_breed_id': 5, 'pet_level': 1, 'pet_quality_id': 2, 'pet_species_id': 846}"
1200162099,LONG,,1,51845500,31107300,"{'id': 82800, 'context': 0, 'modifiers': [{'type': 6, 'value': 29810}], 'pet_breed_id': 3, 'pet_level': 1, 'pet_quality_id': 2, 'pet_species_id': 237}"
1200162100,VERY_LONG,,1,203012100,,"{'id': 82800, 'context': 0, 'modifiers': [{'type': 6, 'value': 69532}], 'pet_breed_id': 10, 'pet_level': 1, 'pet_quality_id': 3, 'pet_species_id': 1887}"
1200164101,LONG,,1,129999900,97448200,"{'id': 82800, 'context': 0, 'modifiers': [{'type': 6, 'value': 51269}], 'pet_breed_id': 6, 'pet_level': 1, 'pet_quality_id': 3, 'pet_species_id': 1334}"
1200164102,LONG,,1,106539400,63923600,"{'id': 82800, 'context': 0, 'modifiers': [{'type': 6, 'value': 93750}], 'pet_breed_id': 20, 'pet_level': 1, 'pet_quality_id': 2, 'pet_species_id': 2907}"
1200164104,LONG,,1,43407300,26044400,"{'id': 82800, 'context': 0, 'modifiers': [{'type': 6, 'value': 60820}], 'pet_breed_id': 18, 'pet_level': 1, 'pet_quality_id': 3, 'pet_species_id': 1567}"
1200164106,LONG,,1,63999900,38399900,"{'id': 82800, 'context': 0, 'modifiers': [{'type': 6, 'value': 47858}], 'pet_breed_id': 7, 'pet_level': 1, 'pet_quality_id': 3, 'pet_species_id': 1344}"
1200164109,LONG,230600,70,,,{'id': 3577}
1200164110,LONG,,1,39366600,23620000,"{'id': 82800, 'context': 0, 'modifiers': [{'type': 6, 'value': 99851}], 'pet_breed_id': 13, 'pet_level': 1, 'pet_quality_id': 2, 'pet_species_id': 2918}"
1200164112,LONG,,1,65581000,39348600,"{'id': 82800, 'context': 0, 'modifiers': [{'type': 6, 'value': 91111}], 'pet_breed_id': 10, 'pet_level': 1, 'pet_quality_id': 2, 'pet_species_id': 2699}"
1200164113,LONG,10000000,5,,,{'id': 58088}
1200164115,LONG,,1,78500200,47100100,"{'id': 82800, 'context': 0, 'modifiers': [{'type': 6, 'value': 48705}], 'pet_breed_id': 7, 'pet_level': 1, 'pet_quality_id': 3, 'pet_species_id': 1244}"
1200164116,VERY_LONG,9000,5,,,{'id': 174285}
1200164117,LONG,,1,29969800,17981900,"{'id': 82800, 'context': 0, 'modifiers': [{'type': 6, 'value': 29805}], 'pet_breed_id': 8, 'pet_level': 1, 'pet_quality_id': 2, 'pet_species_id': 232}"
1200164119,LONG,2500000,20,,,{'id': 36910}
1200164120,LONG,,1,22679700,22273900,"{'id': 82800, 'context': 0, 'modifiers': [{'type': 6, 'value': 78261}], 'pet_breed_id': 3, 'pet_level': 1, 'pet_quality_id': 3, 'pet_species_id': 2072}"
1200164124,LONG,,1,38139700,28575200,"{'id': 82800, 'context': 0, 'modifiers': [{'type': 6, 'value': 22855}], 'pet_breed_id': 9, 'pet_level': 1, 'pet_quality_id': 3, 'pet_species_id': 167}"
1200164125,LONG,,1,22952400,21507500,"{'id': 82800, 'context': 0, 'modifiers': [{'type': 6, 'value': 87890}], 'pet_breed_id': 3, 'pet_level': 1, 'pet_quality_id': 3, 'pet_species_id': 2435}"
1200164127,LONG,,1,22624500,16424600,"{'id': 82800, 'context': 0, 'modifiers': [{'type': 6, 'value': 42520}], 'pet_breed_id': 11, 'pet_level': 1, 'pet_quality_id': 3, 'pet_species_id': 2589}"
1200164128,LONG,,1,10057900,8983700,"{'id': 82800, 'context': 0, 'modifiers': [{'type': 6, 'value': 29802}], 'pet_breed_id': 20, 'pet_level': 1, 'pet_quality_id': 2, 'pet_species_id': 235}"
1200164130,LONG,880000,9,,,{'id': 124106}
1200164131,LONG,4400000,5,,,{'id': 23426}
1200164132,LONG,,1,74744500,44846700,"{'id': 82800, 'context': 0, 'modifiers': [{'type': 6, 'value': 88873}], 'pet_breed_id': 12, 'pet_level': 1, 'pet_quality_id': 3, 'pet_species_id': 2680}"
1200164134,LONG,,1,42961000,25776600,"{'id': 82800, 'context': 0, 'modifiers': [{'type': 6, 'value': 88766}], 'pet_breed_id': 22, 'pet_level': 1, 'pet_quality_id': 3, 'pet_species_id': 2713}"
1200164136,LONG,,1,39829100,25431900,"{'id': 82800, 'context': 0, 'modifiers': [{'type': 6, 'value': 59038}], 'pet_breed_id': 8, 'pet_level': 1, 'pet_quality_id': 3, 'pet_species_id': 1568}"
1200164139,LONG,,1,21520900,18169700,"{'id': 82800, 'context': 0, 'modifiers': [{'type': 6, 'value': 37949}], 'pet_breed_id': 18, 'pet_level': 1, 'pet_quality_id': 3, 'pet_species_id': 1927}"
1200164140,VERY_LONG,5000200,1,,,{'id': 122742}
1200164141,LONG,,1,26190300,17408900,"{'id': 82800, 'context': 0, 'modifiers': [{'type': 6, 'value': 72239}], 'pet_breed_id': 8, 'pet_level': 1, 'pet_quality_id': 3, 'pet_species_id': 1931}"
1200164144,LONG,,1,158779600,95267800,"{'id': 82800, 'context': 0, 'modifiers': [{'type': 6, 'value': 51272}], 'pet_breed_id': 8, 'pet_level': 1, 'pet_quality_id': 3, 'pet_species_id': 1335}"
1200164146,LONG,,1,49984600,29990800,"{'id': 82800, 'context': 0, 'modifiers': [{'type': 6, 'value': 99014}], 'pet_breed_id': 12, 'pet_level': 1, 'pet_quality_id': 2, 'pet_species_id': 2953}"
1200164148,LONG,,1,104999900,84513800,"{'id': 82800, 'context': 0, 'modifiers': [{'type': 6, 'value': 73663}], 'pet_breed_id': 5, 'pet_level': 1, 'pet_quality_id': 3, 'pet_species_id': 1953}"
1200164149,LONG,,1,115552200,69331300,"{'id': 82800, 'context': 0, 'modifiers': [{'type': 6, 'value': 47958}], 'pet_breed_id': 21, 'pet_level': 1, 'pet_quality_id': 3, 'pet_species_id': 1208}"
1200164152,LONG,35262700,5,,,{'id': 64395}
1200164153,LONG,,1,19722900,15941100,"{'id': 82800, 'context': 0, 'modifiers': [{'type': 6, 'value': 59766}], 'pet_breed_id': 18, 'pet_level': 1, 'pet_quality_id': 3, 'pet_species_id': 1954}"
1200164155,VERY_LONG,75000,2,,,{'id': 23438}
1200164167,VERY_LONG,910800,70,,,{'id': 174281}
1200164188,VERY_LONG,6700,1,,,{'id': 176868}
1200164195,VERY_LONG,,1,1399900,,"{'id': 25065, 'context': 22, 'bonus_lists': [6654, 1708], 'modifiers': [{'type': 9, 'value': 30}, {'type': 28, 'value': 1066}]}"
1200164225,VERY_LONG,,1,761500,,"{'id': 183971, 'context': 0, 'bonus_lists': [6908, 6652, 1689], 'modifiers': [{'type': 9, 'value': 60}, {'type': 28, 'value': 1707}]}"
1200164254,VERY_LONG,,1,250000000,,"{'id': 82800, 'context': 0, 'modifiers': [{'type': 6, 'value': 81966}], 'pet_breed_id': 11, 'pet_level': 25, 'pet_quality_id': 3, 'pet_species_id': 2404}"
1200164255,VERY_LONG,57500,21,,,{'id': 11291}
1200164264,LONG,665900,45,,,{'id': 171269}
1200164266,LONG,,1,107999900,54000000,"{'id': 7449, 'context': 0}"
1200164267,LONG,,1,20442900,10221500,"{'id': 24985, 'context': 2, 'bonus_lists': [6654, 1709], 'modifiers': [{'type': 9, 'value': 30}, {'type': 28, 'value': 1068}]}"
1200164271,LONG,1899400,6,,,{'id': 76076}
1200164272,LONG,,1,40009800,20004900,"{'id': 7363, 'context': 1}"
1200164275,LONG,59900,220,,,{'id': 124115}
1200164276,LONG,21999900,10,,,{'id': 27659}
1200164278,LONG,6499800,10,,,{'id': 9187}
1200164280,LONG,14999200,1,,,{'id': 24271}
1200164282,LONG,27499900,10,,,{'id': 168315}
1200164283,LONG,,1,30999900,15500000,"{'id': 106445, 'context': 0, 'bonus_lists': [6654, 203], 'modifiers': [{'type': 9, 'value': 23}, {'type': 28, 'value': 1766}]}"
1200164287,LONG,16500,3,,,{'id': 31671}
1200164289,LONG,999700,10,,,{'id': 53064}
1200164291,LONG,6999700,9,,,{'id': 140347}
1200164292,LONG,2249900,23,,,{'id': 2677}
1200164294,LONG,15999900,3,,,{'id': 6370}
1200164295,LONG,499200,2,,,{'id': 52180}
1200164297,LONG,,1,80000000,40000000,"{'id': 15344, 'context': 1, 'bonus_lists': [6654, 1708], 'modifiers': [{'type': 9, 'value': 30}, {'type': 28, 'value': 206}]}"
1200164299,VERY_LONG,76900,3,,,{'id': 173110}
1200164302,LONG,9439800,43,,,{'id': 168498}
1200164304,LONG,2474500,2,,,{'id': 39340}
1200164305,LONG,8999700,1,,,{'id': 13760}
1200164307,LONG,155500,10,,,{'id': 4404}
1200164371,LONG,800000,3,,,{'id': 49908}
1200164389,LONG,1900,18,,,{'id': 33470}
1200164405,LONG,,1,67300000,,"{'id': 82800, 'context': 0, 'modifiers': [{'type': 6, 'value': 46922}], 'pet_breed_id': 6, 'pet_level': 1, 'pet_quality_id': 3, 'pet_species_id': 1155}"
1200164418,LONG,,1,876000000,,"{'id': 82800, 'context': 0, 'modifiers': [{'type': 6, 'value': 91024}], 'pet_breed_id': 18, 'pet_level': 1, 'pet_quality_id': 3, 'pet_species_id': 2690}"
1200164771,VERY_LONG,,1,88321100,,"{'id': 14967, 'context': 0, 'bonus_lists': [6654, 1678], 'modifiers': [{'type': 9, 'value': 30}, {'type': 28, 'value': 36}]}"
1200166648,VERY_LONG,3100,1331,,,{'id': 2589}
1200166652,VERY_LONG,39000,67,,,{'id': 63122}
1200166656,VERY_LONG,1385600,4,,,{'id': 58094}
1200166659,VERY_LONG,9300,4,,,{'id': 2996}
1200166662,VERY_LONG,,1,49999700,,"{'id': 13520, 'context': 1, 'modifiers': [{'type': 28, 'value': 214}]}"
1200166667,VERY_LONG,435700,155,,,{'id': 76130}
1200166672,VERY_LONG,10556000,30,,,{'id': 8766}
1200166678,LONG,,1,7091500,6736900,"{'id': 24643, 'context': 1, 'bonus_lists': [6654, 1707], 'modifiers': [{'type': 9, 'value': 30}, {'type': 28, 'value': 222}]}"
1200166683,VERY_LONG,238600,27,,,{'id': 57191}
1200166686,VERY_LONG,97900,23,,,{'id': 2458}
1200166692,VERY_LONG,51000,2,,,{'id': 4377}
1200166696,VERY_LONG,26200,30,,,{'id': 10620}
1200166700,VERY_LONG,11100,1,,,{'id': 7067}
1200166703,VERY_LONG,217800,8,,,{'id': 13444}
1200166708,VERY_LONG,4900,2000,,,{'id': 4338}
1200166711,VERY_LONG,,1,11051100,,"{'id': 2882, 'context': 1, 'modifiers': [{'type': 28, 'value': 204}]}"
1200166715,VERY_LONG,102900,38,,,{'id': 76136}
1200166718,VERY_LONG,3200,38,,,{'id': 12365}
1200166725,VERY_LONG,13199300,1,,,{'id': 58087}
1200166730,VERY_LONG,489999900,7,,,{'id': 2798}
1200166734,VERY_LONG,,1,64088400,,"{'id': 44148, 'context': 0}"
1200166738,VERY_LONG,,1,15961200,,"{'id': 11208, 'context': 1, 'modifiers': [{'type': 28, 'value': 218}]}"
1200166745,VERY_LONG,284948400,5,,,{'id': 44145}
1200166748,VERY_LONG,589900,20,,,{'id': 3382}
1200166753,VERY_LONG,999900,6,,,{'id': 67415}
1200166756,VERY_LONG,65475300,2,,,{'id': 44144}
1200166759,VERY_LONG,968300,9,,,{'id': 52183}
1200166762,LONG,,1,990000,940500,"{'id': 15226, 'context': 1, 'bonus_lists': [6655, 1708], 'modifiers': [{'type': 9, 'value': 30}, {'type': 28, 'value': 203}]}"
1200166766,LONG,,1,970000,921500,"{'id': 15226, 'context': 1, 'bonus_lists': [6655, 1692], 'modifiers': [{'type': 9, 'value': 30}, {'type': 28, 'value': 203}]}"
1200166769,VERY_LONG,68900,6,,,{'id': 52194}
1200166774,VERY_LONG,829900,40,,,{'id': 3383}
1200166779,VERY_LONG,1701200,10,,,{'id': 6471}
1200166780,LONG,46100,40,,,{'id': 152497}
1200166782,LONG,2749900,7,,,{'id': 2673}
1200166783,VERY_LONG,40600,2,,,{'id': 118}
1200166788,LONG,,1,52499900,26250000,"{'id': 36332, 'context': 1, 'bonus_lists': [6654, 1695], 'modifiers': [{'type': 9, 'value': 39}, {'type': 28, 'value': 1872}]}"
1200166790,LONG,,1,59043300,56091100,"{'id': 15567, 'context': 1, 'bonus_lists': [6654, 1693], 'modifiers': [{'type': 9, 'value': 30}, {'type': 28, 'value': 203}]}"
1200166791,LONG,,1,29999900,15000000,"{'id': 47628, 'context': 0}"
1200166795,VERY_LONG,,1,651326700,,"{'id': 48114, 'context': 1, 'modifiers': [{'type': 28, 'value': 193}]}"
1200166796,LONG,,1,75000000,37500000,"{'id': 37779, 'context': 0, 'bonus_lists': [6658], 'modifiers': [{'type': 9, 'value': 30}, {'type': 28, 'value': 49}]}"
1200166798,LONG,,1,2189000,2079600,"{'id': 1608, 'context': 1, 'bonus_lists': [6655, 1679], 'modifiers': [{'type': 9, 'value': 30}, {'type': 28, 'value': 218}]}"
1200166800,LONG,54999900,1,,,{'id': 74853}
1200166805,LONG,,1,5979800,5680800,"{'id': 8307, 'context': 1, 'bonus_lists': [6654], 'modifiers': [{'type': 9, 'value': 30}, {'type': 28, 'value': 205}]}"
1200166806,LONG,760000,1,,,{'id': 3827}
1200166808,VERY_LONG,49400,1,,,{'id': 12364}
1200166809,LONG,432900,60,,,{'id': 133680}
1200166812,LONG,,1,94670700,89937200,"{'id': 14236, 'context': 1, 'bonus_lists': [6654, 1679], 'modifiers': [{'type': 9, 'value': 30}, {'type': 28, 'value': 203}]}"
1200166815,LONG,100000,10,,,{'id': 3730}
1200166816,LONG,,1,22328700,21212300,"{'id': 15386, 'context': 1, 'bonus_lists': [6654, 1705], 'modifiers': [{'type': 9, 'value': 30}, {'type': 28, 'value': 218}]}"
1200166817,LONG,870000,233,,,{'id': 171291}
1200166820,VERY_LONG,245900,2,,,{'id': 33458}
1200166822,LONG,19900,660,,,{'id': 158378}
1200166823,VERY_LONG,411700,2,,,{'id': 2289}
1200166826,LONG,,1,70000000,35000000,"{'id': 4091, 'context': 0}"
1200166827,VERY_LONG,24886000,4,,,{'id': 44147}
1200166829,LONG,3699800,5,,,{'id': 6712}
1200166830,LONG,,1,1677500,1593600,"{'id': 24629, 'context': 1, 'bonus_lists': [6654, 1691], 'modifiers': [{'type': 9, 'value': 30}, {'type': 28, 'value': 222}]}"
1200166833,LONG,199900,29,,,{'id': 180318}
1200166834,VERY_LONG,100,9,,,{'id': 12203}
1200166836,LONG,1999900,9,,,{'id': 23676}
1200166839,LONG,,1,19951900,18954300,"{'id': 25105, 'context': 1, 'bonus_lists': [6655, 1679], 'modifiers': [{'type': 9, 'value': 30}, {'type': 28, 'value': 222}]}"
1200166841,LONG,551300,10,,,{'id': 7069}
1200166844,LONG,68568800,1,,,{'id': 168499}
1200166847,LONG,,1,6890400,6545900,"{'id': 14268, 'context': 1, 'bonus_lists': [6654, 1708], 'modifiers': [{'type': 9, 'value': 30}, {'type': 28, 'value': 218}]}"
1200166848,LONG,52999900,10,,,{'id': 41800}
1200166850,LONG,,1,39315300,37349500,"{'id': 7555, 'context': 1, 'bonus_lists': [6655, 1692], 'modifiers': [{'type': 9, 'value': 30}, {'type': 28, 'value': 214}]}"
1200166851,LONG,1353100,7,,,{'id': 41806}
1200166855,VERY_LONG,9200,3,,,{'id': 4337}
1200166856,LONG,999700,6,,,{'id': 22825}
1200166858,VERY_LONG,5555400,11,,,{'id': 43369}
1200166861,LONG,,1,16941100,8470600,"{'id': 82800, 'context': 0, 'modifiers': [{'type': 6, 'value': 90155}], 'pet_breed_id': 8, 'pet_level': 1, 'pet_quality_id': 3, 'pet_species_id': 2544}"
1200166862,LONG,,1,43609700,41429200,"{'id': 14243, 'context': 1, 'bonus_lists': [6654, 1695], 'modifiers': [{'type': 9, 'value': 30}, {'type': 28, 'value': 203}]}"
1200166864,LONG,,1,60000000,30000000,"{'id': 13043, 'context': 0}"
1200166865,VERY_LONG,958900,5,,,{'id': 52195}
1200166868,VERY_LONG,122782400,4,,,{'id': 8932}
1200166871,LONG,,1,9156600,8698800,"{'id': 24631, 'context': 1, 'bonus_lists': [6654, 1681], 'modifiers': [{'type': 9, 'value': 30}, {'type': 28, 'value': 222}]}"
1200166875,VERY_LONG,,1,1963300,,"{'id': 15261, 'context': 0, 'bonus_lists': [6655, 1692], 'modifiers': [{'type': 9, 'value': 30}, {'type': 28, 'value': 25}]}"
1200166877,LONG,,1,1030000,978500,"{'id': 15569, 'context': 1, 'bonus_lists': [6655, 1693], 'modifiers': [{'type': 9, 'value': 30}, {'type': 28, 'value': 203}]}"
1200166880,VERY_LONG,759900,17,,,{'id': 3827}
1200166882,VERY_LONG,473700,13,,,{'id': 8948}
1200166887,VERY_LONG,,1,6499800,,"{'id': 142337, 'context': 1, 'modifiers': [{'type': 28, 'value': 214}]}"
1200166890,VERY_LONG,30212100,3,,,{'id': 44146}
1200166893,VERY_LONG,3075800,11,,,{'id': 8949}
1200166895,VERY_LONG,633000,15,,,{'id': 107528}
1200166898,LONG,,1,3075600,2921800,"{'id': 25287, 'context': 1, 'bonus_lists': [6655, 1677], 'modifiers': [{'type': 9, 'value': 30}, {'type': 28, 'value': 222}]}"
1200166900,LONG,,1,673500,639800,"{'id': 15235, 'context': 1, 'bonus_lists': [6655, 1706], 'modifiers': [{'type': 9, 'value': 30}, {'type': 28, 'value': 214}]}"
1200166905,LONG,,1,3179300,3020300,"{'id': 1990, 'context': 1, 'bonus_lists': [6655, 1691], 'modifiers': [{'type': 9, 'value': 30}, {'type': 28, 'value': 203}]}"
1200166909,VERY_LONG,500,3,,,{'id': 7077}
1200166914,VERY_LONG,2949900,71,,,{'id': 76734}
1200166917,VERY_LONG,92300,44,,,{'id': 2772}
1200166921,VERY_LONG,,1,248800,,"{'id': 16249, 'context': 1, 'modifiers': [{'type': 28, 'value': 214}]}"
1200166926,LONG,,1,3369800,3201300,"{'id': 9956, 'context': 1, 'bonus_lists': [6654, 1707], 'modifiers': [{'type': 9, 'value': 30}, {'type': 28, 'value': 214}]}"
1200166929,LONG,,1,15094700,14340000,"{'id': 9511, 'context': 1, 'bonus_lists': [6710], 'modifiers': [{'type': 9, 'value': 30}, {'type': 28, 'value': 218}]}"
1200166931,VERY_LONG,56400,1,,,{'id': 9262}
1200166934,VERY_LONG,14455100,1,,,{'id': 37156}
1200166936,VERY_LONG,249983900,32,,,{'id': 6470}
1200166939,LONG,,1,12421500,11800400,"{'id': 10168, 'context': 1, 'bonus_lists': [6654, 1681], 'modifiers': [{'type': 9, 'value': 30}, {'type': 28, 'value': 205}]}"
1200166940,VERY_LONG,8754600,1,,,{'id': 12363}
1200166944,VERY_LONG,225900,62,,,{'id': 858}
1200166946,VERY_LONG,19400,1,,,{'id': 12799}
1200166949,VERY_LONG,426000,1,,,{'id': 43463}
1200166955,VERY_LONG,2029800,5,,,{'id': 104099}
1200166958,VERY_LONG,103600,5,,,{'id': 14227}
1200166961,LONG,,1,24504500,23279300,"{'id': 15392, 'context': 1, 'bonus_lists': [6654, 1706], 'modifiers': [{'type': 9, 'value': 30}, {'type': 28, 'value': 218}]}"
1200166964,VERY_LONG,20200,6,,,{'id': 2835}
1200166968,VERY_LONG,2900,124,,,{'id': 7912}
1200166969,VERY_LONG,16200,23,,,{'id': 2836}
1200166973,VERY_LONG,46200,3,,,{'id': 2770}
1200166975,VERY_LONG,1073800,116,,,{'id': 172045}
1200166978,VERY_LONG,6700,4,,,{'id': 4364}
1200167022,LONG,9439700,11,,,{'id': 168498}
1200167121,VERY_LONG,,1,71731300,,"{'id': 55359, 'context': 36, 'bonus_lists': [1701, 4314], 'modifiers': [{'type': 9, 'value': 50}]}"
1200167153,VERY_LONG,9992200,5,,,{'id': 9172}
1200167406,VERY_LONG,,1,71731300,,"{'id': 55359, 'context': 36, 'bonus_lists': [1701, 4314], 'modifiers': [{'type': 9, 'value': 50}]}"
1200167410,VERY_LONG,,1,69885100,,"{'id': 12058, 'context': 0}"
1200167413,VERY_LONG,,1,69885100,,"{'id': 12058, 'context': 54, 'bonus_lists': [4278], 'modifiers': [{'type': 9, 'value': 50}]}"
1200167416,VERY_LONG,,1,98916200,,"{'id': 14901, 'context': 0, 'bonus_lists': [6654, 1693], 'modifiers': [{'type': 9, 'value': 30}, {'type': 28, 'value': 21}]}"
1200167419,VERY_LONG,,1,99706500,,"{'id': 13079, 'context': 0}"
1200167423,VERY_LONG,,1,141620100,,"{'id': 25156, 'context': 36, 'bonus_lists': [1708, 3871], 'modifiers': [{'type': 9, 'value': 50}]}"
1200167425,VERY_LONG,,1,37456700,,"{'id': 15659, 'context': 0, 'bonus_lists': [6654, 1691], 'modifiers': [{'type': 9, 'value': 30}, {'type': 28, 'value': 36}]}"
1200167427,VERY_LONG,,1,29999700,,"{'id': 25273, 'context': 29, 'bonus_lists': [1693, 3870], 'modifiers': [{'type': 9, 'value': 50}]}"
1200167428,VERY_LONG,,1,13936700,,"{'id': 40865, 'context': 0, 'bonus_lists': [6844]}"
1200167431,VERY_LONG,,1,57701000,,"{'id': 14844, 'context': 54, 'bonus_lists': [4277], 'modifiers': [{'type': 9, 'value': 50}]}"
1200167434,VERY_LONG,,1,161160300,,"{'id': 13042, 'context': 54, 'bonus_lists': [4273], 'modifiers': [{'type': 9, 'value': 50}]}"
1200167438,VERY_LONG,,1,116000000,,"{'id': 10601, 'context': 0}"
1200167441,VERY_LONG,,1,116000000,,"{'id': 10601, 'context': 0}"
1200167447,VERY_LONG,,1,222672400,,"{'id': 5788, 'context': 14}"
1200167449,VERY_LONG,,1,1350700,,"{'id': 12684, 'context': 0}"
1200167452,VERY_LONG,,1,1350700,,"{'id': 12684, 'context': 0}"
1200167456,VERY_LONG,,1,1350700,,"{'id': 12684, 'context': 0}"
1200167461,VERY_LONG,,1,50262200,,"{'id': 14725, 'context': 54, 'bonus_lists': [4278], 'modifiers': [{'type': 9, 'value': 50}]}"
1200167464,VERY_LONG,,1,14999800,,"{'id': 24202, 'context': 2}"
1200167467,VERY_LONG,,1,151284800,,"{'id': 14185, 'context': 54, 'bonus_lists': [1707, 4278], 'modifiers': [{'type': 9, 'value': 50}]}"
1200167471,VERY_LONG,,1,25395700,,"{'id': 7990, 'context': 0}"
1200167473,VERY_LONG,,1,67302900,,"{'id': 14200, 'context': 0, 'bonus_lists': [6654, 1692], 'modifiers': [{'type': 9, 'value': 30}, {'type': 28, 'value': 21}]}"
1200167476,VERY_LONG,,1,81899500,,"{'id': 10603, 'context': 0, 'modifiers': [{'type': 28, 'value': 21}]}"
1200167479,VERY_LONG,,1,45629900,,"{'id': 55284, 'context': 0, 'bonus_lists': [1715]}"
1200167486,VERY_LONG,,1,48925200,,"{'id': 14833, 'context': 0, 'bonus_lists': [6654], 'modifiers': [{'type': 9, 'value': 30}, {'type': 28, 'value': 21}]}"
1200167489,VERY_LONG,,1,48925200,,"{'id': 14833, 'context': 0, 'bonus_lists': [6654], 'modifiers': [{'type': 9, 'value': 30}, {'type': 28, 'value': 21}]}"
1200167493,VERY_LONG,,1,48925200,,"{'id': 14833, 'context': 0, 'bonus_lists': [6654], 'modifiers': [{'type': 9, 'value': 30}, {'type': 28, 'value': 21}]}"
1200167498,VERY_LONG,,1,48925200,,"{'id': 14833, 'context': 54, 'bonus_lists': [4279], 'modifiers': [{'type': 9, 'value': 50}]}"
1200167503,VERY_LONG,,1,51132200,,"{'id': 14566, 'context': 27, 'bonus_lists': [3830], 'modifiers': [{'type': 9, 'value': 10}]}"
1200167507,VERY_LONG,,1,125856100,,"{'id': 87465, 'context': 36, 'bonus_lists': [4762], 'modifiers': [{'type': 9, 'value': 50}]}"
1200167512,VERY_LONG,,1,125856100,,"{'id': 87465, 'context': 36, 'bonus_lists': [4762], 'modifiers': [{'type': 9, 'value': 50}]}"
1200167517,VERY_LONG,,1,144806700,,"{'id': 144403, 'context': 3, 'bonus_lists': [3443, 1471, 3528]}"
1200167521,VERY_LONG,,1,2050300,,"{'id': 69820, 'context': 0}"
1200167526,VERY_LONG,,1,40216700,,"{'id': 94104, 'context': 0, 'bonus_lists': [1677]}"
1200167531,VERY_LONG,,1,483374000,,"{'id': 14756, 'context': 54, 'bonus_lists': [4277], 'modifiers': [{'type': 9, 'value': 50}]}"
1200167536,VERY_LONG,,1,4107900,,"{'id': 16215, 'context': 0}"
1200167540,VERY_LONG,,1,118553700,,"{'id': 31131, 'context': 36, 'bonus_lists': [3911], 'modifiers': [{'type': 9, 'value': 50}]}"
1200167546,VERY_LONG,,1,44401400,,"{'id': 14198, 'context': 54, 'bonus_lists': [1678, 4277], 'modifiers': [{'type': 9, 'value': 50}]}"
1200167549,VERY_LONG,,1,52036300,,"{'id': 14930, 'context': 0, 'bonus_lists': [6655, 1695], 'modifiers': [{'type': 9, 'value': 30}, {'type': 28, 'value': 36}]}"
1200167552,VERY_LONG,,1,52036300,,"{'id': 14930, 'context': 54, 'bonus_lists': [1679, 4282], 'modifiers': [{'type': 9, 'value': 50}]}"
1200167556,VERY_LONG,,1,52036300,,"{'id': 14930, 'context': 54, 'bonus_lists': [1693, 4282], 'modifiers': [{'type': 9, 'value': 50}]}"
1200167559,VERY_LONG,,1,13498300,,"{'id': 7992, 'context': 0}"
1200167563,VERY_LONG,,1,95248500,,"{'id': 37767, 'context': 36, 'bonus_lists': [3912], 'modifiers': [{'type': 9, 'value': 50}]}"
1200167567,VERY_LONG,,1,38037400,,"{'id': 44740, 'context': 0, 'bonus_lists': [1679]}"
1200167569,VERY_LONG,,1,38037400,,"{'id': 44740, 'context': 0, 'bonus_lists': [1678]}"
1200167573,VERY_LONG,,1,38037400,,"{'id': 44740, 'context': 0, 'bonus_lists': [1705, 6849]}"
1200167578,VERY_LONG,,1,44671600,,"{'id': 14097, 'context': 54, 'bonus_lists': [1708, 4277], 'modifiers': [{'type': 9, 'value': 50}]}"
1200167584,VERY_LONG,,1,123942000,,"{'id': 14630, 'context': 14}"
1200167586,VERY_LONG,,1,81477100,,"{'id': 90579, 'context': 36, 'bonus_lists': [4756], 'modifiers': [{'type': 9, 'value': 50}]}"
1200168075,LONG,378400,1,,,{'id': 22459}
1200168093,LONG,352800,1,,,{'id': 38914}
1200168099,LONG,296800,1,,,{'id': 38830}
1200169118,LONG,106400,4,,,{'id': 128539}
1200169119,LONG,1100000,1,,,{'id': 38773}
1200169120,LONG,3056000,1,,,{'id': 38909}
1200169128,LONG,4221800,2,,,{'id': 52748}
1200169129,LONG,1626200,1,,,{'id': 38792}
1200169131,LONG,95300,2,,,{'id': 38807}
1200169135,LONG,2055000,1,,,{'id': 38867}
1200169137,LONG,205800,1,,,{'id': 38933}
1200169138,LONG,451200,1,,,{'id': 38928}
1200169139,LONG,18624800,3,,,{'id': 128547}
1200169143,LONG,2176000,3,,,{'id': 38841}
1200169144,LONG,882600,1,,,{'id': 38919}
1200169219,LONG,495200,1,,,{'id': 38785}
1200169245,LONG,202600,2,,,{'id': 38810}
1200169256,LONG,97600,2,,,{'id': 38818}
1200169556,LONG,,1,1580600,1161300,"{'id': 12228, 'context': 0}"
1200169590,VERY_LONG,,1,5000000,,"{'id': 82800, 'context': 0, 'modifiers': [{'type': 6, 'value': 28216}], 'pet_breed_id': 11, 'pet_level': 2, 'pet_quality_id': 3, 'pet_species_id': 198}"
1200169591,VERY_LONG,,1,5000000,,"{'id': 82800, 'context': 0, 'modifiers': [{'type': 6, 'value': 28216}], 'pet_breed_id': 11, 'pet_level': 1, 'pet_quality_id': 3, 'pet_species_id': 198}"
1200169600,LONG,53400,1,,,{'id': 154121}
1200169615,LONG,45300,1,,,{'id': 153702}
1200169621,LONG,9900,2,,,{'id': 158378}
1200169627,LONG,50300,2,,,{'id': 152876}
1200169634,LONG,27500,2,,,{'id': 153701}
1200169640,LONG,34800,58,,,{'id': 152579}
1200169642,VERY_LONG,20000,1,,,{'id': 6889}
1200169650,LONG,17500,17,,,{'id': 152513}
1200169652,LONG,,1,9928700,6089400,"{'id': 118339, 'context': 0, 'modifiers': [{'type': 28, 'value': 68}]}"
1200169657,LONG,30000,44,,,{'id': 152541}
1200169658,LONG,,1,135573300,66430900,"{'id': 116176, 'context': 13, 'bonus_lists': [217, 525, 535, 6859]}"
1200169664,LONG,71000,2,,,{'id': 152577}
1200169669,VERY_LONG,95800,10,,,{'id': 4461}
1200169673,LONG,300,20,,,{'id': 154722}
1200169687,LONG,30000,2,,,{'id': 153705}
1200169688,LONG,,1,5995000,4236200,"{'id': 118345, 'context': 1}"
1200169691,VERY_LONG,90100,1,,,{'id': 56516}
1200169692,VERY_LONG,7953000,5,,,{'id': 181468}
1200169694,LONG,209800,1,,,{'id': 154123}
1200169700,LONG,41000,2,,,{'id': 154120}
1200169702,VERY_LONG,15500,7,,,{'id': 79101}
1200169703,LONG,45400,2,,,{'id': 153704}
1200169706,VERY_LONG,550000,4,,,{'id': 22574}
1200169707,LONG,94100,58,,,{'id': 152512}
1200169709,LONG,,1,75343000,60504600,"{'id': 109171, 'context': 13, 'bonus_lists': [525, 134, 532]}"
1200169710,LONG,,1,69989400,42473600,"{'id': 109172, 'context': 13, 'bonus_lists': [525, 116, 531, 6883]}"
1200169712,LONG,494900,2,,,{'id': 154125}
1200169721,LONG,30000,3,,,{'id': 153703}
1200169724,LONG,59800,75,,,{'id': 154164}
1200169725,LONG,,1,7292300,4779600,"{'id': 118346, 'context': 1}"
1200169727,LONG,,1,60576300,29682400,"{'id': 109168, 'context': 13, 'bonus_lists': [531, 525, 143]}"
1200169730,LONG,7600,50,,,{'id': 153051}
1200169733,VERY_LONG,,1,80236200,,"{'id': 14899, 'context': 0, 'bonus_lists': [6654, 1678], 'modifiers': [{'type': 9, 'value': 30}, {'type': 28, 'value': 21}]}"
1200169736,VERY_LONG,,1,104874200,,"{'id': 90575, 'context': 36, 'bonus_lists': [4758], 'modifiers': [{'type': 9, 'value': 50}]}"
1200169737,VERY_LONG,,1,32500000,,"{'id': 94051, 'context': 36, 'bonus_lists': [1714]}"
1200169738,VERY_LONG,,1,45963900,,"{'id': 14760, 'context': 54, 'bonus_lists': [4278], 'modifiers': [{'type': 9, 'value': 50}]}"
1200169742,LONG,3500,38,,,{'id': 152542}
1200169743,VERY_LONG,,1,50511200,,"{'id': 15426, 'context': 0, 'bonus_lists': [6654, 1705], 'modifiers': [{'type': 9, 'value': 30}, {'type': 28, 'value': 36}]}"
1200169745,VERY_LONG,,1,32000000,,"{'id': 68789, 'context': 0}"
1200169748,VERY_LONG,,1,64724100,,"{'id': 15185, 'context': 0, 'bonus_lists': [6654, 1681], 'modifiers': [{'type': 9, 'value': 30}, {'type': 28, 'value': 36}]}"
1200169749,VERY_LONG,,1,64724100,,"{'id': 15185, 'context': 0, 'bonus_lists': [6654, 1681], 'modifiers': [{'type': 9, 'value': 30}, {'type': 28, 'value': 36}]}"
1200169750,LONG,1900,52,,,{'id': 154165}
1200169752,VERY_LONG,,1,32104200,,"{'id': 14673, 'context': 54, 'bonus_lists': [4279], 'modifiers': [{'type': 9, 'value': 50}]}"
1200169756,VERY_LONG,,1,32104200,,"{'id': 14673, 'context': 0, 'bonus_lists': [6654], 'modifiers': [{'type': 9, 'value': 30}, {'type': 28, 'value': 36}]}"
1200169757,VERY_LONG,,1,51858600,,"{'id': 15646, 'context': 0, 'bonus_lists': [6654, 1692], 'modifiers': [{'type': 9, 'value': 30}, {'type': 28, 'value': 36}]}"
1200169776,LONG,,1,11045900,6301300,"{'id': 118338, 'context': 0, 'modifiers': [{'type': 28, 'value': 68}]}"
1200169778,LONG,,1,13247300,8281000,"{'id': 118331, 'context': 23}"
1200169799,LONG,,1,1498000,1087800,"{'id': 4408, 'context': 0}"
1200169810,LONG,,1,13646700,8482500,"{'id': 118337, 'context': 0, 'modifiers': [{'type': 28, 'value': 63}]}"
1200169816,LONG,,1,85369600,51416500,"{'id': 109174, 'context': 13, 'bonus_lists': [525, 70, 531, 6883]}"
1200169827,VERY_LONG,5141300,1,,,{'id': 139890}
1200169845,LONG,,1,4984300,4477100,"{'id': 108745, 'context': 1}"
1200169855,LONG,,1,80574800,45604300,"{'id': 109173, 'context': 13, 'bonus_lists': [525, 170, 532]}"
1200170011,VERY_LONG,,1,51858600,,"{'id': 15646, 'context': 54, 'bonus_lists': [1693, 4279], 'modifiers': [{'type': 9, 'value': 50}]}"
1200170012,VERY_LONG,,1,66708500,,"{'id': 15925, 'context': 54, 'bonus_lists': [4281], 'modifiers': [{'type': 9, 'value': 50}]}"
1200170015,VERY_LONG,,1,99999900,,"{'id': 31133, 'context': 30, 'bonus_lists': [3911], 'modifiers': [{'type': 9, 'value': 50}]}"
1200170017,VERY_LONG,,1,49978300,,"{'id': 15546, 'context': 53, 'bonus_lists': [1692, 4277], 'modifiers': [{'type': 9, 'value': 50}]}"
1200170022,VERY_LONG,,1,700282700,,"{'id': 7753, 'context': 1, 'bonus_lists': [4054], 'modifiers': [{'type': 9, 'value': 25}]}"
1200170024,VERY_LONG,,1,4107900,,"{'id': 16215, 'context': 0}"
1200170026,VERY_LONG,,1,4107900,,"{'id': 16215, 'context': 0}"
1200170028,VERY_LONG,,1,4107900,,"{'id': 16215, 'context': 0}"
1200170030,VERY_LONG,,1,4107900,,"{'id': 16215, 'context': 0}"
1200170032,VERY_LONG,,1,23999800,,"{'id': 15440, 'context': 0, 'bonus_lists': [6654, 1707], 'modifiers': [{'type': 9, 'value': 30}, {'type': 28, 'value': 36}]}"
1200170034,VERY_LONG,,1,35000000,,"{'id': 66970, 'context': 36, 'bonus_lists': [4296], 'modifiers': [{'type': 9, 'value': 50}]}"
1200170035,VERY_LONG,,1,102048200,,"{'id': 1443, 'context': 54, 'bonus_lists': [4247], 'modifiers': [{'type': 9, 'value': 50}]}"
1200170038,VERY_LONG,,1,64781300,,"{'id': 15662, 'context': 54, 'bonus_lists': [1708, 4278], 'modifiers': [{'type': 9, 'value': 50}]}"
1200170049,VERY_LONG,,1,156422400,,"{'id': 4329, 'context': 0}"
1200170052,VERY_LONG,,1,156422400,,"{'id': 4329, 'context': 0}"
1200170054,VERY_LONG,,1,49096200,,"{'id': 14926, 'context': 54, 'bonus_lists': [1679, 4277], 'modifiers': [{'type': 9, 'value': 50}]}"
1200170055,VERY_LONG,,1,49096200,,"{'id': 14926, 'context': 54, 'bonus_lists': [1677, 4277], 'modifiers': [{'type': 9, 'value': 50}]}"
1200170056,VERY_LONG,,1,178787900,,"{'id': 14915, 'context': 54, 'bonus_lists': [1695, 4277], 'modifiers': [{'type': 9, 'value': 50}]}"
1200170057,VERY_LONG,,1,499900,,"{'id': 12693, 'context': 0}"
1200170060,VERY_LONG,,1,57701000,,"{'id': 14844, 'context': 54, 'bonus_lists': [4277], 'modifiers': [{'type': 9, 'value': 50}]}"
1200170064,VERY_LONG,,1,220066300,,"{'id': 5543, 'context': 0}"
1200170068,VERY_LONG,,1,36000000,,"{'id': 11167, 'context': 0}"
1200170074,VERY_LONG,,1,90970000,,"{'id': 867, 'context': 54, 'bonus_lists': [4247], 'modifiers': [{'type': 9, 'value': 50}]}"
1200170076,VERY_LONG,,1,90970000,,"{'id': 867, 'context': 53, 'bonus_lists': [4247], 'modifiers': [{'type': 9, 'value': 50}]}"
1200170079,VERY_LONG,,1,1240000,,"{'id': 12695, 'context': 0}"
1200170083,VERY_LONG,,1,96840700,,"{'id': 14860, 'context': 54, 'bonus_lists': [4279], 'modifiers': [{'type': 9, 'value': 50}]}"
1200170086,VERY_LONG,,1,96840700,,"{'id': 14860, 'context': 54, 'bonus_lists': [4277], 'modifiers': [{'type': 9, 'value': 50}]}"
1200170091,VERY_LONG,,1,114085800,,"{'id': 4686, 'context': 53, 'bonus_lists': [4277], 'modifiers': [{'type': 9, 'value': 50}]}"
1200170096,VERY_LONG,,1,48075600,,"{'id': 94056, 'context': 36, 'bonus_lists': [1678]}"
1200170099,VERY_LONG,,1,999900,,"{'id': 6661, 'context': 0}"
1200172101,VERY_LONG,,1,999900,,"{'id': 6661, 'context': 0}"
1200172105,VERY_LONG,,1,370000000,,"{'id': 18409, 'context': 0, 'bonus_lists': [6883]}"
1200172108,VERY_LONG,,1,37290000,,"{'id': 15987, 'context': 0, 'bonus_lists': [6655, 1709], 'modifiers': [{'type': 9, 'value': 30}, {'type': 28, 'value': 36}]}"
1200172110,VERY_LONG,,1,100000000,,"{'id': 25269, 'context': 36, 'bonus_lists': [1692, 3871], 'modifiers': [{'type': 9, 'value': 50}]}"
1200172116,VERY_LONG,,1,133874400,,"{'id': 8190, 'context': 1, 'bonus_lists': [6659], 'modifiers': [{'type': 9, 'value': 30}, {'type': 28, 'value': 201}]}"
1200172118,VERY_LONG,,1,52041300,,"{'id': 87446, 'context': 36, 'bonus_lists': [4296], 'modifiers': [{'type': 9, 'value': 50}]}"
1200172122,VERY_LONG,,1,43772600,,"{'id': 36181, 'context': 30, 'bonus_lists': [1707, 3850], 'modifiers': [{'type': 9, 'value': 50}]}"
1200172124,VERY_LONG,,1,25104100,,"{'id': 15743, 'context': 1}"
1200172125,VERY_LONG,,1,357397200,,"{'id': 5789, 'context': 14}"
1200172126,VERY_LONG,,1,87721300,,"{'id': 13054, 'context': 54, 'bonus_lists': [4273], 'modifiers': [{'type': 9, 'value': 50}]}"
1200172128,VERY_LONG,,1,107680100,,"{'id': 94215, 'context': 0, 'bonus_lists': [1699]}"
1200172130,VERY_LONG,,1,16775100,,"{'id': 14045, 'context': 0, 'bonus_lists': [6883]}"
1200172133,VERY_LONG,,1,49420200,,"{'id': 1714, 'context': 54, 'bonus_lists': [4269], 'modifiers': [{'type': 9, 'value': 50}]}"
1200172134,VERY_LONG,,1,49420200,,"{'id': 1714, 'context': 53, 'bonus_lists': [4269], 'modifiers': [{'type': 9, 'value': 50}]}"
1200172135,VERY_LONG,,1,50000000,,"{'id': 14190, 'context': 54, 'bonus_lists': [1709, 4277], 'modifiers': [{'type': 9, 'value': 50}]}"
1200172138,VERY_LONG,,1,499900,,"{'id': 32737, 'context': 3, 'modifiers': [{'type': 28, 'value': 1014}]}"
1200172140,VERY_LONG,,1,54746000,,"{'id': 55285, 'context': 36, 'bonus_lists': [1691, 4314], 'modifiers': [{'type': 9, 'value': 50}]}"
1200172142,VERY_LONG,,1,36307800,,"{'id': 52388, 'context': 0}"
1200172143,VERY_LONG,,1,3976300,,"{'id': 4293, 'context': 0}"
1200172144,VERY_LONG,,1,32033800,,"{'id': 15016, 'context': 54, 'bonus_lists': [1679, 4279], 'modifiers': [{'type': 9, 'value': 50}]}"
1200172145,VERY_LONG,,1,83594900,,"{'id': 24921, 'context': 30, 'bonus_lists': [1695, 3850], 'modifiers': [{'type': 9, 'value': 50}]}"
1200172146,VERY_LONG,,1,2504220400,,"{'id': 12685, 'context': 0, 'modifiers': [{'type': 28, 'value': 36}]}"
1200172148,VERY_LONG,,1,42480000,,"{'id': 14831, 'context': 54, 'bonus_lists': [4277], 'modifiers': [{'type': 9, 'value': 50}]}"
1200172151,VERY_LONG,,1,42480000,,"{'id': 14831, 'context': 54, 'bonus_lists': [4277], 'modifiers': [{'type': 9, 'value': 50}]}"
1200172152,VERY_LONG,,1,42480000,,"{'id': 14831, 'context': 0, 'bonus_lists': [6654], 'modifiers': [{'type': 9, 'value': 30}, {'type': 28, 'value': 21}]}"
1200172153,VERY_LONG,,1,57402600,,"{'id': 15976, 'context': 0, 'bonus_lists': [6655, 1692], 'modifiers': [{'type': 9, 'value': 30}, {'type': 28, 'value': 21}]}"
1200172155,VERY_LONG,7700,210,,,{'id': 124437}
1200172156,VERY_LONG,,1,179648800,,"{'id': 15891, 'context': 54, 'bonus_lists': [4281], 'modifiers': [{'type': 9, 'value': 50}]}"
1200172158,VERY_LONG,,1,25395700,,"{'id': 7990, 'context': 0}"
1200172160,VERY_LONG,,1,25395700,,"{'id': 7990, 'context': 0}"
1200172161,VERY_LONG,,1,40303300,,"{'id': 15657, 'context': 54, 'bonus_lists': [1706, 4283], 'modifiers': [{'type': 9, 'value': 50}]}"
1200172162,VERY_LONG,,1,40303300,,"{'id': 15657, 'context': 54, 'bonus_lists': [1709, 4283], 'modifiers': [{'type': 9, 'value': 50}]}"
1200172165,VERY_LONG,,1,99706500,,"{'id': 13079, 'context': 54, 'bonus_lists': [4274], 'modifiers': [{'type': 9, 'value': 50}]}"
1200172166,VERY_LONG,,1,3686443500,,"{'id': 14115, 'context': 54, 'bonus_lists': [4277], 'modifiers': [{'type': 9, 'value': 50}]}"
1200172167,VERY_LONG,,1,800000,,"{'id': 21947, 'context': 0}"
1200172170,VERY_LONG,,1,800000,,"{'id': 21947, 'context': 0}"
1200172171,VERY_LONG,,1,543811800,,"{'id': 4687, 'context': 54, 'bonus_lists': [4277], 'modifiers': [{'type': 9, 'value': 50}]}"
1200172173,VERY_LONG,,1,41058300,,"{'id': 13065, 'context': 54, 'bonus_lists': [4273], 'modifiers': [{'type': 9, 'value': 50}]}"
1200172176,VERY_LONG,,1,20000000,,"{'id': 1624, 'context': 0, 'bonus_lists': [3649], 'modifiers': [{'type': 9, 'value': 25}]}"
1200172178,VERY_LONG,,1,499900,,"{'id': 10302, 'context': 0}"
1200172179,VERY_LONG,,1,67313200,,"{'id': 14856, 'context': 54, 'bonus_lists': [4277], 'modifiers': [{'type': 9, 'value': 50}]}"
1200172182,VERY_LONG,,1,67313200,,"{'id': 14856, 'context': 54, 'bonus_lists': [4277], 'modifiers': [{'type': 9, 'value': 50}]}"
1200172185,VERY_LONG,,1,67297200,,"{'id': 66972, 'context': 36, 'bonus_lists': [4762], 'modifiers': [{'type': 9, 'value': 50}]}"
1200172189,VERY_LONG,,1,150000000,,"{'id': 869, 'context': 53, 'bonus_lists': [4259], 'modifiers': [{'type': 9, 'value': 50}]}"
1200172192,VERY_LONG,,1,1350700,,"{'id': 12684, 'context': 0}"
1200172194,VERY_LONG,,1,1350700,,"{'id': 12684, 'context': 0, 'modifiers': [{'type': 28, 'value': 36}]}"
1200172201,VERY_LONG,,1,42536000,,"{'id': 14602, 'context': 53, 'bonus_lists': [4277], 'modifiers': [{'type': 9, 'value': 50}]}"
1200172205,VERY_LONG,,1,296276500,,"{'id': 7087, 'context': 14}"
1200172208,VERY_LONG,,1,30003600,,"{'id': 94212, 'context': 0, 'bonus_lists': [1692]}"
1200172214,VERY_LONG,,1,30003600,,"{'id': 94212, 'context': 0, 'bonus_lists': [1698]}"
1200172220,VERY_LONG,,1,25522900,,"{'id': 25100, 'context': 36, 'bonus_lists': [1707, 3873], 'modifiers': [{'type': 9, 'value': 50}]}"
1200172225,VERY_LONG,,1,32073800,,"{'id': 13027, 'context': 54, 'bonus_lists': [4273], 'modifiers': [{'type': 9, 'value': 50}]}"
1200172231,VERY_LONG,,1,59722800,,"{'id': 52372, 'context': 0, 'modifiers': [{'type': 28, 'value': 56}]}"
1200172235,VERY_LONG,,1,37456700,,"{'id': 15659, 'context': 54, 'bonus_lists': [1692, 4277], 'modifiers': [{'type': 9, 'value': 50}]}"
1200172238,VERY_LONG,,1,37456700,,"{'id': 15659, 'context': 54, 'bonus_lists': [1678, 4277], 'modifiers': [{'type': 9, 'value': 50}]}"
1200172244,VERY_LONG,,1,37456700,,"{'id': 15659, 'context': 0, 'bonus_lists': [6654, 1705], 'modifiers': [{'type': 9, 'value': 30}, {'type': 28, 'value': 36}]}"
1200172246,VERY_LONG,,1,210046200,,"{'id': 94101, 'context': 0, 'bonus_lists': [1692]}"
1200172253,VERY_LONG,,1,49873200,,"{'id': 14225, 'context': 0, 'bonus_lists': [6654, 1680], 'modifiers': [{'type': 9, 'value': 30}, {'type': 28, 'value': 21}]}"
1200172257,VERY_LONG,,1,49873200,,"{'id': 14225, 'context': 54, 'bonus_lists': [1709, 4277], 'modifiers': [{'type': 9, 'value': 50}]}"
1200172261,VERY_LONG,,1,219575600,,"{'id': 15532, 'context': 54, 'bonus_lists': [1691, 4278], 'modifiers': [{'type': 9, 'value': 50}]}"
1200172267,VERY_LONG,,1,852361000,,"{'id': 14859, 'context': 54, 'bonus_lists': [4279], 'modifiers': [{'type': 9, 'value': 50}]}"
1200172269,VERY_LONG,,1,231454700,,"{'id': 3292, 'context': 54, 'bonus_lists': [4279], 'modifiers': [{'type': 9, 'value': 50}]}"
1200172272,VERY_LONG,,1,40942200,,"{'id': 8139, 'context': 0}"
1200172276,VERY_LONG,,1,36828800,,"{'id': 31290, 'context': 36, 'bonus_lists': [3911], 'modifiers': [{'type': 9, 'value': 50}]}"
1200172282,VERY_LONG,,1,60958300,,"{'id': 14849, 'context': 0, 'bonus_lists': [6654], 'modifiers': [{'type': 9, 'value': 30}, {'type': 28, 'value': 36}]}"
1200172287,VERY_LONG,,1,57569100,,"{'id': 15633, 'context': 54, 'bonus_lists': [1681, 4283], 'modifiers': [{'type': 9, 'value': 50}]}"
1200172293,VERY_LONG,,1,57569100,,"{'id': 15633, 'context': 0, 'bonus_lists': [6655, 1681], 'modifiers': [{'type': 9, 'value': 30}, {'type': 28, 'value': 36}]}"
1200172298,VERY_LONG,,1,39867200,,"{'id': 15391, 'context': 54, 'bonus_lists': [1709, 4279], 'modifiers': [{'type': 9, 'value': 50}]}"
1200172301,VERY_LONG,,1,1400000,,"{'id': 4348, 'context': 0}"
1200172307,VERY_LONG,,1,86048400,,"{'id': 94080, 'context': 0, 'bonus_lists': [1679]}"
1200172313,VERY_LONG,,1,499900,,"{'id': 12689, 'context': 0, 'modifiers': [{'type': 28, 'value': 36}]}"
1200172318,VERY_LONG,,1,499900,,"{'id': 12689, 'context': 0}"
1200172323,VERY_LONG,,1,10840000,,"{'id': 52378, 'context': 0}"
1200172327,VERY_LONG,,1,76466900,,"{'id': 2802, 'context': 53, 'bonus_lists': [4269], 'modifiers': [{'type': 9, 'value': 50}]}"
1200172331,VERY_LONG,,1,76466900,,"{'id': 2802, 'context': 0, 'bonus_lists': [6658], 'modifiers': [{'type': 9, 'value': 30}, {'type': 28, 'value': 21}]}"
1200172336,VERY_LONG,,1,35684400,,"{'id': 15651, 'context': 54, 'bonus_lists': [1709, 4278], 'modifiers': [{'type': 9, 'value': 50}]}"
1200172343,VERY_LONG,,1,35684400,,"{'id': 15651, 'context': 54, 'bonus_lists': [1691, 4277], 'modifiers': [{'type': 9, 'value': 50}]}"
1200172527,LONG,,1,7509500,,"{'id': 87213, 'context': 0, 'bonus_lists': [6844]}"
1200172529,LONG,,1,7509500,,"{'id': 87213, 'context': 0, 'bonus_lists': [6844]}"
1200172599,LONG,57100,1,,,{'id': 6037}
1200172670,LONG,,1,5009500,,"{'id': 4401, 'context': 0}"
1200172736,LONG,,1,127006500,,"{'id': 82800, 'context': 0, 'modifiers': [{'type': 6, 'value': 47748}], 'pet_breed_id': 8, 'pet_level': 1, 'pet_quality_id': 3, 'pet_species_id': 1198}"
1200172747,LONG,30000,38,,,{'id': 72093}
1200172774,LONG,,1,353200,,"{'id': 90721, 'context': 0, 'bonus_lists': [6694], 'modifiers': [{'type': 9, 'value': 35}, {'type': 28, 'value': 61}]}"
1200172798,LONG,,1,55995200,,"{'id': 82800, 'context': 0, 'modifiers': [{'type': 6, 'value': 46810}], 'pet_breed_id': 3, 'pet_level': 1, 'pet_quality_id': 3, 'pet_species_id': 1125}"
1200172839,LONG,,1,20000000,,"{'id': 87526, 'context': 0, 'bonus_lists': [6835]}"
1200172841,LONG,,1,20000000,,"{'id': 87526, 'context': 0, 'bonus_lists': [6835]}"
1200172849,LONG,,1,37100,,"{'id': 60211, 'context': 0, 'modifiers': [{'type': 28, 'value': 1027}]}"
1200172851,LONG,80000,9,,,{'id': 37700}
1200172855,LONG,99900,5,,,{'id': 37703}
1200172860,LONG,230600,21,,,{'id': 3577}
1200173061,VERY_LONG,,1,32500000,,"{'id': 94051, 'context': 0, 'bonus_lists': [1701]}"
1200173064,VERY_LONG,,1,45963900,,"{'id': 14760, 'context': 53, 'bonus_lists': [4277], 'modifiers': [{'type': 9, 'value': 50}]}"
1200173065,VERY_LONG,,1,50000000,,"{'id': 67052, 'context': 36, 'bonus_lists': [4762], 'modifiers': [{'type': 9, 'value': 50}]}"
1200173070,VERY_LONG,,1,30000000,,"{'id': 161972, 'context': 13, 'bonus_lists': [1681, 6863]}"
1200173072,VERY_LONG,,1,50511200,,"{'id': 15426, 'context': 54, 'bonus_lists': [1692, 4277], 'modifiers': [{'type': 9, 'value': 50}]}"
1200173075,VERY_LONG,,1,427998300,,"{'id': 14900, 'context': 0, 'bonus_lists': [6654, 1691], 'modifiers': [{'type': 9, 'value': 30}, {'type': 28, 'value': 28}]}"
1200173078,VERY_LONG,,1,499900,,"{'id': 10312, 'context': 0}"
1200173081,VERY_LONG,,1,499900,,"{'id': 10312, 'context': 0, 'modifiers': [{'type': 28, 'value': 21}]}"
1200173083,VERY_LONG,,1,36213100,,"{'id': 15160, 'context': 53, 'bonus_lists': [1679, 4277], 'modifiers': [{'type': 9, 'value': 50}]}"
1200173086,VERY_LONG,,1,36213100,,"{'id': 15160, 'context': 54, 'bonus_lists': [1708, 4278], 'modifiers': [{'type': 9, 'value': 50}]}"
1200173087,VERY_LONG,,1,36213100,,"{'id': 15160, 'context': 53, 'bonus_lists': [1693, 4277], 'modifiers': [{'type': 9, 'value': 50}]}"
1200173090,VERY_LONG,,1,53341300,,"{'id': 1718, 'context': 53, 'bonus_lists': [4269], 'modifiers': [{'type': 9, 'value': 50}]}"
1200173094,VERY_LONG,,1,63607000,,"{'id': 14605, 'context': 54, 'bonus_lists': [4277], 'modifiers': [{'type': 9, 'value': 50}]}"
1200173095,VERY_LONG,,1,25793500,,"{'id': 15364, 'context': 0, 'bonus_lists': [6654, 1709], 'modifiers': [{'type': 9, 'value': 30}, {'type': 28, 'value': 21}]}"
1200173099,VERY_LONG,,1,25793500,,"{'id': 15364, 'context': 0, 'bonus_lists': [6654, 1707], 'modifiers': [{'type': 9, 'value': 30}, {'type': 28, 'value': 21}]}"
1200174101,VERY_LONG,,1,285260400,,"{'id': 14972, 'context': 54, 'bonus_lists': [1679, 4277], 'modifiers': [{'type': 9, 'value': 50}]}"
1200174104,VERY_LONG,,1,499900,,"{'id': 12689, 'context': 1}"
1200174109,VERY_LONG,,1,499900,,"{'id': 12689, 'context': 0}"
1200174111,VERY_LONG,,1,35132400,,"{'id': 82222, 'context': 36, 'bonus_lists': [1712, 4767], 'modifiers': [{'type': 9, 'value': 50}]}"
1200174115,VERY_LONG,,1,35132400,,"{'id': 82222, 'context': 36, 'bonus_lists': [1708, 4767], 'modifiers': [{'type': 9, 'value': 50}]}"
1200174117,VERY_LONG,,1,29337200,,"{'id': 14768, 'context': 53, 'bonus_lists': [4277], 'modifiers': [{'type': 9, 'value': 50}]}"
1200174125,VERY_LONG,,1,29337200,,"{'id': 14768, 'context': 54, 'bonus_lists': [4279], 'modifiers': [{'type': 9, 'value': 50}]}"
1200174127,VERY_LONG,,1,30400000,,"{'id': 8312, 'context': 54, 'bonus_lists': [4277], 'modifiers': [{'type': 9, 'value': 50}]}"
1200174131,VERY_LONG,,1,66639000,,"{'id': 37672, 'context': 2, 'bonus_lists': [4196], 'modifiers': [{'type': 9, 'value': 50}]}"
1200174133,VERY_LONG,,1,185000000,,"{'id': 9434, 'context': 54, 'bonus_lists': [4269], 'modifiers': [{'type': 9, 'value': 50}]}"
1200174136,VERY_LONG,,1,32559300,,"{'id': 36470, 'context': 1, 'bonus_lists': [6655, 1681], 'modifiers': [{'type': 9, 'value': 30}, {'type': 28, 'value': 250}]}"
1200174140,VERY_LONG,,1,39027200,,"{'id': 14267, 'context': 54, 'bonus_lists': [1691, 4277], 'modifiers': [{'type': 9, 'value': 50}]}"
1200174141,VERY_LONG,,1,94440900,,"{'id': 66919, 'context': 36, 'bonus_lists': [4296], 'modifiers': [{'type': 9, 'value': 50}]}"
1200174142,VERY_LONG,,1,44122400,,"{'id': 8385, 'context': 0, 'modifiers': [{'type': 28, 'value': 21}]}"
1200174147,VERY_LONG,,1,80001200,,"{'id': 15984, 'context': 54, 'bonus_lists': [1708, 4281], 'modifiers': [{'type': 9, 'value': 50}]}"
1200174148,VERY_LONG,,1,178787900,,"{'id': 14915, 'context': 0, 'bonus_lists': [6654, 1679], 'modifiers': [{'type': 9, 'value': 30}, {'type': 28, 'value': 36}]}"
1200174150,VERY_LONG,,1,130000000,,"{'id': 15968, 'context': 54, 'bonus_lists': [4281], 'modifiers': [{'type': 9, 'value': 50}]}"
1200174153,VERY_LONG,,1,73488000,,"{'id': 14857, 'context': 54, 'bonus_lists': [4278], 'modifiers': [{'type': 9, 'value': 50}]}"
1200174157,VERY_LONG,,1,37490700,,"{'id': 14929, 'context': 0, 'bonus_lists': [6654, 1695], 'modifiers': [{'type': 9, 'value': 30}, {'type': 28, 'value': 36}]}"
1200174159,VERY_LONG,,1,35179600,,"{'id': 14674, 'context': 0, 'bonus_lists': [6654], 'modifiers': [{'type': 9, 'value': 30}, {'type': 28, 'value': 36}]}"
1200174163,VERY_LONG,,1,676420400,,"{'id': 15521, 'context': 54, 'bonus_lists': [1694, 4277], 'modifiers': [{'type': 9, 'value': 50}]}"
1200174170,VERY_LONG,,1,62351400,,"{'id': 13131, 'context': 54, 'bonus_lists': [4270], 'modifiers': [{'type': 9, 'value': 50}]}"
1200174173,VERY_LONG,,1,38168200,,"{'id': 15117, 'context': 54, 'bonus_lists': [1679, 4278], 'modifiers': [{'type': 9, 'value': 50}]}"
1200174179,VERY_LONG,,1,4500000,,"{'id': 7989, 'context': 0}"
1200174180,VERY_LONG,,1,4500000,,"{'id': 7989, 'context': 0}"
1200174182,VERY_LONG,,1,141400000,,"{'id': 15989, 'context': 54, 'bonus_lists': [1677, 4281], 'modifiers': [{'type': 9, 'value': 50}]}"
1200174183,VERY_LONG,,1,36000000,,"{'id': 11167, 'context': 0}"
1200174188,VERY_LONG,,1,61263900,,"{'id': 15570, 'context': 0, 'bonus_lists': [6654, 1678], 'modifiers': [{'type': 9, 'value': 30}, {'type': 28, 'value': 21}]}"
1200174191,VERY_LONG,,1,372300,,"{'id': 12162, 'context': 14}"
1200174193,VERY_LONG,,1,75785400,,"{'id': 52376, 'context': 0}"
1200174196,VERY_LONG,,1,75785400,,"{'id': 52376, 'context': 0, 'modifiers': [{'type': 28, 'value': 56}]}"
1200174199,VERY_LONG,,1,230444500,,"{'id': 94076, 'context': 0, 'bonus_lists': [1702]}"
1200174201,VERY_LONG,,1,25001300,,"{'id': 10604, 'context': 0, 'modifiers': [{'type': 28, 'value': 21}]}"
1200174204,VERY_LONG,,1,49192400,,"{'id': 14958, 'context': 54, 'bonus_lists': [1692, 4277], 'modifiers': [{'type': 9, 'value': 50}]}"
1200174208,VERY_LONG,,1,52041300,,"{'id': 87446, 'context': 36, 'bonus_lists': [4760], 'modifiers': [{'type': 9, 'value': 50}]}"
1200174211,VERY_LONG,,1,59312800,,"{'id': 15565, 'context': 53, 'bonus_lists': [1692, 4277], 'modifiers': [{'type': 9, 'value': 50}]}"
1200174216,VERY_LONG,,1,4871000,,"{'id': 12704, 'context': 1}"
1200174218,VERY_LONG,,1,4871000,,"{'id': 12704, 'context': 0, 'modifiers': [{'type': 28, 'value': 36}]}"
1200174220,VERY_LONG,,1,499900,,"{'id': 12683, 'context': 0, 'modifiers': [{'type': 28, 'value': 36}]}"
1200174226,VERY_LONG,,1,28125400,,"{'id': 25091, 'context': 0, 'bonus_lists': [6655, 1679], 'modifiers': [{'type': 9, 'value': 55}]}"
1200174228,VERY_LONG,,1,980000000,,"{'id': 24297, 'context': 0}"
1200174231,VERY_LONG,,1,499900,,"{'id': 12682, 'context': 1}"
1200174234,VERY_LONG,,1,86061300,,"{'id': 87454, 'context': 36, 'bonus_lists': [4760], 'modifiers': [{'type': 9, 'value': 50}]}"
1200174245,VERY_LONG,,1,34004500,,"{'id': 14467, 'context': 0}"
1200174248,VERY_LONG,,1,34004500,,"{'id': 14467, 'context': 0}"
1200174249,VERY_LONG,,1,34004500,,"{'id': 14467, 'context': 0}"
1200174251,VERY_LONG,,1,1220000,,"{'id': 21219, 'context': 14}"
1200174252,VERY_LONG,,1,7492500,,"{'id': 52371, 'context': 0}"
1200174255,VERY_LONG,,1,40379900,,"{'id': 15487, 'context': 53, 'bonus_lists': [1691, 4277], 'modifiers': [{'type': 9, 'value': 50}]}"
1200174256,VERY_LONG,,1,40107200,,"{'id': 15580, 'context': 54, 'bonus_lists': [1706, 4277], 'modifiers': [{'type': 9, 'value': 50}]}"
1200174257,VERY_LONG,,1,544255100,,"{'id': 3304, 'context': 54, 'bonus_lists': [4278], 'modifiers': [{'type': 9, 'value': 50}]}"
1200174258,VERY_LONG,,1,40303300,,"{'id': 15657, 'context': 54, 'bonus_lists': [1693, 4281], 'modifiers': [{'type': 9, 'value': 50}]}"
1200174259,VERY_LONG,,1,227942900,,"{'id': 161965, 'context': 13, 'bonus_lists': [1713, 6865]}"
1200174261,VERY_LONG,,1,52611100,,"{'id': 14275, 'context': 54, 'bonus_lists': [1695, 4277], 'modifiers': [{'type': 9, 'value': 50}]}"
1200174263,VERY_LONG,,1,52611100,,"{'id': 14275, 'context': 54, 'bonus_lists': [1705, 4277], 'modifiers': [{'type': 9, 'value': 50}]}"
1200174264,VERY_LONG,,1,19459800,,"{'id': 7518, 'context': 1, 'bonus_lists': [6654, 1677], 'modifiers': [{'type': 9, 'value': 30}, {'type': 28, 'value': 201}]}"
1200174266,VERY_LONG,,1,39792700,,"{'id': 14678, 'context': 0, 'bonus_lists': [6654], 'modifiers': [{'type': 9, 'value': 30}, {'type': 28, 'value': 36}]}"
1200174269,VERY_LONG,,1,35000000,,"{'id': 66970, 'context': 36, 'bonus_lists': [4760], 'modifiers': [{'type': 9, 'value': 50}]}"
1200174270,VERY_LONG,,1,78884300,,"{'id': 15648, 'context': 54, 'bonus_lists': [1709, 4281], 'modifiers': [{'type': 9, 'value': 50}]}"
1200174271,VERY_LONG,,1,326403200,,"{'id': 14116, 'context': 54, 'bonus_lists': [4278], 'modifiers': [{'type': 9, 'value': 50}]}"
1200174274,VERY_LONG,,1,62271600,,"{'id': 87459, 'context': 36, 'bonus_lists': [4760], 'modifiers': [{'type': 9, 'value': 50}]}"
1200174276,VERY_LONG,,1,62271600,,"{'id': 87459, 'context': 36, 'bonus_lists': [4760], 'modifiers': [{'type': 9, 'value': 50}]}"
1200174278,VERY_LONG,,1,62271600,,"{'id': 87459, 'context': 36, 'bonus_lists': [4760], 'modifiers': [{'type': 9, 'value': 50}]}"
1200174280,VERY_LONG,,1,29368500,,"{'id': 7610, 'context': 0}"
1200174281,VERY_LONG,,1,249999800,,"{'id': 24258, 'context': 0, 'bonus_lists': [6883]}"
1200174283,VERY_LONG,,1,161160300,,"{'id': 13042, 'context': 53, 'bonus_lists': [4273], 'modifiers': [{'type': 9, 'value': 50}]}"
1200174285,VERY_LONG,,1,49983600,,"{'id': 4327, 'context': 0, 'bonus_lists': [6868]}"
1200174286,VERY_LONG,,1,10840000,,"{'id': 52378, 'context': 0}"
1200174289,VERY_LONG,,1,10840000,,"{'id': 52378, 'context': 0}"
1200174290,VERY_LONG,,1,10840000,,"{'id': 52378, 'context': 0}"
1200174292,VERY_LONG,,1,101264300,,"{'id': 25158, 'context': 36, 'bonus_lists': [1708, 3871], 'modifiers': [{'type': 9, 'value': 50}]}"
1200174293,VERY_LONG,,1,58915000,,"{'id': 14830, 'context': 0, 'bonus_lists': [6654], 'modifiers': [{'type': 9, 'value': 30}, {'type': 28, 'value': 21}]}"
1200174294,VERY_LONG,,1,58915000,,"{'id': 14830, 'context': 0, 'bonus_lists': [6654], 'modifiers': [{'type': 9, 'value': 30}, {'type': 28, 'value': 21}]}"
1200174295,VERY_LONG,,1,530000000,,"{'id': 49893, 'context': 0, 'bonus_lists': [6883]}"
1200174296,VERY_LONG,,1,32104200,,"{'id': 14673, 'context': 54, 'bonus_lists': [4277], 'modifiers': [{'type': 9, 'value': 50}]}"
1200174298,VERY_LONG,,1,32104200,,"{'id': 14673, 'context': 54, 'bonus_lists': [4279], 'modifiers': [{'type': 9, 'value': 50}]}"
1200174301,VERY_LONG,,1,30003600,,"{'id': 94212, 'context': 36, 'bonus_lists': [1691]}"
1200174304,VERY_LONG,,1,88446800,,"{'id': 14445, 'context': 54, 'bonus_lists': [4279], 'modifiers': [{'type': 9, 'value': 50}]}"
1200174308,VERY_LONG,,1,499900,,"{'id': 12694, 'context': 0}"
1200174310,VERY_LONG,,1,499900,,"{'id': 12694, 'context': 1}"
1200174313,VERY_LONG,,1,274184100,,"{'id': 14139, 'context': 0, 'bonus_lists': [6883]}"
1200174316,VERY_LONG,,1,59093600,,"{'id': 14813, 'context': 54, 'bonus_lists': [4277], 'modifiers': [{'type': 9, 'value': 50}]}"
1200174320,VERY_LONG,,1,59093600,,"{'id': 14813, 'context': 54, 'bonus_lists': [4277], 'modifiers': [{'type': 9, 'value': 50}]}"
1200174323,VERY_LONG,,1,50058700,,"{'id': 14927, 'context': 54, 'bonus_lists': [1695, 4277], 'modifiers': [{'type': 9, 'value': 50}]}"
1200174330,VERY_LONG,,1,57381500,,"{'id': 15158, 'context': 53, 'bonus_lists': [1695, 4277], 'modifiers': [{'type': 9, 'value': 50}]}"
1200174331,VERY_LONG,,1,681965400,,"{'id': 47605, 'context': 0, 'bonus_lists': [6883]}"
1200174333,VERY_LONG,,1,69245400,,"{'id': 82223, 'context': 36, 'bonus_lists': [1707, 4314], 'modifiers': [{'type': 9, 'value': 50}]}"
1200174334,VERY_LONG,,1,57232400,,"{'id': 55731, 'context': 0, 'bonus_lists': [6654, 1706], 'modifiers': [{'type': 9, 'value': 35}, {'type': 28, 'value': 56}]}"
1200174336,VERY_LONG,,1,20001400,,"{'id': 14744, 'context': 54, 'bonus_lists': [4277], 'modifiers': [{'type': 9, 'value': 50}]}"
1200174339,VERY_LONG,,1,681189000,,"{'id': 15547, 'context': 54, 'bonus_lists': [1691, 4277], 'modifiers': [{'type': 9, 'value': 50}]}"
1200174344,VERY_LONG,,1,28922000,,"{'id': 10370, 'context': 1, 'bonus_lists': [6654], 'modifiers': [{'type': 9, 'value': 30}, {'type': 28, 'value': 201}]}"
1200174353,VERY_LONG,,1,37593900,,"{'id': 14459, 'context': 54, 'bonus_lists': [4277], 'modifiers': [{'type': 9, 'value': 50}]}"
1200174355,VERY_LONG,,1,37593900,,"{'id': 14459, 'context': 54, 'bonus_lists': [4277], 'modifiers': [{'type': 9, 'value': 50}]}"
1200174360,VERY_LONG,,1,37593900,,"{'id': 14459, 'context': 0, 'bonus_lists': [6654], 'modifiers': [{'type': 9, 'value': 30}, {'type': 28, 'value': 36}]}"
1200174362,VERY_LONG,,1,32073800,,"{'id': 13027, 'context': 54, 'bonus_lists': [4273], 'modifiers': [{'type': 9, 'value': 50}]}"
1200174367,VERY_LONG,,1,111294400,,"{'id': 87495, 'context': 36, 'bonus_lists': [4760], 'modifiers': [{'type': 9, 'value': 50}]}"
1200174371,VERY_LONG,,1,111294400,,"{'id': 87495, 'context': 36, 'bonus_lists': [4760], 'modifiers': [{'type': 9, 'value': 50}]}"
1200174372,VERY_LONG,,1,90217700,,"{'id': 66967, 'context': 36, 'bonus_lists': [4760], 'modifiers': [{'type': 9, 'value': 50}]}"
1200174376,VERY_LONG,,1,90217700,,"{'id': 66967, 'context': 36, 'bonus_lists': [4760], 'modifiers': [{'type': 9, 'value': 50}]}"
1200174379,VERY_LONG,,1,1240000,,"{'id': 12695, 'context': 0}"
1200174383,VERY_LONG,,1,1240000,,"{'id': 12695, 'context': 0, 'modifiers': [{'type': 28, 'value': 36}]}"
1200174552,VERY_LONG,2011800,20,,,{'id': 139786}
1200174646,LONG,1800000,4,,,{'id': 158327}
1200174662,VERY_LONG,,1,435100,,"{'id': 30744, 'context': 0, 'modifiers': [{'type': 28, 'value': 42}]}"
1200174697,VERY_LONG,6999900,1,,,{'id': 12363}
1200174741,VERY_LONG,4999800,1,,,{'id': 22846}
1200174747,LONG,4800,44,,,{'id': 173032}
1200174755,VERY_LONG,359400,10,,,{'id': 183950}
1200174760,LONG,102200,42,,,{'id': 169701}
1200174790,LONG,176200,35,,,{'id': 171831}
1200174827,LONG,725400,3,,,{'id': 172231}
1200175047,VERY_LONG,,1,2482560200,,"{'id': 14098, 'context': 53, 'bonus_lists': [4277], 'modifiers': [{'type': 9, 'value': 50}]}"
1200175050,VERY_LONG,,1,38211300,,"{'id': 44741, 'context': 0, 'bonus_lists': [1707, 6849]}"
1200175053,VERY_LONG,,1,31441700,,"{'id': 14320, 'context': 0, 'bonus_lists': [6654, 1708], 'modifiers': [{'type': 9, 'value': 30}, {'type': 28, 'value': 36}]}"
1200175056,VERY_LONG,,1,25851200,,"{'id': 8320, 'context': 1, 'bonus_lists': [6655], 'modifiers': [{'type': 9, 'value': 30}, {'type': 28, 'value': 201}]}"
1200175059,VERY_LONG,,1,82000100,,"{'id': 14230, 'context': 0, 'bonus_lists': [6654, 1691], 'modifiers': [{'type': 9, 'value': 30}, {'type': 28, 'value': 21}]}"
1200175061,VERY_LONG,,1,82000100,,"{'id': 14230, 'context': 0, 'bonus_lists': [6654, 1694], 'modifiers': [{'type': 9, 'value': 30}, {'type': 28, 'value': 21}]}"
1200175064,VERY_LONG,,1,158321300,,"{'id': 14573, 'context': 54, 'bonus_lists': [4277], 'modifiers': [{'type': 9, 'value': 50}]}"
1200175067,VERY_LONG,,1,64781300,,"{'id': 15662, 'context': 54, 'bonus_lists': [1692, 4278], 'modifiers': [{'type': 9, 'value': 50}]}"
1200175068,VERY_LONG,,1,64781300,,"{'id': 15662, 'context': 54, 'bonus_lists': [1680, 4279], 'modifiers': [{'type': 9, 'value': 50}]}"
1200175070,VERY_LONG,,1,8999900,,"{'id': 68782, 'context': 0}"
1200175072,VERY_LONG,,1,29868700,,"{'id': 15604, 'context': 0, 'bonus_lists': [6655, 1694], 'modifiers': [{'type': 9, 'value': 30}, {'type': 28, 'value': 21}]}"
1200175075,VERY_LONG,,1,40107200,,"{'id': 15580, 'context': 53, 'bonus_lists': [1707, 4277], 'modifiers': [{'type': 9, 'value': 50}]}"
1200175077,VERY_LONG,,1,30183000,,"{'id': 14313, 'context': 0, 'bonus_lists': [6654, 1705], 'modifiers': [{'type': 9, 'value': 30}, {'type': 28, 'value': 36}]}"
1200175078,VERY_LONG,,1,60254300,,"{'id': 3870, 'context': 0, 'modifiers': [{'type': 28, 'value': 21}]}"
1200175081,VERY_LONG,,1,499800,,"{'id': 11225, 'context': 0}"
1200175083,VERY_LONG,,1,4000000,,"{'id': 4345, 'context': 0}"
1200175093,VERY_LONG,,1,107680100,,"{'id': 94215, 'context': 0, 'bonus_lists': [1687]}"
1200175095,VERY_LONG,,1,11551300,,"{'id': 52367, 'context': 0}"
1200175098,VERY_LONG,,1,499900,,"{'id': 12682, 'context': 0}"
1200175100,VERY_LONG,,1,48234600,,"{'id': 36101, 'context': 36, 'bonus_lists': [1705, 3850], 'modifiers': [{'type': 9, 'value': 31}]}"
1200177102,VERY_LONG,,1,99999300,,"{'id': 14107, 'context': 0, 'bonus_lists': [6883]}"
1200177103,VERY_LONG,,1,12976400,,"{'id': 10023, 'context': 0, 'bonus_lists': [6873]}"
1200177105,VERY_LONG,,1,161498600,,"{'id': 25086, 'context': 30, 'bonus_lists': [1677, 3871], 'modifiers': [{'type': 9, 'value': 50}]}"
1200177106,VERY_LONG,,1,48017100,,"{'id': 14916, 'context': 54, 'bonus_lists': [1694, 4283], 'modifiers': [{'type': 9, 'value': 50}]}"
1200177109,VERY_LONG,,1,48017100,,"{'id': 14916, 'context': 0, 'bonus_lists': [6655, 1678], 'modifiers': [{'type': 9, 'value': 30}, {'type': 28, 'value': 36}]}"
1200177110,VERY_LONG,,1,681189000,,"{'id': 15547, 'context': 54, 'bonus_lists': [1695, 4277], 'modifiers': [{'type': 9, 'value': 50}]}"
1200177112,VERY_LONG,,1,239409700,,"{'id': 45557, 'context': 0, 'bonus_lists': [6883]}"
1200177113,VERY_LONG,,1,111802000,,"{'id': 90580, 'context': 36, 'bonus_lists': [4756], 'modifiers': [{'type': 9, 'value': 50}]}"
1200177115,VERY_LONG,,1,9052400,,"{'id': 52377, 'context': 0}"
1200177121,VERY_LONG,,1,1400000,,"{'id': 8386, 'context': 0}"
1200177125,VERY_LONG,,1,44122400,,"{'id': 8385, 'context': 0}"
1200177127,VERY_LONG,,1,37000000,,"{'id': 14044, 'context': 0, 'bonus_lists': [6883]}"
1200177128,VERY_LONG,,1,178787900,,"{'id': 14915, 'context': 0, 'bonus_lists': [6654, 1681], 'modifiers': [{'type': 9, 'value': 30}, {'type': 28, 'value': 36}]}"
1200177130,VERY_LONG,,1,499900,,"{'id': 12694, 'context': 0}"
1200177132,VERY_LONG,,1,499900,,"{'id': 12694, 'context': 0}"
1200177137,VERY_LONG,,1,55432000,,"{'id': 13121, 'context': 53, 'bonus_lists': [4269], 'modifiers': [{'type': 9, 'value': 50}]}"
1200177139,VERY_LONG,,1,98270800,,"{'id': 14928, 'context': 54, 'bonus_lists': [1680, 4278], 'modifiers': [{'type': 9, 'value': 50}]}"
1200177140,VERY_LONG,,1,98270800,,"{'id': 14928, 'context': 54, 'bonus_lists': [1692, 4279], 'modifiers': [{'type': 9, 'value': 50}]}"
1200177141,VERY_LONG,,1,98270800,,"{'id': 14928, 'context': 54, 'bonus_lists': [1695, 4277], 'modifiers': [{'type': 9, 'value': 50}]}"
1200177143,VERY_LONG,,1,98270800,,"{'id': 14928, 'context': 54, 'bonus_lists': [1679, 4277], 'modifiers': [{'type': 9, 'value': 50}]}"
1200177144,VERY_LONG,,1,38153200,,"{'id': 55447, 'context': 36, 'bonus_lists': [1701, 4767], 'modifiers': [{'type': 9, 'value': 50}]}"
1200177145,VERY_LONG,,1,127414000,,"{'id': 25199, 'context': 36, 'bonus_lists': [1708, 3871], 'modifiers': [{'type': 9, 'value': 50}]}"
1200177146,VERY_LONG,,1,700000000,,"{'id': 49891, 'context': 0, 'bonus_lists': [6883]}"
1200177150,VERY_LONG,,1,25001300,,"{'id': 10604, 'context': 0}"
1200177152,VERY_LONG,,1,64068800,,"{'id': 15552, 'context': 0, 'bonus_lists': [6655, 1677], 'modifiers': [{'type': 9, 'value': 30}, {'type': 28, 'value': 21}]}"
1200177156,VERY_LONG,,1,560000000,,"{'id': 49890, 'context': 0, 'bonus_lists': [6883]}"
1200177159,VERY_LONG,,1,81849000,,"{'id': 87430, 'context': 36, 'bonus_lists': [4760], 'modifiers': [{'type': 9, 'value': 50}]}"
1200177162,VERY_LONG,,1,280560400,,"{'id': 14897, 'context': 0, 'bonus_lists': [6654, 1678], 'modifiers': [{'type': 9, 'value': 30}, {'type': 28, 'value': 21}]}"
1200177164,VERY_LONG,,1,725000000,,"{'id': 49892, 'context': 0, 'bonus_lists': [6883]}"
1200177166,VERY_LONG,,1,90217700,,"{'id': 66967, 'context': 36, 'bonus_lists': [4760], 'modifiers': [{'type': 9, 'value': 50}]}"
1200177169,VERY_LONG,,1,61582700,,"{'id': 14807, 'context': 0, 'bonus_lists': [6654], 'modifiers': [{'type': 9, 'value': 30}, {'type': 28, 'value': 36}]}"
1200177171,VERY_LONG,,1,53446100,,"{'id': 25144, 'context': 30, 'bonus_lists': [1679, 3871], 'modifiers': [{'type': 9, 'value': 50}]}"
1200177174,VERY_LONG,,1,57569100,,"{'id': 15633, 'context': 54, 'bonus_lists': [1679, 4281], 'modifiers': [{'type': 9, 'value': 50}]}"
1200177176,VERY_LONG,,1,41700200,,"{'id': 31148, 'context': 36, 'bonus_lists': [3912], 'modifiers': [{'type': 9, 'value': 50}]}"
1200177178,VERY_LONG,,1,427998300,,"{'id': 14900, 'context': 53, 'bonus_lists': [1693, 4277], 'modifiers': [{'type': 9, 'value': 50}]}"
1200177179,VERY_LONG,,1,57232400,,"{'id': 55731, 'context': 0, 'bonus_lists': [6654, 1688], 'modifiers': [{'type': 9, 'value': 35}, {'type': 28, 'value': 56}]}"
1200177183,VERY_LONG,,1,94624900,,"{'id': 11226, 'context': 0, 'modifiers': [{'type': 28, 'value': 21}]}"
1200177185,VERY_LONG,,1,96824500,,"{'id': 94094, 'context': 0, 'bonus_lists': [1698]}"
1200177189,VERY_LONG,,1,50072200,,"{'id': 14771, 'context': 0, 'bonus_lists': [6654], 'modifiers': [{'type': 9, 'value': 30}, {'type': 28, 'value': 21}]}"
1200177193,VERY_LONG,,1,73488000,,"{'id': 14857, 'context': 0, 'bonus_lists': [6654], 'modifiers': [{'type': 9, 'value': 30}, {'type': 28, 'value': 36}]}"
1200177198,VERY_LONG,,1,499900,,"{'id': 12697, 'context': 0}"
1200177203,VERY_LONG,,1,499900,,"{'id': 12697, 'context': 0}"
1200177207,VERY_LONG,,1,15003800,,"{'id': 36380, 'context': 1, 'bonus_lists': [6654, 1691], 'modifiers': [{'type': 9, 'value': 30}, {'type': 28, 'value': 250}]}"
1200177210,VERY_LONG,,1,56264800,,"{'id': 11202, 'context': 0}"
1200177213,VERY_LONG,,1,203465200,,"{'id': 25226, 'context': 36, 'bonus_lists': [1693, 3871], 'modifiers': [{'type': 9, 'value': 50}]}"
1200177215,VERY_LONG,,1,83124300,,"{'id': 94096, 'context': 36, 'bonus_lists': [1709]}"
1200177220,VERY_LONG,,1,83124300,,"{'id': 94096, 'context': 0, 'bonus_lists': [1709]}"
1200177225,VERY_LONG,,1,64663200,,"{'id': 14234, 'context': 54, 'bonus_lists': [1706, 4278], 'modifiers': [{'type': 9, 'value': 50}]}"
1200177227,VERY_LONG,,1,36000000,,"{'id': 11167, 'context': 1}"
1200177232,VERY_LONG,,1,70982800,,"{'id': 15575, 'context': 0, 'bonus_lists': [6654, 1678], 'modifiers': [{'type': 9, 'value': 30}, {'type': 28, 'value': 21}]}"
1200177236,VERY_LONG,,1,35962200,,"{'id': 87512, 'context': 36, 'bonus_lists': [4302], 'modifiers': [{'type': 9, 'value': 50}]}"
1200177241,VERY_LONG,,1,158853300,,"{'id': 14920, 'context': 0, 'bonus_lists': [6654, 1692], 'modifiers': [{'type': 9, 'value': 30}, {'type': 28, 'value': 36}]}"
1200177243,VERY_LONG,,1,158853300,,"{'id': 14920, 'context': 54, 'bonus_lists': [1681, 4279], 'modifiers': [{'type': 9, 'value': 50}]}"
1200177246,VERY_LONG,,1,52036300,,"{'id': 14930, 'context': 54, 'bonus_lists': [1694, 4281], 'modifiers': [{'type': 9, 'value': 50}]}"
1200177248,VERY_LONG,,1,512820800,,"{'id': 118809, 'context': 29, 'bonus_lists': [3915], 'modifiers': [{'type': 9, 'value': 50}]}"
1200177251,VERY_LONG,,1,129725000,,"{'id': 25249, 'context': 36, 'bonus_lists': [1708, 3871], 'modifiers': [{'type': 9, 'value': 50}]}"
1200177253,VERY_LONG,,1,161160300,,"{'id': 13042, 'context': 0, 'bonus_lists': [6659], 'modifiers': [{'type': 9, 'value': 30}, {'type': 28, 'value': 21}]}"
1200177255,VERY_LONG,,1,43478100,,"{'id': 37752, 'context': 36, 'bonus_lists': [3912], 'modifiers': [{'type': 9, 'value': 50}]}"
1200177256,VERY_LONG,,1,164879300,,"{'id': 90581, 'context': 36, 'bonus_lists': [4254], 'modifiers': [{'type': 9, 'value': 50}]}"
1200177260,VERY_LONG,,1,164879300,,"{'id': 90581, 'context': 36, 'bonus_lists': [4756], 'modifiers': [{'type': 9, 'value': 50}]}"
1200177264,VERY_LONG,,1,286332700,,"{'id': 3309, 'context': 53, 'bonus_lists': [4277], 'modifiers': [{'type': 9, 'value': 50}]}"
1200177266,VERY_LONG,,1,41931000,,"{'id': 8134, 'context': 54, 'bonus_lists': [4283], 'modifiers': [{'type': 9, 'value': 50}]}"
1200177269,VERY_LONG,,1,64724100,,"{'id': 15185, 'context': 54, 'bonus_lists': [1677, 4277], 'modifiers': [{'type': 9, 'value': 50}]}"
1200177270,VERY_LONG,,1,64724100,,"{'id': 15185, 'context': 54, 'bonus_lists': [1691, 4279], 'modifiers': [{'type': 9, 'value': 50}]}"
1200177353,VERY_LONG,,1,10850400,,"{'id': 52385, 'context': 0}"
1200177362,VERY_LONG,,1,84626500,,"{'id': 14176, 'context': 54, 'bonus_lists': [1693, 4277], 'modifiers': [{'type': 9, 'value': 50}]}"
1200177368,VERY_LONG,,1,39027200,,"{'id': 14267, 'context': 0, 'bonus_lists': [6654, 1695], 'modifiers': [{'type': 9, 'value': 30}, {'type': 28, 'value': 36}]}"
1200177375,VERY_LONG,,1,133399600,,"{'id': 25276, 'context': 36, 'bonus_lists': [1677, 3871], 'modifiers': [{'type': 9, 'value': 50}]}"
1200177380,VERY_LONG,,1,34004500,,"{'id': 14467, 'context': 0}"
1200177390,VERY_LONG,,1,36742800,,"{'id': 14216, 'context': 54, 'bonus_lists': [1679, 4277], 'modifiers': [{'type': 9, 'value': 50}]}"
1200177394,VERY_LONG,,1,23999800,,"{'id': 15440, 'context': 0, 'bonus_lists': [6654, 1680], 'modifiers': [{'type': 9, 'value': 30}, {'type': 28, 'value': 36}]}"
1200177398,VERY_LONG,,1,23999800,,"{'id': 15440, 'context': 0, 'bonus_lists': [6654, 1694], 'modifiers': [{'type': 9, 'value': 30}, {'type': 28, 'value': 36}]}"
1200177403,VERY_LONG,,1,47231200,,"{'id': 14963, 'context': 0, 'bonus_lists': [6654, 1692], 'modifiers': [{'type': 9, 'value': 30}, {'type': 28, 'value': 36}]}"
1200177407,VERY_LONG,,1,102048200,,"{'id': 1443, 'context': 54, 'bonus_lists': [4247], 'modifiers': [{'type': 9, 'value': 50}]}"
1200177412,VERY_LONG,,1,207623800,,"{'id': 14551, 'context': 54, 'bonus_lists': [4247], 'modifiers': [{'type': 9, 'value': 50}]}"
1200177415,VERY_LONG,,1,50223500,,"{'id': 14827, 'context': 0, 'bonus_lists': [6654], 'modifiers': [{'type': 9, 'value': 30}, {'type': 28, 'value': 21}]}"
1200177417,VERY_LONG,,1,69927900,,"{'id': 14773, 'context': 0, 'bonus_lists': [6654], 'modifiers': [{'type': 9, 'value': 30}, {'type': 28, 'value': 21}]}"
1200177419,VERY_LONG,,1,41849400,,"{'id': 36488, 'context': 30, 'bonus_lists': [1679, 3871], 'modifiers': [{'type': 9, 'value': 50}]}"
1200177423,VERY_LONG,,1,52500000,,"{'id': 890, 'context': 54, 'bonus_lists': [4274], 'modifiers': [{'type': 9, 'value': 50}]}"
1200177425,VERY_LONG,,1,24000000,,"{'id': 44742, 'context': 0, 'bonus_lists': [1677, 6849]}"
1200177430,VERY_LONG,,1,202643300,,"{'id': 23803, 'context': 14}"
1200177434,VERY_LONG,,1,28972700,,"{'id': 14922, 'context': 54, 'bonus_lists': [1708, 4277], 'modifiers': [{'type': 9, 'value': 50}]}"
1200177438,VERY_LONG,,1,28972700,,"{'id': 14922, 'context': 54, 'bonus_lists': [1707, 4277], 'modifiers': [{'type': 9, 'value': 50}]}"
1200177444,VERY_LONG,,1,28972700,,"{'id': 14922, 'context': 54, 'bonus_lists': [1693, 4277], 'modifiers': [{'type': 9, 'value': 50}]}"
1200177446,VERY_LONG,,1,28972700,,"{'id': 14922, 'context': 54, 'bonus_lists': [1693, 4277], 'modifiers': [{'type': 9, 'value': 50}]}"
1200177449,VERY_LONG,,1,28972700,,"{'id': 14922, 'context': 54, 'bonus_lists': [1694, 4277], 'modifiers': [{'type': 9, 'value': 50}]}"
1200177451,VERY_LONG,,1,20000000,,"{'id': 87508, 'context': 36, 'bonus_lists': [4762], 'modifiers': [{'type': 9, 'value': 50}]}"
1200177453,VERY_LONG,,1,72243100,,"{'id': 94214, 'context': 36, 'bonus_lists': [1695]}"
1200177456,VERY_LONG,,1,17234300,,"{'id': 8129, 'context': 0, 'bonus_lists': [6654], 'modifiers': [{'type': 9, 'value': 55}]}"
1200177459,VERY_LONG,,1,41003800,,"{'id': 7993, 'context': 0, 'modifiers': [{'type': 28, 'value': 21}]}"
1200177466,VERY_LONG,,1,41003800,,"{'id': 7993, 'context': 0}"
1200177469,VERY_LONG,,1,23779300,,"{'id': 13038, 'context': 53, 'bonus_lists': [4273], 'modifiers': [{'type': 9, 'value': 50}]}"
1200177471,VERY_LONG,,1,48144200,,"{'id': 94043, 'context': 0, 'bonus_lists': [1706]}"
1200177475,VERY_LONG,,1,43859100,,"{'id': 13014, 'context': 0, 'bonus_lists': [6659], 'modifiers': [{'type': 9, 'value': 30}, {'type': 28, 'value': 36}]}"
1200177476,VERY_LONG,,1,43859100,,"{'id': 13014, 'context': 54, 'bonus_lists': [4273], 'modifiers': [{'type': 9, 'value': 50}]}"
1200177479,VERY_LONG,,1,43859100,,"{'id': 13014, 'context': 54, 'bonus_lists': [4273], 'modifiers': [{'type': 9, 'value': 50}]}"
1200177661,VERY_LONG,,1,140403300,,"{'id': 116509, 'context': 0, 'bonus_lists': [6655, 164], 'modifiers': [{'type': 9, 'value': 36}, {'type': 28, 'value': 65}]}"
1200177667,VERY_LONG,,1,158400000,,"{'id': 116493, 'context': 0, 'bonus_lists': [6655, 117], 'modifiers': [{'type': 9, 'value': 36}, {'type': 28, 'value': 1766}]}"
1200177676,VERY_LONG,,1,305929400,,"{'id': 118873, 'context': 0, 'bonus_lists': [6659], 'modifiers': [{'type': 9, 'value': 36}, {'type': 28, 'value': 1766}]}"
1200177681,VERY_LONG,,1,14262300,,"{'id': 106494, 'context': 0, 'bonus_lists': [6654, 120], 'modifiers': [{'type': 9, 'value': 37}, {'type': 28, 'value': 1766}]}"
1200177695,LONG,24500,55,,,{'id': 111557}
1200177698,LONG,35500,13,,,{'id': 109624}
1200177707,LONG,4900,15,,,{'id': 109129}
1200177721,LONG,14700,12,,,{'id': 109124}
1200177790,VERY_LONG,,1,271649000,,"{'id': 14297, 'context': 54, 'bonus_lists': [1678, 4277], 'modifiers': [{'type': 9, 'value': 50}]}"
1200177791,VERY_LONG,,1,80236200,,"{'id': 14899, 'context': 0, 'bonus_lists': [6654, 1706], 'modifiers': [{'type': 9, 'value': 30}, {'type': 28, 'value': 21}]}"
1200177795,VERY_LONG,,1,72940500,,"{'id': 13095, 'context': 54, 'bonus_lists': [4270], 'modifiers': [{'type': 9, 'value': 50}]}"
1200177804,VERY_LONG,,1,72940500,,"{'id': 13095, 'context': 54, 'bonus_lists': [4269], 'modifiers': [{'type': 9, 'value': 50}]}"
1200177808,VERY_LONG,,1,70800000,,"{'id': 23154, 'context': 3, 'modifiers': [{'type': 28, 'value': 1014}]}"
1200177813,VERY_LONG,,1,131037500,,"{'id': 14971, 'context': 54, 'bonus_lists': [1705, 4277], 'modifiers': [{'type': 9, 'value': 50}]}"
1200177820,VERY_LONG,,1,131037500,,"{'id': 14971, 'context': 54, 'bonus_lists': [1677, 4277], 'modifiers': [{'type': 9, 'value': 50}]}"
1200177824,VERY_LONG,,1,84280700,,"{'id': 13117, 'context': 0, 'bonus_lists': [6658], 'modifiers': [{'type': 9, 'value': 30}, {'type': 28, 'value': 21}]}"
1200177827,VERY_LONG,,1,109425600,,"{'id': 14968, 'context': 54, 'bonus_lists': [1693, 4278], 'modifiers': [{'type': 9, 'value': 50}]}"
1200177830,VERY_LONG,,1,109425600,,"{'id': 14968, 'context': 54, 'bonus_lists': [1694, 4279], 'modifiers': [{'type': 9, 'value': 50}]}"
1200177832,LONG,,1,139999700,,"{'id': 173245, 'context': 65, 'bonus_lists': [6718, 7194, 1522]}"
1200177833,VERY_LONG,,1,109425600,,"{'id': 14968, 'context': 54, 'bonus_lists': [1691, 4277], 'modifiers': [{'type': 9, 'value': 50}]}"
1200177834,LONG,,1,139999700,,"{'id': 173245, 'context': 65, 'bonus_lists': [6718, 7194, 1522]}"
1200177835,LONG,,1,139999700,,"{'id': 173245, 'context': 65, 'bonus_lists': [6718, 7193, 1522]}"
1200177836,VERY_LONG,,1,106807500,,"{'id': 15595, 'context': 54, 'bonus_lists': [1678, 4278], 'modifiers': [{'type': 9, 'value': 50}]}"
1200177837,LONG,,1,139999700,,"{'id': 173245, 'context': 65, 'bonus_lists': [6718, 7194, 1522]}"
1200177839,VERY_LONG,,1,106807500,,"{'id': 15595, 'context': 0, 'bonus_lists': [6654, 1693], 'modifiers': [{'type': 9, 'value': 30}, {'type': 28, 'value': 21}]}"
1200177843,VERY_LONG,,1,106807500,,"{'id': 15595, 'context': 0, 'bonus_lists': [6654, 1707], 'modifiers': [{'type': 9, 'value': 30}, {'type': 28, 'value': 21}]}"
1200177846,VERY_LONG,,1,66297400,,"{'id': 94098, 'context': 0, 'bonus_lists': [1695]}"
1200177848,VERY_LONG,,1,50000000,,"{'id': 66966, 'context': 36, 'bonus_lists': [4760], 'modifiers': [{'type': 9, 'value': 50}]}"
1200177854,VERY_LONG,,1,269941800,,"{'id': 4438, 'context': 1, 'bonus_lists': [4038], 'modifiers': [{'type': 9, 'value': 25}]}"
1200177859,VERY_LONG,,1,31441700,,"{'id': 14320, 'context': 54, 'bonus_lists': [1691, 4277], 'modifiers': [{'type': 9, 'value': 50}]}"
1200177861,VERY_LONG,,1,31441700,,"{'id': 14320, 'context': 54, 'bonus_lists': [1678, 4277], 'modifiers': [{'type': 9, 'value': 50}]}"
1200177864,LONG,,1,59995000,,"{'id': 172318, 'context': 63, 'bonus_lists': [6716, 1487]}"
1200177868,VERY_LONG,,1,32286100,,"{'id': 36085, 'context': 30, 'bonus_lists': [1708, 3850], 'modifiers': [{'type': 9, 'value': 50}]}"
1200177870,VERY_LONG,,1,80000000,,"{'id': 55408, 'context': 0, 'bonus_lists': [6655, 1705], 'modifiers': [{'type': 9, 'value': 35}, {'type': 28, 'value': 56}]}"
1200177875,VERY_LONG,,1,48224400,,"{'id': 25104, 'context': 36, 'bonus_lists': [1680, 3871], 'modifiers': [{'type': 9, 'value': 50}]}"
1200177877,VERY_LONG,,1,90560800,,"{'id': 13119, 'context': 54, 'bonus_lists': [4270], 'modifiers': [{'type': 9, 'value': 50}]}"
1200177881,VERY_LONG,,1,82257200,,"{'id': 87425, 'context': 36, 'bonus_lists': [4760], 'modifiers': [{'type': 9, 'value': 50}]}"
1200177883,VERY_LONG,,1,36386900,,"{'id': 14370, 'context': 54, 'bonus_lists': [4277], 'modifiers': [{'type': 9, 'value': 50}]}"
1200177887,LONG,8999900,1,,,{'id': 172367}
1200177955,VERY_LONG,,1,47231200,,"{'id': 14963, 'context': 54, 'bonus_lists': [1694, 4277], 'modifiers': [{'type': 9, 'value': 50}]}"
1200177958,VERY_LONG,,1,76647500,,"{'id': 37802, 'context': 30, 'bonus_lists': [3932], 'modifiers': [{'type': 9, 'value': 50}]}"
1200177962,VERY_LONG,,1,185000000,,"{'id': 9434, 'context': 54, 'bonus_lists': [4270], 'modifiers': [{'type': 9, 'value': 50}]}"
1200177963,VERY_LONG,,1,104982700,,"{'id': 87417, 'context': 36, 'bonus_lists': [4762], 'modifiers': [{'type': 9, 'value': 50}]}"
1200177966,VERY_LONG,,1,104982700,,"{'id': 87417, 'context': 36, 'bonus_lists': [4762], 'modifiers': [{'type': 9, 'value': 50}]}"
1200177969,VERY_LONG,,1,49901400,,"{'id': 94084, 'context': 36, 'bonus_lists': [1680]}"
1200177970,VERY_LONG,,1,599995100,,"{'id': 14507, 'context': 0}"
1200177972,VERY_LONG,,1,187093400,,"{'id': 4680, 'context': 54, 'bonus_lists': [4278], 'modifiers': [{'type': 9, 'value': 50}]}"
1200177973,VERY_LONG,,1,33330200,,"{'id': 6511, 'context': 54, 'bonus_lists': [4277], 'modifiers': [{'type': 9, 'value': 50}]}"
1200177974,VERY_LONG,,1,36000000,,"{'id': 11167, 'context': 1}"
1200177976,VERY_LONG,,1,39647000,,"{'id': 6423, 'context': 0}"
1200177977,VERY_LONG,,1,113333800,,"{'id': 13041, 'context': 54, 'bonus_lists': [4274], 'modifiers': [{'type': 9, 'value': 50}]}"
1200177978,VERY_LONG,,1,24000000,,"{'id': 44742, 'context': 0, 'bonus_lists': [1709, 6849]}"
1200177980,VERY_LONG,,1,95000000,,"{'id': 90585, 'context': 36, 'bonus_lists': [4254], 'modifiers': [{'type': 9, 'value': 50}]}"
1200177983,VERY_LONG,,1,36694500,,"{'id': 14607, 'context': 54, 'bonus_lists': [4281], 'modifiers': [{'type': 9, 'value': 50}]}"
1200177985,VERY_LONG,,1,36694500,,"{'id': 14607, 'context': 0, 'bonus_lists': [6655], 'modifiers': [{'type': 9, 'value': 30}, {'type': 28, 'value': 21}]}"
1200177986,VERY_LONG,,1,37456700,,"{'id': 15659, 'context': 54, 'bonus_lists': [1692, 4277], 'modifiers': [{'type': 9, 'value': 50}]}"
1200177988,VERY_LONG,,1,106412100,,"{'id': 7786, 'context': 1, 'bonus_lists': [4054], 'modifiers': [{'type': 9, 'value': 25}]}"
1200177990,VERY_LONG,,1,39899500,,"{'id': 94217, 'context': 0, 'bonus_lists': [1715]}"
1200177992,VERY_LONG,,1,5500000,,"{'id': 9301, 'context': 14, 'modifiers': [{'type': 28, 'value': 864}]}"
1200177994,VERY_LONG,,1,35962200,,"{'id': 87512, 'context': 36, 'bonus_lists': [4302], 'modifiers': [{'type': 9, 'value': 50}]}"
1200177995,VERY_LONG,,1,16500000,,"{'id': 52369, 'context': 0}"
1200177997,VERY_LONG,,1,999900,,"{'id': 6661, 'context': 0}"
1200177998,VERY_LONG,,1,999900,,"{'id': 6661, 'context': 0}"
1200178001,VERY_LONG,,1,247777100,,"{'id': 870, 'context': 54, 'bonus_lists': [4260], 'modifiers': [{'type': 9, 'value': 50}]}"
1200178003,VERY_LONG,,1,499900,,"{'id': 12682, 'context': 0}"
1200178006,VERY_LONG,,1,499900,,"{'id': 12682, 'context': 0}"
1200178009,VERY_LONG,,1,86048400,,"{'id': 94080, 'context': 0, 'bonus_lists': [1686]}"
1200178011,VERY_LONG,,1,75942900,,"{'id': 15539, 'context': 54, 'bonus_lists': [1707, 4277], 'modifiers': [{'type': 9, 'value': 50}]}"
1200178012,VERY_LONG,,1,1479999900,,"{'id': 72146, 'context': 14, 'modifiers': [{'type': 28, 'value': 378}]}"
1200178013,VERY_LONG,,1,25849600,,"{'id': 37751, 'context': 36, 'bonus_lists': [3911], 'modifiers': [{'type': 9, 'value': 50}]}"
1200178018,VERY_LONG,,1,83717700,,"{'id': 4671, 'context': 54, 'bonus_lists': [4278], 'modifiers': [{'type': 9, 'value': 50}]}"
1200178019,VERY_LONG,,1,60009600,,"{'id': 82800, 'context': 0, 'modifiers': [{'type': 6, 'value': 46001}], 'pet_breed_id': 10, 'pet_level': 1, 'pet_quality_id': 3, 'pet_species_id': 330}"
1200178020,VERY_LONG,,1,49978300,,"{'id': 15546, 'context': 54, 'bonus_lists': [1709, 4277], 'modifiers': [{'type': 9, 'value': 50}]}"
1200178022,VERY_LONG,,1,210000,,"{'id': 6663, 'context': 0}"
1200178024,VERY_LONG,,1,210000,,"{'id': 6663, 'context': 0}"
1200178027,VERY_LONG,,1,11110600,,"{'id': 82800, 'context': 0, 'modifiers': [{'type': 6, 'value': 47859}], 'pet_breed_id': 12, 'pet_level': 1, 'pet_quality_id': 3, 'pet_species_id': 2582}"
1200178029,VERY_LONG,,1,11110600,,"{'id': 82800, 'context': 0, 'modifiers': [{'type': 6, 'value': 47859}], 'pet_breed_id': 12, 'pet_level': 1, 'pet_quality_id': 3, 'pet_species_id': 2582}"
1200178030,VERY_LONG,,1,36742800,,"{'id': 14216, 'context': 0, 'bonus_lists': [6654, 1694], 'modifiers': [{'type': 9, 'value': 30}, {'type': 28, 'value': 21}]}"
1200178032,VERY_LONG,,1,10683800,,"{'id': 68787, 'context': 0}"
1200178036,VERY_LONG,,1,71731300,,"{'id': 55359, 'context': 0, 'bonus_lists': [6655, 1702], 'modifiers': [{'type': 9, 'value': 35}, {'type': 28, 'value': 56}]}"
1200178039,VERY_LONG,,1,91952300,,"{'id': 161971, 'context': 13, 'bonus_lists': [1703, 6863]}"
1200178044,VERY_LONG,,1,70595900,,"{'id': 24924, 'context': 36, 'bonus_lists': [1708, 3850], 'modifiers': [{'type': 9, 'value': 50}]}"
1200178048,VERY_LONG,,1,34989200,,"{'id': 14410, 'context': 54, 'bonus_lists': [4277], 'modifiers': [{'type': 9, 'value': 50}]}"
1200178051,VERY_LONG,,1,499900,,"{'id': 12683, 'context': 1}"
1200178056,VERY_LONG,,1,69974500,,"{'id': 25136, 'context': 36, 'bonus_lists': [1706, 3871], 'modifiers': [{'type': 9, 'value': 50}]}"
1200178058,VERY_LONG,,1,210000000,,"{'id': 18408, 'context': 0, 'bonus_lists': [6883]}"
1200178062,VERY_LONG,,1,74980000,,"{'id': 14413, 'context': 0, 'bonus_lists': [6654], 'modifiers': [{'type': 9, 'value': 30}, {'type': 28, 'value': 21}]}"
1200178065,VERY_LONG,,1,179875900,,"{'id': 14898, 'context': 54, 'bonus_lists': [1695, 4279], 'modifiers': [{'type': 9, 'value': 50}]}"
1200178069,VERY_LONG,,1,99999900,,"{'id': 24197, 'context': 1}"
1200178073,VERY_LONG,,1,25054500,,"{'id': 5774, 'context': 0}"
1200178077,VERY_LONG,,1,269454000,,"{'id': 809, 'context': 54, 'bonus_lists': [4259], 'modifiers': [{'type': 9, 'value': 50}]}"
1200178082,VERY_LONG,,1,36987300,,"{'id': 15574, 'context': 54, 'bonus_lists': [1692, 4279], 'modifiers': [{'type': 9, 'value': 50}]}"
1200178086,VERY_LONG,,1,39987100,,"{'id': 7053, 'context': 0, 'bonus_lists': [6863]}"
1200178092,VERY_LONG,,1,42536000,,"{'id': 14602, 'context': 54, 'bonus_lists': [4277], 'modifiers': [{'type': 9, 'value': 50}]}"
1200178094,VERY_LONG,,1,499900,,"{'id': 12691, 'context': 0}"
1200178097,VERY_LONG,,1,154914300,,"{'id': 935, 'context': 54, 'bonus_lists': [4273], 'modifiers': [{'type': 9, 'value': 50}]}"
1200178100,VERY_LONG,,1,88446800,,"{'id': 14445, 'context': 54, 'bonus_lists': [4277], 'modifiers': [{'type': 9, 'value': 50}]}"
1200179101,VERY_LONG,,1,64287500,,"{'id': 2824, 'context': 0, 'bonus_lists': [6661], 'modifiers': [{'type': 9, 'value': 30}, {'type': 28, 'value': 36}]}"
1200179103,VERY_LONG,,1,86061300,,"{'id': 87454, 'context': 36, 'bonus_lists': [4296], 'modifiers': [{'type': 9, 'value': 50}]}"
1200179105,VERY_LONG,,1,4000000,,"{'id': 18653, 'context': 1, 'modifiers': [{'type': 28, 'value': 201}]}"
1200179107,VERY_LONG,,1,80010100,,"{'id': 31139, 'context': 36, 'bonus_lists': [3932], 'modifiers': [{'type': 9, 'value': 50}]}"
1200179109,VERY_LONG,,1,371827300,,"{'id': 1982, 'context': 53, 'bonus_lists': [4259], 'modifiers': [{'type': 9, 'value': 50}]}"
1200179110,VERY_LONG,,1,38833700,,"{'id': 7555, 'context': 54, 'bonus_lists': [1695, 4281], 'modifiers': [{'type': 9, 'value': 50}]}"
1200179111,VERY_LONG,,1,73862000,,"{'id': 15365, 'context': 53, 'bonus_lists': [1709, 4277], 'modifiers': [{'type': 9, 'value': 50}]}"
1200179112,VERY_LONG,,1,22396900,,"{'id': 67139, 'context': 36, 'bonus_lists': [4254], 'modifiers': [{'type': 9, 'value': 50}]}"
1200179113,VERY_LONG,,1,67760600,,"{'id': 14287, 'context': 0, 'bonus_lists': [6654, 1680], 'modifiers': [{'type': 9, 'value': 30}, {'type': 28, 'value': 36}]}"
1200179119,VERY_LONG,,1,63607000,,"{'id': 14605, 'context': 53, 'bonus_lists': [4277], 'modifiers': [{'type': 9, 'value': 50}]}"
1200179122,VERY_LONG,,1,48144200,,"{'id': 94043, 'context': 0, 'bonus_lists': [1678]}"
1200179125,VERY_LONG,,1,1295041500,,"{'id': 3311, 'context': 54, 'bonus_lists': [4277], 'modifiers': [{'type': 9, 'value': 50}]}"
1200179129,VERY_LONG,,1,19999600,,"{'id': 52363, 'context': 0, 'modifiers': [{'type': 28, 'value': 56}]}"
1200179132,VERY_LONG,,1,28876400,,"{'id': 14954, 'context': 54, 'bonus_lists': [1680, 4281], 'modifiers': [{'type': 9, 'value': 50}]}"
1200179135,VERY_LONG,,1,115873600,,"{'id': 36580, 'context': 36, 'bonus_lists': [1707, 3871], 'modifiers': [{'type': 9, 'value': 50}]}"
1200179136,VERY_LONG,,1,28196600,,"{'id': 14795, 'context': 54, 'bonus_lists': [4277], 'modifiers': [{'type': 9, 'value': 50}]}"
1200179138,VERY_LONG,,1,27858500,,"{'id': 87437, 'context': 36, 'bonus_lists': [4760], 'modifiers': [{'type': 9, 'value': 50}]}"
1200179140,VERY_LONG,,1,4499700,,"{'id': 8387, 'context': 0}"
1200179142,VERY_LONG,,1,34004500,,"{'id': 14467, 'context': 1}"
1200182274,LONG,,1,51729000,,"{'id': 14205, 'context': 1, 'bonus_lists': [6654, 1691], 'modifiers': [{'type': 9, 'value': 30}, {'type': 28, 'value': 208}]}"
1200182276,LONG,,1,3439800,,"{'id': 8281, 'context': 1, 'bonus_lists': [6654], 'modifiers': [{'type': 9, 'value': 30}, {'type': 28, 'value': 214}]}"
1200182278,LONG,,1,19701700,,"{'id': 15638, 'context': 1, 'bonus_lists': [6654, 1691], 'modifiers': [{'type': 9, 'value': 30}, {'type': 28, 'value': 218}]}"
1200182280,LONG,,1,60907300,,"{'id': 14834, 'context': 1, 'bonus_lists': [6654], 'modifiers': [{'type': 9, 'value': 30}, {'type': 28, 'value': 209}]}"
1200182281,LONG,,1,26119400,,"{'id': 14251, 'context': 1, 'bonus_lists': [6654, 1691], 'modifiers': [{'type': 9, 'value': 30}, {'type': 28, 'value': 203}]}"
1200182283,LONG,,1,26119400,,"{'id': 14251, 'context': 1, 'bonus_lists': [6654, 1708], 'modifiers': [{'type': 9, 'value': 30}, {'type': 28, 'value': 203}]}"
1200182284,LONG,,1,6981300,,"{'id': 864, 'context': 1, 'bonus_lists': [6655, 1695], 'modifiers': [{'type': 9, 'value': 30}, {'type': 28, 'value': 203}]}"
1200182285,LONG,,1,13268100,,"{'id': 15176, 'context': 1, 'bonus_lists': [6654, 1705], 'modifiers': [{'type': 9, 'value': 30}, {'type': 28, 'value': 218}]}"
1200182286,LONG,,1,13268100,,"{'id': 15176, 'context': 1, 'bonus_lists': [6654, 1679], 'modifiers': [{'type': 9, 'value': 30}, {'type': 28, 'value': 218}]}"
1200182290,LONG,,1,2583500,,"{'id': 9947, 'context': 1, 'bonus_lists': [6654, 1693], 'modifiers': [{'type': 9, 'value': 30}, {'type': 28, 'value': 214}]}"
1200182291,LONG,,1,140974300,,"{'id': 31153, 'context': 1, 'bonus_lists': [6659], 'modifiers': [{'type': 9, 'value': 30}, {'type': 28, 'value': 222}]}"
1200182292,LONG,,1,3126000,,"{'id': 14443, 'context': 1, 'bonus_lists': [6654], 'modifiers': [{'type': 9, 'value': 30}, {'type': 28, 'value': 218}]}"
1200182293,LONG,,1,80253400,,"{'id': 15173, 'context': 1, 'bonus_lists': [6654, 1706], 'modifiers': [{'type': 9, 'value': 30}, {'type': 28, 'value': 218}]}"
1200182294,LONG,,1,26390200,,"{'id': 24743, 'context': 1, 'bonus_lists': [6654, 1706], 'modifiers': [{'type': 9, 'value': 30}, {'type': 28, 'value': 222}]}"
1200182295,LONG,,1,1657600,,"{'id': 5011, 'context': 1, 'bonus_lists': [6654], 'modifiers': [{'type': 9, 'value': 30}, {'type': 28, 'value': 203}]}"
1200182296,LONG,,1,39035700,,"{'id': 18298, 'context': 1, 'bonus_lists': [6710], 'modifiers': [{'type': 9, 'value': 30}, {'type': 28, 'value': 203}]}"
1200182298,LONG,,1,35391400,,"{'id': 9484, 'context': 1, 'bonus_lists': [6710], 'modifiers': [{'type': 9, 'value': 30}, {'type': 28, 'value': 218}]}"
1200182299,LONG,,1,1068543600,,"{'id': 1982, 'context': 1, 'bonus_lists': [6661], 'modifiers': [{'type': 9, 'value': 30}, {'type': 28, 'value': 214}]}"
1200182300,LONG,,1,45091300,,"{'id': 15144, 'context': 1, 'bonus_lists': [6654, 1707], 'modifiers': [{'type': 9, 'value': 30}, {'type': 28, 'value': 203}]}"
1200182301,LONG,,1,34469200,,"{'id': 25120, 'context': 1, 'bonus_lists': [6655, 1677], 'modifiers': [{'type': 9, 'value': 30}, {'type': 28, 'value': 222}]}"
1200182303,LONG,,1,23999800,,"{'id': 15440, 'context': 0, 'bonus_lists': [6654, 1695], 'modifiers': [{'type': 9, 'value': 30}, {'type': 28, 'value': 1006}]}"
1200182307,LONG,,1,16798800,,"{'id': 14259, 'context': 1, 'bonus_lists': [6654, 1694], 'modifiers': [{'type': 9, 'value': 30}, {'type': 28, 'value': 218}]}"
1200182308,LONG,,1,6764500,,"{'id': 25065, 'context': 1, 'bonus_lists': [6654, 1693], 'modifiers': [{'type': 9, 'value': 30}, {'type': 28, 'value': 222}]}"
1200182309,LONG,,1,23662100,,"{'id': 14238, 'context': 1, 'bonus_lists': [6654, 1707], 'modifiers': [{'type': 9, 'value': 30}, {'type': 28, 'value': 203}]}"
1200182310,LONG,,1,58000000,,"{'id': 14434, 'context': 1, 'bonus_lists': [6654], 'modifiers': [{'type': 9, 'value': 30}, {'type': 28, 'value': 218}]}"
1200182311,LONG,,1,49822300,,"{'id': 24867, 'context': 1, 'bonus_lists': [6654, 1695], 'modifiers': [{'type': 9, 'value': 30}, {'type': 28, 'value': 222}]}"
1200182313,LONG,,1,42053900,,"{'id': 14600, 'context': 1, 'bonus_lists': [6654], 'modifiers': [{'type': 9, 'value': 30}, {'type': 28, 'value': 203}]}"
1200182315,LONG,,1,46163700,,"{'id': 15632, 'context': 1, 'bonus_lists': [6654, 1694], 'modifiers': [{'type': 9, 'value': 30}, {'type': 28, 'value': 218}]}"
1200182317,LONG,,1,46163700,,"{'id': 15632, 'context': 1, 'bonus_lists': [6654, 1677], 'modifiers': [{'type': 9, 'value': 30}, {'type': 28, 'value': 218}]}"
1200182319,LONG,,1,127922400,,"{'id': 25160, 'context': 1, 'bonus_lists': [6655, 1705], 'modifiers': [{'type': 9, 'value': 30}, {'type': 28, 'value': 222}]}"
1200182320,LONG,,1,1381790900,,"{'id': 13047, 'context': 1, 'bonus_lists': [6659], 'modifiers': [{'type': 9, 'value': 30}, {'type': 28, 'value': 205}]}"
1200182321,LONG,,1,25974600,,"{'id': 12054, 'context': 0, 'bonus_lists': [6654], 'modifiers': [{'type': 9, 'value': 30}, {'type': 28, 'value': 14}]}"
1200182322,LONG,,1,8344200,,"{'id': 10100, 'context': 1, 'bonus_lists': [6654, 1691], 'modifiers': [{'type': 9, 'value': 30}, {'type': 28, 'value': 205}]}"
1200182324,LONG,,1,3135700,,"{'id': 1639, 'context': 1, 'bonus_lists': [6655, 1709], 'modifiers': [{'type': 9, 'value': 30}, {'type': 28, 'value': 218}]}"
1200182325,LONG,,1,31738600,,"{'id': 24864, 'context': 1, 'bonus_lists': [6654, 1709], 'modifiers': [{'type': 9, 'value': 30}, {'type': 28, 'value': 222}]}"
1200182326,LONG,,1,29576400,,"{'id': 14669, 'context': 1, 'bonus_lists': [6654], 'modifiers': [{'type': 9, 'value': 30}, {'type': 28, 'value': 218}]}"
1200182327,LONG,,1,673500,639800,"{'id': 15235, 'context': 1, 'bonus_lists': [6655, 1707], 'modifiers': [{'type': 9, 'value': 30}, {'type': 28, 'value': 218}]}"
1200182328,LONG,,1,14280000,,"{'id': 11986, 'context': 1, 'bonus_lists': [6654, 1706], 'modifiers': [{'type': 9, 'value': 30}, {'type': 28, 'value': 203}]}"
1200182329,LONG,,1,81899500,,"{'id': 10603, 'context': 1, 'modifiers': [{'type': 28, 'value': 218}]}"
1200182330,LONG,,1,31539700,,"{'id': 15558, 'context': 1, 'bonus_lists': [6654, 1678], 'modifiers': [{'type': 9, 'value': 30}, {'type': 28, 'value': 203}]}"
1200182331,LONG,,1,32038300,,"{'id': 15234, 'context': 1, 'bonus_lists': [6655, 1679], 'modifiers': [{'type': 9, 'value': 30}, {'type': 28, 'value': 209}]}"
1200182333,LONG,,1,2308700,,"{'id': 1207, 'context': 1, 'bonus_lists': [6655, 1681], 'modifiers': [{'type': 9, 'value': 30}, {'type': 28, 'value': 203}]}"
1200182335,LONG,,1,2954000,,"{'id': 11972, 'context': 1, 'bonus_lists': [6654, 1709], 'modifiers': [{'type': 9, 'value': 30}, {'type': 28, 'value': 203}]}"
1200182336,LONG,,1,15216100,,"{'id': 24644, 'context': 1, 'bonus_lists': [6654, 1680], 'modifiers': [{'type': 9, 'value': 30}, {'type': 28, 'value': 222}]}"
1200182338,LONG,,1,8142600,,"{'id': 15979, 'context': 1, 'bonus_lists': [6655, 1707], 'modifiers': [{'type': 9, 'value': 30}, {'type': 28, 'value': 209}]}"
1200182340,LONG,,1,4403700,,"{'id': 24635, 'context': 1, 'bonus_lists': [6654, 1692], 'modifiers': [{'type': 9, 'value': 30}, {'type': 28, 'value': 222}]}"
1200182342,LONG,,1,28264500,,"{'id': 24856, 'context': 1, 'bonus_lists': [6654, 1681], 'modifiers': [{'type': 9, 'value': 30}, {'type': 28, 'value': 222}]}"
1200182343,LONG,,1,10781800,,"{'id': 6424, 'context': 1, 'bonus_lists': [6654], 'modifiers': [{'type': 9, 'value': 30}, {'type': 28, 'value': 218}]}"
1200182344,LONG,,1,22972700,,"{'id': 24636, 'context': 1, 'bonus_lists': [6654, 1707], 'modifiers': [{'type': 9, 'value': 30}, {'type': 28, 'value': 222}]}"
1200182345,LONG,,1,36000000,,"{'id': 4737, 'context': 1, 'bonus_lists': [6654], 'modifiers': [{'type': 9, 'value': 30}, {'type': 28, 'value': 214}]}"
1200182346,VERY_LONG,,1,22500000,,"{'id': 37772, 'context': 0, 'bonus_lists': [6658], 'modifiers': [{'type': 9, 'value': 30}, {'type': 28, 'value': 45}]}"
1200182347,LONG,,1,7787300,,"{'id': 9890, 'context': 1, 'bonus_lists': [6654, 1695], 'modifiers': [{'type': 9, 'value': 30}, {'type': 28, 'value': 217}]}"
1200182348,LONG,,1,14895400,,"{'id': 15943, 'context': 1, 'bonus_lists': [6655], 'modifiers': [{'type': 9, 'value': 30}, {'type': 28, 'value': 205}]}"
1200182349,LONG,,1,1228425200,,"{'id': 14859, 'context': 1, 'bonus_lists': [6654], 'modifiers': [{'type': 9, 'value': 30}, {'type': 28, 'value': 218}]}"
1200182350,LONG,,1,11027800,,"{'id': 24646, 'context': 1, 'bonus_lists': [6654, 1679], 'modifiers': [{'type': 9, 'value': 30}, {'type': 28, 'value': 222}]}"
1200182351,LONG,,1,12505800,,"{'id': 15182, 'context': 1, 'bonus_lists': [6654, 1705], 'modifiers': [{'type': 9, 'value': 30}, {'type': 28, 'value': 218}]}"
1200182352,VERY_LONG,,1,1990000,,"{'id': 82800, 'context': 0, 'modifiers': [{'type': 6, 'value': 89609}], 'pet_breed_id': 15, 'pet_level': 1, 'pet_quality_id': 3, 'pet_species_id': 2525}"
1200182353,LONG,,1,559900,,"{'id': 4088, 'context': 1, 'bonus_lists': [6655, 1707], 'modifiers': [{'type': 9, 'value': 30}, {'type': 28, 'value': 218}]}"
1200182354,LONG,,1,50198100,,"{'id': 15639, 'context': 1, 'bonus_lists': [6654, 1709], 'modifiers': [{'type': 9, 'value': 30}, {'type': 28, 'value': 218}]}"
1200182355,LONG,,1,51666200,,"{'id': 14941, 'context': 1, 'bonus_lists': [6654, 1709], 'modifiers': [{'type': 9, 'value': 30}, {'type': 28, 'value': 203}]}"
1200182357,LONG,,1,14701800,,"{'id': 14439, 'context': 1, 'bonus_lists': [6654], 'modifiers': [{'type': 9, 'value': 30}, {'type': 28, 'value': 218}]}"
1200182358,LONG,740000,2,,,{'id': 37118}
1200182359,LONG,,1,20174900,,"{'id': 24968, 'context': 1, 'bonus_lists': [6654, 1677], 'modifiers': [{'type': 9, 'value': 30}, {'type': 28, 'value': 222}]}"
1200182360,LONG,,1,5992000,,"{'id': 10130, 'context': 1, 'bonus_lists': [6654, 1680], 'modifiers': [{'type': 9, 'value': 30}, {'type': 28, 'value': 214}]}"
1200182361,LONG,,1,71731300,,"{'id': 55359, 'context': 5, 'bonus_lists': [6655, 1698], 'modifiers': [{'type': 9, 'value': 35}, {'type': 28, 'value': 1029}]}"
1200182363,LONG,,1,400000,,"{'id': 10066, 'context': 1, 'bonus_lists': [6654, 1707], 'modifiers': [{'type': 9, 'value': 30}, {'type': 28, 'value': 214}]}"
1200182364,LONG,,1,499900,,"{'id': 12713, 'context': 1, 'modifiers': [{'type': 28, 'value': 205}]}"
1200182366,LONG,,1,47727400,,"{'id': 25091, 'context': 1, 'bonus_lists': [6655, 1694], 'modifiers': [{'type': 9, 'value': 30}, {'type': 28, 'value': 222}]}"
1200182367,LONG,,1,35123100,,"{'id': 24865, 'context': 1, 'bonus_lists': [6654, 1694], 'modifiers': [{'type': 9, 'value': 30}, {'type': 28, 'value': 222}]}"
1200182368,LONG,,1,2651300,,"{'id': 15291, 'context': 1, 'bonus_lists': [6655, 1692], 'modifiers': [{'type': 9, 'value': 30}, {'type': 28, 'value': 218}]}"
1200182369,LONG,,1,2651300,,"{'id': 15291, 'context': 1, 'bonus_lists': [6655, 1677], 'modifiers': [{'type': 9, 'value': 30}, {'type': 28, 'value': 218}]}"
1200182370,LONG,,1,28122200,,"{'id': 14847, 'context': 1, 'bonus_lists': [6654], 'modifiers': [{'type': 9, 'value': 30}, {'type': 28, 'value': 218}]}"
1200182371,LONG,,1,7866000,,"{'id': 24974, 'context': 1, 'bonus_lists': [6654, 1677], 'modifiers': [{'type': 9, 'value': 30}, {'type': 28, 'value': 222}]}"
1200182373,LONG,,1,11760900,,"{'id': 24747, 'context': 1, 'bonus_lists': [6654, 1694], 'modifiers': [{'type': 9, 'value': 30}, {'type': 28, 'value': 222}]}"
1200182377,LONG,,1,11955700,,"{'id': 12013, 'context': 1, 'bonus_lists': [6654, 1680], 'modifiers': [{'type': 9, 'value': 30}, {'type': 28, 'value': 218}]}"
1200182379,LONG,,1,11955700,,"{'id': 12013, 'context': 1, 'bonus_lists': [6654, 1694], 'modifiers': [{'type': 9, 'value': 30}, {'type': 28, 'value': 218}]}"
1200182380,LONG,,1,7120900,,"{'id': 4087, 'context': 1, 'bonus_lists': [6655, 1678], 'modifiers': [{'type': 9, 'value': 30}, {'type': 28, 'value': 203}]}"
1200182381,LONG,,1,2560000,,"{'id': 4087, 'context': 1, 'bonus_lists': [6655, 1708], 'modifiers': [{'type': 9, 'value': 30}, {'type': 28, 'value': 203}]}"
1200182383,LONG,,1,42719600,,"{'id': 15266, 'context': 1, 'bonus_lists': [6655, 1681], 'modifiers': [{'type': 9, 'value': 30}, {'type': 28, 'value': 205}]}"
1200182384,VERY_LONG,329900,1,,,{'id': 4232}
1200182385,LONG,,1,27713700,,"{'id': 15978, 'context': 1, 'bonus_lists': [6655, 1678], 'modifiers': [{'type': 9, 'value': 30}, {'type': 28, 'value': 203}]}"
1200182386,LONG,,1,15817400,,"{'id': 4736, 'context': 1, 'bonus_lists': [6654], 'modifiers': [{'type': 9, 'value': 30}, {'type': 28, 'value': 218}]}"
1200182387,LONG,,1,2020000,,"{'id': 15287, 'context': 1, 'bonus_lists': [6655, 1691], 'modifiers': [{'type': 9, 'value': 30}, {'type': 28, 'value': 218}]}"
1200182389,LONG,,1,11357800,,"{'id': 24847, 'context': 1, 'bonus_lists': [6654, 1681], 'modifiers': [{'type': 9, 'value': 30}, {'type': 28, 'value': 222}]}"
1200182391,LONG,,1,6537100,,"{'id': 9795, 'context': 1, 'bonus_lists': [6654, 1707], 'modifiers': [{'type': 9, 'value': 30}, {'type': 28, 'value': 215}]}"
1200182392,VERY_LONG,33100,2,,,{'id': 5470}
1200182393,LONG,,1,83386000,,"{'id': 15567, 'context': 1, 'bonus_lists': [6654, 1678], 'modifiers': [{'type': 9, 'value': 30}, {'type': 28, 'value': 203}]}"
1200182394,LONG,,1,38957300,,"{'id': 8295, 'context': 1, 'bonus_lists': [6654], 'modifiers': [{'type': 9, 'value': 30}, {'type': 28, 'value': 205}]}"
1200182395,LONG,,1,42389100,,"{'id': 14222, 'context': 1, 'bonus_lists': [6654, 1677], 'modifiers': [{'type': 9, 'value': 30}, {'type': 28, 'value': 203}]}"
1200182396,LONG,,1,3795000,,"{'id': 10060, 'context': 1, 'bonus_lists': [6654, 1681], 'modifiers': [{'type': 9, 'value': 30}, {'type': 28, 'value': 214}]}"
1200182397,LONG,,1,36395800,,"{'id': 15676, 'context': 1, 'bonus_lists': [6654, 1705], 'modifiers': [{'type': 9, 'value': 30}, {'type': 28, 'value': 218}]}"
1200182398,VERY_LONG,13700,5,,,{'id': 25649}
1200182399,LONG,,1,1706600,,"{'id': 15227, 'context': 1, 'bonus_lists': [6655, 1706], 'modifiers': [{'type': 9, 'value': 30}, {'type': 28, 'value': 218}]}"
1200182401,LONG,,1,400000,,"{'id': 15227, 'context': 1, 'bonus_lists': [6655, 1678], 'modifiers': [{'type': 9, 'value': 30}, {'type': 28, 'value': 218}]}"
1200182403,LONG,,1,22946300,,"{'id': 7450, 'context': 0, 'modifiers': [{'type': 28, 'value': 14}]}"
1200182405,LONG,,1,20275900,,"{'id': 14252, 'context': 1, 'bonus_lists': [6654, 1678], 'modifiers': [{'type': 9, 'value': 30}, {'type': 28, 'value': 218}]}"
1200182407,LONG,,1,12456700,,"{'id': 15214, 'context': 1, 'bonus_lists': [6655, 1709], 'modifiers': [{'type': 9, 'value': 30}, {'type': 28, 'value': 209}]}"
1200182408,LONG,,1,11199800,,"{'id': 15215, 'context': 1, 'bonus_lists': [6655, 1695], 'modifiers': [{'type': 9, 'value': 30}, {'type': 28, 'value': 218}]}"
1200182410,LONG,,1,29034300,,"{'id': 18296, 'context': 1, 'bonus_lists': [6710], 'modifiers': [{'type': 9, 'value': 30}, {'type': 28, 'value': 203}]}"
1200182411,VERY_LONG,80000,7,,,{'id': 2775}
1200182413,LONG,,1,12208800,,"{'id': 4060, 'context': 1, 'bonus_lists': [6654], 'modifiers': [{'type': 9, 'value': 30}, {'type': 28, 'value': 217}]}"
1200182414,LONG,,1,6767200,,"{'id': 7478, 'context': 1, 'bonus_lists': [6654, 1695], 'modifiers': [{'type': 9, 'value': 30}, {'type': 28, 'value': 214}]}"
1200182415,LONG,,1,780000,,"{'id': 15323, 'context': 1, 'bonus_lists': [6655, 1707], 'modifiers': [{'type': 9, 'value': 30}, {'type': 28, 'value': 218}]}"
1200182416,LONG,,1,64479900,,"{'id': 24729, 'context': 1, 'bonus_lists': [6654, 1705], 'modifiers': [{'type': 9, 'value': 30}, {'type': 28, 'value': 222}]}"
1200182417,LONG,,1,73761000,,"{'id': 14958, 'context': 1, 'bonus_lists': [6654, 1705], 'modifiers': [{'type': 9, 'value': 30}, {'type': 28, 'value': 218}]}"
1200182420,LONG,,1,13456700,,"{'id': 2080, 'context': 1, 'bonus_lists': [6655, 1705], 'modifiers': [{'type': 9, 'value': 30}, {'type': 28, 'value': 208}]}"
1200182421,VERY_LONG,50000,5,,,{'id': 3858}
1200182423,LONG,,1,1140000,,"{'id': 1608, 'context': 1, 'bonus_lists': [6655, 1695], 'modifiers': [{'type': 9, 'value': 30}, {'type': 28, 'value': 203}]}"
1200182425,LONG,999400,2,,,{'id': 8831}
1200182427,LONG,,1,53758200,,"{'id': 15574, 'context': 1, 'bonus_lists': [6654, 1677], 'modifiers': [{'type': 9, 'value': 30}, {'type': 28, 'value': 203}]}"
1200182429,LONG,,1,3075600,2921800,"{'id': 25287, 'context': 1, 'bonus_lists': [6655, 1680], 'modifiers': [{'type': 9, 'value': 30}, {'type': 28, 'value': 222}]}"
1200182430,LONG,,1,32486800,,"{'id': 8287, 'context': 1, 'bonus_lists': [6654], 'modifiers': [{'type': 9, 'value': 30}, {'type': 28, 'value': 205}]}"
1200182432,LONG,,1,10932800,,"{'id': 8288, 'context': 1, 'bonus_lists': [6654], 'modifiers': [{'type': 9, 'value': 30}, {'type': 28, 'value': 205}]}"
1200182434,LONG,2352700,5,,,{'id': 36909}
1200182437,VERY_LONG,800,1,,,{'id': 1468}
1200182438,LONG,,1,2384700,,"{'id': 1465, 'context': 1, 'bonus_lists': [6655], 'modifiers': [{'type': 9, 'value': 30}, {'type': 28, 'value': 203}]}"
1200182440,LONG,3433200,1,,,{'id': 58143}
1200182442,LONG,,1,3300700,,"{'id': 55756, 'context': 5, 'bonus_lists': [6654, 1693], 'modifiers': [{'type': 9, 'value': 35}, {'type': 28, 'value': 1029}]}"
1200182443,LONG,,1,28385700,,"{'id': 15218, 'context': 1, 'bonus_lists': [6655, 1692], 'modifiers': [{'type': 9, 'value': 30}, {'type': 28, 'value': 205}]}"
1200182444,LONG,41800,1,,,{'id': 33457}
1200182446,LONG,,1,19547100,,"{'id': 14952, 'context': 1, 'bonus_lists': [6654, 1708], 'modifiers': [{'type': 9, 'value': 30}, {'type': 28, 'value': 218}]}"
1200182447,LONG,,1,107999900,,"{'id': 7449, 'context': 1, 'modifiers': [{'type': 28, 'value': 203}]}"
1200182449,LONG,,1,12552400,,"{'id': 12011, 'context': 1, 'bonus_lists': [6654, 1677], 'modifiers': [{'type': 9, 'value': 30}, {'type': 28, 'value': 203}]}"
1200182450,VERY_LONG,132600,5,,,{'id': 33567}
1200182453,LONG,,1,20646400,,"{'id': 15625, 'context': 1, 'bonus_lists': [6654, 1693], 'modifiers': [{'type': 9, 'value': 30}, {'type': 28, 'value': 218}]}"
1200182456,LONG,,1,4123200,,"{'id': 16218, 'context': 1, 'modifiers': [{'type': 28, 'value': 214}]}"
1200182457,LONG,,1,65970800,,"{'id': 14954, 'context': 1, 'bonus_lists': [6655, 1695], 'modifiers': [{'type': 9, 'value': 30}, {'type': 28, 'value': 218}]}"
1200182459,LONG,,1,49675500,,"{'id': 14397, 'context': 1, 'bonus_lists': [6654], 'modifiers': [{'type': 9, 'value': 30}, {'type': 28, 'value': 208}]}"
1200182460,LONG,,1,2689700,,"{'id': 8259, 'context': 1, 'bonus_lists': [6654], 'modifiers': [{'type': 9, 'value': 30}, {'type': 28, 'value': 214}]}"
1200182461,LONG,,1,21869800,,"{'id': 24959, 'context': 1, 'bonus_lists': [6654, 1705], 'modifiers': [{'type': 9, 'value': 30}, {'type': 28, 'value': 222}]}"
1200182462,VERY_LONG,551900,1,,,{'id': 25699}
1200182463,LONG,,1,21641100,,"{'id': 106741, 'context': 1, 'bonus_lists': [6654, 101], 'modifiers': [{'type': 9, 'value': 40}, {'type': 28, 'value': 276}]}"
1200182464,LONG,,1,7397200,,"{'id': 24626, 'context': 1, 'bonus_lists': [6654, 1708], 'modifiers': [{'type': 9, 'value': 30}, {'type': 28, 'value': 222}]}"
1200182465,LONG,250000,5,,,{'id': 3823}
1200182469,LONG,,1,30015700,,"{'id': 7439, 'context': 1, 'bonus_lists': [6654, 1679], 'modifiers': [{'type': 9, 'value': 30}, {'type': 28, 'value': 217}]}"
1200182470,LONG,,1,15751200,,"{'id': 106690, 'context': 1, 'bonus_lists': [6654, 212], 'modifiers': [{'type': 9, 'value': 40}, {'type': 28, 'value': 276}]}"
1200182472,LONG,,1,3435500,,"{'id': 5216, 'context': 1, 'bonus_lists': [6655, 1708], 'modifiers': [{'type': 9, 'value': 30}, {'type': 28, 'value': 214}]}"
1200182473,VERY_LONG,219200,12,,,{'id': 52977}
1200182476,VERY_LONG,49900,4,,,{'id': 52182}
1200182481,VERY_LONG,,1,60999800,,"{'id': 14482, 'context': 0, 'modifiers': [{'type': 28, 'value': 30}]}"
1200182485,VERY_LONG,230000,1,,,{'id': 7911}
1200182686,LONG,,1,22000600,,"{'id': 180755, 'context': 13}"
1200182688,LONG,,1,22000600,,"{'id': 180755, 'context': 13}"
1200182690,LONG,,1,22000600,,"{'id': 180755, 'context': 13}"
1200182692,LONG,,1,22000600,,"{'id': 180755, 'context': 13}"
1200182920,LONG,900000,6,,,{'id': 2674}
1200182923,LONG,114900,30,,,{'id': 168302}
1200182928,LONG,720000,10,,,{'id': 6889}
1200182930,LONG,3000,16,,,{'id': 24477}
1200182934,LONG,650000,465,,,{'id': 172051}
1200182937,LONG,,1,17000000,8500000,"{'id': 55426, 'context': 0, 'bonus_lists': [6655, 1706], 'modifiers': [{'type': 9, 'value': 30}, {'type': 28, 'value': 1828}]}"
1200182942,LONG,109961400,2,,,{'id': 136569}
1200182945,LONG,121500,21,,,{'id': 7067}
1200182949,LONG,19599700,2,,,{'id': 3824}
1200182955,LONG,36800,516,,,{'id': 172935}
1200182960,LONG,,1,7499900,3750000,"{'id': 52377, 'context': 0}"
1200182969,LONG,8299400,27,,,{'id': 169299}
1200182974,LONG,,1,23580400,11790200,"{'id': 14914, 'context': 1, 'bonus_lists': [6654, 1680], 'modifiers': [{'type': 9, 'value': 31}, {'type': 28, 'value': 1912}]}"
1200182979,LONG,,1,22749700,11374900,"{'id': 10366, 'context': 0, 'bonus_lists': [1681]}"
1200182985,LONG,,1,98999900,49500000,"{'id': 3866, 'context': 0}"
1200183045,LONG,,1,19000000,9500000,"{'id': 82087, 'context': 22, 'bonus_lists': [6654, 1694], 'modifiers': [{'type': 9, 'value': 35}, {'type': 28, 'value': 1127}]}"
1200183047,LONG,13000000,15,,,{'id': 180057}
1200183051,LONG,2530300,58,,,{'id': 54849}
1200183053,LONG,50000,12,,,{'id': 27678}
1200183056,LONG,,1,160000000,80000000,"{'id': 66641, 'context': 0}"
1200183060,LONG,,1,54999900,27500000,"{'id': 37800, 'context': 1, 'bonus_lists': [6710], 'modifiers': [{'type': 9, 'value': 30}, {'type': 28, 'value': 237}]}"
1200183064,LONG,,1,12539900,6270000,"{'id': 15381, 'context': 1, 'bonus_lists': [6654, 1695], 'modifiers': [{'type': 9, 'value': 30}, {'type': 28, 'value': 218}]}"
1200183066,LONG,,1,16000000,8000000,"{'id': 36360, 'context': 2, 'bonus_lists': [6654, 1706], 'modifiers': [{'type': 9, 'value': 30}, {'type': 28, 'value': 1096}]}"
1200183069,LONG,200000,29,,,{'id': 172040}
1200183071,LONG,,1,89989900,44995000,"{'id': 106446, 'context': 0, 'bonus_lists': [6654, 109], 'modifiers': [{'type': 9, 'value': 40}, {'type': 28, 'value': 63}]}"
1200183074,LONG,13900,574,,,{'id': 152508}
1200184454,LONG,1000000,6,,,{'id': 43647}
1200184455,LONG,,1,114999900,57500000,"{'id': 108739, 'context': 0}"
1200184458,LONG,,1,64753500,32376800,"{'id': 106398, 'context': 0, 'bonus_lists': [6654, 100], 'modifiers': [{'type': 9, 'value': 40}, {'type': 28, 'value': 63}]}"
1200184460,LONG,,1,21000000,10500000,"{'id': 14561, 'context': 0, 'bonus_lists': [6654], 'modifiers': [{'type': 9, 'value': 30}, {'type': 28, 'value': 7}]}"
1200184462,LONG,350000,9,,,{'id': 31670}
1200184463,LONG,,1,40999900,20500000,"{'id': 106673, 'context': 0, 'bonus_lists': [6654, 38], 'modifiers': [{'type': 9, 'value': 45}, {'type': 28, 'value': 1769}]}"
1200184465,LONG,113700,468,,,{'id': 152876}
1200184466,LONG,1799900,10,,,{'id': 17222}
1200184469,LONG,92499900,6,,,{'id': 13452}
1200184471,LONG,,1,19918500,9959300,"{'id': 15363, 'context': 1, 'bonus_lists': [6654, 1709], 'modifiers': [{'type': 9, 'value': 30}, {'type': 28, 'value': 280}]}"
1200184472,LONG,,1,140000000,70000000,"{'id': 36409, 'context': 0, 'bonus_lists': [6654, 1691], 'modifiers': [{'type': 9, 'value': 30}, {'type': 28, 'value': 49}]}"
1200184474,LONG,2649900,11,,,{'id': 171351}
1200184475,LONG,25000,395,,,{'id': 124113}
1200184477,LONG,700000,19,,,{'id': 36901}
1200184480,LONG,46100,135,,,{'id': 152497}
1200184483,LONG,7600,973,,,{'id': 153051}
1200184484,LONG,54000,133,,,{'id': 171370}
1200184486,LONG,4999800,10,,,{'id': 43108}
1200184487,LONG,550000,81,,,{'id': 172044}
1200184488,LONG,70000,15,,,{'id': 74839}
1200184491,LONG,,1,7499900,3750000,"{'id': 82078, 'context': 22, 'bonus_lists': [6654, 1716], 'modifiers': [{'type': 9, 'value': 35}, {'type': 28, 'value': 1127}]}"
1200184492,LONG,,1,89989900,49424700,"{'id': 106397, 'context': 0, 'bonus_lists': [6655, 35], 'modifiers': [{'type': 9, 'value': 27}, {'type': 28, 'value': 1765}]}"
1200184494,LONG,150000,3,,,{'id': 22645}
1200184495,LONG,,1,73861900,36931000,"{'id': 15365, 'context': 0, 'bonus_lists': [6654, 1678], 'modifiers': [{'type': 9, 'value': 30}, {'type': 28, 'value': 23}]}"
1200184496,LONG,1999900,10,,,{'id': 122344}
1200184499,LONG,3800,14,,,{'id': 3667}
1200184502,LONG,16200,63,,,{'id': 2836}
1200184503,LONG,1200000,53,,,{'id': 168310}
1200184505,LONG,2500000,10,,,{'id': 3825}
1200184509,LONG,2000000,6,,,{'id': 111662}
1200184511,LONG,1900,200,,,{'id': 154165}
1200184515,LONG,25021100,10,,,{'id': 180059}
1200184517,LONG,8999900,50,,,{'id': 33872}
1200184518,LONG,,1,50000000,25000000,"{'id': 55552, 'context': 36, 'bonus_lists': [1706, 4764], 'modifiers': [{'type': 9, 'value': 50}]}"
1200184520,LONG,330000,5,,,{'id': 39970}
1200184521,LONG,,1,7916200,3958100,"{'id': 24767, 'context': 2, 'bonus_lists': [6654, 1709], 'modifiers': [{'type': 9, 'value': 30}, {'type': 28, 'value': 1068}]}"
1200184522,LONG,13199800,10,,,{'id': 8951}
1200184525,LONG,1000000,10,,,{'id': 22710}
1200184526,LONG,11499900,10,,,{'id': 45621}
1200184527,LONG,,1,89989900,44995000,"{'id': 25327, 'context': 0, 'bonus_lists': [6655, 1707], 'modifiers': [{'type': 9, 'value': 24}, {'type': 28, 'value': 1736}]}"
1200184528,LONG,,1,92499900,46250000,"{'id': 106667, 'context': 28, 'bonus_lists': [3854, 87], 'modifiers': [{'type': 9, 'value': 45}]}"
1200184529,LONG,360000,3,,,{'id': 37921}
1200184531,LONG,144700,11,,,{'id': 154886}
1200184533,LONG,16999800,10,,,{'id': 13442}
1200184536,LONG,,1,650000000,325000000,"{'id': 2166, 'context': 0, 'bonus_lists': [6691, 6703], 'modifiers': [{'type': 9, 'value': 25}, {'type': 28, 'value': 1813}]}"
1200184538,LONG,35000,549,,,{'id': 152507}
1200184539,LONG,330000,29,,,{'id': 36907}
1200184541,LONG,,1,67499900,33750000,"{'id': 55410, 'context': 1, 'bonus_lists': [6655, 1700], 'modifiers': [{'type': 9, 'value': 35}, {'type': 28, 'value': 258}]}"
1200184783,VERY_LONG,,1,4009700,,"{'id': 82800, 'context': 0, 'modifiers': [{'type': 6, 'value': 90715}], 'pet_breed_id': 14, 'pet_level': 1, 'pet_quality_id': 3, 'pet_species_id': 2580}"
1200184786,VERY_LONG,,1,4009700,,"{'id': 82800, 'context': 0, 'modifiers': [{'type': 6, 'value': 90715}], 'pet_breed_id': 14, 'pet_level': 1, 'pet_quality_id': 3, 'pet_species_id': 2580}"
1200184789,LONG,,1,199900,,"{'id': 4731, 'context': 0, 'bonus_lists': [6654], 'modifiers': [{'type': 9, 'value': 30}, {'type': 28, 'value': 27}]}"
1200184790,LONG,,1,199900,,"{'id': 4731, 'context': 1, 'bonus_lists': [6654], 'modifiers': [{'type': 9, 'value': 30}, {'type': 28, 'value': 217}]}"
1200184798,LONG,150000,2,,,{'id': 13422}
1200184824,LONG,,1,24000000,12000000,"{'id': 15017, 'context': 0, 'bonus_lists': [6654, 1677], 'modifiers': [{'type': 9, 'value': 30}, {'type': 28, 'value': 5}]}"
1200184826,LONG,1199500,5,,,{'id': 173056}
1200184828,LONG,158000,8,,,{'id': 23117}
1200184830,LONG,9749900,3,,,{'id': 27660}
1200184831,LONG,100000,130,,,{'id': 171436}
1200184833,LONG,,1,41999900,21000000,"{'id': 36137, 'context': 1, 'bonus_lists': [6654, 1678], 'modifiers': [{'type': 9, 'value': 30}, {'type': 28, 'value': 241}]}"
1200184834,LONG,300000,14,,,{'id': 111673}
1200184835,LONG,604800,6,,,{'id': 2251}
1200184836,LONG,40999800,1,,,{'id': 74661}
1200184838,LONG,60000000,1,,,{'id': 4402}
1200184840,LONG,59900,1002,,,{'id': 172052}
1200184841,LONG,199000,6,,,{'id': 22577}
1200184842,LONG,,1,43859000,21929500,"{'id': 13014, 'context': 0}"
1200184846,LONG,7348700,64,,,{'id': 172042}
1200184848,LONG,,1,15009100,7504600,"{'id': 72012, 'context': 0}"
1200184849,LONG,,1,14788500,9600900,"{'id': 81969, 'context': 1, 'bonus_lists': [6654, 1714], 'modifiers': [{'type': 9, 'value': 37}, {'type': 28, 'value': 1829}]}"
1200184850,LONG,750000,10,,,{'id': 111652}
1200184852,LONG,900,23,,,{'id': 22644}
1200184854,LONG,800,28,,,{'id': 1468}
1200184855,LONG,200000,9,,,{'id': 182737}
1200184857,LONG,9500000,7,,,{'id': 21752}
1200184859,LONG,13778900,3,,,{'id': 7071}
1200184862,LONG,2749900,3,,,{'id': 2673}
1200184865,LONG,650000,320,,,{'id': 172051}
1200184869,LONG,94600,9,,,{'id': 27674}
1200184871,LONG,500000,17,,,{'id': 40199}
1200184873,LONG,,1,18000000,9000000,"{'id': 15977, 'context': 36, 'bonus_lists': [1694, 3863], 'modifiers': [{'type': 9, 'value': 16}]}"
1200184874,LONG,900000,10,,,{'id': 85506}
1200184876,LONG,360000,4,,,{'id': 6358}
1200184877,LONG,6200,872,,,{'id': 168650}
1200184880,LONG,3500,4019,,,{'id': 152542}
1200184883,LONG,70000,5,,,{'id': 62778}
1200184886,LONG,,1,4769700,2384900,"{'id': 106723, 'context': 0, 'bonus_lists': [6654, 212], 'modifiers': [{'type': 9, 'value': 40}, {'type': 28, 'value': 176}]}"
1200184887,LONG,550000,3,,,{'id': 175241}
1200184890,LONG,300000,10,,,{'id': 111674}
1200184893,LONG,,1,23999900,12000000,"{'id': 35593, 'context': 1, 'bonus_lists': [6710], 'modifiers': [{'type': 9, 'value': 30}, {'type': 28, 'value': 238}]}"
1200184894,LONG,17749800,10,,,{'id': 169300}
1200184895,LONG,1900,1000,,,{'id': 154165}
1200184897,LONG,20000,1360,,,{'id': 152511}
1200184898,LONG,110000000,1,,,{'id': 74662}
1200184899,LONG,,1,37500000,18750000,"{'id': 106530, 'context': 0, 'bonus_lists': [6654, 47], 'modifiers': [{'type': 9, 'value': 27}, {'type': 28, 'value': 1765}]}"
1200184900,LONG,50000,2,,,{'id': 102542}
1200184901,LONG,,1,275000000,137500000,"{'id': 31182, 'context': 0, 'bonus_lists': [6691, 1692], 'modifiers': [{'type': 9, 'value': 17}, {'type': 28, 'value': 37}]}"
1200184904,LONG,2314700,10,,,{'id': 41810}
1200184906,LONG,665900,24,,,{'id': 171269}
1200184908,LONG,1120000,69,,,{'id': 176811}
1200184911,LONG,1300000,4,,,{'id': 27429}
1200184913,LONG,900,703,,,{'id': 124439}
1200184915,LONG,69999900,2,,,{'id': 7072}
1200184916,LONG,199900,1,,,{'id': 180318}
1200184918,LONG,54000,320,,,{'id': 171370}
1200184921,LONG,16000,2,,,{'id': 23572}
1200184934,LONG,,1,199900,,"{'id': 25050, 'context': 22, 'bonus_lists': [6654, 1706], 'modifiers': [{'type': 9, 'value': 30}, {'type': 28, 'value': 1066}]}"
1200184945,LONG,,1,1099900,,"{'id': 179333, 'context': 0, 'bonus_lists': [6908, 6652, 1717], 'modifiers': [{'type': 9, 'value': 60}, {'type': 28, 'value': 1428}]}"
1200184959,LONG,5000,3,,,{'id': 124437}
1200184961,LONG,1000,2,,,{'id': 12202}
1200184970,LONG,50000,2,,,{'id': 6308}
1200184975,LONG,,1,1446300,,"{'id': 171376, 'context': 13, 'bonus_lists': [6887], 'modifiers': [{'type': 9, 'value': 53}, {'type': 28, 'value': 391}, {'type': 29, 'value': 40}, {'type': 30, 'value': 36}]}"
1200184986,LONG,,1,999900,,"{'id': 68757, 'context': 0, 'bonus_lists': [6654], 'modifiers': [{'type': 9, 'value': 30}, {'type': 28, 'value': 7}]}"
1200184989,LONG,5000,2,,,{'id': 152503}
1200185001,LONG,,1,990000,,"{'id': 171444, 'context': 13, 'bonus_lists': [6893], 'modifiers': [{'type': 9, 'value': 60}, {'type': 28, 'value': 391}, {'type': 29, 'value': 40}, {'type': 30, 'value': 36}]}"
1200185009,LONG,45000,2,,,{'id': 102543}
1200185020,LONG,19500,6,,,{'id': 7974}
1200185040,LONG,550000,1,,,{'id': 5500}
1200185044,VERY_LONG,,1,2500000000,,"{'id': 82800, 'context': 0, 'modifiers': [{'type': 6, 'value': 74468}], 'pet_breed_id': 6, 'pet_level': 1, 'pet_quality_id': 3, 'pet_species_id': 1998}"
1200185098,LONG,,1,1999900,,"{'id': 11998, 'context': 1, 'bonus_lists': [6654, 1707], 'modifiers': [{'type': 9, 'value': 30}, {'type': 28, 'value': 217}]}"
1200187113,LONG,39100,1,,,{'id': 111665}
1200187128,LONG,390000,2,,,{'id': 76090}
1200187147,LONG,,1,1084900,,"{'id': 179319, 'context': 1, 'bonus_lists': [6908, 43, 1693], 'modifiers': [{'type': 9, 'value': 60}, {'type': 28, 'value': 747}]}"
1200187151,LONG,59900,2940,,,{'id': 172052}
1200187152,LONG,7600,843,,,{'id': 153051}
1200187158,LONG,424900,13,,,{'id': 6308}
1200187160,LONG,1900,721,,,{'id': 154165}
1200187163,LONG,1750000,10,,,{'id': 24476}
1200187164,LONG,5000,1,,,{'id': 22829}
1200187166,LONG,1999700,8,,,{'id': 52982}
1200187168,LONG,80700,199,,,{'id': 152549}
1200187170,LONG,11249900,2,,,{'id': 23437}
1200187171,LONG,600000,10,,,{'id': 163782}
1200187172,LONG,35000,2003,,,{'id': 152507}
1200187177,LONG,550000,10,,,{'id': 109218}
1200187181,LONG,29900,1317,,,{'id': 152506}
1200187201,LONG,,1,499900,,"{'id': 24667, 'context': 22, 'bonus_lists': [6654, 1680], 'modifiers': [{'type': 9, 'value': 30}, {'type': 28, 'value': 1070}]}"
1200187214,LONG,500,10,,,{'id': 12037}
1200187235,LONG,,1,2400000,,"{'id': 177790, 'context': 1, 'bonus_lists': [6907, 6652, 1697], 'modifiers': [{'type': 9, 'value': 60}, {'type': 28, 'value': 2044}]}"
1200187262,LONG,,1,199900,,"{'id': 25050, 'context': 22, 'bonus_lists': [6654, 1678], 'modifiers': [{'type': 9, 'value': 30}, {'type': 28, 'value': 1066}]}"
1200187268,LONG,,1,440000,,"{'id': 177787, 'context': 0, 'bonus_lists': [6907, 6652, 7193, 1705], 'modifiers': [{'type': 9, 'value': 60}, {'type': 28, 'value': 746}]}"
1200187273,LONG,8200,1,,,{'id': 109134}
1200187282,LONG,,1,5000000,,"{'id': 176979, 'context': 0, 'bonus_lists': [6907, 6652, 1685], 'modifiers': [{'type': 9, 'value': 60}, {'type': 28, 'value': 2060}]}"
1200187289,LONG,50000,2,,,{'id': 6291}
1200187300,LONG,,1,199900,,"{'id': 116680, 'context': 0, 'bonus_lists': [6654, 208, 517], 'modifiers': [{'type': 9, 'value': 40}, {'type': 28, 'value': 65}]}"
1200187302,LONG,,1,690000,,"{'id': 176791, 'context': 0, 'bonus_lists': [6907, 6652, 7194, 1679], 'modifiers': [{'type': 9, 'value': 60}, {'type': 28, 'value': 837}]}"
1200187306,LONG,,1,504900,,"{'id': 177791, 'context': 0, 'bonus_lists': [6907, 6652, 1697], 'modifiers': [{'type': 9, 'value': 60}, {'type': 28, 'value': 1707}]}"
1200187316,LONG,,1,9999900,,"{'id': 182560, 'context': 0, 'bonus_lists': [6907, 6652, 1688], 'modifiers': [{'type': 9, 'value': 60}, {'type': 28, 'value': 1707}]}"
1200187331,LONG,8900,3,,,{'id': 80433}
1200187335,LONG,999700,1,,,{'id': 45912}
1200187337,LONG,350000,5,,,{'id': 107640}
1200187342,LONG,1000,1,,,{'id': 3685}
1200187346,VERY_LONG,76900,2,,,{'id': 173110}
1200187348,LONG,,1,996800,,"{'id': 106513, 'context': 0, 'bonus_lists': [6654, 203], 'modifiers': [{'type': 9, 'value': 48}, {'type': 28, 'value': 65}]}"
1200187351,LONG,,1,1996300,,"{'id': 177797, 'context': 1, 'bonus_lists': [6907, 6652, 1689], 'modifiers': [{'type': 9, 'value': 60}, {'type': 28, 'value': 747}]}"
1200187356,LONG,300,1,,,{'id': 8150}
1200187360,LONG,10000,1,,,{'id': 10620}
1200187372,LONG,,1,496900,,"{'id': 24891, 'context': 0, 'bonus_lists': [6654, 1707], 'modifiers': [{'type': 9, 'value': 30}, {'type': 28, 'value': 1008}]}"
1200187388,LONG,,1,3999900,,"{'id': 67057, 'context': 2, 'bonus_lists': [6658], 'modifiers': [{'type': 9, 'value': 35}, {'type': 28, 'value': 1111}]}"
1200187397,LONG,90100,6,,,{'id': 53010}
1200187412,LONG,,1,498500,,"{'id': 55539, 'context': 2, 'bonus_lists': [6654, 1702], 'modifiers': [{'type': 9, 'value': 35}, {'type': 28, 'value': 1111}]}"
1200187428,LONG,9500,17,,,{'id': 21882}
1200187432,LONG,7500,1,,,{'id': 22832}
1200187436,LONG,70000,3,,,{'id': 62778}
1200187479,LONG,75000,1,,,{'id': 23438}
1200187484,VERY_LONG,,1,4999000,,"{'id': 173243, 'context': 63, 'bonus_lists': [6716, 1487]}"
1200187490,LONG,8500,9,,,{'id': 19441}
1200187496,LONG,4600,1,,,{'id': 12205}
1200187513,LONG,,1,499900,,"{'id': 10131, 'context': 0, 'bonus_lists': [6654, 1705], 'modifiers': [{'type': 9, 'value': 30}, {'type': 28, 'value': 29}]}"
1200190181,LONG,24700,1,,,{'id': 172054}
1200190732,LONG,30000,5,,,{'id': 2770}
1200190734,LONG,16200,5,,,{'id': 2836}
1200190735,LONG,143000,5,,,{'id': 765}
1200190741,LONG,,1,1140000,,"{'id': 1608, 'context': 1, 'bonus_lists': [6655, 1693], 'modifiers': [{'type': 9, 'value': 30}, {'type': 28, 'value': 218}]}"
1200190743,LONG,53500,5,,,{'id': 2771}
1200190745,LONG,169900,5,,,{'id': 2453}
1200192268,LONG,,1,40094400,,"{'id': 14447, 'context': 1, 'bonus_lists': [6654], 'modifiers': [{'type': 9, 'value': 30}, {'type': 28, 'value': 218}]}"
1200192269,LONG,,1,16571000,,"{'id': 8318, 'context': 1, 'bonus_lists': [6654], 'modifiers': [{'type': 9, 'value': 30}, {'type': 28, 'value': 205}]}"
1200192271,LONG,,1,15774800,,"{'id': 15623, 'context': 1, 'bonus_lists': [6654, 1707], 'modifiers': [{'type': 9, 'value': 30}, {'type': 28, 'value': 218}]}"
1200192273,LONG,,1,34944400,,"{'id': 15606, 'context': 1, 'bonus_lists': [6654, 1694], 'modifiers': [{'type': 9, 'value': 30}, {'type': 28, 'value': 203}]}"
1200192274,LONG,,1,84355400,,"{'id': 14913, 'context': 1, 'bonus_lists': [6654, 1678], 'modifiers': [{'type': 9, 'value': 30}, {'type': 28, 'value': 218}]}"
1200192276,LONG,,1,7866000,,"{'id': 24974, 'context': 1, 'bonus_lists': [6654, 1694], 'modifiers': [{'type': 9, 'value': 30}, {'type': 28, 'value': 222}]}"
1200192279,LONG,,1,2021300,,"{'id': 15246, 'context': 0, 'bonus_lists': [6655, 1677], 'modifiers': [{'type': 9, 'value': 30}, {'type': 28, 'value': 1006}]}"
1200192281,LONG,,1,17992300,,"{'id': 14779, 'context': 1, 'bonus_lists': [6654], 'modifiers': [{'type': 9, 'value': 30}, {'type': 28, 'value': 218}]}"
1200192283,LONG,,1,8389900,,"{'id': 7476, 'context': 1, 'bonus_lists': [6654, 1691], 'modifiers': [{'type': 9, 'value': 30}, {'type': 28, 'value': 217}]}"
1200192288,LONG,,1,2587000,,"{'id': 15263, 'context': 1, 'bonus_lists': [6655, 1679], 'modifiers': [{'type': 9, 'value': 30}, {'type': 28, 'value': 218}]}"
1200192289,LONG,,1,4413700,,"{'id': 55656, 'context': 5, 'bonus_lists': [6654, 1695], 'modifiers': [{'type': 9, 'value': 35}, {'type': 28, 'value': 1029}]}"
1200192291,LONG,,1,80094900,,"{'id': 15354, 'context': 1, 'bonus_lists': [6654, 1709], 'modifiers': [{'type': 9, 'value': 30}, {'type': 28, 'value': 208}]}"
1200192294,LONG,,1,125275200,,"{'id': 15603, 'context': 1, 'bonus_lists': [6654, 1708], 'modifiers': [{'type': 9, 'value': 30}, {'type': 28, 'value': 209}]}"
1200192299,LONG,,1,18320600,,"{'id': 24744, 'context': 1, 'bonus_lists': [6654, 1678], 'modifiers': [{'type': 9, 'value': 30}, {'type': 28, 'value': 222}]}"
1200192302,LONG,,1,26702400,,"{'id': 24863, 'context': 1, 'bonus_lists': [6654, 1679], 'modifiers': [{'type': 9, 'value': 30}, {'type': 28, 'value': 222}]}"
1200192304,LONG,,1,4891600,,"{'id': 10235, 'context': 1, 'bonus_lists': [6654, 1680], 'modifiers': [{'type': 9, 'value': 30}, {'type': 28, 'value': 205}]}"
1200192308,LONG,,1,40976000,,"{'id': 14218, 'context': 1, 'bonus_lists': [6654, 1707], 'modifiers': [{'type': 9, 'value': 30}, {'type': 28, 'value': 203}]}"
1200192311,LONG,,1,15386800,,"{'id': 14853, 'context': 1, 'bonus_lists': [6654], 'modifiers': [{'type': 9, 'value': 30}, {'type': 28, 'value': 218}]}"
1200192313,LONG,,1,25721600,,"{'id': 24969, 'context': 1, 'bonus_lists': [6654, 1707], 'modifiers': [{'type': 9, 'value': 30}, {'type': 28, 'value': 222}]}"
1200192318,LONG,,1,7186100,,"{'id': 7554, 'context': 1, 'bonus_lists': [6655, 1695], 'modifiers': [{'type': 9, 'value': 30}, {'type': 28, 'value': 215}]}"
1200192319,LONG,,1,12055400,,"{'id': 14285, 'context': 1, 'bonus_lists': [6654, 1708], 'modifiers': [{'type': 9, 'value': 30}, {'type': 28, 'value': 218}]}"
1200192320,LONG,,1,570180600,,"{'id': 31272, 'context': 1, 'bonus_lists': [6658], 'modifiers': [{'type': 9, 'value': 30}, {'type': 28, 'value': 222}]}"
1200192322,LONG,,1,12269200,,"{'id': 5009, 'context': 1, 'bonus_lists': [6654], 'modifiers': [{'type': 9, 'value': 30}, {'type': 28, 'value': 203}]}"
1200192324,LONG,,1,4551100,,"{'id': 24642, 'context': 1, 'bonus_lists': [6654, 1695], 'modifiers': [{'type': 9, 'value': 30}, {'type': 28, 'value': 222}]}"
1200192327,LONG,,1,69927900,,"{'id': 14773, 'context': 1, 'bonus_lists': [6654], 'modifiers': [{'type': 9, 'value': 30}, {'type': 28, 'value': 203}]}"
1200192328,LONG,,1,61066900,,"{'id': 14949, 'context': 1, 'bonus_lists': [6654, 1706], 'modifiers': [{'type': 9, 'value': 30}, {'type': 28, 'value': 218}]}"
1200192332,LONG,,1,79369400,,"{'id': 31200, 'context': 1, 'bonus_lists': [6659], 'modifiers': [{'type': 9, 'value': 30}, {'type': 28, 'value': 222}]}"
1200192333,LONG,,1,6890400,6545900,"{'id': 14268, 'context': 1, 'bonus_lists': [6654, 1705], 'modifiers': [{'type': 9, 'value': 30}, {'type': 28, 'value': 218}]}"
1200192335,LONG,,1,67927100,,"{'id': 15605, 'context': 1, 'bonus_lists': [6654, 1705], 'modifiers': [{'type': 9, 'value': 30}, {'type': 28, 'value': 203}]}"
1200192338,LONG,,1,51000000,,"{'id': 15353, 'context': 1, 'bonus_lists': [6654, 1692], 'modifiers': [{'type': 9, 'value': 30}, {'type': 28, 'value': 203}]}"
1200192339,LONG,,1,16102300,,"{'id': 14286, 'context': 1, 'bonus_lists': [6654, 1708], 'modifiers': [{'type': 9, 'value': 30}, {'type': 28, 'value': 218}]}"
1200192341,LONG,,1,15094700,14340000,"{'id': 9511, 'context': 1, 'bonus_lists': [6710], 'modifiers': [{'type': 9, 'value': 30}, {'type': 28, 'value': 218}]}"
1200192343,LONG,,1,25755500,,"{'id': 9483, 'context': 1, 'bonus_lists': [6710], 'modifiers': [{'type': 9, 'value': 30}, {'type': 28, 'value': 218}]}"
1200192345,LONG,,1,19389000,,"{'id': 15172, 'context': 1, 'bonus_lists': [6654, 1680], 'modifiers': [{'type': 9, 'value': 30}, {'type': 28, 'value': 218}]}"
1200192346,LONG,,1,1737200,,"{'id': 4089, 'context': 1, 'bonus_lists': [6655, 1706], 'modifiers': [{'type': 9, 'value': 30}, {'type': 28, 'value': 218}]}"
1200192349,LONG,,1,148736800,,"{'id': 1443, 'context': 1, 'bonus_lists': [6660], 'modifiers': [{'type': 9, 'value': 30}, {'type': 28, 'value': 218}]}"
1200192352,LONG,,1,8488900,,"{'id': 9947, 'context': 1, 'bonus_lists': [6654, 1677], 'modifiers': [{'type': 9, 'value': 30}, {'type': 28, 'value': 214}]}"
1200192353,LONG,,1,118923200,,"{'id': 25216, 'context': 1, 'bonus_lists': [6655, 1694], 'modifiers': [{'type': 9, 'value': 30}, {'type': 28, 'value': 222}]}"
1200192355,LONG,,1,76857500,,"{'id': 14792, 'context': 1, 'bonus_lists': [6654], 'modifiers': [{'type': 9, 'value': 30}, {'type': 28, 'value': 218}]}"
1200192359,LONG,,1,21642000,,"{'id': 5616, 'context': 1, 'bonus_lists': [6710], 'modifiers': [{'type': 9, 'value': 30}, {'type': 28, 'value': 218}]}"
1200192361,LONG,,1,13142000,,"{'id': 4734, 'context': 1, 'bonus_lists': [6654], 'modifiers': [{'type': 9, 'value': 30}, {'type': 28, 'value': 214}]}"
1200192362,LONG,,1,3130900,,"{'id': 15287, 'context': 1, 'bonus_lists': [6655, 1707], 'modifiers': [{'type': 9, 'value': 30}, {'type': 28, 'value': 218}]}"
1200192365,LONG,,1,38972700,,"{'id': 24734, 'context': 1, 'bonus_lists': [6654, 1691], 'modifiers': [{'type': 9, 'value': 30}, {'type': 28, 'value': 222}]}"
1200192366,LONG,,1,42536000,,"{'id': 14602, 'context': 1, 'bonus_lists': [6654], 'modifiers': [{'type': 9, 'value': 30}, {'type': 28, 'value': 203}]}"
1200192368,LONG,,1,10184800,,"{'id': 14808, 'context': 1, 'bonus_lists': [6654], 'modifiers': [{'type': 9, 'value': 30}, {'type': 28, 'value': 218}]}"
1200192370,LONG,,1,5754700,,"{'id': 106705, 'context': 1, 'bonus_lists': [6654, 201], 'modifiers': [{'type': 9, 'value': 40}, {'type': 28, 'value': 276}]}"
1200192374,LONG,,1,35733700,,"{'id': 106710, 'context': 1, 'bonus_lists': [6654, 208], 'modifiers': [{'type': 9, 'value': 40}, {'type': 28, 'value': 276}]}"
1200192375,LONG,,1,88207200,,"{'id': 14980, 'context': 1, 'bonus_lists': [6654, 1707], 'modifiers': [{'type': 9, 'value': 30}, {'type': 28, 'value': 218}]}"
1200192376,LONG,,1,51580800,,"{'id': 15629, 'context': 1, 'bonus_lists': [6654, 1695], 'modifiers': [{'type': 9, 'value': 30}, {'type': 28, 'value': 218}]}"
1200192378,LONG,,1,112677300,,"{'id': 14261, 'context': 1, 'bonus_lists': [6654, 1693], 'modifiers': [{'type': 9, 'value': 30}, {'type': 28, 'value': 203}]}"
1200192379,LONG,,1,3953300,,"{'id': 15280, 'context': 1, 'bonus_lists': [6655, 1692], 'modifiers': [{'type': 9, 'value': 30}, {'type': 28, 'value': 214}]}"
1200192382,LONG,,1,28604600,,"{'id': 15373, 'context': 1, 'bonus_lists': [6654, 1677], 'modifiers': [{'type': 9, 'value': 30}, {'type': 28, 'value': 218}]}"
1200192383,LONG,,1,58664900,,"{'id': 14951, 'context': 1, 'bonus_lists': [6654, 1694], 'modifiers': [{'type': 9, 'value': 30}, {'type': 28, 'value': 218}]}"
1200192385,LONG,,1,2190100,,"{'id': 5215, 'context': 1, 'bonus_lists': [6655, 1692], 'modifiers': [{'type': 9, 'value': 30}, {'type': 28, 'value': 217}]}"
1200192387,LONG,,1,26185700,,"{'id': 55377, 'context': 5, 'bonus_lists': [6655, 1712], 'modifiers': [{'type': 9, 'value': 35}, {'type': 28, 'value': 1029}]}"
1200192389,LONG,,1,19547100,,"{'id': 14952, 'context': 1, 'bonus_lists': [6654, 1691], 'modifiers': [{'type': 9, 'value': 30}, {'type': 28, 'value': 218}]}"
1200192391,LONG,,1,29663400,,"{'id': 14244, 'context': 1, 'bonus_lists': [6654, 1693], 'modifiers': [{'type': 9, 'value': 30}, {'type': 28, 'value': 218}]}"
1200192393,LONG,,1,13334600,,"{'id': 11973, 'context': 1, 'bonus_lists': [6654, 1681], 'modifiers': [{'type': 9, 'value': 30}, {'type': 28, 'value': 203}]}"
1200192394,LONG,,1,15484100,,"{'id': 25288, 'context': 1, 'bonus_lists': [6655, 1695], 'modifiers': [{'type': 9, 'value': 30}, {'type': 28, 'value': 222}]}"
1200192396,LONG,,1,2720100,,"{'id': 3208, 'context': 1, 'bonus_lists': [6655, 1708], 'modifiers': [{'type': 9, 'value': 30}, {'type': 28, 'value': 218}]}"
1200192397,LONG,,1,89529600,,"{'id': 14427, 'context': 1, 'bonus_lists': [6654], 'modifiers': [{'type': 9, 'value': 30}, {'type': 28, 'value': 218}]}"
1200192398,LONG,,1,23471600,,"{'id': 15167, 'context': 1, 'bonus_lists': [6654, 1709], 'modifiers': [{'type': 9, 'value': 30}, {'type': 28, 'value': 218}]}"
1200192402,LONG,,1,36439200,,"{'id': 10118, 'context': 1, 'bonus_lists': [6654, 1706], 'modifiers': [{'type': 9, 'value': 30}, {'type': 28, 'value': 205}]}"
1200192403,LONG,,1,1030500,,"{'id': 106752, 'context': 1, 'bonus_lists': [6654, 92], 'modifiers': [{'type': 9, 'value': 40}, {'type': 28, 'value': 276}]}"
1200192404,LONG,,1,24570000,,"{'id': 10088, 'context': 1, 'bonus_lists': [6654, 1694], 'modifiers': [{'type': 9, 'value': 30}, {'type': 28, 'value': 214}]}"
1200192405,LONG,,1,4403700,,"{'id': 24635, 'context': 1, 'bonus_lists': [6654, 1681], 'modifiers': [{'type': 9, 'value': 30}, {'type': 28, 'value': 222}]}"
1200192408,LONG,,1,13708800,,"{'id': 24872, 'context': 1, 'bonus_lists': [6654, 1695], 'modifiers': [{'type': 9, 'value': 30}, {'type': 28, 'value': 222}]}"
1200192409,LONG,,1,72228500,,"{'id': 14677, 'context': 1, 'bonus_lists': [6654], 'modifiers': [{'type': 9, 'value': 30}, {'type': 28, 'value': 218}]}"
1200192411,LONG,,1,43999900,,"{'id': 10102, 'context': 1, 'bonus_lists': [6654, 1695], 'modifiers': [{'type': 9, 'value': 30}, {'type': 28, 'value': 205}]}"
1200192414,LONG,,1,4637500,,"{'id': 55610, 'context': 5, 'bonus_lists': [6654, 1687], 'modifiers': [{'type': 9, 'value': 35}, {'type': 28, 'value': 1029}]}"
1200192416,LONG,,1,4983800,,"{'id': 8196, 'context': 1, 'bonus_lists': [6655, 1693], 'modifiers': [{'type': 9, 'value': 30}, {'type': 28, 'value': 203}]}"
1200192417,LONG,,1,8560300,,"{'id': 7445, 'context': 1, 'bonus_lists': [6654, 1694], 'modifiers': [{'type': 9, 'value': 30}, {'type': 28, 'value': 217}]}"
1200192418,LONG,,1,8038100,,"{'id': 8194, 'context': 1, 'bonus_lists': [6655, 1705], 'modifiers': [{'type': 9, 'value': 30}, {'type': 28, 'value': 209}]}"
1200192420,LONG,,1,2536700,,"{'id': 15323, 'context': 1, 'bonus_lists': [6655, 1695], 'modifiers': [{'type': 9, 'value': 30}, {'type': 28, 'value': 218}]}"
1200192423,LONG,,1,8219200,,"{'id': 25062, 'context': 1, 'bonus_lists': [6654, 1680], 'modifiers': [{'type': 9, 'value': 30}, {'type': 28, 'value': 222}]}"
1200192424,LONG,,1,5444800,,"{'id': 9896, 'context': 1, 'bonus_lists': [6654, 1680], 'modifiers': [{'type': 9, 'value': 30}, {'type': 28, 'value': 217}]}"
1200192427,LONG,,1,49760500,,"{'id': 4732, 'context': 1, 'bonus_lists': [6654], 'modifiers': [{'type': 9, 'value': 30}, {'type': 28, 'value': 217}]}"
1200192428,LONG,,1,6898100,,"{'id': 9794, 'context': 1, 'bonus_lists': [6654, 1681], 'modifiers': [{'type': 9, 'value': 30}, {'type': 28, 'value': 215}]}"
1200192429,LONG,,1,2743100,,"{'id': 15237, 'context': 1, 'bonus_lists': [6655, 1681], 'modifiers': [{'type': 9, 'value': 30}, {'type': 28, 'value': 205}]}"
1200192433,LONG,,1,10727200,,"{'id': 116611, 'context': 1, 'bonus_lists': [6655, 94], 'modifiers': [{'type': 9, 'value': 40}, {'type': 28, 'value': 276}]}"
1200192434,LONG,,1,4000000,,"{'id': 25304, 'context': 1, 'bonus_lists': [6655, 1692], 'modifiers': [{'type': 9, 'value': 30}, {'type': 28, 'value': 222}]}"
1200192437,LONG,,1,66849600,,"{'id': 15581, 'context': 1, 'bonus_lists': [6654, 1691], 'modifiers': [{'type': 9, 'value': 30}, {'type': 28, 'value': 203}]}"
1200192438,LONG,,1,67960600,,"{'id': 14596, 'context': 1, 'bonus_lists': [6654], 'modifiers': [{'type': 9, 'value': 30}, {'type': 28, 'value': 203}]}"
1200192441,LONG,,1,104470000,,"{'id': 14966, 'context': 1, 'bonus_lists': [6654, 1681], 'modifiers': [{'type': 9, 'value': 30}, {'type': 28, 'value': 218}]}"
1200192442,LONG,,1,12706000,,"{'id': 14438, 'context': 1, 'bonus_lists': [6654], 'modifiers': [{'type': 9, 'value': 30}, {'type': 28, 'value': 218}]}"
1200192443,LONG,,1,29282900,,"{'id': 15146, 'context': 1, 'bonus_lists': [6654, 1692], 'modifiers': [{'type': 9, 'value': 30}, {'type': 28, 'value': 203}]}"
1200192445,LONG,,1,58053900,,"{'id': 14939, 'context': 1, 'bonus_lists': [6654, 1679], 'modifiers': [{'type': 9, 'value': 30}, {'type': 28, 'value': 218}]}"
1200192447,LONG,,1,14993000,,"{'id': 15627, 'context': 1, 'bonus_lists': [6654, 1677], 'modifiers': [{'type': 9, 'value': 30}, {'type': 28, 'value': 218}]}"
1200192449,LONG,,1,28411700,,"{'id': 24950, 'context': 1, 'bonus_lists': [6654, 1677], 'modifiers': [{'type': 9, 'value': 30}, {'type': 28, 'value': 222}]}"
1200192618,VERY_LONG,,1,11000000,,"{'id': 12531, 'context': 1, 'bonus_lists': [3999], 'modifiers': [{'type': 9, 'value': 25}]}"
1200192637,VERY_LONG,,1,11000000,,"{'id': 31142, 'context': 0}"
1200192658,VERY_LONG,,1,30000000,,"{'id': 67142, 'context': 5, 'bonus_lists': [6660], 'modifiers': [{'type': 9, 'value': 35}, {'type': 28, 'value': 1029}]}"
1200192670,VERY_LONG,,1,1000000,,"{'id': 31299, 'context': 0, 'bonus_lists': [6659], 'modifiers': [{'type': 9, 'value': 30}, {'type': 28, 'value': 1012}]}"
1200192676,VERY_LONG,,1,7480000,,"{'id': 25167, 'context': 36, 'bonus_lists': [1694, 3873], 'modifiers': [{'type': 9, 'value': 50}]}"
1200192686,VERY_LONG,,1,39900000,,"{'id': 12978, 'context': 27, 'bonus_lists': [3941], 'modifiers': [{'type': 9, 'value': 10}]}"
1200192701,VERY_LONG,,1,31990000,,"{'id': 55824, 'context': 1, 'bonus_lists': [6710], 'modifiers': [{'type': 9, 'value': 35}, {'type': 28, 'value': 257}]}"
1200192708,VERY_LONG,,1,37380000,,"{'id': 12542, 'context': 1, 'bonus_lists': [3999], 'modifiers': [{'type': 9, 'value': 25}]}"
1200192733,LONG,,1,2277200,,"{'id': 172237, 'context': 13, 'bonus_lists': [6887], 'modifiers': [{'type': 9, 'value': 60}, {'type': 28, 'value': 391}, {'type': 29, 'value': 40}, {'type': 30, 'value': 49}]}"
1200192739,LONG,,1,2277200,,"{'id': 172237, 'context': 13, 'bonus_lists': [6887], 'modifiers': [{'type': 9, 'value': 60}, {'type': 28, 'value': 391}, {'type': 29, 'value': 49}, {'type': 30, 'value': 40}]}"
1200192741,VERY_LONG,,1,120000000,,"{'id': 12551, 'context': 1, 'bonus_lists': [3999], 'modifiers': [{'type': 9, 'value': 25}]}"
1200192742,LONG,,1,2277200,,"{'id': 172237, 'context': 13, 'bonus_lists': [6887], 'modifiers': [{'type': 9, 'value': 60}, {'type': 28, 'value': 391}, {'type': 29, 'value': 49}, {'type': 30, 'value': 32}]}"
1200192744,LONG,,1,2405900,,"{'id': 172237, 'context': 13, 'bonus_lists': [6887], 'modifiers': [{'type': 9, 'value': 60}, {'type': 28, 'value': 391}, {'type': 29, 'value': 40}, {'type': 30, 'value': 36}]}"
1200192748,LONG,,1,2405900,,"{'id': 172237, 'context': 13, 'bonus_lists': [6887], 'modifiers': [{'type': 9, 'value': 60}, {'type': 28, 'value': 391}, {'type': 29, 'value': 36}, {'type': 30, 'value': 40}]}"
1200192753,LONG,,1,505700,,"{'id': 172236, 'context': 13, 'bonus_lists': [6887], 'modifiers': [{'type': 9, 'value': 60}, {'type': 28, 'value': 391}, {'type': 29, 'value': 32}, {'type': 30, 'value': 36}]}"
1200192756,LONG,,1,505700,,"{'id': 172236, 'context': 13, 'bonus_lists': [6887], 'modifiers': [{'type': 9, 'value': 60}, {'type': 28, 'value': 391}, {'type': 29, 'value': 49}, {'type': 30, 'value': 32}]}"
1200192759,LONG,,1,12154900,,"{'id': 172262, 'context': 13, 'bonus_lists': [6893], 'modifiers': [{'type': 9, 'value': 60}, {'type': 28, 'value': 391}, {'type': 29, 'value': 40}, {'type': 30, 'value': 49}]}"
1200192763,LONG,,1,12154900,,"{'id': 172262, 'context': 13, 'bonus_lists': [6893], 'modifiers': [{'type': 9, 'value': 60}, {'type': 28, 'value': 391}, {'type': 29, 'value': 49}, {'type': 30, 'value': 32}]}"
1200192766,VERY_LONG,,1,120000000,,"{'id': 12551, 'context': 1, 'bonus_lists': [3999], 'modifiers': [{'type': 9, 'value': 23}]}"
1200192768,LONG,,1,16817600,,"{'id': 172258, 'context': 13, 'bonus_lists': [6893], 'modifiers': [{'type': 9, 'value': 60}, {'type': 28, 'value': 391}, {'type': 29, 'value': 32}, {'type': 30, 'value': 36}]}"
1200192774,LONG,,1,4353900,,"{'id': 172235, 'context': 13, 'bonus_lists': [6883], 'modifiers': [{'type': 29, 'value': 40}, {'type': 30, 'value': 32}]}"
1200192777,LONG,,1,1950000,,"{'id': 172256, 'context': 13, 'bonus_lists': [6893], 'modifiers': [{'type': 9, 'value': 60}, {'type': 28, 'value': 391}, {'type': 29, 'value': 49}, {'type': 30, 'value': 40}]}"
1200192783,LONG,,1,1950000,,"{'id': 172256, 'context': 13, 'bonus_lists': [6893], 'modifiers': [{'type': 9, 'value': 60}, {'type': 28, 'value': 391}, {'type': 29, 'value': 40}, {'type': 30, 'value': 32}]}"
1200192822,VERY_LONG,,1,100000000,,"{'id': 14552, 'context': 54, 'bonus_lists': [4247], 'modifiers': [{'type': 9, 'value': 50}]}"
1200192835,VERY_LONG,,1,120000000,,"{'id': 150922, 'context': 11, 'bonus_lists': [6423], 'modifiers': [{'type': 9, 'value': 17}]}"
1200192859,VERY_LONG,,1,44900000,,"{'id': 117379, 'context': 11, 'bonus_lists': [6423], 'modifiers': [{'type': 9, 'value': 12}]}"
1200192874,VERY_LONG,,1,220000000,,"{'id': 2163, 'context': 54, 'bonus_lists': [4259], 'modifiers': [{'type': 9, 'value': 50}]}"
1200192886,VERY_LONG,,1,300000000,,"{'id': 2244, 'context': 54, 'bonus_lists': [4259], 'modifiers': [{'type': 9, 'value': 50}]}"
1200192915,VERY_LONG,,1,1850000,,"{'id': 55823, 'context': 2, 'bonus_lists': [4198], 'modifiers': [{'type': 9, 'value': 50}]}"
1200192951,VERY_LONG,,1,2000000000,,"{'id': 31336, 'context': 3}"
1200192969,VERY_LONG,,1,8500000,,"{'id': 106720, 'context': 0, 'bonus_lists': [6654, 163], 'modifiers': [{'type': 9, 'value': 50}, {'type': 28, 'value': 435}]}"
1200192984,VERY_LONG,,1,1500000,,"{'id': 106751, 'context': 0, 'bonus_lists': [6654, 208], 'modifiers': [{'type': 9, 'value': 50}, {'type': 28, 'value': 435}]}"
1200192990,VERY_LONG,15000,1,,,{'id': 52979}
1200192991,VERY_LONG,,1,56100,,"{'id': 36440, 'context': 2, 'bonus_lists': [6654, 1678], 'modifiers': [{'type': 9, 'value': 30}, {'type': 28, 'value': 1098}]}"
1200192999,VERY_LONG,1949700,11,,,{'id': 76061}
1200193011,VERY_LONG,,1,80200,,"{'id': 37646, 'context': 2, 'bonus_lists': [4196], 'modifiers': [{'type': 9, 'value': 30}, {'type': 28, 'value': 1098}]}"
1200193016,VERY_LONG,,1,10000000,,"{'id': 24202, 'context': 1}"
1200193023,VERY_LONG,,1,19700,,"{'id': 36049, 'context': 2, 'bonus_lists': [6654, 1677], 'modifiers': [{'type': 9, 'value': 30}, {'type': 28, 'value': 1090}]}"
1200193033,VERY_LONG,,1,37800,,"{'id': 37891, 'context': 2, 'bonus_lists': [4196], 'modifiers': [{'type': 9, 'value': 30}, {'type': 28, 'value': 1092}]}"
1200193034,VERY_LONG,,1,3500000,,"{'id': 18653, 'context': 1}"
1200193045,VERY_LONG,,1,490000,,"{'id': 12689, 'context': 1, 'modifiers': [{'type': 28, 'value': 205}]}"
1200193046,VERY_LONG,28900,148,,,{'id': 45087}
1200193053,VERY_LONG,,1,541300,,"{'id': 45247, 'context': 3, 'modifiers': [{'type': 28, 'value': 1020}]}"
1200193060,VERY_LONG,,1,490000,,"{'id': 72010, 'context': 0, 'modifiers': [{'type': 28, 'value': 1030}]}"
1200193063,VERY_LONG,,1,3830200,,"{'id': 36442, 'context': 2, 'bonus_lists': [6654, 1707], 'modifiers': [{'type': 9, 'value': 30}, {'type': 28, 'value': 1097}]}"
1200193065,VERY_LONG,,1,436700,,"{'id': 36036, 'context': 0, 'bonus_lists': [6654, 1680], 'modifiers': [{'type': 9, 'value': 30}, {'type': 28, 'value': 1023}]}"
1200193066,VERY_LONG,,1,490000,,"{'id': 71999, 'context': 0, 'modifiers': [{'type': 28, 'value': 1030}]}"
1200193068,VERY_LONG,,1,490000,,"{'id': 71999, 'context': 0, 'modifiers': [{'type': 28, 'value': 1030}]}"
1200193069,VERY_LONG,,1,490000,,"{'id': 71999, 'context': 0, 'modifiers': [{'type': 28, 'value': 1030}]}"
1200193070,VERY_LONG,,1,58600,,"{'id': 36441, 'context': 0, 'bonus_lists': [6654, 1693], 'modifiers': [{'type': 9, 'value': 30}, {'type': 28, 'value': 1023}]}"
1200193071,VERY_LONG,,1,399900,,"{'id': 36679, 'context': 0, 'bonus_lists': [6655, 1706], 'modifiers': [{'type': 9, 'value': 30}, {'type': 28, 'value': 1023}]}"
1200193074,VERY_LONG,,1,19980000,,"{'id': 23883, 'context': 1}"
1200193075,VERY_LONG,,1,26000,,"{'id': 36272, 'context': 2, 'bonus_lists': [6654, 1680], 'modifiers': [{'type': 9, 'value': 30}, {'type': 28, 'value': 1093}]}"
1200193078,VERY_LONG,,1,13400,,"{'id': 36086, 'context': 2, 'bonus_lists': [6654, 1694], 'modifiers': [{'type': 9, 'value': 30}, {'type': 28, 'value': 1094}]}"
1200193081,VERY_LONG,,1,1115200,,"{'id': 36265, 'context': 0, 'bonus_lists': [6654, 1677], 'modifiers': [{'type': 9, 'value': 30}, {'type': 28, 'value': 1023}]}"
1200193085,VERY_LONG,,1,26500,,"{'id': 35992, 'context': 0, 'bonus_lists': [6654, 1708], 'modifiers': [{'type': 9, 'value': 30}, {'type': 28, 'value': 46}]}"
1200193092,VERY_LONG,,1,47300,,"{'id': 36419, 'context': 0, 'bonus_lists': [6654, 1691], 'modifiers': [{'type': 9, 'value': 30}, {'type': 28, 'value': 46}]}"
1200193094,VERY_LONG,,1,92300,,"{'id': 55484, 'context': 3, 'bonus_lists': [6655, 1693], 'modifiers': [{'type': 9, 'value': 35}, {'type': 28, 'value': 1029}]}"
1200193095,VERY_LONG,,1,450000,,"{'id': 86284, 'context': 0, 'modifiers': [{'type': 28, 'value': 1032}]}"
1200193099,VERY_LONG,,1,90000,,"{'id': 86279, 'context': 0, 'modifiers': [{'type': 28, 'value': 2008}]}"
1200195102,VERY_LONG,,1,5814600,,"{'id': 55548, 'context': 5, 'bonus_lists': [6654, 1716], 'modifiers': [{'type': 9, 'value': 35}, {'type': 28, 'value': 1029}]}"
1200195108,VERY_LONG,,1,573200,,"{'id': 68915, 'context': 5, 'modifiers': [{'type': 28, 'value': 1029}]}"
1200195109,VERY_LONG,,1,573200,,"{'id': 68915, 'context': 3, 'modifiers': [{'type': 28, 'value': 1029}]}"
1200195111,VERY_LONG,380000,673,,,{'id': 124461}
1200195118,VERY_LONG,100,6,,,{'id': 138875}
1200195119,VERY_LONG,2700000,2,,,{'id': 153666}
1200195121,VERY_LONG,4900,6,,,{'id': 24478}
1200195131,VERY_LONG,800000,1,,,{'id': 165017}
1200195132,VERY_LONG,,1,1007700,,"{'id': 71341, 'context': 3, 'modifiers': [{'type': 28, 'value': 1029}]}"
1200195138,LONG,13000,5,,,{'id': 177061}
1200195145,VERY_LONG,,1,78900,,"{'id': 55369, 'context': 5, 'bonus_lists': [6655, 1684], 'modifiers': [{'type': 9, 'value': 35}, {'type': 28, 'value': 1029}]}"
1200195151,VERY_LONG,,1,92600,,"{'id': 55485, 'context': 5, 'bonus_lists': [6655, 1712], 'modifiers': [{'type': 9, 'value': 35}, {'type': 28, 'value': 1029}]}"
1200195165,VERY_LONG,,1,150000,,"{'id': 82295, 'context': 0, 'bonus_lists': [6654, 1714], 'modifiers': [{'type': 9, 'value': 35}, {'type': 28, 'value': 1032}]}"
1200195173,VERY_LONG,,1,200000,,"{'id': 86281, 'context': 0, 'modifiers': [{'type': 28, 'value': 1034}]}"
1200195183,VERY_LONG,,1,499900,,"{'id': 86272, 'context': 0, 'modifiers': [{'type': 28, 'value': 1032}]}"
1200195210,VERY_LONG,,1,499900,,"{'id': 30323, 'context': 0, 'modifiers': [{'type': 28, 'value': 1012}]}"
1200195234,VERY_LONG,16000,2,,,{'id': 23572}
1200195251,VERY_LONG,240000,26,,,{'id': 30183}
1200195269,VERY_LONG,,1,500000,,"{'id': 24804, 'context': 0, 'bonus_lists': [6654, 1679], 'modifiers': [{'type': 9, 'value': 30}, {'type': 28, 'value': 1008}]}"
1200195284,VERY_LONG,,1,42600,,"{'id': 25211, 'context': 0, 'bonus_lists': [6655, 1695], 'modifiers': [{'type': 9, 'value': 30}, {'type': 28, 'value': 1008}]}"
1200195295,LONG,53500,3,,,{'id': 2771}
1200195297,LONG,2352700,1,,,{'id': 36909}
1200195302,LONG,143000,42,,,{'id': 765}
1200195303,VERY_LONG,9252800,1,,,{'id': 31905}
1200195305,LONG,169900,6,,,{'id': 2453}
1200195307,LONG,20200,53,,,{'id': 2835}
1200195309,LONG,30000,68,,,{'id': 2770}
1200195311,LONG,16200,8,,,{'id': 2836}
1200195326,VERY_LONG,,1,3856800,,"{'id': 25292, 'context': 0, 'bonus_lists': [6655, 1679], 'modifiers': [{'type': 9, 'value': 30}, {'type': 28, 'value': 1008}]}"
1200195337,VERY_LONG,,1,25200,,"{'id': 25019, 'context': 0, 'bonus_lists': [6654, 1705], 'modifiers': [{'type': 9, 'value': 30}, {'type': 28, 'value': 1008}]}"
1200195341,VERY_LONG,,1,106300,,"{'id': 25295, 'context': 0, 'bonus_lists': [6655, 1695], 'modifiers': [{'type': 9, 'value': 30}, {'type': 28, 'value': 1008}]}"
1200195347,VERY_LONG,,1,154200,,"{'id': 24687, 'context': 0, 'bonus_lists': [6654, 1706], 'modifiers': [{'type': 9, 'value': 30}, {'type': 28, 'value': 1008}]}"
1200195354,VERY_LONG,,1,159100,,"{'id': 25028, 'context': 0, 'bonus_lists': [6654, 1681], 'modifiers': [{'type': 9, 'value': 30}, {'type': 28, 'value': 1008}]}"
1200195356,VERY_LONG,,1,1749400,,"{'id': 25068, 'context': 0, 'bonus_lists': [6654, 1681], 'modifiers': [{'type': 9, 'value': 30}, {'type': 28, 'value': 1008}]}"
1200195369,VERY_LONG,1900,1828,,,{'id': 33470}
1200195394,VERY_LONG,5000,317,,,{'id': 69237}
1200195420,VERY_LONG,,1,19100,,"{'id': 24683, 'context': 2, 'bonus_lists': [6654, 1693], 'modifiers': [{'type': 9, 'value': 30}, {'type': 28, 'value': 1073}]}"
1200195454,VERY_LONG,,1,45000,,"{'id': 25126, 'context': 2, 'bonus_lists': [6655, 1707], 'modifiers': [{'type': 9, 'value': 30}, {'type': 28, 'value': 1073}]}"
1200195486,LONG,77200,1,,,{'id': 171828}
1200195500,VERY_LONG,,1,200300,,"{'id': 55404, 'context': 5, 'bonus_lists': [6654, 1680], 'modifiers': [{'type': 9, 'value': 35}, {'type': 28, 'value': 1029}]}"
1200195515,VERY_LONG,,1,2959600,,"{'id': 55727, 'context': 5, 'bonus_lists': [6654, 1684], 'modifiers': [{'type': 9, 'value': 35}, {'type': 28, 'value': 1029}]}"
1200195519,VERY_LONG,1840000,29,,,{'id': 29548}
1200195524,VERY_LONG,,1,2500000,,"{'id': 36063, 'context': 0, 'bonus_lists': [6654, 1681], 'modifiers': [{'type': 9, 'value': 30}, {'type': 28, 'value': 1024}]}"
1200195534,VERY_LONG,,1,61200,,"{'id': 36444, 'context': 0, 'bonus_lists': [6654, 1691], 'modifiers': [{'type': 9, 'value': 30}, {'type': 28, 'value': 1024}]}"
1200195538,VERY_LONG,2450000,33,,,{'id': 112156}
1200195545,LONG,199900,1,,,{'id': 52983}
1200195549,VERY_LONG,,1,19100,,"{'id': 36401, 'context': 0, 'bonus_lists': [6654, 1680], 'modifiers': [{'type': 9, 'value': 30}, {'type': 28, 'value': 1018}]}"
1200195566,VERY_LONG,20000,50,,,{'id': 52976}
1200195567,VERY_LONG,,1,498500,,"{'id': 55539, 'context': 5, 'bonus_lists': [6654, 1678], 'modifiers': [{'type': 9, 'value': 35}, {'type': 28, 'value': 1029}]}"
1200195575,LONG,165000,18,,,{'id': 171831}
1200195588,LONG,500,5,,,{'id': 171840}
1200195591,VERY_LONG,,1,1327300,,"{'id': 55422, 'context': 5, 'bonus_lists': [6654, 1680], 'modifiers': [{'type': 9, 'value': 35}, {'type': 28, 'value': 1029}]}"
1200195601,VERY_LONG,,1,255200,,"{'id': 55376, 'context': 5, 'bonus_lists': [6655, 1708], 'modifiers': [{'type': 9, 'value': 35}, {'type': 28, 'value': 1029}]}"
1200195616,LONG,8299300,112,,,{'id': 169299}
1200195641,VERY_LONG,300,3800,,,{'id': 154722}
1200195646,LONG,27400,7,,,{'id': 172092}
1200195665,LONG,24700,4,,,{'id': 172054}
1200195667,VERY_LONG,80000,1,,,{'id': 22785}
1200195681,LONG,356600,78,,,{'id': 171832}
1200195691,VERY_LONG,490000,4,,,{'id': 52180}
1200195698,LONG,356600,2,,,{'id': 171832}
1200195699,VERY_LONG,7400,2,,,{'id': 17056}
1200195741,VERY_LONG,50000,2,,,{'id': 74841}
1200195845,VERY_LONG,300,7030,,,{'id': 154722}
1200195850,VERY_LONG,,1,1328500,,"{'id': 24999, 'context': 0, 'bonus_lists': [6654, 1681], 'modifiers': [{'type': 9, 'value': 30}, {'type': 28, 'value': 1013}]}"
1200195871,VERY_LONG,5000,7,,,{'id': 32428}
1200195877,LONG,,1,1904600,,"{'id': 173198, 'context': 0, 'bonus_lists': [6885], 'modifiers': [{'type': 9, 'value': 60}, {'type': 28, 'value': 391}, {'type': 29, 'value': 32}, {'type': 30, 'value': 40}]}"
1200195878,VERY_LONG,,1,241900,,"{'id': 25306, 'context': 0, 'bonus_lists': [6655, 1691], 'modifiers': [{'type': 9, 'value': 30}, {'type': 28, 'value': 1013}]}"
1200195887,VERY_LONG,,1,602300,,"{'id': 36423, 'context': 2, 'bonus_lists': [6654, 1677], 'modifiers': [{'type': 9, 'value': 30}, {'type': 28, 'value': 1101}]}"
1200195902,VERY_LONG,,1,26200,,"{'id': 36008, 'context': 2, 'bonus_lists': [6654, 1708], 'modifiers': [{'type': 9, 'value': 30}, {'type': 28, 'value': 1101}]}"
1200195907,LONG,,1,750000,,"{'id': 173197, 'context': 0, 'bonus_lists': [6887], 'modifiers': [{'type': 9, 'value': 60}, {'type': 28, 'value': 391}, {'type': 29, 'value': 36}, {'type': 30, 'value': 40}]}"
1200195911,VERY_LONG,,1,80200,,"{'id': 37624, 'context': 2, 'bonus_lists': [4196], 'modifiers': [{'type': 9, 'value': 30}, {'type': 28, 'value': 1101}]}"
1200195912,VERY_LONG,,1,80200,,"{'id': 37624, 'context': 2, 'bonus_lists': [4196], 'modifiers': [{'type': 9, 'value': 30}, {'type': 28, 'value': 1101}]}"
1200195918,VERY_LONG,,1,3643500,,"{'id': 24888, 'context': 0, 'bonus_lists': [6654, 1706], 'modifiers': [{'type': 9, 'value': 30}, {'type': 28, 'value': 1013}]}"
1200195923,VERY_LONG,,1,13100,,"{'id': 24668, 'context': 0, 'bonus_lists': [6654, 1691], 'modifiers': [{'type': 9, 'value': 30}, {'type': 28, 'value': 1013}]}"
1200195932,VERY_LONG,,1,2425700,,"{'id': 24893, 'context': 0, 'bonus_lists': [6654, 1694], 'modifiers': [{'type': 9, 'value': 30}, {'type': 28, 'value': 1013}]}"
1200195946,VERY_LONG,,1,2424700,,"{'id': 36397, 'context': 0, 'bonus_lists': [6654, 1706], 'modifiers': [{'type': 9, 'value': 30}, {'type': 28, 'value': 1018}]}"
1200195953,VERY_LONG,,1,2845600,,"{'id': 36065, 'context': 0, 'bonus_lists': [6654, 1707], 'modifiers': [{'type': 9, 'value': 30}, {'type': 28, 'value': 1024}]}"
1200195958,VERY_LONG,,1,2500000,,"{'id': 36570, 'context': 0, 'bonus_lists': [6655, 1695], 'modifiers': [{'type': 9, 'value': 30}, {'type': 28, 'value': 1018}]}"
1200195967,VERY_LONG,,1,3777500,,"{'id': 55403, 'context': 5, 'bonus_lists': [6654, 1678], 'modifiers': [{'type': 9, 'value': 35}, {'type': 28, 'value': 1029}]}"
1200195977,VERY_LONG,,1,540000,,"{'id': 55720, 'context': 5, 'bonus_lists': [6654, 1694], 'modifiers': [{'type': 9, 'value': 35}, {'type': 28, 'value': 1029}]}"
1200195989,VERY_LONG,,1,980000,,"{'id': 71359, 'context': 5, 'modifiers': [{'type': 28, 'value': 1029}]}"
1200196018,VERY_LONG,,1,140000,,"{'id': 71367, 'context': 5, 'modifiers': [{'type': 28, 'value': 1029}]}"
1200196031,VERY_LONG,,1,80200,,"{'id': 70929, 'context': 5, 'modifiers': [{'type': 28, 'value': 1029}]}"
1200196042,VERY_LONG,,1,573200,,"{'id': 68915, 'context': 5, 'modifiers': [{'type': 28, 'value': 1029}]}"
1200196061,VERY_LONG,,1,92300,,"{'id': 55484, 'context': 5, 'bonus_lists': [6655, 1693], 'modifiers': [{'type': 9, 'value': 35}, {'type': 28, 'value': 1029}]}"
1200196099,VERY_LONG,,1,696900,,"{'id': 55702, 'context': 5, 'bonus_lists': [6654, 1686], 'modifiers': [{'type': 9, 'value': 35}, {'type': 28, 'value': 1029}]}"
1200197117,VERY_LONG,46800,6,,,{'id': 36934}
1200197145,LONG,4800,26,,,{'id': 173032}
1200200390,VERY_LONG,5000000,6,,,{'id': 172437}
1200200509,VERY_LONG,22009000,1,,,{'id': 139315}
1200200532,VERY_LONG,41127000,1,,,{'id': 139311}
1200200980,VERY_LONG,7953000,3,,,{'id': 181468}
1200201004,VERY_LONG,1399900,24,,,{'id': 172439}
1200201045,VERY_LONG,,1,235000000,,"{'id': 172314, 'context': 63, 'bonus_lists': [6716, 1487]}"
1200201046,VERY_LONG,,1,235000000,,"{'id': 172314, 'context': 63, 'bonus_lists': [6716, 1487]}"
1200201048,VERY_LONG,,1,235000000,,"{'id': 172314, 'context': 63, 'bonus_lists': [6716, 1487]}"
1200201050,VERY_LONG,,1,235000000,,"{'id': 172314, 'context': 63, 'bonus_lists': [6716, 1487]}"
1200201051,VERY_LONG,,1,235000000,,"{'id': 172314, 'context': 63, 'bonus_lists': [6716, 1487]}"
1200201052,VERY_LONG,,1,235000000,,"{'id': 172314, 'context': 63, 'bonus_lists': [6716, 1487]}"
1200201053,VERY_LONG,,1,235000000,,"{'id': 172314, 'context': 63, 'bonus_lists': [6716, 1487]}"
1200201059,LONG,,1,31330700,,"{'id': 7086, 'context': 1}"
1200201063,LONG,,1,2840044100,,"{'id': 161884, 'context': 13, 'bonus_lists': [1693, 4926, 5804]}"
1200201064,LONG,,1,975661000,,"{'id': 161884, 'context': 13, 'bonus_lists': [1710, 4926, 5804]}"
1200201065,LONG,,1,247589200,,"{'id': 161897, 'context': 13, 'bonus_lists': [1717, 4928, 5804]}"
1200201068,LONG,,1,172365800,,"{'id': 161897, 'context': 13, 'bonus_lists': [1686, 4928, 5804]}"
1200201069,LONG,,1,240000000,,"{'id': 172322, 'context': 63, 'bonus_lists': [6716, 1487]}"
1200201070,LONG,,1,3412162200,,"{'id': 36619, 'context': 27, 'bonus_lists': [1679, 3868], 'modifiers': [{'type': 9, 'value': 26}]}"
1200201072,LONG,,1,13276600,,"{'id': 94087, 'context': 0, 'bonus_lists': [1681]}"
1200201073,LONG,,1,17164741900,,"{'id': 160136, 'context': 0, 'bonus_lists': [4796, 1770], 'modifiers': [{'type': 9, 'value': 50}]}"
1200201074,LONG,,1,99999900,,"{'id': 31133, 'context': 36, 'bonus_lists': [3911], 'modifiers': [{'type': 9, 'value': 50}]}"
1200201076,LONG,10000,5,,,{'id': 10620}
1200201079,LONG,29300,1,,,{'id': 12800}
1200201084,LONG,,1,109780300,,"{'id': 150922, 'context': 11, 'bonus_lists': [3628], 'modifiers': [{'type': 9, 'value': 45}]}"
1200201088,VERY_LONG,22800,10,,,{'id': 109129}
1200201090,LONG,102200,3,,,{'id': 169701}
1200201092,LONG,589800,2,,,{'id': 154122}
1200201094,LONG,290000,3,,,{'id': 153439}
1200201098,VERY_LONG,297000,10,,,{'id': 124107}
1200203103,LONG,,1,974055900,,"{'id': 159508, 'context': 0, 'bonus_lists': [4796, 1708], 'modifiers': [{'type': 9, 'value': 50}]}"
1200203110,LONG,302400,5,,,{'id': 52325}
1200203113,LONG,351900,5,,,{'id': 52326}
1200203118,LONG,23900,5,,,{'id': 19183}
1200203121,LONG,45000,5,,,{'id': 124440}
1200203127,VERY_LONG,27900,10,,,{'id': 109126}
1200203129,LONG,,1,1610644000,,"{'id': 130234, 'context': 13, 'bonus_lists': [1745, 596, 601, 689]}"
1200203132,LONG,1499300,5,,,{'id': 127840}
1200203135,VERY_LONG,210000,10,,,{'id': 7911}
1200203143,LONG,,1,1913260500,,"{'id': 169421, 'context': 0, 'bonus_lists': [4796, 1682], 'modifiers': [{'type': 9, 'value': 50}]}"
1200203145,VERY_LONG,,1,450000000,,"{'id': 178926, 'context': 64, 'bonus_lists': [6717, 7194, 1507]}"
1200203147,VERY_LONG,,1,450000000,,"{'id': 178926, 'context': 64, 'bonus_lists': [6717, 7194, 1507]}"
1200203148,VERY_LONG,28000,10,,,{'id': 109128}
1200203149,VERY_LONG,,1,450000000,,"{'id': 178926, 'context': 64, 'bonus_lists': [6717, 7194, 1507]}"
1200203150,LONG,65300,5,,,{'id': 153440}
1200203151,VERY_LONG,,1,450000000,,"{'id': 178926, 'context': 64, 'bonus_lists': [6717, 7194, 1507]}"
1200203152,VERY_LONG,,1,450000000,,"{'id': 178926, 'context': 64, 'bonus_lists': [6717, 7193, 1507]}"
1200203153,LONG,,1,76057900,,"{'id': 31192, 'context': 0, 'bonus_lists': [1707, 3792], 'modifiers': [{'type': 9, 'value': 30}]}"
1200203155,VERY_LONG,,1,450000000,,"{'id': 178926, 'context': 64, 'bonus_lists': [6717, 7193, 1507]}"
1200203158,LONG,,1,29331500,,"{'id': 10250, 'context': 0, 'bonus_lists': [1692]}"
1200203159,VERY_LONG,,1,450000000,,"{'id': 178926, 'context': 64, 'bonus_lists': [6717, 7194, 1507]}"
1200203161,VERY_LONG,,1,450000000,,"{'id': 178926, 'context': 64, 'bonus_lists': [6717, 7194, 1507]}"
1200203163,LONG,50000,2,,,{'id': 128304}
1200203164,VERY_LONG,,1,450000000,,"{'id': 178926, 'context': 64, 'bonus_lists': [6717, 7194, 1507]}"
1200203167,VERY_LONG,,1,450000000,,"{'id': 178926, 'context': 64, 'bonus_lists': [6717, 7193, 1507]}"
1200203168,LONG,82149000,4,,,{'id': 52090}
1200203173,VERY_LONG,,1,450000000,,"{'id': 178926, 'context': 64, 'bonus_lists': [6717, 7194, 1507]}"
1200203175,VERY_LONG,,1,450000000,,"{'id': 178926, 'context': 64, 'bonus_lists': [6717, 7193, 1507]}"
1200203177,LONG,38422900,2,,,{'id': 52106}
1200203178,VERY_LONG,,1,450000000,,"{'id': 178926, 'context': 64, 'bonus_lists': [6717, 7194, 1507]}"
1200203179,VERY_LONG,,1,450000000,,"{'id': 178926, 'context': 64, 'bonus_lists': [6717, 7194, 1507]}"
1200203181,LONG,,1,461247800,,"{'id': 15514, 'context': 54, 'bonus_lists': [1694, 4278], 'modifiers': [{'type': 9, 'value': 50}]}"
1200203183,LONG,,1,200001400,,"{'id': 130251, 'context': 13}"
1200203188,LONG,25000,5,,,{'id': 124113}
1200203190,LONG,,1,119967100,,"{'id': 117379, 'context': 11, 'bonus_lists': [5134], 'modifiers': [{'type': 9, 'value': 45}]}"
1200203193,LONG,,1,199999900,,"{'id': 166840, 'context': 0}"
1200203196,LONG,,1,420693200,,"{'id': 162655, 'context': 13, 'bonus_lists': [1700, 4928, 5804]}"
1200203198,LONG,,1,305766200,,"{'id': 31276, 'context': 2, 'bonus_lists': [6658], 'modifiers': [{'type': 9, 'value': 30}, {'type': 28, 'value': 1068}]}"
1200203202,LONG,3500,5,,,{'id': 152542}
1200203204,LONG,49600,1,,,{'id': 178149}
1200203207,LONG,,1,9427722000,,"{'id': 160123, 'context': 0, 'bonus_lists': [6654, 4802, 1705], 'modifiers': [{'type': 9, 'value': 50}, {'type': 28, 'value': 502}]}"
1200203220,LONG,418900,1,,,{'id': 154124}
1200203224,LONG,,1,475168700,,"{'id': 159229, 'context': 0, 'bonus_lists': [4796, 1694], 'modifiers': [{'type': 9, 'value': 50}]}"
1200203225,LONG,372137100,1,,,{'id': 52169}
1200203226,LONG,58500,5,,,{'id': 3576}
1200203231,LONG,799000,5,,,{'id': 130215}
1200203291,VERY_LONG,47900,10,,,{'id': 109125}
1200203292,LONG,,1,11568500,,"{'id': 179332, 'context': 0, 'bonus_lists': [6908, 6652, 1690], 'modifiers': [{'type': 9, 'value': 60}, {'type': 28, 'value': 1707}]}"
1200203293,LONG,,1,90284500,,"{'id': 82774, 'context': 0}"
1200203295,LONG,968300,5,,,{'id': 52183}
1200203300,LONG,26354700,3,,,{'id': 71842}
1200203302,LONG,,1,209428400,,"{'id': 129961, 'context': 13}"
1200203306,LONG,31797400,5,,,{'id': 71881}
1200203308,LONG,59900,5,,,{'id': 124115}
1200203310,LONG,,1,1468173500,,"{'id': 164685, 'context': 13, 'bonus_lists': [1698, 5804]}"
1200203314,LONG,,1,1200000,,"{'id': 172262, 'context': 13, 'bonus_lists': [6893], 'modifiers': [{'type': 9, 'value': 60}, {'type': 28, 'value': 391}, {'type': 29, 'value': 32}, {'type': 30, 'value': 40}]}"
1200203318,LONG,,1,913619600,,"{'id': 82101, 'context': 36, 'bonus_lists': [1684, 4767], 'modifiers': [{'type': 9, 'value': 50}]}"
1200203322,LONG,15427900,4,,,{'id': 52205}
1200203326,LONG,187200,5,,,{'id': 72092}
1200203327,LONG,,1,107846400,,"{'id': 66972, 'context': 5, 'bonus_lists': [6659], 'modifiers': [{'type': 9, 'value': 35}, {'type': 28, 'value': 1029}]}"
1200203331,LONG,10488500,1,,,{'id': 76641}
1200203338,LONG,,1,1040000,,"{'id': 12029, 'context': 1, 'bonus_lists': [6654, 1707], 'modifiers': [{'type': 9, 'value': 30}, {'type': 28, 'value': 203}]}"
1200203339,LONG,,1,154365500,,"{'id': 24169, 'context': 0}"
1200203342,LONG,90100,5,,,{'id': 53010}
1200203344,LONG,1561418400,1,,,{'id': 52157}
1200203345,LONG,,1,19500000,,"{'id': 10606, 'context': 1}"
1200203349,LONG,,1,19500000,,"{'id': 10606, 'context': 1}"
1200203350,LONG,,1,140000,,"{'id': 71367, 'context': 5, 'modifiers': [{'type': 28, 'value': 1029}]}"
1200203352,LONG,6249900,5,,,{'id': 56850}
1200203355,LONG,2500000,1,,,{'id': 22456}
1200203358,LONG,30000,2,,,{'id': 109184}
1200203361,LONG,12657300,1,,,{'id': 23101}
1200203364,LONG,,1,375225400,,"{'id': 159557, 'context': 0, 'bonus_lists': [6655, 1679], 'modifiers': [{'type': 9, 'value': 50}, {'type': 28, 'value': 1260}]}"
1200203365,LONG,,1,500000,,"{'id': 68972, 'context': 5, 'modifiers': [{'type': 28, 'value': 1029}]}"
1200203369,LONG,7600,5,,,{'id': 153051}
1200203375,LONG,,1,350727300,,"{'id': 116607, 'context': 29, 'bonus_lists': [3876, 155, 550], 'modifiers': [{'type': 9, 'value': 50}]}"
1200203379,LONG,7865000,2,,,{'id': 76684}
1200203385,VERY_LONG,7100,5,,,{'id': 151567}
1200203388,LONG,,1,1550001700,,"{'id': 164362, 'context': 11}"
1200203389,LONG,,1,1663841200,,"{'id': 169400, 'context': 0, 'bonus_lists': [4796, 1710], 'modifiers': [{'type': 9, 'value': 50}]}"
1200203392,LONG,98500,5,,,{'id': 153441}
1200203395,LONG,,1,35390046500,,"{'id': 159515, 'context': 0, 'bonus_lists': [4796, 41, 1706], 'modifiers': [{'type': 9, 'value': 50}]}"
1200203398,LONG,1046000,5,,,{'id': 172058}
1200203402,VERY_LONG,1250000,2,,,{'id': 173084}
1200203410,VERY_LONG,,1,750000,,"{'id': 71361, 'context': 5, 'modifiers': [{'type': 28, 'value': 1029}]}"
1200203418,VERY_LONG,502000,2,,,{'id': 173080}
1200203424,VERY_LONG,39800,7,,,{'id': 12808}
1200203478,VERY_LONG,141200,24,,,{'id': 2449}
1200203514,VERY_LONG,10000,91,,,{'id': 172056}
1200203554,VERY_LONG,,1,235000000,,"{'id': 172314, 'context': 63, 'bonus_lists': [6716, 1487]}"
1200203555,VERY_LONG,,1,235000000,,"{'id': 172314, 'context': 63, 'bonus_lists': [6716, 1487]}"
1200203557,VERY_LONG,,1,235000000,,"{'id': 172314, 'context': 63, 'bonus_lists': [6716, 1487]}"
1200203558,VERY_LONG,,1,235000000,,"{'id': 172314, 'context': 63, 'bonus_lists': [6716, 1487]}"
1200203560,VERY_LONG,,1,235000000,,"{'id': 172314, 'context': 63, 'bonus_lists': [6716, 1487]}"
1200203562,VERY_LONG,,1,235000000,,"{'id': 172314, 'context': 63, 'bonus_lists': [6716, 1487]}"
1200203576,LONG,,1,699900,,"{'id': 172239, 'context': 13, 'bonus_lists': [6890], 'modifiers': [{'type': 9, 'value': 60}, {'type': 28, 'value': 391}, {'type': 29, 'value': 36}, {'type': 30, 'value': 32}]}"
1200203578,LONG,,1,699900,,"{'id': 172239, 'context': 13, 'bonus_lists': [6890], 'modifiers': [{'type': 9, 'value': 60}, {'type': 28, 'value': 391}, {'type': 29, 'value': 36}, {'type': 30, 'value': 32}]}"
1200203581,LONG,,1,699900,,"{'id': 172239, 'context': 13, 'bonus_lists': [6890], 'modifiers': [{'type': 9, 'value': 60}, {'type': 28, 'value': 391}, {'type': 29, 'value': 32}, {'type': 30, 'value': 36}]}"
1200203582,LONG,,1,699900,,"{'id': 172239, 'context': 13, 'bonus_lists': [6890], 'modifiers': [{'type': 9, 'value': 60}, {'type': 28, 'value': 391}, {'type': 29, 'value': 32}, {'type': 30, 'value': 49}]}"
1200203586,LONG,,1,699900,,"{'id': 172239, 'context': 13, 'bonus_lists': [6890], 'modifiers': [{'type': 9, 'value': 60}, {'type': 28, 'value': 391}, {'type': 29, 'value': 49}, {'type': 30, 'value': 32}]}"
1200203588,LONG,,1,1949900,,"{'id': 172256, 'context': 13, 'bonus_lists': [6893], 'modifiers': [{'type': 9, 'value': 60}, {'type': 28, 'value': 391}, {'type': 29, 'value': 40}, {'type': 30, 'value': 36}]}"
1200203589,LONG,,1,1949900,,"{'id': 172256, 'context': 13, 'bonus_lists': [6893], 'modifiers': [{'type': 9, 'value': 60}, {'type': 28, 'value': 391}, {'type': 29, 'value': 40}, {'type': 30, 'value': 36}]}"
1200203591,LONG,,1,1949900,,"{'id': 172256, 'context': 13, 'bonus_lists': [6893], 'modifiers': [{'type': 9, 'value': 60}, {'type': 28, 'value': 391}, {'type': 29, 'value': 36}, {'type': 30, 'value': 40}]}"
1200203592,LONG,,1,1789900,,"{'id': 172235, 'context': 13, 'bonus_lists': [6883], 'modifiers': [{'type': 29, 'value': 49}, {'type': 30, 'value': 32}]}"
1200203593,LONG,,1,1789900,,"{'id': 172235, 'context': 13, 'bonus_lists': [6883], 'modifiers': [{'type': 29, 'value': 49}, {'type': 30, 'value': 32}]}"
1200203594,LONG,,1,1789900,,"{'id': 172235, 'context': 13, 'bonus_lists': [6883], 'modifiers': [{'type': 29, 'value': 36}, {'type': 30, 'value': 40}]}"
1200203597,LONG,,1,505600,,"{'id': 172236, 'context': 13, 'bonus_lists': [6887], 'modifiers': [{'type': 9, 'value': 60}, {'type': 28, 'value': 391}, {'type': 29, 'value': 40}, {'type': 30, 'value': 49}]}"
1200203599,LONG,,1,505600,,"{'id': 172236, 'context': 13, 'bonus_lists': [6887], 'modifiers': [{'type': 9, 'value': 60}, {'type': 28, 'value': 391}, {'type': 29, 'value': 40}, {'type': 30, 'value': 49}]}"
1200203601,LONG,,1,505600,,"{'id': 172236, 'context': 13, 'bonus_lists': [6887], 'modifiers': [{'type': 9, 'value': 60}, {'type': 28, 'value': 391}, {'type': 29, 'value': 40}, {'type': 30, 'value': 49}]}"
1200203660,VERY_LONG,,1,350000000,,"{'id': 172319, 'context': 65, 'bonus_lists': [6718, 1522]}"
1200203662,VERY_LONG,,1,350000000,,"{'id': 172319, 'context': 65, 'bonus_lists': [6718, 1522]}"
1200203664,VERY_LONG,,1,350000000,,"{'id': 172319, 'context': 65, 'bonus_lists': [6718, 1522]}"
1200203665,VERY_LONG,,1,350000000,,"{'id': 172319, 'context': 65, 'bonus_lists': [6718, 1522]}"
1200203666,VERY_LONG,,1,350000000,,"{'id': 172319, 'context': 65, 'bonus_lists': [6718, 1522]}"
1200203667,VERY_LONG,,1,350000000,,"{'id': 172319, 'context': 65, 'bonus_lists': [6718, 1522]}"
1200203670,VERY_LONG,,1,350000000,,"{'id': 172319, 'context': 65, 'bonus_lists': [6718, 1522]}"
1200203671,VERY_LONG,,1,350000000,,"{'id': 172319, 'context': 65, 'bonus_lists': [6718, 1522]}"
1200203694,VERY_LONG,,1,300000000,,"{'id': 172314, 'context': 65, 'bonus_lists': [6718, 1522]}"
1200203701,VERY_LONG,,1,300000000,,"{'id': 172314, 'context': 65, 'bonus_lists': [6718, 1522]}"
1200203704,VERY_LONG,,1,300000000,,"{'id': 172314, 'context': 65, 'bonus_lists': [6718, 1522]}"
1200203706,VERY_LONG,,1,300000000,,"{'id': 172314, 'context': 65, 'bonus_lists': [6718, 1522]}"
1200203708,VERY_LONG,,1,300000000,,"{'id': 172314, 'context': 65, 'bonus_lists': [6718, 1522]}"
1200203711,VERY_LONG,,1,300000000,,"{'id': 172314, 'context': 65, 'bonus_lists': [6718, 1522]}"
1200203714,VERY_LONG,,1,300000000,,"{'id': 172314, 'context': 65, 'bonus_lists': [6718, 1522]}"
1200203719,VERY_LONG,,1,300000000,,"{'id': 172314, 'context': 65, 'bonus_lists': [6718, 1522]}"
1200203723,VERY_LONG,,1,300000000,,"{'id': 172314, 'context': 65, 'bonus_lists': [6718, 1522]}"
1200203726,VERY_LONG,,1,300000000,,"{'id': 172314, 'context': 65, 'bonus_lists': [6718, 1522]}"
1200203730,VERY_LONG,,1,300000000,,"{'id': 172314, 'context': 65, 'bonus_lists': [6718, 1522]}"
1200203734,VERY_LONG,,1,300000000,,"{'id': 172314, 'context': 65, 'bonus_lists': [6718, 1522]}"
1200203737,VERY_LONG,,1,300000000,,"{'id': 172314, 'context': 65, 'bonus_lists': [6718, 1522]}"
1200203760,LONG,,1,318969700,,"{'id': 164507, 'context': 11}"
1200203763,LONG,,1,3900400,,"{'id': 112498, 'context': 13}"
1200203766,LONG,,1,3900400,,"{'id': 112498, 'context': 13}"
1200203772,LONG,489800,3,,,{'id': 22572}
1200203779,LONG,48641000,2,,,{'id': 52116}
1200203782,LONG,50072200,3,,,{'id': 52108}
1200203785,LONG,,1,18718100,,"{'id': 2034, 'context': 1, 'bonus_lists': [4002], 'modifiers': [{'type': 9, 'value': 11}]}"
1200203788,LONG,,1,22087200,,"{'id': 14568, 'context': 54, 'bonus_lists': [4277], 'modifiers': [{'type': 9, 'value': 50}]}"
1200203796,LONG,,1,153381500,,"{'id': 5239, 'context': 14}"
1200203799,LONG,7400,5,,,{'id': 17056}
1200203804,VERY_LONG,28000,10,,,{'id': 109128}
1200203808,LONG,,1,38790000,,"{'id': 132921, 'context': 26, 'bonus_lists': [1472, 3528, 3431]}"
1200203813,LONG,494900,1,,,{'id': 154125}
1200203819,LONG,,1,1436565800,,"{'id': 164333, 'context': 0}"
1200203824,VERY_LONG,22800,10,,,{'id': 109129}
1200203825,VERY_LONG,,1,260000000,,"{'id': 172314, 'context': 64, 'bonus_lists': [6717, 1507]}"
1200203827,VERY_LONG,,1,260000000,,"{'id': 172314, 'context': 64, 'bonus_lists': [6717, 1507]}"
1200203830,LONG,,1,2000000,,"{'id': 71640, 'context': 5, 'modifiers': [{'type': 28, 'value': 1029}]}"
1200203832,VERY_LONG,,1,260000000,,"{'id': 172314, 'context': 64, 'bonus_lists': [6717, 1507]}"
1200203835,VERY_LONG,,1,260000000,,"{'id': 172314, 'context': 64, 'bonus_lists': [6717, 1507]}"
1200203837,LONG,490000,1,,,{'id': 52180}
1200203844,LONG,117899000,4,,,{'id': 17771}
1200203848,LONG,289900,1,,,{'id': 52177}
1200203853,LONG,,1,292142900,,"{'id': 15500, 'context': 54, 'bonus_lists': [1681, 4277], 'modifiers': [{'type': 9, 'value': 50}]}"
1200203856,LONG,,1,54862200,,"{'id': 177811, 'context': 1, 'bonus_lists': [6907, 42, 7194, 3406], 'modifiers': [{'type': 9, 'value': 60}, {'type': 28, 'value': 747}]}"
1200203861,VERY_LONG,27900,10,,,{'id': 109126}
1200203866,LONG,39477600,1,,,{'id': 52122}
1200203872,LONG,,1,150355600,,"{'id': 24923, 'context': 36, 'bonus_lists': [1708, 3851], 'modifiers': [{'type': 9, 'value': 50}]}"
1200203876,LONG,48862100,1,,,{'id': 52143}
1200203880,LONG,74134300,5,,,{'id': 52100}
1200203884,LONG,,1,55902400,,"{'id': 44438, 'context': 0}"
1200203889,LONG,53400,1,,,{'id': 154121}
1200203895,LONG,,1,10683800,,"{'id': 68787, 'context': 5, 'modifiers': [{'type': 28, 'value': 1029}]}"
1200203899,LONG,290000,2,,,{'id': 153439}
1200203905,VERY_LONG,297000,10,,,{'id': 124107}
1200203910,LONG,209800,4,,,{'id': 154123}
1200203915,LONG,,1,134381000,,"{'id': 164532, 'context': 11}"
1200203920,LONG,,1,314371700,,"{'id': 130231, 'context': 13, 'bonus_lists': [3378, 669, 601, 689]}"
1200203923,LONG,,1,1766103400,,"{'id': 163957, 'context': 54, 'bonus_lists': [1472, 4783]}"
1200203926,VERY_LONG,47900,10,,,{'id': 109125}
1200204045,VERY_LONG,,1,350000000,,"{'id': 178926, 'context': 63, 'bonus_lists': [6716, 7194, 1487]}"
1200204062,VERY_LONG,,1,260000000,,"{'id': 172314, 'context': 64, 'bonus_lists': [6717, 1507]}"
1200204065,VERY_LONG,,1,260000000,,"{'id': 172314, 'context': 64, 'bonus_lists': [6717, 1507]}"
1200204067,VERY_LONG,,1,260000000,,"{'id': 172314, 'context': 64, 'bonus_lists': [6717, 1507]}"
1200204069,VERY_LONG,,1,260000000,,"{'id': 172314, 'context': 64, 'bonus_lists': [6717, 1507]}"
1200204072,VERY_LONG,777700,7,,,{'id': 171831}
1200204073,VERY_LONG,,1,260000000,,"{'id': 172314, 'context': 64, 'bonus_lists': [6717, 1507]}"
1200204075,VERY_LONG,,1,260000000,,"{'id': 172314, 'context': 64, 'bonus_lists': [6717, 1507]}"
1200204076,VERY_LONG,,1,1483450000,1409277500,"{'id': 87250, 'context': 0, 'bonus_lists': [6827]}"
1200204079,VERY_LONG,,1,260000000,,"{'id': 172314, 'context': 64, 'bonus_lists': [6717, 1507]}"
1200204083,VERY_LONG,,1,260000000,,"{'id': 172314, 'context': 64, 'bonus_lists': [6717, 1507]}"
1200204084,VERY_LONG,,1,46380000,41742000,"{'id': 82800, 'context': 0, 'modifiers': [{'type': 6, 'value': 65120}], 'pet_breed_id': 18, 'pet_level': 1, 'pet_quality_id': 3, 'pet_species_id': 1720}"
1200204085,VERY_LONG,,1,260000000,,"{'id': 172314, 'context': 64, 'bonus_lists': [6717, 1507]}"
1200204086,VERY_LONG,262700,4,,,{'id': 168216}
1200204089,VERY_LONG,888700,93,,,{'id': 24245}
1200204090,VERY_LONG,,1,1483450000,1409277500,"{'id': 87251, 'context': 0, 'bonus_lists': [6827]}"
1200204092,VERY_LONG,959500,100,,,{'id': 171830}
1200204094,VERY_LONG,1093700,53,,,{'id': 173204}
1200204097,VERY_LONG,467200,12,,,{'id': 171832}
1200204098,VERY_LONG,341415400,1,,,{'id': 37567}
1200204100,VERY_LONG,15132300,1,,,{'id': 158203}
1200205101,VERY_LONG,170400,34,,,{'id': 172230}
1200205120,VERY_LONG,,1,300000000,,"{'id': 172314, 'context': 65, 'bonus_lists': [6718, 1522]}"
1200205122,VERY_LONG,,1,300000000,,"{'id': 172314, 'context': 65, 'bonus_lists': [6718, 1522]}"
1200205380,VERY_LONG,16500,1,,,{'id': 31671}
1200205451,VERY_LONG,,1,40000000,,"{'id': 25263, 'context': 2, 'bonus_lists': [6655, 1693], 'modifiers': [{'type': 9, 'value': 30}, {'type': 28, 'value': 1068}]}"
1200205457,LONG,,1,6492000,,"{'id': 82800, 'context': 0, 'modifiers': [{'type': 6, 'value': 71835}], 'pet_breed_id': 8, 'pet_level': 1, 'pet_quality_id': 3, 'pet_species_id': 1721}"
1200205462,VERY_LONG,,1,62468500,,"{'id': 116593, 'context': 29, 'bonus_lists': [3875, 45, 517], 'modifiers': [{'type': 9, 'value': 45}]}"
1200205467,VERY_LONG,,1,215409800,,"{'id': 118858, 'context': 0, 'bonus_lists': [6658], 'modifiers': [{'type': 9, 'value': 40}, {'type': 28, 'value': 64}]}"
1200205470,VERY_LONG,,1,22774300,,"{'id': 82800, 'context': 0, 'modifiers': [{'type': 6, 'value': 38310}], 'pet_breed_id': 14, 'pet_level': 4, 'pet_quality_id': 3, 'pet_species_id': 1693}"
1200205472,VERY_LONG,,1,17101500,,"{'id': 36462, 'context': 36, 'bonus_lists': [1681, 3871], 'modifiers': [{'type': 9, 'value': 50}]}"
1200205476,VERY_LONG,,1,26819400,,"{'id': 14305, 'context': 54, 'bonus_lists': [1707, 4278], 'modifiers': [{'type': 9, 'value': 50}]}"
1200205479,VERY_LONG,,1,182334400,,"{'id': 160164, 'context': 0, 'bonus_lists': [4796, 1684], 'modifiers': [{'type': 9, 'value': 50}]}"
1200205481,VERY_LONG,,1,222215900,,"{'id': 163935, 'context': 54, 'bonus_lists': [1472, 4786], 'modifiers': [{'type': 28, 'value': 188}]}"
1200205486,VERY_LONG,,1,220204900,,"{'id': 170119, 'context': 0, 'bonus_lists': [4796, 4802, 1709], 'modifiers': [{'type': 9, 'value': 50}]}"
1200205490,VERY_LONG,,1,804649400,,"{'id': 78210, 'context': 14, 'modifiers': [{'type': 28, 'value': 402}]}"
1200205493,VERY_LONG,,1,44445900,,"{'id': 106396, 'context': 29, 'bonus_lists': [3854, 28], 'modifiers': [{'type': 9, 'value': 45}]}"
1200205502,VERY_LONG,,1,37593900,,"{'id': 14459, 'context': 0, 'bonus_lists': [6654], 'modifiers': [{'type': 9, 'value': 30}, {'type': 28, 'value': 36}]}"
1200205506,VERY_LONG,,1,981845100,,"{'id': 14970, 'context': 0, 'bonus_lists': [6654, 1692], 'modifiers': [{'type': 9, 'value': 30}, {'type': 28, 'value': 36}]}"
1200205508,VERY_LONG,,1,268208200,,"{'id': 82800, 'context': 0, 'modifiers': [{'type': 6, 'value': 6192}], 'pet_breed_id': 3, 'pet_level': 8, 'pet_quality_id': 3, 'pet_species_id': 49}"
1200205512,VERY_LONG,,1,171650900,,"{'id': 14799, 'context': 54, 'bonus_lists': [4277], 'modifiers': [{'type': 9, 'value': 50}]}"
1200205514,VERY_LONG,,1,29245500,,"{'id': 44694, 'context': 14, 'modifiers': [{'type': 28, 'value': 885}]}"
1200205525,VERY_LONG,,1,29245500,,"{'id': 44694, 'context': 14, 'modifiers': [{'type': 28, 'value': 885}]}"
1200205528,VERY_LONG,,1,29245500,,"{'id': 44694, 'context': 14, 'modifiers': [{'type': 28, 'value': 885}]}"
1200205531,VERY_LONG,,1,29245500,,"{'id': 44694, 'context': 14, 'modifiers': [{'type': 28, 'value': 885}]}"
1200205533,VERY_LONG,,1,29245500,,"{'id': 44694, 'context': 14, 'modifiers': [{'type': 28, 'value': 885}]}"
1200205538,VERY_LONG,,1,38645000,,"{'id': 25660, 'context': 0}"
1200205541,VERY_LONG,,1,38645000,,"{'id': 25660, 'context': 0}"
1200205557,VERY_LONG,,1,79609200,,"{'id': 82800, 'context': 0, 'modifiers': [{'type': 6, 'value': 63691}], 'pet_breed_id': 9, 'pet_level': 10, 'pet_quality_id': 3, 'pet_species_id': 1665}"
1200205558,VERY_LONG,,1,11435700,,"{'id': 82800, 'context': 0, 'modifiers': [{'type': 6, 'value': 62217}], 'pet_breed_id': 19, 'pet_level': 6, 'pet_quality_id': 3, 'pet_species_id': 194}"
1200205562,VERY_LONG,,1,98410800,,"{'id': 118824, 'context': 29, 'bonus_lists': [3916], 'modifiers': [{'type': 9, 'value': 45}]}"
1200205565,VERY_LONG,,1,80001200,,"{'id': 15984, 'context': 0, 'bonus_lists': [6655, 1679], 'modifiers': [{'type': 9, 'value': 30}, {'type': 28, 'value': 36}]}"
1200205569,VERY_LONG,,1,260243200,,"{'id': 141580, 'context': 26, 'bonus_lists': [1808, 1472, 3528, 3431]}"
1200205587,VERY_LONG,,1,332044500,,"{'id': 169423, 'context': 0, 'bonus_lists': [4796, 1694], 'modifiers': [{'type': 9, 'value': 50}]}"
1200205591,VERY_LONG,,1,332044500,,"{'id': 169423, 'context': 0, 'bonus_lists': [4796, 1692], 'modifiers': [{'type': 9, 'value': 50}]}"
1200205598,VERY_LONG,,1,261975700,,"{'id': 169421, 'context': 0, 'bonus_lists': [4796, 1685], 'modifiers': [{'type': 9, 'value': 50}]}"
1200205601,VERY_LONG,,1,47425100,,"{'id': 164421, 'context': 11}"
1200205605,VERY_LONG,,1,31280300,,"{'id': 15429, 'context': 0, 'bonus_lists': [6654, 1691], 'modifiers': [{'type': 9, 'value': 30}, {'type': 28, 'value': 36}]}"
1200205608,VERY_LONG,,1,152357100,,"{'id': 34829, 'context': 11}"
1200205612,VERY_LONG,,1,41672500,,"{'id': 15622, 'context': 0, 'bonus_lists': [6654, 1706], 'modifiers': [{'type': 9, 'value': 30}, {'type': 28, 'value': 36}]}"
1200205616,VERY_LONG,,1,41672500,,"{'id': 15622, 'context': 0, 'bonus_lists': [6654, 1677], 'modifiers': [{'type': 9, 'value': 30}, {'type': 28, 'value': 36}]}"
1200205620,VERY_LONG,,1,20429100,,"{'id': 14300, 'context': 54, 'bonus_lists': [1706, 4278], 'modifiers': [{'type': 9, 'value': 50}]}"
1200205624,VERY_LONG,,1,38790000,,"{'id': 132921, 'context': 26, 'bonus_lists': [1472, 3528, 3431]}"
1200205626,VERY_LONG,,1,43151700,,"{'id': 116585, 'context': 28, 'bonus_lists': [3875, 91], 'modifiers': [{'type': 9, 'value': 45}]}"
1200205629,VERY_LONG,,1,235387500,,"{'id': 169408, 'context': 0, 'bonus_lists': [4796, 1691], 'modifiers': [{'type': 9, 'value': 50}]}"
1200205632,VERY_LONG,,1,1108465600,,"{'id': 78274, 'context': 14, 'modifiers': [{'type': 28, 'value': 402}]}"
1200205635,VERY_LONG,,1,1108465600,,"{'id': 78274, 'context': 14, 'modifiers': [{'type': 28, 'value': 402}]}"
1200205637,VERY_LONG,,1,159388400,,"{'id': 5110, 'context': 0}"
1200205644,VERY_LONG,,1,165908400,,"{'id': 2549, 'context': 1, 'bonus_lists': [6710], 'modifiers': [{'type': 9, 'value': 30}, {'type': 28, 'value': 208}]}"
1200205646,VERY_LONG,,1,346280300,,"{'id': 169412, 'context': 0, 'bonus_lists': [4796, 1699], 'modifiers': [{'type': 9, 'value': 50}]}"
1200205649,VERY_LONG,,1,38156900,,"{'id': 14281, 'context': 0, 'bonus_lists': [6654, 1692], 'modifiers': [{'type': 9, 'value': 30}, {'type': 28, 'value': 36}]}"
1200205651,VERY_LONG,,1,4284800,,"{'id': 106746, 'context': 29, 'bonus_lists': [3854, 26], 'modifiers': [{'type': 9, 'value': 50}]}"
1200205653,VERY_LONG,,1,135711700,,"{'id': 82800, 'context': 0, 'modifiers': [{'type': 6, 'value': 91249}], 'pet_breed_id': 20, 'pet_level': 9, 'pet_quality_id': 3, 'pet_species_id': 2758}"
1200205658,VERY_LONG,,1,45844800,,"{'id': 14960, 'context': 54, 'bonus_lists': [1705, 4277], 'modifiers': [{'type': 9, 'value': 50}]}"
1200205659,VERY_LONG,,1,29855400,,"{'id': 36029, 'context': 36, 'bonus_lists': [1679, 3850], 'modifiers': [{'type': 9, 'value': 29}]}"
1200205665,VERY_LONG,,1,150177700,,"{'id': 164474, 'context': 31}"
1200205668,VERY_LONG,,1,96840700,,"{'id': 14860, 'context': 54, 'bonus_lists': [4277], 'modifiers': [{'type': 9, 'value': 50}]}"
1200205670,VERY_LONG,,1,569999900,,"{'id': 98599, 'context': 1}"
1200205674,VERY_LONG,,1,975291800,,"{'id': 78208, 'context': 14, 'modifiers': [{'type': 28, 'value': 402}]}"
1200205676,VERY_LONG,,1,15609200,,"{'id': 121110, 'context': 0, 'bonus_lists': [1812, 1709], 'modifiers': [{'type': 9, 'value': 45}]}"
1200205680,VERY_LONG,,1,63610600,,"{'id': 14284, 'context': 0, 'bonus_lists': [6654, 1709], 'modifiers': [{'type': 9, 'value': 30}, {'type': 28, 'value': 36}]}"
1200205685,VERY_LONG,,1,63610600,,"{'id': 14284, 'context': 54, 'bonus_lists': [1707, 4277], 'modifiers': [{'type': 9, 'value': 50}]}"
1200205688,VERY_LONG,,1,10825200,,"{'id': 82800, 'context': 0, 'modifiers': [{'type': 6, 'value': 65630}], 'pet_breed_id': 8, 'pet_level': 7, 'pet_quality_id': 3, 'pet_species_id': 1753}"
1200205692,VERY_LONG,,1,25252500,,"{'id': 15190, 'context': 54, 'bonus_lists': [1678, 4277], 'modifiers': [{'type': 9, 'value': 50}]}"
1200205694,VERY_LONG,,1,25252500,,"{'id': 15190, 'context': 54, 'bonus_lists': [1680, 4279], 'modifiers': [{'type': 9, 'value': 50}]}"
1200205701,VERY_LONG,,1,40944400,,"{'id': 82800, 'context': 0, 'modifiers': [{'type': 6, 'value': 90513}], 'pet_breed_id': 19, 'pet_level': 1, 'pet_quality_id': 3, 'pet_species_id': 2694}"
1200205705,VERY_LONG,,1,216000000,,"{'id': 82800, 'context': 0, 'modifiers': [{'type': 6, 'value': 92073}], 'pet_breed_id': 7, 'pet_level': 1, 'pet_quality_id': 3, 'pet_species_id': 2755}"
1200205708,VERY_LONG,,1,69587400,,"{'id': 36514, 'context': 0, 'bonus_lists': [1677]}"
1200205714,VERY_LONG,,1,49067500,,"{'id': 14938, 'context': 54, 'bonus_lists': [1681, 4277], 'modifiers': [{'type': 9, 'value': 50}]}"
1200205717,VERY_LONG,,1,773220500,,"{'id': 118802, 'context': 0, 'bonus_lists': [6659], 'modifiers': [{'type': 9, 'value': 40}, {'type': 28, 'value': 64}]}"
1200205730,VERY_LONG,,1,24055300,,"{'id': 15693, 'context': 54, 'bonus_lists': [1677, 4278], 'modifiers': [{'type': 9, 'value': 50}]}"
1200205734,VERY_LONG,,1,52397200,,"{'id': 4721, 'context': 30, 'bonus_lists': [3833], 'modifiers': [{'type': 9, 'value': 15}]}"
1200205739,VERY_LONG,,1,28616600,,"{'id': 14456, 'context': 54, 'bonus_lists': [4278], 'modifiers': [{'type': 9, 'value': 50}]}"
1200205744,VERY_LONG,,1,28616600,,"{'id': 14456, 'context': 54, 'bonus_lists': [4277], 'modifiers': [{'type': 9, 'value': 50}]}"
1200205748,VERY_LONG,,1,28616600,,"{'id': 14456, 'context': 54, 'bonus_lists': [4277], 'modifiers': [{'type': 9, 'value': 50}]}"
1200205750,VERY_LONG,,1,28616600,,"{'id': 14456, 'context': 0, 'bonus_lists': [6654], 'modifiers': [{'type': 9, 'value': 30}, {'type': 28, 'value': 36}]}"
1200205754,VERY_LONG,,1,28616600,,"{'id': 14456, 'context': 54, 'bonus_lists': [4277], 'modifiers': [{'type': 9, 'value': 50}]}"
1200205756,VERY_LONG,,1,165830800,,"{'id': 76154, 'context': 22, 'bonus_lists': [4536]}"
1200205757,VERY_LONG,,1,60706200,,"{'id': 82800, 'context': 0, 'modifiers': [{'type': 6, 'value': 91028}], 'pet_breed_id': 15, 'pet_level': 1, 'pet_quality_id': 3, 'pet_species_id': 2692}"
1200205759,VERY_LONG,,1,27230600,,"{'id': 94262, 'context': 36, 'bonus_lists': [1679]}"
1200205765,VERY_LONG,,1,22202800,,"{'id': 82800, 'context': 0, 'modifiers': [{'type': 6, 'value': 37712}], 'pet_breed_id': 21, 'pet_level': 4, 'pet_quality_id': 3, 'pet_species_id': 306}"
1200205766,VERY_LONG,,1,13676800,,"{'id': 35962, 'context': 36, 'bonus_lists': [1678, 3850], 'modifiers': [{'type': 9, 'value': 50}]}"
1200205828,VERY_LONG,,1,20673400,,"{'id': 82800, 'context': 0, 'modifiers': [{'type': 6, 'value': 11709}], 'pet_breed_id': 10, 'pet_level': 7, 'pet_quality_id': 3, 'pet_species_id': 224}"
1200205829,VERY_LONG,,1,38749200,,"{'id': 36207, 'context': 28, 'bonus_lists': [1694, 3840], 'modifiers': [{'type': 9, 'value': 27}]}"
1200205834,VERY_LONG,,1,328038500,,"{'id': 116581, 'context': 28, 'bonus_lists': [3875, 109], 'modifiers': [{'type': 9, 'value': 45}]}"
1200205836,LONG,,1,6086500,,"{'id': 82800, 'context': 0, 'modifiers': [{'type': 6, 'value': 45880}], 'pet_breed_id': 6, 'pet_level': 1, 'pet_quality_id': 3, 'pet_species_id': 211}"
1200205840,VERY_LONG,,1,367731400,,"{'id': 52251, 'context': 11, 'modifiers': [{'type': 28, 'value': 1023}]}"
1200205845,VERY_LONG,,1,19000000,,"{'id': 69972, 'context': 5}"
1200205847,VERY_LONG,,1,39138000,,"{'id': 82800, 'context': 0, 'modifiers': [{'type': 6, 'value': 25457}], 'pet_breed_id': 13, 'pet_level': 6, 'pet_quality_id': 3, 'pet_species_id': 186}"
1200205848,VERY_LONG,,1,11244100,,"{'id': 82800, 'context': 0, 'modifiers': [{'type': 6, 'value': 5586}], 'pet_breed_id': 4, 'pet_level': 7, 'pet_quality_id': 3, 'pet_species_id': 41}"
1200205849,VERY_LONG,,1,131037500,,"{'id': 14971, 'context': 0, 'bonus_lists': [6654, 1692], 'modifiers': [{'type': 9, 'value': 30}, {'type': 28, 'value': 36}]}"
1200205850,VERY_LONG,,1,37004500,,"{'id': 15654, 'context': 54, 'bonus_lists': [1691, 4278], 'modifiers': [{'type': 9, 'value': 50}]}"
1200205852,VERY_LONG,,1,19993800,,"{'id': 43864, 'context': 0}"
1200205855,VERY_LONG,,1,68858900,,"{'id': 106663, 'context': 28, 'bonus_lists': [3854, 26], 'modifiers': [{'type': 9, 'value': 45}]}"
1200205858,VERY_LONG,,1,641241300,,"{'id': 118890, 'context': 0, 'bonus_lists': [6660], 'modifiers': [{'type': 9, 'value': 50}, {'type': 28, 'value': 435}]}"
1200205865,VERY_LONG,,1,43415500,,"{'id': 106680, 'context': 29, 'bonus_lists': [3854, 201], 'modifiers': [{'type': 9, 'value': 45}]}"
1200205868,VERY_LONG,,1,64781300,,"{'id': 15662, 'context': 0, 'bonus_lists': [6654, 1677], 'modifiers': [{'type': 9, 'value': 30}, {'type': 28, 'value': 36}]}"
1200205870,VERY_LONG,,1,160325500,,"{'id': 36599, 'context': 1, 'bonus_lists': [6655, 1709], 'modifiers': [{'type': 9, 'value': 18}, {'type': 28, 'value': 1869}]}"
1200205874,VERY_LONG,25001600,7,,,{'id': 52303}
1200205877,VERY_LONG,,1,67313200,,"{'id': 14856, 'context': 54, 'bonus_lists': [4278], 'modifiers': [{'type': 9, 'value': 50}]}"
1200205880,VERY_LONG,,1,67313200,,"{'id': 14856, 'context': 0, 'bonus_lists': [6654], 'modifiers': [{'type': 9, 'value': 30}, {'type': 28, 'value': 36}]}"
1200205881,VERY_LONG,,1,190221800,,"{'id': 116591, 'context': 29, 'bonus_lists': [3875, 48], 'modifiers': [{'type': 9, 'value': 50}]}"
1200205882,VERY_LONG,,1,259326800,,"{'id': 118833, 'context': 0, 'bonus_lists': [6658], 'modifiers': [{'type': 9, 'value': 50}, {'type': 28, 'value': 435}]}"
1200205883,VERY_LONG,,1,158523500,,"{'id': 833, 'context': 54, 'bonus_lists': [4247], 'modifiers': [{'type': 9, 'value': 50}]}"
1200205884,VERY_LONG,,1,136141200,,"{'id': 14806, 'context': 0, 'bonus_lists': [6654], 'modifiers': [{'type': 9, 'value': 30}, {'type': 28, 'value': 36}]}"
1200205887,VERY_LONG,,1,136141200,,"{'id': 14806, 'context': 54, 'bonus_lists': [4277], 'modifiers': [{'type': 9, 'value': 50}]}"
1200205894,VERY_LONG,,1,136141200,,"{'id': 14806, 'context': 0, 'bonus_lists': [6654], 'modifiers': [{'type': 9, 'value': 30}, {'type': 28, 'value': 36}]}"
1200205896,VERY_LONG,,1,136141200,,"{'id': 14806, 'context': 0, 'bonus_lists': [6654], 'modifiers': [{'type': 9, 'value': 30}, {'type': 28, 'value': 36}]}"
1200205897,VERY_LONG,,1,10717200,,"{'id': 106722, 'context': 29, 'bonus_lists': [3854, 163], 'modifiers': [{'type': 9, 'value': 45}]}"
1200205898,VERY_LONG,,1,776180800,,"{'id': 78244, 'context': 14, 'modifiers': [{'type': 28, 'value': 402}]}"
1200205899,VERY_LONG,,1,35560900,,"{'id': 44693, 'context': 14, 'modifiers': [{'type': 28, 'value': 885}]}"
1200205900,VERY_LONG,,1,35560900,,"{'id': 44693, 'context': 14, 'modifiers': [{'type': 28, 'value': 885}]}"
1200205902,VERY_LONG,,1,35560900,,"{'id': 44693, 'context': 14, 'modifiers': [{'type': 28, 'value': 885}]}"
1200205904,VERY_LONG,,1,35560900,,"{'id': 44693, 'context': 14, 'modifiers': [{'type': 28, 'value': 885}]}"
1200205905,VERY_LONG,,1,35560900,,"{'id': 44693, 'context': 14, 'modifiers': [{'type': 28, 'value': 885}]}"
1200205906,VERY_LONG,,1,35560900,,"{'id': 44693, 'context': 14, 'modifiers': [{'type': 28, 'value': 885}]}"
1200205908,VERY_LONG,,1,35560900,,"{'id': 44693, 'context': 14, 'modifiers': [{'type': 28, 'value': 885}]}"
1200205909,VERY_LONG,,1,35560900,,"{'id': 44693, 'context': 14, 'modifiers': [{'type': 28, 'value': 885}]}"
1200205910,VERY_LONG,,1,35560900,,"{'id': 44693, 'context': 14, 'modifiers': [{'type': 28, 'value': 885}]}"
1200208150,VERY_LONG,8504300,1,,,{'id': 173100}
1200208159,VERY_LONG,1000800,1,,,{'id': 173071}
1200208266,VERY_LONG,20001600,1,,,{'id': 173092}
1200208278,VERY_LONG,20001400,2,,,{'id': 173090}
1200208293,VERY_LONG,10005900,1,,,{'id': 173094}
1200208316,VERY_LONG,75007900,1,,,{'id': 173091}
1200208343,VERY_LONG,10000800,1,,,{'id': 173082}
1200208568,VERY_LONG,,1,18250100,,"{'id': 82800, 'context': 0, 'modifiers': [{'type': 6, 'value': 73673}], 'pet_breed_id': 13, 'pet_level': 4, 'pet_quality_id': 3, 'pet_species_id': 1957}"
1200208571,VERY_LONG,,1,27599500,,"{'id': 82800, 'context': 0, 'modifiers': [{'type': 6, 'value': 90183}], 'pet_breed_id': 18, 'pet_level': 1, 'pet_quality_id': 3, 'pet_species_id': 2560}"
1200208573,VERY_LONG,,1,371016700,,"{'id': 169406, 'context': 0, 'bonus_lists': [4796, 1708], 'modifiers': [{'type': 9, 'value': 50}]}"
1200208576,VERY_LONG,,1,33928800,,"{'id': 15887, 'context': 0, 'bonus_lists': [1680]}"
1200208581,VERY_LONG,,1,158853300,,"{'id': 14920, 'context': 0, 'bonus_lists': [6654, 1678], 'modifiers': [{'type': 9, 'value': 30}, {'type': 28, 'value': 36}]}"
1200208583,VERY_LONG,,1,158853300,,"{'id': 14920, 'context': 0, 'bonus_lists': [6654, 1706], 'modifiers': [{'type': 9, 'value': 30}, {'type': 28, 'value': 36}]}"
1200208584,VERY_LONG,,1,6319600,,"{'id': 82800, 'context': 0, 'modifiers': [{'type': 6, 'value': 71826}], 'pet_breed_id': 18, 'pet_level': 4, 'pet_quality_id': 3, 'pet_species_id': 1922}"
1200208587,VERY_LONG,,1,275920000,,"{'id': 82800, 'context': 0, 'modifiers': [{'type': 6, 'value': 87976}], 'pet_breed_id': 7, 'pet_level': 1, 'pet_quality_id': 3, 'pet_species_id': 2443}"
1200208591,VERY_LONG,,1,152491000,,"{'id': 14497, 'context': 0}"
1200208597,VERY_LONG,,1,4668100,,"{'id': 176989, 'context': 1, 'bonus_lists': [6907, 6652, 7193, 1689], 'modifiers': [{'type': 9, 'value': 60}, {'type': 28, 'value': 2044}]}"
1200208600,VERY_LONG,,1,367966300,,"{'id': 169422, 'context': 0, 'bonus_lists': [4796, 1696], 'modifiers': [{'type': 9, 'value': 50}]}"
1200208603,VERY_LONG,,1,315468700,,"{'id': 827, 'context': 0, 'bonus_lists': [3637], 'modifiers': [{'type': 9, 'value': 9}]}"
1200208605,VERY_LONG,,1,39867200,,"{'id': 15391, 'context': 0, 'bonus_lists': [6654, 1680], 'modifiers': [{'type': 9, 'value': 30}, {'type': 28, 'value': 36}]}"
1200208606,VERY_LONG,,1,60706200,,"{'id': 36976, 'context': 0}"
1200208610,VERY_LONG,,1,22847900,,"{'id': 15180, 'context': 54, 'bonus_lists': [1707, 4277], 'modifiers': [{'type': 9, 'value': 50}]}"
1200208613,VERY_LONG,,1,22847900,,"{'id': 15180, 'context': 0, 'bonus_lists': [6654, 1694], 'modifiers': [{'type': 9, 'value': 30}, {'type': 28, 'value': 36}]}"
1200208615,VERY_LONG,,1,58152500,,"{'id': 82800, 'context': 0, 'modifiers': [{'type': 6, 'value': 95174}], 'pet_breed_id': 7, 'pet_level': 2, 'pet_quality_id': 3, 'pet_species_id': 2834}"
1200208617,VERY_LONG,,1,72684600,,"{'id': 75088, 'context': 1}"
1200208619,VERY_LONG,,1,44792400,,"{'id': 14404, 'context': 1, 'bonus_lists': [6654], 'modifiers': [{'type': 9, 'value': 13}, {'type': 28, 'value': 1918}]}"
1200208622,VERY_LONG,,1,21660700,,"{'id': 82800, 'context': 0, 'modifiers': [{'type': 6, 'value': 68859}], 'pet_breed_id': 21, 'pet_level': 11, 'pet_quality_id': 3, 'pet_species_id': 1889}"
1200208684,LONG,,1,2775100,,"{'id': 82800, 'context': 0, 'modifiers': [{'type': 6, 'value': 46903}], 'pet_breed_id': 7, 'pet_level': 1, 'pet_quality_id': 3, 'pet_species_id': 1151}"
1200208693,LONG,,1,9000000,,"{'id': 82800, 'context': 0, 'modifiers': [{'type': 6, 'value': 46925}], 'pet_breed_id': 6, 'pet_level': 1, 'pet_quality_id': 3, 'pet_species_id': 1152}"
1200208708,LONG,760000,3,,,{'id': 87888}
1200208721,LONG,630000,2,,,{'id': 40919}
1200208732,LONG,1210000,2,,,{'id': 149755}
1200208742,LONG,1300000,1,,,{'id': 104120}
1200208747,LONG,1190000,1,,,{'id': 43366}
1200208757,LONG,2020000,2,,,{'id': 104099}
1200208766,LONG,3980000,1,,,{'id': 43398}
1200208774,LONG,2370000,1,,,{'id': 45789}
1200208832,LONG,13330000,2,,,{'id': 167539}
1200208837,LONG,610000,2,,,{'id': 42459}
1200208844,LONG,21110000,1,,,{'id': 137293}
1200208850,LONG,1560000,3,,,{'id': 87885}
1200208866,LONG,1940000,2,,,{'id': 43373}
1200208872,LONG,1900000,1,,,{'id': 104108}
1200208887,LONG,2920000,1,,,{'id': 80587}
1200208900,LONG,2430000,1,,,{'id': 77101}
1200208907,LONG,700000,7,,,{'id': 104127}
1200208929,LONG,150000,3,,,{'id': 104138}
1200208944,LONG,5550000,2,,,{'id': 43369}
1200208952,LONG,480000,1,,,{'id': 104126}
1200208970,LONG,2240000,2,,,{'id': 41100}
1200208987,LONG,450000,2,,,{'id': 43350}
1200208996,LONG,570000,2,,,{'id': 87277}
1200209003,LONG,1170000,2,,,{'id': 87883}
1200211364,LONG,,1,57881500,,"{'id': 82800, 'context': 0, 'modifiers': [{'type': 6, 'value': 48212}], 'pet_breed_id': 18, 'pet_level': 1, 'pet_quality_id': 3, 'pet_species_id': 1200}"
1200211368,VERY_LONG,,1,47357800,,"{'id': 16223, 'context': 0}"
1200211380,LONG,,1,1935300,,"{'id': 82800, 'context': 0, 'modifiers': [{'type': 6, 'value': 4615}], 'pet_breed_id': 3, 'pet_level': 1, 'pet_quality_id': 3, 'pet_species_id': 68}"
1200211385,LONG,,1,19464100,,"{'id': 82800, 'context': 0, 'modifiers': [{'type': 6, 'value': 44655}], 'pet_breed_id': 8, 'pet_level': 1, 'pet_quality_id': 3, 'pet_species_id': 650}"
1200211388,LONG,,1,14998600,,"{'id': 82800, 'context': 0, 'modifiers': [{'type': 6, 'value': 47955}], 'pet_breed_id': 21, 'pet_level': 1, 'pet_quality_id': 2, 'pet_species_id': 652}"
1200211391,VERY_LONG,,1,56140000,,"{'id': 25265, 'context': 3, 'bonus_lists': [1677]}"
1200211394,LONG,,1,60000000,,"{'id': 82800, 'context': 0, 'modifiers': [{'type': 6, 'value': 57823}], 'pet_breed_id': 22, 'pet_level': 1, 'pet_quality_id': 3, 'pet_species_id': 1429}"
1200211396,LONG,,1,179980000,,"{'id': 82800, 'context': 0, 'modifiers': [{'type': 6, 'value': 45957}], 'pet_breed_id': 3, 'pet_level': 1, 'pet_quality_id': 3, 'pet_species_id': 848}"
1200211400,VERY_LONG,,1,520066000,,"{'id': 118831, 'context': 0, 'bonus_lists': [6658], 'modifiers': [{'type': 9, 'value': 50}, {'type': 28, 'value': 435}]}"
1200211402,VERY_LONG,,1,46169800,,"{'id': 14858, 'context': 54, 'bonus_lists': [4277], 'modifiers': [{'type': 9, 'value': 50}]}"
1200211405,VERY_LONG,,1,105999600,,"{'id': 82800, 'context': 0, 'modifiers': [{'type': 6, 'value': 90515}], 'pet_breed_id': 22, 'pet_level': 1, 'pet_quality_id': 2, 'pet_species_id': 2698}"
1200211407,VERY_LONG,,1,25597400,,"{'id': 121185, 'context': 0, 'bonus_lists': [1812, 1702], 'modifiers': [{'type': 9, 'value': 45}]}"
1200211410,LONG,,1,26190300,,"{'id': 82800, 'context': 0, 'modifiers': [{'type': 6, 'value': 72239}], 'pet_breed_id': 8, 'pet_level': 1, 'pet_quality_id': 3, 'pet_species_id': 1931}"
1200211413,VERY_LONG,,1,23999800,,"{'id': 15440, 'context': 0, 'bonus_lists': [1692]}"
1200211417,VERY_LONG,,1,190918900,,"{'id': 169433, 'context': 0, 'bonus_lists': [4796, 1678], 'modifiers': [{'type': 9, 'value': 50}]}"
1200211419,VERY_LONG,,1,361513000,,"{'id': 169433, 'context': 0, 'bonus_lists': [4796, 1708], 'modifiers': [{'type': 9, 'value': 50}]}"
1200211422,VERY_LONG,,1,107903800,,"{'id': 106644, 'context': 29, 'bonus_lists': [3854, 56], 'modifiers': [{'type': 9, 'value': 45}]}"
1200211436,VERY_LONG,,1,28196600,,"{'id': 14795, 'context': 54, 'bonus_lists': [4277], 'modifiers': [{'type': 9, 'value': 50}]}"
1200211442,VERY_LONG,,1,28196600,,"{'id': 14795, 'context': 54, 'bonus_lists': [4277], 'modifiers': [{'type': 9, 'value': 50}]}"
1200211450,VERY_LONG,35262700,1,,,{'id': 64395}
1200211455,VERY_LONG,,1,24437800,,"{'id': 15680, 'context': 0, 'bonus_lists': [6654, 1695], 'modifiers': [{'type': 9, 'value': 30}, {'type': 28, 'value': 36}]}"
1200211462,LONG,,1,63999900,,"{'id': 82800, 'context': 0, 'modifiers': [{'type': 6, 'value': 47858}], 'pet_breed_id': 17, 'pet_level': 1, 'pet_quality_id': 3, 'pet_species_id': 1344}"
1200211468,VERY_LONG,,1,38645000,,"{'id': 25660, 'context': 0}"
1200211476,VERY_LONG,,1,38645000,,"{'id': 25660, 'context': 0}"
1200211481,VERY_LONG,,1,3195077400,,"{'id': 16723, 'context': 0}"
1200211485,VERY_LONG,,1,23765700,,"{'id': 14304, 'context': 54, 'bonus_lists': [1681, 4277], 'modifiers': [{'type': 9, 'value': 50}]}"
1200211490,VERY_LONG,,1,23765700,,"{'id': 14304, 'context': 54, 'bonus_lists': [1705, 4277], 'modifiers': [{'type': 9, 'value': 50}]}"
1200211494,VERY_LONG,,1,134426400,,"{'id': 15055, 'context': 0}"
1200211500,VERY_LONG,,1,911415500,,"{'id': 78254, 'context': 14, 'modifiers': [{'type': 28, 'value': 402}]}"
1200211503,VERY_LONG,,1,55536100,,"{'id': 106658, 'context': 28, 'bonus_lists': [3854, 118], 'modifiers': [{'type': 9, 'value': 45}]}"
1200211507,VERY_LONG,,1,37499300,,"{'id': 75077, 'context': 0, 'bonus_lists': [6863]}"
1200211512,VERY_LONG,,1,6379300,,"{'id': 82800, 'context': 0, 'modifiers': [{'type': 6, 'value': 61888}], 'pet_breed_id': 4, 'pet_level': 4, 'pet_quality_id': 3, 'pet_species_id': 1624}"
1200211518,LONG,,1,210009400,,"{'id': 82800, 'context': 0, 'modifiers': [{'type': 6, 'value': 54752}], 'pet_breed_id': 16, 'pet_level': 1, 'pet_quality_id': 3, 'pet_species_id': 1395}"
1200211523,VERY_LONG,,1,19999300,,"{'id': 40674, 'context': 0, 'bonus_lists': [6865]}"
1200211527,VERY_LONG,,1,19999300,,"{'id': 40674, 'context': 0, 'bonus_lists': [6865]}"
1200211533,VERY_LONG,,1,73488000,,"{'id': 14857, 'context': 0, 'bonus_lists': [6654], 'modifiers': [{'type': 9, 'value': 30}, {'type': 28, 'value': 36}]}"
1200211539,VERY_LONG,,1,58424000,,"{'id': 12836, 'context': 14}"
1200211543,VERY_LONG,,1,434189100,,"{'id': 169434, 'context': 0, 'bonus_lists': [4796, 1708], 'modifiers': [{'type': 9, 'value': 50}]}"
1200211557,VERY_LONG,,1,48708400,,"{'id': 14959, 'context': 54, 'bonus_lists': [1692, 4277], 'modifiers': [{'type': 9, 'value': 50}]}"
1200211568,VERY_LONG,,1,83850500,,"{'id': 16049, 'context': 1, 'modifiers': [{'type': 28, 'value': 201}]}"
1200211573,VERY_LONG,,1,59093600,,"{'id': 14813, 'context': 54, 'bonus_lists': [4277], 'modifiers': [{'type': 9, 'value': 50}]}"
1200211579,VERY_LONG,,1,2722800,,"{'id': 82800, 'context': 0, 'modifiers': [{'type': 6, 'value': 46923}], 'pet_breed_id': 8, 'pet_level': 6, 'pet_quality_id': 3, 'pet_species_id': 1149}"
1200211583,VERY_LONG,,1,12088200,,"{'id': 15393, 'context': 0, 'bonus_lists': [6654, 1678], 'modifiers': [{'type': 9, 'value': 30}, {'type': 28, 'value': 36}]}"
1200211589,VERY_LONG,,1,222555200,,"{'id': 82800, 'context': 0, 'modifiers': [{'type': 6, 'value': 47958}], 'pet_breed_id': 21, 'pet_level': 3, 'pet_quality_id': 3, 'pet_species_id': 1208}"
1200211593,VERY_LONG,,1,1295317700,,"{'id': 164546, 'context': 11}"
1200211599,VERY_LONG,,1,55000000,,"{'id': 169402, 'context': 0, 'bonus_lists': [4796, 1714], 'modifiers': [{'type': 9, 'value': 50}]}"
1200211605,VERY_LONG,,1,276908200,,"{'id': 169402, 'context': 0, 'bonus_lists': [4796, 1689], 'modifiers': [{'type': 9, 'value': 50}]}"
1200211609,LONG,,1,17499900,,"{'id': 172236, 'context': 13, 'bonus_lists': [6887, 7224], 'modifiers': [{'type': 9, 'value': 60}, {'type': 28, 'value': 391}, {'type': 29, 'value': 36}, {'type': 30, 'value': 40}]}"
1200211611,LONG,,1,130554100,,"{'id': 82800, 'context': 0, 'modifiers': [{'type': 6, 'value': 74484}], 'pet_breed_id': 6, 'pet_level': 1, 'pet_quality_id': 3, 'pet_species_id': 1805}"
1200211614,LONG,,1,17499900,,"{'id': 172236, 'context': 13, 'bonus_lists': [6887, 7224], 'modifiers': [{'type': 9, 'value': 60}, {'type': 28, 'value': 391}, {'type': 29, 'value': 40}, {'type': 30, 'value': 36}]}"
1200211619,VERY_LONG,,1,51749300,,"{'id': 15136, 'context': 36, 'bonus_lists': [1680, 3834], 'modifiers': [{'type': 9, 'value': 16}]}"
1200211624,LONG,603600,2,,,{'id': 4382}
1200211625,VERY_LONG,,1,22327900,,"{'id': 14804, 'context': 54, 'bonus_lists': [4277], 'modifiers': [{'type': 9, 'value': 50}]}"
1200211630,LONG,,1,4339900,,"{'id': 55521, 'context': 0, 'bonus_lists': [6654, 1700], 'modifiers': [{'type': 9, 'value': 35}, {'type': 28, 'value': 56}]}"
1200211631,VERY_LONG,,1,165908400,,"{'id': 2549, 'context': 0}"
1200211634,LONG,,1,34268500,,"{'id': 3608, 'context': 1, 'modifiers': [{'type': 28, 'value': 204}]}"
1200211636,LONG,,1,25711800,,"{'id': 82800, 'context': 0, 'modifiers': [{'type': 6, 'value': 33559}], 'pet_breed_id': 5, 'pet_level': 1, 'pet_quality_id': 3, 'pet_species_id': 262}"
1200211641,LONG,,1,8003100,,"{'id': 4705, 'context': 1, 'bonus_lists': [6654], 'modifiers': [{'type': 9, 'value': 30}, {'type': 28, 'value': 204}]}"
1200211642,VERY_LONG,,1,17437700,,"{'id': 121061, 'context': 0, 'bonus_lists': [1812, 1715], 'modifiers': [{'type': 9, 'value': 45}]}"
1200211647,LONG,,1,436400,,"{'id': 36413, 'context': 0, 'bonus_lists': [6654, 1694], 'modifiers': [{'type': 9, 'value': 30}, {'type': 28, 'value': 1023}]}"
1200211648,VERY_LONG,,1,6016600,,"{'id': 14664, 'context': 0, 'bonus_lists': [6654], 'modifiers': [{'type': 9, 'value': 30}, {'type': 28, 'value': 36}]}"
1200211652,LONG,4925400,20,,,{'id': 14256}
1200211654,LONG,450000,250,,,{'id': 171286}
1200211655,LONG,,1,47999900,,"{'id': 82800, 'context': 0, 'modifiers': [{'type': 6, 'value': 28501}], 'pet_breed_id': 9, 'pet_level': 1, 'pet_quality_id': 3, 'pet_species_id': 165}"
1200211658,LONG,,1,11222400,,"{'id': 14778, 'context': 1, 'bonus_lists': [6654], 'modifiers': [{'type': 9, 'value': 30}, {'type': 28, 'value': 209}]}"
1200211660,LONG,,1,85570900,,"{'id': 82800, 'context': 0, 'modifiers': [{'type': 6, 'value': 65713}], 'pet_breed_id': 5, 'pet_level': 1, 'pet_quality_id': 3, 'pet_species_id': 1764}"
1200211663,LONG,,1,55960500,,"{'id': 14564, 'context': 1, 'bonus_lists': [6654], 'modifiers': [{'type': 9, 'value': 30}, {'type': 28, 'value': 193}]}"
1200211666,LONG,2889900,1,,,{'id': 4371}
1200211670,LONG,,1,50445700,,"{'id': 82800, 'context': 0, 'modifiers': [{'type': 6, 'value': 32790}], 'pet_breed_id': 3, 'pet_level': 1, 'pet_quality_id': 3, 'pet_species_id': 629}"
1200211671,LONG,,1,1159900,,"{'id': 9937, 'context': 0, 'bonus_lists': [6654, 1708], 'modifiers': [{'type': 9, 'value': 30}, {'type': 28, 'value': 29}]}"
1200211675,LONG,9999900,4,,,{'id': 58088}
1200211677,VERY_LONG,,1,77987200,,"{'id': 1979, 'context': 54, 'bonus_lists': [4259], 'modifiers': [{'type': 9, 'value': 50}]}"
1200211678,LONG,,1,12206700,,"{'id': 12040, 'context': 1, 'bonus_lists': [6654, 1695], 'modifiers': [{'type': 9, 'value': 20}, {'type': 28, 'value': 203}]}"
1200211679,VERY_LONG,,1,25252500,,"{'id': 15190, 'context': 0, 'bonus_lists': [6654, 1707], 'modifiers': [{'type': 9, 'value': 30}, {'type': 28, 'value': 36}]}"
1200211683,LONG,,1,5619100,,"{'id': 8110, 'context': 1, 'bonus_lists': [6654], 'modifiers': [{'type': 9, 'value': 20}, {'type': 28, 'value': 218}]}"
1200211686,LONG,330100,1,,,{'id': 1711}
1200211688,VERY_LONG,,1,49192400,,"{'id': 14958, 'context': 54, 'bonus_lists': [1677, 4279], 'modifiers': [{'type': 9, 'value': 50}]}"
1200211690,LONG,,1,15471200,,"{'id': 132743, 'context': 1, 'bonus_lists': [6710], 'modifiers': [{'type': 9, 'value': 30}, {'type': 28, 'value': 193}]}"
1200211693,LONG,,1,15471200,,"{'id': 132743, 'context': 1, 'bonus_lists': [6710], 'modifiers': [{'type': 9, 'value': 30}, {'type': 28, 'value': 193}]}"
1200211696,LONG,,1,4499900,,"{'id': 7989, 'context': 1, 'modifiers': [{'type': 28, 'value': 218}]}"
1200211698,VERY_LONG,,1,198303300,,"{'id': 44310, 'context': 0}"
1200211700,LONG,916500,12,,,{'id': 76142}
1200211701,LONG,,1,92365500,,"{'id': 82800, 'context': 0, 'modifiers': [{'type': 6, 'value': 1072}], 'pet_breed_id': 12, 'pet_level': 1, 'pet_quality_id': 3, 'pet_species_id': 2063}"
1200211702,LONG,,1,14685500,,"{'id': 9891, 'context': 0, 'bonus_lists': [6654, 1681], 'modifiers': [{'type': 9, 'value': 30}, {'type': 28, 'value': 25}]}"
1200211704,LONG,,1,94490700,,"{'id': 82800, 'context': 0, 'modifiers': [{'type': 6, 'value': 46174}], 'pet_breed_id': 8, 'pet_level': 25, 'pet_quality_id': 3, 'pet_species_id': 1063}"
1200211705,LONG,,1,6416500,,"{'id': 15242, 'context': 1, 'bonus_lists': [6655, 1692], 'modifiers': [{'type': 9, 'value': 30}, {'type': 28, 'value': 204}]}"
1200211709,LONG,209900,3,,,{'id': 7911}
1200211710,VERY_LONG,,1,26551500,,"{'id': 15667, 'context': 54, 'bonus_lists': [1681, 4281], 'modifiers': [{'type': 9, 'value': 50}]}"
1200211715,LONG,,1,52115300,,"{'id': 82800, 'context': 0, 'modifiers': [{'type': 6, 'value': 38232}], 'pet_breed_id': 8, 'pet_level': 1, 'pet_quality_id': 3, 'pet_species_id': 310}"
1200211720,LONG,,1,8407500,,"{'id': 179323, 'context': 1, 'bonus_lists': [6908, 6652, 1699], 'modifiers': [{'type': 9, 'value': 60}, {'type': 28, 'value': 747}]}"
1200211723,LONG,,1,99970000,,"{'id': 82800, 'context': 0, 'modifiers': [{'type': 6, 'value': 22389}], 'pet_breed_id': 3, 'pet_level': 1, 'pet_quality_id': 3, 'pet_species_id': 164}"
1200211724,LONG,869900,11,,,{'id': 929}
1200211726,LONG,,1,6159800,,"{'id': 9298, 'context': 1, 'modifiers': [{'type': 28, 'value': 214}]}"
1200211728,VERY_LONG,,1,200078500,,"{'id': 18710, 'context': 0}"
1200211734,VERY_LONG,,1,40100700,,"{'id': 14933, 'context': 54, 'bonus_lists': [1695, 4279], 'modifiers': [{'type': 9, 'value': 50}]}"
1200211737,LONG,,1,132223200,,"{'id': 82800, 'context': 0, 'modifiers': [{'type': 6, 'value': 58547}], 'pet_breed_id': 18, 'pet_level': 1, 'pet_quality_id': 3, 'pet_species_id': 1450}"
1200211738,LONG,,1,57108900,,"{'id': 15499, 'context': 1, 'bonus_lists': [6654, 1681], 'modifiers': [{'type': 9, 'value': 30}, {'type': 28, 'value': 193}]}"
1200211741,VERY_LONG,,1,860913000,,"{'id': 78321, 'context': 14, 'modifiers': [{'type': 28, 'value': 402}]}"
1200211743,LONG,2530200,58,,,{'id': 54849}
1200211746,VERY_LONG,,1,56332700,,"{'id': 37070, 'context': 1, 'bonus_lists': [4141], 'modifiers': [{'type': 9, 'value': 29}]}"
1200211747,LONG,,1,74999900,,"{'id': 10400, 'context': 1}"
1200211750,VERY_LONG,,1,51776900,,"{'id': 90722, 'context': 0, 'bonus_lists': [4209], 'modifiers': [{'type': 9, 'value': 35}]}"
1200211751,LONG,1997700,1,,,{'id': 85221}
1200211756,VERY_LONG,,1,71716000,,"{'id': 106657, 'context': 29, 'bonus_lists': [4503, 38], 'modifiers': [{'type': 9, 'value': 45}]}"
1200211760,VERY_LONG,,1,71716000,,"{'id': 106657, 'context': 29, 'bonus_lists': [4503, 150], 'modifiers': [{'type': 9, 'value': 45}]}"
1200211761,LONG,,1,6271500,,"{'id': 3196, 'context': 1, 'bonus_lists': [6655, 1691], 'modifiers': [{'type': 9, 'value': 30}, {'type': 28, 'value': 193}]}"
1200211764,LONG,,1,21715000,,"{'id': 15249, 'context': 1, 'bonus_lists': [6655, 1678], 'modifiers': [{'type': 9, 'value': 30}, {'type': 28, 'value': 204}]}"
1200211765,LONG,,1,52655800,,"{'id': 82800, 'context': 0, 'modifiers': [{'type': 6, 'value': 48661}], 'pet_breed_id': 10, 'pet_level': 1, 'pet_quality_id': 3, 'pet_species_id': 1232}"
1200211768,LONG,,1,255999900,,"{'id': 82800, 'context': 0, 'modifiers': [{'type': 6, 'value': 95575}], 'pet_breed_id': 15, 'pet_level': 1, 'pet_quality_id': 2, 'pet_species_id': 3047}"
1200211769,LONG,,1,5390900,,"{'id': 82800, 'context': 0, 'modifiers': [{'type': 6, 'value': 19999}], 'pet_breed_id': 3, 'pet_level': 1, 'pet_quality_id': 3, 'pet_species_id': 141}"
1200211774,VERY_LONG,,1,87534800,,"{'id': 106675, 'context': 28, 'bonus_lists': [3854, 104], 'modifiers': [{'type': 9, 'value': 45}]}"
1200211776,LONG,53900,34,,,{'id': 171370}
1200211778,VERY_LONG,96849800,3019,,,{'id': 2515}
1200211779,LONG,507500,6,,,{'id': 58084}
1200211784,LONG,,1,10303800,,"{'id': 9916, 'context': 0, 'bonus_lists': [6654, 1680], 'modifiers': [{'type': 9, 'value': 30}, {'type': 28, 'value': 35}]}"
1200211785,VERY_LONG,,1,24498800,,"{'id': 116180, 'context': 13, 'bonus_lists': [176, 525, 535]}"
1200211790,LONG,,1,3964300,,"{'id': 55620, 'context': 0, 'bonus_lists': [6654, 1687], 'modifiers': [{'type': 9, 'value': 35}, {'type': 28, 'value': 56}]}"
1200211791,VERY_LONG,,1,377235000,,"{'id': 118816, 'context': 29, 'bonus_lists': [3959], 'modifiers': [{'type': 9, 'value': 50}]}"
1200211798,VERY_LONG,,1,26068200,,"{'id': 14866, 'context': 0}"
1200211799,LONG,411500,177,,,{'id': 53038}
1200211803,VERY_LONG,,1,29999800,,"{'id': 15175, 'context': 54, 'bonus_lists': [1678, 4277], 'modifiers': [{'type': 9, 'value': 50}]}"
1200211804,LONG,27300,18,,,{'id': 172092}
1200211807,LONG,3249600,4,,,{'id': 15408}
1200211809,VERY_LONG,,1,29999800,,"{'id': 15175, 'context': 53, 'bonus_lists': [1694, 4277], 'modifiers': [{'type': 9, 'value': 50}]}"
1200211813,VERY_LONG,,1,858546100,,"{'id': 1991, 'context': 0, 'bonus_lists': [3649, 5687], 'modifiers': [{'type': 9, 'value': 25}]}"
1200211815,LONG,,1,9385500,,"{'id': 9800, 'context': 1, 'bonus_lists': [6655, 1681], 'modifiers': [{'type': 9, 'value': 30}, {'type': 28, 'value': 204}]}"
1200211824,VERY_LONG,,1,858546100,,"{'id': 1991, 'context': 0, 'bonus_lists': [3649], 'modifiers': [{'type': 9, 'value': 25}]}"
1200211828,LONG,119700,20,,,{'id': 76141}
1200211829,VERY_LONG,,1,32142300,,"{'id': 82800, 'context': 0, 'modifiers': [{'type': 6, 'value': 66485}], 'pet_breed_id': 17, 'pet_level': 7, 'pet_quality_id': 3, 'pet_species_id': 1884}"
1200211833,LONG,93700,44,,,{'id': 2840}
1200211836,VERY_LONG,,1,71573700,,"{'id': 82800, 'context': 0, 'pet_breed_id': 3, 'pet_level': 11, 'pet_quality_id': 3, 'pet_species_id': 1598}"
1200211839,LONG,,1,60009600,,"{'id': 82800, 'context': 0, 'modifiers': [{'type': 6, 'value': 46001}], 'pet_breed_id': 10, 'pet_level': 1, 'pet_quality_id': 3, 'pet_species_id': 330}"
1200211842,LONG,97900,33,,,{'id': 5997}
1200211843,LONG,899900,5,,,{'id': 58091}
1200211847,VERY_LONG,,1,47203800,,"{'id': 15653, 'context': 54, 'bonus_lists': [1707, 4278], 'modifiers': [{'type': 9, 'value': 50}]}"
1200211851,LONG,5800,1,,,{'id': 2838}
1200211855,VERY_LONG,,1,52522900,,"{'id': 13056, 'context': 54, 'bonus_lists': [4274], 'modifiers': [{'type': 9, 'value': 50}]}"
1200211858,LONG,,1,15598400,,"{'id': 116723, 'context': 1, 'bonus_lists': [6654, 202, 517], 'modifiers': [{'type': 9, 'value': 40}, {'type': 28, 'value': 276}]}"
1200211860,LONG,3438500,75,,,{'id': 9308}
1200211861,VERY_LONG,,1,152357100,,"{'id': 34829, 'context': 1}"
1200211863,LONG,,1,1169900,,"{'id': 15584, 'context': 1, 'bonus_lists': [6655, 1692], 'modifiers': [{'type': 9, 'value': 30}, {'type': 28, 'value': 203}]}"
1200211865,VERY_LONG,,1,152357100,,"{'id': 34829, 'context': 1}"
1200211867,LONG,169900,10,,,{'id': 2453}
1200211869,LONG,,1,170489100,,"{'id': 82800, 'context': 0, 'modifiers': [{'type': 6, 'value': 46163}], 'pet_breed_id': 5, 'pet_level': 1, 'pet_quality_id': 3, 'pet_species_id': 1061}"
1200211871,LONG,20200,120,,,{'id': 2835}
1200211873,LONG,,1,14463800,,"{'id': 14376, 'context': 1, 'bonus_lists': [6654], 'modifiers': [{'type': 9, 'value': 30}, {'type': 28, 'value': 193}]}"
1200211874,VERY_LONG,,1,899997700,,"{'id': 87251, 'context': 1}"
1200211876,VERY_LONG,,1,11671600,,"{'id': 14454, 'context': 54, 'bonus_lists': [4277], 'modifiers': [{'type': 9, 'value': 50}]}"
1200211878,LONG,,1,134732800,,"{'id': 15493, 'context': 1, 'bonus_lists': [6654, 1680], 'modifiers': [{'type': 9, 'value': 30}, {'type': 28, 'value': 193}]}"
1200211880,LONG,,1,10377100,,"{'id': 6605, 'context': 1, 'bonus_lists': [6654, 1692], 'modifiers': [{'type': 9, 'value': 30}, {'type': 28, 'value': 204}]}"
1200211881,VERY_LONG,,1,48239100,,"{'id': 42725, 'context': 0, 'bonus_lists': [6881]}"
1200211883,LONG,,1,22788900,,"{'id': 10384, 'context': 1, 'bonus_lists': [6654, 1695], 'modifiers': [{'type': 9, 'value': 30}, {'type': 28, 'value': 204}]}"
1200211884,VERY_LONG,,1,49999300,,"{'id': 141572, 'context': 26, 'bonus_lists': [1472, 3528, 3431]}"
1200211887,VERY_LONG,,1,1124006900,,"{'id': 78222, 'context': 14, 'modifiers': [{'type': 28, 'value': 402}]}"
1200211889,LONG,159900,4,,,{'id': 62784}
1200211891,VERY_LONG,,1,19999300,,"{'id': 41128, 'context': 0, 'bonus_lists': [6876]}"
1200211893,LONG,19700,33,,,{'id': 6530}
1200211894,LONG,,1,12296100,,"{'id': 82800, 'context': 0, 'modifiers': [{'type': 6, 'value': 64425}], 'pet_breed_id': 8, 'pet_level': 1, 'pet_quality_id': 3, 'pet_species_id': 1690}"
1200211897,LONG,239900,25,,,{'id': 8838}
1200211899,LONG,,1,79999900,,"{'id': 82800, 'context': 0, 'modifiers': [{'type': 6, 'value': 36211}], 'pet_breed_id': 11, 'pet_level': 1, 'pet_quality_id': 3, 'pet_species_id': 277}"
1200211901,LONG,77100,1,,,{'id': 171828}
1200211902,LONG,,1,28997000,,"{'id': 82800, 'context': 0, 'modifiers': [{'type': 6, 'value': 59578}], 'pet_breed_id': 14, 'pet_level': 1, 'pet_quality_id': 3, 'pet_species_id': 1530}"
1200211904,LONG,,1,59152100,,"{'id': 82800, 'context': 0, 'modifiers': [{'type': 6, 'value': 47848}], 'pet_breed_id': 4, 'pet_level': 1, 'pet_quality_id': 3, 'pet_species_id': 1178}"
1200211905,LONG,,1,63999900,,"{'id': 69976, 'context': 5, 'modifiers': [{'type': 28, 'value': 1029}]}"
1200211908,LONG,,1,64088400,,"{'id': 44148, 'context': 0}"
1200211909,LONG,,1,210088800,,"{'id': 82800, 'context': 0, 'modifiers': [{'type': 6, 'value': 28726}], 'pet_breed_id': 15, 'pet_level': 1, 'pet_quality_id': 3, 'pet_species_id': 1943}"
1200211911,LONG,,1,42386000,,"{'id': 15306, 'context': 1, 'bonus_lists': [6654, 1679], 'modifiers': [{'type': 9, 'value': 30}, {'type': 28, 'value': 193}]}"
1200211913,VERY_LONG,,1,65000000,,"{'id': 171413, 'context': 63, 'bonus_lists': [6716, 1487]}"
1200211914,LONG,,1,2122700,,"{'id': 9763, 'context': 0, 'bonus_lists': [6654, 1677], 'modifiers': [{'type': 9, 'value': 30}, {'type': 28, 'value': 9}]}"
1200211916,VERY_LONG,,1,65000000,,"{'id': 171413, 'context': 63, 'bonus_lists': [6716, 1487]}"
1200211917,LONG,999900,10,,,{'id': 57192}
1200211918,LONG,,1,4979800,,"{'id': 10413, 'context': 1, 'bonus_lists': [6710], 'modifiers': [{'type': 9, 'value': 30}, {'type': 28, 'value': 193}]}"
1200211922,VERY_LONG,,1,65000000,,"{'id': 171413, 'context': 63, 'bonus_lists': [6716, 1487]}"
1200211924,LONG,254900,53,,,{'id': 3385}
1200211928,VERY_LONG,,1,65000000,,"{'id': 171413, 'context': 63, 'bonus_lists': [6716, 1487]}"
1200211930,LONG,,1,26384200,,"{'id': 11994, 'context': 1, 'bonus_lists': [6654, 1681], 'modifiers': [{'type': 9, 'value': 30}, {'type': 28, 'value': 204}]}"
1200211934,LONG,49800,56,,,{'id': 2318}
1200211935,VERY_LONG,,1,65000000,,"{'id': 171413, 'context': 63, 'bonus_lists': [6716, 1487]}"
1200211938,LONG,50900,128,,,{'id': 76135}
1200211939,VERY_LONG,,1,65000000,,"{'id': 171413, 'context': 63, 'bonus_lists': [6716, 1487]}"
1200211944,LONG,6499600,22,,,{'id': 76131}
1200211946,VERY_LONG,,1,28452000,,"{'id': 15658, 'context': 54, 'bonus_lists': [1695, 4277], 'modifiers': [{'type': 9, 'value': 50}]}"
1200211949,LONG,,1,21569400,,"{'id': 142402, 'context': 1, 'modifiers': [{'type': 28, 'value': 218}]}"
1200211951,VERY_LONG,,1,57701000,,"{'id': 14844, 'context': 0, 'bonus_lists': [6654], 'modifiers': [{'type': 9, 'value': 30}, {'type': 28, 'value': 36}]}"
1200211953,LONG,18400,71,,,{'id': 159959}
1200211954,LONG,,1,18399900,,"{'id': 82800, 'context': 0, 'modifiers': [{'type': 6, 'value': 60617}], 'pet_breed_id': 8, 'pet_level': 1, 'pet_quality_id': 3, 'pet_species_id': 1570}"
1200211961,LONG,,1,59434600,,"{'id': 82800, 'context': 0, 'modifiers': [{'type': 6, 'value': 48662}], 'pet_breed_id': 10, 'pet_level': 1, 'pet_quality_id': 3, 'pet_species_id': 1229}"
1200211962,LONG,3768800,27,,,{'id': 76139}
1200211967,VERY_LONG,,1,40161100,,"{'id': 15188, 'context': 54, 'bonus_lists': [1694, 4277], 'modifiers': [{'type': 9, 'value': 50}]}"
1200211968,LONG,149900,6,,,{'id': 15416}
1200211970,VERY_LONG,,1,40161100,,"{'id': 15188, 'context': 0, 'bonus_lists': [6654, 1694], 'modifiers': [{'type': 9, 'value': 30}, {'type': 28, 'value': 36}]}"
1200211972,LONG,16200,117,,,{'id': 2836}
1200211977,LONG,,1,30446100,,"{'id': 4712, 'context': 1, 'bonus_lists': [6654], 'modifiers': [{'type': 9, 'value': 30}, {'type': 28, 'value': 204}]}"
1200211979,LONG,,1,38794000,,"{'id': 82800, 'context': 0, 'modifiers': [{'type': 6, 'value': 65638}], 'pet_breed_id': 22, 'pet_level': 1, 'pet_quality_id': 3, 'pet_species_id': 1755}"
1200211985,LONG,,1,43454800,,"{'id': 82800, 'context': 0, 'modifiers': [{'type': 6, 'value': 65717}], 'pet_breed_id': 4, 'pet_level': 1, 'pet_quality_id': 3, 'pet_species_id': 1766}"
1200211990,LONG,,1,15283600,,"{'id': 82800, 'context': 0, 'modifiers': [{'type': 6, 'value': 901}], 'pet_breed_id': 3, 'pet_level': 1, 'pet_quality_id': 3, 'pet_species_id': 95}"
1200211994,LONG,,1,110002700,,"{'id': 82800, 'context': 0, 'modifiers': [{'type': 6, 'value': 27678}], 'pet_breed_id': 12, 'pet_level': 1, 'pet_quality_id': 3, 'pet_species_id': 335}"
1200211999,VERY_LONG,,1,150964400,,"{'id': 106685, 'context': 29, 'bonus_lists': [3854, 88], 'modifiers': [{'type': 9, 'value': 45}]}"
1200212004,VERY_LONG,,1,150964400,,"{'id': 106685, 'context': 29, 'bonus_lists': [3854, 93], 'modifiers': [{'type': 9, 'value': 45}]}"
1200212008,LONG,,1,12993000,,"{'id': 82800, 'context': 0, 'modifiers': [{'type': 6, 'value': 9905}], 'pet_breed_id': 7, 'pet_level': 1, 'pet_quality_id': 3, 'pet_species_id': 286}"
1200212015,LONG,,1,98227300,,"{'id': 82800, 'context': 0, 'modifiers': [{'type': 6, 'value': 58617}], 'pet_breed_id': 21, 'pet_level': 1, 'pet_quality_id': 3, 'pet_species_id': 1458}"
1200212017,LONG,,1,39829100,,"{'id': 82800, 'context': 0, 'modifiers': [{'type': 6, 'value': 59038}], 'pet_breed_id': 8, 'pet_level': 1, 'pet_quality_id': 3, 'pet_species_id': 1568}"
1200212024,LONG,,1,38139700,,"{'id': 82800, 'context': 0, 'modifiers': [{'type': 6, 'value': 22855}], 'pet_breed_id': 13, 'pet_level': 1, 'pet_quality_id': 3, 'pet_species_id': 167}"
1200212029,VERY_LONG,,1,173354900,,"{'id': 25163, 'context': 36, 'bonus_lists': [1691, 3873], 'modifiers': [{'type': 9, 'value': 50}]}"
1200212037,LONG,,1,66624500,,"{'id': 82800, 'context': 0, 'modifiers': [{'type': 6, 'value': 54511}], 'pet_breed_id': 16, 'pet_level': 1, 'pet_quality_id': 3, 'pet_species_id': 1394}"
1200212321,LONG,470500,3,,,{'id': 172406}
1200212393,LONG,349500,5,,,{'id': 171832}
1200212468,LONG,,1,109900,,"{'id': 46753, 'context': 0, 'modifiers': [{'type': 28, 'value': 1478}]}"
1200213053,VERY_LONG,,1,34999900,,"{'id': 173215, 'context': 0, 'bonus_lists': [6893, 7185], 'modifiers': [{'type': 9, 'value': 60}, {'type': 28, 'value': 391}, {'type': 29, 'value': 49}, {'type': 30, 'value': 40}]}"
1200213054,VERY_LONG,,1,34999900,,"{'id': 173215, 'context': 0, 'bonus_lists': [6893, 7185], 'modifiers': [{'type': 9, 'value': 60}, {'type': 28, 'value': 391}, {'type': 29, 'value': 36}, {'type': 30, 'value': 49}]}"
1200213056,VERY_LONG,,1,34999900,,"{'id': 173215, 'context': 0, 'bonus_lists': [6893, 7185], 'modifiers': [{'type': 9, 'value': 60}, {'type': 28, 'value': 391}, {'type': 29, 'value': 36}, {'type': 30, 'value': 40}]}"
1200213057,VERY_LONG,,1,34999900,,"{'id': 173215, 'context': 0, 'bonus_lists': [6893, 7185], 'modifiers': [{'type': 9, 'value': 60}, {'type': 28, 'value': 391}, {'type': 29, 'value': 36}, {'type': 30, 'value': 40}]}"
1200213059,VERY_LONG,,1,34999900,,"{'id': 173215, 'context': 0, 'bonus_lists': [6893, 7185], 'modifiers': [{'type': 9, 'value': 60}, {'type': 28, 'value': 391}, {'type': 29, 'value': 40}, {'type': 30, 'value': 36}]}"
1200213060,VERY_LONG,,1,34999900,,"{'id': 173215, 'context': 0, 'bonus_lists': [6893, 7185], 'modifiers': [{'type': 9, 'value': 60}, {'type': 28, 'value': 391}, {'type': 29, 'value': 32}, {'type': 30, 'value': 36}]}"
1200213063,VERY_LONG,,1,34999900,,"{'id': 173215, 'context': 0, 'bonus_lists': [6893, 7185], 'modifiers': [{'type': 9, 'value': 60}, {'type': 28, 'value': 391}, {'type': 29, 'value': 40}, {'type': 30, 'value': 49}]}"
1200213064,VERY_LONG,,1,34999900,,"{'id': 173215, 'context': 0, 'bonus_lists': [6893, 7185], 'modifiers': [{'type': 9, 'value': 60}, {'type': 28, 'value': 391}, {'type': 29, 'value': 40}, {'type': 30, 'value': 36}]}"
1200213066,VERY_LONG,,1,34999900,,"{'id': 173215, 'context': 0, 'bonus_lists': [6893, 7185], 'modifiers': [{'type': 9, 'value': 60}, {'type': 28, 'value': 391}, {'type': 29, 'value': 40}, {'type': 30, 'value': 36}]}"
1200215197,LONG,1001600,21,,,{'id': 142263}
1200215215,LONG,,1,391762100,,"{'id': 142265, 'context': 0, 'modifiers': [{'type': 28, 'value': 347}]}"
1200215224,LONG,,1,391762100,,"{'id': 142265, 'context': 0, 'modifiers': [{'type': 28, 'value': 347}]}"
1200215249,LONG,30000,201,,,{'id': 142266}
1200215260,LONG,513500,3,,,{'id': 173204}
1200215271,LONG,1001600,15,,,{'id': 142264}
1200215303,LONG,7953000,3,,,{'id': 181468}
1200215347,VERY_LONG,1811000,1,,,{'id': 82443}
1200215351,VERY_LONG,,1,6663300,3331700,"{'id': 3842, 'context': 1, 'bonus_lists': [6859]}"
1200215355,VERY_LONG,,1,601100,300600,"{'id': 13856, 'context': 0, 'bonus_lists': [6879]}"
1200215358,VERY_LONG,,1,7775200,3887600,"{'id': 3845, 'context': 1, 'bonus_lists': [6868]}"
1200215360,VERY_LONG,,1,6662400,3331200,"{'id': 6040, 'context': 1, 'bonus_lists': [6865]}"
1200215365,VERY_LONG,,1,6661700,3330900,"{'id': 3835, 'context': 1, 'bonus_lists': [6861]}"
1200215368,VERY_LONG,,1,5250000,2625000,"{'id': 3483, 'context': 1, 'bonus_lists': [6855]}"
1200215373,VERY_LONG,,1,4441100,2220600,"{'id': 2868, 'context': 1, 'bonus_lists': [6827]}"
1200215792,VERY_LONG,,1,999800,,"{'id': 82800, 'context': 0, 'modifiers': [{'type': 6, 'value': 99898}], 'pet_breed_id': 5, 'pet_level': 1, 'pet_quality_id': 2, 'pet_species_id': 2908}"
1200215819,VERY_LONG,,1,2000000,,"{'id': 82800, 'context': 0, 'modifiers': [{'type': 6, 'value': 47731}], 'pet_breed_id': 10, 'pet_level': 1, 'pet_quality_id': 3, 'pet_species_id': 1180}"
1200215961,VERY_LONG,71800,2200,,,{'id': 158187}
1200215963,VERY_LONG,516700,93,,,{'id': 124110}
1200215965,VERY_LONG,55200,1400,,,{'id': 153635}
1200215966,VERY_LONG,252800,62,,,{'id': 12205}
1200215968,VERY_LONG,,1,13295000,12630300,"{'id': 128610, 'context': 0}"
1200215970,VERY_LONG,414400,204,,,{'id': 133680}
1200215973,VERY_LONG,894900,54,,,{'id': 111672}
1200215974,VERY_LONG,716100,200,,,{'id': 152877}
1200215976,VERY_LONG,360900,124,,,{'id': 52719}
1200215977,VERY_LONG,946300,159,,,{'id': 22576}
1200215978,VERY_LONG,2949200,184,,,{'id': 111675}
1200215981,VERY_LONG,311100,41,,,{'id': 74248}
1200215982,VERY_LONG,,1,50579400,48050400,"{'id': 43, 'context': 0}"
1200215983,VERY_LONG,10194000,161,,,{'id': 129034}
1200215985,VERY_LONG,,1,3818179300,3627270300,"{'id': 8217, 'context': 0}"
1200215987,VERY_LONG,38000,2000,,,{'id': 124437}
1200215988,VERY_LONG,146000,520,,,{'id': 3576}
1200215990,VERY_LONG,797900,395,,,{'id': 158188}
1200215992,VERY_LONG,129500,4,,,{'id': 128304}
1200215993,VERY_LONG,9728400,2,,,{'id': 23782}
1200215997,VERY_LONG,123600,800,,,{'id': 168303}
1200215999,VERY_LONG,1962300,51,,,{'id': 27439}
1200216000,VERY_LONG,185600,129,,,{'id': 16203}
1200216003,VERY_LONG,4363400,36,,,{'id': 77467}
1200216006,VERY_LONG,363900,9,,,{'id': 12799}
1200216008,VERY_LONG,2204200,15,,,{'id': 111601}
1200216010,VERY_LONG,403000,103,,,{'id': 124108}
1200216012,VERY_LONG,328800,360,,,{'id': 22450}
1200216014,VERY_LONG,271000,32,,,{'id': 16204}
1200216017,VERY_LONG,90100,214,,,{'id': 108996}
1200216021,VERY_LONG,139000,1534,,,{'id': 152579}
1200216025,VERY_LONG,1941100,8,,,{'id': 33567}
1200216028,VERY_LONG,139400,73,,,{'id': 10940}
1200216032,VERY_LONG,31400,800,,,{'id': 153050}
1200216033,VERY_LONG,595500,775,,,{'id': 52325}
1200216034,VERY_LONG,323700,200,,,{'id': 2319}
1200216036,VERY_LONG,107600,613,,,{'id': 152577}
1200216040,VERY_LONG,,1,1968600,1895700,"{'id': 2587, 'context': 0}"
1200216042,VERY_LONG,38400,1200,,,{'id': 152511}
1200216046,VERY_LONG,327700,251,,,{'id': 124441}
1200216049,VERY_LONG,2410600,5,,,{'id': 108343}
1200216050,LONG,,1,2060000,,"{'id': 15275, 'context': 1, 'bonus_lists': [6655, 1705], 'modifiers': [{'type': 9, 'value': 30}, {'type': 28, 'value': 282}]}"
1200216052,VERY_LONG,3059800,6,,,{'id': 22572}
1200216054,LONG,,1,850000,,"{'id': 10060, 'context': 0, 'bonus_lists': [6654, 1694], 'modifiers': [{'type': 9, 'value': 30}, {'type': 28, 'value': 28}]}"
1200216055,VERY_LONG,1321100,1,,,{'id': 74850}
1200216058,VERY_LONG,3018400,43,,,{'id': 108332}
1200216062,VERY_LONG,,1,15237000,14475200,"{'id': 7114, 'context': 14}"
1200216063,LONG,2700,2,,,{'id': 13444}
1200216066,VERY_LONG,1967000,5,,,{'id': 41806}
1200216068,LONG,,1,19459900,,"{'id': 7518, 'context': 1, 'bonus_lists': [6654, 1705], 'modifiers': [{'type': 9, 'value': 30}, {'type': 28, 'value': 282}]}"
1200216069,VERY_LONG,,1,53932300,51235700,"{'id': 3661, 'context': 0}"
1200216073,VERY_LONG,1414600,101,,,{'id': 74865}
1200216076,VERY_LONG,733100,40,,,{'id': 113355}
1200216077,LONG,,1,19459900,,"{'id': 7518, 'context': 1, 'bonus_lists': [6654, 1706], 'modifiers': [{'type': 9, 'value': 30}, {'type': 28, 'value': 282}]}"
1200216079,VERY_LONG,3902900,35,,,{'id': 3470}
1200216080,VERY_LONG,,1,1726196700,1639886900,"{'id': 13495, 'context': 0}"
1200216081,LONG,1309900,4,,,{'id': 108338}
1200216083,VERY_LONG,10200,2800,,,{'id': 153051}
1200216085,LONG,14900,21,,,{'id': 2251}
1200216087,VERY_LONG,7428400,189,,,{'id': 168635}
1200216091,VERY_LONG,1084300,200,,,{'id': 109140}
1200216094,VERY_LONG,755200,200,,,{'id': 152549}
1200216095,LONG,,1,750000,,"{'id': 9922, 'context': 1, 'bonus_lists': [6654, 1679], 'modifiers': [{'type': 9, 'value': 30}, {'type': 28, 'value': 282}]}"
1200216100,VERY_LONG,220500,107,,,{'id': 34055}
1200218101,LONG,,1,37570000,,"{'id': 9935, 'context': 1, 'bonus_lists': [6655, 1695], 'modifiers': [{'type': 9, 'value': 30}, {'type': 28, 'value': 282}]}"
1200218104,VERY_LONG,748756600,1,,,{'id': 127735}
1200218110,VERY_LONG,5208300,27,,,{'id': 3478}
1200218112,LONG,,1,2450000,,"{'id': 10212, 'context': 0, 'bonus_lists': [6654, 1705], 'modifiers': [{'type': 9, 'value': 30}, {'type': 28, 'value': 30}]}"
1200218115,VERY_LONG,51200,560,,,{'id': 152507}
1200218118,VERY_LONG,29900,341,,,{'id': 152541}
1200218121,VERY_LONG,404000,38,,,{'id': 52976}
1200218123,LONG,19700,5,,,{'id': 35562}
1200218129,LONG,649900,1,,,{'id': 108336}
1200218135,LONG,,1,1750000,,"{'id': 106459, 'context': 1, 'bonus_lists': [6654, 112], 'modifiers': [{'type': 9, 'value': 40}, {'type': 28, 'value': 270}]}"
1200218139,LONG,49500,3,,,{'id': 52179}
1200218146,LONG,,1,3840000,,"{'id': 13085, 'context': 1, 'bonus_lists': [6658], 'modifiers': [{'type': 9, 'value': 30}, {'type': 28, 'value': 282}]}"
1200218151,LONG,,1,3840000,,"{'id': 13085, 'context': 0, 'bonus_lists': [6658], 'modifiers': [{'type': 9, 'value': 30}, {'type': 28, 'value': 26}]}"
1200218154,LONG,9800,5,,,{'id': 2674}
1200218158,LONG,,1,790000,,"{'id': 10059, 'context': 1, 'bonus_lists': [6654, 1708], 'modifiers': [{'type': 9, 'value': 30}, {'type': 28, 'value': 282}]}"
1200218160,LONG,49900,2,,,{'id': 74860}
1200218164,LONG,,1,2710000,,"{'id': 116629, 'context': 0, 'bonus_lists': [6655, 199], 'modifiers': [{'type': 9, 'value': 40}, {'type': 28, 'value': 63}]}"
1200218169,LONG,,1,399900,,"{'id': 10066, 'context': 1, 'bonus_lists': [6654, 1706], 'modifiers': [{'type': 9, 'value': 30}, {'type': 28, 'value': 282}]}"
1200218173,LONG,,1,410000,,"{'id': 10066, 'context': 1, 'bonus_lists': [6654, 1679], 'modifiers': [{'type': 9, 'value': 30}, {'type': 28, 'value': 282}]}"
1200218177,LONG,,1,1360000,,"{'id': 9949, 'context': 1, 'bonus_lists': [6654, 1692], 'modifiers': [{'type': 9, 'value': 30}, {'type': 28, 'value': 214}]}"
1200218180,LONG,,1,6860000,,"{'id': 8266, 'context': 1, 'bonus_lists': [6654], 'modifiers': [{'type': 9, 'value': 30}, {'type': 28, 'value': 282}]}"
1200218183,LONG,9800,2,,,{'id': 814}
1200218186,LONG,,1,1890000,,"{'id': 10183, 'context': 0, 'bonus_lists': [6654, 1707], 'modifiers': [{'type': 9, 'value': 30}, {'type': 28, 'value': 31}]}"
1200218194,LONG,,1,2469900,,"{'id': 106728, 'context': 0, 'bonus_lists': [6654, 159], 'modifiers': [{'type': 9, 'value': 40}, {'type': 28, 'value': 63}]}"
1200218198,LONG,,1,950000,,"{'id': 55725, 'context': 0, 'bonus_lists': [6654, 1695], 'modifiers': [{'type': 9, 'value': 35}, {'type': 28, 'value': 52}]}"
1200218203,LONG,,1,2000000,,"{'id': 9914, 'context': 1, 'bonus_lists': [6655, 1706], 'modifiers': [{'type': 9, 'value': 30}, {'type': 28, 'value': 282}]}"
1200218206,LONG,,1,1580000,,"{'id': 9906, 'context': 1, 'bonus_lists': [6654, 1691], 'modifiers': [{'type': 9, 'value': 30}, {'type': 28, 'value': 214}]}"
1200218209,LONG,,1,569900,,"{'id': 15262, 'context': 1, 'bonus_lists': [6655, 1691], 'modifiers': [{'type': 9, 'value': 30}, {'type': 28, 'value': 214}]}"
1200218216,LONG,49800,2,,,{'id': 52182}
1200218219,LONG,310000,4,,,{'id': 44940}
1200218225,LONG,,1,430000,,"{'id': 10184, 'context': 1, 'bonus_lists': [6654, 1678], 'modifiers': [{'type': 9, 'value': 30}, {'type': 28, 'value': 282}]}"
1200218266,LONG,27300,9,,,{'id': 172092}
1200218329,LONG,4800,4,,,{'id': 173032}
1200218635,VERY_LONG,,1,82500000,71563600,"{'id': 48933, 'context': 0, 'bonus_lists': [6844]}"
1200218638,VERY_LONG,,1,16495900,8248000,"{'id': 9782, 'context': 1, 'bonus_lists': [6654, 1692], 'modifiers': [{'type': 9, 'value': 30}, {'type': 28, 'value': 215}]}"
1200218643,VERY_LONG,,1,17500000,10697500,"{'id': 3844, 'context': 0}"
1200218644,VERY_LONG,,1,90000000,45000000,"{'id': 164412, 'context': 11}"
1200218682,VERY_LONG,2325400,109,,,{'id': 174328}
1200218683,VERY_LONG,2278900,80,,,{'id': 133572}
1200218684,VERY_LONG,,1,87527300,83150900,"{'id': 49565, 'context': 0}"
1200218685,VERY_LONG,57800,351,,,{'id': 174353}
1200218686,VERY_LONG,406200,382,,,{'id': 113588}
1200218687,VERY_LONG,318400,246,,,{'id': 82441}
1200218689,VERY_LONG,1065700,8,,,{'id': 76136}
1200218690,VERY_LONG,12700,128,,,{'id': 12365}
1200218693,VERY_LONG,130300,2500,,,{'id': 21887}
1200218695,VERY_LONG,1248500,11,,,{'id': 3859}
1200218696,VERY_LONG,208500,1691,,,{'id': 8170}
1200218700,VERY_LONG,328600,43,,,{'id': 2997}
1200218703,VERY_LONG,6600,1159,,,{'id': 168645}
1200218705,VERY_LONG,127200,696,,,{'id': 168185}
1200218706,VERY_LONG,8200,3200,,,{'id': 152542}
1200218709,VERY_LONG,38000,136,,,{'id': 124437}
1200218711,VERY_LONG,6778400,121,,,{'id': 61978}
1200218712,VERY_LONG,94400,140,,,{'id': 2771}
1200218713,VERY_LONG,2434400,85,,,{'id': 10505}
1200218715,VERY_LONG,276700,57,,,{'id': 22573}
1200218717,VERY_LONG,2884800,28,,,{'id': 111674}
1200218718,VERY_LONG,2244100,525,,,{'id': 160398}
1200218720,VERY_LONG,5400,6000,,,{'id': 154165}
1200218721,VERY_LONG,38400,779,,,{'id': 152511}
1200218723,VERY_LONG,92200,4149,,,{'id': 152513}
1200218725,VERY_LONG,323700,489,,,{'id': 2319}
1200218726,VERY_LONG,107600,200,,,{'id': 152577}
1200218727,VERY_LONG,10676900,14,,,{'id': 8167}
1200218728,VERY_LONG,10200,200,,,{'id': 153051}
1200218729,VERY_LONG,834900,676,,,{'id': 129032}
1200218730,VERY_LONG,146000,200,,,{'id': 3576}
1200218732,VERY_LONG,11258900,20,,,{'id': 29548}
1200218938,VERY_LONG,2325400,200,,,{'id': 174328}
1200218940,VERY_LONG,2330300,22,,,{'id': 43010}
1200218941,VERY_LONG,368400,659,,,{'id': 152510}
1200218943,VERY_LONG,6600,1800,,,{'id': 168645}
1200218944,VERY_LONG,123600,600,,,{'id': 168303}
1200218945,VERY_LONG,2395800,37,,,{'id': 133593}
1200218947,VERY_LONG,327700,149,,,{'id': 124441}
1200218949,VERY_LONG,34500,600,,,{'id': 14344}
1200218951,VERY_LONG,10200,3000,,,{'id': 153051}
1200218952,VERY_LONG,2714300,5,,,{'id': 74863}
1200218955,VERY_LONG,448000,2,,,{'id': 34052}
1200218957,VERY_LONG,872300,1,,,{'id': 6359}
1200218958,VERY_LONG,1065700,17,,,{'id': 76136}
1200218959,VERY_LONG,51600,800,,,{'id': 152509}
1200218960,VERY_LONG,482600,372,,,{'id': 115504}
1200218961,VERY_LONG,92200,2200,,,{'id': 152513}
1200218962,VERY_LONG,323700,400,,,{'id': 2319}
1200218963,VERY_LONG,212400,41,,,{'id': 21840}
1200218964,VERY_LONG,1641500,10,,,{'id': 75014}
1200218967,VERY_LONG,6387700,34,,,{'id': 2677}
1200218969,VERY_LONG,71800,2400,,,{'id': 158187}
1200218971,VERY_LONG,693300,329,,,{'id': 43007}
1200218974,VERY_LONG,55200,400,,,{'id': 153635}
1200218975,VERY_LONG,127200,800,,,{'id': 168185}
1200218977,VERY_LONG,595500,562,,,{'id': 52325}
1200218979,VERY_LONG,43000,2000,,,{'id': 152506}
1200218981,VERY_LONG,411800,63,,,{'id': 774}
1200218982,VERY_LONG,198093800,3,,,{'id': 118415}
1200218986,VERY_LONG,543400,16,,,{'id': 6291}
1200218988,VERY_LONG,1864200,1076,,,{'id': 174327}
1200218989,VERY_LONG,38400,400,,,{'id': 152511}
1200218990,VERY_LONG,726600,14,,,{'id': 168646}
1200218991,VERY_LONG,6440800,40,,,{'id': 25708}
1200218992,VERY_LONG,278400,471,,,{'id': 89112}
1200218994,VERY_LONG,764300,285,,,{'id': 124444}
1200218996,VERY_LONG,11400,500,,,{'id': 152631}
1200218998,VERY_LONG,,1,48865400,46422100,"{'id': 2972, 'context': 0}"
1200219001,VERY_LONG,94000,600,,,{'id': 785}
1200219003,VERY_LONG,31400,2535,,,{'id': 153050}
1200219013,VERY_LONG,,1,5000000,,"{'id': 10506, 'context': 0, 'bonus_lists': [6873]}"
1200219014,VERY_LONG,,1,5000000,,"{'id': 10506, 'context': 0, 'bonus_lists': [6873]}"
1200219018,VERY_LONG,,1,5000000,,"{'id': 10506, 'context': 0, 'bonus_lists': [6873]}"
1200219020,VERY_LONG,,1,5000000,,"{'id': 10506, 'context': 0, 'bonus_lists': [6873]}"
1200219021,VERY_LONG,,1,5000000,,"{'id': 10506, 'context': 0, 'bonus_lists': [6873]}"
1200219047,VERY_LONG,,1,1000000,,"{'id': 10502, 'context': 0, 'bonus_lists': [6868]}"
1200219048,VERY_LONG,,1,1000000,,"{'id': 10502, 'context': 0, 'bonus_lists': [6868]}"
1200219049,VERY_LONG,,1,1000000,,"{'id': 10502, 'context': 0, 'bonus_lists': [6868]}"
1200219052,VERY_LONG,,1,1000000,,"{'id': 10502, 'context': 0, 'bonus_lists': [6868]}"
1200219054,VERY_LONG,,1,1000000,,"{'id': 10502, 'context': 0, 'bonus_lists': [6868]}"
1200219056,VERY_LONG,,1,1000000,,"{'id': 10502, 'context': 0, 'bonus_lists': [6868]}"
1200219057,VERY_LONG,,1,1000000,,"{'id': 10502, 'context': 0, 'bonus_lists': [6868]}"
1200219059,VERY_LONG,,1,1000000,,"{'id': 10502, 'context': 0, 'bonus_lists': [6868]}"
1200219082,VERY_LONG,5000,2,,,{'id': 7910}
1200220207,VERY_LONG,513500,1,,,{'id': 173204}
1200220249,VERY_LONG,7500,94,,,{'id': 12359}
1200220289,VERY_LONG,1024900,173,,,{'id': 2842}
1200220291,VERY_LONG,6600,2941,,,{'id': 168645}
1200220293,VERY_LONG,8539500,6,,,{'id': 133592}
1200220296,VERY_LONG,276700,341,,,{'id': 22573}
1200220299,VERY_LONG,,1,408047100,387644700,"{'id': 30777, 'context': 14}"
1200220300,VERY_LONG,633400,31,,,{'id': 109132}
1200220302,VERY_LONG,10200,5000,,,{'id': 153051}
1200220304,VERY_LONG,208500,400,,,{'id': 8170}
1200220306,VERY_LONG,995700,370,,,{'id': 74843}
1200220308,VERY_LONG,1231800,1,,,{'id': 111595}
1200220311,VERY_LONG,8200,4000,,,{'id': 152542}
1200220313,VERY_LONG,536500,15,,,{'id': 6308}
1200220316,VERY_LONG,5400,3600,,,{'id': 154165}
1200220319,VERY_LONG,923200,142,,,{'id': 108335}
1200220321,VERY_LONG,1423300,67,,,{'id': 74838}
1200220323,VERY_LONG,71800,2000,,,{'id': 158187}
1200220325,VERY_LONG,1189500,9,,,{'id': 8154}
1200220328,VERY_LONG,572100,2,,,{'id': 153669}
1200220330,VERY_LONG,82900,924,,,{'id': 152545}
1200220332,VERY_LONG,55200,800,,,{'id': 153635}
1200220335,VERY_LONG,797900,200,,,{'id': 158188}
1200220338,VERY_LONG,168800,1125,,,{'id': 34054}
1200220341,VERY_LONG,82212100,20,,,{'id': 146406}
1200220343,VERY_LONG,6043200,266,,,{'id': 153636}
1200220345,VERY_LONG,1919700,49,,,{'id': 12808}
1200220348,VERY_LONG,543400,200,,,{'id': 124442}
1200220351,VERY_LONG,1750400,28,,,{'id': 51950}
1200220353,VERY_LONG,,1,165768200,157479800,"{'id': 22277, 'context': 0}"
1200220355,VERY_LONG,117800,735,,,{'id': 109144}
1200220357,VERY_LONG,1196600,1,,,{'id': 22793}
1200220359,VERY_LONG,1691200,22,,,{'id': 2672}
1200220361,VERY_LONG,107600,400,,,{'id': 152577}
1200220363,VERY_LONG,733100,70,,,{'id': 113355}
1200220365,VERY_LONG,736700,23,,,{'id': 118472}
1200220368,VERY_LONG,200000,4,,,{'id': 11370}
1200220404,VERY_LONG,7500,155,,,{'id': 10620}
1200220425,VERY_LONG,,1,10000,,"{'id': 82800, 'context': 0, 'modifiers': [{'type': 6, 'value': 99018}], 'pet_breed_id': 7, 'pet_level': 1, 'pet_quality_id': 2, 'pet_species_id': 2798}"
1200220597,VERY_LONG,,1,978339700,929422700,"{'id': 55082, 'context': 0}"
1200220599,VERY_LONG,368400,849,,,{'id': 152510}
1200220601,VERY_LONG,41700,1944,,,{'id': 167738}
1200220604,VERY_LONG,34500,448,,,{'id': 14344}
1200220605,VERY_LONG,123600,2600,,,{'id': 168303}
1200220608,VERY_LONG,8200,1600,,,{'id': 152542}
1200220611,VERY_LONG,5400,3200,,,{'id': 154165}
1200220613,VERY_LONG,55200,1800,,,{'id': 153635}
1200220616,VERY_LONG,426200,126,,,{'id': 114931}
1200220618,VERY_LONG,6043200,1800,,,{'id': 153636}
1200220621,VERY_LONG,178400,400,,,{'id': 124440}
1200220626,VERY_LONG,12728400,47,,,{'id': 43118}
1200220630,VERY_LONG,1538600,113,,,{'id': 10938}
1200220635,VERY_LONG,1081200,1030,,,{'id': 4304}
1200220638,VERY_LONG,120400,405,,,{'id': 152544}
1200220641,VERY_LONG,66100,424,,,{'id': 162515}
1200220643,VERY_LONG,1186600,12,,,{'id': 15416}
1200220776,VERY_LONG,,1,190000000,,"{'id': 82800, 'context': 0, 'modifiers': [{'type': 6, 'value': 95578}], 'pet_breed_id': 5, 'pet_level': 1, 'pet_quality_id': 3, 'pet_species_id': 3025}"
1200222159,LONG,,1,599700,,"{'id': 138010, 'context': 0}"
1200222289,LONG,,1,745000000,,"{'id': 184795, 'context': 9, 'bonus_lists': [6652, 1472, 6646], 'modifiers': [{'type': 28, 'value': 1429}]}"
1200222341,LONG,20000,2,,,{'id': 109184}
1200222361,LONG,99900,5,,,{'id': 153711}
1200222376,LONG,8800,200,,,{'id': 167738}
1200222386,VERY_LONG,,1,365237500,,"{'id': 14380, 'context': 0, 'bonus_lists': [6654], 'modifiers': [{'type': 9, 'value': 30}, {'type': 28, 'value': 14}]}"
1200222413,LONG,,1,3799900,,"{'id': 176790, 'context': 0, 'bonus_lists': [6907, 6652, 7193, 1694], 'modifiers': [{'type': 9, 'value': 60}, {'type': 28, 'value': 1707}]}"
1200222424,LONG,999900,2,,,{'id': 172357}
1200222435,LONG,22600,30,,,{'id': 158205}
1200222448,LONG,669900,1,,,{'id': 172418}
1200222458,LONG,,1,1376500,,"{'id': 172234, 'context': 13, 'bonus_lists': [6890], 'modifiers': [{'type': 9, 'value': 57}, {'type': 28, 'value': 391}, {'type': 29, 'value': 32}, {'type': 30, 'value': 40}]}"
1200222469,LONG,18000,5,,,{'id': 39520}
1200222490,LONG,32700,5,,,{'id': 162517}
1200222508,LONG,10000,1,,,{'id': 109222}
1200222547,LONG,98000,5,,,{'id': 153710}
1200222597,LONG,75548200,3,,,{'id': 177843}
1200222598,VERY_LONG,,1,45241800,,"{'id': 14291, 'context': 1, 'bonus_lists': [6654, 1677], 'modifiers': [{'type': 9, 'value': 30}, {'type': 28, 'value': 218}]}"
1200222603,VERY_LONG,,1,156880800,,"{'id': 14379, 'context': 0, 'bonus_lists': [6654], 'modifiers': [{'type': 9, 'value': 30}, {'type': 28, 'value': 14}]}"
1200222609,VERY_LONG,,1,11389200,,"{'id': 9822, 'context': 0, 'bonus_lists': [6654, 1695], 'modifiers': [{'type': 9, 'value': 30}, {'type': 28, 'value': 14}]}"
1200222612,VERY_LONG,,1,4810000,,"{'id': 8122, 'context': 1, 'bonus_lists': [6654], 'modifiers': [{'type': 9, 'value': 30}, {'type': 28, 'value': 282}]}"
1200222615,VERY_LONG,,1,67960600,,"{'id': 14596, 'context': 1, 'bonus_lists': [6654], 'modifiers': [{'type': 9, 'value': 30}, {'type': 28, 'value': 208}]}"
1200222618,VERY_LONG,,1,136113600,,"{'id': 14231, 'context': 0, 'bonus_lists': [6654, 1707], 'modifiers': [{'type': 9, 'value': 30}, {'type': 28, 'value': 21}]}"
1200222624,VERY_LONG,,1,39994900,,"{'id': 14406, 'context': 1, 'bonus_lists': [6654], 'modifiers': [{'type': 9, 'value': 30}, {'type': 28, 'value': 208}]}"
1200222642,VERY_LONG,,1,115124500,,"{'id': 15376, 'context': 1, 'bonus_lists': [6654, 1680], 'modifiers': [{'type': 9, 'value': 30}, {'type': 28, 'value': 209}]}"
1200222645,VERY_LONG,,1,34298100,,"{'id': 14572, 'context': 0, 'bonus_lists': [6654], 'modifiers': [{'type': 9, 'value': 30}, {'type': 28, 'value': 14}]}"
1200222648,VERY_LONG,,1,5979800,,"{'id': 8307, 'context': 1, 'bonus_lists': [6654], 'modifiers': [{'type': 9, 'value': 30}, {'type': 28, 'value': 205}]}"
1200222650,VERY_LONG,,1,8142600,,"{'id': 15979, 'context': 0, 'bonus_lists': [6655, 1677], 'modifiers': [{'type': 9, 'value': 30}, {'type': 28, 'value': 21}]}"
1200222651,VERY_LONG,,1,31441700,,"{'id': 14320, 'context': 0, 'bonus_lists': [6654, 1708], 'modifiers': [{'type': 9, 'value': 30}, {'type': 28, 'value': 36}]}"
1200222653,VERY_LONG,,1,13345100,,"{'id': 866, 'context': 0, 'bonus_lists': [6655, 1709], 'modifiers': [{'type': 9, 'value': 30}, {'type': 28, 'value': 21}]}"
1200222655,VERY_LONG,,1,3646400,,"{'id': 8188, 'context': 1, 'bonus_lists': [6655], 'modifiers': [{'type': 9, 'value': 30}, {'type': 28, 'value': 209}]}"
1200222658,VERY_LONG,,1,10764600,,"{'id': 14682, 'context': 0, 'bonus_lists': [6654], 'modifiers': [{'type': 9, 'value': 30}, {'type': 28, 'value': 36}]}"
1200222661,VERY_LONG,,1,46169800,,"{'id': 14858, 'context': 0, 'bonus_lists': [6654], 'modifiers': [{'type': 9, 'value': 30}, {'type': 28, 'value': 36}]}"
1200222665,VERY_LONG,,1,54373500,,"{'id': 14428, 'context': 1, 'bonus_lists': [6654], 'modifiers': [{'type': 9, 'value': 30}, {'type': 28, 'value': 209}]}"
1200222685,VERY_LONG,,1,29337200,,"{'id': 14768, 'context': 0, 'bonus_lists': [6654], 'modifiers': [{'type': 9, 'value': 30}, {'type': 28, 'value': 21}]}"
1200222695,VERY_LONG,,1,31590900,,"{'id': 9877, 'context': 1, 'bonus_lists': [6654, 1695], 'modifiers': [{'type': 9, 'value': 30}, {'type': 28, 'value': 209}]}"
1200222697,VERY_LONG,,1,9844200,,"{'id': 10150, 'context': 1, 'bonus_lists': [6654, 1693], 'modifiers': [{'type': 9, 'value': 30}, {'type': 28, 'value': 205}]}"
1200222700,VERY_LONG,,1,70805900,,"{'id': 7455, 'context': 1, 'bonus_lists': [6654, 1693], 'modifiers': [{'type': 9, 'value': 30}, {'type': 28, 'value': 209}]}"
1200222703,VERY_LONG,,1,25073500,,"{'id': 15639, 'context': 0, 'bonus_lists': [6654, 1695], 'modifiers': [{'type': 9, 'value': 30}, {'type': 28, 'value': 36}]}"
1200222706,VERY_LONG,,1,247501700,,"{'id': 15637, 'context': 0, 'bonus_lists': [6654, 1681], 'modifiers': [{'type': 9, 'value': 30}, {'type': 28, 'value': 36}]}"
1200222713,LONG,176200,715,,,{'id': 171831}
1200222714,VERY_LONG,,1,5000000,,"{'id': 8284, 'context': 1, 'bonus_lists': [6654], 'modifiers': [{'type': 9, 'value': 30}, {'type': 28, 'value': 205}]}"
1200222717,VERY_LONG,,1,8420000,,"{'id': 8257, 'context': 1, 'bonus_lists': [6654], 'modifiers': [{'type': 9, 'value': 30}, {'type': 28, 'value': 282}]}"
1200222719,VERY_LONG,,1,10109900,,"{'id': 10258, 'context': 1, 'bonus_lists': [6654, 1680], 'modifiers': [{'type': 9, 'value': 30}, {'type': 28, 'value': 205}]}"
1200222721,VERY_LONG,,1,70045300,,"{'id': 14210, 'context': 0, 'bonus_lists': [6654, 1677], 'modifiers': [{'type': 9, 'value': 30}, {'type': 28, 'value': 14}]}"
1200222731,LONG,102200,829,,,{'id': 169701}
1200222732,VERY_LONG,,1,43999900,,"{'id': 15346, 'context': 0, 'bonus_lists': [6654, 1681], 'modifiers': [{'type': 9, 'value': 30}, {'type': 28, 'value': 14}]}"
1200222741,VERY_LONG,,1,19995700,,"{'id': 14774, 'context': 1, 'bonus_lists': [6654], 'modifiers': [{'type': 9, 'value': 30}, {'type': 28, 'value': 209}]}"
1200222744,LONG,1549900,36,,,{'id': 171833}
1200222745,VERY_LONG,,1,51777800,,"{'id': 15567, 'context': 0, 'bonus_lists': [6654, 1707], 'modifiers': [{'type': 9, 'value': 30}, {'type': 28, 'value': 21}]}"
1200222746,VERY_LONG,,1,13406500,,"{'id': 15240, 'context': 0, 'bonus_lists': [6655, 1693], 'modifiers': [{'type': 9, 'value': 30}, {'type': 28, 'value': 36}]}"
1200222750,VERY_LONG,,1,14258400,,"{'id': 9886, 'context': 1, 'bonus_lists': [6654, 1705], 'modifiers': [{'type': 9, 'value': 30}, {'type': 28, 'value': 209}]}"
1200222757,VERY_LONG,,1,16178900,,"{'id': 14444, 'context': 0, 'bonus_lists': [6654], 'modifiers': [{'type': 9, 'value': 30}, {'type': 28, 'value': 36}]}"
1200222759,LONG,500,137,,,{'id': 171840}
1200222765,VERY_LONG,,1,50000000,,"{'id': 94071, 'context': 0, 'bonus_lists': [1701], 'modifiers': [{'type': 28, 'value': 167}]}"
1200222768,VERY_LONG,,1,2890000,,"{'id': 15255, 'context': 1, 'bonus_lists': [6655, 1681], 'modifiers': [{'type': 9, 'value': 30}, {'type': 28, 'value': 205}]}"
1200222770,VERY_LONG,,1,10582200,,"{'id': 10101, 'context': 1, 'bonus_lists': [6654, 1692], 'modifiers': [{'type': 9, 'value': 30}, {'type': 28, 'value': 205}]}"
1200222772,VERY_LONG,,1,11275800,,"{'id': 3199, 'context': 0, 'bonus_lists': [6655, 1693], 'modifiers': [{'type': 9, 'value': 30}, {'type': 28, 'value': 14}]}"
1200222774,VERY_LONG,,1,64663200,,"{'id': 14234, 'context': 0, 'bonus_lists': [6654, 1679], 'modifiers': [{'type': 9, 'value': 30}, {'type': 28, 'value': 21}]}"
1200222776,VERY_LONG,,1,76421200,,"{'id': 7441, 'context': 1, 'bonus_lists': [6654, 1692], 'modifiers': [{'type': 9, 'value': 30}, {'type': 28, 'value': 209}]}"
1200222777,VERY_LONG,,1,4410000,,"{'id': 9895, 'context': 1, 'bonus_lists': [6654, 1678], 'modifiers': [{'type': 9, 'value': 30}, {'type': 28, 'value': 209}]}"
1200222781,LONG,77200,1030,,,{'id': 171828}
1200222782,VERY_LONG,,1,86804700,,"{'id': 28496, 'context': 11, 'bonus_lists': [3631, 1693], 'modifiers': [{'type': 9, 'value': 30}, {'type': 28, 'value': 39}]}"
1200222803,VERY_LONG,,1,18999100,,"{'id': 7474, 'context': 1, 'bonus_lists': [6654, 1709], 'modifiers': [{'type': 9, 'value': 30}, {'type': 28, 'value': 209}]}"
1200222810,VERY_LONG,,1,119491700,,"{'id': 15124, 'context': 0, 'bonus_lists': [6654, 1680], 'modifiers': [{'type': 9, 'value': 30}, {'type': 28, 'value': 14}]}"
1200222814,VERY_LONG,,1,123923300,,"{'id': 10368, 'context': 0, 'bonus_lists': [6654], 'modifiers': [{'type': 9, 'value': 30}, {'type': 28, 'value': 1004}]}"
1200222824,VERY_LONG,,1,158321300,,"{'id': 14573, 'context': 0, 'bonus_lists': [6654], 'modifiers': [{'type': 9, 'value': 30}, {'type': 28, 'value': 14}]}"
1200222827,LONG,449000,2060,,,{'id': 170554}
1200222841,VERY_LONG,,1,1140000,,"{'id': 1608, 'context': 1, 'bonus_lists': [6655, 1708], 'modifiers': [{'type': 9, 'value': 30}, {'type': 28, 'value': 209}]}"
1200222845,VERY_LONG,,1,15542400,,"{'id': 6429, 'context': 0, 'bonus_lists': [6654], 'modifiers': [{'type': 9, 'value': 30}, {'type': 28, 'value': 35}]}"
1200222848,VERY_LONG,,1,45111500,,"{'id': 10160, 'context': 0, 'bonus_lists': [6654, 1695], 'modifiers': [{'type': 9, 'value': 30}, {'type': 28, 'value': 1004}]}"
1200222851,VERY_LONG,,1,148490900,,"{'id': 14956, 'context': 1, 'bonus_lists': [6654, 1679], 'modifiers': [{'type': 9, 'value': 30}, {'type': 28, 'value': 209}]}"
1200222854,VERY_LONG,,1,67352500,,"{'id': 15383, 'context': 0, 'bonus_lists': [6654, 1709], 'modifiers': [{'type': 9, 'value': 30}, {'type': 28, 'value': 21}]}"
1200222857,VERY_LONG,,1,59168700,,"{'id': 15166, 'context': 1, 'bonus_lists': [6654, 1679], 'modifiers': [{'type': 9, 'value': 30}, {'type': 28, 'value': 209}]}"
1200222862,VERY_LONG,,1,96824500,,"{'id': 94094, 'context': 0, 'bonus_lists': [1709], 'modifiers': [{'type': 28, 'value': 167}]}"
1200222866,VERY_LONG,,1,4989100,,"{'id': 10377, 'context': 1, 'bonus_lists': [6654, 1680], 'modifiers': [{'type': 9, 'value': 30}, {'type': 28, 'value': 205}]}"
1200222869,VERY_LONG,,1,49983800,,"{'id': 15157, 'context': 1, 'bonus_lists': [6654, 1680], 'modifiers': [{'type': 9, 'value': 30}, {'type': 28, 'value': 209}]}"
1200222872,VERY_LONG,,1,11042600,,"{'id': 9904, 'context': 0, 'bonus_lists': [6654, 1707], 'modifiers': [{'type': 9, 'value': 30}, {'type': 28, 'value': 35}]}"
1200222875,VERY_LONG,,1,34095800,,"{'id': 11969, 'context': 0, 'bonus_lists': [6654, 1680], 'modifiers': [{'type': 9, 'value': 30}, {'type': 28, 'value': 14}]}"
1200222878,VERY_LONG,,1,39357800,,"{'id': 10230, 'context': 1, 'bonus_lists': [6654, 1681], 'modifiers': [{'type': 9, 'value': 30}, {'type': 28, 'value': 203}]}"
1200222880,VERY_LONG,,1,28658500,,"{'id': 14257, 'context': 0, 'bonus_lists': [6654, 1692], 'modifiers': [{'type': 9, 'value': 30}, {'type': 28, 'value': 21}]}"
1200222883,VERY_LONG,,1,19978500,,"{'id': 15216, 'context': 1, 'bonus_lists': [6655, 1693], 'modifiers': [{'type': 9, 'value': 30}, {'type': 28, 'value': 282}]}"
1200222886,VERY_LONG,,1,100935300,,"{'id': 14241, 'context': 1, 'bonus_lists': [6654, 1679], 'modifiers': [{'type': 9, 'value': 30}, {'type': 28, 'value': 209}]}"
1200222887,VERY_LONG,,1,40779500,,"{'id': 9970, 'context': 0, 'bonus_lists': [6654, 1709], 'modifiers': [{'type': 9, 'value': 30}, {'type': 28, 'value': 35}]}"
1200222889,LONG,13000,49,,,{'id': 177061}
1200222891,VERY_LONG,,1,59959800,,"{'id': 14652, 'context': 1, 'bonus_lists': [6654], 'modifiers': [{'type': 9, 'value': 30}, {'type': 28, 'value': 209}]}"
1200222896,VERY_LONG,,1,21019100,,"{'id': 15964, 'context': 1, 'bonus_lists': [6655], 'modifiers': [{'type': 9, 'value': 30}, {'type': 28, 'value': 209}]}"
1200222899,VERY_LONG,,1,9611700,,"{'id': 24628, 'context': 1, 'bonus_lists': [6654, 1691], 'modifiers': [{'type': 9, 'value': 30}, {'type': 28, 'value': 222}]}"
1200222902,VERY_LONG,,1,27873200,,"{'id': 7465, 'context': 1, 'bonus_lists': [6655, 1679], 'modifiers': [{'type': 9, 'value': 30}, {'type': 28, 'value': 209}]}"
1200222904,VERY_LONG,,1,21912400,,"{'id': 7538, 'context': 1, 'bonus_lists': [6654, 1681], 'modifiers': [{'type': 9, 'value': 30}, {'type': 28, 'value': 282}]}"
1200222908,VERY_LONG,,1,16983600,,"{'id': 15276, 'context': 1, 'bonus_lists': [6655, 1693], 'modifiers': [{'type': 9, 'value': 30}, {'type': 28, 'value': 205}]}"
1200222912,VERY_LONG,,1,14685500,,"{'id': 9891, 'context': 1, 'bonus_lists': [6654, 1694], 'modifiers': [{'type': 9, 'value': 30}, {'type': 28, 'value': 209}]}"
1200222914,VERY_LONG,,1,19612600,,"{'id': 10133, 'context': 1, 'bonus_lists': [6654, 1706], 'modifiers': [{'type': 9, 'value': 30}, {'type': 28, 'value': 282}]}"
1200222916,VERY_LONG,,1,6981300,,"{'id': 864, 'context': 0, 'bonus_lists': [6655, 1681], 'modifiers': [{'type': 9, 'value': 30}, {'type': 28, 'value': 21}]}"
1200222919,VERY_LONG,,1,158853300,,"{'id': 14920, 'context': 1, 'bonus_lists': [6654, 1691], 'modifiers': [{'type': 9, 'value': 30}, {'type': 28, 'value': 218}]}"
1200222922,VERY_LONG,,1,2000000,,"{'id': 10222, 'context': 1, 'bonus_lists': [6654, 1680], 'modifiers': [{'type': 9, 'value': 30}, {'type': 28, 'value': 205}]}"
1200222926,VERY_LONG,,1,37894100,,"{'id': 10277, 'context': 1, 'bonus_lists': [6654, 1705], 'modifiers': [{'type': 9, 'value': 30}, {'type': 28, 'value': 205}]}"
1200222929,VERY_LONG,,1,52611100,,"{'id': 14275, 'context': 0, 'bonus_lists': [6654, 1681], 'modifiers': [{'type': 9, 'value': 30}, {'type': 28, 'value': 36}]}"
1200222930,VERY_LONG,,1,215880700,,"{'id': 15542, 'context': 1, 'bonus_lists': [6654, 1707], 'modifiers': [{'type': 9, 'value': 30}, {'type': 28, 'value': 208}]}"
1200222935,VERY_LONG,,1,71017500,,"{'id': 15359, 'context': 0, 'bonus_lists': [6654, 1680], 'modifiers': [{'type': 9, 'value': 30}, {'type': 28, 'value': 21}]}"
1200222937,VERY_LONG,,1,12055400,,"{'id': 14285, 'context': 1, 'bonus_lists': [6654, 1679], 'modifiers': [{'type': 9, 'value': 30}, {'type': 28, 'value': 218}]}"
1200222939,VERY_LONG,,1,19893800,,"{'id': 3037, 'context': 1, 'bonus_lists': [6655], 'modifiers': [{'type': 9, 'value': 30}, {'type': 28, 'value': 208}]}"
1200222961,VERY_LONG,,1,41997600,,"{'id': 10280, 'context': 1, 'bonus_lists': [6654, 1709], 'modifiers': [{'type': 9, 'value': 30}, {'type': 28, 'value': 205}]}"
1200222964,VERY_LONG,,1,10932800,,"{'id': 8288, 'context': 1, 'bonus_lists': [6654], 'modifiers': [{'type': 9, 'value': 30}, {'type': 28, 'value': 205}]}"
1200222967,VERY_LONG,,1,49666800,,"{'id': 14743, 'context': 0, 'bonus_lists': [6654], 'modifiers': [{'type': 9, 'value': 30}, {'type': 28, 'value': 14}]}"
1200222971,VERY_LONG,,1,125275200,,"{'id': 15603, 'context': 1, 'bonus_lists': [6654, 1691], 'modifiers': [{'type': 9, 'value': 30}, {'type': 28, 'value': 209}]}"
1200222976,VERY_LONG,,1,850000,,"{'id': 10060, 'context': 1, 'bonus_lists': [6654, 1707], 'modifiers': [{'type': 9, 'value': 30}, {'type': 28, 'value': 282}]}"
1200222979,VERY_LONG,,1,66657500,,"{'id': 9844, 'context': 1, 'bonus_lists': [6654, 1693], 'modifiers': [{'type': 9, 'value': 30}, {'type': 28, 'value': 209}]}"
1200222982,VERY_LONG,,1,127368500,,"{'id': 14411, 'context': 0, 'bonus_lists': [6654], 'modifiers': [{'type': 9, 'value': 30}, {'type': 28, 'value': 14}]}"
1200222997,VERY_LONG,,1,29663400,,"{'id': 14244, 'context': 1, 'bonus_lists': [6654, 1707], 'modifiers': [{'type': 9, 'value': 30}, {'type': 28, 'value': 209}]}"
1200223000,VERY_LONG,,1,86690000,,"{'id': 14236, 'context': 0, 'bonus_lists': [6654, 1678], 'modifiers': [{'type': 9, 'value': 30}, {'type': 28, 'value': 21}]}"
1200223003,VERY_LONG,,1,3236800,,"{'id': 15296, 'context': 0, 'bonus_lists': [6655, 1708], 'modifiers': [{'type': 9, 'value': 30}, {'type': 28, 'value': 36}]}"
1200223021,VERY_LONG,,1,8550000,,"{'id': 10206, 'context': 1, 'bonus_lists': [6654, 1677], 'modifiers': [{'type': 9, 'value': 30}, {'type': 28, 'value': 282}]}"
1200223023,VERY_LONG,,1,70549000,,"{'id': 7462, 'context': 1, 'bonus_lists': [6654, 1707], 'modifiers': [{'type': 9, 'value': 30}, {'type': 28, 'value': 209}]}"
1200223028,VERY_LONG,,1,1006000,,"{'id': 82269, 'context': 0, 'bonus_lists': [6655, 1692], 'modifiers': [{'type': 9, 'value': 35}, {'type': 28, 'value': 167}]}"
1200223033,VERY_LONG,,1,4852500,,"{'id': 15247, 'context': 0, 'bonus_lists': [6655, 1709], 'modifiers': [{'type': 9, 'value': 30}, {'type': 28, 'value': 36}]}"
1200223036,VERY_LONG,,1,61582700,,"{'id': 14807, 'context': 0, 'bonus_lists': [6654], 'modifiers': [{'type': 9, 'value': 30}, {'type': 28, 'value': 36}]}"
1200223039,VERY_LONG,,1,89798000,,"{'id': 15179, 'context': 0, 'bonus_lists': [6654, 1705], 'modifiers': [{'type': 9, 'value': 30}, {'type': 28, 'value': 36}]}"
1200223041,VERY_LONG,,1,58053900,,"{'id': 14939, 'context': 1, 'bonus_lists': [6654, 1708], 'modifiers': [{'type': 9, 'value': 30}, {'type': 28, 'value': 209}]}"
1200223043,VERY_LONG,,1,93503900,,"{'id': 15148, 'context': 0, 'bonus_lists': [6654, 1707], 'modifiers': [{'type': 9, 'value': 30}, {'type': 28, 'value': 14}]}"
1200223045,VERY_LONG,,1,29868700,,"{'id': 15604, 'context': 1, 'bonus_lists': [6655, 1692], 'modifiers': [{'type': 9, 'value': 30}, {'type': 28, 'value': 209}]}"
1200223046,VERY_LONG,,1,13331700,,"{'id': 10104, 'context': 1, 'bonus_lists': [6654, 1681], 'modifiers': [{'type': 9, 'value': 30}, {'type': 28, 'value': 203}]}"
1200223048,VERY_LONG,,1,47058200,,"{'id': 14791, 'context': 1, 'bonus_lists': [6654], 'modifiers': [{'type': 9, 'value': 30}, {'type': 28, 'value': 209}]}"
1200223051,VERY_LONG,,1,25606600,,"{'id': 14794, 'context': 0, 'bonus_lists': [6654], 'modifiers': [{'type': 9, 'value': 30}, {'type': 28, 'value': 36}]}"
1200223053,VERY_LONG,,1,1119800,,"{'id': 15219, 'context': 1, 'bonus_lists': [6655, 1692], 'modifiers': [{'type': 9, 'value': 30}, {'type': 28, 'value': 205}]}"
1200223055,VERY_LONG,,1,151779600,,"{'id': 94070, 'context': 0, 'bonus_lists': [1708], 'modifiers': [{'type': 28, 'value': 167}]}"
1200223058,VERY_LONG,,1,45826000,,"{'id': 14242, 'context': 0, 'bonus_lists': [6654, 1679], 'modifiers': [{'type': 9, 'value': 30}, {'type': 28, 'value': 21}]}"
1200223061,VERY_LONG,,1,28604600,,"{'id': 15373, 'context': 0, 'bonus_lists': [6654, 1708], 'modifiers': [{'type': 9, 'value': 30}, {'type': 28, 'value': 21}]}"
1200223063,VERY_LONG,,1,9407900,,"{'id': 15382, 'context': 0, 'bonus_lists': [6654, 1678], 'modifiers': [{'type': 9, 'value': 30}, {'type': 28, 'value': 21}]}"
1200223067,VERY_LONG,,1,79877300,,"{'id': 14418, 'context': 0, 'bonus_lists': [6654], 'modifiers': [{'type': 9, 'value': 30}, {'type': 28, 'value': 21}]}"
1200223094,VERY_LONG,129500,9,,,{'id': 172359}
1200223096,VERY_LONG,610000,6,,,{'id': 42459}
1200225101,VERY_LONG,1348700,3,,,{'id': 177661}
1200225110,VERY_LONG,470500,3,,,{'id': 172406}
1200225117,VERY_LONG,824900,3,,,{'id': 172407}
1200225125,VERY_LONG,2309200,1,,,{'id': 172411}
1200225128,VERY_LONG,110000,2,,,{'id': 172358}
1200225147,VERY_LONG,50900,8,,,{'id': 76135}
1200225167,VERY_LONG,,1,107314300,,"{'id': 15338, 'context': 0, 'bonus_lists': [6654, 1705], 'modifiers': [{'type': 9, 'value': 30}, {'type': 28, 'value': 14}]}"
1200225231,VERY_LONG,19000,6,,,{'id': 173192}
1200225237,VERY_LONG,76900,1,,,{'id': 173110}
1200225243,VERY_LONG,,1,60248000,50248000,"{'id': 14974, 'context': 0, 'bonus_lists': [6654, 1707], 'modifiers': [{'type': 9, 'value': 30}, {'type': 28, 'value': 36}]}"
1200225248,LONG,78000,9868,,,{'id': 152577}
1200225260,LONG,,1,1205009500,,"{'id': 159840, 'context': 54, 'bonus_lists': [1472, 4786]}"
1200225299,VERY_LONG,9900,1,,,{'id': 138729}
1200225321,LONG,192400,500,,,{'id': 152512}
1200225362,VERY_LONG,,1,148195000,,"{'id': 15640, 'context': 0, 'bonus_lists': [6654, 1677], 'modifiers': [{'type': 9, 'value': 30}, {'type': 28, 'value': 36}]}"
1200225366,VERY_LONG,3768800,5,,,{'id': 76139}
1200225413,VERY_LONG,80000000,1,,,{'id': 138486}
1200225441,VERY_LONG,711200,3,,,{'id': 158382}
1200225446,LONG,229600,1071,,,{'id': 152877}
1200225467,VERY_LONG,80000,8,,,{'id': 2459}
1200225473,VERY_LONG,,1,74779300,,"{'id': 14402, 'context': 0, 'bonus_lists': [6654], 'modifiers': [{'type': 9, 'value': 30}, {'type': 28, 'value': 14}]}"
1200225487,VERY_LONG,109961400,5,,,{'id': 136569}
1200225516,VERY_LONG,219900,3,,,{'id': 171267}
1200225585,VERY_LONG,,1,170768700,,"{'id': 14184, 'context': 0, 'bonus_lists': [6654, 1705], 'modifiers': [{'type': 9, 'value': 30}, {'type': 28, 'value': 14}]}"
1200225611,LONG,,1,2300000000,,"{'id': 163573, 'context': 0, 'modifiers': [{'type': 28, 'value': 188}]}"
1200225614,VERY_LONG,,1,102057600,,"{'id': 15522, 'context': 0, 'bonus_lists': [6655, 1678], 'modifiers': [{'type': 9, 'value': 30}, {'type': 28, 'value': 14}]}"
1200225623,LONG,,1,1690000000,,"{'id': 163576, 'context': 0}"
1200225642,LONG,,1,472000000,,"{'id': 163575, 'context': 0}"
1200225657,VERY_LONG,,1,77645400,,"{'id': 15520, 'context': 0, 'bonus_lists': [6654, 1678], 'modifiers': [{'type': 9, 'value': 30}, {'type': 28, 'value': 14}]}"
1200225862,VERY_LONG,168300,107,,,{'id': 4305}
1200225961,LONG,140000,10,,,{'id': 173130}
1200226025,LONG,8406600,1,,,{'id': 173171}
1200226071,VERY_LONG,,1,54122300,,"{'id': 24970, 'context': 1, 'bonus_lists': [6654, 1681], 'modifiers': [{'type': 9, 'value': 30}, {'type': 28, 'value': 222}]}"
1200226072,VERY_LONG,,1,62019500,,"{'id': 8113, 'context': 0, 'bonus_lists': [6654], 'modifiers': [{'type': 9, 'value': 50}]}"
1200226073,VERY_LONG,,1,15199500,,"{'id': 8313, 'context': 1, 'bonus_lists': [6655], 'modifiers': [{'type': 9, 'value': 30}, {'type': 28, 'value': 205}]}"
1200226076,VERY_LONG,,1,2250300,,"{'id': 8107, 'context': 1, 'bonus_lists': [6654], 'modifiers': [{'type': 9, 'value': 30}, {'type': 28, 'value': 282}]}"
1200226077,VERY_LONG,,1,44145200,,"{'id': 14246, 'context': 1, 'bonus_lists': [6654, 1694], 'modifiers': [{'type': 9, 'value': 30}, {'type': 28, 'value': 209}]}"
1200226080,VERY_LONG,,1,3750000,,"{'id': 10227, 'context': 1, 'bonus_lists': [6654, 1677], 'modifiers': [{'type': 9, 'value': 30}, {'type': 28, 'value': 222}]}"
1200226081,VERY_LONG,,1,176988900,,"{'id': 15394, 'context': 0, 'bonus_lists': [6654, 1707], 'modifiers': [{'type': 9, 'value': 30}, {'type': 28, 'value': 36}]}"
1200226088,VERY_LONG,,1,11071000,,"{'id': 9852, 'context': 1, 'bonus_lists': [6654, 1681], 'modifiers': [{'type': 9, 'value': 30}, {'type': 28, 'value': 209}]}"
1200226090,VERY_LONG,,1,11110000,,"{'id': 9962, 'context': 1, 'bonus_lists': [6654, 1693], 'modifiers': [{'type': 9, 'value': 30}, {'type': 28, 'value': 282}]}"
1200226093,VERY_LONG,,1,12539900,,"{'id': 15381, 'context': 0, 'bonus_lists': [6654, 1677], 'modifiers': [{'type': 9, 'value': 30}, {'type': 28, 'value': 36}]}"
1200226095,VERY_LONG,,1,21954700,,"{'id': 10211, 'context': 1, 'bonus_lists': [6654, 1678], 'modifiers': [{'type': 9, 'value': 30}, {'type': 28, 'value': 205}]}"
1200226097,VERY_LONG,,1,11671600,,"{'id': 14454, 'context': 0, 'bonus_lists': [6654], 'modifiers': [{'type': 9, 'value': 30}, {'type': 28, 'value': 36}]}"
1200226099,VERY_LONG,,1,27988800,,"{'id': 10137, 'context': 1, 'bonus_lists': [6654, 1678], 'modifiers': [{'type': 9, 'value': 30}, {'type': 28, 'value': 205}]}"
1200226100,LONG,449000,2044,,,{'id': 170554}
1200228101,VERY_LONG,,1,11599900,,"{'id': 14238, 'context': 1, 'bonus_lists': [6654, 1681], 'modifiers': [{'type': 9, 'value': 30}, {'type': 28, 'value': 209}]}"
1200228103,VERY_LONG,,1,107680100,,"{'id': 94215, 'context': 0, 'bonus_lists': [1712], 'modifiers': [{'type': 28, 'value': 167}]}"
1200228104,VERY_LONG,,1,108434500,,"{'id': 10149, 'context': 1, 'bonus_lists': [6654, 1692], 'modifiers': [{'type': 9, 'value': 30}, {'type': 28, 'value': 222}]}"
1200228105,VERY_LONG,,1,16367300,,"{'id': 8126, 'context': 1, 'bonus_lists': [6654], 'modifiers': [{'type': 9, 'value': 30}, {'type': 28, 'value': 282}]}"
1200228106,VERY_LONG,,1,49829000,,"{'id': 8141, 'context': 0, 'bonus_lists': [6654], 'modifiers': [{'type': 9, 'value': 30}, {'type': 28, 'value': 35}]}"
1200228110,VERY_LONG,,1,22007300,,"{'id': 15536, 'context': 1, 'bonus_lists': [6654, 1691], 'modifiers': [{'type': 9, 'value': 30}, {'type': 28, 'value': 208}]}"
1200228111,VERY_LONG,,1,6870000,,"{'id': 8301, 'context': 1, 'bonus_lists': [6654], 'modifiers': [{'type': 9, 'value': 30}, {'type': 28, 'value': 205}]}"
1200228112,VERY_LONG,,1,3826800,,"{'id': 15225, 'context': 0, 'bonus_lists': [6655, 1694], 'modifiers': [{'type': 9, 'value': 30}, {'type': 28, 'value': 14}]}"
1200228114,VERY_LONG,,1,128650300,,"{'id': 14209, 'context': 1, 'bonus_lists': [6654, 1707], 'modifiers': [{'type': 9, 'value': 30}, {'type': 28, 'value': 208}]}"
1200228115,VERY_LONG,,1,238185600,,"{'id': 102348, 'context': 0, 'bonus_lists': [1706], 'modifiers': [{'type': 28, 'value': 167}]}"
1200228116,VERY_LONG,,1,55352800,,"{'id': 15607, 'context': 1, 'bonus_lists': [6654, 1679], 'modifiers': [{'type': 9, 'value': 30}, {'type': 28, 'value': 209}]}"
1200228117,LONG,77100,96,,,{'id': 171828}
1200228119,VERY_LONG,,1,151284800,,"{'id': 14185, 'context': 0, 'bonus_lists': [6654, 1692], 'modifiers': [{'type': 9, 'value': 30}, {'type': 28, 'value': 14}]}"
1200228122,VERY_LONG,,1,49997700,,"{'id': 2299, 'context': 1, 'bonus_lists': [6659], 'modifiers': [{'type': 9, 'value': 30}, {'type': 28, 'value': 208}]}"
1200228124,VERY_LONG,,1,216253700,,"{'id': 15549, 'context': 0, 'bonus_lists': [6654, 1707], 'modifiers': [{'type': 9, 'value': 30}, {'type': 28, 'value': 14}]}"
1200228127,VERY_LONG,,1,560033600,,"{'id': 14750, 'context': 0, 'bonus_lists': [6654], 'modifiers': [{'type': 9, 'value': 30}, {'type': 28, 'value': 14}]}"
1200228128,VERY_LONG,,1,291602000,,"{'id': 147516, 'context': 0, 'bonus_lists': [6654, 1689], 'modifiers': [{'type': 9, 'value': 45}, {'type': 28, 'value': 1170}]}"
1200228129,VERY_LONG,,1,7612500,,"{'id': 14777, 'context': 1, 'bonus_lists': [6655], 'modifiers': [{'type': 9, 'value': 30}, {'type': 28, 'value': 209}]}"
1200228131,VERY_LONG,,1,10355100,,"{'id': 10224, 'context': 1, 'bonus_lists': [6654, 1709], 'modifiers': [{'type': 9, 'value': 30}, {'type': 28, 'value': 205}]}"
1200228133,VERY_LONG,,1,60000000,,"{'id': 10057, 'context': 1, 'bonus_lists': [6654, 1695], 'modifiers': [{'type': 9, 'value': 30}, {'type': 28, 'value': 205}]}"
1200228134,VERY_LONG,,1,64499300,,"{'id': 2565, 'context': 1, 'bonus_lists': [6659], 'modifiers': [{'type': 9, 'value': 30}, {'type': 28, 'value': 208}]}"
1200228135,VERY_LONG,,1,74980000,,"{'id': 14191, 'context': 0, 'bonus_lists': [6654, 1709], 'modifiers': [{'type': 9, 'value': 30}, {'type': 28, 'value': 14}]}"
1200228137,LONG,102200,793,,,{'id': 169701}
1200228138,VERY_LONG,,1,14990800,,"{'id': 14247, 'context': 1, 'bonus_lists': [6654, 1681], 'modifiers': [{'type': 9, 'value': 30}, {'type': 28, 'value': 209}]}"
1200228140,VERY_LONG,,1,193740000,,"{'id': 14208, 'context': 0, 'bonus_lists': [6654, 1693], 'modifiers': [{'type': 9, 'value': 30}, {'type': 28, 'value': 14}]}"
1200228142,VERY_LONG,,1,6387600,,"{'id': 15213, 'context': 0, 'bonus_lists': [6655, 1706], 'modifiers': [{'type': 9, 'value': 30}, {'type': 28, 'value': 21}]}"
1200228144,VERY_LONG,,1,82015000,,"{'id': 14567, 'context': 0, 'bonus_lists': [6654], 'modifiers': [{'type': 9, 'value': 30}, {'type': 28, 'value': 14}]}"
1200228147,VERY_LONG,,1,729195400,,"{'id': 14578, 'context': 0, 'bonus_lists': [6654], 'modifiers': [{'type': 9, 'value': 30}, {'type': 28, 'value': 14}]}"
1200228150,VERY_LONG,,1,253896900,,"{'id': 14753, 'context': 0, 'bonus_lists': [6654], 'modifiers': [{'type': 9, 'value': 30}, {'type': 28, 'value': 14}]}"
1200228153,VERY_LONG,,1,28304800,,"{'id': 7533, 'context': 0, 'bonus_lists': [6654, 1678], 'modifiers': [{'type': 9, 'value': 30}, {'type': 28, 'value': 35}]}"
1200228157,VERY_LONG,,1,129899500,,"{'id': 14302, 'context': 0, 'bonus_lists': [6654, 1705], 'modifiers': [{'type': 9, 'value': 30}, {'type': 28, 'value': 36}]}"
1200228162,LONG,13000,50,,,{'id': 177061}
1200228165,VERY_LONG,,1,746004100,,"{'id': 94213, 'context': 0, 'bonus_lists': [1715], 'modifiers': [{'type': 28, 'value': 167}]}"
1200228168,VERY_LONG,,1,112849500,,"{'id': 14944, 'context': 0, 'bonus_lists': [6654, 1693], 'modifiers': [{'type': 9, 'value': 30}, {'type': 28, 'value': 21}]}"
1200228171,VERY_LONG,,1,8362100,,"{'id': 7536, 'context': 1, 'bonus_lists': [6655, 1707], 'modifiers': [{'type': 9, 'value': 30}, {'type': 28, 'value': 282}]}"
1200228174,VERY_LONG,,1,27905400,,"{'id': 15611, 'context': 1, 'bonus_lists': [6654, 1707], 'modifiers': [{'type': 9, 'value': 30}, {'type': 28, 'value': 209}]}"
1200228177,VERY_LONG,,1,23283200,,"{'id': 8278, 'context': 1, 'bonus_lists': [6654], 'modifiers': [{'type': 9, 'value': 30}, {'type': 28, 'value': 282}]}"
1200228181,VERY_LONG,,1,259211400,,"{'id': 10573, 'context': 1, 'bonus_lists': [6710], 'modifiers': [{'type': 9, 'value': 30}, {'type': 28, 'value': 209}]}"
1200228183,VERY_LONG,,1,16045800,,"{'id': 14429, 'context': 0, 'bonus_lists': [6654], 'modifiers': [{'type': 9, 'value': 30}, {'type': 28, 'value': 21}]}"
1200228186,VERY_LONG,,1,3179300,,"{'id': 1990, 'context': 1, 'bonus_lists': [6655, 1708], 'modifiers': [{'type': 9, 'value': 30}, {'type': 28, 'value': 209}]}"
1200228193,VERY_LONG,,1,154717800,,"{'id': 2877, 'context': 1, 'bonus_lists': [6659], 'modifiers': [{'type': 9, 'value': 30}, {'type': 28, 'value': 208}]}"
1200228195,VERY_LONG,,1,32486800,,"{'id': 8287, 'context': 0, 'bonus_lists': [6654], 'modifiers': [{'type': 9, 'value': 30}, {'type': 28, 'value': 34}]}"
1200228199,VERY_LONG,,1,181630300,,"{'id': 15133, 'context': 1, 'bonus_lists': [6655, 1680], 'modifiers': [{'type': 9, 'value': 30}, {'type': 28, 'value': 208}]}"
1200228205,VERY_LONG,,1,19132900,,"{'id': 10263, 'context': 1, 'bonus_lists': [6654, 1677], 'modifiers': [{'type': 9, 'value': 30}, {'type': 28, 'value': 205}]}"
1200228208,VERY_LONG,,1,17992300,,"{'id': 14779, 'context': 1, 'bonus_lists': [6654], 'modifiers': [{'type': 9, 'value': 30}, {'type': 28, 'value': 218}]}"
1200228212,VERY_LONG,,1,32038300,,"{'id': 15234, 'context': 0, 'bonus_lists': [6655, 1694], 'modifiers': [{'type': 9, 'value': 30}, {'type': 28, 'value': 21}]}"
1200228215,VERY_LONG,,1,44747800,,"{'id': 15366, 'context': 1, 'bonus_lists': [6654, 1680], 'modifiers': [{'type': 9, 'value': 30}, {'type': 28, 'value': 209}]}"
1200228217,VERY_LONG,,1,51729000,,"{'id': 14205, 'context': 0, 'bonus_lists': [6654, 1708], 'modifiers': [{'type': 9, 'value': 30}, {'type': 28, 'value': 14}]}"
1200228221,VERY_LONG,,1,33566200,,"{'id': 15369, 'context': 1, 'bonus_lists': [6654, 1679], 'modifiers': [{'type': 9, 'value': 30}, {'type': 28, 'value': 209}]}"
1200228226,VERY_LONG,,1,34989200,,"{'id': 14410, 'context': 0, 'bonus_lists': [6654], 'modifiers': [{'type': 9, 'value': 30}, {'type': 28, 'value': 21}]}"
1200228232,VERY_LONG,,1,198481100,,"{'id': 13100, 'context': 0, 'bonus_lists': [6658], 'modifiers': [{'type': 9, 'value': 30}, {'type': 28, 'value': 21}]}"
1200228236,VERY_LONG,,1,499800,,"{'id': 15245, 'context': 1, 'bonus_lists': [6655, 1709], 'modifiers': [{'type': 9, 'value': 30}, {'type': 28, 'value': 282}]}"
1200228242,VERY_LONG,,1,38096400,,"{'id': 9827, 'context': 0, 'bonus_lists': [6654, 1692], 'modifiers': [{'type': 9, 'value': 30}, {'type': 28, 'value': 14}]}"
1200228247,VERY_LONG,,1,12820000,,"{'id': 8109, 'context': 1, 'bonus_lists': [6654], 'modifiers': [{'type': 9, 'value': 30}, {'type': 28, 'value': 282}]}"
1200228252,VERY_LONG,,1,45999500,,"{'id': 14850, 'context': 0, 'bonus_lists': [6654], 'modifiers': [{'type': 9, 'value': 30}, {'type': 28, 'value': 36}]}"
1200228255,VERY_LONG,,1,35134300,,"{'id': 2277, 'context': 1, 'bonus_lists': [6658], 'modifiers': [{'type': 9, 'value': 30}, {'type': 28, 'value': 208}]}"
1200228259,VERY_LONG,,1,30898500,,"{'id': 14425, 'context': 0, 'bonus_lists': [6654], 'modifiers': [{'type': 9, 'value': 30}, {'type': 28, 'value': 21}]}"
1200228263,VERY_LONG,,1,196990400,,"{'id': 15573, 'context': 1, 'bonus_lists': [6654, 1706], 'modifiers': [{'type': 9, 'value': 30}, {'type': 28, 'value': 208}]}"
1200228266,VERY_LONG,,1,283347200,,"{'id': 15339, 'context': 1, 'bonus_lists': [6654, 1681], 'modifiers': [{'type': 9, 'value': 30}, {'type': 28, 'value': 208}]}"
1200228268,VERY_LONG,,1,16672500,,"{'id': 11984, 'context': 0, 'bonus_lists': [6654, 1708], 'modifiers': [{'type': 9, 'value': 30}, {'type': 28, 'value': 14}]}"
1200228269,VERY_LONG,,1,275372500,,"{'id': 15650, 'context': 0, 'bonus_lists': [6654, 1692], 'modifiers': [{'type': 9, 'value': 30}, {'type': 28, 'value': 36}]}"
1200228275,VERY_LONG,,1,4990000,,"{'id': 82034, 'context': 6, 'bonus_lists': [6654, 1681], 'modifiers': [{'type': 9, 'value': 35}, {'type': 28, 'value': 2012}]}"
1200228277,VERY_LONG,,1,199057100,,"{'id': 28495, 'context': 11, 'bonus_lists': [3631, 1681], 'modifiers': [{'type': 9, 'value': 30}, {'type': 28, 'value': 39}]}"
1200228279,LONG,165000,535,,,{'id': 171831}
1200228281,VERY_LONG,,1,144353700,,"{'id': 15515, 'context': 0, 'bonus_lists': [6654, 1694], 'modifiers': [{'type': 9, 'value': 30}, {'type': 28, 'value': 14}]}"
1200228285,VERY_LONG,,1,3420100,,"{'id': 10177, 'context': 1, 'bonus_lists': [6654, 1707], 'modifiers': [{'type': 9, 'value': 30}, {'type': 28, 'value': 205}]}"
1200228288,VERY_LONG,,1,22087200,,"{'id': 14568, 'context': 0, 'bonus_lists': [6654], 'modifiers': [{'type': 9, 'value': 30}, {'type': 28, 'value': 14}]}"
1200228292,VERY_LONG,,1,101483100,,"{'id': 4735, 'context': 0, 'bonus_lists': [6654], 'modifiers': [{'type': 9, 'value': 30}, {'type': 28, 'value': 35}]}"
1200228295,VERY_LONG,,1,29368500,,"{'id': 7610, 'context': 1, 'bonus_lists': [6655], 'modifiers': [{'type': 9, 'value': 30}, {'type': 28, 'value': 209}]}"
1200228298,VERY_LONG,,1,909269400,,"{'id': 14163, 'context': 0, 'bonus_lists': [6654, 1678], 'modifiers': [{'type': 9, 'value': 30}, {'type': 28, 'value': 14}]}"
1200228299,VERY_LONG,,1,2570000,,"{'id': 10256, 'context': 1, 'bonus_lists': [6654, 1691], 'modifiers': [{'type': 9, 'value': 30}, {'type': 28, 'value': 205}]}"
1200228302,VERY_LONG,,1,65811300,,"{'id': 14253, 'context': 1, 'bonus_lists': [6654, 1706], 'modifiers': [{'type': 9, 'value': 30}, {'type': 28, 'value': 209}]}"
1200228304,LONG,500,143,,,{'id': 171840}
1200228305,VERY_LONG,,1,27383900,,"{'id': 15232, 'context': 1, 'bonus_lists': [6655, 1705], 'modifiers': [{'type': 9, 'value': 30}, {'type': 28, 'value': 208}]}"
1200228307,VERY_LONG,,1,514600400,,"{'id': 14195, 'context': 0, 'bonus_lists': [6654, 1695], 'modifiers': [{'type': 9, 'value': 30}, {'type': 28, 'value': 14}]}"
1200228326,VERY_LONG,,1,10007300,,"{'id': 94218, 'context': 0, 'bonus_lists': [1702], 'modifiers': [{'type': 28, 'value': 167}]}"
1200228329,VERY_LONG,,1,30003600,,"{'id': 94212, 'context': 0, 'bonus_lists': [1685], 'modifiers': [{'type': 28, 'value': 167}]}"
1200228332,VERY_LONG,,1,134204800,,"{'id': 15541, 'context': 1, 'bonus_lists': [6654, 1707], 'modifiers': [{'type': 9, 'value': 30}, {'type': 28, 'value': 208}]}"
1200228335,VERY_LONG,,1,308533700,,"{'id': 15533, 'context': 1, 'bonus_lists': [6654, 1708], 'modifiers': [{'type': 9, 'value': 30}, {'type': 28, 'value': 208}]}"
1200228337,VERY_LONG,,1,13255700,,"{'id': 8306, 'context': 1, 'bonus_lists': [6654], 'modifiers': [{'type': 9, 'value': 30}, {'type': 28, 'value': 205}]}"
1200228338,VERY_LONG,,1,7732000,,"{'id': 15231, 'context': 1, 'bonus_lists': [6655, 1680], 'modifiers': [{'type': 9, 'value': 30}, {'type': 28, 'value': 208}]}"
1200228340,VERY_LONG,,1,8020000,,"{'id': 10381, 'context': 1, 'bonus_lists': [6654, 1678], 'modifiers': [{'type': 9, 'value': 30}, {'type': 28, 'value': 205}]}"
1200228342,VERY_LONG,,1,22257200,,"{'id': 8292, 'context': 1, 'bonus_lists': [6654], 'modifiers': [{'type': 9, 'value': 30}, {'type': 28, 'value': 205}]}"
1200228344,VERY_LONG,,1,40004400,,"{'id': 863, 'context': 0, 'bonus_lists': [6655, 1691], 'modifiers': [{'type': 9, 'value': 30}, {'type': 28, 'value': 21}]}"
1200228347,VERY_LONG,,1,122682900,,"{'id': 15554, 'context': 1, 'bonus_lists': [6654, 1679], 'modifiers': [{'type': 9, 'value': 30}, {'type': 28, 'value': 208}]}"
1200228350,VERY_LONG,,1,36160900,,"{'id': 15581, 'context': 1, 'bonus_lists': [6654, 1707], 'modifiers': [{'type': 9, 'value': 30}, {'type': 28, 'value': 208}]}"
1200228352,VERY_LONG,,1,26221600,,"{'id': 15233, 'context': 1, 'bonus_lists': [6655, 1691], 'modifiers': [{'type': 9, 'value': 30}, {'type': 28, 'value': 209}]}"
1200228354,VERY_LONG,,1,43999900,,"{'id': 14233, 'context': 1, 'bonus_lists': [6654, 1706], 'modifiers': [{'type': 9, 'value': 30}, {'type': 28, 'value': 209}]}"
1200228357,VERY_LONG,,1,6513300,,"{'id': 14270, 'context': 0, 'bonus_lists': [6654, 1691], 'modifiers': [{'type': 9, 'value': 30}, {'type': 28, 'value': 21}]}"
1200228360,VERY_LONG,,1,16689900,,"{'id': 9889, 'context': 1, 'bonus_lists': [6654, 1709], 'modifiers': [{'type': 9, 'value': 30}, {'type': 28, 'value': 209}]}"
1200228362,VERY_LONG,,1,49822300,,"{'id': 24867, 'context': 1, 'bonus_lists': [6654, 1709], 'modifiers': [{'type': 9, 'value': 30}, {'type': 28, 'value': 222}]}"
1200228367,VERY_LONG,,1,107894500,,"{'id': 14751, 'context': 0, 'bonus_lists': [6654], 'modifiers': [{'type': 9, 'value': 30}, {'type': 28, 'value': 14}]}"
1200228369,VERY_LONG,,1,154865500,,"{'id': 94102, 'context': 0, 'bonus_lists': [1713], 'modifiers': [{'type': 28, 'value': 167}]}"
1200228373,VERY_LONG,,1,395831600,,"{'id': 15358, 'context': 1, 'bonus_lists': [6654, 1705], 'modifiers': [{'type': 9, 'value': 30}, {'type': 28, 'value': 208}]}"
1200228379,VERY_LONG,,1,47000000,,"{'id': 82800, 'context': 0, 'modifiers': [{'type': 6, 'value': 88022}], 'pet_breed_id': 5, 'pet_level': 25, 'pet_quality_id': 3, 'pet_species_id': 2462}"
1200228434,VERY_LONG,,1,40000000,,"{'id': 82800, 'context': 0, 'modifiers': [{'type': 6, 'value': 27718}], 'pet_breed_id': 17, 'pet_level': 25, 'pet_quality_id': 3, 'pet_species_id': 90}"
1200228435,LONG,5300,8,,,{'id': 176859}
1200228446,LONG,18900,3,,,{'id': 176861}
1200228462,VERY_LONG,,1,60000000,,"{'id': 82800, 'context': 0, 'modifiers': [{'type': 6, 'value': 46001}], 'pet_breed_id': 10, 'pet_level': 25, 'pet_quality_id': 3, 'pet_species_id': 330}"
1200228482,VERY_LONG,,1,150000000,,"{'id': 82800, 'context': 0, 'modifiers': [{'type': 6, 'value': 51277}], 'pet_breed_id': 16, 'pet_level': 25, 'pet_quality_id': 3, 'pet_species_id': 1330}"
1200228487,VERY_LONG,,1,366758100,,"{'id': 28491, 'context': 11, 'bonus_lists': [6691, 6703, 1708], 'modifiers': [{'type': 9, 'value': 30}, {'type': 28, 'value': 39}]}"
1200228524,VERY_LONG,,1,482314000,,"{'id': 147514, 'context': 0, 'bonus_lists': [6654, 1706], 'modifiers': [{'type': 9, 'value': 45}, {'type': 28, 'value': 1170}]}"
1200228530,VERY_LONG,,1,1784697000,1766850000,"{'id': 2262, 'context': 1, 'bonus_lists': [6710], 'modifiers': [{'type': 9, 'value': 30}, {'type': 28, 'value': 211}]}"
1200228532,VERY_LONG,,1,1784697000,1766850000,"{'id': 2262, 'context': 0}"
1200228536,VERY_LONG,,1,52000000,,"{'id': 82800, 'context': 0, 'modifiers': [{'type': 6, 'value': 46905}], 'pet_breed_id': 4, 'pet_level': 25, 'pet_quality_id': 3, 'pet_species_id': 1153}"
1200228572,VERY_LONG,,1,50000000,,"{'id': 82800, 'context': 0, 'modifiers': [{'type': 6, 'value': 90183}], 'pet_breed_id': 18, 'pet_level': 25, 'pet_quality_id': 3, 'pet_species_id': 2560}"
1200228573,VERY_LONG,,1,84912100,,"{'id': 15947, 'context': 0, 'bonus_lists': [6655], 'modifiers': [{'type': 9, 'value': 30}, {'type': 28, 'value': 14}]}"
1200228614,VERY_LONG,,1,52000000,,"{'id': 82800, 'context': 0, 'modifiers': [{'type': 6, 'value': 65087}], 'pet_breed_id': 14, 'pet_level': 25, 'pet_quality_id': 3, 'pet_species_id': 1716}"
1200228673,VERY_LONG,,1,52000000,,"{'id': 82800, 'context': 0, 'modifiers': [{'type': 6, 'value': 72239}], 'pet_breed_id': 8, 'pet_level': 25, 'pet_quality_id': 3, 'pet_species_id': 1931}"
1200228712,VERY_LONG,,1,180000000,,"{'id': 82800, 'context': 0, 'modifiers': [{'type': 6, 'value': 29808}], 'pet_breed_id': 21, 'pet_level': 25, 'pet_quality_id': 3, 'pet_species_id': 238}"
1200228739,LONG,,1,6492000,,"{'id': 82800, 'context': 0, 'modifiers': [{'type': 6, 'value': 71835}], 'pet_breed_id': 8, 'pet_level': 1, 'pet_quality_id': 3, 'pet_species_id': 1721}"
1200228740,LONG,,1,6492000,,"{'id': 82800, 'context': 0, 'modifiers': [{'type': 6, 'value': 71835}], 'pet_breed_id': 8, 'pet_level': 1, 'pet_quality_id': 3, 'pet_species_id': 1721}"
1200228744,VERY_LONG,,1,19997500,,"{'id': 43656, 'context': 0}"
1200228747,VERY_LONG,,1,166695200,,"{'id': 75123, 'context': 0, 'bonus_lists': [6883]}"
1200228749,VERY_LONG,,1,166695200,,"{'id': 75123, 'context': 0, 'bonus_lists': [6883]}"
1200228752,VERY_LONG,,1,195164200,,"{'id': 141574, 'context': 26, 'bonus_lists': [1472, 3528, 3431]}"
1200228762,VERY_LONG,1216915100,1,,,{'id': 19698}
1200228764,LONG,,1,15751100,,"{'id': 82800, 'context': 0, 'modifiers': [{'type': 6, 'value': 22629}], 'pet_breed_id': 7, 'pet_level': 1, 'pet_quality_id': 3, 'pet_species_id': 166}"
1200228766,VERY_LONG,,1,99999300,,"{'id': 42728, 'context': 0, 'bonus_lists': [6881]}"
1200228768,LONG,,1,10999800,,"{'id': 82800, 'context': 0, 'modifiers': [{'type': 6, 'value': 75766}], 'pet_breed_id': 18, 'pet_level': 1, 'pet_quality_id': 3, 'pet_species_id': 2042}"
1200228786,VERY_LONG,,1,67760600,,"{'id': 14287, 'context': 0, 'bonus_lists': [6654, 1708], 'modifiers': [{'type': 9, 'value': 30}, {'type': 28, 'value': 36}]}"
1200228789,VERY_LONG,,1,105273400,,"{'id': 116588, 'context': 28, 'bonus_lists': [3875, 48], 'modifiers': [{'type': 9, 'value': 45}]}"
1200228791,VERY_LONG,,1,26819400,,"{'id': 14305, 'context': 0, 'bonus_lists': [6654, 1708], 'modifiers': [{'type': 9, 'value': 30}, {'type': 28, 'value': 36}]}"
1200228792,VERY_LONG,,1,39601900,,"{'id': 14932, 'context': 54, 'bonus_lists': [1678, 4277], 'modifiers': [{'type': 9, 'value': 50}]}"
1200228793,VERY_LONG,,1,39601900,,"{'id': 14932, 'context': 54, 'bonus_lists': [1691, 4277], 'modifiers': [{'type': 9, 'value': 50}]}"
1200228794,VERY_LONG,,1,39601900,,"{'id': 14932, 'context': 1, 'bonus_lists': [1695]}"
1200228795,VERY_LONG,,1,32104200,,"{'id': 14673, 'context': 54, 'bonus_lists': [4278], 'modifiers': [{'type': 9, 'value': 50}]}"
1200228797,VERY_LONG,,1,28852100,,"{'id': 8268, 'context': 1, 'bonus_lists': [6654], 'modifiers': [{'type': 9, 'value': 30}, {'type': 28, 'value': 201}]}"
1200228798,LONG,,1,6722800,,"{'id': 82800, 'context': 0, 'modifiers': [{'type': 6, 'value': 62216}], 'pet_breed_id': 20, 'pet_level': 1, 'pet_quality_id': 3, 'pet_species_id': 1711}"
1200228803,LONG,,1,178500000,,"{'id': 82800, 'context': 0, 'modifiers': [{'type': 6, 'value': 64720}], 'pet_breed_id': 10, 'pet_level': 1, 'pet_quality_id': 3, 'pet_species_id': 1692}"
1200228806,VERY_LONG,,1,265371900,,"{'id': 23527, 'context': 0, 'bonus_lists': [6883]}"
1200228810,VERY_LONG,,1,265371900,,"{'id': 23527, 'context': 0, 'bonus_lists': [6883]}"
1200228812,LONG,,1,12287400,,"{'id': 82800, 'context': 0, 'modifiers': [{'type': 6, 'value': 44551}], 'pet_breed_id': 16, 'pet_level': 1, 'pet_quality_id': 3, 'pet_species_id': 1039}"
1200228817,VERY_LONG,,1,552465000,,"{'id': 147517, 'context': 0, 'bonus_lists': [6654, 1699], 'modifiers': [{'type': 9, 'value': 45}, {'type': 28, 'value': 1170}]}"
1200228821,VERY_LONG,,1,74024700,,"{'id': 14802, 'context': 0, 'bonus_lists': [6654], 'modifiers': [{'type': 9, 'value': 30}, {'type': 28, 'value': 33}]}"
1200228823,VERY_LONG,,1,49999700,,"{'id': 23804, 'context': 0}"
1200228825,LONG,,1,19999900,,"{'id': 82800, 'context': 0, 'modifiers': [{'type': 6, 'value': 58613}], 'pet_breed_id': 22, 'pet_level': 1, 'pet_quality_id': 3, 'pet_species_id': 1577}"
1200228827,VERY_LONG,,1,770150300,,"{'id': 78186, 'context': 14, 'modifiers': [{'type': 28, 'value': 402}]}"
1200228829,VERY_LONG,,1,29245500,,"{'id': 44694, 'context': 14, 'modifiers': [{'type': 28, 'value': 885}]}"
1200228831,VERY_LONG,,1,363508100,,"{'id': 169399, 'context': 0, 'bonus_lists': [4796, 1689], 'modifiers': [{'type': 9, 'value': 50}]}"
1200228832,VERY_LONG,,1,37372100,,"{'id': 14869, 'context': 0, 'bonus_lists': [6654], 'modifiers': [{'type': 9, 'value': 30}, {'type': 28, 'value': 36}]}"
1200228834,VERY_LONG,,1,11509300,,"{'id': 14672, 'context': 54, 'bonus_lists': [4277], 'modifiers': [{'type': 9, 'value': 50}]}"
1200228837,VERY_LONG,,1,76950300,,"{'id': 101571, 'context': 0, 'modifiers': [{'type': 28, 'value': 402}]}"
1200228838,VERY_LONG,,1,845524900,,"{'id': 78223, 'context': 14, 'modifiers': [{'type': 28, 'value': 402}]}"
1200228840,LONG,,1,199990000,,"{'id': 82800, 'context': 0, 'modifiers': [{'type': 6, 'value': 74514}], 'pet_breed_id': 6, 'pet_level': 1, 'pet_quality_id': 3, 'pet_species_id': 2002}"
1200228841,VERY_LONG,,1,5015444200,4764672000,"{'id': 82800, 'context': 0, 'modifiers': [{'type': 6, 'value': 25002}], 'pet_breed_id': 3, 'pet_level': 1, 'pet_quality_id': 3, 'pet_species_id': 183}"
1200228843,VERY_LONG,,1,37499300,,"{'id': 75077, 'context': 0, 'bonus_lists': [6863]}"
1200228844,LONG,,1,43736300,,"{'id': 82800, 'context': 0, 'modifiers': [{'type': 6, 'value': 48708}], 'pet_breed_id': 6, 'pet_level': 1, 'pet_quality_id': 3, 'pet_species_id': 1245}"
1200228847,LONG,,1,49224000,,"{'id': 82800, 'context': 0, 'modifiers': [{'type': 6, 'value': 43868}], 'pet_breed_id': 13, 'pet_level': 1, 'pet_quality_id': 3, 'pet_species_id': 792}"
1200228848,LONG,,1,14414100,,"{'id': 82800, 'context': 0, 'modifiers': [{'type': 6, 'value': 61891}], 'pet_breed_id': 12, 'pet_level': 1, 'pet_quality_id': 3, 'pet_species_id': 1626}"
1200228849,LONG,,1,26399900,,"{'id': 82800, 'context': 0, 'pet_breed_id': 13, 'pet_level': 1, 'pet_quality_id': 3, 'pet_species_id': 1598}"
1200228851,VERY_LONG,,1,151870000,,"{'id': 116599, 'context': 29, 'bonus_lists': [3875, 154, 517], 'modifiers': [{'type': 9, 'value': 45}]}"
1200228852,VERY_LONG,,1,86626400,,"{'id': 55282, 'context': 22, 'bonus_lists': [6655, 1714], 'modifiers': [{'type': 9, 'value': 35}, {'type': 28, 'value': 1113}]}"
1200228853,VERY_LONG,,1,350003800,,"{'id': 147428, 'context': 6, 'bonus_lists': [3563, 1472, 3528]}"
1200228855,LONG,,1,54980000,,"{'id': 82800, 'context': 0, 'modifiers': [{'type': 6, 'value': 57803}], 'pet_breed_id': 17, 'pet_level': 1, 'pet_quality_id': 3, 'pet_species_id': 1428}"
1200228857,VERY_LONG,,1,2770528700,,"{'id': 1168, 'context': 1}"
1200228859,LONG,,1,79000000,,"{'id': 82800, 'context': 0, 'modifiers': [{'type': 6, 'value': 63691}], 'pet_breed_id': 9, 'pet_level': 1, 'pet_quality_id': 3, 'pet_species_id': 1665}"
1200228860,VERY_LONG,,1,103223100,,"{'id': 116606, 'context': 28, 'bonus_lists': [3875, 207], 'modifiers': [{'type': 9, 'value': 45}]}"
1200228861,VERY_LONG,,1,103223100,,"{'id': 116606, 'context': 28, 'bonus_lists': [3875, 163], 'modifiers': [{'type': 9, 'value': 45}]}"
1200228862,VERY_LONG,13819900,3,,,{'id': 19278}
1200228863,LONG,,1,54190200,,"{'id': 82800, 'context': 0, 'modifiers': [{'type': 6, 'value': 42430}], 'pet_breed_id': 14, 'pet_level': 1, 'pet_quality_id': 3, 'pet_species_id': 1518}"
1200228864,VERY_LONG,4900000,1,,,{'id': 128554}
1200228866,LONG,,1,1578600,,"{'id': 82800, 'context': 0, 'modifiers': [{'type': 6, 'value': 19986}], 'pet_breed_id': 22, 'pet_level': 1, 'pet_quality_id': 3, 'pet_species_id': 139}"
1200228869,LONG,,1,104999900,,"{'id': 82800, 'context': 0, 'modifiers': [{'type': 6, 'value': 73663}], 'pet_breed_id': 9, 'pet_level': 1, 'pet_quality_id': 3, 'pet_species_id': 1953}"
1200228871,VERY_LONG,,1,119882400,,"{'id': 58486, 'context': 14}"
1200228872,VERY_LONG,,1,865670200,,"{'id': 161071, 'context': 4, 'bonus_lists': [4801, 1472, 4783]}"
1200228874,LONG,,1,55033200,,"{'id': 82800, 'context': 0, 'modifiers': [{'type': 6, 'value': 36902}], 'pet_breed_id': 3, 'pet_level': 1, 'pet_quality_id': 3, 'pet_species_id': 267}"
1200228875,LONG,,1,113781800,,"{'id': 82800, 'context': 0, 'modifiers': [{'type': 6, 'value': 54855}], 'pet_breed_id': 18, 'pet_level': 1, 'pet_quality_id': 3, 'pet_species_id': 1542}"
1200228876,VERY_LONG,458294300,1,,,{'id': 19699}
1200228877,VERY_LONG,,1,15726500,15569200,"{'id': 14598, 'context': 1, 'bonus_lists': [6654], 'modifiers': [{'type': 9, 'value': 30}, {'type': 28, 'value': 209}]}"
1200228879,VERY_LONG,,1,48708400,,"{'id': 14959, 'context': 54, 'bonus_lists': [1677, 4277], 'modifiers': [{'type': 9, 'value': 50}]}"
1200228881,VERY_LONG,,1,15191800,,"{'id': 14861, 'context': 54, 'bonus_lists': [4277], 'modifiers': [{'type': 9, 'value': 50}]}"
1200228885,LONG,,1,58909800,,"{'id': 82800, 'context': 0, 'modifiers': [{'type': 6, 'value': 45938}], 'pet_breed_id': 7, 'pet_level': 1, 'pet_quality_id': 3, 'pet_species_id': 834}"
1200228906,VERY_LONG,,1,100177200,50088600,"{'id': 94073, 'context': 0, 'bonus_lists': [1692], 'modifiers': [{'type': 28, 'value': 167}]}"
1200228907,VERY_LONG,,1,1863460200,1844825600,"{'id': 23621, 'context': 0}"
1200228911,VERY_LONG,,1,174741600,172994200,"{'id': 4298, 'context': 0}"
1200228915,VERY_LONG,,1,174741600,172994200,"{'id': 4298, 'context': 1}"
1200228931,VERY_LONG,,1,476193900,471432000,"{'id': 33954, 'context': 0}"
1200228943,VERY_LONG,,1,666347100,659683600,"{'id': 23637, 'context': 1, 'modifiers': [{'type': 28, 'value': 234}]}"
1200228949,LONG,,1,483707500,,"{'id': 89587, 'context': 11, 'modifiers': [{'type': 28, 'value': 373}]}"
1200228951,LONG,,1,135000000,,"{'id': 82800, 'context': 0, 'modifiers': [{'type': 6, 'value': 58169}], 'pet_breed_id': 18, 'pet_level': 1, 'pet_quality_id': 3, 'pet_species_id': 1521}"
1200228954,LONG,,1,14622300,,"{'id': 82800, 'context': 0, 'modifiers': [{'type': 6, 'value': 60016}], 'pet_breed_id': 20, 'pet_level': 1, 'pet_quality_id': 3, 'pet_species_id': 1541}"
1200228958,LONG,,1,87745500,,"{'id': 82800, 'context': 0, 'modifiers': [{'type': 6, 'value': 60876}], 'pet_breed_id': 18, 'pet_level': 1, 'pet_quality_id': 3, 'pet_species_id': 1574}"
1200228962,LONG,,1,87745500,,"{'id': 82800, 'context': 0, 'modifiers': [{'type': 6, 'value': 60876}], 'pet_breed_id': 18, 'pet_level': 1, 'pet_quality_id': 3, 'pet_species_id': 1574}"
1200228964,LONG,,1,52477900,,"{'id': 82800, 'context': 0, 'modifiers': [{'type': 6, 'value': 27681}], 'pet_breed_id': 10, 'pet_level': 1, 'pet_quality_id': 3, 'pet_species_id': 126}"
1200228970,LONG,,1,100000000,,"{'id': 82800, 'context': 0, 'modifiers': [{'type': 6, 'value': 54848}], 'pet_breed_id': 8, 'pet_level': 1, 'pet_quality_id': 3, 'pet_species_id': 1396}"
1200228973,LONG,,1,28999900,,"{'id': 82800, 'context': 0, 'modifiers': [{'type': 6, 'value': 24751}], 'pet_breed_id': 3, 'pet_level': 1, 'pet_quality_id': 3, 'pet_species_id': 2080}"
1200228978,LONG,,1,79999800,,"{'id': 82800, 'context': 0, 'modifiers': [{'type': 6, 'value': 38429}], 'pet_breed_id': 3, 'pet_level': 1, 'pet_quality_id': 3, 'pet_species_id': 318}"
1200228980,LONG,,1,2778800,,"{'id': 82800, 'context': 0, 'modifiers': [{'type': 6, 'value': 58722}], 'pet_breed_id': 17, 'pet_level': 1, 'pet_quality_id': 3, 'pet_species_id': 1416}"
1200228986,LONG,,1,13517800,,"{'id': 82800, 'context': 0, 'modifiers': [{'type': 6, 'value': 68859}], 'pet_breed_id': 21, 'pet_level': 1, 'pet_quality_id': 3, 'pet_species_id': 1889}"
1200228990,LONG,,1,94413100,,"{'id': 82800, 'context': 0, 'modifiers': [{'type': 6, 'value': 57822}], 'pet_breed_id': 13, 'pet_level': 1, 'pet_quality_id': 3, 'pet_species_id': 1430}"
1200228992,LONG,,1,107579400,,"{'id': 82800, 'context': 0, 'modifiers': [{'type': 6, 'value': 36637}], 'pet_breed_id': 8, 'pet_level': 1, 'pet_quality_id': 3, 'pet_species_id': 279}"
1200228996,VERY_LONG,,1,348469500,,"{'id': 116600, 'context': 28, 'bonus_lists': [3875, 89], 'modifiers': [{'type': 9, 'value': 45}]}"
1200229000,VERY_LONG,,1,1868000,,"{'id': 82800, 'context': 0, 'modifiers': [{'type': 6, 'value': 66157}], 'pet_breed_id': 13, 'pet_level': 7, 'pet_quality_id': 3, 'pet_species_id': 1804}"
1200229002,VERY_LONG,,1,1293200,,"{'id': 82800, 'context': 0, 'modifiers': [{'type': 6, 'value': 73699}], 'pet_breed_id': 10, 'pet_level': 2, 'pet_quality_id': 3, 'pet_species_id': 1964}"
1200229008,VERY_LONG,,1,64989600,,"{'id': 82800, 'context': 0, 'modifiers': [{'type': 6, 'value': 88019}], 'pet_breed_id': 21, 'pet_level': 1, 'pet_quality_id': 3, 'pet_species_id': 2696}"
1200229011,VERY_LONG,551837400,1000,,,{'id': 2519}
1200229013,VERY_LONG,12500761600,1,,,{'id': 19931}
1200229021,VERY_LONG,,1,45944800,,"{'id': 82800, 'context': 0, 'modifiers': [{'type': 6, 'value': 37949}], 'pet_breed_id': 18, 'pet_level': 7, 'pet_quality_id': 3, 'pet_species_id': 1927}"
1200229025,VERY_LONG,,1,132573000,,"{'id': 5422, 'context': 0, 'bonus_lists': [6709], 'modifiers': [{'type': 9, 'value': 30}, {'type': 28, 'value': 3}]}"
1200229027,VERY_LONG,,1,57200600,,"{'id': 55396, 'context': 5, 'bonus_lists': [6655, 1712], 'modifiers': [{'type': 9, 'value': 35}, {'type': 28, 'value': 1029}]}"
1200229029,VERY_LONG,,1,37500000,,"{'id': 106676, 'context': 29, 'bonus_lists': [3854, 126], 'modifiers': [{'type': 9, 'value': 45}]}"
1200229034,VERY_LONG,,1,8429600,,"{'id': 82800, 'context': 0, 'modifiers': [{'type': 6, 'value': 77901}], 'pet_breed_id': 13, 'pet_level': 3, 'pet_quality_id': 3, 'pet_species_id': 2566}"
1200229060,VERY_LONG,,1,74229500,,"{'id': 160165, 'context': 0, 'bonus_lists': [4796, 1717], 'modifiers': [{'type': 9, 'value': 50}]}"
1200229062,VERY_LONG,,1,48685300,,"{'id': 106662, 'context': 28, 'bonus_lists': [3854, 164], 'modifiers': [{'type': 9, 'value': 45}]}"
1200229063,VERY_LONG,,1,34690000,,"{'id': 128807, 'context': 0}"
1200229065,VERY_LONG,,1,88446800,,"{'id': 14445, 'context': 0, 'bonus_lists': [6654], 'modifiers': [{'type': 9, 'value': 30}, {'type': 28, 'value': 36}]}"
1200229068,VERY_LONG,,1,35560900,,"{'id': 44693, 'context': 14, 'modifiers': [{'type': 28, 'value': 885}]}"
1200229072,VERY_LONG,,1,36065300,,"{'id': 82800, 'context': 0, 'modifiers': [{'type': 6, 'value': 61889}], 'pet_breed_id': 19, 'pet_level': 11, 'pet_quality_id': 3, 'pet_species_id': 1627}"
1200229075,VERY_LONG,,1,110229200,,"{'id': 106686, 'context': 29, 'bonus_lists': [3854, 214], 'modifiers': [{'type': 9, 'value': 45}]}"
1200229077,VERY_LONG,,1,5464700,,"{'id': 175567, 'context': 1, 'bonus_lists': [6907, 1715], 'modifiers': [{'type': 9, 'value': 60}, {'type': 28, 'value': 2044}]}"
1200229080,VERY_LONG,,1,82187600,,"{'id': 116609, 'context': 28, 'bonus_lists': [3875, 94], 'modifiers': [{'type': 9, 'value': 45}]}"
1200229083,VERY_LONG,8987800,1,,,{'id': 110647}
1200229086,VERY_LONG,,1,97461400,,"{'id': 138385, 'context': 14}"
1200229090,VERY_LONG,,1,3510000,,"{'id': 175555, 'context': 0, 'bonus_lists': [6907, 1700], 'modifiers': [{'type': 9, 'value': 60}, {'type': 28, 'value': 1707}]}"
1200229092,VERY_LONG,,1,124999300,,"{'id': 42726, 'context': 0, 'bonus_lists': [6881]}"
1200229093,VERY_LONG,,1,97977000,,"{'id': 82800, 'context': 0, 'modifiers': [{'type': 6, 'value': 45939}], 'pet_breed_id': 12, 'pet_level': 7, 'pet_quality_id': 3, 'pet_species_id': 337}"
1200229095,VERY_LONG,,1,1267171100,,"{'id': 78235, 'context': 14, 'modifiers': [{'type': 28, 'value': 402}]}"
1200229097,VERY_LONG,,1,45669200,,"{'id': 82800, 'context': 0, 'modifiers': [{'type': 6, 'value': 68845}], 'pet_breed_id': 3, 'pet_level': 5, 'pet_quality_id': 3, 'pet_species_id': 1929}"
1200229100,VERY_LONG,,1,7592200,,"{'id': 790, 'context': 1, 'bonus_lists': [6655, 1680], 'modifiers': [{'type': 9, 'value': 30}, {'type': 28, 'value': 215}]}"
1200229106,VERY_LONG,,1,1999900,,"{'id': 173244, 'context': 63, 'bonus_lists': [6716, 1487]}"
1200229110,VERY_LONG,,1,1999900,,"{'id': 173244, 'context': 63, 'bonus_lists': [6716, 1487]}"
1200229114,VERY_LONG,,1,1999900,,"{'id': 173244, 'context': 63, 'bonus_lists': [6716, 1487]}"
1200229116,VERY_LONG,,1,1999900,,"{'id': 173244, 'context': 63, 'bonus_lists': [6716, 1487]}"
1200229122,VERY_LONG,,1,1999900,,"{'id': 173244, 'context': 63, 'bonus_lists': [6716, 1487]}"
1200229125,VERY_LONG,,1,1999900,,"{'id': 173244, 'context': 63, 'bonus_lists': [6716, 1487]}"
1200229128,VERY_LONG,,1,20194800,,"{'id': 82800, 'context': 0, 'modifiers': [{'type': 6, 'value': 26740}], 'pet_breed_id': 22, 'pet_level': 11, 'pet_quality_id': 3, 'pet_species_id': 1956}"
1200229132,VERY_LONG,,1,59195200,,"{'id': 14925, 'context': 54, 'bonus_lists': [1705, 4277], 'modifiers': [{'type': 9, 'value': 50}]}"
1200229135,VERY_LONG,,1,104224100,,"{'id': 106683, 'context': 29, 'bonus_lists': [3854, 61], 'modifiers': [{'type': 9, 'value': 45}]}"
1200229138,VERY_LONG,,1,789939600,,"{'id': 78243, 'context': 14, 'modifiers': [{'type': 28, 'value': 402}]}"
1200229141,VERY_LONG,,1,198475200,,"{'id': 45052, 'context': 0, 'bonus_lists': [3663], 'modifiers': [{'type': 9, 'value': 25}]}"
1200229145,VERY_LONG,,1,35684400,,"{'id': 15651, 'context': 0, 'bonus_lists': [6654, 1705], 'modifiers': [{'type': 9, 'value': 30}, {'type': 28, 'value': 36}]}"
1200229151,VERY_LONG,,1,35684400,,"{'id': 15651, 'context': 0, 'bonus_lists': [6654, 1678], 'modifiers': [{'type': 9, 'value': 30}, {'type': 28, 'value': 36}]}"
1200229264,VERY_LONG,,1,199990000,,"{'id': 173246, 'context': 65, 'bonus_lists': [6718, 1522]}"
1200229265,VERY_LONG,,1,199990000,,"{'id': 173246, 'context': 65, 'bonus_lists': [6718, 1522]}"
1200229267,VERY_LONG,,1,199990000,,"{'id': 173246, 'context': 65, 'bonus_lists': [6718, 1522]}"
1200229268,VERY_LONG,,1,199990000,,"{'id': 173246, 'context': 65, 'bonus_lists': [6718, 1522]}"
1200229269,VERY_LONG,,1,199990000,,"{'id': 173246, 'context': 65, 'bonus_lists': [6718, 1522]}"
1200229272,VERY_LONG,,1,199990000,,"{'id': 173246, 'context': 65, 'bonus_lists': [6718, 1522]}"
1200229274,VERY_LONG,,1,199990000,,"{'id': 173246, 'context': 65, 'bonus_lists': [6718, 1522]}"
1200229276,VERY_LONG,,1,199990000,,"{'id': 173246, 'context': 65, 'bonus_lists': [6718, 1522]}"
1200229279,VERY_LONG,,1,199990000,,"{'id': 173246, 'context': 65, 'bonus_lists': [6718, 1522]}"
1200229280,VERY_LONG,,1,199990000,,"{'id': 173246, 'context': 65, 'bonus_lists': [6718, 1522]}"
1200229283,VERY_LONG,,1,1950000000,,"{'id': 183017, 'context': 5, 'bonus_lists': [7188, 6652, 6935, 1485, 6646], 'modifiers': [{'type': 28, 'value': 752}]}"
1200229395,VERY_LONG,,1,90000000,,"{'id': 173249, 'context': 65, 'bonus_lists': [6718, 7193, 1522]}"
1200229397,VERY_LONG,,1,90000000,,"{'id': 173249, 'context': 65, 'bonus_lists': [6718, 7193, 1522]}"
1200229398,VERY_LONG,,1,90000000,,"{'id': 173249, 'context': 65, 'bonus_lists': [6718, 7193, 1522]}"
1200229399,VERY_LONG,,1,90000000,,"{'id': 173249, 'context': 65, 'bonus_lists': [6718, 7193, 1522]}"
1200229402,VERY_LONG,,1,90000000,,"{'id': 173249, 'context': 65, 'bonus_lists': [6718, 7193, 1522]}"
1200229404,VERY_LONG,,1,90000000,,"{'id': 173249, 'context': 65, 'bonus_lists': [6718, 7193, 1522]}"
1200229405,VERY_LONG,,1,90000000,,"{'id': 173249, 'context': 65, 'bonus_lists': [6718, 7194, 1522]}"
1200229408,VERY_LONG,,1,90000000,,"{'id': 173249, 'context': 65, 'bonus_lists': [6718, 7193, 1522]}"
1200229410,VERY_LONG,,1,90000000,,"{'id': 173249, 'context': 65, 'bonus_lists': [6718, 7193, 1522]}"
1200229413,VERY_LONG,,1,90000000,,"{'id': 173249, 'context': 65, 'bonus_lists': [6718, 7193, 1522]}"
1200229416,VERY_LONG,,1,90000000,,"{'id': 173249, 'context': 65, 'bonus_lists': [6718, 7193, 1522]}"
1200229419,VERY_LONG,,1,90000000,,"{'id': 173249, 'context': 65, 'bonus_lists': [6718, 7194, 1522]}"
1200229421,VERY_LONG,,1,90000000,,"{'id': 173249, 'context': 65, 'bonus_lists': [6718, 7194, 1522]}"
1200229424,VERY_LONG,,1,90000000,,"{'id': 173249, 'context': 65, 'bonus_lists': [6718, 7194, 1522]}"
1200229510,VERY_LONG,,1,50000000,,"{'id': 173249, 'context': 64, 'bonus_lists': [6717, 7193, 1507]}"
1200229511,VERY_LONG,,1,50000000,,"{'id': 173249, 'context': 64, 'bonus_lists': [6717, 7193, 1507]}"
1200229512,VERY_LONG,,1,3200000,,"{'id': 7519, 'context': 0, 'bonus_lists': [6654, 1678], 'modifiers': [{'type': 9, 'value': 22}, {'type': 28, 'value': 1804}]}"
1200229513,VERY_LONG,,1,50000000,,"{'id': 173249, 'context': 64, 'bonus_lists': [6717, 7194, 1507]}"
1200229515,VERY_LONG,,1,50000000,,"{'id': 173249, 'context': 64, 'bonus_lists': [6717, 7194, 1507]}"
1200229516,VERY_LONG,26200,2,,,{'id': 24477}
1200229518,VERY_LONG,,1,50000000,,"{'id': 173249, 'context': 64, 'bonus_lists': [6717, 7194, 1507]}"
1200229521,VERY_LONG,,1,900000,,"{'id': 36037, 'context': 0, 'bonus_lists': [6654, 1708], 'modifiers': [{'type': 9, 'value': 30}, {'type': 28, 'value': 1023}]}"
1200229524,VERY_LONG,,1,50000000,,"{'id': 173249, 'context': 64, 'bonus_lists': [6717, 7194, 1507]}"
1200229527,VERY_LONG,,1,123255700,,"{'id': 116697, 'context': 0, 'bonus_lists': [6655, 196], 'modifiers': [{'type': 9, 'value': 27}, {'type': 28, 'value': 1764}]}"
1200229530,VERY_LONG,,1,50000000,,"{'id': 173249, 'context': 64, 'bonus_lists': [6717, 7193, 1507]}"
1200229533,VERY_LONG,,1,862900,,"{'id': 36041, 'context': 0, 'bonus_lists': [6654, 1709], 'modifiers': [{'type': 9, 'value': 30}, {'type': 28, 'value': 1023}]}"
1200229536,VERY_LONG,,1,50000000,,"{'id': 173249, 'context': 64, 'bonus_lists': [6717, 7193, 1507]}"
1200229542,VERY_LONG,,1,50000000,,"{'id': 173249, 'context': 64, 'bonus_lists': [6717, 7194, 1507]}"
1200229543,VERY_LONG,,1,54373500,,"{'id': 14428, 'context': 42, 'bonus_lists': [3836], 'modifiers': [{'type': 9, 'value': 20}]}"
1200229546,VERY_LONG,,1,50000000,,"{'id': 173249, 'context': 64, 'bonus_lists': [6717, 7193, 1507]}"
1200229549,VERY_LONG,,1,348395300,,"{'id': 106470, 'context': 0, 'bonus_lists': [6654, 59], 'modifiers': [{'type': 9, 'value': 36}, {'type': 28, 'value': 1766}]}"
1200229552,VERY_LONG,,1,50000000,,"{'id': 173249, 'context': 64, 'bonus_lists': [6717, 7194, 1507]}"
1200229554,VERY_LONG,,1,27676900,,"{'id': 36657, 'context': 22, 'bonus_lists': [6655, 1706], 'modifiers': [{'type': 9, 'value': 30}, {'type': 28, 'value': 1094}]}"
1200229556,VERY_LONG,,1,50000000,,"{'id': 173249, 'context': 64, 'bonus_lists': [6717, 7193, 1507]}"
1200229559,VERY_LONG,,1,35001100,,"{'id': 106504, 'context': 0, 'bonus_lists': [168]}"
1200229560,VERY_LONG,,1,50000000,,"{'id': 173249, 'context': 64, 'bonus_lists': [6717, 7193, 1507]}"
1200229564,VERY_LONG,,1,50000000,,"{'id': 173249, 'context': 64, 'bonus_lists': [6717, 7194, 1507]}"
1200229565,VERY_LONG,,1,3993000,,"{'id': 15284, 'context': 0, 'bonus_lists': [6655], 'modifiers': [{'type': 9, 'value': 30}, {'type': 28, 'value': 14}]}"
1200229572,VERY_LONG,,1,14471600,,"{'id': 121051, 'context': 0, 'bonus_lists': [1812, 1808, 1678], 'modifiers': [{'type': 9, 'value': 41}]}"
1200229577,VERY_LONG,,1,8038100,,"{'id': 8194, 'context': 43, 'bonus_lists': [1708, 4280], 'modifiers': [{'type': 9, 'value': 22}]}"
1200229581,VERY_LONG,,1,1159900,,"{'id': 9937, 'context': 1, 'bonus_lists': [6654, 1681], 'modifiers': [{'type': 9, 'value': 30}, {'type': 28, 'value': 282}]}"
1200229584,VERY_LONG,2959600,1,,,{'id': 3712}
1200229587,VERY_LONG,,1,131037500,,"{'id': 14971, 'context': 0, 'bonus_lists': [6654, 1693], 'modifiers': [{'type': 9, 'value': 30}, {'type': 28, 'value': 36}]}"
1200229592,VERY_LONG,,1,9232700,,"{'id': 24617, 'context': 22, 'bonus_lists': [6654, 1707], 'modifiers': [{'type': 9, 'value': 30}, {'type': 28, 'value': 1076}]}"
1200229593,VERY_LONG,,1,49996500,,"{'id': 14414, 'context': 1, 'bonus_lists': [6654], 'modifiers': [{'type': 9, 'value': 30}, {'type': 28, 'value': 208}]}"
1200229596,VERY_LONG,,1,1000000,,"{'id': 82287, 'context': 0, 'bonus_lists': [6654, 1678], 'modifiers': [{'type': 9, 'value': 35}, {'type': 28, 'value': 1032}]}"
1200229597,VERY_LONG,,1,1660000,,"{'id': 10138, 'context': 1, 'bonus_lists': [6654, 1677], 'modifiers': [{'type': 9, 'value': 30}, {'type': 28, 'value': 205}]}"
1200229600,VERY_LONG,,1,100258800,,"{'id': 14787, 'context': 1, 'bonus_lists': [6654], 'modifiers': [{'type': 9, 'value': 30}, {'type': 28, 'value': 209}]}"
1200229602,VERY_LONG,,1,85394700,,"{'id': 106666, 'context': 28, 'bonus_lists': [3854, 159], 'modifiers': [{'type': 9, 'value': 38}]}"
1200229607,VERY_LONG,,1,680000,,"{'id': 15323, 'context': 1, 'bonus_lists': [6655, 1706], 'modifiers': [{'type': 9, 'value': 30}, {'type': 28, 'value': 282}]}"
1200229612,VERY_LONG,,1,47002800,,"{'id': 116702, 'context': 0, 'bonus_lists': [52, 550]}"
1200229615,VERY_LONG,,1,3863200,,"{'id': 36149, 'context': 0, 'bonus_lists': [6654, 1695], 'modifiers': [{'type': 9, 'value': 30}, {'type': 28, 'value': 1023}]}"
1200229621,VERY_LONG,,1,500000,,"{'id': 36259, 'context': 0, 'bonus_lists': [6654, 1680], 'modifiers': [{'type': 9, 'value': 30}, {'type': 28, 'value': 1023}]}"
1200229627,VERY_LONG,,1,3337700,,"{'id': 36375, 'context': 0, 'bonus_lists': [6654, 1708], 'modifiers': [{'type': 9, 'value': 30}, {'type': 28, 'value': 1023}]}"
1200229634,VERY_LONG,,1,68883700,,"{'id': 106481, 'context': 0, 'bonus_lists': [6654, 34], 'modifiers': [{'type': 9, 'value': 35}, {'type': 28, 'value': 1766}]}"
1200229637,VERY_LONG,,1,64724100,,"{'id': 15185, 'context': 0, 'bonus_lists': [6654, 1681], 'modifiers': [{'type': 9, 'value': 30}, {'type': 28, 'value': 36}]}"
1200229641,VERY_LONG,,1,13331700,,"{'id': 10104, 'context': 1, 'bonus_lists': [1707]}"
1200229646,VERY_LONG,,1,1500000,,"{'id': 36455, 'context': 0, 'bonus_lists': [6655, 1695], 'modifiers': [{'type': 9, 'value': 30}, {'type': 28, 'value': 1023}]}"
1200229650,VERY_LONG,,1,146217400,,"{'id': 8310, 'context': 1, 'bonus_lists': [6654], 'modifiers': [{'type': 9, 'value': 30}, {'type': 28, 'value': 205}]}"
1200229653,VERY_LONG,,1,20001400,,"{'id': 14744, 'context': 0, 'bonus_lists': [6654], 'modifiers': [{'type': 9, 'value': 30}, {'type': 28, 'value': 14}]}"
1200229654,VERY_LONG,,1,92867500,,"{'id': 106440, 'context': 0, 'bonus_lists': [6654, 111], 'modifiers': [{'type': 9, 'value': 27}, {'type': 28, 'value': 1764}]}"
1200229660,VERY_LONG,,1,67177100,,"{'id': 4078, 'context': 1, 'bonus_lists': [6654], 'modifiers': [{'type': 9, 'value': 30}, {'type': 28, 'value': 209}]}"
1200229662,VERY_LONG,,1,4706000,,"{'id': 36154, 'context': 0, 'bonus_lists': [6654, 1695], 'modifiers': [{'type': 9, 'value': 30}, {'type': 28, 'value': 1023}]}"
1200229665,VERY_LONG,,1,4062000,,"{'id': 3430, 'context': 1, 'bonus_lists': [6655, 1692], 'modifiers': [{'type': 9, 'value': 30}, {'type': 28, 'value': 209}]}"
1200229667,VERY_LONG,,1,122008900,,"{'id': 7332, 'context': 1, 'bonus_lists': [6654, 1692], 'modifiers': [{'type': 9, 'value': 30}, {'type': 28, 'value': 209}]}"
1200229669,VERY_LONG,,1,324000,,"{'id': 36266, 'context': 36, 'bonus_lists': [1695]}"
1200229672,VERY_LONG,,1,84331600,,"{'id': 14909, 'context': 1, 'bonus_lists': [6654, 1677], 'modifiers': [{'type': 9, 'value': 30}, {'type': 28, 'value': 209}]}"
1200229675,VERY_LONG,99000,11,,,{'id': 12202}
1200229676,VERY_LONG,,1,21999900,,"{'id': 14421, 'context': 0, 'bonus_lists': [6654], 'modifiers': [{'type': 9, 'value': 30}, {'type': 28, 'value': 21}]}"
1200229679,VERY_LONG,,1,160008900,,"{'id': 116511, 'context': 27, 'bonus_lists': [3874, 199], 'modifiers': [{'type': 9, 'value': 37}]}"
1200229680,VERY_LONG,,1,4840000,,"{'id': 8108, 'context': 1, 'bonus_lists': [6654], 'modifiers': [{'type': 9, 'value': 30}, {'type': 28, 'value': 282}]}"
1200229686,VERY_LONG,,1,180664400,,"{'id': 14417, 'context': 0, 'bonus_lists': [6654], 'modifiers': [{'type': 9, 'value': 30}, {'type': 28, 'value': 21}]}"
1200229687,VERY_LONG,,1,2499900,,"{'id': 36567, 'context': 0, 'bonus_lists': [6655, 1707], 'modifiers': [{'type': 9, 'value': 30}, {'type': 28, 'value': 1023}]}"
1200229690,VERY_LONG,,1,12456700,,"{'id': 15214, 'context': 1, 'bonus_lists': [6655, 1679], 'modifiers': [{'type': 9, 'value': 30}, {'type': 28, 'value': 209}]}"
1200229693,VERY_LONG,3500,67,,,{'id': 152542}
1200229695,VERY_LONG,,1,66909900,,"{'id': 15599, 'context': 0, 'bonus_lists': [6654, 1691], 'modifiers': [{'type': 9, 'value': 30}, {'type': 28, 'value': 21}]}"
1200229700,VERY_LONG,,1,27807500,,"{'id': 4074, 'context': 37, 'bonus_lists': [3835], 'modifiers': [{'type': 9, 'value': 19}]}"
1200229701,VERY_LONG,,1,76973600,,"{'id': 15594, 'context': 1, 'bonus_lists': [6654, 1693], 'modifiers': [{'type': 9, 'value': 30}, {'type': 28, 'value': 208}]}"
1200229704,VERY_LONG,9000,58,,,{'id': 152546}
1200229709,VERY_LONG,,1,4394800,,"{'id': 8112, 'context': 0, 'bonus_lists': [6654], 'modifiers': [{'type': 9, 'value': 22}, {'type': 28, 'value': 1804}]}"
1200229713,VERY_LONG,494900,6,,,{'id': 154125}
1200229720,VERY_LONG,,1,9188600,,"{'id': 36152, 'context': 0, 'bonus_lists': [6654, 1693], 'modifiers': [{'type': 9, 'value': 30}, {'type': 28, 'value': 1023}]}"
1200229725,VERY_LONG,,1,130265300,,"{'id': 36082, 'context': 27, 'bonus_lists': [1691, 3839], 'modifiers': [{'type': 9, 'value': 26}]}"
1200229731,VERY_LONG,2900,1,,,{'id': 7912}
1200229732,VERY_LONG,,1,37372100,,"{'id': 14869, 'context': 0, 'bonus_lists': [6654], 'modifiers': [{'type': 9, 'value': 30}, {'type': 28, 'value': 36}]}"
1200229736,VERY_LONG,,1,41497900,,"{'id': 14590, 'context': 1, 'bonus_lists': [6654], 'modifiers': [{'type': 9, 'value': 30}, {'type': 28, 'value': 208}]}"
1200229739,VERY_LONG,,1,192096900,,"{'id': 14828, 'context': 0, 'bonus_lists': [6654], 'modifiers': [{'type': 9, 'value': 30}, {'type': 28, 'value': 21}]}"
1200229742,VERY_LONG,,1,41616600,,"{'id': 121023, 'context': 0, 'bonus_lists': [1812, 1721], 'modifiers': [{'type': 9, 'value': 41}]}"
1200229745,VERY_LONG,,1,11830800,,"{'id': 14276, 'context': 0, 'bonus_lists': [6654, 1691], 'modifiers': [{'type': 9, 'value': 30}, {'type': 28, 'value': 21}]}"
1200229747,VERY_LONG,,1,125337200,,"{'id': 116522, 'context': 0, 'bonus_lists': [6655, 206, 550], 'modifiers': [{'type': 9, 'value': 38}, {'type': 28, 'value': 65}]}"
1200229750,VERY_LONG,,1,33992100,,"{'id': 14949, 'context': 0, 'bonus_lists': [6654, 1680], 'modifiers': [{'type': 9, 'value': 30}, {'type': 28, 'value': 21}]}"
1200229753,VERY_LONG,192000,1,,,{'id': 23572}
1200229759,VERY_LONG,28600,2,,,{'id': 7070}
1200229766,VERY_LONG,,1,6869600,,"{'id': 36150, 'context': 0, 'bonus_lists': [6654, 1694], 'modifiers': [{'type': 9, 'value': 30}, {'type': 28, 'value': 1023}]}"
1200229771,VERY_LONG,,1,5993800,,"{'id': 14442, 'context': 0, 'bonus_lists': [6654], 'modifiers': [{'type': 9, 'value': 22}, {'type': 28, 'value': 1804}]}"
1200229774,VERY_LONG,,1,1115200,,"{'id': 36265, 'context': 0, 'bonus_lists': [6654, 1695], 'modifiers': [{'type': 9, 'value': 30}, {'type': 28, 'value': 1023}]}"
1200229780,VERY_LONG,50600,49,,,{'id': 174353}
1200229785,VERY_LONG,10000,3,,,{'id': 152545}
1200229789,VERY_LONG,,1,171213800,,"{'id': 15963, 'context': 1, 'bonus_lists': [6655], 'modifiers': [{'type': 9, 'value': 30}, {'type': 28, 'value': 208}]}"
1200229793,VERY_LONG,,1,17835400,,"{'id': 14788, 'context': 0, 'bonus_lists': [6654], 'modifiers': [{'type': 9, 'value': 25}, {'type': 28, 'value': 1804}]}"
1200229794,VERY_LONG,,1,23420000,,"{'id': 10071, 'context': 1, 'bonus_lists': [6654, 1677], 'modifiers': [{'type': 9, 'value': 30}, {'type': 28, 'value': 282}]}"
1200229798,VERY_LONG,,1,416477100,,"{'id': 14158, 'context': 0, 'bonus_lists': [6654, 1680], 'modifiers': [{'type': 9, 'value': 30}, {'type': 28, 'value': 14}]}"
1200229799,VERY_LONG,,1,1500000,,"{'id': 36373, 'context': 0, 'bonus_lists': [6654, 1709], 'modifiers': [{'type': 9, 'value': 50}, {'type': 28, 'value': 1401}]}"
1200229806,VERY_LONG,1579600,7,,,{'id': 3404}
1200229808,VERY_LONG,,1,51629200,,"{'id': 14422, 'context': 1, 'bonus_lists': [6654], 'modifiers': [{'type': 9, 'value': 30}, {'type': 28, 'value': 209}]}"
1200229811,VERY_LONG,,1,174885600,,"{'id': 124323, 'context': 6, 'bonus_lists': [1799, 1473]}"
1200229816,VERY_LONG,,1,333844100,,"{'id': 14181, 'context': 0, 'bonus_lists': [6654, 1693], 'modifiers': [{'type': 9, 'value': 30}, {'type': 28, 'value': 14}]}"
1200229819,VERY_LONG,1143900,3,,,{'id': 2251}
1200229820,VERY_LONG,,1,39938000,,"{'id': 10145, 'context': 1, 'bonus_lists': [6654, 1679], 'modifiers': [{'type': 9, 'value': 30}, {'type': 28, 'value': 205}]}"
1200229824,VERY_LONG,,1,11620000,,"{'id': 8116, 'context': 1, 'bonus_lists': [6654], 'modifiers': [{'type': 9, 'value': 30}, {'type': 28, 'value': 282}]}"
1200229825,VERY_LONG,,1,12120000,,"{'id': 7530, 'context': 0, 'bonus_lists': [6654, 1679], 'modifiers': [{'type': 9, 'value': 24}, {'type': 28, 'value': 1804}]}"
1200229830,VERY_LONG,,1,2359900,,"{'id': 9948, 'context': 1, 'bonus_lists': [6654, 1706], 'modifiers': [{'type': 9, 'value': 30}, {'type': 28, 'value': 282}]}"
1200229832,VERY_LONG,,1,251432600,,"{'id': 106520, 'context': 0, 'bonus_lists': [6654, 213], 'modifiers': [{'type': 9, 'value': 28}, {'type': 28, 'value': 1766}]}"
1200229835,VERY_LONG,,1,83147900,,"{'id': 12023, 'context': 0, 'bonus_lists': [6654, 1707], 'modifiers': [{'type': 9, 'value': 30}, {'type': 28, 'value': 21}]}"
1200229837,VERY_LONG,,1,9577500,,"{'id': 36511, 'context': 0, 'bonus_lists': [6655, 1681], 'modifiers': [{'type': 9, 'value': 30}, {'type': 28, 'value': 1023}]}"
1200229838,VERY_LONG,,1,19984000,,"{'id': 1988, 'context': 1, 'bonus_lists': [6654], 'modifiers': [{'type': 9, 'value': 30}, {'type': 28, 'value': 209}]}"
1200229840,VERY_LONG,,1,48835500,,"{'id': 8277, 'context': 1, 'bonus_lists': [6654], 'modifiers': [{'type': 9, 'value': 30}, {'type': 28, 'value': 282}]}"
1200229841,VERY_LONG,25500,5,,,{'id': 158189}
1200229844,VERY_LONG,,1,8197900,,"{'id': 82272, 'context': 0, 'bonus_lists': [6655, 1701], 'modifiers': [{'type': 9, 'value': 35}, {'type': 28, 'value': 167}]}"
1200229848,VERY_LONG,,1,2992200,,"{'id': 82282, 'context': 0, 'bonus_lists': [6655, 1706], 'modifiers': [{'type': 9, 'value': 35}, {'type': 28, 'value': 1032}]}"
1200229850,VERY_LONG,,1,35117300,,"{'id': 14911, 'context': 1, 'bonus_lists': [6654, 1680], 'modifiers': [{'type': 9, 'value': 30}, {'type': 28, 'value': 218}]}"
1200229851,VERY_LONG,,1,1000000,,"{'id': 50450, 'context': 0, 'modifiers': [{'type': 28, 'value': 1023}]}"
1200229855,VERY_LONG,,1,244594100,,"{'id': 106462, 'context': 0, 'bonus_lists': [6654, 48], 'modifiers': [{'type': 9, 'value': 34}, {'type': 28, 'value': 1766}]}"
1200229858,VERY_LONG,,1,39999800,,"{'id': 106499, 'context': 0, 'bonus_lists': [6654, 127], 'modifiers': [{'type': 9, 'value': 30}, {'type': 28, 'value': 65}]}"
1200229861,VERY_LONG,,1,110301000,,"{'id': 116512, 'context': 0, 'bonus_lists': [6655, 30], 'modifiers': [{'type': 9, 'value': 38}, {'type': 28, 'value': 65}]}"
1200229863,VERY_LONG,,1,13955300,,"{'id': 121040, 'context': 0, 'bonus_lists': [1812, 1696], 'modifiers': [{'type': 9, 'value': 41}]}"
1200229865,VERY_LONG,5000,129,,,{'id': 154898}
1200229869,VERY_LONG,,1,71020800,,"{'id': 116523, 'context': 0, 'bonus_lists': [6655, 33], 'modifiers': [{'type': 9, 'value': 32}, {'type': 28, 'value': 1766}]}"
1200229873,VERY_LONG,,1,3191000,,"{'id': 36147, 'context': 0, 'bonus_lists': [6654, 1695], 'modifiers': [{'type': 9, 'value': 30}, {'type': 28, 'value': 1023}]}"
1200229877,VERY_LONG,,1,1500000,,"{'id': 36264, 'context': 0, 'bonus_lists': [6654, 1677], 'modifiers': [{'type': 9, 'value': 30}, {'type': 28, 'value': 1023}]}"
1200229880,VERY_LONG,,1,4862300,,"{'id': 82194, 'context': 0, 'bonus_lists': [6654, 1684], 'modifiers': [{'type': 9, 'value': 35}, {'type': 28, 'value': 1032}]}"
1200229882,VERY_LONG,,1,1122700,,"{'id': 36066, 'context': 30, 'bonus_lists': [3850, 1681], 'modifiers': [{'type': 9, 'value': 29}]}"
1200229883,VERY_LONG,,1,28214100,,"{'id': 15162, 'context': 0, 'bonus_lists': [6654, 1708], 'modifiers': [{'type': 9, 'value': 30}, {'type': 28, 'value': 21}]}"
1200229887,VERY_LONG,,1,6416500,,"{'id': 15242, 'context': 0, 'bonus_lists': [6655, 1691], 'modifiers': [{'type': 9, 'value': 29}, {'type': 28, 'value': 1796}]}"
1200229888,VERY_LONG,,1,970000,,"{'id': 15226, 'context': 0, 'bonus_lists': [6655, 1705], 'modifiers': [{'type': 9, 'value': 30}, {'type': 28, 'value': 21}]}"
1200229890,VERY_LONG,,1,118537000,,"{'id': 106545, 'context': 27, 'bonus_lists': [3853, 99], 'modifiers': [{'type': 9, 'value': 37}]}"
1200229892,VERY_LONG,,1,111284100,,"{'id': 15540, 'context': 1, 'bonus_lists': [6654, 1691], 'modifiers': [{'type': 9, 'value': 30}, {'type': 28, 'value': 208}]}"
1200229893,VERY_LONG,,1,1207500,,"{'id': 36376, 'context': 0, 'bonus_lists': [6654, 1678], 'modifiers': [{'type': 9, 'value': 30}, {'type': 28, 'value': 1023}]}"
1200229895,VERY_LONG,,1,188275800,,"{'id': 14202, 'context': 0, 'bonus_lists': [6654, 1694], 'modifiers': [{'type': 9, 'value': 30}, {'type': 28, 'value': 14}]}"
1200229897,VERY_LONG,,1,8038100,,"{'id': 8194, 'context': 1, 'bonus_lists': [6655, 1679], 'modifiers': [{'type': 9, 'value': 30}, {'type': 28, 'value': 209}]}"
1200229898,VERY_LONG,145700,1,,,{'id': 1288}
1200229900,VERY_LONG,,1,59253100,,"{'id': 14604, 'context': 1, 'bonus_lists': [6654], 'modifiers': [{'type': 9, 'value': 30}, {'type': 28, 'value': 209}]}"
1200229901,VERY_LONG,,1,2902200,,"{'id': 36378, 'context': 0, 'bonus_lists': [6654, 1695], 'modifiers': [{'type': 9, 'value': 30}, {'type': 28, 'value': 1023}]}"
1200229903,VERY_LONG,,1,40252400,,"{'id': 15371, 'context': 0, 'bonus_lists': [6654, 1691], 'modifiers': [{'type': 9, 'value': 30}, {'type': 28, 'value': 21}]}"
1200229904,VERY_LONG,,1,2764100,,"{'id': 36038, 'context': 0, 'bonus_lists': [6654, 1706], 'modifiers': [{'type': 9, 'value': 30}, {'type': 28, 'value': 1023}]}"
1200229905,VERY_LONG,,1,2000000,,"{'id': 8299, 'context': 1, 'bonus_lists': [6654], 'modifiers': [{'type': 9, 'value': 30}, {'type': 28, 'value': 203}]}"
1200229906,VERY_LONG,,1,2499700,,"{'id': 35983, 'context': 28, 'bonus_lists': [1705, 3840], 'modifiers': [{'type': 9, 'value': 27}]}"
1200229907,VERY_LONG,,1,39899500,,"{'id': 94217, 'context': 0, 'bonus_lists': [1684], 'modifiers': [{'type': 28, 'value': 167}]}"
1200229908,VERY_LONG,,1,38957300,,"{'id': 8295, 'context': 1, 'bonus_lists': [6654], 'modifiers': [{'type': 9, 'value': 30}, {'type': 28, 'value': 205}]}"
1200229910,VERY_LONG,,1,11039900,,"{'id': 14240, 'context': 37, 'bonus_lists': [1694, 3835], 'modifiers': [{'type': 9, 'value': 18}]}"
1200229911,VERY_LONG,,1,53736600,,"{'id': 15605, 'context': 0, 'bonus_lists': [6654, 1692], 'modifiers': [{'type': 9, 'value': 30}, {'type': 28, 'value': 21}]}"
1200229912,VERY_LONG,,1,640000,,"{'id': 36035, 'context': 0, 'bonus_lists': [6654, 1705], 'modifiers': [{'type': 9, 'value': 30}, {'type': 28, 'value': 1023}]}"
1200229913,VERY_LONG,,1,41293600,,"{'id': 4733, 'context': 1, 'bonus_lists': [6654], 'modifiers': [{'type': 9, 'value': 30}, {'type': 28, 'value': 282}]}"
1200229915,VERY_LONG,,1,17988300,,"{'id': 36595, 'context': 0, 'bonus_lists': [6655, 1707], 'modifiers': [{'type': 9, 'value': 30}, {'type': 28, 'value': 1023}]}"
1200229916,VERY_LONG,,1,2503800,,"{'id': 15624, 'context': 0, 'bonus_lists': [6654, 1695], 'modifiers': [{'type': 9, 'value': 30}, {'type': 28, 'value': 21}]}"
1200229917,VERY_LONG,,1,89809300,,"{'id': 36623, 'context': 0, 'bonus_lists': [6655, 1707], 'modifiers': [{'type': 9, 'value': 30}, {'type': 28, 'value': 1023}]}"
1200229919,VERY_LONG,,1,26512700,,"{'id': 106518, 'context': 0, 'bonus_lists': [92]}"
1200229921,VERY_LONG,,1,6665200,,"{'id': 36469, 'context': 0, 'bonus_lists': [6655, 1706], 'modifiers': [{'type': 9, 'value': 30}, {'type': 28, 'value': 1023}]}"
1200229923,VERY_LONG,,1,2528500,,"{'id': 36151, 'context': 0, 'bonus_lists': [6654, 1709], 'modifiers': [{'type': 9, 'value': 30}, {'type': 28, 'value': 1023}]}"
1200229925,VERY_LONG,,1,5233600,,"{'id': 15259, 'context': 0, 'bonus_lists': [6655, 1707], 'modifiers': [{'type': 9, 'value': 13}, {'type': 28, 'value': 1786}]}"
1200229926,VERY_LONG,,1,28385700,,"{'id': 15218, 'context': 1, 'bonus_lists': [6655, 1691], 'modifiers': [{'type': 9, 'value': 30}, {'type': 28, 'value': 205}]}"
1200229927,VERY_LONG,977500,6,,,{'id': 12207}
1200229928,VERY_LONG,,1,5989600,,"{'id': 4082, 'context': 1, 'bonus_lists': [6654], 'modifiers': [{'type': 9, 'value': 30}, {'type': 28, 'value': 282}]}"
1200229929,VERY_LONG,,1,7016600,,"{'id': 37760, 'context': 0, 'bonus_lists': [6658], 'modifiers': [{'type': 9, 'value': 30}, {'type': 28, 'value': 1023}]}"
1200229930,VERY_LONG,,1,2800600,,"{'id': 8196, 'context': 0, 'bonus_lists': [6655, 1707], 'modifiers': [{'type': 9, 'value': 30}, {'type': 28, 'value': 21}]}"
1200229931,VERY_LONG,,1,69927900,,"{'id': 14773, 'context': 0, 'bonus_lists': [6654], 'modifiers': [{'type': 9, 'value': 30}, {'type': 28, 'value': 21}]}"
1200229932,VERY_LONG,53400,3,,,{'id': 154121}
1200229935,VERY_LONG,,1,14910400,,"{'id': 14260, 'context': 0, 'bonus_lists': [6654, 1708], 'modifiers': [{'type': 9, 'value': 30}, {'type': 28, 'value': 21}]}"
1200229936,VERY_LONG,2000300,5,,,{'id': 3730}
1200229937,VERY_LONG,,1,110356800,,"{'id': 12974, 'context': 1, 'bonus_lists': [6659], 'modifiers': [{'type': 9, 'value': 30}, {'type': 28, 'value': 208}]}"
1200229940,VERY_LONG,,1,146943500,,"{'id': 14919, 'context': 0, 'bonus_lists': [6654, 1691], 'modifiers': [{'type': 9, 'value': 30}, {'type': 28, 'value': 36}]}"
1200229941,VERY_LONG,,1,45142600,,"{'id': 106501, 'context': 0, 'bonus_lists': [6654, 56], 'modifiers': [{'type': 9, 'value': 32}, {'type': 28, 'value': 1766}]}"
1200229942,VERY_LONG,,1,7320200,,"{'id': 10159, 'context': 1, 'bonus_lists': [6654, 1691], 'modifiers': [{'type': 9, 'value': 30}, {'type': 28, 'value': 203}]}"
1200229943,VERY_LONG,,1,21984700,,"{'id': 15186, 'context': 0, 'bonus_lists': [6654, 1705], 'modifiers': [{'type': 9, 'value': 30}, {'type': 28, 'value': 36}]}"
1200229944,VERY_LONG,,1,378602100,,"{'id': 116510, 'context': 0, 'bonus_lists': [48]}"
1200229947,VERY_LONG,,1,8815500,,"{'id': 14439, 'context': 1, 'bonus_lists': [6654], 'modifiers': [{'type': 9, 'value': 30}, {'type': 28, 'value': 209}]}"
1200229948,VERY_LONG,,1,13166400,,"{'id': 36674, 'context': 28, 'bonus_lists': [1680, 3869], 'modifiers': [{'type': 9, 'value': 26}]}"
1200229951,VERY_LONG,,1,72073800,,"{'id': 14603, 'context': 0, 'bonus_lists': [6654], 'modifiers': [{'type': 9, 'value': 30}, {'type': 28, 'value': 21}]}"
1200229953,VERY_LONG,,1,156870500,,"{'id': 37000, 'context': 1, 'bonus_lists': [4119], 'modifiers': [{'type': 9, 'value': 28}]}"
1200229954,VERY_LONG,,1,64479900,,"{'id': 24729, 'context': 1, 'bonus_lists': [6654, 1678], 'modifiers': [{'type': 9, 'value': 30}, {'type': 28, 'value': 222}]}"
1200229958,VERY_LONG,,1,399900,,"{'id': 36679, 'context': 0, 'bonus_lists': [6655, 1677], 'modifiers': [{'type': 9, 'value': 30}, {'type': 28, 'value': 1023}]}"
1200229959,VERY_LONG,,1,1963300,,"{'id': 15261, 'context': 1, 'bonus_lists': [6655, 1681], 'modifiers': [{'type': 9, 'value': 30}, {'type': 28, 'value': 209}]}"
1200229964,VERY_LONG,,1,52522900,,"{'id': 13056, 'context': 1, 'bonus_lists': [6659], 'modifiers': [{'type': 9, 'value': 30}, {'type': 28, 'value': 205}]}"
1200229965,VERY_LONG,,1,10403100,,"{'id': 10171, 'context': 43, 'bonus_lists': [1680, 4276], 'modifiers': [{'type': 9, 'value': 22}]}"
1200229966,VERY_LONG,,1,7740000,,"{'id': 7542, 'context': 1, 'bonus_lists': [6654, 1691], 'modifiers': [{'type': 9, 'value': 30}, {'type': 28, 'value': 282}]}"
1200229967,VERY_LONG,,1,213780400,,"{'id': 106460, 'context': 0, 'bonus_lists': [6654, 158], 'modifiers': [{'type': 9, 'value': 35}, {'type': 28, 'value': 1766}]}"
1200229969,VERY_LONG,,1,222309000,,"{'id': 15591, 'context': 1, 'bonus_lists': [6654, 1691], 'modifiers': [{'type': 9, 'value': 30}, {'type': 28, 'value': 209}]}"
1200229971,VERY_LONG,,1,2848900,,"{'id': 36042, 'context': 0, 'bonus_lists': [6654, 1693], 'modifiers': [{'type': 9, 'value': 30}, {'type': 28, 'value': 1023}]}"
1200229975,VERY_LONG,,1,773200,,"{'id': 36153, 'context': 0, 'bonus_lists': [6654, 1691], 'modifiers': [{'type': 9, 'value': 30}, {'type': 28, 'value': 1023}]}"
1200229978,VERY_LONG,,1,50029600,,"{'id': 9854, 'context': 37, 'bonus_lists': [3835, 1691], 'modifiers': [{'type': 9, 'value': 19}]}"
1200229981,VERY_LONG,,1,1451500,,"{'id': 36148, 'context': 0, 'bonus_lists': [6654, 1692], 'modifiers': [{'type': 9, 'value': 30}, {'type': 28, 'value': 1023}]}"
1200229984,VERY_LONG,,1,12974100,,"{'id': 50449, 'context': 0, 'modifiers': [{'type': 28, 'value': 1023}]}"
1200229987,VERY_LONG,,1,188665700,,"{'id': 14249, 'context': 0, 'bonus_lists': [6654, 1678], 'modifiers': [{'type': 9, 'value': 22}, {'type': 28, 'value': 1804}]}"
1200229991,VERY_LONG,,1,24950500,,"{'id': 6575, 'context': 28, 'bonus_lists': [1693, 3831], 'modifiers': [{'type': 9, 'value': 10}]}"
1200229994,VERY_LONG,,1,19721200,,"{'id': 6397, 'context': 29, 'bonus_lists': [3832], 'modifiers': [{'type': 9, 'value': 13}]}"
1200229997,VERY_LONG,,1,3204600,,"{'id': 36263, 'context': 0, 'bonus_lists': [6654, 1677], 'modifiers': [{'type': 9, 'value': 30}, {'type': 28, 'value': 1023}]}"
1200230013,VERY_LONG,,1,149355000,,"{'id': 94057, 'context': 0, 'bonus_lists': [1712], 'modifiers': [{'type': 28, 'value': 167}]}"
1200230016,VERY_LONG,,1,248965700,,"{'id': 15352, 'context': 1, 'bonus_lists': [6655, 1708], 'modifiers': [{'type': 9, 'value': 30}, {'type': 28, 'value': 208}]}"
1200230019,VERY_LONG,,1,27973500,,"{'id': 15592, 'context': 1, 'bonus_lists': [6655, 1707], 'modifiers': [{'type': 9, 'value': 30}, {'type': 28, 'value': 209}]}"
1200230022,VERY_LONG,,1,6239200,,"{'id': 2080, 'context': 0, 'bonus_lists': [6655, 1694], 'modifiers': [{'type': 9, 'value': 30}, {'type': 28, 'value': 14}]}"
1200230023,VERY_LONG,,1,90195300,,"{'id': 10120, 'context': 1, 'bonus_lists': [6654, 1677], 'modifiers': [{'type': 9, 'value': 30}, {'type': 28, 'value': 214}]}"
1200230026,VERY_LONG,,1,2430000,,"{'id': 4087, 'context': 1, 'bonus_lists': [6655, 1692], 'modifiers': [{'type': 9, 'value': 30}, {'type': 28, 'value': 209}]}"
1200230028,VERY_LONG,,1,43609700,,"{'id': 14243, 'context': 0, 'bonus_lists': [6654, 1679], 'modifiers': [{'type': 9, 'value': 30}, {'type': 28, 'value': 21}]}"
1200230032,VERY_LONG,,1,177154300,,"{'id': 14757, 'context': 1, 'bonus_lists': [6654], 'modifiers': [{'type': 9, 'value': 30}, {'type': 28, 'value': 208}]}"
1200230033,VERY_LONG,,1,10885300,,"{'id': 15380, 'context': 1, 'bonus_lists': [6654, 1679], 'modifiers': [{'type': 9, 'value': 30}, {'type': 28, 'value': 209}]}"
1200230051,VERY_LONG,,1,112677300,,"{'id': 14261, 'context': 0, 'bonus_lists': [6654, 1705], 'modifiers': [{'type': 9, 'value': 30}, {'type': 28, 'value': 21}]}"
1200230054,VERY_LONG,,1,1500000,,"{'id': 3208, 'context': 1, 'bonus_lists': [6655, 1677], 'modifiers': [{'type': 9, 'value': 30}, {'type': 28, 'value': 282}]}"
1200230057,VERY_LONG,,1,11860000,,"{'id': 14433, 'context': 0, 'bonus_lists': [6654], 'modifiers': [{'type': 9, 'value': 30}, {'type': 28, 'value': 21}]}"
1200230063,VERY_LONG,,1,223850600,,"{'id': 15537, 'context': 0, 'bonus_lists': [6654, 1709], 'modifiers': [{'type': 9, 'value': 30}, {'type': 28, 'value': 14}]}"
1200230070,VERY_LONG,17149500,20,,,{'id': 172438}
1200230079,VERY_LONG,,1,62470300,,"{'id': 14212, 'context': 1, 'bonus_lists': [6654, 1692], 'modifiers': [{'type': 9, 'value': 30}, {'type': 28, 'value': 208}]}"
1200230082,VERY_LONG,,1,11248800,,"{'id': 9945, 'context': 1, 'bonus_lists': [6654, 1680], 'modifiers': [{'type': 9, 'value': 30}, {'type': 28, 'value': 282}]}"
1200230083,VERY_LONG,,1,14588900,,"{'id': 10169, 'context': 1, 'bonus_lists': [6654, 1679], 'modifiers': [{'type': 9, 'value': 30}, {'type': 28, 'value': 205}]}"
1200230085,VERY_LONG,,1,41367000,,"{'id': 14206, 'context': 0, 'bonus_lists': [6654, 1681], 'modifiers': [{'type': 9, 'value': 30}, {'type': 28, 'value': 14}]}"
1200230086,VERY_LONG,,1,60905200,,"{'id': 13037, 'context': 1, 'bonus_lists': [6659], 'modifiers': [{'type': 9, 'value': 30}, {'type': 28, 'value': 208}]}"
1200230088,VERY_LONG,,1,13965700,,"{'id': 10362, 'context': 1, 'bonus_lists': [6655, 1693], 'modifiers': [{'type': 9, 'value': 30}, {'type': 28, 'value': 205}]}"
1200230090,VERY_LONG,,1,2308700,,"{'id': 1207, 'context': 0, 'bonus_lists': [6655, 1707], 'modifiers': [{'type': 9, 'value': 30}, {'type': 28, 'value': 21}]}"
1200230092,VERY_LONG,,1,42870000,,"{'id': 14918, 'context': 1, 'bonus_lists': [6654, 1695], 'modifiers': [{'type': 9, 'value': 30}, {'type': 28, 'value': 218}]}"
1200232121,LONG,,1,150000000,,"{'id': 90581, 'context': 6, 'bonus_lists': [6660], 'modifiers': [{'type': 9, 'value': 35}, {'type': 28, 'value': 2012}]}"
1200232146,VERY_LONG,,1,99990000,,"{'id': 66993, 'context': 5, 'bonus_lists': [6659], 'modifiers': [{'type': 9, 'value': 35}, {'type': 28, 'value': 1029}]}"
1200232157,VERY_LONG,,1,77715400,,"{'id': 94032, 'context': 0, 'bonus_lists': [1707], 'modifiers': [{'type': 28, 'value': 167}]}"
1200232238,VERY_LONG,,1,103278900,,"{'id': 15973, 'context': 0, 'bonus_lists': [6655, 1679], 'modifiers': [{'type': 9, 'value': 30}, {'type': 28, 'value': 14}]}"
1200232254,VERY_LONG,589800,5,,,{'id': 154122}
1200232259,VERY_LONG,418900,6,,,{'id': 154124}
1200232263,VERY_LONG,,1,4785600,,"{'id': 121048, 'context': 0, 'bonus_lists': [1812, 1702], 'modifiers': [{'type': 9, 'value': 40}]}"
1200232267,VERY_LONG,,1,436700,,"{'id': 36036, 'context': 0, 'bonus_lists': [6654, 1709], 'modifiers': [{'type': 9, 'value': 30}, {'type': 28, 'value': 1023}]}"
1200232270,VERY_LONG,,1,500000,,"{'id': 36040, 'context': 0, 'bonus_lists': [6654, 1681], 'modifiers': [{'type': 9, 'value': 30}, {'type': 28, 'value': 1023}]}"
1200232274,VERY_LONG,,1,660000,,"{'id': 15228, 'context': 43, 'bonus_lists': [1680, 4280], 'modifiers': [{'type': 9, 'value': 22}]}"
1200232290,VERY_LONG,,1,142558900,,"{'id': 15975, 'context': 1, 'bonus_lists': [6655, 1679], 'modifiers': [{'type': 9, 'value': 30}, {'type': 28, 'value': 208}]}"
1200232385,VERY_LONG,,1,54747600,,"{'id': 94211, 'context': 0, 'bonus_lists': [1686], 'modifiers': [{'type': 28, 'value': 167}]}"
1200232414,LONG,13000000,200,,,{'id': 172097}
1200232464,VERY_LONG,,1,46917800,,"{'id': 15343, 'context': 1, 'bonus_lists': [6654, 1709], 'modifiers': [{'type': 9, 'value': 30}, {'type': 28, 'value': 208}]}"
1200232512,VERY_LONG,17149500,20,,,{'id': 172438}
1200232565,VERY_LONG,78000,9,,,{'id': 172360}
1200232576,VERY_LONG,3915000,4,,,{'id': 172415}
1200232586,VERY_LONG,999900,10,,,{'id': 172357}
1200232591,LONG,400000,3,,,{'id': 124119}
1200232599,VERY_LONG,48000,3,,,{'id': 177660}
1200232607,VERY_LONG,1500000,1,,,{'id': 177659}
1200232612,VERY_LONG,8220000,1,,,{'id': 172370}
1200232620,LONG,27300,3,,,{'id': 172092}
1200232636,LONG,8800,2,,,{'id': 167738}
1200232723,VERY_LONG,,1,14500000,,"{'id': 82800, 'context': 0, 'pet_breed_id': 20, 'pet_level': 1, 'pet_quality_id': 3, 'pet_species_id': 1541}"
1200232761,VERY_LONG,,1,270000,,"{'id': 82800, 'context': 0, 'modifiers': [{'type': 6, 'value': 90184}], 'pet_breed_id': 9, 'pet_level': 1, 'pet_quality_id': 3, 'pet_species_id': 2561}"
1200232869,VERY_LONG,,1,46988400,,"{'id': 15535, 'context': 0, 'bonus_lists': [6654, 1680], 'modifiers': [{'type': 9, 'value': 30}, {'type': 28, 'value': 14}]}"
1200232882,LONG,27300,4,,,{'id': 172092}
1200232885,LONG,4800,23,,,{'id': 173032}
1200232899,VERY_LONG,,1,12741100,,"{'id': 82800, 'context': 0, 'modifiers': [{'type': 6, 'value': 71835}], 'pet_breed_id': 8, 'pet_level': 7, 'pet_quality_id': 3, 'pet_species_id': 1721}"
1200232900,VERY_LONG,,1,671344900,,"{'id': 78192, 'context': 14, 'modifiers': [{'type': 28, 'value': 402}]}"
1200232902,VERY_LONG,,1,671344900,,"{'id': 78192, 'context': 14, 'modifiers': [{'type': 28, 'value': 402}]}"
1200232903,VERY_LONG,,1,1050000,,"{'id': 4708, 'context': 1, 'bonus_lists': [6654], 'modifiers': [{'type': 9, 'value': 30}, {'type': 28, 'value': 215}]}"
1200232904,VERY_LONG,,1,51346600,,"{'id': 15685, 'context': 0, 'bonus_lists': [6654, 1693], 'modifiers': [{'type': 9, 'value': 30}, {'type': 28, 'value': 36}]}"
1200232905,VERY_LONG,,1,10314900,,"{'id': 82800, 'context': 0, 'modifiers': [{'type': 6, 'value': 5556}], 'pet_breed_id': 18, 'pet_level': 7, 'pet_quality_id': 3, 'pet_species_id': 40}"
1200232907,VERY_LONG,,1,4837400,,"{'id': 82800, 'context': 0, 'modifiers': [{'type': 6, 'value': 48213}], 'pet_breed_id': 10, 'pet_level': 4, 'pet_quality_id': 3, 'pet_species_id': 1205}"
1200232908,VERY_LONG,,1,67760600,,"{'id': 14287, 'context': 54, 'bonus_lists': [1681, 4279], 'modifiers': [{'type': 9, 'value': 50}]}"
1200232949,VERY_LONG,,1,11989900,,"{'id': 4416, 'context': 1, 'modifiers': [{'type': 28, 'value': 209}]}"
1200232953,VERY_LONG,,1,125712600,,"{'id': 106626, 'context': 28, 'bonus_lists': [3854, 45], 'modifiers': [{'type': 9, 'value': 45}]}"
1200232955,VERY_LONG,,1,11391900,,"{'id': 82800, 'context': 0, 'modifiers': [{'type': 6, 'value': 5585}], 'pet_breed_id': 15, 'pet_level': 7, 'pet_quality_id': 3, 'pet_species_id': 44}"
1200232956,VERY_LONG,,1,102602400,,"{'id': 25174, 'context': 36, 'bonus_lists': [1706, 3872], 'modifiers': [{'type': 9, 'value': 50}]}"
1200232957,VERY_LONG,,1,32104200,,"{'id': 14673, 'context': 54, 'bonus_lists': [4279], 'modifiers': [{'type': 9, 'value': 50}]}"
1200232958,VERY_LONG,,1,124999300,,"{'id': 41346, 'context': 0, 'bonus_lists': [6881]}"
1200232959,VERY_LONG,666759400,4,,,{'id': 19703}
1200232961,VERY_LONG,,1,265371900,,"{'id': 23527, 'context': 0, 'bonus_lists': [6883]}"
1200232963,VERY_LONG,,1,265371900,,"{'id': 23527, 'context': 0, 'bonus_lists': [6883]}"
1200232965,VERY_LONG,,1,265371900,,"{'id': 23527, 'context': 0, 'bonus_lists': [6883]}"
1200232968,VERY_LONG,,1,265371900,,"{'id': 23527, 'context': 0, 'bonus_lists': [6883]}"
1200232970,VERY_LONG,,1,265371900,,"{'id': 23527, 'context': 0, 'bonus_lists': [6883]}"
1200232971,VERY_LONG,,1,265371900,,"{'id': 23527, 'context': 0, 'bonus_lists': [6883]}"
1200232974,VERY_LONG,,1,84999300,,"{'id': 41353, 'context': 0, 'bonus_lists': [6881]}"
1200232976,VERY_LONG,,1,61167900,,"{'id': 116603, 'context': 28, 'bonus_lists': [3875, 58], 'modifiers': [{'type': 9, 'value': 45}]}"
1200232978,VERY_LONG,,1,158863900,,"{'id': 55463, 'context': 0, 'bonus_lists': [6655, 1695], 'modifiers': [{'type': 9, 'value': 47}, {'type': 28, 'value': 1828}]}"
1200232979,VERY_LONG,,1,256000000,,"{'id': 82800, 'context': 0, 'modifiers': [{'type': 6, 'value': 30298}], 'pet_breed_id': 18, 'pet_level': 1, 'pet_quality_id': 3, 'pet_species_id': 2527}"
1200232980,VERY_LONG,,1,151870000,,"{'id': 116599, 'context': 29, 'bonus_lists': [3875, 50, 550], 'modifiers': [{'type': 9, 'value': 45}]}"
1200232983,VERY_LONG,,1,19945792000,,"{'id': 55559, 'context': 0, 'bonus_lists': [1712]}"
1200232985,VERY_LONG,,1,3399700,,"{'id': 82800, 'context': 0, 'modifiers': [{'type': 6, 'value': 65070}], 'pet_breed_id': 6, 'pet_level': 7, 'pet_quality_id': 3, 'pet_species_id': 1706}"
1200232987,VERY_LONG,,1,49998400,,"{'id': 40669, 'context': 0}"
1200232989,VERY_LONG,,1,1591700,,"{'id': 82800, 'context': 0, 'modifiers': [{'type': 6, 'value': 46902}], 'pet_breed_id': 9, 'pet_level': 2, 'pet_quality_id': 3, 'pet_species_id': 1150}"
1200232998,VERY_LONG,,1,179999800,,"{'id': 82800, 'context': 0, 'modifiers': [{'type': 6, 'value': 80254}], 'pet_breed_id': 4, 'pet_level': 1, 'pet_quality_id': 3, 'pet_species_id': 2756}"
1200233003,VERY_LONG,,1,102057600,,"{'id': 15522, 'context': 0, 'bonus_lists': [6655, 1709], 'modifiers': [{'type': 9, 'value': 30}, {'type': 28, 'value': 3}]}"
1200233006,VERY_LONG,,1,581044200,,"{'id': 78258, 'context': 14, 'modifiers': [{'type': 28, 'value': 402}]}"
1200233013,VERY_LONG,,1,182445200,,"{'id': 118857, 'context': 28, 'bonus_lists': [3915], 'modifiers': [{'type': 9, 'value': 38}]}"
1200233017,VERY_LONG,,1,19993800,,"{'id': 43864, 'context': 0}"
1200233019,VERY_LONG,,1,19993800,,"{'id': 43864, 'context': 0, 'bonus_lists': [6877]}"
1200233022,VERY_LONG,,1,19993800,,"{'id': 43864, 'context': 0, 'bonus_lists': [6877]}"
1200233024,VERY_LONG,,1,165908400,,"{'id': 2549, 'context': 0}"
1200233025,VERY_LONG,,1,3831865500,,"{'id': 15774, 'context': 0}"
1200233026,VERY_LONG,,1,235438600,,"{'id': 32774, 'context': 0}"
1200233028,VERY_LONG,,1,25991200,,"{'id': 55341, 'context': 0, 'bonus_lists': [1700]}"
1200233029,VERY_LONG,,1,941613500,,"{'id': 20406, 'context': 0}"
1200233031,VERY_LONG,,1,274392300,,"{'id': 13487, 'context': 0}"
1200233033,VERY_LONG,,1,442337300,,"{'id': 6367, 'context': 0}"
1200233034,VERY_LONG,,1,42000000,,"{'id': 59468, 'context': 0, 'modifiers': [{'type': 28, 'value': 1026}]}"
1200233036,VERY_LONG,4999900,1,,,{'id': 41594}
1200233040,VERY_LONG,,1,47568000,,"{'id': 106652, 'context': 29, 'bonus_lists': [3854, 102], 'modifiers': [{'type': 9, 'value': 45}]}"
1200233041,VERY_LONG,,1,35515900,,"{'id': 15682, 'context': 54, 'bonus_lists': [1705, 4277], 'modifiers': [{'type': 9, 'value': 50}]}"
1200233043,VERY_LONG,,1,62560800,,"{'id': 15675, 'context': 0, 'bonus_lists': [6655, 1680], 'modifiers': [{'type': 9, 'value': 30}, {'type': 28, 'value': 36}]}"
1200233046,VERY_LONG,,1,62560800,,"{'id': 15675, 'context': 0, 'bonus_lists': [6655, 1691], 'modifiers': [{'type': 9, 'value': 30}, {'type': 28, 'value': 36}]}"
1200233047,VERY_LONG,,1,350000000,,"{'id': 178926, 'context': 63, 'bonus_lists': [6716, 7194, 1487]}"
1200233048,VERY_LONG,,1,350000000,,"{'id': 178926, 'context': 63, 'bonus_lists': [6716, 7194, 1487]}"
1200233050,VERY_LONG,,1,350000000,,"{'id': 178926, 'context': 63, 'bonus_lists': [6716, 7194, 1487]}"
1200233051,VERY_LONG,,1,350000000,,"{'id': 178926, 'context': 63, 'bonus_lists': [6716, 7194, 1487]}"
1200233054,VERY_LONG,,1,350000000,,"{'id': 178926, 'context': 63, 'bonus_lists': [6716, 7194, 1487]}"
1200233056,VERY_LONG,,1,350000000,,"{'id': 178926, 'context': 63, 'bonus_lists': [6716, 7193, 1487]}"
1200233060,VERY_LONG,,1,350000000,,"{'id': 178926, 'context': 63, 'bonus_lists': [6716, 7194, 1487]}"
1200233061,VERY_LONG,,1,15009400,,"{'id': 15169, 'context': 1, 'bonus_lists': [6654, 1679], 'modifiers': [{'type': 9, 'value': 30}, {'type': 28, 'value': 209}]}"
1200233064,VERY_LONG,,1,350000000,,"{'id': 178926, 'context': 63, 'bonus_lists': [6716, 7193, 1487]}"
1200233066,VERY_LONG,,1,350000000,,"{'id': 178926, 'context': 63, 'bonus_lists': [6716, 7193, 1487]}"
1200233068,VERY_LONG,,1,350000000,,"{'id': 178926, 'context': 63, 'bonus_lists': [6716, 7194, 1487]}"
1200233072,VERY_LONG,,1,25147500,,"{'id': 14671, 'context': 54, 'bonus_lists': [4277], 'modifiers': [{'type': 9, 'value': 50}]}"
1200233074,VERY_LONG,,1,78884300,,"{'id': 15648, 'context': 0, 'bonus_lists': [6655, 1678], 'modifiers': [{'type': 9, 'value': 30}, {'type': 28, 'value': 36}]}"
1200233077,VERY_LONG,,1,78884300,,"{'id': 15648, 'context': 54, 'bonus_lists': [1679, 4281], 'modifiers': [{'type': 9, 'value': 50}]}"
1200233082,VERY_LONG,,1,47203800,,"{'id': 15653, 'context': 0, 'bonus_lists': [6654, 1680], 'modifiers': [{'type': 9, 'value': 30}, {'type': 28, 'value': 36}]}"
1200233086,VERY_LONG,,1,316000000,,"{'id': 82800, 'context': 0, 'modifiers': [{'type': 6, 'value': 92158}], 'pet_breed_id': 5, 'pet_level': 1, 'pet_quality_id': 3, 'pet_species_id': 2709}"
1200233089,VERY_LONG,,1,132897700,,"{'id': 15655, 'context': 54, 'bonus_lists': [1677, 4279], 'modifiers': [{'type': 9, 'value': 50}]}"
1200233091,VERY_LONG,,1,800000,,"{'id': 82800, 'context': 0, 'modifiers': [{'type': 6, 'value': 81098}], 'pet_breed_id': 6, 'pet_level': 1, 'pet_quality_id': 3, 'pet_species_id': 2472}"
1200233093,VERY_LONG,,1,240236900,,"{'id': 141565, 'context': 26, 'bonus_lists': [1472, 3528, 3431]}"
1200233097,VERY_LONG,,1,48017100,,"{'id': 14916, 'context': 0, 'bonus_lists': [6655, 1707], 'modifiers': [{'type': 9, 'value': 30}, {'type': 28, 'value': 36}]}"
1200233099,VERY_LONG,,1,161982100,,"{'id': 169428, 'context': 0, 'bonus_lists': [4796, 1689], 'modifiers': [{'type': 9, 'value': 50}]}"
1200233100,VERY_LONG,,1,50611500,,"{'id': 14277, 'context': 0, 'bonus_lists': [6654, 1693], 'modifiers': [{'type': 9, 'value': 30}, {'type': 28, 'value': 36}]}"
1200234106,VERY_LONG,,1,123550900,,"{'id': 36124, 'context': 1, 'bonus_lists': [6654, 1708], 'modifiers': [{'type': 9, 'value': 37}, {'type': 28, 'value': 1874}]}"
1200234109,VERY_LONG,,1,1088741400,,"{'id': 169431, 'context': 0, 'bonus_lists': [4796, 1683], 'modifiers': [{'type': 9, 'value': 50}]}"
1200234113,VERY_LONG,,1,701758900,,"{'id': 12720, 'context': 0}"
1200234116,VERY_LONG,,1,36234700,,"{'id': 36612, 'context': 0, 'bonus_lists': [1692]}"
1200234119,VERY_LONG,,1,105406100,,"{'id': 82800, 'context': 0, 'modifiers': [{'type': 6, 'value': 16259}], 'pet_breed_id': 5, 'pet_level': 4, 'pet_quality_id': 3, 'pet_species_id': 125}"
1200234123,VERY_LONG,,1,19999300,,"{'id': 43865, 'context': 0, 'bonus_lists': [6876]}"
1200234125,VERY_LONG,,1,29999300,,"{'id': 55695, 'context': 0, 'bonus_lists': [6654, 1707], 'modifiers': [{'type': 9, 'value': 35}, {'type': 28, 'value': 52}]}"
1200234128,VERY_LONG,,1,73488000,,"{'id': 14857, 'context': 0, 'bonus_lists': [6654], 'modifiers': [{'type': 9, 'value': 30}, {'type': 28, 'value': 36}]}"
1200234130,VERY_LONG,,1,378305200,,"{'id': 118793, 'context': 0, 'bonus_lists': [6659], 'modifiers': [{'type': 9, 'value': 40}, {'type': 28, 'value': 65}]}"
1200234132,VERY_LONG,,1,40169000,,"{'id': 106621, 'context': 29, 'bonus_lists': [3855, 168], 'modifiers': [{'type': 9, 'value': 45}]}"
1200234134,VERY_LONG,,1,40169000,,"{'id': 106621, 'context': 29, 'bonus_lists': [4503, 204], 'modifiers': [{'type': 9, 'value': 50}]}"
1200234138,VERY_LONG,,1,144457400,,"{'id': 37755, 'context': 2, 'bonus_lists': [6658], 'modifiers': [{'type': 9, 'value': 30}, {'type': 28, 'value': 1099}]}"
1200234143,VERY_LONG,,1,3123500,,"{'id': 176792, 'context': 0, 'bonus_lists': [6907, 6652, 7193, 1678], 'modifiers': [{'type': 9, 'value': 60}, {'type': 28, 'value': 2060}]}"
1200234145,VERY_LONG,,1,150405500,,"{'id': 39894, 'context': 11, 'bonus_lists': [1695]}"
1200234148,VERY_LONG,,1,142451800,,"{'id': 15343, 'context': 54, 'bonus_lists': [1679, 4279], 'modifiers': [{'type': 9, 'value': 39}]}"
1200234229,VERY_LONG,,1,79613800,,"{'id': 14574, 'context': 0, 'bonus_lists': [6654], 'modifiers': [{'type': 9, 'value': 30}, {'type': 28, 'value': 14}]}"
1200234379,LONG,,1,2750500,,"{'id': 14201, 'context': 1, 'bonus_lists': [6654, 1706], 'modifiers': [{'type': 9, 'value': 30}, {'type': 28, 'value': 208}]}"
1200234644,LONG,461100,1,,,{'id': 172406}
1200234673,LONG,1349500,5,,,{'id': 171274}
1200234687,LONG,7201700,1,,,{'id': 172042}
1200234714,VERY_LONG,,1,86884000,,"{'id': 82800, 'context': 0, 'modifiers': [{'type': 6, 'value': 65714}], 'pet_breed_id': 6, 'pet_level': 1, 'pet_quality_id': 3, 'pet_species_id': 1765}"
1200234715,LONG,42500,20,,,{'id': 173859}
1200234718,VERY_LONG,,1,85570900,,"{'id': 82800, 'context': 0, 'modifiers': [{'type': 6, 'value': 65713}], 'pet_breed_id': 5, 'pet_level': 1, 'pet_quality_id': 3, 'pet_species_id': 1764}"
1200234727,VERY_LONG,,1,699000000,,"{'id': 108631, 'context': 0, 'modifiers': [{'type': 28, 'value': 176}]}"
1200234743,VERY_LONG,,1,26500000,,"{'id': 41249, 'context': 0, 'bonus_lists': [6835]}"
1200234751,VERY_LONG,,1,25287400,,"{'id': 41250, 'context': 0, 'bonus_lists': [6835]}"
1200234770,VERY_LONG,,1,31999900,,"{'id': 41248, 'context': 0, 'bonus_lists': [6835]}"
1200234772,VERY_LONG,,1,31999900,,"{'id': 41248, 'context': 0, 'bonus_lists': [6835]}"
1200234780,VERY_LONG,,1,25287400,,"{'id': 41250, 'context': 0, 'bonus_lists': [6835]}"
1200234782,VERY_LONG,,1,25287400,,"{'id': 41250, 'context': 0, 'bonus_lists': [6835]}"
1200234802,VERY_LONG,,1,200000100,,"{'id': 78202, 'context': 14}"
1200234826,LONG,34300,10,,,{'id': 178550}
1200234835,VERY_LONG,,1,204215300,,"{'id': 151571, 'context': 13, 'bonus_lists': [3598, 600, 1714, 3408, 3609]}"
1200234853,VERY_LONG,256400,16,,,{'id': 52328}
1200234868,VERY_LONG,219900,1,,,{'id': 173037}
1200234877,VERY_LONG,560000,2,,,{'id': 173034}
1200234909,VERY_LONG,,1,679999600,,"{'id': 90655, 'context': 0}"
1200236134,LONG,1073800,44,,,{'id': 172045}
1200236141,LONG,1000000,20,,,{'id': 172041}
1200236150,LONG,200000,33,,,{'id': 172040}
1200236159,VERY_LONG,16000,3,,,{'id': 23572}
1200236160,LONG,4350600,67,,,{'id': 171273}
1200236167,VERY_LONG,500000,9,,,{'id': 36924}
1200236175,VERY_LONG,34000,6,,,{'id': 47556}
1200236180,VERY_LONG,13600,19,,,{'id': 127681}
1200236181,LONG,385000,97,,,{'id': 171285}
1200236186,VERY_LONG,229600,10,,,{'id': 152877}
1200236191,VERY_LONG,159900,1,,,{'id': 168191}
1200236194,VERY_LONG,759900,4,,,{'id': 130903}
1200236201,VERY_LONG,25000,40,,,{'id': 180732}
1200236206,VERY_LONG,866800,6,,,{'id': 112090}
1200236219,VERY_LONG,866800,20,,,{'id': 112090}
1200236224,VERY_LONG,552000,10,,,{'id': 118711}
1200236244,VERY_LONG,289800,1,,,{'id': 174041}
1200236245,LONG,500,6,,,{'id': 171840}
1200236257,VERY_LONG,950000,20,,,{'id': 116271}
1200236265,VERY_LONG,950000,3,,,{'id': 116271}
1200236270,LONG,425000,7,,,{'id': 170554}
1200236273,VERY_LONG,300000,15,,,{'id': 154168}
1200236279,VERY_LONG,2599700,14,,,{'id': 116266}
1200236285,VERY_LONG,199900,3,,,{'id': 138727}
1200236294,VERY_LONG,1283500,3,,,{'id': 27858}
1200236297,VERY_LONG,5000,1,,,{'id': 22829}
1200236303,VERY_LONG,,1,25004300,,"{'id': 144405, 'context': 3, 'bonus_lists': [3443, 1471, 3528]}"
1200236308,VERY_LONG,,1,25004300,,"{'id': 144405, 'context': 6, 'bonus_lists': [3445, 1472, 3528]}"
1200236312,LONG,27300,4,,,{'id': 172092}
1200236313,VERY_LONG,,1,25004300,,"{'id': 144405, 'context': 6, 'bonus_lists': [3445, 1472, 3337]}"
1200236321,VERY_LONG,,1,25005300,,"{'id': 144406, 'context': 3, 'bonus_lists': [3443, 1471, 3528]}"
1200236327,VERY_LONG,,1,25005300,,"{'id': 144406, 'context': 5, 'bonus_lists': [3444, 1808, 1472, 3528]}"
1200236334,LONG,,1,2500000,,"{'id': 46009, 'context': 3, 'modifiers': [{'type': 28, 'value': 1020}]}"
1200236338,VERY_LONG,,1,25005300,,"{'id': 144406, 'context': 5, 'bonus_lists': [3444, 1472, 3336]}"
1200236340,LONG,,1,2170000,,"{'id': 45927, 'context': 3, 'modifiers': [{'type': 28, 'value': 1020}]}"
1200236342,LONG,,1,259900,,"{'id': 45103, 'context': 3, 'modifiers': [{'type': 28, 'value': 1020}]}"
1200236344,LONG,25200,3,,,{'id': 72988}
1200236349,LONG,1728500,1,,,{'id': 172936}
1200236360,VERY_LONG,,1,850004400,,"{'id': 147425, 'context': 6, 'bonus_lists': [3563, 1472, 3528]}"
1200236369,VERY_LONG,,1,740000200,,"{'id': 147038, 'context': 5, 'bonus_lists': [3562, 42, 1472, 3528]}"
1200236381,LONG,20000,2,,,{'id': 76097}
1200236386,VERY_LONG,,1,750008100,,"{'id': 152084, 'context': 6, 'bonus_lists': [3612, 1472, 3336]}"
1200236465,LONG,560000,28,,,{'id': 173034}
1200236477,LONG,4800,12,,,{'id': 173032}
1200236486,VERY_LONG,,1,38889000,,"{'id': 82800, 'context': 0, 'modifiers': [{'type': 6, 'value': 16259}], 'pet_breed_id': 5, 'pet_level': 1, 'pet_quality_id': 2, 'pet_species_id': 125}"
1200236487,VERY_LONG,,1,391762100,,"{'id': 142265, 'context': 0}"
1200236489,VERY_LONG,,1,733621300,,"{'id': 164402, 'context': 14, 'modifiers': [{'type': 28, 'value': 186}]}"
1200236494,VERY_LONG,,1,800790500,,"{'id': 164275, 'context': 11}"
1200236496,VERY_LONG,,1,1377376800,,"{'id': 164489, 'context': 0}"
1200236514,VERY_LONG,,1,59999700,,"{'id': 82800, 'context': 0, 'modifiers': [{'type': 6, 'value': 29404}], 'pet_breed_id': 7, 'pet_level': 1, 'pet_quality_id': 2, 'pet_species_id': 1351}"
1200236516,VERY_LONG,,1,7733557000,,"{'id': 94586, 'context': 0, 'bonus_lists': [6883]}"
1200236520,VERY_LONG,,1,89999400,,"{'id': 18592, 'context': 11}"
1200236524,VERY_LONG,,1,332653300,,"{'id': 54505, 'context': 0}"
1200236526,VERY_LONG,,1,399459500,,"{'id': 183970, 'context': 0, 'bonus_lists': [6912], 'modifiers': [{'type': 9, 'value': 60}, {'type': 28, 'value': 1707}]}"
1200236528,LONG,425000,8,,,{'id': 170554}
1200236537,VERY_LONG,,1,452315800,,"{'id': 166824, 'context': 11, 'modifiers': [{'type': 28, 'value': 644}]}"
1200236540,VERY_LONG,,1,1475089800,,"{'id': 164511, 'context': 11, 'modifiers': [{'type': 28, 'value': 644}]}"
1200236541,LONG,219900,3,,,{'id': 173037}
1200236544,VERY_LONG,,1,594687400,,"{'id': 164419, 'context': 11, 'modifiers': [{'type': 28, 'value': 644}]}"
1200236547,VERY_LONG,,1,1776259200,,"{'id': 1483, 'context': 1, 'bonus_lists': [4049], 'modifiers': [{'type': 9, 'value': 25}]}"
1200236550,VERY_LONG,,1,250000000,,"{'id': 82800, 'context': 0, 'modifiers': [{'type': 6, 'value': 38134}], 'pet_breed_id': 3, 'pet_level': 1, 'pet_quality_id': 2, 'pet_species_id': 308}"
1200236554,VERY_LONG,,1,70867600,,"{'id': 82800, 'context': 0, 'modifiers': [{'type': 6, 'value': 21393}], 'pet_breed_id': 16, 'pet_level': 1, 'pet_quality_id': 2, 'pet_species_id': 159}"
1200236555,VERY_LONG,,1,4068509700,,"{'id': 94591, 'context': 0, 'bonus_lists': [6883]}"
1200236556,VERY_LONG,,1,389995000,,"{'id': 164361, 'context': 14, 'modifiers': [{'type': 28, 'value': 186}]}"
1200236558,VERY_LONG,,1,350000000,,"{'id': 164366, 'context': 31, 'modifiers': [{'type': 28, 'value': 464}]}"
1200236562,VERY_LONG,,1,150177700,,"{'id': 164474, 'context': 14, 'modifiers': [{'type': 28, 'value': 186}]}"
1200236567,VERY_LONG,,1,198999600,,"{'id': 82800, 'context': 0, 'modifiers': [{'type': 6, 'value': 98482}], 'pet_breed_id': 17, 'pet_level': 1, 'pet_quality_id': 2, 'pet_species_id': 3062}"
1200236569,VERY_LONG,,1,16749831700,,"{'id': 32665, 'context': 0}"
1200236572,VERY_LONG,,1,210000000,,"{'id': 82800, 'context': 0, 'modifiers': [{'type': 6, 'value': 95578}], 'pet_breed_id': 5, 'pet_level': 1, 'pet_quality_id': 2, 'pet_species_id': 3025}"
1200236574,VERY_LONG,,1,313250700,,"{'id': 2291, 'context': 54, 'bonus_lists': [4259], 'modifiers': [{'type': 9, 'value': 50}]}"
1200236577,VERY_LONG,,1,1730649400,,"{'id': 183425, 'context': 28, 'bonus_lists': [6652, 1520, 5874, 6616]}"
1200236579,VERY_LONG,,1,889328700,,"{'id': 8156, 'context': 1, 'bonus_lists': [6654], 'modifiers': [{'type': 9, 'value': 30}, {'type': 28, 'value': 209}]}"
1200236584,VERY_LONG,,1,2378213600,,"{'id': 164359, 'context': 14, 'modifiers': [{'type': 28, 'value': 186}]}"
1200236588,VERY_LONG,,1,446066700,,"{'id': 164538, 'context': 31, 'modifiers': [{'type': 28, 'value': 464}]}"
1200236592,VERY_LONG,,1,163776300,,"{'id': 82800, 'context': 0, 'modifiers': [{'type': 6, 'value': 78849}], 'pet_breed_id': 5, 'pet_level': 1, 'pet_quality_id': 3, 'pet_species_id': 2577}"
1200236596,VERY_LONG,,1,2999969900,,"{'id': 18356, 'context': 0}"
1200236598,VERY_LONG,,1,199999900,,"{'id': 164487, 'context': 0}"
1200236603,VERY_LONG,,1,4216253300,,"{'id': 43613, 'context': 0}"
1200236605,VERY_LONG,,1,99999900,,"{'id': 82800, 'context': 0, 'modifiers': [{'type': 6, 'value': 78837}], 'pet_breed_id': 6, 'pet_level': 1, 'pet_quality_id': 2, 'pet_species_id': 2474}"
1200236610,VERY_LONG,,1,2633924100,,"{'id': 164516, 'context': 31, 'modifiers': [{'type': 28, 'value': 464}]}"
1200236613,VERY_LONG,,1,942452100,,"{'id': 164445, 'context': 11, 'modifiers': [{'type': 28, 'value': 644}]}"
1200236616,VERY_LONG,,1,366000000,,"{'id': 82800, 'context': 0, 'modifiers': [{'type': 6, 'value': 81213}], 'pet_breed_id': 11, 'pet_level': 1, 'pet_quality_id': 3, 'pet_species_id': 2578}"
1200236619,VERY_LONG,,1,217644300,,"{'id': 169290, 'context': 14, 'modifiers': [{'type': 28, 'value': 186}]}"
1200236622,VERY_LONG,,1,1969020500,,"{'id': 82800, 'context': 0, 'modifiers': [{'type': 6, 'value': 95573}], 'pet_breed_id': 12, 'pet_level': 1, 'pet_quality_id': 2, 'pet_species_id': 2957}"
1200236624,VERY_LONG,,1,762342800,,"{'id': 164297, 'context': 31, 'modifiers': [{'type': 28, 'value': 464}]}"
1200236627,VERY_LONG,,1,345970000,,"{'id': 82800, 'context': 0, 'modifiers': [{'type': 6, 'value': 81097}], 'pet_breed_id': 12, 'pet_level': 1, 'pet_quality_id': 3, 'pet_species_id': 2576}"
1200236629,VERY_LONG,,1,1738579500,,"{'id': 164545, 'context': 31}"
1200236632,VERY_LONG,,1,779283700,,"{'id': 15781, 'context': 1}"
1200236634,VERY_LONG,,1,2180535300,,"{'id': 164446, 'context': 31, 'modifiers': [{'type': 28, 'value': 464}]}"
1200236636,VERY_LONG,,1,11862969300,,"{'id': 12547, 'context': 1, 'bonus_lists': [3999], 'modifiers': [{'type': 9, 'value': 25}]}"
1200236642,VERY_LONG,,1,2187087700,,"{'id': 164540, 'context': 11}"
1200236647,VERY_LONG,,1,480009900,,"{'id': 95416, 'context': 0}"
1200236650,VERY_LONG,,1,6529670100,,"{'id': 32659, 'context': 0}"
1200236652,VERY_LONG,,1,1882171400,,"{'id': 164401, 'context': 14, 'modifiers': [{'type': 28, 'value': 186}]}"
1200236655,VERY_LONG,,1,501202900,,"{'id': 812, 'context': 53, 'bonus_lists': [4259], 'modifiers': [{'type': 9, 'value': 50}]}"
1200236656,VERY_LONG,,1,2151362400,,"{'id': 94903, 'context': 0}"
1200236657,VERY_LONG,,1,909511700,,"{'id': 31158, 'context': 0, 'bonus_lists': [1695, 3761, 5571], 'modifiers': [{'type': 9, 'value': 30}]}"
1200236659,VERY_LONG,,1,478560500,,"{'id': 164404, 'context': 11}"
1200236663,VERY_LONG,,1,640383200,,"{'id': 58198, 'context': 14}"
1200236664,VERY_LONG,,1,1421706200,,"{'id': 164274, 'context': 31, 'modifiers': [{'type': 28, 'value': 464}]}"
1200236665,VERY_LONG,,1,249999300,,"{'id': 86311, 'context': 0}"
1200236667,VERY_LONG,,1,1249999100,,"{'id': 17193, 'context': 1, 'bonus_lists': [6883]}"
1200236668,VERY_LONG,,1,175000000,,"{'id': 82800, 'context': 0, 'modifiers': [{'type': 6, 'value': 95572}], 'pet_breed_id': 7, 'pet_level': 1, 'pet_quality_id': 2, 'pet_species_id': 2958}"
1200236669,VERY_LONG,,1,1474268100,,"{'id': 94592, 'context': 0}"
1200236673,VERY_LONG,,1,1533262400,,"{'id': 29723, 'context': 0}"
1200236676,VERY_LONG,,1,345990000,,"{'id': 82800, 'context': 0, 'modifiers': [{'type': 6, 'value': 74794}], 'pet_breed_id': 21, 'pet_level': 1, 'pet_quality_id': 2, 'pet_species_id': 3066}"
1200236682,VERY_LONG,,1,366429900,,"{'id': 34061, 'context': 0}"
1200236683,VERY_LONG,,1,2236938000,,"{'id': 168644, 'context': 0}"
1200236684,VERY_LONG,,1,903892700,,"{'id': 183421, 'context': 28, 'bonus_lists': [41, 1520, 5891, 6646]}"
1200236686,VERY_LONG,,1,1052041800,,"{'id': 164398, 'context': 14, 'modifiers': [{'type': 28, 'value': 186}]}"
1200236687,VERY_LONG,,1,871792300,,"{'id': 4035, 'context': 54, 'bonus_lists': [4278], 'modifiers': [{'type': 9, 'value': 50}]}"
1200236689,VERY_LONG,,1,110004500,,"{'id': 82800, 'context': 0, 'modifiers': [{'type': 6, 'value': 21381}], 'pet_breed_id': 3, 'pet_level': 1, 'pet_quality_id': 2, 'pet_species_id': 157}"
1200236690,VERY_LONG,,1,594303300,,"{'id': 811, 'context': 54, 'bonus_lists': [4260], 'modifiers': [{'type': 9, 'value': 50}]}"
1200236692,VERY_LONG,,1,262120900,,"{'id': 164417, 'context': 11, 'modifiers': [{'type': 28, 'value': 644}]}"
1200236694,VERY_LONG,,1,1436565800,,"{'id': 164333, 'context': 0}"
1200236696,VERY_LONG,,1,704392900,,"{'id': 164363, 'context': 0}"
1200236698,VERY_LONG,,1,1441695000,,"{'id': 19166, 'context': 1, 'bonus_lists': [6883]}"
1200236699,VERY_LONG,,1,15225132300,,"{'id': 94579, 'context': 0}"
1200236701,VERY_LONG,,1,2799996800,,"{'id': 128671, 'context': 14, 'modifiers': [{'type': 28, 'value': 302}]}"
1200236704,VERY_LONG,,1,1174845300,,"{'id': 164331, 'context': 11, 'modifiers': [{'type': 28, 'value': 644}]}"
1200236707,VERY_LONG,,1,10485153800,,"{'id': 29731, 'context': 0}"
1200236710,VERY_LONG,,1,376582600,,"{'id': 164405, 'context': 11, 'modifiers': [{'type': 28, 'value': 644}]}"
1200236712,VERY_LONG,,1,149990000,,"{'id': 82800, 'context': 0, 'modifiers': [{'type': 6, 'value': 21382}], 'pet_breed_id': 3, 'pet_level': 1, 'pet_quality_id': 2, 'pet_species_id': 158}"
1200236714,VERY_LONG,,1,1977250300,,"{'id': 4301, 'context': 1, 'modifiers': [{'type': 28, 'value': 209}]}"
1200236715,VERY_LONG,,1,1212322000,,"{'id': 166816, 'context': 11}"
1200236717,VERY_LONG,,1,179260200,,"{'id': 164408, 'context': 11}"
1200236718,VERY_LONG,,1,5918220200,,"{'id': 32660, 'context': 0}"
1200236723,VERY_LONG,,1,2298449300,,"{'id': 164353, 'context': 11, 'modifiers': [{'type': 28, 'value': 644}]}"
1200236724,VERY_LONG,,1,840248500,,"{'id': 10632, 'context': 1, 'bonus_lists': [4062], 'modifiers': [{'type': 9, 'value': 25}]}"
1200236728,VERY_LONG,,1,136516800,,"{'id': 82800, 'context': 0, 'modifiers': [{'type': 6, 'value': 99855}], 'pet_breed_id': 6, 'pet_level': 1, 'pet_quality_id': 2, 'pet_species_id': 2931}"
1200236758,VERY_LONG,,1,356000000,,"{'id': 82800, 'context': 0, 'modifiers': [{'type': 6, 'value': 82003}], 'pet_breed_id': 8, 'pet_level': 1, 'pet_quality_id': 3, 'pet_species_id': 2575}"
1200236764,VERY_LONG,,1,600008500,,"{'id': 164432, 'context': 14, 'modifiers': [{'type': 28, 'value': 186}]}"
1200236766,VERY_LONG,,1,3347164400,,"{'id': 32655, 'context': 0}"
1200236770,VERY_LONG,,1,452419200,,"{'id': 17014, 'context': 1, 'bonus_lists': [6883]}"
1200236772,VERY_LONG,,1,3361605800,,"{'id': 94580, 'context': 0, 'bonus_lists': [6883]}"
1200236775,VERY_LONG,,1,7200998300,,"{'id': 32656, 'context': 0}"
1200236776,VERY_LONG,,1,2868541100,,"{'id': 164429, 'context': 14, 'modifiers': [{'type': 28, 'value': 186}]}"
1200236779,VERY_LONG,,1,528985700,,"{'id': 164327, 'context': 11}"
1200236781,VERY_LONG,,1,774728300,,"{'id': 164452, 'context': 11}"
1200236784,VERY_LONG,,1,249999500,,"{'id': 158887, 'context': 13}"
1200236785,VERY_LONG,,1,970243900,,"{'id': 164521, 'context': 31, 'modifiers': [{'type': 28, 'value': 464}]}"
1200236786,VERY_LONG,,1,1017348100,,"{'id': 11605, 'context': 1, 'bonus_lists': [6883]}"
1200236788,VERY_LONG,,1,341252900,,"{'id': 164340, 'context': 11}"
1200236790,VERY_LONG,,1,299990000,,"{'id': 164552, 'context': 11}"
1200236791,VERY_LONG,,1,570180600,,"{'id': 31272, 'context': 36, 'bonus_lists': [3911], 'modifiers': [{'type': 9, 'value': 50}]}"
1200236794,VERY_LONG,,1,463507100,,"{'id': 164350, 'context': 14, 'modifiers': [{'type': 28, 'value': 186}]}"
1200236796,VERY_LONG,,1,299999900,,"{'id': 164272, 'context': 31}"
1200236801,VERY_LONG,,1,239010900,,"{'id': 37807, 'context': 0, 'bonus_lists': [6659], 'modifiers': [{'type': 9, 'value': 28}, {'type': 28, 'value': 1745}]}"
1200236802,VERY_LONG,,1,1005770600,,"{'id': 164512, 'context': 11}"
1200236805,VERY_LONG,,1,1323627200,,"{'id': 31333, 'context': 36, 'bonus_lists': [3955], 'modifiers': [{'type': 9, 'value': 50}]}"
1200236826,VERY_LONG,425000,1,,,{'id': 170554}
1200236870,VERY_LONG,33600,73,,,{'id': 168310}
1200236875,VERY_LONG,7953000,11,,,{'id': 181468}
1200236887,VERY_LONG,80000,87,,,{'id': 2459}
1200236888,LONG,4350500,20,,,{'id': 171273}
1200236902,VERY_LONG,59700,22,,,{'id': 154167}
1200236906,LONG,2556600,17,,,{'id': 171275}
1200236922,VERY_LONG,80100,100,,,{'id': 17202}
1200236927,LONG,200000,20,,,{'id': 172040}
1200236930,VERY_LONG,100000,7,,,{'id': 2319}
1200236938,LONG,1000000,19,,,{'id': 172041}
1200236949,VERY_LONG,53700,94,,,{'id': 3575}
1200236973,VERY_LONG,700,3,,,{'id': 182653}
1200236981,VERY_LONG,4509600,1,,,{'id': 168447}
1200236993,VERY_LONG,390000,1,,,{'id': 109585}
1200237014,VERY_LONG,124800,33,,,{'id': 151565}
1200237027,VERY_LONG,112800,1,,,{'id': 124104}
1200237034,VERY_LONG,2352700,2,,,{'id': 36909}
1200237036,LONG,5120000,4,,,{'id': 177962}
1200237042,VERY_LONG,2900,2,,,{'id': 169333}
1200237043,VERY_LONG,560000,11,,,{'id': 173034}
1200237060,VERY_LONG,31200,110,,,{'id': 133590}
1200237068,VERY_LONG,252800,2,,,{'id': 182459}
1200237073,VERY_LONG,9000,2,,,{'id': 152546}
1200237082,VERY_LONG,34900,1,,,{'id': 168302}
1200237090,VERY_LONG,414400,3,,,{'id': 133680}
1200237100,VERY_LONG,93700,39,,,{'id': 2840}
1200238104,VERY_LONG,27300,12,,,{'id': 172092}
1200238110,VERY_LONG,89800,3,,,{'id': 154990}
1200238117,VERY_LONG,3930000,2,,,{'id': 109584}
1200238135,VERY_LONG,499900,1,,,{'id': 154989}
1200238151,VERY_LONG,2960000,2,,,{'id': 52843}
1200238158,VERY_LONG,300,14,,,{'id': 154722}
1200238166,VERY_LONG,1949700,3,,,{'id': 76061}
1200238173,VERY_LONG,200000,10,,,{'id': 152510}
1200238177,VERY_LONG,6500,7,,,{'id': 180430}
1200238183,VERY_LONG,8500,4,,,{'id': 152631}
1200238187,VERY_LONG,30000,15,,,{'id': 72093}
1200238194,VERY_LONG,1000,5,,,{'id': 174353}
1200238196,VERY_LONG,9000,10,,,{'id': 174285}
1200238209,VERY_LONG,5500,57,,,{'id': 152509}
1200238334,LONG,2506600,20,,,{'id': 171275}
1200238403,VERY_LONG,749800,1,,,{'id': 3731}
1200238415,LONG,2456600,21,,,{'id': 171275}
1200238417,VERY_LONG,22999700,2,,,{'id': 59596}
1200238426,VERY_LONG,,1,12500000,,"{'id': 176968, 'context': 0, 'bonus_lists': [6907, 6652, 1683], 'modifiers': [{'type': 9, 'value': 60}, {'type': 28, 'value': 1707}]}"
1200238433,VERY_LONG,58800,1,,,{'id': 133607}
1200238443,VERY_LONG,,1,3947900,,"{'id': 172257, 'context': 13, 'bonus_lists': [6893], 'modifiers': [{'type': 9, 'value': 60}, {'type': 28, 'value': 391}, {'type': 29, 'value': 40}, {'type': 30, 'value': 32}]}"
1200238447,VERY_LONG,,1,3947900,,"{'id': 172257, 'context': 13, 'bonus_lists': [6893], 'modifiers': [{'type': 9, 'value': 60}, {'type': 28, 'value': 391}, {'type': 29, 'value': 32}, {'type': 30, 'value': 40}]}"
1200238452,VERY_LONG,,1,1084900,,"{'id': 179319, 'context': 0, 'bonus_lists': [6908, 6652, 1677], 'modifiers': [{'type': 9, 'value': 60}, {'type': 28, 'value': 1707}]}"
1200238461,VERY_LONG,359400,213,,,{'id': 183950}
1200238472,VERY_LONG,37200,3,,,{'id': 74866}
1200238478,VERY_LONG,3377100,1,,,{'id': 6308}
1200238491,VERY_LONG,70300,1,,,{'id': 6289}
1200238494,VERY_LONG,,1,3976300,,"{'id': 4293, 'context': 0}"
1200238502,VERY_LONG,,1,1099900,,"{'id': 179333, 'context': 0, 'bonus_lists': [6908, 6652, 1679], 'modifiers': [{'type': 9, 'value': 60}, {'type': 28, 'value': 2060}]}"
1200238721,LONG,3500400,20,,,{'id': 171273}
1200240281,VERY_LONG,,1,33903700,,"{'id': 56220, 'context': 22}"
1200240283,VERY_LONG,,1,31441700,,"{'id': 14320, 'context': 0, 'bonus_lists': [6654, 1678], 'modifiers': [{'type': 9, 'value': 30}, {'type': 28, 'value': 36}]}"
1200240285,VERY_LONG,,1,34992000,,"{'id': 2278, 'context': 1, 'bonus_lists': [6658], 'modifiers': [{'type': 9, 'value': 13}, {'type': 28, 'value': 1918}]}"
1200240289,VERY_LONG,,1,29245500,,"{'id': 44694, 'context': 14, 'modifiers': [{'type': 28, 'value': 885}]}"
1200240293,VERY_LONG,,1,29245500,,"{'id': 44694, 'context': 14, 'modifiers': [{'type': 28, 'value': 885}]}"
1200240297,VERY_LONG,,1,18250100,,"{'id': 82800, 'context': 0, 'modifiers': [{'type': 6, 'value': 73673}], 'pet_breed_id': 3, 'pet_level': 11, 'pet_quality_id': 3, 'pet_species_id': 1957}"
1200240301,VERY_LONG,1128866600,2,,,{'id': 19706}
1200240303,VERY_LONG,,1,72652900,,"{'id': 15506, 'context': 30, 'bonus_lists': [1677, 3833], 'modifiers': [{'type': 9, 'value': 15}]}"
1200240310,VERY_LONG,32561500,643,,,{'id': 2946}
1200240313,VERY_LONG,,1,13084200,,"{'id': 14669, 'context': 54, 'bonus_lists': [4277], 'modifiers': [{'type': 9, 'value': 50}]}"
1200240316,VERY_LONG,,1,13084200,,"{'id': 14669, 'context': 54, 'bonus_lists': [4277], 'modifiers': [{'type': 9, 'value': 50}]}"
1200240319,VERY_LONG,,1,182244400,,"{'id': 141577, 'context': 26, 'bonus_lists': [43, 1472, 3528, 3431]}"
1200240323,VERY_LONG,,1,52611100,,"{'id': 14275, 'context': 54, 'bonus_lists': [1677, 4277], 'modifiers': [{'type': 9, 'value': 50}]}"
1200240326,VERY_LONG,,1,891099500,,"{'id': 78309, 'context': 14, 'modifiers': [{'type': 28, 'value': 402}]}"
1200240329,VERY_LONG,,1,177024000,,"{'id': 154821, 'context': 0, 'bonus_lists': [6654, 1690], 'modifiers': [{'type': 9, 'value': 50}, {'type': 28, 'value': 191}]}"
1200240331,VERY_LONG,,1,177024000,,"{'id': 154821, 'context': 0, 'bonus_lists': [6654, 1712], 'modifiers': [{'type': 9, 'value': 47}, {'type': 28, 'value': 1225}]}"
1200240334,VERY_LONG,,1,10314900,,"{'id': 82800, 'context': 0, 'modifiers': [{'type': 6, 'value': 5556}], 'pet_breed_id': 18, 'pet_level': 2, 'pet_quality_id': 3, 'pet_species_id': 40}"
1200240335,VERY_LONG,,1,300000000,,"{'id': 2244, 'context': 54, 'bonus_lists': [4259], 'modifiers': [{'type': 9, 'value': 50}]}"
1200240337,VERY_LONG,,1,6319600,,"{'id': 82800, 'context': 0, 'modifiers': [{'type': 6, 'value': 71826}], 'pet_breed_id': 18, 'pet_level': 7, 'pet_quality_id': 3, 'pet_species_id': 1922}"
1200240340,VERY_LONG,,1,85001800,,"{'id': 106681, 'context': 29, 'bonus_lists': [3854, 197], 'modifiers': [{'type': 9, 'value': 45}]}"
1200240344,VERY_LONG,,1,20301500,,"{'id': 14311, 'context': 54, 'bonus_lists': [1681, 4277], 'modifiers': [{'type': 9, 'value': 50}]}"
1200240348,VERY_LONG,,1,20301500,,"{'id': 14311, 'context': 54, 'bonus_lists': [1709, 4277], 'modifiers': [{'type': 9, 'value': 50}]}"
1200240349,VERY_LONG,,1,20301500,,"{'id': 14311, 'context': 54, 'bonus_lists': [1706, 4278], 'modifiers': [{'type': 9, 'value': 50}]}"
1200240350,VERY_LONG,,1,52499900,,"{'id': 106649, 'context': 29, 'bonus_lists': [4503, 211], 'modifiers': [{'type': 9, 'value': 50}]}"
1200240353,VERY_LONG,,1,408647300,,"{'id': 118865, 'context': 0, 'bonus_lists': [6658], 'modifiers': [{'type': 9, 'value': 50}, {'type': 28, 'value': 435}]}"
1200240355,VERY_LONG,,1,1999900,,"{'id': 173244, 'context': 63, 'bonus_lists': [6716, 1487]}"
1200240356,VERY_LONG,,1,1999900,,"{'id': 173244, 'context': 63, 'bonus_lists': [6716, 1487]}"
1200240359,VERY_LONG,,1,1999900,,"{'id': 173244, 'context': 63, 'bonus_lists': [6716, 1487]}"
1200240361,VERY_LONG,,1,1999900,,"{'id': 173244, 'context': 63, 'bonus_lists': [6716, 1487]}"
1200240363,VERY_LONG,,1,1999900,,"{'id': 173244, 'context': 63, 'bonus_lists': [6716, 1487]}"
1200240365,VERY_LONG,,1,1999900,,"{'id': 173244, 'context': 63, 'bonus_lists': [6716, 1487]}"
1200240366,VERY_LONG,,1,1999900,,"{'id': 173244, 'context': 63, 'bonus_lists': [6716, 1487]}"
1200240550,LONG,,1,1643700,,"{'id': 172241, 'context': 13, 'bonus_lists': [6883], 'modifiers': [{'type': 29, 'value': 49}, {'type': 30, 'value': 32}]}"
1200240791,VERY_LONG,,1,1999900,,"{'id': 173244, 'context': 63, 'bonus_lists': [6716, 1487]}"
1200240794,VERY_LONG,,1,1999900,,"{'id': 173244, 'context': 63, 'bonus_lists': [6716, 1487]}"
1200240797,VERY_LONG,,1,1999900,,"{'id': 173244, 'context': 63, 'bonus_lists': [6716, 1487]}"
1200240801,VERY_LONG,,1,1999900,,"{'id': 173244, 'context': 63, 'bonus_lists': [6716, 1487]}"
1200240806,VERY_LONG,,1,1999900,,"{'id': 173244, 'context': 63, 'bonus_lists': [6716, 1487]}"
1200240844,VERY_LONG,,1,66516500,,"{'id': 106636, 'context': 28, 'bonus_lists': [3854, 57], 'modifiers': [{'type': 9, 'value': 45}]}"
1200240847,VERY_LONG,,1,59957500,,"{'id': 6588, 'context': 1, 'modifiers': [{'type': 28, 'value': 215}]}"
1200240850,VERY_LONG,,1,632977500,,"{'id': 36507, 'context': 29, 'bonus_lists': [1679, 3870], 'modifiers': [{'type': 9, 'value': 27}]}"
1200240854,VERY_LONG,,1,807497400,,"{'id': 78256, 'context': 14, 'modifiers': [{'type': 28, 'value': 402}]}"
1200240858,VERY_LONG,,1,360738600,,"{'id': 14805, 'context': 54, 'bonus_lists': [4277], 'modifiers': [{'type': 9, 'value': 50}]}"
1200240861,VERY_LONG,,1,30436400,,"{'id': 9778, 'context': 1, 'bonus_lists': [1678]}"
1200240866,VERY_LONG,,1,936181500,,"{'id': 78293, 'context': 14, 'modifiers': [{'type': 28, 'value': 402}]}"
1200240868,VERY_LONG,,1,160753400,,"{'id': 13489, 'context': 1, 'modifiers': [{'type': 28, 'value': 201}]}"
1200240872,VERY_LONG,,1,90403300,,"{'id': 164488, 'context': 11}"
1200240874,VERY_LONG,,1,41146000,,"{'id': 106669, 'context': 29, 'bonus_lists': [3855, 96], 'modifiers': [{'type': 9, 'value': 45}]}"
1200240878,VERY_LONG,,1,41146000,,"{'id': 106669, 'context': 28, 'bonus_lists': [3854, 46], 'modifiers': [{'type': 9, 'value': 45}]}"
1200240883,VERY_LONG,,1,41146000,,"{'id': 106669, 'context': 28, 'bonus_lists': [3854, 205], 'modifiers': [{'type': 9, 'value': 45}]}"
1200240887,VERY_LONG,,1,3000000000,,"{'id': 52252, 'context': 11}"
1200240894,VERY_LONG,,1,1008981200,,"{'id': 20408, 'context': 0}"
1200240897,VERY_LONG,,1,1455566900,,"{'id': 20407, 'context': 0}"
1200240900,VERY_LONG,,1,47203800,,"{'id': 15653, 'context': 54, 'bonus_lists': [1691, 4278], 'modifiers': [{'type': 9, 'value': 50}]}"
1200240904,VERY_LONG,,1,25530600,,"{'id': 15442, 'context': 54, 'bonus_lists': [1708, 4277], 'modifiers': [{'type': 9, 'value': 50}]}"
1200240908,VERY_LONG,,1,25530600,,"{'id': 15442, 'context': 54, 'bonus_lists': [1705, 4279], 'modifiers': [{'type': 9, 'value': 50}]}"
1200240912,VERY_LONG,,1,166695200,,"{'id': 75123, 'context': 0, 'bonus_lists': [6883]}"
1200240916,VERY_LONG,,1,166695200,,"{'id': 75123, 'context': 0, 'bonus_lists': [6883]}"
1200240921,VERY_LONG,,1,78033700,,"{'id': 106668, 'context': 29, 'bonus_lists': [3854, 122], 'modifiers': [{'type': 9, 'value': 45}]}"
1200240923,VERY_LONG,,1,143695100,,"{'id': 82800, 'context': 0, 'modifiers': [{'type': 6, 'value': 64097}], 'pet_breed_id': 6, 'pet_level': 5, 'pet_quality_id': 3, 'pet_species_id': 1672}"
1200240925,VERY_LONG,,1,39532100,,"{'id': 14758, 'context': 1, 'bonus_lists': [6654], 'modifiers': [{'type': 9, 'value': 13}, {'type': 28, 'value': 1918}]}"
1200240928,VERY_LONG,,1,1017205600,,"{'id': 151993, 'context': 4, 'bonus_lists': [3613, 1472, 3337]}"
1200240931,VERY_LONG,,1,11101600,,"{'id': 82800, 'context': 0, 'modifiers': [{'type': 6, 'value': 5555}], 'pet_breed_id': 3, 'pet_level': 7, 'pet_quality_id': 3, 'pet_species_id': 45}"
1200240936,VERY_LONG,,1,29999800,,"{'id': 15175, 'context': 54, 'bonus_lists': [1708, 4277], 'modifiers': [{'type': 9, 'value': 50}]}"
1200240940,VERY_LONG,,1,685994200,,"{'id': 78318, 'context': 14, 'modifiers': [{'type': 28, 'value': 402}]}"
1200240948,VERY_LONG,,1,685994200,,"{'id': 78318, 'context': 14, 'modifiers': [{'type': 28, 'value': 402}]}"
1200240951,VERY_LONG,,1,181630300,,"{'id': 15133, 'context': 36, 'bonus_lists': [1709, 3863], 'modifiers': [{'type': 9, 'value': 16}]}"
1200240955,VERY_LONG,,1,88938500,,"{'id': 167981, 'context': 13, 'bonus_lists': [1706]}"
1200240958,VERY_LONG,,1,49873200,,"{'id': 14225, 'context': 1, 'bonus_lists': [6654, 1692], 'modifiers': [{'type': 9, 'value': 12}, {'type': 28, 'value': 1914}]}"
1200240960,VERY_LONG,,1,51640400,,"{'id': 169417, 'context': 0, 'bonus_lists': [6654, 1714], 'modifiers': [{'type': 9, 'value': 60}]}"
1200240963,VERY_LONG,,1,142856600,,"{'id': 14096, 'context': 0, 'bonus_lists': [6654, 1706], 'modifiers': [{'type': 9, 'value': 18}, {'type': 28, 'value': 3}]}"
1200240966,VERY_LONG,,1,310599500,,"{'id': 2825, 'context': 53, 'bonus_lists': [4259], 'modifiers': [{'type': 9, 'value': 50}]}"
1200242614,VERY_LONG,,1,44489700,,"{'id': 82800, 'context': 0, 'modifiers': [{'type': 6, 'value': 55291}], 'pet_breed_id': 19, 'pet_level': 1, 'pet_quality_id': 3, 'pet_species_id': 1453}"
1200242619,VERY_LONG,,1,37535600,,"{'id': 82800, 'context': 0, 'modifiers': [{'type': 6, 'value': 78222}], 'pet_breed_id': 17, 'pet_level': 1, 'pet_quality_id': 3, 'pet_species_id': 2071}"
1200242631,VERY_LONG,,1,43756900,,"{'id': 82800, 'context': 0, 'modifiers': [{'type': 6, 'value': 48708}], 'pet_breed_id': 9, 'pet_level': 1, 'pet_quality_id': 3, 'pet_species_id': 1245}"
1200242635,VERY_LONG,,1,165909900,157614400,"{'id': 82800, 'context': 0, 'modifiers': [{'type': 6, 'value': 99894}], 'pet_breed_id': 18, 'pet_level': 1, 'pet_quality_id': 2, 'pet_species_id': 2928}"
1200242639,VERY_LONG,,1,8568000,,"{'id': 82800, 'context': 0, 'modifiers': [{'type': 6, 'value': 22776}], 'pet_breed_id': 3, 'pet_level': 1, 'pet_quality_id': 2, 'pet_species_id': 191}"
1200242644,VERY_LONG,,1,109863400,,"{'id': 82800, 'context': 0, 'modifiers': [{'type': 6, 'value': 41833}], 'pet_breed_id': 9, 'pet_level': 1, 'pet_quality_id': 3, 'pet_species_id': 381}"
1200242648,VERY_LONG,,1,89989900,85490400,"{'id': 82800, 'context': 0, 'modifiers': [{'type': 6, 'value': 74800}], 'pet_breed_id': 10, 'pet_level': 1, 'pet_quality_id': 2, 'pet_species_id': 2716}"
1200242651,VERY_LONG,,1,2765100,2626800,"{'id': 82800, 'context': 0, 'modifiers': [{'type': 6, 'value': 46903}], 'pet_breed_id': 7, 'pet_level': 1, 'pet_quality_id': 3, 'pet_species_id': 1151}"
1200242655,VERY_LONG,,1,1341700,,"{'id': 82800, 'context': 0, 'modifiers': [{'type': 6, 'value': 61547}], 'pet_breed_id': 8, 'pet_level': 1, 'pet_quality_id': 2, 'pet_species_id': 1540}"
1200242657,VERY_LONG,,1,23860200,,"{'id': 82800, 'context': 0, 'modifiers': [{'type': 6, 'value': 28217}], 'pet_breed_id': 7, 'pet_level': 1, 'pet_quality_id': 2, 'pet_species_id': 196}"
1200242661,VERY_LONG,,1,8299500,7884500,"{'id': 82800, 'context': 0, 'modifiers': [{'type': 6, 'value': 28502}], 'pet_breed_id': 5, 'pet_level': 1, 'pet_quality_id': 3, 'pet_species_id': 1511}"
1200242664,VERY_LONG,,1,32170400,30561900,"{'id': 82800, 'context': 0, 'modifiers': [{'type': 6, 'value': 76763}], 'pet_breed_id': 5, 'pet_level': 1, 'pet_quality_id': 3, 'pet_species_id': 2559}"
1200242670,VERY_LONG,,1,29357800,,"{'id': 82800, 'context': 0, 'modifiers': [{'type': 6, 'value': 57825}], 'pet_breed_id': 20, 'pet_level': 1, 'pet_quality_id': 3, 'pet_species_id': 1434}"
1200242673,VERY_LONG,,1,9490000,9015500,"{'id': 82800, 'context': 0, 'modifiers': [{'type': 6, 'value': 61898}], 'pet_breed_id': 3, 'pet_level': 1, 'pet_quality_id': 3, 'pet_species_id': 1634}"
1200242676,VERY_LONG,,1,49974600,47475900,"{'id': 82800, 'context': 0, 'modifiers': [{'type': 6, 'value': 99014}], 'pet_breed_id': 3, 'pet_level': 1, 'pet_quality_id': 2, 'pet_species_id': 2953}"
1200242679,VERY_LONG,,1,235980000,224181000,"{'id': 82800, 'context': 0, 'modifiers': [{'type': 6, 'value': 4732}], 'pet_breed_id': 9, 'pet_level': 1, 'pet_quality_id': 2, 'pet_species_id': 206}"
1200242683,VERY_LONG,,1,20251900,,"{'id': 82800, 'context': 0, 'modifiers': [{'type': 6, 'value': 901}], 'pet_breed_id': 3, 'pet_level': 1, 'pet_quality_id': 2, 'pet_species_id': 95}"
1200242687,VERY_LONG,,1,456500,,"{'id': 82800, 'context': 0, 'modifiers': [{'type': 6, 'value': 42721}], 'pet_breed_id': 22, 'pet_level': 1, 'pet_quality_id': 2, 'pet_species_id': 847}"
1200242690,VERY_LONG,,1,15903100,,"{'id': 82800, 'context': 0, 'modifiers': [{'type': 6, 'value': 25457}], 'pet_breed_id': 8, 'pet_level': 1, 'pet_quality_id': 3, 'pet_species_id': 186}"
1200242693,VERY_LONG,,1,9223700,,"{'id': 82800, 'context': 0, 'modifiers': [{'type': 6, 'value': 11709}], 'pet_breed_id': 20, 'pet_level': 1, 'pet_quality_id': 2, 'pet_species_id': 224}"
1200242698,VERY_LONG,,1,18201500,,"{'id': 82800, 'context': 0, 'modifiers': [{'type': 6, 'value': 68860}], 'pet_breed_id': 20, 'pet_level': 1, 'pet_quality_id': 3, 'pet_species_id': 1928}"
1200242701,VERY_LONG,,1,234443100,232967700,"{'id': 82800, 'context': 0, 'modifiers': [{'type': 6, 'value': 33217}], 'pet_breed_id': 9, 'pet_level': 1, 'pet_quality_id': 3, 'pet_species_id': 278}"
1200242704,VERY_LONG,,1,13372800,,"{'id': 82800, 'context': 0, 'modifiers': [{'type': 6, 'value': 9905}], 'pet_breed_id': 7, 'pet_level': 1, 'pet_quality_id': 3, 'pet_species_id': 286}"
1200242709,VERY_LONG,,1,6446200,,"{'id': 82800, 'context': 0, 'modifiers': [{'type': 6, 'value': 36743}], 'pet_breed_id': 8, 'pet_level': 1, 'pet_quality_id': 3, 'pet_species_id': 2568}"
1200242714,VERY_LONG,,1,139539700,,"{'id': 82800, 'context': 0, 'modifiers': [{'type': 6, 'value': 78837}], 'pet_breed_id': 6, 'pet_level': 1, 'pet_quality_id': 2, 'pet_species_id': 2474}"
1200242720,VERY_LONG,,1,43444800,41272600,"{'id': 82800, 'context': 0, 'modifiers': [{'type': 6, 'value': 65717}], 'pet_breed_id': 4, 'pet_level': 1, 'pet_quality_id': 3, 'pet_species_id': 1766}"
1200242722,VERY_LONG,,1,162913800,,"{'id': 82800, 'context': 0, 'modifiers': [{'type': 6, 'value': 59668}], 'pet_breed_id': 8, 'pet_level': 1, 'pet_quality_id': 3, 'pet_species_id': 1533}"
1200242728,VERY_LONG,,1,2949994300,2802494600,"{'id': 82800, 'context': 0, 'modifiers': [{'type': 6, 'value': 21362}], 'pet_breed_id': 3, 'pet_level': 25, 'pet_quality_id': 3, 'pet_species_id': 156}"
1200242730,VERY_LONG,,1,52645800,50013500,"{'id': 82800, 'context': 0, 'modifiers': [{'type': 6, 'value': 48661}], 'pet_breed_id': 3, 'pet_level': 1, 'pet_quality_id': 3, 'pet_species_id': 1232}"
1200242737,VERY_LONG,,1,1009400,,"{'id': 82800, 'context': 0, 'modifiers': [{'type': 6, 'value': 1206}], 'pet_breed_id': 15, 'pet_level': 1, 'pet_quality_id': 2, 'pet_species_id': 75}"
1200242739,VERY_LONG,,1,164949700,161974100,"{'id': 82800, 'context': 0, 'modifiers': [{'type': 6, 'value': 6291}], 'pet_breed_id': 19, 'pet_level': 1, 'pet_quality_id': 3, 'pet_species_id': 59}"
1200242743,VERY_LONG,,1,48659500,,"{'id': 82800, 'context': 0, 'modifiers': [{'type': 6, 'value': 16259}], 'pet_breed_id': 5, 'pet_level': 1, 'pet_quality_id': 2, 'pet_species_id': 125}"
1200242748,VERY_LONG,,1,44989900,42740400,"{'id': 82800, 'context': 0, 'modifiers': [{'type': 6, 'value': 63447}], 'pet_breed_id': 18, 'pet_level': 1, 'pet_quality_id': 3, 'pet_species_id': 1661}"
1200242752,VERY_LONG,,1,31997500,,"{'id': 82800, 'context': 0, 'modifiers': [{'type': 6, 'value': 47931}], 'pet_breed_id': 17, 'pet_level': 1, 'pet_quality_id': 3, 'pet_species_id': 1478}"
1200242758,VERY_LONG,,1,77176000,69458400,"{'id': 82800, 'context': 0, 'modifiers': [{'type': 6, 'value': 92157}], 'pet_breed_id': 16, 'pet_level': 1, 'pet_quality_id': 3, 'pet_species_id': 2686}"
1200242760,VERY_LONG,,1,5150000,4892500,"{'id': 82800, 'context': 0, 'pet_breed_id': 20, 'pet_level': 1, 'pet_quality_id': 3, 'pet_species_id': 1628}"
1200242764,VERY_LONG,,1,19553300,,"{'id': 82800, 'context': 0, 'modifiers': [{'type': 6, 'value': 64222}], 'pet_breed_id': 7, 'pet_level': 1, 'pet_quality_id': 3, 'pet_species_id': 1688}"
1200242769,VERY_LONG,,1,107569400,102190900,"{'id': 82800, 'context': 0, 'modifiers': [{'type': 6, 'value': 36637}], 'pet_breed_id': 8, 'pet_level': 1, 'pet_quality_id': 3, 'pet_species_id': 279}"
1200242773,VERY_LONG,,1,5884100,,"{'id': 82800, 'context': 0, 'modifiers': [{'type': 6, 'value': 1072}], 'pet_breed_id': 3, 'pet_level': 1, 'pet_quality_id': 2, 'pet_species_id': 70}"
1200242777,VERY_LONG,,1,49989800,47490300,"{'id': 82800, 'context': 0, 'modifiers': [{'type': 6, 'value': 10269}], 'pet_breed_id': 12, 'pet_level': 1, 'pet_quality_id': 2, 'pet_species_id': 116}"
1200242783,VERY_LONG,,1,21740200,,"{'id': 82800, 'context': 0, 'modifiers': [{'type': 6, 'value': 87862}], 'pet_breed_id': 16, 'pet_level': 1, 'pet_quality_id': 3, 'pet_species_id': 2432}"
1200242789,VERY_LONG,,1,39130400,,"{'id': 82800, 'context': 0, 'modifiers': [{'type': 6, 'value': 15905}], 'pet_breed_id': 20, 'pet_level': 1, 'pet_quality_id': 2, 'pet_species_id': 845}"
1200242792,VERY_LONG,,1,48642300,,"{'id': 82800, 'context': 0, 'modifiers': [{'type': 6, 'value': 27681}], 'pet_breed_id': 10, 'pet_level': 1, 'pet_quality_id': 2, 'pet_species_id': 126}"
1200242800,VERY_LONG,,1,57871500,54977900,"{'id': 82800, 'context': 0, 'modifiers': [{'type': 6, 'value': 48212}], 'pet_breed_id': 18, 'pet_level': 1, 'pet_quality_id': 3, 'pet_species_id': 1200}"
1200242804,VERY_LONG,,1,9825800,,"{'id': 82800, 'context': 0, 'modifiers': [{'type': 6, 'value': 37712}], 'pet_breed_id': 21, 'pet_level': 1, 'pet_quality_id': 2, 'pet_species_id': 306}"
1200242806,VERY_LONG,,1,3054000,,"{'id': 82800, 'context': 0, 'modifiers': [{'type': 6, 'value': 71827}], 'pet_breed_id': 14, 'pet_level': 1, 'pet_quality_id': 3, 'pet_species_id': 1921}"
1200242810,VERY_LONG,,1,19103000,,"{'id': 82800, 'context': 0, 'modifiers': [{'type': 6, 'value': 61894}], 'pet_breed_id': 12, 'pet_level': 1, 'pet_quality_id': 3, 'pet_species_id': 1629}"
1200242813,VERY_LONG,,1,15852400,,"{'id': 82800, 'context': 0, 'modifiers': [{'type': 6, 'value': 61890}], 'pet_breed_id': 7, 'pet_level': 1, 'pet_quality_id': 3, 'pet_species_id': 1625}"
1200242819,VERY_LONG,,1,67333600,63966900,"{'id': 82800, 'context': 0, 'modifiers': [{'type': 6, 'value': 59017}], 'pet_breed_id': 13, 'pet_level': 1, 'pet_quality_id': 3, 'pet_species_id': 1545}"
1200242825,VERY_LONG,,1,1156900,,"{'id': 82800, 'context': 0, 'modifiers': [{'type': 6, 'value': 2177}], 'pet_breed_id': 16, 'pet_level': 3, 'pet_quality_id': 2, 'pet_species_id': 55}"
1200242829,VERY_LONG,,1,1108800,,"{'id': 82800, 'context': 0, 'modifiers': [{'type': 6, 'value': 88060}], 'pet_breed_id': 6, 'pet_level': 1, 'pet_quality_id': 3, 'pet_species_id': 2468}"
1200242833,VERY_LONG,,1,18571700,,"{'id': 82800, 'context': 0, 'modifiers': [{'type': 6, 'value': 8910}], 'pet_breed_id': 7, 'pet_level': 1, 'pet_quality_id': 2, 'pet_species_id': 86}"
1200242837,VERY_LONG,,1,117753900,111866200,"{'id': 82800, 'context': 0, 'modifiers': [{'type': 6, 'value': 59603}], 'pet_breed_id': 18, 'pet_level': 1, 'pet_quality_id': 2, 'pet_species_id': 1596}"
1200242841,VERY_LONG,,1,39563400,,"{'id': 82800, 'context': 0, 'modifiers': [{'type': 6, 'value': 46811}], 'pet_breed_id': 7, 'pet_level': 1, 'pet_quality_id': 3, 'pet_species_id': 1126}"
1200242846,VERY_LONG,,1,16989800,16140300,"{'id': 82800, 'context': 0, 'modifiers': [{'type': 6, 'value': 86482}], 'pet_breed_id': 3, 'pet_level': 1, 'pet_quality_id': 3, 'pet_species_id': 2201}"
1200242849,VERY_LONG,,1,27113900,,"{'id': 82800, 'context': 0, 'modifiers': [{'type': 6, 'value': 87870}], 'pet_breed_id': 5, 'pet_level': 1, 'pet_quality_id': 3, 'pet_species_id': 2433}"
1200242852,VERY_LONG,,1,178050300,169147800,"{'id': 82800, 'context': 0, 'modifiers': [{'type': 6, 'value': 28489}], 'pet_breed_id': 7, 'pet_level': 1, 'pet_quality_id': 2, 'pet_species_id': 205}"
1200242853,VERY_LONG,,1,19979800,18980800,"{'id': 82800, 'context': 0, 'modifiers': [{'type': 6, 'value': 48878}], 'pet_breed_id': 5, 'pet_level': 1, 'pet_quality_id': 3, 'pet_species_id': 1226}"
1200242856,VERY_LONG,,1,224990000,213740500,"{'id': 82800, 'context': 0, 'pet_breed_id': 4, 'pet_level': 1, 'pet_quality_id': 2, 'pet_species_id': 218}"
1200242860,VERY_LONG,,1,8658800,,"{'id': 82800, 'context': 0, 'modifiers': [{'type': 6, 'value': 20027}], 'pet_breed_id': 5, 'pet_level': 1, 'pet_quality_id': 2, 'pet_species_id': 143}"
1200242862,VERY_LONG,,1,5213000,,"{'id': 82800, 'context': 0, 'modifiers': [{'type': 6, 'value': 99900}], 'pet_breed_id': 18, 'pet_level': 1, 'pet_quality_id': 2, 'pet_species_id': 2909}"
1200242864,VERY_LONG,,1,3350200,,"{'id': 82800, 'context': 0, 'modifiers': [{'type': 6, 'value': 88006}], 'pet_breed_id': 15, 'pet_level': 1, 'pet_quality_id': 3, 'pet_species_id': 2451}"
1200242866,VERY_LONG,,1,13162500,,"{'id': 82800, 'context': 0, 'modifiers': [{'type': 6, 'value': 28216}], 'pet_breed_id': 11, 'pet_level': 1, 'pet_quality_id': 3, 'pet_species_id': 198}"
1200242868,VERY_LONG,,1,14257200,,"{'id': 82800, 'context': 0, 'modifiers': [{'type': 6, 'value': 29808}], 'pet_breed_id': 21, 'pet_level': 1, 'pet_quality_id': 2, 'pet_species_id': 238}"
1200242869,VERY_LONG,,1,9583300,,"{'id': 82800, 'context': 0, 'modifiers': [{'type': 6, 'value': 80966}], 'pet_breed_id': 21, 'pet_level': 1, 'pet_quality_id': 3, 'pet_species_id': 2556}"
1200242871,VERY_LONG,,1,86371800,,"{'id': 82800, 'context': 0, 'modifiers': [{'type': 6, 'value': 70232}], 'pet_breed_id': 3, 'pet_level': 1, 'pet_quality_id': 3, 'pet_species_id': 229}"
1200242873,VERY_LONG,,1,13315500,,"{'id': 82800, 'context': 0, 'modifiers': [{'type': 6, 'value': 48666}], 'pet_breed_id': 10, 'pet_level': 1, 'pet_quality_id': 3, 'pet_species_id': 1231}"
1200242875,VERY_LONG,,1,66614500,63283800,"{'id': 82800, 'context': 0, 'modifiers': [{'type': 6, 'value': 54511}], 'pet_breed_id': 16, 'pet_level': 1, 'pet_quality_id': 3, 'pet_species_id': 1394}"
1200242878,VERY_LONG,,1,44686600,42452300,"{'id': 82800, 'context': 0, 'modifiers': [{'type': 6, 'value': 51413}], 'pet_breed_id': 20, 'pet_level': 1, 'pet_quality_id': 2, 'pet_species_id': 1321}"
1200242881,VERY_LONG,,1,225880000,214586000,"{'id': 82800, 'context': 0, 'modifiers': [{'type': 6, 'value': 28502}], 'pet_breed_id': 5, 'pet_level': 1, 'pet_quality_id': 2, 'pet_species_id': 210}"
1200242883,VERY_LONG,,1,99989800,94990300,"{'id': 82800, 'context': 0, 'modifiers': [{'type': 6, 'value': 99866}], 'pet_breed_id': 19, 'pet_level': 1, 'pet_quality_id': 2, 'pet_species_id': 2916}"
1200242884,VERY_LONG,,1,12119700,11513700,"{'id': 82800, 'context': 0, 'modifiers': [{'type': 6, 'value': 44445}], 'pet_breed_id': 8, 'pet_level': 1, 'pet_quality_id': 3, 'pet_species_id': 2583}"
1200242887,VERY_LONG,,1,1623900,1542700,"{'id': 82800, 'context': 0, 'modifiers': [{'type': 6, 'value': 63446}], 'pet_breed_id': 14, 'pet_level': 1, 'pet_quality_id': 3, 'pet_species_id': 1662}"
1200242889,VERY_LONG,,1,36106700,,"{'id': 82800, 'context': 0, 'modifiers': [{'type': 6, 'value': 53610}], 'pet_breed_id': 15, 'pet_level': 1, 'pet_quality_id': 3, 'pet_species_id': 1385}"
1200242891,VERY_LONG,,1,28987000,27537700,"{'id': 82800, 'context': 0, 'modifiers': [{'type': 6, 'value': 59578}], 'pet_breed_id': 14, 'pet_level': 1, 'pet_quality_id': 3, 'pet_species_id': 1530}"
1200242893,VERY_LONG,,1,345980000,328681000,"{'id': 82800, 'context': 0, 'modifiers': [{'type': 6, 'value': 80967}], 'pet_breed_id': 20, 'pet_level': 1, 'pet_quality_id': 3, 'pet_species_id': 2555}"
1200242896,VERY_LONG,,1,239985800,227986500,"{'id': 82800, 'context': 0, 'modifiers': [{'type': 6, 'value': 74790}], 'pet_breed_id': 20, 'pet_level': 1, 'pet_quality_id': 2, 'pet_species_id': 319}"
1200242897,VERY_LONG,,1,11550500,,"{'id': 82800, 'context': 0, 'modifiers': [{'type': 6, 'value': 29802}], 'pet_breed_id': 20, 'pet_level': 1, 'pet_quality_id': 2, 'pet_species_id': 235}"
1200242900,VERY_LONG,,1,42951000,40803500,"{'id': 82800, 'context': 0, 'modifiers': [{'type': 6, 'value': 88766}], 'pet_breed_id': 22, 'pet_level': 1, 'pet_quality_id': 3, 'pet_species_id': 2713}"
1200242902,VERY_LONG,,1,10958500,,"{'id': 82800, 'context': 0, 'modifiers': [{'type': 6, 'value': 90173}], 'pet_breed_id': 11, 'pet_level': 1, 'pet_quality_id': 3, 'pet_species_id': 2552}"
1200242909,VERY_LONG,,1,79940000,75943000,"{'id': 82800, 'context': 0, 'modifiers': [{'type': 6, 'value': 23000}], 'pet_breed_id': 7, 'pet_level': 1, 'pet_quality_id': 3, 'pet_species_id': 2547}"
1200242913,VERY_LONG,,1,34676000,,"{'id': 82800, 'context': 0, 'pet_breed_id': 3, 'pet_level': 1, 'pet_quality_id': 3, 'pet_species_id': 1598}"
1200242917,VERY_LONG,,1,84165000,79956800,"{'id': 82800, 'context': 0, 'modifiers': [{'type': 6, 'value': 74472}], 'pet_breed_id': 18, 'pet_level': 1, 'pet_quality_id': 1, 'pet_species_id': 2000}"
1200242922,VERY_LONG,,1,12463500,,"{'id': 82800, 'context': 0, 'modifiers': [{'type': 6, 'value': 65113}], 'pet_breed_id': 20, 'pet_level': 1, 'pet_quality_id': 3, 'pet_species_id': 1717}"
1200242925,VERY_LONG,,1,2338900,,"{'id': 82800, 'context': 0, 'modifiers': [{'type': 6, 'value': 81098}], 'pet_breed_id': 6, 'pet_level': 1, 'pet_quality_id': 3, 'pet_species_id': 2472}"
1200242928,VERY_LONG,,1,149950000,142452500,"{'id': 82800, 'context': 0, 'modifiers': [{'type': 6, 'value': 65672}], 'pet_breed_id': 8, 'pet_level': 1, 'pet_quality_id': 3, 'pet_species_id': 1760}"
1200242931,VERY_LONG,,1,59661500,56678400,"{'id': 82800, 'context': 0, 'modifiers': [{'type': 6, 'value': 58768}], 'pet_breed_id': 16, 'pet_level': 1, 'pet_quality_id': 3, 'pet_species_id': 1571}"
1200242934,VERY_LONG,,1,1893400,,"{'id': 82800, 'context': 0, 'modifiers': [{'type': 6, 'value': 73706}], 'pet_breed_id': 11, 'pet_level': 1, 'pet_quality_id': 3, 'pet_species_id': 1966}"
1200242937,VERY_LONG,,1,7610100,,"{'id': 82800, 'context': 0, 'modifiers': [{'type': 6, 'value': 59034}], 'pet_breed_id': 8, 'pet_level': 1, 'pet_quality_id': 2, 'pet_species_id': 1597}"
1200242942,VERY_LONG,,1,191445700,181873400,"{'id': 82800, 'context': 0, 'modifiers': [{'type': 6, 'value': 15470}], 'pet_breed_id': 8, 'pet_level': 1, 'pet_quality_id': 2, 'pet_species_id': 207}"
1200242944,VERY_LONG,,1,124841600,124048500,"{'id': 82800, 'context': 0, 'modifiers': [{'type': 6, 'value': 81099}], 'pet_breed_id': 7, 'pet_level': 1, 'pet_quality_id': 2, 'pet_species_id': 2427}"
1200242946,VERY_LONG,,1,365980000,347681000,"{'id': 82800, 'context': 0, 'modifiers': [{'type': 6, 'value': 18269}], 'pet_breed_id': 6, 'pet_level': 25, 'pet_quality_id': 3, 'pet_species_id': 132}"
1200242948,VERY_LONG,,1,4289800,4075300,"{'id': 82800, 'context': 0, 'modifiers': [{'type': 6, 'value': 20029}], 'pet_breed_id': 13, 'pet_level': 1, 'pet_quality_id': 2, 'pet_species_id': 145}"
1200242951,VERY_LONG,,1,23361000,,"{'id': 82800, 'context': 0, 'modifiers': [{'type': 6, 'value': 37949}], 'pet_breed_id': 18, 'pet_level': 1, 'pet_quality_id': 3, 'pet_species_id': 1927}"
1200242954,VERY_LONG,,1,26180300,24871300,"{'id': 82800, 'context': 0, 'modifiers': [{'type': 6, 'value': 72239}], 'pet_breed_id': 8, 'pet_level': 1, 'pet_quality_id': 3, 'pet_species_id': 1931}"
1200242957,VERY_LONG,,1,20011700,,"{'id': 82800, 'context': 0, 'modifiers': [{'type': 6, 'value': 44655}], 'pet_breed_id': 8, 'pet_level': 1, 'pet_quality_id': 3, 'pet_species_id': 650}"
1200242962,VERY_LONG,,1,275910000,262114500,"{'id': 82800, 'context': 0, 'modifiers': [{'type': 6, 'value': 87976}], 'pet_breed_id': 6, 'pet_level': 1, 'pet_quality_id': 3, 'pet_species_id': 2443}"
1200242967,VERY_LONG,,1,3892000,,"{'id': 82800, 'context': 0, 'modifiers': [{'type': 6, 'value': 46921}], 'pet_breed_id': 7, 'pet_level': 1, 'pet_quality_id': 3, 'pet_species_id': 1146}"
1200242970,VERY_LONG,,1,3799800,3609800,"{'id': 82800, 'context': 0, 'modifiers': [{'type': 6, 'value': 15992}], 'pet_breed_id': 5, 'pet_level': 1, 'pet_quality_id': 2, 'pet_species_id': 122}"
1200242976,VERY_LONG,,1,199989900,189990400,"{'id': 82800, 'context': 0, 'modifiers': [{'type': 6, 'value': 26846}], 'pet_breed_id': 18, 'pet_level': 1, 'pet_quality_id': 2, 'pet_species_id': 1999}"
1200242980,VERY_LONG,,1,59990000,56990500,"{'id': 82800, 'context': 0, 'modifiers': [{'type': 6, 'value': 46001}], 'pet_breed_id': 10, 'pet_level': 2, 'pet_quality_id': 3, 'pet_species_id': 330}"
1200242985,VERY_LONG,,1,15000800,,"{'id': 82800, 'context': 0, 'modifiers': [{'type': 6, 'value': 61891}], 'pet_breed_id': 12, 'pet_level': 1, 'pet_quality_id': 3, 'pet_species_id': 1626}"
1200242989,VERY_LONG,,1,20970000,19921500,"{'id': 82800, 'context': 0, 'modifiers': [{'type': 6, 'value': 90142}], 'pet_breed_id': 9, 'pet_level': 1, 'pet_quality_id': 3, 'pet_species_id': 2550}"
1200242993,VERY_LONG,,1,24247100,,"{'id': 82800, 'context': 0, 'modifiers': [{'type': 6, 'value': 58613}], 'pet_breed_id': 20, 'pet_level': 1, 'pet_quality_id': 3, 'pet_species_id': 1577}"
1200242997,VERY_LONG,,1,15149200,,"{'id': 82800, 'context': 0, 'modifiers': [{'type': 6, 'value': 66485}], 'pet_breed_id': 17, 'pet_level': 1, 'pet_quality_id': 3, 'pet_species_id': 1884}"
1200243000,VERY_LONG,,1,11746900,,"{'id': 82800, 'context': 0, 'modifiers': [{'type': 6, 'value': 28089}], 'pet_breed_id': 6, 'pet_level': 1, 'pet_quality_id': 2, 'pet_species_id': 190}"
1200243003,VERY_LONG,,1,255979700,243180700,"{'id': 82800, 'context': 0, 'modifiers': [{'type': 6, 'value': 97518}], 'pet_breed_id': 20, 'pet_level': 1, 'pet_quality_id': 2, 'pet_species_id': 2910}"
1200243007,VERY_LONG,,1,87735500,83348700,"{'id': 82800, 'context': 0, 'modifiers': [{'type': 6, 'value': 60876}], 'pet_breed_id': 18, 'pet_level': 1, 'pet_quality_id': 3, 'pet_species_id': 1574}"
1200244146,VERY_LONG,4600000,3,,,{'id': 141910}
1200244148,VERY_LONG,,1,5499600,,"{'id': 82800, 'context': 0, 'modifiers': [{'type': 6, 'value': 88036}], 'pet_breed_id': 6, 'pet_level': 1, 'pet_quality_id': 3, 'pet_species_id': 2458}"
1200244149,VERY_LONG,3236800,1,,,{'id': 8172}
1200244151,VERY_LONG,15000000,3,,,{'id': 40112}
1200244153,VERY_LONG,,1,2005400,,"{'id': 82800, 'context': 0, 'modifiers': [{'type': 6, 'value': 79797}], 'pet_breed_id': 4, 'pet_level': 1, 'pet_quality_id': 3, 'pet_species_id': 2119}"
1200244154,VERY_LONG,22622900,1,,,{'id': 38873}
1200244155,VERY_LONG,,1,600000,,"{'id': 82800, 'context': 0, 'modifiers': [{'type': 6, 'value': 88060}], 'pet_breed_id': 6, 'pet_level': 1, 'pet_quality_id': 3, 'pet_species_id': 2468}"
1200244158,VERY_LONG,8200000,3,,,{'id': 168427}
1200244160,VERY_LONG,6340400,13,,,{'id': 4461}
1200244162,VERY_LONG,4374400,119,,,{'id': 168506}
1200244163,VERY_LONG,5200000,3,,,{'id': 183738}
1200244164,VERY_LONG,,1,581629600,,"{'id': 164265, 'context': 11, 'modifiers': [{'type': 28, 'value': 644}]}"
1200244169,VERY_LONG,50188100,3,,,{'id': 52779}
1200244170,VERY_LONG,,1,14500000,,"{'id': 82800, 'context': 0, 'modifiers': [{'type': 6, 'value': 60016}], 'pet_breed_id': 20, 'pet_level': 1, 'pet_quality_id': 3, 'pet_species_id': 1541}"
1200244172,VERY_LONG,1800000,3,,,{'id': 153479}
1200244173,VERY_LONG,,1,3600000,,"{'id': 82800, 'context': 0, 'modifiers': [{'type': 6, 'value': 88038}], 'pet_breed_id': 9, 'pet_level': 1, 'pet_quality_id': 3, 'pet_species_id': 2463}"
1200244174,VERY_LONG,,1,72047900,,"{'id': 164466, 'context': 11}"
1200244175,VERY_LONG,,1,10400000,,"{'id': 184480, 'context': 0}"
1200244177,VERY_LONG,,1,10400000,,"{'id': 184480, 'context': 0}"
1200244179,VERY_LONG,,1,10400000,,"{'id': 184480, 'context': 0}"
1200244181,VERY_LONG,,1,10400000,,"{'id': 184480, 'context': 0}"
1200244183,VERY_LONG,,1,10400000,,"{'id': 184480, 'context': 0}"
1200244184,VERY_LONG,,1,10400000,,"{'id': 184480, 'context': 0}"
1200244186,VERY_LONG,,1,10400000,,"{'id': 184480, 'context': 0}"
1200244188,VERY_LONG,,1,10400000,,"{'id': 184480, 'context': 0}"
1200244191,VERY_LONG,,1,10400000,,"{'id': 184480, 'context': 0}"
1200244195,VERY_LONG,,1,10400000,,"{'id': 184480, 'context': 0}"
1200244197,VERY_LONG,,1,10400000,,"{'id': 184480, 'context': 0}"
1200244200,VERY_LONG,,1,10400000,,"{'id': 184480, 'context': 0}"
1200244202,VERY_LONG,,1,10400000,,"{'id': 184480, 'context': 0}"
1200244204,VERY_LONG,,1,10400000,,"{'id': 184480, 'context': 0}"
1200244207,VERY_LONG,,1,10400000,,"{'id': 184480, 'context': 0}"
1200244211,VERY_LONG,,1,10400000,,"{'id': 184480, 'context': 0}"
1200244213,VERY_LONG,,1,10400000,,"{'id': 184480, 'context': 0}"
1200244216,VERY_LONG,,1,10400000,,"{'id': 184480, 'context': 0}"
1200244225,VERY_LONG,,1,4500000,,"{'id': 14512, 'context': 1}"
1200244227,VERY_LONG,272100,5,,,{'id': 111601}
1200244229,VERY_LONG,76900,4,,,{'id': 8171}
1200244232,VERY_LONG,408200,368,,,{'id': 109123}
1200244237,VERY_LONG,,1,2599900,,"{'id': 82800, 'context': 0, 'modifiers': [{'type': 6, 'value': 78243}], 'pet_breed_id': 16, 'pet_level': 1, 'pet_quality_id': 3, 'pet_species_id': 2569}"
1200244239,VERY_LONG,919400,6,,,{'id': 4231}
1200244240,VERY_LONG,1116500,1,,,{'id': 63306}
1200244242,VERY_LONG,15000000,4,,,{'id': 32194}
1200244243,VERY_LONG,13355500,4,,,{'id': 175056}
1200244245,VERY_LONG,100000000,3,,,{'id': 74728}
1200244247,VERY_LONG,7100000,4,,,{'id': 128545}
1200244250,VERY_LONG,13398700,3,,,{'id': 128548}
1200244252,VERY_LONG,21200000,25,,,{'id': 172438}
1200244254,VERY_LONG,,1,1402900,,"{'id': 82800, 'context': 0, 'modifiers': [{'type': 6, 'value': 61549}], 'pet_breed_id': 6, 'pet_level': 1, 'pet_quality_id': 2, 'pet_species_id': 1537}"
1200244255,VERY_LONG,23350000,2,,,{'id': 38884}
1200244256,VERY_LONG,450000,94,,,{'id': 171268}
1200244258,VERY_LONG,4969100,2,,,{'id': 63305}
1200244260,VERY_LONG,150000,10,,,{'id': 109076}
1200244262,VERY_LONG,150000,192,,,{'id': 109076}
1200244263,VERY_LONG,734000,2,,,{'id': 63303}
1200244264,VERY_LONG,950000,3,,,{'id': 110619}
1200244265,VERY_LONG,368100,1,,,{'id': 63308}
1200244267,VERY_LONG,600000,6,,,{'id': 177716}
1200244269,VERY_LONG,1250000,2,,,{'id': 128559}
1200244271,VERY_LONG,,1,2300000,,"{'id': 173222, 'context': 0, 'bonus_lists': [6893], 'modifiers': [{'type': 9, 'value': 50}, {'type': 28, 'value': 391}, {'type': 29, 'value': 40}, {'type': 30, 'value': 49}]}"
1200244273,VERY_LONG,,1,2300000,,"{'id': 173222, 'context': 0, 'bonus_lists': [6893], 'modifiers': [{'type': 9, 'value': 50}, {'type': 28, 'value': 391}, {'type': 29, 'value': 49}, {'type': 30, 'value': 40}]}"
1200244274,VERY_LONG,,1,2300000,,"{'id': 173222, 'context': 0, 'bonus_lists': [6893], 'modifiers': [{'type': 9, 'value': 50}, {'type': 28, 'value': 391}, {'type': 29, 'value': 49}, {'type': 30, 'value': 32}]}"
1200244275,VERY_LONG,5200000,3,,,{'id': 172418}
1200244277,VERY_LONG,2500000,6,,,{'id': 168593}
1200244278,VERY_LONG,1900000,1,,,{'id': 159788}
1200244280,VERY_LONG,250400,2,,,{'id': 63307}
1200244282,VERY_LONG,,1,3200000,,"{'id': 116155, 'context': 14}"
1200244283,VERY_LONG,,1,3200000,,"{'id': 116155, 'context': 14}"
1200244285,VERY_LONG,,1,3200000,,"{'id': 116155, 'context': 14}"
1200244286,VERY_LONG,,1,17100000,,"{'id': 171444, 'context': 13, 'bonus_lists': [6893], 'modifiers': [{'type': 9, 'value': 50}, {'type': 28, 'value': 391}, {'type': 29, 'value': 36}, {'type': 30, 'value': 40}]}"
1200244287,VERY_LONG,,1,17100000,,"{'id': 171444, 'context': 13, 'bonus_lists': [6893], 'modifiers': [{'type': 9, 'value': 50}, {'type': 28, 'value': 391}, {'type': 29, 'value': 32}, {'type': 30, 'value': 36}]}"
1200244288,VERY_LONG,,1,17100000,,"{'id': 171444, 'context': 13, 'bonus_lists': [6893], 'modifiers': [{'type': 9, 'value': 50}, {'type': 28, 'value': 391}, {'type': 29, 'value': 40}, {'type': 30, 'value': 32}]}"
1200244289,VERY_LONG,,1,102028200,,"{'id': 164465, 'context': 11}"
1200244290,VERY_LONG,450000,3,,,{'id': 112093}
1200244292,VERY_LONG,6673400,8,,,{'id': 175052}
1200244364,VERY_LONG,,1,1110000,,"{'id': 171379, 'context': 13, 'bonus_lists': [6890], 'modifiers': [{'type': 9, 'value': 60}, {'type': 28, 'value': 391}, {'type': 29, 'value': 32}, {'type': 30, 'value': 49}]}"
1200244366,VERY_LONG,,1,1110000,,"{'id': 171379, 'context': 13, 'bonus_lists': [6890], 'modifiers': [{'type': 9, 'value': 60}, {'type': 28, 'value': 391}, {'type': 29, 'value': 40}, {'type': 30, 'value': 36}]}"
1200244367,VERY_LONG,,1,1110000,,"{'id': 171379, 'context': 13, 'bonus_lists': [6890], 'modifiers': [{'type': 9, 'value': 60}, {'type': 28, 'value': 391}, {'type': 29, 'value': 49}, {'type': 30, 'value': 40}]}"
1200244371,VERY_LONG,,1,573700,,"{'id': 176984, 'context': 0, 'bonus_lists': [6907, 6652, 1677], 'modifiers': [{'type': 9, 'value': 60}, {'type': 28, 'value': 1707}]}"
1200244376,VERY_LONG,,1,1794000,,"{'id': 178943, 'context': 0, 'bonus_lists': [6908, 6652, 1694], 'modifiers': [{'type': 9, 'value': 60}, {'type': 28, 'value': 1707}]}"
1200244382,VERY_LONG,5000,2,,,{'id': 152503}
1200244388,VERY_LONG,,1,500000,,"{'id': 178951, 'context': 0, 'bonus_lists': [6908, 6652, 1681], 'modifiers': [{'type': 9, 'value': 60}, {'type': 28, 'value': 1707}]}"
1200244399,VERY_LONG,,1,5000000,,"{'id': 176979, 'context': 0, 'bonus_lists': [6907, 6652, 1679], 'modifiers': [{'type': 9, 'value': 60}, {'type': 28, 'value': 1707}]}"
1200244404,VERY_LONG,219900,1,,,{'id': 171267}
1200244413,VERY_LONG,19000,2,,,{'id': 173192}
1200244430,VERY_LONG,280000,6,,,{'id': 171438}
1200244793,LONG,560000,607,,,{'id': 173034}
1200244826,LONG,999100,2,,,{'id': 177715}
1200244846,LONG,5120000,2,,,{'id': 177962}
1200244862,LONG,8999900,1,,,{'id': 172367}
1200244945,LONG,219900,7,,,{'id': 173037}
1200244973,LONG,8220000,1,,,{'id': 172370}
1200246216,VERY_LONG,90000,6000,,,{'id': 169701}
1200246238,LONG,,1,34424700,,"{'id': 172263, 'context': 13, 'bonus_lists': [6893], 'modifiers': [{'type': 9, 'value': 55}, {'type': 28, 'value': 391}, {'type': 29, 'value': 40}, {'type': 30, 'value': 49}]}"
1200246240,LONG,,1,34424700,,"{'id': 172263, 'context': 13, 'bonus_lists': [6893], 'modifiers': [{'type': 9, 'value': 55}, {'type': 28, 'value': 391}, {'type': 29, 'value': 32}, {'type': 30, 'value': 36}]}"
1200246243,LONG,,1,4326900,,"{'id': 172247, 'context': 13, 'bonus_lists': [6890], 'modifiers': [{'type': 9, 'value': 55}, {'type': 28, 'value': 391}, {'type': 29, 'value': 40}, {'type': 30, 'value': 32}]}"
1200246246,LONG,,1,4326900,,"{'id': 172247, 'context': 13, 'bonus_lists': [6890], 'modifiers': [{'type': 9, 'value': 55}, {'type': 28, 'value': 391}, {'type': 29, 'value': 36}, {'type': 30, 'value': 32}]}"
1200246249,LONG,,1,3783100,,"{'id': 172240, 'context': 13, 'bonus_lists': [6885], 'modifiers': [{'type': 9, 'value': 55}, {'type': 28, 'value': 391}, {'type': 29, 'value': 49}, {'type': 30, 'value': 40}]}"
1200246252,LONG,,1,3783100,,"{'id': 172240, 'context': 13, 'bonus_lists': [6885], 'modifiers': [{'type': 9, 'value': 55}, {'type': 28, 'value': 391}, {'type': 29, 'value': 32}, {'type': 30, 'value': 49}]}"
1200246257,LONG,,1,3086300,,"{'id': 171376, 'context': 13, 'bonus_lists': [6887], 'modifiers': [{'type': 9, 'value': 60}, {'type': 28, 'value': 391}, {'type': 29, 'value': 36}, {'type': 30, 'value': 49}]}"
1200246261,LONG,,1,3086300,,"{'id': 171376, 'context': 13, 'bonus_lists': [6887], 'modifiers': [{'type': 9, 'value': 60}, {'type': 28, 'value': 391}, {'type': 29, 'value': 49}, {'type': 30, 'value': 36}]}"
1200246264,LONG,,1,3086300,,"{'id': 171376, 'context': 13, 'bonus_lists': [6887], 'modifiers': [{'type': 9, 'value': 60}, {'type': 28, 'value': 391}, {'type': 29, 'value': 32}, {'type': 30, 'value': 40}]}"
1200246266,LONG,,1,3043000,,"{'id': 172236, 'context': 13, 'bonus_lists': [6887], 'modifiers': [{'type': 9, 'value': 55}, {'type': 28, 'value': 391}, {'type': 29, 'value': 40}, {'type': 30, 'value': 32}]}"
1200246270,LONG,,1,6033600,,"{'id': 172238, 'context': 13, 'bonus_lists': [6885], 'modifiers': [{'type': 9, 'value': 55}, {'type': 28, 'value': 391}, {'type': 29, 'value': 49}, {'type': 30, 'value': 40}]}"
1200246308,LONG,,1,350000000,,"{'id': 178926, 'context': 63, 'bonus_lists': [6716, 7194, 1487]}"
1200246341,LONG,,1,1340200,,"{'id': 173146, 'context': 13, 'modifiers': [{'type': 29, 'value': 32}]}"
1200246358,LONG,,1,2139800,,"{'id': 173133, 'context': 13, 'modifiers': [{'type': 29, 'value': 32}]}"
1200246665,VERY_LONG,5017600,4,,,{'id': 177962}
1200246677,VERY_LONG,979200,2,,,{'id': 177715}
1200246684,VERY_LONG,1470000,2,,,{'id': 177659}
1200246895,VERY_LONG,260000,8003,,,{'id': 168586}
1200249817,VERY_LONG,,1,600000,,"{'id': 82800, 'context': 0, 'modifiers': [{'type': 6, 'value': 95171}], 'pet_breed_id': 4, 'pet_level': 1, 'pet_quality_id': 3, 'pet_species_id': 2842}"
1200249832,VERY_LONG,,1,12500000,,"{'id': 172255, 'context': 13, 'bonus_lists': [6893], 'modifiers': [{'type': 9, 'value': 50}, {'type': 28, 'value': 391}, {'type': 29, 'value': 36}, {'type': 30, 'value': 32}]}"
1200249834,VERY_LONG,,1,12500000,,"{'id': 172255, 'context': 13, 'bonus_lists': [6893], 'modifiers': [{'type': 9, 'value': 50}, {'type': 28, 'value': 391}, {'type': 29, 'value': 49}, {'type': 30, 'value': 32}]}"
1200249835,VERY_LONG,,1,12500000,,"{'id': 172255, 'context': 13, 'bonus_lists': [6893], 'modifiers': [{'type': 9, 'value': 50}, {'type': 28, 'value': 391}, {'type': 29, 'value': 32}, {'type': 30, 'value': 36}]}"
1200249837,VERY_LONG,52100,2,,,{'id': 152503}
1200249839,VERY_LONG,,1,117452900,,"{'id': 164415, 'context': 11}"
1200249843,VERY_LONG,,1,5000000,,"{'id': 82800, 'context': 0, 'modifiers': [{'type': 6, 'value': 36743}], 'pet_breed_id': 8, 'pet_level': 1, 'pet_quality_id': 3, 'pet_species_id': 2568}"
1200249845,VERY_LONG,,1,3978800,,"{'id': 82800, 'context': 0, 'modifiers': [{'type': 6, 'value': 61548}], 'pet_breed_id': 5, 'pet_level': 1, 'pet_quality_id': 2, 'pet_species_id': 1538}"
1200249857,VERY_LONG,,1,3978800,,"{'id': 82800, 'context': 0, 'modifiers': [{'type': 6, 'value': 61548}], 'pet_breed_id': 5, 'pet_level': 1, 'pet_quality_id': 2, 'pet_species_id': 1538}"
1200249860,VERY_LONG,15000000,3,,,{'id': 40113}
1200249862,VERY_LONG,,1,50000,,"{'id': 127856, 'context': 1}"
1200249864,VERY_LONG,,1,50000,,"{'id': 127856, 'context': 1}"
1200249866,VERY_LONG,150000,60,,,{'id': 172051}
1200249868,VERY_LONG,,1,135000000,,"{'id': 82800, 'context': 0, 'modifiers': [{'type': 6, 'value': 58169}], 'pet_breed_id': 18, 'pet_level': 1, 'pet_quality_id': 3, 'pet_species_id': 1521}"
1200249870,VERY_LONG,,1,82652600,,"{'id': 164425, 'context': 11, 'modifiers': [{'type': 28, 'value': 644}]}"
1200249875,VERY_LONG,300000,1,,,{'id': 173124}
1200249881,VERY_LONG,,1,2840000,,"{'id': 154695, 'context': 0}"
1200249883,VERY_LONG,,1,2840000,,"{'id': 154695, 'context': 0}"
1200249887,VERY_LONG,,1,2840000,,"{'id': 154695, 'context': 0}"
1200249888,VERY_LONG,,1,2840000,,"{'id': 154695, 'context': 0}"
1200249889,VERY_LONG,,1,2840000,,"{'id': 154695, 'context': 0}"
1200249890,VERY_LONG,,1,2840000,,"{'id': 154695, 'context': 0}"
1200249891,VERY_LONG,,1,2840000,,"{'id': 154695, 'context': 0}"
1200249892,VERY_LONG,,1,2840000,,"{'id': 154695, 'context': 0}"
1200249893,VERY_LONG,,1,2840000,,"{'id': 154695, 'context': 0}"
1200249894,VERY_LONG,67000,1,,,{'id': 152550}
1200249896,VERY_LONG,600000,10,,,{'id': 177660}
1200249897,VERY_LONG,15000000,4,,,{'id': 32196}
1200249900,VERY_LONG,,1,99990000,,"{'id': 1405, 'context': 0, 'bonus_lists': [3637, 5739], 'modifiers': [{'type': 9, 'value': 25}]}"
1200249902,VERY_LONG,,1,1402900,,"{'id': 82800, 'context': 0, 'modifiers': [{'type': 6, 'value': 61549}], 'pet_breed_id': 6, 'pet_level': 1, 'pet_quality_id': 2, 'pet_species_id': 1537}"
1200249903,VERY_LONG,,1,1402900,,"{'id': 82800, 'context': 0, 'modifiers': [{'type': 6, 'value': 61549}], 'pet_breed_id': 6, 'pet_level': 1, 'pet_quality_id': 2, 'pet_species_id': 1537}"
1200249909,VERY_LONG,,1,151797000,,"{'id': 164484, 'context': 0}"
1200249910,VERY_LONG,2800000,3,,,{'id': 168592}
1200249917,VERY_LONG,,1,236000000,,"{'id': 82800, 'context': 0, 'modifiers': [{'type': 6, 'value': 75353}], 'pet_breed_id': 7, 'pet_level': 1, 'pet_quality_id': 2, 'pet_species_id': 2410}"
1200249919,VERY_LONG,,1,90403300,,"{'id': 164488, 'context': 0}"
1200249923,VERY_LONG,,1,9589900,,"{'id': 82800, 'context': 0, 'modifiers': [{'type': 6, 'value': 75371}], 'pet_breed_id': 22, 'pet_level': 1, 'pet_quality_id': 2, 'pet_species_id': 2684}"
1200249925,VERY_LONG,,1,9589900,,"{'id': 82800, 'context': 0, 'modifiers': [{'type': 6, 'value': 75369}], 'pet_breed_id': 17, 'pet_level': 1, 'pet_quality_id': 2, 'pet_species_id': 2684}"
1200249926,VERY_LONG,,1,196000000,,"{'id': 82800, 'context': 0, 'modifiers': [{'type': 6, 'value': 80414}], 'pet_breed_id': 3, 'pet_level': 1, 'pet_quality_id': 2, 'pet_species_id': 2409}"
1200249927,VERY_LONG,1800000,3,,,{'id': 153480}
1200249928,VERY_LONG,15000000,3,,,{'id': 40112}
1200249930,VERY_LONG,2969700,3,,,{'id': 158377}
1200249938,VERY_LONG,,1,2599900,,"{'id': 82800, 'context': 0, 'modifiers': [{'type': 6, 'value': 78243}], 'pet_breed_id': 16, 'pet_level': 1, 'pet_quality_id': 3, 'pet_species_id': 2569}"
1200249940,VERY_LONG,1900000,7,,,{'id': 159787}
1200249941,VERY_LONG,500000,2,,,{'id': 172413}
1200249943,VERY_LONG,4100000,7,,,{'id': 168596}
1200249950,VERY_LONG,,1,206000000,,"{'id': 82800, 'context': 0, 'modifiers': [{'type': 6, 'value': 80029}], 'pet_breed_id': 5, 'pet_level': 1, 'pet_quality_id': 2, 'pet_species_id': 2426}"
1200249955,VERY_LONG,,1,17000000,,"{'id': 171448, 'context': 13, 'bonus_lists': [6893], 'modifiers': [{'type': 9, 'value': 50}, {'type': 28, 'value': 391}, {'type': 29, 'value': 49}, {'type': 30, 'value': 32}]}"
1200249958,VERY_LONG,9863200,38,,,{'id': 168653}
1200250014,LONG,8600,2,,,{'id': 163082}
1200250018,LONG,10000,1,,,{'id': 127834}
1200250021,VERY_LONG,,1,665252300,,"{'id': 172318, 'context': 66, 'bonus_lists': [6758, 1532]}"
1200250023,LONG,25000,12,,,{'id': 152494}
1200250033,LONG,45000,3,,,{'id': 152550}
1200250050,LONG,265200,9,,,{'id': 152557}
1200250083,LONG,6500,1,,,{'id': 152495}
1200251109,LONG,18400,6,,,{'id': 159959}
1200251212,LONG,7600,2,,,{'id': 153051}
1200251237,LONG,1900,1,,,{'id': 154165}
1200251246,LONG,300,2,,,{'id': 154722}
1200251262,LONG,34800,44,,,{'id': 152579}
1200251272,LONG,17500,1,,,{'id': 152513}
1200251283,LONG,4700,16,,,{'id': 154897}
1200251295,LONG,5000,6,,,{'id': 154898}
1200251303,VERY_LONG,,1,3600000,,"{'id': 173217, 'context': 0, 'bonus_lists': [6893], 'modifiers': [{'type': 9, 'value': 50}, {'type': 28, 'value': 391}, {'type': 29, 'value': 40}, {'type': 30, 'value': 49}]}"
1200251304,VERY_LONG,,1,3600000,,"{'id': 173217, 'context': 0, 'bonus_lists': [6893], 'modifiers': [{'type': 9, 'value': 50}, {'type': 28, 'value': 391}, {'type': 29, 'value': 32}, {'type': 30, 'value': 40}]}"
1200251311,VERY_LONG,,1,6661100,,"{'id': 128610, 'context': 0}"
1200251316,VERY_LONG,,1,600000,,"{'id': 82800, 'context': 0, 'modifiers': [{'type': 6, 'value': 95171}], 'pet_breed_id': 4, 'pet_level': 1, 'pet_quality_id': 3, 'pet_species_id': 2842}"
1200251317,VERY_LONG,,1,600000,,"{'id': 82800, 'context': 0, 'modifiers': [{'type': 6, 'value': 95171}], 'pet_breed_id': 4, 'pet_level': 1, 'pet_quality_id': 3, 'pet_species_id': 2842}"
1200251332,VERY_LONG,5200000,3,,,{'id': 172419}
1200251334,VERY_LONG,,1,1519200,,"{'id': 173147, 'context': 13, 'modifiers': [{'type': 29, 'value': 36}]}"
1200251346,VERY_LONG,,1,748962300,,"{'id': 82800, 'context': 0, 'modifiers': [{'type': 6, 'value': 92904}], 'pet_breed_id': 7, 'pet_level': 1, 'pet_quality_id': 3, 'pet_species_id': 2848}"
1200251350,VERY_LONG,1000000,7,,,{'id': 172359}
1200251353,VERY_LONG,,1,246000000,,"{'id': 82800, 'context': 0, 'modifiers': [{'type': 6, 'value': 69092}], 'pet_breed_id': 12, 'pet_level': 1, 'pet_quality_id': 2, 'pet_species_id': 2408}"
1200251357,VERY_LONG,1900000,9,,,{'id': 159788}
1200251363,VERY_LONG,15000000,2,,,{'id': 32194}
1200251367,VERY_LONG,,1,12200000,,"{'id': 172258, 'context': 13, 'bonus_lists': [6893], 'modifiers': [{'type': 9, 'value': 50}, {'type': 28, 'value': 391}, {'type': 29, 'value': 40}, {'type': 30, 'value': 32}]}"
1200251369,VERY_LONG,,1,12200000,,"{'id': 172258, 'context': 13, 'bonus_lists': [6893], 'modifiers': [{'type': 9, 'value': 50}, {'type': 28, 'value': 391}, {'type': 29, 'value': 49}, {'type': 30, 'value': 36}]}"
1200251370,VERY_LONG,363700,1,,,{'id': 111676}
1200251374,VERY_LONG,7100000,3,,,{'id': 168419}
1200251380,VERY_LONG,500000,99,,,{'id': 172062}
1200251382,VERY_LONG,,1,3300000,,"{'id': 172264, 'context': 13, 'bonus_lists': [6893], 'modifiers': [{'type': 9, 'value': 50}, {'type': 28, 'value': 391}, {'type': 29, 'value': 49}, {'type': 30, 'value': 36}]}"
1200251383,VERY_LONG,,1,3300000,,"{'id': 172264, 'context': 13, 'bonus_lists': [6893], 'modifiers': [{'type': 9, 'value': 50}, {'type': 28, 'value': 391}, {'type': 29, 'value': 40}, {'type': 30, 'value': 36}]}"
1200251398,LONG,240000,1,,,{'id': 30183}
1200251403,VERY_LONG,150000,10,,,{'id': 109076}
1200251404,VERY_LONG,150000,416,,,{'id': 172051}
1200251405,VERY_LONG,,1,169987600,,"{'id': 128534, 'context': 13}"
1200251415,VERY_LONG,956600,65,,,{'id': 15412}
1200251419,VERY_LONG,,1,3400000,,"{'id': 173221, 'context': 0, 'bonus_lists': [6893], 'modifiers': [{'type': 9, 'value': 50}, {'type': 28, 'value': 391}, {'type': 29, 'value': 40}, {'type': 30, 'value': 36}]}"
1200251420,LONG,10000,8,,,{'id': 160298}
1200251423,VERY_LONG,,1,122260500,,"{'id': 164480, 'context': 0}"
1200251439,LONG,53900,20,,,{'id': 171370}
1200251480,LONG,2239700,1,,,{'id': 171266}
1200251510,LONG,1299500,14,,,{'id': 171290}
1200251578,VERY_LONG,8999900,3,,,{'id': 172367}
1200251589,LONG,29000,15,,,{'id': 152547}
1200251722,LONG,27500,3,,,{'id': 153701}
1200251734,LONG,30000,1,,,{'id': 153703}
1200251742,LONG,45400,2,,,{'id': 153704}
1200251754,LONG,11100,45,,,{'id': 152576}
1200251772,LONG,71000,11,,,{'id': 152577}
1200251787,LONG,9900,3,,,{'id': 158378}
1200251809,LONG,10000,141,,,{'id': 152505}
1200251816,LONG,2900,10,,,{'id': 152506}
1200251822,LONG,35000,13,,,{'id': 152507}
1200251825,VERY_LONG,392300,8989,,,{'id': 168589}
1200251827,LONG,13900,28,,,{'id': 152508}
1200251835,LONG,5500,5,,,{'id': 152509}
1200251836,VERY_LONG,90000,8088,,,{'id': 169701}
1200251846,LONG,3000,6,,,{'id': 152511}
1200251881,LONG,200000,12,,,{'id': 152510}
1200251889,LONG,295000,6,,,{'id': 171301}
1200254413,LONG,,1,59109200,,"{'id': 6521, 'context': 1, 'modifiers': [{'type': 28, 'value': 202}]}"
1200254414,LONG,,1,5959300,,"{'id': 6551, 'context': 1, 'bonus_lists': [6654, 1680], 'modifiers': [{'type': 9, 'value': 30}, {'type': 28, 'value': 8}]}"
1200254416,LONG,,1,4319200,,"{'id': 5071, 'context': 1, 'bonus_lists': [6655], 'modifiers': [{'type': 9, 'value': 30}, {'type': 28, 'value': 202}]}"
1200254418,LONG,,1,4319200,,"{'id': 5071, 'context': 28, 'bonus_lists': [3860], 'modifiers': [{'type': 9, 'value': 11}]}"
1200254420,LONG,,1,2747400,,"{'id': 6267, 'context': 1, 'bonus_lists': [6654, 1678], 'modifiers': [{'type': 9, 'value': 30}, {'type': 28, 'value': 202}]}"
1200254421,LONG,,1,2747400,,"{'id': 6267, 'context': 1, 'bonus_lists': [6654, 1695], 'modifiers': [{'type': 9, 'value': 30}, {'type': 28, 'value': 202}]}"
1200254423,LONG,,1,40712500,,"{'id': 176769, 'context': 0, 'bonus_lists': [6907, 6652, 1702], 'modifiers': [{'type': 9, 'value': 56}, {'type': 28, 'value': 1707}]}"
1200254426,LONG,,1,9763300,,"{'id': 176803, 'context': 0, 'bonus_lists': [6908, 6652, 1682], 'modifiers': [{'type': 9, 'value': 56}, {'type': 28, 'value': 1707}]}"
1200254427,LONG,,1,506752200,,"{'id': 175559, 'context': 0, 'bonus_lists': [6907, 1708], 'modifiers': [{'type': 9, 'value': 52}, {'type': 28, 'value': 1707}]}"
1200254428,LONG,,1,417486700,,"{'id': 175559, 'context': 0, 'bonus_lists': [6907, 1681], 'modifiers': [{'type': 9, 'value': 52}, {'type': 28, 'value': 1707}]}"
1200254429,LONG,,1,592758900,,"{'id': 176781, 'context': 0, 'bonus_lists': [6907, 6652, 1684], 'modifiers': [{'type': 9, 'value': 51}, {'type': 28, 'value': 1318}]}"
1200254430,LONG,,1,18892600,,"{'id': 10075, 'context': 1, 'bonus_lists': [6654, 1680], 'modifiers': [{'type': 9, 'value': 30}, {'type': 28, 'value': 214}]}"
1200254437,LONG,,1,7372400,,"{'id': 4570, 'context': 1, 'bonus_lists': [6655, 1707], 'modifiers': [{'type': 9, 'value': 30}, {'type': 28, 'value': 202}]}"
1200254440,LONG,,1,6797100,,"{'id': 4570, 'context': 1, 'bonus_lists': [6655, 1680], 'modifiers': [{'type': 9, 'value': 30}, {'type': 28, 'value': 202}]}"
1200254451,LONG,,1,10881600,,"{'id': 3192, 'context': 1, 'bonus_lists': [6655, 1691], 'modifiers': [{'type': 9, 'value': 30}, {'type': 28, 'value': 202}]}"
1200254452,LONG,,1,30748900,,"{'id': 69803, 'context': 2, 'bonus_lists': [4236], 'modifiers': [{'type': 9, 'value': 50}]}"
1200254456,LONG,,1,2601041600,,"{'id': 159577, 'context': 0, 'bonus_lists': [6655, 1693], 'modifiers': [{'type': 9, 'value': 44}, {'type': 28, 'value': 1224}]}"
1200254460,LONG,,1,48288600,,"{'id': 176787, 'context': 0, 'bonus_lists': [6907, 6652, 7194, 1701], 'modifiers': [{'type': 9, 'value': 56}, {'type': 28, 'value': 1707}]}"
1200254462,LONG,,1,6657200,,"{'id': 9747, 'context': 1, 'bonus_lists': [6654, 1678], 'modifiers': [{'type': 9, 'value': 30}, {'type': 28, 'value': 202}]}"
1200254463,LONG,,1,6789900,,"{'id': 8180, 'context': 1, 'bonus_lists': [6655], 'modifiers': [{'type': 9, 'value': 30}, {'type': 28, 'value': 202}]}"
1200254466,LONG,,1,6789900,,"{'id': 8180, 'context': 1, 'bonus_lists': [6655], 'modifiers': [{'type': 9, 'value': 30}, {'type': 28, 'value': 202}]}"
1200254469,LONG,,1,250683700,,"{'id': 55319, 'context': 36, 'bonus_lists': [1706, 4314], 'modifiers': [{'type': 9, 'value': 50}]}"
1200254472,LONG,,1,465081500,,"{'id': 9744, 'context': 1, 'modifiers': [{'type': 28, 'value': 202}]}"
1200254474,LONG,,1,9506600,,"{'id': 55692, 'context': 5, 'bonus_lists': [6654, 1698], 'modifiers': [{'type': 9, 'value': 35}, {'type': 28, 'value': 1029}]}"
1200254476,LONG,,1,13423300,,"{'id': 2980, 'context': 1, 'bonus_lists': [6654], 'modifiers': [{'type': 9, 'value': 30}, {'type': 28, 'value': 202}]}"
1200254479,LONG,6200,3,,,{'id': 168650}
1200254481,LONG,,1,2009800,,"{'id': 25068, 'context': 0, 'bonus_lists': [6654, 1709], 'modifiers': [{'type': 9, 'value': 30}, {'type': 28, 'value': 1015}]}"
1200254483,LONG,,1,54286700,,"{'id': 55287, 'context': 5, 'bonus_lists': [6655, 1684], 'modifiers': [{'type': 9, 'value': 35}, {'type': 28, 'value': 1029}]}"
1200254484,LONG,,1,21791600,,"{'id': 116638, 'context': 5, 'bonus_lists': [6655, 105], 'modifiers': [{'type': 9, 'value': 40}, {'type': 28, 'value': 2016}]}"
1200254486,LONG,,1,21791600,,"{'id': 116638, 'context': 5, 'bonus_lists': [6655, 107], 'modifiers': [{'type': 9, 'value': 40}, {'type': 28, 'value': 2016}]}"
1200254491,LONG,,1,6296300,,"{'id': 177771, 'context': 0, 'bonus_lists': [6907, 6652, 1705], 'modifiers': [{'type': 9, 'value': 60}, {'type': 28, 'value': 1428}]}"
1200254493,LONG,,1,62528900,,"{'id': 4068, 'context': 1, 'bonus_lists': [6655], 'modifiers': [{'type': 9, 'value': 30}, {'type': 28, 'value': 214}]}"
1200254495,LONG,,1,217393800,,"{'id': 6518, 'context': 1, 'modifiers': [{'type': 28, 'value': 202}]}"
1200254498,LONG,,1,5284300,,"{'id': 2406, 'context': 1, 'modifiers': [{'type': 28, 'value': 8}]}"
1200254502,LONG,,1,13852000,,"{'id': 7527, 'context': 1, 'bonus_lists': [6654, 1677], 'modifiers': [{'type': 9, 'value': 30}, {'type': 28, 'value': 214}]}"
1200254504,LONG,,1,166037900,,"{'id': 116511, 'context': 29, 'bonus_lists': [3876, 53], 'modifiers': [{'type': 9, 'value': 50}]}"
1200254522,LONG,,1,13345200,,"{'id': 179323, 'context': 17, 'bonus_lists': [6908, 6652, 1716], 'modifiers': [{'type': 9, 'value': 56}, {'type': 28, 'value': 747}]}"
1200254527,LONG,2749800,1,,,{'id': 52762}
1200254534,LONG,,1,7188700,,"{'id': 4564, 'context': 1, 'bonus_lists': [6655, 1693], 'modifiers': [{'type': 9, 'value': 30}, {'type': 28, 'value': 202}]}"
1200254540,LONG,,1,122403100,,"{'id': 2961, 'context': 1, 'bonus_lists': [6654], 'modifiers': [{'type': 9, 'value': 30}, {'type': 28, 'value': 202}]}"
1200254548,LONG,,1,1581572300,,"{'id': 159572, 'context': 0, 'bonus_lists': [4796, 1704], 'modifiers': [{'type': 9, 'value': 50}]}"
1200254552,LONG,,1,56279400,,"{'id': 159188, 'context': 0, 'bonus_lists': [6654, 1716], 'modifiers': [{'type': 9, 'value': 33}, {'type': 28, 'value': 1227}]}"
1200254557,LONG,,1,68213500,,"{'id': 2966, 'context': 1, 'bonus_lists': [6654], 'modifiers': [{'type': 9, 'value': 30}, {'type': 28, 'value': 202}]}"
1200254563,LONG,,1,5145400,,"{'id': 9788, 'context': 1, 'bonus_lists': [6654, 1678], 'modifiers': [{'type': 9, 'value': 30}, {'type': 28, 'value': 8}]}"
1200254566,LONG,,1,2275534800,,"{'id': 159803, 'context': 0, 'bonus_lists': [6655, 4802, 1684], 'modifiers': [{'type': 9, 'value': 32}, {'type': 28, 'value': 1222}]}"
1200254570,LONG,,1,2357093700,,"{'id': 4678, 'context': 1, 'modifiers': [{'type': 28, 'value': 202}]}"
1200254574,LONG,,1,1870700,,"{'id': 3040, 'context': 1, 'bonus_lists': [6655], 'modifiers': [{'type': 9, 'value': 30}, {'type': 28, 'value': 8}]}"
1200254577,LONG,,1,1870700,,"{'id': 3040, 'context': 1, 'bonus_lists': [6655], 'modifiers': [{'type': 9, 'value': 30}, {'type': 28, 'value': 8}]}"
1200254579,LONG,,1,9459800,,"{'id': 4569, 'context': 1, 'modifiers': [{'type': 28, 'value': 202}]}"
1200254584,LONG,,1,71810400,,"{'id': 106662, 'context': 29, 'bonus_lists': [3854, 89], 'modifiers': [{'type': 9, 'value': 50}]}"
1200254586,LONG,,1,55839600,,"{'id': 7354, 'context': 1, 'bonus_lists': [1680]}"
1200254587,LONG,,1,164073600,,"{'id': 159540, 'context': 0, 'bonus_lists': [6655, 1699], 'modifiers': [{'type': 9, 'value': 37}, {'type': 28, 'value': 187}]}"
1200254588,LONG,2249600,3,,,{'id': 1080}
1200254589,LONG,323000,6,,,{'id': 108332}
1200254590,LONG,,1,8500000,,"{'id': 165747, 'context': 11}"
1200254591,LONG,187709300,5,,,{'id': 108344}
1200254592,LONG,31900,1,,,{'id': 109131}
1200254593,LONG,,1,11037100,,"{'id': 177804, 'context': 17, 'bonus_lists': [6908, 6652, 1677], 'modifiers': [{'type': 9, 'value': 56}, {'type': 28, 'value': 747}]}"
1200254596,LONG,,1,4677600,,"{'id': 15282, 'context': 1, 'bonus_lists': [6655, 1709], 'modifiers': [{'type': 9, 'value': 30}, {'type': 28, 'value': 203}]}"
1200254599,LONG,,1,92686800,,"{'id': 36134, 'context': 36, 'bonus_lists': [1678, 3851], 'modifiers': [{'type': 9, 'value': 50}]}"
1200254600,LONG,,1,107168900,,"{'id': 9874, 'context': 1, 'bonus_lists': [6654, 1705], 'modifiers': [{'type': 9, 'value': 30}, {'type': 28, 'value': 214}]}"
1200254603,LONG,,1,770900,,"{'id': 727, 'context': 1, 'modifiers': [{'type': 28, 'value': 202}]}"
1200254605,LONG,,1,770900,,"{'id': 727, 'context': 1, 'modifiers': [{'type': 28, 'value': 202}]}"
1200254607,LONG,3500,9,,,{'id': 152542}
1200254610,LONG,,1,173608300,,"{'id': 55789, 'context': 1, 'bonus_lists': [4142], 'modifiers': [{'type': 9, 'value': 35}]}"
1200254611,LONG,,1,173608300,,"{'id': 55789, 'context': 1, 'bonus_lists': [4142], 'modifiers': [{'type': 9, 'value': 35}]}"
1200254612,LONG,,1,3623600,,"{'id': 6547, 'context': 1, 'bonus_lists': [6654, 1677], 'modifiers': [{'type': 9, 'value': 30}, {'type': 28, 'value': 8}]}"
1200254614,LONG,,1,21123800,,"{'id': 176779, 'context': 0, 'bonus_lists': [6907, 6652, 1686], 'modifiers': [{'type': 9, 'value': 60}, {'type': 28, 'value': 1707}]}"
1200254618,LONG,,1,12335800,,"{'id': 2973, 'context': 1, 'bonus_lists': [6654], 'modifiers': [{'type': 9, 'value': 30}, {'type': 28, 'value': 202}]}"
1200254620,LONG,7600,19,,,{'id': 153051}
1200254623,LONG,,1,10658833000,,"{'id': 159229, 'context': 0, 'bonus_lists': [6654, 41, 1689], 'modifiers': [{'type': 9, 'value': 23}, {'type': 28, 'value': 1220}]}"
1200254627,LONG,,1,166679300,,"{'id': 106567, 'context': 29, 'bonus_lists': [3854, 49], 'modifiers': [{'type': 9, 'value': 50}]}"
1200254632,LONG,,1,34174600,,"{'id': 176800, 'context': 0, 'bonus_lists': [6908, 6652, 1692], 'modifiers': [{'type': 9, 'value': 53}, {'type': 28, 'value': 745}]}"
1200254636,LONG,5000,86,,,{'id': 154898}
1200254640,LONG,,1,1750000,,"{'id': 2974, 'context': 1, 'bonus_lists': [6654], 'modifiers': [{'type': 9, 'value': 30}, {'type': 28, 'value': 8}]}"
1200254644,LONG,,1,25764700,,"{'id': 178944, 'context': 0, 'bonus_lists': [6908, 6652, 1682], 'modifiers': [{'type': 9, 'value': 54}, {'type': 28, 'value': 1334}]}"
1200254744,VERY_LONG,,1,5493600,,"{'id': 36689, 'context': 1, 'bonus_lists': [6655, 1705], 'modifiers': [{'type': 9, 'value': 30}, {'type': 28, 'value': 237}]}"
1200254752,VERY_LONG,,1,29326400,,"{'id': 36637, 'context': 3, 'bonus_lists': [6655, 1708], 'modifiers': [{'type': 9, 'value': 30}, {'type': 28, 'value': 1020}]}"
1200254757,VERY_LONG,,1,12519600,,"{'id': 36590, 'context': 1, 'bonus_lists': [6655, 1694], 'modifiers': [{'type': 9, 'value': 30}, {'type': 28, 'value': 237}]}"
1200254760,VERY_LONG,,1,7115700,,"{'id': 36584, 'context': 3, 'bonus_lists': [6655, 1692], 'modifiers': [{'type': 9, 'value': 30}, {'type': 28, 'value': 1020}]}"
1200254775,VERY_LONG,,1,29999900,,"{'id': 36548, 'context': 2, 'bonus_lists': [6655, 1693], 'modifiers': [{'type': 9, 'value': 30}, {'type': 28, 'value': 1099}]}"
1200254784,VERY_LONG,,1,2406900,,"{'id': 25222, 'context': 2, 'bonus_lists': [6655, 1693], 'modifiers': [{'type': 9, 'value': 30}, {'type': 28, 'value': 1079}]}"
1200254789,VERY_LONG,,1,5251900,,"{'id': 25193, 'context': 2, 'bonus_lists': [6655, 1708], 'modifiers': [{'type': 9, 'value': 30}, {'type': 28, 'value': 1079}]}"
1200254799,VERY_LONG,,1,1205009500,,"{'id': 159840, 'context': 54, 'bonus_lists': [1472, 4786]}"
1200254811,VERY_LONG,,1,2253000,,"{'id': 7479, 'context': 0, 'bonus_lists': [6654, 1679], 'modifiers': [{'type': 9, 'value': 30}, {'type': 28, 'value': 27}]}"
1200254819,VERY_LONG,,1,7155800,,"{'id': 7437, 'context': 0, 'bonus_lists': [6654, 1677], 'modifiers': [{'type': 9, 'value': 30}, {'type': 28, 'value': 27}]}"
1200254850,VERY_LONG,,1,27240200,,"{'id': 36340, 'context': 2, 'bonus_lists': [6654, 1709], 'modifiers': [{'type': 9, 'value': 30}, {'type': 28, 'value': 1099}]}"
1200254884,VERY_LONG,,1,258104600,,"{'id': 36333, 'context': 1, 'bonus_lists': [6654, 1692], 'modifiers': [{'type': 9, 'value': 30}, {'type': 28, 'value': 237}]}"
1200254901,VERY_LONG,,1,87361300,,"{'id': 36329, 'context': 1, 'bonus_lists': [6654, 1691], 'modifiers': [{'type': 9, 'value': 30}, {'type': 28, 'value': 237}]}"
1200254973,VERY_LONG,,1,68588700,,"{'id': 36226, 'context': 1, 'bonus_lists': [6654, 1708], 'modifiers': [{'type': 9, 'value': 30}, {'type': 28, 'value': 237}]}"
1200254992,VERY_LONG,,1,4000000,,"{'id': 36178, 'context': 3, 'bonus_lists': [6654, 1693], 'modifiers': [{'type': 9, 'value': 30}, {'type': 28, 'value': 1020}]}"
1200255003,VERY_LONG,,1,1500000,,"{'id': 36173, 'context': 0, 'bonus_lists': [6654, 1706], 'modifiers': [{'type': 9, 'value': 30}, {'type': 28, 'value': 1017}]}"
1200255014,VERY_LONG,,1,10009600,,"{'id': 36121, 'context': 2, 'bonus_lists': [6654, 1692], 'modifiers': [{'type': 9, 'value': 30}, {'type': 28, 'value': 1099}]}"
1200255030,VERY_LONG,,1,56000000,,"{'id': 36108, 'context': 1, 'bonus_lists': [6654, 1693], 'modifiers': [{'type': 9, 'value': 30}, {'type': 28, 'value': 237}]}"
1200255039,VERY_LONG,,1,20006500,,"{'id': 36021, 'context': 1, 'bonus_lists': [6654, 1693], 'modifiers': [{'type': 9, 'value': 30}, {'type': 28, 'value': 237}]}"
1200255046,LONG,,1,128992000,,"{'id': 10143, 'context': 0, 'bonus_lists': [1709]}"
1200255047,LONG,,1,384924100,,"{'id': 35681, 'context': 1, 'bonus_lists': [4123], 'modifiers': [{'type': 9, 'value': 30}]}"
1200255048,VERY_LONG,,1,11500000,,"{'id': 36009, 'context': 2, 'bonus_lists': [6654, 1708], 'modifiers': [{'type': 9, 'value': 30}, {'type': 28, 'value': 1099}]}"
1200255049,LONG,,1,736266900,,"{'id': 159504, 'context': 0, 'bonus_lists': [6655, 1698], 'modifiers': [{'type': 9, 'value': 18}, {'type': 28, 'value': 1220}]}"
1200255052,LONG,,1,52545000,,"{'id': 82142, 'context': 22, 'bonus_lists': [6654, 1707], 'modifiers': [{'type': 9, 'value': 35}, {'type': 28, 'value': 1130}]}"
1200255053,LONG,,1,600000,,"{'id': 175568, 'context': 0, 'bonus_lists': [6907, 1678], 'modifiers': [{'type': 9, 'value': 60}, {'type': 28, 'value': 2060}]}"
1200255055,LONG,,1,219172400,,"{'id': 116598, 'context': 29, 'bonus_lists': [3876, 36], 'modifiers': [{'type': 9, 'value': 50}]}"
1200255056,LONG,,1,349434200,,"{'id': 116581, 'context': 29, 'bonus_lists': [3876, 19], 'modifiers': [{'type': 9, 'value': 50}]}"
1200255060,LONG,,1,49901400,,"{'id': 94084, 'context': 0, 'bonus_lists': [1677]}"
1200255061,VERY_LONG,,1,1502900,,"{'id': 36003, 'context': 2, 'bonus_lists': [6654, 1691], 'modifiers': [{'type': 9, 'value': 30}, {'type': 28, 'value': 1099}]}"
1200255062,LONG,,1,14629100,,"{'id': 177808, 'context': 0, 'bonus_lists': [6908, 6652, 1717], 'modifiers': [{'type': 9, 'value': 59}, {'type': 28, 'value': 1427}]}"
1200255064,LONG,,1,16167300,,"{'id': 25124, 'context': 0, 'bonus_lists': [6655, 1679], 'modifiers': [{'type': 9, 'value': 30}, {'type': 28, 'value': 1015}]}"
1200255065,LONG,,1,560850900,,"{'id': 175557, 'context': 0, 'bonus_lists': [6907, 1704], 'modifiers': [{'type': 9, 'value': 51}, {'type': 28, 'value': 1707}]}"
1200255066,LONG,,1,22533500,,"{'id': 82055, 'context': 22, 'bonus_lists': [6655, 1680], 'modifiers': [{'type': 9, 'value': 35}, {'type': 28, 'value': 1130}]}"
1200255069,LONG,,1,12927800,,"{'id': 55693, 'context': 5, 'bonus_lists': [6654, 1708], 'modifiers': [{'type': 9, 'value': 35}, {'type': 28, 'value': 1029}]}"
1200255071,LONG,,1,784457900,,"{'id': 116566, 'context': 29, 'bonus_lists': [3875, 21], 'modifiers': [{'type': 9, 'value': 47}]}"
1200255072,LONG,,1,99990800,,"{'id': 22912, 'context': 0}"
1200255074,LONG,,1,66371500,,"{'id': 154854, 'context': 0, 'bonus_lists': [6654, 1707], 'modifiers': [{'type': 9, 'value': 35}, {'type': 28, 'value': 187}]}"
1200255075,LONG,,1,173763400,,"{'id': 106665, 'context': 29, 'bonus_lists': [4503, 35], 'modifiers': [{'type': 9, 'value': 50}]}"
1200255076,VERY_LONG,,1,27037800,,"{'id': 35641, 'context': 1, 'bonus_lists': [6710], 'modifiers': [{'type': 9, 'value': 30}, {'type': 28, 'value': 237}]}"
1200255077,LONG,,1,265832600,,"{'id': 116563, 'context': 29, 'bonus_lists': [3875, 22], 'modifiers': [{'type': 9, 'value': 47}]}"
1200255080,LONG,,1,25007400,,"{'id': 177815, 'context': 2, 'bonus_lists': [6907, 6652, 7193, 3406], 'modifiers': [{'type': 9, 'value': 60}, {'type': 28, 'value': 748}]}"
1200255081,LONG,,1,456432200,,"{'id': 159811, 'context': 0, 'bonus_lists': [6655, 4802, 1692], 'modifiers': [{'type': 9, 'value': 50}, {'type': 28, 'value': 1224}]}"
1200255082,LONG,,1,3559000,,"{'id': 172248, 'context': 13, 'bonus_lists': [6885], 'modifiers': [{'type': 9, 'value': 55}, {'type': 28, 'value': 391}, {'type': 29, 'value': 32}, {'type': 30, 'value': 40}]}"
1200255083,LONG,,1,3559000,,"{'id': 172248, 'context': 13, 'bonus_lists': [6885], 'modifiers': [{'type': 9, 'value': 55}, {'type': 28, 'value': 391}, {'type': 29, 'value': 36}, {'type': 30, 'value': 49}]}"
1200255086,LONG,,1,18241800,,"{'id': 175566, 'context': 0, 'bonus_lists': [6907, 1686], 'modifiers': [{'type': 9, 'value': 59}, {'type': 28, 'value': 807}]}"
1200255087,LONG,380000,3,,,{'id': 34664}
1200255088,LONG,284948400,2,,,{'id': 44145}
1200255089,LONG,,1,1384588300,,"{'id': 161896, 'context': 13, 'bonus_lists': [1716, 4928]}"
1200255091,LONG,,1,2627327700,,"{'id': 161896, 'context': 13, 'bonus_lists': [1693, 4928]}"
1200255092,LONG,,1,46508200,,"{'id': 106515, 'context': 29, 'bonus_lists': [3854, 121], 'modifiers': [{'type': 9, 'value': 50}]}"
1200255093,LONG,105274600,1,,,{'id': 4611}
1200255095,LONG,65475300,1,,,{'id': 44144}
1200255096,LONG,,1,8769000,,"{'id': 172349, 'context': 13, 'modifiers': [{'type': 29, 'value': 49}, {'type': 30, 'value': 36}]}"
1200255097,VERY_LONG,,1,2004300,,"{'id': 24803, 'context': 22, 'bonus_lists': [6654, 1709], 'modifiers': [{'type': 9, 'value': 30}, {'type': 28, 'value': 1014}]}"
1200255098,LONG,,1,8004800,,"{'id': 172349, 'context': 13, 'modifiers': [{'type': 29, 'value': 40}, {'type': 30, 'value': 32}]}"
1200255100,LONG,,1,200293900,,"{'id': 159185, 'context': 0, 'bonus_lists': [6654, 1686], 'modifiers': [{'type': 9, 'value': 33}, {'type': 28, 'value': 1227}]}"
1200256104,LONG,,1,10941700,,"{'id': 176768, 'context': 0, 'bonus_lists': [6907, 6652, 1714], 'modifiers': [{'type': 9, 'value': 60}, {'type': 28, 'value': 1707}]}"
1200256105,LONG,,1,90748500,,"{'id': 55696, 'context': 36, 'bonus_lists': [1713, 4764], 'modifiers': [{'type': 9, 'value': 50}]}"
1200256106,LONG,,1,17559600,,"{'id': 176976, 'context': 1, 'bonus_lists': [6907, 6652, 6935, 1692], 'modifiers': [{'type': 9, 'value': 60}, {'type': 28, 'value': 747}]}"
1200256107,LONG,,1,185007500,,"{'id': 36128, 'context': 36, 'bonus_lists': [1691, 3850], 'modifiers': [{'type': 9, 'value': 50}]}"
1200256109,LONG,350000,1,,,{'id': 32229}
1200256110,LONG,80000,2,,,{'id': 32227}
1200256112,LONG,,1,1444343200,,"{'id': 159189, 'context': 0, 'bonus_lists': [4796, 4802, 1706], 'modifiers': [{'type': 9, 'value': 46}]}"
1200256115,LONG,36165700,2,,,{'id': 37140}
1200256117,LONG,18102000,4,,,{'id': 52751}
1200256118,LONG,400000,2,,,{'id': 15410}
1200256119,LONG,,1,4288375500,,"{'id': 154860, 'context': 0, 'bonus_lists': [4796, 1689], 'modifiers': [{'type': 9, 'value': 50}]}"
1200256121,LONG,15391200,1,,,{'id': 153619}
1200256122,LONG,57982900,2,,,{'id': 37145}
1200256124,LONG,,1,85807300,,"{'id': 159589, 'context': 0, 'bonus_lists': [6655, 1715], 'modifiers': [{'type': 9, 'value': 50}, {'type': 28, 'value': 1223}]}"
1200256125,LONG,,1,837011200,,"{'id': 164689, 'context': 13, 'bonus_lists': [1711]}"
1200256127,LONG,170000,3,,,{'id': 17012}
1200256128,LONG,2999800,3,,,{'id': 23440}
1200256131,LONG,,1,28714500,,"{'id': 24647, 'context': 22, 'bonus_lists': [6654, 1681], 'modifiers': [{'type': 9, 'value': 30}, {'type': 28, 'value': 1079}]}"
1200256132,LONG,,1,468957200,,"{'id': 175546, 'context': 0, 'bonus_lists': [6907, 1690], 'modifiers': [{'type': 9, 'value': 52}, {'type': 28, 'value': 1707}]}"
1200256133,LONG,,1,11236400,,"{'id': 179334, 'context': 0, 'bonus_lists': [6908, 6652, 1707], 'modifiers': [{'type': 9, 'value': 60}, {'type': 28, 'value': 1707}]}"
1200256134,LONG,,1,12941900,,"{'id': 176798, 'context': 0, 'bonus_lists': [6908, 6652, 1706], 'modifiers': [{'type': 9, 'value': 53}, {'type': 28, 'value': 1324}]}"
1200256136,LONG,,1,31276800,,"{'id': 159174, 'context': 0, 'bonus_lists': [6654, 1714], 'modifiers': [{'type': 9, 'value': 50}, {'type': 28, 'value': 1220}]}"
1200256140,LONG,,1,299642100,,"{'id': 159184, 'context': 0, 'bonus_lists': [6654, 1696], 'modifiers': [{'type': 9, 'value': 20}, {'type': 28, 'value': 1220}]}"
1200256141,LONG,,1,4648400,,"{'id': 172239, 'context': 13, 'bonus_lists': [6890], 'modifiers': [{'type': 9, 'value': 55}, {'type': 28, 'value': 391}, {'type': 29, 'value': 40}, {'type': 30, 'value': 49}]}"
1200256142,LONG,,1,910770400,,"{'id': 159585, 'context': 0, 'bonus_lists': [6655, 1686], 'modifiers': [{'type': 9, 'value': 35}, {'type': 28, 'value': 187}]}"
1200256143,LONG,68922400,50,,,{'id': 108302}
1200256146,LONG,,1,63263800,,"{'id': 159188, 'context': 0, 'bonus_lists': [6654, 1704], 'modifiers': [{'type': 9, 'value': 50}, {'type': 28, 'value': 1220}]}"
1200256147,LONG,235200,1,,,{'id': 32228}
1200256149,LONG,,1,17849500,,"{'id': 2889, 'context': 0}"
1200256151,LONG,2227500,1,,,{'id': 156525}
1200256152,VERY_LONG,260000,22,,,{'id': 168586}
1200256154,LONG,449700,2,,,{'id': 38912}
1200256156,LONG,,1,135127100,,"{'id': 106681, 'context': 29, 'bonus_lists': [4503, 19], 'modifiers': [{'type': 9, 'value': 50}]}"
1200256157,LONG,,1,699689100,,"{'id': 154865, 'context': 0, 'bonus_lists': [6654, 1679], 'modifiers': [{'type': 9, 'value': 40}, {'type': 28, 'value': 187}]}"
1200256159,LONG,,1,205298700,,"{'id': 25273, 'context': 29, 'bonus_lists': [1680, 3870], 'modifiers': [{'type': 9, 'value': 50}]}"
1200256160,LONG,,1,925643200,,"{'id': 14562, 'context': 29, 'bonus_lists': [3832], 'modifiers': [{'type': 9, 'value': 13}]}"
1200256170,VERY_LONG,,1,5652100,,"{'id': 10242, 'context': 0, 'bonus_lists': [6654, 1693], 'modifiers': [{'type': 9, 'value': 30}, {'type': 28, 'value': 30}]}"
1200256189,VERY_LONG,,1,5673100,,"{'id': 10221, 'context': 1, 'bonus_lists': [6654, 1694], 'modifiers': [{'type': 9, 'value': 30}, {'type': 28, 'value': 205}]}"
1200256208,VERY_LONG,339700,11,,,{'id': 52329}
1200256212,VERY_LONG,499800,11,,,{'id': 39682}
1200256219,VERY_LONG,4249900,1,,,{'id': 36921}
1200256230,VERY_LONG,185000,6,,,{'id': 35624}
1200256247,VERY_LONG,990000,1,,,{'id': 35623}
1200256268,LONG,50000,2,,,{'id': 32249}
1200256269,VERY_LONG,,1,6400000,,"{'id': 45105, 'context': 3, 'modifiers': [{'type': 28, 'value': 1020}]}"
1200256270,LONG,8800,414,,,{'id': 167738}
1200256271,LONG,,1,225866500,,"{'id': 159597, 'context': 0, 'bonus_lists': [6655, 1717], 'modifiers': [{'type': 9, 'value': 50}, {'type': 28, 'value': 1225}]}"
1200256274,LONG,60000,5,,,{'id': 22573}
1200256276,LONG,,1,37551700,,"{'id': 159187, 'context': 0, 'bonus_lists': [6654, 42, 1705], 'modifiers': [{'type': 9, 'value': 50}, {'type': 28, 'value': 1220}]}"
1200256278,LONG,,1,78754600,,"{'id': 25089, 'context': 22, 'bonus_lists': [6655, 1679], 'modifiers': [{'type': 9, 'value': 30}, {'type': 28, 'value': 1076}]}"
1200256279,LONG,,1,1418068200,,"{'id': 163833, 'context': 1}"
1200256281,LONG,57500,1,,,{'id': 11291}
1200256284,LONG,693183500,1,,,{'id': 31895}
1200256285,LONG,,1,38972700,,"{'id': 24734, 'context': 22, 'bonus_lists': [6654, 1691], 'modifiers': [{'type': 9, 'value': 30}, {'type': 28, 'value': 1076}]}"
1200256286,LONG,,1,66755000,,"{'id': 159605, 'context': 0, 'bonus_lists': [6655, 1681], 'modifiers': [{'type': 9, 'value': 28}, {'type': 28, 'value': 186}]}"
1200256288,LONG,5516200,1,,,{'id': 31912}
1200256291,VERY_LONG,,1,499900,,"{'id': 45101, 'context': 3, 'modifiers': [{'type': 28, 'value': 1020}]}"
1200256300,VERY_LONG,,1,499900,,"{'id': 45097, 'context': 3, 'modifiers': [{'type': 28, 'value': 1020}]}"
1200256307,VERY_LONG,,1,276000000,,"{'id': 82800, 'context': 0, 'modifiers': [{'type': 6, 'value': 74529}], 'pet_breed_id': 13, 'pet_level': 25, 'pet_quality_id': 3, 'pet_species_id': 382}"
1200256315,VERY_LONG,,1,7431600,,"{'id': 82800, 'context': 0, 'modifiers': [{'type': 6, 'value': 48663}], 'pet_breed_id': 12, 'pet_level': 1, 'pet_quality_id': 3, 'pet_species_id': 1235}"
1200256320,VERY_LONG,,1,9000000,,"{'id': 82800, 'context': 0, 'modifiers': [{'type': 6, 'value': 46925}], 'pet_breed_id': 6, 'pet_level': 1, 'pet_quality_id': 3, 'pet_species_id': 1152}"
1200256322,VERY_LONG,90000,9713,,,{'id': 169701}
1200256325,VERY_LONG,392300,8286,,,{'id': 168589}
1200256335,VERY_LONG,102200,4372,,,{'id': 169701}
1200256336,LONG,380000,718,,,{'id': 124461}
1200256340,LONG,159900,783,,,{'id': 62784}
1200256345,LONG,850000,27,,,{'id': 15419}
1200256350,LONG,219200,3,,,{'id': 52977}
1200256353,LONG,18900,15,,,{'id': 133576}
1200256362,LONG,27300,68,,,{'id': 172092}
1200256367,LONG,5000,213,,,{'id': 27677}
1200256369,LONG,26900,1,,,{'id': 29451}
1200256486,LONG,1399000,4,,,{'id': 172439}
1200256493,VERY_LONG,25000000,8,,,{'id': 180457}
1200257089,LONG,725300,43,,,{'id': 172231}
1200259115,LONG,18950000,1,,,{'id': 173101}
1200259134,LONG,502000,3,,,{'id': 173080}
1200259137,LONG,2398900,5,,,{'id': 183738}
1200259155,LONG,500,16,,,{'id': 171840}
1200259163,LONG,500,18,,,{'id': 171840}
1200259402,LONG,,1,24980000,,"{'id': 128313, 'context': 31, 'modifiers': [{'type': 28, 'value': 176}]}"
1200259574,LONG,4800,3,,,{'id': 173032}
1200259587,LONG,100,1,,,{'id': 168303}
1200259768,LONG,,1,4151200,,"{'id': 173142, 'context': 13, 'bonus_lists': [3377]}"
1200259770,VERY_LONG,,1,1600900,1520900,"{'id': 173144, 'context': 13, 'modifiers': [{'type': 29, 'value': 32}]}"
1200259778,LONG,,1,10523000,,"{'id': 173136, 'context': 13, 'bonus_lists': [3352]}"
1200259782,LONG,,1,10523000,,"{'id': 173136, 'context': 13, 'bonus_lists': [3352]}"
1200259793,LONG,,1,2500000,,"{'id': 173141, 'context': 13, 'bonus_lists': [3352]}"
1200259872,LONG,4980000,1,,,{'id': 31910}
1200259876,VERY_LONG,,1,6489900,6165400,"{'id': 173134, 'context': 13, 'modifiers': [{'type': 29, 'value': 40}]}"
1200259880,VERY_LONG,,1,6489900,6165400,"{'id': 173134, 'context': 13, 'modifiers': [{'type': 29, 'value': 36}]}"
1200259984,VERY_LONG,52500,88,,,{'id': 173110}
1200262294,VERY_LONG,,1,1250008100,,"{'id': 184784, 'context': 0, 'bonus_lists': [6652, 7194, 1472, 6646], 'modifiers': [{'type': 28, 'value': 2060}]}"
1200262319,VERY_LONG,,1,999999900,,"{'id': 184800, 'context': 0, 'bonus_lists': [6652, 1472, 6646], 'modifiers': [{'type': 28, 'value': 2060}]}"
1200262350,VERY_LONG,,1,649990000,,"{'id': 184798, 'context': 0, 'bonus_lists': [6652, 1472, 6646], 'modifiers': [{'type': 28, 'value': 2060}]}"
1200262827,LONG,,1,5280800,,"{'id': 173135, 'context': 13, 'bonus_lists': [3366]}"
1200262828,LONG,,1,5385100,,"{'id': 173138, 'context': 13, 'bonus_lists': [3348]}"
1200262837,LONG,,1,5120700,,"{'id': 173140, 'context': 13, 'bonus_lists': [3365]}"
1200262849,LONG,,1,2500000,,"{'id': 173143, 'context': 13, 'bonus_lists': [3347]}"
1200262853,LONG,,1,2500000,,"{'id': 173143, 'context': 13, 'bonus_lists': [3348]}"
1200262890,VERY_LONG,605800,1,,,{'id': 173123}
1200262962,VERY_LONG,,1,5001500,,"{'id': 82800, 'context': 0, 'pet_breed_id': 17, 'pet_level': 1, 'pet_quality_id': 3, 'pet_species_id': 1564}"
1200264140,VERY_LONG,,1,60006400,,"{'id': 106695, 'context': 6, 'bonus_lists': [6654, 62], 'modifiers': [{'type': 9, 'value': 40}, {'type': 28, 'value': 2019}]}"
1200264299,LONG,,1,234894300,,"{'id': 159549, 'context': 0, 'bonus_lists': [6655, 42, 1679], 'modifiers': [{'type': 9, 'value': 38}, {'type': 28, 'value': 1228}]}"
1200264315,VERY_LONG,8100,2,,,{'id': 3857}
1200264352,VERY_LONG,,1,290000000,,"{'id': 178926, 'context': 63, 'bonus_lists': [6716, 7193, 1487]}"
1200264353,VERY_LONG,,1,290000000,,"{'id': 178926, 'context': 63, 'bonus_lists': [6716, 7194, 1487]}"
1200264530,LONG,349500,5,,,{'id': 171832}
1200264624,VERY_LONG,139500,90,,,{'id': 171829}
1200264855,VERY_LONG,7999600,1,,,{'id': 173161}
1200265044,VERY_LONG,515000,6,,,{'id': 173039}
1200265082,VERY_LONG,,1,80001600,,"{'id': 172324, 'context': 63, 'bonus_lists': [6716, 1487]}"
1200267109,VERY_LONG,,1,18941300,,"{'id': 172262, 'context': 13, 'bonus_lists': [6893], 'modifiers': [{'type': 9, 'value': 50}, {'type': 28, 'value': 391}, {'type': 29, 'value': 32}, {'type': 30, 'value': 36}]}"
1200267114,VERY_LONG,,1,18941300,,"{'id': 172262, 'context': 13, 'bonus_lists': [6893], 'modifiers': [{'type': 9, 'value': 50}, {'type': 28, 'value': 391}, {'type': 29, 'value': 49}, {'type': 30, 'value': 40}]}"
1200267127,VERY_LONG,,1,49998800,,"{'id': 173054, 'context': 13, 'modifiers': [{'type': 29, 'value': 40}, {'type': 30, 'value': 32}]}"
1200267132,VERY_LONG,,1,49998800,,"{'id': 173054, 'context': 13, 'modifiers': [{'type': 29, 'value': 40}, {'type': 30, 'value': 32}]}"
1200267161,VERY_LONG,,1,5936900,,"{'id': 172234, 'context': 13, 'bonus_lists': [6890], 'modifiers': [{'type': 9, 'value': 60}, {'type': 28, 'value': 391}, {'type': 29, 'value': 40}, {'type': 30, 'value': 32}]}"
1200267163,VERY_LONG,,1,5936900,,"{'id': 172234, 'context': 13, 'bonus_lists': [6890], 'modifiers': [{'type': 9, 'value': 60}, {'type': 28, 'value': 391}, {'type': 29, 'value': 49}, {'type': 30, 'value': 40}]}"
1200267173,VERY_LONG,,1,1484300,,"{'id': 172240, 'context': 13, 'bonus_lists': [6885], 'modifiers': [{'type': 9, 'value': 60}, {'type': 28, 'value': 391}, {'type': 29, 'value': 49}, {'type': 30, 'value': 40}]}"
1200267189,VERY_LONG,,1,3947900,,"{'id': 172257, 'context': 13, 'bonus_lists': [6893], 'modifiers': [{'type': 9, 'value': 60}, {'type': 28, 'value': 391}, {'type': 29, 'value': 32}, {'type': 30, 'value': 36}]}"
1200267190,VERY_LONG,,1,3769800,,"{'id': 82800, 'context': 0, 'modifiers': [{'type': 6, 'value': 20029}], 'pet_breed_id': 13, 'pet_level': 1, 'pet_quality_id': 2, 'pet_species_id': 145}"
1200267196,VERY_LONG,,1,769800,,"{'id': 82800, 'context': 0, 'modifiers': [{'type': 6, 'value': 5369}], 'pet_breed_id': 20, 'pet_level': 1, 'pet_quality_id': 2, 'pet_species_id': 52}"
1200267202,VERY_LONG,,1,73000000,,"{'id': 172323, 'context': 63, 'bonus_lists': [6716, 1487]}"
1200267224,VERY_LONG,,1,3765800,,"{'id': 82800, 'context': 0, 'modifiers': [{'type': 6, 'value': 22776}], 'pet_breed_id': 3, 'pet_level': 1, 'pet_quality_id': 2, 'pet_species_id': 191}"
1200267244,VERY_LONG,,1,261400,,"{'id': 82800, 'context': 0, 'modifiers': [{'type': 6, 'value': 42721}], 'pet_breed_id': 22, 'pet_level': 1, 'pet_quality_id': 2, 'pet_species_id': 847}"
1200267266,VERY_LONG,,1,14706700,,"{'id': 172253, 'context': 13, 'bonus_lists': [6893], 'modifiers': [{'type': 9, 'value': 60}, {'type': 28, 'value': 391}, {'type': 29, 'value': 49}, {'type': 30, 'value': 36}]}"
1200267271,VERY_LONG,,1,210100,,"{'id': 82800, 'context': 0, 'modifiers': [{'type': 6, 'value': 28084}], 'pet_breed_id': 8, 'pet_level': 1, 'pet_quality_id': 2, 'pet_species_id': 197}"
1200267296,VERY_LONG,,1,4763900,,"{'id': 82800, 'context': 0, 'modifiers': [{'type': 6, 'value': 5556}], 'pet_breed_id': 18, 'pet_level': 1, 'pet_quality_id': 2, 'pet_species_id': 40}"
1200267318,VERY_LONG,,1,4767100,,"{'id': 82800, 'context': 0, 'modifiers': [{'type': 6, 'value': 6303}], 'pet_breed_id': 22, 'pet_level': 1, 'pet_quality_id': 2, 'pet_species_id': 78}"
1200267343,VERY_LONG,,1,5763900,,"{'id': 82800, 'context': 0, 'modifiers': [{'type': 6, 'value': 5586}], 'pet_breed_id': 4, 'pet_level': 1, 'pet_quality_id': 2, 'pet_species_id': 41}"
1200267356,VERY_LONG,,1,6761600,,"{'id': 82800, 'context': 0, 'modifiers': [{'type': 6, 'value': 19987}], 'pet_breed_id': 12, 'pet_level': 1, 'pet_quality_id': 2, 'pet_species_id': 138}"
1200267373,VERY_LONG,,1,1765300,,"{'id': 82800, 'context': 0, 'modifiers': [{'type': 6, 'value': 4615}], 'pet_breed_id': 13, 'pet_level': 1, 'pet_quality_id': 2, 'pet_species_id': 68}"
1200267390,VERY_LONG,,1,369900,,"{'id': 82800, 'context': 0, 'modifiers': [{'type': 6, 'value': 29809}], 'pet_breed_id': 6, 'pet_level': 1, 'pet_quality_id': 2, 'pet_species_id': 236}"
1200267400,VERY_LONG,,1,1269900,,"{'id': 82800, 'context': 0, 'modifiers': [{'type': 6, 'value': 5207}], 'pet_breed_id': 11, 'pet_level': 1, 'pet_quality_id': 2, 'pet_species_id': 50}"
1200267412,VERY_LONG,,1,1369800,,"{'id': 82800, 'context': 0, 'modifiers': [{'type': 6, 'value': 19600}], 'pet_breed_id': 7, 'pet_level': 1, 'pet_quality_id': 2, 'pet_species_id': 136}"
1200267421,VERY_LONG,,1,1568000,,"{'id': 82800, 'context': 0, 'modifiers': [{'type': 6, 'value': 6299}], 'pet_breed_id': 13, 'pet_level': 1, 'pet_quality_id': 2, 'pet_species_id': 67}"
1200267434,VERY_LONG,,1,469800,,"{'id': 82800, 'context': 0, 'modifiers': [{'type': 6, 'value': 27718}], 'pet_breed_id': 17, 'pet_level': 1, 'pet_quality_id': 2, 'pet_species_id': 90}"
1200267460,VERY_LONG,27300,14,,,{'id': 172092}
1200267481,VERY_LONG,,1,2751200,,"{'id': 82800, 'context': 0, 'modifiers': [{'type': 6, 'value': 5555}], 'pet_breed_id': 3, 'pet_level': 1, 'pet_quality_id': 2, 'pet_species_id': 45}"
1200267533,VERY_LONG,4800,3,,,{'id': 173032}
1200267552,VERY_LONG,,1,2367100,,"{'id': 82800, 'context': 0, 'modifiers': [{'type': 6, 'value': 5585}], 'pet_breed_id': 15, 'pet_level': 1, 'pet_quality_id': 2, 'pet_species_id': 44}"
1200267561,VERY_LONG,725300,1,,,{'id': 172231}
1200267584,VERY_LONG,,1,3760100,,"{'id': 82800, 'context': 0, 'modifiers': [{'type': 6, 'value': 5554}], 'pet_breed_id': 13, 'pet_level': 1, 'pet_quality_id': 2, 'pet_species_id': 43}"
1200267590,VERY_LONG,,1,2501400,,"{'id': 82800, 'context': 0, 'modifiers': [{'type': 6, 'value': 68860}], 'pet_breed_id': 20, 'pet_level': 1, 'pet_quality_id': 3, 'pet_species_id': 1928}"
1200267613,VERY_LONG,,1,6500100,,"{'id': 82800, 'context': 0, 'modifiers': [{'type': 6, 'value': 79760}], 'pet_breed_id': 15, 'pet_level': 1, 'pet_quality_id': 3, 'pet_species_id': 2120}"
1200267630,VERY_LONG,,1,1500100,,"{'id': 82800, 'context': 0, 'modifiers': [{'type': 6, 'value': 20037}], 'pet_breed_id': 11, 'pet_level': 1, 'pet_quality_id': 2, 'pet_species_id': 144}"
1200267669,VERY_LONG,,1,250000,,"{'id': 82800, 'context': 0, 'modifiers': [{'type': 6, 'value': 328}], 'pet_breed_id': 5, 'pet_level': 1, 'pet_quality_id': 2, 'pet_species_id': 72}"
1200267709,VERY_LONG,,1,2756500,,"{'id': 82800, 'context': 0, 'modifiers': [{'type': 6, 'value': 45880}], 'pet_breed_id': 6, 'pet_level': 1, 'pet_quality_id': 3, 'pet_species_id': 211}"
1200267743,VERY_LONG,,1,750700,,"{'id': 82800, 'context': 0, 'modifiers': [{'type': 6, 'value': 88006}], 'pet_breed_id': 15, 'pet_level': 1, 'pet_quality_id': 3, 'pet_species_id': 2451}"
1200267860,VERY_LONG,,1,54764100,,"{'id': 82800, 'context': 0, 'modifiers': [{'type': 6, 'value': 6302}], 'pet_breed_id': 15, 'pet_level': 1, 'pet_quality_id': 2, 'pet_species_id': 200}"
1200267916,VERY_LONG,,1,14768500,,"{'id': 82800, 'context': 0, 'modifiers': [{'type': 6, 'value': 4626}], 'pet_breed_id': 21, 'pet_level': 1, 'pet_quality_id': 2, 'pet_species_id': 137}"
1200270276,VERY_LONG,500,7,,,{'id': 171840}
1200270290,LONG,500,4,,,{'id': 171840}
1200270943,VERY_LONG,,1,986900,,"{'id': 40892, 'context': 0}"
1200270945,VERY_LONG,,1,986900,,"{'id': 40892, 'context': 0}"
1200270948,VERY_LONG,,1,986900,,"{'id': 40892, 'context': 0}"
1200270951,VERY_LONG,,1,986900,,"{'id': 40892, 'context': 0}"
1200270952,VERY_LONG,,1,986900,,"{'id': 40892, 'context': 0}"
1200270953,VERY_LONG,,1,986900,,"{'id': 40892, 'context': 0}"
1200271046,LONG,6500,20,,,{'id': 180430}
1200273133,LONG,,1,730000000,,"{'id': 183017, 'context': 5, 'bonus_lists': [7188, 6652, 7193, 1485, 6646], 'modifiers': [{'type': 28, 'value': 752}]}"
1200273199,VERY_LONG,,1,316000000,,"{'id': 82800, 'context': 0, 'modifiers': [{'type': 6, 'value': 92158}], 'pet_breed_id': 10, 'pet_level': 1, 'pet_quality_id': 3, 'pet_species_id': 2709}"
1200273212,LONG,130289100,1,,,{'id': 38890}
1200273232,VERY_LONG,,1,199990000,,"{'id': 82800, 'context': 0, 'modifiers': [{'type': 6, 'value': 74514}], 'pet_breed_id': 6, 'pet_level': 1, 'pet_quality_id': 3, 'pet_species_id': 2002}"
1200273236,VERY_LONG,,1,275399900,,"{'id': 82800, 'context': 0, 'modifiers': [{'type': 6, 'value': 86231}], 'pet_breed_id': 3, 'pet_level': 1, 'pet_quality_id': 2, 'pet_species_id': 2192}"
1200273248,VERY_LONG,12250000,1,,,{'id': 139310}
1200273259,VERY_LONG,16876000,1,,,{'id': 137267}
1200273266,VERY_LONG,12461800,1,,,{'id': 137188}
1200273267,LONG,,1,990000,,"{'id': 171444, 'context': 13, 'bonus_lists': [6893], 'modifiers': [{'type': 9, 'value': 60}, {'type': 28, 'value': 391}, {'type': 29, 'value': 40}, {'type': 30, 'value': 36}]}"
1200273269,LONG,,1,990000,,"{'id': 171444, 'context': 13, 'bonus_lists': [6893], 'modifiers': [{'type': 9, 'value': 60}, {'type': 28, 'value': 391}, {'type': 29, 'value': 36}, {'type': 30, 'value': 32}]}"
1200273272,LONG,,1,990000,,"{'id': 171444, 'context': 13, 'bonus_lists': [6893], 'modifiers': [{'type': 9, 'value': 60}, {'type': 28, 'value': 391}, {'type': 29, 'value': 40}, {'type': 30, 'value': 49}]}"
1200273273,LONG,,1,990000,,"{'id': 171444, 'context': 13, 'bonus_lists': [6893], 'modifiers': [{'type': 9, 'value': 60}, {'type': 28, 'value': 391}, {'type': 29, 'value': 36}, {'type': 30, 'value': 49}]}"
1200273275,LONG,,1,990000,,"{'id': 171444, 'context': 13, 'bonus_lists': [6893], 'modifiers': [{'type': 9, 'value': 60}, {'type': 28, 'value': 391}, {'type': 29, 'value': 49}, {'type': 30, 'value': 36}]}"
1200273278,LONG,,1,990000,,"{'id': 171444, 'context': 13, 'bonus_lists': [6893], 'modifiers': [{'type': 9, 'value': 60}, {'type': 28, 'value': 391}, {'type': 29, 'value': 40}, {'type': 30, 'value': 32}]}"
1200273280,LONG,,1,990000,,"{'id': 171444, 'context': 13, 'bonus_lists': [6893], 'modifiers': [{'type': 9, 'value': 60}, {'type': 28, 'value': 391}, {'type': 29, 'value': 49}, {'type': 30, 'value': 40}]}"
1200273281,LONG,,1,990000,,"{'id': 171444, 'context': 13, 'bonus_lists': [6893], 'modifiers': [{'type': 9, 'value': 60}, {'type': 28, 'value': 391}, {'type': 29, 'value': 49}, {'type': 30, 'value': 40}]}"
1200273283,LONG,,1,990000,,"{'id': 171444, 'context': 13, 'bonus_lists': [6893], 'modifiers': [{'type': 9, 'value': 60}, {'type': 28, 'value': 391}, {'type': 29, 'value': 32}, {'type': 30, 'value': 36}]}"
1200273285,LONG,,1,990000,,"{'id': 171444, 'context': 13, 'bonus_lists': [6893], 'modifiers': [{'type': 9, 'value': 60}, {'type': 28, 'value': 391}, {'type': 29, 'value': 40}, {'type': 30, 'value': 32}]}"
1200273287,LONG,,1,990000,,"{'id': 171444, 'context': 13, 'bonus_lists': [6893], 'modifiers': [{'type': 9, 'value': 60}, {'type': 28, 'value': 391}, {'type': 29, 'value': 49}, {'type': 30, 'value': 36}]}"
1200273291,LONG,,1,990000,,"{'id': 171444, 'context': 13, 'bonus_lists': [6893], 'modifiers': [{'type': 9, 'value': 60}, {'type': 28, 'value': 391}, {'type': 29, 'value': 36}, {'type': 30, 'value': 40}]}"
1200273294,VERY_LONG,22456000,1,,,{'id': 139438}
1200273311,VERY_LONG,19772300,1,,,{'id': 141898}
1200273317,VERY_LONG,15516400,1,,,{'id': 136826}
1200273324,VERY_LONG,21110000,1,,,{'id': 137293}
1200273327,VERY_LONG,,1,785923700,,"{'id': 116801, 'context': 14}"
1200273335,VERY_LONG,24990000,1,,,{'id': 139278}
1200273354,VERY_LONG,25838700,1,,,{'id': 139270}
1200273368,VERY_LONG,19895400,1,,,{'id': 129021}
1200273379,VERY_LONG,9550000,1,,,{'id': 83007}
1200273394,VERY_LONG,7999400,1,,,{'id': 129017}
1200273404,LONG,,1,757609000,,"{'id': 30732, 'context': 0}"
1200273414,VERY_LONG,14425000,1,,,{'id': 137274}
1200273429,VERY_LONG,12944900,1,,,{'id': 137191}
1200273430,VERY_LONG,,1,216000000,,"{'id': 82800, 'context': 0, 'modifiers': [{'type': 6, 'value': 92073}], 'pet_breed_id': 7, 'pet_level': 1, 'pet_quality_id': 3, 'pet_species_id': 2755}"
1200273453,VERY_LONG,8045100,1,,,{'id': 139288}
1200273456,LONG,,1,762342800,,"{'id': 164297, 'context': 31}"
1200273466,LONG,19688000,1,,,{'id': 39003}
1200273472,VERY_LONG,,1,19999900,,"{'id': 60216, 'context': 11}"
1200273477,VERY_LONG,15079500,1,,,{'id': 129019}
1200273490,VERY_LONG,22870000,1,,,{'id': 129020}
1200273491,LONG,,1,650000000,611000000,"{'id': 172325, 'context': 65, 'bonus_lists': [6718, 7194, 1522]}"
1200273497,LONG,,1,594500000,558830000,"{'id': 172325, 'context': 64, 'bonus_lists': [6717, 7194, 1507]}"
1200273501,VERY_LONG,21780000,1,,,{'id': 139289}
1200273514,LONG,2400300,37,,,{'id': 178787}
1200273518,LONG,,1,454995000,427695300,"{'id': 172317, 'context': 65, 'bonus_lists': [6718, 7194, 1522]}"
1200273521,VERY_LONG,12250000,1,,,{'id': 137287}
1200273522,LONG,,1,700000000,658000000,"{'id': 172317, 'context': 66, 'bonus_lists': [6758, 7194, 1532]}"
1200273528,LONG,,1,470000000,441800000,"{'id': 172317, 'context': 64, 'bonus_lists': [6717, 7194, 1507]}"
1200273531,LONG,2474600,17,,,{'id': 175970}
1200273548,LONG,,1,350000000,329000000,"{'id': 172319, 'context': 65, 'bonus_lists': [6718, 1522]}"
1200273549,VERY_LONG,18135400,1,,,{'id': 137239}
1200273551,VERY_LONG,,1,203012100,,"{'id': 82800, 'context': 0, 'modifiers': [{'type': 6, 'value': 69532}], 'pet_breed_id': 10, 'pet_level': 1, 'pet_quality_id': 3, 'pet_species_id': 1887}"
1200273554,LONG,,1,170000000,159800000,"{'id': 172319, 'context': 64, 'bonus_lists': [6717, 1507]}"
1200273574,VERY_LONG,19746700,1,,,{'id': 136825}
1200273576,LONG,,1,83510300,,"{'id': 82800, 'context': 0, 'modifiers': [{'type': 6, 'value': 6288}], 'pet_breed_id': 18, 'pet_level': 1, 'pet_quality_id': 3, 'pet_species_id': 56}"
1200273578,LONG,6450000,176,,,{'id': 172347}
1200273582,LONG,,1,320000000,300800000,"{'id': 172321, 'context': 64, 'bonus_lists': [6717, 7194, 1507]}"
1200273586,LONG,,1,600000000,564000000,"{'id': 172321, 'context': 65, 'bonus_lists': [6718, 7194, 1522]}"
1200273591,LONG,15996900,29,,,{'id': 173163}
1200273592,VERY_LONG,11677900,1,,,{'id': 139362}
1200273596,LONG,5008100,172,,,{'id': 173049}
1200273600,LONG,8399700,29,,,{'id': 173160}
1200273603,LONG,,1,390000000,366600000,"{'id': 172329, 'context': 65, 'bonus_lists': [6718, 7193, 1522]}"
1200273610,LONG,,1,510000000,479400000,"{'id': 172323, 'context': 66, 'bonus_lists': [6758, 1532]}"
1200273617,VERY_LONG,17979300,1,,,{'id': 129028}
1200273636,VERY_LONG,15196300,1,,,{'id': 139358}
1200273662,LONG,,1,650005000,611004700,"{'id': 172315, 'context': 65, 'bonus_lists': [6718, 1522]}"
1200273663,LONG,,1,120000000,,"{'id': 82800, 'context': 0, 'modifiers': [{'type': 6, 'value': 6292}], 'pet_breed_id': 14, 'pet_level': 1, 'pet_quality_id': 3, 'pet_species_id': 1563}"
1200273666,VERY_LONG,9996900,1,,,{'id': 87577}
1200273671,LONG,,1,4658600,,"{'id': 171442, 'context': 13, 'bonus_lists': [6893], 'modifiers': [{'type': 9, 'value': 60}, {'type': 28, 'value': 391}, {'type': 29, 'value': 36}, {'type': 30, 'value': 49}]}"
1200273676,LONG,,1,4658600,,"{'id': 171442, 'context': 13, 'bonus_lists': [6893], 'modifiers': [{'type': 9, 'value': 60}, {'type': 28, 'value': 391}, {'type': 29, 'value': 32}, {'type': 30, 'value': 36}]}"
1200273677,LONG,,1,4658600,,"{'id': 171442, 'context': 13, 'bonus_lists': [6893], 'modifiers': [{'type': 9, 'value': 60}, {'type': 28, 'value': 391}, {'type': 29, 'value': 40}, {'type': 30, 'value': 49}]}"
1200273678,LONG,180009000,5,,,{'id': 52774}
1200273691,VERY_LONG,10200000,1,,,{'id': 87560}
1200273697,LONG,,1,314719300,,"{'id': 52201, 'context': 11}"
1200273706,LONG,7999600,20,,,{'id': 173161}
1200273710,LONG,2338100,160,,,{'id': 172233}
1200273713,LONG,,1,786655000,739455700,"{'id': 172328, 'context': 64, 'bonus_lists': [6717, 7194, 1507]}"
1200273715,LONG,,1,786655000,739455700,"{'id': 172328, 'context': 64, 'bonus_lists': [6717, 7193, 1507]}"
1200273717,VERY_LONG,18826100,1,,,{'id': 129018}
1200273722,LONG,,1,665252300,629637000,"{'id': 172318, 'context': 66, 'bonus_lists': [6758, 1532]}"
1200273724,LONG,,1,800000000,752000000,"{'id': 172327, 'context': 64, 'bonus_lists': [6717, 1507]}"
1200273727,LONG,,1,350000000,329000000,"{'id': 172327, 'context': 65, 'bonus_lists': [6718, 1522]}"
1200273728,LONG,5000000,300,,,{'id': 172437}
1200273733,LONG,,1,400005000,376004700,"{'id': 172316, 'context': 65, 'bonus_lists': [6718, 1522]}"
1200273736,LONG,,1,360000000,338400000,"{'id': 172316, 'context': 64, 'bonus_lists': [6717, 1507]}"
1200273739,LONG,6027000,10,,,{'id': 172412}
1200273745,LONG,,1,157331500,157331000,"{'id': 172320, 'context': 64, 'bonus_lists': [6717, 7194, 1507]}"
1200273748,LONG,19899500,78,,,{'id': 23448}
1200273753,LONG,6027000,8,,,{'id': 172411}
1200273764,LONG,6027000,10,,,{'id': 172410}
1200273775,VERY_LONG,16880000,1,,,{'id': 137249}
1200273804,VERY_LONG,,1,3556558700,,"{'id': 1604, 'context': 0, 'bonus_lists': [3655], 'modifiers': [{'type': 9, 'value': 25}]}"
1200273829,LONG,2400300,63,,,{'id': 178787}
1200273831,LONG,2338100,40,,,{'id': 172233}
1200273833,LONG,,1,157331500,157331000,"{'id': 172320, 'context': 64, 'bonus_lists': [6717, 7193, 1507]}"
1200273834,VERY_LONG,,1,1082086200,,"{'id': 164397, 'context': 11}"
1200273845,VERY_LONG,,1,5125938600,,"{'id': 54451, 'context': 0, 'bonus_lists': [6835]}"
1200273854,VERY_LONG,99098500,3,,,{'id': 34207}
1200273906,VERY_LONG,132459000,3,,,{'id': 29534}
1200273954,VERY_LONG,,1,1786055700,,"{'id': 164400, 'context': 11}"
1200275126,VERY_LONG,,1,230000000,,"{'id': 82800, 'context': 0, 'modifiers': [{'type': 6, 'value': 38473}], 'pet_breed_id': 14, 'pet_level': 1, 'pet_quality_id': 2, 'pet_species_id': 1517}"
1200275345,LONG,,1,1200000000,,"{'id': 69950, 'context': 0}"
1200275354,LONG,,1,1249999100,,"{'id': 17193, 'context': 1}"
1200275371,VERY_LONG,,1,1750000000,,"{'id': 82800, 'context': 0, 'modifiers': [{'type': 6, 'value': 95145}], 'pet_breed_id': 14, 'pet_level': 1, 'pet_quality_id': 3, 'pet_species_id': 2847}"
1200275375,VERY_LONG,,1,676000000,,"{'id': 82800, 'context': 0, 'modifiers': [{'type': 6, 'value': 86088}], 'pet_breed_id': 18, 'pet_level': 1, 'pet_quality_id': 3, 'pet_species_id': 2186}"
1200275500,VERY_LONG,,1,755999900,,"{'id': 82800, 'context': 0, 'modifiers': [{'type': 6, 'value': 93744}], 'pet_breed_id': 18, 'pet_level': 1, 'pet_quality_id': 2, 'pet_species_id': 2933}"
1200275503,VERY_LONG,,1,196000000,,"{'id': 82800, 'context': 0, 'modifiers': [{'type': 6, 'value': 95576}], 'pet_breed_id': 14, 'pet_level': 1, 'pet_quality_id': 2, 'pet_species_id': 2944}"
1200275504,VERY_LONG,,1,74744500,,"{'id': 82800, 'context': 0, 'modifiers': [{'type': 6, 'value': 88873}], 'pet_breed_id': 12, 'pet_level': 1, 'pet_quality_id': 3, 'pet_species_id': 2680}"
1200275528,LONG,,1,1999990000,,"{'id': 163574, 'context': 0}"
1200275538,VERY_LONG,,1,366000000,,"{'id': 82800, 'context': 0, 'modifiers': [{'type': 6, 'value': 86135}], 'pet_breed_id': 8, 'pet_level': 1, 'pet_quality_id': 2, 'pet_species_id': 2189}"
1200275625,VERY_LONG,2299900,1,,,{'id': 43535}
1200275637,VERY_LONG,2249100,1,,,{'id': 89868}
1200275799,VERY_LONG,1549900,216,,,{'id': 171833}
1200275806,VERY_LONG,,1,48697900,24349000,"{'id': 4335, 'context': 0, 'bonus_lists': [6835]}"
1200275810,VERY_LONG,,1,2131300,1076500,"{'id': 12428, 'context': 1, 'bonus_lists': [6880]}"
1200275812,VERY_LONG,,1,9008700,4504400,"{'id': 55742, 'context': 0, 'bonus_lists': [6654, 1707], 'modifiers': [{'type': 9, 'value': 35}, {'type': 28, 'value': 56}]}"
1200275814,VERY_LONG,,1,48000000,24000000,"{'id': 4810, 'context': 0}"
1200275820,VERY_LONG,,1,249999700,124999900,"{'id': 132501, 'context': 13, 'bonus_lists': [1711, 3392, 3408]}"
1200275821,VERY_LONG,,1,19000000,9500000,"{'id': 55553, 'context': 36, 'bonus_lists': [1698, 4764], 'modifiers': [{'type': 9, 'value': 47}]}"
1200275824,VERY_LONG,,1,1050000000,525000000,"{'id': 47570, 'context': 1, 'bonus_lists': [6883]}"
1200275826,VERY_LONG,149999700,1,,,{'id': 132982}
1200275827,VERY_LONG,,1,500000000,,"{'id': 183010, 'context': 4, 'bonus_lists': [7186, 6652, 1459, 6646], 'modifiers': [{'type': 28, 'value': 750}]}"
1200275829,VERY_LONG,,1,25287300,12643700,"{'id': 41250, 'context': 0, 'bonus_lists': [6835]}"
1200275830,VERY_LONG,,1,2450000000,1225000000,"{'id': 9508, 'context': 1, 'bonus_lists': [4017], 'modifiers': [{'type': 9, 'value': 25}]}"
1200275831,VERY_LONG,,1,2179400,1102500,"{'id': 12414, 'context': 1, 'bonus_lists': [6883]}"
1200275833,VERY_LONG,,1,104999700,52499900,"{'id': 93455, 'context': 1, 'bonus_lists': [6878]}"
1200275835,VERY_LONG,,1,99999400,49999700,"{'id': 55044, 'context': 0}"
1200275837,VERY_LONG,100000,7,,,{'id': 158379}
1200275839,VERY_LONG,,1,52000000,26000000,"{'id': 13106, 'context': 1, 'bonus_lists': [6658], 'modifiers': [{'type': 9, 'value': 12}, {'type': 28, 'value': 1918}]}"
1200275847,VERY_LONG,,1,540759300,270379700,"{'id': 78200, 'context': 14}"
1200275849,VERY_LONG,,1,170000,140500,"{'id': 10035, 'context': 0, 'bonus_lists': [6835]}"
1200275850,VERY_LONG,,1,570180500,285090300,"{'id': 31272, 'context': 0}"
1200275851,VERY_LONG,,1,190147600,99644300,"{'id': 17015, 'context': 1}"
1200275853,VERY_LONG,,1,219997700,109998900,"{'id': 42096, 'context': 0}"
1200275857,VERY_LONG,,1,21500000,10750000,"{'id': 24742, 'context': 0, 'bonus_lists': [6654, 1709], 'modifiers': [{'type': 9, 'value': 30}, {'type': 28, 'value': 40}]}"
1200275860,VERY_LONG,,1,925000000,462500000,"{'id': 78231, 'context': 14, 'modifiers': [{'type': 28, 'value': 402}]}"
1200275862,VERY_LONG,800000,1,,,{'id': 38771}
1200275864,VERY_LONG,,1,150000000,75000000,"{'id': 22758, 'context': 1}"
1200275866,VERY_LONG,,1,26000000,13000000,"{'id': 121027, 'context': 0, 'bonus_lists': [1812, 1784], 'modifiers': [{'type': 9, 'value': 45}]}"
1200275868,VERY_LONG,19895300,1,,,{'id': 129021}
1200275871,VERY_LONG,,1,610000000,305000000,"{'id': 44949, 'context': 1}"
1200275874,VERY_LONG,21998800,1,,,{'id': 52085}
1200275877,VERY_LONG,,1,19999000,14060100,"{'id': 40950, 'context': 0}"
1200275880,VERY_LONG,9999600,1,,,{'id': 87578}
1200275882,VERY_LONG,,1,29999900,16986100,"{'id': 161972, 'context': 13, 'bonus_lists': [1717, 6863]}"
1200275888,VERY_LONG,,1,84999700,42499900,"{'id': 116178, 'context': 13, 'bonus_lists': [93, 525, 536, 6856]}"
1200275891,VERY_LONG,,1,18999700,9499900,"{'id': 41554, 'context': 0, 'bonus_lists': [6868]}"
1200275893,VERY_LONG,,1,485500,386200,"{'id': 4326, 'context': 0, 'bonus_lists': [6865]}"
1200275894,VERY_LONG,,1,8999900,4500000,"{'id': 52306, 'context': 0, 'bonus_lists': [1685, 6844]}"
1200275896,VERY_LONG,,1,18073300,10352500,"{'id': 3655, 'context': 0, 'bonus_lists': [6655], 'modifiers': [{'type': 9, 'value': 30}, {'type': 28, 'value': 15}]}"
1200275899,VERY_LONG,,1,1199900,1110600,"{'id': 56494, 'context': 1, 'bonus_lists': [1680, 6846]}"
1200275901,VERY_LONG,,1,125000000,68127600,"{'id': 94278, 'context': 0}"
1200275903,VERY_LONG,,1,480000000,240000000,"{'id': 75061, 'context': 0, 'bonus_lists': [6868]}"
1200275906,VERY_LONG,355400,14,,,{'id': 72985}
1200275909,VERY_LONG,,1,60576200,30288100,"{'id': 109168, 'context': 13, 'bonus_lists': [531, 525, 191, 6878]}"
1200275910,VERY_LONG,300000,1,,,{'id': 116654}
1200275913,VERY_LONG,,1,290000,167000,"{'id': 13863, 'context': 0, 'bonus_lists': [6883]}"
1200275915,VERY_LONG,,1,75000000,37500000,"{'id': 167965, 'context': 13, 'bonus_lists': [1712, 5804]}"
1200275922,VERY_LONG,,1,250000000,125000000,"{'id': 82926, 'context': 1}"
1200275924,VERY_LONG,,1,1215100,607600,"{'id': 7166, 'context': 0}"
1200275926,VERY_LONG,,1,689999700,344999900,"{'id': 21342, 'context': 0}"
1200275929,VERY_LONG,,1,117500000,58750000,"{'id': 55037, 'context': 1, 'bonus_lists': [6864]}"
1200275932,VERY_LONG,,1,360000000,180000000,"{'id': 164691, 'context': 13, 'bonus_lists': [1685, 5804]}"
1200275935,VERY_LONG,,1,580000000,290000000,"{'id': 71996, 'context': 0}"
1200275945,VERY_LONG,,1,140000,98900,"{'id': 10024, 'context': 0, 'bonus_lists': [6874]}"
1200275950,VERY_LONG,,1,933100,466600,"{'id': 13857, 'context': 0, 'bonus_lists': [6880]}"
1200275953,VERY_LONG,9998000,2,,,{'id': 110646}
1200275957,VERY_LONG,13329900,2,,,{'id': 167539}
1200275960,VERY_LONG,4399900,5,,,{'id': 158212}
1200275962,VERY_LONG,18005300,1,,,{'id': 110645}
1200275965,VERY_LONG,,1,41000000,20500000,"{'id': 128978, 'context': 13, 'bonus_lists': [6827]}"
1200275966,VERY_LONG,,1,8499800,4249900,"{'id': 161984, 'context': 13, 'bonus_lists': [1677, 6848]}"
1200275970,VERY_LONG,,1,1550000000,775000000,"{'id': 820, 'context': 0, 'bonus_lists': [3637], 'modifiers': [{'type': 9, 'value': 10}]}"
1200275973,VERY_LONG,,1,62300100,31150100,"{'id': 123894, 'context': 13, 'bonus_lists': [1691, 6865, 3408]}"
1200275974,VERY_LONG,,1,4000000,2000000,"{'id': 68757, 'context': 0, 'bonus_lists': [6654], 'modifiers': [{'type': 9, 'value': 30}, {'type': 28, 'value': 74}]}"
1200275976,VERY_LONG,,1,130000000,65000000,"{'id': 75104, 'context': 0}"
1200275977,VERY_LONG,1190000,1,,,{'id': 43366}
1200275979,VERY_LONG,,1,499999400,249999700,"{'id': 12797, 'context': 1}"
1200275981,VERY_LONG,2499700,4,,,{'id': 53051}
1200275984,VERY_LONG,,1,289999600,144999800,"{'id': 164714, 'context': 13, 'bonus_lists': [1676]}"
1200275987,VERY_LONG,4000000,1,,,{'id': 4265}
1200275990,VERY_LONG,,1,90000000,77719700,"{'id': 11608, 'context': 1, 'bonus_lists': [6883]}"
1200275992,VERY_LONG,3979900,1,,,{'id': 43398}
1200275994,VERY_LONG,,1,72500000,36250000,"{'id': 3840, 'context': 0, 'bonus_lists': [6860]}"
1200275996,VERY_LONG,1939900,1,,,{'id': 43373}
1200275997,VERY_LONG,2749500,1,,,{'id': 43334}
1200275999,VERY_LONG,,1,11032200,5516100,"{'id': 15172, 'context': 1, 'bonus_lists': [6654, 1707], 'modifiers': [{'type': 9, 'value': 30}, {'type': 28, 'value': 279}]}"
1200276002,VERY_LONG,,1,110000000,55000000,"{'id': 55292, 'context': 36, 'bonus_lists': [1702, 4314], 'modifiers': [{'type': 9, 'value': 45}]}"
1200276004,VERY_LONG,,1,17000000,14153500,"{'id': 184480, 'context': 0}"
1200276006,VERY_LONG,,1,17000000,14153500,"{'id': 184480, 'context': 0}"
1200276008,VERY_LONG,,1,17000000,14153500,"{'id': 184480, 'context': 0}"
1200276009,VERY_LONG,,1,12000000,6000000,"{'id': 114828, 'context': 13, 'bonus_lists': [167, 6856]}"
1200276011,VERY_LONG,,1,769600,606400,"{'id': 7063, 'context': 0, 'bonus_lists': [6869]}"
1200276014,VERY_LONG,,1,21000000,10500000,"{'id': 38420, 'context': 1}"
1200276018,VERY_LONG,2020000,1,,,{'id': 104099}
1200276020,VERY_LONG,,1,829300,650500,"{'id': 4333, 'context': 0, 'bonus_lists': [6835]}"
1200276031,VERY_LONG,,1,52500000,26250000,"{'id': 37797, 'context': 0}"
1200276033,VERY_LONG,5998800,1,,,{'id': 52094}
1200276035,VERY_LONG,,1,48685200,24342600,"{'id': 106662, 'context': 2, 'bonus_lists': [6654, 203], 'modifiers': [{'type': 9, 'value': 40}, {'type': 28, 'value': 1140}]}"
1200276037,VERY_LONG,480000,1,,,{'id': 104126}
1200276039,VERY_LONG,,1,99999300,49999700,"{'id': 55246, 'context': 0}"
1200276040,VERY_LONG,49000000,1,,,{'id': 77544}
1200276041,VERY_LONG,,1,109999700,54999900,"{'id': 164705, 'context': 13, 'bonus_lists': [1679, 6876]}"
1200276042,VERY_LONG,,1,65000000,32500000,"{'id': 7049, 'context': 0, 'bonus_lists': [6858]}"
1200276043,VERY_LONG,,1,49999400,24999700,"{'id': 4383, 'context': 0, 'bonus_lists': [6857]}"
1200276044,VERY_LONG,,1,16000000,8000000,"{'id': 47622, 'context': 0}"
1200276045,VERY_LONG,,1,19999300,16624900,"{'id': 41240, 'context': 0}"
1200276046,VERY_LONG,,1,54762600,27381300,"{'id': 111820, 'context': 0, 'bonus_lists': [6839]}"
1200276047,VERY_LONG,,1,85001700,42500900,"{'id': 106681, 'context': 0, 'bonus_lists': [20]}"
1200276048,VERY_LONG,,1,6749700,3374900,"{'id': 41521, 'context': 1, 'bonus_lists': [6849]}"
1200276050,VERY_LONG,8999900,1,,,{'id': 87392}
1200276051,VERY_LONG,,1,23999900,12025600,"{'id': 44742, 'context': 0, 'bonus_lists': [1708, 6849]}"
1200276052,VERY_LONG,2352800,1,,,{'id': 76566}
1200276053,VERY_LONG,,1,12500000,6250000,"{'id': 21854, 'context': 1}"
1200276055,VERY_LONG,,1,240000000,120000000,"{'id': 18986, 'context': 0}"
1200276058,VERY_LONG,,1,709700,523900,"{'id': 10001, 'context': 0, 'bonus_lists': [6870]}"
1200276059,VERY_LONG,,1,369999900,185000000,"{'id': 18409, 'context': 1}"
1200276060,VERY_LONG,630000,1,,,{'id': 40919}
1200276061,VERY_LONG,,1,125000000,62500000,"{'id': 40952, 'context': 1, 'bonus_lists': [6859]}"
1200276063,VERY_LONG,2799700,13,,,{'id': 168596}
1200276064,VERY_LONG,,1,4999900,3503100,"{'id': 153690, 'context': 13, 'bonus_lists': [6827, 3349]}"
1200276065,VERY_LONG,,1,32000000,16000000,"{'id': 24846, 'context': 29, 'bonus_lists': [1706, 3849], 'modifiers': [{'type': 9, 'value': 50}]}"
1200276067,VERY_LONG,,1,117500000,58750000,"{'id': 93622, 'context': 1, 'bonus_lists': [6878]}"
1200276068,VERY_LONG,30000,3,,,{'id': 6450}
1200276070,VERY_LONG,,1,1989900,995000,"{'id': 3473, 'context': 1, 'bonus_lists': [6842]}"
1200276071,VERY_LONG,,1,2489900,1255000,"{'id': 4321, 'context': 0, 'bonus_lists': [6856]}"
1200276072,VERY_LONG,,1,64999700,32499900,"{'id': 43975, 'context': 1}"
1200276073,VERY_LONG,2299700,1,,,{'id': 42751}
1200276077,VERY_LONG,,1,105000000,52500000,"{'id': 75130, 'context': 1}"
1200276078,VERY_LONG,10500000,1,,,{'id': 118008}
1200276080,VERY_LONG,,1,270000000,135000000,"{'id': 82919, 'context': 1}"
1200276082,VERY_LONG,,1,479800,383400,"{'id': 13869, 'context': 0, 'bonus_lists': [6879]}"
1200276083,VERY_LONG,5999900,1,,,{'id': 43394}
1200276084,VERY_LONG,,1,14547600,7273800,"{'id': 116168, 'context': 13, 'bonus_lists': [224]}"
1200276086,VERY_LONG,1210000,1,,,{'id': 149755}
1200276087,VERY_LONG,,1,176689000,88344500,"{'id': 41609, 'context': 0}"
1200276088,VERY_LONG,,1,62500000,31250000,"{'id': 55031, 'context': 1, 'bonus_lists': [6867]}"
1200276090,VERY_LONG,,1,125000000,62500000,"{'id': 1917, 'context': 0, 'bonus_lists': [3671], 'modifiers': [{'type': 9, 'value': 25}]}"
1200276091,VERY_LONG,,1,7998000,7293000,"{'id': 161956, 'context': 13, 'bonus_lists': [1687, 6846]}"
1200276094,VERY_LONG,,1,50000000,25000000,"{'id': 82158, 'context': 0, 'bonus_lists': [1688]}"
1200276097,VERY_LONG,11989300,3,,,{'id': 87580}
1200276098,VERY_LONG,,1,1489900,1316300,"{'id': 132497, 'context': 0, 'bonus_lists': [6852]}"
1200276099,VERY_LONG,,1,64999700,32499900,"{'id': 45811, 'context': 0}"
1200278101,VERY_LONG,,1,2489900,1569800,"{'id': 132498, 'context': 1, 'bonus_lists': [6856]}"
1200278103,VERY_LONG,,1,1550700,775400,"{'id': 38277, 'context': 0, 'bonus_lists': [6835]}"
1200278106,VERY_LONG,,1,52500000,26250000,"{'id': 55391, 'context': 36, 'bonus_lists': [1691, 4767], 'modifiers': [{'type': 9, 'value': 45}]}"
1200278107,VERY_LONG,1090000,1,,,{'id': 80588}
1200278108,VERY_LONG,,1,107840400,53920200,"{'id': 161951, 'context': 13, 'bonus_lists': [1696, 6869]}"
1200278112,VERY_LONG,,1,27777800,15122500,"{'id': 6407, 'context': 42, 'bonus_lists': [3836], 'modifiers': [{'type': 9, 'value': 20}]}"
1200278122,VERY_LONG,150000,1,,,{'id': 104138}
1200278135,VERY_LONG,2399100,1,,,{'id': 104104}
1200278144,VERY_LONG,1300000,1,,,{'id': 104120}
1200278151,VERY_LONG,1997700,1,,,{'id': 85221}
1200278158,VERY_LONG,1900000,1,,,{'id': 104108}
1200278172,VERY_LONG,2920000,1,,,{'id': 80587}
1200278191,VERY_LONG,504800,1,,,{'id': 104122}
1200278207,VERY_LONG,3979900,1,,,{'id': 43398}
1200278214,VERY_LONG,1170000,1,,,{'id': 87883}
1200278225,VERY_LONG,450000,1,,,{'id': 43350}
1200278228,LONG,,1,649990000,,"{'id': 184798, 'context': 0, 'bonus_lists': [43, 1472, 6646], 'modifiers': [{'type': 28, 'value': 1707}]}"
1200278236,VERY_LONG,700000,1,,,{'id': 104127}
1200278246,VERY_LONG,5550000,1,,,{'id': 43369}
1200278256,VERY_LONG,2007100,1,,,{'id': 43551}
1200278268,VERY_LONG,610000,1,,,{'id': 42459}
1200278275,VERY_LONG,1149900,1,,,{'id': 45768}
1200278290,VERY_LONG,13329900,1,,,{'id': 167539}
1200278304,VERY_LONG,760000,1,,,{'id': 87888}
1200278318,VERY_LONG,293600,1,,,{'id': 104105}
1200278328,VERY_LONG,2370000,1,,,{'id': 45789}
1200278344,VERY_LONG,868300,1,,,{'id': 49084}
1200278358,VERY_LONG,2200000,1,,,{'id': 79538}
1200278369,VERY_LONG,5999900,1,,,{'id': 43394}
1200278380,VERY_LONG,1560000,1,,,{'id': 87885}
1200278458,VERY_LONG,570000,1,,,{'id': 87277}
1200278472,VERY_LONG,500000,1,,,{'id': 118061}
1200278481,VERY_LONG,2240000,1,,,{'id': 41100}
1200278495,VERY_LONG,1939900,1,,,{'id': 43373}
1200278510,VERY_LONG,2452100,1,,,{'id': 43400}
1200278759,LONG,,1,25275900,,"{'id': 176984, 'context': 0, 'bonus_lists': [6907, 42, 1690], 'modifiers': [{'type': 9, 'value': 60}, {'type': 28, 'value': 2060}]}"
1200278760,LONG,,1,8890000,,"{'id': 177809, 'context': 0, 'bonus_lists': [6908, 6652, 1711], 'modifiers': [{'type': 9, 'value': 60}, {'type': 28, 'value': 1707}]}"
1200278762,LONG,,1,17146000,,"{'id': 177771, 'context': 0, 'bonus_lists': [6907, 6652, 1694], 'modifiers': [{'type': 9, 'value': 60}, {'type': 28, 'value': 2060}]}"
1200278763,LONG,,1,17849500,,"{'id': 2889, 'context': 11, 'modifiers': [{'type': 28, 'value': 74}]}"
1200278765,LONG,,1,17849500,,"{'id': 2889, 'context': 11, 'modifiers': [{'type': 28, 'value': 74}]}"
1200278767,LONG,,1,4478800,,"{'id': 173197, 'context': 0, 'bonus_lists': [6887], 'modifiers': [{'type': 9, 'value': 57}, {'type': 28, 'value': 391}, {'type': 29, 'value': 32}, {'type': 30, 'value': 36}]}"
1200278769,LONG,,1,4478800,,"{'id': 173197, 'context': 0, 'bonus_lists': [6887], 'modifiers': [{'type': 9, 'value': 57}, {'type': 28, 'value': 391}, {'type': 29, 'value': 32}, {'type': 30, 'value': 40}]}"
1200278772,LONG,4980000,1,,,{'id': 31910}
1200278774,LONG,,1,4425652600,,"{'id': 160132, 'context': 0, 'bonus_lists': [4796, 1680], 'modifiers': [{'type': 9, 'value': 50}]}"
1200278778,LONG,,1,4579700,,"{'id': 173199, 'context': 0, 'bonus_lists': [6890], 'modifiers': [{'type': 9, 'value': 58}, {'type': 28, 'value': 391}, {'type': 29, 'value': 49}, {'type': 30, 'value': 32}]}"
1200278781,LONG,,1,4579700,,"{'id': 173199, 'context': 0, 'bonus_lists': [6890], 'modifiers': [{'type': 9, 'value': 58}, {'type': 28, 'value': 391}, {'type': 29, 'value': 40}, {'type': 30, 'value': 36}]}"
1200278783,LONG,,1,4579700,,"{'id': 173199, 'context': 0, 'bonus_lists': [6890], 'modifiers': [{'type': 9, 'value': 58}, {'type': 28, 'value': 391}, {'type': 29, 'value': 40}, {'type': 30, 'value': 36}]}"
1200278784,LONG,,1,4579700,,"{'id': 173199, 'context': 0, 'bonus_lists': [6890], 'modifiers': [{'type': 9, 'value': 58}, {'type': 28, 'value': 391}, {'type': 29, 'value': 40}, {'type': 30, 'value': 49}]}"
1200278788,LONG,,1,4579700,,"{'id': 173199, 'context': 0, 'bonus_lists': [6890], 'modifiers': [{'type': 9, 'value': 58}, {'type': 28, 'value': 391}, {'type': 29, 'value': 49}, {'type': 30, 'value': 36}]}"
1200278791,LONG,,1,4429100,,"{'id': 173194, 'context': 0, 'bonus_lists': [6887], 'modifiers': [{'type': 9, 'value': 57}, {'type': 28, 'value': 391}, {'type': 29, 'value': 32}, {'type': 30, 'value': 36}]}"
1200278792,LONG,,1,4429100,,"{'id': 173194, 'context': 0, 'bonus_lists': [6887], 'modifiers': [{'type': 9, 'value': 57}, {'type': 28, 'value': 391}, {'type': 29, 'value': 49}, {'type': 30, 'value': 36}]}"
1200278794,LONG,,1,4429100,,"{'id': 173194, 'context': 0, 'bonus_lists': [6887], 'modifiers': [{'type': 9, 'value': 57}, {'type': 28, 'value': 391}, {'type': 29, 'value': 49}, {'type': 30, 'value': 36}]}"
1200278797,LONG,,1,4429100,,"{'id': 173194, 'context': 0, 'bonus_lists': [6887], 'modifiers': [{'type': 9, 'value': 57}, {'type': 28, 'value': 391}, {'type': 29, 'value': 36}, {'type': 30, 'value': 49}]}"
1200278798,LONG,,1,4429100,,"{'id': 173194, 'context': 0, 'bonus_lists': [6887], 'modifiers': [{'type': 9, 'value': 57}, {'type': 28, 'value': 391}, {'type': 29, 'value': 40}, {'type': 30, 'value': 36}]}"
1200278801,LONG,,1,4429100,,"{'id': 173194, 'context': 0, 'bonus_lists': [6887], 'modifiers': [{'type': 9, 'value': 57}, {'type': 28, 'value': 391}, {'type': 29, 'value': 36}, {'type': 30, 'value': 40}]}"
1200278802,LONG,,1,4429100,,"{'id': 173194, 'context': 0, 'bonus_lists': [6887], 'modifiers': [{'type': 9, 'value': 57}, {'type': 28, 'value': 391}, {'type': 29, 'value': 49}, {'type': 30, 'value': 32}]}"
1200278805,LONG,,1,388589000,,"{'id': 170115, 'context': 0, 'bonus_lists': [4796, 1710], 'modifiers': [{'type': 9, 'value': 50}]}"
1200278809,LONG,,1,94759300,,"{'id': 14298, 'context': 54, 'bonus_lists': [1678, 4277], 'modifiers': [{'type': 9, 'value': 50}]}"
1200278812,LONG,25200,22,,,{'id': 72988}
1200278816,LONG,2999600,3,,,{'id': 2886}
1200278817,LONG,,1,17981700,,"{'id': 52379, 'context': 5}"
1200278820,LONG,,1,283449900,,"{'id': 167981, 'context': 13, 'bonus_lists': [1680]}"
1200278822,LONG,,1,283449900,,"{'id': 167981, 'context': 13, 'bonus_lists': [1678]}"
1200278824,LONG,,1,290678300,,"{'id': 167981, 'context': 13, 'bonus_lists': [1686]}"
1200278827,LONG,,1,66765700,,"{'id': 121264, 'context': 0, 'bonus_lists': [6654, 1808, 1717], 'modifiers': [{'type': 9, 'value': 45}, {'type': 28, 'value': 619}]}"
1200278829,LONG,,1,424129800,,"{'id': 144404, 'context': 3, 'bonus_lists': [3443, 1808, 1472, 3528], 'modifiers': [{'type': 28, 'value': 619}]}"
1200278831,LONG,73061700,5,,,{'id': 139036}
1200278833,LONG,,1,12008400,,"{'id': 176964, 'context': 0, 'bonus_lists': [6907, 6652, 1711], 'modifiers': [{'type': 9, 'value': 60}, {'type': 28, 'value': 2060}]}"
1200278835,LONG,,1,19000000,,"{'id': 69972, 'context': 3}"
1200278836,LONG,8950000,1,,,{'id': 139783}
1200278840,LONG,564525700,1,,,{'id': 62004}
1200278844,LONG,9505600,1,,,{'id': 19271}
1200278847,LONG,,1,8863700,,"{'id': 82800, 'context': 0, 'modifiers': [{'type': 6, 'value': 58736}], 'pet_breed_id': 18, 'pet_level': 1, 'pet_quality_id': 2, 'pet_species_id': 1515}"
1200278849,LONG,35296200,3,,,{'id': 97512}
1200278853,LONG,,1,25104100,,"{'id': 15743, 'context': 1}"
1200278857,LONG,,1,1446686900,,"{'id': 154842, 'context': 0, 'bonus_lists': [4796, 1712], 'modifiers': [{'type': 9, 'value': 50}]}"
1200278860,LONG,,1,4871000,,"{'id': 12704, 'context': 1}"
1200278863,LONG,,1,360000,,"{'id': 82800, 'context': 0, 'modifiers': [{'type': 6, 'value': 6190}], 'pet_breed_id': 15, 'pet_level': 1, 'pet_quality_id': 2, 'pet_species_id': 51}"
1200278865,LONG,,1,134690000,,"{'id': 24214, 'context': 2}"
1200278868,LONG,138402400,2,,,{'id': 169152}
1200278871,LONG,79182700,1,,,{'id': 19233}
1200278914,VERY_LONG,500,2,,,{'id': 171840}
1200279077,VERY_LONG,,1,33300,,"{'id': 2575, 'context': 0, 'bonus_lists': [6835]}"
1200280336,LONG,,1,2523600,,"{'id': 112384, 'context': 13, 'bonus_lists': [6839]}"
1200280337,LONG,,1,2523600,,"{'id': 112384, 'context': 13, 'bonus_lists': [6839]}"
1200280339,LONG,,1,2523600,,"{'id': 112384, 'context': 13, 'bonus_lists': [6839]}"
1200280464,VERY_LONG,,1,115200,,"{'id': 7026, 'context': 0, 'bonus_lists': [6838]}"
1200280475,VERY_LONG,,1,291100,,"{'id': 13856, 'context': 0, 'bonus_lists': [6879]}"
1200280480,VERY_LONG,,1,61200,59800,"{'id': 9999, 'context': 1, 'bonus_lists': [6869]}"
1200280482,VERY_LONG,,1,570000000,285000000,"{'id': 32479, 'context': 0, 'bonus_lists': [6858]}"
1200280483,VERY_LONG,,1,3739800,2769000,"{'id': 4327, 'context': 0, 'bonus_lists': [6868]}"
1200280485,VERY_LONG,2597700,1,,,{'id': 87881}
1200280486,VERY_LONG,,1,559999900,280000000,"{'id': 49890, 'context': 1}"
1200280488,VERY_LONG,1249800,23,,,{'id': 133940}
1200280491,VERY_LONG,350000,37,,,{'id': 154166}
1200280492,VERY_LONG,,1,1600000,800000,"{'id': 16864, 'context': 0, 'modifiers': [{'type': 28, 'value': 1004}]}"
1200280493,VERY_LONG,5898700,1,,,{'id': 38373}
1200280495,VERY_LONG,450000,2,,,{'id': 43350}
1200280497,VERY_LONG,8787500,1,,,{'id': 44449}
1200280500,VERY_LONG,,1,9580100,4790100,"{'id': 151792, 'context': 0, 'bonus_lists': [6835]}"
1200280504,VERY_LONG,,1,26499900,13250000,"{'id': 41249, 'context': 0, 'bonus_lists': [6835]}"
1200280507,VERY_LONG,,1,39561400,19780700,"{'id': 55311, 'context': 22, 'bonus_lists': [6654, 1716], 'modifiers': [{'type': 9, 'value': 35}, {'type': 28, 'value': 1114}]}"
1200280511,VERY_LONG,,1,42500000,21250000,"{'id': 82956, 'context': 1}"
1200280517,VERY_LONG,5499200,2,,,{'id': 68049}
1200280520,VERY_LONG,2249000,1,,,{'id': 89868}
1200280522,VERY_LONG,,1,102500000,51250000,"{'id': 40954, 'context': 0, 'bonus_lists': [6868]}"
1200280525,VERY_LONG,,1,99900,,"{'id': 4334, 'context': 0, 'bonus_lists': [6835]}"
1200280526,VERY_LONG,,1,235000000,117500000,"{'id': 12612, 'context': 0}"
1200280530,VERY_LONG,,1,756200,570700,"{'id': 5766, 'context': 0, 'bonus_lists': [6855]}"
1200280534,VERY_LONG,,1,85000000,42500000,"{'id': 162655, 'context': 13, 'bonus_lists': [1682, 6855, 5804]}"
1200280538,VERY_LONG,,1,1489900,745000,"{'id': 4331, 'context': 0}"
1200280542,VERY_LONG,13500000,4,,,{'id': 6714}
1200280545,VERY_LONG,,1,3999900,2000000,"{'id': 36178, 'context': 0, 'bonus_lists': [1692]}"
1200280547,VERY_LONG,,1,249999700,124999900,"{'id': 24258, 'context': 0}"
1200280550,VERY_LONG,192100,4,,,{'id': 72986}
1200280555,VERY_LONG,,1,79944100,39972100,"{'id': 164711, 'context': 13, 'bonus_lists': [1678, 6873]}"
1200280557,VERY_LONG,,1,97500000,48750000,"{'id': 42730, 'context': 0, 'bonus_lists': [6881]}"
1200280560,VERY_LONG,,1,250000000,125000000,"{'id': 45566, 'context': 0, 'bonus_lists': [6883]}"
1200280563,VERY_LONG,,1,360000000,180000000,"{'id': 42555, 'context': 1}"
1200280565,VERY_LONG,,1,33999900,17000000,"{'id': 38413, 'context': 1, 'bonus_lists': [6852]}"
1200280596,VERY_LONG,,1,369900,,"{'id': 4312, 'context': 0, 'bonus_lists': [6845]}"
1200280644,VERY_LONG,,1,74400,,"{'id': 2577, 'context': 0, 'bonus_lists': [6835]}"
1200280688,VERY_LONG,,1,566200,,"{'id': 5766, 'context': 0}"
1200280701,VERY_LONG,,1,528300,,"{'id': 14132, 'context': 0}"
1200280720,VERY_LONG,,1,111100,,"{'id': 7046, 'context': 0}"
1200280726,VERY_LONG,,1,42500,,"{'id': 10045, 'context': 0, 'bonus_lists': [6836]}"
1200280775,VERY_LONG,,1,1188200,,"{'id': 13867, 'context': 0, 'bonus_lists': [6883]}"
1200280783,VERY_LONG,,1,175400,,"{'id': 13866, 'context': 0, 'bonus_lists': [6883]}"
1200280822,VERY_LONG,,1,999900,,"{'id': 4317, 'context': 0, 'bonus_lists': [6827]}"
1200280858,VERY_LONG,,1,654754900,,"{'id': 47602, 'context': 0}"
1200280860,VERY_LONG,,1,77690100,,"{'id': 167949, 'context': 13, 'bonus_lists': [1696]}"
1200280863,VERY_LONG,,1,43720800,,"{'id': 128901, 'context': 13, 'bonus_lists': [669, 600, 689, 1717, 3408]}"
1200280864,VERY_LONG,,1,43720800,,"{'id': 128901, 'context': 13, 'bonus_lists': [669, 600, 689, 1709, 3408]}"
1200280868,VERY_LONG,,1,1045882800,,"{'id': 98610, 'context': 0}"
1200280870,VERY_LONG,7949600,1,,,{'id': 173161}
1200280872,VERY_LONG,,1,105775400,,"{'id': 95536, 'context': 0}"
1200280875,VERY_LONG,,1,610755900,,"{'id': 98609, 'context': 0, 'bonus_lists': [6883]}"
1200280876,VERY_LONG,,1,1268900300,,"{'id': 98605, 'context': 0}"
1200280879,VERY_LONG,,1,401015500,,"{'id': 85788, 'context': 0}"
1200280884,VERY_LONG,,1,237284800,,"{'id': 94275, 'context': 0}"
1200280885,VERY_LONG,,1,11123600,,"{'id': 13058, 'context': 53, 'bonus_lists': [4273], 'modifiers': [{'type': 9, 'value': 50}]}"
1200280887,VERY_LONG,,1,483507800,,"{'id': 20295, 'context': 0}"
1200280888,VERY_LONG,,1,153385300,,"{'id': 98835, 'context': 0}"
1200280892,VERY_LONG,,1,144717300,,"{'id': 94272, 'context': 0}"
1200280893,VERY_LONG,,1,56731100,,"{'id': 19044, 'context': 0, 'bonus_lists': [6883]}"
1200280895,VERY_LONG,,1,537048700,,"{'id': 98614, 'context': 0}"
1200280898,VERY_LONG,,1,292814700,,"{'id': 85828, 'context': 0}"
1200280901,VERY_LONG,,1,82853000,,"{'id': 43566, 'context': 0}"
1200281012,VERY_LONG,,1,32999700,16499900,"{'id': 93428, 'context': 0}"
1200281015,VERY_LONG,,1,145000000,72500000,"{'id': 75093, 'context': 0}"
1200281017,VERY_LONG,1800000,2,,,{'id': 87883}
1200281018,VERY_LONG,,1,235000000,117500000,"{'id': 123915, 'context': 13, 'bonus_lists': [669, 600, 689, 1684, 3408, 6883]}"
1200281020,VERY_LONG,7750000,1,,,{'id': 76512}
1200281022,VERY_LONG,21109900,2,,,{'id': 137293}
1200281024,VERY_LONG,,1,44999700,22499900,"{'id': 20575, 'context': 1, 'bonus_lists': [6849]}"
1200281026,VERY_LONG,,1,70000000,35000000,"{'id': 31280, 'context': 22, 'bonus_lists': [6658], 'modifiers': [{'type': 9, 'value': 30}, {'type': 28, 'value': 1079}]}"
1200281028,VERY_LONG,,1,4999600,2835300,"{'id': 153689, 'context': 13, 'bonus_lists': [6827, 3378]}"
1200281030,VERY_LONG,,1,4999600,2835300,"{'id': 153689, 'context': 13, 'bonus_lists': [6827, 3378]}"
1200281032,VERY_LONG,,1,4249900,2125000,"{'id': 13126, 'context': 0, 'bonus_lists': [6658], 'modifiers': [{'type': 9, 'value': 30}, {'type': 28, 'value': 1004}]}"
1200281036,VERY_LONG,,1,55000000,27500000,"{'id': 15894, 'context': 53, 'bonus_lists': [4281], 'modifiers': [{'type': 9, 'value': 25}]}"
1200281041,VERY_LONG,,1,19000000,9500000,"{'id': 14164, 'context': 1, 'bonus_lists': [6654, 1709], 'modifiers': [{'type': 9, 'value': 30}, {'type': 28, 'value': 193}]}"
1200281044,VERY_LONG,,1,110000000,55000000,"{'id': 114230, 'context': 13, 'bonus_lists': [122, 525, 534, 6848]}"
1200281047,VERY_LONG,,1,340000,176100,"{'id': 10047, 'context': 0, 'bonus_lists': [6844]}"
1200281048,VERY_LONG,,1,37000000,18500000,"{'id': 55412, 'context': 36, 'bonus_lists': [1692, 4314], 'modifiers': [{'type': 9, 'value': 45}]}"
1200281049,VERY_LONG,1000000,18,,,{'id': 174352}
1200281050,VERY_LONG,,1,11000000,5500000,"{'id': 128898, 'context': 13, 'bonus_lists': [1711, 6875, 3408]}"
1200281052,VERY_LONG,,1,37000000,18500000,"{'id': 36190, 'context': 27, 'bonus_lists': [1693, 3839], 'modifiers': [{'type': 9, 'value': 26}]}"
1200281053,VERY_LONG,1499700,6,,,{'id': 12404}
1200281054,VERY_LONG,,1,74998400,37499200,"{'id': 43970, 'context': 1}"
1200281057,VERY_LONG,109631000,1,,,{'id': 141333}
1200281058,VERY_LONG,,1,1489900,745000,"{'id': 10004, 'context': 0, 'bonus_lists': [6871]}"
1200281060,VERY_LONG,,1,62000000,31000000,"{'id': 98767, 'context': 0, 'bonus_lists': [6883]}"
1200281061,VERY_LONG,3488900,1,,,{'id': 110638}
1200281062,VERY_LONG,,1,25000000,12500000,"{'id': 93420, 'context': 0}"
1200281063,VERY_LONG,,1,19999200,17107800,"{'id': 40674, 'context': 0, 'bonus_lists': [6865]}"
1200281065,VERY_LONG,,1,360000000,180000000,"{'id': 41387, 'context': 1, 'bonus_lists': [6883]}"
1200281069,VERY_LONG,2999700,4,,,{'id': 87579}
1200281071,VERY_LONG,24848100,22,,,{'id': 168412}
1200281072,VERY_LONG,,1,975000000,487500000,"{'id': 78269, 'context': 14, 'modifiers': [{'type': 28, 'value': 402}]}"
1200281077,VERY_LONG,,1,999900,523400,"{'id': 10502, 'context': 1, 'bonus_lists': [6868]}"
1200281079,VERY_LONG,,1,240000,162700,"{'id': 10030, 'context': 0, 'bonus_lists': [6876]}"
1200281080,VERY_LONG,,1,80000000,40000000,"{'id': 12777, 'context': 1, 'bonus_lists': [6883]}"
1200281082,VERY_LONG,,1,10848000,5424000,"{'id': 2969, 'context': 0, 'bonus_lists': [6654], 'modifiers': [{'type': 9, 'value': 30}, {'type': 28, 'value': 15}]}"
1200281083,VERY_LONG,,1,29331400,14665700,"{'id': 10250, 'context': 0, 'bonus_lists': [6654, 1679], 'modifiers': [{'type': 9, 'value': 30}, {'type': 28, 'value': 1004}]}"
1200281085,VERY_LONG,,1,39999900,20000000,"{'id': 43583, 'context': 0, 'bonus_lists': [6883]}"
1200281087,VERY_LONG,700000,1,,,{'id': 104127}
1200281089,VERY_LONG,,1,320000000,160000000,"{'id': 24251, 'context': 0, 'bonus_lists': [6868]}"
1200281090,VERY_LONG,,1,22998700,11499400,"{'id': 55041, 'context': 1}"
1200281091,VERY_LONG,,1,95000000,47500000,"{'id': 38591, 'context': 0}"
1200281092,VERY_LONG,,1,19979900,9990000,"{'id': 55346, 'context': 36, 'bonus_lists': [1695, 4314], 'modifiers': [{'type': 9, 'value': 45}]}"
1200281094,VERY_LONG,,1,350000000,175000000,"{'id': 170323, 'context': 13, 'bonus_lists': [1710]}"
1200281096,VERY_LONG,53000000,1,,,{'id': 41146}
1200281097,VERY_LONG,570000,2,,,{'id': 87277}
1200281098,VERY_LONG,,1,989900,788900,"{'id': 3719, 'context': 0, 'bonus_lists': [6858]}"
1200281100,VERY_LONG,,1,7688700,3844400,"{'id': 106711, 'context': 0, 'bonus_lists': [214]}"
1200282101,VERY_LONG,,1,350000000,175000000,"{'id': 71980, 'context': 0}"
1200282103,VERY_LONG,,1,9000000,4500000,"{'id': 15932, 'context': 25, 'bonus_lists': [1693, 3857], 'modifiers': [{'type': 9, 'value': 5}]}"
1200282104,VERY_LONG,,1,769700,630600,"{'id': 10054, 'context': 0, 'bonus_lists': [6835]}"
1200282105,VERY_LONG,,1,675000000,337500000,"{'id': 32474, 'context': 1}"
1200282106,VERY_LONG,,1,97500000,48750000,"{'id': 56484, 'context': 0, 'bonus_lists': [1706]}"
1200282107,VERY_LONG,,1,6739900,3686000,"{'id': 8175, 'context': 1, 'bonus_lists': [6869]}"
1200282108,VERY_LONG,,1,250683600,125341800,"{'id': 55319, 'context': 36, 'bonus_lists': [1685, 4314], 'modifiers': [{'type': 9, 'value': 47}]}"
1200282110,VERY_LONG,,1,35000000,17500000,"{'id': 93432, 'context': 0, 'bonus_lists': [6879]}"
1200282113,VERY_LONG,,1,724999900,362500000,"{'id': 49892, 'context': 0}"
1200282114,VERY_LONG,,1,75342900,37671500,"{'id': 109171, 'context': 13, 'bonus_lists': [525, 36, 531]}"
1200282115,VERY_LONG,,1,115000000,57500000,"{'id': 41347, 'context': 1, 'bonus_lists': [6881]}"
1200282116,VERY_LONG,,1,525000000,262500000,"{'id': 20537, 'context': 1, 'bonus_lists': [6883]}"
1200282118,VERY_LONG,,1,150000000,75000000,"{'id': 161919, 'context': 13, 'bonus_lists': [1688, 4928, 5804]}"
1200282119,VERY_LONG,,1,10381500,5190800,"{'id': 6419, 'context': 0, 'bonus_lists': [6654], 'modifiers': [{'type': 9, 'value': 30}, {'type': 28, 'value': 25}]}"
1200282120,VERY_LONG,,1,2549999300,1274999700,"{'id': 94583, 'context': 0, 'bonus_lists': [6883]}"
1200282121,VERY_LONG,,1,38037300,19018700,"{'id': 44740, 'context': 1, 'bonus_lists': [1681]}"
1200282122,VERY_LONG,,1,60000000,30000000,"{'id': 56519, 'context': 0}"
1200282123,VERY_LONG,,1,3774500,1887300,"{'id': 21855, 'context': 0, 'bonus_lists': [6864]}"
1200282124,VERY_LONG,5006400,1,,,{'id': 110628}
1200282126,VERY_LONG,,1,249997700,124998900,"{'id': 43585, 'context': 0}"
1200282127,VERY_LONG,989900,1,,,{'id': 76564}
1200282128,VERY_LONG,1799800,35,,,{'id': 159788}
1200282131,VERY_LONG,,1,650000000,325000000,"{'id': 118886, 'context': 0, 'bonus_lists': [6660], 'modifiers': [{'type': 9, 'value': 40}, {'type': 28, 'value': 1139}]}"
1200282133,VERY_LONG,,1,46218600,23109300,"{'id': 56512, 'context': 0, 'bonus_lists': [1716]}"
1200282134,VERY_LONG,,1,1179700,923800,"{'id': 10018, 'context': 0, 'bonus_lists': [6873]}"
1200282135,VERY_LONG,,1,470000000,235000000,"{'id': 164684, 'context': 13, 'bonus_lists': [1710, 5804, 6863]}"
1200282137,VERY_LONG,,1,220000000,110000000,"{'id': 87485, 'context': 36, 'bonus_lists': [4760], 'modifiers': [{'type': 9, 'value': 37}]}"
1200282138,VERY_LONG,,1,46000000,23000000,"{'id': 98865, 'context': 0}"
1200282140,VERY_LONG,,1,115000000,57500000,"{'id': 82943, 'context': 0}"
1200282142,VERY_LONG,11000000,1,,,{'id': 76518}
1200282143,VERY_LONG,,1,69989300,34994700,"{'id': 109172, 'context': 13, 'bonus_lists': [525, 92, 532]}"
1200282144,VERY_LONG,,1,25000000,16963100,"{'id': 41127, 'context': 0, 'bonus_lists': [6874]}"
1200282145,VERY_LONG,,1,10750000,5375000,"{'id': 123898, 'context': 13, 'bonus_lists': [1693, 6857, 3408]}"
1200282146,VERY_LONG,3499900,2,,,{'id': 153445}
1200282147,VERY_LONG,100000,30,,,{'id': 113355}
1200282148,VERY_LONG,,1,7000000,4329500,"{'id': 82903, 'context': 0, 'bonus_lists': [1694]}"
1200282150,VERY_LONG,,1,310000000,155000000,"{'id': 161998, 'context': 13, 'bonus_lists': [1681, 4928]}"
1200282152,VERY_LONG,9000000,2,,,{'id': 31673}
1200282154,VERY_LONG,,1,62500000,31250000,"{'id': 98768, 'context': 0, 'bonus_lists': [6883]}"
1200282155,VERY_LONG,,1,95000000,47500000,"{'id': 106625, 'context': 29, 'bonus_lists': [3855, 160], 'modifiers': [{'type': 9, 'value': 50}]}"
1200282156,VERY_LONG,,1,95000000,47500000,"{'id': 94090, 'context': 0, 'bonus_lists': [1702]}"
1200282158,VERY_LONG,,1,90000000,45000000,"{'id': 40673, 'context': 0, 'bonus_lists': [6876]}"
1200282160,VERY_LONG,6499900,1,,,{'id': 52104}
1200282680,LONG,217300,80,,,{'id': 173037}
1200282681,LONG,595700,41,,,{'id': 172049}
1200282684,LONG,2431500,40,,,{'id': 171275}
1200282685,LONG,3960600,5,,,{'id': 171278}
1200282974,LONG,385000,95,,,{'id': 171285}
1200282991,LONG,4900000,1,,,{'id': 172408}
1200282996,LONG,3130000,27,,,{'id': 172419}
1200283006,LONG,979200,1,,,{'id': 177715}
1200283018,LONG,,1,2452900,,"{'id': 184479, 'context': 0}"
1200283020,LONG,,1,2452900,,"{'id': 184479, 'context': 0}"
1200283024,LONG,,1,2452900,,"{'id': 184479, 'context': 0}"
1200283026,LONG,,1,2452900,,"{'id': 184479, 'context': 0}"
1200283028,LONG,,1,2452900,,"{'id': 184479, 'context': 0}"
1200283099,VERY_LONG,2557700,1,,,{'id': 19269}
1200285101,VERY_LONG,217100,1,,,{'id': 112093}
1200285104,VERY_LONG,,1,2600000,1300000,"{'id': 21852, 'context': 1}"
1200285106,VERY_LONG,450000,2,,,{'id': 43350}
1200285108,VERY_LONG,7353500,2,,,{'id': 153646}
1200285110,VERY_LONG,,1,179999600,89999800,"{'id': 42100, 'context': 0}"
1200285112,VERY_LONG,280000000,1,,,{'id': 41602}
1200285116,VERY_LONG,,1,490000000,245000000,"{'id': 71995, 'context': 0, 'bonus_lists': [6883]}"
1200285120,VERY_LONG,,1,99997400,49998700,"{'id': 75098, 'context': 1}"
1200285122,VERY_LONG,,1,97500000,48750000,"{'id': 23742, 'context': 0}"
1200285125,VERY_LONG,5349400,17,,,{'id': 76540}
1200285127,VERY_LONG,,1,170000000,85000000,"{'id': 43588, 'context': 1, 'bonus_lists': [6883]}"
1200285129,VERY_LONG,,1,107499700,53749900,"{'id': 93540, 'context': 0, 'bonus_lists': [6878]}"
1200285131,VERY_LONG,,1,320594700,160297400,"{'id': 14175, 'context': 1, 'bonus_lists': [6654, 1692], 'modifiers': [{'type': 9, 'value': 30}, {'type': 28, 'value': 200}]}"
1200285132,VERY_LONG,,1,11607600,5803800,"{'id': 41513, 'context': 1}"
1200285134,VERY_LONG,250000000,1,,,{'id': 56550}
1200285135,VERY_LONG,,1,209999900,105000000,"{'id': 18408, 'context': 1}"
1200285137,VERY_LONG,,1,22499600,11249800,"{'id': 54484, 'context': 1}"
1200285138,VERY_LONG,,1,27500000,13750000,"{'id': 90904, 'context': 0, 'bonus_lists': [1700]}"
1200285139,VERY_LONG,,1,350000000,175000000,"{'id': 87428, 'context': 36, 'bonus_lists': [4296], 'modifiers': [{'type': 9, 'value': 50}]}"
1200285141,VERY_LONG,,1,125000000,62500000,"{'id': 37747, 'context': 36, 'bonus_lists': [3932], 'modifiers': [{'type': 9, 'value': 50}]}"
1200285142,VERY_LONG,18499900,1,,,{'id': 136708}
1200285144,VERY_LONG,300000,12,,,{'id': 111603}
1200285147,VERY_LONG,8499600,1,,,{'id': 116428}
1200285149,VERY_LONG,200000,4,,,{'id': 38768}
1200285151,VERY_LONG,,1,62500000,31250000,"{'id': 82957, 'context': 1}"
1200285152,VERY_LONG,,1,25000000,12500000,"{'id': 56509, 'context': 0, 'bonus_lists': [1700]}"
1200285155,VERY_LONG,1000000,1,,,{'id': 4367}
1200285157,VERY_LONG,430000,4,,,{'id': 3530}
1200285158,VERY_LONG,,1,220000000,110000000,"{'id': 167937, 'context': 13, 'bonus_lists': [1703, 5804, 6880]}"
1200285159,VERY_LONG,,1,150000,126700,"{'id': 38278, 'context': 1}"
1200285160,VERY_LONG,,1,24999800,12499900,"{'id': 55337, 'context': 36, 'bonus_lists': [1716, 4767], 'modifiers': [{'type': 9, 'value': 45}]}"
1200285162,VERY_LONG,,1,280000000,140000000,"{'id': 32420, 'context': 0}"
1200285164,VERY_LONG,,1,620000000,310000000,"{'id': 59458, 'context': 1}"
1200285167,VERY_LONG,,1,59000000,29500000,"{'id': 82421, 'context': 1}"
1200285169,VERY_LONG,,1,10000000,5000000,"{'id': 106487, 'context': 29, 'bonus_lists': [3854, 113], 'modifiers': [{'type': 9, 'value': 50}]}"
1200285170,VERY_LONG,,1,14000000,7000000,"{'id': 106508, 'context': 0, 'bonus_lists': [75]}"
1200285172,VERY_LONG,,1,27500000,24049100,"{'id': 40943, 'context': 1, 'bonus_lists': [6865]}"
1200285174,VERY_LONG,,1,110000000,55000000,"{'id': 116189, 'context': 13, 'bonus_lists': [192, 525, 535, 6870]}"
1200285177,VERY_LONG,,1,675000000,337500000,"{'id': 56536, 'context': 1}"
1200285178,VERY_LONG,,1,329999900,165000000,"{'id': 3310, 'context': 28, 'bonus_lists': [3831], 'modifiers': [{'type': 9, 'value': 10}]}"
1200285183,VERY_LONG,,1,3739900,2491900,"{'id': 7945, 'context': 0}"
1200285184,VERY_LONG,,1,700000000,350000000,"{'id': 170340, 'context': 13, 'bonus_lists': [1692, 6883]}"
1200285186,VERY_LONG,,1,180000000,90000000,"{'id': 170290, 'context': 13, 'bonus_lists': [1693, 5804, 6883]}"
1200285187,VERY_LONG,,1,8362000,4181000,"{'id': 7536, 'context': 54, 'bonus_lists': [1693, 4281], 'modifiers': [{'type': 9, 'value': 45}]}"
1200285189,VERY_LONG,,1,33000000,16500000,"{'id': 132487, 'context': 1}"
1200285190,VERY_LONG,,1,45999700,22999900,"{'id': 82962, 'context': 0}"
1200285191,VERY_LONG,,1,210000000,105000000,"{'id': 15118, 'context': 53, 'bonus_lists': [1707, 4277], 'modifiers': [{'type': 9, 'value': 24}]}"
1200285193,VERY_LONG,,1,2549999700,1274999900,"{'id': 94578, 'context': 0, 'bonus_lists': [6883]}"
1200285195,VERY_LONG,,1,500000,250000,"{'id': 10051, 'context': 0}"
1200285196,VERY_LONG,2007000,5,,,{'id': 43551}
1200285198,VERY_LONG,,1,41672400,20836200,"{'id': 15622, 'context': 54, 'bonus_lists': [1680, 4277], 'modifiers': [{'type': 9, 'value': 25}]}"
1200285199,VERY_LONG,20767400,6,,,{'id': 184097}
1200285201,VERY_LONG,,1,65000000,32500000,"{'id': 132534, 'context': 0, 'bonus_lists': [6860]}"
1200285202,VERY_LONG,,1,220000000,191377300,"{'id': 10518, 'context': 1}"
1200285204,VERY_LONG,,1,1150000000,575000000,"{'id': 78333, 'context': 14}"
1200285207,VERY_LONG,,1,3489900,1813200,"{'id': 12409, 'context': 1, 'bonus_lists': [6883]}"
1200285208,VERY_LONG,,1,239999400,119999700,"{'id': 17013, 'context': 1, 'bonus_lists': [6883]}"
1200285211,VERY_LONG,,1,100177100,50088600,"{'id': 94073, 'context': 0, 'bonus_lists': [1680], 'modifiers': [{'type': 28, 'value': 168}]}"
1200285212,VERY_LONG,,1,74999900,37500000,"{'id': 161949, 'context': 13, 'bonus_lists': [1712, 6867]}"
1200285213,VERY_LONG,,1,79999700,39999900,"{'id': 164716, 'context': 13, 'bonus_lists': [1705]}"
1200285215,VERY_LONG,,1,122500000,61250000,"{'id': 98929, 'context': 0, 'bonus_lists': [6883]}"
1200285216,VERY_LONG,,1,60000000,30000000,"{'id': 82436, 'context': 1, 'bonus_lists': [6860]}"
1200285218,VERY_LONG,15509100,1,,,{'id': 137287}
1200285221,VERY_LONG,500000,1,,,{'id': 34760}
1200285222,VERY_LONG,,1,13000000,6500000,"{'id': 38403, 'context': 0, 'bonus_lists': [6827]}"
1200285223,VERY_LONG,,1,68999600,34499800,"{'id': 54485, 'context': 0}"
1200285224,VERY_LONG,,1,3593700,1796900,"{'id': 20744, 'context': 1}"
1200285226,VERY_LONG,8500000,1,,,{'id': 82960}
1200285228,VERY_LONG,,1,89998100,44999100,"{'id': 75065, 'context': 0}"
1200285230,VERY_LONG,,1,105100,93700,"{'id': 10046, 'context': 1}"
1200285232,VERY_LONG,,1,1979900,1895600,"{'id': 82900, 'context': 0}"
1200285235,VERY_LONG,,1,560000000,280000000,"{'id': 87403, 'context': 0, 'bonus_lists': [6877]}"
1200285236,VERY_LONG,,1,42000000,21000000,"{'id': 93501, 'context': 1}"
1200285237,VERY_LONG,,1,550000000,275000000,"{'id': 32475, 'context': 1}"
1200285238,VERY_LONG,,1,60000000,30000000,"{'id': 98772, 'context': 1}"
1200285240,VERY_LONG,,1,3739900,1870000,"{'id': 2847, 'context': 1}"
1200285241,VERY_LONG,84228600,6,,,{'id': 184096}
1200285243,VERY_LONG,,1,1000000,517300,"{'id': 82397, 'context': 0, 'bonus_lists': [1685, 6851]}"
1200285246,VERY_LONG,2499800,1,,,{'id': 153444}
1200285247,VERY_LONG,,1,112500000,56250000,"{'id': 116453, 'context': 13, 'bonus_lists': [39, 525, 549]}"
1200285249,VERY_LONG,,1,60000000,30000000,"{'id': 7373, 'context': 0, 'bonus_lists': [6861]}"
1200285250,VERY_LONG,,1,125000000,62500000,"{'id': 86313, 'context': 1}"
1200285251,VERY_LONG,,1,2989900,1511700,"{'id': 132492, 'context': 0, 'bonus_lists': [6848]}"
1200285252,VERY_LONG,,1,68969900,34485000,"{'id': 54446, 'context': 0}"
1200285254,VERY_LONG,,1,30999800,15499900,"{'id': 106445, 'context': 2, 'bonus_lists': [6654, 197], 'modifiers': [{'type': 9, 'value': 40}, {'type': 28, 'value': 1144}]}"
1200285256,VERY_LONG,17100,33,,,{'id': 158381}
1200285257,VERY_LONG,,1,1175000000,587500000,"{'id': 78230, 'context': 14, 'modifiers': [{'type': 28, 'value': 402}]}"
1200285259,VERY_LONG,,1,100000000,67019800,"{'id': 136692, 'context': 13, 'bonus_lists': [6883]}"
1200285260,VERY_LONG,,1,97700,87700,"{'id': 7051, 'context': 0}"
1200285261,VERY_LONG,7999300,2,,,{'id': 129017}
1200285262,VERY_LONG,,1,42000000,21000000,"{'id': 98773, 'context': 1}"
1200285264,VERY_LONG,,1,82499900,41250000,"{'id': 4782, 'context': 14}"
1200285268,VERY_LONG,,1,32000000,16000000,"{'id': 93502, 'context': 0}"
1200285270,VERY_LONG,,1,40000000,20000000,"{'id': 38405, 'context': 0}"
1200285272,VERY_LONG,711200,33,,,{'id': 158382}
1200285274,VERY_LONG,,1,3549900,3116900,"{'id': 38408, 'context': 1, 'bonus_lists': [6848]}"
1200285277,VERY_LONG,,1,115000000,57500000,"{'id': 98926, 'context': 0, 'bonus_lists': [6883]}"
1200285280,VERY_LONG,2499500,8,,,{'id': 168593}
1200285282,VERY_LONG,,1,55417900,27709000,"{'id': 38513, 'context': 0, 'bonus_lists': [3671], 'modifiers': [{'type': 9, 'value': 14}]}"
1200285283,VERY_LONG,45000,1,,,{'id': 3478}
1200285284,VERY_LONG,15199900,1,,,{'id': 62671}
1200285285,VERY_LONG,,1,178944200,89472100,"{'id': 170316, 'context': 1, 'bonus_lists': [1688, 6883]}"
1200285287,VERY_LONG,,1,5989500,2994800,"{'id': 4082, 'context': 1, 'bonus_lists': [6654], 'modifiers': [{'type': 9, 'value': 30}, {'type': 28, 'value': 214}]}"
1200285289,VERY_LONG,500000,3,,,{'id': 118061}
1200285290,VERY_LONG,1449600,1,,,{'id': 110618}
1200285293,VERY_LONG,,1,184999900,92500000,"{'id': 9434, 'context': 0}"
1200285294,VERY_LONG,,1,92500000,46250000,"{'id': 41113, 'context': 0, 'bonus_lists': [6878]}"
1200285297,VERY_LONG,5300000,1,,,{'id': 93706}
1200285299,VERY_LONG,,1,520000000,260000000,"{'id': 42435, 'context': 0, 'bonus_lists': [6883]}"
1200285302,VERY_LONG,,1,3499200,3180900,"{'id': 153687, 'context': 13, 'bonus_lists': [6827, 3367]}"
1200285305,VERY_LONG,,1,145000000,72500000,"{'id': 106550, 'context': 28, 'bonus_lists': [3854, 205], 'modifiers': [{'type': 9, 'value': 38}]}"
1200285307,VERY_LONG,,1,31330000,15665000,"{'id': 170324, 'context': 13, 'bonus_lists': [1692, 6883]}"
1200285310,VERY_LONG,,1,205000000,102500000,"{'id': 82963, 'context': 0}"
1200285312,VERY_LONG,,1,45979900,22990000,"{'id': 14124, 'context': 29, 'bonus_lists': [1709, 3832], 'modifiers': [{'type': 9, 'value': 12}]}"
1200285315,VERY_LONG,,1,129724900,64862500,"{'id': 25249, 'context': 2, 'bonus_lists': [6655, 1706], 'modifiers': [{'type': 9, 'value': 30}, {'type': 28, 'value': 1068}]}"
1200285316,VERY_LONG,,1,58000000,29000000,"{'id': 43654, 'context': 0, 'bonus_lists': [6827]}"
1200285317,VERY_LONG,,1,560000000,280000000,"{'id': 59367, 'context': 0}"
1200285319,VERY_LONG,4250000,1,,,{'id': 76507}
1200285321,VERY_LONG,,1,210000000,105000000,"{'id': 41117, 'context': 0, 'bonus_lists': [6859]}"
1200285324,VERY_LONG,2239900,3,,,{'id': 41100}
1200285327,VERY_LONG,,1,39999700,19999900,"{'id': 93436, 'context': 0, 'bonus_lists': [6877]}"
1200285330,VERY_LONG,,1,24499700,12249900,"{'id': 9773, 'context': 28, 'bonus_lists': [1681, 3831], 'modifiers': [{'type': 9, 'value': 10}]}"
1200285642,VERY_LONG,5000000,3,,,{'id': 172437}
1200285837,VERY_LONG,725200,6,,,{'id': 172231}
1200285847,VERY_LONG,4800,6,,,{'id': 173032}
1200285860,VERY_LONG,560000,3,,,{'id': 173034}
1200285890,VERY_LONG,,1,1000000,,"{'id': 171381, 'context': 13, 'bonus_lists': [6883], 'modifiers': [{'type': 29, 'value': 49}, {'type': 30, 'value': 40}]}"
1200285891,VERY_LONG,,1,1000000,,"{'id': 171381, 'context': 13, 'bonus_lists': [6883], 'modifiers': [{'type': 29, 'value': 40}, {'type': 30, 'value': 36}]}"
1200285973,VERY_LONG,,1,19997400,9998700,"{'id': 43656, 'context': 0, 'bonus_lists': [6863]}"
1200285974,VERY_LONG,,1,1000000,500000,"{'id': 10713, 'context': 0, 'bonus_lists': [6839]}"
1200285977,VERY_LONG,,1,115000000,57500000,"{'id': 41114, 'context': 0, 'bonus_lists': [6881]}"
1200285979,VERY_LONG,,1,2200200,1100100,"{'id': 41549, 'context': 1}"
1200285981,VERY_LONG,,1,40000000,20000000,"{'id': 82946, 'context': 1}"
1200285983,VERY_LONG,,1,149999900,75000000,"{'id': 23499, 'context': 1, 'bonus_lists': [6865]}"
1200285986,VERY_LONG,,1,370000000,185000000,"{'id': 19056, 'context': 0}"
1200285988,VERY_LONG,,1,34767400,17383700,"{'id': 6572, 'context': 1, 'bonus_lists': [6655, 1679], 'modifiers': [{'type': 9, 'value': 30}, {'type': 28, 'value': 215}]}"
1200285992,VERY_LONG,,1,4989900,2495000,"{'id': 3490, 'context': 0, 'bonus_lists': [6827]}"
1200285998,VERY_LONG,1650000,4,,,{'id': 149755}
1200286000,VERY_LONG,5749800,1,,,{'id': 76504}
1200286003,VERY_LONG,,1,85369500,42684800,"{'id': 109174, 'context': 13, 'bonus_lists': [525, 233, 532, 6883]}"
1200286005,VERY_LONG,,1,29999600,22044600,"{'id': 83798, 'context': 0}"
1200286007,VERY_LONG,,1,1075000000,537500000,"{'id': 87404, 'context': 0}"
1200286009,VERY_LONG,,1,86626300,43313200,"{'id': 55282, 'context': 0, 'bonus_lists': [6655, 1701], 'modifiers': [{'type': 9, 'value': 35}, {'type': 28, 'value': 56}]}"
1200286014,VERY_LONG,,1,500000000,,"{'id': 98616, 'context': 0, 'bonus_lists': [6883]}"
1200286015,VERY_LONG,,1,32000000,16000000,"{'id': 25674, 'context': 1}"
1200286016,VERY_LONG,,1,58999600,29499800,"{'id': 75091, 'context': 1}"
1200286018,VERY_LONG,,1,32000000,16000000,"{'id': 25108, 'context': 0, 'bonus_lists': [6655, 1680], 'modifiers': [{'type': 9, 'value': 30}, {'type': 28, 'value': 40}]}"
1200286019,VERY_LONG,5904300,1,,,{'id': 76695}
1200286022,VERY_LONG,,1,19999700,9999900,"{'id': 43655, 'context': 0, 'bonus_lists': [6827]}"
1200286024,VERY_LONG,,1,4999900,2500000,"{'id': 8261, 'context': 1, 'bonus_lists': [6654], 'modifiers': [{'type': 9, 'value': 30}, {'type': 28, 'value': 201}]}"
1200286027,VERY_LONG,,1,33000000,16500000,"{'id': 121130, 'context': 0, 'bonus_lists': [1812, 1706], 'modifiers': [{'type': 9, 'value': 45}]}"
1200286030,VERY_LONG,8750000,1,,,{'id': 52753}
1200286034,VERY_LONG,,1,530000000,265000000,"{'id': 22252, 'context': 0}"
1200286038,VERY_LONG,,1,580000000,290000000,"{'id': 41257, 'context': 1, 'bonus_lists': [6883]}"
1200286040,VERY_LONG,,1,1300000000,650000000,"{'id': 24263, 'context': 1}"
1200286042,VERY_LONG,75000000,1,,,{'id': 76517}
1200286044,VERY_LONG,,1,10019900,8333700,"{'id': 82930, 'context': 1, 'bonus_lists': [1708, 6846]}"
1200286047,VERY_LONG,,1,125000000,62500000,"{'id': 82437, 'context': 1}"
1200286049,VERY_LONG,,1,130000000,65000000,"{'id': 98788, 'context': 0, 'bonus_lists': [6883]}"
1200286051,VERY_LONG,,1,630000000,315000000,"{'id': 21870, 'context': 0, 'bonus_lists': [6883]}"
1200286053,VERY_LONG,,1,11500000,5750000,"{'id': 41545, 'context': 0}"
1200286056,VERY_LONG,,1,66000000,33000000,"{'id': 161881, 'context': 13, 'bonus_lists': [1717, 4926, 5804]}"
1200286057,VERY_LONG,,1,12499600,6249800,"{'id': 54483, 'context': 1}"
1200286060,VERY_LONG,18826000,3,,,{'id': 129018}
1200286062,VERY_LONG,,1,195000000,97500000,"{'id': 55034, 'context': 1, 'bonus_lists': [6852]}"
1200286066,VERY_LONG,300000,9,,,{'id': 111603}
1200286068,VERY_LONG,,1,17000000,8500000,"{'id': 38411, 'context': 0}"
1200286071,VERY_LONG,11977200,1,,,{'id': 59595}
1200286073,VERY_LONG,,1,620000000,310000000,"{'id': 94268, 'context': 0, 'bonus_lists': [6878]}"
1200286075,VERY_LONG,,1,95000000,47500000,"{'id': 43257, 'context': 0, 'bonus_lists': [6868]}"
1200286077,VERY_LONG,,1,950000,475000,"{'id': 55725, 'context': 36, 'bonus_lists': [1707, 4764], 'modifiers': [{'type': 9, 'value': 47}]}"
1200286081,VERY_LONG,,1,19699900,12375900,"{'id': 8138, 'context': 1}"
1200286083,VERY_LONG,,1,49999500,24999800,"{'id': 127031, 'context': 13, 'bonus_lists': [3359, 3392, 3408]}"
1200286092,VERY_LONG,,1,230000000,115000000,"{'id': 14138, 'context': 0, 'bonus_lists': [6883]}"
1200286096,VERY_LONG,2100000,1,,,{'id': 87885}
1200286099,VERY_LONG,19996800,1,,,{'id': 110624}
1200287101,VERY_LONG,,1,53000000,26500000,"{'id': 10508, 'context': 0}"
1200287104,VERY_LONG,3500000,2,,,{'id': 23784}
1200287106,VERY_LONG,,1,10000000,,"{'id': 43870, 'context': 0, 'bonus_lists': [6881]}"
1200287107,VERY_LONG,,1,49999700,24999900,"{'id': 42443, 'context': 0, 'bonus_lists': [6878]}"
1200287109,VERY_LONG,,1,11490500,5745300,"{'id': 10386, 'context': 0, 'bonus_lists': [6654, 1706], 'modifiers': [{'type': 9, 'value': 30}, {'type': 28, 'value': 1004}]}"
1200287111,VERY_LONG,,1,25754600,13461400,"{'id': 13023, 'context': 0}"
1200287114,VERY_LONG,,1,210100,157600,"{'id': 10009, 'context': 0}"
1200287119,VERY_LONG,,1,130000000,65000000,"{'id': 44671, 'context': 0, 'bonus_lists': [1694, 3766], 'modifiers': [{'type': 9, 'value': 30}]}"
1200287122,VERY_LONG,,1,29000000,14500000,"{'id': 106497, 'context': 29, 'bonus_lists': [3854, 117], 'modifiers': [{'type': 9, 'value': 50}]}"
1200287133,VERY_LONG,1189900,6,,,{'id': 43366}
1200287136,VERY_LONG,,1,259999600,129999800,"{'id': 132503, 'context': 13, 'bonus_lists': [1686, 3392, 3408]}"
1200287141,VERY_LONG,,1,1989900,995000,"{'id': 12415, 'context': 0, 'bonus_lists': [6882]}"
1200287146,VERY_LONG,,1,97499700,48749900,"{'id': 93537, 'context': 0, 'bonus_lists': [6873]}"
1200287149,VERY_LONG,,1,28000000,14000000,"{'id': 93559, 'context': 0, 'bonus_lists': [6876]}"
1200287151,VERY_LONG,,1,625000000,312500000,"{'id': 167975, 'context': 13, 'bonus_lists': [1687, 5804]}"
1200287154,VERY_LONG,499900,2,,,{'id': 20816}
1200287156,VERY_LONG,,1,120000000,60000000,"{'id': 43255, 'context': 0, 'bonus_lists': [6870]}"
1200287161,VERY_LONG,,1,25999900,13000000,"{'id': 14282, 'context': 0, 'bonus_lists': [6654, 1705], 'modifiers': [{'type': 9, 'value': 29}, {'type': 28, 'value': 33}]}"
1200287165,VERY_LONG,,1,19999700,9999900,"{'id': 12259, 'context': 0}"
1200287166,VERY_LONG,,1,14750000,7375000,"{'id': 161959, 'context': 13, 'bonus_lists': [1705, 4927]}"
1200287171,VERY_LONG,,1,72500000,36250000,"{'id': 4372, 'context': 1}"
1200287173,VERY_LONG,,1,12000000,6000000,"{'id': 56480, 'context': 0}"
1200287176,VERY_LONG,,1,129999800,64999900,"{'id': 161967, 'context': 13, 'bonus_lists': [1681, 6864]}"
1200287179,VERY_LONG,850000,1,,,{'id': 4365}
1200287183,VERY_LONG,,1,44999600,22499800,"{'id': 132502, 'context': 13, 'bonus_lists': [1701, 6827, 3408]}"
1200287185,VERY_LONG,,1,5420200,2710100,"{'id': 126992, 'context': 13, 'bonus_lists': [1706, 6869, 3408]}"
1200287187,VERY_LONG,,1,44000000,22000000,"{'id': 14043, 'context': 0, 'bonus_lists': [6882]}"
1200287190,VERY_LONG,,1,127500000,63750000,"{'id': 116183, 'context': 13, 'bonus_lists': [149, 525, 536, 6846]}"
1200287193,VERY_LONG,,1,115000000,57500000,"{'id': 82953, 'context': 1}"
1200287196,VERY_LONG,,1,3258000,1629000,"{'id': 10029, 'context': 0, 'bonus_lists': [6875]}"
1200287201,VERY_LONG,12999600,1,,,{'id': 76682}
1200287202,VERY_LONG,,1,72500000,36250000,"{'id': 37765, 'context': 0}"
1200287204,VERY_LONG,,1,20000000,10000000,"{'id': 4254, 'context': 1, 'bonus_lists': [6858]}"
1200287207,VERY_LONG,,1,768487600,391243500,"{'id': 47589, 'context': 1, 'bonus_lists': [6883]}"
1200287209,VERY_LONG,504800,4,,,{'id': 104122}
1200287213,VERY_LONG,,1,1490000,,"{'id': 43860, 'context': 0, 'bonus_lists': [6877]}"
1200287214,VERY_LONG,,1,104999700,52499900,"{'id': 93542, 'context': 0, 'bonus_lists': [6874]}"
1200287216,VERY_LONG,,1,1800000000,900000000,"{'id': 147423, 'context': 3, 'bonus_lists': [3561, 1472, 3336]}"
1200287218,VERY_LONG,,1,249999500,124999800,"{'id': 54504, 'context': 1, 'bonus_lists': [6877]}"
1200287221,VERY_LONG,18005200,2,,,{'id': 110645}
1200287222,VERY_LONG,500000000,1,,,{'id': 132530}
1200287224,VERY_LONG,,1,145000000,72500000,"{'id': 75081, 'context': 0}"
1200287226,VERY_LONG,,1,3999800,1999900,"{'id': 71025, 'context': 3, 'bonus_lists': [1687], 'modifiers': [{'type': 28, 'value': 1029}]}"
1200287229,VERY_LONG,,1,290000000,145000000,"{'id': 82925, 'context': 1}"
1200287231,VERY_LONG,,1,185000000,92500000,"{'id': 75106, 'context': 0}"
1200287233,VERY_LONG,,1,30000000,25071300,"{'id': 83803, 'context': 0}"
1200287234,VERY_LONG,,1,145000000,72500000,"{'id': 7932, 'context': 0, 'bonus_lists': [6875]}"
1200287236,VERY_LONG,,1,4989900,2640700,"{'id': 7921, 'context': 1, 'bonus_lists': [6873]}"
1200287238,VERY_LONG,,1,67500000,33750000,"{'id': 93531, 'context': 1, 'bonus_lists': [6874]}"
1200287240,VERY_LONG,,1,25000000,12500000,"{'id': 38436, 'context': 0}"
1200287242,VERY_LONG,,1,45999900,23000000,"{'id': 38410, 'context': 1}"
1200287244,VERY_LONG,19998600,1,,,{'id': 38986}
1200287245,VERY_LONG,,1,245000000,122500000,"{'id': 59599, 'context': 0}"
1200287247,VERY_LONG,,1,5000000,2535700,"{'id': 4722, 'context': 0, 'bonus_lists': [6654], 'modifiers': [{'type': 9, 'value': 30}, {'type': 28, 'value': 18}]}"
1200287248,VERY_LONG,480000,3,,,{'id': 104126}
1200287252,VERY_LONG,,1,155000000,77500000,"{'id': 21867, 'context': 0}"
1200287256,VERY_LONG,2019900,2,,,{'id': 104099}
1200287260,VERY_LONG,630000,6,,,{'id': 40919}
1200287262,VERY_LONG,,1,25000000,12500000,"{'id': 161943, 'context': 13, 'bonus_lists': [1716]}"
1200287264,LONG,,1,163776300,,"{'id': 82800, 'context': 0, 'modifiers': [{'type': 6, 'value': 78849}], 'pet_breed_id': 5, 'pet_level': 1, 'pet_quality_id': 3, 'pet_species_id': 2577}"
1200287266,VERY_LONG,,1,35999900,18000000,"{'id': 161952, 'context': 13, 'bonus_lists': [1710, 4928]}"
1200287270,VERY_LONG,,1,480200,240100,"{'id': 4237, 'context': 1, 'bonus_lists': [6839]}"
1200287272,VERY_LONG,,1,6829900,3850200,"{'id': 116427, 'context': 13, 'bonus_lists': [215]}"
1200287276,VERY_LONG,,1,82499800,41249900,"{'id': 94216, 'context': 0, 'bonus_lists': [1702]}"
1200287278,VERY_LONG,184600,4,,,{'id': 153431}
1200287280,VERY_LONG,,1,19999700,9999900,"{'id': 44444, 'context': 0}"
1200287285,VERY_LONG,,1,348041300,174020700,"{'id': 161963, 'context': 13, 'bonus_lists': [1680, 6870]}"
1200287288,VERY_LONG,961500,1,,,{'id': 116170}
1200287292,VERY_LONG,8499900,2,,,{'id': 77531}
1200287293,LONG,,1,29989600,,"{'id': 82800, 'context': 0, 'modifiers': [{'type': 6, 'value': 15905}], 'pet_breed_id': 20, 'pet_level': 1, 'pet_quality_id': 2, 'pet_species_id': 845}"
1200287297,VERY_LONG,,1,12009700,,"{'id': 82924, 'context': 0, 'bonus_lists': [6864]}"
1200287298,VERY_LONG,,1,47500000,23750000,"{'id': 31556, 'context': 0, 'bonus_lists': [1678], 'modifiers': [{'type': 28, 'value': 39}]}"
1200287300,VERY_LONG,,1,19999300,9999700,"{'id': 54853, 'context': 1}"
1200287304,VERY_LONG,8199900,3,,,{'id': 168427}
1200287308,VERY_LONG,,1,289999800,144999900,"{'id': 164680, 'context': 13, 'bonus_lists': [1707, 6883]}"
1200287310,VERY_LONG,,1,125000000,62500000,"{'id': 55039, 'context': 0, 'bonus_lists': [6867]}"
1200287314,VERY_LONG,,1,77500000,38750000,"{'id': 167993, 'context': 13, 'bonus_lists': [1691, 6863]}"
1200287318,VERY_LONG,,1,235000000,117500000,"{'id': 167989, 'context': 13, 'bonus_lists': [1690, 5804, 6880]}"
1200287320,VERY_LONG,,1,125000000,62500000,"{'id': 161990, 'context': 13, 'bonus_lists': [1700, 6855]}"
1200287324,VERY_LONG,24999800,1,,,{'id': 38973}
1200287325,LONG,,1,61593100,,"{'id': 82800, 'context': 0, 'modifiers': [{'type': 6, 'value': 38455}], 'pet_breed_id': 3, 'pet_level': 1, 'pet_quality_id': 3, 'pet_species_id': 317}"
1200287329,VERY_LONG,,1,320000000,160000000,"{'id': 10510, 'context': 1}"
1200287331,VERY_LONG,,1,260546300,130273200,"{'id': 169321, 'context': 13, 'bonus_lists': [6883]}"
1200287333,VERY_LONG,25838600,2,,,{'id': 139270}
1200287346,LONG,,1,111999600,,"{'id': 82800, 'context': 0, 'modifiers': [{'type': 6, 'value': 49289}], 'pet_breed_id': 5, 'pet_level': 25, 'pet_quality_id': 3, 'pet_species_id': 1320}"
1200287358,LONG,,1,124841600,,"{'id': 82800, 'context': 0, 'modifiers': [{'type': 6, 'value': 81099}], 'pet_breed_id': 7, 'pet_level': 1, 'pet_quality_id': 2, 'pet_species_id': 2427}"
1200287367,LONG,,1,115000000,,"{'id': 82800, 'context': 0, 'modifiers': [{'type': 6, 'value': 81966}], 'pet_breed_id': 11, 'pet_level': 1, 'pet_quality_id': 2, 'pet_species_id': 2404}"
1200287391,VERY_LONG,,1,39990000,,"{'id': 82934, 'context': 0, 'bonus_lists': [1709, 6844]}"
1200287393,LONG,,1,133329600,,"{'id': 82800, 'context': 0, 'modifiers': [{'type': 6, 'value': 53748}], 'pet_breed_id': 17, 'pet_level': 25, 'pet_quality_id': 3, 'pet_species_id': 1387}"
1200287456,VERY_LONG,,1,80000000,,"{'id': 41344, 'context': 0, 'bonus_lists': [6881]}"
1200287501,LONG,,1,149992000,,"{'id': 82800, 'context': 0, 'modifiers': [{'type': 6, 'value': 42872}], 'pet_breed_id': 13, 'pet_level': 25, 'pet_quality_id': 3, 'pet_species_id': 630}"
1200287507,VERY_LONG,,1,99990000,,"{'id': 43586, 'context': 0, 'bonus_lists': [6883]}"
1200287522,LONG,,1,366000000,,"{'id': 82800, 'context': 0, 'modifiers': [{'type': 6, 'value': 81213}], 'pet_breed_id': 11, 'pet_level': 1, 'pet_quality_id': 3, 'pet_species_id': 2578}"
1200287543,LONG,,1,356000000,,"{'id': 82800, 'context': 0, 'modifiers': [{'type': 6, 'value': 82003}], 'pet_breed_id': 8, 'pet_level': 1, 'pet_quality_id': 3, 'pet_species_id': 2575}"
1200287575,LONG,,1,500000000,,"{'id': 82800, 'context': 0, 'modifiers': [{'type': 6, 'value': 5448}], 'pet_breed_id': 7, 'pet_level': 25, 'pet_quality_id': 3, 'pet_species_id': 42}"
1200287613,LONG,,1,276000000,,"{'id': 82800, 'context': 0, 'modifiers': [{'type': 6, 'value': 74529}], 'pet_breed_id': 13, 'pet_level': 25, 'pet_quality_id': 3, 'pet_species_id': 382}"
1200287614,VERY_LONG,,1,95000000,,"{'id': 43587, 'context': 0, 'bonus_lists': [6883]}"
1200287634,LONG,,1,345970000,,"{'id': 82800, 'context': 0, 'modifiers': [{'type': 6, 'value': 81097}], 'pet_breed_id': 12, 'pet_level': 1, 'pet_quality_id': 3, 'pet_species_id': 2576}"
1200287658,LONG,,1,132223200,,"{'id': 82800, 'context': 0, 'modifiers': [{'type': 6, 'value': 58547}], 'pet_breed_id': 18, 'pet_level': 1, 'pet_quality_id': 3, 'pet_species_id': 1450}"
1200287683,VERY_LONG,,1,123210000,,"{'id': 82927, 'context': 0, 'bonus_lists': [1700, 6845]}"
1200287695,LONG,3914500,1,,,{'id': 172415}
1200287728,VERY_LONG,,1,6000000,,"{'id': 82930, 'context': 0, 'bonus_lists': [1699, 6846]}"
1200287756,LONG,,1,57499900,,"{'id': 82800, 'context': 0, 'modifiers': [{'type': 6, 'value': 45386}], 'pet_breed_id': 5, 'pet_level': 1, 'pet_quality_id': 3, 'pet_species_id': 844}"
1200287776,VERY_LONG,,1,150000000,,"{'id': 43588, 'context': 0, 'bonus_lists': [6883]}"
1200287808,VERY_LONG,,1,10000000,,"{'id': 41116, 'context': 0, 'bonus_lists': [6879]}"
1200287845,VERY_LONG,,1,7120000,,"{'id': 82800, 'context': 0, 'modifiers': [{'type': 6, 'value': 47732}], 'pet_breed_id': 9, 'pet_level': 1, 'pet_quality_id': 3, 'pet_species_id': 1185}"
1200287858,VERY_LONG,,1,135990000,,"{'id': 82800, 'context': 0, 'modifiers': [{'type': 6, 'value': 58768}], 'pet_breed_id': 17, 'pet_level': 25, 'pet_quality_id': 3, 'pet_species_id': 1571}"
1200287885,VERY_LONG,450000,212,,,{'id': 72103}
1200287886,VERY_LONG,,1,158225000,,"{'id': 82800, 'context': 0, 'modifiers': [{'type': 6, 'value': 42297}], 'pet_breed_id': 5, 'pet_level': 25, 'pet_quality_id': 3, 'pet_species_id': 846}"
1200287905,VERY_LONG,,1,125803900,,"{'id': 82800, 'context': 0, 'modifiers': [{'type': 6, 'value': 47931}], 'pet_breed_id': 17, 'pet_level': 25, 'pet_quality_id': 3, 'pet_species_id': 1478}"
1200287929,VERY_LONG,,1,159557600,,"{'id': 82800, 'context': 0, 'modifiers': [{'type': 6, 'value': 21393}], 'pet_breed_id': 16, 'pet_level': 25, 'pet_quality_id': 3, 'pet_species_id': 159}"
1200287940,VERY_LONG,,1,34002900,,"{'id': 3841, 'context': 0}"
1200287994,VERY_LONG,,1,137300000,,"{'id': 82800, 'context': 0, 'modifiers': [{'type': 6, 'value': 46922}], 'pet_breed_id': 6, 'pet_level': 25, 'pet_quality_id': 3, 'pet_species_id': 1155}"
1200288015,VERY_LONG,,1,700000,,"{'id': 82800, 'context': 0, 'modifiers': [{'type': 6, 'value': 47731}], 'pet_breed_id': 10, 'pet_level': 1, 'pet_quality_id': 3, 'pet_species_id': 1180}"
1200288016,VERY_LONG,,1,700000,,"{'id': 82800, 'context': 0, 'modifiers': [{'type': 6, 'value': 47731}], 'pet_breed_id': 10, 'pet_level': 1, 'pet_quality_id': 3, 'pet_species_id': 1180}"
1200288023,VERY_LONG,,1,248780000,,"{'id': 82800, 'context': 0, 'modifiers': [{'type': 6, 'value': 45942}], 'pet_breed_id': 9, 'pet_level': 25, 'pet_quality_id': 3, 'pet_species_id': 868}"
1200288052,VERY_LONG,,1,119000000,,"{'id': 82800, 'context': 0, 'modifiers': [{'type': 6, 'value': 46925}], 'pet_breed_id': 6, 'pet_level': 25, 'pet_quality_id': 3, 'pet_species_id': 1152}"
1200288053,VERY_LONG,,1,14000000,,"{'id': 40955, 'context': 0, 'bonus_lists': [6868]}"
1200288072,VERY_LONG,,1,444440000,,"{'id': 82800, 'context': 0, 'modifiers': [{'type': 6, 'value': 51417}], 'pet_breed_id': 20, 'pet_level': 25, 'pet_quality_id': 3, 'pet_species_id': 1331}"
1200289129,VERY_LONG,,1,165220000,,"{'id': 82800, 'context': 0, 'modifiers': [{'type': 6, 'value': 21382}], 'pet_breed_id': 3, 'pet_level': 25, 'pet_quality_id': 3, 'pet_species_id': 158}"
1200289145,VERY_LONG,,1,450001200,,"{'id': 41129, 'context': 0, 'bonus_lists': [6881]}"
1200289196,VERY_LONG,,1,399635800,,"{'id': 82800, 'context': 0, 'modifiers': [{'type': 6, 'value': 74790}], 'pet_breed_id': 20, 'pet_level': 25, 'pet_quality_id': 3, 'pet_species_id': 319}"
1200289232,VERY_LONG,,1,20000000,,"{'id': 82946, 'context': 0, 'bonus_lists': [6876]}"
1200289248,VERY_LONG,,1,137499900,,"{'id': 82800, 'context': 0, 'modifiers': [{'type': 6, 'value': 45386}], 'pet_breed_id': 5, 'pet_level': 25, 'pet_quality_id': 3, 'pet_species_id': 844}"
1200289302,VERY_LONG,,1,252220000,,"{'id': 82800, 'context': 0, 'modifiers': [{'type': 6, 'value': 68666}], 'pet_breed_id': 6, 'pet_level': 25, 'pet_quality_id': 3, 'pet_species_id': 1886}"
1200289342,VERY_LONG,,1,122999900,,"{'id': 82800, 'context': 0, 'modifiers': [{'type': 6, 'value': 73697}], 'pet_breed_id': 3, 'pet_level': 25, 'pet_quality_id': 3, 'pet_species_id': 1963}"
1200289388,VERY_LONG,,1,175999700,,"{'id': 82800, 'context': 0, 'modifiers': [{'type': 6, 'value': 29404}], 'pet_breed_id': 7, 'pet_level': 25, 'pet_quality_id': 3, 'pet_species_id': 1351}"
1200289428,VERY_LONG,,1,132221400,,"{'id': 82800, 'context': 0, 'modifiers': [{'type': 6, 'value': 40224}], 'pet_breed_id': 15, 'pet_level': 25, 'pet_quality_id': 3, 'pet_species_id': 1631}"
1200289459,VERY_LONG,,1,133003300,,"{'id': 82800, 'context': 0, 'modifiers': [{'type': 6, 'value': 59602}], 'pet_breed_id': 8, 'pet_level': 25, 'pet_quality_id': 3, 'pet_species_id': 1532}"
1200289488,LONG,,1,400000,350000,"{'id': 128310, 'context': 0}"
1200289502,LONG,,1,12008500,6000000,"{'id': 82800, 'context': 0, 'modifiers': [{'type': 6, 'value': 81214}], 'pet_breed_id': 19, 'pet_level': 1, 'pet_quality_id': 3, 'pet_species_id': 2719}"
1200289517,VERY_LONG,,1,13980000,,"{'id': 82921, 'context': 0, 'bonus_lists': [6869]}"
1200289579,LONG,,1,19994200,18250000,"{'id': 82800, 'context': 0, 'modifiers': [{'type': 6, 'value': 59577}], 'pet_breed_id': 17, 'pet_level': 1, 'pet_quality_id': 3, 'pet_species_id': 1531}"
1200289604,LONG,,1,52645800,31503500,"{'id': 82800, 'context': 0, 'modifiers': [{'type': 6, 'value': 48661}], 'pet_breed_id': 12, 'pet_level': 1, 'pet_quality_id': 3, 'pet_species_id': 1232}"
1200289625,LONG,,1,9999900,4999900,"{'id': 82800, 'context': 0, 'modifiers': [{'type': 6, 'value': 71938}], 'pet_breed_id': 9, 'pet_level': 1, 'pet_quality_id': 3, 'pet_species_id': 1926}"
1200289638,LONG,,1,948600,850000,"{'id': 82800, 'context': 0, 'modifiers': [{'type': 6, 'value': 86136}], 'pet_breed_id': 8, 'pet_level': 1, 'pet_quality_id': 2, 'pet_species_id': 2188}"
1200289656,LONG,,1,19999900,9999900,"{'id': 82800, 'context': 0, 'modifiers': [{'type': 6, 'value': 28217}], 'pet_breed_id': 7, 'pet_level': 1, 'pet_quality_id': 2, 'pet_species_id': 196}"
1200289661,VERY_LONG,,1,3390000,,"{'id': 116631, 'context': 6, 'bonus_lists': [6655, 123], 'modifiers': [{'type': 9, 'value': 40}, {'type': 28, 'value': 2019}]}"
1200289664,LONG,,1,50001400,47000000,"{'id': 82800, 'context': 0, 'modifiers': [{'type': 6, 'value': 48855}], 'pet_breed_id': 7, 'pet_level': 1, 'pet_quality_id': 3, 'pet_species_id': 1230}"
1200289694,LONG,,1,24980000,19950000,"{'id': 128313, 'context': 31, 'modifiers': [{'type': 28, 'value': 176}]}"
1200292134,VERY_LONG,4600,9,,,{'id': 173032}
1200292143,VERY_LONG,35000000,1,,,{'id': 28420}
1200292147,VERY_LONG,,1,19995300,11894900,"{'id': 44554, 'context': 1, 'bonus_lists': [6883]}"
1200292148,VERY_LONG,,1,19995300,11894900,"{'id': 44554, 'context': 0, 'bonus_lists': [6883]}"
1200292152,VERY_LONG,11750000,1,,,{'id': 42996}
1200292155,VERY_LONG,3299700,3,,,{'id': 158203}
1200292161,VERY_LONG,,1,132500000,66250000,"{'id': 98786, 'context': 0, 'bonus_lists': [6883]}"
1200292166,VERY_LONG,,1,1500000,750000,"{'id': 16857, 'context': 0, 'modifiers': [{'type': 28, 'value': 1004}]}"
1200292175,VERY_LONG,26000,21,,,{'id': 172092}
1200292182,VERY_LONG,,1,35000000,17500000,"{'id': 38401, 'context': 1, 'bonus_lists': [6827]}"
1200292186,VERY_LONG,,1,14000000,7000000,"{'id': 82013, 'context': 0, 'bonus_lists': [6655, 1684], 'modifiers': [{'type': 9, 'value': 35}, {'type': 28, 'value': 57}]}"
1200292204,VERY_LONG,,1,40000000,20000000,"{'id': 15479, 'context': 0, 'bonus_lists': [6654, 1681], 'modifiers': [{'type': 9, 'value': 27}, {'type': 28, 'value': 2}]}"
1200292207,VERY_LONG,,1,92499800,46249900,"{'id': 106496, 'context': 29, 'bonus_lists': [3875, 87], 'modifiers': [{'type': 9, 'value': 50}]}"
1200292210,VERY_LONG,15000000,1,,,{'id': 137269}
1200292213,VERY_LONG,,1,1650000000,825000000,"{'id': 32662, 'context': 0}"
1200292215,VERY_LONG,,1,10000000,8648700,"{'id': 42731, 'context': 0, 'bonus_lists': [6877]}"
1200292218,VERY_LONG,,1,218612100,109306100,"{'id': 10021, 'context': 0}"
1200292223,VERY_LONG,34300,6,,,{'id': 1251}
1200292227,VERY_LONG,,1,900000000,648720700,"{'id': 98607, 'context': 0, 'bonus_lists': [6883]}"
1200292230,VERY_LONG,,1,19999200,17289500,"{'id': 41128, 'context': 0, 'bonus_lists': [6876]}"
1200292233,VERY_LONG,,1,425000000,212500000,"{'id': 136688, 'context': 13}"
1200292236,VERY_LONG,,1,9999900,5000000,"{'id': 121020, 'context': 0, 'bonus_lists': [6654, 1682], 'modifiers': [{'type': 9, 'value': 45}, {'type': 28, 'value': 331}]}"
1200292239,VERY_LONG,,1,57774700,28887400,"{'id': 15687, 'context': 0, 'bonus_lists': [1678]}"
1200292242,VERY_LONG,,1,1175000000,587500000,"{'id': 136687, 'context': 13}"
1200292244,VERY_LONG,,1,49998300,24999200,"{'id': 40669, 'context': 0, 'bonus_lists': [6863]}"
1200292248,VERY_LONG,,1,4000000,2000000,"{'id': 132542, 'context': 0, 'bonus_lists': [6860]}"
1200292250,VERY_LONG,,1,350000000,175000000,"{'id': 41386, 'context': 0, 'bonus_lists': [6883]}"
1200292253,VERY_LONG,17999600,1,,,{'id': 56503}
1200292257,VERY_LONG,,1,60000000,46106800,"{'id': 23835, 'context': 0, 'bonus_lists': [6844]}"
1200292259,VERY_LONG,,1,2239900,1602800,"{'id': 132532, 'context': 0, 'bonus_lists': [6861]}"
1200292261,VERY_LONG,2749400,6,,,{'id': 43334}
1200292264,VERY_LONG,,1,51000000,25500000,"{'id': 40668, 'context': 0}"
1200292265,VERY_LONG,293600,3,,,{'id': 104105}
1200292267,VERY_LONG,999900,36,,,{'id': 159826}
1200292270,VERY_LONG,,1,380000000,190000000,"{'id': 21873, 'context': 0}"
1200292273,VERY_LONG,,1,1649900,1454800,"{'id': 127035, 'context': 0}"
1200292275,VERY_LONG,,1,1649900,1454800,"{'id': 127035, 'context': 0}"
1200292276,VERY_LONG,,1,2609900,1375900,"{'id': 12406, 'context': 1, 'bonus_lists': [6878]}"
1200292277,VERY_LONG,,1,9999400,9037600,"{'id': 87213, 'context': 0}"
1200292279,VERY_LONG,4895600,4,,,{'id': 153478}
1200292280,VERY_LONG,,1,2989900,1595500,"{'id': 14104, 'context': 0, 'bonus_lists': [6883]}"
1200292282,VERY_LONG,,1,60000000,30000000,"{'id': 98764, 'context': 0, 'bonus_lists': [6883]}"
1200292284,VERY_LONG,,1,215000000,107500000,"{'id': 170293, 'context': 13, 'bonus_lists': [1714, 5804, 6883]}"
1200292285,VERY_LONG,,1,800000000,400000000,"{'id': 71988, 'context': 1}"
1200292288,VERY_LONG,,1,3699700,1849900,"{'id': 16828, 'context': 0, 'modifiers': [{'type': 28, 'value': 1004}]}"
1200292289,VERY_LONG,,1,92499600,46249800,"{'id': 42111, 'context': 0}"
1200292292,VERY_LONG,,1,39000000,19500000,"{'id': 93430, 'context': 1}"
1200292294,VERY_LONG,,1,120000000,60000000,"{'id': 82952, 'context': 1}"
1200292296,VERY_LONG,,1,133222000,66611000,"{'id': 82775, 'context': 0}"
1200292301,VERY_LONG,,1,100000000,50000000,"{'id': 86312, 'context': 0, 'bonus_lists': [6867]}"
1200292302,VERY_LONG,,1,350000000,175000000,"{'id': 167939, 'context': 13, 'bonus_lists': [1685, 5804]}"
1200292305,VERY_LONG,,1,2509400,1361500,"{'id': 82070, 'context': 0, 'bonus_lists': [6654, 1678], 'modifiers': [{'type': 9, 'value': 35}, {'type': 28, 'value': 1032}]}"
1200292307,VERY_LONG,,1,225000000,112500000,"{'id': 152632, 'context': 13, 'bonus_lists': [4928, 6883]}"
1200292309,VERY_LONG,5006400,1,,,{'id': 110628}
1200292312,VERY_LONG,1590000,2,,,{'id': 8544}
1200292314,VERY_LONG,,1,21979600,10989800,"{'id': 25183, 'context': 3, 'bonus_lists': [6655, 1677], 'modifiers': [{'type': 9, 'value': 30}, {'type': 28, 'value': 1014}]}"
1200292318,VERY_LONG,,1,4611600,2703400,"{'id': 43972, 'context': 0, 'bonus_lists': [6876]}"
1200292319,VERY_LONG,732600,20,,,{'id': 159867}
1200292321,VERY_LONG,,1,25000000,12500000,"{'id': 25668, 'context': 1}"
1200292324,VERY_LONG,,1,49999700,24999900,"{'id': 43664, 'context': 1, 'bonus_lists': [6883]}"
1200292325,VERY_LONG,,1,1979900,1895600,"{'id': 82900, 'context': 0}"
1200292328,VERY_LONG,,1,99999700,51112700,"{'id': 169328, 'context': 13, 'bonus_lists': [6883]}"
1200292329,VERY_LONG,,1,99999700,51112700,"{'id': 169328, 'context': 13, 'bonus_lists': [6883]}"
1200292333,VERY_LONG,,1,63000000,31500000,"{'id': 82433, 'context': 0}"
1200292335,VERY_LONG,,1,45000000,22500000,"{'id': 106594, 'context': 29, 'bonus_lists': [3854, 107], 'modifiers': [{'type': 9, 'value': 50}]}"
1200292338,VERY_LONG,,1,35000200,17500100,"{'id': 138795, 'context': 13}"
1200292342,VERY_LONG,,1,176962400,88481200,"{'id': 7148, 'context': 0, 'bonus_lists': [6844]}"
1200292343,VERY_LONG,,1,16000000,8000000,"{'id': 82147, 'context': 36, 'bonus_lists': [1677, 4764], 'modifiers': [{'type': 9, 'value': 50}]}"
1200292344,VERY_LONG,,1,6999900,3500000,"{'id': 21850, 'context': 0, 'bonus_lists': [6855]}"
1200292346,VERY_LONG,,1,15249600,7624800,"{'id': 22246, 'context': 0}"
1200292348,VERY_LONG,,1,99999900,50000000,"{'id': 116171, 'context': 13, 'bonus_lists': [66, 525, 535, 6856]}"
1200292350,VERY_LONG,400000,3,,,{'id': 104138}
1200292352,VERY_LONG,5999800,3,,,{'id': 43394}
1200292353,VERY_LONG,4163000,1,,,{'id': 109120}
1200292356,VERY_LONG,,1,114999600,57499800,"{'id': 83804, 'context': 0, 'bonus_lists': [6873]}"
1200292358,VERY_LONG,1498900,1,,,{'id': 52750}
1200292359,VERY_LONG,,1,1500000,750000,"{'id': 52386, 'context': 5}"
1200292360,VERY_LONG,49999700,1,,,{'id': 44453}
1200292363,VERY_LONG,,1,2900000,1450000,"{'id': 10253, 'context': 0, 'bonus_lists': [6654, 1680], 'modifiers': [{'type': 9, 'value': 30}, {'type': 28, 'value': 1004}]}"
1200292366,VERY_LONG,,1,69710200,34855100,"{'id': 164702, 'context': 13, 'bonus_lists': [1717]}"
1200292367,VERY_LONG,,1,8749900,4375000,"{'id': 44211, 'context': 1}"
1200292369,VERY_LONG,,1,17500000,8750000,"{'id': 10157, 'context': 0, 'bonus_lists': [6654, 1681], 'modifiers': [{'type': 9, 'value': 30}, {'type': 28, 'value': 1004}]}"
1200292372,VERY_LONG,,1,47500000,23750000,"{'id': 24946, 'context': 1, 'bonus_lists': [6654, 1708], 'modifiers': [{'type': 9, 'value': 30}, {'type': 28, 'value': 232}]}"
1200292373,VERY_LONG,,1,470000000,235000000,"{'id': 32494, 'context': 1}"
1200292376,VERY_LONG,,1,17000000,8500000,"{'id': 24724, 'context': 1, 'bonus_lists': [6654, 1708], 'modifiers': [{'type': 9, 'value': 30}, {'type': 28, 'value': 220}]}"
1200292378,VERY_LONG,,1,25000000,12500000,"{'id': 38437, 'context': 0}"
1200292380,VERY_LONG,,1,220000000,191911100,"{'id': 10720, 'context': 1}"
1200292381,VERY_LONG,,1,999900,693100,"{'id': 5267, 'context': 0, 'bonus_lists': [6659], 'modifiers': [{'type': 9, 'value': 30}, {'type': 28, 'value': 1004}]}"
1200292382,VERY_LONG,,1,95000000,47500000,"{'id': 14213, 'context': 1, 'bonus_lists': [6654, 1679], 'modifiers': [{'type': 9, 'value': 30}, {'type': 28, 'value': 203}]}"
1200292383,VERY_LONG,,1,21499600,10749800,"{'id': 41544, 'context': 1}"
1200292384,VERY_LONG,,1,80000000,40000000,"{'id': 94028, 'context': 36, 'bonus_lists': [1694]}"
1200292386,VERY_LONG,,1,67499800,33749900,"{'id': 55410, 'context': 36, 'bonus_lists': [1685, 4767], 'modifiers': [{'type': 9, 'value': 45}]}"
1200292388,VERY_LONG,,1,1239900,658300,"{'id': 12408, 'context': 1, 'bonus_lists': [6879]}"
1200292391,VERY_LONG,,1,42000000,36558200,"{'id': 40767, 'context': 0}"
1200292393,VERY_LONG,,1,85000000,42500000,"{'id': 114810, 'context': 13, 'bonus_lists': [159, 525, 538]}"
1200292395,VERY_LONG,,1,82500000,41250000,"{'id': 24918, 'context': 2, 'bonus_lists': [6654, 1681], 'modifiers': [{'type': 9, 'value': 50}]}"
1200292397,VERY_LONG,,1,1499800,749900,"{'id': 16840, 'context': 0, 'modifiers': [{'type': 28, 'value': 1004}]}"
1200292399,VERY_LONG,,1,20000000,10000000,"{'id': 82213, 'context': 36, 'bonus_lists': [1678, 4767], 'modifiers': [{'type': 9, 'value': 50}]}"
1200292400,VERY_LONG,,1,30000000,20300400,"{'id': 87526, 'context': 0, 'bonus_lists': [6835]}"
1200292402,VERY_LONG,,1,20000000,10000000,"{'id': 36294, 'context': 28, 'bonus_lists': [1707, 3840], 'modifiers': [{'type': 9, 'value': 27}]}"
1200292404,VERY_LONG,,1,45000000,22500000,"{'id': 98870, 'context': 1}"
1200292406,VERY_LONG,,1,124686700,62343400,"{'id': 66986, 'context': 36, 'bonus_lists': [4760], 'modifiers': [{'type': 9, 'value': 42}]}"
1200292407,VERY_LONG,,1,65000000,32500000,"{'id': 14172, 'context': 54, 'bonus_lists': [1681, 4277], 'modifiers': [{'type': 9, 'value': 45}]}"
1200292409,VERY_LONG,,1,100000000,50000000,"{'id': 98920, 'context': 0, 'bonus_lists': [6883]}"
1200292411,VERY_LONG,,1,21500000,10750000,"{'id': 38435, 'context': 0}"
1200292412,VERY_LONG,,1,105000000,52500000,"{'id': 152830, 'context': 13, 'bonus_lists': [1684, 4927]}"
1200292413,VERY_LONG,,1,144979500,72489800,"{'id': 13044, 'context': 0}"
1200292414,VERY_LONG,,1,110000000,55000000,"{'id': 82945, 'context': 1}"
1200292416,VERY_LONG,,1,6475400,3237700,"{'id': 16861, 'context': 0, 'modifiers': [{'type': 28, 'value': 1004}]}"
1200292417,VERY_LONG,,1,6475400,3237700,"{'id': 16861, 'context': 0, 'modifiers': [{'type': 28, 'value': 1004}]}"
1200292418,VERY_LONG,,1,900000000,,"{'id': 182978, 'context': 5, 'bonus_lists': [7188, 6652, 7194, 1485, 6646], 'modifiers': [{'type': 28, 'value': 752}]}"
1200292419,VERY_LONG,,1,22219900,11110000,"{'id': 164703, 'context': 13, 'bonus_lists': [1708, 6875]}"
1200292421,VERY_LONG,,1,92500000,46250000,"{'id': 114234, 'context': 13, 'bonus_lists': [195, 525, 533, 6857]}"
1200292422,VERY_LONG,,1,215000000,107500000,"{'id': 116187, 'context': 13, 'bonus_lists': [225, 525, 535, 6859]}"
1200292424,VERY_LONG,,1,699999900,350000000,"{'id': 49891, 'context': 1}"
1200292425,VERY_LONG,150000,34,,,{'id': 2862}
1200292426,VERY_LONG,,1,40000000,20000000,"{'id': 36529, 'context': 0, 'bonus_lists': [6655, 1679], 'modifiers': [{'type': 9, 'value': 30}, {'type': 28, 'value': 44}]}"
1200292431,VERY_LONG,,1,99999900,50000000,"{'id': 127034, 'context': 13, 'bonus_lists': [669, 601, 689, 3347, 3408, 6883]}"
1200292433,VERY_LONG,,1,64999700,32499900,"{'id': 114814, 'context': 13, 'bonus_lists': [89, 525, 538, 6847]}"
1200292434,VERY_LONG,,1,34000000,17000000,"{'id': 167981, 'context': 13, 'bonus_lists': [1683, 6879]}"
1200292435,VERY_LONG,,1,15000000,7500000,"{'id': 106678, 'context': 0, 'bonus_lists': [209]}"
1200292436,VERY_LONG,,1,2489900,1263000,"{'id': 7064, 'context': 0}"
1200292438,VERY_LONG,2250000,1,,,{'id': 52757}
1200292439,VERY_LONG,,1,53000000,26500000,"{'id': 98770, 'context': 0, 'bonus_lists': [6883]}"
1200292441,VERY_LONG,,1,160000000,80000000,"{'id': 55306, 'context': 5, 'bonus_lists': [1712]}"
1200292442,VERY_LONG,,1,19999600,9999800,"{'id': 23503, 'context': 1, 'bonus_lists': [6878]}"
1200292443,VERY_LONG,,1,560000000,280000000,"{'id': 12796, 'context': 0}"
1200292530,VERY_LONG,1940000,1,,,{'id': 76061}
1200292668,VERY_LONG,,1,10500000,,"{'id': 40953, 'context': 0, 'bonus_lists': [6863]}"
1200292710,VERY_LONG,,1,40000000,,"{'id': 82910, 'context': 0, 'bonus_lists': [1707, 6844]}"
1200292725,VERY_LONG,,1,4000000,,"{'id': 82903, 'context': 0, 'bonus_lists': [1714, 6845]}"
1200292821,VERY_LONG,,1,970000,,"{'id': 82900, 'context': 0, 'bonus_lists': [6859]}"
1200292838,VERY_LONG,500000,1,,,{'id': 76570}
1200292862,VERY_LONG,,1,125000000,62500000,"{'id': 113131, 'context': 13, 'bonus_lists': [525, 209, 530, 6873]}"
1200292864,VERY_LONG,,1,22499900,11250000,"{'id': 37772, 'context': 0, 'bonus_lists': [6658], 'modifiers': [{'type': 9, 'value': 11}, {'type': 28, 'value': 1744}]}"
1200292867,VERY_LONG,,1,50000000,25000000,"{'id': 90477, 'context': 1, 'bonus_lists': [1684]}"
1200292871,VERY_LONG,750000,4,,,{'id': 154168}
1200292873,VERY_LONG,,1,2389800,1194900,"{'id': 16851, 'context': 0, 'modifiers': [{'type': 28, 'value': 1004}]}"
1200292875,VERY_LONG,,1,1984700,1169700,"{'id': 41599, 'context': 0}"
1200292877,VERY_LONG,,1,1984700,1169700,"{'id': 41599, 'context': 0}"
1200292882,VERY_LONG,,1,43000000,21500000,"{'id': 38438, 'context': 0}"
1200292885,VERY_LONG,,1,80000000,40000000,"{'id': 170291, 'context': 13, 'bonus_lists': [1689, 5804, 6883]}"
1200292887,VERY_LONG,,1,290000000,145000000,"{'id': 18263, 'context': 0}"
1200292890,VERY_LONG,,1,270000000,135000000,"{'id': 41348, 'context': 0, 'bonus_lists': [6881]}"
1200292891,VERY_LONG,,1,84999200,42499600,"{'id': 41353, 'context': 0, 'bonus_lists': [6881]}"
1200292893,VERY_LONG,300000,3,,,{'id': 76617}
1200292894,VERY_LONG,,1,45999400,22999700,"{'id': 14850, 'context': 53, 'bonus_lists': [4277], 'modifiers': [{'type': 9, 'value': 50}]}"
1200292897,VERY_LONG,14998500,1,,,{'id': 123956}
1200292900,VERY_LONG,,1,17999900,9000000,"{'id': 24863, 'context': 0, 'bonus_lists': [6654, 1695], 'modifiers': [{'type': 9, 'value': 30}, {'type': 28, 'value': 39}]}"
1200292902,VERY_LONG,,1,141178700,70589400,"{'id': 170325, 'context': 13, 'bonus_lists': [1676, 6883]}"
1200292905,VERY_LONG,,1,7769900,7063700,"{'id': 7374, 'context': 0, 'bonus_lists': [6863]}"
1200292907,VERY_LONG,1509200,2,,,{'id': 52745}
1200292909,VERY_LONG,,1,19999800,16107500,"{'id': 40951, 'context': 1}"
1200292912,VERY_LONG,,1,34443200,17221600,"{'id': 93619, 'context': 0, 'bonus_lists': [6876]}"
1200292914,VERY_LONG,,1,120000000,60000000,"{'id': 98849, 'context': 0, 'bonus_lists': [6883]}"
1200292916,VERY_LONG,,1,137500000,68750000,"{'id': 98784, 'context': 0, 'bonus_lists': [6883]}"
1200292918,VERY_LONG,,1,25000000,12500000,"{'id': 56509, 'context': 0, 'bonus_lists': [1684]}"
1200292920,VERY_LONG,,1,149999900,75000000,"{'id': 116476, 'context': 0, 'bonus_lists': [6655, 89], 'modifiers': [{'type': 9, 'value': 40}, {'type': 28, 'value': 64}]}"
1200292923,VERY_LONG,,1,25000000,12500000,"{'id': 151652, 'context': 13, 'bonus_lists': [6883]}"
1200292926,VERY_LONG,58680600,1,,,{'id': 55055}
1200292929,VERY_LONG,20000000,1,,,{'id': 76515}
1200292931,VERY_LONG,,1,3989900,2486600,"{'id': 7282, 'context': 0, 'bonus_lists': [6848]}"
1200292933,VERY_LONG,,1,2199900,1100000,"{'id': 15220, 'context': 0, 'bonus_lists': [6655, 1695], 'modifiers': [{'type': 9, 'value': 30}, {'type': 28, 'value': 1005}]}"
1200292935,VERY_LONG,,1,19999700,9999900,"{'id': 98861, 'context': 0, 'bonus_lists': [6883]}"
1200292937,VERY_LONG,,1,46000000,23000000,"{'id': 98922, 'context': 0, 'bonus_lists': [6883]}"
1200292939,VERY_LONG,1000000,1,,,{'id': 76546}
1200292942,VERY_LONG,,1,150000000,75000000,"{'id': 4256, 'context': 0, 'bonus_lists': [6863]}"
1200292944,VERY_LONG,,1,280000000,140000000,"{'id': 38590, 'context': 1}"
1200292947,VERY_LONG,,1,62500000,31250000,"{'id': 93534, 'context': 0, 'bonus_lists': [6879]}"
1200292951,VERY_LONG,,1,125000000,62500000,"{'id': 42727, 'context': 1, 'bonus_lists': [6881]}"
1200292954,VERY_LONG,355400,5,,,{'id': 72985}
1200292955,VERY_LONG,,1,23999800,11999900,"{'id': 35593, 'context': 1}"
1200292957,VERY_LONG,,1,32498900,16249500,"{'id': 82446, 'context': 0}"
1200292958,VERY_LONG,,1,75000000,37500000,"{'id': 161916, 'context': 13, 'bonus_lists': [1677, 4927, 5804]}"
1200292960,VERY_LONG,,1,4989900,2893900,"{'id': 10025, 'context': 0, 'bonus_lists': [6877]}"
1200292961,VERY_LONG,,1,529999900,265000000,"{'id': 49893, 'context': 0}"
1200292962,VERY_LONG,,1,6659900,4117300,"{'id': 5961, 'context': 0, 'bonus_lists': [6852]}"
1200292963,VERY_LONG,,1,1649900,1454800,"{'id': 127035, 'context': 0}"
1200292966,VERY_LONG,,1,1649900,1454800,"{'id': 127035, 'context': 0}"
1200292969,VERY_LONG,,1,1649900,1454800,"{'id': 127035, 'context': 0}"
1200292970,VERY_LONG,,1,126906600,63453300,"{'id': 116177, 'context': 13, 'bonus_lists': [126, 525, 535]}"
1200292971,VERY_LONG,,1,1600000000,1370260400,"{'id': 82453, 'context': 0}"
1200292972,VERY_LONG,,1,3000000,1500000,"{'id': 55518, 'context': 36, 'bonus_lists': [1707, 4764], 'modifiers': [{'type': 9, 'value': 45}]}"
1200292974,VERY_LONG,420000000,1,,,{'id': 132526}
1200292976,VERY_LONG,,1,2500000,1306700,"{'id': 45626, 'context': 0}"
1200292978,VERY_LONG,,1,69999600,34999800,"{'id': 132500, 'context': 13, 'bonus_lists': [1681, 6827, 3408]}"
1200292979,VERY_LONG,,1,79999900,40000000,"{'id': 164699, 'context': 13, 'bonus_lists': [1712, 6877]}"
1200292982,VERY_LONG,5250000,1,,,{'id': 38989}
1200292983,VERY_LONG,2240000,6,,,{'id': 76612}
1200292984,VERY_LONG,,1,4989900,2495000,"{'id': 4257, 'context': 0, 'bonus_lists': [6860]}"
1200292987,VERY_LONG,,1,224999600,112499800,"{'id': 34482, 'context': 0}"
1200292988,VERY_LONG,,1,102500000,51250000,"{'id': 98927, 'context': 0, 'bonus_lists': [6883]}"
1200292989,VERY_LONG,2919900,3,,,{'id': 80587}
1200292990,VERY_LONG,,1,125000000,62500000,"{'id': 55023, 'context': 0}"
1200292991,VERY_LONG,,1,55000000,27500000,"{'id': 118601, 'context': 1, 'bonus_lists': [197, 6827]}"
1200292994,VERY_LONG,,1,74400,46000,"{'id': 2577, 'context': 0, 'bonus_lists': [6835]}"
1200292995,VERY_LONG,,1,74400,46000,"{'id': 2577, 'context': 0, 'bonus_lists': [6835]}"
1200292996,VERY_LONG,,1,8000900,4733200,"{'id': 161886, 'context': 13, 'bonus_lists': [1693, 6853, 5804]}"
1200292997,VERY_LONG,,1,29000000,14500000,"{'id': 66976, 'context': 3, 'bonus_lists': [6658], 'modifiers': [{'type': 9, 'value': 35}, {'type': 28, 'value': 1029}]}"
1200292998,VERY_LONG,,1,107500000,53750000,"{'id': 114232, 'context': 13, 'bonus_lists': [180, 525, 533, 6853]}"
1200292999,VERY_LONG,,1,470000000,235000000,"{'id': 66895, 'context': 28, 'bonus_lists': [4761], 'modifiers': [{'type': 9, 'value': 32}]}"
1200293001,VERY_LONG,,1,500000,335700,"{'id': 13860, 'context': 0, 'bonus_lists': [6881]}"
1200293003,VERY_LONG,,1,160000000,80000000,"{'id': 116188, 'context': 13, 'bonus_lists': [19, 525, 535, 6854]}"
1200293005,VERY_LONG,,1,47499400,23749700,"{'id': 40362, 'context': 0, 'modifiers': [{'type': 28, 'value': 1017}]}"
1200293007,VERY_LONG,,1,85000000,42500000,"{'id': 8208, 'context': 1, 'bonus_lists': [6878]}"
1200293009,VERY_LONG,,1,127499700,63749900,"{'id': 93623, 'context': 1, 'bonus_lists': [6880]}"
1200293010,VERY_LONG,,1,9000000,4500000,"{'id': 10142, 'context': 0, 'bonus_lists': [6654, 1709], 'modifiers': [{'type': 9, 'value': 30}, {'type': 28, 'value': 1004}]}"
1200293011,VERY_LONG,,1,12009600,7481500,"{'id': 82924, 'context': 1}"
1200293013,VERY_LONG,,1,31000000,15500000,"{'id': 93555, 'context': 0}"
1200293016,VERY_LONG,,1,14695300,7347700,"{'id': 54445, 'context': 0}"
1200293017,VERY_LONG,,1,14695300,7347700,"{'id': 54445, 'context': 0}"
1200293018,VERY_LONG,,1,1000000,500000,"{'id': 5762, 'context': 0}"
1200293019,VERY_LONG,,1,9989700,4994900,"{'id': 7941, 'context': 0, 'bonus_lists': [6870]}"
1200293021,VERY_LONG,,1,320000000,160000000,"{'id': 75101, 'context': 0, 'bonus_lists': [6872]}"
1200293023,VERY_LONG,,1,45000000,22500000,"{'id': 126989, 'context': 13, 'bonus_lists': [1689, 3340, 3408]}"
1200293026,VERY_LONG,,1,2211000,1741000,"{'id': 17723, 'context': 0, 'bonus_lists': [6835]}"
1200293027,VERY_LONG,300000,1,,,{'id': 76631}
1200293029,VERY_LONG,,1,12500000,8367000,"{'id': 75095, 'context': 0}"
1200293031,VERY_LONG,,1,155000000,77500000,"{'id': 10499, 'context': 1, 'bonus_lists': [6858]}"
1200293033,VERY_LONG,,1,409999800,204999900,"{'id': 77528, 'context': 0, 'bonus_lists': [6883]}"
1200293036,VERY_LONG,,1,1999800,1013800,"{'id': 12424, 'context': 1, 'bonus_lists': [6880]}"
1200293038,VERY_LONG,210000,11,,,{'id': 153434}
1200293040,VERY_LONG,,1,4449800,3187100,"{'id': 2315, 'context': 0, 'bonus_lists': [6849]}"
1200293043,VERY_LONG,,1,16118900,8059500,"{'id': 161953, 'context': 13, 'bonus_lists': [1717, 6850]}"
1200293044,VERY_LONG,,1,49999700,24999900,"{'id': 15995, 'context': 0}"
1200293045,VERY_LONG,,1,42500000,21250000,"{'id': 8348, 'context': 0, 'bonus_lists': [6878]}"
1200293049,VERY_LONG,,1,41000000,20500000,"{'id': 66991, 'context': 3}"
1200293051,VERY_LONG,,1,9999800,7371200,"{'id': 10506, 'context': 1, 'bonus_lists': [6873]}"
1200293052,VERY_LONG,,1,160000000,80000000,"{'id': 41356, 'context': 1, 'bonus_lists': [6881]}"
1200293054,VERY_LONG,3499900,1,,,{'id': 169456}
1200293056,VERY_LONG,,1,6979900,3490000,"{'id': 14168, 'context': 1, 'bonus_lists': [6654, 1693], 'modifiers': [{'type': 9, 'value': 27}, {'type': 28, 'value': 1901}]}"
1200293058,VERY_LONG,1499900,1,,,{'id': 15564}
1200293060,VERY_LONG,,1,4000000,2000000,"{'id': 109183, 'context': 0, 'bonus_lists': [6839]}"
1200293061,VERY_LONG,300000,1,,,{'id': 116654}
1200293065,VERY_LONG,,1,52500000,26250000,"{'id': 31193, 'context': 0}"
1200293066,VERY_LONG,,1,39800,34000,"{'id': 4308, 'context': 0}"
1200293068,VERY_LONG,,1,17888200,8944100,"{'id': 25141, 'context': 0, 'bonus_lists': [6655, 1709], 'modifiers': [{'type': 9, 'value': 30}, {'type': 28, 'value': 1012}]}"
1200293069,VERY_LONG,,1,20999900,12193600,"{'id': 41112, 'context': 0, 'bonus_lists': [1681]}"
1200293071,VERY_LONG,,1,9989900,9020300,"{'id': 8349, 'context': 0, 'bonus_lists': [6878]}"
1200293072,VERY_LONG,14499900,1,,,{'id': 68134}
1200293074,VERY_LONG,,1,529400,374500,"{'id': 6795, 'context': 0, 'bonus_lists': [6835]}"
1200293076,VERY_LONG,4500000,1,,,{'id': 76541}
1200293077,VERY_LONG,,1,190000000,95000000,"{'id': 4393, 'context': 0}"
1200293080,VERY_LONG,,1,268800,192800,"{'id': 5957, 'context': 1}"
1200293081,VERY_LONG,1000000,1,,,{'id': 76525}
1200293082,VERY_LONG,,1,117499700,58749900,"{'id': 93538, 'context': 1, 'bonus_lists': [6877]}"
1200293085,VERY_LONG,,1,190000000,163295300,"{'id': 7060, 'context': 1, 'bonus_lists': [6866]}"
1200293086,VERY_LONG,2551900,1,,,{'id': 41603}
1200293087,VERY_LONG,740000,11,,,{'id': 37118}
1200293090,VERY_LONG,,1,1859900,946900,"{'id': 132488, 'context': 0, 'bonus_lists': [6847]}"
1200293091,VERY_LONG,,1,9000000,4500000,"{'id': 93421, 'context': 0, 'bonus_lists': [6874]}"
1200293093,VERY_LONG,,1,65000000,32500000,"{'id': 114816, 'context': 13, 'bonus_lists': [84, 525, 538]}"
1200293094,VERY_LONG,,1,64999600,32499800,"{'id': 42095, 'context': 1}"
1200293095,VERY_LONG,,1,39000000,19500000,"{'id': 41523, 'context': 1}"
1200293098,VERY_LONG,,1,700000,,"{'id': 82800, 'context': 0, 'modifiers': [{'type': 6, 'value': 47731}], 'pet_breed_id': 8, 'pet_level': 1, 'pet_quality_id': 3, 'pet_species_id': 1180}"
1200293100,VERY_LONG,,1,23000000,11500000,"{'id': 24704, 'context': 1, 'bonus_lists': [6654, 1691], 'modifiers': [{'type': 9, 'value': 30}, {'type': 28, 'value': 220}]}"
1200294101,VERY_LONG,,1,70000000,35000000,"{'id': 7421, 'context': 0, 'bonus_lists': [1705]}"
1200294103,VERY_LONG,,1,29999900,26988100,"{'id': 55293, 'context': 36, 'bonus_lists': [1714, 4767], 'modifiers': [{'type': 9, 'value': 47}]}"
1200294105,VERY_LONG,,1,150000000,75000000,"{'id': 75085, 'context': 0}"
1200294106,VERY_LONG,,1,165246800,82623400,"{'id': 82964, 'context': 0}"
1200294108,VERY_LONG,,1,77500000,38750000,"{'id': 23746, 'context': 0}"
1200294110,VERY_LONG,,1,528300,519800,"{'id': 14132, 'context': 0}"
1200294115,VERY_LONG,,1,9999800,4999900,"{'id': 52367, 'context': 5}"
1200294152,VERY_LONG,500000,53,,,{'id': 76546}
1200295159,VERY_LONG,500000,6,,,{'id': 76525}
1200295187,VERY_LONG,47500,29,,,{'id': 10939}
1200295190,LONG,,1,499900,,"{'id': 12713, 'context': 0, 'modifiers': [{'type': 28, 'value': 40}]}"
1200295194,VERY_LONG,90000,11,,,{'id': 22448}
1200295198,LONG,,1,6016600,,"{'id': 14664, 'context': 0, 'bonus_lists': [6654], 'modifiers': [{'type': 9, 'value': 30}, {'type': 28, 'value': 33}]}"
1200295199,VERY_LONG,300000,1,,,{'id': 76591}
1200295346,VERY_LONG,4650000,5,,,{'id': 29539}
1200295427,VERY_LONG,470000,69,,,{'id': 3486}
1200295574,VERY_LONG,,1,325000000,162500000,"{'id': 136683, 'context': 13, 'bonus_lists': [6883]}"
1200295580,VERY_LONG,,1,20000000,10000000,"{'id': 106539, 'context': 29, 'bonus_lists': [3854, 118], 'modifiers': [{'type': 9, 'value': 50}]}"
1200295586,VERY_LONG,,1,11000000,5500000,"{'id': 38412, 'context': 1}"
1200295592,VERY_LONG,,1,31000000,15500000,"{'id': 23491, 'context': 0}"
1200295600,VERY_LONG,25000000,1,,,{'id': 82445}
1200295607,VERY_LONG,,1,57000000,28500000,"{'id': 98766, 'context': 1}"
1200295612,VERY_LONG,1499900,1,,,{'id': 62676}
1200295618,VERY_LONG,,1,195000000,97500000,"{'id': 170294, 'context': 13, 'bonus_lists': [1685, 5804, 6883]}"
1200295624,VERY_LONG,40000000,1,,,{'id': 23528}
1200295627,VERY_LONG,,1,700000000,350000000,"{'id': 94267, 'context': 0, 'bonus_lists': [6879]}"
1200295633,VERY_LONG,,1,2387600,1193800,"{'id': 41519, 'context': 0, 'bonus_lists': [6852]}"
1200295639,VERY_LONG,,1,320000000,160000000,"{'id': 41394, 'context': 0, 'bonus_lists': [6883]}"
1200295645,VERY_LONG,,1,25000000,12500000,"{'id': 23502, 'context': 0}"
1200295650,VERY_LONG,,1,33999900,17000000,"{'id': 78886, 'context': 0, 'modifiers': [{'type': 28, 'value': 1030}]}"
1200295653,VERY_LONG,,1,87297300,43648700,"{'id': 87215, 'context': 0, 'bonus_lists': [6844]}"
1200295658,VERY_LONG,,1,220000000,110000000,"{'id': 170320, 'context': 13, 'bonus_lists': [1704]}"
1200295665,VERY_LONG,,1,2489900,1636300,"{'id': 132522, 'context': 1, 'bonus_lists': [6867]}"
1200295672,VERY_LONG,,1,99999700,49999900,"{'id': 45849, 'context': 0, 'bonus_lists': [6873]}"
1200295679,VERY_LONG,,1,31000000,15500000,"{'id': 128879, 'context': 13, 'bonus_lists': [1689, 6844, 3408]}"
1200295686,VERY_LONG,,1,320000000,160000000,"{'id': 41352, 'context': 1, 'bonus_lists': [6881]}"
1200295690,VERY_LONG,,1,315789000,157894500,"{'id': 82018, 'context': 0, 'bonus_lists': [6655, 1694], 'modifiers': [{'type': 9, 'value': 35}, {'type': 28, 'value': 1032}]}"
1200295695,VERY_LONG,,1,20000000,10000000,"{'id': 164704, 'context': 13, 'bonus_lists': [1690, 6873]}"
1200295700,VERY_LONG,,1,66000000,33000000,"{'id': 82430, 'context': 0}"
1200295705,VERY_LONG,,1,75000000,37500000,"{'id': 55453, 'context': 0, 'bonus_lists': [6655, 1691], 'modifiers': [{'type': 9, 'value': 35}, {'type': 28, 'value': 56}]}"
1200295708,VERY_LONG,,1,349999700,174999900,"{'id': 16988, 'context': 1}"
1200295710,VERY_LONG,,1,5349900,2675000,"{'id': 9946, 'context': 0, 'bonus_lists': [6654, 1692], 'modifiers': [{'type': 9, 'value': 30}, {'type': 28, 'value': 30}]}"
1200295713,VERY_LONG,,1,47500000,23750000,"{'id': 15149, 'context': 1, 'bonus_lists': [6654, 1679], 'modifiers': [{'type': 9, 'value': 30}, {'type': 28, 'value': 281}]}"
1200295717,VERY_LONG,,1,732768900,366384500,"{'id': 98603, 'context': 1}"
1200295719,VERY_LONG,9499500,1,,,{'id': 52087}
1200295723,VERY_LONG,,1,4999900,4677400,"{'id': 126991, 'context': 13, 'bonus_lists': [1692, 6859, 3408]}"
1200295724,VERY_LONG,,1,9000000,4500000,"{'id': 82910, 'context': 1, 'bonus_lists': [1705]}"
1200295728,VERY_LONG,17979200,2,,,{'id': 129028}
1200295731,VERY_LONG,,1,230000000,115000000,"{'id': 10501, 'context': 1, 'bonus_lists': [6873]}"
1200295732,VERY_LONG,,1,125000000,62500000,"{'id': 164462, 'context': 11}"
1200295736,VERY_LONG,,1,44692700,22346400,"{'id': 123897, 'context': 13, 'bonus_lists': [1678, 6851, 3408]}"
1200295737,VERY_LONG,,1,62500000,31250000,"{'id': 93544, 'context': 1, 'bonus_lists': [6875]}"
1200295740,VERY_LONG,,1,249999300,124999700,"{'id': 54506, 'context': 0, 'bonus_lists': [6876]}"
1200295742,VERY_LONG,,1,90000000,45000000,"{'id': 55052, 'context': 1}"
1200295743,VERY_LONG,,1,2213000,1160100,"{'id': 4325, 'context': 0, 'bonus_lists': [6863]}"
1200295747,VERY_LONG,,1,310000000,155000000,"{'id': 16980, 'context': 0}"
1200295750,VERY_LONG,,1,1431455200,715727600,"{'id': 19166, 'context': 1}"
1200295753,VERY_LONG,7599500,1,,,{'id': 52093}
1200295754,VERY_LONG,,1,175000000,87500000,"{'id': 170364, 'context': 13, 'bonus_lists': [1679, 5804, 6883]}"
1200295757,VERY_LONG,,1,260000000,130000000,"{'id': 75127, 'context': 0}"
1200295760,VERY_LONG,5389900,1,,,{'id': 52082}
1200295763,VERY_LONG,,1,26800,22100,"{'id': 6786, 'context': 1}"
1200295765,VERY_LONG,,1,165000000,82500000,"{'id': 31159, 'context': 0, 'bonus_lists': [1694, 3761], 'modifiers': [{'type': 9, 'value': 30}]}"
1200295766,VERY_LONG,1500000,1,,,{'id': 36910}
1200295767,VERY_LONG,1899900,4,,,{'id': 104108}
1200295769,VERY_LONG,,1,63000000,31500000,"{'id': 39088, 'context': 0}"
1200295772,VERY_LONG,,1,35000000,17500000,"{'id': 55534, 'context': 0, 'bonus_lists': [6654, 1709], 'modifiers': [{'type': 9, 'value': 35}, {'type': 28, 'value': 56}]}"
1200295774,VERY_LONG,,1,350000000,175000000,"{'id': 170323, 'context': 13, 'bonus_lists': [1692, 6883]}"
1200295775,VERY_LONG,,1,5559700,5390400,"{'id': 5780, 'context': 0, 'bonus_lists': [6847]}"
1200295776,VERY_LONG,,1,75000000,37500000,"{'id': 25661, 'context': 1}"
1200295778,VERY_LONG,,1,4237100,2118600,"{'id': 132545, 'context': 0}"
1200295781,VERY_LONG,2499800,1,,,{'id': 114056}
1200295783,VERY_LONG,,1,18000000,9000000,"{'id': 161957, 'context': 13, 'bonus_lists': [1706, 4927]}"
1200295787,VERY_LONG,,1,65000000,32500000,"{'id': 123911, 'context': 13, 'bonus_lists': [669, 601, 689, 1702, 3408, 6883]}"
1200295788,VERY_LONG,52999600,1,,,{'id': 77542}
1200295802,VERY_LONG,,1,460000000,230000000,"{'id': 71994, 'context': 1, 'bonus_lists': [6883]}"
1200295805,VERY_LONG,,1,1979900,1895600,"{'id': 82900, 'context': 0}"
1200295807,VERY_LONG,600000,3,,,{'id': 154705}
1200295811,VERY_LONG,,1,357894400,178947200,"{'id': 118791, 'context': 0}"
1200295815,VERY_LONG,,1,3099400,1549700,"{'id': 41255, 'context': 0, 'bonus_lists': [6835]}"
1200295817,VERY_LONG,,1,22000000,11000000,"{'id': 4058, 'context': 1, 'bonus_lists': [6654], 'modifiers': [{'type': 9, 'value': 30}, {'type': 28, 'value': 214}]}"
1200295821,VERY_LONG,,1,32000000,16000000,"{'id': 93434, 'context': 0, 'bonus_lists': [6877]}"
1200295822,VERY_LONG,,1,57479800,28739900,"{'id': 15154, 'context': 1, 'bonus_lists': [6654, 1695], 'modifiers': [{'type': 9, 'value': 30}, {'type': 28, 'value': 206}]}"
1200295824,VERY_LONG,,1,19999800,9999900,"{'id': 55413, 'context': 0, 'bonus_lists': [6655, 1678], 'modifiers': [{'type': 9, 'value': 35}, {'type': 28, 'value': 1030}]}"
1200295827,VERY_LONG,,1,44000000,22000000,"{'id': 82909, 'context': 1, 'bonus_lists': [1694]}"
1200295829,VERY_LONG,,1,44000000,22000000,"{'id': 82909, 'context': 0, 'bonus_lists': [1713]}"
1200295832,VERY_LONG,,1,17898900,14699000,"{'id': 127002, 'context': 13, 'bonus_lists': [669, 600, 689, 1704, 3408, 6883]}"
1200295835,VERY_LONG,,1,58914900,29457500,"{'id': 14830, 'context': 42, 'bonus_lists': [3836], 'modifiers': [{'type': 9, 'value': 21}]}"
1200295838,VERY_LONG,,1,20000000,17286300,"{'id': 41357, 'context': 0, 'bonus_lists': [6881]}"
1200295842,VERY_LONG,,1,149999600,74999800,"{'id': 42101, 'context': 0}"
1200295845,VERY_LONG,,1,20500000,10250000,"{'id': 38422, 'context': 1, 'bonus_lists': [6847]}"
1200295848,VERY_LONG,,1,74400,46000,"{'id': 2577, 'context': 0, 'bonus_lists': [6835]}"
1200295852,VERY_LONG,,1,379900,300800,"{'id': 10023, 'context': 0, 'bonus_lists': [6873]}"
1200295856,VERY_LONG,,1,62000000,31000000,"{'id': 23489, 'context': 0}"
1200295858,VERY_LONG,,1,21000000,10500000,"{'id': 38414, 'context': 1}"
1200295861,VERY_LONG,,1,25000000,12500000,"{'id': 38418, 'context': 1}"
1200295865,VERY_LONG,,1,240000000,120000000,"{'id': 141579, 'context': 26, 'bonus_lists': [3431, 1472, 3528], 'modifiers': [{'type': 28, 'value': 336}]}"
1200295868,VERY_LONG,,1,89999900,45000000,"{'id': 25654, 'context': 0}"
1200295873,VERY_LONG,,1,19800,15700,"{'id': 2568, 'context': 1}"
1200295876,VERY_LONG,,1,200000,100000,"{'id': 4343, 'context': 0, 'bonus_lists': [6839]}"
1200295879,VERY_LONG,1250000,1,,,{'id': 159792}
1200295881,VERY_LONG,100000,297,,,{'id': 109076}
1200295884,VERY_LONG,2399700,1,,,{'id': 168592}
1200295886,VERY_LONG,,1,33979900,16990000,"{'id': 14764, 'context': 29, 'bonus_lists': [3832], 'modifiers': [{'type': 9, 'value': 13}]}"
1200295889,VERY_LONG,,1,92499700,46249900,"{'id': 93536, 'context': 1}"
1200295892,VERY_LONG,,1,17000000,8500000,"{'id': 41550, 'context': 1, 'bonus_lists': [6861]}"
1200295894,VERY_LONG,,1,2491200,1745100,"{'id': 13858, 'context': 1, 'bonus_lists': [6880]}"
1200295896,VERY_LONG,,1,18982100,9491100,"{'id': 161987, 'context': 13, 'bonus_lists': [1686, 6846]}"
1200295897,VERY_LONG,,1,324999900,162500000,"{'id': 87433, 'context': 0}"
1200295901,VERY_LONG,2239500,25,,,{'id': 171266}
1200295902,VERY_LONG,,1,83850400,41925200,"{'id': 16049, 'context': 1}"
1200295906,VERY_LONG,,1,450000000,225000000,"{'id': 23762, 'context': 1}"
1200295908,VERY_LONG,,1,2900000,1450000,"{'id': 10253, 'context': 0, 'bonus_lists': [6654, 1706], 'modifiers': [{'type': 9, 'value': 30}, {'type': 28, 'value': 1004}]}"
1200295909,VERY_LONG,3999600,2,,,{'id': 168598}
1200295911,VERY_LONG,,1,125000000,62500000,"{'id': 82951, 'context': 1}"
1200295912,VERY_LONG,,1,149999900,75000000,"{'id': 869, 'context': 0}"
1200295915,VERY_LONG,,1,117500000,58750000,"{'id': 98847, 'context': 0, 'bonus_lists': [6883]}"
1200295916,VERY_LONG,,1,117500000,58750000,"{'id': 98855, 'context': 0, 'bonus_lists': [6883]}"
1200295918,VERY_LONG,,1,219575500,109787800,"{'id': 15532, 'context': 1, 'bonus_lists': [6654, 1707], 'modifiers': [{'type': 9, 'value': 30}, {'type': 28, 'value': 200}]}"
1200295920,VERY_LONG,,1,7499800,3749900,"{'id': 82078, 'context': 0, 'bonus_lists': [6654, 1709], 'modifiers': [{'type': 9, 'value': 22}, {'type': 28, 'value': 1754}]}"
1200295923,VERY_LONG,,1,700000000,,"{'id': 183017, 'context': 5, 'bonus_lists': [7188, 6652, 7193, 1485, 6646], 'modifiers': [{'type': 28, 'value': 752}]}"
1200295924,VERY_LONG,,1,2500000,2363400,"{'id': 161960, 'context': 13, 'bonus_lists': [1686, 6854]}"
1200295927,VERY_LONG,,1,124999700,62499900,"{'id': 93456, 'context': 1, 'bonus_lists': [6880]}"
1200295930,VERY_LONG,,1,2214400,1107200,"{'id': 10055, 'context': 1, 'bonus_lists': [6835]}"
1200295931,VERY_LONG,,1,17500000,8750000,"{'id': 141408, 'context': 0}"
1200295932,VERY_LONG,,1,40000000,20000000,"{'id': 55446, 'context': 0, 'bonus_lists': [1691]}"
1200295933,VERY_LONG,,1,25000000,12500000,"{'id': 55373, 'context': 36, 'bonus_lists': [1693, 4314], 'modifiers': [{'type': 9, 'value': 45}]}"
1200295937,VERY_LONG,,1,74999600,37499800,"{'id': 75087, 'context': 1}"
1200295938,VERY_LONG,,1,70000000,35000000,"{'id': 75117, 'context': 0}"
1200295989,VERY_LONG,3500000,20,,,{'id': 171273}
1200296030,VERY_LONG,500,6,,,{'id': 171840}
1200296062,VERY_LONG,,1,9000100,,"{'id': 106702, 'context': 6, 'bonus_lists': [6654, 212], 'modifiers': [{'type': 9, 'value': 40}, {'type': 28, 'value': 2019}]}"
1200297249,LONG,26000,3,,,{'id': 172092}
1200297275,VERY_LONG,,1,19490000,,"{'id': 172327, 'context': 63, 'bonus_lists': [6716, 1487]}"
1200297414,VERY_LONG,120000,11,,,{'id': 124436}
1200297425,LONG,,1,126312500,,"{'id': 138787, 'context': 13}"
1200297427,LONG,,1,126312500,,"{'id': 138787, 'context': 13}"
1200297437,LONG,,1,23639300,,"{'id': 182558, 'context': 2, 'bonus_lists': [6907, 6652, 1696], 'modifiers': [{'type': 9, 'value': 60}, {'type': 28, 'value': 748}]}"
1200297450,VERY_LONG,8900,2,,,{'id': 80433}
1200297503,LONG,6400000,60,,,{'id': 172347}
1200297551,LONG,1350000,19,,,{'id': 172439}
1200297702,VERY_LONG,,1,30000300,,"{'id': 21713, 'context': 14, 'modifiers': [{'type': 28, 'value': 884}]}"
1200297721,VERY_LONG,,1,1489900,765900,"{'id': 10007, 'context': 0, 'bonus_lists': [6871]}"
1200297723,VERY_LONG,,1,82500000,41250000,"{'id': 36344, 'context': 1, 'bonus_lists': [6654, 1677], 'modifiers': [{'type': 9, 'value': 33}, {'type': 28, 'value': 1873}]}"
1200297724,VERY_LONG,9499500,1,,,{'id': 52084}
1200297728,VERY_LONG,3299700,13,,,{'id': 158203}
1200297729,VERY_LONG,,1,1489900,745000,"{'id': 7065, 'context': 0, 'bonus_lists': [6861]}"
1200297731,VERY_LONG,,1,170000000,85000000,"{'id': 31227, 'context': 0, 'bonus_lists': [1707]}"
1200297732,VERY_LONG,29800,7,,,{'id': 173192}
1200297733,VERY_LONG,,1,347400,173700,"{'id': 6241, 'context': 0, 'bonus_lists': [6839]}"
1200297734,VERY_LONG,145000000,1,,,{'id': 140568}
1200297737,VERY_LONG,,1,232300,188700,"{'id': 10056, 'context': 0, 'bonus_lists': [6835]}"
1200297739,VERY_LONG,217100,1,,,{'id': 112093}
1200297740,VERY_LONG,1999800,105,,,{'id': 72095}
1200297742,VERY_LONG,,1,62500000,31250000,"{'id': 114815, 'context': 13, 'bonus_lists': [33, 525, 538, 6852]}"
1200297743,VERY_LONG,,1,290000000,145000000,"{'id': 43871, 'context': 0, 'bonus_lists': [6878]}"
1200297744,VERY_LONG,,1,7544300,3772200,"{'id': 7944, 'context': 0, 'bonus_lists': [6876]}"
1200297747,VERY_LONG,,1,83300000,,"{'id': 172326, 'context': 63, 'bonus_lists': [6716, 1487]}"
1200297748,VERY_LONG,,1,16500000,8250000,"{'id': 14825, 'context': 0}"
1200297749,VERY_LONG,,1,942500,471300,"{'id': 41546, 'context': 0, 'bonus_lists': [6863]}"
1200297750,VERY_LONG,,1,40789900,20395000,"{'id': 116454, 'context': 13, 'bonus_lists': [140, 525, 548, 6846]}"
1200297752,VERY_LONG,,1,175000000,87500000,"{'id': 36516, 'context': 27, 'bonus_lists': [1694, 3868], 'modifiers': [{'type': 9, 'value': 26}]}"
1200297753,VERY_LONG,,1,105000000,52500000,"{'id': 18745, 'context': 1, 'bonus_lists': [4056], 'modifiers': [{'type': 9, 'value': 25}]}"
1200297755,VERY_LONG,,1,499998400,249999200,"{'id': 94587, 'context': 0, 'bonus_lists': [6883]}"
1200297757,VERY_LONG,,1,360000000,180000000,"{'id': 10401, 'context': 1, 'bonus_lists': [4005], 'modifiers': [{'type': 9, 'value': 25}]}"
1200297758,VERY_LONG,,1,30999600,15499800,"{'id': 161980, 'context': 13, 'bonus_lists': [1688, 6844]}"
1200297761,VERY_LONG,2899700,1,,,{'id': 38375}
1200297762,VERY_LONG,,1,49979700,24989900,"{'id': 14374, 'context': 1, 'bonus_lists': [6654], 'modifiers': [{'type': 9, 'value': 30}, {'type': 28, 'value': 200}]}"
1200297763,VERY_LONG,,1,149354900,74677500,"{'id': 94057, 'context': 36, 'bonus_lists': [1700]}"
1200297764,VERY_LONG,,1,99499900,49750000,"{'id': 87565, 'context': 0, 'bonus_lists': [6873]}"
1200297768,VERY_LONG,,1,4489900,2328600,"{'id': 132546, 'context': 0, 'bonus_lists': [6857]}"
1200297770,VERY_LONG,,1,989900,505500,"{'id': 2578, 'context': 0, 'bonus_lists': [6843]}"
1200297773,VERY_LONG,,1,16500000,8250000,"{'id': 4368, 'context': 0, 'bonus_lists': [6844]}"
1200297774,VERY_LONG,,1,16500000,8250000,"{'id': 4368, 'context': 0}"
1200297776,VERY_LONG,,1,99999700,49999900,"{'id': 7946, 'context': 1, 'bonus_lists': [6877]}"
1200297778,VERY_LONG,,1,90000000,45000000,"{'id': 31183, 'context': 0, 'bonus_lists': [1678, 3758], 'modifiers': [{'type': 9, 'value': 26}]}"
1200297781,VERY_LONG,,1,28000000,14000000,"{'id': 161938, 'context': 13, 'bonus_lists': [1686]}"
1200297783,VERY_LONG,192100,18,,,{'id': 72986}
1200297785,VERY_LONG,650000,5,,,{'id': 21990}
1200297787,VERY_LONG,,1,134999900,67500000,"{'id': 116190, 'context': 13, 'bonus_lists': [223, 525, 535, 6846]}"
1200297788,VERY_LONG,,1,120000000,60000000,"{'id': 37768, 'context': 0}"
1200297790,VERY_LONG,,1,79999900,40000000,"{'id': 41344, 'context': 0, 'bonus_lists': [6881]}"
1200297792,VERY_LONG,34300,1,,,{'id': 1251}
1200297793,VERY_LONG,,1,20275800,10137900,"{'id': 14252, 'context': 42, 'bonus_lists': [1678, 3836], 'modifiers': [{'type': 9, 'value': 22}]}"
1200297794,VERY_LONG,,1,32500000,16250000,"{'id': 106615, 'context': 29, 'bonus_lists': [3854, 159], 'modifiers': [{'type': 9, 'value': 50}]}"
1200297796,VERY_LONG,19772200,1,,,{'id': 141898}
1200297798,VERY_LONG,,1,39500,36900,"{'id': 4344, 'context': 0, 'bonus_lists': [6835]}"
1200297799,VERY_LONG,,1,394200,197100,"{'id': 9998, 'context': 0, 'bonus_lists': [6869]}"
1200297801,VERY_LONG,,1,49999300,24999700,"{'id': 54441, 'context': 1}"
1200297803,VERY_LONG,,1,49999300,24999700,"{'id': 54441, 'context': 1}"
1200297806,VERY_LONG,11999800,1,,,{'id': 38979}
1200297809,VERY_LONG,,1,869800,456500,"{'id': 6240, 'context': 0, 'bonus_lists': [6841]}"
1200297810,VERY_LONG,,1,6669800,5439500,"{'id': 132536, 'context': 0, 'bonus_lists': [6868]}"
1200297812,VERY_LONG,,1,124999200,62499600,"{'id': 41346, 'context': 1, 'bonus_lists': [6881]}"
1200297813,VERY_LONG,,1,269999700,134999900,"{'id': 54503, 'context': 1}"
1200297814,VERY_LONG,,1,107500000,53750000,"{'id': 98846, 'context': 1, 'bonus_lists': [6883]}"
1200297820,VERY_LONG,,1,827600,639700,"{'id': 10028, 'context': 0, 'bonus_lists': [6875]}"
1200297822,VERY_LONG,,1,590000000,295000000,"{'id': 41168, 'context': 0}"
1200297823,VERY_LONG,,1,160000000,80000000,"{'id': 36574, 'context': 0, 'bonus_lists': [6655, 1679], 'modifiers': [{'type': 9, 'value': 32}, {'type': 28, 'value': 1744}]}"
1200297828,VERY_LONG,,1,185007400,92503700,"{'id': 36128, 'context': 2, 'bonus_lists': [6654, 1680], 'modifiers': [{'type': 9, 'value': 30}, {'type': 28, 'value': 1092}]}"
1200297831,VERY_LONG,,1,50100,43400,"{'id': 4309, 'context': 0, 'bonus_lists': [6843]}"
1200297833,VERY_LONG,,1,99999000,49999500,"{'id': 94277, 'context': 1}"
1200297837,VERY_LONG,,1,10019900,8333700,"{'id': 82930, 'context': 0, 'bonus_lists': [1699]}"
1200297840,VERY_LONG,3999600,1,,,{'id': 23559}
1200297841,VERY_LONG,,1,885074600,442537300,"{'id': 19167, 'context': 1}"
1200297844,VERY_LONG,,1,115000000,57500000,"{'id': 22756, 'context': 0}"
1200297845,VERY_LONG,12461700,1,,,{'id': 137188}
1200297847,VERY_LONG,,1,1979900,1895600,"{'id': 82900, 'context': 1}"
1200297849,VERY_LONG,,1,8000000,4000000,"{'id': 68760, 'context': 0, 'bonus_lists': [6654], 'modifiers': [{'type': 9, 'value': 30}, {'type': 28, 'value': 74}]}"
1200297851,VERY_LONG,,1,1100000000,550000000,"{'id': 18405, 'context': 0}"
1200297854,VERY_LONG,,1,100000000,50000000,"{'id': 82113, 'context': 0, 'bonus_lists': [6655, 1701], 'modifiers': [{'type': 9, 'value': 35}, {'type': 28, 'value': 59}]}"
1200297855,VERY_LONG,,1,55999900,28000000,"{'id': 36108, 'context': 2, 'bonus_lists': [6654, 1707], 'modifiers': [{'type': 9, 'value': 30}, {'type': 28, 'value': 1101}]}"
1200297859,VERY_LONG,12998800,1,,,{'id': 52081}
1200297861,VERY_LONG,80000,7,,,{'id': 37700}
1200297863,VERY_LONG,,1,13000000,6500000,"{'id': 126987, 'context': 13, 'bonus_lists': [1678, 6844, 3408]}"
1200297867,VERY_LONG,,1,19999500,15130900,"{'id': 116644, 'context': 13, 'bonus_lists': [119, 525, 549, 6846]}"
1200297869,VERY_LONG,,1,230000000,115000000,"{'id': 42508, 'context': 1, 'bonus_lists': [6883]}"
1200297872,VERY_LONG,,1,1342000,671000,"{'id': 10031, 'context': 0, 'bonus_lists': [6876]}"
1200297874,VERY_LONG,26000000,1,,,{'id': 77545}
1200297877,VERY_LONG,,1,1411600,705800,"{'id': 2302, 'context': 0, 'bonus_lists': [6837]}"
1200297881,VERY_LONG,,1,599400,477900,"{'id': 10052, 'context': 0, 'bonus_lists': [6835]}"
1200297882,VERY_LONG,,1,25500000,12750000,"{'id': 82904, 'context': 0, 'bonus_lists': [1686]}"
1200297884,VERY_LONG,,1,110000,99100,"{'id': 10027, 'context': 0, 'bonus_lists': [6874]}"
1200297886,VERY_LONG,,1,300674900,150337500,"{'id': 14133, 'context': 0, 'bonus_lists': [6654, 1708], 'modifiers': [{'type': 9, 'value': 22}, {'type': 28, 'value': 5}]}"
1200297888,VERY_LONG,,1,120000000,60000000,"{'id': 116174, 'context': 13, 'bonus_lists': [111, 525, 536]}"
1200297891,VERY_LONG,,1,38009800,19004900,"{'id': 19165, 'context': 0}"
1200297893,VERY_LONG,,1,60000,55200,"{'id': 7050, 'context': 0, 'bonus_lists': [6860]}"
1200297897,VERY_LONG,,1,35000000,17500000,"{'id': 55534, 'context': 0, 'bonus_lists': [6654, 1712], 'modifiers': [{'type': 9, 'value': 35}, {'type': 28, 'value': 56}]}"
1200297899,VERY_LONG,2200000,1,,,{'id': 2313}
1200297900,VERY_LONG,12944800,1,,,{'id': 137191}
1200297902,VERY_LONG,,1,587921300,293960700,"{'id': 21874, 'context': 1}"
1200297903,VERY_LONG,,1,14979900,7490000,"{'id': 111402, 'context': 0, 'bonus_lists': [6835]}"
1200297904,VERY_LONG,,1,22500000,19498200,"{'id': 41129, 'context': 1, 'bonus_lists': [6881]}"
1200297906,VERY_LONG,,1,25000000,12500000,"{'id': 38419, 'context': 0}"
1200297908,VERY_LONG,,1,149999900,75000000,"{'id': 8203, 'context': 1, 'bonus_lists': [6872]}"
1200297911,VERY_LONG,,1,130000,114200,"{'id': 10050, 'context': 0}"
1200297912,VERY_LONG,,1,31999800,15999900,"{'id': 41248, 'context': 0, 'bonus_lists': [6835]}"
1200297914,VERY_LONG,,1,750000,628500,"{'id': 12422, 'context': 0}"
1200297915,VERY_LONG,4400000,1,,,{'id': 38938}
1200297917,VERY_LONG,,1,200000,150600,"{'id': 2853, 'context': 1}"
1200297920,VERY_LONG,,1,185000000,92500000,"{'id': 164706, 'context': 13, 'bonus_lists': [1681]}"
1200297921,VERY_LONG,1250000,1,,,{'id': 44314}
1200297924,VERY_LONG,,1,9499900,4750000,"{'id': 37117, 'context': 1, 'bonus_lists': [4127], 'modifiers': [{'type': 9, 'value': 28}]}"
1200297926,VERY_LONG,,1,62500000,31250000,"{'id': 54850, 'context': 0}"
1200297927,VERY_LONG,,1,62500000,31250000,"{'id': 54850, 'context': 0, 'bonus_lists': [6846]}"
1200297929,VERY_LONG,15000000,1,,,{'id': 22826}
1200297931,VERY_LONG,,1,380000000,190000000,"{'id': 69954, 'context': 0, 'bonus_lists': [6867]}"
1200297932,VERY_LONG,,1,975000000,487500000,"{'id': 100905, 'context': 1}"
1200297934,VERY_LONG,,1,1499800,782200,"{'id': 12420, 'context': 0}"
1200297936,VERY_LONG,4503600,1,,,{'id': 52687}
1200297938,VERY_LONG,,1,944199100,472099600,"{'id': 41610, 'context': 0, 'bonus_lists': [6883]}"
1200297940,VERY_LONG,,1,740000,377900,"{'id': 2303, 'context': 0, 'bonus_lists': [6839]}"
1200297943,VERY_LONG,,1,30000000,15000000,"{'id': 82134, 'context': 36, 'bonus_lists': [1700, 4764], 'modifiers': [{'type': 9, 'value': 50}]}"
1200297945,VERY_LONG,,1,250000000,125000000,"{'id': 170286, 'context': 13, 'bonus_lists': [1714, 5804, 6883]}"
1200297946,VERY_LONG,8798200,1,,,{'id': 52761}
1200297947,VERY_LONG,3979800,1,,,{'id': 43398}
1200297951,VERY_LONG,,1,7000000,3500000,"{'id': 82434, 'context': 0}"
1200297953,VERY_LONG,,1,2999100,1499600,"{'id': 41251, 'context': 0, 'bonus_lists': [6835]}"
1200297954,VERY_LONG,,1,25940400,12970200,"{'id': 10164, 'context': 1, 'bonus_lists': [1692]}"
1200297957,VERY_LONG,274999700,1,,,{'id': 38371}
1200297958,VERY_LONG,108900,63,,,{'id': 2452}
1200297959,VERY_LONG,34999900,7,,,{'id': 184100}
1200297961,VERY_LONG,137200,50,,,{'id': 52555}
1200297962,VERY_LONG,,1,19999400,9999700,"{'id': 43657, 'context': 0}"
1200297964,VERY_LONG,,1,130000000,65000000,"{'id': 161928, 'context': 13, 'bonus_lists': [1709, 6844]}"
1200297965,VERY_LONG,18500,60,,,{'id': 115504}
1200297966,VERY_LONG,,1,360000000,180000000,"{'id': 82923, 'context': 1}"
1200297968,VERY_LONG,41900,2,,,{'id': 108341}
1200297969,VERY_LONG,,1,77499800,38749900,"{'id': 14745, 'context': 0, 'bonus_lists': [6654], 'modifiers': [{'type': 9, 'value': 19}, {'type': 28, 'value': 3}]}"
1200297971,VERY_LONG,,1,15000000,7500000,"{'id': 128895, 'context': 13, 'bonus_lists': [1718, 6857, 3408]}"
1200297972,VERY_LONG,41800,270,,,{'id': 37701}
1200297973,VERY_LONG,,1,62500000,31250000,"{'id': 43129, 'context': 0, 'bonus_lists': [6867]}"
1200297975,VERY_LONG,872000,214,,,{'id': 173128}
1200297977,VERY_LONG,,1,17000000,8500000,"{'id': 7969, 'context': 0}"
1200297979,VERY_LONG,16900,3,,,{'id': 109624}
1200297981,VERY_LONG,,1,550000000,275000000,"{'id': 36620, 'context': 1, 'bonus_lists': [6655, 1677], 'modifiers': [{'type': 9, 'value': 31}, {'type': 28, 'value': 1879}]}"
1200299675,LONG,,1,8957000,,"{'id': 179333, 'context': 0, 'bonus_lists': [6908, 43, 1699], 'modifiers': [{'type': 9, 'value': 60}, {'type': 28, 'value': 1707}]}"
1200299726,LONG,,1,1556800,,"{'id': 173201, 'context': 0, 'bonus_lists': [6883], 'modifiers': [{'type': 29, 'value': 36}, {'type': 30, 'value': 40}]}"
1200299730,LONG,,1,1556800,,"{'id': 173201, 'context': 0, 'bonus_lists': [6883], 'modifiers': [{'type': 29, 'value': 40}, {'type': 30, 'value': 32}]}"
1200299735,LONG,,1,11236400,,"{'id': 179334, 'context': 0, 'bonus_lists': [6908, 6652, 1708], 'modifiers': [{'type': 9, 'value': 60}, {'type': 28, 'value': 2060}]}"
1200299756,LONG,,1,1904600,,"{'id': 173198, 'context': 0, 'bonus_lists': [6885], 'modifiers': [{'type': 9, 'value': 60}, {'type': 28, 'value': 391}, {'type': 29, 'value': 32}, {'type': 30, 'value': 36}]}"
1200299764,LONG,,1,1904600,,"{'id': 173198, 'context': 0, 'bonus_lists': [6885], 'modifiers': [{'type': 9, 'value': 60}, {'type': 28, 'value': 391}, {'type': 29, 'value': 40}, {'type': 30, 'value': 49}]}"
1200299774,LONG,,1,30726600,,"{'id': 177816, 'context': 0, 'bonus_lists': [6907, 6652, 1704], 'modifiers': [{'type': 9, 'value': 60}, {'type': 28, 'value': 1707}]}"
1200299776,LONG,1001600,39,,,{'id': 142263}
1200299779,LONG,1001600,23,,,{'id': 142264}
1200299803,LONG,,1,2303300,,"{'id': 173194, 'context': 0, 'bonus_lists': [6887], 'modifiers': [{'type': 9, 'value': 60}, {'type': 28, 'value': 391}, {'type': 29, 'value': 40}, {'type': 30, 'value': 36}]}"
1200299817,LONG,,1,2303300,,"{'id': 173194, 'context': 0, 'bonus_lists': [6887], 'modifiers': [{'type': 9, 'value': 60}, {'type': 28, 'value': 391}, {'type': 29, 'value': 40}, {'type': 30, 'value': 36}]}"
1200299822,LONG,,1,4499200,,"{'id': 173216, 'context': 0, 'bonus_lists': [6893], 'modifiers': [{'type': 9, 'value': 60}, {'type': 28, 'value': 391}, {'type': 29, 'value': 40}, {'type': 30, 'value': 49}]}"
1200299830,LONG,,1,4499200,,"{'id': 173216, 'context': 0, 'bonus_lists': [6893], 'modifiers': [{'type': 9, 'value': 60}, {'type': 28, 'value': 391}, {'type': 29, 'value': 32}, {'type': 30, 'value': 49}]}"
1200299924,VERY_LONG,,1,8009800,,"{'id': 40768, 'context': 0}"
1200299942,VERY_LONG,309900,1,,,{'id': 153661}
1200299952,VERY_LONG,104600,3,,,{'id': 153663}
1200299981,VERY_LONG,252200,4,,,{'id': 153667}
1200299999,VERY_LONG,1009800,3,,,{'id': 153662}
1200300012,VERY_LONG,1009900,3,,,{'id': 153668}
1200300053,VERY_LONG,10000,47,,,{'id': 24401}
1200301661,VERY_LONG,30000,2,,,{'id': 153705}
1200301742,VERY_LONG,,1,8370700,4378600,"{'id': 5781, 'context': 1}"
1200301744,VERY_LONG,,1,47999700,23999900,"{'id': 98921, 'context': 0}"
1200301747,VERY_LONG,,1,195000000,97500000,"{'id': 170294, 'context': 13, 'bonus_lists': [1698, 5804, 6883]}"
1200301749,VERY_LONG,,1,56000000,28000000,"{'id': 152634, 'context': 13, 'bonus_lists': [6849]}"
1200301751,VERY_LONG,,1,99999200,49999600,"{'id': 14107, 'context': 0, 'bonus_lists': [6883]}"
1200301753,VERY_LONG,,1,195000000,97500000,"{'id': 82929, 'context': 0, 'bonus_lists': [1699]}"
1200301757,VERY_LONG,,1,149700,139300,"{'id': 10034, 'context': 0, 'bonus_lists': [6835]}"
1200301761,VERY_LONG,,1,149700,139300,"{'id': 10034, 'context': 0, 'bonus_lists': [6835]}"
1200301764,VERY_LONG,,1,155000000,77500000,"{'id': 54876, 'context': 1}"
1200301766,VERY_LONG,2599800,2,,,{'id': 76560}
1200301769,VERY_LONG,,1,49999000,24999500,"{'id': 98827, 'context': 1}"
1200301772,VERY_LONG,,1,75000000,37500000,"{'id': 167987, 'context': 13, 'bonus_lists': [1682]}"
1200301776,VERY_LONG,,1,25000000,14059300,"{'id': 40949, 'context': 0, 'bonus_lists': [6827]}"
1200301778,VERY_LONG,3500,2,,,{'id': 152542}
1200301779,VERY_LONG,,1,25000000,14059300,"{'id': 40949, 'context': 0}"
1200301782,VERY_LONG,,1,4989800,2494900,"{'id': 14143, 'context': 0}"
1200301784,VERY_LONG,,1,8999900,4500000,"{'id': 36309, 'context': 0, 'bonus_lists': [6654, 1693], 'modifiers': [{'type': 9, 'value': 26}, {'type': 28, 'value': 44}]}"
1200301786,VERY_LONG,29999800,1,,,{'id': 38992}
1200301787,VERY_LONG,1899000,2,,,{'id': 159785}
1200301788,VERY_LONG,,1,270000000,135000000,"{'id': 164687, 'context': 13, 'bonus_lists': [1683, 5804, 6871]}"
1200301790,VERY_LONG,,1,14000000,11580100,"{'id': 116260, 'context': 0}"
1200301791,VERY_LONG,,1,19999800,9999900,"{'id': 38421, 'context': 1}"
1200301792,VERY_LONG,,1,900000000,450000000,"{'id': 47591, 'context': 0, 'bonus_lists': [6883]}"
1200301795,VERY_LONG,6900000,3,,,{'id': 21718}
1200301796,VERY_LONG,,1,19000000,9500000,"{'id': 38404, 'context': 0, 'bonus_lists': [6850]}"
1200301797,VERY_LONG,300,2,,,{'id': 154722}
1200301799,VERY_LONG,,1,1450000000,725000000,"{'id': 77534, 'context': 1}"
1200301800,VERY_LONG,,1,62500000,31250000,"{'id': 31152, 'context': 0}"
1200301802,VERY_LONG,1328100,1,,,{'id': 52746}
1200301804,VERY_LONG,,1,29443500,14721800,"{'id': 56490, 'context': 0, 'bonus_lists': [1693]}"
1200301806,VERY_LONG,,1,840248400,420124200,"{'id': 10632, 'context': 1, 'bonus_lists': [6710], 'modifiers': [{'type': 9, 'value': 30}, {'type': 28, 'value': 216}]}"
1200301808,VERY_LONG,,1,1449700,724900,"{'id': 10040, 'context': 0, 'bonus_lists': [6863]}"
1200301810,VERY_LONG,,1,54999700,27499900,"{'id': 127016, 'context': 13, 'bonus_lists': [3369, 6860, 3408]}"
1200301814,VERY_LONG,,1,120000000,60000000,"{'id': 114231, 'context': 13, 'bonus_lists': [131, 525, 534, 6845]}"
1200301817,VERY_LONG,,1,40789900,20395000,"{'id': 116454, 'context': 13, 'bonus_lists': [235, 525, 549, 6846]}"
1200301818,VERY_LONG,,1,105000000,52500000,"{'id': 18745, 'context': 1, 'bonus_lists': [4056], 'modifiers': [{'type': 9, 'value': 25}]}"
1200301820,VERY_LONG,,1,49999200,24999600,"{'id': 141572, 'context': 26, 'bonus_lists': [1472, 3528, 3431]}"
1200301821,VERY_LONG,,1,57000000,28500000,"{'id': 98763, 'context': 1, 'bonus_lists': [6883]}"
1200301823,VERY_LONG,,1,19999700,9999900,"{'id': 43660, 'context': 1, 'bonus_lists': [6873]}"
1200301825,VERY_LONG,,1,2145200,1072600,"{'id': 151790, 'context': 0, 'bonus_lists': [6835]}"
1200301826,VERY_LONG,19772200,1,,,{'id': 141898}
1200301827,VERY_LONG,,1,110000000,55000000,"{'id': 82965, 'context': 0, 'bonus_lists': [6845]}"
1200301828,VERY_LONG,,1,110000000,55000000,"{'id': 82965, 'context': 0, 'bonus_lists': [6845]}"
1200301832,VERY_LONG,,1,40000000,20000000,"{'id': 116194, 'context': 13, 'bonus_lists': [101, 525, 536, 6853]}"
1200301833,VERY_LONG,,1,42500000,21250000,"{'id': 106593, 'context': 0, 'bonus_lists': [6654, 212], 'modifiers': [{'type': 9, 'value': 40}, {'type': 28, 'value': 66}]}"
1200301834,VERY_LONG,,1,11710800,5855400,"{'id': 116484, 'context': 0, 'bonus_lists': [149]}"
1200301836,VERY_LONG,380000,4,,,{'id': 64670}
1200301837,VERY_LONG,,1,105000000,67211400,"{'id': 56489, 'context': 0}"
1200301838,VERY_LONG,,1,170000000,85000000,"{'id': 116193, 'context': 13, 'bonus_lists': [71, 525, 535, 6863]}"
1200301841,VERY_LONG,1900,3,,,{'id': 154165}
1200301843,VERY_LONG,,1,875000000,437500000,"{'id': 47574, 'context': 0, 'bonus_lists': [6883]}"
1200301845,VERY_LONG,,1,896000,697600,"{'id': 10036, 'context': 0, 'bonus_lists': [6835]}"
1200301847,VERY_LONG,,1,3007000,2063900,"{'id': 24848, 'context': 0, 'bonus_lists': [6654, 1680], 'modifiers': [{'type': 9, 'value': 30}, {'type': 28, 'value': 39}]}"
1200301850,VERY_LONG,,1,72499900,36250000,"{'id': 24737, 'context': 2, 'bonus_lists': [6654, 1695], 'modifiers': [{'type': 9, 'value': 30}, {'type': 28, 'value': 1066}]}"
1200301853,VERY_LONG,,1,13136300,6568200,"{'id': 8249, 'context': 1, 'bonus_lists': [6654], 'modifiers': [{'type': 9, 'value': 30}, {'type': 28, 'value': 201}]}"
1200301854,VERY_LONG,,1,440000000,220000000,"{'id': 66916, 'context': 36, 'bonus_lists': [4302], 'modifiers': [{'type': 9, 'value': 45}]}"
1200301855,VERY_LONG,,1,2509400,1361500,"{'id': 82070, 'context': 0, 'bonus_lists': [6654, 1716], 'modifiers': [{'type': 9, 'value': 35}, {'type': 28, 'value': 57}]}"
1200301857,VERY_LONG,,1,41000000,20500000,"{'id': 41607, 'context': 1}"
1200301858,VERY_LONG,,1,140000000,70000000,"{'id': 167983, 'context': 13, 'bonus_lists': [1704, 6878]}"
1200301859,VERY_LONG,,1,7250000,3625000,"{'id': 10146, 'context': 0, 'bonus_lists': [6654, 1694], 'modifiers': [{'type': 9, 'value': 30}, {'type': 28, 'value': 35}]}"
1200301862,VERY_LONG,,1,2319700,1159900,"{'id': 13107, 'context': 0, 'bonus_lists': [6658], 'modifiers': [{'type': 9, 'value': 30}, {'type': 28, 'value': 1005}]}"
1200301866,VERY_LONG,,1,38000000,19000000,"{'id': 14366, 'context': 1, 'bonus_lists': [6654], 'modifiers': [{'type': 9, 'value': 30}, {'type': 28, 'value': 193}]}"
1200301869,VERY_LONG,,1,42000000,21000000,"{'id': 98873, 'context': 1}"
1200301872,VERY_LONG,22441600,1,,,{'id': 110632}
1200301873,VERY_LONG,,1,590000,578700,"{'id': 14100, 'context': 0, 'bonus_lists': [6882]}"
1200301876,VERY_LONG,3497000,1,,,{'id': 38959}
1200301877,VERY_LONG,7600,2,,,{'id': 153051}
1200301879,VERY_LONG,,1,8000000,4000000,"{'id': 41522, 'context': 1}"
1200301882,VERY_LONG,2370000,3,,,{'id': 45789}
1200301885,VERY_LONG,,1,420000000,210000000,"{'id': 30831, 'context': 1}"
1200301887,VERY_LONG,,1,400000000,200000000,"{'id': 75108, 'context': 1}"
1200301889,VERY_LONG,,1,125000000,62500000,"{'id': 1958, 'context': 0}"
1200301891,VERY_LONG,,1,1609900,1327500,"{'id': 7931, 'context': 0, 'bonus_lists': [6874]}"
1200301893,VERY_LONG,27000000,1,,,{'id': 52747}
1200301894,VERY_LONG,,1,190000,177300,"{'id': 10044, 'context': 0, 'bonus_lists': [6877]}"
1200301896,VERY_LONG,,1,40000000,32082000,"{'id': 83802, 'context': 0}"
1200301897,VERY_LONG,,1,19999700,9999900,"{'id': 43661, 'context': 0, 'bonus_lists': [6873]}"
1200301898,VERY_LONG,,1,300000000,150000000,"{'id': 118896, 'context': 0, 'bonus_lists': [6660], 'modifiers': [{'type': 9, 'value': 40}, {'type': 28, 'value': 1138}]}"
1200301899,VERY_LONG,,1,139900,131000,"{'id': 10053, 'context': 0, 'bonus_lists': [6835]}"
1200301901,VERY_LONG,,1,37379900,18690000,"{'id': 12542, 'context': 1, 'bonus_lists': [3999], 'modifiers': [{'type': 9, 'value': 25}]}"
1200301903,VERY_LONG,,1,19999400,9999700,"{'id': 41608, 'context': 1}"
1200301905,VERY_LONG,,1,115000000,57500000,"{'id': 129211, 'context': 13, 'bonus_lists': [6835]}"
1200301908,VERY_LONG,,1,25000000,20385600,"{'id': 41345, 'context': 0, 'bonus_lists': [6881]}"
1200301910,VERY_LONG,,1,235000000,117500000,"{'id': 45558, 'context': 1}"
1200301912,VERY_LONG,3899400,2,,,{'id': 38767}
1200301913,VERY_LONG,,1,127500000,63750000,"{'id': 116555, 'context': 0, 'bonus_lists': [6655, 62], 'modifiers': [{'type': 9, 'value': 42}]}"
1200301914,VERY_LONG,,1,69999800,34999900,"{'id': 55464, 'context': 36, 'bonus_lists': [1695, 4314], 'modifiers': [{'type': 9, 'value': 45}]}"
1200301916,VERY_LONG,,1,99900,82200,"{'id': 2587, 'context': 0, 'bonus_lists': [6835]}"
1200301917,VERY_LONG,,1,93400,79900,"{'id': 2570, 'context': 1}"
1200301918,VERY_LONG,,1,20000000,10000000,"{'id': 83793, 'context': 0, 'bonus_lists': [1688]}"
1200301919,VERY_LONG,,1,4999900,2500000,"{'id': 121232, 'context': 0, 'bonus_lists': [6654, 1696], 'modifiers': [{'type': 9, 'value': 45}, {'type': 28, 'value': 335}]}"
1200301922,VERY_LONG,,1,72499800,36249900,"{'id': 55444, 'context': 0, 'bonus_lists': [6655, 1698], 'modifiers': [{'type': 9, 'value': 35}, {'type': 28, 'value': 56}]}"
1200301924,VERY_LONG,14500,1,,,{'id': 153050}
1200301927,VERY_LONG,20231800,5,,,{'id': 168449}
1200301929,VERY_LONG,100000,3,,,{'id': 153512}
1200301930,VERY_LONG,700000,2,,,{'id': 104127}
1200301932,VERY_LONG,,1,62500000,31250000,"{'id': 43258, 'context': 1, 'bonus_lists': [6866]}"
1200301933,VERY_LONG,,1,24999900,15413800,"{'id': 14639, 'context': 14}"
1200301935,VERY_LONG,,1,46000000,23000000,"{'id': 98874, 'context': 1}"
1200301937,VERY_LONG,,1,1050000000,525000000,"{'id': 47570, 'context': 0, 'bonus_lists': [6883]}"
1200301938,VERY_LONG,,1,114999700,57499900,"{'id': 98858, 'context': 1, 'bonus_lists': [6883]}"
1200301939,VERY_LONG,,1,114999700,57499900,"{'id': 98858, 'context': 0, 'bonus_lists': [6883]}"
1200301944,VERY_LONG,,1,49000000,24500000,"{'id': 38592, 'context': 0}"
1200301946,VERY_LONG,,1,75000000,37500000,"{'id': 83799, 'context': 0}"
1200301947,VERY_LONG,,1,33000000,16500000,"{'id': 82905, 'context': 0, 'bonus_lists': [1714]}"
1200301951,VERY_LONG,,1,33000000,16500000,"{'id': 82905, 'context': 0, 'bonus_lists': [1684, 6848]}"
1200301952,VERY_LONG,3499900,1,,,{'id': 169456}
1200301957,VERY_LONG,,1,750000,375000,"{'id': 82402, 'context': 1, 'bonus_lists': [1677]}"
1200301959,VERY_LONG,,1,99999200,49999600,"{'id': 41516, 'context': 1}"
1200301961,VERY_LONG,,1,240100,120100,"{'id': 4307, 'context': 0, 'bonus_lists': [6839]}"
1200301962,VERY_LONG,,1,125000000,62500000,"{'id': 55030, 'context': 1, 'bonus_lists': [6863]}"
1200301965,VERY_LONG,,1,175000000,87500000,"{'id': 161923, 'context': 13, 'bonus_lists': [1697, 4928, 5804]}"
1200301968,VERY_LONG,2198500,1,,,{'id': 52756}
1200301970,VERY_LONG,,1,69800,65600,"{'id': 10003, 'context': 0, 'bonus_lists': [6871]}"
1200301971,VERY_LONG,,1,390000,235500,"{'id': 2580, 'context': 0, 'bonus_lists': [6841]}"
1200301974,VERY_LONG,,1,3739900,1965700,"{'id': 14144, 'context': 0}"
1200301978,VERY_LONG,,1,310000000,155000000,"{'id': 75092, 'context': 0, 'bonus_lists': [6872]}"
1200301979,VERY_LONG,,1,60000000,30000000,"{'id': 98829, 'context': 1, 'bonus_lists': [6883]}"
1200301980,VERY_LONG,18400,2,,,{'id': 159959}
1200301985,VERY_LONG,,1,30000000,15000000,"{'id': 37770, 'context': 0}"
1200301990,VERY_LONG,,1,17500000,9586500,"{'id': 42103, 'context': 0}"
1200301994,VERY_LONG,,1,17000000,14153500,"{'id': 184480, 'context': 0}"
1200301995,VERY_LONG,,1,17000000,14153500,"{'id': 184480, 'context': 0}"
1200301997,VERY_LONG,18135300,1,,,{'id': 137239}
1200302002,VERY_LONG,,1,170000000,85000000,"{'id': 67050, 'context': 0}"
1200302003,VERY_LONG,2749900,1,,,{'id': 52759}
1200302007,VERY_LONG,,1,109999800,54999900,"{'id': 116470, 'context': 0, 'bonus_lists': [6655, 94], 'modifiers': [{'type': 9, 'value': 40}, {'type': 28, 'value': 64}]}"
1200302008,VERY_LONG,,1,1750000,1362300,"{'id': 54476, 'context': 0, 'bonus_lists': [6845]}"
1200302012,VERY_LONG,,1,38009800,32443000,"{'id': 82440, 'context': 0}"
1200302016,VERY_LONG,15000000,1,,,{'id': 10646}
1200302017,VERY_LONG,1099900,1,,,{'id': 38773}
1200302033,VERY_LONG,9900,3,,,{'id': 158378}
1200302052,VERY_LONG,71000,5,,,{'id': 152577}
1200302060,VERY_LONG,11100,11,,,{'id': 152576}
1200302073,VERY_LONG,,1,35113100,33708600,"{'id': 24865, 'context': 22, 'bonus_lists': [6654, 1692], 'modifiers': [{'type': 9, 'value': 30}, {'type': 28, 'value': 1066}]}"
1200302078,VERY_LONG,494900,1,,,{'id': 154125}
1200304124,VERY_LONG,17500,9,,,{'id': 152513}
1200304125,VERY_LONG,25900,2,,,{'id': 172092}
1200304147,VERY_LONG,34800,11,,,{'id': 152579}
1200304197,VERY_LONG,10000,9,,,{'id': 160298}
1200304286,VERY_LONG,,1,125049600,62524800,"{'id': 40727, 'context': 0, 'bonus_lists': [6844]}"
1200304290,VERY_LONG,,1,2000000,1000000,"{'id': 7529, 'context': 1, 'bonus_lists': [6654, 1694], 'modifiers': [{'type': 9, 'value': 30}, {'type': 28, 'value': 282}]}"
1200304292,VERY_LONG,,1,329999800,164999900,"{'id': 124350, 'context': 6, 'bonus_lists': [1799, 1473], 'modifiers': [{'type': 28, 'value': 2019}]}"
1200304295,VERY_LONG,,1,140000,70400,"{'id': 7058, 'context': 0, 'bonus_lists': [6863]}"
1200304297,VERY_LONG,,1,1609900,1327500,"{'id': 7931, 'context': 0, 'bonus_lists': [6874]}"
1200304301,VERY_LONG,2399800,1,,,{'id': 82442}
1200304304,VERY_LONG,,1,190000000,95000000,"{'id': 12416, 'context': 1, 'bonus_lists': [6880]}"
1200304308,VERY_LONG,,1,220000000,110000000,"{'id': 16008, 'context': 1}"
1200304310,VERY_LONG,,1,17000000,14153500,"{'id': 184480, 'context': 0}"
1200304312,VERY_LONG,,1,17000000,14153500,"{'id': 184480, 'context': 0}"
1200304314,VERY_LONG,,1,17000000,14153500,"{'id': 184480, 'context': 0}"
1200304316,VERY_LONG,,1,17000000,14153500,"{'id': 184480, 'context': 0}"
1200304319,VERY_LONG,,1,17000000,14153500,"{'id': 184480, 'context': 0}"
1200304321,VERY_LONG,,1,17000000,14153500,"{'id': 184480, 'context': 0}"
1200304325,VERY_LONG,,1,17000000,14153500,"{'id': 184480, 'context': 0}"
1200304327,VERY_LONG,,1,11500000,5750000,"{'id': 35980, 'context': 0, 'bonus_lists': [6654, 1680], 'modifiers': [{'type': 9, 'value': 30}, {'type': 28, 'value': 44}]}"
1200304330,VERY_LONG,1500000,1,,,{'id': 76557}
1200304332,VERY_LONG,4500000,1,,,{'id': 76524}
1200304334,VERY_LONG,,1,9500000,4750000,"{'id': 9771, 'context': 0, 'bonus_lists': [6654, 1706], 'modifiers': [{'type': 9, 'value': 30}, {'type': 28, 'value': 7}]}"
1200304336,VERY_LONG,,1,600000000,300000000,"{'id': 132519, 'context': 13}"
1200304569,LONG,,1,4000000000,,"{'id': 18357, 'context': 0}"
1200304666,LONG,,1,99999500,,"{'id': 118376, 'context': 0}"
1200304674,LONG,,1,17500000,,"{'id': 128770, 'context': 0}"
1200304687,VERY_LONG,,1,180700,,"{'id': 24692, 'context': 0, 'bonus_lists': [6654, 1695], 'modifiers': [{'type': 9, 'value': 30}, {'type': 28, 'value': 1012}]}"
1200304696,LONG,,1,476733500,,"{'id': 140363, 'context': 0}"
1200304704,VERY_LONG,,1,500000,,"{'id': 24686, 'context': 1, 'bonus_lists': [6654, 1706], 'modifiers': [{'type': 9, 'value': 30}, {'type': 28, 'value': 226}]}"
1200304731,VERY_LONG,199000,4,,,{'id': 22577}
1200304750,VERY_LONG,240000,2,,,{'id': 30183}
1200304787,VERY_LONG,,1,2004300,,"{'id': 24803, 'context': 0, 'bonus_lists': [6654, 1705], 'modifiers': [{'type': 9, 'value': 30}, {'type': 28, 'value': 1012}]}"
1200304795,VERY_LONG,,1,2505700,,"{'id': 25024, 'context': 1, 'bonus_lists': [6654, 1707], 'modifiers': [{'type': 9, 'value': 30}, {'type': 28, 'value': 226}]}"
1200304804,VERY_LONG,,1,19300,,"{'id': 24892, 'context': 1, 'bonus_lists': [6654, 1709], 'modifiers': [{'type': 9, 'value': 30}, {'type': 28, 'value': 226}]}"
1200304817,VERY_LONG,,1,19600,,"{'id': 24670, 'context': 1, 'bonus_lists': [6654, 1695], 'modifiers': [{'type': 9, 'value': 30}, {'type': 28, 'value': 226}]}"
1200304931,VERY_LONG,19000,5,,,{'id': 4304}
1200304997,VERY_LONG,302400,14,,,{'id': 52325}
1200305012,LONG,25900,110,,,{'id': 172092}
1200305023,VERY_LONG,,1,204500,,"{'id': 55585, 'context': 0, 'bonus_lists': [6654, 1706], 'modifiers': [{'type': 9, 'value': 35}, {'type': 28, 'value': 165}]}"
1200305046,LONG,,1,1699900,,"{'id': 82800, 'context': 0, 'pet_breed_id': 5, 'pet_level': 1, 'pet_quality_id': 3, 'pet_species_id': 175}"
1200305080,LONG,8800,12,,,{'id': 167738}
1200306110,VERY_LONG,2349200,1,,,{'id': 36919}
1200306133,LONG,300000,23,,,{'id': 173128}
1200306207,LONG,,1,410000000,200000000,"{'id': 59467, 'context': 0}"
1200306234,LONG,,1,1190761600,,"{'id': 44313, 'context': 0}"
1200306244,VERY_LONG,24000,2,,,{'id': 152505}
1200306263,VERY_LONG,550000,16,,,{'id': 89639}
1200306269,VERY_LONG,1979800,1,,,{'id': 7082}
1200306280,VERY_LONG,176400,8,,,{'id': 27682}
1200306286,VERY_LONG,20000,1,,,{'id': 152511}
1200306288,VERY_LONG,50000,15,,,{'id': 27678}
1200306297,VERY_LONG,4900,6,,,{'id': 24478}
1200306363,VERY_LONG,15000,58,,,{'id': 153050}
1200306425,VERY_LONG,100,1,,,{'id': 124438}
1200306426,LONG,38900,6,,,{'id': 63122}
1200306428,LONG,359900,2,,,{'id': 6358}
1200306433,LONG,,1,1159800,,"{'id': 9937, 'context': 1, 'bonus_lists': [6654, 1708], 'modifiers': [{'type': 9, 'value': 30}, {'type': 28, 'value': 214}]}"
1200306436,LONG,,1,1070000,,"{'id': 9937, 'context': 1, 'bonus_lists': [6654, 1692], 'modifiers': [{'type': 9, 'value': 30}, {'type': 28, 'value': 282}]}"
1200306438,LONG,,1,1159800,,"{'id': 9937, 'context': 1, 'bonus_lists': [6654, 1681], 'modifiers': [{'type': 9, 'value': 30}, {'type': 28, 'value': 282}]}"
1200306440,LONG,,1,1159800,,"{'id': 9937, 'context': 1, 'bonus_lists': [6654, 1677], 'modifiers': [{'type': 9, 'value': 30}, {'type': 28, 'value': 282}]}"
1200306441,LONG,89700,4,,,{'id': 154990}
1200306458,LONG,4500,27,,,{'id': 12205}
1200306473,LONG,,1,7760000,,"{'id': 8257, 'context': 1, 'bonus_lists': [6654], 'modifiers': [{'type': 9, 'value': 30}, {'type': 28, 'value': 282}]}"
1200306475,LONG,,1,5480000,,"{'id': 9298, 'context': 1, 'modifiers': [{'type': 28, 'value': 282}]}"
1200306478,LONG,,1,5480000,,"{'id': 9298, 'context': 1, 'modifiers': [{'type': 28, 'value': 282}]}"
1200306482,VERY_LONG,80000,1,,,{'id': 23441}
1200306483,LONG,589900,9,,,{'id': 13466}
1200306486,LONG,,1,1049900,,"{'id': 4708, 'context': 1, 'bonus_lists': [6654], 'modifiers': [{'type': 9, 'value': 30}, {'type': 28, 'value': 215}]}"
1200306489,LONG,19400,9,,,{'id': 7974}
1200306493,LONG,2900,2,,,{'id': 12735}
1200306494,VERY_LONG,2999800,1,,,{'id': 23440}
1200306496,LONG,,1,849900,,"{'id': 10060, 'context': 1, 'bonus_lists': [6654, 1708], 'modifiers': [{'type': 9, 'value': 30}, {'type': 28, 'value': 282}]}"
1200306497,LONG,,1,2559800,,"{'id': 116426, 'context': 13, 'bonus_lists': [211, 6871]}"
1200306500,LONG,,1,250000,,"{'id': 4577, 'context': 1, 'bonus_lists': [6655], 'modifiers': [{'type': 9, 'value': 30}, {'type': 28, 'value': 202}]}"
1200306502,VERY_LONG,75000,1,,,{'id': 23438}
1200306509,VERY_LONG,1220000,23,,,{'id': 23427}
1200306510,LONG,,1,499700,,"{'id': 15245, 'context': 1, 'bonus_lists': [6655, 1706], 'modifiers': [{'type': 9, 'value': 30}, {'type': 28, 'value': 282}]}"
1200306511,LONG,,1,499700,,"{'id': 15245, 'context': 1, 'bonus_lists': [6655, 1709], 'modifiers': [{'type': 9, 'value': 30}, {'type': 28, 'value': 282}]}"
1200306518,VERY_LONG,2000000,11,,,{'id': 23426}
1200306520,LONG,,1,11580000,,"{'id': 8116, 'context': 1, 'bonus_lists': [6654], 'modifiers': [{'type': 9, 'value': 30}, {'type': 28, 'value': 282}]}"
1200306521,LONG,,1,11580000,,"{'id': 8116, 'context': 1, 'bonus_lists': [6654], 'modifiers': [{'type': 9, 'value': 30}, {'type': 28, 'value': 282}]}"
1200306525,VERY_LONG,160300,255,,,{'id': 23425}
1200306526,LONG,,1,1809400,,"{'id': 118427, 'context': 31, 'modifiers': [{'type': 28, 'value': 302}]}"
1200306534,LONG,,1,11970000,,"{'id': 8109, 'context': 1, 'bonus_lists': [6654], 'modifiers': [{'type': 9, 'value': 30}, {'type': 28, 'value': 282}]}"
1200306535,VERY_LONG,338000,52,,,{'id': 23424}
1200306537,LONG,,1,11970000,,"{'id': 8109, 'context': 1, 'bonus_lists': [6654], 'modifiers': [{'type': 9, 'value': 30}, {'type': 28, 'value': 282}]}"
1200306542,LONG,322900,9,,,{'id': 108332}
1200306545,VERY_LONG,158000,2,,,{'id': 23117}
1200306548,LONG,,1,5979700,,"{'id': 8307, 'context': 1, 'bonus_lists': [6654], 'modifiers': [{'type': 9, 'value': 30}, {'type': 28, 'value': 205}]}"
1200306551,LONG,,1,1039900,,"{'id': 12029, 'context': 0, 'bonus_lists': [6654, 1706], 'modifiers': [{'type': 9, 'value': 30}, {'type': 28, 'value': 16}]}"
1200306556,LONG,,1,399900,,"{'id': 15227, 'context': 1, 'bonus_lists': [6655, 1681], 'modifiers': [{'type': 9, 'value': 30}, {'type': 28, 'value': 282}]}"
1200306557,VERY_LONG,599900,3,,,{'id': 23112}
1200306567,LONG,,1,4390000,,"{'id': 106723, 'context': 1, 'bonus_lists': [6654, 116], 'modifiers': [{'type': 9, 'value': 40}, {'type': 28, 'value': 276}]}"
1200306568,VERY_LONG,98000,6,,,{'id': 23107}
1200306572,LONG,239800,108,,,{'id': 8838}
1200306575,LONG,2960000,3,,,{'id': 12809}
1200306579,LONG,14600,4,,,{'id': 109124}
1200306581,VERY_LONG,160000,4,,,{'id': 23079}
1200306583,LONG,,1,1139900,,"{'id': 1608, 'context': 1, 'bonus_lists': [6655, 1692], 'modifiers': [{'type': 9, 'value': 30}, {'type': 28, 'value': 214}]}"
1200306585,LONG,,1,1139900,,"{'id': 1608, 'context': 1, 'bonus_lists': [6655, 1709], 'modifiers': [{'type': 9, 'value': 30}, {'type': 28, 'value': 282}]}"
1200306590,VERY_LONG,99900,2,,,{'id': 63304}
1200306592,VERY_LONG,25000000,3,,,{'id': 23077}
1200306594,LONG,,1,17000000,,"{'id': 10071, 'context': 1, 'bonus_lists': [6654, 1679], 'modifiers': [{'type': 9, 'value': 30}, {'type': 28, 'value': 282}]}"
1200306601,LONG,,1,4984200,,"{'id': 108745, 'context': 1}"
1200306604,LONG,,1,1029900,,"{'id': 15569, 'context': 0, 'bonus_lists': [6655, 1694], 'modifiers': [{'type': 9, 'value': 30}, {'type': 28, 'value': 19}]}"
1200306607,VERY_LONG,160000,20,,,{'id': 22794}
1200306608,LONG,,1,19459700,,"{'id': 7518, 'context': 1, 'bonus_lists': [6654, 1679], 'modifiers': [{'type': 9, 'value': 30}, {'type': 28, 'value': 282}]}"
1200306609,LONG,16800,23,,,{'id': 109624}
1200306611,LONG,,1,5989400,,"{'id': 4082, 'context': 1, 'bonus_lists': [6654], 'modifiers': [{'type': 9, 'value': 30}, {'type': 28, 'value': 282}]}"
1200306614,LONG,6400000,2,,,{'id': 172347}
1200306617,VERY_LONG,360000,41,,,{'id': 22792}
1200306621,LONG,,1,7739900,,"{'id': 7542, 'context': 1, 'bonus_lists': [6654, 1693], 'modifiers': [{'type': 9, 'value': 30}, {'type': 28, 'value': 282}]}"
1200306626,LONG,,1,4810000,,"{'id': 8108, 'context': 1, 'bonus_lists': [6654], 'modifiers': [{'type': 9, 'value': 30}, {'type': 28, 'value': 282}]}"
1200306628,LONG,,1,12539800,,"{'id': 15381, 'context': 0, 'bonus_lists': [6654, 1692], 'modifiers': [{'type': 9, 'value': 30}, {'type': 28, 'value': 32}]}"
1200306629,VERY_LONG,230300,90,,,{'id': 22791}
1200306631,LONG,199800,16,,,{'id': 52983}
1200306633,LONG,551200,1,,,{'id': 7069}
1200306638,LONG,39700,14,,,{'id': 12808}
1200306648,LONG,,1,1749900,,"{'id': 2974, 'context': 0, 'bonus_lists': [6654], 'modifiers': [{'type': 9, 'value': 30}, {'type': 28, 'value': 10}]}"
1200306650,LONG,,1,4499600,,"{'id': 8387, 'context': 1, 'modifiers': [{'type': 28, 'value': 282}]}"
1200306651,VERY_LONG,94200,124,,,{'id': 22787}
1200306652,LONG,,1,209900,,"{'id': 6663, 'context': 0, 'modifiers': [{'type': 28, 'value': 16}]}"
1200306655,LONG,,1,209900,,"{'id': 6663, 'context': 0, 'modifiers': [{'type': 28, 'value': 16}]}"
1200306656,LONG,12999700,4,,,{'id': 3828}
1200306664,VERY_LONG,80000,122,,,{'id': 22785}
1200306673,VERY_LONG,60000,1,,,{'id': 22573}
1200306689,VERY_LONG,3131000,4,,,{'id': 22457}
1200306690,VERY_LONG,385000,28,,,{'id': 171285}
1200306699,VERY_LONG,2500000,1,,,{'id': 22456}
1200306706,VERY_LONG,380000,17,,,{'id': 168217}
1200306717,VERY_LONG,899500,9,,,{'id': 22452}
1200306719,VERY_LONG,,1,5385100,,"{'id': 173138, 'context': 13, 'bonus_lists': [3345]}"
1200306720,VERY_LONG,,1,5385100,,"{'id': 173138, 'context': 13, 'bonus_lists': [3348]}"
1200306721,VERY_LONG,,1,5385100,,"{'id': 173138, 'context': 13, 'bonus_lists': [3349]}"
1200306724,VERY_LONG,,1,2500000,,"{'id': 173141, 'context': 13, 'bonus_lists': [3359]}"
1200306725,VERY_LONG,,1,5120700,,"{'id': 173140, 'context': 13, 'bonus_lists': [3363]}"
1200306726,VERY_LONG,899500,9,,,{'id': 22452}
1200306727,VERY_LONG,,1,5120700,,"{'id': 173140, 'context': 13, 'bonus_lists': [3365]}"
1200306728,VERY_LONG,,1,5120700,,"{'id': 173140, 'context': 13, 'bonus_lists': [3361]}"
1200306729,VERY_LONG,,1,5120700,,"{'id': 173140, 'context': 13, 'bonus_lists': [3369]}"
1200306730,VERY_LONG,,1,5120700,,"{'id': 173140, 'context': 13, 'bonus_lists': [3367]}"
1200306732,VERY_LONG,,1,5120700,,"{'id': 173140, 'context': 13, 'bonus_lists': [3362]}"
1200306734,VERY_LONG,,1,5120700,,"{'id': 173140, 'context': 13, 'bonus_lists': [3366]}"
1200306736,VERY_LONG,,1,5120700,,"{'id': 173140, 'context': 13, 'bonus_lists': [3367]}"
1200306737,VERY_LONG,,1,5120700,,"{'id': 173140, 'context': 13, 'bonus_lists': [3368]}"
1200306740,VERY_LONG,,1,10313700,,"{'id': 173136, 'context': 13, 'bonus_lists': [3354]}"
1200306741,VERY_LONG,6050600,1,,,{'id': 22451}
1200306742,VERY_LONG,,1,7490400,,"{'id': 173137, 'context': 13, 'bonus_lists': [3370]}"
1200306743,VERY_LONG,,1,2139800,,"{'id': 173133, 'context': 13, 'modifiers': [{'type': 29, 'value': 32}]}"
1200306744,VERY_LONG,160000,2,,,{'id': 168215}
1200306745,VERY_LONG,,1,2139800,,"{'id': 173133, 'context': 13, 'modifiers': [{'type': 29, 'value': 40}]}"
1200306747,VERY_LONG,,1,2139800,,"{'id': 173133, 'context': 13, 'modifiers': [{'type': 29, 'value': 40}]}"
1200306748,VERY_LONG,,1,2139800,,"{'id': 173133, 'context': 13, 'modifiers': [{'type': 29, 'value': 32}]}"
1200306750,VERY_LONG,,1,2139800,,"{'id': 173133, 'context': 13, 'modifiers': [{'type': 29, 'value': 32}]}"
1200306751,VERY_LONG,,1,1950000,,"{'id': 173131, 'context': 13, 'modifiers': [{'type': 29, 'value': 49}]}"
1200306753,VERY_LONG,,1,5228000,,"{'id': 173135, 'context': 13, 'bonus_lists': [3369]}"
1200306755,VERY_LONG,,1,5228000,,"{'id': 173135, 'context': 13, 'bonus_lists': [3365]}"
1200306757,VERY_LONG,4500,3,,,{'id': 21929}
1200306759,VERY_LONG,,1,5228000,,"{'id': 173135, 'context': 13, 'bonus_lists': [3362]}"
1200306762,VERY_LONG,,1,5228000,,"{'id': 173135, 'context': 13, 'bonus_lists': [3367]}"
1200306763,VERY_LONG,,1,5228000,,"{'id': 173135, 'context': 13, 'bonus_lists': [3367]}"
1200306764,VERY_LONG,,1,5228000,,"{'id': 173135, 'context': 13, 'bonus_lists': [3361]}"
1200306768,VERY_LONG,,1,2500000,,"{'id': 173143, 'context': 13, 'bonus_lists': [3353]}"
1200306769,VERY_LONG,2199900,2,,,{'id': 21886}
1200306770,VERY_LONG,,1,2500000,,"{'id': 173143, 'context': 13, 'bonus_lists': [3348]}"
1200306776,VERY_LONG,7664400,1,,,{'id': 21885}
1200306783,VERY_LONG,5949500,1,,,{'id': 21884}
1200306807,VERY_LONG,470400,1,,,{'id': 25463}
1200306876,VERY_LONG,,1,939800,,"{'id': 177805, 'context': 1, 'bonus_lists': [6908, 6652, 1684], 'modifiers': [{'type': 9, 'value': 60}, {'type': 28, 'value': 747}]}"
1200306879,VERY_LONG,,1,1218300,,"{'id': 178952, 'context': 0, 'bonus_lists': [6908, 6652, 1688], 'modifiers': [{'type': 9, 'value': 60}, {'type': 28, 'value': 2060}]}"
1200306881,VERY_LONG,,1,3000100,,"{'id': 178948, 'context': 0, 'bonus_lists': [6908, 6652, 1713], 'modifiers': [{'type': 9, 'value': 60}, {'type': 28, 'value': 1707}]}"
1200306888,VERY_LONG,,1,8009900,,"{'id': 176800, 'context': 0, 'bonus_lists': [6908, 6652, 1702], 'modifiers': [{'type': 9, 'value': 60}, {'type': 28, 'value': 1707}]}"
1200306897,VERY_LONG,2239400,16,,,{'id': 171266}
1200306902,VERY_LONG,,1,49950000,,"{'id': 82800, 'context': 0, 'modifiers': [{'type': 6, 'value': 98477}], 'pet_breed_id': 18, 'pet_level': 1, 'pet_quality_id': 2, 'pet_species_id': 3064}"
1200306903,VERY_LONG,,1,990000,,"{'id': 171444, 'context': 13, 'bonus_lists': [6893], 'modifiers': [{'type': 9, 'value': 60}, {'type': 28, 'value': 391}, {'type': 29, 'value': 40}, {'type': 30, 'value': 36}]}"
1200306904,VERY_LONG,,1,990000,,"{'id': 171444, 'context': 13, 'bonus_lists': [6893], 'modifiers': [{'type': 9, 'value': 60}, {'type': 28, 'value': 391}, {'type': 29, 'value': 49}, {'type': 30, 'value': 36}]}"
1200306905,VERY_LONG,,1,990000,,"{'id': 171444, 'context': 13, 'bonus_lists': [6893], 'modifiers': [{'type': 9, 'value': 60}, {'type': 28, 'value': 391}, {'type': 29, 'value': 40}, {'type': 30, 'value': 49}]}"
1200306908,VERY_LONG,,1,990000,,"{'id': 171444, 'context': 13, 'bonus_lists': [6893], 'modifiers': [{'type': 9, 'value': 60}, {'type': 28, 'value': 391}, {'type': 29, 'value': 40}, {'type': 30, 'value': 32}]}"
1200306909,VERY_LONG,,1,990000,,"{'id': 171444, 'context': 13, 'bonus_lists': [6893], 'modifiers': [{'type': 9, 'value': 60}, {'type': 28, 'value': 391}, {'type': 29, 'value': 32}, {'type': 30, 'value': 40}]}"
1200306911,VERY_LONG,,1,990000,,"{'id': 171444, 'context': 13, 'bonus_lists': [6893], 'modifiers': [{'type': 9, 'value': 60}, {'type': 28, 'value': 391}, {'type': 29, 'value': 40}, {'type': 30, 'value': 32}]}"
1200306914,VERY_LONG,,1,990000,,"{'id': 171444, 'context': 13, 'bonus_lists': [6893], 'modifiers': [{'type': 9, 'value': 60}, {'type': 28, 'value': 391}, {'type': 29, 'value': 32}, {'type': 30, 'value': 40}]}"
1200306915,VERY_LONG,,1,990000,,"{'id': 171444, 'context': 13, 'bonus_lists': [6893], 'modifiers': [{'type': 9, 'value': 60}, {'type': 28, 'value': 391}, {'type': 29, 'value': 32}, {'type': 30, 'value': 40}]}"
1200306926,VERY_LONG,,1,10704300,,"{'id': 171449, 'context': 13, 'bonus_lists': [6893, 7180], 'modifiers': [{'type': 9, 'value': 60}, {'type': 28, 'value': 391}, {'type': 29, 'value': 36}, {'type': 30, 'value': 32}]}"
1200306927,VERY_LONG,,1,10704300,,"{'id': 171449, 'context': 13, 'bonus_lists': [6893, 7180], 'modifiers': [{'type': 9, 'value': 60}, {'type': 28, 'value': 391}, {'type': 29, 'value': 36}, {'type': 30, 'value': 49}]}"
1200306944,VERY_LONG,,1,12912600,,"{'id': 171448, 'context': 13, 'bonus_lists': [6893, 7180], 'modifiers': [{'type': 9, 'value': 60}, {'type': 28, 'value': 391}, {'type': 29, 'value': 49}, {'type': 30, 'value': 40}]}"
1200306958,VERY_LONG,,1,13428700,,"{'id': 171443, 'context': 13, 'bonus_lists': [6893, 7180], 'modifiers': [{'type': 9, 'value': 60}, {'type': 28, 'value': 391}, {'type': 29, 'value': 49}, {'type': 30, 'value': 36}]}"
1200306966,VERY_LONG,,1,4658600,,"{'id': 171442, 'context': 13, 'bonus_lists': [6893], 'modifiers': [{'type': 9, 'value': 60}, {'type': 28, 'value': 391}, {'type': 29, 'value': 40}, {'type': 30, 'value': 32}]}"
1200306986,VERY_LONG,,1,4658600,,"{'id': 171442, 'context': 13, 'bonus_lists': [6893], 'modifiers': [{'type': 9, 'value': 60}, {'type': 28, 'value': 391}, {'type': 29, 'value': 32}, {'type': 30, 'value': 40}]}"
1200306992,VERY_LONG,,1,15999900,,"{'id': 173241, 'context': 63, 'bonus_lists': [6716, 1487]}"
1200307006,VERY_LONG,,1,4658600,,"{'id': 171442, 'context': 13, 'bonus_lists': [6893], 'modifiers': [{'type': 9, 'value': 60}, {'type': 28, 'value': 391}, {'type': 29, 'value': 32}, {'type': 30, 'value': 36}]}"
1200307008,VERY_LONG,,1,4658600,,"{'id': 171442, 'context': 13, 'bonus_lists': [6893], 'modifiers': [{'type': 9, 'value': 60}, {'type': 28, 'value': 391}, {'type': 29, 'value': 32}, {'type': 30, 'value': 49}]}"
1200307020,VERY_LONG,,1,1610000,,"{'id': 171446, 'context': 13, 'bonus_lists': [6893], 'modifiers': [{'type': 9, 'value': 60}, {'type': 28, 'value': 391}, {'type': 29, 'value': 32}, {'type': 30, 'value': 40}]}"
1200307032,VERY_LONG,,1,757600,,"{'id': 177799, 'context': 0, 'bonus_lists': [6908, 6652, 1714], 'modifiers': [{'type': 9, 'value': 60}, {'type': 28, 'value': 1707}]}"
1200307040,VERY_LONG,,1,3678800,,"{'id': 176983, 'context': 0, 'bonus_lists': [6907, 6652, 1697], 'modifiers': [{'type': 9, 'value': 60}, {'type': 28, 'value': 2060}]}"
1200307045,LONG,425000,6,,,{'id': 170554}
1200307059,LONG,18500,2,,,{'id': 115504}
1200307061,VERY_LONG,1499600,104,,,{'id': 81055}
1200310229,LONG,,1,650000000,,"{'id': 183035, 'context': 5, 'bonus_lists': [7188, 6652, 7194, 1485, 6646], 'modifiers': [{'type': 28, 'value': 752}]}"
1200310423,LONG,,1,2499990000,,"{'id': 184778, 'context': 6, 'bonus_lists': [7187, 6652, 1498, 6646], 'modifiers': [{'type': 28, 'value': 753}]}"
1200310439,VERY_LONG,,1,97000000,,"{'id': 82800, 'context': 0, 'pet_breed_id': 19, 'pet_level': 1, 'pet_quality_id': 2, 'pet_species_id': 3045}"
1200310461,VERY_LONG,,1,148597700,,"{'id': 172329, 'context': 63, 'bonus_lists': [6716, 7194, 1487]}"
1200310462,VERY_LONG,30000,1,,,{'id': 111652}
1200310480,VERY_LONG,8177800,2,,,{'id': 118414}
1200310482,LONG,25900,4,,,{'id': 172092}
1200310485,LONG,4600,11,,,{'id': 173032}
1200310489,VERY_LONG,650000,2,,,{'id': 118472}
1200310492,LONG,10000,11,,,{'id': 152545}
1200310501,LONG,377400,5,,,{'id': 173033}
1200310507,VERY_LONG,6600,9,,,{'id': 109693}
1200310519,VERY_LONG,959700,3,,,{'id': 177715}
1200310530,VERY_LONG,,1,9870200,,"{'id': 69800, 'context': 2, 'bonus_lists': [4236], 'modifiers': [{'type': 9, 'value': 35}, {'type': 28, 'value': 1111}]}"
1200310533,LONG,,1,579999800,,"{'id': 182982, 'context': 5, 'bonus_lists': [7188, 6652, 7193, 1485, 6646], 'modifiers': [{'type': 28, 'value': 752}]}"
1200310543,VERY_LONG,1470000,6,,,{'id': 177659}
1200310560,VERY_LONG,155600,3,,,{'id': 111595}
1200310567,VERY_LONG,,1,1725600,,"{'id': 106687, 'context': 0, 'bonus_lists': [6654, 112], 'modifiers': [{'type': 9, 'value': 40}, {'type': 28, 'value': 176}]}"
1200310570,LONG,,1,859990000,,"{'id': 183010, 'context': 5, 'bonus_lists': [7188, 6652, 1485, 6646], 'modifiers': [{'type': 28, 'value': 752}]}"
1200310571,VERY_LONG,8820000,1,,,{'id': 172367}
1200310576,VERY_LONG,25000,3,,,{'id': 111667}
1200310586,VERY_LONG,201100,20,,,{'id': 109141}
1200310598,VERY_LONG,10000,80,,,{'id': 109142}
1200310609,VERY_LONG,,1,209800,,"{'id': 110293, 'context': 0}"
1200310619,VERY_LONG,300000,3,,,{'id': 111673}
1200310624,VERY_LONG,1350000,34,,,{'id': 172439}
1200310626,VERY_LONG,1000000,4,,,{'id': 111651}
1200310633,VERY_LONG,17149500,1,,,{'id': 172438}
1200310653,VERY_LONG,350000,530,,,{'id': 109143}
1200310671,VERY_LONG,500000,1,,,{'id': 29460}
1200310681,VERY_LONG,6600,3,,,{'id': 111589}
1200310690,VERY_LONG,430000,2,,,{'id': 111666}
1200310713,VERY_LONG,22900,1,,,{'id': 111656}
1200310719,VERY_LONG,1330100,1,,,{'id': 111650}
1200310729,VERY_LONG,800000,2,,,{'id': 111669}
1200310741,VERY_LONG,5000,13,,,{'id': 109135}
1200310745,VERY_LONG,100000,1,,,{'id': 111663}
1200310754,VERY_LONG,2200,691,,,{'id': 109137}
1200310763,VERY_LONG,150000,3,,,{'id': 111672}
1200310771,VERY_LONG,13300,365,,,{'id': 109144}
1200310779,VERY_LONG,20000,3,,,{'id': 111670}
1200310783,VERY_LONG,39000,4,,,{'id': 111665}
1200310789,VERY_LONG,3100,1,,,{'id': 109133}
1200310794,VERY_LONG,50000,9,,,{'id': 36782}
1200310805,VERY_LONG,302300,19,,,{'id': 52325}
1200310813,VERY_LONG,1844500,1,,,{'id': 36783}
1200310820,VERY_LONG,80000,1,,,{'id': 37700}
1200310830,VERY_LONG,1494900,2,,,{'id': 111659}
1200310833,VERY_LONG,,1,3258000,,"{'id': 10029, 'context': 0}"
1200310835,VERY_LONG,,1,651326700,,"{'id': 48114, 'context': 1}"
1200310854,VERY_LONG,10900,2,,,{'id': 127759}
1200310856,VERY_LONG,,1,2500000,,"{'id': 173143, 'context': 13, 'bonus_lists': [3349]}"
1200310858,VERY_LONG,,1,7490400,,"{'id': 173137, 'context': 13, 'bonus_lists': [3370]}"
1200310860,VERY_LONG,,1,7490400,,"{'id': 173137, 'context': 13, 'bonus_lists': [3370]}"
1200310864,VERY_LONG,10629500,8,,,{'id': 127991}
1200310876,VERY_LONG,,1,94826100,,"{'id': 116642, 'context': 0, 'bonus_lists': [6655, 31], 'modifiers': [{'type': 9, 'value': 40}, {'type': 28, 'value': 176}]}"
1200310882,VERY_LONG,90000,1,,,{'id': 8165}
1200310898,VERY_LONG,,1,149999300,,"{'id': 82800, 'context': 0, 'modifiers': [{'type': 6, 'value': 2176}], 'pet_breed_id': 7, 'pet_level': 1, 'pet_quality_id': 2, 'pet_species_id': 127}"
1200310902,VERY_LONG,209100,205,,,{'id': 109140}
1200310917,VERY_LONG,30000,25,,,{'id': 154884}
1200310935,VERY_LONG,90100,2,,,{'id': 53010}
1200311000,VERY_LONG,,1,557600,,"{'id': 45100, 'context': 3}"
1200311048,VERY_LONG,4559100,25,,,{'id': 109220}
1200311092,VERY_LONG,499900,1,,,{'id': 136852}
1200313112,VERY_LONG,25900,11,,,{'id': 172092}
1200313130,VERY_LONG,900,3,,,{'id': 72162}
1200313175,VERY_LONG,100,126,,,{'id': 124438}
1200313212,VERY_LONG,20000,7,,,{'id': 110610}
1200313224,VERY_LONG,,1,587300,,"{'id': 116625, 'context': 0, 'bonus_lists': [6655, 119], 'modifiers': [{'type': 9, 'value': 40}, {'type': 28, 'value': 176}]}"
1200313236,VERY_LONG,,1,499900,,"{'id': 45098, 'context': 3}"
1200313253,VERY_LONG,1200,25,,,{'id': 109223}
1200313268,VERY_LONG,,1,450000,,"{'id': 86284, 'context': 0}"
1200313269,VERY_LONG,,1,450000,,"{'id': 86284, 'context': 0}"
1200313280,VERY_LONG,89900,7,,,{'id': 6470}
1200313295,VERY_LONG,,1,250000,,"{'id': 86297, 'context': 0}"
1200313297,VERY_LONG,,1,250000,,"{'id': 86297, 'context': 0}"
1200313311,VERY_LONG,2000000,2,,,{'id': 44128}
1200313324,VERY_LONG,,1,399500,,"{'id': 86283, 'context': 0}"
1200313353,VERY_LONG,,1,550600,,"{'id': 2409, 'context': 1}"
1200313369,VERY_LONG,25000,32,,,{'id': 152494}
1200313384,VERY_LONG,4400,3,,,{'id': 5784}
1200313397,VERY_LONG,600000,3,,,{'id': 12223}
1200313428,VERY_LONG,2750000,5,,,{'id': 38425}
1200313444,VERY_LONG,,1,499900,,"{'id': 86280, 'context': 0}"
1200313445,VERY_LONG,,1,499900,,"{'id': 86280, 'context': 0}"
1200313468,VERY_LONG,6998600,8,,,{'id': 76086}
1200314008,LONG,120000,24,,,{'id': 152548}
1200314010,LONG,10000,8,,,{'id': 152545}
1200314011,LONG,9000,1,,,{'id': 152546}
1200314013,LONG,,1,8549900,,"{'id': 10206, 'context': 1, 'bonus_lists': [6654, 1680], 'modifiers': [{'type': 9, 'value': 30}, {'type': 28, 'value': 214}]}"
1200314016,LONG,,1,12000000,,"{'id': 176761, 'context': 0, 'bonus_lists': [6907, 6652, 7193, 1714], 'modifiers': [{'type': 9, 'value': 60}, {'type': 28, 'value': 2060}]}"
1200314017,LONG,,1,7421700,,"{'id': 176761, 'context': 0, 'bonus_lists': [6907, 6652, 6935, 1710], 'modifiers': [{'type': 9, 'value': 60}, {'type': 28, 'value': 2060}]}"
1200314018,LONG,,1,12648600,,"{'id': 179332, 'context': 17, 'bonus_lists': [6908, 6652, 1715], 'modifiers': [{'type': 9, 'value': 59}, {'type': 28, 'value': 747}]}"
1200314021,LONG,,1,63607400,,"{'id': 176765, 'context': 17, 'bonus_lists': [6907, 6652, 1709], 'modifiers': [{'type': 9, 'value': 59}, {'type': 28, 'value': 747}]}"
1200314022,LONG,,1,12321200,,"{'id': 176983, 'context': 17, 'bonus_lists': [6907, 6652, 1697], 'modifiers': [{'type': 9, 'value': 59}, {'type': 28, 'value': 747}]}"
1200314023,LONG,,1,16883400,,"{'id': 176802, 'context': 0, 'bonus_lists': [6908, 43, 1676], 'modifiers': [{'type': 9, 'value': 58}, {'type': 28, 'value': 1707}]}"
1200314081,VERY_LONG,,1,61442700,,"{'id': 82800, 'context': 0, 'modifiers': [{'type': 6, 'value': 66157}], 'pet_breed_id': 13, 'pet_level': 25, 'pet_quality_id': 3, 'pet_species_id': 1804}"
1200314082,VERY_LONG,,1,62308200,,"{'id': 82800, 'context': 0, 'modifiers': [{'type': 6, 'value': 40155}], 'pet_breed_id': 6, 'pet_level': 25, 'pet_quality_id': 3, 'pet_species_id': 2579}"
1200314084,VERY_LONG,,1,67671100,,"{'id': 82800, 'context': 0, 'modifiers': [{'type': 6, 'value': 48857}], 'pet_breed_id': 9, 'pet_level': 25, 'pet_quality_id': 3, 'pet_species_id': 1227}"
1200314085,VERY_LONG,,1,81000000,,"{'id': 82800, 'context': 0, 'modifiers': [{'type': 6, 'value': 88064}], 'pet_breed_id': 14, 'pet_level': 25, 'pet_quality_id': 3, 'pet_species_id': 2473}"
1200314086,VERY_LONG,,1,67034600,,"{'id': 82800, 'context': 0, 'modifiers': [{'type': 6, 'value': 22629}], 'pet_breed_id': 7, 'pet_level': 25, 'pet_quality_id': 3, 'pet_species_id': 166}"
1200314087,VERY_LONG,,1,165001700,,"{'id': 82800, 'context': 0, 'modifiers': [{'type': 6, 'value': 64097}], 'pet_breed_id': 6, 'pet_level': 25, 'pet_quality_id': 3, 'pet_species_id': 1672}"
1200314088,VERY_LONG,,1,54336500,,"{'id': 82800, 'context': 0, 'modifiers': [{'type': 6, 'value': 22776}], 'pet_breed_id': 3, 'pet_level': 25, 'pet_quality_id': 3, 'pet_species_id': 191}"
1200314089,VERY_LONG,,1,62843300,,"{'id': 82800, 'context': 0, 'modifiers': [{'type': 6, 'value': 45880}], 'pet_breed_id': 6, 'pet_level': 25, 'pet_quality_id': 3, 'pet_species_id': 211}"
1200314090,VERY_LONG,,1,96123000,,"{'id': 82800, 'context': 0, 'modifiers': [{'type': 6, 'value': 65128}], 'pet_breed_id': 8, 'pet_level': 25, 'pet_quality_id': 3, 'pet_species_id': 1725}"
1200314091,VERY_LONG,,1,52619100,,"{'id': 82800, 'context': 0, 'modifiers': [{'type': 6, 'value': 73692}], 'pet_breed_id': 6, 'pet_level': 25, 'pet_quality_id': 3, 'pet_species_id': 1961}"
1200314093,VERY_LONG,,1,68582500,,"{'id': 82800, 'context': 0, 'modifiers': [{'type': 6, 'value': 88036}], 'pet_breed_id': 6, 'pet_level': 25, 'pet_quality_id': 3, 'pet_species_id': 2458}"
1200314095,VERY_LONG,,1,81000000,,"{'id': 82800, 'context': 0, 'modifiers': [{'type': 6, 'value': 51408}], 'pet_breed_id': 11, 'pet_level': 25, 'pet_quality_id': 3, 'pet_species_id': 1329}"
1200314096,VERY_LONG,,1,40400000,,"{'id': 82800, 'context': 0, 'modifiers': [{'type': 6, 'value': 36743}], 'pet_breed_id': 8, 'pet_level': 25, 'pet_quality_id': 3, 'pet_species_id': 2568}"
1200314097,VERY_LONG,,1,52065800,,"{'id': 82800, 'context': 0, 'modifiers': [{'type': 6, 'value': 61896}], 'pet_breed_id': 7, 'pet_level': 25, 'pet_quality_id': 3, 'pet_species_id': 1632}"
1200314098,VERY_LONG,,1,74123900,,"{'id': 82800, 'context': 0, 'modifiers': [{'type': 6, 'value': 90142}], 'pet_breed_id': 9, 'pet_level': 25, 'pet_quality_id': 3, 'pet_species_id': 2550}"
1200314100,VERY_LONG,,1,50009000,,"{'id': 82800, 'context': 0, 'modifiers': [{'type': 6, 'value': 88060}], 'pet_breed_id': 6, 'pet_level': 25, 'pet_quality_id': 3, 'pet_species_id': 2468}"
1200316103,VERY_LONG,,1,30000000,,"{'id': 82800, 'context': 0, 'modifiers': [{'type': 6, 'value': 88002}], 'pet_breed_id': 9, 'pet_level': 25, 'pet_quality_id': 3, 'pet_species_id': 2448}"
1200316104,VERY_LONG,,1,61344700,,"{'id': 82800, 'context': 0, 'modifiers': [{'type': 6, 'value': 73706}], 'pet_breed_id': 21, 'pet_level': 25, 'pet_quality_id': 3, 'pet_species_id': 1966}"
1200316105,VERY_LONG,,1,111144300,,"{'id': 82800, 'context': 0, 'modifiers': [{'type': 6, 'value': 5187}], 'pet_breed_id': 4, 'pet_level': 25, 'pet_quality_id': 3, 'pet_species_id': 2545}"
1200316106,VERY_LONG,,1,66463200,,"{'id': 82800, 'context': 0, 'modifiers': [{'type': 6, 'value': 47731}], 'pet_breed_id': 5, 'pet_level': 25, 'pet_quality_id': 3, 'pet_species_id': 1180}"
1200316107,VERY_LONG,,1,55760400,,"{'id': 82800, 'context': 0, 'modifiers': [{'type': 6, 'value': 66485}], 'pet_breed_id': 17, 'pet_level': 25, 'pet_quality_id': 3, 'pet_species_id': 1884}"
1200316108,VERY_LONG,,1,15003900,,"{'id': 82800, 'context': 0, 'modifiers': [{'type': 6, 'value': 63446}], 'pet_breed_id': 14, 'pet_level': 25, 'pet_quality_id': 3, 'pet_species_id': 1662}"
1200316109,VERY_LONG,,1,54506800,,"{'id': 82800, 'context': 0, 'modifiers': [{'type': 6, 'value': 15992}], 'pet_breed_id': 5, 'pet_level': 25, 'pet_quality_id': 3, 'pet_species_id': 122}"
1200316111,VERY_LONG,,1,42602000,,"{'id': 82800, 'context': 0, 'modifiers': [{'type': 6, 'value': 60732}], 'pet_breed_id': 17, 'pet_level': 25, 'pet_quality_id': 3, 'pet_species_id': 1564}"
1200316112,VERY_LONG,,1,61105800,,"{'id': 82800, 'context': 0, 'modifiers': [{'type': 6, 'value': 90184}], 'pet_breed_id': 9, 'pet_level': 25, 'pet_quality_id': 3, 'pet_species_id': 2561}"
1200316113,VERY_LONG,,1,81000000,,"{'id': 82800, 'context': 0, 'modifiers': [{'type': 6, 'value': 79709}], 'pet_breed_id': 5, 'pet_level': 25, 'pet_quality_id': 3, 'pet_species_id': 2088}"
1200316114,VERY_LONG,,1,52501400,,"{'id': 82800, 'context': 0, 'modifiers': [{'type': 6, 'value': 5207}], 'pet_breed_id': 21, 'pet_level': 25, 'pet_quality_id': 3, 'pet_species_id': 50}"
1200316115,VERY_LONG,,1,52000000,,"{'id': 82800, 'context': 0, 'modifiers': [{'type': 6, 'value': 46905}], 'pet_breed_id': 4, 'pet_level': 25, 'pet_quality_id': 3, 'pet_species_id': 1153}"
1200316116,VERY_LONG,,1,50000000,,"{'id': 82800, 'context': 0, 'modifiers': [{'type': 6, 'value': 90183}], 'pet_breed_id': 18, 'pet_level': 25, 'pet_quality_id': 3, 'pet_species_id': 2560}"
1200316117,VERY_LONG,,1,60847700,,"{'id': 82800, 'context': 0, 'modifiers': [{'type': 6, 'value': 61887}], 'pet_breed_id': 17, 'pet_level': 25, 'pet_quality_id': 3, 'pet_species_id': 1623}"
1200316119,VERY_LONG,,1,94674600,,"{'id': 82800, 'context': 0, 'modifiers': [{'type': 6, 'value': 74038}], 'pet_breed_id': 15, 'pet_level': 25, 'pet_quality_id': 3, 'pet_species_id': 2438}"
1200316122,VERY_LONG,,1,81000000,,"{'id': 82800, 'context': 0, 'modifiers': [{'type': 6, 'value': 60609}], 'pet_breed_id': 17, 'pet_level': 25, 'pet_quality_id': 3, 'pet_species_id': 1656}"
1200316124,VERY_LONG,,1,64042300,,"{'id': 82800, 'context': 0, 'modifiers': [{'type': 6, 'value': 65071}], 'pet_breed_id': 7, 'pet_level': 25, 'pet_quality_id': 3, 'pet_species_id': 1705}"
1200316125,VERY_LONG,,1,61163200,,"{'id': 82800, 'context': 0, 'modifiers': [{'type': 6, 'value': 46923}], 'pet_breed_id': 8, 'pet_level': 25, 'pet_quality_id': 3, 'pet_species_id': 1149}"
1200316126,VERY_LONG,,1,64761600,,"{'id': 82800, 'context': 0, 'modifiers': [{'type': 6, 'value': 58722}], 'pet_breed_id': 17, 'pet_level': 25, 'pet_quality_id': 3, 'pet_species_id': 1416}"
1200316127,VERY_LONG,,1,60720700,,"{'id': 82800, 'context': 0, 'pet_breed_id': 13, 'pet_level': 25, 'pet_quality_id': 3, 'pet_species_id': 1960}"
1200316128,VERY_LONG,,1,39300000,,"{'id': 82800, 'context': 0, 'modifiers': [{'type': 6, 'value': 65120}], 'pet_breed_id': 18, 'pet_level': 25, 'pet_quality_id': 3, 'pet_species_id': 1720}"
1200316129,VERY_LONG,,1,71884000,,"{'id': 82800, 'context': 0, 'modifiers': [{'type': 6, 'value': 48663}], 'pet_breed_id': 5, 'pet_level': 25, 'pet_quality_id': 3, 'pet_species_id': 1235}"
1200316130,VERY_LONG,,1,73250300,,"{'id': 82800, 'context': 0, 'modifiers': [{'type': 6, 'value': 46896}], 'pet_breed_id': 9, 'pet_level': 25, 'pet_quality_id': 3, 'pet_species_id': 1144}"
1200316132,VERY_LONG,,1,62390400,,"{'id': 82800, 'context': 0, 'modifiers': [{'type': 6, 'value': 71826}], 'pet_breed_id': 18, 'pet_level': 25, 'pet_quality_id': 3, 'pet_species_id': 1922}"
1200316134,VERY_LONG,,1,62424200,,"{'id': 82800, 'context': 0, 'modifiers': [{'type': 6, 'value': 48056}], 'pet_breed_id': 5, 'pet_level': 25, 'pet_quality_id': 3, 'pet_species_id': 1212}"
1200316135,VERY_LONG,,1,58549200,,"{'id': 82800, 'context': 0, 'modifiers': [{'type': 6, 'value': 28216}], 'pet_breed_id': 11, 'pet_level': 25, 'pet_quality_id': 3, 'pet_species_id': 198}"
1200316137,VERY_LONG,,1,63008700,,"{'id': 82800, 'context': 0, 'modifiers': [{'type': 6, 'value': 48666}], 'pet_breed_id': 10, 'pet_level': 25, 'pet_quality_id': 3, 'pet_species_id': 1231}"
1200316138,VERY_LONG,,1,53008900,,"{'id': 82800, 'context': 0, 'modifiers': [{'type': 6, 'value': 65630}], 'pet_breed_id': 8, 'pet_level': 25, 'pet_quality_id': 3, 'pet_species_id': 1753}"
1200316139,VERY_LONG,,1,29990000,,"{'id': 82800, 'context': 0, 'modifiers': [{'type': 6, 'value': 79796}], 'pet_breed_id': 6, 'pet_level': 25, 'pet_quality_id': 3, 'pet_species_id': 2118}"
1200316140,VERY_LONG,,1,62711100,,"{'id': 82800, 'context': 0, 'modifiers': [{'type': 6, 'value': 61888}], 'pet_breed_id': 4, 'pet_level': 25, 'pet_quality_id': 3, 'pet_species_id': 1624}"
1200316143,VERY_LONG,,1,55293400,,"{'id': 82800, 'context': 0, 'modifiers': [{'type': 6, 'value': 37712}], 'pet_breed_id': 21, 'pet_level': 25, 'pet_quality_id': 3, 'pet_species_id': 306}"
1200316144,VERY_LONG,,1,76386500,,"{'id': 82800, 'context': 0, 'modifiers': [{'type': 6, 'value': 88034}], 'pet_breed_id': 11, 'pet_level': 25, 'pet_quality_id': 3, 'pet_species_id': 2461}"
1200316146,VERY_LONG,,1,56533400,,"{'id': 82800, 'context': 0, 'pet_breed_id': 6, 'pet_level': 25, 'pet_quality_id': 3, 'pet_species_id': 89}"
1200316148,VERY_LONG,,1,81000000,,"{'id': 82800, 'context': 0, 'modifiers': [{'type': 6, 'value': 88001}], 'pet_breed_id': 21, 'pet_level': 25, 'pet_quality_id': 3, 'pet_species_id': 2447}"
1200316149,VERY_LONG,,1,13627600,,"{'id': 82800, 'context': 0, 'modifiers': [{'type': 6, 'value': 38310}], 'pet_breed_id': 14, 'pet_level': 25, 'pet_quality_id': 3, 'pet_species_id': 1693}"
1200316150,VERY_LONG,,1,72049800,,"{'id': 82800, 'context': 0, 'modifiers': [{'type': 6, 'value': 26524}], 'pet_breed_id': 7, 'pet_level': 25, 'pet_quality_id': 3, 'pet_species_id': 2449}"
1200316151,VERY_LONG,,1,62572600,,"{'id': 82800, 'context': 0, 'modifiers': [{'type': 6, 'value': 19600}], 'pet_breed_id': 3, 'pet_level': 25, 'pet_quality_id': 3, 'pet_species_id': 136}"
1200316153,VERY_LONG,,1,50000000,,"{'id': 82800, 'context': 0, 'modifiers': [{'type': 6, 'value': 73708}], 'pet_breed_id': 11, 'pet_level': 25, 'pet_quality_id': 3, 'pet_species_id': 1968}"
1200316154,VERY_LONG,,1,55000200,,"{'id': 82800, 'context': 0, 'modifiers': [{'type': 6, 'value': 71835}], 'pet_breed_id': 8, 'pet_level': 25, 'pet_quality_id': 3, 'pet_species_id': 1721}"
1200316156,VERY_LONG,,1,63172100,,"{'id': 82800, 'context': 0, 'modifiers': [{'type': 6, 'value': 73671}], 'pet_breed_id': 4, 'pet_level': 25, 'pet_quality_id': 3, 'pet_species_id': 1955}"
1200316157,VERY_LONG,,1,81000000,,"{'id': 82800, 'context': 0, 'modifiers': [{'type': 6, 'value': 62440}], 'pet_breed_id': 22, 'pet_level': 25, 'pet_quality_id': 3, 'pet_species_id': 1655}"
1200316158,VERY_LONG,,1,40000000,,"{'id': 82800, 'context': 0, 'modifiers': [{'type': 6, 'value': 27718}], 'pet_breed_id': 17, 'pet_level': 25, 'pet_quality_id': 3, 'pet_species_id': 90}"
1200316159,VERY_LONG,,1,58123100,,"{'id': 82800, 'context': 0, 'modifiers': [{'type': 6, 'value': 73673}], 'pet_breed_id': 3, 'pet_level': 25, 'pet_quality_id': 3, 'pet_species_id': 1957}"
1200316160,VERY_LONG,,1,60045300,,"{'id': 82800, 'context': 0, 'modifiers': [{'type': 6, 'value': 21900}], 'pet_breed_id': 10, 'pet_level': 25, 'pet_quality_id': 3, 'pet_species_id': 162}"
1200316161,VERY_LONG,,1,67510900,,"{'id': 82800, 'context': 0, 'modifiers': [{'type': 6, 'value': 48055}], 'pet_breed_id': 14, 'pet_level': 25, 'pet_quality_id': 3, 'pet_species_id': 1211}"
1200316162,VERY_LONG,,1,56439900,,"{'id': 82800, 'context': 0, 'modifiers': [{'type': 6, 'value': 80966}], 'pet_breed_id': 21, 'pet_level': 25, 'pet_quality_id': 3, 'pet_species_id': 2556}"
1200316163,VERY_LONG,,1,65999700,,"{'id': 82800, 'context': 0, 'modifiers': [{'type': 6, 'value': 87870}], 'pet_breed_id': 5, 'pet_level': 25, 'pet_quality_id': 3, 'pet_species_id': 2433}"
1200316166,VERY_LONG,,1,50089700,,"{'id': 82800, 'context': 0, 'modifiers': [{'type': 6, 'value': 15663}], 'pet_breed_id': 13, 'pet_level': 25, 'pet_quality_id': 3, 'pet_species_id': 120}"
1200316168,VERY_LONG,,1,66121800,,"{'id': 82800, 'context': 0, 'modifiers': [{'type': 6, 'value': 48664}], 'pet_breed_id': 4, 'pet_level': 25, 'pet_quality_id': 3, 'pet_species_id': 1233}"
1200316169,VERY_LONG,,1,67053400,,"{'id': 82800, 'context': 0, 'modifiers': [{'type': 6, 'value': 75766}], 'pet_breed_id': 18, 'pet_level': 25, 'pet_quality_id': 3, 'pet_species_id': 2042}"
1200316170,VERY_LONG,,1,68879900,,"{'id': 82800, 'context': 0, 'modifiers': [{'type': 6, 'value': 89609}], 'pet_breed_id': 15, 'pet_level': 25, 'pet_quality_id': 3, 'pet_species_id': 2525}"
1200316171,VERY_LONG,,1,59791400,,"{'id': 82800, 'context': 0, 'modifiers': [{'type': 6, 'value': 68860}], 'pet_breed_id': 20, 'pet_level': 25, 'pet_quality_id': 3, 'pet_species_id': 1928}"
1200316172,VERY_LONG,,1,19990000,,"{'id': 82800, 'context': 0, 'modifiers': [{'type': 6, 'value': 78243}], 'pet_breed_id': 16, 'pet_level': 25, 'pet_quality_id': 3, 'pet_species_id': 2569}"
1200316173,VERY_LONG,,1,58056700,,"{'id': 82800, 'context': 0, 'modifiers': [{'type': 6, 'value': 95141}], 'pet_breed_id': 8, 'pet_level': 25, 'pet_quality_id': 3, 'pet_species_id': 2832}"
1200316175,VERY_LONG,,1,81000000,,"{'id': 82800, 'context': 0, 'modifiers': [{'type': 6, 'value': 65590}], 'pet_breed_id': 8, 'pet_level': 25, 'pet_quality_id': 3, 'pet_species_id': 1752}"
1200316177,VERY_LONG,,1,42527400,,"{'id': 82800, 'context': 0, 'modifiers': [{'type': 6, 'value': 81098}], 'pet_breed_id': 6, 'pet_level': 25, 'pet_quality_id': 3, 'pet_species_id': 2472}"
1200316178,VERY_LONG,,1,45001800,,"{'id': 82800, 'context': 0, 'modifiers': [{'type': 6, 'value': 46898}], 'pet_breed_id': 18, 'pet_level': 25, 'pet_quality_id': 3, 'pet_species_id': 1143}"
1200316181,VERY_LONG,,1,59233000,,"{'id': 82800, 'context': 0, 'modifiers': [{'type': 6, 'value': 90173}], 'pet_breed_id': 11, 'pet_level': 25, 'pet_quality_id': 3, 'pet_species_id': 2552}"
1200316183,VERY_LONG,,1,51341600,,"{'id': 82800, 'context': 0, 'modifiers': [{'type': 6, 'value': 22778}], 'pet_breed_id': 8, 'pet_level': 25, 'pet_quality_id': 3, 'pet_species_id': 254}"
1200316184,VERY_LONG,,1,66913400,,"{'id': 82800, 'context': 0, 'modifiers': [{'type': 6, 'value': 73697}], 'pet_breed_id': 3, 'pet_level': 25, 'pet_quality_id': 3, 'pet_species_id': 1963}"
1200316185,VERY_LONG,,1,54561400,,"{'id': 82800, 'context': 0, 'modifiers': [{'type': 6, 'value': 79707}], 'pet_breed_id': 21, 'pet_level': 25, 'pet_quality_id': 3, 'pet_species_id': 2086}"
1200316187,VERY_LONG,,1,63067900,,"{'id': 82800, 'context': 0, 'modifiers': [{'type': 6, 'value': 72658}], 'pet_breed_id': 7, 'pet_level': 25, 'pet_quality_id': 3, 'pet_species_id': 1934}"
1200316190,VERY_LONG,,1,81000000,,"{'id': 82800, 'context': 0, 'modifiers': [{'type': 6, 'value': 60016}], 'pet_breed_id': 20, 'pet_level': 25, 'pet_quality_id': 3, 'pet_species_id': 1541}"
1200316192,VERY_LONG,,1,60776900,,"{'id': 82800, 'context': 0, 'modifiers': [{'type': 6, 'value': 73699}], 'pet_breed_id': 12, 'pet_level': 25, 'pet_quality_id': 3, 'pet_species_id': 1964}"
1200316193,VERY_LONG,,1,66405100,,"{'id': 82800, 'context': 0, 'modifiers': [{'type': 6, 'value': 88061}], 'pet_breed_id': 15, 'pet_level': 25, 'pet_quality_id': 3, 'pet_species_id': 2471}"
1200316194,VERY_LONG,,1,60639800,,"{'id': 82800, 'context': 0, 'modifiers': [{'type': 6, 'value': 46903}], 'pet_breed_id': 7, 'pet_level': 25, 'pet_quality_id': 3, 'pet_species_id': 1151}"
1200316196,VERY_LONG,,1,62578800,,"{'id': 82800, 'context': 0, 'modifiers': [{'type': 6, 'value': 61891}], 'pet_breed_id': 12, 'pet_level': 25, 'pet_quality_id': 3, 'pet_species_id': 1626}"
1200316198,VERY_LONG,,1,69024500,,"{'id': 82800, 'context': 0, 'modifiers': [{'type': 6, 'value': 8910}], 'pet_breed_id': 7, 'pet_level': 25, 'pet_quality_id': 3, 'pet_species_id': 86}"
1200316201,VERY_LONG,,1,70910200,,"{'id': 82800, 'context': 0, 'modifiers': [{'type': 6, 'value': 79634}], 'pet_breed_id': 17, 'pet_level': 25, 'pet_quality_id': 3, 'pet_species_id': 2079}"
1200316203,VERY_LONG,,1,61777800,,"{'id': 82800, 'context': 0, 'modifiers': [{'type': 6, 'value': 38283}], 'pet_breed_id': 10, 'pet_level': 25, 'pet_quality_id': 3, 'pet_species_id': 2089}"
1200316208,VERY_LONG,,1,69142700,,"{'id': 82800, 'context': 0, 'pet_breed_id': 5, 'pet_level': 25, 'pet_quality_id': 3, 'pet_species_id': 1226}"
1200316209,VERY_LONG,,1,71975500,,"{'id': 82800, 'context': 0, 'modifiers': [{'type': 6, 'value': 90177}], 'pet_breed_id': 7, 'pet_level': 25, 'pet_quality_id': 3, 'pet_species_id': 2554}"
1200316210,VERY_LONG,,1,61846600,,"{'id': 82800, 'context': 0, 'modifiers': [{'type': 6, 'value': 77901}], 'pet_breed_id': 13, 'pet_level': 25, 'pet_quality_id': 3, 'pet_species_id': 2566}"
1200316213,VERY_LONG,,1,66087100,,"{'id': 82800, 'context': 0, 'modifiers': [{'type': 6, 'value': 88057}], 'pet_breed_id': 17, 'pet_level': 25, 'pet_quality_id': 3, 'pet_species_id': 2465}"
1200316215,VERY_LONG,,1,65669200,,"{'id': 82800, 'context': 0, 'modifiers': [{'type': 6, 'value': 49289}], 'pet_breed_id': 5, 'pet_level': 25, 'pet_quality_id': 3, 'pet_species_id': 1320}"
1200316217,VERY_LONG,,1,66360400,,"{'id': 82800, 'context': 0, 'modifiers': [{'type': 6, 'value': 88038}], 'pet_breed_id': 9, 'pet_level': 25, 'pet_quality_id': 3, 'pet_species_id': 2463}"
1200316220,VERY_LONG,,1,73607600,,"{'id': 82800, 'context': 0, 'modifiers': [{'type': 6, 'value': 87890}], 'pet_breed_id': 3, 'pet_level': 25, 'pet_quality_id': 3, 'pet_species_id': 2435}"
1200316223,VERY_LONG,,1,65824000,,"{'id': 82800, 'context': 0, 'modifiers': [{'type': 6, 'value': 22349}], 'pet_breed_id': 7, 'pet_level': 25, 'pet_quality_id': 3, 'pet_species_id': 153}"
1200316226,VERY_LONG,,1,63779500,,"{'id': 82800, 'context': 0, 'modifiers': [{'type': 6, 'value': 79797}], 'pet_breed_id': 4, 'pet_level': 25, 'pet_quality_id': 3, 'pet_species_id': 2119}"
1200316228,VERY_LONG,,1,81000000,,"{'id': 82800, 'context': 0, 'modifiers': [{'type': 6, 'value': 61898}], 'pet_breed_id': 3, 'pet_level': 25, 'pet_quality_id': 3, 'pet_species_id': 1634}"
1200316231,VERY_LONG,,1,75699800,,"{'id': 82800, 'context': 0, 'modifiers': [{'type': 6, 'value': 68859}], 'pet_breed_id': 21, 'pet_level': 25, 'pet_quality_id': 3, 'pet_species_id': 1889}"
1200316233,VERY_LONG,,1,53064300,,"{'id': 82800, 'context': 0, 'modifiers': [{'type': 6, 'value': 5555}], 'pet_breed_id': 3, 'pet_level': 25, 'pet_quality_id': 3, 'pet_species_id': 45}"
1200316235,VERY_LONG,,1,69767800,,"{'id': 82800, 'context': 0, 'modifiers': [{'type': 6, 'value': 71972}], 'pet_breed_id': 8, 'pet_level': 25, 'pet_quality_id': 3, 'pet_species_id': 2091}"
1200316239,VERY_LONG,,1,74653200,,"{'id': 82800, 'context': 0, 'modifiers': [{'type': 6, 'value': 88059}], 'pet_breed_id': 5, 'pet_level': 25, 'pet_quality_id': 3, 'pet_species_id': 2467}"
1200316241,VERY_LONG,,1,60362100,,"{'id': 82800, 'context': 0, 'modifiers': [{'type': 6, 'value': 65070}], 'pet_breed_id': 6, 'pet_level': 25, 'pet_quality_id': 3, 'pet_species_id': 1706}"
1200316244,VERY_LONG,,1,61965000,,"{'id': 82800, 'context': 0, 'modifiers': [{'type': 6, 'value': 48213}], 'pet_breed_id': 16, 'pet_level': 25, 'pet_quality_id': 3, 'pet_species_id': 1205}"
1200316247,VERY_LONG,,1,68270200,,"{'id': 82800, 'context': 0, 'modifiers': [{'type': 6, 'value': 49122}], 'pet_breed_id': 20, 'pet_level': 25, 'pet_quality_id': 3, 'pet_species_id': 1565}"
1200316249,VERY_LONG,,1,60884900,,"{'id': 82800, 'context': 0, 'modifiers': [{'type': 6, 'value': 79711}], 'pet_breed_id': 7, 'pet_level': 25, 'pet_quality_id': 3, 'pet_species_id': 2092}"
1200316252,VERY_LONG,,1,64166100,,"{'id': 82800, 'context': 0, 'modifiers': [{'type': 6, 'value': 66212}], 'pet_breed_id': 22, 'pet_level': 25, 'pet_quality_id': 3, 'pet_species_id': 1808}"
1200316255,VERY_LONG,,1,69035700,,"{'id': 82800, 'context': 0, 'modifiers': [{'type': 6, 'value': 5586}], 'pet_breed_id': 4, 'pet_level': 25, 'pet_quality_id': 3, 'pet_species_id': 41}"
1200316259,VERY_LONG,,1,61604000,,"{'id': 82800, 'context': 0, 'modifiers': [{'type': 6, 'value': 71827}], 'pet_breed_id': 14, 'pet_level': 25, 'pet_quality_id': 3, 'pet_species_id': 1921}"
1200316262,VERY_LONG,,1,69636800,,"{'id': 82800, 'context': 0, 'modifiers': [{'type': 6, 'value': 66487}], 'pet_breed_id': 7, 'pet_level': 25, 'pet_quality_id': 3, 'pet_species_id': 2551}"
1200316265,VERY_LONG,,1,56737200,,"{'id': 82800, 'context': 0, 'modifiers': [{'type': 6, 'value': 90715}], 'pet_breed_id': 14, 'pet_level': 25, 'pet_quality_id': 3, 'pet_species_id': 2580}"
1200316267,VERY_LONG,,1,85779700,,"{'id': 82800, 'context': 0, 'modifiers': [{'type': 6, 'value': 81984}], 'pet_breed_id': 3, 'pet_level': 25, 'pet_quality_id': 3, 'pet_species_id': 2157}"
1200316270,VERY_LONG,,1,41500000,,"{'id': 82800, 'context': 0, 'modifiers': [{'type': 6, 'value': 88005}], 'pet_breed_id': 5, 'pet_level': 25, 'pet_quality_id': 3, 'pet_species_id': 2451}"
1200316273,VERY_LONG,,1,47000000,,"{'id': 82800, 'context': 0, 'modifiers': [{'type': 6, 'value': 88017}], 'pet_breed_id': 5, 'pet_level': 25, 'pet_quality_id': 3, 'pet_species_id': 2462}"
1200316275,VERY_LONG,,1,60000000,,"{'id': 82800, 'context': 0, 'modifiers': [{'type': 6, 'value': 46921}], 'pet_breed_id': 7, 'pet_level': 25, 'pet_quality_id': 3, 'pet_species_id': 1146}"
1200316277,VERY_LONG,,1,69125100,,"{'id': 82800, 'context': 0, 'modifiers': [{'type': 6, 'value': 74801}], 'pet_breed_id': 11, 'pet_level': 25, 'pet_quality_id': 3, 'pet_species_id': 2715}"
1200316280,VERY_LONG,,1,51129700,,"{'id': 82800, 'context': 0, 'modifiers': [{'type': 6, 'value': 2177}], 'pet_breed_id': 13, 'pet_level': 25, 'pet_quality_id': 3, 'pet_species_id': 55}"
1200316282,VERY_LONG,,1,39990000,,"{'id': 82800, 'context': 0, 'modifiers': [{'type': 6, 'value': 94166}], 'pet_breed_id': 18, 'pet_level': 25, 'pet_quality_id': 3, 'pet_species_id': 2797}"
1200316285,VERY_LONG,,1,52500000,,"{'id': 82800, 'context': 0, 'modifiers': [{'type': 6, 'value': 90830}], 'pet_breed_id': 11, 'pet_level': 25, 'pet_quality_id': 3, 'pet_species_id': 2581}"
1200316346,VERY_LONG,2002500,20,,,{'id': 124640}
1200316376,VERY_LONG,2002500,20,,,{'id': 124640}
1200316423,LONG,9900,13,,,{'id': 109125}
1200316433,VERY_LONG,,1,133622100,,"{'id': 82800, 'context': 0, 'modifiers': [{'type': 6, 'value': 65713}], 'pet_breed_id': 5, 'pet_level': 25, 'pet_quality_id': 3, 'pet_species_id': 1764}"
1200316434,VERY_LONG,,1,41500000,,"{'id': 82800, 'context': 0, 'modifiers': [{'type': 6, 'value': 5369}], 'pet_breed_id': 13, 'pet_level': 25, 'pet_quality_id': 3, 'pet_species_id': 52}"
1200316436,VERY_LONG,,1,61188800,,"{'id': 82800, 'context': 0, 'modifiers': [{'type': 6, 'value': 46902}], 'pet_breed_id': 9, 'pet_level': 25, 'pet_quality_id': 3, 'pet_species_id': 1150}"
1200316437,VERY_LONG,,1,55339100,,"{'id': 82800, 'context': 0, 'modifiers': [{'type': 6, 'value': 62466}], 'pet_breed_id': 10, 'pet_level': 25, 'pet_quality_id': 3, 'pet_species_id': 1633}"
1200316440,VERY_LONG,,1,19999800,,"{'id': 82800, 'context': 0, 'modifiers': [{'type': 6, 'value': 64194}], 'pet_breed_id': 3, 'pet_level': 25, 'pet_quality_id': 3, 'pet_species_id': 1687}"
1200316441,VERY_LONG,,1,69235000,,"{'id': 82800, 'context': 0, 'modifiers': [{'type': 6, 'value': 73684}], 'pet_breed_id': 16, 'pet_level': 25, 'pet_quality_id': 3, 'pet_species_id': 1959}"
1200316446,VERY_LONG,,1,77066100,,"{'id': 82800, 'context': 0, 'pet_breed_id': 8, 'pet_level': 25, 'pet_quality_id': 3, 'pet_species_id': 1962}"
1200316448,VERY_LONG,,1,78000000,,"{'id': 82800, 'context': 0, 'modifiers': [{'type': 6, 'value': 80954}], 'pet_breed_id': 18, 'pet_level': 25, 'pet_quality_id': 3, 'pet_species_id': 2567}"
1200316449,VERY_LONG,,1,62028000,,"{'id': 82800, 'context': 0, 'modifiers': [{'type': 6, 'value': 45289}], 'pet_breed_id': 18, 'pet_level': 25, 'pet_quality_id': 3, 'pet_species_id': 2087}"
1200316450,VERY_LONG,,1,70057000,,"{'id': 82800, 'context': 0, 'modifiers': [{'type': 6, 'value': 48057}], 'pet_breed_id': 20, 'pet_level': 25, 'pet_quality_id': 3, 'pet_species_id': 1213}"
1200316451,VERY_LONG,,1,81000000,,"{'id': 82800, 'context': 0, 'modifiers': [{'type': 6, 'value': 94713}], 'pet_breed_id': 14, 'pet_level': 25, 'pet_quality_id': 3, 'pet_species_id': 2840}"
1200316456,VERY_LONG,,1,81000000,,"{'id': 82800, 'context': 0, 'modifiers': [{'type': 6, 'value': 65637}], 'pet_breed_id': 9, 'pet_level': 25, 'pet_quality_id': 3, 'pet_species_id': 1754}"
1200316460,VERY_LONG,,1,62123800,,"{'id': 82800, 'context': 0, 'modifiers': [{'type': 6, 'value': 9905}], 'pet_breed_id': 7, 'pet_level': 25, 'pet_quality_id': 3, 'pet_species_id': 286}"
1200316462,VERY_LONG,,1,106086300,,"{'id': 82800, 'context': 0, 'modifiers': [{'type': 6, 'value': 48708}], 'pet_breed_id': 3, 'pet_level': 25, 'pet_quality_id': 3, 'pet_species_id': 1245}"
1200316464,VERY_LONG,,1,75618900,,"{'id': 82800, 'context': 0, 'modifiers': [{'type': 6, 'value': 59021}], 'pet_breed_id': 17, 'pet_level': 25, 'pet_quality_id': 3, 'pet_species_id': 1403}"
1200316465,VERY_LONG,,1,82418900,,"{'id': 82800, 'context': 0, 'modifiers': [{'type': 6, 'value': 90944}], 'pet_breed_id': 7, 'pet_level': 25, 'pet_quality_id': 3, 'pet_species_id': 2695}"
1200316466,VERY_LONG,,1,62681300,,"{'id': 82800, 'context': 0, 'modifiers': [{'type': 6, 'value': 44445}], 'pet_breed_id': 8, 'pet_level': 25, 'pet_quality_id': 3, 'pet_species_id': 2583}"
1200316469,VERY_LONG,,1,53485600,,"{'id': 82800, 'context': 0, 'modifiers': [{'type': 6, 'value': 2957}], 'pet_breed_id': 13, 'pet_level': 25, 'pet_quality_id': 3, 'pet_species_id': 77}"
1200316470,VERY_LONG,,1,50620400,,"{'id': 82800, 'context': 0, 'modifiers': [{'type': 6, 'value': 31073}], 'pet_breed_id': 3, 'pet_level': 25, 'pet_quality_id': 2, 'pet_species_id': 251}"
1200316472,VERY_LONG,,1,50267100,,"{'id': 82800, 'context': 0, 'modifiers': [{'type': 6, 'value': 15660}], 'pet_breed_id': 3, 'pet_level': 25, 'pet_quality_id': 3, 'pet_species_id': 119}"
1200316477,VERY_LONG,,1,56252500,,"{'id': 82800, 'context': 0, 'modifiers': [{'type': 6, 'value': 901}], 'pet_breed_id': 9, 'pet_level': 25, 'pet_quality_id': 3, 'pet_species_id': 64}"
1200316479,VERY_LONG,,1,30000000,,"{'id': 82800, 'context': 0, 'pet_breed_id': 9, 'pet_level': 25, 'pet_quality_id': 3, 'pet_species_id': 1965}"
1200316480,VERY_LONG,,1,53242600,,"{'id': 82800, 'context': 0, 'modifiers': [{'type': 6, 'value': 60819}], 'pet_breed_id': 15, 'pet_level': 25, 'pet_quality_id': 3, 'pet_species_id': 1566}"
1200316483,VERY_LONG,,1,80062600,,"{'id': 82800, 'context': 0, 'modifiers': [{'type': 6, 'value': 39739}], 'pet_breed_id': 21, 'pet_level': 25, 'pet_quality_id': 3, 'pet_species_id': 2584}"
1200316484,VERY_LONG,,1,70409500,,"{'id': 82800, 'context': 0, 'modifiers': [{'type': 6, 'value': 90181}], 'pet_breed_id': 17, 'pet_level': 25, 'pet_quality_id': 3, 'pet_species_id': 2557}"
1200316487,VERY_LONG,,1,63213400,,"{'id': 82800, 'context': 0, 'modifiers': [{'type': 6, 'value': 47252}], 'pet_breed_id': 6, 'pet_level': 25, 'pet_quality_id': 3, 'pet_species_id': 1177}"
1200316490,VERY_LONG,,1,81000000,,"{'id': 82800, 'context': 0, 'modifiers': [{'type': 6, 'value': 94714}], 'pet_breed_id': 14, 'pet_level': 25, 'pet_quality_id': 3, 'pet_species_id': 2841}"
1200316492,VERY_LONG,,1,81000000,,"{'id': 82800, 'context': 0, 'modifiers': [{'type': 6, 'value': 87871}], 'pet_breed_id': 6, 'pet_level': 25, 'pet_quality_id': 3, 'pet_species_id': 2434}"
1200316495,VERY_LONG,,1,77998900,,"{'id': 82800, 'context': 0, 'modifiers': [{'type': 6, 'value': 90867}], 'pet_breed_id': 16, 'pet_level': 25, 'pet_quality_id': 3, 'pet_species_id': 2586}"
1200316498,VERY_LONG,,1,81000000,,"{'id': 82800, 'context': 0, 'modifiers': [{'type': 6, 'value': 59352}], 'pet_breed_id': 19, 'pet_level': 25, 'pet_quality_id': 3, 'pet_species_id': 1524}"
1200316500,VERY_LONG,,1,60909600,,"{'id': 82800, 'context': 0, 'modifiers': [{'type': 6, 'value': 95174}], 'pet_breed_id': 7, 'pet_level': 25, 'pet_quality_id': 3, 'pet_species_id': 2834}"
1200316504,VERY_LONG,,1,59850200,,"{'id': 82800, 'context': 0, 'modifiers': [{'type': 6, 'value': 29802}], 'pet_breed_id': 20, 'pet_level': 25, 'pet_quality_id': 2, 'pet_species_id': 235}"
1200316507,VERY_LONG,,1,71619800,,"{'id': 82800, 'context': 0, 'modifiers': [{'type': 6, 'value': 59602}], 'pet_breed_id': 18, 'pet_level': 25, 'pet_quality_id': 3, 'pet_species_id': 1532}"
1200316509,VERY_LONG,,1,109991500,,"{'id': 82800, 'context': 0, 'pet_breed_id': 17, 'pet_level': 25, 'pet_quality_id': 3, 'pet_species_id': 1958}"
1200316511,VERY_LONG,,1,54196600,,"{'id': 82800, 'context': 0, 'modifiers': [{'type': 6, 'value': 23574}], 'pet_breed_id': 5, 'pet_level': 25, 'pet_quality_id': 3, 'pet_species_id': 175}"
1200316514,VERY_LONG,,1,81000000,,"{'id': 82800, 'context': 0, 'modifiers': [{'type': 6, 'value': 88000}], 'pet_breed_id': 22, 'pet_level': 25, 'pet_quality_id': 3, 'pet_species_id': 2446}"
1200316517,VERY_LONG,,1,70941600,,"{'id': 82800, 'context': 0, 'modifiers': [{'type': 6, 'value': 79641}], 'pet_breed_id': 8, 'pet_level': 25, 'pet_quality_id': 3, 'pet_species_id': 2084}"
1200316519,VERY_LONG,,1,65914700,,"{'id': 82800, 'context': 0, 'modifiers': [{'type': 6, 'value': 79639}], 'pet_breed_id': 5, 'pet_level': 25, 'pet_quality_id': 3, 'pet_species_id': 2085}"
1200316522,VERY_LONG,,1,73180200,,"{'id': 82800, 'context': 0, 'modifiers': [{'type': 6, 'value': 45190}], 'pet_breed_id': 19, 'pet_level': 25, 'pet_quality_id': 3, 'pet_species_id': 2469}"
1200316524,VERY_LONG,,1,72096900,,"{'id': 82800, 'context': 0, 'modifiers': [{'type': 6, 'value': 28502}], 'pet_breed_id': 5, 'pet_level': 25, 'pet_quality_id': 3, 'pet_species_id': 1511}"
1200316526,VERY_LONG,,1,75293400,,"{'id': 82800, 'context': 0, 'modifiers': [{'type': 6, 'value': 87945}], 'pet_breed_id': 3, 'pet_level': 25, 'pet_quality_id': 3, 'pet_species_id': 2440}"
1200316527,VERY_LONG,,1,49999500,,"{'id': 82800, 'context': 0, 'modifiers': [{'type': 6, 'value': 88008}], 'pet_breed_id': 14, 'pet_level': 25, 'pet_quality_id': 3, 'pet_species_id': 2454}"
1200316529,VERY_LONG,,1,81000000,,"{'id': 82800, 'context': 0, 'modifiers': [{'type': 6, 'value': 81215}], 'pet_breed_id': 19, 'pet_level': 25, 'pet_quality_id': 3, 'pet_species_id': 2719}"
1200316530,VERY_LONG,,1,89904700,,"{'id': 82800, 'context': 0, 'modifiers': [{'type': 6, 'value': 90513}], 'pet_breed_id': 9, 'pet_level': 25, 'pet_quality_id': 3, 'pet_species_id': 2694}"
1200316531,VERY_LONG,,1,66864400,,"{'id': 82800, 'context': 0, 'modifiers': [{'type': 6, 'value': 46811}], 'pet_breed_id': 7, 'pet_level': 25, 'pet_quality_id': 3, 'pet_species_id': 1126}"
1200316533,VERY_LONG,,1,71155200,,"{'id': 82800, 'context': 0, 'pet_breed_id': 13, 'pet_level': 25, 'pet_quality_id': 3, 'pet_species_id': 1628}"
1200316535,VERY_LONG,,1,81000000,,"{'id': 82800, 'context': 0, 'modifiers': [{'type': 6, 'value': 90230}], 'pet_breed_id': 17, 'pet_level': 25, 'pet_quality_id': 3, 'pet_species_id': 2563}"
1200316536,VERY_LONG,,1,77598700,,"{'id': 82800, 'context': 0, 'modifiers': [{'type': 6, 'value': 46909}], 'pet_breed_id': 18, 'pet_level': 25, 'pet_quality_id': 3, 'pet_species_id': 1156}"
1200316538,VERY_LONG,,1,54219900,,"{'id': 82800, 'context': 0, 'modifiers': [{'type': 6, 'value': 62216}], 'pet_breed_id': 20, 'pet_level': 25, 'pet_quality_id': 3, 'pet_species_id': 1711}"
1200316545,LONG,1800000,1,,,{'id': 158327}
1200316616,LONG,377400,5,,,{'id': 173033}
1200316675,LONG,501600,1,,,{'id': 152296}
1200316730,LONG,17700,15,,,{'id': 109118}
1200316955,VERY_LONG,,1,20000000,,"{'id': 180755, 'context': 13}"
1200316962,VERY_LONG,,1,20000000,,"{'id': 180755, 'context': 13}"
1200316966,VERY_LONG,,1,20000000,,"{'id': 180755, 'context': 13}"
1200318149,LONG,425000,1,,,{'id': 170554}
1200318158,LONG,392300,1,,,{'id': 168589}
1200318168,LONG,532500,1,,,{'id': 171315}
1200318229,LONG,12800,1,,,{'id': 172935}
1200318250,LONG,7949600,1,,,{'id': 173161}
1200318271,LONG,155600,2,,,{'id': 111595}
1200318289,LONG,2900,3,,,{'id': 7912}
1200318295,LONG,4600,6,,,{'id': 173032}
1200318308,LONG,725200,3,,,{'id': 172231}
1200318316,LONG,15996900,1,,,{'id': 173163}
1200318418,LONG,25900,47,,,{'id': 172092}
1200318891,LONG,385000,14,,,{'id': 171285}
1200318908,LONG,25200,29,,,{'id': 72988}
1200319058,LONG,532500,4,,,{'id': 171315}
1200319076,LONG,392300,3,,,{'id': 168589}
1200319085,LONG,425000,3,,,{'id': 170554}
1200321253,LONG,181300,12,,,{'id': 89112}
1200321438,LONG,,1,375003700,,"{'id': 172329, 'context': 65, 'bonus_lists': [6718, 7193, 1522]}"
1200321671,LONG,725200,4,,,{'id': 172231}
1200321673,VERY_LONG,,1,4000000,,"{'id': 177788, 'context': 1, 'bonus_lists': [6907, 6652, 7194, 1711], 'modifiers': [{'type': 9, 'value': 60}, {'type': 28, 'value': 747}]}"
1200321720,VERY_LONG,,1,1006300,,"{'id': 177797, 'context': 2, 'bonus_lists': [6907, 6652, 1682], 'modifiers': [{'type': 9, 'value': 60}, {'type': 28, 'value': 748}]}"
1200321740,LONG,25900,4,,,{'id': 172092}
1200321746,LONG,25800,29,,,{'id': 172092}
1200321751,VERY_LONG,,1,5000000,,"{'id': 176964, 'context': 2, 'bonus_lists': [6907, 6652, 1696], 'modifiers': [{'type': 9, 'value': 60}, {'type': 28, 'value': 748}]}"
1200321930,LONG,4500,20,,,{'id': 173032}
1200321976,LONG,377300,2,,,{'id': 173033}
1200321977,LONG,8820000,2,,,{'id': 172367}
1200322014,VERY_LONG,,1,366758100,,"{'id': 28491, 'context': 11, 'bonus_lists': [6691, 1694], 'modifiers': [{'type': 9, 'value': 28}, {'type': 28, 'value': 39}]}"
1200322026,LONG,93000,2,,,{'id': 22787}
1200322035,VERY_LONG,,1,249949800,,"{'id': 173087, 'context': 13}"
1200322081,LONG,1990000,1,,,{'id': 85221}
1200322089,VERY_LONG,10000800,2,,,{'id': 173082}
1200322094,VERY_LONG,20001600,3,,,{'id': 173092}
1200323104,VERY_LONG,1891600,1,,,{'id': 173081}
1200323106,LONG,50000,9,,,{'id': 37704}
1200323115,LONG,,1,25000000,,"{'id': 24650, 'context': 22, 'bonus_lists': [6654, 1681], 'modifiers': [{'type': 9, 'value': 30}, {'type': 28, 'value': 1071}]}"
1200323125,VERY_LONG,4992200,1,,,{'id': 173076}
1200323129,LONG,,1,29701500,,"{'id': 30739, 'context': 0, 'modifiers': [{'type': 28, 'value': 1937}]}"
1200323133,VERY_LONG,24677900,1,,,{'id': 173077}
1200323146,VERY_LONG,502000,1,,,{'id': 173080}
1200323162,LONG,,1,34254300,,"{'id': 30737, 'context': 0, 'modifiers': [{'type': 28, 'value': 1937}]}"
1200323163,VERY_LONG,1000800,1,,,{'id': 173071}
1200323174,VERY_LONG,22121600,6,,,{'id': 173072}
1200323191,VERY_LONG,20009900,1,,,{'id': 177842}
1200323201,LONG,,1,5959400,,"{'id': 4082, 'context': 17}"
1200323203,VERY_LONG,75007900,1,,,{'id': 173091}
1200323217,VERY_LONG,1756400,20,,,{'id': 173173}
1200323227,VERY_LONG,8187300,18,,,{'id': 173172}
1200323229,LONG,,1,49802300,,"{'id': 24867, 'context': 1, 'bonus_lists': [6654, 1680], 'modifiers': [{'type': 9, 'value': 38}, {'type': 28, 'value': 1889}]}"
1200323231,VERY_LONG,5717100,11,,,{'id': 173170}
1200323246,VERY_LONG,9999900,7,,,{'id': 20520}
1200323249,LONG,,1,8950000,,"{'id': 7468, 'context': 0, 'bonus_lists': [6654, 1709], 'modifiers': [{'type': 9, 'value': 30}, {'type': 28, 'value': 24}]}"
1200323253,VERY_LONG,19599700,3,,,{'id': 3824}
1200323258,VERY_LONG,,1,325000000,,"{'id': 183031, 'context': 3, 'bonus_lists': [7189, 6652, 7194, 1472, 6646], 'modifiers': [{'type': 28, 'value': 751}]}"
1200323261,VERY_LONG,,1,113000000,,"{'id': 165749, 'context': 13}"
1200323263,LONG,,1,40759500,,"{'id': 9970, 'context': 0, 'bonus_lists': [6654, 1679], 'modifiers': [{'type': 9, 'value': 30}, {'type': 28, 'value': 24}]}"
1200323264,VERY_LONG,,1,105999600,,"{'id': 82800, 'context': 0, 'modifiers': [{'type': 6, 'value': 90515}], 'pet_breed_id': 22, 'pet_level': 1, 'pet_quality_id': 2, 'pet_species_id': 2698}"
1200323269,VERY_LONG,2999900,1,,,{'id': 56477}
1200323295,VERY_LONG,8398800,2,,,{'id': 38374}
1200323302,LONG,,1,14500000,,"{'id': 10094, 'context': 54, 'bonus_lists': [1677, 4277], 'modifiers': [{'type': 9, 'value': 45}]}"
1200323370,VERY_LONG,,1,55008400,,"{'id': 118378, 'context': 0}"
1200323461,LONG,,1,25000000,,"{'id': 9915, 'context': 0, 'bonus_lists': [6654, 1691], 'modifiers': [{'type': 9, 'value': 30}, {'type': 28, 'value': 24}]}"
1200323581,LONG,,1,24550000,,"{'id': 10088, 'context': 54, 'bonus_lists': [1678, 4277], 'modifiers': [{'type': 9, 'value': 35}]}"
1200323704,LONG,,1,1880000,,"{'id': 7531, 'context': 54, 'bonus_lists': [1677, 4277], 'modifiers': [{'type': 9, 'value': 45}]}"
1200323730,LONG,,1,11999800,,"{'id': 60217, 'context': 0}"
1200323753,LONG,,1,274850000,,"{'id': 30733, 'context': 0, 'modifiers': [{'type': 28, 'value': 1937}]}"
1200323761,LONG,,1,11999800,,"{'id': 60217, 'context': 0}"
1200323798,LONG,,1,11999800,,"{'id': 60217, 'context': 0}"
1200323835,LONG,,1,7307500,,"{'id': 7525, 'context': 54, 'bonus_lists': [1678, 4277], 'modifiers': [{'type': 9, 'value': 46}]}"
1200323839,LONG,,1,11999800,,"{'id': 60217, 'context': 0}"
1200323884,LONG,,1,11999800,,"{'id': 60217, 'context': 0}"
1200323932,LONG,,1,9132000,,"{'id': 9912, 'context': 54, 'bonus_lists': [1695, 4277], 'modifiers': [{'type': 9, 'value': 35}]}"
1200324002,LONG,,1,11999800,,"{'id': 60217, 'context': 0}"
1200324019,LONG,,1,1609300,,"{'id': 9924, 'context': 54, 'bonus_lists': [1707, 4277], 'modifiers': [{'type': 9, 'value': 45}]}"
1200325110,LONG,220300,1,,,{'id': 22791}
1200325390,LONG,3499900,20,,,{'id': 171273}
1200325409,LONG,3499900,20,,,{'id': 171273}
1200327297,LONG,2431300,16,,,{'id': 171275}
1200327445,LONG,,1,130530000,,"{'id': 82800, 'context': 0, 'modifiers': [{'type': 6, 'value': 74484}], 'pet_breed_id': 6, 'pet_level': 1, 'pet_quality_id': 3, 'pet_species_id': 1805}"
1200327557,LONG,1900000,1,,,{'id': 76061}
1200327634,LONG,,1,270000000,,"{'id': 82800, 'context': 0, 'modifiers': [{'type': 6, 'value': 51271}], 'pet_breed_id': 22, 'pet_level': 25, 'pet_quality_id': 3, 'pet_species_id': 1328}"
1200327688,LONG,,1,390000,,"{'id': 128310, 'context': 31, 'modifiers': [{'type': 28, 'value': 176}]}"
1200327835,LONG,1348000,1,,,{'id': 172439}
1200329299,LONG,532500,4,,,{'id': 171315}
1200329362,LONG,79900000,1,,,{'id': 138486}
1200329916,VERY_LONG,532500,24,,,{'id': 171315}
1200329927,VERY_LONG,425000,17,,,{'id': 170554}
1200331180,VERY_LONG,2309200,1,,,{'id': 172411}
1200331432,VERY_LONG,660000,1,,,{'id': 184090}
1200331499,VERY_LONG,1349500,10,,,{'id': 171274}
1200331503,VERY_LONG,,1,23000000,,"{'id': 173242, 'context': 63, 'bonus_lists': [6716, 1487]}"
1200331522,VERY_LONG,604300,14,,,{'id': 171350}
1200331579,VERY_LONG,190000,6,,,{'id': 171271}
1200331641,VERY_LONG,3499900,2,,,{'id': 171273}
1200331709,VERY_LONG,1000,35,,,{'id': 174353}
1200331745,VERY_LONG,3477000,2,,,{'id': 171270}
1200331804,VERY_LONG,206000,10,,,{'id': 171287}
1200331813,VERY_LONG,2995300,4,,,{'id': 168529}
1200331847,VERY_LONG,251300,9,,,{'id': 159850}
1200331902,VERY_LONG,5900,1,,,{'id': 169334}
1200331947,VERY_LONG,100,168,,,{'id': 168303}
1200332030,VERY_LONG,,1,300000000,,"{'id': 83090, 'context': 0, 'bonus_lists': [6873]}"
1200332035,VERY_LONG,,1,300000000,,"{'id': 83090, 'context': 0, 'bonus_lists': [6873]}"
1200332037,VERY_LONG,,1,300000000,,"{'id': 83090, 'context': 0, 'bonus_lists': [6873]}"
1200332041,VERY_LONG,,1,900000000,,"{'id': 87251, 'context': 0, 'bonus_lists': [6827]}"
1200332043,VERY_LONG,,1,1100000000,,"{'id': 41508, 'context': 0}"
1200332047,VERY_LONG,,1,900000000,,"{'id': 87250, 'context': 0}"
1200332051,VERY_LONG,,1,750000000,,"{'id': 65891, 'context': 1}"
1200333139,LONG,4500,8,,,{'id': 173032}
1200333233,LONG,725200,17,,,{'id': 172231}
1200333293,LONG,330000,1,,,{'id': 31895}
1200333297,VERY_LONG,,1,280000,,"{'id': 21841, 'context': 0}"
1200333301,VERY_LONG,,1,280000,,"{'id': 21841, 'context': 0}"
1200333305,VERY_LONG,,1,280000,,"{'id': 21841, 'context': 0}"
1200333308,VERY_LONG,,1,280000,,"{'id': 21841, 'context': 0}"
1200333312,VERY_LONG,,1,280000,,"{'id': 21841, 'context': 0}"
1200333316,VERY_LONG,,1,280000,,"{'id': 21841, 'context': 0}"
1200333358,LONG,25800,10,,,{'id': 172092}
1200333373,VERY_LONG,,1,1900000,,"{'id': 127748, 'context': 31}"
1200333381,VERY_LONG,,1,3200000,,"{'id': 116155, 'context': 14, 'modifiers': [{'type': 28, 'value': 378}]}"
1200333388,VERY_LONG,,1,67300000,,"{'id': 82800, 'context': 0, 'modifiers': [{'type': 6, 'value': 46922}], 'pet_breed_id': 6, 'pet_level': 1, 'pet_quality_id': 3, 'pet_species_id': 1155}"
1200333424,LONG,532500,2,,,{'id': 171315}
1200333430,VERY_LONG,,1,50000000,,"{'id': 46707, 'context': 14}"
1200333433,LONG,425000,66,,,{'id': 170554}
1200333451,LONG,392300,8,,,{'id': 168589}
1200333463,VERY_LONG,,1,80000000,,"{'id': 116756, 'context': 14}"
1200333478,VERY_LONG,,1,35264500,,"{'id': 146953, 'context': 0}"
1200333490,LONG,570000,5,,,{'id': 87277}
1200333492,LONG,,1,19464100,,"{'id': 82800, 'context': 0, 'modifiers': [{'type': 6, 'value': 44655}], 'pet_breed_id': 8, 'pet_level': 1, 'pet_quality_id': 3, 'pet_species_id': 650}"
1200333495,LONG,,1,19464100,,"{'id': 82800, 'context': 0, 'modifiers': [{'type': 6, 'value': 44655}], 'pet_breed_id': 8, 'pet_level': 1, 'pet_quality_id': 3, 'pet_species_id': 650}"
1200333496,LONG,1090000,5,,,{'id': 80588}
1200333498,LONG,13329900,2,,,{'id': 167539}
1200333499,LONG,,1,198780000,,"{'id': 82800, 'context': 0, 'modifiers': [{'type': 6, 'value': 45942}], 'pet_breed_id': 9, 'pet_level': 1, 'pet_quality_id': 3, 'pet_species_id': 868}"
1200333502,LONG,,1,250000000,,"{'id': 82800, 'context': 0, 'modifiers': [{'type': 6, 'value': 88024}], 'pet_breed_id': 5, 'pet_level': 1, 'pet_quality_id': 2, 'pet_species_id': 2475}"
1200333504,LONG,,1,99999800,,"{'id': 82800, 'context': 0, 'modifiers': [{'type': 6, 'value': 65667}], 'pet_breed_id': 12, 'pet_level': 1, 'pet_quality_id': 2, 'pet_species_id': 1756}"
1200333509,LONG,250000000,3,,,{'id': 38872}
1200333514,LONG,,1,299800,,"{'id': 82800, 'context': 0, 'modifiers': [{'type': 6, 'value': 72658}], 'pet_breed_id': 7, 'pet_level': 1, 'pet_quality_id': 3, 'pet_species_id': 1934}"
1200333517,LONG,50000000,2,,,{'id': 43987}
1200333524,LONG,20000000,2,,,{'id': 52776}
1200333529,LONG,,1,4489000,,"{'id': 82800, 'context': 0, 'modifiers': [{'type': 6, 'value': 88061}], 'pet_breed_id': 15, 'pet_level': 1, 'pet_quality_id': 3, 'pet_species_id': 2471}"
1200333533,LONG,,1,4489000,,"{'id': 82800, 'context': 0, 'modifiers': [{'type': 6, 'value': 88061}], 'pet_breed_id': 15, 'pet_level': 1, 'pet_quality_id': 3, 'pet_species_id': 2471}"
1200333536,LONG,50000000,2,,,{'id': 38869}
1200333539,LONG,,1,264000,,"{'id': 82800, 'context': 0, 'modifiers': [{'type': 6, 'value': 61887}], 'pet_breed_id': 22, 'pet_level': 1, 'pet_quality_id': 3, 'pet_species_id': 1623}"
1200333544,LONG,,1,330000000,,"{'id': 82800, 'context': 0, 'modifiers': [{'type': 6, 'value': 855}], 'pet_breed_id': 14, 'pet_level': 1, 'pet_quality_id': 3, 'pet_species_id': 1276}"
1200333547,LONG,,1,480000,,"{'id': 82800, 'context': 0, 'modifiers': [{'type': 6, 'value': 39130}], 'pet_breed_id': 20, 'pet_level': 1, 'pet_quality_id': 2, 'pet_species_id': 1446}"
1200333552,LONG,,1,480000,,"{'id': 82800, 'context': 0, 'modifiers': [{'type': 6, 'value': 39130}], 'pet_breed_id': 20, 'pet_level': 1, 'pet_quality_id': 2, 'pet_species_id': 1446}"
1200333555,LONG,21780000,2,,,{'id': 139289}
1200333559,LONG,,1,99999900,,"{'id': 82800, 'context': 0, 'modifiers': [{'type': 6, 'value': 78837}], 'pet_breed_id': 6, 'pet_level': 1, 'pet_quality_id': 2, 'pet_species_id': 2474}"
1200333562,LONG,,1,490000,,"{'id': 82800, 'context': 0, 'modifiers': [{'type': 6, 'value': 61547}], 'pet_breed_id': 8, 'pet_level': 1, 'pet_quality_id': 2, 'pet_species_id': 1540}"
1200333566,LONG,,1,490000,,"{'id': 82800, 'context': 0, 'modifiers': [{'type': 6, 'value': 61547}], 'pet_breed_id': 8, 'pet_level': 1, 'pet_quality_id': 2, 'pet_species_id': 1540}"
1200333569,LONG,,1,100000000,,"{'id': 166487, 'context': 11}"
1200333571,LONG,,1,439000,,"{'id': 82800, 'context': 0, 'modifiers': [{'type': 6, 'value': 20026}], 'pet_breed_id': 15, 'pet_level': 1, 'pet_quality_id': 2, 'pet_species_id': 142}"
1200333574,LONG,2299700,5,,,{'id': 42751}
1200333577,LONG,50000000,2,,,{'id': 38876}
1200333580,LONG,250000000,2,,,{'id': 45056}
1200333583,LONG,192100,3,,,{'id': 159468}
1200333586,LONG,,1,3003300,,"{'id': 82800, 'context': 0, 'modifiers': [{'type': 6, 'value': 59602}], 'pet_breed_id': 8, 'pet_level': 1, 'pet_quality_id': 2, 'pet_species_id': 1532}"
1200333589,LONG,,1,3003300,,"{'id': 82800, 'context': 0, 'modifiers': [{'type': 6, 'value': 59602}], 'pet_breed_id': 8, 'pet_level': 1, 'pet_quality_id': 2, 'pet_species_id': 1532}"
1200333591,LONG,5600000,5,,,{'id': 83006}
1200333594,LONG,,1,261400,,"{'id': 82800, 'context': 0, 'modifiers': [{'type': 6, 'value': 42721}], 'pet_breed_id': 22, 'pet_level': 1, 'pet_quality_id': 2, 'pet_species_id': 847}"
1200333610,LONG,1300000,5,,,{'id': 104120}
1200333615,LONG,,1,50000,,"{'id': 82800, 'context': 0, 'modifiers': [{'type': 6, 'value': 15660}], 'pet_breed_id': 3, 'pet_level': 1, 'pet_quality_id': 2, 'pet_species_id': 119}"
1200333618,LONG,34999900,2,,,{'id': 184100}
1200333621,LONG,,1,20000000,,"{'id': 82800, 'context': 0, 'modifiers': [{'type': 6, 'value': 47252}], 'pet_breed_id': 9, 'pet_level': 1, 'pet_quality_id': 3, 'pet_species_id': 1177}"
1200333629,LONG,,1,21400000,,"{'id': 82800, 'context': 0, 'modifiers': [{'type': 6, 'value': 88003}], 'pet_breed_id': 7, 'pet_level': 1, 'pet_quality_id': 3, 'pet_species_id': 2452}"
1200333649,LONG,20000000,1,,,{'id': 39000}
1200333652,LONG,,1,6483300,,"{'id': 82800, 'context': 0, 'pet_breed_id': 6, 'pet_level': 1, 'pet_quality_id': 2, 'pet_species_id': 89}"
1200333655,LONG,,1,6483300,,"{'id': 82800, 'context': 0, 'pet_breed_id': 6, 'pet_level': 1, 'pet_quality_id': 2, 'pet_species_id': 89}"
1200333658,LONG,1899900,4,,,{'id': 104108}
1200333660,LONG,,1,99999400,,"{'id': 55044, 'context': 0}"
1200333661,LONG,512000,1,,,{'id': 169674}
1200333664,LONG,,1,248000,,"{'id': 82800, 'context': 0, 'modifiers': [{'type': 6, 'value': 88060}], 'pet_breed_id': 6, 'pet_level': 1, 'pet_quality_id': 3, 'pet_species_id': 2468}"
1200333665,VERY_LONG,,1,200000000,,"{'id': 116403, 'context': 11, 'modifiers': [{'type': 28, 'value': 389}]}"
1200333668,VERY_LONG,,1,1402900,,"{'id': 82800, 'context': 0, 'modifiers': [{'type': 6, 'value': 61549}], 'pet_breed_id': 6, 'pet_level': 1, 'pet_quality_id': 2, 'pet_species_id': 1537}"
1200333669,LONG,,1,200001300,,"{'id': 82800, 'context': 0, 'modifiers': [{'type': 6, 'value': 40908}], 'pet_breed_id': 3, 'pet_level': 1, 'pet_quality_id': 2, 'pet_species_id': 1323}"
1200333675,VERY_LONG,,1,44686600,,"{'id': 82800, 'context': 0, 'modifiers': [{'type': 6, 'value': 51413}], 'pet_breed_id': 8, 'pet_level': 1, 'pet_quality_id': 2, 'pet_species_id': 1321}"
1200333676,LONG,15516400,2,,,{'id': 136826}
1200333678,LONG,2750000,5,,,{'id': 87559}
1200333680,LONG,,1,9900,,"{'id': 34498, 'context': 11}"
1200333686,LONG,1499600,1,,,{'id': 81055}
1200333689,LONG,20000000,2,,,{'id': 52785}
1200333698,LONG,,1,10057900,,"{'id': 82800, 'context': 0, 'modifiers': [{'type': 6, 'value': 29802}], 'pet_breed_id': 20, 'pet_level': 1, 'pet_quality_id': 2, 'pet_species_id': 235}"
1200333701,LONG,610000,4,,,{'id': 42459}
1200333706,LONG,,1,50000000,,"{'id': 3848, 'context': 0}"
1200333712,LONG,,1,34649900,,"{'id': 82800, 'context': 0, 'modifiers': [{'type': 6, 'value': 57970}], 'pet_breed_id': 16, 'pet_level': 1, 'pet_quality_id': 3, 'pet_species_id': 1442}"
1200333716,LONG,,1,249990000,,"{'id': 87458, 'context': 0}"
1200333720,LONG,,1,80000000,,"{'id': 82800, 'context': 0, 'modifiers': [{'type': 6, 'value': 60875}], 'pet_breed_id': 10, 'pet_level': 1, 'pet_quality_id': 3, 'pet_species_id': 1495}"
1200333721,VERY_LONG,,1,50000,,"{'id': 127856, 'context': 31}"
1200333725,LONG,,1,20000000,,"{'id': 171444, 'context': 13, 'bonus_lists': [6893], 'modifiers': [{'type': 9, 'value': 50}, {'type': 28, 'value': 391}, {'type': 29, 'value': 32}, {'type': 30, 'value': 49}]}"
1200333730,LONG,,1,3206900,,"{'id': 82800, 'context': 0, 'modifiers': [{'type': 6, 'value': 65630}], 'pet_breed_id': 8, 'pet_level': 1, 'pet_quality_id': 3, 'pet_species_id': 1753}"
1200333732,LONG,50000000,1,,,{'id': 44493}
1200333735,LONG,,1,241920300,,"{'id': 82800, 'context': 0, 'modifiers': [{'type': 6, 'value': 78989}], 'pet_breed_id': 8, 'pet_level': 1, 'pet_quality_id': 2, 'pet_species_id': 2077}"
1200333740,LONG,,1,241920300,,"{'id': 82800, 'context': 0, 'modifiers': [{'type': 6, 'value': 78989}], 'pet_breed_id': 8, 'pet_level': 1, 'pet_quality_id': 2, 'pet_species_id': 2077}"
1200333743,LONG,,1,241920300,,"{'id': 82800, 'context': 0, 'modifiers': [{'type': 6, 'value': 78989}], 'pet_breed_id': 8, 'pet_level': 1, 'pet_quality_id': 2, 'pet_species_id': 2077}"
1200333746,LONG,2399100,5,,,{'id': 104104}
1200333750,LONG,10200000,5,,,{'id': 87560}
1200333754,LONG,,1,39829100,,"{'id': 82800, 'context': 0, 'modifiers': [{'type': 6, 'value': 59038}], 'pet_breed_id': 8, 'pet_level': 1, 'pet_quality_id': 3, 'pet_species_id': 1568}"
1200333764,LONG,,1,39829100,,"{'id': 82800, 'context': 0, 'modifiers': [{'type': 6, 'value': 59038}], 'pet_breed_id': 8, 'pet_level': 1, 'pet_quality_id': 3, 'pet_species_id': 1568}"
1200333807,VERY_LONG,,1,10400,,"{'id': 5572, 'context': 0, 'modifiers': [{'type': 28, 'value': 71}]}"
1200333821,LONG,18135300,1,,,{'id': 137239}
1200333828,LONG,2430000,3,,,{'id': 77101}
1200333832,LONG,,1,129500000,,"{'id': 82800, 'context': 0, 'modifiers': [{'type': 6, 'value': 51277}], 'pet_breed_id': 18, 'pet_level': 1, 'pet_quality_id': 2, 'pet_species_id': 1330}"
1200333837,LONG,,1,19999900,,"{'id': 3852, 'context': 0}"
1200333841,LONG,,1,110000000,,"{'id': 82800, 'context': 0, 'modifiers': [{'type': 6, 'value': 47991}], 'pet_breed_id': 17, 'pet_level': 1, 'pet_quality_id': 3, 'pet_species_id': 1338}"
1200333843,LONG,,1,755600,,"{'id': 82800, 'context': 0, 'modifiers': [{'type': 6, 'value': 88057}], 'pet_breed_id': 17, 'pet_level': 1, 'pet_quality_id': 3, 'pet_species_id': 2465}"
1200333848,LONG,,1,755600,,"{'id': 82800, 'context': 0, 'modifiers': [{'type': 6, 'value': 88057}], 'pet_breed_id': 17, 'pet_level': 1, 'pet_quality_id': 3, 'pet_species_id': 2465}"
1200333853,LONG,,1,755600,,"{'id': 82800, 'context': 0, 'modifiers': [{'type': 6, 'value': 88057}], 'pet_breed_id': 17, 'pet_level': 1, 'pet_quality_id': 3, 'pet_species_id': 2465}"
1200333858,LONG,1149900,5,,,{'id': 45768}
1200333861,LONG,,1,100000000,,"{'id': 82800, 'context': 0, 'modifiers': [{'type': 6, 'value': 57824}], 'pet_breed_id': 18, 'pet_level': 1, 'pet_quality_id': 3, 'pet_species_id': 1432}"
1200333862,LONG,100000000,2,,,{'id': 137289}
1200333868,LONG,500000000,3,,,{'id': 38924}
1200333870,VERY_LONG,,1,21400,,"{'id': 1470, 'context': 0}"
1200333871,LONG,,1,225999800,,"{'id': 82800, 'context': 0, 'modifiers': [{'type': 6, 'value': 36499}], 'pet_breed_id': 3, 'pet_level': 1, 'pet_quality_id': 2, 'pet_species_id': 271}"
1200333873,LONG,52321600,2,,,{'id': 139312}
1200333876,LONG,,1,15751000,,"{'id': 82800, 'context': 0, 'modifiers': [{'type': 6, 'value': 22629}], 'pet_breed_id': 7, 'pet_level': 1, 'pet_quality_id': 2, 'pet_species_id': 166}"
1200333880,LONG,,1,75000000,,"{'id': 82800, 'context': 0, 'modifiers': [{'type': 6, 'value': 47749}], 'pet_breed_id': 17, 'pet_level': 1, 'pet_quality_id': 3, 'pet_species_id': 1197}"
1200333881,LONG,868300,4,,,{'id': 49084}
1200333883,LONG,,1,1699000,,"{'id': 41184, 'context': 1}"
1200333886,LONG,,1,30000600,,"{'id': 82800, 'context': 0, 'modifiers': [{'type': 6, 'value': 43868}], 'pet_breed_id': 13, 'pet_level': 1, 'pet_quality_id': 2, 'pet_species_id': 792}"
1200333890,LONG,,1,30000600,,"{'id': 82800, 'context': 0, 'modifiers': [{'type': 6, 'value': 43868}], 'pet_breed_id': 3, 'pet_level': 1, 'pet_quality_id': 2, 'pet_species_id': 792}"
1200333929,LONG,,1,18399900,,"{'id': 82800, 'context': 0, 'modifiers': [{'type': 6, 'value': 60617}], 'pet_breed_id': 18, 'pet_level': 1, 'pet_quality_id': 3, 'pet_species_id': 1570}"
1200333932,LONG,,1,20000000,,"{'id': 171442, 'context': 13, 'bonus_lists': [6893], 'modifiers': [{'type': 9, 'value': 52}, {'type': 28, 'value': 391}, {'type': 29, 'value': 49}, {'type': 30, 'value': 36}]}"
1200333934,LONG,,1,149999900,,"{'id': 82800, 'context': 0, 'modifiers': [{'type': 6, 'value': 65671}], 'pet_breed_id': 8, 'pet_level': 1, 'pet_quality_id': 2, 'pet_species_id': 1759}"
1200333936,LONG,,1,100000000,,"{'id': 82800, 'context': 0, 'modifiers': [{'type': 6, 'value': 41833}], 'pet_breed_id': 19, 'pet_level': 1, 'pet_quality_id': 3, 'pet_species_id': 381}"
1200333938,LONG,,1,6399900,,"{'id': 82800, 'context': 0, 'modifiers': [{'type': 6, 'value': 88001}], 'pet_breed_id': 21, 'pet_level': 1, 'pet_quality_id': 3, 'pet_species_id': 2447}"
1200333939,VERY_LONG,,1,378000000,,"{'id': 178927, 'context': 64, 'bonus_lists': [6717, 7194, 1507]}"
1200333941,LONG,,1,6399900,,"{'id': 82800, 'context': 0, 'modifiers': [{'type': 6, 'value': 88001}], 'pet_breed_id': 21, 'pet_level': 1, 'pet_quality_id': 3, 'pet_species_id': 2447}"
1200333943,LONG,16880000,1,,,{'id': 137249}
1200333946,LONG,,1,1402900,,"{'id': 82800, 'context': 0, 'modifiers': [{'type': 6, 'value': 61549}], 'pet_breed_id': 6, 'pet_level': 1, 'pet_quality_id': 2, 'pet_species_id': 1537}"
1200333949,LONG,,1,1474268100,,"{'id': 94592, 'context': 0}"
1200333953,LONG,20767400,2,,,{'id': 184097}
1200333994,VERY_LONG,,1,200800,,"{'id': 7613, 'context': 14}"
1200333999,VERY_LONG,,1,399990000,,"{'id': 178926, 'context': 64, 'bonus_lists': [6717, 7193, 1507]}"
1200335117,VERY_LONG,,1,150000,,"{'id': 7453, 'context': 1}"
1200335131,LONG,19734700,1,,,{'id': 173077}
1200335138,LONG,,1,136290000,,"{'id': 173069, 'context': 13}"
1200335142,LONG,,1,136290000,,"{'id': 173069, 'context': 13}"
1200335143,LONG,22496600,3,,,{'id': 173075}
1200335144,LONG,,1,145006800,,"{'id': 173096, 'context': 13}"
1200335150,LONG,,1,80003500,,"{'id': 173078, 'context': 13}"
1200335153,LONG,,1,249949800,,"{'id': 173087, 'context': 13}"
1200335157,LONG,,1,249949800,,"{'id': 173087, 'context': 13}"
1200335160,LONG,10000000,2,,,{'id': 173093}
1200335213,VERY_LONG,3500,1,,,{'id': 929}
1200335214,VERY_LONG,1225000,5,,,{'id': 173084}
1200335223,VERY_LONG,1853800,2,,,{'id': 173081}
1200335233,VERY_LONG,4892400,2,,,{'id': 173076}
1200335245,VERY_LONG,980800,1,,,{'id': 173071}
1200335312,LONG,25800,4,,,{'id': 172092}
1200335329,LONG,12800,1,,,{'id': 172935}
1200337105,LONG,20000000,1,,,{'id': 38679}
1200337111,LONG,,1,8828000,,"{'id': 52364, 'context': 1, 'modifiers': [{'type': 28, 'value': 258}]}"
1200337114,LONG,,1,500000000,,"{'id': 82800, 'context': 0, 'modifiers': [{'type': 6, 'value': 47711}], 'pet_breed_id': 11, 'pet_level': 25, 'pet_quality_id': 3, 'pet_species_id': 1204}"
1200337120,LONG,,1,500000000,,"{'id': 82800, 'context': 0, 'modifiers': [{'type': 6, 'value': 47711}], 'pet_breed_id': 11, 'pet_level': 25, 'pet_quality_id': 3, 'pet_species_id': 1204}"
1200337125,LONG,882400,1,,,{'id': 38905}
1200337132,LONG,20000000,2,,,{'id': 52780}
1200337136,LONG,,1,500000000,,"{'id': 82800, 'context': 0, 'modifiers': [{'type': 6, 'value': 49084}], 'pet_breed_id': 11, 'pet_level': 25, 'pet_quality_id': 3, 'pet_species_id': 1256}"
1200337141,LONG,,1,500000000,,"{'id': 82800, 'context': 0, 'modifiers': [{'type': 6, 'value': 49084}], 'pet_breed_id': 11, 'pet_level': 25, 'pet_quality_id': 3, 'pet_species_id': 1256}"
1200337147,LONG,,1,6483300,,"{'id': 82800, 'context': 0, 'pet_breed_id': 6, 'pet_level': 1, 'pet_quality_id': 2, 'pet_species_id': 89}"
1200337148,LONG,,1,248000,,"{'id': 82800, 'context': 0, 'modifiers': [{'type': 6, 'value': 88060}], 'pet_breed_id': 6, 'pet_level': 1, 'pet_quality_id': 3, 'pet_species_id': 2468}"
1200337149,LONG,,1,18399900,,"{'id': 82800, 'context': 0, 'modifiers': [{'type': 6, 'value': 60617}], 'pet_breed_id': 18, 'pet_level': 1, 'pet_quality_id': 3, 'pet_species_id': 1570}"
1200337156,LONG,20000000,2,,,{'id': 38855}
1200337160,LONG,,1,21999900,,"{'id': 82800, 'context': 0, 'modifiers': [{'type': 6, 'value': 26524}], 'pet_breed_id': 7, 'pet_level': 1, 'pet_quality_id': 3, 'pet_species_id': 2449}"
1200337163,LONG,,1,21999900,,"{'id': 82800, 'context': 0, 'modifiers': [{'type': 6, 'value': 26524}], 'pet_breed_id': 7, 'pet_level': 1, 'pet_quality_id': 3, 'pet_species_id': 2449}"
1200337167,LONG,,1,8000000,,"{'id': 82800, 'context': 0, 'modifiers': [{'type': 6, 'value': 57825}], 'pet_breed_id': 21, 'pet_level': 1, 'pet_quality_id': 3, 'pet_species_id': 1434}"
1200337171,LONG,,1,15751000,,"{'id': 82800, 'context': 0, 'modifiers': [{'type': 6, 'value': 22629}], 'pet_breed_id': 7, 'pet_level': 1, 'pet_quality_id': 2, 'pet_species_id': 166}"
1200337173,LONG,20000000,2,,,{'id': 44466}
1200337175,LONG,499900,4,,,{'id': 154989}
1200337178,LONG,50000000,2,,,{'id': 38788}
1200337181,LONG,,1,20000000,,"{'id': 82800, 'context': 0, 'modifiers': [{'type': 6, 'value': 90183}], 'pet_breed_id': 18, 'pet_level': 1, 'pet_quality_id': 3, 'pet_species_id': 2560}"
1200337183,LONG,,1,20000000,,"{'id': 82800, 'context': 0, 'modifiers': [{'type': 6, 'value': 90183}], 'pet_breed_id': 18, 'pet_level': 1, 'pet_quality_id': 3, 'pet_species_id': 2560}"
1200337193,LONG,,1,43407300,,"{'id': 82800, 'context': 0, 'modifiers': [{'type': 6, 'value': 60820}], 'pet_breed_id': 18, 'pet_level': 1, 'pet_quality_id': 3, 'pet_species_id': 1567}"
1200337202,LONG,,1,200008900,,"{'id': 82800, 'context': 0, 'pet_breed_id': 10, 'pet_level': 1, 'pet_quality_id': 3, 'pet_species_id': 2135}"
1200337217,LONG,15996900,6,,,{'id': 173163}
1200337493,LONG,,1,599989900,,"{'id': 173246, 'context': 66, 'bonus_lists': [6758, 1532]}"
1200337612,LONG,1600000,2,,,{'id': 62785}
1200337627,LONG,,1,793800000,,"{'id': 183616, 'context': 0, 'modifiers': [{'type': 28, 'value': 1401}]}"
1200337649,VERY_LONG,,1,127000000,,"{'id': 82800, 'context': 0, 'modifiers': [{'type': 6, 'value': 47748}], 'pet_breed_id': 18, 'pet_level': 25, 'pet_quality_id': 3, 'pet_species_id': 1198}"
1200337688,LONG,,1,2793800000,,"{'id': 183616, 'context': 0, 'modifiers': [{'type': 28, 'value': 1401}]}"
1200337705,LONG,50000,2,,,{'id': 9313}
1200337811,VERY_LONG,,1,99950000,,"{'id': 82800, 'context': 0, 'modifiers': [{'type': 6, 'value': 6288}], 'pet_breed_id': 18, 'pet_level': 25, 'pet_quality_id': 3, 'pet_species_id': 56}"
1200337885,VERY_LONG,532500,6,,,{'id': 171315}
1200338063,VERY_LONG,1509900,15,,,{'id': 171833}
1200339132,VERY_LONG,,1,79950000,,"{'id': 82800, 'context': 0, 'modifiers': [{'type': 6, 'value': 31722}], 'pet_breed_id': 3, 'pet_level': 25, 'pet_quality_id': 3, 'pet_species_id': 253}"
1200339238,VERY_LONG,,1,1332300,,"{'id': 177807, 'context': 0, 'bonus_lists': [6706], 'modifiers': [{'type': 9, 'value': 56}, {'type': 28, 'value': 746}]}"
1200339366,VERY_LONG,500,30,,,{'id': 171840}
1200339621,VERY_LONG,,1,49950000,,"{'id': 82800, 'context': 0, 'modifiers': [{'type': 6, 'value': 88008}], 'pet_breed_id': 14, 'pet_level': 25, 'pet_quality_id': 3, 'pet_species_id': 2454}"
1200339693,LONG,,1,97000000,,"{'id': 82800, 'context': 0, 'pet_breed_id': 19, 'pet_level': 1, 'pet_quality_id': 2, 'pet_species_id': 3045}"
1200339884,LONG,4500,4,,,{'id': 173032}
1200339893,LONG,725100,18,,,{'id': 172231}
1200339955,LONG,500,4,,,{'id': 171840}
1200341382,LONG,,1,1218300,,"{'id': 178952, 'context': 0, 'bonus_lists': [6908, 6652, 1698], 'modifiers': [{'type': 9, 'value': 60}, {'type': 28, 'value': 1707}]}"
1200341399,LONG,,1,504900,,"{'id': 177791, 'context': 0, 'bonus_lists': [6907, 43, 1706], 'modifiers': [{'type': 9, 'value': 60}, {'type': 28, 'value': 2060}]}"
1200341414,LONG,,1,6918500,,"{'id': 176782, 'context': 0, 'bonus_lists': [6907, 6652, 1710], 'modifiers': [{'type': 9, 'value': 60}, {'type': 28, 'value': 2060}]}"
1200341427,LONG,,1,3000100,,"{'id': 178948, 'context': 0, 'bonus_lists': [6908, 6652, 1686], 'modifiers': [{'type': 9, 'value': 60}, {'type': 28, 'value': 1707}]}"
1200341449,LONG,,1,7579100,,"{'id': 176961, 'context': 0, 'bonus_lists': [6907, 6652, 7193, 1711], 'modifiers': [{'type': 9, 'value': 60}, {'type': 28, 'value': 1707}]}"
1200341458,LONG,,1,1007500,,"{'id': 175556, 'context': 0, 'bonus_lists': [6907, 1707], 'modifiers': [{'type': 9, 'value': 60}, {'type': 28, 'value': 807}]}"
1200341469,LONG,,1,665600,,"{'id': 180487, 'context': 0, 'bonus_lists': [6908, 6935], 'modifiers': [{'type': 9, 'value': 60}, {'type': 28, 'value': 2060}]}"
1200341741,VERY_LONG,,1,39366600,,"{'id': 82800, 'context': 0, 'modifiers': [{'type': 6, 'value': 99851}], 'pet_breed_id': 13, 'pet_level': 1, 'pet_quality_id': 2, 'pet_species_id': 2918}"
1200341754,VERY_LONG,,1,1490000000,,"{'id': 184807, 'context': 0, 'bonus_lists': [6652, 1472, 6646], 'modifiers': [{'type': 28, 'value': 1707}]}"
1200341856,VERY_LONG,,1,125007600,,"{'id': 23767, 'context': 0, 'bonus_lists': [6839]}"
1200342024,VERY_LONG,603600,5,,,{'id': 4382}
1200342026,VERY_LONG,2499900,4,,,{'id': 41334}
1200342028,VERY_LONG,139900,7,,,{'id': 74840}
1200342030,VERY_LONG,14999100,5,,,{'id': 24271}
1200342036,VERY_LONG,,1,105000000,52500000,"{'id': 6454, 'context': 0, 'modifiers': [{'type': 28, 'value': 18}]}"
1200342038,VERY_LONG,200000,2,,,{'id': 858}
1200342039,VERY_LONG,176400,5,,,{'id': 27682}
1200342040,VERY_LONG,15000,600,,,{'id': 152509}
1200342041,VERY_LONG,,1,49999600,24999800,"{'id': 23804, 'context': 0}"
1200342042,VERY_LONG,80000,22,,,{'id': 22785}
1200342045,VERY_LONG,,1,250000000,125000000,"{'id': 12711, 'context': 0, 'modifiers': [{'type': 28, 'value': 1005}]}"
1200342049,VERY_LONG,600000,18,,,{'id': 3859}
1200342050,VERY_LONG,200000,56,,,{'id': 152510}
1200342051,VERY_LONG,140000,4,,,{'id': 124112}
1200342052,VERY_LONG,2199900,9,,,{'id': 81410}
1200342055,VERY_LONG,149800,5,,,{'id': 5465}
1200342056,VERY_LONG,18000,603,,,{'id': 110609}
1200342059,VERY_LONG,999500,4,,,{'id': 23783}
1200342061,VERY_LONG,21700,1,,,{'id': 7909}
1200342063,VERY_LONG,64999900,1,,,{'id': 23786}
1200342065,VERY_LONG,80000,20,,,{'id': 22790}
1200342070,VERY_LONG,3404800,3,,,{'id': 23782}
1200342072,VERY_LONG,2400900,9,,,{'id': 39338}
1200342074,VERY_LONG,720000,2,,,{'id': 6149}
1200342075,VERY_LONG,,1,800000000,400000000,"{'id': 8395, 'context': 0}"
1200342078,VERY_LONG,23000,473,,,{'id': 152546}
1200342079,VERY_LONG,197700,32,,,{'id': 123918}
1200342083,VERY_LONG,,1,14000000,7000000,"{'id': 24205, 'context': 1, 'modifiers': [{'type': 28, 'value': 231}]}"
1200342085,VERY_LONG,,1,35999900,18000000,"{'id': 11167, 'context': 0}"
1200342087,VERY_LONG,276700,6,,,{'id': 22573}
1200342089,VERY_LONG,3300000,3,,,{'id': 76138}
1200342090,VERY_LONG,1728500,17,,,{'id': 172936}
1200342092,VERY_LONG,39900,19,,,{'id': 783}
1200342093,VERY_LONG,5000,200,,,{'id': 124437}
1200342096,VERY_LONG,450000,141,,,{'id': 52984}
1200342097,VERY_LONG,2999900,11,,,{'id': 152639}
1200342100,VERY_LONG,18500,2,,,{'id': 115504}
1200344101,VERY_LONG,39900,292,,,{'id': 152579}
1200344102,VERY_LONG,1799700,15,,,{'id': 3821}
1200344103,VERY_LONG,30000,903,,,{'id': 152513}
1200344105,VERY_LONG,323700,152,,,{'id': 2319}
1200344107,VERY_LONG,5000,200,,,{'id': 124437}
1200344108,VERY_LONG,16200,59,,,{'id': 2836}
1200344110,VERY_LONG,71000,842,,,{'id': 152577}
1200344111,VERY_LONG,10000,10,,,{'id': 7078}
1200344113,VERY_LONG,5399600,7,,,{'id': 4375}
1200344115,VERY_LONG,92300,106,,,{'id': 2772}
1200344116,VERY_LONG,94800,1,,,{'id': 13446}
1200344119,VERY_LONG,25927600,2,,,{'id': 23787}
1200344120,VERY_LONG,900000,10,,,{'id': 111455}
1200344123,VERY_LONG,779900,9,,,{'id': 52195}
1200344124,VERY_LONG,538800,41,,,{'id': 13467}
1200344126,VERY_LONG,3000000,1,,,{'id': 41802}
1200344129,VERY_LONG,1005500,20,,,{'id': 35562}
1200344132,VERY_LONG,2159500,8,,,{'id': 58091}
1200344134,VERY_LONG,45000,2,,,{'id': 152550}
1200344137,VERY_LONG,2959800,1,,,{'id': 52843}
1200344140,VERY_LONG,47900,20,,,{'id': 62791}
1200344143,VERY_LONG,1241700,4,,,{'id': 62786}
1200344150,VERY_LONG,1999400,3,,,{'id': 23436}
1200344154,VERY_LONG,18600,486,,,{'id': 152576}
1200344157,VERY_LONG,,1,14070000,7035000,"{'id': 14476, 'context': 0}"
1200344161,VERY_LONG,150000,2,,,{'id': 22645}
1200344164,VERY_LONG,80000,48,,,{'id': 22786}
1200344166,VERY_LONG,8500000,2,,,{'id': 74653}
1200344168,VERY_LONG,70000,64,,,{'id': 74839}
1200344171,VERY_LONG,1530000,3,,,{'id': 36932}
1200344174,VERY_LONG,,1,19499900,9750000,"{'id': 10606, 'context': 0, 'modifiers': [{'type': 28, 'value': 35}]}"
1200344176,VERY_LONG,482500,65,,,{'id': 163223}
1200344180,VERY_LONG,669800,4,,,{'id': 35627}
1200344184,VERY_LONG,2639900,1,,,{'id': 77468}
1200344186,VERY_LONG,30000,30,,,{'id': 72093}
1200344190,VERY_LONG,4000,8,,,{'id': 7075}
1200344194,VERY_LONG,,1,20500000,10250000,"{'id': 72006, 'context': 0, 'modifiers': [{'type': 28, 'value': 1030}]}"
1200344196,VERY_LONG,,1,24499800,12249900,"{'id': 72001, 'context': 0, 'modifiers': [{'type': 28, 'value': 1030}]}"
1200344200,VERY_LONG,20000,17,,,{'id': 3685}
1200344205,VERY_LONG,249800,26,,,{'id': 123919}
1200344209,VERY_LONG,80700,84,,,{'id': 152549}
1200344214,VERY_LONG,38000000,2,,,{'id': 18232}
1200344217,VERY_LONG,131900,2,,,{'id': 10938}
1200344225,VERY_LONG,1000000,9,,,{'id': 2673}
1200344231,VERY_LONG,600000,3,,,{'id': 22791}
1200344233,VERY_LONG,18500000,4,,,{'id': 39683}
1200344237,VERY_LONG,93700,191,,,{'id': 2840}
1200344239,VERY_LONG,15000,1,,,{'id': 109223}
1200344243,VERY_LONG,1437200,25,,,{'id': 74848}
1200344391,LONG,,1,800004900,,"{'id': 184802, 'context': 0, 'bonus_lists': [6652, 1472, 6646], 'modifiers': [{'type': 28, 'value': 1707}]}"
1200344452,LONG,,1,63697200,,"{'id': 116531, 'context': 0, 'bonus_lists': [6655, 105, 550], 'modifiers': [{'type': 9, 'value': 45}, {'type': 28, 'value': 1767}]}"
1200344454,LONG,,1,39632200,,"{'id': 106467, 'context': 0, 'bonus_lists': [6654, 103], 'modifiers': [{'type': 9, 'value': 39}, {'type': 28, 'value': 1766}]}"
1200344458,LONG,,1,209800,,"{'id': 110293, 'context': 11, 'modifiers': [{'type': 28, 'value': 2092}]}"
1200344469,LONG,,1,1092400,,"{'id': 6542, 'context': 0, 'bonus_lists': [6654, 1706], 'modifiers': [{'type': 9, 'value': 45}, {'type': 28, 'value': 1800}]}"
1200344474,LONG,,1,559240400,,"{'id': 39355, 'context': 0, 'modifiers': [{'type': 28, 'value': 869}]}"
1200344483,LONG,1499600,1,,,{'id': 81055}
1200344486,LONG,,1,1707700,,"{'id': 110274, 'context': 0}"
1200344489,LONG,9900,4,,,{'id': 109128}
1200344495,LONG,,1,59181300,,"{'id': 116516, 'context': 0, 'bonus_lists': [6655, 202, 517], 'modifiers': [{'type': 9, 'value': 35}, {'type': 28, 'value': 65}]}"
1200344497,LONG,49900,4,,,{'id': 2672}
1200344498,LONG,,1,77934600,,"{'id': 116539, 'context': 0, 'bonus_lists': [6655, 61, 550], 'modifiers': [{'type': 9, 'value': 37}, {'type': 28, 'value': 1766}]}"
1200344505,LONG,,1,74415300,,"{'id': 114942, 'context': 1, 'bonus_lists': [6835]}"
1200344512,LONG,,1,54307900,,"{'id': 116508, 'context': 0, 'bonus_lists': [6655, 107, 550], 'modifiers': [{'type': 9, 'value': 44}, {'type': 28, 'value': 65}]}"
1200344516,LONG,,1,269148900,,"{'id': 6552, 'context': 0, 'bonus_lists': [6654, 1692], 'modifiers': [{'type': 9, 'value': 42}, {'type': 28, 'value': 1800}]}"
1200344521,LONG,,1,170127100,,"{'id': 116506, 'context': 0, 'bonus_lists': [6655, 103], 'modifiers': [{'type': 9, 'value': 40}, {'type': 28, 'value': 1766}]}"
1200344526,LONG,,1,705100,,"{'id': 110291, 'context': 0}"
1200344529,VERY_LONG,4999700,2,,,{'id': 22846}
1200344531,LONG,,1,5468300,,"{'id': 68760, 'context': 0, 'bonus_lists': [6654], 'modifiers': [{'type': 9, 'value': 45}, {'type': 28, 'value': 1800}]}"
1200344534,VERY_LONG,12999600,10,,,{'id': 3828}
1200344537,VERY_LONG,30000,25,,,{'id': 22447}
1200344539,VERY_LONG,268900,13,,,{'id': 1529}
1200344543,VERY_LONG,100000,3,,,{'id': 109076}
1200344545,VERY_LONG,24000,57,,,{'id': 152505}
1200344548,VERY_LONG,1200,336,,,{'id': 124117}
1200344551,VERY_LONG,117600,10,,,{'id': 62782}
1200344553,VERY_LONG,59700,2,,,{'id': 7067}
1200344560,VERY_LONG,1599900,5,,,{'id': 62785}
1200344562,VERY_LONG,220700,14,,,{'id': 22575}
1200344565,VERY_LONG,81000,3,,,{'id': 22829}
1200344569,VERY_LONG,554900,10,,,{'id': 168646}
1200344571,VERY_LONG,999300,2,,,{'id': 8831}
1200344574,VERY_LONG,1009700,46,,,{'id': 23793}
1200344575,VERY_LONG,58800,214,,,{'id': 154882}
1200344579,VERY_LONG,,1,1299900,650000,"{'id': 21371, 'context': 0, 'modifiers': [{'type': 28, 'value': 1004}]}"
1200344581,VERY_LONG,,1,1299900,650000,"{'id': 21371, 'context': 0, 'modifiers': [{'type': 28, 'value': 1004}]}"
1200344584,VERY_LONG,30000,34,,,{'id': 52078}
1200344587,VERY_LONG,15000,132,,,{'id': 152509}
1200344588,VERY_LONG,,1,162499900,81250000,"{'id': 3396, 'context': 0}"
1200344592,VERY_LONG,17749700,10,,,{'id': 169300}
1200344613,VERY_LONG,,1,8926200,,"{'id': 106510, 'context': 0, 'bonus_lists': [6654, 170], 'modifiers': [{'type': 9, 'value': 44}, {'type': 28, 'value': 65}]}"
1200344650,VERY_LONG,,1,6125200,,"{'id': 106390, 'context': 0, 'bonus_lists': [6654, 153], 'modifiers': [{'type': 9, 'value': 30}, {'type': 28, 'value': 1765}]}"
1200344652,VERY_LONG,725100,2,,,{'id': 172231}
1200344663,VERY_LONG,8800,6,,,{'id': 167738}
1200344679,VERY_LONG,157100,1,,,{'id': 118391}
1200344914,VERY_LONG,,1,12000000,,"{'id': 82800, 'context': 0, 'modifiers': [{'type': 6, 'value': 94713}], 'pet_breed_id': 14, 'pet_level': 1, 'pet_quality_id': 3, 'pet_species_id': 2840}"
1200344974,VERY_LONG,,1,7500000,,"{'id': 82800, 'context': 0, 'modifiers': [{'type': 6, 'value': 94712}], 'pet_breed_id': 8, 'pet_level': 1, 'pet_quality_id': 3, 'pet_species_id': 2839}"
1200346175,VERY_LONG,,1,1749995000,,"{'id': 164561, 'context': 11}"
1200346211,VERY_LONG,,1,9999990100,,"{'id': 24143, 'context': 0}"
1200346410,VERY_LONG,,1,600000000,,"{'id': 183008, 'context': 3, 'bonus_lists': [7189, 6652, 1472, 6646], 'modifiers': [{'type': 28, 'value': 751}]}"
1200346693,VERY_LONG,7949600,3,,,{'id': 173161}
1200346734,VERY_LONG,8399700,1,,,{'id': 173160}
1200346800,VERY_LONG,11100,21,,,{'id': 152576}
1200346846,VERY_LONG,79900,30,,,{'id': 33568}
1200346865,VERY_LONG,20000,7,,,{'id': 110610}
1200346884,VERY_LONG,80000,4,,,{'id': 38557}
1200346952,VERY_LONG,71000,1,,,{'id': 152577}
1200346974,VERY_LONG,,1,1790000,,"{'id': 172249, 'context': 13, 'bonus_lists': [6883, 7180], 'modifiers': [{'type': 9, 'value': 60}, {'type': 29, 'value': 49}, {'type': 30, 'value': 40}]}"
1200346992,VERY_LONG,,1,12800,,"{'id': 25021, 'context': 22, 'bonus_lists': [6654, 1678], 'modifiers': [{'type': 9, 'value': 30}, {'type': 28, 'value': 1071}]}"
1200347025,VERY_LONG,5008100,3,,,{'id': 173049}
1200347068,VERY_LONG,,1,958800,,"{'id': 25057, 'context': 22, 'bonus_lists': [6654, 1691], 'modifiers': [{'type': 9, 'value': 30}, {'type': 28, 'value': 1070}]}"
1200348491,VERY_LONG,4089900,1,,,{'id': 141910}
1200348505,LONG,,1,199999900,,"{'id': 164283, 'context': 11}"
1200348507,LONG,,1,364251700,,"{'id': 164496, 'context': 14, 'modifiers': [{'type': 28, 'value': 186}]}"
1200348510,VERY_LONG,6090000,1,,,{'id': 128551}
1200348512,LONG,,1,199999900,,"{'id': 164414, 'context': 11}"
1200348517,LONG,,1,553808400,,"{'id': 164320, 'context': 11}"
1200348522,LONG,,1,299990000,,"{'id': 42178, 'context': 0, 'modifiers': [{'type': 28, 'value': 1023}]}"
1200348524,LONG,,1,1091397700,,"{'id': 164294, 'context': 11}"
1200348527,LONG,,1,299990000,,"{'id': 22390, 'context': 0}"
1200348529,LONG,,1,317707500,,"{'id': 164450, 'context': 0}"
1200348531,VERY_LONG,8220000,1,,,{'id': 172370}
1200348534,LONG,,1,299960000,,"{'id': 29733, 'context': 1}"
1200348537,LONG,,1,199999900,,"{'id': 164463, 'context': 11, 'modifiers': [{'type': 28, 'value': 645}]}"
1200348539,LONG,,1,2387360800,,"{'id': 164438, 'context': 14, 'modifiers': [{'type': 28, 'value': 186}]}"
1200348543,LONG,,1,113645800,,"{'id': 164409, 'context': 11}"
1200348548,LONG,,1,199999900,,"{'id': 164291, 'context': 11}"
1200348551,LONG,,1,1138463500,,"{'id': 164440, 'context': 0}"
1200348554,LONG,,1,299960000,,"{'id': 12716, 'context': 0}"
1200348556,LONG,,1,143085000,,"{'id': 141587, 'context': 26, 'bonus_lists': [1808, 1472, 3528, 3431]}"
1200348560,LONG,,1,199999900,,"{'id': 164471, 'context': 11}"
1200348563,LONG,,1,199999900,,"{'id': 166825, 'context': 14, 'modifiers': [{'type': 28, 'value': 186}]}"
1200348566,LONG,,1,199999900,,"{'id': 164549, 'context': 11}"
1200348568,LONG,,1,1115023600,,"{'id': 164300, 'context': 11}"
1200348570,LONG,,1,320594700,,"{'id': 14175, 'context': 0, 'bonus_lists': [6654, 1677], 'modifiers': [{'type': 9, 'value': 13}, {'type': 28, 'value': 15}]}"
1200348573,LONG,,1,611286700,,"{'id': 164449, 'context': 31}"
1200348575,LONG,,1,946745700,,"{'id': 164497, 'context': 0}"
1200348580,LONG,,1,199999900,,"{'id': 164547, 'context': 11}"
1200348587,LONG,,1,249999900,,"{'id': 55325, 'context': 0, 'bonus_lists': [1692]}"
1200348589,LONG,,1,199999900,,"{'id': 166840, 'context': 14, 'modifiers': [{'type': 28, 'value': 186}]}"
1200348591,LONG,,1,1479630600,,"{'id': 164295, 'context': 11}"
1200348594,LONG,,1,613162200,,"{'id': 31331, 'context': 0}"
1200348597,LONG,,1,248757700,,"{'id': 31177, 'context': 0, 'bonus_lists': [1692, 3758], 'modifiers': [{'type': 9, 'value': 30}]}"
1200348600,LONG,,1,591067800,,"{'id': 164556, 'context': 11}"
1200348602,LONG,,1,299999900,,"{'id': 18742, 'context': 1, 'bonus_lists': [4052], 'modifiers': [{'type': 9, 'value': 24}]}"
1200348608,LONG,,1,299990000,,"{'id': 15752, 'context': 0}"
1200348611,LONG,,1,1328827600,,"{'id': 164296, 'context': 31, 'modifiers': [{'type': 28, 'value': 464}]}"
1200348614,LONG,,1,299990000,,"{'id': 23626, 'context': 1}"
1200348620,LONG,,1,199999900,,"{'id': 164530, 'context': 14, 'modifiers': [{'type': 28, 'value': 186}]}"
1200348622,LONG,,1,439434500,,"{'id': 164491, 'context': 14, 'modifiers': [{'type': 28, 'value': 186}]}"
1200348626,LONG,,1,299990000,,"{'id': 164552, 'context': 11}"
1200348627,LONG,,1,199999900,,"{'id': 164314, 'context': 14, 'modifiers': [{'type': 28, 'value': 186}]}"
1200348629,LONG,,1,182445100,,"{'id': 87423, 'context': 36, 'bonus_lists': [4302], 'modifiers': [{'type': 9, 'value': 50}]}"
1200348632,LONG,,1,819307800,,"{'id': 164560, 'context': 11}"
1200348634,LONG,,1,271480200,,"{'id': 164526, 'context': 11}"
1200348636,LONG,,1,684112500,,"{'id': 164498, 'context': 0}"
1200348639,LONG,,1,1001170400,,"{'id': 164298, 'context': 31}"
1200348641,LONG,,1,199999800,,"{'id': 164399, 'context': 14, 'modifiers': [{'type': 28, 'value': 186}]}"
1200348644,LONG,,1,299989900,,"{'id': 104231, 'context': 0}"
1200348649,LONG,,1,299990000,,"{'id': 42172, 'context': 0, 'modifiers': [{'type': 28, 'value': 1017}]}"
1200348652,LONG,,1,106324000,,"{'id': 115525, 'context': 0}"
1200348657,LONG,,1,199999900,,"{'id': 164329, 'context': 11}"
1200348664,LONG,,1,199999900,,"{'id': 164550, 'context': 11}"
1200348666,LONG,725100,2,,,{'id': 172231}
1200348667,LONG,,1,379391500,,"{'id': 164448, 'context': 31}"
1200348672,LONG,,1,174741600,,"{'id': 4298, 'context': 1}"
1200348678,LONG,,1,1446764900,,"{'id': 164301, 'context': 11, 'modifiers': [{'type': 28, 'value': 289}]}"
1200348682,LONG,,1,199999900,,"{'id': 164476, 'context': 0}"
1200348686,LONG,,1,751236500,,"{'id': 164495, 'context': 11}"
1200348688,LONG,,1,299990000,,"{'id': 23633, 'context': 3}"
1200348693,LONG,,1,1295317700,,"{'id': 164546, 'context': 11}"
1200348696,LONG,,1,600008500,,"{'id': 164432, 'context': 0}"
1200348698,LONG,,1,733621300,,"{'id': 164402, 'context': 14, 'modifiers': [{'type': 28, 'value': 189}]}"
1200348704,LONG,,1,299990000,,"{'id': 16254, 'context': 0}"
1200348708,LONG,,1,299999900,,"{'id': 164272, 'context': 11}"
1200348713,LONG,,1,435182900,,"{'id': 164393, 'context': 0}"
1200348715,LONG,,1,199999900,,"{'id': 166839, 'context': 11, 'modifiers': [{'type': 28, 'value': 645}]}"
1200348717,LONG,,1,199999900,,"{'id': 164506, 'context': 11}"
1200348721,LONG,,1,299990000,,"{'id': 23625, 'context': 0, 'modifiers': [{'type': 28, 'value': 1011}]}"
1200348723,LONG,,1,199999900,,"{'id': 164529, 'context': 31}"
1200348725,LONG,,1,140681600,,"{'id': 82800, 'context': 0, 'modifiers': [{'type': 6, 'value': 99909}], 'pet_breed_id': 6, 'pet_level': 1, 'pet_quality_id': 2, 'pet_species_id': 2896}"
1200348730,LONG,,1,226910000,,"{'id': 87476, 'context': 36, 'bonus_lists': [4762], 'modifiers': [{'type': 9, 'value': 43}]}"
1200348733,LONG,,1,199999900,,"{'id': 164548, 'context': 14, 'modifiers': [{'type': 28, 'value': 186}]}"
1200348737,LONG,,1,199999900,,"{'id': 164485, 'context': 0}"
1200348741,LONG,,1,303893100,,"{'id': 15304, 'context': 28, 'bonus_lists': [1692, 3831], 'modifiers': [{'type': 9, 'value': 10}]}"
1200348743,LONG,,1,199999900,,"{'id': 164487, 'context': 0}"
1200348748,LONG,,1,449833800,,"{'id': 164539, 'context': 11}"
1200348752,LONG,,1,342305100,,"{'id': 9385, 'context': 0}"
1200348754,LONG,,1,299990000,,"{'id': 29729, 'context': 2}"
1200348756,LONG,,1,1129937300,,"{'id': 164431, 'context': 31, 'modifiers': [{'type': 28, 'value': 464}]}"
1200348759,LONG,,1,1738579500,,"{'id': 164545, 'context': 11}"
1200348762,LONG,,1,299990000,,"{'id': 104224, 'context': 0}"
1200348764,LONG,,1,199999900,,"{'id': 164523, 'context': 31}"
1200348996,VERY_LONG,,1,150000000,148500000,"{'id': 164496, 'context': 31}"
1200348998,VERY_LONG,,1,266547700,,"{'id': 12830, 'context': 1}"
1200349002,VERY_LONG,,1,150000000,148500000,"{'id': 164278, 'context': 11}"
1200349004,VERY_LONG,,1,29500000,,"{'id': 82800, 'context': 0, 'modifiers': [{'type': 6, 'value': 48666}], 'pet_breed_id': 11, 'pet_level': 1, 'pet_quality_id': 3, 'pet_species_id': 1231}"
1200349007,VERY_LONG,,1,50000000,49500000,"{'id': 164351, 'context': 11}"
1200349012,VERY_LONG,,1,30021700,,"{'id': 24220, 'context': 0}"
1200349014,VERY_LONG,,1,48762400,,"{'id': 2471, 'context': 14}"
1200349016,VERY_LONG,,1,145782100,144324300,"{'id': 58198, 'context': 14}"
1200349021,VERY_LONG,,1,150000000,148500000,"{'id': 164523, 'context': 11}"
1200349023,VERY_LONG,,1,8842700,,"{'id': 47650, 'context': 0}"
1200349026,VERY_LONG,,1,250000000,247500000,"{'id': 164543, 'context': 11}"
1200349027,VERY_LONG,32962800,1,,,{'id': 79299}
1200349030,VERY_LONG,,1,75000000,74250000,"{'id': 164397, 'context': 14, 'modifiers': [{'type': 28, 'value': 186}]}"
1200349033,VERY_LONG,,1,84087100,,"{'id': 27686, 'context': 11}"
1200349035,VERY_LONG,,1,19348000,,"{'id': 41777, 'context': 28}"
1200349038,VERY_LONG,,1,15269900,,"{'id': 3870, 'context': 0}"
1200349041,VERY_LONG,,1,50000000,49500000,"{'id': 164347, 'context': 11}"
1200349046,VERY_LONG,,1,850000000,841500000,"{'id': 151269, 'context': 14}"
1200349050,VERY_LONG,,1,500000000,495000000,"{'id': 164431, 'context': 0}"
1200349051,VERY_LONG,,1,7359300,,"{'id': 72001, 'context': 0}"
1200349053,VERY_LONG,26484500,1,,,{'id': 79286}
1200349057,VERY_LONG,,1,200000000,,"{'id': 141284, 'context': 0, 'bonus_lists': [1812], 'modifiers': [{'type': 9, 'value': 40}]}"
1200349060,VERY_LONG,,1,122500000,,"{'id': 82800, 'context': 0, 'modifiers': [{'type': 6, 'value': 34413}], 'pet_breed_id': 18, 'pet_level': 25, 'pet_quality_id': 3, 'pet_species_id': 266}"
1200349064,VERY_LONG,,1,10759300,,"{'id': 69963, 'context': 0}"
1200349065,VERY_LONG,,1,75000000,74250000,"{'id': 164503, 'context': 0}"
1200349067,VERY_LONG,,1,8329900,,"{'id': 11081, 'context': 1}"
1200349071,VERY_LONG,,1,100000000,99000000,"{'id': 164330, 'context': 11}"
1200349072,VERY_LONG,,1,75000000,74250000,"{'id': 164284, 'context': 0}"
1200349074,VERY_LONG,,1,1000000000,990000000,"{'id': 164299, 'context': 11}"
1200349076,VERY_LONG,,1,64173100,,"{'id': 25906, 'context': 0}"
1200349078,VERY_LONG,,1,100000000,99000000,"{'id': 164529, 'context': 31}"
1200349081,VERY_LONG,,1,75000000,,"{'id': 55453, 'context': 0, 'bonus_lists': [1700]}"
1200349083,VERY_LONG,,1,200000000,198000000,"{'id': 141572, 'context': 26, 'bonus_lists': [1472, 3337, 3431]}"
1200349087,VERY_LONG,,1,20864600,,"{'id': 24213, 'context': 0}"
1200349090,VERY_LONG,,1,500000000,,"{'id': 117379, 'context': 11, 'bonus_lists': [6315], 'modifiers': [{'type': 9, 'value': 50}]}"
1200349092,VERY_LONG,,1,50000000,49500000,"{'id': 164423, 'context': 11}"
1200349096,VERY_LONG,,1,200000000,198000000,"{'id': 141584, 'context': 26, 'bonus_lists': [1472, 3336, 3431]}"
1200351101,VERY_LONG,,1,200000000,198000000,"{'id': 141584, 'context': 26, 'bonus_lists': [1472, 3528, 3431]}"
1200351103,VERY_LONG,,1,62195000,,"{'id': 25909, 'context': 0}"
1200351106,VERY_LONG,,1,189154700,,"{'id': 24306, 'context': 2}"
1200351111,VERY_LONG,,1,150000000,148500000,"{'id': 164443, 'context': 0}"
1200351116,VERY_LONG,,1,118165200,,"{'id': 24302, 'context': 1}"
1200351119,VERY_LONG,,1,150000000,148500000,"{'id': 164526, 'context': 11}"
1200351122,VERY_LONG,,1,100000000,99000000,"{'id': 129217, 'context': 0}"
1200351124,VERY_LONG,,1,18633100,,"{'id': 68787, 'context': 0}"
1200351126,VERY_LONG,,1,47500000,,"{'id': 31556, 'context': 0, 'bonus_lists': [1709]}"
1200351132,VERY_LONG,,1,100000000,99000000,"{'id': 164527, 'context': 11}"
1200351137,VERY_LONG,,1,19686400,19489500,"{'id': 14661, 'context': 1}"
1200351140,VERY_LONG,,1,9359200,9265600,"{'id': 121155, 'context': 0, 'bonus_lists': [1812, 1703], 'modifiers': [{'type': 9, 'value': 43}]}"
1200351144,VERY_LONG,,1,150000000,,"{'id': 141587, 'context': 26, 'bonus_lists': [41, 1472, 3528, 3431]}"
1200351145,VERY_LONG,,1,200000000,198000000,"{'id': 141587, 'context': 26, 'bonus_lists': [1472, 3528, 3431]}"
1200351148,VERY_LONG,,1,200000000,198000000,"{'id': 141587, 'context': 26, 'bonus_lists': [1472, 3528, 3431]}"
1200351150,VERY_LONG,,1,200000000,198000000,"{'id': 141587, 'context': 26, 'bonus_lists': [1472, 3528, 3431]}"
1200351151,VERY_LONG,,1,100000000,99000000,"{'id': 164403, 'context': 11}"
1200351153,VERY_LONG,,1,135072600,,"{'id': 239, 'context': 14}"
1200351155,VERY_LONG,,1,5067600,,"{'id': 11225, 'context': 1}"
1200351161,VERY_LONG,,1,125000000,123750000,"{'id': 82800, 'context': 0, 'modifiers': [{'type': 6, 'value': 91028}], 'pet_breed_id': 5, 'pet_level': 25, 'pet_quality_id': 3, 'pet_species_id': 2692}"
1200351165,VERY_LONG,,1,10125800,,"{'id': 47648, 'context': 0}"
1200351169,VERY_LONG,,1,29435400,29141000,"{'id': 114942, 'context': 1}"
1200351172,VERY_LONG,,1,350000000,346500000,"{'id': 82800, 'context': 0, 'modifiers': [{'type': 6, 'value': 28502}], 'pet_breed_id': 5, 'pet_level': 25, 'pet_quality_id': 3, 'pet_species_id': 210}"
1200351174,VERY_LONG,,1,122500000,,"{'id': 82800, 'context': 0, 'modifiers': [{'type': 6, 'value': 95172}], 'pet_breed_id': 13, 'pet_level': 25, 'pet_quality_id': 3, 'pet_species_id': 2843}"
1200351177,VERY_LONG,,1,75000000,74250000,"{'id': 164467, 'context': 11}"
1200351180,VERY_LONG,,1,125000000,123750000,"{'id': 82800, 'context': 0, 'modifiers': [{'type': 6, 'value': 55291}], 'pet_breed_id': 19, 'pet_level': 25, 'pet_quality_id': 3, 'pet_species_id': 1453}"
1200351182,VERY_LONG,,1,300000000,297000000,"{'id': 164428, 'context': 11}"
1200351183,VERY_LONG,,1,243120900,,"{'id': 840, 'context': 14}"
1200351184,VERY_LONG,,1,150000000,148500000,"{'id': 164312, 'context': 0}"
1200351187,VERY_LONG,,1,750000000,,"{'id': 78287, 'context': 14}"
1200351192,VERY_LONG,,1,245000000,,"{'id': 82800, 'context': 0, 'modifiers': [{'type': 6, 'value': 47731}], 'pet_breed_id': 8, 'pet_level': 25, 'pet_quality_id': 3, 'pet_species_id': 1180}"
1200351194,VERY_LONG,,1,690722300,,"{'id': 14510, 'context': 0}"
1200351197,VERY_LONG,,1,200000000,198000000,"{'id': 164539, 'context': 11}"
1200351200,VERY_LONG,,1,13200800,13068800,"{'id': 12163, 'context': 14}"
1200351203,VERY_LONG,,1,97500000,,"{'id': 82800, 'context': 0, 'pet_breed_id': 8, 'pet_level': 25, 'pet_quality_id': 3, 'pet_species_id': 310}"
1200351207,VERY_LONG,,1,15743700,,"{'id': 55661, 'context': 28, 'bonus_lists': [4763, 1700], 'modifiers': [{'type': 9, 'value': 31}]}"
1200351211,VERY_LONG,,1,1000000000,990000000,"{'id': 163928, 'context': 11}"
1200351215,VERY_LONG,,1,13597100,,"{'id': 69968, 'context': 0}"
1200351216,VERY_LONG,,1,225000000,222750000,"{'id': 82800, 'context': 0, 'pet_breed_id': 10, 'pet_level': 25, 'pet_quality_id': 3, 'pet_species_id': 126}"
1200351218,VERY_LONG,,1,150000000,148500000,"{'id': 164536, 'context': 11}"
1200351222,VERY_LONG,,1,6149100,,"{'id': 12839, 'context': 0}"
1200351223,VERY_LONG,,1,73207900,,"{'id': 843, 'context': 14}"
1200351227,VERY_LONG,,1,32658300,32331700,"{'id': 71262, 'context': 14}"
1200351229,VERY_LONG,,1,197375500,,"{'id': 140, 'context': 0}"
1200351231,VERY_LONG,,1,200000000,198000000,"{'id': 164266, 'context': 11}"
1200351234,VERY_LONG,,1,90000000,89500000,"{'id': 82800, 'context': 0, 'modifiers': [{'type': 6, 'value': 86136}], 'pet_breed_id': 8, 'pet_level': 25, 'pet_quality_id': 3, 'pet_species_id': 2188}"
1200351236,VERY_LONG,,1,9003200,,"{'id': 72004, 'context': 0}"
1200351240,VERY_LONG,,1,32874800,,"{'id': 31255, 'context': 0}"
1200351244,VERY_LONG,,1,89500000,,"{'id': 82800, 'context': 0, 'pet_breed_id': 16, 'pet_level': 25, 'pet_quality_id': 3, 'pet_species_id': 1959}"
1200351247,VERY_LONG,2551900,1,,,{'id': 41603}
1200351249,VERY_LONG,,1,8828000,,"{'id': 52364, 'context': 0}"
1200351253,VERY_LONG,,1,40855700,40447100,"{'id': 82943, 'context': 0}"
1200351259,VERY_LONG,,1,206365000,,"{'id': 3871, 'context': 0}"
1200351260,VERY_LONG,,1,26453600,26189100,"{'id': 14327, 'context': 0, 'bonus_lists': [1691]}"
1200351262,VERY_LONG,,1,199221700,,"{'id': 16246, 'context': 0}"
1200351263,VERY_LONG,,1,10847500,,"{'id': 69972, 'context': 0}"
1200351265,VERY_LONG,,1,150000000,148500000,"{'id': 164358, 'context': 11, 'modifiers': [{'type': 28, 'value': 645}]}"
1200351268,VERY_LONG,,1,500000000,,"{'id': 150922, 'context': 11, 'bonus_lists': [6315], 'modifiers': [{'type': 9, 'value': 50}]}"
1200351272,VERY_LONG,,1,1460473500,,"{'id': 9296, 'context': 0}"
1200351274,VERY_LONG,,1,18940000,,"{'id': 142075, 'context': 0}"
1200351276,VERY_LONG,,1,850000000,,"{'id': 78312, 'context': 14}"
1200351277,VERY_LONG,,1,18940000,,"{'id': 142075, 'context': 0}"
1200351279,VERY_LONG,,1,18940000,,"{'id': 142075, 'context': 0}"
1200351280,VERY_LONG,,1,49164600,,"{'id': 22904, 'context': 1}"
1200351283,VERY_LONG,,1,79500000,,"{'id': 82800, 'context': 0, 'modifiers': [{'type': 6, 'value': 62466}], 'pet_breed_id': 10, 'pet_level': 25, 'pet_quality_id': 3, 'pet_species_id': 1633}"
1200351285,VERY_LONG,,1,350000000,346500000,"{'id': 82800, 'context': 0, 'modifiers': [{'type': 6, 'value': 59668}], 'pet_breed_id': 8, 'pet_level': 25, 'pet_quality_id': 3, 'pet_species_id': 1533}"
1200351287,VERY_LONG,,1,112036900,110916500,"{'id': 77321, 'context': 14}"
1200351289,VERY_LONG,,1,100000000,99000000,"{'id': 164390, 'context': 11, 'modifiers': [{'type': 28, 'value': 644}]}"
1200351290,VERY_LONG,,1,175000000,173250000,"{'id': 82800, 'context': 0, 'modifiers': [{'type': 6, 'value': 48001}], 'pet_breed_id': 20, 'pet_level': 25, 'pet_quality_id': 3, 'pet_species_id': 1202}"
1200351292,VERY_LONG,,1,35000000,,"{'id': 55534, 'context': 1, 'bonus_lists': [1695]}"
1200351293,VERY_LONG,,1,24999700,,"{'id': 173215, 'context': 0, 'bonus_lists': [6893], 'modifiers': [{'type': 9, 'value': 60}, {'type': 28, 'value': 391}, {'type': 29, 'value': 40}, {'type': 30, 'value': 49}]}"
1200351296,VERY_LONG,,1,24999700,,"{'id': 173215, 'context': 0, 'bonus_lists': [6893], 'modifiers': [{'type': 9, 'value': 60}, {'type': 28, 'value': 391}, {'type': 29, 'value': 32}, {'type': 30, 'value': 49}]}"
1200351297,VERY_LONG,,1,9989800,9889900,"{'id': 10506, 'context': 0}"
1200351302,VERY_LONG,,1,29500000,,"{'id': 82800, 'context': 0, 'modifiers': [{'type': 6, 'value': 61889}], 'pet_breed_id': 19, 'pet_level': 1, 'pet_quality_id': 3, 'pet_species_id': 1627}"
1200351304,VERY_LONG,,1,366972300,,"{'id': 4351, 'context': 1}"
1200351306,VERY_LONG,,1,62500000,61875000,"{'id': 82800, 'context': 0, 'modifiers': [{'type': 6, 'value': 28502}], 'pet_breed_id': 5, 'pet_level': 25, 'pet_quality_id': 3, 'pet_species_id': 1511}"
1200351309,VERY_LONG,,1,400000000,396000000,"{'id': 164495, 'context': 11}"
1200351312,VERY_LONG,,1,225000000,222750000,"{'id': 82800, 'context': 0, 'modifiers': [{'type': 6, 'value': 2176}], 'pet_breed_id': 7, 'pet_level': 25, 'pet_quality_id': 3, 'pet_species_id': 127}"
1200351318,VERY_LONG,,1,53121300,,"{'id': 2612, 'context': 14}"
1200351321,VERY_LONG,,1,39371000,,"{'id': 94088, 'context': 0, 'bonus_lists': [1687]}"
1200351322,VERY_LONG,,1,250000000,247500000,"{'id': 82800, 'context': 0, 'modifiers': [{'type': 6, 'value': 47708}], 'pet_breed_id': 4, 'pet_level': 25, 'pet_quality_id': 3, 'pet_species_id': 1183}"
1200351329,VERY_LONG,,1,100000000,99000000,"{'id': 164481, 'context': 31}"
1200351333,VERY_LONG,,1,61434600,,"{'id': 55326, 'context': 0, 'bonus_lists': [1708]}"
1200351336,VERY_LONG,,1,114520600,113375400,"{'id': 77174, 'context': 14}"
1200351338,VERY_LONG,,1,54602500,,"{'id': 22542, 'context': 1}"
1200351343,VERY_LONG,,1,75000000,74250000,"{'id': 164505, 'context': 11}"
1200351348,VERY_LONG,,1,97500000,,"{'id': 82800, 'context': 0, 'modifiers': [{'type': 6, 'value': 94166}], 'pet_breed_id': 18, 'pet_level': 25, 'pet_quality_id': 3, 'pet_species_id': 2797}"
1200351352,VERY_LONG,,1,7186100,,"{'id': 47653, 'context': 0}"
1200351356,VERY_LONG,13925100,1,,,{'id': 38975}
1200351358,VERY_LONG,,1,74165400,,"{'id': 2372, 'context': 14}"
1200351362,VERY_LONG,,1,24599500,,"{'id': 41789, 'context': 28}"
1200351365,VERY_LONG,,1,89500000,,"{'id': 82800, 'context': 0, 'modifiers': [{'type': 6, 'value': 94712}], 'pet_breed_id': 8, 'pet_level': 25, 'pet_quality_id': 3, 'pet_species_id': 2839}"
1200351368,VERY_LONG,,1,24350600,,"{'id': 7092, 'context': 0}"
1200351483,LONG,425000,89,,,{'id': 170554}
1200351500,VERY_LONG,8820000,5,,,{'id': 172367}
1200351552,VERY_LONG,1999900,2,,,{'id': 153442}
1200351660,LONG,4500,6,,,{'id': 173032}
1200351707,LONG,165000,1,,,{'id': 171831}
1200351742,LONG,,1,11625800,10928300,"{'id': 54443, 'context': 0}"
1200351746,LONG,,1,11625800,10928300,"{'id': 54443, 'context': 0}"
1200351748,LONG,,1,11625800,10928300,"{'id': 54443, 'context': 0}"
1200351750,LONG,,1,11625800,10928300,"{'id': 54443, 'context': 0}"
1200351753,LONG,,1,11625800,10928300,"{'id': 54443, 'context': 0}"
1200351822,VERY_LONG,,1,5109900,,"{'id': 21843, 'context': 0}"
1200351824,VERY_LONG,,1,5109900,,"{'id': 21843, 'context': 0}"
1200351826,VERY_LONG,,1,5109900,,"{'id': 21843, 'context': 0}"
1200351830,VERY_LONG,,1,5109900,,"{'id': 21843, 'context': 0}"
1200351834,VERY_LONG,,1,5109900,,"{'id': 21843, 'context': 0}"
1200351837,VERY_LONG,,1,5109900,,"{'id': 21843, 'context': 0}"
1200351852,VERY_LONG,,1,1649900,,"{'id': 127035, 'context': 0}"
1200351856,VERY_LONG,,1,1649900,,"{'id': 127035, 'context': 0}"
1200351962,VERY_LONG,1000,927,,,{'id': 154899}
1200351986,VERY_LONG,650000,10,,,{'id': 118472}
1200351987,VERY_LONG,,1,148597700,,"{'id': 172329, 'context': 63, 'bonus_lists': [6716, 7194, 1487]}"
1200351989,VERY_LONG,,1,148597700,,"{'id': 172329, 'context': 63, 'bonus_lists': [6716, 7194, 1487]}"
1200351992,VERY_LONG,,1,148597700,,"{'id': 172329, 'context': 63, 'bonus_lists': [6716, 7194, 1487]}"
1200351994,VERY_LONG,,1,148597700,,"{'id': 172329, 'context': 63, 'bonus_lists': [6716, 7194, 1487]}"
1200351996,VERY_LONG,,1,148597700,,"{'id': 172329, 'context': 63, 'bonus_lists': [6716, 7194, 1487]}"
1200351999,VERY_LONG,,1,148597700,,"{'id': 172329, 'context': 63, 'bonus_lists': [6716, 7193, 1487]}"
1200352002,VERY_LONG,,1,148597700,,"{'id': 172329, 'context': 63, 'bonus_lists': [6716, 7194, 1487]}"
1200352004,VERY_LONG,,1,148597700,,"{'id': 172329, 'context': 63, 'bonus_lists': [6716, 7193, 1487]}"
1200352007,VERY_LONG,,1,148597700,,"{'id': 172329, 'context': 63, 'bonus_lists': [6716, 7193, 1487]}"
1200352011,VERY_LONG,,1,148597700,,"{'id': 172329, 'context': 63, 'bonus_lists': [6716, 7193, 1487]}"
1200352013,VERY_LONG,,1,148597700,,"{'id': 172329, 'context': 63, 'bonus_lists': [6716, 7193, 1487]}"
1200352018,VERY_LONG,,1,148597700,,"{'id': 172329, 'context': 63, 'bonus_lists': [6716, 7193, 1487]}"
1200352020,VERY_LONG,,1,148597700,,"{'id': 172329, 'context': 63, 'bonus_lists': [6716, 7193, 1487]}"
1200352043,VERY_LONG,24500,68,,,{'id': 111557}
1200354105,VERY_LONG,,1,235000000,,"{'id': 172314, 'context': 63, 'bonus_lists': [6716, 1487]}"
1200354113,VERY_LONG,,1,800000000,,"{'id': 172327, 'context': 64, 'bonus_lists': [6717, 1507]}"
1200354118,VERY_LONG,,1,800000000,,"{'id': 172327, 'context': 64, 'bonus_lists': [6717, 1507]}"
1200354122,VERY_LONG,,1,800000000,,"{'id': 172327, 'context': 64, 'bonus_lists': [6717, 1507]}"
1200354127,VERY_LONG,,1,800000000,,"{'id': 172327, 'context': 64, 'bonus_lists': [6717, 1507]}"
1200354146,VERY_LONG,113700,5000,,,{'id': 152876}
1200354159,VERY_LONG,113700,1231,,,{'id': 152876}
1200354194,VERY_LONG,734900,2389,,,{'id': 129032}
1200354203,VERY_LONG,,1,650000000,,"{'id': 172325, 'context': 65, 'bonus_lists': [6718, 7194, 1522]}"
1200354205,VERY_LONG,,1,650000000,,"{'id': 172325, 'context': 65, 'bonus_lists': [6718, 7194, 1522]}"
1200354206,VERY_LONG,,1,650000000,,"{'id': 172325, 'context': 65, 'bonus_lists': [6718, 7194, 1522]}"
1200354208,VERY_LONG,,1,650000000,,"{'id': 172325, 'context': 65, 'bonus_lists': [6718, 7194, 1522]}"
1200354211,VERY_LONG,,1,650000000,,"{'id': 172325, 'context': 65, 'bonus_lists': [6718, 7193, 1522]}"
1200354214,VERY_LONG,,1,650000000,,"{'id': 172325, 'context': 65, 'bonus_lists': [6718, 7193, 1522]}"
1200354215,VERY_LONG,,1,650000000,,"{'id': 172325, 'context': 65, 'bonus_lists': [6718, 7194, 1522]}"
1200354216,VERY_LONG,,1,650000000,,"{'id': 172325, 'context': 65, 'bonus_lists': [6718, 7194, 1522]}"
1200354220,VERY_LONG,,1,650000000,,"{'id': 172325, 'context': 65, 'bonus_lists': [6718, 7194, 1522]}"
1200354223,VERY_LONG,,1,650000000,,"{'id': 172325, 'context': 65, 'bonus_lists': [6718, 7194, 1522]}"
1200354251,VERY_LONG,,1,594500000,,"{'id': 172325, 'context': 64, 'bonus_lists': [6717, 7194, 1507]}"
1200354255,VERY_LONG,,1,594500000,,"{'id': 172325, 'context': 64, 'bonus_lists': [6717, 7194, 1507]}"
1200354257,VERY_LONG,,1,594500000,,"{'id': 172325, 'context': 64, 'bonus_lists': [6717, 7193, 1507]}"
1200354259,VERY_LONG,,1,594500000,,"{'id': 172325, 'context': 64, 'bonus_lists': [6717, 7194, 1507]}"
1200354262,VERY_LONG,,1,594500000,,"{'id': 172325, 'context': 64, 'bonus_lists': [6717, 7194, 1507]}"
1200354273,VERY_LONG,630000,3415,,,{'id': 124669}
1200354325,LONG,2900,12,,,{'id': 5465}
1200354332,LONG,2700,9,,,{'id': 12184}
1200354342,VERY_LONG,23000,1020,,,{'id': 167738}
1200354386,VERY_LONG,44980000,53,,,{'id': 128315}
1200354494,VERY_LONG,,1,195000000,,"{'id': 170294, 'context': 13, 'bonus_lists': [1710, 5804, 6883]}"
1200354505,VERY_LONG,,1,12249900,,"{'id': 171391, 'context': 13, 'bonus_lists': [6884], 'modifiers': [{'type': 9, 'value': 60}, {'type': 28, 'value': 391}, {'type': 29, 'value': 32}, {'type': 30, 'value': 40}]}"
1200354525,VERY_LONG,,1,8849400,,"{'id': 176798, 'context': 0, 'bonus_lists': [6908, 43, 1689], 'modifiers': [{'type': 9, 'value': 60}, {'type': 28, 'value': 1707}]}"
1200354550,VERY_LONG,,1,1891500,,"{'id': 175566, 'context': 0, 'bonus_lists': [6907, 1715], 'modifiers': [{'type': 9, 'value': 60}, {'type': 28, 'value': 1707}]}"
1200354595,VERY_LONG,5199900,5,,,{'id': 152812}
1200354628,VERY_LONG,23000,2800,,,{'id': 167738}
1200354791,LONG,4500,4,,,{'id': 173032}
1200354805,LONG,25800,2,,,{'id': 172092}
1200354903,LONG,2604400,5,,,{'id': 76138}
1200354932,VERY_LONG,,1,1000000,,"{'id': 179329, 'context': 23, 'bonus_lists': [6908, 6652, 1677], 'modifiers': [{'type': 9, 'value': 60}, {'type': 28, 'value': 749}]}"
1200354950,VERY_LONG,,1,729900,,"{'id': 177804, 'context': 23, 'bonus_lists': [6908, 43, 1682], 'modifiers': [{'type': 9, 'value': 60}, {'type': 28, 'value': 749}]}"
1200354974,VERY_LONG,,1,1001100,,"{'id': 177783, 'context': 1, 'bonus_lists': [6907, 6652, 7193, 1711], 'modifiers': [{'type': 9, 'value': 60}, {'type': 28, 'value': 747}]}"
1200355003,LONG,732600,20,,,{'id': 159867}
1200355098,VERY_LONG,,1,89500000,,"{'id': 82800, 'context': 0, 'modifiers': [{'type': 6, 'value': 79641}], 'pet_breed_id': 8, 'pet_level': 25, 'pet_quality_id': 3, 'pet_species_id': 2084}"
1200356102,VERY_LONG,,1,100000000,99000000,"{'id': 82800, 'context': 0, 'modifiers': [{'type': 6, 'value': 19987}], 'pet_breed_id': 13, 'pet_level': 25, 'pet_quality_id': 3, 'pet_species_id': 138}"
1200356107,VERY_LONG,,1,32720000,,"{'id': 24165, 'context': 3}"
1200356110,VERY_LONG,,1,268502900,,"{'id': 16252, 'context': 0}"
1200356113,VERY_LONG,,1,205268400,,"{'id': 55290, 'context': 0, 'bonus_lists': [1714]}"
1200356115,VERY_LONG,,1,32927500,,"{'id': 24211, 'context': 0}"
1200356120,VERY_LONG,,1,69500000,,"{'id': 82800, 'context': 0, 'pet_breed_id': 17, 'pet_level': 25, 'pet_quality_id': 3, 'pet_species_id': 1884}"
1200356123,VERY_LONG,,1,79500000,,"{'id': 82800, 'context': 0, 'pet_breed_id': 6, 'pet_level': 25, 'pet_quality_id': 3, 'pet_species_id': 89}"
1200356127,VERY_LONG,,1,13337700,,"{'id': 11167, 'context': 0}"
1200356131,VERY_LONG,,1,150000000,,"{'id': 132921, 'context': 26, 'bonus_lists': [41, 1472, 3528, 3431]}"
1200356135,VERY_LONG,,1,51223200,50711000,"{'id': 58482, 'context': 14}"
1200356138,VERY_LONG,,1,20325700,,"{'id': 69957, 'context': 0}"
1200356140,VERY_LONG,,1,100000000,99000000,"{'id': 164520, 'context': 31}"
1200356142,VERY_LONG,,1,97500000,,"{'id': 82800, 'context': 0, 'pet_breed_id': 21, 'pet_level': 25, 'pet_quality_id': 3, 'pet_species_id': 50}"
1200356147,VERY_LONG,,1,42549800,,"{'id': 35189, 'context': 0}"
1200356151,VERY_LONG,,1,500000000,,"{'id': 117379, 'context': 11, 'bonus_lists': [6315], 'modifiers': [{'type': 9, 'value': 50}]}"
1200356153,VERY_LONG,,1,7450000,,"{'id': 72015, 'context': 0}"
1200356154,VERY_LONG,,1,125000000,123750000,"{'id': 82800, 'context': 0, 'modifiers': [{'type': 6, 'value': 86463}], 'pet_breed_id': 18, 'pet_level': 25, 'pet_quality_id': 3, 'pet_species_id': 2457}"
1200356155,VERY_LONG,,1,350000000,346500000,"{'id': 141572, 'context': 26, 'bonus_lists': [41, 1472, 3528, 3431]}"
1200356158,VERY_LONG,,1,150000000,,"{'id': 141572, 'context': 26, 'bonus_lists': [43, 1472, 3528, 3431]}"
1200356160,VERY_LONG,,1,150000000,,"{'id': 141572, 'context': 26, 'bonus_lists': [1472, 3528, 3431]}"
1200356165,VERY_LONG,,1,125000000,123750000,"{'id': 141532, 'context': 14}"
1200356169,VERY_LONG,,1,59501100,58906100,"{'id': 77318, 'context': 14}"
1200356170,VERY_LONG,,1,100000000,99000000,"{'id': 169290, 'context': 0}"
1200356172,VERY_LONG,,1,7725300,,"{'id': 2601, 'context': 0}"
1200356176,VERY_LONG,,1,200000000,198000000,"{'id': 141574, 'context': 26, 'bonus_lists': [1472, 3336, 3431]}"
1200356180,VERY_LONG,,1,200000000,198000000,"{'id': 141574, 'context': 26, 'bonus_lists': [1472, 3336, 3431]}"
1200356184,VERY_LONG,,1,200000000,198000000,"{'id': 141574, 'context': 26, 'bonus_lists': [1472, 3336, 3431]}"
1200356183,LONG,44950000,1,,,{'id': 128315}
1200356188,VERY_LONG,,1,194164200,192222600,"{'id': 141574, 'context': 26, 'bonus_lists': [1472, 3528, 3431]}"
1200356194,VERY_LONG,,1,194164200,192222600,"{'id': 141574, 'context': 26, 'bonus_lists': [1472, 3528, 3431]}"
1200356197,VERY_LONG,,1,167125400,,"{'id': 17187, 'context': 14}"
1200356199,VERY_LONG,,1,20117400,,"{'id': 24209, 'context': 3}"
1200356201,VERY_LONG,,1,100000000,99000000,"{'id': 82800, 'context': 0, 'modifiers': [{'type': 6, 'value': 61548}], 'pet_breed_id': 5, 'pet_level': 25, 'pet_quality_id': 3, 'pet_species_id': 1538}"
1200356203,VERY_LONG,,1,50000000,49500000,"{'id': 164346, 'context': 11}"
1200356206,VERY_LONG,,1,183845200,,"{'id': 2397, 'context': 14}"
1200356208,VERY_LONG,,1,21113400,,"{'id': 10601, 'context': 0}"
1200356210,VERY_LONG,,1,194955800,,"{'id': 13518, 'context': 0}"
1200356214,VERY_LONG,,1,9125100,,"{'id': 31870, 'context': 0}"
1200356215,VERY_LONG,,1,220000000,,"{'id': 82800, 'context': 0, 'modifiers': [{'type': 6, 'value': 74800}], 'pet_breed_id': 10, 'pet_level': 25, 'pet_quality_id': 3, 'pet_species_id': 2716}"
1200356219,VERY_LONG,,1,61138200,60526800,"{'id': 82800, 'context': 0, 'modifiers': [{'type': 6, 'value': 46923}], 'pet_breed_id': 8, 'pet_level': 25, 'pet_quality_id': 3, 'pet_species_id': 1149}"
1200356221,VERY_LONG,,1,14733800,,"{'id': 41778, 'context': 0}"
1200356222,VERY_LONG,,1,1913508400,,"{'id': 11152, 'context': 0}"
1200356223,VERY_LONG,,1,24525100,,"{'id': 7090, 'context': 0}"
1200356226,VERY_LONG,,1,12941200,,"{'id': 159186, 'context': 0, 'bonus_lists': [4796, 1711], 'modifiers': [{'type': 9, 'value': 49}]}"
1200356228,VERY_LONG,,1,100000000,99000000,"{'id': 82800, 'context': 0, 'modifiers': [{'type': 6, 'value': 88003}], 'pet_breed_id': 7, 'pet_level': 25, 'pet_quality_id': 3, 'pet_species_id': 2452}"
1200356232,VERY_LONG,,1,11543000,,"{'id': 47652, 'context': 0}"
1200356233,VERY_LONG,,1,60138400,,"{'id': 2464, 'context': 14}"
1200356235,VERY_LONG,,1,27807100,,"{'id': 82098, 'context': 27, 'bonus_lists': [1686, 4306], 'modifiers': [{'type': 9, 'value': 31}]}"
1200356237,VERY_LONG,,1,152491000,,"{'id': 14497, 'context': 0}"
1200356240,VERY_LONG,,1,67793400,,"{'id': 236, 'context': 14}"
1200356243,VERY_LONG,,1,442517500,,"{'id': 6138, 'context': 0}"
1200356244,VERY_LONG,,1,122500000,,"{'id': 82800, 'context': 0, 'modifiers': [{'type': 6, 'value': 20027}], 'pet_breed_id': 13, 'pet_level': 25, 'pet_quality_id': 3, 'pet_species_id': 143}"
1200356246,VERY_LONG,,1,199999800,197999800,"{'id': 164314, 'context': 31, 'modifiers': [{'type': 28, 'value': 464}]}"
1200356248,VERY_LONG,,1,128788700,,"{'id': 12827, 'context': 1}"
1200356250,VERY_LONG,,1,1025000000,,"{'id': 78234, 'context': 14}"
1200356253,VERY_LONG,,1,100000000,99000000,"{'id': 164484, 'context': 31}"
1200356254,VERY_LONG,,1,69041400,,"{'id': 31213, 'context': 0, 'bonus_lists': [1707]}"
1200356255,VERY_LONG,,1,50000000,49500000,"{'id': 164413, 'context': 11}"
1200356256,VERY_LONG,,1,89999900,89099900,"{'id': 164412, 'context': 11}"
1200356258,VERY_LONG,,1,10764600,10657000,"{'id': 14682, 'context': 0}"
1200356261,VERY_LONG,,1,10764600,10657000,"{'id': 14682, 'context': 0}"
1200356264,VERY_LONG,,1,24087000,23846100,"{'id': 15651, 'context': 0, 'bonus_lists': [1705]}"
1200356267,VERY_LONG,,1,23303400,23070400,"{'id': 25237, 'context': 0, 'bonus_lists': [1681]}"
1200356269,VERY_LONG,,1,125000000,123750000,"{'id': 82800, 'context': 0, 'modifiers': [{'type': 6, 'value': 46809}], 'pet_breed_id': 8, 'pet_level': 25, 'pet_quality_id': 3, 'pet_species_id': 1124}"
1200356270,VERY_LONG,,1,75000000,74250000,"{'id': 164483, 'context': 31}"
1200356273,VERY_LONG,,1,200000000,198000000,"{'id': 82800, 'context': 0, 'modifiers': [{'type': 6, 'value': 86805}], 'pet_breed_id': 19, 'pet_level': 25, 'pet_quality_id': 3, 'pet_species_id': 2411}"
1200356276,VERY_LONG,,1,102118500,101097300,"{'id': 77323, 'context': 14}"
1200356277,VERY_LONG,,1,125000000,123750000,"{'id': 36862, 'context': 0}"
1200356279,VERY_LONG,,1,11956200,,"{'id': 36141, 'context': 36, 'bonus_lists': [1679, 3850], 'modifiers': [{'type': 9, 'value': 45}]}"
1200356282,VERY_LONG,,1,83448800,,"{'id': 852, 'context': 14}"
1200356283,VERY_LONG,,1,80975000,80165300,"{'id': 82800, 'context': 0, 'modifiers': [{'type': 6, 'value': 95152}], 'pet_breed_id': 3, 'pet_level': 25, 'pet_quality_id': 3, 'pet_species_id': 2796}"
1200356284,VERY_LONG,,1,51580100,,"{'id': 2419, 'context': 14}"
1200356285,VERY_LONG,,1,443559200,,"{'id': 55318, 'context': 0, 'bonus_lists': [1678]}"
1200356288,VERY_LONG,,1,4498900,4453900,"{'id': 36666, 'context': 36, 'bonus_lists': [1707, 3871], 'modifiers': [{'type': 9, 'value': 46}]}"
1200356290,VERY_LONG,,1,49500000,,"{'id': 82800, 'context': 0, 'modifiers': [{'type': 6, 'value': 90944}], 'pet_breed_id': 20, 'pet_level': 1, 'pet_quality_id': 3, 'pet_species_id': 2695}"
1200356291,VERY_LONG,,1,520000100,,"{'id': 78328, 'context': 14}"
1200356292,VERY_LONG,,1,97500000,,"{'id': 82800, 'context': 0, 'modifiers': [{'type': 6, 'value': 90177}], 'pet_breed_id': 14, 'pet_level': 25, 'pet_quality_id': 3, 'pet_species_id': 2554}"
1200356294,VERY_LONG,,1,36121300,,"{'id': 14188, 'context': 0, 'bonus_lists': [1709]}"
1200356296,VERY_LONG,,1,80000000,79500000,"{'id': 82800, 'context': 0, 'modifiers': [{'type': 6, 'value': 75367}], 'pet_breed_id': 12, 'pet_level': 25, 'pet_quality_id': 3, 'pet_species_id': 2684}"
1200356300,VERY_LONG,,1,32492100,,"{'id': 2618, 'context': 14}"
1200356303,VERY_LONG,,1,250000000,247500000,"{'id': 82800, 'context': 0, 'modifiers': [{'type': 6, 'value': 36499}], 'pet_breed_id': 10, 'pet_level': 25, 'pet_quality_id': 3, 'pet_species_id': 271}"
1200356304,VERY_LONG,,1,2494835100,,"{'id': 120952, 'context': 0}"
1200356305,VERY_LONG,,1,9779600,,"{'id': 47643, 'context': 0}"
1200356307,VERY_LONG,,1,350000000,346500000,"{'id': 82800, 'context': 0, 'modifiers': [{'type': 6, 'value': 28726}], 'pet_breed_id': 15, 'pet_level': 25, 'pet_quality_id': 3, 'pet_species_id': 1943}"
1200356309,VERY_LONG,,1,100000000,99000000,"{'id': 82800, 'context': 0, 'modifiers': [{'type': 6, 'value': 7937}], 'pet_breed_id': 11, 'pet_level': 25, 'pet_quality_id': 3, 'pet_species_id': 39}"
1200356312,VERY_LONG,,1,72500000,71775000,"{'id': 82800, 'context': 0, 'modifiers': [{'type': 6, 'value': 60889}], 'pet_breed_id': 9, 'pet_level': 25, 'pet_quality_id': 3, 'pet_species_id': 1588}"
1200356314,VERY_LONG,,1,57200600,,"{'id': 55396, 'context': 0, 'bonus_lists': [1688]}"
1200356315,LONG,,1,199992900,,"{'id': 31282, 'context': 0}"
1200356317,VERY_LONG,,1,72207200,,"{'id': 55452, 'context': 0, 'bonus_lists': [1680]}"
1200356319,VERY_LONG,,1,11730800,,"{'id': 47637, 'context': 0}"
1200356320,VERY_LONG,,1,150000000,148500000,"{'id': 82800, 'context': 0, 'modifiers': [{'type': 6, 'value': 51279}], 'pet_breed_id': 13, 'pet_level': 25, 'pet_quality_id': 3, 'pet_species_id': 1336}"
1200356324,VERY_LONG,,1,80975000,80165300,"{'id': 82800, 'context': 0, 'modifiers': [{'type': 6, 'value': 87862}], 'pet_breed_id': 13, 'pet_level': 25, 'pet_quality_id': 3, 'pet_species_id': 2432}"
1200356325,VERY_LONG,,1,130000000,128700000,"{'id': 82800, 'context': 0, 'modifiers': [{'type': 6, 'value': 91224}], 'pet_breed_id': 20, 'pet_level': 1, 'pet_quality_id': 3, 'pet_species_id': 2762}"
1200356326,VERY_LONG,,1,2596500,,"{'id': 7976, 'context': 0}"
1200356328,VERY_LONG,,1,98863000,,"{'id': 106631, 'context': 29, 'bonus_lists': [3854, 96], 'modifiers': [{'type': 9, 'value': 45}]}"
1200356329,VERY_LONG,,1,17605300,,"{'id': 5543, 'context': 0}"
1200356332,VERY_LONG,,1,35109200,,"{'id': 2616, 'context': 14}"
1200356335,VERY_LONG,,1,72499800,,"{'id': 55444, 'context': 0, 'bonus_lists': [1707]}"
1200356336,VERY_LONG,,1,122500000,,"{'id': 82800, 'context': 0, 'pet_breed_id': 3, 'pet_level': 25, 'pet_quality_id': 3, 'pet_species_id': 253}"
1200356337,VERY_LONG,,1,80000000,79500000,"{'id': 82800, 'context': 0, 'modifiers': [{'type': 6, 'value': 61894}], 'pet_breed_id': 11, 'pet_level': 25, 'pet_quality_id': 3, 'pet_species_id': 1629}"
1200356338,VERY_LONG,,1,150000000,148500000,"{'id': 164323, 'context': 11}"
1200356340,VERY_LONG,,1,175000000,173250000,"{'id': 82800, 'context': 0, 'modifiers': [{'type': 6, 'value': 88007}], 'pet_breed_id': 12, 'pet_level': 25, 'pet_quality_id': 3, 'pet_species_id': 2453}"
1200356343,VERY_LONG,,1,97500000,,"{'id': 82800, 'context': 0, 'modifiers': [{'type': 6, 'value': 65071}], 'pet_breed_id': 7, 'pet_level': 25, 'pet_quality_id': 3, 'pet_species_id': 1705}"
1200356346,VERY_LONG,,1,228999900,226709900,"{'id': 141569, 'context': 26, 'bonus_lists': [1472, 3528, 3431]}"
1200356348,VERY_LONG,,1,150000000,148500000,"{'id': 82800, 'context': 0, 'modifiers': [{'type': 6, 'value': 88019}], 'pet_breed_id': 21, 'pet_level': 25, 'pet_quality_id': 3, 'pet_species_id': 2696}"
1200356350,VERY_LONG,,1,72500000,71775000,"{'id': 82800, 'context': 0, 'modifiers': [{'type': 6, 'value': 60609}], 'pet_breed_id': 20, 'pet_level': 25, 'pet_quality_id': 3, 'pet_species_id': 1656}"
1200356353,VERY_LONG,,1,257419900,,"{'id': 55299, 'context': 0, 'bonus_lists': [1694]}"
1200356355,VERY_LONG,,1,89500000,,"{'id': 82800, 'context': 0, 'modifiers': [{'type': 6, 'value': 90184}], 'pet_breed_id': 9, 'pet_level': 25, 'pet_quality_id': 3, 'pet_species_id': 2561}"
1200356358,VERY_LONG,,1,125000000,123750000,"{'id': 82800, 'context': 0, 'modifiers': [{'type': 6, 'value': 45939}], 'pet_breed_id': 12, 'pet_level': 25, 'pet_quality_id': 3, 'pet_species_id': 337}"
1200356361,VERY_LONG,,1,23871500,,"{'id': 37779, 'context': 0}"
1200356363,VERY_LONG,,1,113126600,111995300,"{'id': 58484, 'context': 14}"
1200356368,VERY_LONG,,1,79500000,,"{'id': 82800, 'context': 0, 'modifiers': [{'type': 6, 'value': 60819}], 'pet_breed_id': 15, 'pet_level': 25, 'pet_quality_id': 3, 'pet_species_id': 1566}"
1200356533,VERY_LONG,,1,1001100,,"{'id': 177783, 'context': 17, 'bonus_lists': [6907, 6652, 7193, 1681], 'modifiers': [{'type': 9, 'value': 59}, {'type': 28, 'value': 747}]}"
1200356561,VERY_LONG,,1,32455000,,"{'id': 154854, 'context': 0, 'bonus_lists': [6654, 1706], 'modifiers': [{'type': 9, 'value': 50}, {'type': 28, 'value': 1222}]}"
1200356569,VERY_LONG,,1,5000000,,"{'id': 154859, 'context': 0, 'bonus_lists': [6654, 42, 1681], 'modifiers': [{'type': 9, 'value': 50}, {'type': 28, 'value': 1222}]}"
1200356578,VERY_LONG,,1,74990000,,"{'id': 175574, 'context': 17, 'bonus_lists': [6907, 1715], 'modifiers': [{'type': 9, 'value': 58}, {'type': 28, 'value': 747}]}"
1200356585,VERY_LONG,,1,12000900,,"{'id': 176769, 'context': 17, 'bonus_lists': [6907, 6652, 1715], 'modifiers': [{'type': 9, 'value': 58}, {'type': 28, 'value': 747}]}"
1200356597,VERY_LONG,,1,1789900,,"{'id': 172235, 'context': 13, 'bonus_lists': [6883], 'modifiers': [{'type': 29, 'value': 49}, {'type': 30, 'value': 32}]}"
1200356607,VERY_LONG,,1,1789900,,"{'id': 172235, 'context': 13, 'bonus_lists': [6883], 'modifiers': [{'type': 29, 'value': 32}, {'type': 30, 'value': 49}]}"
1200356621,VERY_LONG,,1,1940000,,"{'id': 172256, 'context': 13, 'bonus_lists': [6893], 'modifiers': [{'type': 9, 'value': 60}, {'type': 28, 'value': 391}, {'type': 29, 'value': 32}, {'type': 30, 'value': 49}]}"
1200356632,VERY_LONG,,1,1940000,,"{'id': 172256, 'context': 13, 'bonus_lists': [6893], 'modifiers': [{'type': 9, 'value': 60}, {'type': 28, 'value': 391}, {'type': 29, 'value': 36}, {'type': 30, 'value': 32}]}"
1200356639,VERY_LONG,,1,1940000,,"{'id': 172256, 'context': 13, 'bonus_lists': [6893], 'modifiers': [{'type': 9, 'value': 60}, {'type': 28, 'value': 391}, {'type': 29, 'value': 36}, {'type': 30, 'value': 32}]}"
1200356658,VERY_LONG,,1,1940000,,"{'id': 172256, 'context': 13, 'bonus_lists': [6893], 'modifiers': [{'type': 9, 'value': 60}, {'type': 28, 'value': 391}, {'type': 29, 'value': 36}, {'type': 30, 'value': 40}]}"
1200356667,VERY_LONG,,1,1200000,,"{'id': 172262, 'context': 13, 'bonus_lists': [6893], 'modifiers': [{'type': 9, 'value': 60}, {'type': 28, 'value': 391}, {'type': 29, 'value': 32}, {'type': 30, 'value': 36}]}"
1200356674,VERY_LONG,,1,1643700,,"{'id': 172241, 'context': 13, 'bonus_lists': [6883], 'modifiers': [{'type': 29, 'value': 40}, {'type': 30, 'value': 32}]}"
1200356682,VERY_LONG,,1,1200000,,"{'id': 172262, 'context': 13, 'bonus_lists': [6893], 'modifiers': [{'type': 9, 'value': 60}, {'type': 28, 'value': 391}, {'type': 29, 'value': 36}, {'type': 30, 'value': 40}]}"
1200356686,VERY_LONG,,1,490000,,"{'id': 172236, 'context': 13, 'bonus_lists': [6887], 'modifiers': [{'type': 9, 'value': 60}, {'type': 28, 'value': 391}, {'type': 29, 'value': 49}, {'type': 30, 'value': 40}]}"
1200356692,VERY_LONG,725100,1,,,{'id': 172231}
1200356693,VERY_LONG,,1,1643700,,"{'id': 172241, 'context': 13, 'bonus_lists': [6883], 'modifiers': [{'type': 29, 'value': 40}, {'type': 30, 'value': 49}]}"
1200356697,VERY_LONG,1509900,1,,,{'id': 171833}
1200356698,VERY_LONG,,1,490000,,"{'id': 172236, 'context': 13, 'bonus_lists': [6887], 'modifiers': [{'type': 9, 'value': 60}, {'type': 28, 'value': 391}, {'type': 29, 'value': 40}, {'type': 30, 'value': 36}]}"
1200356706,VERY_LONG,,1,1740000,,"{'id': 172237, 'context': 13, 'bonus_lists': [6887], 'modifiers': [{'type': 9, 'value': 60}, {'type': 28, 'value': 391}, {'type': 29, 'value': 40}, {'type': 30, 'value': 32}]}"
1200356711,VERY_LONG,20000000,2,,,{'id': 112115}
1200356717,VERY_LONG,1499300,6,,,{'id': 127840}
1200356723,VERY_LONG,40000,20,,,{'id': 133570}
1200356731,VERY_LONG,,1,1740000,,"{'id': 172237, 'context': 13, 'bonus_lists': [6887], 'modifiers': [{'type': 9, 'value': 60}, {'type': 28, 'value': 391}, {'type': 29, 'value': 32}, {'type': 30, 'value': 40}]}"
1200356745,VERY_LONG,,1,1740000,,"{'id': 172237, 'context': 13, 'bonus_lists': [6887], 'modifiers': [{'type': 9, 'value': 60}, {'type': 28, 'value': 391}, {'type': 29, 'value': 32}, {'type': 30, 'value': 40}]}"
1200356757,VERY_LONG,,1,1000100,,"{'id': 172243, 'context': 13, 'bonus_lists': [6883], 'modifiers': [{'type': 29, 'value': 40}, {'type': 30, 'value': 32}]}"
1200356784,VERY_LONG,30000,10,,,{'id': 127836}
1200356794,VERY_LONG,5509900,13,,,{'id': 127847}
1200356809,VERY_LONG,,1,6669900,,"{'id': 176800, 'context': 17, 'bonus_lists': [6908, 6652, 1686], 'modifiers': [{'type': 9, 'value': 53}, {'type': 28, 'value': 747}]}"
1200356823,VERY_LONG,,1,480000,,"{'id': 176795, 'context': 17, 'bonus_lists': [6908, 6652, 1688], 'modifiers': [{'type': 9, 'value': 57}, {'type': 28, 'value': 747}]}"
1200356863,VERY_LONG,630000,149,,,{'id': 124669}
1200359208,LONG,,1,50000000,,"{'id': 67052, 'context': 1}"
1200359209,LONG,,1,50000000,,"{'id': 67052, 'context': 0}"
1200359210,LONG,,1,2778800,,"{'id': 82800, 'context': 0, 'modifiers': [{'type': 6, 'value': 58722}], 'pet_breed_id': 17, 'pet_level': 1, 'pet_quality_id': 3, 'pet_species_id': 1416}"
1200359212,LONG,,1,2778800,,"{'id': 82800, 'context': 0, 'modifiers': [{'type': 6, 'value': 58722}], 'pet_breed_id': 17, 'pet_level': 1, 'pet_quality_id': 3, 'pet_species_id': 1416}"
1200359215,LONG,200000,5,,,{'id': 38768}
1200359216,LONG,,1,250000000,,"{'id': 93577, 'context': 0}"
1200359218,LONG,,1,99999700,,"{'id': 45849, 'context': 1}"
1200359219,LONG,,1,19979800,,"{'id': 82800, 'context': 0, 'modifiers': [{'type': 6, 'value': 48878}], 'pet_breed_id': 4, 'pet_level': 1, 'pet_quality_id': 3, 'pet_species_id': 1226}"
1200359221,LONG,20000000,2,,,{'id': 38972}
1200359222,LONG,308100,1,,,{'id': 74710}
1200359225,LONG,3899400,1,,,{'id': 38767}
1200359227,LONG,,1,270000,,"{'id': 82800, 'context': 0, 'modifiers': [{'type': 6, 'value': 90184}], 'pet_breed_id': 9, 'pet_level': 1, 'pet_quality_id': 3, 'pet_species_id': 2561}"
1200359230,LONG,,1,270000,,"{'id': 82800, 'context': 0, 'modifiers': [{'type': 6, 'value': 90184}], 'pet_breed_id': 9, 'pet_level': 1, 'pet_quality_id': 3, 'pet_species_id': 2561}"
1200359232,LONG,,1,6959800,,"{'id': 82800, 'context': 0, 'modifiers': [{'type': 6, 'value': 99917}], 'pet_breed_id': 15, 'pet_level': 1, 'pet_quality_id': 2, 'pet_species_id': 3008}"
1200359233,LONG,2176000,2,,,{'id': 38841}
1200359236,LONG,20000000,3,,,{'id': 44497}
1200359237,LONG,100000000,2,,,{'id': 38821}
1200359238,LONG,1899900,1,,,{'id': 104108}
1200359239,LONG,,1,7431600,,"{'id': 82800, 'context': 0, 'modifiers': [{'type': 6, 'value': 48663}], 'pet_breed_id': 12, 'pet_level': 1, 'pet_quality_id': 3, 'pet_species_id': 1235}"
1200359241,LONG,,1,7431600,,"{'id': 82800, 'context': 0, 'modifiers': [{'type': 6, 'value': 48663}], 'pet_breed_id': 12, 'pet_level': 1, 'pet_quality_id': 3, 'pet_species_id': 1235}"
1200359242,LONG,,1,2549999300,,"{'id': 94583, 'context': 0}"
1200359244,LONG,170000,4,,,{'id': 154707}
1200359246,LONG,,1,99999300,,"{'id': 55246, 'context': 0}"
1200359247,LONG,,1,19999700,,"{'id': 44444, 'context': 0}"
1200359249,LONG,20000000,1,,,{'id': 38811}
1200359253,LONG,,1,1999900,,"{'id': 82800, 'context': 0, 'modifiers': [{'type': 6, 'value': 40521}], 'pet_breed_id': 6, 'pet_level': 1, 'pet_quality_id': 2, 'pet_species_id': 1040}"
1200359255,LONG,,1,1999900,,"{'id': 82800, 'context': 0, 'modifiers': [{'type': 6, 'value': 40521}], 'pet_breed_id': 16, 'pet_level': 1, 'pet_quality_id': 2, 'pet_species_id': 1040}"
1200359256,LONG,,1,19999300,,"{'id': 41240, 'context': 1}"
1200359257,LONG,19953400,2,,,{'id': 38794}
1200359258,LONG,20000000,1,,,{'id': 38910}
1200359259,LONG,1990000,2,,,{'id': 85221}
1200359260,LONG,,1,20970000,,"{'id': 82800, 'context': 0, 'modifiers': [{'type': 6, 'value': 90142}], 'pet_breed_id': 9, 'pet_level': 1, 'pet_quality_id': 3, 'pet_species_id': 2550}"
1200359261,LONG,,1,55558400,,"{'id': 82800, 'context': 0, 'modifiers': [{'type': 6, 'value': 46809}], 'pet_breed_id': 8, 'pet_level': 1, 'pet_quality_id': 3, 'pet_species_id': 1124}"
1200359262,LONG,,1,80000000,,"{'id': 182746, 'context': 0, 'modifiers': [{'type': 28, 'value': 1427}]}"
1200359263,LONG,3355200,1,,,{'id': 38779}
1200359265,LONG,,1,19999400,,"{'id': 43657, 'context': 1}"
1200359267,LONG,6948400,1,,,{'id': 52755}
1200359269,LONG,,1,469800,,"{'id': 82800, 'context': 0, 'modifiers': [{'type': 6, 'value': 27718}], 'pet_breed_id': 17, 'pet_level': 1, 'pet_quality_id': 2, 'pet_species_id': 90}"
1200359271,LONG,,1,469800,,"{'id': 82800, 'context': 0, 'modifiers': [{'type': 6, 'value': 27718}], 'pet_breed_id': 17, 'pet_level': 1, 'pet_quality_id': 2, 'pet_species_id': 90}"
1200359273,LONG,,1,27000000,,"{'id': 82800, 'context': 0, 'modifiers': [{'type': 6, 'value': 90182}], 'pet_breed_id': 4, 'pet_level': 1, 'pet_quality_id': 3, 'pet_species_id': 2558}"
1200359275,LONG,,1,20000000,,"{'id': 87508, 'context': 0}"
1200359276,LONG,,1,20000000,,"{'id': 1624, 'context': 0}"
1200359278,LONG,,1,20000000,,"{'id': 1624, 'context': 0}"
1200359279,LONG,,1,499999400,,"{'id': 12797, 'context': 0}"
1200359281,LONG,2755200,1,,,{'id': 38808}
1200359283,LONG,,1,19999700,,"{'id': 43660, 'context': 1}"
1200359286,LONG,19911600,1,,,{'id': 38809}
1200359288,LONG,,1,49999700,,"{'id': 43664, 'context': 1}"
1200359289,LONG,,1,19999600,,"{'id': 23503, 'context': 0}"
1200359292,LONG,205800,1,,,{'id': 38933}
1200359293,LONG,,1,19997400,,"{'id': 43656, 'context': 1}"
1200359295,LONG,1009600,1,,,{'id': 38772}
1200359297,LONG,19999900,1,,,{'id': 38812}
1200359298,LONG,,1,9655800,,"{'id': 82800, 'context': 0, 'modifiers': [{'type': 6, 'value': 59021}], 'pet_breed_id': 20, 'pet_level': 1, 'pet_quality_id': 3, 'pet_species_id': 1403}"
1200359300,LONG,296800,3,,,{'id': 38830}
1200359301,LONG,,1,19999500,,"{'id': 116644, 'context': 13, 'bonus_lists': [127, 525, 548, 6846]}"
1200359302,LONG,800000,1,,,{'id': 38771}
1200359304,LONG,20000000,1,,,{'id': 45628}
1200359307,LONG,,1,19999700,,"{'id': 98861, 'context': 0}"
1200359308,LONG,,1,19999700,,"{'id': 43655, 'context': 1}"
1200359310,LONG,,1,769800,,"{'id': 82800, 'context': 0, 'modifiers': [{'type': 6, 'value': 5369}], 'pet_breed_id': 22, 'pet_level': 1, 'pet_quality_id': 2, 'pet_species_id': 52}"
1200359311,LONG,1626200,1,,,{'id': 38792}
1200359315,LONG,,1,5499600,,"{'id': 82800, 'context': 0, 'modifiers': [{'type': 6, 'value': 88036}], 'pet_breed_id': 6, 'pet_level': 1, 'pet_quality_id': 3, 'pet_species_id': 2458}"
1200359316,LONG,19974100,1,,,{'id': 38782}
1200359317,LONG,,1,19999000,,"{'id': 40950, 'context': 0}"
1200359319,LONG,,1,19999000,,"{'id': 40950, 'context': 0}"
1200359320,LONG,3056000,1,,,{'id': 38909}
1200359322,LONG,50000000,2,,,{'id': 38995}
1200359324,LONG,,1,49999400,,"{'id': 4383, 'context': 0}"
1200359326,LONG,,1,49999700,,"{'id': 42443, 'context': 1}"
1200359328,LONG,,1,8863700,,"{'id': 82800, 'context': 0, 'modifiers': [{'type': 6, 'value': 58736}], 'pet_breed_id': 18, 'pet_level': 1, 'pet_quality_id': 2, 'pet_species_id': 1515}"
1200359329,LONG,,1,8863700,,"{'id': 82800, 'context': 0, 'modifiers': [{'type': 6, 'value': 58736}], 'pet_breed_id': 18, 'pet_level': 1, 'pet_quality_id': 2, 'pet_species_id': 1515}"
1200359331,LONG,,1,49999700,,"{'id': 15995, 'context': 0}"
1200359332,LONG,,1,19999700,,"{'id': 43661, 'context': 1}"
1200359333,LONG,,1,2549999700,,"{'id': 94578, 'context': 0}"
1200359335,LONG,,1,99999700,,"{'id': 7946, 'context': 0}"
1200359336,LONG,,1,99999700,,"{'id': 7946, 'context': 0}"
1200359338,LONG,,1,19999800,,"{'id': 38421, 'context': 0}"
1200359339,LONG,,1,99999900,,"{'id': 11289, 'context': 0}"
1200359340,LONG,,1,19999700,,"{'id': 12259, 'context': 0}"
1200359342,LONG,,1,50000000,,"{'id': 87449, 'context': 0}"
1200359345,LONG,,1,50000000,,"{'id': 87449, 'context': 0}"
1200359347,LONG,,1,499999900,,"{'id': 12717, 'context': 2}"
1200359350,LONG,14998500,3,,,{'id': 123956}
1200359352,LONG,352800,1,,,{'id': 38914}
1200359355,LONG,20000000,1,,,{'id': 38860}
1200359582,VERY_LONG,,1,80000000,,"{'id': 116756, 'context': 14}"
1200359583,VERY_LONG,20000000,3,,,{'id': 38769}
1200359586,VERY_LONG,,1,79500000,,"{'id': 82800, 'context': 0, 'modifiers': [{'type': 6, 'value': 22776}], 'pet_breed_id': 3, 'pet_level': 25, 'pet_quality_id': 3, 'pet_species_id': 191}"
1200359589,VERY_LONG,,1,147500000,,"{'id': 82800, 'context': 0, 'pet_breed_id': 14, 'pet_level': 25, 'pet_quality_id': 3, 'pet_species_id': 1385}"
1200359591,VERY_LONG,,1,59500000,,"{'id': 82800, 'context': 0, 'pet_breed_id': 13, 'pet_level': 1, 'pet_quality_id': 3, 'pet_species_id': 1385}"
1200359593,VERY_LONG,,1,28429000,,"{'id': 2440, 'context': 14}"
1200359595,VERY_LONG,,1,97954600,97500000,"{'id': 82800, 'context': 0, 'modifiers': [{'type': 6, 'value': 47931}], 'pet_breed_id': 17, 'pet_level': 25, 'pet_quality_id': 3, 'pet_species_id': 1478}"
1200359597,VERY_LONG,,1,185239200,183386800,"{'id': 77317, 'context': 14}"
1200359600,VERY_LONG,,1,16404400,,"{'id': 2438, 'context': 14}"
1200359602,VERY_LONG,,1,20272800,20070100,"{'id': 2912, 'context': 1}"
1200359603,VERY_LONG,,1,20272800,20070100,"{'id': 2912, 'context': 0}"
1200359606,VERY_LONG,,1,13028500,,"{'id': 69960, 'context': 0}"
1200359607,VERY_LONG,,1,93400800,,"{'id': 6137, 'context': 0}"
1200359608,VERY_LONG,,1,93400800,,"{'id': 6137, 'context': 0}"
1200359609,VERY_LONG,,1,150000000,148500000,"{'id': 164565, 'context': 11}"
1200359611,VERY_LONG,,1,90578600,89672800,"{'id': 77172, 'context': 14}"
1200359616,VERY_LONG,,1,183725300,,"{'id': 11166, 'context': 0}"
1200359617,VERY_LONG,,1,150000000,148500000,"{'id': 164568, 'context': 31}"
1200359618,VERY_LONG,,1,97500000,,"{'id': 82800, 'context': 0, 'modifiers': [{'type': 6, 'value': 90715}], 'pet_breed_id': 14, 'pet_level': 25, 'pet_quality_id': 3, 'pet_species_id': 2580}"
1200359620,VERY_LONG,,1,19980000,,"{'id': 23883, 'context': 1}"
1200359621,VERY_LONG,,1,200000000,,"{'id': 141286, 'context': 0, 'bonus_lists': [1812], 'modifiers': [{'type': 9, 'value': 40}]}"
1200359623,VERY_LONG,,1,175000000,173250000,"{'id': 82800, 'context': 0, 'modifiers': [{'type': 6, 'value': 48856}], 'pet_breed_id': 4, 'pet_level': 25, 'pet_quality_id': 3, 'pet_species_id': 1228}"
1200359625,VERY_LONG,,1,100000000,99000000,"{'id': 164550, 'context': 11}"
1200359627,VERY_LONG,,1,9500000,,"{'id': 82800, 'context': 0, 'modifiers': [{'type': 6, 'value': 72658}], 'pet_breed_id': 7, 'pet_level': 1, 'pet_quality_id': 3, 'pet_species_id': 1934}"
1200359631,VERY_LONG,,1,22426600,,"{'id': 106429, 'context': 29, 'bonus_lists': [3854, 154], 'modifiers': [{'type': 9, 'value': 40}]}"
1200359632,VERY_LONG,,1,30095000,,"{'id': 24168, 'context': 3}"
1200359633,VERY_LONG,,1,11688300,11571400,"{'id': 24575, 'context': 36, 'bonus_lists': [3851, 1695], 'modifiers': [{'type': 9, 'value': 45}]}"
1200359635,VERY_LONG,,1,350000000,346500000,"{'id': 141572, 'context': 26, 'bonus_lists': [41, 1472, 3528, 3431]}"
1200359637,VERY_LONG,,1,150000000,,"{'id': 141572, 'context': 26, 'bonus_lists': [1808, 1472, 3337, 3431]}"
1200359638,VERY_LONG,,1,150000000,,"{'id': 141572, 'context': 26, 'bonus_lists': [41, 1472, 3337, 3431]}"
1200359639,VERY_LONG,,1,200000000,198000000,"{'id': 141572, 'context': 26, 'bonus_lists': [1472, 3336, 3431]}"
1200359641,VERY_LONG,,1,150000000,,"{'id': 141572, 'context': 26, 'bonus_lists': [1472, 3528, 3431]}"
1200359647,VERY_LONG,,1,195000000,,"{'id': 82800, 'context': 0, 'pet_breed_id': 3, 'pet_level': 1, 'pet_quality_id': 3, 'pet_species_id': 229}"
1200359648,LONG,,1,4650000000,,"{'id': 183017, 'context': 6, 'bonus_lists': [7187, 6652, 7194, 1498, 6646], 'modifiers': [{'type': 28, 'value': 753}]}"
1200359651,VERY_LONG,,1,27108800,26837700,"{'id': 66932, 'context': 0}"
1200359653,VERY_LONG,,1,150613300,149107200,"{'id': 77177, 'context': 14}"
1200359654,VERY_LONG,,1,9500000,,"{'id': 82800, 'context': 0, 'pet_breed_id': 5, 'pet_level': 1, 'pet_quality_id': 3, 'pet_species_id': 175}"
1200359658,VERY_LONG,,1,97500000,,"{'id': 82800, 'context': 0, 'modifiers': [{'type': 6, 'value': 23574}], 'pet_breed_id': 5, 'pet_level': 25, 'pet_quality_id': 3, 'pet_species_id': 175}"
1200359660,VERY_LONG,,1,2250000000,2227500000,"{'id': 82800, 'context': 0, 'modifiers': [{'type': 6, 'value': 51278}], 'pet_breed_id': 14, 'pet_level': 25, 'pet_quality_id': 3, 'pet_species_id': 1337}"
1200359661,VERY_LONG,,1,215020000,,"{'id': 4413, 'context': 1}"
1200359665,VERY_LONG,,1,150000000,148500000,"{'id': 82800, 'context': 0, 'modifiers': [{'type': 6, 'value': 57803}], 'pet_breed_id': 17, 'pet_level': 25, 'pet_quality_id': 3, 'pet_species_id': 1428}"
1200359669,VERY_LONG,,1,49500000,,"{'id': 82800, 'context': 0, 'pet_breed_id': 18, 'pet_level': 1, 'pet_quality_id': 3, 'pet_species_id': 1570}"
1200359673,VERY_LONG,,1,220748000,,"{'id': 6672, 'context': 1}"
1200359675,VERY_LONG,,1,350000000,346500000,"{'id': 141565, 'context': 26, 'bonus_lists': [41, 1472, 3528, 3431]}"
1200359677,VERY_LONG,,1,179945200,,"{'id': 106529, 'context': 29, 'bonus_lists': [3875, 115], 'modifiers': [{'type': 9, 'value': 45}]}"
1200359679,VERY_LONG,,1,471429500,466715200,"{'id': 12257, 'context': 14}"
1200359682,VERY_LONG,,1,434759200,,"{'id': 18655, 'context': 1}"
1200359686,VERY_LONG,,1,175000000,173250000,"{'id': 82800, 'context': 0, 'modifiers': [{'type': 6, 'value': 27627}], 'pet_breed_id': 4, 'pet_level': 25, 'pet_quality_id': 3, 'pet_species_id': 193}"
1200359688,VERY_LONG,,1,589241000,583348600,"{'id': 165547, 'context': 5, 'bonus_lists': [4799, 41, 1484, 4786]}"
1200359690,VERY_LONG,,1,97500000,,"{'id': 82800, 'context': 0, 'modifiers': [{'type': 6, 'value': 74513}], 'pet_breed_id': 12, 'pet_level': 25, 'pet_quality_id': 3, 'pet_species_id': 2001}"
1200359694,VERY_LONG,,1,97500000,,"{'id': 82800, 'context': 0, 'modifiers': [{'type': 6, 'value': 90867}], 'pet_breed_id': 16, 'pet_level': 25, 'pet_quality_id': 3, 'pet_species_id': 2586}"
1200359696,VERY_LONG,,1,5510300,,"{'id': 8496, 'context': 14}"
1200359699,VERY_LONG,,1,6336800,,"{'id': 72002, 'context': 0}"
1200359701,VERY_LONG,,1,26472500,,"{'id': 2520, 'context': 14}"
1200359704,VERY_LONG,,1,89500000,,"{'id': 82800, 'context': 0, 'modifiers': [{'type': 6, 'value': 22778}], 'pet_breed_id': 15, 'pet_level': 25, 'pet_quality_id': 3, 'pet_species_id': 254}"
1200359708,LONG,,1,2500000000,,"{'id': 183010, 'context': 5, 'bonus_lists': [7188, 6652, 1485, 6646], 'modifiers': [{'type': 28, 'value': 752}]}"
1200359709,VERY_LONG,,1,150000000,,"{'id': 141582, 'context': 26, 'bonus_lists': [42, 1472, 3336, 3431]}"
1200359711,VERY_LONG,,1,42707800,,"{'id': 40738, 'context': 14}"
1200359714,VERY_LONG,,1,122500000,,"{'id': 82800, 'context': 0, 'modifiers': [{'type': 6, 'value': 79783}], 'pet_breed_id': 4, 'pet_level': 1, 'pet_quality_id': 3, 'pet_species_id': 2117}"
1200359718,VERY_LONG,,1,125000000,123750000,"{'id': 82800, 'context': 0, 'modifiers': [{'type': 6, 'value': 63691}], 'pet_breed_id': 9, 'pet_level': 25, 'pet_quality_id': 3, 'pet_species_id': 1665}"
1200359722,VERY_LONG,,1,30874200,,"{'id': 2614, 'context': 14}"
1200359725,VERY_LONG,,1,19113300,18922200,"{'id': 36257, 'context': 36, 'bonus_lists': [1694, 3850], 'modifiers': [{'type': 9, 'value': 45}]}"
1200359728,LONG,513500,3,,,{'id': 173204}
1200359729,VERY_LONG,,1,25655900,,"{'id': 116534, 'context': 0, 'bonus_lists': [216]}"
1200359731,VERY_LONG,,1,200000000,198000000,"{'id': 164316, 'context': 11}"
1200359734,VERY_LONG,,1,125000000,123750000,"{'id': 82800, 'context': 0, 'modifiers': [{'type': 6, 'value': 45274}], 'pet_breed_id': 4, 'pet_level': 25, 'pet_quality_id': 3, 'pet_species_id': 2585}"
1200359737,VERY_LONG,,1,97500000,,"{'id': 82800, 'context': 0, 'modifiers': [{'type': 6, 'value': 90183}], 'pet_breed_id': 18, 'pet_level': 25, 'pet_quality_id': 3, 'pet_species_id': 2560}"
1200359741,VERY_LONG,,1,50000000,49500000,"{'id': 164362, 'context': 0}"
1200359747,VERY_LONG,,1,29770600,,"{'id': 55381, 'context': 0, 'bonus_lists': [1693]}"
1200359748,VERY_LONG,,1,89500000,,"{'id': 82800, 'context': 0, 'modifiers': [{'type': 6, 'value': 86482}], 'pet_breed_id': 3, 'pet_level': 25, 'pet_quality_id': 3, 'pet_species_id': 2201}"
1200359750,VERY_LONG,,1,175000000,173250000,"{'id': 82800, 'context': 0, 'modifiers': [{'type': 6, 'value': 65112}], 'pet_breed_id': 17, 'pet_level': 25, 'pet_quality_id': 3, 'pet_species_id': 1719}"
1200359754,VERY_LONG,,1,150000000,148500000,"{'id': 108635, 'context': 14}"
1200359757,VERY_LONG,,1,8743600,,"{'id': 52368, 'context': 0}"
1200359759,VERY_LONG,,1,17432200,,"{'id': 7449, 'context': 0}"
1200359762,VERY_LONG,,1,13805300,,"{'id': 87418, 'context': 0}"
1200359766,VERY_LONG,,1,23467400,,"{'id': 106629, 'context': 28, 'bonus_lists': [3854, 159], 'modifiers': [{'type': 9, 'value': 39}]}"
1200359768,VERY_LONG,,1,657315600,,"{'id': 7452, 'context': 0}"
1200359770,VERY_LONG,,1,30000000,29700000,"{'id': 101571, 'context': 0}"
1200359773,VERY_LONG,,1,200000000,198000000,"{'id': 141584, 'context': 26, 'bonus_lists': [1808, 1472, 3336, 3431]}"
1200359778,VERY_LONG,,1,92899700,91970700,"{'id': 58481, 'context': 14}"
1200359780,VERY_LONG,,1,850000000,841500000,"{'id': 164546, 'context': 0}"
1200359783,VERY_LONG,,1,70000000,69500000,"{'id': 82800, 'context': 0, 'modifiers': [{'type': 6, 'value': 2955}], 'pet_breed_id': 11, 'pet_level': 25, 'pet_quality_id': 2, 'pet_species_id': 74}"
1200359786,VERY_LONG,,1,37580600,,"{'id': 15963, 'context': 36, 'bonus_lists': [3863], 'modifiers': [{'type': 9, 'value': 16}]}"
1200359788,VERY_LONG,,1,750000000,,"{'id': 78247, 'context': 14}"
1200359792,VERY_LONG,,1,460000000,,"{'id': 87426, 'context': 27, 'bonus_lists': [4294], 'modifiers': [{'type': 9, 'value': 30}]}"
1200359795,VERY_LONG,,1,80000000,79500000,"{'id': 82800, 'context': 0, 'modifiers': [{'type': 6, 'value': 28215}], 'pet_breed_id': 18, 'pet_level': 25, 'pet_quality_id': 3, 'pet_species_id': 195}"
1200359801,VERY_LONG,,1,26542900,,"{'id': 4350, 'context': 0}"
1200359805,VERY_LONG,,1,572862900,,"{'id': 23635, 'context': 1}"
1200359809,VERY_LONG,,1,172500000,,"{'id': 82800, 'context': 0, 'modifiers': [{'type': 6, 'value': 21382}], 'pet_breed_id': 3, 'pet_level': 25, 'pet_quality_id': 3, 'pet_species_id': 158}"
1200359814,VERY_LONG,,1,2017100,,"{'id': 29902, 'context': 14}"
1200359818,VERY_LONG,,1,29500000,,"{'id': 82800, 'context': 0, 'modifiers': [{'type': 6, 'value': 46902}], 'pet_breed_id': 9, 'pet_level': 1, 'pet_quality_id': 3, 'pet_species_id': 1150}"
1200359822,VERY_LONG,,1,97500000,,"{'id': 82800, 'context': 0, 'modifiers': [{'type': 6, 'value': 8910}], 'pet_breed_id': 7, 'pet_level': 25, 'pet_quality_id': 3, 'pet_species_id': 86}"
1200359825,VERY_LONG,,1,46331100,,"{'id': 35203, 'context': 0}"
1200359827,VERY_LONG,,1,97500000,,"{'id': 82800, 'context': 0, 'modifiers': [{'type': 6, 'value': 13610}], 'pet_breed_id': 3, 'pet_level': 25, 'pet_quality_id': 3, 'pet_species_id': 117}"
1200359829,VERY_LONG,,1,200000000,198000000,"{'id': 141567, 'context': 26, 'bonus_lists': [1472, 3336, 3431]}"
1200359831,VERY_LONG,,1,87047400,,"{'id': 40741, 'context': 14}"
1200359833,VERY_LONG,,1,62500000,61875000,"{'id': 82800, 'context': 0, 'modifiers': [{'type': 6, 'value': 94711}], 'pet_breed_id': 5, 'pet_level': 25, 'pet_quality_id': 3, 'pet_species_id': 2838}"
1200359836,VERY_LONG,,1,42211700,,"{'id': 845, 'context': 14}"
1200359840,VERY_LONG,,1,200000000,198000000,"{'id': 141585, 'context': 25, 'bonus_lists': [3398, 40], 'modifiers': [{'type': 9, 'value': 40}]}"
1200359841,VERY_LONG,,1,69264900,,"{'id': 24301, 'context': 0}"
1200359843,VERY_LONG,,1,500000000,,"{'id': 150922, 'context': 11, 'bonus_lists': [6315], 'modifiers': [{'type': 9, 'value': 50}]}"
1200359846,VERY_LONG,,1,500000000,,"{'id': 150922, 'context': 11, 'bonus_lists': [6315], 'modifiers': [{'type': 9, 'value': 50}]}"
1200359848,VERY_LONG,,1,500000000,,"{'id': 150922, 'context': 11, 'bonus_lists': [6423], 'modifiers': [{'type': 9, 'value': 50}]}"
1200359850,VERY_LONG,,1,62003000,61383000,"{'id': 82800, 'context': 0, 'modifiers': [{'type': 6, 'value': 45289}], 'pet_breed_id': 18, 'pet_level': 25, 'pet_quality_id': 3, 'pet_species_id': 2087}"
1200359854,VERY_LONG,,1,61940000,61320600,"{'id': 82800, 'context': 0, 'modifiers': [{'type': 6, 'value': 48213}], 'pet_breed_id': 3, 'pet_level': 25, 'pet_quality_id': 3, 'pet_species_id': 1205}"
1200359856,VERY_LONG,,1,125000000,123750000,"{'id': 82800, 'context': 0, 'modifiers': [{'type': 6, 'value': 33512}], 'pet_breed_id': 4, 'pet_level': 25, 'pet_quality_id': 3, 'pet_species_id': 261}"
1200359858,VERY_LONG,,1,101336100,,"{'id': 35193, 'context': 0}"
1200359861,VERY_LONG,,1,72500000,71775000,"{'id': 82800, 'context': 0, 'pet_breed_id': 3, 'pet_level': 25, 'pet_quality_id': 3, 'pet_species_id': 118}"
1200359865,VERY_LONG,,1,50000000,49500000,"{'id': 164465, 'context': 11}"
1200359868,VERY_LONG,,1,29500000,,"{'id': 82800, 'context': 0, 'pet_breed_id': 6, 'pet_level': 1, 'pet_quality_id': 3, 'pet_species_id': 1227}"
1200359870,VERY_LONG,,1,79500000,,"{'id': 82800, 'context': 0, 'modifiers': [{'type': 6, 'value': 9905}], 'pet_breed_id': 7, 'pet_level': 25, 'pet_quality_id': 3, 'pet_species_id': 286}"
1200359873,VERY_LONG,,1,34469200,,"{'id': 25120, 'context': 1, 'bonus_lists': [1708]}"
1200359877,VERY_LONG,,1,160753400,,"{'id': 13489, 'context': 0}"
1200359880,VERY_LONG,,1,19746600,,"{'id': 41788, 'context': 0}"
1200359881,LONG,4500,3,,,{'id': 173032}
1200359883,VERY_LONG,,1,317940000,,"{'id': 10400, 'context': 1}"
1200359885,VERY_LONG,,1,75000000,74250000,"{'id': 164463, 'context': 0}"
1200359887,VERY_LONG,,1,113999900,112859900,"{'id': 108739, 'context': 0}"
1200359890,VERY_LONG,,1,228999900,226709900,"{'id': 141569, 'context': 26, 'bonus_lists': [1472, 3528, 3431]}"
1200359892,VERY_LONG,,1,200000000,198000000,"{'id': 141583, 'context': 26, 'bonus_lists': [1472, 3336, 3431]}"
1200359896,LONG,,1,49999900,,"{'id': 180760, 'context': 13}"
1200359897,VERY_LONG,,1,20508300,20303200,"{'id': 9899, 'context': 0, 'bonus_lists': [1708]}"
1200359899,LONG,,1,49999900,,"{'id': 180760, 'context': 13}"
1200359902,LONG,,1,49999900,,"{'id': 180760, 'context': 13}"
1200359903,VERY_LONG,,1,79500000,,"{'id': 82800, 'context': 0, 'modifiers': [{'type': 6, 'value': 66212}], 'pet_breed_id': 22, 'pet_level': 25, 'pet_quality_id': 3, 'pet_species_id': 1808}"
1200359905,VERY_LONG,,1,90000000,89500000,"{'id': 82800, 'context': 0, 'modifiers': [{'type': 6, 'value': 90141}], 'pet_breed_id': 4, 'pet_level': 25, 'pet_quality_id': 3, 'pet_species_id': 2549}"
1200359907,VERY_LONG,,1,72500000,71775000,"{'id': 82800, 'context': 0, 'modifiers': [{'type': 6, 'value': 62440}], 'pet_breed_id': 22, 'pet_level': 25, 'pet_quality_id': 3, 'pet_species_id': 1655}"
1200359909,VERY_LONG,,1,25645400,,"{'id': 24214, 'context': 2}"
1200359911,VERY_LONG,,1,1545961300,,"{'id': 9294, 'context': 0}"
1200359915,VERY_LONG,,1,10642500,,"{'id': 47646, 'context': 0}"
1200359917,VERY_LONG,,1,9500000,,"{'id': 82800, 'context': 0, 'pet_breed_id': 3, 'pet_level': 1, 'pet_quality_id': 3, 'pet_species_id': 1687}"
1200359981,LONG,44700,6,,,{'id': 171841}
1200359990,LONG,1509900,1,,,{'id': 171833}
1200359999,LONG,500,6,,,{'id': 171840}
1200360009,LONG,77100,6,,,{'id': 171828}
1200361159,VERY_LONG,3499800,20,,,{'id': 171273}
1200361790,LONG,,1,399990000,,"{'id': 178926, 'context': 64, 'bonus_lists': [6717, 7193, 1507]}"
1200361817,LONG,,1,50000000,,"{'id': 82800, 'context': 0, 'modifiers': [{'type': 6, 'value': 15381}], 'pet_breed_id': 7, 'pet_level': 1, 'pet_quality_id': 3, 'pet_species_id': 338}"
1200361967,LONG,300000,9,,,{'id': 173128}
1200361987,LONG,558400,14,,,{'id': 115807}
1200362028,VERY_LONG,,1,120000000,,"{'id': 90584, 'context': 0}"
1200362051,LONG,2055000,1,,,{'id': 38867}
1200362054,VERY_LONG,,1,345987800,,"{'id': 159557, 'context': 0, 'bonus_lists': [6655, 1709], 'modifiers': [{'type': 9, 'value': 60}, {'type': 28, 'value': 807}]}"
1200362062,VERY_LONG,,1,60694400,,"{'id': 12992, 'context': 0, 'bonus_lists': [6659], 'modifiers': [{'type': 9, 'value': 27}, {'type': 28, 'value': 18}]}"
1200362071,LONG,,1,1623900,,"{'id': 82800, 'context': 0, 'modifiers': [{'type': 6, 'value': 63446}], 'pet_breed_id': 14, 'pet_level': 1, 'pet_quality_id': 3, 'pet_species_id': 1662}"
1200362072,LONG,,1,3739900,,"{'id': 7945, 'context': 0}"
1200362073,LONG,4267500,3,,,{'id': 128543}
1200362075,LONG,69870000,3,,,{'id': 38875}
1200362077,LONG,11677900,4,,,{'id': 139362}
1200362078,LONG,,1,13832000,,"{'id': 82800, 'context': 0, 'modifiers': [{'type': 6, 'value': 59352}], 'pet_breed_id': 19, 'pet_level': 1, 'pet_quality_id': 3, 'pet_species_id': 1524}"
1200362081,LONG,,1,164801400,,"{'id': 82800, 'context': 0, 'modifiers': [{'type': 6, 'value': 6192}], 'pet_breed_id': 3, 'pet_level': 1, 'pet_quality_id': 3, 'pet_species_id': 49}"
1200362082,LONG,12944800,1,,,{'id': 137191}
1200362084,LONG,,1,49974600,,"{'id': 82800, 'context': 0, 'modifiers': [{'type': 6, 'value': 99014}], 'pet_breed_id': 3, 'pet_level': 1, 'pet_quality_id': 2, 'pet_species_id': 2953}"
1200362086,LONG,,1,183235300,,"{'id': 82800, 'context': 0, 'modifiers': [{'type': 6, 'value': 91235}], 'pet_breed_id': 20, 'pet_level': 1, 'pet_quality_id': 3, 'pet_species_id': 2681}"
1200362087,LONG,8008700,3,,,{'id': 139437}
1200362090,LONG,19996800,1,,,{'id': 110624}
1200362091,LONG,,1,1999900,,"{'id': 82800, 'context': 0, 'modifiers': [{'type': 6, 'value': 98459}], 'pet_breed_id': 5, 'pet_level': 1, 'pet_quality_id': 2, 'pet_species_id': 3022}"
1200362094,LONG,,1,1999900,,"{'id': 82800, 'context': 0, 'modifiers': [{'type': 6, 'value': 98459}], 'pet_breed_id': 15, 'pet_level': 1, 'pet_quality_id': 2, 'pet_species_id': 3022}"
1200362097,LONG,20000000,2,,,{'id': 110633}
1200362100,LONG,,1,170000000,,"{'id': 82800, 'context': 0, 'modifiers': [{'type': 6, 'value': 59330}], 'pet_breed_id': 5, 'pet_level': 1, 'pet_quality_id': 3, 'pet_species_id': 1523}"
1200364102,LONG,,1,2639800,,"{'id': 82800, 'context': 0, 'modifiers': [{'type': 6, 'value': 60819}], 'pet_breed_id': 15, 'pet_level': 1, 'pet_quality_id': 3, 'pet_species_id': 1566}"
1200364105,LONG,,1,50000,,"{'id': 82800, 'context': 0, 'modifiers': [{'type': 6, 'value': 66157}], 'pet_breed_id': 13, 'pet_level': 1, 'pet_quality_id': 3, 'pet_species_id': 1804}"
1200364106,LONG,,1,50000,,"{'id': 82800, 'context': 0, 'modifiers': [{'type': 6, 'value': 66157}], 'pet_breed_id': 13, 'pet_level': 1, 'pet_quality_id': 3, 'pet_species_id': 1804}"
1200364108,LONG,,1,9862700,,"{'id': 82800, 'context': 0, 'modifiers': [{'type': 6, 'value': 86229}], 'pet_breed_id': 5, 'pet_level': 1, 'pet_quality_id': 2, 'pet_species_id': 2190}"
1200364110,LONG,,1,14500000,,"{'id': 82800, 'context': 0, 'modifiers': [{'type': 6, 'value': 60016}], 'pet_breed_id': 20, 'pet_level': 1, 'pet_quality_id': 3, 'pet_species_id': 1541}"
1200364112,LONG,,1,55995200,,"{'id': 82800, 'context': 0, 'modifiers': [{'type': 6, 'value': 46810}], 'pet_breed_id': 3, 'pet_level': 1, 'pet_quality_id': 3, 'pet_species_id': 1125}"
1200364113,LONG,,1,55995200,,"{'id': 82800, 'context': 0, 'modifiers': [{'type': 6, 'value': 46810}], 'pet_breed_id': 3, 'pet_level': 1, 'pet_quality_id': 3, 'pet_species_id': 1125}"
1200364115,LONG,65300,5,,,{'id': 153440}
1200364118,VERY_LONG,,1,600000000,,"{'id': 183008, 'context': 3, 'bonus_lists': [7189, 6652, 1472, 6646], 'modifiers': [{'type': 28, 'value': 751}]}"
1200364120,LONG,1210000,2,,,{'id': 149755}
1200364125,LONG,,1,80504900,,"{'id': 82800, 'context': 0, 'modifiers': [{'type': 6, 'value': 79783}], 'pet_breed_id': 4, 'pet_level': 1, 'pet_quality_id': 3, 'pet_species_id': 2117}"
1200364128,LONG,22456000,2,,,{'id': 139438}
1200364166,LONG,6090000,32,,,{'id': 128551}
1200364248,LONG,461100,1,,,{'id': 172406}
1200364257,LONG,824900,1,,,{'id': 172407}
1200364263,LONG,2000100,1,,,{'id': 172410}
1200364269,LONG,2309200,1,,,{'id': 172411}
1200364275,LONG,2642800,1,,,{'id': 172412}
1200364277,VERY_LONG,,1,200000000,198000000,"{'id': 141575, 'context': 26, 'bonus_lists': [1472, 3528, 3431]}"
1200364281,VERY_LONG,,1,200000000,198000000,"{'id': 141575, 'context': 26, 'bonus_lists': [1472, 3431]}"
1200364283,VERY_LONG,,1,200000000,198000000,"{'id': 141575, 'context': 26, 'bonus_lists': [1472, 3336, 3431]}"
1200364286,VERY_LONG,,1,350000000,346500000,"{'id': 141575, 'context': 26, 'bonus_lists': [1808, 1472, 3337, 3431]}"
1200364293,VERY_LONG,,1,200000000,198000000,"{'id': 141575, 'context': 26, 'bonus_lists': [1472, 3337, 3431]}"
1200364294,LONG,3130000,159,,,{'id': 172419}
1200364298,VERY_LONG,,1,350000000,346500000,"{'id': 141573, 'context': 26, 'bonus_lists': [1808, 1472, 3336, 3431]}"
1200364301,VERY_LONG,,1,350000000,346500000,"{'id': 141573, 'context': 26, 'bonus_lists': [1808, 1472, 3336, 3431]}"
1200364303,VERY_LONG,,1,250000000,247500000,"{'id': 141573, 'context': 26, 'bonus_lists': [1472, 3431]}"
1200364307,VERY_LONG,,1,250000000,247500000,"{'id': 141573, 'context': 26, 'bonus_lists': [41, 1472, 3337, 3431]}"
1200364309,VERY_LONG,,1,350000000,346500000,"{'id': 141573, 'context': 26, 'bonus_lists': [41, 1472, 3528, 3431]}"
1200364311,LONG,48000,1,,,{'id': 177660}
1200364313,VERY_LONG,,1,15214800,,"{'id': 14596, 'context': 1}"
1200364317,VERY_LONG,,1,41123400,,"{'id': 2027, 'context': 14}"
1200364320,VERY_LONG,,1,200000000,198000000,"{'id': 141576, 'context': 26, 'bonus_lists': [1472, 3528, 3431]}"
1200364323,VERY_LONG,,1,122500000,,"{'id': 82800, 'context': 0, 'modifiers': [{'type': 6, 'value': 46001}], 'pet_breed_id': 10, 'pet_level': 25, 'pet_quality_id': 3, 'pet_species_id': 330}"
1200364325,VERY_LONG,,1,59500000,,"{'id': 82800, 'context': 0, 'modifiers': [{'type': 6, 'value': 88005}], 'pet_breed_id': 5, 'pet_level': 25, 'pet_quality_id': 3, 'pet_species_id': 2451}"
1200364328,LONG,1348700,1,,,{'id': 177661}
1200364330,VERY_LONG,,1,130000000,128700000,"{'id': 82800, 'context': 0, 'modifiers': [{'type': 6, 'value': 91249}], 'pet_breed_id': 3, 'pet_level': 1, 'pet_quality_id': 3, 'pet_species_id': 2758}"
1200364333,VERY_LONG,,1,55760500,,"{'id': 25905, 'context': 2}"
1200364336,VERY_LONG,,1,90362000,,"{'id': 31281, 'context': 29, 'bonus_lists': [3910], 'modifiers': [{'type': 9, 'value': 29}]}"
1200364338,VERY_LONG,,1,90362000,,"{'id': 31281, 'context': 0}"
1200364340,VERY_LONG,,1,65264800,64612200,"{'id': 71265, 'context': 14}"
1200364343,VERY_LONG,,1,200000000,,"{'id': 141284, 'context': 0, 'bonus_lists': [1812], 'modifiers': [{'type': 9, 'value': 40}]}"
1200364344,LONG,150000,1,,,{'id': 177716}
1200364346,VERY_LONG,,1,200000000,,"{'id': 141284, 'context': 0, 'bonus_lists': [1812], 'modifiers': [{'type': 9, 'value': 40}]}"
1200364349,VERY_LONG,,1,350000000,346500000,"{'id': 82800, 'context': 0, 'modifiers': [{'type': 6, 'value': 51268}], 'pet_breed_id': 6, 'pet_level': 25, 'pet_quality_id': 3, 'pet_species_id': 1322}"
1200364353,VERY_LONG,,1,18998600,,"{'id': 36482, 'context': 0, 'bonus_lists': [1680]}"
1200364357,VERY_LONG,,1,36261700,,"{'id': 2463, 'context': 14}"
1200364360,VERY_LONG,,1,89958300,,"{'id': 2207, 'context': 14}"
1200364362,VERY_LONG,,1,84269500,,"{'id': 55389, 'context': 0, 'bonus_lists': [1688]}"
1200364364,LONG,53900,11,,,{'id': 171370}
1200364365,VERY_LONG,,1,84269500,,"{'id': 55389, 'context': 0, 'bonus_lists': [1686]}"
1200364370,VERY_LONG,,1,150000000,148500000,"{'id': 82800, 'context': 0, 'modifiers': [{'type': 6, 'value': 57970}], 'pet_breed_id': 16, 'pet_level': 25, 'pet_quality_id': 3, 'pet_species_id': 1442}"
1200364373,VERY_LONG,,1,69500000,,"{'id': 82800, 'context': 0, 'pet_breed_id': 16, 'pet_level': 1, 'pet_quality_id': 3, 'pet_species_id': 1442}"
1200364376,VERY_LONG,,1,90748500,,"{'id': 55696, 'context': 0, 'bonus_lists': [1685]}"
1200364378,VERY_LONG,,1,150000000,148500000,"{'id': 82800, 'context': 0, 'modifiers': [{'type': 6, 'value': 74472}], 'pet_breed_id': 20, 'pet_level': 25, 'pet_quality_id': 3, 'pet_species_id': 2000}"
1200364380,VERY_LONG,,1,52500000,51975000,"{'id': 82800, 'context': 0, 'modifiers': [{'type': 6, 'value': 72658}], 'pet_breed_id': 7, 'pet_level': 25, 'pet_quality_id': 3, 'pet_species_id': 1934}"
1200364383,LONG,5549700,32,,,{'id': 76084}
1200364384,VERY_LONG,,1,181244400,179432000,"{'id': 141577, 'context': 26, 'bonus_lists': [41, 1472, 3528, 3431]}"
1200364386,VERY_LONG,,1,127986800,,"{'id': 40736, 'context': 14}"
1200364387,VERY_LONG,,1,46086000,,"{'id': 2151, 'context': 14}"
1200364391,VERY_LONG,,1,312021400,,"{'id': 87435, 'context': 0}"
1200364396,VERY_LONG,,1,80975000,80165300,"{'id': 82800, 'context': 0, 'modifiers': [{'type': 6, 'value': 90230}], 'pet_breed_id': 17, 'pet_level': 25, 'pet_quality_id': 3, 'pet_species_id': 2563}"
1200364400,VERY_LONG,,1,72581900,71856100,"{'id': 71263, 'context': 14}"
1200364402,VERY_LONG,,1,16881700,,"{'id': 8283, 'context': 0}"
1200364403,VERY_LONG,,1,4949300,,"{'id': 10392, 'context': 14}"
1200364406,VERY_LONG,,1,97500000,,"{'id': 82800, 'context': 0, 'modifiers': [{'type': 6, 'value': 44445}], 'pet_breed_id': 8, 'pet_level': 25, 'pet_quality_id': 3, 'pet_species_id': 2583}"
1200364411,VERY_LONG,,1,24524900,,"{'id': 2617, 'context': 14}"
1200364414,VERY_LONG,,1,230156500,,"{'id': 55461, 'context': 0, 'bonus_lists': [1716]}"
1200364416,VERY_LONG,,1,82140100,81318700,"{'id': 77324, 'context': 14}"
1200364418,VERY_LONG,,1,50000000,49500000,"{'id': 164456, 'context': 11}"
1200364420,VERY_LONG,,1,89500000,,"{'id': 82800, 'context': 0, 'pet_breed_id': 9, 'pet_level': 25, 'pet_quality_id': 3, 'pet_species_id': 1926}"
1200364422,VERY_LONG,,1,97500000,,"{'id': 82800, 'context': 0, 'modifiers': [{'type': 6, 'value': 46811}], 'pet_breed_id': 7, 'pet_level': 25, 'pet_quality_id': 3, 'pet_species_id': 1126}"
1200364425,VERY_LONG,,1,97500000,,"{'id': 82800, 'context': 0, 'modifiers': [{'type': 6, 'value': 73673}], 'pet_breed_id': 13, 'pet_level': 25, 'pet_quality_id': 3, 'pet_species_id': 1957}"
1200364427,VERY_LONG,,1,154483000,,"{'id': 58245, 'context': 0}"
1200364428,VERY_LONG,,1,200000000,198000000,"{'id': 141585, 'context': 26, 'bonus_lists': [1472, 3528, 3431]}"
1200364429,VERY_LONG,,1,200000000,198000000,"{'id': 141585, 'context': 26, 'bonus_lists': [1472, 3528, 3431]}"
1200364431,VERY_LONG,,1,97500000,,"{'id': 82800, 'context': 0, 'pet_breed_id': 20, 'pet_level': 25, 'pet_quality_id': 3, 'pet_species_id': 1711}"
1200364435,VERY_LONG,,1,500000000,495000000,"{'id': 82800, 'context': 0, 'modifiers': [{'type': 6, 'value': 6293}], 'pet_breed_id': 4, 'pet_level': 25, 'pet_quality_id': 3, 'pet_species_id': 57}"
1200364436,VERY_LONG,,1,80975000,80165300,"{'id': 82800, 'context': 0, 'modifiers': [{'type': 6, 'value': 87871}], 'pet_breed_id': 9, 'pet_level': 25, 'pet_quality_id': 3, 'pet_species_id': 2434}"
1200364441,VERY_LONG,,1,1308800,,"{'id': 5956, 'context': 14}"
1200364444,VERY_LONG,,1,200000000,198000000,"{'id': 141586, 'context': 26, 'bonus_lists': [1472, 3528, 3431]}"
1200364447,VERY_LONG,,1,79500000,,"{'id': 82800, 'context': 0, 'modifiers': [{'type': 6, 'value': 90830}], 'pet_breed_id': 11, 'pet_level': 25, 'pet_quality_id': 3, 'pet_species_id': 2581}"
1200364450,VERY_LONG,,1,114797600,113649600,"{'id': 77171, 'context': 14}"
1200364452,VERY_LONG,,1,29990000,29690100,"{'id': 82800, 'context': 0, 'modifiers': [{'type': 6, 'value': 90140}], 'pet_breed_id': 16, 'pet_level': 1, 'pet_quality_id': 3, 'pet_species_id': 2548}"
1200364454,VERY_LONG,,1,32104200,31783200,"{'id': 14673, 'context': 54, 'bonus_lists': [4277], 'modifiers': [{'type': 9, 'value': 50}]}"
1200364458,VERY_LONG,,1,32104200,31783200,"{'id': 14673, 'context': 54, 'bonus_lists': [4277], 'modifiers': [{'type': 9, 'value': 50}]}"
1200364461,VERY_LONG,,1,17638400,17462000,"{'id': 82175, 'context': 0, 'bonus_lists': [1693]}"
1200364463,VERY_LONG,,1,97500000,,"{'id': 82800, 'context': 0, 'modifiers': [{'type': 6, 'value': 25457}], 'pet_breed_id': 5, 'pet_level': 25, 'pet_quality_id': 3, 'pet_species_id': 186}"
1200364467,VERY_LONG,,1,108134800,107053500,"{'id': 71130, 'context': 14}"
1200364471,VERY_LONG,,1,190000000,,"{'id': 141290, 'context': 0, 'bonus_lists': [1812], 'modifiers': [{'type': 9, 'value': 41}]}"
1200364472,VERY_LONG,,1,2990004000,,"{'id': 2623, 'context': 0}"
1200364475,VERY_LONG,,1,190000000,,"{'id': 141290, 'context': 0, 'bonus_lists': [1812], 'modifiers': [{'type': 9, 'value': 45}]}"
1200364478,VERY_LONG,,1,9500000,,"{'id': 82800, 'context': 0, 'pet_breed_id': 3, 'pet_level': 1, 'pet_quality_id': 2, 'pet_species_id': 251}"
1200364481,VERY_LONG,,1,35329900,34976600,"{'id': 82215, 'context': 2, 'bonus_lists': [1708]}"
1200364482,LONG,8400,72,,,{'id': 178786}
1200364485,VERY_LONG,,1,86814600,85946500,"{'id': 58195, 'context': 14}"
1200364488,VERY_LONG,,1,100000000,99000000,"{'id': 82800, 'context': 0, 'modifiers': [{'type': 6, 'value': 90422}], 'pet_breed_id': 16, 'pet_level': 25, 'pet_quality_id': 3, 'pet_species_id': 2526}"
1200364492,VERY_LONG,,1,500000000,,"{'id': 117379, 'context': 11, 'bonus_lists': [6315], 'modifiers': [{'type': 9, 'value': 50}]}"
1200364494,VERY_LONG,,1,100000000,99000000,"{'id': 82800, 'context': 0, 'modifiers': [{'type': 6, 'value': 4615}], 'pet_breed_id': 13, 'pet_level': 25, 'pet_quality_id': 3, 'pet_species_id': 68}"
1200364497,VERY_LONG,150000,1,,,{'id': 114931}
1200364502,VERY_LONG,,1,47029400,,"{'id': 2475, 'context': 14}"
1200364506,VERY_LONG,,1,70000000,69500000,"{'id': 82800, 'context': 0, 'modifiers': [{'type': 6, 'value': 61547}], 'pet_breed_id': 8, 'pet_level': 25, 'pet_quality_id': 3, 'pet_species_id': 1540}"
1200364507,LONG,1225000,3,,,{'id': 173084}
1200364509,VERY_LONG,,1,750000000,,"{'id': 78204, 'context': 14}"
1200364511,VERY_LONG,,1,80000000,79500000,"{'id': 82800, 'context': 0, 'modifiers': [{'type': 6, 'value': 16880}], 'pet_breed_id': 15, 'pet_level': 25, 'pet_quality_id': 3, 'pet_species_id': 2441}"
1200364514,VERY_LONG,,1,400000000,396000000,"{'id': 36863, 'context': 0}"
1200364517,VERY_LONG,,1,90000000,89500000,"{'id': 82800, 'context': 0, 'modifiers': [{'type': 6, 'value': 58736}], 'pet_breed_id': 18, 'pet_level': 25, 'pet_quality_id': 3, 'pet_species_id': 1515}"
1200364520,VERY_LONG,,1,46275800,,"{'id': 2373, 'context': 14}"
1200364523,VERY_LONG,,1,19686400,19489500,"{'id': 14661, 'context': 1}"
1200364525,VERY_LONG,,1,19686400,19489500,"{'id': 14661, 'context': 1}"
1200364528,VERY_LONG,,1,19686400,19489500,"{'id': 14661, 'context': 1}"
1200364532,VERY_LONG,,1,52500000,51975000,"{'id': 82800, 'context': 0, 'modifiers': [{'type': 6, 'value': 65590}], 'pet_breed_id': 8, 'pet_level': 25, 'pet_quality_id': 3, 'pet_species_id': 1752}"
1200364535,VERY_LONG,,1,3164900,,"{'id': 29363, 'context': 14}"
1200364540,VERY_LONG,,1,57005900,56435800,"{'id': 70937, 'context': 14}"
1200364542,VERY_LONG,,1,100000000,99000000,"{'id': 82800, 'context': 0, 'modifiers': [{'type': 6, 'value': 29802}], 'pet_breed_id': 20, 'pet_level': 25, 'pet_quality_id': 3, 'pet_species_id': 235}"
1200364543,VERY_LONG,,1,750000000,,"{'id': 78238, 'context': 14}"
1200364545,VERY_LONG,,1,2990000100,,"{'id': 12837, 'context': 0}"
1200364546,VERY_LONG,,1,80000000,79500000,"{'id': 82800, 'context': 0, 'modifiers': [{'type': 6, 'value': 65130}], 'pet_breed_id': 21, 'pet_level': 25, 'pet_quality_id': 3, 'pet_species_id': 1727}"
1200364549,VERY_LONG,,1,35039200,,"{'id': 3589, 'context': 14}"
1200364552,VERY_LONG,,1,69500000,,"{'id': 82800, 'context': 0, 'modifiers': [{'type': 6, 'value': 38283}], 'pet_breed_id': 10, 'pet_level': 25, 'pet_quality_id': 3, 'pet_species_id': 2089}"
1200364554,VERY_LONG,,1,122500000,,"{'id': 82800, 'context': 0, 'modifiers': [{'type': 6, 'value': 80466}], 'pet_breed_id': 14, 'pet_level': 25, 'pet_quality_id': 3, 'pet_species_id': 2708}"
1200364559,VERY_LONG,,1,84766500,,"{'id': 116712, 'context': 29, 'bonus_lists': [3875, 87], 'modifiers': [{'type': 9, 'value': 50}]}"
1200364561,VERY_LONG,,1,55734700,,"{'id': 31226, 'context': 36, 'bonus_lists': [3912], 'modifiers': [{'type': 9, 'value': 32}]}"
1200364563,VERY_LONG,,1,129764500,,"{'id': 55443, 'context': 0, 'bonus_lists': [1708]}"
1200364565,VERY_LONG,,1,350000000,346500000,"{'id': 82800, 'context': 0, 'modifiers': [{'type': 6, 'value': 74036}], 'pet_breed_id': 16, 'pet_level': 25, 'pet_quality_id': 3, 'pet_species_id': 1984}"
1200364568,VERY_LONG,,1,147500000,,"{'id': 82800, 'context': 0, 'modifiers': [{'type': 6, 'value': 65713}], 'pet_breed_id': 5, 'pet_level': 25, 'pet_quality_id': 3, 'pet_species_id': 1764}"
1200364570,VERY_LONG,,1,125000000,123750000,"{'id': 82800, 'context': 0, 'modifiers': [{'type': 6, 'value': 88004}], 'pet_breed_id': 8, 'pet_level': 25, 'pet_quality_id': 3, 'pet_species_id': 2450}"
1200364576,VERY_LONG,,1,440000000,,"{'id': 82800, 'context': 0, 'pet_breed_id': 19, 'pet_level': 1, 'pet_quality_id': 3, 'pet_species_id': 848}"
1200364577,VERY_LONG,,1,200000000,198000000,"{'id': 141566, 'context': 26, 'bonus_lists': [1472, 3528, 3431]}"
1200364578,VERY_LONG,,1,87784600,86906800,"{'id': 58199, 'context': 14}"
1200364580,VERY_LONG,,1,44015000,,"{'id': 55319, 'context': 0, 'bonus_lists': [1684]}"
1200364582,VERY_LONG,,1,147500000,,"{'id': 82800, 'context': 0, 'modifiers': [{'type': 6, 'value': 69488}], 'pet_breed_id': 21, 'pet_level': 25, 'pet_quality_id': 3, 'pet_species_id': 1701}"
1200364586,VERY_LONG,,1,29770600,,"{'id': 55381, 'context': 0, 'bonus_lists': [1684]}"
1200364589,VERY_LONG,,1,100000000,99000000,"{'id': 164282, 'context': 0}"
1200364591,VERY_LONG,,1,25594400,,"{'id': 36361, 'context': 1, 'bonus_lists': [1679]}"
1200364594,VERY_LONG,,1,750000000,,"{'id': 78272, 'context': 14}"
1200364596,VERY_LONG,,1,94423300,93479100,"{'id': 154822, 'context': 0, 'bonus_lists': [4796, 1701], 'modifiers': [{'type': 9, 'value': 45}]}"
1200364597,VERY_LONG,,1,47299200,,"{'id': 82016, 'context': 36, 'bonus_lists': [1685, 4767], 'modifiers': [{'type': 9, 'value': 50}]}"
1200364600,VERY_LONG,,1,74174300,73432600,"{'id': 77173, 'context': 14}"
1200364604,VERY_LONG,,1,776180800,,"{'id': 78244, 'context': 14}"
1200364606,VERY_LONG,,1,97500000,,"{'id': 82800, 'context': 0, 'modifiers': [{'type': 6, 'value': 88035}], 'pet_breed_id': 6, 'pet_level': 25, 'pet_quality_id': 3, 'pet_species_id': 2459}"
1200364609,VERY_LONG,,1,49383500,,"{'id': 200, 'context': 14}"
1200364610,VERY_LONG,,1,79500000,,"{'id': 82800, 'context': 0, 'modifiers': [{'type': 6, 'value': 90173}], 'pet_breed_id': 11, 'pet_level': 25, 'pet_quality_id': 3, 'pet_species_id': 2552}"
1200364613,VERY_LONG,,1,190000000,,"{'id': 141289, 'context': 0, 'bonus_lists': [1812], 'modifiers': [{'type': 9, 'value': 39}]}"
1200364615,VERY_LONG,,1,252120000,249598800,"{'id': 82800, 'context': 0, 'modifiers': [{'type': 6, 'value': 68666}], 'pet_breed_id': 6, 'pet_level': 25, 'pet_quality_id': 3, 'pet_species_id': 1886}"
1200364617,VERY_LONG,,1,30611800,,"{'id': 2615, 'context': 14}"
1200364619,LONG,4500,3,,,{'id': 173032}
1200364620,VERY_LONG,,1,115008900,,"{'id': 36, 'context': 0}"
1200364624,VERY_LONG,,1,75000000,,"{'id': 55453, 'context': 0, 'bonus_lists': [1715]}"
1200364626,VERY_LONG,,1,15721700,15564500,"{'id': 15615, 'context': 1, 'bonus_lists': [1708]}"
1200364627,VERY_LONG,,1,1240003500,,"{'id': 175004, 'context': 6, 'bonus_lists': [4824, 42, 6578, 6579, 6538, 6513, 1517, 4786], 'modifiers': [{'type': 28, 'value': 787}]}"
1200364628,VERY_LONG,,1,52279600,,"{'id': 2366, 'context': 14}"
1200364629,VERY_LONG,,1,12490600,12365700,"{'id': 121213, 'context': 0, 'bonus_lists': [1812, 1676], 'modifiers': [{'type': 9, 'value': 41}]}"
1200364630,VERY_LONG,,1,9665700,,"{'id': 8490, 'context': 14}"
1200364654,VERY_LONG,,1,1374269900,,"{'id': 36619, 'context': 0, 'bonus_lists': [1707]}"
1200364661,LONG,17700,50,,,{'id': 109118}
1200364676,LONG,6400,98,,,{'id': 172057}
1200364681,VERY_LONG,,1,690000100,,"{'id': 78250, 'context': 0}"
1200364730,LONG,1800,8,,,{'id': 172068}
1200364799,LONG,3477000,30,,,{'id': 171270}
1200364972,VERY_LONG,88600,5000,,,{'id': 72120}
1200364974,VERY_LONG,6050100,5,,,{'id': 22451}
1200364991,VERY_LONG,88600,286,,,{'id': 72120}
1200365017,VERY_LONG,23000,3000,,,{'id': 167738}
1200365056,VERY_LONG,630000,3645,,,{'id': 124669}
1200365075,LONG,,1,6395000,4899200,"{'id': 118332, 'context': 2, 'modifiers': [{'type': 28, 'value': 1143}]}"
1200365076,LONG,2749400,1,,,{'id': 43334}
1200365079,LONG,,1,15600000,,"{'id': 82800, 'context': 0, 'modifiers': [{'type': 6, 'value': 46900}], 'pet_breed_id': 4, 'pet_level': 1, 'pet_quality_id': 3, 'pet_species_id': 1147}"
1200365083,LONG,,1,34490000,,"{'id': 82800, 'context': 0, 'modifiers': [{'type': 6, 'value': 90944}], 'pet_breed_id': 7, 'pet_level': 1, 'pet_quality_id': 3, 'pet_species_id': 2695}"
1200365086,LONG,8652500,2,,,{'id': 74706}
1200365089,LONG,,1,940000,,"{'id': 82800, 'context': 0, 'modifiers': [{'type': 6, 'value': 46902}], 'pet_breed_id': 9, 'pet_level': 1, 'pet_quality_id': 3, 'pet_species_id': 1150}"
1200365094,LONG,783100,1,,,{'id': 74711}
1200365097,LONG,,1,12599900,,"{'id': 82800, 'context': 0, 'modifiers': [{'type': 6, 'value': 88002}], 'pet_breed_id': 9, 'pet_level': 1, 'pet_quality_id': 3, 'pet_species_id': 2448}"
1200366103,LONG,,1,12599900,,"{'id': 82800, 'context': 0, 'modifiers': [{'type': 6, 'value': 88002}], 'pet_breed_id': 9, 'pet_level': 1, 'pet_quality_id': 3, 'pet_species_id': 2448}"
1200366106,LONG,,1,80000000,,"{'id': 182746, 'context': 0, 'modifiers': [{'type': 28, 'value': 1427}]}"
1200366109,LONG,,1,11999900,,"{'id': 82800, 'context': 0, 'modifiers': [{'type': 6, 'value': 44551}], 'pet_breed_id': 16, 'pet_level': 1, 'pet_quality_id': 2, 'pet_species_id': 1039}"
1200366111,LONG,,1,210009400,,"{'id': 82800, 'context': 0, 'modifiers': [{'type': 6, 'value': 54752}], 'pet_breed_id': 16, 'pet_level': 1, 'pet_quality_id': 3, 'pet_species_id': 1395}"
1200366114,LONG,,1,499998800,,"{'id': 94584, 'context': 0}"
1200366117,LONG,20000000,1,,,{'id': 38778}
1200366121,LONG,708800,1,,,{'id': 38775}
1200366124,LONG,26817000,2,,,{'id': 137288}
1200366126,LONG,,1,389983600,,"{'id': 94589, 'context': 0}"
1200366128,LONG,8787500,2,,,{'id': 44449}
1200366131,LONG,504800,3,,,{'id': 104122}
1200366132,LONG,22999900,1,,,{'id': 137250}
1200366134,LONG,,1,9989700,,"{'id': 7941, 'context': 0}"
1200366136,LONG,,1,9989700,,"{'id': 7941, 'context': 0}"
1200366138,LONG,3500000,3,,,{'id': 139339}
1200366141,LONG,8045100,1,,,{'id': 139288}
1200366143,LONG,20000000,3,,,{'id': 112115}
1200366146,LONG,,1,135000000,,"{'id': 82800, 'context': 0, 'modifiers': [{'type': 6, 'value': 58169}], 'pet_breed_id': 18, 'pet_level': 1, 'pet_quality_id': 3, 'pet_species_id': 1521}"
1200366149,LONG,,1,100000000,,"{'id': 82800, 'context': 0, 'modifiers': [{'type': 6, 'value': 54848}], 'pet_breed_id': 8, 'pet_level': 1, 'pet_quality_id': 3, 'pet_species_id': 1396}"
1200366151,LONG,,1,100000000,,"{'id': 82800, 'context': 0, 'modifiers': [{'type': 6, 'value': 54848}], 'pet_breed_id': 8, 'pet_level': 1, 'pet_quality_id': 3, 'pet_species_id': 1396}"
1200366153,LONG,,1,5001500,,"{'id': 82800, 'context': 0, 'modifiers': [{'type': 6, 'value': 60732}], 'pet_breed_id': 17, 'pet_level': 1, 'pet_quality_id': 3, 'pet_species_id': 1564}"
1200366155,LONG,100000000,2,,,{'id': 74728}
1200366158,LONG,,1,59999700,,"{'id': 82800, 'context': 0, 'modifiers': [{'type': 6, 'value': 29404}], 'pet_breed_id': 7, 'pet_level': 1, 'pet_quality_id': 2, 'pet_species_id': 1351}"
1200366161,LONG,,1,59999700,,"{'id': 82800, 'context': 0, 'modifiers': [{'type': 6, 'value': 29404}], 'pet_breed_id': 7, 'pet_level': 1, 'pet_quality_id': 2, 'pet_species_id': 1351}"
1200366162,LONG,9550000,5,,,{'id': 83007}
1200366164,LONG,14998500,2,,,{'id': 123956}
1200366166,LONG,,1,366729900,,"{'id': 34061, 'context': 1, 'bonus_lists': [6883]}"
1200366167,LONG,3436400,2,,,{'id': 52749}
1200366172,LONG,20000000,1,,,{'id': 38849}
1200366176,LONG,19998900,1,,,{'id': 52771}
1200366181,LONG,,1,84999100,,"{'id': 82800, 'context': 0, 'modifiers': [{'type': 6, 'value': 51267}], 'pet_breed_id': 14, 'pet_level': 1, 'pet_quality_id': 3, 'pet_species_id': 1332}"
1200366186,LONG,,1,67333600,,"{'id': 82800, 'context': 0, 'modifiers': [{'type': 6, 'value': 59017}], 'pet_breed_id': 20, 'pet_level': 1, 'pet_quality_id': 3, 'pet_species_id': 1545}"
1200366190,LONG,,1,67333600,,"{'id': 82800, 'context': 0, 'modifiers': [{'type': 6, 'value': 59017}], 'pet_breed_id': 20, 'pet_level': 1, 'pet_quality_id': 3, 'pet_species_id': 1545}"
1200366193,LONG,630000,4,,,{'id': 40919}
1200366197,LONG,,1,499998400,,"{'id': 94587, 'context': 0}"
1200366201,LONG,38900,1,,,{'id': 63122}
1200366202,LONG,868300,1,,,{'id': 49084}
1200366204,LONG,8798200,1,,,{'id': 52761}
1200366205,LONG,49800,1,,,{'id': 52182}
1200366206,LONG,,1,3978800,,"{'id': 82800, 'context': 0, 'modifiers': [{'type': 6, 'value': 61548}], 'pet_breed_id': 5, 'pet_level': 1, 'pet_quality_id': 2, 'pet_species_id': 1538}"
1200366207,LONG,,1,3978800,,"{'id': 82800, 'context': 0, 'modifiers': [{'type': 6, 'value': 61548}], 'pet_breed_id': 5, 'pet_level': 1, 'pet_quality_id': 2, 'pet_species_id': 1538}"
1200366208,LONG,12461700,1,,,{'id': 137188}
1200366209,LONG,199800,10,,,{'id': 52983}
1200366210,LONG,20000000,1,,,{'id': 38974}
1200366212,LONG,,1,1551000,,"{'id': 82800, 'context': 0, 'modifiers': [{'type': 6, 'value': 46923}], 'pet_breed_id': 8, 'pet_level': 1, 'pet_quality_id': 3, 'pet_species_id': 1149}"
1200366214,LONG,,1,2005400,,"{'id': 82800, 'context': 0, 'modifiers': [{'type': 6, 'value': 79797}], 'pet_breed_id': 4, 'pet_level': 1, 'pet_quality_id': 3, 'pet_species_id': 2119}"
1200366216,LONG,11989300,2,,,{'id': 87580}
1200366218,LONG,,1,290008000,,"{'id': 82800, 'context': 0, 'modifiers': [{'type': 6, 'value': 51504}], 'pet_breed_id': 8, 'pet_level': 1, 'pet_quality_id': 3, 'pet_species_id': 1348}"
1200366220,LONG,,1,17999900,,"{'id': 82800, 'context': 0, 'modifiers': [{'type': 6, 'value': 16880}], 'pet_breed_id': 13, 'pet_level': 1, 'pet_quality_id': 3, 'pet_species_id': 2441}"
1200366222,LONG,16880000,1,,,{'id': 137249}
1200366223,LONG,18102000,1,,,{'id': 52751}
1200366226,LONG,97600,1,,,{'id': 38818}
1200366228,LONG,,1,70000,,"{'id': 82800, 'context': 0, 'modifiers': [{'type': 6, 'value': 31073}], 'pet_breed_id': 3, 'pet_level': 1, 'pet_quality_id': 2, 'pet_species_id': 251}"
1200366248,VERY_LONG,19899000,5,,,{'id': 23448}
1200366390,VERY_LONG,,1,4900000,,"{'id': 114821, 'context': 0}"
1200366392,VERY_LONG,,1,4900000,,"{'id': 114821, 'context': 0}"
1200366427,VERY_LONG,,1,550009700,,"{'id': 184789, 'context': 0, 'bonus_lists': [6652, 1472, 6646], 'modifiers': [{'type': 28, 'value': 1707}]}"
1200366443,VERY_LONG,,1,1007600,,"{'id': 30746, 'context': 0, 'modifiers': [{'type': 28, 'value': 42}]}"
1200366481,VERY_LONG,,1,435100,,"{'id': 30744, 'context': 0, 'modifiers': [{'type': 28, 'value': 42}]}"
1200366485,VERY_LONG,,1,435100,,"{'id': 30744, 'context': 0, 'modifiers': [{'type': 28, 'value': 42}]}"
1200366648,VERY_LONG,60000,61,,,{'id': 22573}
1200366667,VERY_LONG,489800,16,,,{'id': 22572}
1200366807,VERY_LONG,370000,325,,,{'id': 124669}
1200369189,VERY_LONG,4650000,5,,,{'id': 29539}
1200369298,LONG,,1,123207800,,"{'id': 159557, 'context': 0, 'bonus_lists': [4796, 1683], 'modifiers': [{'type': 9, 'value': 50}]}"
1200369349,LONG,,1,50700,,"{'id': 25066, 'context': 22, 'bonus_lists': [1679]}"
1200369370,LONG,,1,2740000,,"{'id': 106620, 'context': 0, 'bonus_lists': [6654, 196], 'modifiers': [{'type': 9, 'value': 40}, {'type': 28, 'value': 66}]}"
1200369387,LONG,19900,11,,,{'id': 110610}
1200369388,LONG,2950000,1,,,{'id': 52843}
1200369391,LONG,,1,209700,,"{'id': 110293, 'context': 11, 'modifiers': [{'type': 28, 'value': 302}]}"
1200369395,LONG,,1,8549800,,"{'id': 10206, 'context': 1, 'bonus_lists': [6654, 1678], 'modifiers': [{'type': 9, 'value': 30}, {'type': 28, 'value': 282}]}"
1200369408,LONG,,1,880000,,"{'id': 8199, 'context': 1, 'bonus_lists': [6655, 1679], 'modifiers': [{'type': 9, 'value': 30}, {'type': 28, 'value': 282}]}"
1200369410,LONG,,1,1970000,,"{'id': 15287, 'context': 1, 'bonus_lists': [6655, 1693], 'modifiers': [{'type': 9, 'value': 30}, {'type': 28, 'value': 214}]}"
1200369419,LONG,,1,1640000,,"{'id': 10130, 'context': 1, 'bonus_lists': [6654, 1708], 'modifiers': [{'type': 9, 'value': 30}, {'type': 28, 'value': 214}]}"
1200369455,LONG,7500,3,,,{'id': 10620}
1200369487,LONG,11600,16,,,{'id': 130905}
1200369541,LONG,,1,177000,,"{'id': 116643, 'context': 29, 'bonus_lists': [3875, 169], 'modifiers': [{'type': 9, 'value': 50}]}"
1200369635,VERY_LONG,88600,5000,,,{'id': 72120}
1200369649,VERY_LONG,88600,933,,,{'id': 72120}
1200369695,VERY_LONG,630000,9,,,{'id': 124669}
1200369985,VERY_LONG,199900,200,,,{'id': 152510}
1200371239,LONG,,1,4103108000,,"{'id': 82800, 'context': 0, 'modifiers': [{'type': 6, 'value': 16943}], 'pet_breed_id': 3, 'pet_level': 1, 'pet_quality_id': 3, 'pet_species_id': 130}"
1200371358,LONG,,1,9132000,,"{'id': 9912, 'context': 54, 'bonus_lists': [1709, 4277], 'modifiers': [{'type': 9, 'value': 50}]}"
1200371381,LONG,,1,20000000,,"{'id': 82800, 'context': 0, 'modifiers': [{'type': 6, 'value': 90413}], 'pet_breed_id': 15, 'pet_level': 1, 'pet_quality_id': 3, 'pet_species_id': 2720}"
1200371384,LONG,,1,20000000,,"{'id': 82800, 'context': 0, 'modifiers': [{'type': 6, 'value': 90413}], 'pet_breed_id': 15, 'pet_level': 1, 'pet_quality_id': 3, 'pet_species_id': 2720}"
1200371392,VERY_LONG,409800,20,,,{'id': 163222}
1200371395,LONG,,1,150000000,,"{'id': 82800, 'context': 0, 'modifiers': [{'type': 6, 'value': 88761}], 'pet_breed_id': 15, 'pet_level': 1, 'pet_quality_id': 2, 'pet_species_id': 2712}"
1200371397,LONG,,1,150000000,,"{'id': 82800, 'context': 0, 'modifiers': [{'type': 6, 'value': 88761}], 'pet_breed_id': 15, 'pet_level': 1, 'pet_quality_id': 2, 'pet_species_id': 2712}"
1200371413,LONG,,1,19999900,,"{'id': 82800, 'context': 0, 'modifiers': [{'type': 6, 'value': 88064}], 'pet_breed_id': 14, 'pet_level': 1, 'pet_quality_id': 3, 'pet_species_id': 2473}"
1200371418,LONG,,1,19999900,,"{'id': 82800, 'context': 0, 'modifiers': [{'type': 6, 'value': 88064}], 'pet_breed_id': 14, 'pet_level': 1, 'pet_quality_id': 3, 'pet_species_id': 2473}"
1200371432,LONG,,1,1700000,,"{'id': 82800, 'context': 0, 'modifiers': [{'type': 6, 'value': 80966}], 'pet_breed_id': 21, 'pet_level': 1, 'pet_quality_id': 3, 'pet_species_id': 2556}"
1200371435,LONG,,1,1700000,,"{'id': 82800, 'context': 0, 'modifiers': [{'type': 6, 'value': 80966}], 'pet_breed_id': 11, 'pet_level': 1, 'pet_quality_id': 3, 'pet_species_id': 2556}"
1200371437,LONG,,1,1700000,,"{'id': 82800, 'context': 0, 'modifiers': [{'type': 6, 'value': 80966}], 'pet_breed_id': 11, 'pet_level': 1, 'pet_quality_id': 3, 'pet_species_id': 2556}"
1200371456,LONG,,1,4009600,,"{'id': 82800, 'context': 0, 'modifiers': [{'type': 6, 'value': 73684}], 'pet_breed_id': 16, 'pet_level': 1, 'pet_quality_id': 3, 'pet_species_id': 1959}"
1200371464,LONG,,1,699000,,"{'id': 82800, 'context': 0, 'modifiers': [{'type': 6, 'value': 19985}], 'pet_breed_id': 13, 'pet_level': 1, 'pet_quality_id': 2, 'pet_species_id': 140}"
1200371467,LONG,,1,699000,,"{'id': 82800, 'context': 0, 'modifiers': [{'type': 6, 'value': 19985}], 'pet_breed_id': 3, 'pet_level': 1, 'pet_quality_id': 2, 'pet_species_id': 140}"
1200371483,LONG,,1,13832000,,"{'id': 82800, 'context': 0, 'modifiers': [{'type': 6, 'value': 59352}], 'pet_breed_id': 19, 'pet_level': 1, 'pet_quality_id': 3, 'pet_species_id': 1524}"
1200371503,LONG,,1,159999800,,"{'id': 82800, 'context': 0, 'modifiers': [{'type': 6, 'value': 91656}], 'pet_breed_id': 10, 'pet_level': 1, 'pet_quality_id': 3, 'pet_species_id': 2721}"
1200371537,LONG,,1,100000000,,"{'id': 82800, 'context': 0, 'modifiers': [{'type': 6, 'value': 86532}], 'pet_breed_id': 8, 'pet_level': 1, 'pet_quality_id': 3, 'pet_species_id': 2794}"
1200371541,LONG,,1,100000000,,"{'id': 82800, 'context': 0, 'modifiers': [{'type': 6, 'value': 86532}], 'pet_breed_id': 8, 'pet_level': 1, 'pet_quality_id': 3, 'pet_species_id': 2794}"
1200371560,LONG,,1,6399900,,"{'id': 82800, 'context': 0, 'modifiers': [{'type': 6, 'value': 88001}], 'pet_breed_id': 21, 'pet_level': 1, 'pet_quality_id': 3, 'pet_species_id': 2447}"
1200371588,LONG,,1,8993600,,"{'id': 82800, 'context': 0, 'modifiers': [{'type': 6, 'value': 88004}], 'pet_breed_id': 18, 'pet_level': 1, 'pet_quality_id': 3, 'pet_species_id': 2450}"
1200371619,LONG,,1,57871500,,"{'id': 82800, 'context': 0, 'modifiers': [{'type': 6, 'value': 48212}], 'pet_breed_id': 8, 'pet_level': 1, 'pet_quality_id': 3, 'pet_species_id': 1200}"
1200371647,LONG,,1,47257000,,"{'id': 82800, 'context': 0, 'modifiers': [{'type': 6, 'value': 87999}], 'pet_breed_id': 7, 'pet_level': 1, 'pet_quality_id': 3, 'pet_species_id': 2445}"
1200371671,LONG,,1,12999900,,"{'id': 82800, 'context': 0, 'modifiers': [{'type': 6, 'value': 88040}], 'pet_breed_id': 14, 'pet_level': 1, 'pet_quality_id': 2, 'pet_species_id': 2464}"
1200371683,VERY_LONG,407600,20,,,{'id': 163223}
1200371687,LONG,,1,5499600,,"{'id': 82800, 'context': 0, 'modifiers': [{'type': 6, 'value': 88036}], 'pet_breed_id': 6, 'pet_level': 1, 'pet_quality_id': 3, 'pet_species_id': 2458}"
1200371703,LONG,,1,99989800,,"{'id': 82800, 'context': 0, 'modifiers': [{'type': 6, 'value': 99866}], 'pet_breed_id': 19, 'pet_level': 1, 'pet_quality_id': 2, 'pet_species_id': 2916}"
1200371726,LONG,,1,755600,,"{'id': 82800, 'context': 0, 'modifiers': [{'type': 6, 'value': 88057}], 'pet_breed_id': 17, 'pet_level': 1, 'pet_quality_id': 3, 'pet_species_id': 2465}"
1200371727,LONG,,1,755600,,"{'id': 82800, 'context': 0, 'modifiers': [{'type': 6, 'value': 88057}], 'pet_breed_id': 17, 'pet_level': 1, 'pet_quality_id': 3, 'pet_species_id': 2465}"
1200371738,LONG,,1,6406000,,"{'id': 82800, 'context': 0, 'modifiers': [{'type': 6, 'value': 66487}], 'pet_breed_id': 17, 'pet_level': 1, 'pet_quality_id': 3, 'pet_species_id': 2551}"
1200371750,LONG,,1,18193700,,"{'id': 82800, 'context': 0, 'modifiers': [{'type': 6, 'value': 45190}], 'pet_breed_id': 19, 'pet_level': 1, 'pet_quality_id': 3, 'pet_species_id': 2469}"
1200371764,LONG,,1,99999900,,"{'id': 82800, 'context': 0, 'modifiers': [{'type': 6, 'value': 78837}], 'pet_breed_id': 6, 'pet_level': 1, 'pet_quality_id': 2, 'pet_species_id': 2474}"
1200371783,LONG,,1,499900,,"{'id': 82800, 'context': 0, 'modifiers': [{'type': 6, 'value': 2955}], 'pet_breed_id': 21, 'pet_level': 1, 'pet_quality_id': 2, 'pet_species_id': 74}"
1200371793,LONG,,1,800000,,"{'id': 82800, 'context': 0, 'modifiers': [{'type': 6, 'value': 81098}], 'pet_breed_id': 6, 'pet_level': 1, 'pet_quality_id': 3, 'pet_species_id': 2472}"
1200371796,LONG,,1,800000,,"{'id': 82800, 'context': 0, 'modifiers': [{'type': 6, 'value': 81098}], 'pet_breed_id': 6, 'pet_level': 1, 'pet_quality_id': 3, 'pet_species_id': 2472}"
1200371799,LONG,,1,800000,,"{'id': 82800, 'context': 0, 'modifiers': [{'type': 6, 'value': 81098}], 'pet_breed_id': 6, 'pet_level': 1, 'pet_quality_id': 3, 'pet_species_id': 2472}"
1200371818,LONG,,1,12008500,,"{'id': 82800, 'context': 0, 'modifiers': [{'type': 6, 'value': 81214}], 'pet_breed_id': 19, 'pet_level': 1, 'pet_quality_id': 3, 'pet_species_id': 2719}"
1200371828,LONG,,1,999800,,"{'id': 82800, 'context': 0, 'modifiers': [{'type': 6, 'value': 99898}], 'pet_breed_id': 9, 'pet_level': 1, 'pet_quality_id': 2, 'pet_species_id': 2908}"
1200371842,LONG,,1,19999900,,"{'id': 82800, 'context': 0, 'modifiers': [{'type': 6, 'value': 79634}], 'pet_breed_id': 7, 'pet_level': 1, 'pet_quality_id': 3, 'pet_species_id': 2079}"
1200371849,LONG,,1,15283600,,"{'id': 82800, 'context': 0, 'modifiers': [{'type': 6, 'value': 901}], 'pet_breed_id': 3, 'pet_level': 1, 'pet_quality_id': 2, 'pet_species_id': 95}"
1200371869,LONG,,1,44400000,,"{'id': 82800, 'context': 0, 'modifiers': [{'type': 6, 'value': 99869}], 'pet_breed_id': 22, 'pet_level': 1, 'pet_quality_id': 2, 'pet_species_id': 3027}"
1200371872,LONG,,1,44400000,,"{'id': 82800, 'context': 0, 'modifiers': [{'type': 6, 'value': 99869}], 'pet_breed_id': 9, 'pet_level': 1, 'pet_quality_id': 2, 'pet_species_id': 3027}"
1200371874,LONG,,1,44400000,,"{'id': 82800, 'context': 0, 'modifiers': [{'type': 6, 'value': 99869}], 'pet_breed_id': 22, 'pet_level': 1, 'pet_quality_id': 2, 'pet_species_id': 3027}"
1200371896,LONG,,1,98417500,,"{'id': 82800, 'context': 0, 'modifiers': [{'type': 6, 'value': 80466}], 'pet_breed_id': 4, 'pet_level': 1, 'pet_quality_id': 3, 'pet_species_id': 2708}"
1200371912,LONG,,1,59890000,,"{'id': 82800, 'context': 0, 'modifiers': [{'type': 6, 'value': 50613}], 'pet_breed_id': 8, 'pet_level': 1, 'pet_quality_id': 3, 'pet_species_id': 2702}"
1200371920,LONG,,1,98417500,,"{'id': 82800, 'context': 0, 'modifiers': [{'type': 6, 'value': 80466}], 'pet_breed_id': 14, 'pet_level': 1, 'pet_quality_id': 3, 'pet_species_id': 2708}"
1200371934,LONG,,1,27500000,,"{'id': 82800, 'context': 0, 'modifiers': [{'type': 6, 'value': 90176}], 'pet_breed_id': 15, 'pet_level': 1, 'pet_quality_id': 3, 'pet_species_id': 2553}"
1200371944,LONG,,1,19989800,,"{'id': 82800, 'context': 0, 'modifiers': [{'type': 6, 'value': 98457}], 'pet_breed_id': 15, 'pet_level': 1, 'pet_quality_id': 2, 'pet_species_id': 3020}"
1200371954,LONG,,1,4004000,,"{'id': 82800, 'context': 0, 'modifiers': [{'type': 6, 'value': 79707}], 'pet_breed_id': 14, 'pet_level': 1, 'pet_quality_id': 3, 'pet_species_id': 2086}"
1200371963,LONG,,1,85000100,,"{'id': 108633, 'context': 0}"
1200371975,LONG,,1,315980000,,"{'id': 82800, 'context': 0, 'modifiers': [{'type': 6, 'value': 83653}], 'pet_breed_id': 3, 'pet_level': 1, 'pet_quality_id': 2, 'pet_species_id': 2477}"
1200371989,LONG,,1,236973800,,"{'id': 134125, 'context': 13, 'bonus_lists': [6839]}"
1200371992,LONG,,1,236973800,,"{'id': 134125, 'context': 13, 'bonus_lists': [6839]}"
1200372089,LONG,,1,99990100,,"{'id': 164368, 'context': 11, 'modifiers': [{'type': 28, 'value': 645}]}"
1200373139,LONG,,1,99998300,,"{'id': 118347, 'context': 1}"
1200373170,LONG,,1,99998300,,"{'id': 118341, 'context': 0}"
1200373236,LONG,,1,887772300,,"{'id': 163926, 'context': 14, 'modifiers': [{'type': 28, 'value': 186}]}"
1200373319,LONG,,1,2387360800,,"{'id': 164438, 'context': 14, 'modifiers': [{'type': 28, 'value': 186}]}"
1200373333,LONG,,1,152360600,,"{'id': 164442, 'context': 14, 'modifiers': [{'type': 28, 'value': 186}]}"
1200373340,LONG,,1,1138463500,,"{'id': 164440, 'context': 14, 'modifiers': [{'type': 28, 'value': 186}]}"
1200373367,LONG,,1,1840253100,,"{'id': 164439, 'context': 14, 'modifiers': [{'type': 28, 'value': 186}]}"
1200373758,LONG,,1,1150000,,"{'id': 3678, 'context': 0, 'modifiers': [{'type': 28, 'value': 705}]}"
1200373882,VERY_LONG,,1,200000000,,"{'id': 183031, 'context': 3, 'bonus_lists': [7189, 6652, 7194, 1472, 6646], 'modifiers': [{'type': 28, 'value': 751}]}"
1200376149,LONG,,1,60000000,,"{'id': 2057, 'context': 0, 'bonus_lists': [6713], 'modifiers': [{'type': 9, 'value': 50}, {'type': 28, 'value': 705}]}"
1200376387,VERY_LONG,,1,4105584000,,"{'id': 3231, 'context': 0}"
1200376388,VERY_LONG,,1,5490682800,,"{'id': 20656, 'context': 0, 'bonus_lists': [1677]}"
1200376394,VERY_LONG,,1,80893100,80084200,"{'id': 71266, 'context': 14}"
1200376397,VERY_LONG,,1,62500000,61875000,"{'id': 82800, 'context': 0, 'modifiers': [{'type': 6, 'value': 61888}], 'pet_breed_id': 4, 'pet_level': 25, 'pet_quality_id': 3, 'pet_species_id': 1624}"
1200376399,VERY_LONG,,1,72500000,71775000,"{'id': 82800, 'context': 0, 'modifiers': [{'type': 6, 'value': 79760}], 'pet_breed_id': 15, 'pet_level': 25, 'pet_quality_id': 3, 'pet_species_id': 2120}"
1200376401,VERY_LONG,,1,750000000,742500000,"{'id': 116804, 'context': 14}"
1200376404,VERY_LONG,,1,190000000,,"{'id': 141285, 'context': 0, 'bonus_lists': [1812], 'modifiers': [{'type': 9, 'value': 40}]}"
1200376407,VERY_LONG,,1,190000000,,"{'id': 141285, 'context': 0, 'bonus_lists': [1812], 'modifiers': [{'type': 9, 'value': 40}]}"
1200376412,VERY_LONG,,1,190000000,,"{'id': 141285, 'context': 0, 'bonus_lists': [1812], 'modifiers': [{'type': 9, 'value': 40}]}"
1200376415,VERY_LONG,,1,80975000,80165300,"{'id': 82800, 'context': 0, 'modifiers': [{'type': 6, 'value': 88064}], 'pet_breed_id': 14, 'pet_level': 25, 'pet_quality_id': 3, 'pet_species_id': 2473}"
1200376421,VERY_LONG,,1,98916200,,"{'id': 14901, 'context': 37, 'bonus_lists': [1678, 3835], 'modifiers': [{'type': 9, 'value': 19}]}"
1200376423,VERY_LONG,,1,45384500,,"{'id': 2535, 'context': 14}"
1200376427,VERY_LONG,,1,52500000,51975000,"{'id': 82800, 'context': 0, 'pet_breed_id': 20, 'pet_level': 1, 'pet_quality_id': 3, 'pet_species_id': 1545}"
1200376430,VERY_LONG,,1,125000000,123750000,"{'id': 82800, 'context': 0, 'modifiers': [{'type': 6, 'value': 59017}], 'pet_breed_id': 20, 'pet_level': 25, 'pet_quality_id': 3, 'pet_species_id': 1545}"
1200376434,VERY_LONG,,1,79500000,,"{'id': 82800, 'context': 0, 'modifiers': [{'type': 6, 'value': 90413}], 'pet_breed_id': 15, 'pet_level': 1, 'pet_quality_id': 3, 'pet_species_id': 2720}"
1200376437,VERY_LONG,,1,190000000,,"{'id': 141290, 'context': 0, 'bonus_lists': [1812], 'modifiers': [{'type': 9, 'value': 42}]}"
1200376441,VERY_LONG,,1,51324300,,"{'id': 55390, 'context': 0, 'bonus_lists': [1700]}"
1200376443,VERY_LONG,,1,70748500,70041000,"{'id': 71261, 'context': 14}"
1200376448,VERY_LONG,,1,97500000,,"{'id': 82800, 'context': 0, 'modifiers': [{'type': 6, 'value': 48057}], 'pet_breed_id': 20, 'pet_level': 25, 'pet_quality_id': 3, 'pet_species_id': 1213}"
1200376449,LONG,80000,3,,,{'id': 160711}
1200376451,VERY_LONG,,1,200000000,198000000,"{'id': 132921, 'context': 26, 'bonus_lists': [1472, 3336, 3431]}"
1200376456,VERY_LONG,,1,175000000,173250000,"{'id': 82800, 'context': 0, 'modifiers': [{'type': 6, 'value': 65667}], 'pet_breed_id': 12, 'pet_level': 25, 'pet_quality_id': 2, 'pet_species_id': 1756}"
1200376460,VERY_LONG,,1,175000000,173250000,"{'id': 82800, 'context': 0, 'modifiers': [{'type': 6, 'value': 65667}], 'pet_breed_id': 12, 'pet_level': 25, 'pet_quality_id': 3, 'pet_species_id': 1756}"
1200376461,VERY_LONG,,1,72500000,71775000,"{'id': 82800, 'context': 0, 'pet_breed_id': 9, 'pet_level': 25, 'pet_quality_id': 3, 'pet_species_id': 1754}"
1200376464,VERY_LONG,,1,66701500,,"{'id': 844, 'context': 14}"
1200376467,VERY_LONG,,1,275000000,272250000,"{'id': 82800, 'context': 0, 'modifiers': [{'type': 6, 'value': 41833}], 'pet_breed_id': 9, 'pet_level': 25, 'pet_quality_id': 3, 'pet_species_id': 381}"
1200376470,VERY_LONG,,1,125000000,123750000,"{'id': 82800, 'context': 0, 'modifiers': [{'type': 6, 'value': 88766}], 'pet_breed_id': 12, 'pet_level': 25, 'pet_quality_id': 3, 'pet_species_id': 2713}"
1200376471,VERY_LONG,,1,225000000,222750000,"{'id': 82800, 'context': 0, 'modifiers': [{'type': 6, 'value': 54752}], 'pet_breed_id': 16, 'pet_level': 25, 'pet_quality_id': 3, 'pet_species_id': 1395}"
1200376472,VERY_LONG,,1,48715800,,"{'id': 1843, 'context': 14}"
1200376477,VERY_LONG,,1,89500000,,"{'id': 82800, 'context': 0, 'modifiers': [{'type': 6, 'value': 73671}], 'pet_breed_id': 4, 'pet_level': 25, 'pet_quality_id': 3, 'pet_species_id': 1955}"
1200376479,VERY_LONG,,1,300000000,297000000,"{'id': 82800, 'context': 0, 'modifiers': [{'type': 6, 'value': 28482}], 'pet_breed_id': 3, 'pet_level': 25, 'pet_quality_id': 3, 'pet_species_id': 204}"
1200376480,VERY_LONG,,1,199979900,,"{'id': 2376, 'context': 14}"
1200376481,VERY_LONG,,1,100000000,99000000,"{'id': 82800, 'context': 0, 'pet_breed_id': 20, 'pet_level': 25, 'pet_quality_id': 3, 'pet_species_id': 1434}"
1200376484,VERY_LONG,,1,100000000,99000000,"{'id': 82800, 'context': 0, 'modifiers': [{'type': 6, 'value': 88040}], 'pet_breed_id': 14, 'pet_level': 25, 'pet_quality_id': 3, 'pet_species_id': 2464}"
1200376487,VERY_LONG,,1,147500000,,"{'id': 82800, 'context': 0, 'modifiers': [{'type': 6, 'value': 88036}], 'pet_breed_id': 6, 'pet_level': 25, 'pet_quality_id': 3, 'pet_species_id': 2458}"
1200376490,VERY_LONG,,1,13097400,12966400,"{'id': 8296, 'context': 0}"
1200376493,VERY_LONG,,1,79500000,,"{'id': 82800, 'context': 0, 'modifiers': [{'type': 6, 'value': 79639}], 'pet_breed_id': 5, 'pet_level': 25, 'pet_quality_id': 3, 'pet_species_id': 2085}"
1200376496,VERY_LONG,,1,32500000,32175000,"{'id': 82800, 'context': 0, 'pet_breed_id': 8, 'pet_level': 1, 'pet_quality_id': 3, 'pet_species_id': 1568}"
1200376499,VERY_LONG,,1,17500200,,"{'id': 25217, 'context': 0, 'bonus_lists': [1680]}"
1200376501,VERY_LONG,,1,175000000,173250000,"{'id': 82800, 'context': 0, 'modifiers': [{'type': 6, 'value': 16259}], 'pet_breed_id': 5, 'pet_level': 25, 'pet_quality_id': 3, 'pet_species_id': 125}"
1200376504,LONG,,1,200000000,,"{'id': 183031, 'context': 3, 'bonus_lists': [7189, 6652, 7193, 1472, 6646], 'modifiers': [{'type': 28, 'value': 751}]}"
1200376507,VERY_LONG,,1,56503400,,"{'id': 2370, 'context': 14}"
1200376509,VERY_LONG,,1,62500000,61875000,"{'id': 82800, 'context': 0, 'modifiers': [{'type': 6, 'value': 90155}], 'pet_breed_id': 8, 'pet_level': 25, 'pet_quality_id': 3, 'pet_species_id': 2544}"
1200376511,VERY_LONG,,1,134728400,,"{'id': 237, 'context': 14}"
1200376514,VERY_LONG,,1,186902400,,"{'id': 2469, 'context': 14}"
1200376608,LONG,,1,299929900,,"{'id': 171417, 'context': 65, 'bonus_lists': [6718, 1522]}"
1200376613,LONG,,1,299929900,,"{'id': 171417, 'context': 65, 'bonus_lists': [6718, 1522]}"
1200376619,LONG,,1,299929900,,"{'id': 171417, 'context': 65, 'bonus_lists': [6718, 1522]}"
1200376623,LONG,,1,299929900,,"{'id': 171417, 'context': 65, 'bonus_lists': [6718, 1522]}"
1200376627,LONG,,1,299929900,,"{'id': 171417, 'context': 65, 'bonus_lists': [6718, 1522]}"
1200376630,LONG,,1,299929900,,"{'id': 171417, 'context': 65, 'bonus_lists': [6718, 1522]}"
1200376635,LONG,,1,299929900,,"{'id': 171417, 'context': 65, 'bonus_lists': [6718, 1522]}"
1200376637,LONG,,1,299929900,,"{'id': 171417, 'context': 65, 'bonus_lists': [6718, 1522]}"
1200376642,LONG,,1,299929900,,"{'id': 171417, 'context': 65, 'bonus_lists': [6718, 1522]}"
1200376645,LONG,,1,299929900,,"{'id': 171417, 'context': 65, 'bonus_lists': [6718, 1522]}"
1200376649,LONG,,1,299929900,,"{'id': 171417, 'context': 65, 'bonus_lists': [6718, 1522]}"
1200376652,LONG,,1,299929900,,"{'id': 171417, 'context': 65, 'bonus_lists': [6718, 1522]}"
1200376654,LONG,,1,299929900,,"{'id': 171417, 'context': 65, 'bonus_lists': [6718, 1522]}"
1200376656,LONG,,1,299929900,,"{'id': 171417, 'context': 65, 'bonus_lists': [6718, 1522]}"
1200376659,LONG,,1,299929900,,"{'id': 171417, 'context': 65, 'bonus_lists': [6718, 1522]}"
1200376708,LONG,,1,119899800,,"{'id': 171417, 'context': 64, 'bonus_lists': [6717, 1507]}"
1200376710,LONG,,1,119899800,,"{'id': 171417, 'context': 64, 'bonus_lists': [6717, 1507]}"
1200376712,LONG,,1,119899800,,"{'id': 171417, 'context': 64, 'bonus_lists': [6717, 1507]}"
1200376715,LONG,,1,119899800,,"{'id': 171417, 'context': 64, 'bonus_lists': [6717, 1507]}"
1200376716,LONG,,1,119899800,,"{'id': 171417, 'context': 64, 'bonus_lists': [6717, 1507]}"
1200376802,VERY_LONG,,1,69500000,,"{'id': 82800, 'context': 0, 'modifiers': [{'type': 6, 'value': 15660}], 'pet_breed_id': 3, 'pet_level': 25, 'pet_quality_id': 3, 'pet_species_id': 119}"
1200376807,VERY_LONG,,1,97500000,,"{'id': 82800, 'context': 0, 'modifiers': [{'type': 6, 'value': 901}], 'pet_breed_id': 9, 'pet_level': 25, 'pet_quality_id': 3, 'pet_species_id': 64}"
1200376811,VERY_LONG,,1,97500000,,"{'id': 82800, 'context': 0, 'modifiers': [{'type': 6, 'value': 39739}], 'pet_breed_id': 21, 'pet_level': 25, 'pet_quality_id': 3, 'pet_species_id': 2584}"
1200376816,VERY_LONG,,1,200000000,198000000,"{'id': 82800, 'context': 0, 'modifiers': [{'type': 6, 'value': 91235}], 'pet_breed_id': 10, 'pet_level': 25, 'pet_quality_id': 3, 'pet_species_id': 2681}"
1200376820,VERY_LONG,,1,350000000,346500000,"{'id': 141564, 'context': 26, 'bonus_lists': [1808, 1472, 3528, 3431]}"
1200376827,VERY_LONG,,1,89500000,,"{'id': 82800, 'context': 0, 'modifiers': [{'type': 6, 'value': 48663}], 'pet_breed_id': 12, 'pet_level': 25, 'pet_quality_id': 3, 'pet_species_id': 1235}"
1200376832,VERY_LONG,,1,61417700,60803500,"{'id': 82800, 'context': 0, 'modifiers': [{'type': 6, 'value': 66157}], 'pet_breed_id': 13, 'pet_level': 25, 'pet_quality_id': 3, 'pet_species_id': 1804}"
1200376837,VERY_LONG,,1,500000000,,"{'id': 150922, 'context': 11, 'bonus_lists': [6315], 'modifiers': [{'type': 9, 'value': 50}]}"
1200376841,VERY_LONG,,1,97500000,,"{'id': 82800, 'context': 0, 'modifiers': [{'type': 6, 'value': 90944}], 'pet_breed_id': 18, 'pet_level': 25, 'pet_quality_id': 3, 'pet_species_id': 2695}"
1200376846,VERY_LONG,,1,90000000,89500000,"{'id': 82800, 'context': 0, 'modifiers': [{'type': 6, 'value': 87903}], 'pet_breed_id': 3, 'pet_level': 25, 'pet_quality_id': 3, 'pet_species_id': 2437}"
1200376854,VERY_LONG,,1,72499800,,"{'id': 55444, 'context': 0, 'bonus_lists': [1701]}"
1200376859,VERY_LONG,,1,175000000,173250000,"{'id': 82800, 'context': 0, 'modifiers': [{'type': 6, 'value': 76763}], 'pet_breed_id': 5, 'pet_level': 25, 'pet_quality_id': 3, 'pet_species_id': 2559}"
1200376863,VERY_LONG,,1,40423100,,"{'id': 286, 'context': 14}"
1200376868,VERY_LONG,,1,750000000,,"{'id': 78248, 'context': 14}"
1200376873,VERY_LONG,,1,122500000,,"{'id': 82800, 'context': 0, 'modifiers': [{'type': 6, 'value': 44551}], 'pet_breed_id': 16, 'pet_level': 25, 'pet_quality_id': 3, 'pet_species_id': 1039}"
1200376880,VERY_LONG,,1,12500000,12375000,"{'id': 82800, 'context': 0, 'pet_breed_id': 18, 'pet_level': 1, 'pet_quality_id': 3, 'pet_species_id': 1156}"
1200376884,VERY_LONG,,1,200000000,198000000,"{'id': 141587, 'context': 26, 'bonus_lists': [1472, 3528, 3431]}"
1200376889,VERY_LONG,,1,200000000,198000000,"{'id': 141587, 'context': 26, 'bonus_lists': [1472, 3528, 3431]}"
1200376896,VERY_LONG,,1,190000000,,"{'id': 141293, 'context': 0, 'bonus_lists': [1812], 'modifiers': [{'type': 9, 'value': 43}]}"
1200376901,VERY_LONG,,1,106638500,105572100,"{'id': 77175, 'context': 14}"
1200376908,VERY_LONG,,1,175000000,173250000,"{'id': 82800, 'context': 0, 'modifiers': [{'type': 6, 'value': 51270}], 'pet_breed_id': 18, 'pet_level': 25, 'pet_quality_id': 3, 'pet_species_id': 1333}"
1200376913,VERY_LONG,,1,259326800,,"{'id': 118833, 'context': 29, 'bonus_lists': [3916], 'modifiers': [{'type': 9, 'value': 45}]}"
1200376921,VERY_LONG,,1,69500000,,"{'id': 82800, 'context': 0, 'pet_breed_id': 4, 'pet_level': 1, 'pet_quality_id': 3, 'pet_species_id': 1178}"
1200376928,VERY_LONG,,1,29500000,,"{'id': 82800, 'context': 0, 'modifiers': [{'type': 6, 'value': 46925}], 'pet_breed_id': 6, 'pet_level': 1, 'pet_quality_id': 3, 'pet_species_id': 1152}"
1200376933,VERY_LONG,,1,72029000,,"{'id': 62263, 'context': 14}"
1200376941,VERY_LONG,,1,69500000,,"{'id': 82800, 'context': 0, 'modifiers': [{'type': 6, 'value': 88002}], 'pet_breed_id': 19, 'pet_level': 25, 'pet_quality_id': 3, 'pet_species_id': 2448}"
1200376947,VERY_LONG,,1,225101400,,"{'id': 17185, 'context': 14}"
1200376952,VERY_LONG,,1,86344200,,"{'id': 238, 'context': 14}"
1200376960,VERY_LONG,,1,3282994800,,"{'id': 10553, 'context': 0}"
1200376967,VERY_LONG,600000,509,,,{'id': 39334}
1200376972,VERY_LONG,,1,27808900,,"{'id': 55789, 'context': 1}"
1200376979,VERY_LONG,,1,650000000,,"{'id': 50380, 'context': 0}"
1200376985,VERY_LONG,,1,200000000,198000000,"{'id': 82800, 'context': 0, 'modifiers': [{'type': 6, 'value': 22389}], 'pet_breed_id': 3, 'pet_level': 25, 'pet_quality_id': 3, 'pet_species_id': 164}"
1200376991,VERY_LONG,,1,172500000,,"{'id': 82800, 'context': 0, 'modifiers': [{'type': 6, 'value': 47749}], 'pet_breed_id': 17, 'pet_level': 25, 'pet_quality_id': 3, 'pet_species_id': 1197}"
1200376996,VERY_LONG,,1,74779300,,"{'id': 14402, 'context': 54, 'bonus_lists': [4277], 'modifiers': [{'type': 9, 'value': 50}]}"
1200377001,VERY_LONG,,1,500000000,495000000,"{'id': 82800, 'context': 0, 'modifiers': [{'type': 6, 'value': 39333}], 'pet_breed_id': 3, 'pet_level': 25, 'pet_quality_id': 3, 'pet_species_id': 342}"
1200377006,VERY_LONG,,1,220000000,,"{'id': 82800, 'context': 0, 'modifiers': [{'type': 6, 'value': 88873}], 'pet_breed_id': 12, 'pet_level': 1, 'pet_quality_id': 3, 'pet_species_id': 2680}"
1200377014,VERY_LONG,,1,94915700,93966500,"{'id': 77316, 'context': 14}"
1200377024,VERY_LONG,,1,350000000,346500000,"{'id': 141573, 'context': 26, 'bonus_lists': [41, 1472, 3528, 3431]}"
1200377033,VERY_LONG,,1,249642900,,"{'id': 31134, 'context': 30, 'bonus_lists': [3932], 'modifiers': [{'type': 9, 'value': 29}]}"
1200377038,VERY_LONG,,1,194553400,,"{'id': 2142, 'context': 14}"
1200377046,VERY_LONG,,1,67336100,,"{'id': 2156, 'context': 14}"
1200377052,VERY_LONG,,1,72139700,,"{'id': 37808, 'context': 0}"
1200377057,VERY_LONG,,1,19500000,,"{'id': 82800, 'context': 0, 'modifiers': [{'type': 6, 'value': 46905}], 'pet_breed_id': 4, 'pet_level': 1, 'pet_quality_id': 3, 'pet_species_id': 1153}"
1200377064,VERY_LONG,,1,32073800,31753100,"{'id': 13027, 'context': 11}"
1200377069,VERY_LONG,,1,59500000,,"{'id': 82800, 'context': 0, 'modifiers': [{'type': 6, 'value': 68861}], 'pet_breed_id': 15, 'pet_level': 1, 'pet_quality_id': 3, 'pet_species_id': 2050}"
1200377075,VERY_LONG,,1,90000000,89500000,"{'id': 82800, 'context': 0, 'modifiers': [{'type': 6, 'value': 57822}], 'pet_breed_id': 13, 'pet_level': 25, 'pet_quality_id': 3, 'pet_species_id': 1430}"
1200377081,VERY_LONG,,1,69611800,69500000,"{'id': 82800, 'context': 0, 'modifiers': [{'type': 6, 'value': 66487}], 'pet_breed_id': 7, 'pet_level': 25, 'pet_quality_id': 3, 'pet_species_id': 2551}"
1200377373,VERY_LONG,1323200,1,,,{'id': 172937}
1200377470,VERY_LONG,9995000,20,,,{'id': 171276}
1200377567,VERY_LONG,20499900,20,,,{'id': 172043}
1200377818,VERY_LONG,560000,197,,,{'id': 173034}
1200379273,LONG,40000,1,,,{'id': 152497}
1200379334,LONG,140000,106,,,{'id': 173130}
1200379366,LONG,1500000,2,,,{'id': 173074}
1200379427,LONG,4300,1,,,{'id': 173043}
1200379530,LONG,1229800,10,,,{'id': 171289}
1200379547,LONG,1120000,5,,,{'id': 176811}
1200379572,LONG,53900,20,,,{'id': 171370}
1200379596,LONG,30000,5,,,{'id': 171263}
1200379616,LONG,296900,14,,,{'id': 171268}
1200379634,LONG,806400,17,,,{'id': 171288}
1200379647,LONG,7650000,1,,,{'id': 173161}
1200379650,LONG,1299500,10,,,{'id': 171290}
1200379687,LONG,190000,10,,,{'id': 171271}
1200379714,LONG,660000,3,,,{'id': 184090}
1200379721,VERY_LONG,,1,20272800,20070100,"{'id': 2912, 'context': 0}"
1200379726,VERY_LONG,,1,59500000,,"{'id': 82800, 'context': 0, 'modifiers': [{'type': 6, 'value': 66155}], 'pet_breed_id': 12, 'pet_level': 25, 'pet_quality_id': 3, 'pet_species_id': 1802}"
1200379731,VERY_LONG,,1,82500000,81675000,"{'id': 82800, 'context': 0, 'pet_breed_id': 14, 'pet_level': 25, 'pet_quality_id': 3, 'pet_species_id': 1958}"
1200379734,VERY_LONG,,1,12159300,12037700,"{'id': 55607, 'context': 0, 'bonus_lists': [1684]}"
1200379738,VERY_LONG,,1,117532000,116356700,"{'id': 77169, 'context': 14}"
1200379742,LONG,53900,2,,,{'id': 171370}
1200379745,VERY_LONG,,1,84615900,,"{'id': 2024, 'context': 14}"
1200379751,VERY_LONG,,1,61225600,,"{'id': 5236, 'context': 14}"
1200379758,VERY_LONG,,1,190000000,,"{'id': 141285, 'context': 0, 'bonus_lists': [1812], 'modifiers': [{'type': 9, 'value': 40}]}"
1200379763,VERY_LONG,,1,190000000,,"{'id': 141285, 'context': 0, 'bonus_lists': [1812], 'modifiers': [{'type': 9, 'value': 40}]}"
1200379766,VERY_LONG,,1,190000000,,"{'id': 141285, 'context': 0, 'bonus_lists': [1812], 'modifiers': [{'type': 9, 'value': 40}]}"
1200379773,VERY_LONG,,1,89500000,,"{'id': 82800, 'context': 0, 'modifiers': [{'type': 6, 'value': 37712}], 'pet_breed_id': 21, 'pet_level': 25, 'pet_quality_id': 3, 'pet_species_id': 306}"
1200379779,VERY_LONG,,1,49979700,,"{'id': 14374, 'context': 30, 'bonus_lists': [3833], 'modifiers': [{'type': 9, 'value': 14}]}"
1200379783,VERY_LONG,,1,17453300,,"{'id': 82177, 'context': 0, 'bonus_lists': [1695]}"
1200379788,VERY_LONG,,1,300000000,297000000,"{'id': 82800, 'context': 0, 'modifiers': [{'type': 6, 'value': 47958}], 'pet_breed_id': 21, 'pet_level': 25, 'pet_quality_id': 3, 'pet_species_id': 1208}"
1200379794,LONG,100000,11,,,{'id': 120150}
1200379796,VERY_LONG,,1,175000000,173250000,"{'id': 82800, 'context': 0, 'modifiers': [{'type': 6, 'value': 47747}], 'pet_breed_id': 9, 'pet_level': 25, 'pet_quality_id': 3, 'pet_species_id': 1196}"
1200379797,VERY_LONG,,1,69500000,,"{'id': 82800, 'context': 0, 'modifiers': [{'type': 6, 'value': 38310}], 'pet_breed_id': 14, 'pet_level': 25, 'pet_quality_id': 3, 'pet_species_id': 1693}"
1200379800,VERY_LONG,,1,69500000,,"{'id': 82800, 'context': 0, 'modifiers': [{'type': 6, 'value': 75766}], 'pet_breed_id': 18, 'pet_level': 25, 'pet_quality_id': 3, 'pet_species_id': 2042}"
1200379803,VERY_LONG,,1,128729000,127441700,"{'id': 71260, 'context': 14}"
1200379804,LONG,595700,55,,,{'id': 172049}
1200379806,VERY_LONG,,1,17685100,,"{'id': 116462, 'context': 0, 'bonus_lists': [110]}"
1200379809,VERY_LONG,,1,53248100,,"{'id': 3607, 'context': 14}"
1200379812,VERY_LONG,,1,150000000,148500000,"{'id': 82800, 'context': 0, 'modifiers': [{'type': 6, 'value': 86532}], 'pet_breed_id': 8, 'pet_level': 25, 'pet_quality_id': 3, 'pet_species_id': 2794}"
1200379813,VERY_LONG,,1,328026600,324746300,"{'id': 3737, 'context': 0}"
1200379816,VERY_LONG,,1,79500000,,"{'id': 82800, 'context': 0, 'modifiers': [{'type': 6, 'value': 68859}], 'pet_breed_id': 21, 'pet_level': 25, 'pet_quality_id': 3, 'pet_species_id': 1889}"
1200379819,VERY_LONG,,1,200000000,,"{'id': 141284, 'context': 0, 'bonus_lists': [1812], 'modifiers': [{'type': 9, 'value': 39}]}"
1200379822,VERY_LONG,,1,250000000,247500000,"{'id': 82800, 'context': 0, 'modifiers': [{'type': 6, 'value': 29806}], 'pet_breed_id': 14, 'pet_level': 25, 'pet_quality_id': 3, 'pet_species_id': 239}"
1200379825,VERY_LONG,,1,122500000,,"{'id': 82800, 'context': 0, 'modifiers': [{'type': 6, 'value': 22349}], 'pet_breed_id': 7, 'pet_level': 25, 'pet_quality_id': 3, 'pet_species_id': 153}"
1200379828,VERY_LONG,,1,150000000,148500000,"{'id': 82800, 'context': 0, 'modifiers': [{'type': 6, 'value': 65717}], 'pet_breed_id': 4, 'pet_level': 25, 'pet_quality_id': 3, 'pet_species_id': 1766}"
1200379831,VERY_LONG,,1,150000000,148500000,"{'id': 82800, 'context': 0, 'modifiers': [{'type': 6, 'value': 51505}], 'pet_breed_id': 4, 'pet_level': 25, 'pet_quality_id': 3, 'pet_species_id': 1349}"
1200379832,LONG,19200000,1,,,{'id': 172043}
1200379834,VERY_LONG,,1,12500000,12375000,"{'id': 82800, 'context': 0, 'pet_breed_id': 10, 'pet_level': 1, 'pet_quality_id': 3, 'pet_species_id': 1177}"
1200379836,VERY_LONG,,1,190000000,,"{'id': 141289, 'context': 0, 'bonus_lists': [1812], 'modifiers': [{'type': 9, 'value': 40}]}"
1200379838,VERY_LONG,,1,65000000,,"{'id': 8489, 'context': 14}"
1200379841,VERY_LONG,,1,97500000,,"{'id': 82800, 'context': 0, 'modifiers': [{'type': 6, 'value': 90181}], 'pet_breed_id': 17, 'pet_level': 25, 'pet_quality_id': 3, 'pet_species_id': 2557}"
1200379844,VERY_LONG,,1,49500000,,"{'id': 82800, 'context': 0, 'modifiers': [{'type': 6, 'value': 64194}], 'pet_breed_id': 3, 'pet_level': 25, 'pet_quality_id': 3, 'pet_species_id': 1687}"
1200379847,VERY_LONG,,1,62500000,61875000,"{'id': 82800, 'context': 0, 'pet_breed_id': 18, 'pet_level': 25, 'pet_quality_id': 3, 'pet_species_id': 1962}"
1200379851,VERY_LONG,,1,200000000,198000000,"{'id': 141572, 'context': 26, 'bonus_lists': [1472, 3337, 3431]}"
1200379855,VERY_LONG,,1,200000000,198000000,"{'id': 132921, 'context': 26, 'bonus_lists': [1472, 3336, 3431]}"
1200379857,VERY_LONG,,1,100000000,99000000,"{'id': 82800, 'context': 0, 'modifiers': [{'type': 6, 'value': 5554}], 'pet_breed_id': 13, 'pet_level': 25, 'pet_quality_id': 3, 'pet_species_id': 43}"
1200379859,VERY_LONG,,1,15782900,15625100,"{'id': 6056, 'context': 14}"
1200379861,VERY_LONG,,1,1116017600,,"{'id': 32658, 'context': 0}"
1200379864,VERY_LONG,,1,119996400,,"{'id': 31554, 'context': 2, 'bonus_lists': [1693]}"
1200379867,VERY_LONG,,1,750000000,,"{'id': 78322, 'context': 0}"
1200379870,VERY_LONG,,1,150000000,148500000,"{'id': 82800, 'context': 0, 'modifiers': [{'type': 6, 'value': 90029}], 'pet_breed_id': 5, 'pet_level': 25, 'pet_quality_id': 3, 'pet_species_id': 2539}"
1200379876,VERY_LONG,,1,650006000,,"{'id': 2955, 'context': 0}"
1200379878,VERY_LONG,,1,25000000,24750000,"{'id': 48118, 'context': 0}"
1200379880,VERY_LONG,,1,69500000,,"{'id': 82800, 'context': 0, 'pet_breed_id': 8, 'pet_level': 1, 'pet_quality_id': 3, 'pet_species_id': 1124}"
1200379883,VERY_LONG,,1,89500000,,"{'id': 82800, 'context': 0, 'modifiers': [{'type': 6, 'value': 87870}], 'pet_breed_id': 5, 'pet_level': 25, 'pet_quality_id': 3, 'pet_species_id': 2433}"
1200379886,VERY_LONG,,1,31227600,,"{'id': 838, 'context': 14}"
1200379890,VERY_LONG,,1,80000000,79500000,"{'id': 82800, 'context': 0, 'modifiers': [{'type': 6, 'value': 81665}], 'pet_breed_id': 11, 'pet_level': 25, 'pet_quality_id': 3, 'pet_species_id': 2546}"
1200379892,VERY_LONG,,1,80975000,80165300,"{'id': 82800, 'context': 0, 'modifiers': [{'type': 6, 'value': 61898}], 'pet_breed_id': 3, 'pet_level': 25, 'pet_quality_id': 3, 'pet_species_id': 1634}"
1200379893,VERY_LONG,,1,216404900,214240900,"{'id': 48601, 'context': 14}"
1200379895,VERY_LONG,,1,29500000,,"{'id': 82800, 'context': 0, 'pet_breed_id': 8, 'pet_level': 1, 'pet_quality_id': 3, 'pet_species_id': 1721}"
1200379897,VERY_LONG,,1,850000000,841500000,"{'id': 82800, 'context': 0, 'modifiers': [{'type': 6, 'value': 6290}], 'pet_breed_id': 18, 'pet_level': 25, 'pet_quality_id': 3, 'pet_species_id': 2754}"
1200379901,VERY_LONG,,1,98523800,,"{'id': 2465, 'context': 14}"
1200379902,VERY_LONG,,1,750000000,,"{'id': 78279, 'context': 14}"
1200379905,VERY_LONG,,1,80975000,80165300,"{'id': 82800, 'context': 0, 'modifiers': [{'type': 6, 'value': 88058}], 'pet_breed_id': 14, 'pet_level': 25, 'pet_quality_id': 3, 'pet_species_id': 2466}"
1200379907,VERY_LONG,,1,125000000,123750000,"{'id': 82800, 'context': 0, 'pet_breed_id': 13, 'pet_level': 25, 'pet_quality_id': 3, 'pet_species_id': 141}"
1200379911,VERY_LONG,,1,92500000,91575000,"{'id': 82800, 'context': 0, 'modifiers': [{'type': 6, 'value': 6303}], 'pet_breed_id': 12, 'pet_level': 25, 'pet_quality_id': 3, 'pet_species_id': 78}"
1200379912,VERY_LONG,,1,82370500,,"{'id': 55301, 'context': 0, 'bonus_lists': [1688]}"
1200379913,VERY_LONG,,1,82370500,,"{'id': 55301, 'context': 0, 'bonus_lists': [1701]}"
1200379917,VERY_LONG,,1,89500000,,"{'id': 82800, 'context': 0, 'modifiers': [{'type': 6, 'value': 79709}], 'pet_breed_id': 9, 'pet_level': 25, 'pet_quality_id': 3, 'pet_species_id': 2088}"
1200379920,VERY_LONG,,1,175000000,173250000,"{'id': 82800, 'context': 0, 'modifiers': [{'type': 6, 'value': 90515}], 'pet_breed_id': 12, 'pet_level': 25, 'pet_quality_id': 3, 'pet_species_id': 2698}"
1200379922,VERY_LONG,1102300,5,,,{'id': 38825}
1200379926,LONG,,1,200000000,,"{'id': 171416, 'context': 64, 'bonus_lists': [6717, 1507]}"
1200379927,VERY_LONG,,1,34156000,,"{'id': 5238, 'context': 14}"
1200379932,VERY_LONG,,1,135617800,134261600,"{'id': 77319, 'context': 14}"
1200379936,VERY_LONG,,1,151194600,,"{'id': 3286, 'context': 0}"
1200379940,VERY_LONG,,1,250000000,247500000,"{'id': 82800, 'context': 0, 'modifiers': [{'type': 6, 'value': 23506}], 'pet_breed_id': 3, 'pet_level': 25, 'pet_quality_id': 3, 'pet_species_id': 174}"
1200379946,VERY_LONG,,1,239000000,236610000,"{'id': 141579, 'context': 26, 'bonus_lists': [1472, 3528, 3431]}"
1200379950,VERY_LONG,,1,239000000,236610000,"{'id': 141579, 'context': 26, 'bonus_lists': [1472, 3337, 3431]}"
1200379957,VERY_LONG,,1,1803818000,,"{'id': 2621, 'context': 0}"
1200379959,VERY_LONG,,1,51317000,,"{'id': 1853, 'context': 14}"
1200379963,VERY_LONG,,1,245000000,,"{'id': 82800, 'context': 0, 'modifiers': [{'type': 6, 'value': 51277}], 'pet_breed_id': 16, 'pet_level': 25, 'pet_quality_id': 3, 'pet_species_id': 1330}"
1200379968,VERY_LONG,,1,9500000,,"{'id': 82800, 'context': 0, 'pet_breed_id': 14, 'pet_level': 1, 'pet_quality_id': 3, 'pet_species_id': 1662}"
1200379970,VERY_LONG,,1,125000000,123750000,"{'id': 82800, 'context': 0, 'modifiers': [{'type': 6, 'value': 82688}], 'pet_breed_id': 17, 'pet_level': 25, 'pet_quality_id': 3, 'pet_species_id': 2163}"
1200379975,VERY_LONG,,1,125000000,123750000,"{'id': 82800, 'context': 0, 'modifiers': [{'type': 6, 'value': 38429}], 'pet_breed_id': 3, 'pet_level': 25, 'pet_quality_id': 3, 'pet_species_id': 318}"
1200379979,VERY_LONG,,1,190000000,,"{'id': 141291, 'context': 0, 'bonus_lists': [1812], 'modifiers': [{'type': 9, 'value': 45}]}"
1200379983,VERY_LONG,,1,46404400,,"{'id': 55291, 'context': 0, 'bonus_lists': [1706]}"
1200379987,VERY_LONG,,1,46404400,,"{'id': 55291, 'context': 0, 'bonus_lists': [1698]}"
1200379993,VERY_LONG,,1,340000000,,"{'id': 82800, 'context': 0, 'modifiers': [{'type': 6, 'value': 17192}], 'pet_breed_id': 12, 'pet_level': 25, 'pet_quality_id': 3, 'pet_species_id': 339}"
1200379999,VERY_LONG,,1,36487200,36122300,"{'id': 13139, 'context': 11}"
1200380003,VERY_LONG,,1,283150700,,"{'id': 52544, 'context': 0}"
1200380005,VERY_LONG,,1,29500000,,"{'id': 82800, 'context': 0, 'pet_breed_id': 4, 'pet_level': 1, 'pet_quality_id': 3, 'pet_species_id': 1147}"
1200380007,VERY_LONG,,1,25619800,,"{'id': 3588, 'context': 14}"
1200380011,VERY_LONG,,1,65000000,,"{'id': 46707, 'context': 14}"
1200380016,VERY_LONG,,1,132980500,,"{'id': 31263, 'context': 0, 'bonus_lists': [1693]}"
1200380018,VERY_LONG,,1,50863800,50355200,"{'id': 71264, 'context': 14}"
1200380021,VERY_LONG,,1,150000000,,"{'id': 141566, 'context': 26, 'bonus_lists': [41, 1472, 3528, 3431]}"
1200380026,VERY_LONG,,1,69500000,,"{'id': 82800, 'context': 0, 'pet_breed_id': 5, 'pet_level': 1, 'pet_quality_id': 3, 'pet_species_id': 1320}"
1200380029,VERY_LONG,,1,290000000,,"{'id': 82800, 'context': 0, 'modifiers': [{'type': 6, 'value': 78989}], 'pet_breed_id': 8, 'pet_level': 25, 'pet_quality_id': 3, 'pet_species_id': 2077}"
1200380033,VERY_LONG,,1,97500000,,"{'id': 82800, 'context': 0, 'pet_breed_id': 7, 'pet_level': 1, 'pet_quality_id': 3, 'pet_species_id': 1244}"
1200380036,VERY_LONG,,1,125000000,123750000,"{'id': 82800, 'context': 0, 'modifiers': [{'type': 6, 'value': 48212}], 'pet_breed_id': 8, 'pet_level': 25, 'pet_quality_id': 3, 'pet_species_id': 1200}"
1200380038,VERY_LONG,,1,57365200,,"{'id': 37757, 'context': 0}"
1200380039,VERY_LONG,,1,98965500,,"{'id': 52545, 'context': 0}"
1200380040,VERY_LONG,,1,29500000,,"{'id': 82800, 'context': 0, 'modifiers': [{'type': 6, 'value': 25457}], 'pet_breed_id': 14, 'pet_level': 1, 'pet_quality_id': 3, 'pet_species_id': 186}"
1200380043,VERY_LONG,,1,15745000,,"{'id': 9958, 'context': 54, 'bonus_lists': [4282, 1691], 'modifiers': [{'type': 9, 'value': 45}]}"
1200380046,VERY_LONG,,1,9500000,,"{'id': 82800, 'context': 0, 'modifiers': [{'type': 6, 'value': 46923}], 'pet_breed_id': 8, 'pet_level': 1, 'pet_quality_id': 3, 'pet_species_id': 1149}"
1200380049,VERY_LONG,,1,60337100,59733700,"{'id': 82800, 'context': 0, 'pet_breed_id': 6, 'pet_level': 25, 'pet_quality_id': 3, 'pet_species_id': 1706}"
1200380052,VERY_LONG,,1,79500000,,"{'id': 82800, 'context': 0, 'modifiers': [{'type': 6, 'value': 79707}], 'pet_breed_id': 21, 'pet_level': 25, 'pet_quality_id': 3, 'pet_species_id': 2086}"
1200380054,VERY_LONG,,1,102697300,,"{'id': 87515, 'context': 0}"
1200380055,VERY_LONG,,1,72500000,71775000,"{'id': 82800, 'context': 0, 'modifiers': [{'type': 6, 'value': 94714}], 'pet_breed_id': 14, 'pet_level': 25, 'pet_quality_id': 3, 'pet_species_id': 2841}"
1200380056,VERY_LONG,,1,73504800,,"{'id': 2504, 'context': 0}"
1200380058,VERY_LONG,,1,48249800,,"{'id': 116469, 'context': 0, 'bonus_lists': [121]}"
1200380061,VERY_LONG,,1,150000000,148500000,"{'id': 108635, 'context': 14}"
1200380062,VERY_LONG,,1,18354800,18171300,"{'id': 5643, 'context': 14}"
1200380066,VERY_LONG,,1,125000000,123750000,"{'id': 82800, 'context': 0, 'modifiers': [{'type': 6, 'value': 47848}], 'pet_breed_id': 4, 'pet_level': 25, 'pet_quality_id': 3, 'pet_species_id': 1178}"
1200380070,VERY_LONG,,1,97500000,,"{'id': 82800, 'context': 0, 'modifiers': [{'type': 6, 'value': 58722}], 'pet_breed_id': 17, 'pet_level': 25, 'pet_quality_id': 3, 'pet_species_id': 1416}"
1200380073,VERY_LONG,,1,125000000,123750000,"{'id': 82800, 'context': 0, 'modifiers': [{'type': 6, 'value': 6295}], 'pet_breed_id': 12, 'pet_level': 25, 'pet_quality_id': 3, 'pet_species_id': 65}"
1200380074,VERY_LONG,,1,200000000,198000000,"{'id': 141586, 'context': 26, 'bonus_lists': [1472, 3336, 3431]}"
1200380076,VERY_LONG,,1,262675400,,"{'id': 118790, 'context': 28, 'bonus_lists': [3936], 'modifiers': [{'type': 9, 'value': 39}]}"
1200380079,VERY_LONG,,1,122500000,,"{'id': 82800, 'context': 0, 'modifiers': [{'type': 6, 'value': 79634}], 'pet_breed_id': 17, 'pet_level': 25, 'pet_quality_id': 3, 'pet_species_id': 2079}"
1200380082,VERY_LONG,,1,350000000,346500000,"{'id': 141573, 'context': 26, 'bonus_lists': [41, 1472, 3528, 3431]}"
1200380084,VERY_LONG,,1,350000000,346500000,"{'id': 141573, 'context': 26, 'bonus_lists': [41, 1472, 3528, 3431]}"
1200380089,VERY_LONG,,1,250000000,247500000,"{'id': 141573, 'context': 26, 'bonus_lists': [1472, 3336, 3431]}"
1200380095,VERY_LONG,,1,250000000,247500000,"{'id': 141573, 'context': 26, 'bonus_lists': [1472, 3336, 3431]}"
1200380097,VERY_LONG,,1,250000000,247500000,"{'id': 141573, 'context': 26, 'bonus_lists': [1472, 3336, 3431]}"
1200380098,VERY_LONG,,1,250000000,247500000,"{'id': 141573, 'context': 26, 'bonus_lists': [1472, 3336, 3431]}"
1200381103,VERY_LONG,,1,125000000,123750000,"{'id': 82800, 'context': 0, 'modifiers': [{'type': 6, 'value': 74484}], 'pet_breed_id': 6, 'pet_level': 25, 'pet_quality_id': 3, 'pet_species_id': 1805}"
1200381107,VERY_LONG,,1,195000000,,"{'id': 82800, 'context': 0, 'modifiers': [{'type': 6, 'value': 91021}], 'pet_breed_id': 4, 'pet_level': 25, 'pet_quality_id': 3, 'pet_species_id': 2691}"
1200381109,VERY_LONG,,1,69500000,,"{'id': 82800, 'context': 0, 'modifiers': [{'type': 6, 'value': 88057}], 'pet_breed_id': 17, 'pet_level': 25, 'pet_quality_id': 3, 'pet_species_id': 2465}"
1200381112,VERY_LONG,,1,450000000,445500000,"{'id': 82800, 'context': 0, 'modifiers': [{'type': 6, 'value': 63584}], 'pet_breed_id': 3, 'pet_level': 25, 'pet_quality_id': 3, 'pet_species_id': 1664}"
1200381115,VERY_LONG,,1,499999900,,"{'id': 87466, 'context': 36, 'bonus_lists': [4762], 'modifiers': [{'type': 9, 'value': 45}]}"
1200381116,VERY_LONG,,1,52700500,,"{'id': 31339, 'context': 0}"
1200381117,VERY_LONG,,1,100000000,99000000,"{'id': 82800, 'context': 0, 'modifiers': [{'type': 6, 'value': 23000}], 'pet_breed_id': 7, 'pet_level': 25, 'pet_quality_id': 3, 'pet_species_id': 2547}"
1200381184,LONG,1756400,2,,,{'id': 173173}
1200381190,LONG,8187200,2,,,{'id': 173172}
1200381196,LONG,8406600,4,,,{'id': 173171}
1200381224,LONG,20001600,1,,,{'id': 173092}
1200381232,LONG,22121600,1,,,{'id': 173072}
1200381316,VERY_LONG,23000,3600,,,{'id': 167738}
1200381329,VERY_LONG,,1,1220000,,"{'id': 28282, 'context': 14, 'modifiers': [{'type': 28, 'value': 870}]}"
1200381374,VERY_LONG,630000,620,,,{'id': 124669}
1200381377,VERY_LONG,,1,4900000,,"{'id': 21895, 'context': 14, 'modifiers': [{'type': 28, 'value': 870}]}"
1200381417,VERY_LONG,4500,3,,,{'id': 173032}
1200381425,VERY_LONG,,1,1220000,,"{'id': 22563, 'context': 14, 'modifiers': [{'type': 28, 'value': 870}]}"
1200381553,VERY_LONG,,1,5900000,,"{'id': 21901, 'context': 14}"
1200381612,VERY_LONG,,1,5900000,,"{'id': 21900, 'context': 14}"
1200381641,LONG,1759900,110,,,{'id': 171428}
1200381708,VERY_LONG,,1,1220000,,"{'id': 27699, 'context': 14, 'modifiers': [{'type': 28, 'value': 39}]}"
1200381794,VERY_LONG,,1,1220000,,"{'id': 20753, 'context': 14}"
1200381868,LONG,150000,17,,,{'id': 177716}
1200381873,LONG,669900,3,,,{'id': 172418}
1200381881,LONG,3914500,3,,,{'id': 172415}
1200381887,VERY_LONG,,1,4900000,,"{'id': 20855, 'context': 14}"
1200381891,LONG,550000,6,,,{'id': 172414}
1200381906,LONG,2309200,6,,,{'id': 172411}
1200381916,LONG,4900000,7,,,{'id': 172408}
1200381924,LONG,824900,10,,,{'id': 172407}
1200381932,LONG,461100,7,,,{'id': 172406}
1200381951,VERY_LONG,,1,5900000,,"{'id': 10326, 'context': 14}"
1200381998,LONG,217300,1,,,{'id': 173037}
1200382057,LONG,1348000,8,,,{'id': 172439}
1200382070,VERY_LONG,,1,2220000,,"{'id': 3869, 'context': 1, 'modifiers': [{'type': 28, 'value': 203}]}"
1200383106,LONG,5000000,5,,,{'id': 172437}
1200383129,VERY_LONG,,1,1220000,,"{'id': 27692, 'context': 14, 'modifiers': [{'type': 28, 'value': 39}]}"
1200383161,VERY_LONG,,1,1220000,,"{'id': 22307, 'context': 14}"
1200383188,VERY_LONG,,1,5901700,,"{'id': 10323, 'context': 14}"
1200383242,VERY_LONG,,1,1220000,,"{'id': 21943, 'context': 14}"
1200383287,VERY_LONG,,1,6900000,,"{'id': 21899, 'context': 14}"
1200383298,VERY_LONG,12700,3,,,{'id': 172935}
1200383305,VERY_LONG,1323200,14,,,{'id': 172937}
1200383307,VERY_LONG,184500,33,,,{'id': 172934}
1200383318,VERY_LONG,77000,8,,,{'id': 171828}
1200383321,VERY_LONG,,1,5900000,,"{'id': 21898, 'context': 14, 'modifiers': [{'type': 28, 'value': 38}]}"
1200383344,VERY_LONG,165000,9,,,{'id': 171831}
1200383379,LONG,377000,7,,,{'id': 173033}
1200383412,VERY_LONG,,1,12900000,,"{'id': 7742, 'context': 14}"
1200383442,VERY_LONG,44300,2,,,{'id': 171841}
1200383444,VERY_LONG,,1,147500000,,"{'id': 82800, 'context': 0, 'modifiers': [{'type': 6, 'value': 80966}], 'pet_breed_id': 11, 'pet_level': 25, 'pet_quality_id': 3, 'pet_species_id': 2556}"
1200383446,VERY_LONG,,1,33116900,,"{'id': 31285, 'context': 30, 'bonus_lists': [3911], 'modifiers': [{'type': 9, 'value': 29}]}"
1200383449,VERY_LONG,,1,69500000,,"{'id': 82800, 'context': 0, 'modifiers': [{'type': 6, 'value': 46921}], 'pet_breed_id': 7, 'pet_level': 25, 'pet_quality_id': 3, 'pet_species_id': 1146}"
1200383452,VERY_LONG,,1,100000000,99000000,"{'id': 82800, 'context': 0, 'pet_breed_id': 15, 'pet_level': 25, 'pet_quality_id': 3, 'pet_species_id': 2050}"
1200383454,VERY_LONG,,1,195000000,,"{'id': 82800, 'context': 0, 'modifiers': [{'type': 6, 'value': 21393}], 'pet_breed_id': 16, 'pet_level': 25, 'pet_quality_id': 3, 'pet_species_id': 159}"
1200383455,VERY_LONG,,1,62500000,61875000,"{'id': 82800, 'context': 0, 'modifiers': [{'type': 6, 'value': 79797}], 'pet_breed_id': 4, 'pet_level': 25, 'pet_quality_id': 3, 'pet_species_id': 2119}"
1200383457,VERY_LONG,349500,24,,,{'id': 171832}
1200383460,VERY_LONG,,1,33571400,,"{'id': 839, 'context': 14}"
1200383462,VERY_LONG,,1,89500000,,"{'id': 82800, 'context': 0, 'modifiers': [{'type': 6, 'value': 60972}], 'pet_breed_id': 6, 'pet_level': 25, 'pet_quality_id': 3, 'pet_species_id': 1598}"
1200383468,VERY_LONG,,1,79500000,,"{'id': 82800, 'context': 0, 'pet_breed_id': 5, 'pet_level': 1, 'pet_quality_id': 3, 'pet_species_id': 836}"
1200383473,VERY_LONG,,1,1519357600,,"{'id': 10333, 'context': 0}"
1200383476,VERY_LONG,,1,89500000,,"{'id': 82800, 'context': 0, 'modifiers': [{'type': 6, 'value': 48878}], 'pet_breed_id': 8, 'pet_level': 25, 'pet_quality_id': 3, 'pet_species_id': 1226}"
1200383478,VERY_LONG,,1,100000000,99000000,"{'id': 82800, 'context': 0, 'modifiers': [{'type': 6, 'value': 79637}], 'pet_breed_id': 21, 'pet_level': 25, 'pet_quality_id': 3, 'pet_species_id': 2082}"
1200383481,VERY_LONG,,1,2220000,,"{'id': 23596, 'context': 14, 'modifiers': [{'type': 28, 'value': 38}]}"
1200383483,VERY_LONG,,1,105000000,103950000,"{'id': 82800, 'context': 0, 'modifiers': [{'type': 6, 'value': 48708}], 'pet_breed_id': 9, 'pet_level': 25, 'pet_quality_id': 3, 'pet_species_id': 1245}"
1200383484,VERY_LONG,1711300,7,,,{'id': 172936}
1200383485,VERY_LONG,,1,80975000,80165300,"{'id': 82800, 'context': 0, 'modifiers': [{'type': 6, 'value': 29809}], 'pet_breed_id': 6, 'pet_level': 25, 'pet_quality_id': 3, 'pet_species_id': 236}"
1200383488,VERY_LONG,,1,122500000,,"{'id': 82800, 'context': 0, 'modifiers': [{'type': 6, 'value': 46810}], 'pet_breed_id': 3, 'pet_level': 25, 'pet_quality_id': 3, 'pet_species_id': 1125}"
1200383490,VERY_LONG,24999800,1,,,{'id': 38973}
1200383494,VERY_LONG,,1,35000000,,"{'id': 55534, 'context': 0, 'bonus_lists': [1712]}"
1200383497,VERY_LONG,,1,50964600,,"{'id': 2367, 'context': 14}"
1200383499,VERY_LONG,,1,249642900,,"{'id': 31134, 'context': 0}"
1200383502,VERY_LONG,,1,79500000,,"{'id': 82800, 'context': 0, 'modifiers': [{'type': 6, 'value': 88008}], 'pet_breed_id': 14, 'pet_level': 25, 'pet_quality_id': 3, 'pet_species_id': 2454}"
1200383504,VERY_LONG,,1,83232700,,"{'id': 106411, 'context': 29, 'bonus_lists': [4503, 167], 'modifiers': [{'type': 9, 'value': 40}]}"
1200383506,VERY_LONG,,1,203465200,,"{'id': 25226, 'context': 0, 'bonus_lists': [1705]}"
1200383508,VERY_LONG,,1,203465200,,"{'id': 25226, 'context': 36, 'bonus_lists': [1679, 3871], 'modifiers': [{'type': 9, 'value': 50}]}"
1200383511,VERY_LONG,,1,129764500,,"{'id': 55443, 'context': 0, 'bonus_lists': [1693]}"
1200383516,VERY_LONG,,1,125000000,123750000,"{'id': 82800, 'context': 0, 'modifiers': [{'type': 6, 'value': 90411}], 'pet_breed_id': 18, 'pet_level': 25, 'pet_quality_id': 3, 'pet_species_id': 2530}"
1200383517,VERY_LONG,,1,200000000,,"{'id': 141284, 'context': 0, 'bonus_lists': [1812], 'modifiers': [{'type': 9, 'value': 40}]}"
1200383519,VERY_LONG,,1,11236600,,"{'id': 66974, 'context': 0}"
1200383523,VERY_LONG,,1,300000000,297000000,"{'id': 82800, 'context': 0, 'modifiers': [{'type': 6, 'value': 6290}], 'pet_breed_id': 8, 'pet_level': 25, 'pet_quality_id': 3, 'pet_species_id': 58}"
1200383525,VERY_LONG,,1,23933400,,"{'id': 2160, 'context': 14}"
1200383530,VERY_LONG,,1,150000000,148500000,"{'id': 82800, 'context': 0, 'modifiers': [{'type': 6, 'value': 38229}], 'pet_breed_id': 18, 'pet_level': 25, 'pet_quality_id': 3, 'pet_species_id': 309}"
1200383533,VERY_LONG,,1,750000000,,"{'id': 78257, 'context': 14}"
1200383538,VERY_LONG,,1,89500000,,"{'id': 82800, 'context': 0, 'modifiers': [{'type': 6, 'value': 40155}], 'pet_breed_id': 6, 'pet_level': 25, 'pet_quality_id': 3, 'pet_species_id': 2579}"
1200383542,VERY_LONG,,1,77828200,,"{'id': 2435, 'context': 14}"
1200383547,VERY_LONG,,1,250000000,247500000,"{'id': 82800, 'context': 0, 'modifiers': [{'type': 6, 'value': 86488}], 'pet_breed_id': 11, 'pet_level': 25, 'pet_quality_id': 3, 'pet_species_id': 2198}"
1200383550,VERY_LONG,,1,100000000,99000000,"{'id': 82800, 'context': 0, 'modifiers': [{'type': 6, 'value': 78261}], 'pet_breed_id': 3, 'pet_level': 25, 'pet_quality_id': 3, 'pet_species_id': 2072}"
1200383553,VERY_LONG,,1,59500000,,"{'id': 82800, 'context': 0, 'modifiers': [{'type': 6, 'value': 36743}], 'pet_breed_id': 8, 'pet_level': 25, 'pet_quality_id': 3, 'pet_species_id': 2568}"
1200383567,VERY_LONG,,1,1220000,,"{'id': 22562, 'context': 14, 'modifiers': [{'type': 28, 'value': 870}]}"
1200383597,VERY_LONG,,1,18521500,,"{'id': 106474, 'context': 0, 'bonus_lists': [25]}"
1200383599,VERY_LONG,,1,172500000,,"{'id': 82800, 'context': 0, 'modifiers': [{'type': 6, 'value': 69490}], 'pet_breed_id': 12, 'pet_level': 25, 'pet_quality_id': 3, 'pet_species_id': 1699}"
1200383601,VERY_LONG,,1,750000000,,"{'id': 78239, 'context': 14}"
1200383603,VERY_LONG,,1,200000000,198000000,"{'id': 141580, 'context': 26, 'bonus_lists': [1472, 3528, 3431]}"
1200383606,VERY_LONG,,1,77645400,,"{'id': 15520, 'context': 36, 'bonus_lists': [1707, 3834], 'modifiers': [{'type': 9, 'value': 16}]}"
1200383608,VERY_LONG,,1,46189800,,"{'id': 2470, 'context': 14}"
1200383609,VERY_LONG,,1,99850000,98851500,"{'id': 82800, 'context': 0, 'modifiers': [{'type': 6, 'value': 5556}], 'pet_breed_id': 18, 'pet_level': 25, 'pet_quality_id': 3, 'pet_species_id': 40}"
1200383611,VERY_LONG,,1,55320900,,"{'id': 2528, 'context': 14}"
1200383613,VERY_LONG,,1,97500000,,"{'id': 82800, 'context': 0, 'modifiers': [{'type': 6, 'value': 95174}], 'pet_breed_id': 7, 'pet_level': 25, 'pet_quality_id': 3, 'pet_species_id': 2834}"
1200383616,VERY_LONG,,1,6882000,6813200,"{'id': 36383, 'context': 36, 'bonus_lists': [1680, 3851], 'modifiers': [{'type': 9, 'value': 48}]}"
1200383619,VERY_LONG,,1,314780700,,"{'id': 142541, 'context': 3, 'bonus_lists': [3467, 1472, 3336]}"
1200383622,VERY_LONG,,1,52422900,,"{'id': 55281, 'context': 0, 'bonus_lists': [1712]}"
1200383624,VERY_LONG,,1,15295400,,"{'id': 36368, 'context': 0, 'bonus_lists': [1691]}"
1200383625,VERY_LONG,,1,29500000,,"{'id': 82800, 'context': 0, 'modifiers': [{'type': 6, 'value': 65630}], 'pet_breed_id': 8, 'pet_level': 1, 'pet_quality_id': 3, 'pet_species_id': 1753}"
1200383626,VERY_LONG,,1,97500000,,"{'id': 82800, 'context': 0, 'modifiers': [{'type': 6, 'value': 5369}], 'pet_breed_id': 21, 'pet_level': 25, 'pet_quality_id': 3, 'pet_species_id': 52}"
1200383628,VERY_LONG,,1,25681500,,"{'id': 2148, 'context': 14}"
1200383631,VERY_LONG,,1,225000000,222750000,"{'id': 82800, 'context': 0, 'modifiers': [{'type': 6, 'value': 22388}], 'pet_breed_id': 8, 'pet_level': 25, 'pet_quality_id': 3, 'pet_species_id': 163}"
1200383635,VERY_LONG,,1,105000000,103950000,"{'id': 82800, 'context': 0, 'pet_breed_id': 8, 'pet_level': 1, 'pet_quality_id': 3, 'pet_species_id': 163}"
1200383636,VERY_LONG,,1,31893300,,"{'id': 2362, 'context': 0}"
1200383640,VERY_LONG,,1,34312000,,"{'id': 14202, 'context': 0, 'bonus_lists': [1709]}"
1200383642,VERY_LONG,,1,2220000,,"{'id': 23595, 'context': 14, 'modifiers': [{'type': 28, 'value': 38}]}"
1200383643,VERY_LONG,,1,350000000,346500000,"{'id': 141574, 'context': 26, 'bonus_lists': [1808, 1472, 3528, 3431]}"
1200383645,VERY_LONG,,1,200000000,198000000,"{'id': 141575, 'context': 26, 'bonus_lists': [1472, 3528, 3431]}"
1200383647,VERY_LONG,,1,200000000,198000000,"{'id': 141575, 'context': 26, 'bonus_lists': [1472, 3337, 3431]}"
1200383648,VERY_LONG,,1,200000000,198000000,"{'id': 141575, 'context': 26, 'bonus_lists': [1472, 3337, 3431]}"
1200383652,VERY_LONG,,1,200000000,198000000,"{'id': 141575, 'context': 26, 'bonus_lists': [1472, 3336, 3431]}"
1200383653,VERY_LONG,,1,200000000,198000000,"{'id': 141575, 'context': 26, 'bonus_lists': [1472, 3336, 3431]}"
1200383657,VERY_LONG,,1,200000000,198000000,"{'id': 141575, 'context': 26, 'bonus_lists': [1472, 3336, 3431]}"
1200383659,VERY_LONG,,1,350000000,346500000,"{'id': 141575, 'context': 26, 'bonus_lists': [1808, 1472, 3528, 3431]}"
1200383661,VERY_LONG,,1,27807100,,"{'id': 82098, 'context': 36, 'bonus_lists': [1694, 4764], 'modifiers': [{'type': 9, 'value': 40}]}"
1200383663,VERY_LONG,,1,89500000,,"{'id': 82800, 'context': 0, 'modifiers': [{'type': 6, 'value': 26740}], 'pet_breed_id': 6, 'pet_level': 25, 'pet_quality_id': 3, 'pet_species_id': 1956}"
1200383666,VERY_LONG,,1,299999800,,"{'id': 87462, 'context': 0}"
1200383670,VERY_LONG,,1,172500000,,"{'id': 82800, 'context': 0, 'modifiers': [{'type': 6, 'value': 46174}], 'pet_breed_id': 8, 'pet_level': 25, 'pet_quality_id': 3, 'pet_species_id': 1063}"
1200383672,VERY_LONG,,1,190000000,,"{'id': 141285, 'context': 0, 'bonus_lists': [1812], 'modifiers': [{'type': 9, 'value': 40}]}"
1200383675,VERY_LONG,,1,190000000,,"{'id': 141285, 'context': 0, 'bonus_lists': [1812], 'modifiers': [{'type': 9, 'value': 40}]}"
1200383678,VERY_LONG,,1,190000000,,"{'id': 141285, 'context': 0, 'bonus_lists': [1812], 'modifiers': [{'type': 9, 'value': 40}]}"
1200383681,VERY_LONG,,1,190000000,,"{'id': 141285, 'context': 0, 'bonus_lists': [1812], 'modifiers': [{'type': 9, 'value': 40}]}"
1200383684,VERY_LONG,,1,190000000,,"{'id': 141285, 'context': 0, 'bonus_lists': [1812], 'modifiers': [{'type': 9, 'value': 40}]}"
1200383687,VERY_LONG,,1,190000000,,"{'id': 141285, 'context': 0, 'bonus_lists': [1812], 'modifiers': [{'type': 9, 'value': 40}]}"
1200383690,VERY_LONG,,1,190000000,,"{'id': 141285, 'context': 0, 'bonus_lists': [1812], 'modifiers': [{'type': 9, 'value': 40}]}"
1200383694,VERY_LONG,,1,190000000,,"{'id': 141285, 'context': 0, 'bonus_lists': [1812], 'modifiers': [{'type': 9, 'value': 40}]}"
1200383695,VERY_LONG,,1,17000000,,"{'id': 55426, 'context': 0, 'bonus_lists': [1692]}"
1200383696,VERY_LONG,,1,213530200,,"{'id': 31218, 'context': 0, 'bonus_lists': [1680, 3763], 'modifiers': [{'type': 9, 'value': 30}]}"
1200383697,VERY_LONG,,1,62266800,61644100,"{'id': 77176, 'context': 14}"
1200383700,VERY_LONG,,1,9500000,,"{'id': 82800, 'context': 0, 'pet_breed_id': 12, 'pet_level': 1, 'pet_quality_id': 3, 'pet_species_id': 1235}"
1200383701,VERY_LONG,,1,69500000,,"{'id': 82800, 'context': 0, 'pet_breed_id': 7, 'pet_level': 25, 'pet_quality_id': 3, 'pet_species_id': 1965}"
1200383703,VERY_LONG,,1,350000000,346500000,"{'id': 82800, 'context': 0, 'modifiers': [{'type': 6, 'value': 79635}], 'pet_breed_id': 18, 'pet_level': 25, 'pet_quality_id': 3, 'pet_species_id': 2081}"
1200383705,VERY_LONG,,1,175000000,173250000,"{'id': 82800, 'context': 0, 'pet_breed_id': 3, 'pet_level': 25, 'pet_quality_id': 3, 'pet_species_id': 1536}"
1200383708,VERY_LONG,,1,89473800,,"{'id': 1197, 'context': 14}"
1200383709,VERY_LONG,,1,125000000,123750000,"{'id': 82800, 'context': 0, 'pet_breed_id': 4, 'pet_level': 25, 'pet_quality_id': 3, 'pet_species_id': 140}"
1200383710,VERY_LONG,,1,200000000,,"{'id': 141286, 'context': 0, 'bonus_lists': [1812], 'modifiers': [{'type': 9, 'value': 40}]}"
1200383711,VERY_LONG,,1,69500000,,"{'id': 82800, 'context': 0, 'modifiers': [{'type': 6, 'value': 15663}], 'pet_breed_id': 13, 'pet_level': 25, 'pet_quality_id': 3, 'pet_species_id': 120}"
1200383712,VERY_LONG,,1,500000000,,"{'id': 117379, 'context': 11, 'bonus_lists': [6423], 'modifiers': [{'type': 9, 'value': 50}]}"
1200383715,VERY_LONG,,1,200000000,198000000,"{'id': 132921, 'context': 26, 'bonus_lists': [1472, 3336, 3431]}"
1200383716,VERY_LONG,,1,59500000,,"{'id': 82800, 'context': 0, 'modifiers': [{'type': 6, 'value': 46905}], 'pet_breed_id': 4, 'pet_level': 25, 'pet_quality_id': 3, 'pet_species_id': 1153}"
1200383717,VERY_LONG,,1,6464333700,,"{'id': 55523, 'context': 0, 'bonus_lists': [1677]}"
1200383720,VERY_LONG,,1,105000000,103950000,"{'id': 82800, 'context': 0, 'modifiers': [{'type': 6, 'value': 5187}], 'pet_breed_id': 4, 'pet_level': 25, 'pet_quality_id': 3, 'pet_species_id': 2545}"
1200383722,VERY_LONG,,1,100000000,99000000,"{'id': 82800, 'context': 0, 'modifiers': [{'type': 6, 'value': 62217}], 'pet_breed_id': 18, 'pet_level': 25, 'pet_quality_id': 3, 'pet_species_id': 194}"
1200383725,VERY_LONG,,1,125000000,123750000,"{'id': 82800, 'context': 0, 'modifiers': [{'type': 6, 'value': 86229}], 'pet_breed_id': 5, 'pet_level': 25, 'pet_quality_id': 3, 'pet_species_id': 2190}"
1200383726,VERY_LONG,,1,2220600,,"{'id': 2883, 'context': 0, 'modifiers': [{'type': 28, 'value': 13}]}"
1200383728,VERY_LONG,,1,2220600,,"{'id': 2883, 'context': 0, 'modifiers': [{'type': 28, 'value': 13}]}"
1200383729,VERY_LONG,,1,97500000,,"{'id': 82800, 'context': 0, 'modifiers': [{'type': 6, 'value': 5555}], 'pet_breed_id': 3, 'pet_level': 25, 'pet_quality_id': 3, 'pet_species_id': 45}"
1200383731,VERY_LONG,,1,750000000,,"{'id': 78285, 'context': 14}"
1200383733,VERY_LONG,,1,125000000,123750000,"{'id': 141532, 'context': 14}"
1200383736,VERY_LONG,,1,159715700,,"{'id': 37805, 'context': 30, 'bonus_lists': [3932], 'modifiers': [{'type': 9, 'value': 50}]}"
1200383741,VERY_LONG,,1,150000000,148500000,"{'id': 82800, 'context': 0, 'modifiers': [{'type': 6, 'value': 48662}], 'pet_breed_id': 10, 'pet_level': 25, 'pet_quality_id': 3, 'pet_species_id': 1229}"
1200383743,VERY_LONG,,1,100000000,99000000,"{'id': 82800, 'context': 0, 'modifiers': [{'type': 6, 'value': 29805}], 'pet_breed_id': 8, 'pet_level': 25, 'pet_quality_id': 2, 'pet_species_id': 232}"
1200383746,VERY_LONG,,1,100000000,99000000,"{'id': 82800, 'context': 0, 'modifiers': [{'type': 6, 'value': 90140}], 'pet_breed_id': 16, 'pet_level': 25, 'pet_quality_id': 3, 'pet_species_id': 2548}"
1200383749,VERY_LONG,,1,82426700,,"{'id': 55335, 'context': 0, 'bonus_lists': [1685]}"
1200383891,LONG,,1,150000000,,"{'id': 172315, 'context': 63, 'bonus_lists': [6716, 1487]}"
1200383893,LONG,,1,150000000,,"{'id': 172315, 'context': 63, 'bonus_lists': [6716, 1487]}"
1200383894,LONG,,1,150000000,,"{'id': 172315, 'context': 63, 'bonus_lists': [6716, 1487]}"
1200383897,LONG,,1,150000000,,"{'id': 172315, 'context': 63, 'bonus_lists': [6716, 1487]}"
1200386388,VERY_LONG,23000,4000,,,{'id': 167738}
1200386438,VERY_LONG,18647500,16,,,{'id': 151133}
1200386470,VERY_LONG,,1,4900000,,"{'id': 21952, 'context': 14}"
1200386481,VERY_LONG,113700,400,,,{'id': 152876}
1200386812,VERY_LONG,,1,100000000,99000000,"{'id': 82800, 'context': 0, 'modifiers': [{'type': 6, 'value': 33559}], 'pet_breed_id': 5, 'pet_level': 25, 'pet_quality_id': 3, 'pet_species_id': 262}"
1200386814,VERY_LONG,,1,113333800,,"{'id': 13041, 'context': 0}"
1200386818,VERY_LONG,,1,51314900,,"{'id': 202, 'context': 14}"
1200386820,VERY_LONG,,1,200000000,198000000,"{'id': 141580, 'context': 26, 'bonus_lists': [1472, 3528, 3431]}"
1200386824,VERY_LONG,,1,20842200,,"{'id': 4565, 'context': 14}"
1200386825,VERY_LONG,,1,79500000,,"{'id': 82800, 'context': 0, 'modifiers': [{'type': 6, 'value': 71827}], 'pet_breed_id': 14, 'pet_level': 25, 'pet_quality_id': 3, 'pet_species_id': 1921}"
1200386827,VERY_LONG,,1,875000000,,"{'id': 82800, 'context': 0, 'modifiers': [{'type': 6, 'value': 74514}], 'pet_breed_id': 6, 'pet_level': 1, 'pet_quality_id': 3, 'pet_species_id': 2002}"
1200386829,VERY_LONG,,1,24757000,,"{'id': 10065, 'context': 0, 'bonus_lists': [1693]}"
1200386833,VERY_LONG,,1,59500000,,"{'id': 82800, 'context': 0, 'modifiers': [{'type': 6, 'value': 60732}], 'pet_breed_id': 17, 'pet_level': 25, 'pet_quality_id': 3, 'pet_species_id': 1564}"
1200386836,VERY_LONG,,1,125000000,123750000,"{'id': 82800, 'context': 0, 'modifiers': [{'type': 6, 'value': 42520}], 'pet_breed_id': 11, 'pet_level': 25, 'pet_quality_id': 3, 'pet_species_id': 2589}"
1200386839,VERY_LONG,,1,89500000,,"{'id': 82800, 'context': 0, 'modifiers': [{'type': 6, 'value': 88034}], 'pet_breed_id': 11, 'pet_level': 25, 'pet_quality_id': 3, 'pet_species_id': 2461}"
1200386844,VERY_LONG,,1,195928100,,"{'id': 67045, 'context': 0}"
1200386846,VERY_LONG,,1,69500000,,"{'id': 82800, 'context': 0, 'modifiers': [{'type': 6, 'value': 73706}], 'pet_breed_id': 11, 'pet_level': 25, 'pet_quality_id': 3, 'pet_species_id': 1966}"
1200386849,VERY_LONG,,1,350000000,346500000,"{'id': 141573, 'context': 26, 'bonus_lists': [1808, 1472, 3528, 3431]}"
1200386852,VERY_LONG,,1,350000000,346500000,"{'id': 141573, 'context': 26, 'bonus_lists': [1808, 1472, 3528, 3431]}"
1200386855,VERY_LONG,,1,119846100,,"{'id': 25170, 'context': 28, 'bonus_lists': [1707, 3869], 'modifiers': [{'type': 9, 'value': 26}]}"
1200386858,VERY_LONG,,1,1308865000,,"{'id': 45861, 'context': 0}"
1200386859,VERY_LONG,,1,200000000,,"{'id': 141286, 'context': 0, 'bonus_lists': [1812], 'modifiers': [{'type': 9, 'value': 40}]}"
1200386862,VERY_LONG,,1,57985300,,"{'id': 40735, 'context': 14}"
1200386866,VERY_LONG,,1,44271100,,"{'id': 2473, 'context': 14}"
1200386870,VERY_LONG,,1,59500000,,"{'id': 82800, 'context': 0, 'modifiers': [{'type': 6, 'value': 88060}], 'pet_breed_id': 6, 'pet_level': 25, 'pet_quality_id': 3, 'pet_species_id': 2468}"
1200386875,VERY_LONG,,1,1600000000,1584000000,"{'id': 82800, 'context': 0, 'modifiers': [{'type': 6, 'value': 61550}], 'pet_breed_id': 4, 'pet_level': 25, 'pet_quality_id': 3, 'pet_species_id': 1539}"
1200386881,VERY_LONG,,1,3012100,,"{'id': 11026, 'context': 14}"
1200386886,VERY_LONG,,1,100000000,99000000,"{'id': 82800, 'context': 0, 'modifiers': [{'type': 6, 'value': 5585}], 'pet_breed_id': 5, 'pet_level': 25, 'pet_quality_id': 3, 'pet_species_id': 44}"
1200386889,VERY_LONG,,1,250000000,247500000,"{'id': 82800, 'context': 0, 'modifiers': [{'type': 6, 'value': 70232}], 'pet_breed_id': 3, 'pet_level': 25, 'pet_quality_id': 3, 'pet_species_id': 229}"
1200386892,VERY_LONG,,1,81141400,,"{'id': 31562, 'context': 2, 'bonus_lists': [1679]}"
1200386894,VERY_LONG,,1,122500000,,"{'id': 82800, 'context': 0, 'modifiers': [{'type': 6, 'value': 22855}], 'pet_breed_id': 3, 'pet_level': 25, 'pet_quality_id': 3, 'pet_species_id': 167}"
1200386897,VERY_LONG,,1,500000000,,"{'id': 117379, 'context': 11, 'bonus_lists': [6423], 'modifiers': [{'type': 9, 'value': 50}]}"
1200386902,VERY_LONG,,1,500000000,,"{'id': 117379, 'context': 11, 'bonus_lists': [6423], 'modifiers': [{'type': 9, 'value': 50}]}"
1200386909,VERY_LONG,,1,500000000,,"{'id': 117379, 'context': 11, 'bonus_lists': [6315], 'modifiers': [{'type': 9, 'value': 50}]}"
1200386914,VERY_LONG,,1,500000000,,"{'id': 117379, 'context': 11, 'bonus_lists': [6423], 'modifiers': [{'type': 9, 'value': 50}]}"
1200386917,VERY_LONG,,1,300000000,297000000,"{'id': 82800, 'context': 0, 'pet_breed_id': 10, 'pet_level': 25, 'pet_quality_id': 3, 'pet_species_id': 215}"
1200386918,VERY_LONG,,1,200000000,198000000,"{'id': 132921, 'context': 26, 'bonus_lists': [1472, 3336, 3431]}"
1200386919,VERY_LONG,,1,80975000,80165300,"{'id': 82800, 'context': 0, 'modifiers': [{'type': 6, 'value': 81215}], 'pet_breed_id': 19, 'pet_level': 25, 'pet_quality_id': 3, 'pet_species_id': 2719}"
1200386922,VERY_LONG,,1,350000000,346500000,"{'id': 141572, 'context': 26, 'bonus_lists': [1808, 1472, 3528, 3431]}"
1200386925,VERY_LONG,,1,89500000,,"{'id': 82800, 'context': 0, 'modifiers': [{'type': 6, 'value': 5586}], 'pet_breed_id': 4, 'pet_level': 25, 'pet_quality_id': 3, 'pet_species_id': 41}"
1200386929,VERY_LONG,,1,90000000,89500000,"{'id': 82800, 'context': 0, 'modifiers': [{'type': 6, 'value': 48668}], 'pet_breed_id': 6, 'pet_level': 25, 'pet_quality_id': 3, 'pet_species_id': 1234}"
1200386933,VERY_LONG,,1,750000000,,"{'id': 78282, 'context': 14}"
1200386939,VERY_LONG,,1,97500000,,"{'id': 82800, 'context': 0, 'modifiers': [{'type': 6, 'value': 61889}], 'pet_breed_id': 19, 'pet_level': 25, 'pet_quality_id': 3, 'pet_species_id': 1627}"
1200386943,VERY_LONG,,1,200000000,198000000,"{'id': 82800, 'context': 0, 'modifiers': [{'type': 6, 'value': 90878}], 'pet_breed_id': 7, 'pet_level': 25, 'pet_quality_id': 3, 'pet_species_id': 2717}"
1200386948,VERY_LONG,,1,70000000,69500000,"{'id': 82800, 'context': 0, 'modifiers': [{'type': 6, 'value': 90028}], 'pet_breed_id': 9, 'pet_level': 25, 'pet_quality_id': 3, 'pet_species_id': 2538}"
1200386951,VERY_LONG,,1,97500000,,"{'id': 82800, 'context': 0, 'modifiers': [{'type': 6, 'value': 48056}], 'pet_breed_id': 5, 'pet_level': 25, 'pet_quality_id': 3, 'pet_species_id': 1212}"
1200386953,VERY_LONG,,1,200000000,198000000,"{'id': 141575, 'context': 26, 'bonus_lists': [1472, 3336, 3431]}"
1200386954,VERY_LONG,,1,8000200,,"{'id': 69800, 'context': 2, 'bonus_lists': [4236], 'modifiers': [{'type': 9, 'value': 35}, {'type': 28, 'value': 1111}]}"
1200386955,VERY_LONG,,1,200000000,198000000,"{'id': 141575, 'context': 26, 'bonus_lists': [1472, 3336, 3431]}"
1200386958,VERY_LONG,,1,200000000,198000000,"{'id': 141575, 'context': 26, 'bonus_lists': [1472, 3528, 3431]}"
1200386963,VERY_LONG,,1,200000000,198000000,"{'id': 141575, 'context': 26, 'bonus_lists': [1472, 3528, 3431]}"
1200386969,VERY_LONG,,1,200000000,198000000,"{'id': 141575, 'context': 26, 'bonus_lists': [40, 1472, 3336, 3431]}"
1200386973,VERY_LONG,,1,400000000,396000000,"{'id': 82800, 'context': 0, 'modifiers': [{'type': 6, 'value': 47991}], 'pet_breed_id': 12, 'pet_level': 25, 'pet_quality_id': 3, 'pet_species_id': 1338}"
1200386980,VERY_LONG,,1,80426200,79621900,"{'id': 11305, 'context': 14}"
1200386986,VERY_LONG,6948400,2,,,{'id': 52755}
1200386991,VERY_LONG,,1,57676500,,"{'id': 2403, 'context': 14}"
1200386998,VERY_LONG,,1,99999900,,"{'id': 31322, 'context': 0}"
1200387003,VERY_LONG,,1,102151200,101129700,"{'id': 58197, 'context': 14}"
1200387009,VERY_LONG,,1,797700,789700,"{'id': 5772, 'context': 14}"
1200387014,VERY_LONG,,1,100000000,99000000,"{'id': 82800, 'context': 0, 'modifiers': [{'type': 6, 'value': 63447}], 'pet_breed_id': 18, 'pet_level': 25, 'pet_quality_id': 3, 'pet_species_id': 1661}"
1200387019,VERY_LONG,,1,200000000,198000000,"{'id': 82800, 'context': 0, 'modifiers': [{'type': 6, 'value': 83052}], 'pet_breed_id': 16, 'pet_level': 25, 'pet_quality_id': 3, 'pet_species_id': 2429}"
1200387022,VERY_LONG,,1,49500000,,"{'id': 82800, 'context': 0, 'modifiers': [{'type': 6, 'value': 63446}], 'pet_breed_id': 14, 'pet_level': 25, 'pet_quality_id': 3, 'pet_species_id': 1662}"
1200387025,VERY_LONG,,1,97500000,,"{'id': 82800, 'context': 0, 'modifiers': [{'type': 6, 'value': 88000}], 'pet_breed_id': 22, 'pet_level': 25, 'pet_quality_id': 3, 'pet_species_id': 2446}"
1200387028,VERY_LONG,,1,150000000,148500000,"{'id': 82800, 'context': 0, 'pet_breed_id': 3, 'pet_level': 25, 'pet_quality_id': 3, 'pet_species_id': 1929}"
1200387032,VERY_LONG,,1,19500000,,"{'id': 82800, 'context': 0, 'pet_breed_id': 6, 'pet_level': 1, 'pet_quality_id': 3, 'pet_species_id': 1632}"
1200387035,VERY_LONG,,1,198303300,,"{'id': 44310, 'context': 0}"
1200387038,VERY_LONG,,1,55301500,,"{'id': 40734, 'context': 14}"
1200387041,VERY_LONG,,1,49500000,,"{'id': 82800, 'context': 0, 'modifiers': [{'type': 6, 'value': 79796}], 'pet_breed_id': 6, 'pet_level': 25, 'pet_quality_id': 3, 'pet_species_id': 2118}"
1200387042,VERY_LONG,,1,76992200,76222300,"{'id': 58486, 'context': 14}"
1200387045,VERY_LONG,,1,239000000,236610000,"{'id': 141579, 'context': 26, 'bonus_lists': [1472, 3336, 3431]}"
1200387048,VERY_LONG,,1,150000000,148500000,"{'id': 82800, 'context': 0, 'modifiers': [{'type': 6, 'value': 90413}], 'pet_breed_id': 15, 'pet_level': 25, 'pet_quality_id': 3, 'pet_species_id': 2720}"
1200387053,VERY_LONG,,1,69500000,,"{'id': 82800, 'context': 0, 'modifiers': [{'type': 6, 'value': 88061}], 'pet_breed_id': 15, 'pet_level': 25, 'pet_quality_id': 3, 'pet_species_id': 2471}"
1200387057,VERY_LONG,,1,80000000,79500000,"{'id': 82800, 'context': 0, 'modifiers': [{'type': 6, 'value': 28084}], 'pet_breed_id': 8, 'pet_level': 25, 'pet_quality_id': 3, 'pet_species_id': 197}"
1200387058,VERY_LONG,,1,125000000,123750000,"{'id': 82800, 'context': 0, 'modifiers': [{'type': 6, 'value': 90176}], 'pet_breed_id': 5, 'pet_level': 25, 'pet_quality_id': 3, 'pet_species_id': 2553}"
1200387060,VERY_LONG,,1,69500000,,"{'id': 82800, 'context': 0, 'modifiers': [{'type': 6, 'value': 81098}], 'pet_breed_id': 6, 'pet_level': 25, 'pet_quality_id': 3, 'pet_species_id': 2472}"
1200387062,VERY_LONG,,1,102057600,,"{'id': 15522, 'context': 54, 'bonus_lists': [1693]}"
1200387065,VERY_LONG,,1,229980000,,"{'id': 31215, 'context': 0, 'bonus_lists': [3763, 1708], 'modifiers': [{'type': 9, 'value': 29}]}"
1200387067,VERY_LONG,,1,28999900,,"{'id': 12979, 'context': 0}"
1200387069,VERY_LONG,,1,72500000,71775000,"{'id': 82800, 'context': 0, 'modifiers': [{'type': 6, 'value': 88059}], 'pet_breed_id': 5, 'pet_level': 25, 'pet_quality_id': 3, 'pet_species_id': 2467}"
1200387070,VERY_LONG,217300,1,,,{'id': 173037}
1200387071,VERY_LONG,,1,146510800,145045700,"{'id': 77320, 'context': 14}"
1200387073,VERY_LONG,,1,69500000,,"{'id': 82800, 'context': 0, 'modifiers': [{'type': 6, 'value': 2955}], 'pet_breed_id': 21, 'pet_level': 25, 'pet_quality_id': 3, 'pet_species_id': 74}"
1200387077,VERY_LONG,,1,350000000,346500000,"{'id': 141567, 'context': 26, 'bonus_lists': [41, 1472, 3528, 3431]}"
1200387081,VERY_LONG,,1,350000000,346500000,"{'id': 141567, 'context': 26, 'bonus_lists': [41, 1472, 3528, 3431]}"
1200387083,VERY_LONG,,1,257134700,,"{'id': 2394, 'context': 14}"
1200387087,VERY_LONG,,1,750000000,,"{'id': 78331, 'context': 14}"
1200387088,VERY_LONG,,1,89500000,,"{'id': 82800, 'context': 0, 'modifiers': [{'type': 6, 'value': 6299}], 'pet_breed_id': 10, 'pet_level': 25, 'pet_quality_id': 3, 'pet_species_id': 67}"
1200387091,VERY_LONG,,1,200000000,198000000,"{'id': 141586, 'context': 26, 'bonus_lists': [1472, 3336, 3431]}"
1200387095,VERY_LONG,,1,79500000,,"{'id': 82800, 'context': 0, 'modifiers': [{'type': 6, 'value': 19600}], 'pet_breed_id': 22, 'pet_level': 25, 'pet_quality_id': 3, 'pet_species_id': 136}"
1200387100,VERY_LONG,,1,39500000,,"{'id': 82800, 'context': 0, 'pet_breed_id': 14, 'pet_level': 1, 'pet_quality_id': 3, 'pet_species_id': 1693}"
1200388106,VERY_LONG,,1,97500000,,"{'id': 82800, 'context': 0, 'modifiers': [{'type': 6, 'value': 26524}], 'pet_breed_id': 7, 'pet_level': 25, 'pet_quality_id': 3, 'pet_species_id': 2449}"
1200388113,VERY_LONG,,1,132897700,,"{'id': 15655, 'context': 54, 'bonus_lists': [1681, 4277], 'modifiers': [{'type': 9, 'value': 26}]}"
1200388118,VERY_LONG,,1,69500000,,"{'id': 82800, 'context': 0, 'modifiers': [{'type': 6, 'value': 46903}], 'pet_breed_id': 7, 'pet_level': 25, 'pet_quality_id': 3, 'pet_species_id': 1151}"
1200388123,VERY_LONG,,1,125000000,123750000,"{'id': 82800, 'context': 0, 'modifiers': [{'type': 6, 'value': 47859}], 'pet_breed_id': 12, 'pet_level': 25, 'pet_quality_id': 3, 'pet_species_id': 2582}"
1200388125,VERY_LONG,,1,500000000,,"{'id': 150922, 'context': 11, 'bonus_lists': [6423], 'modifiers': [{'type': 9, 'value': 50}]}"
1200388128,VERY_LONG,,1,500000000,,"{'id': 150922, 'context': 11, 'bonus_lists': [6423], 'modifiers': [{'type': 9, 'value': 50}]}"
1200388132,VERY_LONG,,1,89500000,,"{'id': 82800, 'context': 0, 'modifiers': [{'type': 6, 'value': 88022}], 'pet_breed_id': 5, 'pet_level': 25, 'pet_quality_id': 3, 'pet_species_id': 2462}"
1200388137,VERY_LONG,,1,750000000,,"{'id': 78241, 'context': 14}"
1200388140,VERY_LONG,,1,59500000,,"{'id': 82800, 'context': 0, 'pet_breed_id': 16, 'pet_level': 1, 'pet_quality_id': 3, 'pet_species_id': 1434}"
1200388145,VERY_LONG,,1,200000000,198000000,"{'id': 141587, 'context': 26, 'bonus_lists': [1472, 3528, 3431]}"
1200388149,VERY_LONG,,1,250000000,247500000,"{'id': 82800, 'context': 0, 'modifiers': [{'type': 6, 'value': 97518}], 'pet_breed_id': 10, 'pet_level': 25, 'pet_quality_id': 3, 'pet_species_id': 2910}"
1200388151,VERY_LONG,,1,456796700,,"{'id': 56109, 'context': 1, 'bonus_lists': [4149], 'modifiers': [{'type': 9, 'value': 35}]}"
1200388156,VERY_LONG,,1,62456200,,"{'id': 851, 'context': 14}"
1200388162,VERY_LONG,,1,89500000,,"{'id': 82800, 'context': 0, 'modifiers': [{'type': 6, 'value': 74801}], 'pet_breed_id': 11, 'pet_level': 25, 'pet_quality_id': 3, 'pet_species_id': 2715}"
1200388165,VERY_LONG,,1,40778900,,"{'id': 40739, 'context': 14}"
1200388674,VERY_LONG,23000,5000,,,{'id': 167738}
1200388681,VERY_LONG,23000,3847,,,{'id': 167738}
1200388696,VERY_LONG,113700,5000,,,{'id': 152876}
1200388894,VERY_LONG,,1,100000000,99000000,"{'id': 82800, 'context': 0, 'modifiers': [{'type': 6, 'value': 59038}], 'pet_breed_id': 8, 'pet_level': 25, 'pet_quality_id': 3, 'pet_species_id': 1568}"
1200388895,VERY_LONG,,1,9500000,,"{'id': 82800, 'context': 0, 'pet_breed_id': 17, 'pet_level': 1, 'pet_quality_id': 3, 'pet_species_id': 1623}"
1200388898,VERY_LONG,,1,69500000,,"{'id': 82800, 'context': 0, 'modifiers': [{'type': 6, 'value': 61887}], 'pet_breed_id': 17, 'pet_level': 25, 'pet_quality_id': 3, 'pet_species_id': 1623}"
1200388901,VERY_LONG,,1,21185000,,"{'id': 25229, 'context': 28, 'bonus_lists': [3869, 1695], 'modifiers': [{'type': 9, 'value': 45}]}"
1200388905,VERY_LONG,,1,149712300,,"{'id': 1850, 'context': 14}"
1200388907,VERY_LONG,,1,100000000,99000000,"{'id': 82800, 'context': 0, 'modifiers': [{'type': 6, 'value': 44655}], 'pet_breed_id': 8, 'pet_level': 25, 'pet_quality_id': 3, 'pet_species_id': 650}"
1200388912,VERY_LONG,,1,350000000,346500000,"{'id': 82800, 'context': 0, 'modifiers': [{'type': 6, 'value': 6192}], 'pet_breed_id': 3, 'pet_level': 25, 'pet_quality_id': 3, 'pet_species_id': 49}"
1200388915,VERY_LONG,,1,61821600,61203400,"{'id': 82800, 'context': 0, 'modifiers': [{'type': 6, 'value': 77901}], 'pet_breed_id': 13, 'pet_level': 25, 'pet_quality_id': 3, 'pet_species_id': 2566}"
1200388920,VERY_LONG,,1,375000000,371250000,"{'id': 82800, 'context': 0, 'modifiers': [{'type': 6, 'value': 49084}], 'pet_breed_id': 10, 'pet_level': 25, 'pet_quality_id': 3, 'pet_species_id': 1256}"
1200388922,VERY_LONG,,1,97500000,,"{'id': 82800, 'context': 0, 'modifiers': [{'type': 6, 'value': 88001}], 'pet_breed_id': 21, 'pet_level': 25, 'pet_quality_id': 3, 'pet_species_id': 2447}"
1200388924,VERY_LONG,,1,350000000,346500000,"{'id': 141575, 'context': 26, 'bonus_lists': [1808, 1472, 3528, 3431]}"
1200388927,VERY_LONG,,1,200000000,198000000,"{'id': 141575, 'context': 26, 'bonus_lists': [1472, 3337, 3431]}"
1200388929,VERY_LONG,,1,95742600,,"{'id': 1198, 'context': 14}"
1200388933,VERY_LONG,,1,28172600,,"{'id': 7409, 'context': 1, 'bonus_lists': [1692]}"
1200388934,VERY_LONG,,1,95280900,,"{'id': 94034, 'context': 0, 'bonus_lists': [1714]}"
1200388935,VERY_LONG,,1,9027969700,,"{'id': 49, 'context': 0}"
1200388939,VERY_LONG,,1,750000000,,"{'id': 78331, 'context': 14}"
1200388941,VERY_LONG,,1,59500000,,"{'id': 82800, 'context': 0, 'modifiers': [{'type': 6, 'value': 46900}], 'pet_breed_id': 4, 'pet_level': 25, 'pet_quality_id': 3, 'pet_species_id': 1147}"
1200388942,VERY_LONG,,1,72500000,71775000,"{'id': 82800, 'context': 0, 'modifiers': [{'type': 6, 'value': 45190}], 'pet_breed_id': 19, 'pet_level': 25, 'pet_quality_id': 3, 'pet_species_id': 2469}"
1200388944,VERY_LONG,,1,100000000,99000000,"{'id': 82800, 'context': 0, 'pet_breed_id': 8, 'pet_level': 25, 'pet_quality_id': 3, 'pet_species_id': 1690}"
1200388948,VERY_LONG,,1,69500000,,"{'id': 82800, 'context': 0, 'modifiers': [{'type': 6, 'value': 46922}], 'pet_breed_id': 6, 'pet_level': 1, 'pet_quality_id': 3, 'pet_species_id': 1155}"
1200388952,VERY_LONG,,1,39777500,39379700,"{'id': 77322, 'context': 14}"
1200388953,VERY_LONG,,1,30000000,29700000,"{'id': 82800, 'context': 0, 'modifiers': [{'type': 6, 'value': 15663}], 'pet_breed_id': 13, 'pet_level': 1, 'pet_quality_id': 3, 'pet_species_id': 120}"
1200388956,VERY_LONG,,1,71881300,,"{'id': 2209, 'context': 14}"
1200388959,VERY_LONG,,1,154804200,,"{'id': 87460, 'context': 0}"
1200388963,VERY_LONG,,1,45020100,,"{'id': 2472, 'context': 14}"
1200388964,VERY_LONG,,1,60751900,60144400,"{'id': 82800, 'context': 0, 'modifiers': [{'type': 6, 'value': 73699}], 'pet_breed_id': 4, 'pet_level': 25, 'pet_quality_id': 3, 'pet_species_id': 1964}"
1200388965,VERY_LONG,,1,89500000,,"{'id': 82800, 'context': 0, 'modifiers': [{'type': 6, 'value': 79711}], 'pet_breed_id': 17, 'pet_level': 25, 'pet_quality_id': 3, 'pet_species_id': 2092}"
1200388967,VERY_LONG,,1,150000000,148500000,"{'id': 82800, 'context': 0, 'pet_breed_id': 9, 'pet_level': 25, 'pet_quality_id': 3, 'pet_species_id': 293}"
1200388970,VERY_LONG,,1,9500000,,"{'id': 82800, 'context': 0, 'pet_breed_id': 8, 'pet_level': 1, 'pet_quality_id': 2, 'pet_species_id': 1540}"
1200388971,VERY_LONG,,1,500000000,,"{'id': 150922, 'context': 11, 'bonus_lists': [6423], 'modifiers': [{'type': 9, 'value': 50}]}"
1200388974,VERY_LONG,,1,500000000,,"{'id': 150922, 'context': 11, 'bonus_lists': [6315], 'modifiers': [{'type': 9, 'value': 50}]}"
1200388978,VERY_LONG,,1,500000000,,"{'id': 150922, 'context': 11, 'bonus_lists': [6315], 'modifiers': [{'type': 9, 'value': 50}]}"
1200388979,VERY_LONG,,1,500000000,,"{'id': 150922, 'context': 11, 'bonus_lists': [6423], 'modifiers': [{'type': 9, 'value': 50}]}"
1200388982,VERY_LONG,,1,72500000,71775000,"{'id': 82800, 'context': 0, 'modifiers': [{'type': 6, 'value': 46909}], 'pet_breed_id': 18, 'pet_level': 25, 'pet_quality_id': 3, 'pet_species_id': 1156}"
1200388983,VERY_LONG,,1,368305000,,"{'id': 12282, 'context': 0}"
1200388987,VERY_LONG,,1,10524200,10419000,"{'id': 15375, 'context': 0, 'bonus_lists': [1678]}"
1200388988,VERY_LONG,,1,60639900,,"{'id': 12975, 'context': 0}"
1200388989,VERY_LONG,,1,130000000,128700000,"{'id': 82800, 'context': 0, 'modifiers': [{'type': 6, 'value': 29808}], 'pet_breed_id': 21, 'pet_level': 25, 'pet_quality_id': 3, 'pet_species_id': 238}"
1200388993,VERY_LONG,,1,185858400,183999800,"{'id': 77170, 'context': 14}"
1200388994,VERY_LONG,,1,61704100,,"{'id': 2399, 'context': 14}"
1200388995,VERY_LONG,,1,130752900,,"{'id': 36647, 'context': 0, 'bonus_lists': [1693]}"
1200388997,VERY_LONG,,1,21983200,,"{'id': 55569, 'context': 0, 'bonus_lists': [1680]}"
1200388998,VERY_LONG,,1,80000000,79500000,"{'id': 82800, 'context': 0, 'modifiers': [{'type': 6, 'value': 58825}], 'pet_breed_id': 20, 'pet_level': 25, 'pet_quality_id': 3, 'pet_species_id': 1471}"
1200389000,VERY_LONG,,1,79500000,,"{'id': 82800, 'context': 0, 'modifiers': [{'type': 6, 'value': 78243}], 'pet_breed_id': 16, 'pet_level': 25, 'pet_quality_id': 3, 'pet_species_id': 2569}"
1200389001,VERY_LONG,,1,232806100,,"{'id': 2146, 'context': 14}"
1200389002,VERY_LONG,,1,68164300,,"{'id': 58247, 'context': 0}"
1200389004,VERY_LONG,,1,100000000,99000000,"{'id': 82800, 'context': 0, 'modifiers': [{'type': 6, 'value': 58770}], 'pet_breed_id': 14, 'pet_level': 25, 'pet_quality_id': 3, 'pet_species_id': 1467}"
1200389005,VERY_LONG,,1,500000000,495000000,"{'id': 82800, 'context': 0, 'modifiers': [{'type': 6, 'value': 95144}], 'pet_breed_id': 14, 'pet_level': 25, 'pet_quality_id': 3, 'pet_species_id': 2846}"
1200389007,VERY_LONG,,1,9500000,,"{'id': 82800, 'context': 0, 'pet_breed_id': 18, 'pet_level': 1, 'pet_quality_id': 3, 'pet_species_id': 1143}"
1200389012,VERY_LONG,,1,1000000000,990000000,"{'id': 82800, 'context': 0, 'pet_breed_id': 6, 'pet_level': 25, 'pet_quality_id': 3, 'pet_species_id': 2002}"
1200390128,VERY_LONG,2431200,10,,,{'id': 171275}
1200390153,VERY_LONG,3499700,4,,,{'id': 171273}
1200390460,LONG,44948000,1,,,{'id': 128315}
1200390541,VERY_LONG,,1,15006100,,"{'id': 82800, 'context': 0, 'modifiers': [{'type': 6, 'value': 60975}], 'pet_breed_id': 18, 'pet_level': 25, 'pet_quality_id': 3, 'pet_species_id': 1600}"
1200390574,VERY_LONG,,1,999900,,"{'id': 82800, 'context': 0, 'modifiers': [{'type': 6, 'value': 73697}], 'pet_breed_id': 3, 'pet_level': 7, 'pet_quality_id': 3, 'pet_species_id': 1963}"
1200390602,VERY_LONG,,1,14999700,,"{'id': 82800, 'context': 0, 'modifiers': [{'type': 6, 'value': 61884}], 'pet_breed_id': 6, 'pet_level': 4, 'pet_quality_id': 3, 'pet_species_id': 1622}"
1200390629,VERY_LONG,,1,1000000,,"{'id': 82800, 'context': 0, 'pet_breed_id': 3, 'pet_level': 1, 'pet_quality_id': 3, 'pet_species_id': 1965}"
1200390650,VERY_LONG,,1,12000000,,"{'id': 82800, 'context': 0, 'modifiers': [{'type': 6, 'value': 61890}], 'pet_breed_id': 7, 'pet_level': 1, 'pet_quality_id': 3, 'pet_species_id': 1625}"
1200390668,VERY_LONG,,1,10871300,,"{'id': 82800, 'context': 0, 'modifiers': [{'type': 6, 'value': 61889}], 'pet_breed_id': 19, 'pet_level': 1, 'pet_quality_id': 3, 'pet_species_id': 1627}"
1200390706,VERY_LONG,,1,44999900,,"{'id': 82800, 'context': 0, 'modifiers': [{'type': 6, 'value': 46896}], 'pet_breed_id': 9, 'pet_level': 1, 'pet_quality_id': 3, 'pet_species_id': 1144}"
1200390766,VERY_LONG,,1,10999800,,"{'id': 82800, 'context': 0, 'modifiers': [{'type': 6, 'value': 75766}], 'pet_breed_id': 18, 'pet_level': 1, 'pet_quality_id': 3, 'pet_species_id': 2042}"
1200390802,VERY_LONG,,1,4009700,,"{'id': 82800, 'context': 0, 'modifiers': [{'type': 6, 'value': 90715}], 'pet_breed_id': 14, 'pet_level': 1, 'pet_quality_id': 3, 'pet_species_id': 2580}"
1200390854,VERY_LONG,90000,48,,,{'id': 169701}
1200390883,VERY_LONG,392300,2,,,{'id': 168589}
1200390931,VERY_LONG,23000,5000,,,{'id': 167738}
1200390944,VERY_LONG,23000,5000,,,{'id': 167738}
1200390947,VERY_LONG,77000,9,,,{'id': 171828}
1200390956,VERY_LONG,23000,4781,,,{'id': 167738}
1200390974,VERY_LONG,44300,66,,,{'id': 171841}
1200390993,VERY_LONG,88600,4761,,,{'id': 72120}
1200390996,VERY_LONG,349500,50,,,{'id': 171832}
1200391016,VERY_LONG,4500,1,,,{'id': 173032}
1200391017,VERY_LONG,,1,74880000,,"{'id': 82800, 'context': 0, 'modifiers': [{'type': 6, 'value': 99872}], 'pet_breed_id': 10, 'pet_level': 1, 'pet_quality_id': 2, 'pet_species_id': 3032}"
1200391062,VERY_LONG,16000,1,,,{'id': 23572}
1200391087,VERY_LONG,9000,2,,,{'id': 74839}
1200391098,VERY_LONG,200,1,,,{'id': 24477}
1200392152,LONG,1504700,5,,,{'id': 174283}
1200392183,VERY_LONG,150000,4,,,{'id': 172230}
1200392185,LONG,,1,1660000,,"{'id': 180865, 'context': 0, 'bonus_lists': [6908, 6652], 'modifiers': [{'type': 9, 'value': 60}, {'type': 28, 'value': 2060}]}"
1200392191,LONG,11000,25,,,{'id': 152576}
1200392198,LONG,806400,5,,,{'id': 171288}
1200392213,VERY_LONG,725100,2,,,{'id': 172231}
1200392249,LONG,1349500,5,,,{'id': 171274}
1200392277,LONG,2431200,1,,,{'id': 171275}
1200392288,LONG,4500,3,,,{'id': 173032}
1200392392,VERY_LONG,,1,159999400,,"{'id': 173242, 'context': 65, 'bonus_lists': [6718, 1522]}"
1200392395,VERY_LONG,,1,159999400,,"{'id': 173242, 'context': 65, 'bonus_lists': [6718, 1522]}"
1200392399,VERY_LONG,,1,159999400,,"{'id': 173242, 'context': 65, 'bonus_lists': [6718, 1522]}"
1200392402,VERY_LONG,,1,159999400,,"{'id': 173242, 'context': 65, 'bonus_lists': [6718, 1522]}"
1200392404,VERY_LONG,,1,159999400,,"{'id': 173242, 'context': 65, 'bonus_lists': [6718, 1522]}"
1200392427,LONG,150000,5,,,{'id': 172230}
1200392434,VERY_LONG,,1,279985000,,"{'id': 172316, 'context': 63, 'bonus_lists': [6716, 1487]}"
1200392436,VERY_LONG,,1,279985000,,"{'id': 172316, 'context': 63, 'bonus_lists': [6716, 1487]}"
1200392440,VERY_LONG,,1,279985000,,"{'id': 172316, 'context': 63, 'bonus_lists': [6716, 1487]}"
1200392442,VERY_LONG,,1,279985000,,"{'id': 172316, 'context': 63, 'bonus_lists': [6716, 1487]}"
1200392447,VERY_LONG,,1,279985000,,"{'id': 172316, 'context': 63, 'bonus_lists': [6716, 1487]}"
1200392449,VERY_LONG,,1,279985000,,"{'id': 172316, 'context': 63, 'bonus_lists': [6716, 1487]}"
1200392452,VERY_LONG,,1,279985000,,"{'id': 172316, 'context': 63, 'bonus_lists': [6716, 1487]}"
1200392454,VERY_LONG,,1,279985000,,"{'id': 172316, 'context': 63, 'bonus_lists': [6716, 1487]}"
1200392456,VERY_LONG,,1,279985000,,"{'id': 172316, 'context': 63, 'bonus_lists': [6716, 1487]}"
1200392458,VERY_LONG,,1,279985000,,"{'id': 172316, 'context': 63, 'bonus_lists': [6716, 1487]}"
1200392459,VERY_LONG,,1,279985000,,"{'id': 172316, 'context': 63, 'bonus_lists': [6716, 1487]}"
1200392468,VERY_LONG,,1,1200000,,"{'id': 177806, 'context': 0, 'bonus_lists': [6908, 6652, 1708], 'modifiers': [{'type': 9, 'value': 60}, {'type': 28, 'value': 1707}]}"
1200392478,LONG,,1,630009600,,"{'id': 65891, 'context': 0}"
1200392479,LONG,,1,630009600,,"{'id': 65891, 'context': 0}"
1200392495,LONG,200000,3,,,{'id': 182737}
1200392508,LONG,,1,6691300,,"{'id': 176981, 'context': 0, 'bonus_lists': [6907, 42, 1712], 'modifiers': [{'type': 9, 'value': 60}, {'type': 28, 'value': 2060}]}"
1200392517,LONG,,1,10099500,,"{'id': 178943, 'context': 0, 'bonus_lists': [6908, 6652, 1683], 'modifiers': [{'type': 9, 'value': 60}, {'type': 28, 'value': 2060}]}"
1200392521,LONG,50000,17,,,{'id': 52987}
1200392523,VERY_LONG,,1,80004200,,"{'id': 173245, 'context': 64, 'bonus_lists': [6717, 7194, 1507]}"
1200392528,VERY_LONG,,1,80004200,,"{'id': 173245, 'context': 64, 'bonus_lists': [6717, 7194, 1507]}"
1200392530,VERY_LONG,,1,80004200,,"{'id': 173245, 'context': 64, 'bonus_lists': [6717, 7194, 1507]}"
1200392539,LONG,,1,4729500,,"{'id': 177810, 'context': 5, 'bonus_lists': [6908, 6652, 1705], 'modifiers': [{'type': 9, 'value': 60}, {'type': 28, 'value': 752}]}"
1200392550,LONG,,1,3800100,,"{'id': 180793, 'context': 0, 'bonus_lists': [6908, 6652, 1677], 'modifiers': [{'type': 9, 'value': 60}, {'type': 28, 'value': 1707}]}"
1200392563,VERY_LONG,,1,8003600,,"{'id': 82800, 'context': 0, 'modifiers': [{'type': 6, 'value': 88004}], 'pet_breed_id': 8, 'pet_level': 25, 'pet_quality_id': 3, 'pet_species_id': 2450}"
1200392566,VERY_LONG,,1,139999100,,"{'id': 173245, 'context': 65, 'bonus_lists': [6718, 7194, 1522]}"
1200392567,VERY_LONG,,1,139999100,,"{'id': 173245, 'context': 65, 'bonus_lists': [6718, 7194, 1522]}"
1200392569,VERY_LONG,,1,139999100,,"{'id': 173245, 'context': 65, 'bonus_lists': [6718, 7194, 1522]}"
1200392574,LONG,604300,2,,,{'id': 171350}
1200392585,LONG,,1,55330200,,"{'id': 182560, 'context': 0, 'bonus_lists': [6907, 1695], 'modifiers': [{'type': 9, 'value': 60}, {'type': 28, 'value': 1707}]}"
1200392587,VERY_LONG,,1,36334200,,"{'id': 173245, 'context': 63, 'bonus_lists': [6716, 7193, 1487]}"
1200392588,VERY_LONG,,1,36334200,,"{'id': 173245, 'context': 63, 'bonus_lists': [6716, 7193, 1487]}"
1200392591,VERY_LONG,,1,36334200,,"{'id': 173245, 'context': 63, 'bonus_lists': [6716, 7193, 1487]}"
1200392593,VERY_LONG,,1,36334200,,"{'id': 173245, 'context': 63, 'bonus_lists': [6716, 7194, 1487]}"
1200392596,VERY_LONG,,1,36334200,,"{'id': 173245, 'context': 63, 'bonus_lists': [6716, 7194, 1487]}"
1200392634,LONG,230000,200,,,{'id': 52988}
1200392640,VERY_LONG,,1,50007700,,"{'id': 82800, 'context': 0, 'modifiers': [{'type': 6, 'value': 45854}], 'pet_breed_id': 5, 'pet_level': 1, 'pet_quality_id': 3, 'pet_species_id': 836}"
1200392668,VERY_LONG,,1,250000000,,"{'id': 82800, 'context': 0, 'modifiers': [{'type': 6, 'value': 92502}], 'pet_breed_id': 16, 'pet_level': 1, 'pet_quality_id': 3, 'pet_species_id': 2766}"
1200392677,VERY_LONG,,1,1400000,,"{'id': 82800, 'context': 0, 'modifiers': [{'type': 6, 'value': 45289}], 'pet_breed_id': 18, 'pet_level': 1, 'pet_quality_id': 3, 'pet_species_id': 2087}"
1200392690,VERY_LONG,,1,10000900,,"{'id': 82800, 'context': 0, 'modifiers': [{'type': 6, 'value': 68845}], 'pet_breed_id': 3, 'pet_level': 1, 'pet_quality_id': 3, 'pet_species_id': 1929}"
1200392709,VERY_LONG,,1,15000000,,"{'id': 82800, 'context': 0, 'modifiers': [{'type': 6, 'value': 80954}], 'pet_breed_id': 18, 'pet_level': 1, 'pet_quality_id': 3, 'pet_species_id': 2567}"
1200392716,VERY_LONG,,1,23000000,,"{'id': 173242, 'context': 63, 'bonus_lists': [6716, 1487]}"
1200392717,LONG,9895100,6,,,{'id': 171276}
1200392719,VERY_LONG,,1,23000000,,"{'id': 173242, 'context': 63, 'bonus_lists': [6716, 1487]}"
1200392721,VERY_LONG,,1,23000000,,"{'id': 173242, 'context': 63, 'bonus_lists': [6716, 1487]}"
1200392724,VERY_LONG,,1,23000000,,"{'id': 173242, 'context': 63, 'bonus_lists': [6716, 1487]}"
1200392729,VERY_LONG,,1,23000000,,"{'id': 173242, 'context': 63, 'bonus_lists': [6716, 1487]}"
1200392733,VERY_LONG,,1,23000000,,"{'id': 173242, 'context': 63, 'bonus_lists': [6716, 1487]}"
1200392735,VERY_LONG,,1,23000000,,"{'id': 173242, 'context': 63, 'bonus_lists': [6716, 1487]}"
1200392741,VERY_LONG,,1,10009600,,"{'id': 82800, 'context': 0, 'pet_breed_id': 8, 'pet_level': 1, 'pet_quality_id': 3, 'pet_species_id': 1962}"
1200392752,VERY_LONG,,1,951500,,"{'id': 82800, 'context': 0, 'modifiers': [{'type': 6, 'value': 46905}], 'pet_breed_id': 4, 'pet_level': 1, 'pet_quality_id': 3, 'pet_species_id': 1153}"
1200392756,VERY_LONG,,1,48009100,,"{'id': 173242, 'context': 64, 'bonus_lists': [6717, 1507]}"
1200392759,VERY_LONG,,1,48009100,,"{'id': 173242, 'context': 64, 'bonus_lists': [6717, 1507]}"
1200392760,VERY_LONG,,1,48009100,,"{'id': 173242, 'context': 64, 'bonus_lists': [6717, 1507]}"
1200392762,VERY_LONG,,1,48009100,,"{'id': 173242, 'context': 64, 'bonus_lists': [6717, 1507]}"
1200392763,VERY_LONG,,1,48009100,,"{'id': 173242, 'context': 64, 'bonus_lists': [6717, 1507]}"
1200392774,VERY_LONG,,1,60000000,,"{'id': 82800, 'context': 0, 'modifiers': [{'type': 6, 'value': 74513}], 'pet_breed_id': 7, 'pet_level': 1, 'pet_quality_id': 3, 'pet_species_id': 2001}"
1200392783,VERY_LONG,,1,159999400,,"{'id': 173242, 'context': 65, 'bonus_lists': [6718, 1522]}"
1200392784,VERY_LONG,,1,159999400,,"{'id': 173242, 'context': 65, 'bonus_lists': [6718, 1522]}"
1200392787,VERY_LONG,,1,159999400,,"{'id': 173242, 'context': 65, 'bonus_lists': [6718, 1522]}"
1200392789,VERY_LONG,,1,159999400,,"{'id': 173242, 'context': 65, 'bonus_lists': [6718, 1522]}"
1200392790,VERY_LONG,,1,159999400,,"{'id': 173242, 'context': 65, 'bonus_lists': [6718, 1522]}"
1200392791,VERY_LONG,,1,159999400,,"{'id': 173242, 'context': 65, 'bonus_lists': [6718, 1522]}"
1200392792,VERY_LONG,,1,159999400,,"{'id': 173242, 'context': 65, 'bonus_lists': [6718, 1522]}"
1200392794,VERY_LONG,,1,159999400,,"{'id': 173242, 'context': 65, 'bonus_lists': [6718, 1522]}"
1200392796,VERY_LONG,,1,159999400,,"{'id': 173242, 'context': 65, 'bonus_lists': [6718, 1522]}"
1200392803,VERY_LONG,,1,1000000,,"{'id': 173247, 'context': 63, 'bonus_lists': [6716, 1487]}"
1200392813,VERY_LONG,,1,15999800,,"{'id': 173241, 'context': 63, 'bonus_lists': [6716, 1487]}"
1200392816,VERY_LONG,,1,15999800,,"{'id': 173241, 'context': 63, 'bonus_lists': [6716, 1487]}"
1200392819,VERY_LONG,,1,15999800,,"{'id': 173241, 'context': 63, 'bonus_lists': [6716, 1487]}"
1200392821,VERY_LONG,,1,15999800,,"{'id': 173241, 'context': 63, 'bonus_lists': [6716, 1487]}"
1200392828,LONG,909700,1,,,{'id': 177715}
1200392837,LONG,1348000,10,,,{'id': 172439}
1200392856,LONG,,1,204200,,"{'id': 154833, 'context': 0, 'bonus_lists': [6654, 1678], 'modifiers': [{'type': 9, 'value': 34}, {'type': 28, 'value': 1225}]}"
1200392858,LONG,5017600,1,,,{'id': 177962}
1200392860,LONG,3754500,4,,,{'id': 172415}
1200392889,LONG,,1,50000000,,"{'id': 171445, 'context': 13, 'bonus_lists': [6893], 'modifiers': [{'type': 9, 'value': 60}, {'type': 28, 'value': 391}, {'type': 29, 'value': 32}, {'type': 30, 'value': 36}]}"
1200392891,LONG,,1,50000000,,"{'id': 171445, 'context': 13, 'bonus_lists': [6893], 'modifiers': [{'type': 9, 'value': 60}, {'type': 28, 'value': 391}, {'type': 29, 'value': 36}, {'type': 30, 'value': 40}]}"
1200392894,LONG,,1,50000000,,"{'id': 171445, 'context': 13, 'bonus_lists': [6893], 'modifiers': [{'type': 9, 'value': 60}, {'type': 28, 'value': 391}, {'type': 29, 'value': 49}, {'type': 30, 'value': 36}]}"
1200392895,LONG,,1,5008600,,"{'id': 159161, 'context': 0, 'bonus_lists': [6654, 1699], 'modifiers': [{'type': 9, 'value': 33}, {'type': 28, 'value': 1227}]}"
1200392897,LONG,,1,50000000,,"{'id': 171445, 'context': 13, 'bonus_lists': [6893], 'modifiers': [{'type': 9, 'value': 60}, {'type': 28, 'value': 391}, {'type': 29, 'value': 49}, {'type': 30, 'value': 40}]}"
1200392899,LONG,,1,50000000,,"{'id': 171445, 'context': 13, 'bonus_lists': [6893], 'modifiers': [{'type': 9, 'value': 60}, {'type': 28, 'value': 391}, {'type': 29, 'value': 40}, {'type': 30, 'value': 32}]}"
1200392901,LONG,,1,50000000,,"{'id': 171445, 'context': 13, 'bonus_lists': [6893], 'modifiers': [{'type': 9, 'value': 60}, {'type': 28, 'value': 391}, {'type': 29, 'value': 49}, {'type': 30, 'value': 32}]}"
1200392905,LONG,,1,50000000,,"{'id': 171445, 'context': 13, 'bonus_lists': [6893], 'modifiers': [{'type': 9, 'value': 60}, {'type': 28, 'value': 391}, {'type': 29, 'value': 36}, {'type': 30, 'value': 49}]}"
1200392935,VERY_LONG,,1,36334200,,"{'id': 173245, 'context': 63, 'bonus_lists': [6716, 7194, 1487]}"
1200392959,LONG,4000,200,,,{'id': 173032}
1200392960,LONG,,1,708800,,"{'id': 25057, 'context': 0, 'bonus_lists': [6654, 1681], 'modifiers': [{'type': 9, 'value': 30}, {'type': 28, 'value': 1015}]}"
1200392965,VERY_LONG,,1,1000000,,"{'id': 173247, 'context': 63, 'bonus_lists': [6716, 1487]}"
1200393000,LONG,290000,27,,,{'id': 171286}
1200393011,LONG,,1,2885500,,"{'id': 6587, 'context': 0, 'bonus_lists': [6654, 1679], 'modifiers': [{'type': 9, 'value': 30}, {'type': 28, 'value': 13}]}"
1200393014,VERY_LONG,,1,119999800,,"{'id': 173247, 'context': 64, 'bonus_lists': [6717, 1507]}"
1200393017,VERY_LONG,,1,119999800,,"{'id': 173247, 'context': 64, 'bonus_lists': [6717, 1507]}"
1200393020,VERY_LONG,,1,119999800,,"{'id': 173247, 'context': 64, 'bonus_lists': [6717, 1507]}"
1200393023,VERY_LONG,,1,119999800,,"{'id': 173247, 'context': 64, 'bonus_lists': [6717, 1507]}"
1200393026,VERY_LONG,,1,119999800,,"{'id': 173247, 'context': 64, 'bonus_lists': [6717, 1507]}"
1200393033,LONG,16509400,9,,,{'id': 172438}
1200393052,VERY_LONG,,1,850000,,"{'id': 173249, 'context': 63, 'bonus_lists': [6716, 7193, 1487]}"
1200393055,VERY_LONG,23000,5000,,,{'id': 167738}
1200393056,VERY_LONG,,1,850000,,"{'id': 173249, 'context': 63, 'bonus_lists': [6716, 7193, 1487]}"
1200393061,VERY_LONG,,1,850000,,"{'id': 173249, 'context': 63, 'bonus_lists': [6716, 7194, 1487]}"
1200393064,VERY_LONG,,1,850000,,"{'id': 173249, 'context': 63, 'bonus_lists': [6716, 7193, 1487]}"
1200393067,VERY_LONG,,1,850000,,"{'id': 173249, 'context': 63, 'bonus_lists': [6716, 7193, 1487]}"
1200393069,VERY_LONG,,1,850000,,"{'id': 173249, 'context': 63, 'bonus_lists': [6716, 7194, 1487]}"
1200393073,VERY_LONG,,1,850000,,"{'id': 173249, 'context': 63, 'bonus_lists': [6716, 7193, 1487]}"
1200393075,VERY_LONG,,1,850000,,"{'id': 173249, 'context': 63, 'bonus_lists': [6716, 7194, 1487]}"
1200393076,VERY_LONG,23000,5000,,,{'id': 167738}
1200393078,VERY_LONG,,1,850000,,"{'id': 173249, 'context': 63, 'bonus_lists': [6716, 7193, 1487]}"
1200393081,VERY_LONG,,1,850000,,"{'id': 173249, 'context': 63, 'bonus_lists': [6716, 7194, 1487]}"
1200393083,LONG,150000,20,,,{'id': 172230}
1200393084,VERY_LONG,,1,850000,,"{'id': 173249, 'context': 63, 'bonus_lists': [6716, 7194, 1487]}"
1200393086,VERY_LONG,,1,850000,,"{'id': 173249, 'context': 63, 'bonus_lists': [6716, 7193, 1487]}"
1200393093,VERY_LONG,23000,5000,,,{'id': 167738}
1200393100,LONG,,1,400000,,"{'id': 24663, 'context': 0, 'bonus_lists': [6654, 1678], 'modifiers': [{'type': 9, 'value': 30}, {'type': 28, 'value': 1015}]}"
1200394102,VERY_LONG,,1,3000000,,"{'id': 82800, 'context': 0, 'pet_breed_id': 13, 'pet_level': 1, 'pet_quality_id': 3, 'pet_species_id': 1952}"
1200394108,LONG,776400,5,,,{'id': 44482}
1200394112,VERY_LONG,,1,49999900,,"{'id': 173249, 'context': 64, 'bonus_lists': [6717, 7193, 1507]}"
1200394115,VERY_LONG,,1,49999900,,"{'id': 173249, 'context': 64, 'bonus_lists': [6717, 7193, 1507]}"
1200394116,VERY_LONG,,1,49999900,,"{'id': 173249, 'context': 64, 'bonus_lists': [6717, 7193, 1507]}"
1200394117,VERY_LONG,630000,5000,,,{'id': 124669}
1200394118,VERY_LONG,,1,49999900,,"{'id': 173249, 'context': 64, 'bonus_lists': [6717, 7193, 1507]}"
1200394119,VERY_LONG,,1,49999900,,"{'id': 173249, 'context': 64, 'bonus_lists': [6717, 7193, 1507]}"
1200394123,VERY_LONG,,1,2509800,,"{'id': 82800, 'context': 0, 'modifiers': [{'type': 6, 'value': 60819}], 'pet_breed_id': 15, 'pet_level': 1, 'pet_quality_id': 3, 'pet_species_id': 1566}"
1200394124,VERY_LONG,,1,49999900,,"{'id': 173249, 'context': 64, 'bonus_lists': [6717, 7193, 1507]}"
1200394126,LONG,,1,44700,,"{'id': 106478, 'context': 0, 'bonus_lists': [6654, 38], 'modifiers': [{'type': 9, 'value': 36}, {'type': 28, 'value': 63}]}"
1200394128,VERY_LONG,630000,5000,,,{'id': 124669}
1200394129,VERY_LONG,,1,49999900,,"{'id': 173249, 'context': 64, 'bonus_lists': [6717, 7193, 1507]}"
1200394132,LONG,,1,1900000,,"{'id': 127748, 'context': 31}"
1200394134,VERY_LONG,630000,630,,,{'id': 124669}
1200394146,VERY_LONG,,1,7504100,,"{'id': 82800, 'context': 0, 'modifiers': [{'type': 6, 'value': 65113}], 'pet_breed_id': 20, 'pet_level': 1, 'pet_quality_id': 3, 'pet_species_id': 1717}"
1200394161,LONG,725100,16,,,{'id': 172231}
1200394165,LONG,250100,62,,,{'id': 128632}
1200394180,VERY_LONG,,1,1755400,,"{'id': 82800, 'context': 0, 'modifiers': [{'type': 6, 'value': 79797}], 'pet_breed_id': 4, 'pet_level': 1, 'pet_quality_id': 3, 'pet_species_id': 2119}"
1200394192,LONG,,1,4598200,,"{'id': 82023, 'context': 0, 'bonus_lists': [6654, 1715], 'modifiers': [{'type': 9, 'value': 35}, {'type': 28, 'value': 60}]}"
1200394203,VERY_LONG,253400,2,,,{'id': 15415}
1200394216,LONG,,1,44900000,,"{'id': 117379, 'context': 11, 'bonus_lists': [5134], 'modifiers': [{'type': 9, 'value': 41}]}"
1200394234,LONG,,1,26508000,,"{'id': 30735, 'context': 0}"
1200394238,VERY_LONG,20000,11,,,{'id': 130904}
1200394241,VERY_LONG,,1,13007800,,"{'id': 82800, 'context': 0, 'modifiers': [{'type': 6, 'value': 68859}], 'pet_breed_id': 21, 'pet_level': 1, 'pet_quality_id': 3, 'pet_species_id': 1889}"
1200394244,LONG,,1,41700200,,"{'id': 31148, 'context': 0}"
1200394251,VERY_LONG,,1,751100,,"{'id': 82800, 'context': 0, 'modifiers': [{'type': 6, 'value': 48057}], 'pet_breed_id': 20, 'pet_level': 1, 'pet_quality_id': 3, 'pet_species_id': 1213}"
1200394260,LONG,,1,22999900,,"{'id': 90717, 'context': 0, 'bonus_lists': [6694], 'modifiers': [{'type': 9, 'value': 35}, {'type': 28, 'value': 59}]}"
1200394269,VERY_LONG,,1,50004600,,"{'id': 82800, 'context': 0, 'modifiers': [{'type': 6, 'value': 48662}], 'pet_breed_id': 8, 'pet_level': 1, 'pet_quality_id': 3, 'pet_species_id': 1229}"
1200394271,LONG,,1,2077600,,"{'id': 82290, 'context': 0, 'bonus_lists': [6654, 1699], 'modifiers': [{'type': 9, 'value': 35}, {'type': 28, 'value': 167}]}"
1200394289,LONG,,1,300000,,"{'id': 82256, 'context': 0, 'bonus_lists': [6654, 1705], 'modifiers': [{'type': 9, 'value': 35}, {'type': 28, 'value': 167}]}"
1200394304,VERY_LONG,,1,1750400,,"{'id': 82800, 'context': 0, 'modifiers': [{'type': 6, 'value': 58825}], 'pet_breed_id': 20, 'pet_level': 1, 'pet_quality_id': 3, 'pet_species_id': 1471}"
1200394318,LONG,,1,25000000,,"{'id': 48118, 'context': 0}"
1200394321,VERY_LONG,,1,49999900,,"{'id': 173249, 'context': 64, 'bonus_lists': [6717, 7194, 1507]}"
1200394322,LONG,,1,25000000,,"{'id': 48118, 'context': 0}"
1200394324,VERY_LONG,,1,49999900,,"{'id': 173249, 'context': 64, 'bonus_lists': [6717, 7193, 1507]}"
1200394326,VERY_LONG,,1,49999900,,"{'id': 173249, 'context': 64, 'bonus_lists': [6717, 7194, 1507]}"
1200394327,VERY_LONG,,1,49999900,,"{'id': 173249, 'context': 64, 'bonus_lists': [6717, 7193, 1507]}"
1200394330,VERY_LONG,,1,49999900,,"{'id': 173249, 'context': 64, 'bonus_lists': [6717, 7193, 1507]}"
1200394331,VERY_LONG,134000,2,,,{'id': 2776}
1200394335,VERY_LONG,,1,49999900,,"{'id': 173249, 'context': 64, 'bonus_lists': [6717, 7194, 1507]}"
1200394344,LONG,1159800,10,,,{'id': 76089}
1200394345,VERY_LONG,,1,15005800,,"{'id': 82800, 'context': 0, 'modifiers': [{'type': 6, 'value': 87862}], 'pet_breed_id': 11, 'pet_level': 1, 'pet_quality_id': 3, 'pet_species_id': 2432}"
1200394348,VERY_LONG,,1,50000,,"{'id': 127856, 'context': 31, 'modifiers': [{'type': 28, 'value': 176}]}"
1200394356,LONG,500,9,,,{'id': 171840}
1200394366,LONG,390000,10,,,{'id': 76090}
1200394367,VERY_LONG,,1,886900,,"{'id': 82800, 'context': 0, 'modifiers': [{'type': 6, 'value': 48213}], 'pet_breed_id': 20, 'pet_level': 1, 'pet_quality_id': 3, 'pet_species_id': 1205}"
1200394371,VERY_LONG,392300,9,,,{'id': 168589}
1200394386,VERY_LONG,100000,2,,,{'id': 15412}
1200394408,VERY_LONG,29800,1,,,{'id': 52177}
1200394426,LONG,165000,4,,,{'id': 171831}
1200394427,VERY_LONG,,1,73999900,,"{'id': 173249, 'context': 65, 'bonus_lists': [6718, 7193, 1522]}"
1200394430,VERY_LONG,5000000,1,,,{'id': 173088}
1200394431,VERY_LONG,,1,73999900,,"{'id': 173249, 'context': 65, 'bonus_lists': [6718, 7194, 1522]}"
1200394436,VERY_LONG,,1,73999900,,"{'id': 173249, 'context': 65, 'bonus_lists': [6718, 7193, 1522]}"
1200394438,VERY_LONG,,1,73999900,,"{'id': 173249, 'context': 65, 'bonus_lists': [6718, 7193, 1522]}"
1200394441,VERY_LONG,,1,73999900,,"{'id': 173249, 'context': 65, 'bonus_lists': [6718, 7194, 1522]}"
1200394446,LONG,3559900,2,,,{'id': 58145}
1200394447,VERY_LONG,,1,73999900,,"{'id': 173249, 'context': 65, 'bonus_lists': [6718, 7193, 1522]}"
1200394452,VERY_LONG,,1,73999900,,"{'id': 173249, 'context': 65, 'bonus_lists': [6718, 7194, 1522]}"
1200394457,VERY_LONG,,1,73999900,,"{'id': 173249, 'context': 65, 'bonus_lists': [6718, 7194, 1522]}"
1200394460,VERY_LONG,,1,73999900,,"{'id': 173249, 'context': 65, 'bonus_lists': [6718, 7193, 1522]}"
1200394463,VERY_LONG,,1,73999900,,"{'id': 173249, 'context': 65, 'bonus_lists': [6718, 7194, 1522]}"
1200394469,VERY_LONG,,1,73999900,,"{'id': 173249, 'context': 65, 'bonus_lists': [6718, 7194, 1522]}"
1200394473,VERY_LONG,,1,73999900,,"{'id': 173249, 'context': 65, 'bonus_lists': [6718, 7194, 1522]}"
1200394477,VERY_LONG,,1,73999900,,"{'id': 173249, 'context': 65, 'bonus_lists': [6718, 7194, 1522]}"
1200394480,VERY_LONG,,1,73999900,,"{'id': 173249, 'context': 65, 'bonus_lists': [6718, 7193, 1522]}"
1200394498,LONG,187200,18,,,{'id': 72092}
1200394509,VERY_LONG,1000000,2,,,{'id': 173102}
1200394510,VERY_LONG,44300,118,,,{'id': 171841}
1200394542,LONG,,1,5000000,,"{'id': 86847, 'context': 0}"
1200394624,VERY_LONG,,1,1500000,,"{'id': 71952, 'context': 0}"
1200394626,VERY_LONG,,1,1500000,,"{'id': 71952, 'context': 0}"
1200394628,VERY_LONG,,1,1500000,,"{'id': 71952, 'context': 0}"
1200394634,VERY_LONG,,1,1500000,,"{'id': 71952, 'context': 0}"
1200394650,VERY_LONG,150000,2,,,{'id': 179278}
1200394652,LONG,,1,15554100,,"{'id': 82063, 'context': 0, 'bonus_lists': [6654, 1681], 'modifiers': [{'type': 9, 'value': 35}, {'type': 28, 'value': 60}]}"
1200394674,VERY_LONG,349500,14,,,{'id': 171832}
1200394699,VERY_LONG,5550000,1,,,{'id': 77545}
1200394713,VERY_LONG,200,2,,,{'id': 124117}
1200394739,LONG,,1,258503400,,"{'id': 87506, 'context': 0, 'bonus_lists': [6658], 'modifiers': [{'type': 9, 'value': 35}, {'type': 28, 'value': 60}]}"
1200394799,VERY_LONG,,1,125000000,123750000,"{'id': 36862, 'context': 0}"
1200394800,VERY_LONG,,1,3177400,,"{'id': 18259, 'context': 0}"
1200394802,LONG,4559700,14,,,{'id': 76084}
1200394803,VERY_LONG,,1,25515000,,"{'id': 41787, 'context': 0}"
1200394805,VERY_LONG,,1,15489300,,"{'id': 47636, 'context': 0}"
1200394809,VERY_LONG,,1,170000000,,"{'id': 35216, 'context': 0}"
1200394811,VERY_LONG,,1,1004200,,"{'id': 176796, 'context': 0, 'bonus_lists': [6908, 6652, 1679], 'modifiers': [{'type': 9, 'value': 60}, {'type': 28, 'value': 1707}]}"
1200394813,VERY_LONG,,1,38311300,,"{'id': 24167, 'context': 2}"
1200394815,VERY_LONG,,1,150000000,148500000,"{'id': 164364, 'context': 0}"
1200394817,VERY_LONG,,1,14070000,,"{'id': 14476, 'context': 0}"
1200394820,VERY_LONG,,1,150000000,148500000,"{'id': 164542, 'context': 31}"
1200394821,VERY_LONG,,1,21935000,,"{'id': 24215, 'context': 2}"
1200394823,VERY_LONG,,1,40624800,,"{'id': 31873, 'context': 0}"
1200394829,VERY_LONG,,1,56866500,,"{'id': 22926, 'context': 0}"
1200394830,VERY_LONG,,1,870000,,"{'id': 177767, 'context': 0, 'bonus_lists': [6907, 6652, 1706], 'modifiers': [{'type': 9, 'value': 60}, {'type': 28, 'value': 2060}]}"
1200394832,VERY_LONG,,1,2722200,,"{'id': 18260, 'context': 0}"
1200394836,VERY_LONG,,1,7458900,,"{'id': 47651, 'context': 0}"
1200394838,LONG,360000,5,,,{'id': 76094}
1200394839,VERY_LONG,,1,75000000,74250000,"{'id': 164329, 'context': 11}"
1200394842,VERY_LONG,,1,400000000,396000000,"{'id': 164276, 'context': 11}"
1200394845,VERY_LONG,,1,14871800,,"{'id': 47639, 'context': 0}"
1200394848,VERY_LONG,,1,39071500,,"{'id': 3591, 'context': 14}"
1200394850,VERY_LONG,,1,909269400,,"{'id': 14163, 'context': 1, 'bonus_lists': [1677]}"
1200394854,VERY_LONG,,1,150000000,148500000,"{'id': 82800, 'context': 0, 'modifiers': [{'type': 6, 'value': 78222}], 'pet_breed_id': 17, 'pet_level': 25, 'pet_quality_id': 3, 'pet_species_id': 2071}"
1200394857,VERY_LONG,,1,2031700,,"{'id': 7990, 'context': 1}"
1200394885,LONG,,1,207500,,"{'id': 82285, 'context': 0, 'bonus_lists': [6655, 1715], 'modifiers': [{'type': 9, 'value': 35}, {'type': 28, 'value': 167}]}"
1200394911,LONG,,1,22738000,,"{'id': 10261, 'context': 0, 'bonus_lists': [1692]}"
1200394933,LONG,,1,43444800,,"{'id': 82800, 'context': 0, 'modifiers': [{'type': 6, 'value': 65717}], 'pet_breed_id': 4, 'pet_level': 1, 'pet_quality_id': 3, 'pet_species_id': 1766}"
1200394951,LONG,15000,290,,,{'id': 94288}
1200394990,LONG,,1,5555700,,"{'id': 82062, 'context': 0, 'bonus_lists': [6655, 1700], 'modifiers': [{'type': 9, 'value': 35}, {'type': 28, 'value': 58}]}"
1200395016,LONG,,1,6483300,,"{'id': 82800, 'context': 0, 'pet_breed_id': 6, 'pet_level': 1, 'pet_quality_id': 2, 'pet_species_id': 89}"
1200395054,VERY_LONG,4000,71,,,{'id': 173032}
1200395081,VERY_LONG,,1,49990000,,"{'id': 176780, 'context': 0, 'bonus_lists': [6907, 6652, 1709], 'modifiers': [{'type': 9, 'value': 60}, {'type': 28, 'value': 1707}]}"
1200395085,LONG,,1,3799800,,"{'id': 82800, 'context': 0, 'pet_breed_id': 5, 'pet_level': 1, 'pet_quality_id': 2, 'pet_species_id': 122}"
1200397131,VERY_LONG,23000,5000,,,{'id': 167738}
1200397139,VERY_LONG,23000,5000,,,{'id': 167738}
1200397147,VERY_LONG,23000,1379,,,{'id': 167738}
1200397169,VERY_LONG,630000,1000,,,{'id': 124669}
1200397183,LONG,,1,25550400,,"{'id': 30738, 'context': 0}"
1200397237,VERY_LONG,90000,200,,,{'id': 169701}
1200397262,VERY_LONG,90000,200,,,{'id': 169701}
1200397286,VERY_LONG,90000,200,,,{'id': 169701}
1200397288,LONG,29700,44,,,{'id': 16202}
1200397317,LONG,28500,22,,,{'id': 10938}
1200397348,LONG,1800,8,,,{'id': 172068}
1200397359,VERY_LONG,,1,70001300,,"{'id': 82800, 'context': 0, 'modifiers': [{'type': 6, 'value': 5187}], 'pet_breed_id': 4, 'pet_level': 1, 'pet_quality_id': 3, 'pet_species_id': 2545}"
1200397386,LONG,,1,147200,,"{'id': 3683, 'context': 11}"
1200397389,LONG,,1,147200,,"{'id': 3683, 'context': 11}"
1200397412,VERY_LONG,,1,8000000,,"{'id': 82800, 'context': 0, 'modifiers': [{'type': 6, 'value': 88008}], 'pet_breed_id': 14, 'pet_level': 1, 'pet_quality_id': 3, 'pet_species_id': 2454}"
1200397443,LONG,13500,227,,,{'id': 4339}
1200397487,LONG,,1,14070000,,"{'id': 14476, 'context': 0}"
1200397494,VERY_LONG,,1,3009800,,"{'id': 82800, 'context': 0, 'modifiers': [{'type': 6, 'value': 64194}], 'pet_breed_id': 3, 'pet_level': 1, 'pet_quality_id': 3, 'pet_species_id': 1687}"
1200397531,LONG,,1,25104100,,"{'id': 15743, 'context': 0}"
1200397564,LONG,,1,27533900,,"{'id': 47654, 'context': 0}"
1200397566,VERY_LONG,,1,8009500,,"{'id': 82800, 'context': 0, 'modifiers': [{'type': 6, 'value': 28502}], 'pet_breed_id': 5, 'pet_level': 1, 'pet_quality_id': 3, 'pet_species_id': 1511}"
1200397598,LONG,,1,21595500,,"{'id': 41780, 'context': 30}"
1200397636,LONG,,1,499900,,"{'id': 21949, 'context': 11}"
1200397639,VERY_LONG,,1,70002900,,"{'id': 82800, 'context': 0, 'modifiers': [{'type': 6, 'value': 45939}], 'pet_breed_id': 12, 'pet_level': 1, 'pet_quality_id': 3, 'pet_species_id': 337}"
1200397666,VERY_LONG,806400,27,,,{'id': 171288}
1200397669,LONG,,1,499900,,"{'id': 30282, 'context': 0}"
1200397691,VERY_LONG,,1,13000400,,"{'id': 82800, 'context': 0, 'modifiers': [{'type': 6, 'value': 73671}], 'pet_breed_id': 4, 'pet_level': 1, 'pet_quality_id': 3, 'pet_species_id': 1955}"
1200397708,LONG,,1,649990000,,"{'id': 184798, 'context': 0, 'bonus_lists': [6652, 1472, 6646], 'modifiers': [{'type': 28, 'value': 807}]}"
1200397754,VERY_LONG,,1,40004400,,"{'id': 82800, 'context': 0, 'modifiers': [{'type': 6, 'value': 90513}], 'pet_breed_id': 4, 'pet_level': 1, 'pet_quality_id': 3, 'pet_species_id': 2694}"
1200397767,LONG,2200,2,,,{'id': 109137}
1200397776,LONG,72000,6,,,{'id': 173126}
1200397782,VERY_LONG,,1,12000000,,"{'id': 82800, 'context': 0, 'modifiers': [{'type': 6, 'value': 46909}], 'pet_breed_id': 18, 'pet_level': 1, 'pet_quality_id': 3, 'pet_species_id': 1156}"
1200397786,LONG,10000,5,,,{'id': 109142}
1200397801,LONG,30000,8,,,{'id': 109139}
1200397820,LONG,3000,1,,,{'id': 109133}
1200397825,VERY_LONG,,1,10006400,,"{'id': 82800, 'context': 0, 'modifiers': [{'type': 6, 'value': 48664}], 'pet_breed_id': 7, 'pet_level': 1, 'pet_quality_id': 3, 'pet_species_id': 1233}"
1200397856,LONG,,1,140000,,"{'id': 10024, 'context': 0}"
1200397867,LONG,168300,1,,,{'id': 4305}
1200397868,VERY_LONG,113700,1595,,,{'id': 152876}
1200397880,VERY_LONG,,1,24001000,,"{'id': 82800, 'context': 0, 'modifiers': [{'type': 6, 'value': 91810}], 'pet_breed_id': 18, 'pet_level': 1, 'pet_quality_id': 3, 'pet_species_id': 2835}"
1200397889,LONG,8406600,2,,,{'id': 173171}
1200397901,LONG,5717000,4,,,{'id': 173170}
1200397905,VERY_LONG,18647500,1,,,{'id': 151133}
1200397922,VERY_LONG,,1,110001500,,"{'id': 82800, 'context': 0, 'modifiers': [{'type': 6, 'value': 99876}], 'pet_breed_id': 14, 'pet_level': 1, 'pet_quality_id': 3, 'pet_species_id': 2898}"
1200397938,LONG,1756400,20,,,{'id': 173173}
1200397940,VERY_LONG,,1,279985000,,"{'id': 172316, 'context': 63, 'bonus_lists': [6716, 1487]}"
1200397943,VERY_LONG,,1,279985000,,"{'id': 172316, 'context': 63, 'bonus_lists': [6716, 1487]}"
1200397945,VERY_LONG,,1,279985000,,"{'id': 172316, 'context': 63, 'bonus_lists': [6716, 1487]}"
1200397951,VERY_LONG,,1,250000000,,"{'id': 82800, 'context': 0, 'modifiers': [{'type': 6, 'value': 88619}], 'pet_breed_id': 17, 'pet_level': 1, 'pet_quality_id': 3, 'pet_species_id': 2701}"
1200397954,LONG,350000,5,,,{'id': 109143}
1200397959,LONG,200,9,,,{'id': 124117}
1200397963,VERY_LONG,,1,60000000,,"{'id': 82800, 'context': 0, 'modifiers': [{'type': 6, 'value': 99908}], 'pet_breed_id': 8, 'pet_level': 1, 'pet_quality_id': 3, 'pet_species_id': 2961}"
1200397989,LONG,50000100,1,,,{'id': 85570}
1200397992,VERY_LONG,,1,15009300,,"{'id': 82800, 'context': 0, 'modifiers': [{'type': 6, 'value': 39739}], 'pet_breed_id': 21, 'pet_level': 1, 'pet_quality_id': 3, 'pet_species_id': 2584}"
1200398011,LONG,6600,2,,,{'id': 111589}
1200398030,LONG,47500,10,,,{'id': 10939}
1200398033,VERY_LONG,,1,1707800,,"{'id': 82800, 'context': 0, 'modifiers': [{'type': 6, 'value': 40155}], 'pet_breed_id': 6, 'pet_level': 1, 'pet_quality_id': 3, 'pet_species_id': 2579}"
1200398040,LONG,9900,2,,,{'id': 111658}
1200398053,LONG,,1,7999800,,"{'id': 6375, 'context': 0}"
1200398057,VERY_LONG,,1,30009900,,"{'id': 82800, 'context': 0, 'modifiers': [{'type': 6, 'value': 79711}], 'pet_breed_id': 17, 'pet_level': 1, 'pet_quality_id': 3, 'pet_species_id': 2092}"
1200398064,LONG,25000,1,,,{'id': 111667}
1200398068,LONG,390000,8240,,,{'id': 168589}
1200398072,LONG,100000,1,,,{'id': 111668}
1200398083,VERY_LONG,,1,3509600,,"{'id': 82800, 'context': 0, 'modifiers': [{'type': 6, 'value': 73684}], 'pet_breed_id': 16, 'pet_level': 1, 'pet_quality_id': 3, 'pet_species_id': 1959}"
1200398087,LONG,1330100,3,,,{'id': 111650}
1200398096,LONG,2500,135,,,{'id': 2996}
1200398097,LONG,90000,2933,,,{'id': 169701}
1200399103,LONG,4400,1,,,{'id': 5784}
1200399111,LONG,,1,69800,,"{'id': 10003, 'context': 0}"
1200399113,LONG,530000,429,,,{'id': 171315}
1200399149,LONG,1000,2,,,{'id': 5504}
1200399174,LONG,700,9,,,{'id': 14343}
1200399182,LONG,800,3,,,{'id': 1468}
1200399194,LONG,,1,44692700,,"{'id': 123897, 'context': 13, 'bonus_lists': [1686, 6851, 3408]}"
1200399207,LONG,56800,56,,,{'id': 2997}
1200399214,LONG,,1,25001300,,"{'id': 10604, 'context': 11}"
1200399231,LONG,10900,33,,,{'id': 127759}
1200399247,LONG,800000,2,,,{'id': 111669}
1200399272,LONG,100000,1,,,{'id': 109138}
1200399562,VERY_LONG,,1,350000000,346500000,"{'id': 141573, 'context': 26, 'bonus_lists': [1808, 1472, 3336, 3431]}"
1200399565,VERY_LONG,,1,200000000,198000000,"{'id': 141573, 'context': 26, 'bonus_lists': [1472, 3528, 3431], 'modifiers': [{'type': 28, 'value': 335}]}"
1200399569,VERY_LONG,,1,200000000,198000000,"{'id': 141573, 'context': 26, 'bonus_lists': [3431, 1472, 3528], 'modifiers': [{'type': 28, 'value': 336}]}"
1200399575,VERY_LONG,,1,350000000,346500000,"{'id': 141573, 'context': 26, 'bonus_lists': [41, 1472, 3528, 3431]}"
1200399581,VERY_LONG,,1,750000000,,"{'id': 78314, 'context': 14}"
1200399584,VERY_LONG,,1,350000000,346500000,"{'id': 141584, 'context': 26, 'bonus_lists': [41, 1472, 3528, 3431]}"
1200399590,VERY_LONG,20000000,17,,,{'id': 38769}
1200399594,VERY_LONG,,1,456796700,,"{'id': 56109, 'context': 1, 'bonus_lists': [4149], 'modifiers': [{'type': 9, 'value': 35}]}"
1200399598,VERY_LONG,,1,33516600,,"{'id': 94038, 'context': 0, 'bonus_lists': [1694]}"
1200399603,VERY_LONG,,1,100000000,99000000,"{'id': 82800, 'context': 0, 'modifiers': [{'type': 6, 'value': 87999}], 'pet_breed_id': 7, 'pet_level': 25, 'pet_quality_id': 3, 'pet_species_id': 2445}"
1200399608,VERY_LONG,,1,46725600,,"{'id': 2401, 'context': 14}"
1200399610,VERY_LONG,,1,200000000,198000000,"{'id': 141588, 'context': 26, 'bonus_lists': [1472, 3528, 3431]}"
1200399611,VERY_LONG,,1,288671700,,"{'id': 139, 'context': 0}"
1200399613,VERY_LONG,,1,73924500,,"{'id': 2143, 'context': 14}"
1200399615,VERY_LONG,,1,14765500,,"{'id': 41783, 'context': 36}"
1200399616,VERY_LONG,,1,10942000,,"{'id': 47640, 'context': 0}"
1200399618,VERY_LONG,,1,32115800,,"{'id': 24193, 'context': 0}"
1200399620,VERY_LONG,,1,600000000,594000000,"{'id': 82800, 'context': 0, 'modifiers': [{'type': 6, 'value': 45957}], 'pet_breed_id': 15, 'pet_level': 25, 'pet_quality_id': 3, 'pet_species_id': 848}"
1200399623,VERY_LONG,,1,64287500,,"{'id': 2824, 'context': 54, 'bonus_lists': [4260], 'modifiers': [{'type': 9, 'value': 45}]}"
1200399625,VERY_LONG,,1,72207200,,"{'id': 55452, 'context': 0, 'bonus_lists': [1684]}"
1200399627,VERY_LONG,,1,196842200,,"{'id': 36640, 'context': 0, 'bonus_lists': [1678]}"
1200399629,VERY_LONG,,1,3400000,,"{'id': 11027, 'context': 14}"
1200399632,VERY_LONG,,1,374175800,,"{'id': 66880, 'context': 27, 'bonus_lists': [4300], 'modifiers': [{'type': 9, 'value': 30}]}"
1200399636,VERY_LONG,,1,53821300,,"{'id': 5208, 'context': 14}"
1200399638,VERY_LONG,,1,98333900,,"{'id': 87488, 'context': 0}"
1200399640,VERY_LONG,,1,150000000,148500000,"{'id': 82800, 'context': 0, 'modifiers': [{'type': 6, 'value': 51413}], 'pet_breed_id': 10, 'pet_level': 25, 'pet_quality_id': 3, 'pet_species_id': 1321}"
1200399644,VERY_LONG,,1,150000000,148500000,"{'id': 82800, 'context': 0, 'modifiers': [{'type': 6, 'value': 45854}], 'pet_breed_id': 5, 'pet_level': 25, 'pet_quality_id': 3, 'pet_species_id': 836}"
1200399646,VERY_LONG,,1,18260700,,"{'id': 2159, 'context': 14}"
1200399652,VERY_LONG,,1,17179700,17007900,"{'id': 4057, 'context': 1}"
1200399655,VERY_LONG,,1,80000000,79500000,"{'id': 82800, 'context': 0, 'modifiers': [{'type': 6, 'value': 60820}], 'pet_breed_id': 18, 'pet_level': 25, 'pet_quality_id': 3, 'pet_species_id': 1567}"
1200399657,VERY_LONG,,1,42500000,42075000,"{'id': 82800, 'context': 0, 'modifiers': [{'type': 6, 'value': 60820}], 'pet_breed_id': 18, 'pet_level': 1, 'pet_quality_id': 3, 'pet_species_id': 1567}"
1200399659,VERY_LONG,,1,20740800,,"{'id': 16223, 'context': 0}"
1200399661,VERY_LONG,,1,500000000,,"{'id': 117379, 'context': 11, 'bonus_lists': [6423], 'modifiers': [{'type': 9, 'value': 50}]}"
1200399664,VERY_LONG,,1,500000000,,"{'id': 117379, 'context': 11, 'bonus_lists': [6315], 'modifiers': [{'type': 9, 'value': 50}]}"
1200399666,VERY_LONG,,1,500000000,,"{'id': 117379, 'context': 11, 'bonus_lists': [6315], 'modifiers': [{'type': 9, 'value': 50}]}"
1200399668,VERY_LONG,,1,500000000,,"{'id': 117379, 'context': 11, 'bonus_lists': [6315], 'modifiers': [{'type': 9, 'value': 50}]}"
1200399671,VERY_LONG,,1,500000000,,"{'id': 117379, 'context': 11, 'bonus_lists': [6423], 'modifiers': [{'type': 9, 'value': 50}]}"
1200399673,VERY_LONG,,1,500000000,,"{'id': 117379, 'context': 11, 'bonus_lists': [6315], 'modifiers': [{'type': 9, 'value': 50}]}"
1200399676,VERY_LONG,,1,500000000,,"{'id': 117379, 'context': 11, 'bonus_lists': [6423], 'modifiers': [{'type': 9, 'value': 50}]}"
1200399680,VERY_LONG,,1,47504900,,"{'id': 106645, 'context': 29, 'bonus_lists': [3854, 102], 'modifiers': [{'type': 9, 'value': 50}]}"
1200399683,VERY_LONG,,1,69500000,,"{'id': 82800, 'context': 0, 'pet_breed_id': 13, 'pet_level': 25, 'pet_quality_id': 3, 'pet_species_id': 1952}"
1200399688,VERY_LONG,,1,59500000,,"{'id': 82800, 'context': 0, 'pet_breed_id': 8, 'pet_level': 1, 'pet_quality_id': 3, 'pet_species_id': 1200}"
1200399690,VERY_LONG,,1,13141800,13010400,"{'id': 55581, 'context': 0, 'bonus_lists': [1681]}"
1200399693,VERY_LONG,,1,69500000,,"{'id': 82800, 'context': 0, 'modifiers': [{'type': 6, 'value': 73689}], 'pet_breed_id': 3, 'pet_level': 25, 'pet_quality_id': 3, 'pet_species_id': 1960}"
1200399696,VERY_LONG,,1,8516600,8431400,"{'id': 8131, 'context': 0}"
1200399699,VERY_LONG,,1,125437100,,"{'id': 1845, 'context': 14}"
1200399703,VERY_LONG,,1,17000000,,"{'id': 55426, 'context': 1, 'bonus_lists': [1678]}"
1200399706,VERY_LONG,,1,200000000,198000000,"{'id': 164324, 'context': 11}"
1200399709,VERY_LONG,,1,26260300,,"{'id': 82800, 'context': 0, 'modifiers': [{'type': 6, 'value': 75334}], 'pet_breed_id': 3, 'pet_level': 1, 'pet_quality_id': 2, 'pet_species_id': 2714}"
1200399711,VERY_LONG,,1,69500000,,"{'id': 82800, 'context': 0, 'modifiers': [{'type': 6, 'value': 48001}], 'pet_breed_id': 3, 'pet_level': 1, 'pet_quality_id': 3, 'pet_species_id': 1202}"
1200399714,VERY_LONG,,1,90000000,89500000,"{'id': 82800, 'context': 0, 'modifiers': [{'type': 6, 'value': 19986}], 'pet_breed_id': 3, 'pet_level': 25, 'pet_quality_id': 3, 'pet_species_id': 139}"
1200399716,VERY_LONG,,1,500000000,,"{'id': 150922, 'context': 11, 'bonus_lists': [6315], 'modifiers': [{'type': 9, 'value': 50}]}"
1200399719,VERY_LONG,,1,500000000,,"{'id': 150922, 'context': 11, 'bonus_lists': [6423], 'modifiers': [{'type': 9, 'value': 50}]}"
1200399721,VERY_LONG,,1,125000000,123750000,"{'id': 82800, 'context': 0, 'modifiers': [{'type': 6, 'value': 90745}], 'pet_breed_id': 6, 'pet_level': 25, 'pet_quality_id': 3, 'pet_species_id': 2587}"
1200399722,VERY_LONG,,1,49540300,,"{'id': 35202, 'context': 0}"
1200399723,VERY_LONG,,1,360000000,,"{'id': 10401, 'context': 0}"
1200399725,VERY_LONG,,1,150000000,148500000,"{'id': 82800, 'context': 0, 'modifiers': [{'type': 6, 'value': 71828}], 'pet_breed_id': 10, 'pet_level': 25, 'pet_quality_id': 3, 'pet_species_id': 1920}"
1200399726,VERY_LONG,,1,37206200,,"{'id': 837, 'context': 14}"
1200399727,VERY_LONG,,1,102057600,,"{'id': 15522, 'context': 54, 'bonus_lists': [1693, 4281], 'modifiers': [{'type': 9, 'value': 50}]}"
1200399729,VERY_LONG,,1,9470600,,"{'id': 69970, 'context': 0}"
1200399730,VERY_LONG,,1,42770900,,"{'id': 2429, 'context': 14}"
1200399733,VERY_LONG,,1,750000000,,"{'id': 78248, 'context': 14}"
1200399734,VERY_LONG,,1,357772800,,"{'id': 14752, 'context': 54, 'bonus_lists': [4278], 'modifiers': [{'type': 9, 'value': 50}]}"
1200399735,VERY_LONG,,1,357772800,,"{'id': 14752, 'context': 54, 'bonus_lists': [4279], 'modifiers': [{'type': 9, 'value': 45}]}"
1200399737,VERY_LONG,,1,225000000,222750000,"{'id': 82800, 'context': 0, 'modifiers': [{'type': 6, 'value': 90182}], 'pet_breed_id': 4, 'pet_level': 25, 'pet_quality_id': 3, 'pet_species_id': 2558}"
1200399738,VERY_LONG,,1,72139700,,"{'id': 37808, 'context': 2}"
1200399739,VERY_LONG,,1,34994800,,"{'id': 23884, 'context': 0}"
1200399740,VERY_LONG,,1,390000000,,"{'id': 82800, 'context': 0, 'modifiers': [{'type': 6, 'value': 42872}], 'pet_breed_id': 13, 'pet_level': 25, 'pet_quality_id': 3, 'pet_species_id': 630}"
1200399742,VERY_LONG,,1,140000000,,"{'id': 36409, 'context': 1, 'bonus_lists': [1705]}"
1200399744,VERY_LONG,,1,9106400,,"{'id': 69974, 'context': 0}"
1200399746,VERY_LONG,,1,100000000,99000000,"{'id': 82800, 'context': 0, 'modifiers': [{'type': 6, 'value': 59034}], 'pet_breed_id': 8, 'pet_level': 25, 'pet_quality_id': 3, 'pet_species_id': 1597}"
1200399750,VERY_LONG,,1,50000000,49500000,"{'id': 164460, 'context': 11}"
1200399753,VERY_LONG,,1,125000000,123750000,"{'id': 82800, 'context': 0, 'modifiers': [{'type': 6, 'value': 28089}], 'pet_breed_id': 7, 'pet_level': 25, 'pet_quality_id': 3, 'pet_species_id': 190}"
1200399755,LONG,390000,4,,,{'id': 76090}
1200399756,VERY_LONG,,1,200000000,198000000,"{'id': 141575, 'context': 26, 'bonus_lists': [1472, 3336, 3431]}"
1200399759,VERY_LONG,,1,581044200,,"{'id': 78258, 'context': 14}"
1200399764,VERY_LONG,,1,150000000,148500000,"{'id': 82800, 'context': 0, 'modifiers': [{'type': 6, 'value': 9990}], 'pet_breed_id': 22, 'pet_level': 25, 'pet_quality_id': 3, 'pet_species_id': 46}"
1200399767,VERY_LONG,,1,14685600,,"{'id': 7450, 'context': 0}"
1200399770,VERY_LONG,,1,97500000,,"{'id': 82800, 'context': 0, 'modifiers': [{'type': 6, 'value': 60016}], 'pet_breed_id': 20, 'pet_level': 25, 'pet_quality_id': 3, 'pet_species_id': 1541}"
1200399773,VERY_LONG,,1,200000000,,"{'id': 141286, 'context': 0, 'bonus_lists': [1812], 'modifiers': [{'type': 9, 'value': 40}]}"
1200401479,VERY_LONG,1400000,1,,,{'id': 173070}
1200401489,VERY_LONG,13500400,1,,,{'id': 173095}
1200401505,VERY_LONG,99600,2500,,,{'id': 124101}
1200401548,VERY_LONG,149800,5000,,,{'id': 124101}
1200401586,VERY_LONG,1759900,256,,,{'id': 171428}
1200401594,VERY_LONG,6500,1000,,,{'id': 168645}
1200401597,VERY_LONG,7650000,1,,,{'id': 173161}
1200401633,VERY_LONG,499800,200,,,{'id': 124109}
1200401689,LONG,530000,20,,,{'id': 171315}
1200401703,VERY_LONG,245000,5000,,,{'id': 123919}
1200401841,LONG,,1,502800,,"{'id': 159505, 'context': 0, 'bonus_lists': [6655, 1686], 'modifiers': [{'type': 9, 'value': 41}, {'type': 28, 'value': 189}]}"
1200401918,LONG,,1,130000000,,"{'id': 82800, 'context': 0, 'modifiers': [{'type': 6, 'value': 98468}], 'pet_breed_id': 10, 'pet_level': 1, 'pet_quality_id': 2, 'pet_species_id': 2956}"
1200401934,LONG,,1,407778100,,"{'id': 52253, 'context': 11, 'modifiers': [{'type': 28, 'value': 1023}]}"
1200401953,LONG,,1,502800,,"{'id': 159505, 'context': 0, 'bonus_lists': [6655, 1697], 'modifiers': [{'type': 9, 'value': 40}, {'type': 28, 'value': 189}]}"
1200401954,VERY_LONG,,1,1000000000,,"{'id': 82800, 'context': 0, 'modifiers': [{'type': 6, 'value': 93752}], 'pet_breed_id': 5, 'pet_level': 1, 'pet_quality_id': 2, 'pet_species_id': 2905}"
1200401958,LONG,,1,87999900,,"{'id': 82800, 'context': 0, 'modifiers': [{'type': 6, 'value': 91021}], 'pet_breed_id': 4, 'pet_level': 1, 'pet_quality_id': 3, 'pet_species_id': 2691}"
1200401977,VERY_LONG,210000,4283,,,{'id': 123918}
1200401980,LONG,,1,105009800,,"{'id': 82800, 'context': 0, 'modifiers': [{'type': 6, 'value': 99916}], 'pet_breed_id': 3, 'pet_level': 1, 'pet_quality_id': 2, 'pet_species_id': 2959}"
1200402062,VERY_LONG,,1,9890000,9791100,"{'id': 71636, 'context': 0}"
1200402066,VERY_LONG,,1,9890000,9791100,"{'id': 71636, 'context': 0}"
1200402068,VERY_LONG,,1,9890000,9791100,"{'id': 71636, 'context': 0}"
1200402071,VERY_LONG,,1,9890000,9791100,"{'id': 71636, 'context': 0}"
1200402073,VERY_LONG,,1,9890000,9791100,"{'id': 71636, 'context': 0}"
1200402076,VERY_LONG,,1,9890000,9791100,"{'id': 71636, 'context': 0}"
1200402079,LONG,,1,504200,,"{'id': 160145, 'context': 0, 'bonus_lists': [6654, 1714], 'modifiers': [{'type': 9, 'value': 38}, {'type': 28, 'value': 189}]}"
1200402083,VERY_LONG,,1,8500000,8415000,"{'id': 71951, 'context': 0}"
1200402087,VERY_LONG,,1,8500000,8415000,"{'id': 71951, 'context': 0}"
1200402093,VERY_LONG,,1,8500000,8415000,"{'id': 71951, 'context': 0}"
1200402095,VERY_LONG,99800,2000,,,{'id': 151564}
1200402099,VERY_LONG,,1,10000000,9900000,"{'id': 71637, 'context': 0}"
1200403102,VERY_LONG,,1,10000000,9900000,"{'id': 71637, 'context': 0}"
1200403107,VERY_LONG,,1,10000000,9900000,"{'id': 71637, 'context': 0}"
1200403110,VERY_LONG,,1,10000000,9900000,"{'id': 71637, 'context': 0}"
1200403114,VERY_LONG,,1,10000000,9900000,"{'id': 71637, 'context': 0}"
1200403117,VERY_LONG,,1,10000000,9900000,"{'id': 71637, 'context': 0}"
1200403121,VERY_LONG,,1,10000000,9900000,"{'id': 71637, 'context': 0}"
1200403124,VERY_LONG,,1,10000000,9900000,"{'id': 71637, 'context': 0}"
1200403126,VERY_LONG,,1,10000000,9900000,"{'id': 71637, 'context': 0}"
1200403131,VERY_LONG,,1,10000000,9900000,"{'id': 71635, 'context': 0}"
1200403137,VERY_LONG,,1,10000000,9900000,"{'id': 71635, 'context': 0}"
1200403142,VERY_LONG,,1,10000000,9900000,"{'id': 71635, 'context': 0}"
1200403148,VERY_LONG,,1,10000000,9900000,"{'id': 71635, 'context': 0}"
1200403153,VERY_LONG,,1,10000000,9900000,"{'id': 71635, 'context': 0}"
1200403157,VERY_LONG,,1,10000000,9900000,"{'id': 71635, 'context': 0}"
1200403160,VERY_LONG,,1,10000000,9900000,"{'id': 71635, 'context': 0}"
1200403166,VERY_LONG,,1,10000000,9900000,"{'id': 71635, 'context': 0}"
1200403173,VERY_LONG,,1,10000000,9900000,"{'id': 71635, 'context': 0}"
1200403176,VERY_LONG,,1,10000000,9900000,"{'id': 71635, 'context': 0}"
1200403178,VERY_LONG,,1,10000000,9900000,"{'id': 71635, 'context': 0}"
1200403179,VERY_LONG,,1,10000000,9900000,"{'id': 71635, 'context': 0}"
1200403181,VERY_LONG,,1,4200006900,,"{'id': 72146, 'context': 14, 'modifiers': [{'type': 28, 'value': 378}]}"
1200403183,VERY_LONG,,1,10000000,9900000,"{'id': 71635, 'context': 0}"
1200403186,VERY_LONG,,1,10000000,9900000,"{'id': 71635, 'context': 0}"
1200403189,VERY_LONG,,1,10000000,9900000,"{'id': 71635, 'context': 0}"
1200403193,VERY_LONG,,1,10000000,9900000,"{'id': 71635, 'context': 0}"
1200403194,VERY_LONG,,1,10000000,9900000,"{'id': 71635, 'context': 0}"
1200403198,VERY_LONG,,1,10000000,9900000,"{'id': 71635, 'context': 0}"
1200403204,VERY_LONG,,1,10000000,9900000,"{'id': 71635, 'context': 0}"
1200403206,VERY_LONG,,1,10000000,9900000,"{'id': 71635, 'context': 0}"
1200403209,VERY_LONG,,1,10000000,9900000,"{'id': 71635, 'context': 0}"
1200403212,VERY_LONG,,1,10000000,9900000,"{'id': 71635, 'context': 0}"
1200403214,VERY_LONG,,1,10000000,9900000,"{'id': 71635, 'context': 0}"
1200403217,VERY_LONG,,1,10000000,9900000,"{'id': 71635, 'context': 0}"
1200403220,VERY_LONG,,1,10000000,9900000,"{'id': 71635, 'context': 0}"
1200403224,VERY_LONG,,1,10000000,9900000,"{'id': 71715, 'context': 0}"
1200403226,VERY_LONG,,1,10000000,9900000,"{'id': 71715, 'context': 0}"
1200403230,VERY_LONG,,1,10000000,9900000,"{'id': 71715, 'context': 0}"
1200403233,VERY_LONG,,1,10000000,9900000,"{'id': 71715, 'context': 0}"
1200403237,VERY_LONG,,1,10000000,9900000,"{'id': 71715, 'context': 0}"
1200403243,VERY_LONG,,1,10000000,9900000,"{'id': 71715, 'context': 0}"
1200403246,VERY_LONG,,1,10000000,9900000,"{'id': 71715, 'context': 0}"
1200403250,VERY_LONG,,1,10000000,9900000,"{'id': 71715, 'context': 0}"
1200403254,VERY_LONG,,1,10000000,9900000,"{'id': 71715, 'context': 0}"
1200403257,VERY_LONG,,1,10000000,9900000,"{'id': 71715, 'context': 0}"
1200403263,VERY_LONG,,1,10000000,9900000,"{'id': 71715, 'context': 0}"
1200403266,VERY_LONG,,1,10000000,9900000,"{'id': 71715, 'context': 0}"
1200403270,VERY_LONG,,1,10000000,9900000,"{'id': 71715, 'context': 0}"
1200403274,VERY_LONG,,1,10000000,9900000,"{'id': 71715, 'context': 0}"
1200403282,VERY_LONG,,1,10000000,9900000,"{'id': 71715, 'context': 0}"
1200403287,VERY_LONG,,1,10000000,9900000,"{'id': 71715, 'context': 0}"
1200403294,VERY_LONG,,1,10000000,9900000,"{'id': 71715, 'context': 0}"
1200403300,LONG,11000,41,,,{'id': 152576}
1200403301,VERY_LONG,,1,10000000,9900000,"{'id': 71715, 'context': 0}"
1200403305,VERY_LONG,,1,4949900,4900400,"{'id': 71953, 'context': 0}"
1200403309,VERY_LONG,,1,4949900,4900400,"{'id': 71953, 'context': 0}"
1200403312,VERY_LONG,,1,4949900,4900400,"{'id': 71953, 'context': 0}"
1200403315,VERY_LONG,,1,4949900,4900400,"{'id': 71953, 'context': 0}"
1200403321,VERY_LONG,,1,4949900,4900400,"{'id': 71953, 'context': 0}"
1200403326,VERY_LONG,,1,4949900,4900400,"{'id': 71953, 'context': 0}"
1200403330,VERY_LONG,,1,4949900,4900400,"{'id': 71953, 'context': 0}"
1200403333,VERY_LONG,,1,4949900,4900400,"{'id': 71953, 'context': 0}"
1200403336,VERY_LONG,,1,4949900,4900400,"{'id': 71953, 'context': 0}"
1200403339,VERY_LONG,,1,8500000,8415000,"{'id': 71952, 'context': 0}"
1200403344,VERY_LONG,,1,8500000,8415000,"{'id': 71952, 'context': 0}"
1200403348,VERY_LONG,,1,8500000,8415000,"{'id': 71952, 'context': 0}"
1200403352,VERY_LONG,,1,8500000,8415000,"{'id': 71952, 'context': 0}"
1200403357,VERY_LONG,,1,8500000,8415000,"{'id': 71952, 'context': 0}"
1200403363,VERY_LONG,,1,8500000,8415000,"{'id': 71952, 'context': 0}"
1200403370,VERY_LONG,,1,8500000,8415000,"{'id': 71952, 'context': 0}"
1200403376,VERY_LONG,,1,8500000,8415000,"{'id': 71952, 'context': 0}"
1200403383,VERY_LONG,,1,8500000,8415000,"{'id': 71952, 'context': 0}"
1200403386,VERY_LONG,,1,8500000,8415000,"{'id': 71952, 'context': 0}"
1200403389,VERY_LONG,,1,8500000,8415000,"{'id': 71952, 'context': 0}"
1200403394,VERY_LONG,,1,8500000,8415000,"{'id': 71952, 'context': 0}"
1200403398,VERY_LONG,,1,8500000,8415000,"{'id': 71952, 'context': 0}"
1200403402,VERY_LONG,,1,8500000,8415000,"{'id': 71952, 'context': 0}"
1200403408,VERY_LONG,,1,8500000,8415000,"{'id': 71952, 'context': 0}"
1200403412,VERY_LONG,,1,8500000,8415000,"{'id': 71952, 'context': 0}"
1200403414,VERY_LONG,,1,8500000,8415000,"{'id': 71952, 'context': 0}"
1200403419,VERY_LONG,,1,8500000,8415000,"{'id': 71952, 'context': 0}"
1200403425,VERY_LONG,,1,8500000,8415000,"{'id': 71952, 'context': 0}"
1200403427,VERY_LONG,,1,8500000,8415000,"{'id': 71952, 'context': 0}"
1200403430,VERY_LONG,,1,8500000,8415000,"{'id': 71952, 'context': 0}"
1200403431,VERY_LONG,,1,8500000,8415000,"{'id': 71952, 'context': 0}"
1200403432,VERY_LONG,,1,8500000,8415000,"{'id': 71952, 'context': 0}"
1200403437,VERY_LONG,,1,8500000,8415000,"{'id': 71952, 'context': 0}"
1200403439,VERY_LONG,,1,8500000,8415000,"{'id': 71952, 'context': 0}"
1200403441,VERY_LONG,,1,14300000,14157000,"{'id': 71716, 'context': 0}"
1200403444,VERY_LONG,,1,14300000,14157000,"{'id': 71716, 'context': 0}"
1200403448,VERY_LONG,,1,14300000,14157000,"{'id': 71716, 'context': 0}"
1200403453,VERY_LONG,,1,14300000,14157000,"{'id': 71716, 'context': 0}"
1200403457,VERY_LONG,,1,14300000,14157000,"{'id': 71716, 'context': 0}"
1200403459,VERY_LONG,,1,14300000,14157000,"{'id': 71716, 'context': 0}"
1200403463,VERY_LONG,,1,14300000,14157000,"{'id': 71716, 'context': 0}"
1200403466,VERY_LONG,,1,14300000,14157000,"{'id': 71716, 'context': 0}"
1200403473,VERY_LONG,,1,14300000,14157000,"{'id': 71716, 'context': 0}"
1200403478,VERY_LONG,,1,14300000,14157000,"{'id': 71716, 'context': 0}"
1200403481,VERY_LONG,,1,14300000,14157000,"{'id': 71716, 'context': 0}"
1200403483,VERY_LONG,,1,14300000,14157000,"{'id': 71716, 'context': 0}"
1200403486,VERY_LONG,,1,14300000,14157000,"{'id': 71716, 'context': 0}"
1200403488,VERY_LONG,,1,14300000,14157000,"{'id': 71716, 'context': 0}"
1200403493,VERY_LONG,,1,10000000,9900000,"{'id': 71638, 'context': 0}"
1200403498,VERY_LONG,,1,10000000,9900000,"{'id': 71638, 'context': 0}"
1200403501,VERY_LONG,,1,10000000,9900000,"{'id': 71638, 'context': 0}"
1200403506,VERY_LONG,,1,10000000,9900000,"{'id': 71638, 'context': 0}"
1200403510,VERY_LONG,,1,10000000,9900000,"{'id': 71638, 'context': 0}"
1200403513,VERY_LONG,,1,10000000,9900000,"{'id': 71638, 'context': 0}"
1200403520,VERY_LONG,,1,10000000,9900000,"{'id': 71638, 'context': 0}"
1200403747,VERY_LONG,299800,3602,,,{'id': 151565}
1200403790,VERY_LONG,,1,96000000,,"{'id': 82800, 'context': 0, 'pet_breed_id': 19, 'pet_level': 1, 'pet_quality_id': 2, 'pet_species_id': 3045}"
1200403831,VERY_LONG,,1,220000000,,"{'id': 82800, 'context': 0, 'modifiers': [{'type': 6, 'value': 99891}], 'pet_breed_id': 16, 'pet_level': 1, 'pet_quality_id': 2, 'pet_species_id': 3006}"
1200403857,VERY_LONG,299800,5000,,,{'id': 123919}
1200403875,VERY_LONG,,1,120000000,,"{'id': 82800, 'context': 0, 'modifiers': [{'type': 6, 'value': 98468}], 'pet_breed_id': 9, 'pet_level': 1, 'pet_quality_id': 2, 'pet_species_id': 2956}"
1200403901,VERY_LONG,249800,4000,,,{'id': 123918}
1200403925,VERY_LONG,,1,130000000,,"{'id': 183425, 'context': 28, 'bonus_lists': [6652, 1520, 5891, 6646]}"
1200403927,VERY_LONG,,1,130000000,,"{'id': 183425, 'context': 28, 'bonus_lists': [6652, 1520, 5891, 6646]}"
1200403971,VERY_LONG,99800,5000,,,{'id': 2318}
1200404041,LONG,213000,3,,,{'id': 173037}
1200404045,VERY_LONG,199800,748,,,{'id': 124102}
1200405104,LONG,369500,6,,,{'id': 173033}
1200405151,VERY_LONG,199800,688,,,{'id': 124102}
1200405288,VERY_LONG,,1,29900000,19900000,"{'id': 44794, 'context': 0}"
1200405290,VERY_LONG,,1,29900000,19900000,"{'id': 44794, 'context': 0}"
1200405291,VERY_LONG,,1,29900000,19900000,"{'id': 44794, 'context': 0}"
1200405293,VERY_LONG,,1,29900000,19900000,"{'id': 44794, 'context': 0}"
1200405352,VERY_LONG,,1,1500000000,,"{'id': 183017, 'context': 5, 'bonus_lists': [7188, 6652, 6935, 1485, 6646], 'modifiers': [{'type': 28, 'value': 752}]}"
1200405358,VERY_LONG,50300,7,,,{'id': 152876}
1200405424,VERY_LONG,45300,14,,,{'id': 153702}
1200405429,VERY_LONG,,1,140000000,,"{'id': 172315, 'context': 63, 'bonus_lists': [6716, 1487]}"
1200405484,VERY_LONG,,1,8400000,3500000,"{'id': 165747, 'context': 11}"
1200405543,VERY_LONG,,1,8400000,,"{'id': 165739, 'context': 11}"
1200405628,VERY_LONG,,1,2500000,990000,"{'id': 82800, 'context': 0, 'modifiers': [{'type': 6, 'value': 78243}], 'pet_breed_id': 16, 'pet_level': 1, 'pet_quality_id': 3, 'pet_species_id': 2569}"
1200405635,VERY_LONG,,1,9890000,9791100,"{'id': 71636, 'context': 0}"
1200405638,VERY_LONG,,1,9890000,9791100,"{'id': 71636, 'context': 0}"
1200405639,VERY_LONG,,1,9890000,9791100,"{'id': 71636, 'context': 0}"
1200405646,VERY_LONG,,1,9890000,9791100,"{'id': 71636, 'context': 0}"
1200405647,VERY_LONG,2900,1,,,{'id': 169333}
1200405648,VERY_LONG,,1,9890000,9791100,"{'id': 71636, 'context': 0}"
1200405650,VERY_LONG,,1,9890000,9791100,"{'id': 71636, 'context': 0}"
1200405652,VERY_LONG,,1,9890000,9791100,"{'id': 71636, 'context': 0}"
1200405655,VERY_LONG,,1,9890000,9791100,"{'id': 71636, 'context': 0}"
1200405658,VERY_LONG,,1,9890000,9791100,"{'id': 71636, 'context': 0}"
1200405661,VERY_LONG,,1,9890000,9791100,"{'id': 71636, 'context': 0}"
1200405666,VERY_LONG,,1,9890000,9791100,"{'id': 71636, 'context': 0}"
1200405671,VERY_LONG,,1,9890000,9791100,"{'id': 71636, 'context': 0}"
1200405675,VERY_LONG,,1,9890000,9791100,"{'id': 71636, 'context': 0}"
1200405679,VERY_LONG,69700,1,,,{'id': 158380}
1200405680,VERY_LONG,,1,9890000,9791100,"{'id': 71636, 'context': 0}"
1200405683,VERY_LONG,,1,9890000,9791100,"{'id': 71636, 'context': 0}"
1200405684,VERY_LONG,,1,9890000,9791100,"{'id': 71636, 'context': 0}"
1200405686,VERY_LONG,,1,9890000,9791100,"{'id': 71636, 'context': 0}"
1200405688,VERY_LONG,,1,9890000,9791100,"{'id': 71636, 'context': 0}"
1200405690,VERY_LONG,,1,9890000,9791100,"{'id': 71636, 'context': 0}"
1200405692,VERY_LONG,,1,9890000,9791100,"{'id': 71636, 'context': 0}"
1200405694,VERY_LONG,,1,9890000,9791100,"{'id': 71636, 'context': 0}"
1200405696,VERY_LONG,,1,14300000,14157000,"{'id': 71716, 'context': 0}"
1200405698,VERY_LONG,,1,14300000,14157000,"{'id': 71716, 'context': 0}"
1200405700,VERY_LONG,,1,14300000,14157000,"{'id': 71716, 'context': 0}"
1200405702,VERY_LONG,,1,14300000,14157000,"{'id': 71716, 'context': 0}"
1200405704,VERY_LONG,8600,2,,,{'id': 163082}
1200405705,VERY_LONG,,1,14300000,14157000,"{'id': 71716, 'context': 0}"
1200405706,VERY_LONG,,1,14300000,14157000,"{'id': 71716, 'context': 0}"
1200405708,VERY_LONG,,1,14300000,14157000,"{'id': 71716, 'context': 0}"
1200405711,VERY_LONG,,1,14300000,14157000,"{'id': 71716, 'context': 0}"
1200405713,VERY_LONG,,1,14300000,14157000,"{'id': 71716, 'context': 0}"
1200405714,VERY_LONG,,1,14300000,14157000,"{'id': 71716, 'context': 0}"
1200405718,VERY_LONG,,1,14300000,14157000,"{'id': 71716, 'context': 0}"
1200405719,VERY_LONG,,1,14300000,14157000,"{'id': 71716, 'context': 0}"
1200405722,VERY_LONG,,1,14300000,14157000,"{'id': 71716, 'context': 0}"
1200405723,VERY_LONG,4300,5,,,{'id': 173043}
1200405726,VERY_LONG,,1,10000000,9900000,"{'id': 71637, 'context': 0}"
1200405727,VERY_LONG,,1,10000000,9900000,"{'id': 71637, 'context': 0}"
1200405728,VERY_LONG,,1,10000000,9900000,"{'id': 71637, 'context': 0}"
1200405729,VERY_LONG,,1,10000000,9900000,"{'id': 71637, 'context': 0}"
1200405731,VERY_LONG,,1,10000000,9900000,"{'id': 71637, 'context': 0}"
1200405733,VERY_LONG,,1,10000000,9900000,"{'id': 71637, 'context': 0}"
1200405736,VERY_LONG,,1,10000000,9900000,"{'id': 71637, 'context': 0}"
1200405739,VERY_LONG,,1,10000000,9900000,"{'id': 71637, 'context': 0}"
1200405741,VERY_LONG,,1,10000000,9900000,"{'id': 71637, 'context': 0}"
1200405742,VERY_LONG,11000,2,,,{'id': 152576}
1200405744,VERY_LONG,,1,10000000,9900000,"{'id': 71637, 'context': 0}"
1200405746,VERY_LONG,,1,10000000,9900000,"{'id': 71637, 'context': 0}"
1200405747,VERY_LONG,,1,8500000,8415000,"{'id': 71951, 'context': 0}"
1200405751,VERY_LONG,,1,8500000,8415000,"{'id': 71951, 'context': 0}"
1200405752,VERY_LONG,,1,8500000,8415000,"{'id': 71951, 'context': 0}"
1200405754,VERY_LONG,,1,8500000,8415000,"{'id': 71951, 'context': 0}"
1200405755,VERY_LONG,,1,8500000,8415000,"{'id': 71951, 'context': 0}"
1200405756,VERY_LONG,,1,8500000,8415000,"{'id': 71951, 'context': 0}"
1200405757,VERY_LONG,,1,8500000,8415000,"{'id': 71951, 'context': 0}"
1200405760,VERY_LONG,,1,8500000,8415000,"{'id': 71951, 'context': 0}"
1200405762,VERY_LONG,,1,8500000,8415000,"{'id': 71951, 'context': 0}"
1200405763,VERY_LONG,,1,8500000,8415000,"{'id': 71951, 'context': 0}"
1200405764,VERY_LONG,,1,8500000,8415000,"{'id': 71951, 'context': 0}"
1200405767,VERY_LONG,,1,8500000,8415000,"{'id': 71951, 'context': 0}"
1200405770,VERY_LONG,,1,10000000,9900000,"{'id': 71715, 'context': 0}"
1200405772,VERY_LONG,,1,10000000,9900000,"{'id': 71715, 'context': 0}"
1200405776,VERY_LONG,,1,10000000,9900000,"{'id': 71715, 'context': 0}"
1200405780,VERY_LONG,,1,10000000,9900000,"{'id': 71715, 'context': 0}"
1200405783,VERY_LONG,,1,10000000,9900000,"{'id': 71715, 'context': 0}"
1200405786,VERY_LONG,,1,10000000,9900000,"{'id': 71715, 'context': 0}"
1200405788,VERY_LONG,,1,10000000,9900000,"{'id': 71715, 'context': 0}"
1200405790,VERY_LONG,,1,10000000,9900000,"{'id': 71715, 'context': 0}"
1200405792,VERY_LONG,,1,10000000,9900000,"{'id': 71715, 'context': 0}"
1200405793,VERY_LONG,,1,10000000,9900000,"{'id': 71715, 'context': 0}"
1200405795,VERY_LONG,,1,10000000,9900000,"{'id': 71715, 'context': 0}"
1200405796,VERY_LONG,,1,10000000,9900000,"{'id': 71715, 'context': 0}"
1200405798,VERY_LONG,,1,10000000,9900000,"{'id': 71715, 'context': 0}"
1200405799,VERY_LONG,,1,10000000,9900000,"{'id': 71715, 'context': 0}"
1200405802,VERY_LONG,,1,10000000,9900000,"{'id': 71715, 'context': 0}"
1200405805,VERY_LONG,,1,10000000,9900000,"{'id': 71715, 'context': 0}"
1200405808,VERY_LONG,,1,10000000,9900000,"{'id': 71715, 'context': 0}"
1200405810,VERY_LONG,,1,10000000,9900000,"{'id': 71715, 'context': 0}"
1200405814,VERY_LONG,,1,10000000,9900000,"{'id': 71715, 'context': 0}"
1200405815,VERY_LONG,,1,10000000,9900000,"{'id': 71715, 'context': 0}"
1200405816,VERY_LONG,,1,10000000,9900000,"{'id': 71715, 'context': 0}"
1200405817,VERY_LONG,,1,10000000,9900000,"{'id': 71715, 'context': 0}"
1200405820,VERY_LONG,,1,10000000,9900000,"{'id': 71715, 'context': 0}"
1200405822,VERY_LONG,,1,10000000,9900000,"{'id': 71715, 'context': 0}"
1200405824,VERY_LONG,,1,10000000,9900000,"{'id': 71715, 'context': 0}"
1200405826,VERY_LONG,,1,10000000,9900000,"{'id': 71715, 'context': 0}"
1200405831,VERY_LONG,,1,10000000,9900000,"{'id': 71715, 'context': 0}"
1200405833,VERY_LONG,,1,10000000,9900000,"{'id': 71715, 'context': 0}"
1200405835,VERY_LONG,,1,10000000,9900000,"{'id': 71715, 'context': 0}"
1200405837,VERY_LONG,,1,10000000,9900000,"{'id': 71715, 'context': 0}"
1200405840,VERY_LONG,,1,10000000,9900000,"{'id': 71715, 'context': 0}"
1200405844,VERY_LONG,,1,10000000,9900000,"{'id': 71715, 'context': 0}"
1200405847,VERY_LONG,,1,10000000,9900000,"{'id': 71715, 'context': 0}"
1200405850,VERY_LONG,,1,10000000,9900000,"{'id': 71715, 'context': 0}"
1200405853,VERY_LONG,,1,10000000,9900000,"{'id': 71715, 'context': 0}"
1200405855,VERY_LONG,,1,10000000,9900000,"{'id': 71715, 'context': 0}"
1200405857,VERY_LONG,,1,10000000,9900000,"{'id': 71635, 'context': 0}"
1200405860,VERY_LONG,,1,4949900,4900400,"{'id': 71953, 'context': 0}"
1200405862,VERY_LONG,,1,4949900,4900400,"{'id': 71953, 'context': 0}"
1200405866,VERY_LONG,,1,4949900,4900400,"{'id': 71953, 'context': 0}"
1200405870,VERY_LONG,,1,4949900,4900400,"{'id': 71953, 'context': 0}"
1200405875,VERY_LONG,,1,4949900,4900400,"{'id': 71953, 'context': 0}"
1200405879,VERY_LONG,,1,4949900,4900400,"{'id': 71953, 'context': 0}"
1200405882,VERY_LONG,,1,8500000,8415000,"{'id': 71952, 'context': 0}"
1200405887,VERY_LONG,,1,8500000,8415000,"{'id': 71952, 'context': 0}"
1200405891,VERY_LONG,,1,8500000,8415000,"{'id': 71952, 'context': 0}"
1200405897,VERY_LONG,,1,8500000,8415000,"{'id': 71952, 'context': 0}"
1200405902,VERY_LONG,,1,8500000,8415000,"{'id': 71952, 'context': 0}"
1200405907,VERY_LONG,,1,8500000,8415000,"{'id': 71952, 'context': 0}"
1200405910,VERY_LONG,,1,10000000,9900000,"{'id': 71638, 'context': 0}"
1200405914,VERY_LONG,,1,10000000,9900000,"{'id': 71638, 'context': 0}"
1200405917,VERY_LONG,,1,10000000,9900000,"{'id': 71638, 'context': 0}"
1200405920,VERY_LONG,,1,10000000,9900000,"{'id': 71638, 'context': 0}"
1200405925,VERY_LONG,,1,10000000,9900000,"{'id': 71638, 'context': 0}"
1200405930,VERY_LONG,,1,10000000,9900000,"{'id': 71638, 'context': 0}"
1200405935,VERY_LONG,,1,10000000,9900000,"{'id': 71638, 'context': 0}"
1200405939,VERY_LONG,,1,10000000,9900000,"{'id': 71638, 'context': 0}"
1200405942,VERY_LONG,,1,10000000,9900000,"{'id': 71638, 'context': 0}"
1200405946,VERY_LONG,,1,10000000,9900000,"{'id': 71638, 'context': 0}"
1200405950,VERY_LONG,,1,10000000,9900000,"{'id': 71638, 'context': 0}"
1200405959,VERY_LONG,,1,114500000,,"{'id': 82800, 'context': 0, 'modifiers': [{'type': 6, 'value': 81966}], 'pet_breed_id': 11, 'pet_level': 1, 'pet_quality_id': 2, 'pet_species_id': 2404}"
1200405984,VERY_LONG,5500,200,,,{'id': 152509}
1200405995,VERY_LONG,5500,49,,,{'id': 152509}
1200406016,VERY_LONG,17500,8,,,{'id': 152513}
1200406079,LONG,,1,500000,,"{'id': 68972, 'context': 5}"
1200408354,LONG,,1,12651200,,"{'id': 154851, 'context': 0, 'bonus_lists': [4796, 1698], 'modifiers': [{'type': 9, 'value': 50}]}"
1200408399,LONG,,1,10004600,,"{'id': 154863, 'context': 0, 'bonus_lists': [4796, 1710], 'modifiers': [{'type': 9, 'value': 50}]}"
1200408447,VERY_LONG,,1,10000000,9900000,"{'id': 71635, 'context': 0}"
1200408449,LONG,,1,107452900,,"{'id': 164415, 'context': 11}"
1200408453,VERY_LONG,,1,10000000,9900000,"{'id': 71635, 'context': 0}"
1200408457,VERY_LONG,,1,10000000,9900000,"{'id': 71635, 'context': 0}"
1200408462,VERY_LONG,,1,4949900,4900400,"{'id': 71953, 'context': 0}"
1200408467,VERY_LONG,,1,4949900,4900400,"{'id': 71953, 'context': 0}"
1200408474,VERY_LONG,,1,4949900,4900400,"{'id': 71953, 'context': 0}"
1200408479,VERY_LONG,,1,4949900,4900400,"{'id': 71953, 'context': 0}"
1200408484,VERY_LONG,,1,4949900,4900400,"{'id': 71953, 'context': 0}"
1200408489,VERY_LONG,,1,4949900,4900400,"{'id': 71953, 'context': 0}"
1200408492,VERY_LONG,,1,4949900,4900400,"{'id': 71953, 'context': 0}"
1200408496,VERY_LONG,,1,4949900,4900400,"{'id': 71953, 'context': 0}"
1200408498,VERY_LONG,,1,4949900,4900400,"{'id': 71953, 'context': 0}"
1200408501,VERY_LONG,,1,4949900,4900400,"{'id': 71953, 'context': 0}"
1200408503,VERY_LONG,,1,4949900,4900400,"{'id': 71953, 'context': 0}"
1200408507,VERY_LONG,,1,4949900,4900400,"{'id': 71953, 'context': 0}"
1200408511,VERY_LONG,,1,4949900,4900400,"{'id': 71953, 'context': 0}"
1200408516,VERY_LONG,,1,4949900,4900400,"{'id': 71953, 'context': 0}"
1200408520,VERY_LONG,,1,4949900,4900400,"{'id': 71953, 'context': 0}"
1200408522,VERY_LONG,,1,4949900,4900400,"{'id': 71953, 'context': 0}"
1200408524,VERY_LONG,,1,4949900,4900400,"{'id': 71953, 'context': 0}"
1200408526,VERY_LONG,,1,4949900,4900400,"{'id': 71953, 'context': 0}"
1200408530,VERY_LONG,,1,4949900,4900400,"{'id': 71953, 'context': 0}"
1200408533,VERY_LONG,,1,4949900,4900400,"{'id': 71953, 'context': 0}"
1200408537,VERY_LONG,,1,4949900,4900400,"{'id': 71953, 'context': 0}"
1200408539,VERY_LONG,,1,4949900,4900400,"{'id': 71953, 'context': 0}"
1200408540,VERY_LONG,,1,4949900,4900400,"{'id': 71953, 'context': 0}"
1200408542,VERY_LONG,,1,4949900,4900400,"{'id': 71953, 'context': 0}"
1200408543,VERY_LONG,,1,4949900,4900400,"{'id': 71953, 'context': 0}"
1200408548,VERY_LONG,,1,4949900,4900400,"{'id': 71953, 'context': 0}"
1200408550,VERY_LONG,,1,4949900,4900400,"{'id': 71953, 'context': 0}"
1200408556,VERY_LONG,,1,4949900,4900400,"{'id': 71953, 'context': 0}"
1200408561,VERY_LONG,,1,4949900,4900400,"{'id': 71953, 'context': 0}"
1200408566,VERY_LONG,,1,4949900,4900400,"{'id': 71953, 'context': 0}"
1200408571,VERY_LONG,,1,4949900,4900400,"{'id': 71953, 'context': 0}"
1200408575,VERY_LONG,,1,4949900,4900400,"{'id': 71953, 'context': 0}"
1200408576,VERY_LONG,,1,4949900,4900400,"{'id': 71953, 'context': 0}"
1200408579,VERY_LONG,,1,4949900,4900400,"{'id': 71953, 'context': 0}"
1200408583,VERY_LONG,,1,4949900,4900400,"{'id': 71953, 'context': 0}"
1200408585,VERY_LONG,,1,8500000,8415000,"{'id': 71952, 'context': 0}"
1200408590,VERY_LONG,,1,8500000,8415000,"{'id': 71951, 'context': 0}"
1200408592,LONG,,1,30999900,,"{'id': 161952, 'context': 13, 'bonus_lists': [1682, 4928]}"
1200408594,VERY_LONG,,1,8500000,8415000,"{'id': 71951, 'context': 0}"
1200408596,VERY_LONG,,1,8500000,8415000,"{'id': 71951, 'context': 0}"
1200408600,VERY_LONG,,1,8500000,8415000,"{'id': 71951, 'context': 0}"
1200408604,VERY_LONG,,1,8500000,8415000,"{'id': 71951, 'context': 0}"
1200408605,VERY_LONG,,1,8500000,8415000,"{'id': 71951, 'context': 0}"
1200408606,VERY_LONG,,1,8500000,8415000,"{'id': 71951, 'context': 0}"
1200408610,VERY_LONG,,1,8500000,8415000,"{'id': 71951, 'context': 0}"
1200408613,VERY_LONG,,1,8500000,8415000,"{'id': 71951, 'context': 0}"
1200408614,VERY_LONG,,1,8500000,8415000,"{'id': 71951, 'context': 0}"
1200408615,VERY_LONG,,1,8500000,8415000,"{'id': 71951, 'context': 0}"
1200408616,LONG,,1,30999900,,"{'id': 161952, 'context': 13, 'bonus_lists': [1693, 4928]}"
1200408620,VERY_LONG,,1,8500000,8415000,"{'id': 71951, 'context': 0}"
1200408623,VERY_LONG,,1,8500000,8415000,"{'id': 71951, 'context': 0}"
1200408625,VERY_LONG,,1,8500000,8415000,"{'id': 71951, 'context': 0}"
1200408628,VERY_LONG,,1,8500000,8415000,"{'id': 71951, 'context': 0}"
1200408631,VERY_LONG,,1,8500000,8415000,"{'id': 71951, 'context': 0}"
1200408632,VERY_LONG,,1,8500000,8415000,"{'id': 71951, 'context': 0}"
1200408637,VERY_LONG,,1,8500000,8415000,"{'id': 71951, 'context': 0}"
1200408639,LONG,,1,152360600,,"{'id': 164442, 'context': 11}"
1200408646,VERY_LONG,,1,8500000,8415000,"{'id': 71951, 'context': 0}"
1200408648,VERY_LONG,,1,8500000,8415000,"{'id': 71951, 'context': 0}"
1200408651,VERY_LONG,,1,8500000,8415000,"{'id': 71951, 'context': 0}"
1200408654,VERY_LONG,,1,8500000,8415000,"{'id': 71951, 'context': 0}"
1200408656,VERY_LONG,,1,9890000,9791100,"{'id': 71636, 'context': 0}"
1200408661,VERY_LONG,,1,9890000,9791100,"{'id': 71636, 'context': 0}"
1200408662,LONG,,1,199999900,,"{'id': 166839, 'context': 11}"
1200408664,VERY_LONG,,1,9890000,9791100,"{'id': 71636, 'context': 0}"
1200408665,VERY_LONG,,1,9890000,9791100,"{'id': 71636, 'context': 0}"
1200408667,VERY_LONG,,1,9890000,9791100,"{'id': 71636, 'context': 0}"
1200408670,VERY_LONG,,1,9890000,9791100,"{'id': 71636, 'context': 0}"
1200408672,VERY_LONG,,1,9890000,9791100,"{'id': 71636, 'context': 0}"
1200408673,VERY_LONG,,1,10000000,9900000,"{'id': 71637, 'context': 0}"
1200408675,VERY_LONG,,1,10000000,9900000,"{'id': 71715, 'context': 0}"
1200408676,LONG,,1,317707500,,"{'id': 164450, 'context': 11}"
1200408677,VERY_LONG,,1,10000000,9900000,"{'id': 71715, 'context': 0}"
1200408678,VERY_LONG,,1,10000000,9900000,"{'id': 71715, 'context': 0}"
1200408680,VERY_LONG,,1,10000000,9900000,"{'id': 71715, 'context': 0}"
1200408681,VERY_LONG,,1,10000000,9900000,"{'id': 71715, 'context': 0}"
1200408683,VERY_LONG,,1,10000000,9900000,"{'id': 71715, 'context': 0}"
1200408684,VERY_LONG,,1,10000000,9900000,"{'id': 71715, 'context': 0}"
1200408687,LONG,,1,47425100,,"{'id': 164421, 'context': 11}"
1200408688,VERY_LONG,,1,10000000,9900000,"{'id': 71715, 'context': 0}"
1200408691,VERY_LONG,,1,10000000,9900000,"{'id': 71715, 'context': 0}"
1200408694,VERY_LONG,,1,10000000,9900000,"{'id': 71715, 'context': 0}"
1200408697,VERY_LONG,,1,10000000,9900000,"{'id': 71715, 'context': 0}"
1200408698,VERY_LONG,,1,10000000,9900000,"{'id': 71715, 'context': 0}"
1200408699,VERY_LONG,,1,10000000,9900000,"{'id': 71715, 'context': 0}"
1200408700,VERY_LONG,,1,10000000,9900000,"{'id': 71715, 'context': 0}"
1200408702,LONG,,1,452315800,,"{'id': 166824, 'context': 0}"
1200408703,VERY_LONG,,1,10000000,9900000,"{'id': 71715, 'context': 0}"
1200408705,VERY_LONG,,1,10000000,9900000,"{'id': 71715, 'context': 0}"
1200408707,VERY_LONG,,1,10000000,9900000,"{'id': 71715, 'context': 0}"
1200408711,VERY_LONG,,1,10000000,9900000,"{'id': 71715, 'context': 0}"
1200408714,VERY_LONG,,1,10000000,9900000,"{'id': 71715, 'context': 0}"
1200408716,VERY_LONG,,1,10000000,9900000,"{'id': 71715, 'context': 0}"
1200408717,LONG,,1,452315800,,"{'id': 166824, 'context': 0}"
1200408719,VERY_LONG,,1,10000000,9900000,"{'id': 71715, 'context': 0}"
1200408722,VERY_LONG,,1,14300000,14157000,"{'id': 71716, 'context': 0}"
1200408723,VERY_LONG,,1,14300000,14157000,"{'id': 71716, 'context': 0}"
1200408724,VERY_LONG,,1,14300000,14157000,"{'id': 71716, 'context': 0}"
1200408726,VERY_LONG,,1,14300000,14157000,"{'id': 71716, 'context': 0}"
1200408728,VERY_LONG,,1,14300000,14157000,"{'id': 71716, 'context': 0}"
1200408730,VERY_LONG,,1,14300000,14157000,"{'id': 71716, 'context': 0}"
1200408733,VERY_LONG,,1,14300000,14157000,"{'id': 71716, 'context': 0}"
1200408735,VERY_LONG,,1,14300000,14157000,"{'id': 71716, 'context': 0}"
1200408737,VERY_LONG,,1,14300000,14157000,"{'id': 71716, 'context': 0}"
1200408740,VERY_LONG,,1,14300000,14157000,"{'id': 71716, 'context': 0}"
1200408741,VERY_LONG,,1,14300000,14157000,"{'id': 71716, 'context': 0}"
1200408743,VERY_LONG,,1,14300000,14157000,"{'id': 71716, 'context': 0}"
1200408747,VERY_LONG,,1,10000000,9900000,"{'id': 71638, 'context': 0}"
1200408750,VERY_LONG,,1,10000000,9900000,"{'id': 71638, 'context': 0}"
1200408753,VERY_LONG,,1,10000000,9900000,"{'id': 71638, 'context': 0}"
1200408756,VERY_LONG,,1,10000000,9900000,"{'id': 71638, 'context': 0}"
1200408758,VERY_LONG,,1,10000000,9900000,"{'id': 71638, 'context': 0}"
1200408759,VERY_LONG,,1,10000000,9900000,"{'id': 71638, 'context': 0}"
1200408760,VERY_LONG,,1,10000000,9900000,"{'id': 71638, 'context': 0}"
1200408762,VERY_LONG,,1,10000000,9900000,"{'id': 71638, 'context': 0}"
1200408763,LONG,165000,3,,,{'id': 171831}
1200408764,VERY_LONG,,1,10000000,9900000,"{'id': 71638, 'context': 0}"
1200408765,VERY_LONG,,1,10000000,9900000,"{'id': 71638, 'context': 0}"
1200408766,VERY_LONG,,1,10000000,9900000,"{'id': 71638, 'context': 0}"
1200408768,VERY_LONG,,1,10000000,9900000,"{'id': 71638, 'context': 0}"
1200408772,VERY_LONG,,1,10000000,9900000,"{'id': 71638, 'context': 0}"
1200408773,VERY_LONG,,1,10000000,9900000,"{'id': 71638, 'context': 0}"
1200408775,VERY_LONG,,1,10000000,9900000,"{'id': 71638, 'context': 0}"
1200408776,LONG,,1,1138463500,,"{'id': 164440, 'context': 11}"
1200408806,LONG,,1,100007900,,"{'id': 4048, 'context': 54, 'bonus_lists': [4277], 'modifiers': [{'type': 9, 'value': 50}]}"
1200408812,LONG,,1,1377376800,,"{'id': 164489, 'context': 0}"
1200408870,LONG,,1,374079400,,"{'id': 154862, 'context': 0, 'bonus_lists': [4796, 1677], 'modifiers': [{'type': 9, 'value': 50}]}"
1200408890,LONG,,1,199999800,,"{'id': 164399, 'context': 11}"
1200408914,LONG,,1,175662500,,"{'id': 159811, 'context': 0, 'bonus_lists': [4796, 4802, 1708], 'modifiers': [{'type': 9, 'value': 50}]}"
1200408952,LONG,746700,3,,,{'id': 168583}
1200408977,LONG,,1,1007400,,"{'id': 71022, 'context': 3}"
1200408996,LONG,,1,2939800,,"{'id': 31292, 'context': 36, 'bonus_lists': [3932], 'modifiers': [{'type': 9, 'value': 50}]}"
1200409015,LONG,,1,2939800,,"{'id': 31292, 'context': 0}"
1200409074,LONG,,1,117009400,,"{'id': 164335, 'context': 11}"
1200410120,LONG,,1,19000000,,"{'id': 164344, 'context': 11}"
1200410129,LONG,,1,46000000,,"{'id': 87474, 'context': 6}"
1200410169,LONG,,1,1001700,,"{'id': 175544, 'context': 0, 'bonus_lists': [6907, 1708], 'modifiers': [{'type': 9, 'value': 59}, {'type': 28, 'value': 1707}]}"
1200410201,VERY_LONG,200000,14,,,{'id': 152561}
1200410207,LONG,,1,600000000,,"{'id': 164341, 'context': 11}"
1200410217,LONG,,1,113548200,,"{'id': 163963, 'context': 54, 'bonus_lists': [1472, 4786]}"
1200410330,LONG,400000,1,,,{'id': 172920}
1200410388,LONG,8406500,4,,,{'id': 173171}
1200410399,LONG,1999700,1,,,{'id': 136375}
1200410403,LONG,3476900,3,,,{'id': 171270}
1200410406,LONG,1756300,5,,,{'id': 173173}
1200410408,LONG,3426800,4,,,{'id': 171352}
1200410410,LONG,6999900,1,,,{'id': 173162}
1200410418,LONG,129400,5,,,{'id': 172359}
1200410424,LONG,5716900,9,,,{'id': 173170}
1200410427,LONG,862600,1,,,{'id': 76085}
1200410430,LONG,3109500,1,,,{'id': 171273}
1200413102,VERY_LONG,900000,1,,,{'id': 177715}
1200413119,LONG,490000,124,,,{'id': 168487}
1200413122,LONG,11000,593,,,{'id': 152576}
1200413149,LONG,9900,6,,,{'id': 158378}
1200413159,LONG,8800,64,,,{'id': 167738}
1200413174,LONG,18400,46,,,{'id': 159959}
1200413200,LONG,11000,10,,,{'id': 152576}
1200413205,LONG,2220000,3,,,{'id': 168663}
1200413227,LONG,,1,260000000,,"{'id': 172314, 'context': 64, 'bonus_lists': [6717, 1507]}"
1200413241,LONG,900000,4,,,{'id': 138728}
1200413258,LONG,9900,2,,,{'id': 138729}
1200413277,LONG,,1,135000000,,"{'id': 172321, 'context': 63, 'bonus_lists': [6716, 7194, 1487]}"
1200413285,LONG,80000,21,,,{'id': 2459}
1200413290,VERY_LONG,296900,8,,,{'id': 171268}
1200413419,VERY_LONG,6380000,73,,,{'id': 172347}
1200413546,LONG,1400000,1,,,{'id': 173070}
1200413553,LONG,725100,15,,,{'id': 172231}
1200413561,LONG,48000100,1,,,{'id': 173099}
1200413564,LONG,150000,45,,,{'id': 172230}
1200413571,LONG,524900,5,,,{'id': 173036}
1200413578,LONG,369500,5,,,{'id': 173033}
1200413581,VERY_LONG,,1,1284800,,"{'id': 25112, 'context': 0, 'bonus_lists': [1706]}"
1200413582,LONG,14660600,1,,,{'id': 173051}
1200413584,VERY_LONG,,1,512900,,"{'id': 36058, 'context': 0, 'bonus_lists': [1679]}"
1200413587,VERY_LONG,,1,512900,,"{'id': 36058, 'context': 0, 'bonus_lists': [1694]}"
1200413590,VERY_LONG,,1,32800700,,"{'id': 82800, 'context': 0, 'modifiers': [{'type': 6, 'value': 48001}], 'pet_breed_id': 10, 'pet_level': 25, 'pet_quality_id': 3, 'pet_species_id': 1202}"
1200413594,VERY_LONG,,1,1650200,,"{'id': 36282, 'context': 0, 'bonus_lists': [1707]}"
1200413597,VERY_LONG,,1,11776200,,"{'id': 82800, 'context': 0, 'modifiers': [{'type': 6, 'value': 90183}], 'pet_breed_id': 18, 'pet_level': 25, 'pet_quality_id': 3, 'pet_species_id': 2560}"
1200413601,VERY_LONG,,1,25852900,,"{'id': 169426, 'context': 0, 'bonus_lists': [4796, 1685], 'modifiers': [{'type': 9, 'value': 50}]}"
1200413607,VERY_LONG,,1,277900,,"{'id': 36387, 'context': 3, 'bonus_lists': [1708]}"
1200413611,VERY_LONG,,1,3464000,,"{'id': 36471, 'context': 0, 'bonus_lists': [1679]}"
1200413617,VERY_LONG,,1,14771600,,"{'id': 170117, 'context': 0, 'bonus_lists': [4796, 1679], 'modifiers': [{'type': 9, 'value': 50}]}"
1200413624,VERY_LONG,,1,252200,,"{'id': 24905, 'context': 0, 'bonus_lists': [1695]}"
1200413632,VERY_LONG,,1,1000200,,"{'id': 24901, 'context': 0, 'bonus_lists': [1681]}"
1200413635,VERY_LONG,,1,93663800,,"{'id': 82800, 'context': 0, 'modifiers': [{'type': 6, 'value': 51279}], 'pet_breed_id': 13, 'pet_level': 25, 'pet_quality_id': 3, 'pet_species_id': 1336}"
1200413645,VERY_LONG,34665200,3,,,{'id': 165692}
1200413650,VERY_LONG,,1,5230500,,"{'id': 36582, 'context': 3, 'bonus_lists': [1681]}"
1200413653,LONG,25200,51,,,{'id': 72988}
1200413657,VERY_LONG,,1,42371200,,"{'id': 82800, 'context': 0, 'modifiers': [{'type': 6, 'value': 76763}], 'pet_breed_id': 5, 'pet_level': 25, 'pet_quality_id': 3, 'pet_species_id': 2559}"
1200413661,VERY_LONG,,1,42371200,,"{'id': 82800, 'context': 0, 'modifiers': [{'type': 6, 'value': 76763}], 'pet_breed_id': 5, 'pet_level': 25, 'pet_quality_id': 3, 'pet_species_id': 2559}"
1200413665,VERY_LONG,,1,3703400,,"{'id': 112498, 'context': 13}"
1200413668,LONG,14513000,2,,,{'id': 173053}
1200413670,VERY_LONG,,1,3703400,,"{'id': 112498, 'context': 13}"
1200413675,VERY_LONG,,1,3703400,,"{'id': 112498, 'context': 13}"
1200413680,VERY_LONG,,1,3703400,,"{'id': 112498, 'context': 13}"
1200413688,VERY_LONG,,1,3703400,,"{'id': 112498, 'context': 13}"
1200413692,VERY_LONG,,1,3703400,,"{'id': 112498, 'context': 13}"
1200413697,VERY_LONG,,1,3703400,,"{'id': 112498, 'context': 13}"
1200413700,VERY_LONG,,1,3703400,,"{'id': 112498, 'context': 13}"
1200413708,VERY_LONG,,1,3703400,,"{'id': 112498, 'context': 13}"
1200413713,VERY_LONG,,1,3703400,,"{'id': 112498, 'context': 13}"
1200413717,VERY_LONG,,1,3703400,,"{'id': 112498, 'context': 13}"
1200413723,VERY_LONG,,1,3703400,,"{'id': 112498, 'context': 13}"
1200413729,VERY_LONG,3300,200,,,{'id': 152542}
1200413734,VERY_LONG,,1,16480100,,"{'id': 82800, 'context': 0, 'modifiers': [{'type': 6, 'value': 51475}], 'pet_breed_id': 4, 'pet_level': 25, 'pet_quality_id': 3, 'pet_species_id': 1343}"
1200413739,VERY_LONG,,1,30806100,,"{'id': 169435, 'context': 0, 'bonus_lists': [4796, 1702], 'modifiers': [{'type': 9, 'value': 50}]}"
1200413741,VERY_LONG,,1,30806100,,"{'id': 169435, 'context': 0, 'bonus_lists': [4796, 1701], 'modifiers': [{'type': 9, 'value': 50}]}"
1200413748,VERY_LONG,,1,9462400,,"{'id': 55395, 'context': 28, 'bonus_lists': [1702, 4766], 'modifiers': [{'type': 9, 'value': 50}]}"
1200413753,VERY_LONG,,1,933600,,"{'id': 82049, 'context': 36, 'bonus_lists': [1700, 4767], 'modifiers': [{'type': 9, 'value': 50}]}"
1200413756,VERY_LONG,914300,2,,,{'id': 166270}
1200413761,VERY_LONG,,1,1145400,,"{'id': 25110, 'context': 30, 'bonus_lists': [1691, 3871], 'modifiers': [{'type': 9, 'value': 50}]}"
1200413766,VERY_LONG,1606500,40,,,{'id': 166804}
1200413771,VERY_LONG,,1,23007300,,"{'id': 166820, 'context': 11}"
1200413777,VERY_LONG,,1,29329700,,"{'id': 82800, 'context': 0, 'modifiers': [{'type': 6, 'value': 42520}], 'pet_breed_id': 11, 'pet_level': 25, 'pet_quality_id': 3, 'pet_species_id': 2589}"
1200413782,VERY_LONG,,1,12788700,,"{'id': 36462, 'context': 22, 'bonus_lists': [6655, 1680], 'modifiers': [{'type': 9, 'value': 30}, {'type': 28, 'value': 1101}]}"
1200413787,LONG,5000,51,,,{'id': 124437}
1200413788,VERY_LONG,,1,4269200,,"{'id': 36160, 'context': 0, 'bonus_lists': [1691]}"
1200413791,LONG,5000000,1,,,{'id': 173088}
1200413797,VERY_LONG,,1,890700,,"{'id': 55494, 'context': 0, 'bonus_lists': [1708]}"
1200413801,VERY_LONG,,1,967200,,"{'id': 25097, 'context': 30, 'bonus_lists': [1708, 3871], 'modifiers': [{'type': 9, 'value': 50}]}"
1200413804,VERY_LONG,,1,96191600,,"{'id': 82800, 'context': 0, 'modifiers': [{'type': 6, 'value': 27627}], 'pet_breed_id': 4, 'pet_level': 25, 'pet_quality_id': 3, 'pet_species_id': 193}"
1200413807,VERY_LONG,,1,5583300,,"{'id': 159531, 'context': 0, 'bonus_lists': [4796, 1681], 'modifiers': [{'type': 9, 'value': 50}]}"
1200413813,VERY_LONG,,1,11498700,,"{'id': 36251, 'context': 22, 'bonus_lists': [6654, 1691], 'modifiers': [{'type': 9, 'value': 30}, {'type': 28, 'value': 1090}]}"
1200413817,VERY_LONG,,1,470200,,"{'id': 72005, 'context': 0}"
1200413822,VERY_LONG,,1,12280700,,"{'id': 169423, 'context': 0, 'bonus_lists': [4796, 1707], 'modifiers': [{'type': 9, 'value': 50}]}"
1200413826,VERY_LONG,,1,1537700,,"{'id': 36278, 'context': 0, 'bonus_lists': [1707]}"
1200413829,VERY_LONG,,1,2765100,,"{'id': 170116, 'context': 0, 'bonus_lists': [4796, 1680], 'modifiers': [{'type': 9, 'value': 50}]}"
1200413835,VERY_LONG,,1,2765100,,"{'id': 170116, 'context': 0, 'bonus_lists': [4796, 1678], 'modifiers': [{'type': 9, 'value': 50}]}"
1200413837,VERY_LONG,,1,2765100,,"{'id': 170116, 'context': 0, 'bonus_lists': [4796, 1681], 'modifiers': [{'type': 9, 'value': 50}]}"
1200413840,VERY_LONG,,1,863900,,"{'id': 36379, 'context': 0, 'bonus_lists': [1695]}"
1200413845,VERY_LONG,,1,26109600,,"{'id': 82800, 'context': 0, 'modifiers': [{'type': 6, 'value': 79634}], 'pet_breed_id': 12, 'pet_level': 25, 'pet_quality_id': 3, 'pet_species_id': 2079}"
1200413853,VERY_LONG,,1,906400,,"{'id': 55332, 'context': 0, 'bonus_lists': [1684]}"
1200413857,VERY_LONG,,1,119919700,,"{'id': 82800, 'context': 0, 'modifiers': [{'type': 6, 'value': 41833}], 'pet_breed_id': 9, 'pet_level': 25, 'pet_quality_id': 3, 'pet_species_id': 381}"
1200413861,VERY_LONG,,1,26516800,,"{'id': 169414, 'context': 0, 'bonus_lists': [4796, 1691], 'modifiers': [{'type': 9, 'value': 50}]}"
1200413865,VERY_LONG,,1,3515900,,"{'id': 176763, 'context': 0, 'bonus_lists': [6907, 6652, 1699], 'modifiers': [{'type': 9, 'value': 60}, {'type': 28, 'value': 2060}]}"
1200413869,VERY_LONG,,1,5926700,,"{'id': 169420, 'context': 0, 'bonus_lists': [4796, 1692], 'modifiers': [{'type': 9, 'value': 50}]}"
1200413876,VERY_LONG,,1,5926700,,"{'id': 169420, 'context': 0, 'bonus_lists': [4796, 1700], 'modifiers': [{'type': 9, 'value': 50}]}"
1200413884,VERY_LONG,,1,3490500,,"{'id': 14681, 'context': 0}"
1200413887,VERY_LONG,,1,3867500,,"{'id': 159516, 'context': 0, 'bonus_lists': [4796, 1701], 'modifiers': [{'type': 9, 'value': 50}]}"
1200413890,VERY_LONG,,1,76878600,,"{'id': 82800, 'context': 0, 'modifiers': [{'type': 6, 'value': 23506}], 'pet_breed_id': 3, 'pet_level': 25, 'pet_quality_id': 3, 'pet_species_id': 174}"
1200413895,VERY_LONG,253500,8,,,{'id': 152557}
1200413898,VERY_LONG,2426500,1,,,{'id': 19269}
1200413901,VERY_LONG,,1,1057600,,"{'id': 27944, 'context': 31}"
1200413906,VERY_LONG,352053800,7,,,{'id': 168624}
1200413912,VERY_LONG,,1,7823000,,"{'id': 169412, 'context': 0, 'bonus_lists': [4796, 4802, 1702], 'modifiers': [{'type': 9, 'value': 50}]}"
1200413916,VERY_LONG,,1,40061700,,"{'id': 82800, 'context': 0, 'modifiers': [{'type': 6, 'value': 40224}], 'pet_breed_id': 15, 'pet_level': 25, 'pet_quality_id': 3, 'pet_species_id': 1631}"
1200413920,VERY_LONG,,1,5653200,,"{'id': 159548, 'context': 0, 'bonus_lists': [4796, 1688], 'modifiers': [{'type': 9, 'value': 50}]}"
1200413926,VERY_LONG,,1,435900,,"{'id': 36395, 'context': 0, 'bonus_lists': [1693]}"
1200413932,VERY_LONG,,1,52316400,,"{'id': 164395, 'context': 11, 'modifiers': [{'type': 28, 'value': 644}]}"
1200413938,VERY_LONG,,1,42071500,,"{'id': 166839, 'context': 11, 'modifiers': [{'type': 28, 'value': 289}]}"
1200413941,VERY_LONG,6800,200,,,{'id': 153051}
1200413947,VERY_LONG,,1,11234900,,"{'id': 169428, 'context': 0, 'bonus_lists': [4796, 1696], 'modifiers': [{'type': 9, 'value': 50}]}"
1200413953,VERY_LONG,,1,9141700,,"{'id': 25132, 'context': 28, 'bonus_lists': [1694, 3869], 'modifiers': [{'type': 9, 'value': 50}]}"
1200413959,VERY_LONG,,1,7699900,,"{'id': 133713, 'context': 0}"
1200413962,VERY_LONG,,1,66868800,,"{'id': 82800, 'context': 0, 'modifiers': [{'type': 6, 'value': 88007}], 'pet_breed_id': 12, 'pet_level': 25, 'pet_quality_id': 3, 'pet_species_id': 2453}"
1200413967,VERY_LONG,,1,1164600,,"{'id': 25083, 'context': 0, 'bonus_lists': [1692]}"
1200413972,VERY_LONG,,1,9347300,,"{'id': 39717, 'context': 0}"
1200413976,VERY_LONG,,1,9347300,,"{'id': 39717, 'context': 0}"
1200413984,VERY_LONG,,1,4982400,,"{'id': 159585, 'context': 0, 'bonus_lists': [4796, 1700], 'modifiers': [{'type': 9, 'value': 50}]}"
1200413988,VERY_LONG,,1,4982400,,"{'id': 159585, 'context': 0, 'bonus_lists': [4796, 1699], 'modifiers': [{'type': 9, 'value': 50}]}"
1200413995,VERY_LONG,,1,8096300,,"{'id': 12026, 'context': 1, 'bonus_lists': [1705]}"
1200414001,VERY_LONG,,1,19177800,,"{'id': 82800, 'context': 0, 'modifiers': [{'type': 6, 'value': 60889}], 'pet_breed_id': 19, 'pet_level': 25, 'pet_quality_id': 3, 'pet_species_id': 1588}"
1200414006,VERY_LONG,,1,19177800,,"{'id': 82800, 'context': 0, 'modifiers': [{'type': 6, 'value': 60889}], 'pet_breed_id': 13, 'pet_level': 25, 'pet_quality_id': 3, 'pet_species_id': 1588}"
1200414014,VERY_LONG,,1,18429000,,"{'id': 154808, 'context': 0, 'bonus_lists': [4796, 1711], 'modifiers': [{'type': 9, 'value': 50}]}"
1200414020,VERY_LONG,,1,25149300,,"{'id': 141884, 'context': 14}"
1200414027,VERY_LONG,,1,2371800,,"{'id': 159501, 'context': 0, 'bonus_lists': [4796, 1701], 'modifiers': [{'type': 9, 'value': 50}]}"
1200414034,VERY_LONG,,1,489600,,"{'id': 24680, 'context': 0, 'bonus_lists': [1693]}"
1200414039,VERY_LONG,,1,1171600,,"{'id': 25125, 'context': 3, 'bonus_lists': [1681]}"
1200415471,LONG,20231800,1,,,{'id': 168449}
1200415566,LONG,100001600,1,,,{'id': 38865}
1200415951,LONG,500,16,,,{'id': 171840}
1200415967,VERY_LONG,,1,22631900,,"{'id': 141712, 'context': 14}"
1200415969,VERY_LONG,,1,1853000,,"{'id': 170114, 'context': 0, 'bonus_lists': [4796, 1685], 'modifiers': [{'type': 9, 'value': 50}]}"
1200415970,VERY_LONG,,1,3931300,,"{'id': 159222, 'context': 0, 'bonus_lists': [4796, 43, 1696], 'modifiers': [{'type': 9, 'value': 50}]}"
1200415971,VERY_LONG,,1,3825400,,"{'id': 159527, 'context': 0, 'bonus_lists': [4796, 1706], 'modifiers': [{'type': 9, 'value': 50}]}"
1200415975,VERY_LONG,,1,9251800,,"{'id': 169412, 'context': 0, 'bonus_lists': [4796, 1689], 'modifiers': [{'type': 9, 'value': 50}]}"
1200415976,VERY_LONG,6745400,1,,,{'id': 31915}
1200415978,VERY_LONG,,1,1395400,,"{'id': 159519, 'context': 0, 'bonus_lists': [4796, 1681], 'modifiers': [{'type': 9, 'value': 49}]}"
1200415979,VERY_LONG,,1,7803900,,"{'id': 7364, 'context': 1}"
1200415981,VERY_LONG,,1,42859300,,"{'id': 169405, 'context': 0, 'bonus_lists': [4796, 1683], 'modifiers': [{'type': 9, 'value': 50}]}"
1200415983,VERY_LONG,,1,31614200,,"{'id': 82800, 'context': 0, 'modifiers': [{'type': 6, 'value': 87945}], 'pet_breed_id': 3, 'pet_level': 25, 'pet_quality_id': 3, 'pet_species_id': 2440}"
1200415985,VERY_LONG,,1,11496400,,"{'id': 160151, 'context': 0, 'bonus_lists': [4796, 1678], 'modifiers': [{'type': 9, 'value': 49}]}"
1200415987,VERY_LONG,,1,24048100,,"{'id': 160151, 'context': 0, 'bonus_lists': [4796, 1680], 'modifiers': [{'type': 9, 'value': 50}]}"
1200415988,VERY_LONG,,1,418769400,,"{'id': 164402, 'context': 11, 'modifiers': [{'type': 28, 'value': 644}]}"
1200415990,VERY_LONG,,1,17822400,,"{'id': 164344, 'context': 11, 'modifiers': [{'type': 28, 'value': 644}]}"
1200415992,VERY_LONG,,1,13468000,,"{'id': 169422, 'context': 0, 'bonus_lists': [4796, 1715], 'modifiers': [{'type': 9, 'value': 50}]}"
1200415994,VERY_LONG,,1,54349100,,"{'id': 82800, 'context': 0, 'modifiers': [{'type': 6, 'value': 65717}], 'pet_breed_id': 4, 'pet_level': 25, 'pet_quality_id': 3, 'pet_species_id': 1766}"
1200415997,VERY_LONG,,1,12147900,,"{'id': 169399, 'context': 0, 'bonus_lists': [4796, 1714], 'modifiers': [{'type': 9, 'value': 50}]}"
1200416001,VERY_LONG,,1,10417400,,"{'id': 169429, 'context': 0, 'bonus_lists': [4796, 1715], 'modifiers': [{'type': 9, 'value': 50}]}"
1200416003,VERY_LONG,,1,10142000,,"{'id': 169429, 'context': 0, 'bonus_lists': [4796, 1685], 'modifiers': [{'type': 9, 'value': 50}]}"
1200416005,VERY_LONG,,1,10472000,,"{'id': 169429, 'context': 0, 'bonus_lists': [4796, 1682], 'modifiers': [{'type': 9, 'value': 50}]}"
1200416010,VERY_LONG,,1,52698900,,"{'id': 164343, 'context': 11, 'modifiers': [{'type': 28, 'value': 644}]}"
1200416015,VERY_LONG,,1,3703400,,"{'id': 112498, 'context': 13}"
1200416021,VERY_LONG,,1,3703400,,"{'id': 112498, 'context': 13}"
1200416027,VERY_LONG,,1,3703400,,"{'id': 112498, 'context': 13}"
1200416033,VERY_LONG,,1,3703400,,"{'id': 112498, 'context': 13}"
1200416039,VERY_LONG,,1,3703400,,"{'id': 112498, 'context': 13}"
1200416045,VERY_LONG,,1,3703400,,"{'id': 112498, 'context': 13}"
1200416049,VERY_LONG,,1,3703400,,"{'id': 112498, 'context': 13}"
1200416055,VERY_LONG,,1,3703400,,"{'id': 112498, 'context': 13}"
1200416060,VERY_LONG,,1,3703400,,"{'id': 112498, 'context': 13}"
1200416066,VERY_LONG,,1,3703400,,"{'id': 112498, 'context': 13}"
1200416071,VERY_LONG,,1,3703400,,"{'id': 112498, 'context': 13}"
1200416075,VERY_LONG,,1,3703400,,"{'id': 112498, 'context': 13}"
1200416082,VERY_LONG,,1,3703400,,"{'id': 112498, 'context': 13}"
1200416085,VERY_LONG,,1,3703400,,"{'id': 112498, 'context': 13}"
1200416089,VERY_LONG,,1,3703400,,"{'id': 112498, 'context': 13}"
1200416091,VERY_LONG,,1,3703400,,"{'id': 112498, 'context': 13}"
1200416093,VERY_LONG,,1,3703400,,"{'id': 112498, 'context': 13}"
1200416096,VERY_LONG,,1,3703400,,"{'id': 112498, 'context': 13}"
1200416100,VERY_LONG,,1,3703400,,"{'id': 112498, 'context': 13}"
1200418102,VERY_LONG,,1,3703400,,"{'id': 112498, 'context': 13}"
1200418109,VERY_LONG,,1,26092800,,"{'id': 164347, 'context': 11, 'modifiers': [{'type': 28, 'value': 289}]}"
1200418112,VERY_LONG,,1,2539000,,"{'id': 15283, 'context': 0, 'bonus_lists': [1706]}"
1200418114,VERY_LONG,,1,512900,,"{'id': 36058, 'context': 0, 'bonus_lists': [1679]}"
1200418117,VERY_LONG,,1,512900,,"{'id': 36058, 'context': 0, 'bonus_lists': [1680]}"
1200418122,VERY_LONG,,1,512900,,"{'id': 36058, 'context': 0, 'bonus_lists': [1693]}"
1200418127,VERY_LONG,,1,10693100,,"{'id': 164342, 'context': 11, 'modifiers': [{'type': 28, 'value': 644}]}"
1200418130,VERY_LONG,,1,950300,,"{'id': 25010, 'context': 3, 'bonus_lists': [1693]}"
1200418135,VERY_LONG,,1,29329700,,"{'id': 82800, 'context': 0, 'modifiers': [{'type': 6, 'value': 42520}], 'pet_breed_id': 11, 'pet_level': 25, 'pet_quality_id': 3, 'pet_species_id': 2589}"
1200418139,VERY_LONG,,1,108138200,,"{'id': 82800, 'context': 0, 'modifiers': [{'type': 6, 'value': 47747}], 'pet_breed_id': 9, 'pet_level': 25, 'pet_quality_id': 3, 'pet_species_id': 1196}"
1200418142,VERY_LONG,,1,1220500,,"{'id': 159186, 'context': 0, 'bonus_lists': [4796, 1704], 'modifiers': [{'type': 9, 'value': 49}]}"
1200418145,VERY_LONG,,1,26516800,,"{'id': 169414, 'context': 0, 'bonus_lists': [4796, 1699], 'modifiers': [{'type': 9, 'value': 50}]}"
1200418148,VERY_LONG,,1,1284800,,"{'id': 25112, 'context': 3, 'bonus_lists': [1692]}"
1200418150,VERY_LONG,,1,2765100,,"{'id': 170116, 'context': 0, 'bonus_lists': [4796, 1677], 'modifiers': [{'type': 9, 'value': 50}]}"
1200418153,VERY_LONG,,1,365020000,,"{'id': 82800, 'context': 0, 'modifiers': [{'type': 6, 'value': 80852}], 'pet_breed_id': 10, 'pet_level': 25, 'pet_quality_id': 3, 'pet_species_id': 2420}"
1200418156,VERY_LONG,,1,29508200,,"{'id': 82800, 'context': 0, 'modifiers': [{'type': 6, 'value': 87890}], 'pet_breed_id': 3, 'pet_level': 25, 'pet_quality_id': 3, 'pet_species_id': 2435}"
1200418158,VERY_LONG,,1,29508200,,"{'id': 82800, 'context': 0, 'modifiers': [{'type': 6, 'value': 87890}], 'pet_breed_id': 3, 'pet_level': 25, 'pet_quality_id': 3, 'pet_species_id': 2435}"
1200418160,VERY_LONG,,1,29163400,,"{'id': 82800, 'context': 0, 'modifiers': [{'type': 6, 'value': 78261}], 'pet_breed_id': 3, 'pet_level': 25, 'pet_quality_id': 3, 'pet_species_id': 2072}"
1200418162,VERY_LONG,,1,29163400,,"{'id': 82800, 'context': 0, 'modifiers': [{'type': 6, 'value': 78261}], 'pet_breed_id': 3, 'pet_level': 25, 'pet_quality_id': 3, 'pet_species_id': 2072}"
1200418164,VERY_LONG,,1,498723500,,"{'id': 36877, 'context': 0}"
1200418166,VERY_LONG,2101800,40,,,{'id': 156525}
1200418167,VERY_LONG,,1,3484700,,"{'id': 176983, 'context': 23, 'bonus_lists': [6907, 6652, 1688], 'modifiers': [{'type': 9, 'value': 60}, {'type': 28, 'value': 749}]}"
1200418290,LONG,20000,12,,,{'id': 52976}
1200418300,LONG,4000,6,,,{'id': 173032}
1200418331,LONG,1204800,1,,,{'id': 17203}
1200418562,VERY_LONG,,1,35632300,,"{'id': 82800, 'context': 0, 'modifiers': [{'type': 6, 'value': 53610}], 'pet_breed_id': 14, 'pet_level': 25, 'pet_quality_id': 3, 'pet_species_id': 1385}"
1200418563,VERY_LONG,,1,66210700,,"{'id': 82800, 'context': 0, 'modifiers': [{'type': 6, 'value': 38455}], 'pet_breed_id': 3, 'pet_level': 25, 'pet_quality_id': 3, 'pet_species_id': 317}"
1200418565,VERY_LONG,,1,38494800,,"{'id': 82800, 'context': 0, 'modifiers': [{'type': 6, 'value': 88003}], 'pet_breed_id': 7, 'pet_level': 25, 'pet_quality_id': 3, 'pet_species_id': 2452}"
1200418569,VERY_LONG,,1,38494800,,"{'id': 82800, 'context': 0, 'modifiers': [{'type': 6, 'value': 88003}], 'pet_breed_id': 7, 'pet_level': 25, 'pet_quality_id': 3, 'pet_species_id': 2452}"
1200418571,VERY_LONG,,1,13405100,,"{'id': 82800, 'context': 0, 'modifiers': [{'type': 6, 'value': 92438}], 'pet_breed_id': 18, 'pet_level': 25, 'pet_quality_id': 3, 'pet_species_id': 2836}"
1200418579,VERY_LONG,,1,15419600,,"{'id': 82800, 'context': 0, 'modifiers': [{'type': 6, 'value': 44445}], 'pet_breed_id': 8, 'pet_level': 25, 'pet_quality_id': 3, 'pet_species_id': 2583}"
1200418581,VERY_LONG,,1,15419600,,"{'id': 82800, 'context': 0, 'modifiers': [{'type': 6, 'value': 44445}], 'pet_breed_id': 8, 'pet_level': 25, 'pet_quality_id': 3, 'pet_species_id': 2583}"
1200418582,VERY_LONG,,1,62313000,,"{'id': 82800, 'context': 0, 'modifiers': [{'type': 6, 'value': 99908}], 'pet_breed_id': 8, 'pet_level': 25, 'pet_quality_id': 3, 'pet_species_id': 2961}"
1200418585,VERY_LONG,,1,9517400,,"{'id': 82800, 'context': 0, 'modifiers': [{'type': 6, 'value': 59021}], 'pet_breed_id': 21, 'pet_level': 25, 'pet_quality_id': 3, 'pet_species_id': 1403}"
1200418587,VERY_LONG,,1,9517400,,"{'id': 82800, 'context': 0, 'modifiers': [{'type': 6, 'value': 59021}], 'pet_breed_id': 20, 'pet_level': 25, 'pet_quality_id': 3, 'pet_species_id': 1403}"
1200418590,VERY_LONG,,1,33497900,,"{'id': 82800, 'context': 0, 'modifiers': [{'type': 6, 'value': 59577}], 'pet_breed_id': 17, 'pet_level': 25, 'pet_quality_id': 3, 'pet_species_id': 1531}"
1200418594,VERY_LONG,,1,33497900,,"{'id': 82800, 'context': 0, 'modifiers': [{'type': 6, 'value': 59577}], 'pet_breed_id': 17, 'pet_level': 25, 'pet_quality_id': 3, 'pet_species_id': 1531}"
1200418596,VERY_LONG,,1,56628200,,"{'id': 82800, 'context': 0, 'modifiers': [{'type': 6, 'value': 68861}], 'pet_breed_id': 15, 'pet_level': 25, 'pet_quality_id': 3, 'pet_species_id': 2050}"
1200418597,VERY_LONG,,1,23097900,,"{'id': 82800, 'context': 0, 'modifiers': [{'type': 6, 'value': 45274}], 'pet_breed_id': 4, 'pet_level': 25, 'pet_quality_id': 3, 'pet_species_id': 2585}"
1200418600,VERY_LONG,,1,23097900,,"{'id': 82800, 'context': 0, 'modifiers': [{'type': 6, 'value': 45274}], 'pet_breed_id': 4, 'pet_level': 25, 'pet_quality_id': 3, 'pet_species_id': 2585}"
1200418604,VERY_LONG,,1,11776200,,"{'id': 82800, 'context': 0, 'modifiers': [{'type': 6, 'value': 90183}], 'pet_breed_id': 18, 'pet_level': 25, 'pet_quality_id': 3, 'pet_species_id': 2560}"
1200418607,VERY_LONG,,1,11776200,,"{'id': 82800, 'context': 0, 'modifiers': [{'type': 6, 'value': 90183}], 'pet_breed_id': 18, 'pet_level': 25, 'pet_quality_id': 3, 'pet_species_id': 2560}"
1200418610,VERY_LONG,,1,11776200,,"{'id': 82800, 'context': 0, 'modifiers': [{'type': 6, 'value': 90183}], 'pet_breed_id': 18, 'pet_level': 25, 'pet_quality_id': 3, 'pet_species_id': 2560}"
1200418611,VERY_LONG,,1,18493100,,"{'id': 82800, 'context': 0, 'modifiers': [{'type': 6, 'value': 86482}], 'pet_breed_id': 3, 'pet_level': 25, 'pet_quality_id': 3, 'pet_species_id': 2201}"
1200418613,VERY_LONG,,1,3703400,,"{'id': 112498, 'context': 13}"
1200418617,VERY_LONG,,1,3703400,,"{'id': 112498, 'context': 13}"
1200418620,VERY_LONG,,1,3703400,,"{'id': 112498, 'context': 13}"
1200418623,VERY_LONG,,1,25415500,,"{'id': 82800, 'context': 0, 'modifiers': [{'type': 6, 'value': 34413}], 'pet_breed_id': 18, 'pet_level': 25, 'pet_quality_id': 3, 'pet_species_id': 266}"
1200418626,VERY_LONG,,1,25415500,,"{'id': 82800, 'context': 0, 'modifiers': [{'type': 6, 'value': 34413}], 'pet_breed_id': 18, 'pet_level': 25, 'pet_quality_id': 3, 'pet_species_id': 266}"
1200418628,VERY_LONG,,1,26304500,,"{'id': 82800, 'context': 0, 'modifiers': [{'type': 6, 'value': 91810}], 'pet_breed_id': 18, 'pet_level': 25, 'pet_quality_id': 3, 'pet_species_id': 2835}"
1200418632,VERY_LONG,,1,26304500,,"{'id': 82800, 'context': 0, 'modifiers': [{'type': 6, 'value': 91810}], 'pet_breed_id': 18, 'pet_level': 25, 'pet_quality_id': 3, 'pet_species_id': 2835}"
1200418634,VERY_LONG,,1,16480100,,"{'id': 82800, 'context': 0, 'modifiers': [{'type': 6, 'value': 51475}], 'pet_breed_id': 8, 'pet_level': 25, 'pet_quality_id': 3, 'pet_species_id': 1343}"
1200418637,VERY_LONG,,1,31614200,,"{'id': 82800, 'context': 0, 'modifiers': [{'type': 6, 'value': 87945}], 'pet_breed_id': 6, 'pet_level': 25, 'pet_quality_id': 3, 'pet_species_id': 2440}"
1200418639,VERY_LONG,,1,25609300,,"{'id': 82800, 'context': 0, 'modifiers': [{'type': 6, 'value': 64425}], 'pet_breed_id': 8, 'pet_level': 25, 'pet_quality_id': 3, 'pet_species_id': 1690}"
1200418640,VERY_LONG,,1,40061700,,"{'id': 82800, 'context': 0, 'modifiers': [{'type': 6, 'value': 40224}], 'pet_breed_id': 15, 'pet_level': 25, 'pet_quality_id': 3, 'pet_species_id': 1631}"
1200418673,VERY_LONG,2431100,50,,,{'id': 171275}
1200418742,VERY_LONG,3476900,4,,,{'id': 171270}
1200418863,VERY_LONG,16509400,11,,,{'id': 172438}
1200418929,VERY_LONG,2474600,1,,,{'id': 175970}
1200419061,VERY_LONG,1199500,25,,,{'id': 173056}
1200419094,VERY_LONG,4999900,8,,,{'id': 175788}
1200420123,VERY_LONG,1660000,1,,,{'id': 173057}
1200420142,VERY_LONG,746700,3,,,{'id': 168583}
1200420220,VERY_LONG,1120000,5,,,{'id': 176811}
1200420237,VERY_LONG,500,6,,,{'id': 171840}
1200420536,VERY_LONG,,1,750000,,"{'id': 171379, 'context': 13, 'bonus_lists': [6890], 'modifiers': [{'type': 9, 'value': 53}, {'type': 28, 'value': 391}, {'type': 29, 'value': 36}, {'type': 30, 'value': 32}]}"
1200420555,VERY_LONG,,1,750000,,"{'id': 171379, 'context': 13, 'bonus_lists': [6890], 'modifiers': [{'type': 9, 'value': 53}, {'type': 28, 'value': 391}, {'type': 29, 'value': 40}, {'type': 30, 'value': 49}]}"
1200420571,VERY_LONG,,1,750000,,"{'id': 171379, 'context': 13, 'bonus_lists': [6890], 'modifiers': [{'type': 9, 'value': 53}, {'type': 28, 'value': 391}, {'type': 29, 'value': 49}, {'type': 30, 'value': 36}]}"
1200420576,VERY_LONG,2239300,5,,,{'id': 171266}
1200420590,VERY_LONG,,1,750000,,"{'id': 171379, 'context': 13, 'bonus_lists': [6890], 'modifiers': [{'type': 9, 'value': 53}, {'type': 28, 'value': 391}, {'type': 29, 'value': 32}, {'type': 30, 'value': 36}]}"
1200420604,VERY_LONG,425000,102,,,{'id': 170554}
1200420612,VERY_LONG,,1,750000,,"{'id': 171379, 'context': 13, 'bonus_lists': [6890], 'modifiers': [{'type': 9, 'value': 53}, {'type': 28, 'value': 391}, {'type': 29, 'value': 49}, {'type': 30, 'value': 32}]}"
1200420643,VERY_LONG,,1,750000,,"{'id': 171379, 'context': 13, 'bonus_lists': [6890], 'modifiers': [{'type': 9, 'value': 53}, {'type': 28, 'value': 391}, {'type': 29, 'value': 40}, {'type': 30, 'value': 49}]}"
1200420659,LONG,500,24,,,{'id': 171840}
1200420661,VERY_LONG,,1,750000,,"{'id': 171379, 'context': 13, 'bonus_lists': [6890], 'modifiers': [{'type': 9, 'value': 53}, {'type': 28, 'value': 391}, {'type': 29, 'value': 40}, {'type': 30, 'value': 36}]}"
1200420675,LONG,369500,5,,,{'id': 173033}
1200420680,VERY_LONG,,1,750000,,"{'id': 171379, 'context': 13, 'bonus_lists': [6890], 'modifiers': [{'type': 9, 'value': 53}, {'type': 28, 'value': 391}, {'type': 29, 'value': 36}, {'type': 30, 'value': 49}]}"
1200420691,VERY_LONG,1348000,5,,,{'id': 172439}
1200420695,VERY_LONG,,1,750000,,"{'id': 171379, 'context': 13, 'bonus_lists': [6890], 'modifiers': [{'type': 9, 'value': 53}, {'type': 28, 'value': 391}, {'type': 29, 'value': 36}, {'type': 30, 'value': 40}]}"
1200420706,LONG,530000,5,,,{'id': 171315}
1200420713,LONG,425000,11,,,{'id': 170554}
1200420716,VERY_LONG,,1,750000,,"{'id': 171379, 'context': 13, 'bonus_lists': [6890], 'modifiers': [{'type': 9, 'value': 53}, {'type': 28, 'value': 391}, {'type': 29, 'value': 32}, {'type': 30, 'value': 36}]}"
1200420731,VERY_LONG,,1,750000,,"{'id': 171379, 'context': 13, 'bonus_lists': [6890], 'modifiers': [{'type': 9, 'value': 53}, {'type': 28, 'value': 391}, {'type': 29, 'value': 49}, {'type': 30, 'value': 36}]}"
1200420743,VERY_LONG,,1,750000,,"{'id': 171379, 'context': 13, 'bonus_lists': [6890], 'modifiers': [{'type': 9, 'value': 53}, {'type': 28, 'value': 391}, {'type': 29, 'value': 36}, {'type': 30, 'value': 49}]}"
1200420775,VERY_LONG,,1,750000,,"{'id': 171379, 'context': 13, 'bonus_lists': [6890], 'modifiers': [{'type': 9, 'value': 53}, {'type': 28, 'value': 391}, {'type': 29, 'value': 32}, {'type': 30, 'value': 40}]}"
1200420805,VERY_LONG,,1,750000,,"{'id': 171379, 'context': 13, 'bonus_lists': [6890], 'modifiers': [{'type': 9, 'value': 53}, {'type': 28, 'value': 391}, {'type': 29, 'value': 36}, {'type': 30, 'value': 40}]}"
1200420864,VERY_LONG,,1,750000,,"{'id': 171379, 'context': 13, 'bonus_lists': [6890], 'modifiers': [{'type': 9, 'value': 53}, {'type': 28, 'value': 391}, {'type': 29, 'value': 40}, {'type': 30, 'value': 49}]}"
1200420880,VERY_LONG,,1,750000,,"{'id': 171379, 'context': 13, 'bonus_lists': [6890], 'modifiers': [{'type': 9, 'value': 53}, {'type': 28, 'value': 391}, {'type': 29, 'value': 40}, {'type': 30, 'value': 49}]}"
1200420912,VERY_LONG,,1,750000,,"{'id': 171379, 'context': 13, 'bonus_lists': [6890], 'modifiers': [{'type': 9, 'value': 53}, {'type': 28, 'value': 391}, {'type': 29, 'value': 49}, {'type': 30, 'value': 36}]}"
1200420927,VERY_LONG,,1,750000,,"{'id': 171379, 'context': 13, 'bonus_lists': [6890], 'modifiers': [{'type': 9, 'value': 53}, {'type': 28, 'value': 391}, {'type': 29, 'value': 36}, {'type': 30, 'value': 49}]}"
1200420941,VERY_LONG,,1,750000,,"{'id': 171379, 'context': 13, 'bonus_lists': [6890], 'modifiers': [{'type': 9, 'value': 53}, {'type': 28, 'value': 391}, {'type': 29, 'value': 49}, {'type': 30, 'value': 40}]}"
1200420963,VERY_LONG,,1,750000,,"{'id': 171379, 'context': 13, 'bonus_lists': [6890], 'modifiers': [{'type': 9, 'value': 53}, {'type': 28, 'value': 391}, {'type': 29, 'value': 32}, {'type': 30, 'value': 49}]}"
1200420991,VERY_LONG,,1,750000,,"{'id': 171379, 'context': 13, 'bonus_lists': [6890], 'modifiers': [{'type': 9, 'value': 53}, {'type': 28, 'value': 391}, {'type': 29, 'value': 49}, {'type': 30, 'value': 36}]}"
1200421020,VERY_LONG,,1,750000,,"{'id': 171379, 'context': 13, 'bonus_lists': [6890], 'modifiers': [{'type': 9, 'value': 53}, {'type': 28, 'value': 391}, {'type': 29, 'value': 40}, {'type': 30, 'value': 32}]}"
1200421032,VERY_LONG,,1,2500100,,"{'id': 178948, 'context': 0, 'bonus_lists': [6908, 40, 1709], 'modifiers': [{'type': 9, 'value': 60}, {'type': 28, 'value': 2060}]}"
1200421040,VERY_LONG,,1,750000,,"{'id': 171379, 'context': 13, 'bonus_lists': [6890], 'modifiers': [{'type': 9, 'value': 53}, {'type': 28, 'value': 391}, {'type': 29, 'value': 49}, {'type': 30, 'value': 32}]}"
1200421067,VERY_LONG,,1,750000,,"{'id': 171379, 'context': 13, 'bonus_lists': [6890], 'modifiers': [{'type': 9, 'value': 53}, {'type': 28, 'value': 391}, {'type': 29, 'value': 32}, {'type': 30, 'value': 36}]}"
1200421091,VERY_LONG,,1,2250000,,"{'id': 177790, 'context': 0, 'bonus_lists': [6907, 6652, 1679], 'modifiers': [{'type': 9, 'value': 60}, {'type': 28, 'value': 2060}]}"
1200423105,VERY_LONG,,1,750000,,"{'id': 171379, 'context': 13, 'bonus_lists': [6890], 'modifiers': [{'type': 9, 'value': 53}, {'type': 28, 'value': 391}, {'type': 29, 'value': 40}, {'type': 30, 'value': 32}]}"
1200423134,VERY_LONG,,1,750000,,"{'id': 171379, 'context': 13, 'bonus_lists': [6890], 'modifiers': [{'type': 9, 'value': 53}, {'type': 28, 'value': 391}, {'type': 29, 'value': 49}, {'type': 30, 'value': 36}]}"
1200423145,VERY_LONG,,1,3009300,,"{'id': 176992, 'context': 0, 'bonus_lists': [6907, 6652, 7193, 1711], 'modifiers': [{'type': 9, 'value': 60}, {'type': 28, 'value': 2060}]}"
1200423170,VERY_LONG,,1,750000,,"{'id': 171379, 'context': 13, 'bonus_lists': [6890], 'modifiers': [{'type': 9, 'value': 53}, {'type': 28, 'value': 391}, {'type': 29, 'value': 32}, {'type': 30, 'value': 36}]}"
1200423194,VERY_LONG,,1,7000600,,"{'id': 173220, 'context': 0, 'bonus_lists': [6893], 'modifiers': [{'type': 9, 'value': 60}, {'type': 28, 'value': 391}, {'type': 29, 'value': 49}, {'type': 30, 'value': 32}]}"
1200423238,VERY_LONG,,1,1206800,,"{'id': 173201, 'context': 0, 'bonus_lists': [6883], 'modifiers': [{'type': 29, 'value': 40}, {'type': 30, 'value': 36}]}"
1200423266,VERY_LONG,,1,1206800,,"{'id': 173201, 'context': 0, 'bonus_lists': [6883], 'modifiers': [{'type': 29, 'value': 36}, {'type': 30, 'value': 40}]}"
1200423290,VERY_LONG,,1,1206800,,"{'id': 173201, 'context': 0, 'bonus_lists': [6883], 'modifiers': [{'type': 29, 'value': 36}, {'type': 30, 'value': 32}]}"
1200423345,VERY_LONG,,1,600000,,"{'id': 173197, 'context': 0, 'bonus_lists': [6887], 'modifiers': [{'type': 9, 'value': 60}, {'type': 28, 'value': 391}, {'type': 29, 'value': 49}, {'type': 30, 'value': 32}]}"
1200423349,VERY_LONG,,1,600000,,"{'id': 173197, 'context': 0, 'bonus_lists': [6887], 'modifiers': [{'type': 9, 'value': 60}, {'type': 28, 'value': 391}, {'type': 29, 'value': 40}, {'type': 30, 'value': 49}]}"
1200423396,LONG,150000,1,,,{'id': 38768}
1200423405,VERY_LONG,,1,679999500,,"{'id': 90655, 'context': 0}"
1200423427,VERY_LONG,,1,1990000,,"{'id': 71951, 'context': 0}"
1200423438,VERY_LONG,,1,1006300,,"{'id': 171376, 'context': 13, 'bonus_lists': [6887], 'modifiers': [{'type': 9, 'value': 51}, {'type': 28, 'value': 391}, {'type': 29, 'value': 32}, {'type': 30, 'value': 49}]}"
1200423448,LONG,20000,3,,,{'id': 38679}
1200423466,LONG,,1,1790000,,"{'id': 172259, 'context': 13, 'bonus_lists': [6893], 'modifiers': [{'type': 9, 'value': 60}, {'type': 28, 'value': 391}, {'type': 29, 'value': 40}, {'type': 30, 'value': 32}]}"
1200423514,LONG,4000000,45,,,{'id': 172367}
1200423539,LONG,4750000,4,,,{'id': 172408}
1200423550,VERY_LONG,40000000,1,,,{'id': 173067}
1200423559,VERY_LONG,,1,1504200,,"{'id': 171378, 'context': 13, 'bonus_lists': [6885], 'modifiers': [{'type': 9, 'value': 53}, {'type': 28, 'value': 391}, {'type': 29, 'value': 49}, {'type': 30, 'value': 36}]}"
1200423568,LONG,2259200,1,,,{'id': 172411}
1200423581,VERY_LONG,,1,1504200,,"{'id': 171378, 'context': 13, 'bonus_lists': [6885], 'modifiers': [{'type': 9, 'value': 53}, {'type': 28, 'value': 391}, {'type': 29, 'value': 49}, {'type': 30, 'value': 32}]}"
1200423595,LONG,2255000,3,,,{'id': 172366}
1200423617,LONG,200000,2,,,{'id': 172357}
1200423640,LONG,90000,1,,,{'id': 172358}
1200423667,LONG,109400,8,,,{'id': 172359}
1200423711,LONG,68000,7,,,{'id': 172360}
1200423761,LONG,,1,1000000,,"{'id': 71636, 'context': 0}"
1200423765,LONG,,1,1000000,,"{'id': 71636, 'context': 0}"
1200423768,LONG,,1,1000000,,"{'id': 71636, 'context': 0}"
1200423772,LONG,,1,1000000,,"{'id': 71636, 'context': 0}"
1200423776,LONG,,1,1000000,,"{'id': 71636, 'context': 0}"
1200423778,LONG,,1,1000000,,"{'id': 71636, 'context': 0}"
1200423783,LONG,,1,1000000,,"{'id': 71636, 'context': 0}"
1200423785,LONG,,1,1000000,,"{'id': 71636, 'context': 0}"
1200423859,LONG,569900,7,,,{'id': 172418}
1200423884,LONG,,1,1950000,,"{'id': 71715, 'context': 0}"
1200423885,LONG,,1,1950000,,"{'id': 71715, 'context': 0}"
1200423887,LONG,,1,1950000,,"{'id': 71715, 'context': 0}"
1200423891,LONG,,1,1950000,,"{'id': 71715, 'context': 0}"
1200423893,LONG,,1,1950000,,"{'id': 71715, 'context': 0}"
1200423904,LONG,38000,1,,,{'id': 177660}
1200423933,LONG,,1,4500000,,"{'id': 71638, 'context': 0}"
1200423937,LONG,2258900,7,,,{'id': 183738}
1200423973,LONG,,1,4500000,,"{'id': 71638, 'context': 0}"
1200423975,LONG,,1,4500000,,"{'id': 71638, 'context': 0}"
1200423977,LONG,,1,4500000,,"{'id': 71638, 'context': 0}"
1200423978,LONG,,1,4500000,,"{'id': 71638, 'context': 0}"
1200424031,LONG,,1,2000000,,"{'id': 71637, 'context': 0}"
1200424034,LONG,,1,2000000,,"{'id': 71637, 'context': 0}"
1200424036,LONG,,1,2000000,,"{'id': 71637, 'context': 0}"
1200424037,LONG,,1,2000000,,"{'id': 71637, 'context': 0}"
1200424071,LONG,,1,1000000,,"{'id': 71635, 'context': 0}"
1200424073,LONG,,1,1000000,,"{'id': 71635, 'context': 0}"
1200424077,LONG,,1,1000000,,"{'id': 71635, 'context': 0}"
1200424080,LONG,,1,1000000,,"{'id': 71635, 'context': 0}"
1200425126,VERY_LONG,,1,300009300,,"{'id': 172328, 'context': 63, 'bonus_lists': [6716, 7194, 1487]}"
1200425271,VERY_LONG,40000000,2,,,{'id': 173067}
1200425307,VERY_LONG,21998800,2,,,{'id': 52085}
1200425309,VERY_LONG,3963500,2,,,{'id': 52113}
1200425313,VERY_LONG,,1,1950000,,"{'id': 173131, 'context': 13, 'modifiers': [{'type': 29, 'value': 49}]}"
1200425315,VERY_LONG,,1,1950000,,"{'id': 173131, 'context': 13, 'modifiers': [{'type': 29, 'value': 32}]}"
1200425318,VERY_LONG,,1,1950000,,"{'id': 173131, 'context': 13, 'modifiers': [{'type': 29, 'value': 32}]}"
1200425321,VERY_LONG,,1,1950000,,"{'id': 173131, 'context': 13, 'modifiers': [{'type': 29, 'value': 32}]}"
1200425324,VERY_LONG,,1,1950000,,"{'id': 173131, 'context': 13, 'modifiers': [{'type': 29, 'value': 36}]}"
1200425326,VERY_LONG,,1,1950000,,"{'id': 173131, 'context': 13, 'modifiers': [{'type': 29, 'value': 49}]}"
1200425330,VERY_LONG,,1,1354409100,,"{'id': 153639, 'context': 13, 'bonus_lists': [1686, 4928, 6873]}"
1200425333,VERY_LONG,5389000,2,,,{'id': 52096}
1200425335,VERY_LONG,,1,2004200,,"{'id': 20964, 'context': 0, 'bonus_lists': [1695, 6870]}"
1200425336,VERY_LONG,,1,2004200,,"{'id': 20964, 'context': 0, 'bonus_lists': [1691, 6870]}"
1200425339,VERY_LONG,,1,1853300,,"{'id': 173145, 'context': 13, 'modifiers': [{'type': 29, 'value': 36}]}"
1200425341,VERY_LONG,,1,1853300,,"{'id': 173145, 'context': 13, 'modifiers': [{'type': 29, 'value': 32}]}"
1200425344,VERY_LONG,,1,1853300,,"{'id': 173145, 'context': 13, 'modifiers': [{'type': 29, 'value': 40}]}"
1200425349,VERY_LONG,,1,1853300,,"{'id': 173145, 'context': 13, 'modifiers': [{'type': 29, 'value': 32}]}"
1200425350,VERY_LONG,,1,1853300,,"{'id': 173145, 'context': 13, 'modifiers': [{'type': 29, 'value': 32}]}"
1200425353,VERY_LONG,,1,1853300,,"{'id': 173145, 'context': 13, 'modifiers': [{'type': 29, 'value': 36}]}"
1200425354,VERY_LONG,824900,1,,,{'id': 172407}
1200425355,VERY_LONG,,1,1853300,,"{'id': 173145, 'context': 13, 'modifiers': [{'type': 29, 'value': 36}]}"
1200425358,VERY_LONG,,1,1853300,,"{'id': 173145, 'context': 13, 'modifiers': [{'type': 29, 'value': 40}]}"
1200425359,VERY_LONG,,1,1853300,,"{'id': 173145, 'context': 13, 'modifiers': [{'type': 29, 'value': 32}]}"
1200425365,VERY_LONG,3930000000,2,,,{'id': 115526}
1200425366,VERY_LONG,145320300,1,,,{'id': 76888}
1200425368,VERY_LONG,,1,1717300,,"{'id': 20821, 'context': 0, 'bonus_lists': [6849]}"
1200425370,VERY_LONG,,1,1717300,,"{'id': 20821, 'context': 0, 'bonus_lists': [6849]}"
1200425373,VERY_LONG,500000,62,,,{'id': 173036}
1200425375,VERY_LONG,,1,28734400,,"{'id': 115989, 'context': 13, 'bonus_lists': [74, 6883]}"
1200425378,VERY_LONG,,1,2201000,,"{'id': 21933, 'context': 0, 'bonus_lists': [6851]}"
1200425382,VERY_LONG,,1,2201000,,"{'id': 21933, 'context': 0, 'bonus_lists': [6851]}"
1200425385,VERY_LONG,,1,2339000,,"{'id': 30422, 'context': 0, 'bonus_lists': [6881]}"
1200425386,VERY_LONG,,1,2339000,,"{'id': 30422, 'context': 0, 'bonus_lists': [6881]}"
1200425389,VERY_LONG,,1,4652400,,"{'id': 21768, 'context': 0, 'bonus_lists': [1708, 6883]}"
1200425393,VERY_LONG,,1,4652400,,"{'id': 21768, 'context': 0, 'bonus_lists': [1706, 6883]}"
1200425394,VERY_LONG,9499500,2,,,{'id': 52084}
1200425398,VERY_LONG,39477600,2,,,{'id': 52122}
1200425401,VERY_LONG,501500,1,,,{'id': 76552}
1200425402,VERY_LONG,15631900,1,,,{'id': 76531}
1200425405,VERY_LONG,,1,2003700,,"{'id': 29160, 'context': 0, 'bonus_lists': [6883]}"
1200425408,VERY_LONG,,1,2003700,,"{'id': 29160, 'context': 0, 'bonus_lists': [6883]}"
1200425413,VERY_LONG,,1,4440000,,"{'id': 173132, 'context': 13, 'modifiers': [{'type': 29, 'value': 40}]}"
1200425415,VERY_LONG,,1,4440000,,"{'id': 173132, 'context': 13, 'modifiers': [{'type': 29, 'value': 36}]}"
1200425419,VERY_LONG,,1,4440000,,"{'id': 173132, 'context': 13, 'modifiers': [{'type': 29, 'value': 36}]}"
1200425422,VERY_LONG,,1,6489900,,"{'id': 173134, 'context': 13, 'modifiers': [{'type': 29, 'value': 40}]}"
1200425424,VERY_LONG,,1,6489900,,"{'id': 173134, 'context': 13, 'modifiers': [{'type': 29, 'value': 36}]}"
1200425427,VERY_LONG,,1,6489900,,"{'id': 173134, 'context': 13, 'modifiers': [{'type': 29, 'value': 36}]}"
1200425428,VERY_LONG,,1,6489900,,"{'id': 173134, 'context': 13, 'modifiers': [{'type': 29, 'value': 36}]}"
1200425430,VERY_LONG,,1,2042200,,"{'id': 21767, 'context': 0, 'bonus_lists': [6880]}"
1200425432,VERY_LONG,,1,2042200,,"{'id': 21767, 'context': 0, 'bonus_lists': [6880]}"
1200425433,VERY_LONG,115640300,1,,,{'id': 76885}
1200425435,VERY_LONG,,1,2007400,,"{'id': 21934, 'context': 0, 'bonus_lists': [6849]}"
1200425439,VERY_LONG,9498900,2,,,{'id': 52102}
1200425442,VERY_LONG,,1,2500000,,"{'id': 173141, 'context': 13, 'bonus_lists': [3354]}"
1200425448,VERY_LONG,,1,8999900,,"{'id': 52306, 'context': 0, 'bonus_lists': [1700, 6844]}"
1200425452,VERY_LONG,,1,8999900,,"{'id': 52306, 'context': 0, 'bonus_lists': [1707, 6844]}"
1200425455,LONG,15000,11,,,{'id': 94288}
1200425456,VERY_LONG,6299200,2,,,{'id': 52126}
1200425459,VERY_LONG,,1,2145000,,"{'id': 30420, 'context': 0, 'bonus_lists': [6857]}"
1200425462,VERY_LONG,,1,4999900,,"{'id': 153690, 'context': 13, 'bonus_lists': [6827, 3343]}"
1200425465,VERY_LONG,9452800,1,,,{'id': 76539}
1200425467,VERY_LONG,22180500,2,,,{'id': 32203}
1200425470,VERY_LONG,,1,59527600,,"{'id': 83805, 'context': 0}"
1200425473,LONG,7501000,9,,,{'id': 32388}
1200425475,VERY_LONG,17993100,1,,,{'id': 76537}
1200425477,VERY_LONG,,1,5331300,,"{'id': 173138, 'context': 13, 'bonus_lists': [3343]}"
1200425481,VERY_LONG,,1,5331300,,"{'id': 173138, 'context': 13, 'bonus_lists': [3344]}"
1200425484,VERY_LONG,,1,5331300,,"{'id': 173138, 'context': 13, 'bonus_lists': [3345]}"
1200425486,VERY_LONG,,1,5331300,,"{'id': 173138, 'context': 13, 'bonus_lists': [3344]}"
1200425489,VERY_LONG,,1,3703400,,"{'id': 112498, 'context': 13, 'bonus_lists': [6839]}"
1200425494,VERY_LONG,,1,3703400,,"{'id': 112498, 'context': 13, 'bonus_lists': [6839]}"
1200425496,VERY_LONG,,1,1089200,,"{'id': 20907, 'context': 0, 'bonus_lists': [6851]}"
1200425500,VERY_LONG,,1,1089200,,"{'id': 20907, 'context': 0, 'bonus_lists': [6851]}"
1200425502,VERY_LONG,,1,4151200,,"{'id': 173142, 'context': 13, 'bonus_lists': [3371]}"
1200425503,VERY_LONG,33194200,1,,,{'id': 76535}
1200425505,VERY_LONG,18500400,1,,,{'id': 76532}
1200425511,VERY_LONG,500000,1,,,{'id': 76545}
1200425513,LONG,369500,3,,,{'id': 173033}
1200425514,VERY_LONG,31970000,1,,,{'id': 130216}
1200425516,VERY_LONG,,1,4789900,,"{'id': 115994, 'context': 13, 'bonus_lists': [272, 6883]}"
1200425518,VERY_LONG,39476500,1,,,{'id': 76668}
1200425520,VERY_LONG,5008900,1,,,{'id': 76688}
1200425524,VERY_LONG,5998800,2,,,{'id': 52094}
1200425525,VERY_LONG,5389900,2,,,{'id': 52082}
1200425528,VERY_LONG,,1,2500000,,"{'id': 173143, 'context': 13, 'bonus_lists': [3343]}"
1200425530,VERY_LONG,,1,2500000,,"{'id': 173143, 'context': 13, 'bonus_lists': [3344]}"
1200425533,VERY_LONG,,1,2500000,,"{'id': 173143, 'context': 13, 'bonus_lists': [3343]}"
1200425537,VERY_LONG,,1,2500000,,"{'id': 173143, 'context': 13, 'bonus_lists': [3344]}"
1200425540,VERY_LONG,,1,2500000,,"{'id': 173143, 'context': 13, 'bonus_lists': [3345]}"
1200425544,VERY_LONG,,1,3499200,,"{'id': 153687, 'context': 13, 'bonus_lists': [6827, 3363]}"
1200425547,VERY_LONG,,1,3499200,,"{'id': 153687, 'context': 13, 'bonus_lists': [6827, 3366]}"
1200425553,VERY_LONG,,1,1412100,,"{'id': 25438, 'context': 0, 'bonus_lists': [6847]}"
1200425554,VERY_LONG,2800900,2,,,{'id': 154128}
1200425556,VERY_LONG,,1,2002900,,"{'id': 30421, 'context': 0, 'bonus_lists': [6874]}"
1200425559,VERY_LONG,,1,2000400,,"{'id': 25439, 'context': 0, 'bonus_lists': [6847]}"
1200425562,VERY_LONG,,1,10210600,,"{'id': 173136, 'context': 13, 'bonus_lists': [3359]}"
1200425563,VERY_LONG,,1,10210600,,"{'id': 173136, 'context': 13, 'bonus_lists': [3355]}"
1200425564,VERY_LONG,,1,10210600,,"{'id': 173136, 'context': 13, 'bonus_lists': [3358]}"
1200425565,VERY_LONG,,1,10210600,,"{'id': 173136, 'context': 13, 'bonus_lists': [3359]}"
1200425566,VERY_LONG,,1,10210600,,"{'id': 173136, 'context': 13, 'bonus_lists': [3358]}"
1200425569,VERY_LONG,,1,10210600,,"{'id': 173136, 'context': 13, 'bonus_lists': [3358]}"
1200425571,VERY_LONG,,1,10210600,,"{'id': 173136, 'context': 13, 'bonus_lists': [3359]}"
1200425572,LONG,,1,19979800,,"{'id': 82800, 'context': 0, 'modifiers': [{'type': 6, 'value': 48878}], 'pet_breed_id': 3, 'pet_level': 1, 'pet_quality_id': 3, 'pet_species_id': 1226}"
1200425573,VERY_LONG,,1,7490400,,"{'id': 173137, 'context': 13, 'bonus_lists': [3378]}"
1200425575,VERY_LONG,,1,7490400,,"{'id': 173137, 'context': 13, 'bonus_lists': [3378]}"
1200425578,VERY_LONG,80151200,1,,,{'id': 76886}
1200425581,VERY_LONG,7599500,2,,,{'id': 52093}
1200425583,VERY_LONG,,1,12567500,,"{'id': 115995, 'context': 13, 'bonus_lists': [181, 6883]}"
1200425585,VERY_LONG,,1,12567500,,"{'id': 115995, 'context': 13, 'bonus_lists': [65, 6883]}"
1200425586,LONG,,1,7991800,,"{'id': 82800, 'context': 0, 'modifiers': [{'type': 6, 'value': 61896}], 'pet_breed_id': 6, 'pet_level': 1, 'pet_quality_id': 3, 'pet_species_id': 1632}"
1200425588,VERY_LONG,110899600,1,,,{'id': 52135}
1200425591,VERY_LONG,6499900,1,,,{'id': 52104}
1200425593,VERY_LONG,8470800,1,,,{'id': 76534}
1200425597,LONG,99990100,3,,,{'id': 32720}
1200425608,LONG,213000,1,,,{'id': 173037}
1200425619,LONG,4000,4,,,{'id': 173032}
1200425700,VERY_LONG,,1,1924900,,"{'id': 21765, 'context': 0, 'bonus_lists': [6876]}"
1200425705,VERY_LONG,,1,1924900,,"{'id': 21765, 'context': 0, 'bonus_lists': [6876]}"
1200425716,VERY_LONG,58700,1,,,{'id': 89675}
1200425728,VERY_LONG,51700,1,,,{'id': 76556}
1200425738,VERY_LONG,1225000,1,,,{'id': 76542}
1200425745,VERY_LONG,941200,1,,,{'id': 76529}
1200425753,VERY_LONG,720300,1,,,{'id': 76528}
1200425759,VERY_LONG,960400,1,,,{'id': 76527}
1200425766,VERY_LONG,3922800,1,,,{'id': 52161}
1200425784,VERY_LONG,288200,4,,,{'id': 154127}
1200425794,VERY_LONG,547200,2,,,{'id': 115807}
1200425833,LONG,1000,6,,,{'id': 30809}
1200428277,VERY_LONG,,1,2126200,,"{'id': 20955, 'context': 0, 'bonus_lists': [6861]}"
1200428279,VERY_LONG,9499500,2,,,{'id': 52087}
1200428281,VERY_LONG,,1,2008900,,"{'id': 45627, 'context': 0, 'bonus_lists': [6862]}"
1200428285,VERY_LONG,,1,37759800,,"{'id': 52492, 'context': 0, 'bonus_lists': [6849]}"
1200428287,VERY_LONG,,1,37759800,,"{'id': 52492, 'context': 0, 'bonus_lists': [6849]}"
1200428288,VERY_LONG,,1,133222000,,"{'id': 82775, 'context': 0}"
1200428290,VERY_LONG,,1,2003300,,"{'id': 20820, 'context': 0, 'bonus_lists': [6851]}"
1200428292,VERY_LONG,48862100,1,,,{'id': 52143}
1200428294,VERY_LONG,,1,34571600,,"{'id': 115988, 'context': 13, 'bonus_lists': [215, 6883]}"
1200428295,VERY_LONG,,1,34571600,,"{'id': 115988, 'context': 13, 'bonus_lists': [229, 6883]}"
1200428298,VERY_LONG,,1,2139800,,"{'id': 173133, 'context': 13, 'modifiers': [{'type': 29, 'value': 40}]}"
1200428302,VERY_LONG,,1,2139800,,"{'id': 173133, 'context': 13, 'modifiers': [{'type': 29, 'value': 40}]}"
1200428304,VERY_LONG,,1,2139800,,"{'id': 173133, 'context': 13, 'modifiers': [{'type': 29, 'value': 40}]}"
1200428305,VERY_LONG,,1,2139800,,"{'id': 173133, 'context': 13, 'modifiers': [{'type': 29, 'value': 40}]}"
1200428306,VERY_LONG,,1,4440000,,"{'id': 173132, 'context': 13, 'modifiers': [{'type': 29, 'value': 40}]}"
1200428308,VERY_LONG,,1,4440000,,"{'id': 173132, 'context': 13, 'modifiers': [{'type': 29, 'value': 40}]}"
1200428311,VERY_LONG,,1,4440000,,"{'id': 173132, 'context': 13, 'modifiers': [{'type': 29, 'value': 40}]}"
1200428312,VERY_LONG,,1,4440000,,"{'id': 173132, 'context': 13, 'modifiers': [{'type': 29, 'value': 36}]}"
1200428316,VERY_LONG,,1,4440000,,"{'id': 173132, 'context': 13, 'modifiers': [{'type': 29, 'value': 40}]}"
1200428318,VERY_LONG,,1,6489900,,"{'id': 173134, 'context': 13, 'modifiers': [{'type': 29, 'value': 36}]}"
1200428320,VERY_LONG,,1,6489900,,"{'id': 173134, 'context': 13, 'modifiers': [{'type': 29, 'value': 49}]}"
1200428322,VERY_LONG,,1,6489900,,"{'id': 173134, 'context': 13, 'modifiers': [{'type': 29, 'value': 36}]}"
1200428325,VERY_LONG,,1,6489900,,"{'id': 173134, 'context': 13, 'modifiers': [{'type': 29, 'value': 40}]}"
1200428328,VERY_LONG,,1,6489900,,"{'id': 173134, 'context': 13, 'modifiers': [{'type': 29, 'value': 36}]}"
1200428362,VERY_LONG,6860000,1,,,{'id': 76623}
1200428409,VERY_LONG,54600,1,,,{'id': 76554}
1200428419,VERY_LONG,199900,6,,,{'id': 3818}
1200428589,VERY_LONG,,1,320000000,,"{'id': 172323, 'context': 65, 'bonus_lists': [6718, 1522]}"
1200428617,VERY_LONG,181300,1,,,{'id': 89112}
1200428921,VERY_LONG,,1,8304400,,"{'id': 6567, 'context': 27, 'bonus_lists': [3830, 1692], 'modifiers': [{'type': 9, 'value': 10}]}"
1200428933,VERY_LONG,,1,24999800,,"{'id': 34827, 'context': 1}"
1200428948,VERY_LONG,15000000,5,,,{'id': 32196}
1200428957,VERY_LONG,15000000,2,,,{'id': 32194}
1200428972,VERY_LONG,,1,15000000,,"{'id': 133704, 'context': 0}"
1200429081,LONG,71800,453,,,{'id': 158187}
1200429083,LONG,650000,3,,,{'id': 53071}
1200429088,LONG,9685600,7,,,{'id': 79869}
1200429089,VERY_LONG,16509400,2,,,{'id': 172438}
1200429093,LONG,8100,6,,,{'id': 109134}
1200429095,LONG,10499800,3,,,{'id': 6373}
1200429096,LONG,3999800,1,,,{'id': 2888}
1200429099,LONG,883000,5,,,{'id': 7973}
1200430105,LONG,1609700,17,,,{'id': 21071}
1200430107,LONG,184500,390,,,{'id': 172934}
1200430110,LONG,200000,13,,,{'id': 858}
1200430112,LONG,19599600,2,,,{'id': 3824}
1200430118,LONG,36800,407,,,{'id': 172935}
1200430124,LONG,18749800,10,,,{'id': 6051}
1200430125,LONG,,1,649999800,324999900,"{'id': 161895, 'context': 13, 'bonus_lists': [1708, 4928, 5804]}"
1200430127,LONG,6200,633,,,{'id': 168650}
1200430129,LONG,3708000,1,,,{'id': 79251}
1200430131,LONG,800000,8,,,{'id': 27668}
1200430134,LONG,100000,6,,,{'id': 8169}
1200430138,LONG,1350000,924,,,{'id': 173059}
1200430140,LONG,75999800,6,,,{'id': 14342}
1200430144,LONG,,1,37443000,18721500,"{'id': 159806, 'context': 0, 'bonus_lists': [4796, 1714], 'modifiers': [{'type': 9, 'value': 50}]}"
1200430148,LONG,19900,919,,,{'id': 158378}
1200430151,LONG,2799900,1,,,{'id': 9154}
1200430156,LONG,300000,10,,,{'id': 5470}
1200430160,LONG,,1,29999900,15000000,"{'id': 6211, 'context': 1}"
1200430166,LONG,10499700,5,,,{'id': 74656}
1200430169,LONG,650000,40,,,{'id': 182737}
1200430172,LONG,6708500,10,,,{'id': 115502}
1200430176,LONG,307000,3,,,{'id': 174327}
1200430178,LONG,,1,28714400,14357200,"{'id': 24647, 'context': 0, 'bonus_lists': [6654, 1707], 'modifiers': [{'type': 9, 'value': 30}, {'type': 28, 'value': 40}]}"
1200430179,VERY_LONG,93700,1,,,{'id': 7079}
1200430180,LONG,829900,5,,,{'id': 3383}
1200430184,LONG,1839900,1,,,{'id': 29548}
1200430188,LONG,1711200,12,,,{'id': 172936}
1200430192,LONG,1999300,3,,,{'id': 23436}
1200430196,LONG,100000,15,,,{'id': 158204}
1200430199,LONG,3249800,10,,,{'id': 34749}
1200430202,LONG,640000,47,,,{'id': 173204}
1200430206,VERY_LONG,50000,17,,,{'id': 12803}
1200430208,LONG,4559000,7,,,{'id': 109220}
1200430213,LONG,11299800,20,,,{'id': 35565}
1200430215,LONG,18500,93,,,{'id': 115504}
1200430216,LONG,,1,559999800,279999900,"{'id': 161918, 'context': 13, 'bonus_lists': [1686, 4928, 5804]}"
1200430220,LONG,4700,33,,,{'id': 154897}
1200430225,LONG,7700,3,,,{'id': 124437}
1200430227,LONG,8500,1,,,{'id': 152631}
1200430232,LONG,900000,1,,,{'id': 5472}
1200430236,LONG,45800,8,,,{'id': 172046}
1200430240,LONG,160000,10,,,{'id': 22794}
1200430242,LONG,809800,3,,,{'id': 130180}
1200430245,LONG,9999000,1,,,{'id': 147868}
1200430251,LONG,,1,1206700,1088200,"{'id': 173201, 'context': 0, 'bonus_lists': [6883], 'modifiers': [{'type': 29, 'value': 49}, {'type': 30, 'value': 40}]}"
1200430255,LONG,,1,1206700,1088200,"{'id': 173201, 'context': 0, 'bonus_lists': [6883], 'modifiers': [{'type': 29, 'value': 36}, {'type': 30, 'value': 49}]}"
1200430257,VERY_LONG,28500,1,,,{'id': 7070}
1200430259,LONG,,1,1206700,1088200,"{'id': 173201, 'context': 0, 'bonus_lists': [6883], 'modifiers': [{'type': 29, 'value': 36}, {'type': 30, 'value': 40}]}"
1200430261,LONG,,1,1206700,1088200,"{'id': 173201, 'context': 0, 'bonus_lists': [6883], 'modifiers': [{'type': 29, 'value': 36}, {'type': 30, 'value': 40}]}"
1200430263,LONG,,1,1206700,1088200,"{'id': 173201, 'context': 0, 'bonus_lists': [6883], 'modifiers': [{'type': 29, 'value': 32}, {'type': 30, 'value': 49}]}"
1200430266,LONG,,1,1206700,1088200,"{'id': 173201, 'context': 0, 'bonus_lists': [6883], 'modifiers': [{'type': 29, 'value': 49}, {'type': 30, 'value': 32}]}"
1200430270,LONG,,1,1206700,1088200,"{'id': 173201, 'context': 0, 'bonus_lists': [6883], 'modifiers': [{'type': 29, 'value': 40}, {'type': 30, 'value': 49}]}"
1200430273,LONG,,1,1206700,1088200,"{'id': 173201, 'context': 0, 'bonus_lists': [6883], 'modifiers': [{'type': 29, 'value': 40}, {'type': 30, 'value': 32}]}"
1200430276,LONG,,1,1206700,1088200,"{'id': 173201, 'context': 0, 'bonus_lists': [6883], 'modifiers': [{'type': 29, 'value': 36}, {'type': 30, 'value': 40}]}"
1200430279,LONG,,1,1206700,1088200,"{'id': 173201, 'context': 0, 'bonus_lists': [6883], 'modifiers': [{'type': 29, 'value': 36}, {'type': 30, 'value': 49}]}"
1200430282,LONG,,1,1206700,1088200,"{'id': 173201, 'context': 0, 'bonus_lists': [6883], 'modifiers': [{'type': 29, 'value': 36}, {'type': 30, 'value': 40}]}"
1200430283,LONG,,1,1206700,1088200,"{'id': 173201, 'context': 0, 'bonus_lists': [6883], 'modifiers': [{'type': 29, 'value': 32}, {'type': 30, 'value': 49}]}"
1200430285,VERY_LONG,1756300,2,,,{'id': 173173}
1200430289,LONG,18500,200,,,{'id': 156930}
1200430293,LONG,900000,10,,,{'id': 85506}
1200430294,LONG,28999700,1,,,{'id': 180404}
1200430298,LONG,3100,180,,,{'id': 12365}
1200430302,LONG,5959100,12,,,{'id': 11371}
1200430306,LONG,1200,2,,,{'id': 124117}
1200430309,LONG,10999800,2,,,{'id': 152813}
1200430313,LONG,232200,10,,,{'id': 2675}
1200430316,LONG,1500,1,,,{'id': 124118}
1200430321,LONG,2750000,10,,,{'id': 132510}
1200430326,LONG,208800,22,,,{'id': 37700}
1200430330,LONG,23800,2,,,{'id': 9262}
1200430332,LONG,210326600,5,,,{'id': 19767}
1200430335,VERY_LONG,968300,13,,,{'id': 52183}
1200430338,LONG,,1,49998700,24999400,"{'id': 173054, 'context': 13, 'modifiers': [{'type': 29, 'value': 32}, {'type': 30, 'value': 40}]}"
1200430341,LONG,12999800,3,,,{'id': 27516}
1200430345,LONG,1539700,9,,,{'id': 111442}
1200430347,LONG,26499800,3,,,{'id': 172365}
1200430350,LONG,27499800,10,,,{'id': 62680}
1200430354,LONG,,1,1989900,995000,"{'id': 37858, 'context': 22, 'modifiers': [{'type': 28, 'value': 1097}]}"
1200430362,LONG,2000000,20,,,{'id': 27669}
1200430368,LONG,34999800,1,,,{'id': 39526}
1200430371,LONG,,1,11645300,5822700,"{'id': 24749, 'context': 0, 'bonus_lists': [6654, 1679], 'modifiers': [{'type': 9, 'value': 30}, {'type': 28, 'value': 40}]}"
1200430373,LONG,4649900,44,,,{'id': 29539}
1200430376,LONG,499600,6,,,{'id': 71808}
1200430379,LONG,106000,3,,,{'id': 12204}
1200430382,LONG,25927500,2,,,{'id': 23787}
1200430384,LONG,,1,152500000,76250000,"{'id': 161883, 'context': 13, 'bonus_lists': [1691, 5804]}"
1200430390,LONG,5002000,3,,,{'id': 79868}
1200430394,LONG,,1,150000,149100,"{'id': 2853, 'context': 0}"
1200430396,VERY_LONG,,1,499900,,"{'id': 17725, 'context': 11}"
1200430398,LONG,3999700,17,,,{'id': 34753}
1200430400,LONG,25499800,4,,,{'id': 81408}
1200430403,LONG,3799800,6,,,{'id': 111446}
1200430406,LONG,150000,10,,,{'id': 62783}
1200430407,LONG,19885400,5,,,{'id': 133579}
1200430409,LONG,16999700,1,,,{'id': 13442}
1200430412,LONG,1999800,5,,,{'id': 122344}
1200430413,LONG,60000,12,,,{'id': 3667}
1200430415,LONG,10000000,3,,,{'id': 38625}
1200430418,LONG,999600,3,,,{'id': 22825}
1200430420,LONG,1199700,10,,,{'id': 10560}
1200430421,LONG,149900,17,,,{'id': 15416}
1200430423,LONG,6499700,2,,,{'id': 9187}
1200430426,LONG,93700,25,,,{'id': 2840}
1200430427,VERY_LONG,45000,3,,,{'id': 124440}
1200430430,LONG,355000000,8,,,{'id': 17771}
1200430432,LONG,190000000,10,,,{'id': 166240}
1200430494,VERY_LONG,369500,8,,,{'id': 173033}
1200430505,LONG,4907600,5,,,{'id': 177962}
1200430509,VERY_LONG,213000,2,,,{'id': 173037}
1200430527,VERY_LONG,725100,3,,,{'id': 172231}
1200430558,LONG,800000,3,,,{'id': 177715}
1200430589,VERY_LONG,,1,9890000,9791100,"{'id': 71636, 'context': 0}"
1200430592,VERY_LONG,,1,9890000,9791100,"{'id': 71636, 'context': 0}"
1200430594,VERY_LONG,,1,9890000,9791100,"{'id': 71636, 'context': 0}"
1200430598,VERY_LONG,,1,9890000,9791100,"{'id': 71636, 'context': 0}"
1200430602,VERY_LONG,,1,9890000,9791100,"{'id': 71636, 'context': 0}"
1200430605,VERY_LONG,,1,9890000,9791100,"{'id': 71636, 'context': 0}"
1200430614,VERY_LONG,,1,9890000,9791100,"{'id': 71636, 'context': 0}"
1200430615,VERY_LONG,,1,52950000,,"{'id': 116690, 'context': 11}"
1200430617,VERY_LONG,150000,651,,,{'id': 114931}
1200430619,VERY_LONG,,1,750000000,,"{'id': 78251, 'context': 14, 'modifiers': [{'type': 28, 'value': 402}]}"
1200430622,VERY_LONG,,1,128381300,,"{'id': 44219, 'context': 11, 'modifiers': [{'type': 28, 'value': 391}]}"
1200430626,VERY_LONG,,1,750000000,,"{'id': 78196, 'context': 14, 'modifiers': [{'type': 28, 'value': 402}]}"
1200430628,VERY_LONG,,1,10000000,9900000,"{'id': 71637, 'context': 0}"
1200430630,VERY_LONG,,1,4949900,,"{'id': 71953, 'context': 0}"
1200430632,VERY_LONG,,1,10000000,9900000,"{'id': 71637, 'context': 0}"
1200430633,VERY_LONG,,1,10000000,9900000,"{'id': 71637, 'context': 0}"
1200430636,VERY_LONG,,1,10000000,9900000,"{'id': 71635, 'context': 0}"
1200430639,VERY_LONG,,1,10000000,9900000,"{'id': 71635, 'context': 0}"
1200430642,VERY_LONG,,1,10000000,9900000,"{'id': 71635, 'context': 0}"
1200430645,VERY_LONG,,1,10000000,9900000,"{'id': 71635, 'context': 0}"
1200430646,VERY_LONG,,1,4500000,,"{'id': 71638, 'context': 0}"
1200430649,VERY_LONG,,1,10000000,9900000,"{'id': 71635, 'context': 0}"
1200430650,VERY_LONG,,1,10000000,9900000,"{'id': 71635, 'context': 0}"
1200430651,VERY_LONG,,1,10000000,9900000,"{'id': 71635, 'context': 0}"
1200430656,VERY_LONG,,1,10000000,9900000,"{'id': 71635, 'context': 0}"
1200430659,VERY_LONG,,1,10000000,9900000,"{'id': 71635, 'context': 0}"
1200430662,VERY_LONG,,1,14300000,,"{'id': 71716, 'context': 0}"
1200430665,VERY_LONG,,1,10000000,9900000,"{'id': 71635, 'context': 0}"
1200430668,VERY_LONG,,1,10000000,9900000,"{'id': 71635, 'context': 0}"
1200430669,VERY_LONG,,1,10000000,9900000,"{'id': 71635, 'context': 0}"
1200430673,VERY_LONG,750000,472,,,{'id': 79254}
1200430676,VERY_LONG,,1,10000000,9900000,"{'id': 71715, 'context': 0}"
1200430679,VERY_LONG,,1,10000000,9900000,"{'id': 71715, 'context': 0}"
1200430681,VERY_LONG,,1,1000000,,"{'id': 71636, 'context': 0}"
1200430682,VERY_LONG,,1,10000000,9900000,"{'id': 71715, 'context': 0}"
1200430685,VERY_LONG,,1,10000000,9900000,"{'id': 71715, 'context': 0}"
1200430687,VERY_LONG,,1,1000000,,"{'id': 71636, 'context': 0}"
1200430688,LONG,2250000,1,,,{'id': 172362}
1200430690,VERY_LONG,,1,10000000,9900000,"{'id': 71715, 'context': 0}"
1200430693,VERY_LONG,,1,10000000,9900000,"{'id': 71715, 'context': 0}"
1200430694,VERY_LONG,,1,10000000,9900000,"{'id': 71715, 'context': 0}"
1200430697,VERY_LONG,,1,10000000,9900000,"{'id': 71715, 'context': 0}"
1200430700,VERY_LONG,,1,10000000,9900000,"{'id': 71715, 'context': 0}"
1200430701,VERY_LONG,,1,1000000,,"{'id': 71635, 'context': 0}"
1200430704,VERY_LONG,,1,1000000,,"{'id': 71635, 'context': 0}"
1200430707,VERY_LONG,,1,10000000,9900000,"{'id': 71715, 'context': 0}"
1200430712,VERY_LONG,,1,10000000,9900000,"{'id': 71715, 'context': 0}"
1200430714,VERY_LONG,,1,10000000,9900000,"{'id': 71715, 'context': 0}"
1200430717,VERY_LONG,,1,4949900,4900400,"{'id': 71953, 'context': 0}"
1200430720,VERY_LONG,,1,4949900,4900400,"{'id': 71953, 'context': 0}"
1200430722,VERY_LONG,,1,4949900,4900400,"{'id': 71953, 'context': 0}"
1200430724,VERY_LONG,,1,4949900,4900400,"{'id': 71953, 'context': 0}"
1200430725,VERY_LONG,,1,1500000,,"{'id': 71952, 'context': 0}"
1200430728,VERY_LONG,,1,4949900,4900400,"{'id': 71953, 'context': 0}"
1200430730,VERY_LONG,,1,4949900,4900400,"{'id': 71953, 'context': 0}"
1200430732,LONG,,1,2402900,,"{'id': 184479, 'context': 0}"
1200430734,LONG,,1,2402900,,"{'id': 184479, 'context': 0}"
1200430735,VERY_LONG,,1,4949900,4900400,"{'id': 71953, 'context': 0}"
1200430738,LONG,,1,2402900,,"{'id': 184479, 'context': 0}"
1200430739,VERY_LONG,,1,4949900,4900400,"{'id': 71953, 'context': 0}"
1200430742,LONG,,1,2402900,,"{'id': 184479, 'context': 0}"
1200430743,VERY_LONG,,1,4949900,4900400,"{'id': 71953, 'context': 0}"
1200430745,LONG,,1,2402900,,"{'id': 184479, 'context': 0}"
1200430746,VERY_LONG,,1,4949900,4900400,"{'id': 71953, 'context': 0}"
1200430749,LONG,,1,2402900,,"{'id': 184479, 'context': 0}"
1200430750,VERY_LONG,,1,4949900,4900400,"{'id': 71953, 'context': 0}"
1200430752,VERY_LONG,,1,4949900,4900400,"{'id': 71953, 'context': 0}"
1200430754,VERY_LONG,500000,280,,,{'id': 61980}
1200430757,VERY_LONG,,1,150000000,,"{'id': 141582, 'context': 25, 'bonus_lists': [6660], 'modifiers': [{'type': 9, 'value': 16}, {'type': 28, 'value': 1705}]}"
1200430759,VERY_LONG,,1,8500000,8415000,"{'id': 71952, 'context': 0}"
1200430761,VERY_LONG,79900,41,,,{'id': 33568}
1200430765,VERY_LONG,,1,8500000,8415000,"{'id': 71952, 'context': 0}"
1200430768,VERY_LONG,,1,8500000,8415000,"{'id': 71952, 'context': 0}"
1200430771,VERY_LONG,,1,8500000,8415000,"{'id': 71952, 'context': 0}"
1200430774,VERY_LONG,,1,8500000,8415000,"{'id': 71952, 'context': 0}"
1200430778,VERY_LONG,15500,9,,,{'id': 79101}
1200430780,VERY_LONG,,1,8500000,8415000,"{'id': 71952, 'context': 0}"
1200430783,VERY_LONG,,1,8500000,8415000,"{'id': 71952, 'context': 0}"
1200430784,VERY_LONG,,1,8500000,8415000,"{'id': 71952, 'context': 0}"
1200430787,VERY_LONG,,1,8500000,8415000,"{'id': 71952, 'context': 0}"
1200430791,VERY_LONG,,1,8500000,8415000,"{'id': 71952, 'context': 0}"
1200430796,VERY_LONG,,1,8500000,8415000,"{'id': 71952, 'context': 0}"
1200430800,VERY_LONG,,1,8500000,8415000,"{'id': 71952, 'context': 0}"
1200430804,VERY_LONG,1250000,45,,,{'id': 43115}
1200430806,VERY_LONG,8888800,2,,,{'id': 72163}
1200430807,VERY_LONG,,1,750000000,,"{'id': 78281, 'context': 14, 'modifiers': [{'type': 28, 'value': 402}]}"
1200430808,LONG,3604500,5,,,{'id': 172415}
1200430810,VERY_LONG,,1,172500000,,"{'id': 82800, 'context': 0, 'modifiers': [{'type': 6, 'value': 48001}], 'pet_breed_id': 3, 'pet_level': 25, 'pet_quality_id': 3, 'pet_species_id': 1202}"
1200430821,VERY_LONG,351800,6,,,{'id': 52326}
1200430855,VERY_LONG,2500000,6,,,{'id': 36922}
1200430881,VERY_LONG,,1,366329900,329696900,"{'id': 34061, 'context': 0}"
1200430885,VERY_LONG,,1,236735800,213062200,"{'id': 134125, 'context': 13, 'bonus_lists': [6839]}"
1200430888,VERY_LONG,8816100,2,,,{'id': 158377}
1200430892,VERY_LONG,,1,98780800,88902700,"{'id': 34060, 'context': 0, 'bonus_lists': [6827]}"
1200430897,LONG,511000,1,,,{'id': 169674}
1200430902,VERY_LONG,170400,8,,,{'id': 172230}
1200430903,LONG,,1,299929700,,"{'id': 171417, 'context': 65, 'bonus_lists': [6718, 1522]}"
1200430905,VERY_LONG,,1,1483049300,1408896800,"{'id': 161134, 'context': 13, 'bonus_lists': [6827]}"
1200430906,LONG,,1,299929700,,"{'id': 171417, 'context': 65, 'bonus_lists': [6718, 1522]}"
1200430907,LONG,,1,106105300,105044200,"{'id': 115525, 'context': 0}"
1200430908,LONG,,1,299929700,,"{'id': 171417, 'context': 65, 'bonus_lists': [6718, 1522]}"
1200430913,VERY_LONG,,1,54703600,49233200,"{'id': 111820, 'context': 0, 'bonus_lists': [6839]}"
1200430914,LONG,,1,299929700,,"{'id': 171417, 'context': 65, 'bonus_lists': [6718, 1522]}"
1200430917,VERY_LONG,,1,199698100,179728300,"{'id': 172924, 'context': 13}"
1200430918,LONG,,1,299929700,,"{'id': 171417, 'context': 65, 'bonus_lists': [6718, 1522]}"
1200430920,VERY_LONG,40000,5,,,{'id': 171841}
1200430922,LONG,,1,299929700,,"{'id': 171417, 'context': 65, 'bonus_lists': [6718, 1522]}"
1200430923,VERY_LONG,,1,87197300,,"{'id': 87215, 'context': 0, 'bonus_lists': [6844]}"
1200430925,LONG,,1,299929700,,"{'id': 171417, 'context': 65, 'bonus_lists': [6718, 1522]}"
1200430928,LONG,138275000,3,,,{'id': 169152}
1200430930,VERY_LONG,,1,124949600,,"{'id': 40727, 'context': 0, 'bonus_lists': [6844]}"
1200430931,LONG,,1,299929700,,"{'id': 171417, 'context': 65, 'bonus_lists': [6718, 1522]}"
1200430935,VERY_LONG,11959400,1,,,{'id': 59595}
1200430937,LONG,,1,299929700,,"{'id': 171417, 'context': 65, 'bonus_lists': [6718, 1522]}"
1200430942,LONG,,1,299929700,,"{'id': 171417, 'context': 65, 'bonus_lists': [6718, 1522]}"
1200430945,LONG,,1,299929700,,"{'id': 171417, 'context': 65, 'bonus_lists': [6718, 1522]}"
1200430948,LONG,,1,299929700,,"{'id': 171417, 'context': 65, 'bonus_lists': [6718, 1522]}"
1200430951,LONG,,1,299929700,,"{'id': 171417, 'context': 65, 'bonus_lists': [6718, 1522]}"
1200430964,LONG,750000,96,,,{'id': 111652}
1200430967,LONG,10000,82,,,{'id': 172048}
1200430969,LONG,4559000,20,,,{'id': 109220}
1200430971,LONG,4100000,11,,,{'id': 5996}
1200430974,LONG,25001500,5,,,{'id': 52303}
1200430975,LONG,1000000,10,,,{'id': 22710}
1200430976,LONG,5607200,4,,,{'id': 7392}
1200430977,LONG,27499800,13,,,{'id': 168315}
1200430978,LONG,2705400,5,,,{'id': 76083}
1200430980,LONG,100000,2,,,{'id': 15412}
1200430981,LONG,1000000,14,,,{'id': 166343}
1200430982,LONG,3399800,23,,,{'id': 74856}
1200430984,LONG,6800,110,,,{'id': 153051}
1200430986,LONG,10629400,6,,,{'id': 127991}
1200430987,LONG,30000,10,,,{'id': 138967}
1200430989,LONG,3249500,17,,,{'id': 15408}
1200430990,LONG,3195700,1,,,{'id': 43121}
1200430991,LONG,2299900,8,,,{'id': 142334}
1200430993,LONG,7799800,10,,,{'id': 111449}
1200430996,LONG,2000000,10,,,{'id': 43646}
1200430999,LONG,176400,15,,,{'id': 27682}
1200431000,LONG,13499800,1,,,{'id': 71810}
1200431003,LONG,41800,8,,,{'id': 37701}
1200431004,LONG,300000,10,,,{'id': 61980}
1200431005,LONG,254900,1,,,{'id': 3385}
1200431007,LONG,1497900,8,,,{'id': 130245}
1200431008,LONG,,1,5999900,3000000,"{'id': 24657, 'context': 0, 'bonus_lists': [6654, 1707], 'modifiers': [{'type': 9, 'value': 30}, {'type': 28, 'value': 40}]}"
1200431009,LONG,276700,54,,,{'id': 22573}
1200431011,LONG,1999900,19,,,{'id': 53065}
1200431012,LONG,1749400,16,,,{'id': 15407}
1200431015,LONG,2900000,13,,,{'id': 15410}
1200431016,LONG,780000,5,,,{'id': 23446}
1200431018,LONG,168300,54,,,{'id': 4305}
1200431020,LONG,,1,359999900,180000000,"{'id': 164691, 'context': 13, 'bonus_lists': [1684, 5804]}"
1200431021,LONG,600000,34,,,{'id': 152560}
1200431024,LONG,36700,61,,,{'id': 34056}
1200431026,LONG,4478200,4,,,{'id': 23573}
1200431027,LONG,424900,8,,,{'id': 6308}
1200431028,LONG,120400,345,,,{'id': 152544}
1200431031,LONG,7749800,3,,,{'id': 12224}
1200431033,LONG,4559600,8,,,{'id': 76084}
1200431036,LONG,50000000,20,,,{'id': 13458}
1200431038,LONG,1661600,1,,,{'id': 76079}
1200431040,LONG,228900,200,,,{'id': 165755}
1200431041,LONG,445500,6,,,{'id': 116276}
1200431045,LONG,2766900,62,,,{'id': 130175}
1200431046,LONG,6399800,8,,,{'id': 2687}
1200431048,LONG,99900,1,,,{'id': 4359}
1200431052,LONG,35262600,2,,,{'id': 64395}
1200431054,LONG,1000000,4,,,{'id': 1475}
1200431057,LONG,2400000,10,,,{'id': 13422}
1200431062,LONG,16999800,1,,,{'id': 13754}
1200431065,LONG,22999800,1,,,{'id': 71806}
1200431066,LONG,1000000,88,,,{'id': 74842}
1200431068,LONG,23000,2103,,,{'id': 167738}
1200431071,LONG,204900,7,,,{'id': 36928}
1200431073,LONG,200000,15,,,{'id': 111670}
1200431076,LONG,1250000,10,,,{'id': 43572}
1200431079,LONG,330000,54,,,{'id': 52329}
1200431081,LONG,39600,24,,,{'id': 32902}
1200431082,LONG,155000,4,,,{'id': 128500}
1200431084,LONG,41100,17,,,{'id': 152503}
1200431086,LONG,9749800,10,,,{'id': 87246}
1200431088,LONG,1999300,5,,,{'id': 10561}
1200431090,LONG,5000000,1,,,{'id': 6317}
1200431092,VERY_LONG,,1,12298900,,"{'id': 172263, 'context': 13, 'bonus_lists': [6893], 'modifiers': [{'type': 9, 'value': 60}, {'type': 28, 'value': 391}, {'type': 29, 'value': 49}, {'type': 30, 'value': 32}]}"
1200431093,LONG,9900,4,,,{'id': 111658}
1200431095,LONG,70000,10,,,{'id': 153494}
1200431097,LONG,829900,1,,,{'id': 3383}
1200431100,LONG,3999700,6,,,{'id': 23447}
1200433104,LONG,1960000,9,,,{'id': 81405}
1200433108,LONG,2599600,16,,,{'id': 116266}
1200433111,LONG,27862000,5,,,{'id': 74644}
1200433114,LONG,28000000,10,,,{'id': 22871}
1200433115,LONG,18249800,10,,,{'id': 76096}
1200433117,LONG,,1,689999800,344999900,"{'id': 164693, 'context': 13, 'bonus_lists': [1701, 5804]}"
1200433120,VERY_LONG,,1,1940000,,"{'id': 172256, 'context': 13, 'bonus_lists': [6893], 'modifiers': [{'type': 9, 'value': 56}, {'type': 28, 'value': 391}, {'type': 29, 'value': 40}, {'type': 30, 'value': 32}]}"
1200433121,LONG,2999500,6,,,{'id': 127837}
1200433123,VERY_LONG,,1,1940000,,"{'id': 172256, 'context': 13, 'bonus_lists': [6893], 'modifiers': [{'type': 9, 'value': 60}, {'type': 28, 'value': 391}, {'type': 29, 'value': 36}, {'type': 30, 'value': 49}]}"
1200433125,LONG,16499800,10,,,{'id': 4457}
1200433146,VERY_LONG,,1,1689100,,"{'id': 24641, 'context': 1, 'bonus_lists': [6654, 1708], 'modifiers': [{'type': 9, 'value': 31}, {'type': 28, 'value': 1900}]}"
1200433155,VERY_LONG,,1,11318500,,"{'id': 36013, 'context': 1, 'bonus_lists': [6654, 1677], 'modifiers': [{'type': 9, 'value': 18}, {'type': 28, 'value': 1873}]}"
1200433218,VERY_LONG,500,6,,,{'id': 171840}
1200433244,VERY_LONG,25000,195,,,{'id': 180732}
1200433272,VERY_LONG,,1,61469400,,"{'id': 79339, 'context': 0, 'bonus_lists': [6827]}"
1200433274,VERY_LONG,,1,61469400,,"{'id': 79339, 'context': 0, 'bonus_lists': [6827]}"
1200433281,VERY_LONG,8395400,1,,,{'id': 79253}
1200433300,VERY_LONG,825700,200,,,{'id': 173060}
1200433315,LONG,4907000,4,,,{'id': 177962}
1200433320,VERY_LONG,12700,1,,,{'id': 172935}
1200433325,VERY_LONG,80000,10,,,{'id': 38557}
1200433335,VERY_LONG,980800,8,,,{'id': 173071}
1200433343,VERY_LONG,30000,4,,,{'id': 75014}
1200433379,VERY_LONG,6200,410,,,{'id': 158186}
1200433380,VERY_LONG,4000,31,,,{'id': 173032}
1200433390,VERY_LONG,9700,1818,,,{'id': 109128}
1200433399,VERY_LONG,13700,30,,,{'id': 25649}
1200433418,LONG,68000,5,,,{'id': 172360}
1200433419,LONG,79900,617,,,{'id': 33568}
1200433421,LONG,1298900,4,,,{'id': 5634}
1200433423,LONG,4500,92,,,{'id': 14047}
1200433424,LONG,2748700,10,,,{'id': 8172}
1200433425,LONG,2278900,17,,,{'id': 133572}
1200433428,LONG,3248700,2,,,{'id': 15414}
1200433430,LONG,1799700,19,,,{'id': 9179}
1200433433,LONG,3249800,5,,,{'id': 24243}
1200433436,LONG,184500,343,,,{'id': 172934}
1200433440,LONG,59900,300,,,{'id': 152545}
1200433442,LONG,400000,9,,,{'id': 15992}
1200433446,LONG,10000,31,,,{'id': 12202}
1200433449,LONG,148800,12,,,{'id': 153487}
1200433453,LONG,5999900,1,,,{'id': 24272}
1200433456,LONG,59900,1200,,,{'id': 109119}
1200433458,LONG,1499300,18,,,{'id': 127840}
1200433460,LONG,45999800,3,,,{'id': 13468}
1200433463,LONG,,1,599800,527700,"{'id': 12424, 'context': 0}"
1200433467,LONG,700000,20,,,{'id': 152561}
1200433469,LONG,60000,170,,,{'id': 154885}
1200433473,LONG,2633600,1,,,{'id': 7966}
1200433475,LONG,899800,2,,,{'id': 58091}
1200433477,LONG,40000,400,,,{'id': 168303}
1200433479,LONG,100000,20,,,{'id': 158381}
1200433481,LONG,2000000,10,,,{'id': 111662}
1200433486,LONG,1947200,10,,,{'id': 133573}
1200433488,LONG,109700,320,,,{'id': 159825}
1200433489,LONG,2314600,10,,,{'id': 41810}
1200433491,LONG,299000,6,,,{'id': 12655}
1200433493,LONG,700000,80,,,{'id': 154887}
1200433497,LONG,999600,4,,,{'id': 53064}
1200433500,LONG,100000,4,,,{'id': 5635}
1200433505,LONG,1494800,10,,,{'id': 111659}
1200433510,LONG,1840000,2,,,{'id': 6888}
1200433514,LONG,3250000,10,,,{'id': 43103}
1200433517,LONG,10699800,10,,,{'id': 133566}
1200433520,LONG,96100,1,,,{'id': 33460}
1200433523,LONG,4499800,1,,,{'id': 6052}
1200433525,LONG,8999600,10,,,{'id': 13760}
1200433528,LONG,18500,2,,,{'id': 156930}
1200433532,LONG,1000000,5,,,{'id': 128499}
1200433534,LONG,770000,3,,,{'id': 2455}
1200433537,LONG,254900,15,,,{'id': 3385}
1200433541,LONG,499900,9,,,{'id': 20816}
1200433546,LONG,410000,1,,,{'id': 13467}
1200433548,LONG,650000,10,,,{'id': 133575}
1200433551,LONG,,1,49998700,24999400,"{'id': 173054, 'context': 13, 'modifiers': [{'type': 29, 'value': 32}, {'type': 30, 'value': 40}]}"
1200433553,LONG,8499700,2,,,{'id': 44328}
1200433555,LONG,,1,8499700,4249900,"{'id': 161984, 'context': 13, 'bonus_lists': [1701, 6848]}"
1200433556,LONG,400000,10,,,{'id': 43009}
1200433558,LONG,650000,63,,,{'id': 182737}
1200433561,LONG,9999900,1,,,{'id': 41266}
1200433564,LONG,380000,6,,,{'id': 172063}
1200433567,LONG,1219900,20,,,{'id': 23427}
1200433571,LONG,400000,6,,,{'id': 22645}
1200433573,LONG,1870000,3,,,{'id': 6372}
1200433576,LONG,3249700,28,,,{'id': 53063}
1200433579,LONG,700000,31,,,{'id': 53062}
1200433581,LONG,9999800,120,,,{'id': 174348}
1200433712,VERY_LONG,630000,345,,,{'id': 124669}
1200433970,LONG,5982400,10,,,{'id': 169280}
1200433973,LONG,1900,200,,,{'id': 154165}
1200433976,LONG,25021000,2,,,{'id': 180059}
1200433981,LONG,17500,26,,,{'id': 152513}
1200433986,LONG,6300000,152,,,{'id': 172439}
1200433989,LONG,4000,281,,,{'id': 173032}
1200433994,LONG,,1,639999800,319999900,"{'id': 164718, 'context': 13, 'bonus_lists': [1715, 5804]}"
1200433997,LONG,3050000,12,,,{'id': 13443}
1200434001,LONG,5399500,10,,,{'id': 4375}
1200434006,LONG,3699800,11,,,{'id': 10592}
1200434009,LONG,700000,8,,,{'id': 154887}
1200434033,LONG,228900,66,,,{'id': 165755}
1200434038,LONG,1606400,80,,,{'id': 166804}
1200434041,LONG,608600,70,,,{'id': 171292}
1200434045,LONG,1960000,1,,,{'id': 81405}
1200434049,LONG,140000,37,,,{'id': 3820}
1200434052,LONG,58800,34,,,{'id': 154882}
1200434054,LONG,10499800,5,,,{'id': 6373}
1200434059,LONG,1999600,4,,,{'id': 52982}
1200434061,LONG,330000,9,,,{'id': 111439}
1200434069,LONG,160000,57,,,{'id': 152494}
1200434072,LONG,13199700,7,,,{'id': 8951}
1200434076,LONG,1250000,20,,,{'id': 109219}
1200434078,LONG,2959200,7,,,{'id': 87872}
1200434084,LONG,3075700,16,,,{'id': 8949}
1200434089,LONG,,1,25000000,12500000,"{'id': 15940, 'context': 0, 'bonus_lists': [6655, 1705], 'modifiers': [{'type': 9, 'value': 30}, {'type': 28, 'value': 1005}]}"
1200434093,LONG,2499600,6,,,{'id': 20963}
1200434094,LONG,89800,7,,,{'id': 32905}
1200435101,LONG,20999700,2,,,{'id': 71807}
1200435104,LONG,7722600,14,,,{'id': 41803}
1200435108,LONG,2499800,14,,,{'id': 41334}
1200435114,LONG,370000000,14,,,{'id': 19768}
1200435117,LONG,7249700,1,,,{'id': 8956}
1200435121,LONG,1000000,153,,,{'id': 111664}
1200435130,LONG,1962200,16,,,{'id': 27439}
1200435135,LONG,6500,735,,,{'id': 168645}
1200435138,LONG,200000,10,,,{'id': 27681}
1200435142,LONG,3499700,6,,,{'id': 20817}
1200435148,LONG,149999800,1,,,{'id': 9088}
1200435151,LONG,650000,15,,,{'id': 133561}
1200435154,LONG,2497700,1,,,{'id': 40076}
1200435158,LONG,1701100,2,,,{'id': 6471}
1200435161,LONG,19750000,6,,,{'id': 74645}
1200435165,LONG,999600,18,,,{'id': 41807}
1200435169,LONG,11629200,5,,,{'id': 74648}
1200435172,LONG,9799800,10,,,{'id': 74647}
1200435177,LONG,999900,30,,,{'id': 159826}
1200435180,LONG,5000,20,,,{'id': 33470}
1200435185,LONG,20200,234,,,{'id': 2835}
1200435189,LONG,59900,912,,,{'id': 109119}
1200435193,LONG,6999600,10,,,{'id': 140347}
1200435197,LONG,220000,52,,,{'id': 62779}
1200435201,LONG,1499700,1,,,{'id': 13454}
1200435203,LONG,94400,12,,,{'id': 2771}
1200435211,LONG,3099800,6,,,{'id': 111441}
1200435213,LONG,890000,10,,,{'id': 6470}
1200435217,LONG,1000000,1,,,{'id': 1475}
1200435222,LONG,1000000,7,,,{'id': 2673}
1200435225,LONG,759900,12,,,{'id': 3827}
1200435231,LONG,380000,15,,,{'id': 109585}
1200435235,LONG,109700,200,,,{'id': 159825}
1200435238,LONG,200000,120,,,{'id': 168313}
1200435242,LONG,2100000,14,,,{'id': 122343}
1200435244,LONG,,1,57500000,28750000,"{'id': 161881, 'context': 13, 'bonus_lists': [1699, 4927, 5804]}"
1200435246,LONG,,1,224999900,112500000,"{'id': 152632, 'context': 13, 'bonus_lists': [4928, 6883]}"
1200435546,VERY_LONG,,1,9890000,9791100,"{'id': 71636, 'context': 0}"
1200435550,VERY_LONG,,1,9890000,9791100,"{'id': 71636, 'context': 0}"
1200435551,VERY_LONG,,1,9890000,9791100,"{'id': 71636, 'context': 0}"
1200435552,VERY_LONG,,1,9890000,9791100,"{'id': 71636, 'context': 0}"
1200435555,VERY_LONG,,1,190000000,,"{'id': 141285, 'context': 0, 'bonus_lists': [1812], 'modifiers': [{'type': 9, 'value': 40}]}"
1200435556,VERY_LONG,,1,125437100,,"{'id': 1845, 'context': 14}"
1200435557,VERY_LONG,,1,10000000,9900000,"{'id': 71637, 'context': 0}"
1200435562,VERY_LONG,,1,10000000,9900000,"{'id': 71637, 'context': 0}"
1200435564,VERY_LONG,,1,10000000,9900000,"{'id': 71637, 'context': 0}"
1200435567,VERY_LONG,,1,10000000,9900000,"{'id': 71637, 'context': 0}"
1200435570,VERY_LONG,,1,10000000,9900000,"{'id': 71637, 'context': 0}"
1200435573,VERY_LONG,,1,10000000,9900000,"{'id': 71637, 'context': 0}"
1200435577,VERY_LONG,,1,8500000,8415000,"{'id': 71952, 'context': 0}"
1200435578,VERY_LONG,,1,8500000,8415000,"{'id': 71952, 'context': 0}"
1200435579,VERY_LONG,,1,8500000,8415000,"{'id': 71952, 'context': 0}"
1200435581,VERY_LONG,,1,14050000,13909500,"{'id': 71716, 'context': 0}"
1200435585,VERY_LONG,,1,102697300,,"{'id': 87515, 'context': 0}"
1200435587,VERY_LONG,,1,443559200,,"{'id': 55318, 'context': 0, 'bonus_lists': [1686]}"
1200435591,VERY_LONG,,1,10000000,9900000,"{'id': 71638, 'context': 0}"
1200435594,VERY_LONG,,1,10000000,9900000,"{'id': 71638, 'context': 0}"
1200435598,VERY_LONG,,1,750000000,,"{'id': 78247, 'context': 14}"
1200435701,LONG,7100000,52,,,{'id': 175970}
1200435706,LONG,1900,5129,,,{'id': 154165}
1200435709,LONG,770000,4,,,{'id': 2455}
1200435714,LONG,90000,30,,,{'id': 158201}
1200435718,LONG,469900,10,,,{'id': 3486}
1200435724,LONG,2323600,4,,,{'id': 10559}
1200435727,LONG,5499700,8,,,{'id': 53067}
1200435733,LONG,43500000,4,,,{'id': 43015}
1200435735,LONG,,1,7000500,5630300,"{'id': 173220, 'context': 0, 'bonus_lists': [6893], 'modifiers': [{'type': 9, 'value': 51}, {'type': 28, 'value': 391}, {'type': 29, 'value': 32}, {'type': 30, 'value': 40}]}"
1200435740,LONG,,1,7000500,5630300,"{'id': 173220, 'context': 0, 'bonus_lists': [6893], 'modifiers': [{'type': 9, 'value': 60}, {'type': 28, 'value': 391}, {'type': 29, 'value': 32}, {'type': 30, 'value': 40}]}"
1200435743,LONG,400000,18,,,{'id': 41812}
1200435748,LONG,4999800,10,,,{'id': 126936}
1200435750,LONG,2300000,10,,,{'id': 3665}
1200435754,LONG,6500,1805,,,{'id': 168645}
1200435759,LONG,71800,600,,,{'id': 158187}
1200435765,LONG,2100000,4,,,{'id': 111668}
1200435768,LONG,6019900,39,,,{'id': 168662}
1200435770,LONG,1999700,10,,,{'id': 153662}
1200435775,LONG,3244200,10,,,{'id': 23785}
1200435781,LONG,995700,13,,,{'id': 4461}
1200435783,LONG,77500,344,,,{'id': 74849}
1200435787,LONG,149800,1,,,{'id': 5465}
1200435793,LONG,5698800,12,,,{'id': 12360}
1200435799,LONG,2250000,22,,,{'id': 9233}
1200435803,LONG,2539900,1,,,{'id': 23445}
1200435808,LONG,,1,359999800,179999900,"{'id': 161894, 'context': 13, 'bonus_lists': [1680, 4928, 5804]}"
1200435815,LONG,104999800,3,,,{'id': 13756}
1200435826,LONG,2299700,10,,,{'id': 111434}
1200435832,LONG,,1,15903300,12301600,"{'id': 173050, 'context': 13, 'modifiers': [{'type': 29, 'value': 36}, {'type': 30, 'value': 40}]}"
1200435838,LONG,60000,20,,,{'id': 154885}
1200435843,LONG,580000,306,,,{'id': 171287}
1200435849,LONG,29900,520,,,{'id': 152506}
1200435854,LONG,1100000,1,,,{'id': 74642}
1200435860,LONG,7999700,10,,,{'id': 122348}
1200435865,LONG,750000,10,,,{'id': 8365}
1200435870,LONG,869900,26,,,{'id': 929}
1200435875,LONG,19900,2000,,,{'id': 158378}
1200435879,LONG,109700,40,,,{'id': 159825}
1200435887,LONG,307000,10,,,{'id': 174327}
1200435894,LONG,17749600,1,,,{'id': 169300}
1200435902,LONG,10249700,5,,,{'id': 58487}
1200435909,LONG,5749700,5,,,{'id': 7676}
1200435912,LONG,2949700,9,,,{'id': 111454}
1200435918,LONG,6998500,4,,,{'id': 76086}
1200435924,LONG,53600,3,,,{'id': 3575}
1200435930,LONG,68568700,41,,,{'id': 168499}
1200435938,LONG,1353100,8,,,{'id': 41806}
1200435944,LONG,160300,113,,,{'id': 23425}
1200437151,VERY_LONG,,1,170000000,,"{'id': 172319, 'context': 64, 'bonus_lists': [6717, 1507]}"
1200437202,LONG,3283400,40,,,{'id': 171349}
1200437208,VERY_LONG,1009800,13,,,{'id': 171289}
1200437214,LONG,4649900,14,,,{'id': 132514}
1200437217,LONG,550000,3,,,{'id': 172414}
1200437221,LONG,2000000,56,,,{'id': 171351}
1200437226,LONG,604300,2,,,{'id': 171350}
1200437235,VERY_LONG,756400,25,,,{'id': 171288}
1200437245,VERY_LONG,1009500,6,,,{'id': 171290}
1200437256,VERY_LONG,106000,10,,,{'id': 171287}
1200437345,LONG,5000000,8,,,{'id': 172437}
1200437396,LONG,799100,3,,,{'id': 168822}
1200437415,LONG,3999900,12,,,{'id': 168825}
1200437421,LONG,114900,314,,,{'id': 168302}
1200437423,LONG,400000,16,,,{'id': 43010}
1200437425,LONG,5800,286,,,{'id': 171840}
1200437428,LONG,3329800,1,,,{'id': 54849}
1200437431,LONG,3499900,15,,,{'id': 13447}
1200437434,LONG,445500,40,,,{'id': 116276}
1200437437,LONG,3249700,39,,,{'id': 13758}
1200437441,LONG,919300,8,,,{'id': 4231}
1200437443,LONG,,1,909700,791400,"{'id': 10421, 'context': 0}"
1200437447,LONG,59000,10,,,{'id': 12206}
1200437450,LONG,98000,3,,,{'id': 24479}
1200437453,LONG,409900,2,,,{'id': 180058}
1200437459,LONG,1100000,20,,,{'id': 22202}
1200437464,LONG,3399800,6,,,{'id': 74856}
1200437467,LONG,5249800,10,,,{'id': 52340}
1200437471,LONG,,1,350009600,290720300,"{'id': 182982, 'context': 4, 'bonus_lists': [7186, 6652, 7194, 1459, 6646], 'modifiers': [{'type': 28, 'value': 750}]}"
1200437472,LONG,8005400,42,,,{'id': 168828}
1200437474,LONG,6800,1077,,,{'id': 153051}
1200437484,LONG,8499800,10,,,{'id': 41814}
1200437495,LONG,3649800,4,,,{'id': 111437}
1200437499,LONG,750000,10,,,{'id': 39342}
1200437507,LONG,,1,19370200,9685100,"{'id': 161897, 'context': 13, 'bonus_lists': [1682, 4928, 5804]}"
1200437512,LONG,946400,4,,,{'id': 172903}
1200437519,LONG,3300,1501,,,{'id': 152542}
1200437528,LONG,16500,14,,,{'id': 31671}
1200437535,LONG,6399800,2,,,{'id': 2687}
1200437538,LONG,19999700,10,,,{'id': 58085}
1200437552,LONG,,1,49899900,24950000,"{'id': 164690, 'context': 13, 'bonus_lists': [1705, 5804]}"
1200437567,LONG,1900,2000,,,{'id': 154165}
1200437578,LONG,17500,1240,,,{'id': 152513}
1200437591,LONG,862500,7,,,{'id': 76085}
1200437601,LONG,99900,12,,,{'id': 4359}
1200437604,LONG,106000,5,,,{'id': 12204}
1200437611,LONG,113999700,2,,,{'id': 152615}
1200437621,LONG,49999800,80,,,{'id': 168489}
1200437633,LONG,22600,477,,,{'id': 174353}
1200437642,LONG,21999800,4,,,{'id': 111457}
1200437651,LONG,200000,50,,,{'id': 858}
1200437663,LONG,40000,10,,,{'id': 5784}
1200437665,VERY_LONG,1509300,4,,,{'id': 171266}
1200437672,LONG,1000000,41,,,{'id': 72094}
1200437673,LONG,50100,16,,,{'id': 158188}
1200437681,LONG,4199300,8,,,{'id': 46379}
1200437686,LONG,54000,44,,,{'id': 179315}
1200437692,LONG,250000,109,,,{'id': 12644}
1200437698,LONG,499600,11,,,{'id': 6361}
1200437701,LONG,1749700,7,,,{'id': 27437}
1200437707,LONG,200000,3,,,{'id': 62780}
1200437717,LONG,2750000,10,,,{'id': 87242}
1200437719,LONG,22999800,5,,,{'id': 87244}
1200437727,LONG,1989600,45,,,{'id': 109155}
1200437732,LONG,500000,10,,,{'id': 6362}
1200437734,LONG,45000,231,,,{'id': 3478}
1200437744,LONG,,1,89000000,44500000,"{'id': 165744, 'context': 11}"
1200437751,LONG,7999700,5,,,{'id': 127846}
1200437758,LONG,90000,110,,,{'id': 22448}
1200437763,LONG,109700,73,,,{'id': 159825}
1200437764,LONG,999900,10,,,{'id': 57192}
1200437767,LONG,709800,5,,,{'id': 151721}
1200437770,LONG,,1,49998700,24999400,"{'id': 173054, 'context': 13, 'modifiers': [{'type': 29, 'value': 32}, {'type': 30, 'value': 36}]}"
1200437774,LONG,2500000,2,,,{'id': 58090}
1200437777,LONG,4941800,5,,,{'id': 79255}
1200437778,LONG,400000,4,,,{'id': 5469}
1200437908,VERY_LONG,725000,4,,,{'id': 172231}
1200437919,VERY_LONG,369500,45,,,{'id': 173033}
1200437932,VERY_LONG,11000,24,,,{'id': 152576}
1200437965,VERY_LONG,224900,1,,,{'id': 173037}
1200439197,LONG,4016700,1,,,{'id': 127839}
1200439206,LONG,500000,5,,,{'id': 6303}
1200439221,LONG,54999800,4,,,{'id': 74853}
1200439232,LONG,1199700,86,,,{'id': 130176}
1200439237,LONG,1089700,1,,,{'id': 3239}
1200439248,LONG,3508900,9,,,{'id': 127850}
1200439259,LONG,2999700,10,,,{'id': 65365}
1200439269,LONG,759900,2,,,{'id': 3827}
1200439274,LONG,57000000,8,,,{'id': 6048}
1200439282,LONG,150000,26,,,{'id': 2862}
1200439291,LONG,800000,10,,,{'id': 87230}
1200439298,LONG,640000,10,,,{'id': 28100}
1200439311,LONG,3999800,10,,,{'id': 63127}
1200439321,LONG,5800,2200,,,{'id': 171840}
1200439323,LONG,1370000,3,,,{'id': 2679}
1200439334,LONG,6499800,1,,,{'id': 3388}
1200439343,LONG,2899700,21,,,{'id': 111438}
1200439351,LONG,1400000,11,,,{'id': 109221}
1200439361,LONG,9749800,10,,,{'id': 22823}
1200439364,LONG,990000,10,,,{'id': 127836}
1200439371,LONG,999900,5,,,{'id': 67415}
1200439379,LONG,100000,20,,,{'id': 158381}
1200439390,LONG,1330100,10,,,{'id': 111650}
1200439399,LONG,440000,120,,,{'id': 154884}
1200439405,LONG,335800,79,,,{'id': 36905}
1200439416,LONG,21249800,5,,,{'id': 43492}
1200439419,LONG,1750000,1,,,{'id': 24476}
1200439429,LONG,3999700,57,,,{'id': 127844}
1200439438,LONG,1900,1400,,,{'id': 154165}
1200439446,LONG,1840000,1,,,{'id': 6888}
1200439453,LONG,10999700,40,,,{'id': 15417}
1200439458,LONG,,1,429999800,214999900,"{'id': 164692, 'context': 13, 'bonus_lists': [1706, 5804]}"
1200439463,LONG,7399800,10,,,{'id': 39334}
1200439470,LONG,3559800,8,,,{'id': 58145}
1200439481,LONG,350000,3,,,{'id': 31670}
1200439488,LONG,1999900,1,,,{'id': 23440}
1200439491,LONG,49999800,124,,,{'id': 168489}
1200439504,LONG,6059500,10,,,{'id': 4236}
1200439512,LONG,54000,1,,,{'id': 179315}
1200439519,LONG,50000000,1,,,{'id': 13458}
1200439527,LONG,500000,64,,,{'id': 3928}
1200439533,LONG,8499700,2,,,{'id': 44328}
1200439562,LONG,,1,790000000,,"{'id': 182978, 'context': 4, 'bonus_lists': [7186, 6652, 7194, 1459, 6646], 'modifiers': [{'type': 28, 'value': 750}]}"
1200439575,LONG,500000,2,,,{'id': 43571}
1200439578,LONG,40000,397,,,{'id': 168303}
1200439583,LONG,38900,2,,,{'id': 111665}
1200439586,LONG,187500000,18,,,{'id': 118565}
1200439590,LONG,111000,10,,,{'id': 12804}
1200439624,LONG,18500,3,,,{'id': 115504}
1200439627,LONG,1720700,8,,,{'id': 153661}
1200439634,LONG,2999500,13,,,{'id': 2886}
1200439637,LONG,2040000,9,,,{'id': 81406}
1200439640,LONG,1800000,7,,,{'id': 27438}
1200439642,LONG,7499700,5,,,{'id': 151608}
1200439646,VERY_LONG,4600000,9,,,{'id': 132514}
1200439647,LONG,749800,1,,,{'id': 75038}
1200439651,LONG,1300000,10,,,{'id': 27429}
1200439654,LONG,199000,17,,,{'id': 22577}
1200439669,LONG,2000000,2,,,{'id': 7286}
1200439679,LONG,2900000,41,,,{'id': 168193}
1200439689,LONG,38999800,10,,,{'id': 33874}
1200439694,LONG,10629400,4,,,{'id': 127991}
1200439701,LONG,23000000,10,,,{'id': 87232}
1200439709,LONG,488600,1,,,{'id': 6533}
1200439718,LONG,41323900,1,,,{'id': 42225}
1200439727,VERY_LONG,,1,3343400,,"{'id': 176785, 'context': 0, 'bonus_lists': [6907, 6652, 7194, 1700], 'modifiers': [{'type': 9, 'value': 60}, {'type': 28, 'value': 1707}]}"
1200439734,LONG,500000,26,,,{'id': 52987}
1200439737,LONG,35262600,8,,,{'id': 64395}
1200439748,VERY_LONG,,1,99990000,,"{'id': 176777, 'context': 0, 'bonus_lists': [6907, 6652, 1684], 'modifiers': [{'type': 9, 'value': 60}, {'type': 28, 'value': 1707}]}"
1200439750,LONG,9992100,42,,,{'id': 9172}
1200439761,LONG,1437200,1,,,{'id': 74848}
1200439765,VERY_LONG,,1,5385400,,"{'id': 55663, 'context': 2, 'bonus_lists': [6654, 1692], 'modifiers': [{'type': 9, 'value': 35}, {'type': 28, 'value': 1114}]}"
1200439787,VERY_LONG,,1,984000,,"{'id': 175547, 'context': 0, 'bonus_lists': [6907, 1717], 'modifiers': [{'type': 9, 'value': 60}, {'type': 28, 'value': 1707}]}"
1200439803,LONG,530000,8,,,{'id': 171315}
1200439807,VERY_LONG,,1,1239300,,"{'id': 176774, 'context': 1, 'bonus_lists': [6907, 6652, 7194, 1715], 'modifiers': [{'type': 9, 'value': 60}, {'type': 28, 'value': 747}]}"
1200439818,VERY_LONG,,1,2750000,,"{'id': 176962, 'context': 0, 'bonus_lists': [6907, 6652, 1707], 'modifiers': [{'type': 9, 'value': 60}, {'type': 28, 'value': 2060}]}"
1200439823,VERY_LONG,,1,300008900,,"{'id': 12720, 'context': 0, 'modifiers': [{'type': 28, 'value': 1005}]}"
1200439833,VERY_LONG,560000,6,,,{'id': 173034}
1200439844,VERY_LONG,500,1,,,{'id': 7077}
1200439858,VERY_LONG,530000,2,,,{'id': 171315}
1200439860,LONG,500,4,,,{'id': 171840}
1200439863,VERY_LONG,10000800,1,,,{'id': 173082}
1200439870,VERY_LONG,,1,799900,,"{'id': 176802, 'context': 0, 'bonus_lists': [6908, 6652, 1709], 'modifiers': [{'type': 9, 'value': 60}, {'type': 28, 'value': 1707}]}"
1200439875,VERY_LONG,980800,1,,,{'id': 173071}
1200439883,VERY_LONG,,1,4007000,,"{'id': 177784, 'context': 0, 'bonus_lists': [6907, 6652, 1691], 'modifiers': [{'type': 9, 'value': 60}, {'type': 28, 'value': 1707}]}"
1200439907,VERY_LONG,40000000,1,,,{'id': 173067}
1200439917,VERY_LONG,,1,4288375500,,"{'id': 154860, 'context': 0, 'bonus_lists': [6654, 1695], 'modifiers': [{'type': 9, 'value': 50}, {'type': 28, 'value': 187}]}"
1200439956,VERY_LONG,369500,6,,,{'id': 173033}
1200439959,VERY_LONG,,1,249949800,,"{'id': 173087, 'context': 13}"
1200439986,VERY_LONG,2000000,2,,,{'id': 173086}
1200439995,VERY_LONG,500000,6,,,{'id': 173036}
1200440001,VERY_LONG,4892400,1,,,{'id': 173076}
1200440006,VERY_LONG,11000,2,,,{'id': 7067}
1200440018,VERY_LONG,,1,5798500,,"{'id': 159802, 'context': 0, 'bonus_lists': [6655, 1677], 'modifiers': [{'type': 9, 'value': 50}, {'type': 28, 'value': 187}]}"
1200440032,VERY_LONG,,1,99990000,,"{'id': 176777, 'context': 0, 'bonus_lists': [6907, 6652, 1676], 'modifiers': [{'type': 9, 'value': 60}, {'type': 28, 'value': 1707}]}"
1200440041,VERY_LONG,2950000,1,,,{'id': 173083}
1200440054,VERY_LONG,,1,3123500,,"{'id': 176792, 'context': 0, 'bonus_lists': [6907, 6652, 7194, 1679], 'modifiers': [{'type': 9, 'value': 60}, {'type': 28, 'value': 2060}]}"
1200440074,VERY_LONG,,1,480000,,"{'id': 176795, 'context': 0, 'bonus_lists': [6908, 6652, 1716], 'modifiers': [{'type': 9, 'value': 60}, {'type': 28, 'value': 1707}]}"
1200440087,VERY_LONG,502000,1,,,{'id': 173080}
1200440092,VERY_LONG,,1,2002100,,"{'id': 176981, 'context': 0, 'bonus_lists': [6907, 6652, 1689], 'modifiers': [{'type': 9, 'value': 60}, {'type': 28, 'value': 1707}]}"
1200442105,VERY_LONG,,1,4756900,,"{'id': 176963, 'context': 0, 'bonus_lists': [6907, 6652, 1714], 'modifiers': [{'type': 9, 'value': 60}, {'type': 28, 'value': 1707}]}"
1200442116,VERY_LONG,,1,9007000,,"{'id': 81972, 'context': 22, 'bonus_lists': [6654, 1692], 'modifiers': [{'type': 9, 'value': 35}, {'type': 28, 'value': 1126}]}"
1200442129,VERY_LONG,,1,990000,,"{'id': 177802, 'context': 2, 'bonus_lists': [6908, 6652, 1711], 'modifiers': [{'type': 9, 'value': 60}, {'type': 28, 'value': 748}]}"
1200442145,VERY_LONG,,1,1000000,,"{'id': 179329, 'context': 0, 'bonus_lists': [6908, 6652, 1681], 'modifiers': [{'type': 9, 'value': 60}, {'type': 28, 'value': 2060}]}"
1200442166,VERY_LONG,,1,45000000,,"{'id': 176775, 'context': 0, 'bonus_lists': [6907, 6652, 7194, 1717], 'modifiers': [{'type': 9, 'value': 60}, {'type': 28, 'value': 1707}]}"
1200442312,LONG,497000,2,,,{'id': 170554}
1200442317,LONG,150000,1,,,{'id': 36923}
1200442320,LONG,35499800,7,,,{'id': 13888}
1200442326,LONG,450000,30,,,{'id': 5525}
1200442330,LONG,409800,290,,,{'id': 109139}
1200442333,VERY_LONG,,1,121400,,"{'id': 165740, 'context': 11, 'modifiers': [{'type': 28, 'value': 391}]}"
1200442335,LONG,3399800,7,,,{'id': 153668}
1200442339,LONG,603600,4,,,{'id': 4382}
1200442345,LONG,300000,14,,,{'id': 154889}
1200442349,LONG,2000000,6,,,{'id': 27636}
1200442353,LONG,2599800,15,,,{'id': 41511}
1200442355,VERY_LONG,25200,19,,,{'id': 72988}
1200442357,LONG,3300,1200,,,{'id': 152542}
1200442360,LONG,10000,48,,,{'id': 1710}
1200442363,LONG,1800000,60,,,{'id': 174351}
1200442366,LONG,9999800,67,,,{'id': 174348}
1200442368,LONG,5500000,4,,,{'id': 111458}
1200442370,VERY_LONG,25000,3,,,{'id': 152494}
1200442371,LONG,30000,1000,,,{'id': 153669}
1200442372,VERY_LONG,,1,15000000,,"{'id': 176988, 'context': 0, 'bonus_lists': [6907, 6652, 7194, 1702], 'modifiers': [{'type': 9, 'value': 60}, {'type': 28, 'value': 1707}]}"
1200442382,LONG,23999800,10,,,{'id': 129285}
1200442386,VERY_LONG,333000,6,,,{'id': 74247}
1200442387,VERY_LONG,,1,3500100,,"{'id': 180793, 'context': 0, 'bonus_lists': [6908, 6652, 1695], 'modifiers': [{'type': 9, 'value': 60}, {'type': 28, 'value': 1707}]}"
1200442393,LONG,1829300,10,,,{'id': 27435}
1200442403,LONG,108999800,3,,,{'id': 31079}
1200442405,VERY_LONG,,1,3699700,,"{'id': 16828, 'context': 0, 'modifiers': [{'type': 28, 'value': 1004}]}"
1200442409,VERY_LONG,140000,4,,,{'id': 36904}
1200442413,LONG,1130000,49,,,{'id': 2456}
1200442421,LONG,670000,9,,,{'id': 111444}
1200442422,VERY_LONG,,1,45000000,,"{'id': 176775, 'context': 0, 'bonus_lists': [6907, 6652, 6935, 1687], 'modifiers': [{'type': 9, 'value': 60}, {'type': 28, 'value': 2060}]}"
1200442423,LONG,58800,320,,,{'id': 154882}
1200442425,VERY_LONG,700000,3,,,{'id': 36901}
1200442435,LONG,7353400,2,,,{'id': 153646}
1200442444,VERY_LONG,37000,1,,,{'id': 17011}
1200442445,VERY_LONG,560000,50,,,{'id': 173034}
1200442448,LONG,12000,45,,,{'id': 162515}
1200442462,LONG,198000,12,,,{'id': 5466}
1200442467,VERY_LONG,18000,20,,,{'id': 39520}
1200442472,VERY_LONG,400,15,,,{'id': 7075}
1200442477,LONG,1250000,38,,,{'id': 109219}
1200442480,LONG,850000,7,,,{'id': 15419}
1200442485,VERY_LONG,2400,2,,,{'id': 71998}
1200442491,LONG,2800000,42,,,{'id': 142406}
1200442499,LONG,13200000,5,,,{'id': 75016}
1200442511,LONG,899000,17,,,{'id': 22452}
1200442513,VERY_LONG,,1,499900,,"{'id': 72007, 'context': 0, 'modifiers': [{'type': 28, 'value': 1030}]}"
1200442522,LONG,1899300,6,,,{'id': 76076}
1200442525,LONG,140000,105,,,{'id': 124112}
1200442537,VERY_LONG,20800,1,,,{'id': 17010}
1200442539,LONG,1000000,1,,,{'id': 159791}
1200442540,VERY_LONG,,1,49994500,,"{'id': 124150, 'context': 6, 'bonus_lists': [1799, 1473], 'modifiers': [{'type': 28, 'value': 2019}]}"
1200442552,LONG,100000,20,,,{'id': 158204}
1200442565,LONG,2100000,19,,,{'id': 111668}
1200442574,LONG,1998700,10,,,{'id': 22788}
1200442575,LONG,103300,10,,,{'id': 8165}
1200442584,VERY_LONG,10000,16,,,{'id': 74250}
1200442585,LONG,1699700,9,,,{'id': 28103}
1200442589,LONG,968300,202,,,{'id': 52183}
1200442595,LONG,300000,16,,,{'id': 111674}
1200442596,VERY_LONG,75500,1,,,{'id': 74248}
1200442604,LONG,140000,51,,,{'id': 36904}
1200442606,LONG,71800,338,,,{'id': 158187}
1200442611,LONG,410000,47,,,{'id': 13467}
1200442612,VERY_LONG,89900,200,,,{'id': 4470}
1200442618,LONG,9999800,9,,,{'id': 36784}
1200442622,LONG,500000,13,,,{'id': 40199}
1200442624,VERY_LONG,400,2,,,{'id': 12037}
1200442627,LONG,12700,836,,,{'id': 172935}
1200442633,LONG,3999500,25,,,{'id': 23559}
1200442636,LONG,440000,95,,,{'id': 154884}
1200442641,LONG,24499800,11,,,{'id': 13757}
1200442653,LONG,1999800,10,,,{'id': 23676}
1200442655,VERY_LONG,25000,111,,,{'id': 180732}
1200442660,LONG,52999800,10,,,{'id': 41800}
1200442673,VERY_LONG,148800,2,,,{'id': 153487}
1200442690,VERY_LONG,860000,1,,,{'id': 36903}
1200442971,LONG,700000,320,,,{'id': 154887}
1200442973,LONG,2800000,2,,,{'id': 23077}
1200442975,LONG,959700,9,,,{'id': 109226}
1200442979,LONG,10000,260,,,{'id': 172048}
1200442983,LONG,54000,18,,,{'id': 179315}
1200442985,LONG,54999800,1,,,{'id': 35128}
1200442987,LONG,2220000,60,,,{'id': 168663}
1200442990,LONG,1000000,10,,,{'id': 27422}
1200442991,LONG,200000,67,,,{'id': 168313}
1200442993,LONG,5899800,4,,,{'id': 3389}
1200443000,LONG,50000000,20,,,{'id': 13458}
1200443001,LONG,67499800,1,,,{'id': 9155}
1200443003,LONG,380000,40,,,{'id': 124461}
1200443006,LONG,1800000,367,,,{'id': 174351}
1200443011,LONG,,1,55999900,28000000,"{'id': 152634, 'context': 13, 'bonus_lists': [6849]}"
1200443013,LONG,550000,4,,,{'id': 5500}
1200443014,LONG,450000,6,,,{'id': 11370}
1200443015,LONG,19250000,4,,,{'id': 43488}
1200444136,VERY_LONG,,1,3999990000,3599991000,"{'id': 18518, 'context': 0}"
1200444291,VERY_LONG,6500,5,,,{'id': 180430}
1200444313,VERY_LONG,42000,4,,,{'id': 173859}
1200444350,VERY_LONG,659300,1,,,{'id': 171269}
1200444370,VERY_LONG,8500,18,,,{'id': 152631}
1200444384,VERY_LONG,381200,4,,,{'id': 171285}
1200444403,VERY_LONG,,1,3200500,,"{'id': 4561, 'context': 0, 'modifiers': [{'type': 28, 'value': 72}]}"
1200444419,VERY_LONG,3078400,5,,,{'id': 171273}
1200444432,VERY_LONG,,1,770900,,"{'id': 727, 'context': 0, 'modifiers': [{'type': 28, 'value': 72}]}"
1200444433,VERY_LONG,3244200,1,,,{'id': 23785}
1200444446,VERY_LONG,,1,10210600,,"{'id': 173136, 'context': 13, 'bonus_lists': [3360]}"
1200444449,VERY_LONG,,1,10210600,,"{'id': 173136, 'context': 13, 'bonus_lists': [3360]}"
1200444450,VERY_LONG,589800,2,,,{'id': 172049}
1200444453,VERY_LONG,,1,10210600,,"{'id': 173136, 'context': 13, 'bonus_lists': [3358]}"
1200444459,VERY_LONG,,1,10210600,,"{'id': 173136, 'context': 13, 'bonus_lists': [3359]}"
1200444481,VERY_LONG,167400,45,,,{'id': 172044}
1200444485,VERY_LONG,,1,1000300,,"{'id': 68756, 'context': 0, 'bonus_lists': [6654], 'modifiers': [{'type': 9, 'value': 10}, {'type': 28, 'value': 72}]}"
1200444514,VERY_LONG,59800,1,,,{'id': 154164}
1200444525,VERY_LONG,1900,1,,,{'id': 154165}
1200444532,VERY_LONG,11000,6,,,{'id': 152576}
1200444533,VERY_LONG,210900,6,,,{'id': 173037}
1200444546,VERY_LONG,49800,1,,,{'id': 2318}
1200444552,LONG,4907000,4,,,{'id': 177962}
1200444568,VERY_LONG,365900,20,,,{'id': 173033}
1200444571,LONG,8220000,2,,,{'id': 172370}
1200444581,VERY_LONG,554400,47,,,{'id': 173034}
1200444582,LONG,4750000,2,,,{'id': 172408}
1200444597,LONG,,1,196000000,,"{'id': 82800, 'context': 0, 'modifiers': [{'type': 6, 'value': 97091}], 'pet_breed_id': 3, 'pet_level': 1, 'pet_quality_id': 2, 'pet_species_id': 3040}"
1200444599,VERY_LONG,495000,9,,,{'id': 173036}
1200444611,LONG,3604500,3,,,{'id': 172415}
1200444689,VERY_LONG,717800,21,,,{'id': 172231}
1200444742,VERY_LONG,100,10,,,{'id': 3371}
1200444743,VERY_LONG,19200,1,,,{'id': 62781}
1200444758,VERY_LONG,159800,2,,,{'id': 62784}
1200444833,VERY_LONG,,1,1765300,,"{'id': 82800, 'context': 0, 'modifiers': [{'type': 6, 'value': 4615}], 'pet_breed_id': 17, 'pet_level': 1, 'pet_quality_id': 2, 'pet_species_id': 68}"
1200444844,LONG,9500,26,,,{'id': 21882}
1200444845,VERY_LONG,8322500,2,,,{'id': 173171}
1200444852,VERY_LONG,,1,5763900,,"{'id': 82800, 'context': 0, 'modifiers': [{'type': 6, 'value': 5586}], 'pet_breed_id': 4, 'pet_level': 1, 'pet_quality_id': 2, 'pet_species_id': 41}"
1200444861,VERY_LONG,5659800,1,,,{'id': 173170}
1200444873,VERY_LONG,,1,2751200,,"{'id': 82800, 'context': 0, 'modifiers': [{'type': 6, 'value': 5555}], 'pet_breed_id': 3, 'pet_level': 1, 'pet_quality_id': 2, 'pet_species_id': 45}"
1200444892,VERY_LONG,38000,2,,,{'id': 52178}
1200444900,VERY_LONG,,1,3760100,,"{'id': 82800, 'context': 0, 'modifiers': [{'type': 6, 'value': 5554}], 'pet_breed_id': 3, 'pet_level': 1, 'pet_quality_id': 2, 'pet_species_id': 43}"
1200444912,VERY_LONG,,1,3760100,,"{'id': 82800, 'context': 0, 'modifiers': [{'type': 6, 'value': 5554}], 'pet_breed_id': 13, 'pet_level': 1, 'pet_quality_id': 2, 'pet_species_id': 43}"
1200444913,VERY_LONG,90100,16,,,{'id': 53010}
1200444934,VERY_LONG,20000,29,,,{'id': 52976}
1200444981,VERY_LONG,1999600,12,,,{'id': 52982}
1200445029,VERY_LONG,2900,14,,,{'id': 5503}
1200445051,VERY_LONG,470000,2,,,{'id': 52180}
1200445078,VERY_LONG,70000,2,,,{'id': 62778}
1200447111,VERY_LONG,165000,12,,,{'id': 171831}
1200447195,VERY_LONG,154900,14,,,{'id': 52327}
1200447233,LONG,,1,28000000,14000000,"{'id': 6608, 'context': 53, 'bonus_lists': [4277], 'modifiers': [{'type': 9, 'value': 24}]}"
1200447234,LONG,,1,49979600,24989800,"{'id': 14374, 'context': 28, 'bonus_lists': [3831], 'modifiers': [{'type': 9, 'value': 11}]}"
1200447236,LONG,,1,24525000,23576900,"{'id': 7090, 'context': 0}"
1200447239,LONG,,1,12500000,6250000,"{'id': 14584, 'context': 42, 'bonus_lists': [3836], 'modifiers': [{'type': 9, 'value': 20}]}"
1200447242,LONG,,1,16000000,8000000,"{'id': 8144, 'context': 54, 'bonus_lists': [4277], 'modifiers': [{'type': 9, 'value': 50}]}"
1200447245,LONG,,1,99999800,49999900,"{'id': 24197, 'context': 1}"
1200447249,LONG,,1,98999800,49499900,"{'id': 3866, 'context': 0}"
1200447250,LONG,,1,39000000,19500000,"{'id': 106447, 'context': 29, 'bonus_lists': [3854, 196], 'modifiers': [{'type': 9, 'value': 45}]}"
1200447252,LONG,,1,10847900,5424000,"{'id': 2969, 'context': 1}"
1200447253,LONG,,1,49994400,31066800,"{'id': 124150, 'context': 6, 'bonus_lists': [1799, 1473]}"
1200447254,LONG,,1,56000000,28000000,"{'id': 9884, 'context': 1, 'bonus_lists': [6654, 1695], 'modifiers': [{'type': 9, 'value': 30}, {'type': 28, 'value': 212}]}"
1200447257,LONG,,1,36000000,18000000,"{'id': 106491, 'context': 0, 'bonus_lists': [107]}"
1200447258,LONG,,1,120000000,60000000,"{'id': 8028, 'context': 0}"
1200447261,LONG,,1,11070900,5535500,"{'id': 9852, 'context': 37, 'bonus_lists': [1691, 3835], 'modifiers': [{'type': 9, 'value': 19}]}"
1200447263,LONG,,1,33330100,21177300,"{'id': 6511, 'context': 27, 'bonus_lists': [3830], 'modifiers': [{'type': 9, 'value': 9}]}"
1200447264,LONG,,1,29000000,14500000,"{'id': 14512, 'context': 1}"
1200447266,LONG,,1,999700,602500,"{'id': 82800, 'context': 0, 'modifiers': [{'type': 6, 'value': 99898}], 'pet_breed_id': 9, 'pet_level': 1, 'pet_quality_id': 2, 'pet_species_id': 2908}"
1200447267,LONG,,1,999700,602500,"{'id': 82800, 'context': 0, 'modifiers': [{'type': 6, 'value': 99898}], 'pet_breed_id': 9, 'pet_level': 1, 'pet_quality_id': 2, 'pet_species_id': 2908}"
1200447270,LONG,,1,17000000,8500000,"{'id': 24975, 'context': 28, 'bonus_lists': [1705, 3840], 'modifiers': [{'type': 9, 'value': 43}]}"
1200447272,LONG,,1,12539700,6269900,"{'id': 15381, 'context': 54, 'bonus_lists': [1677, 4277], 'modifiers': [{'type': 9, 'value': 45}]}"
1200447276,LONG,,1,20499900,11625700,"{'id': 8143, 'context': 54, 'bonus_lists': [4277], 'modifiers': [{'type': 9, 'value': 43}]}"
1200447281,LONG,,1,15070600,7535300,"{'id': 15593, 'context': 1, 'bonus_lists': [6654, 1709], 'modifiers': [{'type': 9, 'value': 30}, {'type': 28, 'value': 209}]}"
1200447284,LONG,,1,48081400,24040700,"{'id': 87443, 'context': 36, 'bonus_lists': [4760], 'modifiers': [{'type': 9, 'value': 45}]}"
1200447285,LONG,,1,63000000,31500000,"{'id': 37764, 'context': 36, 'bonus_lists': [3912], 'modifiers': [{'type': 9, 'value': 40}]}"
1200447288,LONG,,1,8631800,4315900,"{'id': 10181, 'context': 53, 'bonus_lists': [1695, 4277], 'modifiers': [{'type': 9, 'value': 23}]}"
1200447291,LONG,,1,258503300,129251700,"{'id': 87506, 'context': 0}"
1200447292,LONG,,1,22500000,11250000,"{'id': 15367, 'context': 0, 'bonus_lists': [6655, 1706], 'modifiers': [{'type': 9, 'value': 30}, {'type': 28, 'value': 22}]}"
1200447294,LONG,,1,199999900,100000000,"{'id': 141573, 'context': 26, 'bonus_lists': [41, 1472, 3528, 3431], 'modifiers': [{'type': 28, 'value': 333}]}"
1200447296,LONG,,1,25000000,12500000,"{'id': 25256, 'context': 30, 'bonus_lists': [1695, 3871], 'modifiers': [{'type': 9, 'value': 50}]}"
1200447297,LONG,,1,920000000,460000000,"{'id': 42176, 'context': 0}"
1200447300,LONG,,1,33000000,16500000,"{'id': 15507, 'context': 1, 'bonus_lists': [6654, 1680], 'modifiers': [{'type': 9, 'value': 30}, {'type': 28, 'value': 193}]}"
1200447302,LONG,,1,1000000000,500000000,"{'id': 14554, 'context': 0}"
1200447305,LONG,,1,40999800,20499900,"{'id': 106673, 'context': 29, 'bonus_lists': [3854, 202], 'modifiers': [{'type': 9, 'value': 43}]}"
1200447306,LONG,,1,50999900,25500000,"{'id': 15353, 'context': 0, 'bonus_lists': [6654, 1705], 'modifiers': [{'type': 9, 'value': 30}, {'type': 28, 'value': 22}]}"
1200447307,LONG,,1,10999800,5499900,"{'id': 13039, 'context': 0}"
1200447310,LONG,,1,11999900,6000000,"{'id': 7360, 'context': 1}"
1200447312,LONG,,1,8815400,4407700,"{'id': 14439, 'context': 54, 'bonus_lists': [4277], 'modifiers': [{'type': 9, 'value': 48}]}"
1200447313,LONG,,1,33999800,16999900,"{'id': 24707, 'context': 27, 'bonus_lists': [1680, 3839], 'modifiers': [{'type': 9, 'value': 25}]}"
1200447315,LONG,,1,8999900,4500000,"{'id': 15932, 'context': 26, 'bonus_lists': [1695, 3858], 'modifiers': [{'type': 9, 'value': 6}]}"
1200447317,LONG,,1,42500000,21250000,"{'id': 82083, 'context': 0, 'bonus_lists': [6654, 1679], 'modifiers': [{'type': 9, 'value': 35}, {'type': 28, 'value': 975}]}"
1200447320,LONG,,1,1819547300,909773700,"{'id': 36613, 'context': 27, 'bonus_lists': [1694, 3868], 'modifiers': [{'type': 9, 'value': 26}]}"
1200447323,LONG,,1,499999800,249999900,"{'id': 87466, 'context': 36, 'bonus_lists': [4762], 'modifiers': [{'type': 9, 'value': 38}]}"
1200447326,LONG,,1,22000000,11000000,"{'id': 36142, 'context': 30, 'bonus_lists': [1692, 3850], 'modifiers': [{'type': 9, 'value': 29}]}"
1200447327,LONG,,1,101336000,85612200,"{'id': 35193, 'context': 0}"
1200447330,LONG,,1,43000000,21500000,"{'id': 31175, 'context': 0}"
1200447332,LONG,,1,13209300,6706700,"{'id': 9846, 'context': 0, 'bonus_lists': [1708]}"
1200447333,LONG,,1,8000800,4750000,"{'id': 161886, 'context': 13, 'bonus_lists': [1692, 6853, 5804]}"
1200447336,LONG,,1,312021300,156010700,"{'id': 87435, 'context': 0, 'bonus_lists': [6658], 'modifiers': [{'type': 9, 'value': 48}]}"
1200447340,LONG,,1,18000000,9000000,"{'id': 55633, 'context': 27, 'bonus_lists': [1680, 4306], 'modifiers': [{'type': 9, 'value': 30}]}"
1200447341,LONG,,1,1248400,952700,"{'id': 5214, 'context': 0}"
1200447344,LONG,,1,57500000,28750000,"{'id': 15492, 'context': 28, 'bonus_lists': [1681, 3831], 'modifiers': [{'type': 9, 'value': 11}]}"
1200447348,LONG,,1,3000000,1500000,"{'id': 37673, 'context': 2, 'bonus_lists': [4196], 'modifiers': [{'type': 9, 'value': 46}]}"
1200447350,LONG,,1,73861800,36930900,"{'id': 15365, 'context': 37, 'bonus_lists': [3835, 1680], 'modifiers': [{'type': 9, 'value': 18}]}"
1200447351,LONG,,1,73861800,36930900,"{'id': 15365, 'context': 1, 'bonus_lists': [1677]}"
1200447355,LONG,,1,73861800,36930900,"{'id': 15365, 'context': 1, 'bonus_lists': [6654, 1678], 'modifiers': [{'type': 9, 'value': 30}, {'type': 28, 'value': 203}]}"
1200447359,LONG,,1,7500000,3750000,"{'id': 55659, 'context': 36, 'bonus_lists': [1678, 4765], 'modifiers': [{'type': 9, 'value': 47}]}"
1200447360,LONG,,1,100000000,50000000,"{'id': 14109, 'context': 27, 'bonus_lists': [1677, 3830], 'modifiers': [{'type': 9, 'value': 8}]}"
1200447362,LONG,,1,82499900,41250000,"{'id': 24918, 'context': 27, 'bonus_lists': [1692, 3839], 'modifiers': [{'type': 9, 'value': 26}]}"
1200447364,LONG,,1,364999800,182499900,"{'id': 164685, 'context': 13, 'bonus_lists': [1687, 5804, 6867]}"
1200447365,LONG,,1,161498500,80749300,"{'id': 25086, 'context': 2, 'bonus_lists': [6655, 1680], 'modifiers': [{'type': 9, 'value': 30}, {'type': 28, 'value': 1065}]}"
1200447368,LONG,,1,325000000,162500000,"{'id': 31318, 'context': 28, 'bonus_lists': [3974], 'modifiers': [{'type': 9, 'value': 45}]}"
1200447372,LONG,,1,273242500,136621300,"{'id': 67088, 'context': 0}"
1200447374,LONG,,1,52499800,26249900,"{'id': 36332, 'context': 36, 'bonus_lists': [1708, 3851], 'modifiers': [{'type': 9, 'value': 50}]}"
1200447377,LONG,,1,124999800,62499900,"{'id': 161893, 'context': 13, 'bonus_lists': [1711, 6862, 5804]}"
1200447379,LONG,,1,32499900,16250000,"{'id': 94051, 'context': 0, 'bonus_lists': [1715]}"
1200447380,LONG,,1,100000000,50000000,"{'id': 106528, 'context': 23, 'bonus_lists': [6654, 88], 'modifiers': [{'type': 9, 'value': 40}, {'type': 28, 'value': 1195}]}"
1200447382,LONG,,1,6000000,3000000,"{'id': 9804, 'context': 0, 'bonus_lists': [1695]}"
1200447383,LONG,,1,41000000,20500000,"{'id': 15128, 'context': 0, 'bonus_lists': [1708]}"
1200447386,LONG,,1,13499700,7203000,"{'id': 52373, 'context': 0}"
1200447389,LONG,,1,95000000,47500000,"{'id': 36572, 'context': 28, 'bonus_lists': [1706, 3869], 'modifiers': [{'type': 9, 'value': 27}]}"
1200447392,LONG,,1,9154700,8837000,"{'id': 161916, 'context': 13, 'bonus_lists': [1680, 6847, 5804]}"
1200447400,LONG,,1,435000000,217500000,"{'id': 35196, 'context': 0}"
1200447402,LONG,,1,129999900,65000000,"{'id': 44671, 'context': 0, 'bonus_lists': [1694]}"
1200447404,LONG,,1,262500000,131250000,"{'id': 35201, 'context': 0}"
1200447407,LONG,,1,320000000,160000000,"{'id': 16052, 'context': 1}"
1200447408,LONG,,1,21471000,10735500,"{'id': 9808, 'context': 36, 'bonus_lists': [1692, 3834], 'modifiers': [{'type': 9, 'value': 16}]}"
1200447409,LONG,,1,93983900,64140000,"{'id': 9383, 'context': 1, 'bonus_lists': [4065], 'modifiers': [{'type': 9, 'value': 25}]}"
1200447411,LONG,,1,32797800,20830200,"{'id': 9834, 'context': 1, 'bonus_lists': [1677]}"
1200447412,LONG,,1,47499900,23750000,"{'id': 24946, 'context': 29, 'bonus_lists': [1681, 3849], 'modifiers': [{'type': 9, 'value': 27}]}"
1200447416,LONG,,1,28511400,14255700,"{'id': 24949, 'context': 28, 'bonus_lists': [1679, 3840], 'modifiers': [{'type': 9, 'value': 50}]}"
1200447419,LONG,,1,38744100,19372100,"{'id': 7487, 'context': 53, 'bonus_lists': [1695, 4277], 'modifiers': [{'type': 9, 'value': 24}]}"
1200447422,LONG,,1,130000000,65000000,"{'id': 35681, 'context': 0}"
1200447426,LONG,,1,56866400,39337600,"{'id': 22926, 'context': 22, 'modifiers': [{'type': 9, 'value': 40}]}"
1200447428,LONG,,1,219575400,109787700,"{'id': 15532, 'context': 54, 'bonus_lists': [1705, 4278], 'modifiers': [{'type': 9, 'value': 25}]}"
1200447429,LONG,,1,139999900,70000000,"{'id': 36409, 'context': 36, 'bonus_lists': [1693, 3850], 'modifiers': [{'type': 9, 'value': 50}]}"
1200447432,LONG,,1,15686000,7843000,"{'id': 14843, 'context': 54, 'bonus_lists': [4279], 'modifiers': [{'type': 9, 'value': 45}]}"
1200447434,LONG,,1,15686000,7843000,"{'id': 14843, 'context': 54, 'bonus_lists': [4278], 'modifiers': [{'type': 9, 'value': 45}]}"
1200447437,LONG,,1,51749200,25874600,"{'id': 15136, 'context': 36, 'bonus_lists': [1692, 3834], 'modifiers': [{'type': 9, 'value': 16}]}"
1200447438,LONG,,1,51749200,25874600,"{'id': 15136, 'context': 54, 'bonus_lists': [1695, 4277], 'modifiers': [{'type': 9, 'value': 45}]}"
1200447440,LONG,,1,30898400,15449200,"{'id': 14425, 'context': 43, 'bonus_lists': [4276], 'modifiers': [{'type': 9, 'value': 22}]}"
1200447446,LONG,,1,60000000,30000000,"{'id': 24695, 'context': 36, 'bonus_lists': [1706, 3850], 'modifiers': [{'type': 9, 'value': 50}]}"
1200447449,LONG,,1,12500000,6250000,"{'id': 106663, 'context': 29, 'bonus_lists': [4503, 206], 'modifiers': [{'type': 9, 'value': 44}]}"
1200447452,LONG,,1,56901200,28450600,"{'id': 106430, 'context': 29, 'bonus_lists': [3875, 47], 'modifiers': [{'type': 9, 'value': 50}]}"
1200447454,LONG,,1,439999800,219999900,"{'id': 39895, 'context': 11, 'bonus_lists': [1693], 'modifiers': [{'type': 28, 'value': 391}]}"
1200447458,LONG,,1,18524200,9406200,"{'id': 94055, 'context': 0, 'bonus_lists': [1680], 'modifiers': [{'type': 28, 'value': 168}]}"
1200447461,LONG,,1,21606800,11558000,"{'id': 6045, 'context': 1}"
1200447463,LONG,,1,229979900,114990000,"{'id': 31215, 'context': 0, 'bonus_lists': [1705, 3763], 'modifiers': [{'type': 9, 'value': 30}]}"
1200447465,LONG,,1,7500000,3750000,"{'id': 36562, 'context': 30, 'bonus_lists': [1694, 3871], 'modifiers': [{'type': 9, 'value': 30}]}"
1200447470,LONG,,1,52000000,26000000,"{'id': 3868, 'context': 1, 'modifiers': [{'type': 28, 'value': 1913}]}"
1200447474,LONG,,1,2000000,1000000,"{'id': 9289, 'context': 54, 'bonus_lists': [1679, 4277], 'modifiers': [{'type': 9, 'value': 50}]}"
1200447476,LONG,,1,21595400,10797700,"{'id': 41780, 'context': 0}"
1200447478,LONG,,1,48000000,24000000,"{'id': 6388, 'context': 1}"
1200447481,LONG,,1,27000000,13500000,"{'id': 7494, 'context': 1, 'bonus_lists': [1680]}"
1200447483,LONG,,1,17979900,8990000,"{'id': 14408, 'context': 1, 'bonus_lists': [6654], 'modifiers': [{'type': 9, 'value': 10}, {'type': 28, 'value': 1918}]}"
1200447486,LONG,,1,42000000,21000000,"{'id': 82000, 'context': 0, 'bonus_lists': [6655, 1707], 'modifiers': [{'type': 9, 'value': 35}, {'type': 28, 'value': 58}]}"
1200447487,LONG,,1,24350500,22091000,"{'id': 7092, 'context': 1}"
1200447489,LONG,,1,6000000,3000000,"{'id': 31879, 'context': 0}"
1200447491,LONG,,1,92499800,46249900,"{'id': 106667, 'context': 28, 'bonus_lists': [3854, 214], 'modifiers': [{'type': 9, 'value': 39}]}"
1200447493,LONG,,1,62499900,31250000,"{'id': 118835, 'context': 27, 'bonus_lists': [3914], 'modifiers': [{'type': 9, 'value': 37}]}"
1200447495,LONG,,1,19000000,9500000,"{'id': 14211, 'context': 1, 'bonus_lists': [1708]}"
1200447497,LONG,,1,149999800,74999900,"{'id': 106617, 'context': 29, 'bonus_lists': [3854, 150], 'modifiers': [{'type': 9, 'value': 50}]}"
1200447499,LONG,,1,44671500,22335800,"{'id': 14097, 'context': 36, 'bonus_lists': [1691, 3834], 'modifiers': [{'type': 9, 'value': 16}]}"
1200447501,LONG,,1,54999800,27499900,"{'id': 37800, 'context': 2, 'bonus_lists': [4196], 'modifiers': [{'type': 9, 'value': 30}, {'type': 28, 'value': 1099}]}"
1200447505,LONG,,1,525000000,262500000,"{'id': 118852, 'context': 29, 'bonus_lists': [3980], 'modifiers': [{'type': 9, 'value': 50}]}"
1200447508,LONG,,1,525000000,262500000,"{'id': 118852, 'context': 0, 'bonus_lists': [6661], 'modifiers': [{'type': 9, 'value': 40}, {'type': 28, 'value': 68}]}"
1200447511,LONG,,1,2509300,1350700,"{'id': 82070, 'context': 0, 'bonus_lists': [6654, 1701], 'modifiers': [{'type': 9, 'value': 35}, {'type': 28, 'value': 59}]}"
1200447512,LONG,,1,34000000,17000000,"{'id': 6561, 'context': 54, 'bonus_lists': [4277], 'modifiers': [{'type': 9, 'value': 45}]}"
1200447513,LONG,,1,14000000,7000000,"{'id': 18654, 'context': 1}"
1200447516,LONG,,1,66000000,33000000,"{'id': 69973, 'context': 3}"
1200447517,LONG,,1,142856500,71428300,"{'id': 14096, 'context': 29, 'bonus_lists': [1707, 3832], 'modifiers': [{'type': 9, 'value': 12}]}"
1200447519,LONG,,1,13000000,6500000,"{'id': 15309, 'context': 30}"
1200447521,LONG,,1,20000000,10000000,"{'id': 4414, 'context': 0}"
1200447522,LONG,,1,37000000,18500000,"{'id': 52375, 'context': 2}"
1200447525,LONG,,1,119889700,,"{'id': 171417, 'context': 64, 'bonus_lists': [6717, 1507]}"
1200447526,LONG,,1,2750000000,1375000000,"{'id': 16737, 'context': 0}"
1200447527,LONG,,1,119889700,,"{'id': 171417, 'context': 64, 'bonus_lists': [6717, 1507]}"
1200447528,LONG,,1,31526200,16342300,"{'id': 14471, 'context': 0}"
1200447530,LONG,,1,119889700,,"{'id': 171417, 'context': 64, 'bonus_lists': [6717, 1507]}"
1200447531,LONG,,1,31526200,16342300,"{'id': 14471, 'context': 0}"
1200447534,LONG,,1,119889700,,"{'id': 171417, 'context': 64, 'bonus_lists': [6717, 1507]}"
1200447535,LONG,,1,30000000,15000000,"{'id': 86190, 'context': 0}"
1200447537,LONG,,1,119889700,,"{'id': 171417, 'context': 64, 'bonus_lists': [6717, 1507]}"
1200447539,LONG,,1,57500000,28750000,"{'id': 7413, 'context': 0, 'bonus_lists': [1709]}"
1200447540,LONG,,1,119889700,,"{'id': 171417, 'context': 64, 'bonus_lists': [6717, 1507]}"
1200447542,LONG,,1,40000000,20000000,"{'id': 37773, 'context': 0}"
1200447543,LONG,,1,119889700,,"{'id': 171417, 'context': 64, 'bonus_lists': [6717, 1507]}"
1200447545,LONG,,1,30000000,15000000,"{'id': 55393, 'context': 2, 'bonus_lists': [6655, 1687], 'modifiers': [{'type': 9, 'value': 35}, {'type': 28, 'value': 1114}]}"
1200447546,LONG,,1,119889700,,"{'id': 171417, 'context': 64, 'bonus_lists': [6717, 1507]}"
1200447549,LONG,,1,13097300,6548700,"{'id': 8296, 'context': 0}"
1200447551,LONG,,1,119889700,,"{'id': 171417, 'context': 64, 'bonus_lists': [6717, 1507]}"
1200447552,LONG,,1,8000000,4000000,"{'id': 36239, 'context': 29, 'bonus_lists': [1708, 3849], 'modifiers': [{'type': 9, 'value': 28}]}"
1200447553,LONG,,1,119889700,,"{'id': 171417, 'context': 64, 'bonus_lists': [6717, 1507]}"
1200447554,LONG,,1,34000000,17000000,"{'id': 31230, 'context': 0}"
1200447555,LONG,,1,119889700,,"{'id': 171417, 'context': 64, 'bonus_lists': [6717, 1507]}"
1200447557,LONG,,1,119889700,,"{'id': 171417, 'context': 64, 'bonus_lists': [6717, 1507]}"
1200447559,LONG,,1,119889700,,"{'id': 171417, 'context': 64, 'bonus_lists': [6717, 1507]}"
1200447562,LONG,530000,36,,,{'id': 171315}
1200447563,LONG,,1,166669800,,"{'id': 184480, 'context': 0}"
1200447564,LONG,,1,166669800,,"{'id': 184480, 'context': 0}"
1200447570,LONG,70000,2,,,{'id': 118632}
1200447599,LONG,,1,9998100,,"{'id': 60202, 'context': 0, 'modifiers': [{'type': 28, 'value': 1027}]}"
1200447615,LONG,84900,1,,,{'id': 36925}
1200447632,LONG,6500,16,,,{'id': 152495}
1200447658,LONG,870000,5,,,{'id': 171291}
1200447669,LONG,50000,4,,,{'id': 158202}
1200447684,LONG,110000,20,,,{'id': 120257}
1200447708,LONG,,1,384999000,,"{'id': 171412, 'context': 64, 'bonus_lists': [6717, 1507]}"
1200447711,LONG,,1,384999000,,"{'id': 171412, 'context': 64, 'bonus_lists': [6717, 1507]}"
1200447714,LONG,,1,384999000,,"{'id': 171412, 'context': 64, 'bonus_lists': [6717, 1507]}"
1200447727,LONG,199900,2,,,{'id': 152510}
1200447746,LONG,800000,1,,,{'id': 177715}
1200447768,LONG,38000,1,,,{'id': 177660}
1200447783,LONG,425000,26,,,{'id': 170554}
1200447785,LONG,,1,151990000,,"{'id': 173243, 'context': 64, 'bonus_lists': [6717, 1507]}"
1200447788,LONG,,1,151990000,,"{'id': 173243, 'context': 64, 'bonus_lists': [6717, 1507]}"
1200447791,LONG,4907000,2,,,{'id': 177962}
1200447793,LONG,,1,151990000,,"{'id': 173243, 'context': 64, 'bonus_lists': [6717, 1507]}"
1200447800,LONG,,1,151990000,,"{'id': 173243, 'context': 64, 'bonus_lists': [6717, 1507]}"
1200447803,LONG,,1,151990000,,"{'id': 173243, 'context': 64, 'bonus_lists': [6717, 1507]}"
1200447807,LONG,,1,151990000,,"{'id': 173243, 'context': 64, 'bonus_lists': [6717, 1507]}"
1200447810,LONG,,1,151990000,,"{'id': 173243, 'context': 64, 'bonus_lists': [6717, 1507]}"
1200447820,LONG,,1,59995000,,"{'id': 172318, 'context': 63, 'bonus_lists': [6716, 1487]}"
1200447832,LONG,2800,11,,,{'id': 152506}
1200447842,LONG,90000,4,,,{'id': 158201}
1200447852,LONG,5500,7,,,{'id': 152509}
1200447855,LONG,110000,11,,,{'id': 120257}
1200447866,LONG,,1,81990000,,"{'id': 173244, 'context': 64, 'bonus_lists': [6717, 1507]}"
1200447871,LONG,74600,1,,,{'id': 118630}
1200447896,LONG,10000,6,,,{'id': 152505}
1200447908,LONG,50000,20,,,{'id': 158202}
1200447923,LONG,204900,1,,,{'id': 36928}
1200447970,LONG,28900,12,,,{'id': 45087}
1200447990,LONG,20000,2,,,{'id': 153494}
1200448056,LONG,4700,59,,,{'id': 154897}
1200448097,LONG,5000,32,,,{'id': 154898}
1200449122,LONG,700,21,,,{'id': 154899}
1200449345,LONG,2995300,197,,,{'id': 168529}
1200449362,LONG,,1,3990000000,,"{'id': 182982, 'context': 6, 'bonus_lists': [7187, 6652, 6935, 1498, 6646], 'modifiers': [{'type': 28, 'value': 753}]}"
1200449386,LONG,,1,4640000000,,"{'id': 183017, 'context': 6, 'bonus_lists': [7187, 6652, 7194, 1498, 6646], 'modifiers': [{'type': 28, 'value': 753}]}"
1200449397,LONG,30500000,1,,,{'id': 173048}
1200449401,LONG,730000,191,,,{'id': 168583}
1200449422,LONG,,1,3840000000,,"{'id': 182978, 'context': 6, 'bonus_lists': [7187, 6652, 7193, 1498, 6646], 'modifiers': [{'type': 28, 'value': 753}]}"
1200449475,LONG,,1,9859900,,"{'id': 36372, 'context': 0, 'bonus_lists': [6654, 1705], 'modifiers': [{'type': 9, 'value': 30}, {'type': 28, 'value': 1023}]}"
1200449504,LONG,,1,870000,,"{'id': 177767, 'context': 2, 'bonus_lists': [6907, 6652, 1679], 'modifiers': [{'type': 9, 'value': 60}, {'type': 28, 'value': 748}]}"
1200449550,LONG,77000,200,,,{'id': 171828}
1200449572,LONG,,1,27500,,"{'id': 36261, 'context': 0, 'bonus_lists': [6654, 1705], 'modifiers': [{'type': 9, 'value': 30}, {'type': 28, 'value': 1023}]}"
1200449614,VERY_LONG,90000,4,,,{'id': 169701}
1200449626,LONG,34800,31,,,{'id': 152579}
1200449669,VERY_LONG,550000,1,,,{'id': 172416}
1200449677,VERY_LONG,4300,2,,,{'id': 173043}
1200449699,VERY_LONG,500,4,,,{'id': 171840}
1200449708,VERY_LONG,500000,2,,,{'id': 29460}
1200449740,VERY_LONG,,1,2500000,,"{'id': 173143, 'context': 13, 'bonus_lists': [3348]}"
1200449744,VERY_LONG,,1,2500000,,"{'id': 173143, 'context': 13, 'bonus_lists': [3353]}"
1200449752,VERY_LONG,,1,5120700,,"{'id': 173140, 'context': 13, 'bonus_lists': [3367]}"
1200449756,VERY_LONG,,1,5120700,,"{'id': 173140, 'context': 13, 'bonus_lists': [3366]}"
1200449764,LONG,17700,30,,,{'id': 109118}
1200449775,VERY_LONG,,1,5228000,,"{'id': 173135, 'context': 13, 'bonus_lists': [3369]}"
1200449857,VERY_LONG,1349500,1,,,{'id': 171274}
1200449862,LONG,94100,49,,,{'id': 152512}
1200449928,VERY_LONG,1509300,4,,,{'id': 171266}
1200449992,LONG,,1,199999800,99999900,"{'id': 87421, 'context': 0}"
1200449997,LONG,,1,2979900,1490000,"{'id': 2986, 'context': 27, 'bonus_lists': [3830], 'modifiers': [{'type': 9, 'value': 10}]}"
1200450000,LONG,,1,46000000,23000000,"{'id': 9845, 'context': 1, 'bonus_lists': [1707]}"
1200450003,LONG,,1,19347900,9674000,"{'id': 41777, 'context': 36}"
1200450005,LONG,,1,22328600,11164300,"{'id': 15386, 'context': 1, 'bonus_lists': [6654, 1693], 'modifiers': [{'type': 9, 'value': 30}, {'type': 28, 'value': 218}]}"
1200450009,LONG,,1,2502200,1251100,"{'id': 47625, 'context': 0}"
1200450012,LONG,,1,8000000,4000000,"{'id': 55488, 'context': 28, 'bonus_lists': [1691, 4763], 'modifiers': [{'type': 9, 'value': 37}]}"
1200450014,LONG,,1,33999800,16999900,"{'id': 15550, 'context': 53, 'bonus_lists': [1681, 4277], 'modifiers': [{'type': 9, 'value': 50}]}"
1200450016,LONG,,1,32499800,16249900,"{'id': 106406, 'context': 27, 'bonus_lists': [3853, 117], 'modifiers': [{'type': 9, 'value': 37}]}"
1200450017,LONG,,1,31318800,15659400,"{'id': 7112, 'context': 1}"
1200450019,LONG,,1,31318800,15659400,"{'id': 7112, 'context': 1}"
1200450021,LONG,,1,31318800,15659400,"{'id': 7112, 'context': 1}"
1200450022,LONG,,1,20000000,10000000,"{'id': 36588, 'context': 0, 'bonus_lists': [1694]}"
1200450024,LONG,,1,65999900,33000000,"{'id': 69971, 'context': 5}"
1200450025,LONG,,1,17999700,8999900,"{'id': 24210, 'context': 0}"
1200450027,LONG,,1,7000000,3500000,"{'id': 9847, 'context': 0, 'bonus_lists': [1678]}"
1200450029,LONG,,1,3913000,2188800,"{'id': 106729, 'context': 29, 'bonus_lists': [4503, 206], 'modifiers': [{'type': 9, 'value': 50}]}"
1200450031,LONG,,1,3913000,2188800,"{'id': 106729, 'context': 29, 'bonus_lists': [3854, 210], 'modifiers': [{'type': 9, 'value': 50}]}"
1200450035,LONG,,1,180000000,90000000,"{'id': 119332, 'context': 5, 'bonus_lists': [566]}"
1200450036,LONG,199900,8,,,{'id': 152510}
1200450038,LONG,,1,74979900,37490000,"{'id': 14191, 'context': 43, 'bonus_lists': [1677, 4276], 'modifiers': [{'type': 9, 'value': 23}]}"
1200450040,LONG,,1,10000000,5000000,"{'id': 55323, 'context': 5, 'bonus_lists': [1702]}"
1200450044,LONG,,1,30446000,15223000,"{'id': 4712, 'context': 54, 'bonus_lists': [4277], 'modifiers': [{'type': 9, 'value': 50}]}"
1200450046,LONG,,1,98333800,85089400,"{'id': 87488, 'context': 0}"
1200450047,LONG,,1,23000000,11500000,"{'id': 24738, 'context': 1, 'bonus_lists': [6654, 1680], 'modifiers': [{'type': 9, 'value': 21}, {'type': 28, 'value': 1891}]}"
1200450048,LONG,,1,5000000,2500000,"{'id': 14722, 'context': 26, 'bonus_lists': [3829], 'modifiers': [{'type': 9, 'value': 8}]}"
1200450051,LONG,,1,175662400,87831200,"{'id': 159811, 'context': 0, 'bonus_lists': [4796, 1692], 'modifiers': [{'type': 9, 'value': 50}]}"
1200450054,LONG,,1,258922400,129461200,"{'id': 3345, 'context': 0, 'bonus_lists': [3648, 5610], 'modifiers': [{'type': 9, 'value': 25}]}"
1200450055,LONG,,1,42500000,21250000,"{'id': 66954, 'context': 0}"
1200450057,LONG,,1,3999700,1999900,"{'id': 71025, 'context': 3, 'bonus_lists': [1700], 'modifiers': [{'type': 28, 'value': 1029}]}"
1200450059,LONG,10000,4,,,{'id': 18945}
1200450061,LONG,,1,2359700,1448000,"{'id': 72002, 'context': 0}"
1200450064,LONG,,1,2999900,1500000,"{'id': 10140, 'context': 0, 'bonus_lists': [1677]}"
1200450066,LONG,,1,8549700,5436300,"{'id': 10206, 'context': 17, 'bonus_lists': [1707]}"
1200450067,LONG,,1,10000000,5000000,"{'id': 36641, 'context': 29, 'bonus_lists': [1680, 3870], 'modifiers': [{'type': 9, 'value': 29}]}"
1200450069,LONG,,1,115000000,57500000,"{'id': 15533, 'context': 54, 'bonus_lists': [1681, 4278], 'modifiers': [{'type': 9, 'value': 24}]}"
1200450070,LONG,,1,34000000,17000000,"{'id': 6561, 'context': 54, 'bonus_lists': [4277], 'modifiers': [{'type': 9, 'value': 50}]}"
1200450072,LONG,,1,34000000,17000000,"{'id': 6561, 'context': 54, 'bonus_lists': [4277], 'modifiers': [{'type': 9, 'value': 45}]}"
1200450073,LONG,,1,51749200,25874600,"{'id': 15136, 'context': 37, 'bonus_lists': [1681, 3835], 'modifiers': [{'type': 9, 'value': 18}]}"
1200450075,LONG,,1,2000000,1338600,"{'id': 55759, 'context': 5, 'bonus_lists': [6654, 1698], 'modifiers': [{'type': 9, 'value': 35}, {'type': 28, 'value': 1029}]}"
1200450078,LONG,,1,16000000,8000000,"{'id': 36130, 'context': 30, 'bonus_lists': [1680, 3850], 'modifiers': [{'type': 9, 'value': 30}]}"
1200450081,LONG,,1,50000,46100,"{'id': 82800, 'context': 0, 'modifiers': [{'type': 6, 'value': 99018}], 'pet_breed_id': 7, 'pet_level': 1, 'pet_quality_id': 2, 'pet_species_id': 2798}"
1200450084,LONG,,1,50000,46100,"{'id': 82800, 'context': 0, 'modifiers': [{'type': 6, 'value': 99018}], 'pet_breed_id': 7, 'pet_level': 1, 'pet_quality_id': 2, 'pet_species_id': 2798}"
1200450086,LONG,,1,235000000,117500000,"{'id': 164434, 'context': 11}"
1200450087,LONG,,1,185000000,92500000,"{'id': 31329, 'context': 0}"
1200450088,LONG,,1,775000000,387500000,"{'id': 55353, 'context': 36, 'bonus_lists': [1695, 4314], 'modifiers': [{'type': 9, 'value': 50}]}"
1200450090,LONG,,1,79756600,39878300,"{'id': 13011, 'context': 0, 'bonus_lists': [6658], 'modifiers': [{'type': 9, 'value': 34}, {'type': 28, 'value': 11}]}"
1200450092,LONG,,1,6999800,6737500,"{'id': 4300, 'context': 1}"
1200450094,LONG,,1,51049900,30346100,"{'id': 111660, 'context': 11}"
1200450095,LONG,,1,21000000,10500000,"{'id': 14419, 'context': 42, 'bonus_lists': [3836], 'modifiers': [{'type': 9, 'value': 21}]}"
1200450096,VERY_LONG,53900,3,,,{'id': 171370}
1200450097,LONG,100,1,,,{'id': 12203}
1200450099,LONG,,1,45000000,22500000,"{'id': 868, 'context': 0}"
1200450100,LONG,,1,34989100,17494600,"{'id': 14410, 'context': 29, 'bonus_lists': [3832], 'modifiers': [{'type': 9, 'value': 13}]}"
1200452102,LONG,,1,1000000,500000,"{'id': 9798, 'context': 36, 'bonus_lists': [1708, 3834], 'modifiers': [{'type': 9, 'value': 15}]}"
1200452103,LONG,,1,10184700,5092400,"{'id': 14808, 'context': 0}"
1200452107,LONG,,1,13999800,12108000,"{'id': 4352, 'context': 0}"
1200452108,LONG,,1,55000000,27500000,"{'id': 82048, 'context': 26, 'bonus_lists': [1698, 4311], 'modifiers': [{'type': 9, 'value': 30}]}"
1200452110,LONG,,1,269999900,135000000,"{'id': 164687, 'context': 13, 'bonus_lists': [1681, 5804, 6871]}"
1200452112,LONG,,1,41293500,20646800,"{'id': 4733, 'context': 17}"
1200452115,LONG,,1,15216000,7608000,"{'id': 24644, 'context': 29, 'bonus_lists': [1695, 3849], 'modifiers': [{'type': 9, 'value': 43}]}"
1200452121,LONG,5500,70,,,{'id': 152509}
1200452122,LONG,,1,21000000,10500000,"{'id': 4353, 'context': 1}"
1200452127,LONG,,1,55000000,27500000,"{'id': 94035, 'context': 0, 'bonus_lists': [1707], 'modifiers': [{'type': 28, 'value': 1035}]}"
1200452133,LONG,,1,4000000,2000000,"{'id': 24708, 'context': 29, 'bonus_lists': [1708, 3849], 'modifiers': [{'type': 9, 'value': 35}]}"
1200452136,LONG,,1,4000000,2000000,"{'id': 24708, 'context': 30, 'bonus_lists': [1692, 3850], 'modifiers': [{'type': 9, 'value': 29}]}"
1200452137,LONG,,1,269999800,134999900,"{'id': 161922, 'context': 13, 'bonus_lists': [1707, 6855, 5804]}"
1200452138,LONG,,1,1399999800,699999900,"{'id': 87484, 'context': 0}"
1200452143,LONG,,1,25000000,12500000,"{'id': 8302, 'context': 1, 'bonus_lists': [6654], 'modifiers': [{'type': 9, 'value': 21}, {'type': 28, 'value': 1920}]}"
1200452144,VERY_LONG,30000,17,,,{'id': 171263}
1200452145,LONG,,1,20448100,10224100,"{'id': 24868, 'context': 0, 'bonus_lists': [6654, 1707], 'modifiers': [{'type': 9, 'value': 30}, {'type': 28, 'value': 41}]}"
1200452146,LONG,,1,84280600,42140300,"{'id': 13117, 'context': 0}"
1200452147,LONG,7400,7,,,{'id': 17056}
1200452148,LONG,,1,63000000,31500000,"{'id': 31150, 'context': 0}"
1200452152,LONG,,1,49999800,24999900,"{'id': 55542, 'context': 27, 'bonus_lists': [1715, 4306], 'modifiers': [{'type': 9, 'value': 31}]}"
1200452153,LONG,,1,350003700,175643500,"{'id': 147428, 'context': 6, 'bonus_lists': [3563, 1472, 3528], 'modifiers': [{'type': 28, 'value': 498}]}"
1200452156,LONG,,1,7507800,3753900,"{'id': 82800, 'context': 0, 'pet_breed_id': 20, 'pet_level': 1, 'pet_quality_id': 2, 'pet_species_id': 224}"
1200452157,LONG,,1,49994400,31066800,"{'id': 124150, 'context': 6, 'bonus_lists': [1799, 1473]}"
1200452162,LONG,,1,99999800,49999900,"{'id': 87520, 'context': 28, 'bonus_lists': [4759], 'modifiers': [{'type': 9, 'value': 32}]}"
1200452167,LONG,,1,10007000,5038100,"{'id': 69960, 'context': 5}"
1200452168,LONG,,1,99999800,49999900,"{'id': 31133, 'context': 26, 'bonus_lists': [3907], 'modifiers': [{'type': 9, 'value': 25}]}"
1200452171,LONG,,1,43000000,21500000,"{'id': 47623, 'context': 0, 'modifiers': [{'type': 28, 'value': 1988}]}"
1200452173,LONG,250000,9,,,{'id': 5471}
1200452175,LONG,,1,43000000,21500000,"{'id': 47623, 'context': 0}"
1200452180,LONG,,1,22000000,11000000,"{'id': 9966, 'context': 54, 'bonus_lists': [1680, 4277], 'modifiers': [{'type': 9, 'value': 46}]}"
1200452182,LONG,,1,17979900,8990000,"{'id': 14408, 'context': 1, 'bonus_lists': [6654], 'modifiers': [{'type': 9, 'value': 10}, {'type': 28, 'value': 1918}]}"
1200452183,LONG,,1,39990000,19995000,"{'id': 127704, 'context': 14, 'modifiers': [{'type': 28, 'value': 885}]}"
1200452185,LONG,,1,55000000,27500000,"{'id': 15361, 'context': 42, 'bonus_lists': [1677, 3836], 'modifiers': [{'type': 9, 'value': 21}]}"
1200452189,LONG,,1,38749100,19374600,"{'id': 36207, 'context': 29, 'bonus_lists': [1708, 3849], 'modifiers': [{'type': 9, 'value': 28}]}"
1200452192,LONG,,1,2750000,1375000,"{'id': 167184, 'context': 0}"
1200452193,VERY_LONG,190000,4,,,{'id': 171271}
1200452194,LONG,,1,95000000,47500000,"{'id': 12528, 'context': 1, 'bonus_lists': [3999], 'modifiers': [{'type': 9, 'value': 25}]}"
1200452197,LONG,,1,26000000,13000000,"{'id': 67236, 'context': 0, 'bonus_lists': [3772, 5514], 'modifiers': [{'type': 9, 'value': 35}]}"
1200452205,LONG,,1,38000000,19000000,"{'id': 9972, 'context': 37, 'bonus_lists': [1694, 3835], 'modifiers': [{'type': 9, 'value': 18}]}"
1200452208,LONG,,1,6000000,3000000,"{'id': 9804, 'context': 29, 'bonus_lists': [1705, 3861], 'modifiers': [{'type': 9, 'value': 13}]}"
1200452211,LONG,,1,104999900,52500000,"{'id': 18745, 'context': 1, 'bonus_lists': [4056], 'modifiers': [{'type': 9, 'value': 25}]}"
1200452214,LONG,20000,2,,,{'id': 6889}
1200452217,LONG,,1,60999700,30499900,"{'id': 14482, 'context': 0}"
1200452221,LONG,,1,70595800,35297900,"{'id': 24924, 'context': 29, 'bonus_lists': [1709, 3849], 'modifiers': [{'type': 9, 'value': 27}]}"
1200452226,LONG,,1,49999500,24999800,"{'id': 23804, 'context': 0}"
1200452230,LONG,,1,300000000,150000000,"{'id': 32661, 'context': 0}"
1200452233,LONG,,1,100000000,50000000,"{'id': 37763, 'context': 2, 'bonus_lists': [6658], 'modifiers': [{'type': 9, 'value': 30}, {'type': 28, 'value': 1091}]}"
1200452235,LONG,,1,1007700,503900,"{'id': 3058, 'context': 36, 'bonus_lists': [3834], 'modifiers': [{'type': 9, 'value': 17}]}"
1200452237,LONG,,1,30000000,15000000,"{'id': 159217, 'context': 0, 'bonus_lists': [4796, 1683], 'modifiers': [{'type': 9, 'value': 50}]}"
1200452239,LONG,,1,7500000,3750000,"{'id': 13032, 'context': 54, 'bonus_lists': [4273], 'modifiers': [{'type': 9, 'value': 50}]}"
1200452243,LONG,,1,8000000,4000000,"{'id': 35995, 'context': 27, 'bonus_lists': [1691, 3839], 'modifiers': [{'type': 9, 'value': 26}]}"
1200452245,LONG,,1,110000000,55000000,"{'id': 106421, 'context': 28, 'bonus_lists': [3854, 87], 'modifiers': [{'type': 9, 'value': 37}]}"
1200452247,LONG,,1,15000000,7500000,"{'id': 14203, 'context': 1, 'bonus_lists': [6654, 1677], 'modifiers': [{'type': 9, 'value': 10}, {'type': 28, 'value': 1918}]}"
1200452250,LONG,,1,52041200,26020600,"{'id': 87446, 'context': 36, 'bonus_lists': [4760], 'modifiers': [{'type': 9, 'value': 45}]}"
1200452253,LONG,,1,34000000,17000000,"{'id': 24944, 'context': 28, 'bonus_lists': [1677, 3840], 'modifiers': [{'type': 9, 'value': 50}]}"
1200452257,LONG,,1,4000000,,"{'id': 4345, 'context': 1}"
1200452259,LONG,,1,31000000,15500000,"{'id': 121058, 'context': 0, 'bonus_lists': [1812, 1677], 'modifiers': [{'type': 9, 'value': 45}]}"
1200452260,LONG,,1,469999900,235000000,"{'id': 164684, 'context': 13, 'bonus_lists': [1695, 5804, 6863]}"
1200452263,LONG,,1,20000000,10000000,"{'id': 24741, 'context': 36, 'bonus_lists': [1706, 3850], 'modifiers': [{'type': 9, 'value': 40}]}"
1200452264,LONG,,1,29360000,14680000,"{'id': 24932, 'context': 26, 'bonus_lists': [1677, 3838], 'modifiers': [{'type': 9, 'value': 25}]}"
1200452267,LONG,,1,47999900,24000000,"{'id': 4810, 'context': 0, 'bonus_lists': [3642, 5673], 'modifiers': [{'type': 9, 'value': 25}]}"
1200452268,LONG,,1,35000000,17500000,"{'id': 6528, 'context': 1}"
1200452270,LONG,,1,156543600,78271800,"{'id': 1204, 'context': 37, 'bonus_lists': [3969], 'modifiers': [{'type': 9, 'value': 20}]}"
1200452275,LONG,,1,103874500,58862900,"{'id': 22532, 'context': 2}"
1200452278,LONG,,1,52015700,26007900,"{'id': 24943, 'context': 36, 'bonus_lists': [1708, 3850], 'modifiers': [{'type': 9, 'value': 50}]}"
1200452282,LONG,,1,2899700,1449900,"{'id': 167177, 'context': 0}"
1200452286,LONG,,1,82500000,41250000,"{'id': 15352, 'context': 54, 'bonus_lists': [1705]}"
1200452288,LONG,4700,40,,,{'id': 154897}
1200452289,LONG,,1,50000000,25000000,"{'id': 8245, 'context': 1, 'bonus_lists': [6654], 'modifiers': [{'type': 9, 'value': 30}, {'type': 28, 'value': 201}]}"
1200452291,LONG,,1,42999800,21499900,"{'id': 15150, 'context': 1, 'bonus_lists': [1677]}"
1200452294,LONG,,1,78999900,39500000,"{'id': 4299, 'context': 0}"
1200452299,LONG,,1,40000000,20000000,"{'id': 82179, 'context': 30, 'bonus_lists': [1715, 4764], 'modifiers': [{'type': 9, 'value': 34}]}"
1200452301,LONG,,1,8979900,4490000,"{'id': 14174, 'context': 1, 'bonus_lists': [1695]}"
1200452307,LONG,,1,14871700,8786300,"{'id': 47639, 'context': 0}"
1200452310,LONG,,1,7999800,3999900,"{'id': 25037, 'context': 0, 'bonus_lists': [1693]}"
1200452314,LONG,,1,8999800,4499900,"{'id': 82138, 'context': 30, 'bonus_lists': [1714, 4764], 'modifiers': [{'type': 9, 'value': 34}]}"
1200452316,LONG,,1,8999800,4499900,"{'id': 82138, 'context': 30, 'bonus_lists': [1680, 4764], 'modifiers': [{'type': 9, 'value': 34}]}"
1200452318,LONG,160000,4,,,{'id': 6372}
1200452319,LONG,,1,330000000,165000000,"{'id': 164444, 'context': 31}"
1200452321,LONG,,1,210000000,105000000,"{'id': 118797, 'context': 28, 'bonus_lists': [3936], 'modifiers': [{'type': 9, 'value': 39}]}"
1200452323,LONG,,1,2000000,1000000,"{'id': 24847, 'context': 28, 'bonus_lists': [1691, 3840], 'modifiers': [{'type': 9, 'value': 50}]}"
1200452326,LONG,,1,52500000,26250000,"{'id': 37000, 'context': 1, 'bonus_lists': [4119], 'modifiers': [{'type': 9, 'value': 29}]}"
1200452327,LONG,,1,99999700,49999900,"{'id': 37810, 'context': 0}"
1200452329,LONG,,1,130000000,65000000,"{'id': 163952, 'context': 54, 'bonus_lists': [43, 1472, 4786]}"
1200452331,LONG,,1,17500000,8750000,"{'id': 106610, 'context': 28, 'bonus_lists': [3854, 151], 'modifiers': [{'type': 9, 'value': 39}]}"
1200452332,LONG,,1,57000000,28500000,"{'id': 9968, 'context': 54, 'bonus_lists': [1679, 4278], 'modifiers': [{'type': 9, 'value': 50}]}"
1200452333,LONG,8500,12,,,{'id': 152631}
1200452334,LONG,,1,40000000,20000000,"{'id': 7412, 'context': 0, 'bonus_lists': [1691]}"
1200452338,LONG,,1,94999900,47500000,"{'id': 90585, 'context': 0}"
1200452341,LONG,,1,21606800,11558000,"{'id': 6045, 'context': 1}"
1200452343,LONG,,1,24350500,22091000,"{'id': 7092, 'context': 0}"
1200452346,LONG,,1,550000000,275000000,"{'id': 71332, 'context': 0}"
1200452351,LONG,5899800,2,,,{'id': 3389}
1200452367,LONG,189800,5,,,{'id': 7307}
1200452386,LONG,29000,7,,,{'id': 152547}
1200452399,LONG,,1,59999900,,"{'id': 171447, 'context': 13, 'bonus_lists': [6893, 7185], 'modifiers': [{'type': 9, 'value': 60}, {'type': 28, 'value': 391}, {'type': 29, 'value': 36}, {'type': 30, 'value': 32}]}"
1200452403,LONG,,1,59999900,,"{'id': 171447, 'context': 13, 'bonus_lists': [6893, 7185], 'modifiers': [{'type': 9, 'value': 60}, {'type': 28, 'value': 391}, {'type': 29, 'value': 32}, {'type': 30, 'value': 40}]}"
1200452407,LONG,,1,59999900,,"{'id': 171447, 'context': 13, 'bonus_lists': [6893, 7185], 'modifiers': [{'type': 9, 'value': 60}, {'type': 28, 'value': 391}, {'type': 29, 'value': 36}, {'type': 30, 'value': 40}]}"
1200452410,LONG,,1,59999900,,"{'id': 171447, 'context': 13, 'bonus_lists': [6893, 7185], 'modifiers': [{'type': 9, 'value': 60}, {'type': 28, 'value': 391}, {'type': 29, 'value': 32}, {'type': 30, 'value': 40}]}"
1200452417,LONG,,1,98780800,,"{'id': 34060, 'context': 1, 'bonus_lists': [6827]}"
1200452438,LONG,717800,6,,,{'id': 172231}
1200452500,LONG,8400,2,,,{'id': 152496}
1200452511,VERY_LONG,,1,79000000,,"{'id': 172325, 'context': 63, 'bonus_lists': [6716, 7193, 1487]}"
1200452513,VERY_LONG,,1,79000000,,"{'id': 172325, 'context': 63, 'bonus_lists': [6716, 7193, 1487]}"
1200452537,LONG,12500,10,,,{'id': 152549}
1200452566,LONG,120000,10,,,{'id': 152548}
1200452611,LONG,,1,39400,,"{'id': 16248, 'context': 1}"
1200452677,VERY_LONG,500,425,,,{'id': 171840}
1200452692,VERY_LONG,,1,550008900,,"{'id': 173245, 'context': 66, 'bonus_lists': [6758, 7194, 1532]}"
1200452727,VERY_LONG,,1,2500000,,"{'id': 179323, 'context': 0, 'bonus_lists': [6908, 6652, 1699], 'modifiers': [{'type': 9, 'value': 60}, {'type': 28, 'value': 2060}]}"
1200452749,LONG,,1,549990000,,"{'id': 178926, 'context': 65, 'bonus_lists': [6718, 7193, 1522]}"
1200452751,LONG,,1,549990000,,"{'id': 178926, 'context': 65, 'bonus_lists': [6718, 7194, 1522]}"
1200452841,VERY_LONG,,1,769800,,"{'id': 82800, 'context': 0, 'modifiers': [{'type': 6, 'value': 5369}], 'pet_breed_id': 21, 'pet_level': 1, 'pet_quality_id': 2, 'pet_species_id': 52}"
1200452854,VERY_LONG,,1,1568000,,"{'id': 82800, 'context': 0, 'modifiers': [{'type': 6, 'value': 6299}], 'pet_breed_id': 18, 'pet_level': 1, 'pet_quality_id': 2, 'pet_species_id': 67}"
1200452863,VERY_LONG,,1,3769800,,"{'id': 82800, 'context': 0, 'modifiers': [{'type': 6, 'value': 20029}], 'pet_breed_id': 5, 'pet_level': 1, 'pet_quality_id': 2, 'pet_species_id': 145}"
1200452878,VERY_LONG,4300,1,,,{'id': 173043}
1200452887,VERY_LONG,,1,1568000,,"{'id': 82800, 'context': 0, 'modifiers': [{'type': 6, 'value': 6299}], 'pet_breed_id': 8, 'pet_level': 1, 'pet_quality_id': 2, 'pet_species_id': 67}"
1200452900,VERY_LONG,,1,3799800,,"{'id': 82800, 'context': 0, 'modifiers': [{'type': 6, 'value': 15992}], 'pet_breed_id': 5, 'pet_level': 1, 'pet_quality_id': 2, 'pet_species_id': 122}"
1200452945,VERY_LONG,,1,3790000,,"{'id': 82800, 'context': 0, 'modifiers': [{'type': 6, 'value': 15992}], 'pet_breed_id': 5, 'pet_level': 1, 'pet_quality_id': 2, 'pet_species_id': 122}"
1200452952,VERY_LONG,,1,181423600,,"{'id': 20554, 'context': 0}"
1200452955,VERY_LONG,,1,14871700,,"{'id': 47639, 'context': 0}"
1200452958,VERY_LONG,,1,15665200,,"{'id': 47649, 'context': 0}"
1200452959,VERY_LONG,,1,26390200,,"{'id': 24743, 'context': 1, 'bonus_lists': [6654, 1707], 'modifiers': [{'type': 9, 'value': 30}, {'type': 28, 'value': 222}]}"
1200452961,VERY_LONG,,1,12280500,,"{'id': 44695, 'context': 0, 'bonus_lists': [6691, 1678], 'modifiers': [{'type': 9, 'value': 30}, {'type': 28, 'value': 51}]}"
1200452964,VERY_LONG,,1,345990000,,"{'id': 82800, 'context': 0, 'modifiers': [{'type': 6, 'value': 74794}], 'pet_breed_id': 21, 'pet_level': 1, 'pet_quality_id': 2, 'pet_species_id': 3066}"
1200452969,VERY_LONG,,1,345990000,,"{'id': 82800, 'context': 0, 'modifiers': [{'type': 6, 'value': 74794}], 'pet_breed_id': 21, 'pet_level': 1, 'pet_quality_id': 2, 'pet_species_id': 3066}"
1200452971,VERY_LONG,,1,345990000,,"{'id': 82800, 'context': 0, 'modifiers': [{'type': 6, 'value': 74794}], 'pet_breed_id': 21, 'pet_level': 1, 'pet_quality_id': 2, 'pet_species_id': 3066}"
1200452977,VERY_LONG,,1,28638000,,"{'id': 1720, 'context': 11, 'bonus_lists': [6659], 'modifiers': [{'type': 9, 'value': 30}, {'type': 28, 'value': 34}]}"
1200452980,VERY_LONG,,1,189874200,,"{'id': 152835, 'context': 13, 'bonus_lists': [1691, 4928, 5804]}"
1200452983,VERY_LONG,,1,189874200,,"{'id': 152835, 'context': 13, 'bonus_lists': [1695, 4928, 5804]}"
1200452988,VERY_LONG,,1,189874200,,"{'id': 152835, 'context': 13, 'bonus_lists': [1691, 4928, 5804]}"
1200452991,VERY_LONG,,1,214578400,,"{'id': 152835, 'context': 13, 'bonus_lists': [1698, 4928, 5804]}"
1200452994,VERY_LONG,,1,214578400,,"{'id': 152835, 'context': 13, 'bonus_lists': [1703, 4928, 5804]}"
1200452998,VERY_LONG,,1,214578400,,"{'id': 152835, 'context': 13, 'bonus_lists': [1703, 4928, 5804]}"
1200453005,VERY_LONG,,1,178301300,,"{'id': 152835, 'context': 13, 'bonus_lists': [1680, 4928, 5804]}"
1200453010,VERY_LONG,,1,178301300,,"{'id': 152835, 'context': 13, 'bonus_lists': [1678, 4928, 5804]}"
1200453013,VERY_LONG,,1,124686700,,"{'id': 66986, 'context': 0}"
1200453017,VERY_LONG,,1,36487200,,"{'id': 13139, 'context': 11, 'bonus_lists': [6659], 'modifiers': [{'type': 9, 'value': 30}, {'type': 28, 'value': 34}]}"
1200453021,VERY_LONG,,1,32000000,,"{'id': 68789, 'context': 0}"
1200453022,VERY_LONG,,1,1940000,,"{'id': 172256, 'context': 13, 'bonus_lists': [6893], 'modifiers': [{'type': 9, 'value': 60}, {'type': 28, 'value': 391}, {'type': 29, 'value': 40}, {'type': 30, 'value': 36}]}"
1200453024,VERY_LONG,,1,7579900,,"{'id': 55621, 'context': 36, 'bonus_lists': [1687, 4765], 'modifiers': [{'type': 9, 'value': 45}]}"
1200453029,VERY_LONG,,1,60000000,,"{'id': 10187, 'context': 54, 'bonus_lists': [1695, 4277], 'modifiers': [{'type': 9, 'value': 50}]}"
1200453033,VERY_LONG,,1,60000000,,"{'id': 10187, 'context': 0, 'bonus_lists': [6654, 1706], 'modifiers': [{'type': 9, 'value': 30}, {'type': 28, 'value': 36}]}"
1200453037,VERY_LONG,,1,1650000,,"{'id': 180865, 'context': 0, 'bonus_lists': [6908, 6652], 'modifiers': [{'type': 9, 'value': 60}, {'type': 28, 'value': 2060}]}"
1200453039,VERY_LONG,,1,107461700,,"{'id': 159475, 'context': 0, 'bonus_lists': [4796, 1689], 'modifiers': [{'type': 9, 'value': 50}]}"
1200453043,VERY_LONG,,1,74442700,,"{'id': 159475, 'context': 0, 'bonus_lists': [4796, 1713], 'modifiers': [{'type': 9, 'value': 50}]}"
1200453047,VERY_LONG,,1,1940000,,"{'id': 172256, 'context': 13, 'bonus_lists': [6893], 'modifiers': [{'type': 9, 'value': 60}, {'type': 28, 'value': 391}, {'type': 29, 'value': 32}, {'type': 30, 'value': 49}]}"
1200453048,VERY_LONG,,1,8598100,,"{'id': 10389, 'context': 0, 'bonus_lists': [6654, 1679], 'modifiers': [{'type': 9, 'value': 30}, {'type': 28, 'value': 1004}]}"
1200453051,VERY_LONG,,1,8999800,,"{'id': 10274, 'context': 0, 'bonus_lists': [6654, 1692], 'modifiers': [{'type': 9, 'value': 30}, {'type': 28, 'value': 1004}]}"
1200453055,VERY_LONG,,1,57168100,,"{'id': 167964, 'context': 13, 'bonus_lists': [1679, 5804]}"
1200453059,VERY_LONG,,1,57168100,,"{'id': 167964, 'context': 13, 'bonus_lists': [1682, 5804]}"
1200453063,VERY_LONG,,1,87297300,,"{'id': 167964, 'context': 13, 'bonus_lists': [1685, 5804]}"
1200453066,VERY_LONG,,1,20118800,,"{'id': 14448, 'context': 0, 'bonus_lists': [6654], 'modifiers': [{'type': 9, 'value': 30}, {'type': 28, 'value': 36}]}"
1200453068,VERY_LONG,,1,1237729000,,"{'id': 169400, 'context': 0, 'bonus_lists': [4796, 4802, 1715], 'modifiers': [{'type': 9, 'value': 50}]}"
1200453071,VERY_LONG,,1,2490000,,"{'id': 172238, 'context': 13, 'bonus_lists': [6885], 'modifiers': [{'type': 9, 'value': 60}, {'type': 28, 'value': 391}, {'type': 29, 'value': 36}, {'type': 30, 'value': 32}]}"
1200453073,VERY_LONG,,1,299999800,,"{'id': 87462, 'context': 0}"
1200453074,VERY_LONG,,1,2490000,,"{'id': 172238, 'context': 13, 'bonus_lists': [6885], 'modifiers': [{'type': 9, 'value': 60}, {'type': 28, 'value': 391}, {'type': 29, 'value': 32}, {'type': 30, 'value': 36}]}"
1200453076,VERY_LONG,,1,268319600,,"{'id': 169427, 'context': 0, 'bonus_lists': [4796, 1706], 'modifiers': [{'type': 9, 'value': 50}]}"
1200453078,VERY_LONG,,1,4568408900,,"{'id': 162665, 'context': 13, 'bonus_lists': [1712, 4928]}"
1200453080,VERY_LONG,,1,177399300,,"{'id': 162665, 'context': 13, 'bonus_lists': [1684, 4928]}"
1200453084,VERY_LONG,,1,177399300,,"{'id': 162665, 'context': 13, 'bonus_lists': [1684, 4928]}"
1200453086,VERY_LONG,,1,860000,,"{'id': 177767, 'context': 0, 'bonus_lists': [6907, 6652, 1698], 'modifiers': [{'type': 9, 'value': 60}, {'type': 28, 'value': 1707}]}"
1200453088,VERY_LONG,,1,410000000,,"{'id': 66924, 'context': 0}"
1200453093,VERY_LONG,,1,143982500,,"{'id': 159482, 'context': 0, 'bonus_lists': [4796, 1697], 'modifiers': [{'type': 9, 'value': 50}]}"
1200453095,VERY_LONG,,1,50298300,,"{'id': 159529, 'context': 0, 'bonus_lists': [4796, 42, 1703], 'modifiers': [{'type': 9, 'value': 50}]}"
1200453097,VERY_LONG,,1,5980000,,"{'id': 67136, 'context': 0}"
1200453100,VERY_LONG,,1,5980000,,"{'id': 67136, 'context': 0}"
1200455102,VERY_LONG,,1,38000000,,"{'id': 31151, 'context': 0, 'bonus_lists': [6658], 'modifiers': [{'type': 9, 'value': 30}, {'type': 28, 'value': 37}]}"
1200455103,VERY_LONG,,1,4490000,,"{'id': 172251, 'context': 13, 'bonus_lists': [6893], 'modifiers': [{'type': 9, 'value': 60}, {'type': 28, 'value': 391}, {'type': 29, 'value': 36}, {'type': 30, 'value': 32}]}"
1200455105,VERY_LONG,,1,4490000,,"{'id': 172251, 'context': 13, 'bonus_lists': [6893], 'modifiers': [{'type': 9, 'value': 60}, {'type': 28, 'value': 391}, {'type': 29, 'value': 40}, {'type': 30, 'value': 36}]}"
1200455106,VERY_LONG,,1,38000000,,"{'id': 31151, 'context': 0}"
1200455109,VERY_LONG,,1,49096200,,"{'id': 14926, 'context': 54, 'bonus_lists': [1695, 4277], 'modifiers': [{'type': 9, 'value': 50}]}"
1200455111,VERY_LONG,,1,17504900,,"{'id': 7496, 'context': 54, 'bonus_lists': [1692, 4283], 'modifiers': [{'type': 9, 'value': 50}]}"
1200455113,VERY_LONG,296900,10,,,{'id': 171268}
1200455114,VERY_LONG,,1,7787300,,"{'id': 9890, 'context': 54, 'bonus_lists': [1707, 4277], 'modifiers': [{'type': 9, 'value': 48}]}"
1200455118,VERY_LONG,,1,83164400,,"{'id': 94093, 'context': 36, 'bonus_lists': [1709]}"
1200455119,VERY_LONG,,1,9240000,,"{'id': 172351, 'context': 13, 'modifiers': [{'type': 29, 'value': 36}, {'type': 30, 'value': 49}]}"
1200455120,VERY_LONG,,1,24599500,,"{'id': 41789, 'context': 0}"
1200455122,VERY_LONG,,1,68598000,,"{'id': 136972, 'context': 14}"
1200455125,VERY_LONG,,1,382518000,,"{'id': 169421, 'context': 0, 'bonus_lists': [4796, 1697], 'modifiers': [{'type': 9, 'value': 50}]}"
1200455128,VERY_LONG,,1,249999900,,"{'id': 114818, 'context': 13, 'bonus_lists': [121, 525, 538]}"
1200455132,VERY_LONG,,1,105954400,,"{'id': 13052, 'context': 0}"
1200455135,VERY_LONG,,1,200001400,,"{'id': 130251, 'context': 13}"
1200455136,VERY_LONG,,1,43041900,,"{'id': 6660, 'context': 0, 'bonus_lists': [6659], 'modifiers': [{'type': 9, 'value': 30}, {'type': 28, 'value': 32}]}"
1200455138,VERY_LONG,,1,52500000,,"{'id': 31193, 'context': 0, 'bonus_lists': [6659], 'modifiers': [{'type': 9, 'value': 30}, {'type': 28, 'value': 37}]}"
1200455139,VERY_LONG,,1,91857100,,"{'id': 48122, 'context': 0}"
1200455140,VERY_LONG,,1,7499900,,"{'id': 52377, 'context': 0}"
1200455142,VERY_LONG,,1,3041000,,"{'id': 24673, 'context': 0, 'bonus_lists': [1692]}"
1200455144,VERY_LONG,,1,4000000,,"{'id': 13036, 'context': 0, 'bonus_lists': [6659], 'modifiers': [{'type': 9, 'value': 30}, {'type': 28, 'value': 1004}]}"
1200455147,VERY_LONG,,1,48386300,,"{'id': 169412, 'context': 0, 'bonus_lists': [4796, 40, 1682], 'modifiers': [{'type': 9, 'value': 50}]}"
1200455148,VERY_LONG,,1,291661400,,"{'id': 31221, 'context': 0, 'bonus_lists': [1707, 3763], 'modifiers': [{'type': 9, 'value': 30}]}"
1200455150,VERY_LONG,,1,64282300,,"{'id': 94095, 'context': 0, 'bonus_lists': [1716]}"
1200455154,VERY_LONG,,1,1500000,,"{'id': 176978, 'context': 23, 'bonus_lists': [6907, 6652, 1701], 'modifiers': [{'type': 9, 'value': 60}, {'type': 28, 'value': 749}]}"
1200455155,VERY_LONG,,1,5209700,,"{'id': 55682, 'context': 28, 'bonus_lists': [1678]}"
1200455156,VERY_LONG,,1,5209700,,"{'id': 55682, 'context': 29, 'bonus_lists': [1687, 4305], 'modifiers': [{'type': 9, 'value': 50}]}"
1200455159,VERY_LONG,,1,24055300,,"{'id': 15693, 'context': 0, 'bonus_lists': [6654, 1707], 'modifiers': [{'type': 9, 'value': 30}, {'type': 28, 'value': 36}]}"
1200455161,VERY_LONG,,1,48532600,,"{'id': 13076, 'context': 11, 'bonus_lists': [6658], 'modifiers': [{'type': 9, 'value': 30}, {'type': 28, 'value': 34}]}"
1200455167,VERY_LONG,,1,57000000,,"{'id': 82221, 'context': 0, 'bonus_lists': [1707]}"
1200455171,VERY_LONG,,1,9336500,,"{'id': 9954, 'context': 0, 'bonus_lists': [6654, 1694], 'modifiers': [{'type': 9, 'value': 30}, {'type': 28, 'value': 29}]}"
1200455174,VERY_LONG,,1,16000,,"{'id': 82800, 'context': 0, 'modifiers': [{'type': 6, 'value': 15663}], 'pet_breed_id': 13, 'pet_level': 1, 'pet_quality_id': 2, 'pet_species_id': 120}"
1200455176,VERY_LONG,,1,80901400,,"{'id': 39310, 'context': 0}"
1200455177,VERY_LONG,,1,227527700,,"{'id': 159527, 'context': 0, 'bonus_lists': [4796, 1683], 'modifiers': [{'type': 9, 'value': 50}]}"
1200455178,VERY_LONG,,1,25940400,,"{'id': 10164, 'context': 0, 'bonus_lists': [6654, 1694], 'modifiers': [{'type': 9, 'value': 30}, {'type': 28, 'value': 34}]}"
1200455180,VERY_LONG,,1,8849400,,"{'id': 176798, 'context': 0, 'bonus_lists': [6908, 6652, 1678], 'modifiers': [{'type': 9, 'value': 60}, {'type': 28, 'value': 1707}]}"
1200455181,VERY_LONG,,1,79476700,,"{'id': 106692, 'context': 2, 'bonus_lists': [6654, 117], 'modifiers': [{'type': 9, 'value': 40}, {'type': 28, 'value': 1138}]}"
1200455183,VERY_LONG,,1,5479900,,"{'id': 72013, 'context': 0}"
1200455186,VERY_LONG,,1,64956000,,"{'id': 15156, 'context': 54, 'bonus_lists': [4277, 1695], 'modifiers': [{'type': 9, 'value': 45}]}"
1200455189,VERY_LONG,,1,146217400,,"{'id': 8310, 'context': 1, 'bonus_lists': [6654], 'modifiers': [{'type': 9, 'value': 30}, {'type': 28, 'value': 205}]}"
1200455190,VERY_LONG,,1,30000000,,"{'id': 67142, 'context': 0}"
1200455192,VERY_LONG,,1,9834000,,"{'id': 82186, 'context': 0, 'bonus_lists': [1709]}"
1200455194,VERY_LONG,280000,35,,,{'id': 171286}
1200455196,VERY_LONG,,1,35733700,,"{'id': 106710, 'context': 1, 'bonus_lists': [6654, 199], 'modifiers': [{'type': 9, 'value': 40}, {'type': 28, 'value': 276}]}"
1200455197,VERY_LONG,,1,110000000,,"{'id': 82945, 'context': 0}"
1200455201,VERY_LONG,,1,546306200,,"{'id': 19168, 'context': 1}"
1200455202,VERY_LONG,,1,546306200,,"{'id': 19168, 'context': 1}"
1200455205,VERY_LONG,,1,32073800,,"{'id': 13027, 'context': 0, 'bonus_lists': [6659], 'modifiers': [{'type': 9, 'value': 30}, {'type': 28, 'value': 32}]}"
1200455206,VERY_LONG,,1,1000000000,,"{'id': 163928, 'context': 11}"
1200455207,LONG,,1,14000000,7000000,"{'id': 36241, 'context': 36, 'bonus_lists': [1695, 3850], 'modifiers': [{'type': 9, 'value': 32}]}"
1200455208,VERY_LONG,,1,6712900,,"{'id': 13002, 'context': 0}"
1200455209,LONG,,1,19500000,9750000,"{'id': 47627, 'context': 0, 'modifiers': [{'type': 28, 'value': 1988}]}"
1200455212,VERY_LONG,,1,36755600,,"{'id': 37789, 'context': 0}"
1200455213,LONG,,1,182445000,91222500,"{'id': 87423, 'context': 0}"
1200455216,VERY_LONG,,1,2000000,,"{'id': 10222, 'context': 1, 'bonus_lists': [1680]}"
1200455217,LONG,,1,149999800,74999900,"{'id': 106617, 'context': 29, 'bonus_lists': [3854, 27], 'modifiers': [{'type': 9, 'value': 45}]}"
1200455218,VERY_LONG,,1,8020000,,"{'id': 10381, 'context': 53, 'bonus_lists': [1691, 4277], 'modifiers': [{'type': 9, 'value': 50}]}"
1200455219,LONG,,1,31999900,16000000,"{'id': 25108, 'context': 28, 'bonus_lists': [1707, 3869], 'modifiers': [{'type': 9, 'value': 50}]}"
1200455220,VERY_LONG,,1,165264100,,"{'id': 169431, 'context': 0, 'bonus_lists': [4796, 41, 1714], 'modifiers': [{'type': 9, 'value': 50}]}"
1200455222,VERY_LONG,,1,769800,,"{'id': 82800, 'context': 0, 'modifiers': [{'type': 6, 'value': 5369}], 'pet_breed_id': 21, 'pet_level': 1, 'pet_quality_id': 2, 'pet_species_id': 52}"
1200455224,LONG,,1,4399700,2199900,"{'id': 167185, 'context': 0}"
1200455225,VERY_LONG,,1,14588900,,"{'id': 10169, 'context': 0, 'bonus_lists': [6654, 1695], 'modifiers': [{'type': 9, 'value': 30}, {'type': 28, 'value': 36}]}"
1200455227,LONG,,1,100000000,50000000,"{'id': 24700, 'context': 29, 'bonus_lists': [1705, 3849], 'modifiers': [{'type': 9, 'value': 27}]}"
1200455228,VERY_LONG,,1,8102300,,"{'id': 10244, 'context': 54, 'bonus_lists': [1680, 4277], 'modifiers': [{'type': 9, 'value': 50}]}"
1200455231,VERY_LONG,,1,499999400,,"{'id': 12797, 'context': 0}"
1200455232,LONG,,1,35000000,17500000,"{'id': 49994, 'context': 0, 'modifiers': [{'type': 28, 'value': 1023}]}"
1200455233,VERY_LONG,,1,37832200,,"{'id': 116529, 'context': 0, 'bonus_lists': [61]}"
1200455235,LONG,,1,27000000,13500000,"{'id': 106408, 'context': 28, 'bonus_lists': [3854, 92], 'modifiers': [{'type': 9, 'value': 38}]}"
1200455236,VERY_LONG,,1,6994800,,"{'id': 177793, 'context': 0, 'bonus_lists': [6907, 6652, 1706], 'modifiers': [{'type': 9, 'value': 60}, {'type': 28, 'value': 2060}]}"
1200455237,VERY_LONG,,1,95201800,,"{'id': 159166, 'context': 0, 'bonus_lists': [4796, 1717], 'modifiers': [{'type': 9, 'value': 50}]}"
1200455238,LONG,,1,9141600,4570800,"{'id': 25132, 'context': 27, 'bonus_lists': [1691, 3868], 'modifiers': [{'type': 9, 'value': 25}]}"
1200455240,VERY_LONG,,1,42586800,,"{'id': 159166, 'context': 0, 'bonus_lists': [4796, 1685], 'modifiers': [{'type': 9, 'value': 50}]}"
1200455241,LONG,,1,37000000,18500000,"{'id': 10301, 'context': 1, 'modifiers': [{'type': 28, 'value': 209}]}"
1200455242,VERY_LONG,,1,41434600,,"{'id': 159166, 'context': 0, 'bonus_lists': [4796, 1692], 'modifiers': [{'type': 9, 'value': 50}]}"
1200455243,LONG,,1,15897500,7948800,"{'id': 24950, 'context': 30, 'bonus_lists': [1705, 3850], 'modifiers': [{'type': 9, 'value': 32}]}"
1200455244,VERY_LONG,,1,22396900,,"{'id': 67139, 'context': 0}"
1200455245,LONG,,1,259999800,129999900,"{'id': 161921, 'context': 13, 'bonus_lists': [1703, 6860, 5804]}"
1200455246,VERY_LONG,,1,49999900,,"{'id': 180760, 'context': 13}"
1200455247,LONG,,1,460587200,288560900,"{'id': 12728, 'context': 0}"
1200455248,VERY_LONG,,1,11575700,,"{'id': 141292, 'context': 0, 'bonus_lists': [1812], 'modifiers': [{'type': 9, 'value': 45}]}"
1200455250,VERY_LONG,,1,10753300,,"{'id': 36287, 'context': 3, 'bonus_lists': [6654, 1706], 'modifiers': [{'type': 9, 'value': 30}, {'type': 28, 'value': 1020}]}"
1200455251,LONG,,1,320000000,160000000,"{'id': 16052, 'context': 1}"
1200455252,VERY_LONG,,1,3769800,,"{'id': 82800, 'context': 0, 'modifiers': [{'type': 6, 'value': 20029}], 'pet_breed_id': 6, 'pet_level': 1, 'pet_quality_id': 2, 'pet_species_id': 145}"
1200455253,VERY_LONG,,1,49269800,,"{'id': 15770, 'context': 1}"
1200455255,LONG,,1,22000000,11000000,"{'id': 47657, 'context': 0}"
1200455258,VERY_LONG,,1,3164900,,"{'id': 29363, 'context': 0}"
1200455259,LONG,,1,44000000,22000000,"{'id': 47655, 'context': 0}"
1200455260,VERY_LONG,,1,22738000,,"{'id': 10261, 'context': 0, 'bonus_lists': [6654, 1693], 'modifiers': [{'type': 9, 'value': 30}, {'type': 28, 'value': 1004}]}"
1200455261,LONG,,1,169999800,84999900,"{'id': 161896, 'context': 13, 'bonus_lists': [1676, 6861, 5804]}"
1200455263,VERY_LONG,,1,5999900,,"{'id': 177795, 'context': 0, 'bonus_lists': [6907, 6652, 6935, 1710], 'modifiers': [{'type': 9, 'value': 60}, {'type': 28, 'value': 1707}]}"
1200455264,VERY_LONG,,1,99998300,,"{'id': 118347, 'context': 1}"
1200455265,LONG,,1,44000000,22000000,"{'id': 69966, 'context': 5, 'modifiers': [{'type': 28, 'value': 1029}]}"
1200455266,VERY_LONG,,1,665136200,,"{'id': 169417, 'context': 0, 'bonus_lists': [4796, 1703], 'modifiers': [{'type': 9, 'value': 50}]}"
1200455267,LONG,,1,14999800,7499900,"{'id': 72011, 'context': 0}"
1200455270,VERY_LONG,,1,665136200,,"{'id': 169417, 'context': 0, 'bonus_lists': [4796, 1700], 'modifiers': [{'type': 9, 'value': 50}]}"
1200455271,LONG,,1,32000000,16000000,"{'id': 15012, 'context': 43, 'bonus_lists': [1679, 4276], 'modifiers': [{'type': 9, 'value': 22}]}"
1200455273,VERY_LONG,,1,180000000,,"{'id': 66959, 'context': 0}"
1200455274,LONG,,1,870000000,435000000,"{'id': 24304, 'context': 1}"
1200455276,VERY_LONG,,1,10008600,,"{'id': 82800, 'context': 0, 'modifiers': [{'type': 6, 'value': 55679}], 'pet_breed_id': 14, 'pet_level': 1, 'pet_quality_id': 3, 'pet_species_id': 1412}"
1200455277,LONG,,1,34500000,17250000,"{'id': 52382, 'context': 0}"
1200455279,VERY_LONG,,1,30000600,,"{'id': 82800, 'context': 0, 'modifiers': [{'type': 6, 'value': 43868}], 'pet_breed_id': 13, 'pet_level': 1, 'pet_quality_id': 2, 'pet_species_id': 792}"
1200455280,VERY_LONG,,1,130000000,,"{'id': 16246, 'context': 0}"
1200455281,LONG,,1,50000,46100,"{'id': 82800, 'context': 0, 'modifiers': [{'type': 6, 'value': 99018}], 'pet_breed_id': 7, 'pet_level': 1, 'pet_quality_id': 2, 'pet_species_id': 2798}"
1200455282,VERY_LONG,,1,130000000,,"{'id': 16246, 'context': 0}"
1200455284,LONG,,1,50000,46100,"{'id': 82800, 'context': 0, 'modifiers': [{'type': 6, 'value': 99018}], 'pet_breed_id': 7, 'pet_level': 1, 'pet_quality_id': 2, 'pet_species_id': 2798}"
1200455286,VERY_LONG,,1,8743600,,"{'id': 52368, 'context': 0}"
1200455287,LONG,,1,50000,46100,"{'id': 82800, 'context': 0, 'modifiers': [{'type': 6, 'value': 99018}], 'pet_breed_id': 7, 'pet_level': 1, 'pet_quality_id': 2, 'pet_species_id': 2798}"
1200455290,VERY_LONG,,1,12541500,,"{'id': 118344, 'context': 1}"
1200455292,LONG,,1,28989900,14495000,"{'id': 72000, 'context': 0, 'modifiers': [{'type': 28, 'value': 1030}]}"
1200455293,VERY_LONG,,1,5138400,,"{'id': 106701, 'context': 29, 'bonus_lists': [3854, 34], 'modifiers': [{'type': 9, 'value': 45}]}"
1200455294,LONG,,1,27000000,13500000,"{'id': 60210, 'context': 0}"
1200455296,VERY_LONG,,1,10840000,,"{'id': 52378, 'context': 0}"
1200455297,VERY_LONG,,1,9999900,,"{'id': 182560, 'context': 0, 'bonus_lists': [6907, 6652, 1700], 'modifiers': [{'type': 9, 'value': 60}, {'type': 28, 'value': 2060}]}"
1200455298,LONG,,1,7000000,3500000,"{'id': 9876, 'context': 1, 'bonus_lists': [6654, 1706], 'modifiers': [{'type': 9, 'value': 30}, {'type': 28, 'value': 214}]}"
1200455299,VERY_LONG,,1,91702000,,"{'id': 67043, 'context': 0}"
1200455300,LONG,,1,51439100,25719600,"{'id': 3831, 'context': 1}"
1200455301,VERY_LONG,,1,311625900,,"{'id': 170116, 'context': 0, 'bonus_lists': [4796, 4802, 1685], 'modifiers': [{'type': 9, 'value': 50}]}"
1200455303,LONG,,1,89999800,44999900,"{'id': 3611, 'context': 1}"
1200455306,LONG,,1,89999800,44999900,"{'id': 3611, 'context': 0, 'modifiers': [{'type': 28, 'value': 18}]}"
1200455309,LONG,,1,5067500,4638300,"{'id': 11225, 'context': 0, 'modifiers': [{'type': 28, 'value': 30}]}"
1200455310,LONG,,1,8661300,4330700,"{'id': 22220, 'context': 0}"
1200455313,LONG,,1,8812400,4406200,"{'id': 24971, 'context': 27, 'bonus_lists': [1706, 3839], 'modifiers': [{'type': 9, 'value': 25}]}"
1200455317,LONG,,1,8812400,4406200,"{'id': 24971, 'context': 30, 'bonus_lists': [1678, 3850], 'modifiers': [{'type': 9, 'value': 29}]}"
1200455319,LONG,,1,14685500,10585900,"{'id': 7450, 'context': 1}"
1200455321,VERY_LONG,,1,850000,,"{'id': 173249, 'context': 63, 'bonus_lists': [6716, 7193, 1487]}"
1200455323,LONG,,1,40000000,20000000,"{'id': 82160, 'context': 27, 'bonus_lists': [1693, 4312], 'modifiers': [{'type': 9, 'value': 31}]}"
1200455325,VERY_LONG,,1,850000,,"{'id': 173249, 'context': 63, 'bonus_lists': [6716, 7194, 1487]}"
1200455326,LONG,,1,6647600,,"{'id': 25313, 'context': 2, 'bonus_lists': [6655, 1709], 'modifiers': [{'type': 9, 'value': 30}, {'type': 28, 'value': 1076}]}"
1200455327,LONG,,1,42000000,21000000,"{'id': 24928, 'context': 26, 'bonus_lists': [1681, 3838], 'modifiers': [{'type': 9, 'value': 25}]}"
1200455330,VERY_LONG,,1,850000,,"{'id': 173249, 'context': 63, 'bonus_lists': [6716, 7194, 1487]}"
1200455335,LONG,,1,10000000,,"{'id': 13116, 'context': 0, 'bonus_lists': [6658], 'modifiers': [{'type': 9, 'value': 30}, {'type': 28, 'value': 1005}]}"
1200455337,LONG,,1,360000000,180000000,"{'id': 163954, 'context': 54, 'bonus_lists': [1472, 4786], 'modifiers': [{'type': 28, 'value': 187}]}"
1200455340,LONG,10325300,2,,,{'id': 12607}
1200455341,LONG,,1,15500000,7750000,"{'id': 25169, 'context': 3, 'bonus_lists': [6655, 1707], 'modifiers': [{'type': 9, 'value': 30}, {'type': 28, 'value': 1014}]}"
1200455343,LONG,,1,80383100,,"{'id': 55731, 'context': 5, 'bonus_lists': [6654, 1698], 'modifiers': [{'type': 9, 'value': 35}, {'type': 28, 'value': 1029}]}"
1200455347,LONG,,1,11188100,7734000,"{'id': 7520, 'context': 0, 'bonus_lists': [1693]}"
1200455348,VERY_LONG,,1,16000,,"{'id': 82800, 'context': 0, 'modifiers': [{'type': 6, 'value': 15663}], 'pet_breed_id': 13, 'pet_level': 1, 'pet_quality_id': 2, 'pet_species_id': 120}"
1200455350,LONG,,1,8329800,4760800,"{'id': 11081, 'context': 0}"
1200455351,LONG,,1,101000000,50500000,"{'id': 41786, 'context': 0}"
1200455354,LONG,,1,28000000,14000000,"{'id': 12835, 'context': 1}"
1200455357,VERY_LONG,,1,3799900,,"{'id': 176790, 'context': 9, 'bonus_lists': [6907, 6652, 7194, 1717], 'modifiers': [{'type': 9, 'value': 60}, {'type': 28, 'value': 1707}]}"
1200455358,LONG,,1,11070900,5535500,"{'id': 9852, 'context': 1, 'bonus_lists': [1679]}"
1200455361,LONG,,1,145000000,72500000,"{'id': 15010, 'context': 26, 'bonus_lists': [1681, 3829], 'modifiers': [{'type': 9, 'value': 7}]}"
1200455364,LONG,,1,350000000,175000000,"{'id': 166834, 'context': 0}"
1200455368,LONG,,1,350000000,175000000,"{'id': 166834, 'context': 11}"
1200455369,LONG,,1,1500000,1176800,"{'id': 4705, 'context': 0}"
1200455375,LONG,,1,500000,401200,"{'id': 55554, 'context': 2, 'bonus_lists': [6654, 1712], 'modifiers': [{'type': 9, 'value': 35}, {'type': 28, 'value': 1115}]}"
1200455378,LONG,,1,500000,401200,"{'id': 55554, 'context': 0, 'bonus_lists': [6654, 1688], 'modifiers': [{'type': 9, 'value': 35}, {'type': 28, 'value': 54}]}"
1200455384,LONG,,1,550000000,275000000,"{'id': 18744, 'context': 1, 'bonus_lists': [4052], 'modifiers': [{'type': 9, 'value': 25}]}"
1200455388,VERY_LONG,,1,1541400,,"{'id': 21308, 'context': 11, 'modifiers': [{'type': 28, 'value': 420}]}"
1200455389,LONG,,1,78754500,39377300,"{'id': 25089, 'context': 26, 'bonus_lists': [1681, 3867], 'modifiers': [{'type': 9, 'value': 24}]}"
1200455392,LONG,,1,400000000,200000000,"{'id': 87455, 'context': 22, 'bonus_lists': [6658], 'modifiers': [{'type': 9, 'value': 35}, {'type': 28, 'value': 1129}]}"
1200455394,LONG,,1,390000000,195000000,"{'id': 31333, 'context': 0}"
1200455399,LONG,,1,33330100,21177300,"{'id': 6511, 'context': 25, 'bonus_lists': [3828], 'modifiers': [{'type': 9, 'value': 3}]}"
1200455403,LONG,,1,33330100,21177300,"{'id': 6511, 'context': 27, 'bonus_lists': [3830], 'modifiers': [{'type': 9, 'value': 9}]}"
1200455408,LONG,,1,42500000,21250000,"{'id': 36644, 'context': 0, 'bonus_lists': [1678]}"
1200455411,LONG,,1,110000000,55000000,"{'id': 3612, 'context': 0}"
1200455414,LONG,,1,23748300,15735500,"{'id': 9973, 'context': 54, 'bonus_lists': [1691, 4278], 'modifiers': [{'type': 9, 'value': 42}]}"
1200455417,LONG,,1,23999700,11999900,"{'id': 35593, 'context': 0}"
1200455416,VERY_LONG,,1,1402900,,"{'id': 82800, 'context': 0, 'modifiers': [{'type': 6, 'value': 61549}], 'pet_breed_id': 6, 'pet_level': 1, 'pet_quality_id': 2, 'pet_species_id': 1537}"
1200455420,LONG,,1,8000000,4000000,"{'id': 35995, 'context': 36, 'bonus_lists': [1695, 3850], 'modifiers': [{'type': 9, 'value': 50}]}"
1200455425,LONG,,1,8499900,4250000,"{'id': 14907, 'context': 1, 'bonus_lists': [1681]}"
1200455428,LONG,,1,640000000,320000000,"{'id': 16253, 'context': 0}"
1200455433,LONG,,1,4999800,2905300,"{'id': 104227, 'context': 0}"
1200455435,LONG,,1,55000000,27500000,"{'id': 36496, 'context': 36, 'bonus_lists': [1681, 3873], 'modifiers': [{'type': 9, 'value': 30}]}"
1200455436,LONG,,1,39000000,19500000,"{'id': 15425, 'context': 54, 'bonus_lists': [4277, 1691], 'modifiers': [{'type': 9, 'value': 45}]}"
1200455438,VERY_LONG,,1,11999900,,"{'id': 82800, 'context': 0, 'modifiers': [{'type': 6, 'value': 44551}], 'pet_breed_id': 6, 'pet_level': 1, 'pet_quality_id': 2, 'pet_species_id': 1039}"
1200455440,LONG,,1,3429900,2089200,"{'id': 8300, 'context': 0}"
1200455442,LONG,,1,583479600,291739800,"{'id': 35218, 'context': 0, 'modifiers': [{'type': 28, 'value': 1015}]}"
1200455444,LONG,,1,42000000,21000000,"{'id': 106493, 'context': 0, 'bonus_lists': [6654, 207], 'modifiers': [{'type': 9, 'value': 36}, {'type': 28, 'value': 1766}]}"
1200455447,LONG,,1,2500000,1250000,"{'id': 24723, 'context': 36, 'bonus_lists': [1678, 3850], 'modifiers': [{'type': 9, 'value': 31}]}"
1200455449,LONG,,1,57500000,28750000,"{'id': 55309, 'context': 36, 'bonus_lists': [1684, 4765], 'modifiers': [{'type': 9, 'value': 45}]}"
1200455451,LONG,,1,2499900,1870700,"{'id': 36324, 'context': 0, 'bonus_lists': [6654, 1680], 'modifiers': [{'type': 9, 'value': 39}, {'type': 28, 'value': 1745}]}"
1200455453,LONG,,1,30000000,15000000,"{'id': 106589, 'context': 29, 'bonus_lists': [4503, 121], 'modifiers': [{'type': 9, 'value': 42}]}"
1200455455,VERY_LONG,,1,54764100,,"{'id': 82800, 'context': 0, 'modifiers': [{'type': 6, 'value': 6302}], 'pet_breed_id': 15, 'pet_level': 1, 'pet_quality_id': 2, 'pet_species_id': 200}"
1200455456,LONG,,1,26068100,13034100,"{'id': 14866, 'context': 0}"
1200455457,LONG,,1,57500000,28750000,"{'id': 15543, 'context': 37, 'bonus_lists': [1680, 3864], 'modifiers': [{'type': 9, 'value': 20}]}"
1200455460,LONG,,1,274392200,137196100,"{'id': 13487, 'context': 0}"
1200455462,LONG,,1,25000000,12500000,"{'id': 25256, 'context': 28, 'bonus_lists': [1692, 3869], 'modifiers': [{'type': 9, 'value': 43}]}"
1200455464,LONG,,1,29762400,14881200,"{'id': 15165, 'context': 1, 'bonus_lists': [6654, 1691], 'modifiers': [{'type': 9, 'value': 30}, {'type': 28, 'value': 278}]}"
1200455465,LONG,,1,5750000,2875000,"{'id': 6613, 'context': 54, 'bonus_lists': [1707, 4277], 'modifiers': [{'type': 9, 'value': 50}]}"
1200455468,LONG,,1,32000000,16000000,"{'id': 10302, 'context': 0}"
1200455472,VERY_LONG,1749900,2,,,{'id': 171428}
1200455473,LONG,,1,34500000,17250000,"{'id': 3874, 'context': 0}"
1200455474,VERY_LONG,,1,3003300,,"{'id': 82800, 'context': 0, 'modifiers': [{'type': 6, 'value': 59602}], 'pet_breed_id': 8, 'pet_level': 1, 'pet_quality_id': 2, 'pet_species_id': 1532}"
1200455476,LONG,,1,40000000,20000000,"{'id': 55758, 'context': 28, 'bonus_lists': [1687, 4763], 'modifiers': [{'type': 9, 'value': 32}]}"
1200455477,LONG,,1,8989800,4494900,"{'id': 72003, 'context': 0}"
1200455478,LONG,,1,499900,,"{'id': 30283, 'context': 0, 'modifiers': [{'type': 28, 'value': 1011}]}"
1200455479,LONG,,1,23000000,11500000,"{'id': 6431, 'context': 1, 'bonus_lists': [6654], 'modifiers': [{'type': 9, 'value': 30}, {'type': 28, 'value': 217}]}"
1200455481,LONG,,1,29990000,,"{'id': 82800, 'context': 0, 'modifiers': [{'type': 6, 'value': 90140}], 'pet_breed_id': 16, 'pet_level': 1, 'pet_quality_id': 3, 'pet_species_id': 2548}"
1200455482,LONG,,1,179999800,89999900,"{'id': 14490, 'context': 0}"
1200455483,LONG,,1,17555400,,"{'id': 82800, 'context': 0, 'modifiers': [{'type': 6, 'value': 22778}], 'pet_breed_id': 8, 'pet_level': 6, 'pet_quality_id': 2, 'pet_species_id': 254}"
1200455484,LONG,,1,40379800,20189900,"{'id': 15487, 'context': 27, 'bonus_lists': [1709, 3830], 'modifiers': [{'type': 9, 'value': 9}]}"
1200455488,LONG,,1,1501300,,"{'id': 24690, 'context': 0, 'bonus_lists': [6654, 1705], 'modifiers': [{'type': 9, 'value': 30}, {'type': 28, 'value': 1008}]}"
1200455489,LONG,,1,40379800,20189900,"{'id': 15487, 'context': 1, 'bonus_lists': [1707]}"
1200455491,LONG,,1,12000000,6000000,"{'id': 36463, 'context': 0, 'bonus_lists': [6655, 1694], 'modifiers': [{'type': 9, 'value': 35}, {'type': 28, 'value': 1745}]}"
1200455492,LONG,,1,8537100,,"{'id': 176801, 'context': 0, 'bonus_lists': [6908, 6652, 1703], 'modifiers': [{'type': 9, 'value': 60}, {'type': 28, 'value': 1707}]}"
1200455493,LONG,,1,18000000,9000000,"{'id': 9816, 'context': 53, 'bonus_lists': [1707, 4281], 'modifiers': [{'type': 9, 'value': 50}]}"
1200455494,LONG,,1,13999800,,"{'id': 69957, 'context': 5, 'modifiers': [{'type': 28, 'value': 1029}]}"
1200455495,LONG,,1,2485100,1242600,"{'id': 3042, 'context': 28, 'bonus_lists': [3860], 'modifiers': [{'type': 9, 'value': 11}]}"
1200455496,LONG,,1,4346000,,"{'id': 175558, 'context': 0, 'bonus_lists': [6907, 1716], 'modifiers': [{'type': 9, 'value': 60}, {'type': 28, 'value': 1707}]}"
1200455498,VERY_LONG,,1,8000000,,"{'id': 152878, 'context': 13}"
1200455499,LONG,,1,22000000,11000000,"{'id': 24586, 'context': 28, 'bonus_lists': [1679, 3840], 'modifiers': [{'type': 9, 'value': 30}]}"
1200455500,LONG,,1,29969800,,"{'id': 82800, 'context': 0, 'modifiers': [{'type': 6, 'value': 29805}], 'pet_breed_id': 8, 'pet_level': 1, 'pet_quality_id': 2, 'pet_species_id': 232}"
1200455501,LONG,,1,62500000,31250000,"{'id': 82114, 'context': 0, 'bonus_lists': [6655, 1677], 'modifiers': [{'type': 9, 'value': 35}, {'type': 28, 'value': 58}]}"
1200455502,LONG,,1,1477800,,"{'id': 176781, 'context': 0, 'bonus_lists': [6907, 6652, 1692], 'modifiers': [{'type': 9, 'value': 60}, {'type': 28, 'value': 2060}]}"
1200455504,LONG,,1,77500000,38750000,"{'id': 116597, 'context': 0, 'bonus_lists': [6655, 126], 'modifiers': [{'type': 9, 'value': 40}, {'type': 28, 'value': 68}]}"
1200455506,LONG,,1,249949800,,"{'id': 173087, 'context': 13}"
1200455507,LONG,,1,14414100,,"{'id': 82800, 'context': 0, 'modifiers': [{'type': 6, 'value': 61891}], 'pet_breed_id': 12, 'pet_level': 1, 'pet_quality_id': 3, 'pet_species_id': 1626}"
1200455508,LONG,,1,27603200,13801600,"{'id': 14769, 'context': 0, 'bonus_lists': [6654], 'modifiers': [{'type': 9, 'value': 30}, {'type': 28, 'value': 21}]}"
1200455509,LONG,,1,249949800,,"{'id': 173087, 'context': 13}"
1200455511,LONG,,1,800000,,"{'id': 16850, 'context': 0, 'modifiers': [{'type': 28, 'value': 1004}]}"
1200455512,LONG,,1,679999800,339999900,"{'id': 104235, 'context': 0}"
1200455513,LONG,,1,42479900,21240000,"{'id': 14831, 'context': 54, 'bonus_lists': [4277], 'modifiers': [{'type': 9, 'value': 45}]}"
1200455515,LONG,,1,42479900,21240000,"{'id': 14831, 'context': 0, 'bonus_lists': [6654], 'modifiers': [{'type': 9, 'value': 30}, {'type': 28, 'value': 21}]}"
1200455516,LONG,,1,37479900,18740000,"{'id': 14117, 'context': 28, 'bonus_lists': [1693, 3831], 'modifiers': [{'type': 9, 'value': 10}]}"
1200455518,LONG,,1,46000000,23000000,"{'id': 47635, 'context': 0}"
1200455519,LONG,,1,800000,,"{'id': 16850, 'context': 0, 'modifiers': [{'type': 28, 'value': 1004}]}"
1200455520,LONG,,1,201820800,100910400,"{'id': 141919, 'context': 17}"
1200455521,VERY_LONG,2200,1,,,{'id': 173038}
1200455522,LONG,,1,800000,,"{'id': 16850, 'context': 0, 'modifiers': [{'type': 28, 'value': 1004}]}"
1200455523,LONG,,1,82500000,41250000,"{'id': 2878, 'context': 0}"
1200455525,LONG,,1,10044300,,"{'id': 36397, 'context': 0, 'bonus_lists': [6654, 1691], 'modifiers': [{'type': 9, 'value': 30}, {'type': 28, 'value': 1017}]}"
1200455527,LONG,,1,17888200,,"{'id': 25141, 'context': 3, 'bonus_lists': [6655, 1707], 'modifiers': [{'type': 9, 'value': 30}, {'type': 28, 'value': 1014}]}"
1200455529,LONG,,1,17888500,,"{'id': 25141, 'context': 3, 'bonus_lists': [6655, 1677], 'modifiers': [{'type': 9, 'value': 30}, {'type': 28, 'value': 1014}]}"
1200455531,LONG,,1,69999900,35000000,"{'id': 7421, 'context': 43, 'bonus_lists': [1693, 4276], 'modifiers': [{'type': 9, 'value': 22}]}"
1200455533,LONG,,1,42425600,,"{'id': 55458, 'context': 5, 'bonus_lists': [6655, 1691], 'modifiers': [{'type': 9, 'value': 35}, {'type': 28, 'value': 1029}]}"
1200455536,LONG,,1,42425600,,"{'id': 55458, 'context': 5, 'bonus_lists': [6655, 1708], 'modifiers': [{'type': 9, 'value': 35}, {'type': 28, 'value': 1029}]}"
1200455540,LONG,,1,139758400,,"{'id': 55480, 'context': 5, 'bonus_lists': [6655, 1713], 'modifiers': [{'type': 9, 'value': 35}, {'type': 28, 'value': 1029}]}"
1200455541,LONG,,1,69999900,35000000,"{'id': 7421, 'context': 1, 'bonus_lists': [1679]}"
1200455542,LONG,,1,1990000,,"{'id': 82800, 'context': 0, 'modifiers': [{'type': 6, 'value': 89609}], 'pet_breed_id': 15, 'pet_level': 1, 'pet_quality_id': 3, 'pet_species_id': 2525}"
1200455543,LONG,,1,5503800,,"{'id': 25001, 'context': 0, 'bonus_lists': [6654, 1695], 'modifiers': [{'type': 9, 'value': 30}, {'type': 28, 'value': 1008}]}"
1200455545,LONG,,1,10007000,,"{'id': 69960, 'context': 5, 'modifiers': [{'type': 28, 'value': 1029}]}"
1200455546,VERY_LONG,16500,1,,,{'id': 173041}
1200455547,LONG,,1,7479700,,"{'id': 82800, 'context': 0, 'modifiers': [{'type': 6, 'value': 58770}], 'pet_breed_id': 15, 'pet_level': 1, 'pet_quality_id': 3, 'pet_species_id': 1467}"
1200455548,LONG,,1,125275100,62637600,"{'id': 15603, 'context': 36, 'bonus_lists': [1678, 3834], 'modifiers': [{'type': 9, 'value': 16}]}"
1200455549,LONG,,1,7479700,,"{'id': 82800, 'context': 0, 'modifiers': [{'type': 6, 'value': 58770}], 'pet_breed_id': 14, 'pet_level': 1, 'pet_quality_id': 3, 'pet_species_id': 1467}"
1200455550,LONG,,1,25054400,12527200,"{'id': 5774, 'context': 1}"
1200455552,LONG,,1,31087000,,"{'id': 82800, 'context': 0, 'modifiers': [{'type': 6, 'value': 39109}], 'pet_breed_id': 13, 'pet_level': 1, 'pet_quality_id': 3, 'pet_species_id': 340}"
1200455555,LONG,,1,69824400,,"{'id': 55466, 'context': 5, 'bonus_lists': [6655, 1707], 'modifiers': [{'type': 9, 'value': 35}, {'type': 28, 'value': 1029}]}"
1200455560,LONG,,1,69824400,,"{'id': 55466, 'context': 5, 'bonus_lists': [6655, 1699], 'modifiers': [{'type': 9, 'value': 35}, {'type': 28, 'value': 1029}]}"
1200455562,LONG,,1,1500000,750000,"{'id': 81975, 'context': 0, 'bonus_lists': [6654, 1709], 'modifiers': [{'type': 9, 'value': 35}, {'type': 28, 'value': 59}]}"
1200455564,LONG,,1,108931100,,"{'id': 69969, 'context': 5, 'modifiers': [{'type': 28, 'value': 1029}]}"
1200455568,LONG,,1,2884700,,"{'id': 25029, 'context': 0, 'bonus_lists': [6654, 1706], 'modifiers': [{'type': 9, 'value': 30}, {'type': 28, 'value': 1008}]}"
1200455572,LONG,,1,24499900,,"{'id': 24830, 'context': 1, 'bonus_lists': [6654, 1677], 'modifiers': [{'type': 9, 'value': 30}, {'type': 28, 'value': 232}]}"
1200455574,LONG,,1,12000000,6000000,"{'id': 82077, 'context': 36, 'bonus_lists': [1694, 4764], 'modifiers': [{'type': 9, 'value': 47}]}"
1200455577,LONG,,1,207386700,,"{'id': 82800, 'context': 0, 'modifiers': [{'type': 6, 'value': 58547}], 'pet_breed_id': 18, 'pet_level': 8, 'pet_quality_id': 3, 'pet_species_id': 1450}"
1200455578,LONG,,1,15009000,7504500,"{'id': 72012, 'context': 0}"
1200455585,LONG,,1,27742500,13871300,"{'id': 72009, 'context': 0}"
1200455589,LONG,,1,87735500,,"{'id': 82800, 'context': 0, 'modifiers': [{'type': 6, 'value': 60876}], 'pet_breed_id': 18, 'pet_level': 1, 'pet_quality_id': 3, 'pet_species_id': 1574}"
1200455591,LONG,300000,530,,,{'id': 168586}
1200455594,LONG,,1,25000500,12500300,"{'id': 7085, 'context': 0, 'modifiers': [{'type': 28, 'value': 21}]}"
1200455595,LONG,,1,14144700,,"{'id': 13072, 'context': 0, 'bonus_lists': [6658], 'modifiers': [{'type': 9, 'value': 30}, {'type': 28, 'value': 1005}]}"
1200455596,LONG,,1,14144700,,"{'id': 13072, 'context': 0, 'bonus_lists': [6658], 'modifiers': [{'type': 9, 'value': 30}, {'type': 28, 'value': 1005}]}"
1200455599,LONG,,1,52062900,,"{'id': 15942, 'context': 0, 'bonus_lists': [6655, 1678], 'modifiers': [{'type': 9, 'value': 30}, {'type': 28, 'value': 1005}]}"
1200455601,LONG,,1,3337700,,"{'id': 36375, 'context': 0, 'bonus_lists': [6654, 1709], 'modifiers': [{'type': 9, 'value': 30}, {'type': 28, 'value': 1017}]}"
1200455602,LONG,,1,124000000,62000000,"{'id': 41788, 'context': 1, 'modifiers': [{'type': 28, 'value': 239}]}"
1200455603,VERY_LONG,3410000,1,,,{'id': 41731}
1200455605,LONG,,1,81632300,,"{'id': 55297, 'context': 5, 'bonus_lists': [6655, 1677], 'modifiers': [{'type': 9, 'value': 35}, {'type': 28, 'value': 1029}]}"
1200455609,LONG,,1,1327100,,"{'id': 24800, 'context': 0, 'bonus_lists': [6654, 1709], 'modifiers': [{'type': 9, 'value': 30}, {'type': 28, 'value': 1008}]}"
1200455611,LONG,,1,42425500,21212800,"{'id': 55458, 'context': 3, 'bonus_lists': [6655, 1685], 'modifiers': [{'type': 9, 'value': 35}, {'type': 28, 'value': 1029}]}"
1200455612,LONG,,1,790000000,,"{'id': 182978, 'context': 4, 'bonus_lists': [7186, 6652, 7194, 1459, 6646], 'modifiers': [{'type': 28, 'value': 750}]}"
1200455615,LONG,,1,26999900,13500000,"{'id': 47624, 'context': 0}"
1200455616,LONG,,1,264370000,,"{'id': 55454, 'context': 5, 'bonus_lists': [6655, 1677], 'modifiers': [{'type': 9, 'value': 35}, {'type': 28, 'value': 1029}]}"
1200455620,LONG,,1,3230100,,"{'id': 24799, 'context': 0, 'bonus_lists': [6654, 1679], 'modifiers': [{'type': 9, 'value': 30}, {'type': 28, 'value': 1008}]}"
1200455623,LONG,,1,7634400,,"{'id': 82800, 'context': 0, 'modifiers': [{'type': 6, 'value': 99870}], 'pet_breed_id': 9, 'pet_level': 1, 'pet_quality_id': 2, 'pet_species_id': 3039}"
1200455624,LONG,,1,20499900,10250000,"{'id': 72006, 'context': 0}"
1200455627,LONG,,1,9476953200,,"{'id': 82800, 'context': 0, 'modifiers': [{'type': 6, 'value': 25002}], 'pet_breed_id': 3, 'pet_level': 25, 'pet_quality_id': 3, 'pet_species_id': 183}"
1200455632,LONG,,1,57811100,,"{'id': 66992, 'context': 5, 'bonus_lists': [6658], 'modifiers': [{'type': 9, 'value': 35}, {'type': 28, 'value': 1029}]}"
1200455634,LONG,146100,1078,,,{'id': 169701}
1200455636,LONG,,1,71322900,,"{'id': 82800, 'context': 0, 'modifiers': [{'type': 6, 'value': 69254}], 'pet_breed_id': 22, 'pet_level': 3, 'pet_quality_id': 3, 'pet_species_id': 1885}"
1200455638,LONG,,1,28500000,14250000,"{'id': 14783, 'context': 43, 'bonus_lists': [4276], 'modifiers': [{'type': 9, 'value': 21}]}"
1200455641,LONG,,1,5999900,,"{'id': 82800, 'context': 0, 'modifiers': [{'type': 6, 'value': 90422}], 'pet_breed_id': 16, 'pet_level': 1, 'pet_quality_id': 2, 'pet_species_id': 2526}"
1200455645,LONG,,1,12993500,,"{'id': 10390, 'context': 0, 'bonus_lists': [6654, 1679], 'modifiers': [{'type': 9, 'value': 30}, {'type': 28, 'value': 1004}]}"
1200455649,LONG,,1,47000000,23500000,"{'id': 14223, 'context': 54, 'bonus_lists': [1694, 4277], 'modifiers': [{'type': 9, 'value': 25}]}"
1200455650,LONG,,1,350000,,"{'id': 32747, 'context': 3, 'modifiers': [{'type': 28, 'value': 1014}]}"
1200455652,LONG,,1,57033300,28516700,"{'id': 9819, 'context': 42, 'bonus_lists': [3836, 1707], 'modifiers': [{'type': 9, 'value': 19}]}"
1200455653,LONG,,1,1000000,,"{'id': 13013, 'context': 0, 'bonus_lists': [6658], 'modifiers': [{'type': 9, 'value': 30}, {'type': 28, 'value': 1004}]}"
1200455657,LONG,,1,7504100,,"{'id': 82800, 'context': 0, 'modifiers': [{'type': 6, 'value': 65113}], 'pet_breed_id': 20, 'pet_level': 1, 'pet_quality_id': 3, 'pet_species_id': 1717}"
1200455659,LONG,,1,17999900,,"{'id': 82800, 'context': 0, 'modifiers': [{'type': 6, 'value': 16880}], 'pet_breed_id': 3, 'pet_level': 1, 'pet_quality_id': 3, 'pet_species_id': 2441}"
1200455664,LONG,,1,139999900,,"{'id': 82800, 'context': 0, 'modifiers': [{'type': 6, 'value': 51505}], 'pet_breed_id': 4, 'pet_level': 1, 'pet_quality_id': 2, 'pet_species_id': 1349}"
1200455666,LONG,,1,135000000,67500000,"{'id': 166831, 'context': 11}"
1200455667,LONG,,1,3953500,,"{'id': 25028, 'context': 0, 'bonus_lists': [6654, 1705], 'modifiers': [{'type': 9, 'value': 30}, {'type': 28, 'value': 1008}]}"
1200455671,LONG,,1,5826800,,"{'id': 15273, 'context': 0, 'bonus_lists': [6655, 1705], 'modifiers': [{'type': 9, 'value': 30}, {'type': 28, 'value': 1005}]}"
1200455674,LONG,,1,25645300,18416100,"{'id': 24214, 'context': 0, 'modifiers': [{'type': 28, 'value': 1012}]}"
1200455676,LONG,,1,7767600,,"{'id': 177784, 'context': 6, 'bonus_lists': [6907, 6652, 1715], 'modifiers': [{'type': 9, 'value': 60}, {'type': 28, 'value': 753}]}"
1200455677,VERY_LONG,44948000,1,,,{'id': 128315}
1200455679,LONG,,1,44676000,,"{'id': 82800, 'context': 0, 'modifiers': [{'type': 6, 'value': 74038}], 'pet_breed_id': 3, 'pet_level': 1, 'pet_quality_id': 3, 'pet_species_id': 2438}"
1200455684,LONG,,1,7458800,,"{'id': 36063, 'context': 0, 'bonus_lists': [6654, 1709], 'modifiers': [{'type': 9, 'value': 30}, {'type': 28, 'value': 1017}]}"
1200455687,LONG,,1,84000000,,"{'id': 15742, 'context': 0, 'modifiers': [{'type': 28, 'value': 1005}]}"
1200455705,LONG,,1,41920200,20960100,"{'id': 36412, 'context': 29, 'bonus_lists': [1695, 3849], 'modifiers': [{'type': 9, 'value': 28}]}"
1200455708,LONG,,1,59991200,29995600,"{'id': 67145, 'context': 0, 'bonus_lists': [6661], 'modifiers': [{'type': 9, 'value': 35}, {'type': 28, 'value': 165}]}"
1200455711,LONG,,1,25550000,12775000,"{'id': 55790, 'context': 1}"
1200455716,LONG,,1,14000000,7000000,"{'id': 18654, 'context': 1}"
1200455719,LONG,,1,272499900,136250000,"{'id': 20546, 'context': 0}"
1200455726,VERY_LONG,3300,1,,,{'id': 10286}
1200455735,LONG,,1,22260200,11130100,"{'id': 72014, 'context': 0, 'modifiers': [{'type': 28, 'value': 1030}]}"
1200455741,LONG,,1,7039900,3520000,"{'id': 9918, 'context': 1, 'bonus_lists': [1681]}"
1200455746,LONG,,1,10918000,,"{'id': 36398, 'context': 0, 'bonus_lists': [6654, 1692], 'modifiers': [{'type': 9, 'value': 30}, {'type': 28, 'value': 1017}]}"
1200455753,LONG,,1,60000000,,"{'id': 82800, 'context': 0, 'modifiers': [{'type': 6, 'value': 87895}], 'pet_breed_id': 16, 'pet_level': 1, 'pet_quality_id': 3, 'pet_species_id': 2436}"
1200455760,LONG,,1,22000000,11000000,"{'id': 9966, 'context': 54, 'bonus_lists': [1677, 4278], 'modifiers': [{'type': 9, 'value': 45}]}"
1200455762,LONG,,1,55758000,,"{'id': 82800, 'context': 0, 'modifiers': [{'type': 6, 'value': 87903}], 'pet_breed_id': 9, 'pet_level': 1, 'pet_quality_id': 3, 'pet_species_id': 2437}"
1200455767,LONG,,1,105999600,,"{'id': 82800, 'context': 0, 'modifiers': [{'type': 6, 'value': 90515}], 'pet_breed_id': 12, 'pet_level': 1, 'pet_quality_id': 2, 'pet_species_id': 2698}"
1200455771,LONG,,1,24001000,,"{'id': 82800, 'context': 0, 'modifiers': [{'type': 6, 'value': 91810}], 'pet_breed_id': 18, 'pet_level': 1, 'pet_quality_id': 3, 'pet_species_id': 2835}"
1200455773,LONG,,1,45007900,22504000,"{'id': 69959, 'context': 5}"
1200455775,LONG,,1,10390600,,"{'id': 10272, 'context': 0, 'bonus_lists': [6654, 1695], 'modifiers': [{'type': 9, 'value': 30}, {'type': 28, 'value': 1004}]}"
1200455780,LONG,,1,18528600,,"{'id': 55377, 'context': 5, 'bonus_lists': [6655, 1692], 'modifiers': [{'type': 9, 'value': 35}, {'type': 28, 'value': 1029}]}"
1200455784,LONG,,1,7008200,,"{'id': 82800, 'context': 0, 'modifiers': [{'type': 6, 'value': 26740}], 'pet_breed_id': 16, 'pet_level': 1, 'pet_quality_id': 3, 'pet_species_id': 1956}"
1200455787,LONG,,1,12539700,6269900,"{'id': 15381, 'context': 54, 'bonus_lists': [4277, 1693], 'modifiers': [{'type': 9, 'value': 45}]}"
1200455792,LONG,123000,5,,,{'id': 8170}
1200455795,LONG,,1,4942400,,"{'id': 25127, 'context': 0, 'bonus_lists': [6655, 1695], 'modifiers': [{'type': 9, 'value': 30}, {'type': 28, 'value': 1011}]}"
1200455798,LONG,,1,2319700,,"{'id': 13107, 'context': 0, 'bonus_lists': [6658], 'modifiers': [{'type': 9, 'value': 30}, {'type': 28, 'value': 1004}]}"
1200455801,LONG,,1,12000000,6000000,"{'id': 106648, 'context': 29, 'bonus_lists': [4503, 25], 'modifiers': [{'type': 9, 'value': 50}]}"
1200455803,LONG,,1,38351200,,"{'id': 176787, 'context': 0, 'bonus_lists': [6907, 6652, 7193, 1713], 'modifiers': [{'type': 9, 'value': 60}, {'type': 28, 'value': 2060}]}"
1200455805,LONG,,1,98313200,49156600,"{'id': 67114, 'context': 0}"
1200455807,VERY_LONG,245900,1,,,{'id': 33458}
1200455810,LONG,,1,3490000,,"{'id': 13077, 'context': 0, 'bonus_lists': [6658], 'modifiers': [{'type': 9, 'value': 30}, {'type': 28, 'value': 1005}]}"
1200455814,LONG,380000,3,,,{'id': 34664}
1200455821,LONG,,1,5060500,,"{'id': 177788, 'context': 5, 'bonus_lists': [6907, 6652, 7194, 1709], 'modifiers': [{'type': 9, 'value': 60}, {'type': 28, 'value': 752}]}"
1200455824,LONG,,1,235825800,,"{'id': 82800, 'context': 0, 'modifiers': [{'type': 6, 'value': 90141}], 'pet_breed_id': 4, 'pet_level': 1, 'pet_quality_id': 3, 'pet_species_id': 2549}"
1200455827,LONG,,1,58347700,,"{'id': 25230, 'context': 2, 'bonus_lists': [6655, 1694], 'modifiers': [{'type': 9, 'value': 30}, {'type': 28, 'value': 1076}]}"
1200455831,LONG,,1,32758100,,"{'id': 31178, 'context': 2, 'bonus_lists': [6658], 'modifiers': [{'type': 9, 'value': 30}, {'type': 28, 'value': 1076}]}"
1200455836,LONG,,1,2425700,,"{'id': 24893, 'context': 3, 'bonus_lists': [6654, 1692], 'modifiers': [{'type': 9, 'value': 30}, {'type': 28, 'value': 1014}]}"
1200455842,LONG,,1,7579100,,"{'id': 176961, 'context': 0, 'bonus_lists': [6907, 6652, 7194, 1711], 'modifiers': [{'type': 9, 'value': 60}, {'type': 28, 'value': 2060}]}"
1200455849,LONG,,1,34490000,,"{'id': 82800, 'context': 0, 'modifiers': [{'type': 6, 'value': 90944}], 'pet_breed_id': 14, 'pet_level': 1, 'pet_quality_id': 3, 'pet_species_id': 2695}"
1200455853,LONG,,1,23104800,,"{'id': 24827, 'context': 2, 'bonus_lists': [6654, 1694], 'modifiers': [{'type': 9, 'value': 30}, {'type': 28, 'value': 1076}]}"
1200455855,VERY_LONG,,1,12008500,,"{'id': 82800, 'context': 0, 'modifiers': [{'type': 6, 'value': 81214}], 'pet_breed_id': 19, 'pet_level': 1, 'pet_quality_id': 3, 'pet_species_id': 2719}"
1200455860,LONG,,1,20970000,,"{'id': 82800, 'context': 0, 'modifiers': [{'type': 6, 'value': 90142}], 'pet_breed_id': 9, 'pet_level': 1, 'pet_quality_id': 3, 'pet_species_id': 2550}"
1200455863,LONG,,1,57200600,,"{'id': 55396, 'context': 5, 'bonus_lists': [6655, 1708], 'modifiers': [{'type': 9, 'value': 35}, {'type': 28, 'value': 1029}]}"
1200455866,LONG,,1,57200600,,"{'id': 55396, 'context': 5, 'bonus_lists': [6655, 1680], 'modifiers': [{'type': 9, 'value': 35}, {'type': 28, 'value': 1029}]}"
1200455870,LONG,,1,241900,,"{'id': 25306, 'context': 0, 'bonus_lists': [6655, 1677], 'modifiers': [{'type': 9, 'value': 30}, {'type': 28, 'value': 1008}]}"
1200455874,LONG,,1,10656200,,"{'id': 36064, 'context': 0, 'bonus_lists': [6654, 1706], 'modifiers': [{'type': 9, 'value': 30}, {'type': 28, 'value': 1017}]}"
1200455878,LONG,,1,26180300,,"{'id': 82800, 'context': 0, 'modifiers': [{'type': 6, 'value': 72239}], 'pet_breed_id': 8, 'pet_level': 1, 'pet_quality_id': 3, 'pet_species_id': 1931}"
1200455881,LONG,,1,4871000,,"{'id': 12704, 'context': 0, 'modifiers': [{'type': 28, 'value': 1004}]}"
1200455884,LONG,2000000,2,,,{'id': 44128}
1200455887,LONG,16509400,5,,,{'id': 172438}
1200455888,LONG,,1,23269300,,"{'id': 10246, 'context': 0, 'bonus_lists': [6654, 1693], 'modifiers': [{'type': 9, 'value': 30}, {'type': 28, 'value': 1005}]}"
1200455893,LONG,,1,13406600,,"{'id': 15240, 'context': 0, 'bonus_lists': [6655, 1705], 'modifiers': [{'type': 9, 'value': 30}, {'type': 28, 'value': 1005}]}"
1200455896,LONG,170000,5,,,{'id': 17012}
1200455899,LONG,,1,5150000,,"{'id': 82800, 'context': 0, 'pet_breed_id': 21, 'pet_level': 1, 'pet_quality_id': 3, 'pet_species_id': 1628}"
1200455901,LONG,,1,5150000,,"{'id': 82800, 'context': 0, 'pet_breed_id': 21, 'pet_level': 1, 'pet_quality_id': 3, 'pet_species_id': 1628}"
1200455903,LONG,,1,5150000,,"{'id': 82800, 'context': 0, 'pet_breed_id': 21, 'pet_level': 1, 'pet_quality_id': 3, 'pet_species_id': 1628}"
1200455904,VERY_LONG,71000,1,,,{'id': 153512}
1200455908,LONG,,1,4950900,,"{'id': 24911, 'context': 0, 'bonus_lists': [6654, 1681], 'modifiers': [{'type': 9, 'value': 30}, {'type': 28, 'value': 1008}]}"
1200455913,LONG,,1,10847500,,"{'id': 69972, 'context': 5, 'modifiers': [{'type': 28, 'value': 1029}]}"
1200455916,LONG,,1,12119700,,"{'id': 82800, 'context': 0, 'modifiers': [{'type': 6, 'value': 44445}], 'pet_breed_id': 8, 'pet_level': 1, 'pet_quality_id': 3, 'pet_species_id': 2583}"
1200455920,LONG,,1,416000000,,"{'id': 82800, 'context': 0, 'modifiers': [{'type': 6, 'value': 99879}], 'pet_breed_id': 5, 'pet_level': 1, 'pet_quality_id': 2, 'pet_species_id': 2923}"
1200455923,LONG,,1,26774300,,"{'id': 25180, 'context': 3, 'bonus_lists': [6655, 1678], 'modifiers': [{'type': 9, 'value': 30}, {'type': 28, 'value': 1014}]}"
1200455929,LONG,,1,4718000,,"{'id': 177793, 'context': 0, 'bonus_lists': [6907, 6652, 1677], 'modifiers': [{'type': 9, 'value': 60}, {'type': 28, 'value': 2060}]}"
1200455933,LONG,,1,80504900,,"{'id': 82800, 'context': 0, 'modifiers': [{'type': 6, 'value': 79783}], 'pet_breed_id': 4, 'pet_level': 1, 'pet_quality_id': 3, 'pet_species_id': 2117}"
1200455935,LONG,,1,8679500,,"{'id': 36062, 'context': 0, 'bonus_lists': [6654, 1705], 'modifiers': [{'type': 9, 'value': 30}, {'type': 28, 'value': 1017}]}"
1200455937,LONG,,1,12939200,,"{'id': 24610, 'context': 1, 'bonus_lists': [6654, 1681], 'modifiers': [{'type': 9, 'value': 30}, {'type': 28, 'value': 232}]}"
1200455939,LONG,,1,676000000,,"{'id': 82800, 'context': 0, 'modifiers': [{'type': 6, 'value': 99857}], 'pet_breed_id': 6, 'pet_level': 1, 'pet_quality_id': 2, 'pet_species_id': 2945}"
1200455943,LONG,,1,20545000,,"{'id': 24835, 'context': 1, 'bonus_lists': [6654, 1680], 'modifiers': [{'type': 9, 'value': 30}, {'type': 28, 'value': 232}]}"
1200455946,LONG,,1,4042200,,"{'id': 24888, 'context': 0, 'bonus_lists': [6654, 1692], 'modifiers': [{'type': 9, 'value': 30}, {'type': 28, 'value': 1008}]}"
1200455949,LONG,,1,14980700,,"{'id': 24720, 'context': 2, 'bonus_lists': [6654, 1678], 'modifiers': [{'type': 9, 'value': 30}, {'type': 28, 'value': 1076}]}"
1200455952,LONG,,1,16941100,,"{'id': 82800, 'context': 0, 'modifiers': [{'type': 6, 'value': 90155}], 'pet_breed_id': 8, 'pet_level': 1, 'pet_quality_id': 3, 'pet_species_id': 2544}"
1200455956,LONG,,1,13074300,,"{'id': 176785, 'context': 0, 'bonus_lists': [6907, 6652, 7194, 1713], 'modifiers': [{'type': 9, 'value': 60}, {'type': 28, 'value': 2060}]}"
1200455959,LONG,,1,14500000,,"{'id': 82800, 'context': 0, 'modifiers': [{'type': 6, 'value': 60016}], 'pet_breed_id': 20, 'pet_level': 1, 'pet_quality_id': 3, 'pet_species_id': 1541}"
1200455961,LONG,,1,12319000,,"{'id': 13070, 'context': 0, 'bonus_lists': [6658], 'modifiers': [{'type': 9, 'value': 30}, {'type': 28, 'value': 1005}]}"
1200455967,LONG,,1,12504500,,"{'id': 52370, 'context': 5, 'modifiers': [{'type': 28, 'value': 1029}]}"
1200455972,LONG,,1,27038400,,"{'id': 176777, 'context': 0, 'bonus_lists': [6907, 6652, 1694], 'modifiers': [{'type': 9, 'value': 60}, {'type': 28, 'value': 2060}]}"
1200455978,LONG,,1,21968600,,"{'id': 82800, 'context': 0, 'modifiers': [{'type': 6, 'value': 95174}], 'pet_breed_id': 7, 'pet_level': 1, 'pet_quality_id': 3, 'pet_species_id': 2834}"
1200455982,LONG,,1,21968600,,"{'id': 82800, 'context': 0, 'modifiers': [{'type': 6, 'value': 95174}], 'pet_breed_id': 7, 'pet_level': 1, 'pet_quality_id': 3, 'pet_species_id': 2834}"
1200455985,LONG,,1,70000000,,"{'id': 55468, 'context': 5, 'bonus_lists': [6655, 1702], 'modifiers': [{'type': 9, 'value': 35}, {'type': 28, 'value': 1029}]}"
1200455988,LONG,,1,5895100,,"{'id': 15283, 'context': 0, 'bonus_lists': [6655, 1679], 'modifiers': [{'type': 9, 'value': 30}, {'type': 28, 'value': 1004}]}"
1200455990,LONG,,1,13275200,,"{'id': 10273, 'context': 0, 'bonus_lists': [6654, 1680], 'modifiers': [{'type': 9, 'value': 30}, {'type': 28, 'value': 1004}]}"
1200455992,LONG,,1,8876700,,"{'id': 36288, 'context': 0, 'bonus_lists': [6654, 1707], 'modifiers': [{'type': 9, 'value': 30}, {'type': 28, 'value': 1017}]}"
1200455996,LONG,,1,19958100,,"{'id': 66941, 'context': 5, 'bonus_lists': [6658], 'modifiers': [{'type': 9, 'value': 35}, {'type': 28, 'value': 1029}]}"
1200455998,LONG,,1,30008800,,"{'id': 82800, 'context': 0, 'modifiers': [{'type': 6, 'value': 94706}], 'pet_breed_id': 6, 'pet_level': 1, 'pet_quality_id': 3, 'pet_species_id': 2833}"
1200456002,LONG,,1,1500000,,"{'id': 176794, 'context': 0, 'bonus_lists': [6908, 6652, 1690], 'modifiers': [{'type': 9, 'value': 60}, {'type': 28, 'value': 2060}]}"
1200456005,LONG,,1,10008600,,"{'id': 82800, 'context': 0, 'modifiers': [{'type': 6, 'value': 55679}], 'pet_breed_id': 15, 'pet_level': 1, 'pet_quality_id': 3, 'pet_species_id': 1412}"
1200456009,LONG,,1,10006400,,"{'id': 82800, 'context': 0, 'modifiers': [{'type': 6, 'value': 48664}], 'pet_breed_id': 6, 'pet_level': 1, 'pet_quality_id': 3, 'pet_species_id': 1233}"
1200456013,LONG,,1,1472300,,"{'id': 36283, 'context': 0, 'bonus_lists': [6654, 1679], 'modifiers': [{'type': 9, 'value': 30}, {'type': 28, 'value': 1017}]}"
1200456019,LONG,,1,3699700,,"{'id': 16828, 'context': 0, 'modifiers': [{'type': 28, 'value': 1004}]}"
1200456024,LONG,48914100,1,,,{'id': 19263}
1200456026,LONG,,1,13622500,,"{'id': 24727, 'context': 1, 'bonus_lists': [6654, 1705], 'modifiers': [{'type': 9, 'value': 30}, {'type': 28, 'value': 232}]}"
1200456050,LONG,16509400,240,,,{'id': 172438}
1200456053,VERY_LONG,60000,2,,,{'id': 153490}
1200456061,LONG,149900,25,,,{'id': 15416}
1200456086,LONG,90000,1,,,{'id': 8165}
1200457101,VERY_LONG,,1,250000,,"{'id': 82800, 'context': 0, 'modifiers': [{'type': 6, 'value': 328}], 'pet_breed_id': 13, 'pet_level': 1, 'pet_quality_id': 2, 'pet_species_id': 72}"
1200457148,VERY_LONG,90000000,200,,,{'id': 180733}
1200457190,VERY_LONG,,1,62019500,,"{'id': 8113, 'context': 54, 'bonus_lists': [4277], 'modifiers': [{'type': 9, 'value': 50}]}"
1200457191,VERY_LONG,400,20,,,{'id': 133942}
1200457193,VERY_LONG,,1,57168100,,"{'id': 167964, 'context': 13, 'bonus_lists': [1677, 5804]}"
1200457196,VERY_LONG,,1,73117900,,"{'id': 167964, 'context': 13, 'bonus_lists': [1713, 5804]}"
1200457199,VERY_LONG,,1,73117900,,"{'id': 167964, 'context': 13, 'bonus_lists': [1713, 5804]}"
1200457202,VERY_LONG,,1,73142400,,"{'id': 167964, 'context': 13, 'bonus_lists': [1701, 5804]}"
1200457205,VERY_LONG,,1,73142400,,"{'id': 167964, 'context': 13, 'bonus_lists': [1703, 5804]}"
1200457208,VERY_LONG,,1,1890000,,"{'id': 10183, 'context': 54, 'bonus_lists': [1681, 4279], 'modifiers': [{'type': 9, 'value': 50}]}"
1200457210,VERY_LONG,,1,234256800,,"{'id': 170118, 'context': 0, 'bonus_lists': [4796, 4802, 40, 1706], 'modifiers': [{'type': 9, 'value': 50}]}"
1200457214,VERY_LONG,,1,26068100,,"{'id': 14866, 'context': 1}"
1200457217,VERY_LONG,,1,30679800,,"{'id': 113610, 'context': 3, 'bonus_lists': [43]}"
1200457220,VERY_LONG,,1,223481500,,"{'id': 169415, 'context': 0, 'bonus_lists': [4796, 1676], 'modifiers': [{'type': 9, 'value': 50}]}"
1200457225,VERY_LONG,,1,7431600,,"{'id': 82800, 'context': 0, 'modifiers': [{'type': 6, 'value': 48663}], 'pet_breed_id': 5, 'pet_level': 1, 'pet_quality_id': 3, 'pet_species_id': 1235}"
1200457226,VERY_LONG,,1,4119100,,"{'id': 8501, 'context': 0}"
1200457228,VERY_LONG,,1,17981700,,"{'id': 52379, 'context': 0}"
1200457230,VERY_LONG,12460100,1,,,{'id': 136856}
1200457232,VERY_LONG,,1,43502400,,"{'id': 25232, 'context': 1, 'bonus_lists': [6655, 1678], 'modifiers': [{'type': 9, 'value': 30}, {'type': 28, 'value': 222}]}"
1200457234,VERY_LONG,,1,396742600,,"{'id': 160175, 'context': 0, 'bonus_lists': [4796, 1695], 'modifiers': [{'type': 9, 'value': 48}]}"
1200457238,VERY_LONG,,1,130742700,,"{'id': 20548, 'context': 0}"
1200457239,VERY_LONG,,1,258063600,,"{'id': 170201, 'context': 0, 'bonus_lists': [4796, 4802, 1687], 'modifiers': [{'type': 9, 'value': 50}]}"
1200457242,VERY_LONG,,1,451261800,,"{'id': 169407, 'context': 0, 'bonus_lists': [4796, 1692], 'modifiers': [{'type': 9, 'value': 50}]}"
1200457244,VERY_LONG,,1,399559400,,"{'id': 164325, 'context': 11}"
1200457246,VERY_LONG,,1,19999600,,"{'id': 52363, 'context': 0}"
1200457250,VERY_LONG,,1,9156600,,"{'id': 24631, 'context': 1, 'bonus_lists': [6654, 1708], 'modifiers': [{'type': 9, 'value': 30}, {'type': 28, 'value': 222}]}"
1200457254,VERY_LONG,,1,2500000,,"{'id': 45316, 'context': 3}"
1200457256,VERY_LONG,,1,214578400,,"{'id': 152835, 'context': 13, 'bonus_lists': [1697, 4928, 5804]}"
1200457257,VERY_LONG,,1,214578400,,"{'id': 152835, 'context': 13, 'bonus_lists': [1700, 4928, 5804]}"
1200457260,VERY_LONG,,1,225560000,,"{'id': 152835, 'context': 13, 'bonus_lists': [1685, 4928, 5804]}"
1200457263,VERY_LONG,,1,225560000,,"{'id': 152835, 'context': 13, 'bonus_lists': [1688, 4928, 5804]}"
1200457266,VERY_LONG,,1,254333300,,"{'id': 152835, 'context': 13, 'bonus_lists': [1715, 4928, 5804]}"
1200457270,VERY_LONG,,1,254333300,,"{'id': 152835, 'context': 13, 'bonus_lists': [1714, 4928, 5804]}"
1200457274,VERY_LONG,,1,254333300,,"{'id': 152835, 'context': 13, 'bonus_lists': [1714, 4928, 5804]}"
1200457278,VERY_LONG,,1,23535600,,"{'id': 67150, 'context': 0}"
1200457282,VERY_LONG,,1,7281700,,"{'id': 106713, 'context': 29, 'bonus_lists': [3854, 162], 'modifiers': [{'type': 9, 'value': 50}]}"
1200457285,VERY_LONG,,1,108140400,,"{'id': 159564, 'context': 0, 'bonus_lists': [4796, 1701], 'modifiers': [{'type': 9, 'value': 50}]}"
1200457290,VERY_LONG,,1,74101700,,"{'id': 69798, 'context': 2, 'bonus_lists': [4236], 'modifiers': [{'type': 9, 'value': 47}]}"
1200457300,VERY_LONG,,1,30000000,,"{'id': 67142, 'context': 0}"
1200457305,VERY_LONG,,1,85570900,,"{'id': 82800, 'context': 0, 'modifiers': [{'type': 6, 'value': 65713}], 'pet_breed_id': 5, 'pet_level': 1, 'pet_quality_id': 3, 'pet_species_id': 1764}"
1200457311,VERY_LONG,,1,673234500,,"{'id': 169429, 'context': 0, 'bonus_lists': [4796, 4802, 1714], 'modifiers': [{'type': 9, 'value': 50}]}"
1200457318,VERY_LONG,,1,10117000,,"{'id': 10161, 'context': 54, 'bonus_lists': [1694, 4277], 'modifiers': [{'type': 9, 'value': 50}]}"
1200457324,VERY_LONG,,1,27108800,,"{'id': 66932, 'context': 0}"
1200457331,VERY_LONG,,1,596484200,,"{'id': 19170, 'context': 1}"
1200457338,VERY_LONG,,1,719994000,,"{'id': 170117, 'context': 0, 'bonus_lists': [4796, 4802, 1676], 'modifiers': [{'type': 9, 'value': 50}]}"
1200457347,VERY_LONG,,1,22999900,,"{'id': 90717, 'context': 0, 'bonus_lists': [4209], 'modifiers': [{'type': 9, 'value': 35}]}"
1200457352,VERY_LONG,,1,100000000,,"{'id': 129217, 'context': 0}"
1200457360,VERY_LONG,,1,244922700,,"{'id': 169408, 'context': 0, 'bonus_lists': [4796, 1698], 'modifiers': [{'type': 9, 'value': 50}]}"
1200457369,VERY_LONG,,1,20697600,,"{'id': 36528, 'context': 3, 'bonus_lists': [1708]}"
1200457375,VERY_LONG,,1,349175100,,"{'id': 66980, 'context': 0}"
1200457379,VERY_LONG,,1,96980400,,"{'id': 170112, 'context': 0, 'bonus_lists': [4796, 43, 1681], 'modifiers': [{'type': 9, 'value': 50}]}"
1200457387,VERY_LONG,,1,96980400,,"{'id': 170112, 'context': 0, 'bonus_lists': [4796, 43, 1682], 'modifiers': [{'type': 9, 'value': 50}]}"
1200457393,VERY_LONG,,1,75793300,,"{'id': 170112, 'context': 0, 'bonus_lists': [4796, 1708], 'modifiers': [{'type': 9, 'value': 50}]}"
1200457400,VERY_LONG,,1,51776900,,"{'id': 90722, 'context': 0, 'bonus_lists': [4209], 'modifiers': [{'type': 9, 'value': 35}]}"
1200457406,VERY_LONG,,1,35516000,,"{'id': 67146, 'context': 0}"
1200457414,VERY_LONG,,1,35516000,,"{'id': 67146, 'context': 0}"
1200457419,VERY_LONG,,1,110000000,,"{'id': 82945, 'context': 0}"
1200457426,VERY_LONG,,1,110000000,,"{'id': 82945, 'context': 0}"
1200457430,VERY_LONG,,1,21113400,,"{'id': 10601, 'context': 0}"
1200457434,VERY_LONG,,1,48000000,,"{'id': 37774, 'context': 0}"
1200457437,VERY_LONG,,1,61701200,,"{'id': 67147, 'context': 0}"
1200457441,VERY_LONG,,1,42425500,,"{'id': 55458, 'context': 28, 'bonus_lists': [1686]}"
1200457446,VERY_LONG,,1,20000000,,"{'id': 67144, 'context': 0}"
1200457450,VERY_LONG,,1,20000000,,"{'id': 67144, 'context': 0}"
1200457453,VERY_LONG,,1,100000000,,"{'id': 127034, 'context': 13, 'bonus_lists': [669, 601, 689, 3344, 3408]}"
1200457457,VERY_LONG,,1,169969000,,"{'id': 159590, 'context': 0, 'bonus_lists': [4796, 4802, 1716], 'modifiers': [{'type': 9, 'value': 50}]}"
1200457460,VERY_LONG,,1,27927300,,"{'id': 94054, 'context': 0, 'bonus_lists': [1701]}"
1200457464,VERY_LONG,,1,19999400,,"{'id': 24865, 'context': 2, 'bonus_lists': [6654, 1677], 'modifiers': [{'type': 9, 'value': 30}, {'type': 28, 'value': 1066}]}"
1200457467,VERY_LONG,,1,20270500,,"{'id': 14937, 'context': 0, 'bonus_lists': [1693]}"
1200457472,VERY_LONG,,1,99999200,,"{'id': 79334, 'context': 0}"
1200457475,VERY_LONG,,1,10496800,,"{'id': 12056, 'context': 1}"
1200457478,VERY_LONG,,1,6870000,,"{'id': 8301, 'context': 54, 'bonus_lists': [4277], 'modifiers': [{'type': 9, 'value': 50}]}"
1200457483,VERY_LONG,,1,471657100,,"{'id': 169409, 'context': 0, 'bonus_lists': [4796, 4802, 1703], 'modifiers': [{'type': 9, 'value': 50}]}"
1200457489,VERY_LONG,,1,43978700,,"{'id': 67118, 'context': 0}"
1200457490,VERY_LONG,,1,12212900,,"{'id': 10074, 'context': 54, 'bonus_lists': [1706, 4277], 'modifiers': [{'type': 9, 'value': 50}]}"
1200457497,VERY_LONG,,1,5673100,,"{'id': 10221, 'context': 54, 'bonus_lists': [1679, 4279], 'modifiers': [{'type': 9, 'value': 50}]}"
1200457501,VERY_LONG,,1,57479800,,"{'id': 15154, 'context': 54, 'bonus_lists': [4277, 1681], 'modifiers': [{'type': 9, 'value': 45}]}"
1200457504,VERY_LONG,,1,14271400,,"{'id': 128877, 'context': 13, 'bonus_lists': [1713, 3392, 3408]}"
1200457508,VERY_LONG,,1,120726400,,"{'id': 37786, 'context': 0}"
1200457513,VERY_LONG,,1,750000,,"{'id': 10095, 'context': 54, 'bonus_lists': [1680, 4277], 'modifiers': [{'type': 9, 'value': 48}]}"
1200457516,VERY_LONG,,1,4200000,,"{'id': 45704, 'context': 3}"
1200457519,VERY_LONG,,1,890700,,"{'id': 55494, 'context': 36, 'bonus_lists': [1714, 4307], 'modifiers': [{'type': 9, 'value': 45}]}"
1200457524,VERY_LONG,,1,1000000,,"{'id': 71362, 'context': 0}"
1200457527,VERY_LONG,,1,146840400,,"{'id': 67102, 'context': 0}"
1200457531,VERY_LONG,,1,115467100,,"{'id': 31284, 'context': 0, 'bonus_lists': [6658], 'modifiers': [{'type': 9, 'value': 30}, {'type': 28, 'value': 41}]}"
1200457536,VERY_LONG,,1,23000000,,"{'id': 24738, 'context': 2, 'bonus_lists': [6654, 1695], 'modifiers': [{'type': 9, 'value': 30}, {'type': 28, 'value': 1078}]}"
1200457540,VERY_LONG,,1,12846900,,"{'id': 128883, 'context': 13, 'bonus_lists': [1681, 3392, 3408]}"
1200457541,VERY_LONG,,1,8429700,,"{'id': 10168, 'context': 54, 'bonus_lists': [1692, 4277], 'modifiers': [{'type': 9, 'value': 50}]}"
1200457543,VERY_LONG,,1,396112800,,"{'id': 169410, 'context': 0, 'bonus_lists': [4796, 1688], 'modifiers': [{'type': 9, 'value': 50}]}"
1200457545,VERY_LONG,,1,10850400,,"{'id': 52385, 'context': 0}"
1200457546,VERY_LONG,,1,130000000,,"{'id': 16246, 'context': 0}"
1200457550,VERY_LONG,,1,130000000,,"{'id': 16246, 'context': 0}"
1200457554,VERY_LONG,,1,9999800,,"{'id': 52367, 'context': 0}"
1200457555,VERY_LONG,,1,11000000,,"{'id': 12531, 'context': 1, 'bonus_lists': [3999], 'modifiers': [{'type': 9, 'value': 25}]}"
1200457560,VERY_LONG,,1,86650900,,"{'id': 159604, 'context': 0, 'bonus_lists': [4796, 1714], 'modifiers': [{'type': 9, 'value': 50}]}"
1200457564,VERY_LONG,,1,24259400,,"{'id': 69803, 'context': 2, 'bonus_lists': [4236], 'modifiers': [{'type': 9, 'value': 50}]}"
1200457568,VERY_LONG,,1,24259400,,"{'id': 69803, 'context': 2, 'bonus_lists': [4236], 'modifiers': [{'type': 9, 'value': 45}]}"
1200457572,VERY_LONG,,1,26165500,,"{'id': 67134, 'context': 0}"
1200457574,VERY_LONG,,1,91857100,,"{'id': 48122, 'context': 0}"
1200457576,VERY_LONG,,1,113999900,,"{'id': 108739, 'context': 0}"
1200457578,VERY_LONG,,1,29286800,,"{'id': 10167, 'context': 54, 'bonus_lists': [1709, 4277], 'modifiers': [{'type': 9, 'value': 50}]}"
1200457582,VERY_LONG,,1,10355100,,"{'id': 10224, 'context': 54, 'bonus_lists': [1705, 4277], 'modifiers': [{'type': 9, 'value': 50}]}"
1200457586,VERY_LONG,,1,287072000,,"{'id': 169405, 'context': 0, 'bonus_lists': [4796, 1700], 'modifiers': [{'type': 9, 'value': 50}]}"
1200457589,VERY_LONG,4700,6,,,{'id': 118006}
1200457591,VERY_LONG,,1,337784400,,"{'id': 164293, 'context': 31}"
1200457594,VERY_LONG,,1,50053500,,"{'id': 25164, 'context': 1, 'bonus_lists': [6655, 1677], 'modifiers': [{'type': 9, 'value': 30}, {'type': 28, 'value': 222}]}"
1200457597,VERY_LONG,,1,50053500,,"{'id': 25164, 'context': 1, 'bonus_lists': [6655, 1691], 'modifiers': [{'type': 9, 'value': 30}, {'type': 28, 'value': 222}]}"
1200457599,VERY_LONG,,1,345990000,,"{'id': 82800, 'context': 0, 'modifiers': [{'type': 6, 'value': 74794}], 'pet_breed_id': 21, 'pet_level': 1, 'pet_quality_id': 2, 'pet_species_id': 3066}"
1200457601,VERY_LONG,,1,6811400,,"{'id': 37822, 'context': 0}"
1200457605,VERY_LONG,,1,299990000,,"{'id': 1973, 'context': 1}"
1200457608,VERY_LONG,,1,512900,,"{'id': 36058, 'context': 3, 'bonus_lists': [1695]}"
1200457610,VERY_LONG,,1,7343500,,"{'id': 55378, 'context': 28, 'bonus_lists': [1692, 4766], 'modifiers': [{'type': 9, 'value': 47}]}"
1200457612,VERY_LONG,,1,80010100,,"{'id': 31139, 'context': 0}"
1200457614,VERY_LONG,,1,41700200,,"{'id': 31148, 'context': 0}"
1200457620,VERY_LONG,,1,3116900,,"{'id': 55619, 'context': 36, 'bonus_lists': [1691, 4764], 'modifiers': [{'type': 9, 'value': 45}]}"
1200457622,VERY_LONG,,1,33273500,,"{'id': 48112, 'context': 0}"
1200457624,VERY_LONG,,1,7642000,,"{'id': 2564, 'context': 0, 'bonus_lists': [6658], 'modifiers': [{'type': 9, 'value': 30}, {'type': 28, 'value': 1004}]}"
1200457632,VERY_LONG,5000,2,,,{'id': 152503}
1200457659,VERY_LONG,650000,3,,,{'id': 2863}
1200457762,VERY_LONG,,1,250000,,"{'id': 82800, 'context': 0, 'modifiers': [{'type': 6, 'value': 328}], 'pet_breed_id': 3, 'pet_level': 1, 'pet_quality_id': 2, 'pet_species_id': 72}"
1200457858,LONG,,1,34268400,17134200,"{'id': 3608, 'context': 1}"
1200457862,LONG,,1,38140400,19070200,"{'id': 15684, 'context': 0, 'bonus_lists': [1694]}"
1200457866,LONG,,1,375000000,187500000,"{'id': 118850, 'context': 29, 'bonus_lists': [3936], 'modifiers': [{'type': 9, 'value': 50}]}"
1200457870,LONG,,1,25851100,12925600,"{'id': 8320, 'context': 54, 'bonus_lists': [4281], 'modifiers': [{'type': 9, 'value': 50}]}"
1200457873,LONG,,1,7000000,3500000,"{'id': 8250, 'context': 1}"
1200457876,LONG,,1,456796600,228398300,"{'id': 56109, 'context': 2, 'bonus_lists': [4198], 'modifiers': [{'type': 9, 'value': 50}]}"
1200457879,LONG,,1,37490600,23031100,"{'id': 14929, 'context': 0, 'bonus_lists': [1706]}"
1200457882,LONG,,1,18998500,9499300,"{'id': 36482, 'context': 36, 'bonus_lists': [1707, 3871], 'modifiers': [{'type': 9, 'value': 50}]}"
1200457884,LONG,,1,25000000,12500000,"{'id': 15307, 'context': 29, 'bonus_lists': [1706, 3861], 'modifiers': [{'type': 9, 'value': 13}]}"
1200457893,LONG,,1,190000000,95000000,"{'id': 164336, 'context': 11}"
1200457896,LONG,,1,12539700,6269900,"{'id': 15381, 'context': 54, 'bonus_lists': [4277, 1706], 'modifiers': [{'type': 9, 'value': 45}]}"
1200457905,LONG,,1,12539700,6269900,"{'id': 15381, 'context': 54, 'bonus_lists': [4278, 1692], 'modifiers': [{'type': 9, 'value': 45}]}"
1200457916,LONG,,1,12539700,6269900,"{'id': 15381, 'context': 54, 'bonus_lists': [1681, 4277], 'modifiers': [{'type': 9, 'value': 30}]}"
1200457919,LONG,,1,13000000,6500000,"{'id': 15309, 'context': 27}"
1200457924,LONG,,1,28000000,14000000,"{'id': 14129, 'context': 1, 'bonus_lists': [6654, 1691], 'modifiers': [{'type': 9, 'value': 30}, {'type': 28, 'value': 200}]}"
1200457929,LONG,,1,60000000,30000000,"{'id': 106568, 'context': 29, 'bonus_lists': [3854, 98], 'modifiers': [{'type': 9, 'value': 50}]}"
1200457932,LONG,,1,145000000,72500000,"{'id': 31234, 'context': 0}"
1200457937,LONG,,1,439999800,219999900,"{'id': 39895, 'context': 11, 'bonus_lists': [1678], 'modifiers': [{'type': 28, 'value': 391}]}"
1200457942,LONG,,1,181423500,90711800,"{'id': 20554, 'context': 0}"
1200457946,LONG,495000,1569,,,{'id': 173036}
1200457950,VERY_LONG,1110000,1,,,{'id': 173042}
1200457952,LONG,210900,174,,,{'id': 173037}
1200457953,LONG,,1,19500000,9750000,"{'id': 47627, 'context': 0}"
1200457955,LONG,365900,252,,,{'id': 173033}
1200457958,LONG,554400,353,,,{'id': 173034}
1200457960,VERY_LONG,4300,5,,,{'id': 173043}
1200457961,LONG,,1,24999900,12500000,"{'id': 48118, 'context': 0, 'modifiers': [{'type': 28, 'value': 3}]}"
1200457962,LONG,,1,41000000,20500000,"{'id': 3069, 'context': 1, 'bonus_lists': [6654], 'modifiers': [{'type': 9, 'value': 30}, {'type': 28, 'value': 215}]}"
1200457968,LONG,,1,42000000,21000000,"{'id': 7332, 'context': 42, 'bonus_lists': [1692, 3836], 'modifiers': [{'type': 9, 'value': 19}]}"
1200457972,LONG,,1,10999900,5500000,"{'id': 14785, 'context': 53, 'bonus_lists': [4277], 'modifiers': [{'type': 9, 'value': 48}]}"
1200457980,LONG,,1,22844500,11422300,"{'id': 15775, 'context': 1}"
1200457989,LONG,,1,18000000,9000000,"{'id': 121159, 'context': 0, 'bonus_lists': [6654, 1694], 'modifiers': [{'type': 9, 'value': 32}, {'type': 28, 'value': 1699}]}"
1200457996,LONG,,1,53000000,26500000,"{'id': 67057, 'context': 0, 'bonus_lists': [6658], 'modifiers': [{'type': 9, 'value': 35}, {'type': 28, 'value': 165}]}"
1200457998,LONG,,1,449999800,224999900,"{'id': 119346, 'context': 5, 'bonus_lists': [566]}"
1200458006,LONG,,1,57033300,28516700,"{'id': 9819, 'context': 54, 'bonus_lists': [1707, 4277], 'modifiers': [{'type': 9, 'value': 36}]}"
1200458011,LONG,,1,4166300,3998800,"{'id': 161887, 'context': 13, 'bonus_lists': [1691, 6850, 5804]}"
1200458017,LONG,,1,51749200,25874600,"{'id': 15136, 'context': 54, 'bonus_lists': [1693, 4277], 'modifiers': [{'type': 9, 'value': 50}]}"
1200458022,LONG,,1,51749200,25874600,"{'id': 15136, 'context': 54, 'bonus_lists': [1678, 4277], 'modifiers': [{'type': 9, 'value': 45}]}"
1200458026,LONG,,1,47499300,23749700,"{'id': 40362, 'context': 0}"
1200458034,LONG,,1,37000000,18500000,"{'id': 106656, 'context': 29, 'bonus_lists': [4503, 37], 'modifiers': [{'type': 9, 'value': 50}]}"
1200458043,LONG,,1,31000000,15500000,"{'id': 14220, 'context': 54, 'bonus_lists': [1709, 4277], 'modifiers': [{'type': 9, 'value': 50}]}"
1200458052,LONG,,1,169999800,84999900,"{'id': 6327, 'context': 0, 'bonus_lists': [6691], 'modifiers': [{'type': 9, 'value': 30}, {'type': 28, 'value': 11}]}"
1200458084,LONG,,1,13999700,6999900,"{'id': 69957, 'context': 0}"
1200458089,LONG,,1,13999700,6999900,"{'id': 69957, 'context': 3}"
1200458090,LONG,,1,14999800,7499900,"{'id': 24167, 'context': 1}"
1200458092,LONG,,1,12500000,6250000,"{'id': 82116, 'context': 29, 'bonus_lists': [1693, 4305], 'modifiers': [{'type': 9, 'value': 33}]}"
1200458095,LONG,,1,12500000,6250000,"{'id': 82116, 'context': 29, 'bonus_lists': [1681, 4305], 'modifiers': [{'type': 9, 'value': 34}]}"
1200458099,LONG,,1,29000000,14500000,"{'id': 36097, 'context': 29, 'bonus_lists': [1695, 3849], 'modifiers': [{'type': 9, 'value': 28}]}"
1200459116,LONG,,1,260831100,130415600,"{'id': 940, 'context': 0}"
1200459123,LONG,,1,124999900,62500000,"{'id': 1958, 'context': 0, 'bonus_lists': [3716], 'modifiers': [{'type': 9, 'value': 9}]}"
1200459134,LONG,,1,124999900,62500000,"{'id': 1958, 'context': 0, 'bonus_lists': [3716], 'modifiers': [{'type': 9, 'value': 25}]}"
1200459146,LONG,,1,11209900,6331700,"{'id': 4347, 'context': 0}"
1200459157,LONG,,1,60262400,30131200,"{'id': 161915, 'context': 13, 'bonus_lists': [1684, 6852, 5804]}"
1200459168,LONG,,1,45844700,22922400,"{'id': 14960, 'context': 0, 'bonus_lists': [6654, 1708], 'modifiers': [{'type': 9, 'value': 30}, {'type': 28, 'value': 26}]}"
1200459171,LONG,,1,20000000,10000000,"{'id': 6417, 'context': 54, 'bonus_lists': [4277], 'modifiers': [{'type': 9, 'value': 45}]}"
1200459181,LONG,,1,41000000,20500000,"{'id': 55394, 'context': 0, 'bonus_lists': [6655, 1712], 'modifiers': [{'type': 9, 'value': 35}, {'type': 28, 'value': 165}]}"
1200459192,LONG,,1,942452000,471226000,"{'id': 164445, 'context': 11}"
1200459204,LONG,,1,269453900,134727000,"{'id': 809, 'context': 53, 'bonus_lists': [4259], 'modifiers': [{'type': 9, 'value': 50}]}"
1200459208,LONG,,1,328026500,164013300,"{'id': 3737, 'context': 0}"
1200459216,LONG,,1,110000000,55000000,"{'id': 67233, 'context': 0}"
1200459226,LONG,,1,70000000,35000000,"{'id': 15892, 'context': 29, 'bonus_lists': [3861], 'modifiers': [{'type': 9, 'value': 13}]}"
1200459238,LONG,,1,47000000,23500000,"{'id': 14950, 'context': 43, 'bonus_lists': [1677, 4276], 'modifiers': [{'type': 9, 'value': 22}]}"
1200459240,LONG,,1,7500000,3750000,"{'id': 55659, 'context': 28, 'bonus_lists': [1708, 4763], 'modifiers': [{'type': 9, 'value': 32}]}"
1200459247,VERY_LONG,,1,189874200,,"{'id': 152835, 'context': 13, 'bonus_lists': [1694, 4928, 5804]}"
1200459249,LONG,,1,20000000,10000000,"{'id': 12994, 'context': 0}"
1200459252,VERY_LONG,,1,225560000,,"{'id': 152835, 'context': 13, 'bonus_lists': [1686, 4928, 5804]}"
1200459256,VERY_LONG,,1,225560000,,"{'id': 152835, 'context': 13, 'bonus_lists': [1686, 4928, 5804]}"
1200459258,VERY_LONG,,1,225560000,,"{'id': 152835, 'context': 13, 'bonus_lists': [1685, 4928, 5804]}"
1200459261,VERY_LONG,,1,60000000,,"{'id': 10187, 'context': 54, 'bonus_lists': [1706, 4277], 'modifiers': [{'type': 9, 'value': 50}]}"
1200459262,LONG,,1,69927800,34963900,"{'id': 14773, 'context': 53, 'bonus_lists': [4277], 'modifiers': [{'type': 9, 'value': 45}]}"
1200459264,VERY_LONG,,1,23618100,,"{'id': 67067, 'context': 0}"
1200459269,VERY_LONG,,1,5000000,,"{'id': 1203, 'context': 0}"
1200459273,VERY_LONG,,1,42859300,,"{'id': 169405, 'context': 0, 'bonus_lists': [4796, 1684], 'modifiers': [{'type': 9, 'value': 50}]}"
1200459274,LONG,,1,69927800,34963900,"{'id': 14773, 'context': 37, 'bonus_lists': [3835], 'modifiers': [{'type': 9, 'value': 19}]}"
1200459278,VERY_LONG,,1,76485000,,"{'id': 67101, 'context': 0}"
1200459281,VERY_LONG,,1,4342700,,"{'id': 55612, 'context': 28, 'bonus_lists': [1713, 4763], 'modifiers': [{'type': 9, 'value': 47}]}"
1200459285,VERY_LONG,,1,18015700,,"{'id': 11979, 'context': 0, 'bonus_lists': [1695]}"
1200459287,LONG,,1,49989700,24994900,"{'id': 24216, 'context': 2}"
1200459290,VERY_LONG,,1,18015700,,"{'id': 11979, 'context': 53, 'bonus_lists': [1706, 4277], 'modifiers': [{'type': 9, 'value': 50}]}"
1200459293,VERY_LONG,,1,70537100,,"{'id': 159576, 'context': 0, 'bonus_lists': [4796, 1716], 'modifiers': [{'type': 9, 'value': 50}]}"
1200459298,VERY_LONG,,1,8828000,,"{'id': 52364, 'context': 0}"
1200459300,LONG,,1,49989700,24994900,"{'id': 24216, 'context': 0}"
1200459301,VERY_LONG,,1,31034600,,"{'id': 67131, 'context': 0}"
1200459306,VERY_LONG,,1,31034600,,"{'id': 67131, 'context': 0}"
1200459307,LONG,,1,69909800,,"{'id': 171416, 'context': 63, 'bonus_lists': [6716, 1487]}"
1200459308,LONG,,1,64955900,32478000,"{'id': 15156, 'context': 54, 'bonus_lists': [1705, 4278], 'modifiers': [{'type': 9, 'value': 50}]}"
1200459311,VERY_LONG,,1,174166200,,"{'id': 66982, 'context': 0}"
1200459314,VERY_LONG,,1,174166200,,"{'id': 66982, 'context': 0}"
1200459318,VERY_LONG,,1,29000000,,"{'id': 66976, 'context': 28, 'bonus_lists': [4759], 'modifiers': [{'type': 9, 'value': 47}]}"
1200459319,LONG,,1,70000000,35000000,"{'id': 15330, 'context': 0, 'bonus_lists': [1709]}"
1200459320,VERY_LONG,,1,12471600,,"{'id': 15161, 'context': 53, 'bonus_lists': [4277, 1694], 'modifiers': [{'type': 9, 'value': 45}]}"
1200459324,VERY_LONG,,1,25321800,,"{'id': 14599, 'context': 53, 'bonus_lists': [4277], 'modifiers': [{'type': 9, 'value': 45}]}"
1200459327,VERY_LONG,,1,40005100,,"{'id': 67071, 'context': 0}"
1200459330,VERY_LONG,,1,293857000,,"{'id': 47291, 'context': 0}"
1200459331,LONG,,1,9000000,4500000,"{'id': 24938, 'context': 28, 'bonus_lists': [1680, 3840], 'modifiers': [{'type': 9, 'value': 26}]}"
1200459332,LONG,,1,69909800,,"{'id': 171416, 'context': 63, 'bonus_lists': [6716, 1487]}"
1200459334,VERY_LONG,,1,21595400,,"{'id': 41780, 'context': 3}"
1200459336,VERY_LONG,,1,86884000,,"{'id': 82800, 'context': 0, 'modifiers': [{'type': 6, 'value': 65714}], 'pet_breed_id': 6, 'pet_level': 1, 'pet_quality_id': 3, 'pet_species_id': 1765}"
1200459340,VERY_LONG,,1,6296200,,"{'id': 7522, 'context': 54, 'bonus_lists': [1705, 4277], 'modifiers': [{'type': 9, 'value': 48}]}"
1200459342,LONG,,1,107999800,53999900,"{'id': 7449, 'context': 1, 'modifiers': [{'type': 28, 'value': 210}]}"
1200459347,VERY_LONG,,1,73142400,,"{'id': 167964, 'context': 13, 'bonus_lists': [1698, 5804]}"
1200459350,VERY_LONG,,1,11622200,,"{'id': 10205, 'context': 54, 'bonus_lists': [1681, 4277], 'modifiers': [{'type': 9, 'value': 48}]}"
1200459353,LONG,,1,69909800,,"{'id': 171416, 'context': 63, 'bonus_lists': [6716, 1487]}"
1200459355,VERY_LONG,,1,55552600,,"{'id': 20555, 'context': 0}"
1200459357,VERY_LONG,,1,55552600,,"{'id': 20555, 'context': 0}"
1200459358,LONG,,1,25000000,12500000,"{'id': 8302, 'context': 1, 'bonus_lists': [6654], 'modifiers': [{'type': 9, 'value': 21}, {'type': 28, 'value': 1920}]}"
1200459362,VERY_LONG,,1,11684200,,"{'id': 52365, 'context': 0}"
1200459363,LONG,,1,9500000,4750000,"{'id': 24989, 'context': 28, 'bonus_lists': [1678, 3840], 'modifiers': [{'type': 9, 'value': 27}]}"
1200459366,VERY_LONG,,1,10850400,,"{'id': 52385, 'context': 0}"
1200459371,VERY_LONG,,1,97921400,,"{'id': 31289, 'context': 29, 'bonus_lists': [3931], 'modifiers': [{'type': 9, 'value': 28}]}"
1200459372,LONG,,1,69909800,,"{'id': 171416, 'context': 63, 'bonus_lists': [6716, 1487]}"
1200459374,VERY_LONG,,1,71018100,,"{'id': 159566, 'context': 0, 'bonus_lists': [4796, 1691], 'modifiers': [{'type': 9, 'value': 50}]}"
1200459376,LONG,,1,39000000,19500000,"{'id': 106447, 'context': 0, 'bonus_lists': [6654, 164], 'modifiers': [{'type': 9, 'value': 24}, {'type': 28, 'value': 1764}]}"
1200459378,VERY_LONG,,1,180757300,,"{'id': 31330, 'context': 3, 'bonus_lists': [6660], 'modifiers': [{'type': 9, 'value': 30}, {'type': 28, 'value': 1014}]}"
1200459384,VERY_LONG,,1,10693300,,"{'id': 66975, 'context': 0}"
1200459388,VERY_LONG,,1,130000000,,"{'id': 16246, 'context': 0}"
1200459390,LONG,,1,300000000,150000000,"{'id': 126926, 'context': 14, 'modifiers': [{'type': 28, 'value': 402}]}"
1200459391,VERY_LONG,,1,3779439600,,"{'id': 4723, 'context': 0}"
1200459393,LONG,,1,69909800,,"{'id': 171416, 'context': 63, 'bonus_lists': [6716, 1487]}"
1200459395,VERY_LONG,,1,108967200,,"{'id': 164490, 'context': 31}"
1200459398,VERY_LONG,,1,228677700,,"{'id': 129216, 'context': 0}"
1200459400,LONG,,1,6329400,3164700,"{'id': 15131, 'context': 54, 'bonus_lists': [1695, 4278], 'modifiers': [{'type': 9, 'value': 27}]}"
1200459401,VERY_LONG,,1,228677700,,"{'id': 129216, 'context': 0}"
1200459406,VERY_LONG,,1,27144500,,"{'id': 13122, 'context': 11}"
1200459409,VERY_LONG,,1,349175100,,"{'id': 66980, 'context': 0}"
1200459413,VERY_LONG,,1,26686900,,"{'id': 121071, 'context': 0, 'bonus_lists': [1812, 603], 'modifiers': [{'type': 9, 'value': 45}]}"
1200459414,LONG,,1,35000000,17500000,"{'id': 14235, 'context': 30, 'bonus_lists': [1678, 3833], 'modifiers': [{'type': 9, 'value': 15}]}"
1200459417,LONG,,1,59999900,,"{'id': 171447, 'context': 13, 'bonus_lists': [6893, 7185], 'modifiers': [{'type': 9, 'value': 60}, {'type': 28, 'value': 391}, {'type': 29, 'value': 40}, {'type': 30, 'value': 36}]}"
1200459419,VERY_LONG,,1,249999300,,"{'id': 79335, 'context': 0}"
1200459421,LONG,,1,59999900,,"{'id': 171447, 'context': 13, 'bonus_lists': [6893, 7185], 'modifiers': [{'type': 9, 'value': 60}, {'type': 28, 'value': 391}, {'type': 29, 'value': 32}, {'type': 30, 'value': 40}]}"
1200459422,VERY_LONG,,1,249999300,,"{'id': 79335, 'context': 0}"
1200459425,VERY_LONG,,1,249999300,,"{'id': 79335, 'context': 0}"
1200459428,LONG,,1,17999900,9000000,"{'id': 55525, 'context': 29, 'bonus_lists': [1707, 4305], 'modifiers': [{'type': 9, 'value': 50}]}"
1200459430,VERY_LONG,,1,74101700,,"{'id': 69798, 'context': 2, 'bonus_lists': [4236], 'modifiers': [{'type': 9, 'value': 43}]}"
1200459433,LONG,,1,557565600,278782800,"{'id': 44973, 'context': 0}"
1200459434,VERY_LONG,,1,10313400,,"{'id': 25315, 'context': 1, 'bonus_lists': [6655, 1692], 'modifiers': [{'type': 9, 'value': 30}, {'type': 28, 'value': 222}]}"
1200459437,VERY_LONG,,1,205864500,,"{'id': 169404, 'context': 0, 'bonus_lists': [4796, 1688], 'modifiers': [{'type': 9, 'value': 50}]}"
1200459439,VERY_LONG,,1,177919000,,"{'id': 164269, 'context': 11}"
1200459442,VERY_LONG,,1,4568408900,,"{'id': 162665, 'context': 13, 'bonus_lists': [1714, 4928]}"
1200459444,LONG,,1,44999900,22500000,"{'id': 106594, 'context': 29, 'bonus_lists': [4503, 167], 'modifiers': [{'type': 9, 'value': 50}]}"
1200459445,VERY_LONG,,1,4568408900,,"{'id': 162665, 'context': 13, 'bonus_lists': [1717, 4928]}"
1200459448,VERY_LONG,,1,223164600,,"{'id': 162665, 'context': 13, 'bonus_lists': [1704, 4928]}"
1200459450,VERY_LONG,,1,177399300,,"{'id': 162665, 'context': 13, 'bonus_lists': [1685, 4928]}"
1200459453,VERY_LONG,,1,7011600,,"{'id': 17724, 'context': 11}"
1200459455,LONG,,1,11000000,5500000,"{'id': 9774, 'context': 54, 'bonus_lists': [1681, 4277], 'modifiers': [{'type': 9, 'value': 50}]}"
1200459457,VERY_LONG,,1,27478800,,"{'id': 82217, 'context': 0, 'bonus_lists': [1712]}"
1200459462,VERY_LONG,,1,2570000,,"{'id': 10256, 'context': 0, 'bonus_lists': [1695]}"
1200459466,VERY_LONG,,1,75793300,,"{'id': 170112, 'context': 0, 'bonus_lists': [4796, 1704], 'modifiers': [{'type': 9, 'value': 50}]}"
1200459469,VERY_LONG,,1,35264500,,"{'id': 146953, 'context': 0}"
1200459473,LONG,,1,4399700,2199900,"{'id': 167185, 'context': 0}"
1200459474,VERY_LONG,,1,30000000,,"{'id': 67142, 'context': 0}"
1200459477,VERY_LONG,,1,30000000,,"{'id': 67142, 'context': 0}"
1200459482,VERY_LONG,,1,92908100,,"{'id': 159564, 'context': 0, 'bonus_lists': [4796, 43, 1694], 'modifiers': [{'type': 9, 'value': 50}]}"
1200459485,LONG,,1,52500000,,"{'id': 171445, 'context': 13, 'bonus_lists': [6893, 7185], 'modifiers': [{'type': 9, 'value': 60}, {'type': 28, 'value': 391}, {'type': 29, 'value': 40}, {'type': 30, 'value': 32}]}"
1200459487,VERY_LONG,,1,156228200,,"{'id': 67148, 'context': 0}"
1200459488,LONG,,1,4399700,2199900,"{'id': 167185, 'context': 0}"
1200459489,LONG,,1,52500000,,"{'id': 171445, 'context': 13, 'bonus_lists': [6893, 7185], 'modifiers': [{'type': 9, 'value': 60}, {'type': 28, 'value': 391}, {'type': 29, 'value': 32}, {'type': 30, 'value': 40}]}"
1200459491,VERY_LONG,,1,156228200,,"{'id': 67148, 'context': 0}"
1200459493,LONG,,1,999900,642800,"{'id': 78888, 'context': 0}"
1200459495,LONG,,1,52500000,,"{'id': 171445, 'context': 13, 'bonus_lists': [6893, 7185], 'modifiers': [{'type': 9, 'value': 60}, {'type': 28, 'value': 391}, {'type': 29, 'value': 32}, {'type': 30, 'value': 40}]}"
1200459496,VERY_LONG,,1,158853300,,"{'id': 14920, 'context': 0, 'bonus_lists': [6654, 1678], 'modifiers': [{'type': 9, 'value': 30}, {'type': 28, 'value': 36}]}"
1200459499,LONG,,1,52500000,,"{'id': 171445, 'context': 13, 'bonus_lists': [6893, 7185], 'modifiers': [{'type': 9, 'value': 60}, {'type': 28, 'value': 391}, {'type': 29, 'value': 40}, {'type': 30, 'value': 36}]}"
1200459500,VERY_LONG,,1,1870400,,"{'id': 82800, 'context': 0, 'modifiers': [{'type': 6, 'value': 58825}], 'pet_breed_id': 20, 'pet_level': 1, 'pet_quality_id': 2, 'pet_species_id': 1471}"
1200459503,VERY_LONG,,1,12504500,,"{'id': 52370, 'context': 0}"
1200459504,LONG,,1,52500000,,"{'id': 171445, 'context': 13, 'bonus_lists': [6893, 7185], 'modifiers': [{'type': 9, 'value': 60}, {'type': 28, 'value': 391}, {'type': 29, 'value': 40}, {'type': 30, 'value': 32}]}"
1200459509,LONG,,1,999900,642800,"{'id': 78888, 'context': 0}"
1200459510,VERY_LONG,,1,2757300,,"{'id': 25000, 'context': 3, 'bonus_lists': [6654, 1692], 'modifiers': [{'type': 9, 'value': 30}, {'type': 28, 'value': 1014}]}"
1200459511,LONG,,1,52500000,,"{'id': 171445, 'context': 13, 'bonus_lists': [6893, 7185], 'modifiers': [{'type': 9, 'value': 60}, {'type': 28, 'value': 391}, {'type': 29, 'value': 40}, {'type': 30, 'value': 32}]}"
1200459516,VERY_LONG,,1,2500000,,"{'id': 45301, 'context': 3}"
1200459521,VERY_LONG,,1,2900000,,"{'id': 11207, 'context': 1}"
1200459528,VERY_LONG,,1,31853400,,"{'id': 69843, 'context': 0, 'bonus_lists': [4234], 'modifiers': [{'type': 9, 'value': 35}]}"
1200459529,LONG,,1,51000000,25500000,"{'id': 24807, 'context': 0, 'bonus_lists': [1709]}"
1200459531,VERY_LONG,,1,31853400,,"{'id': 69843, 'context': 0, 'bonus_lists': [4234], 'modifiers': [{'type': 9, 'value': 35}]}"
1200459533,VERY_LONG,,1,2364700,,"{'id': 67123, 'context': 0}"
1200459538,VERY_LONG,,1,61701200,,"{'id': 67147, 'context': 0}"
1200459540,VERY_LONG,,1,61701200,,"{'id': 67147, 'context': 0}"
1200459543,LONG,,1,20000000,10000000,"{'id': 55723, 'context': 36, 'bonus_lists': [1685, 4764], 'modifiers': [{'type': 9, 'value': 36}]}"
1200459544,VERY_LONG,,1,45747700,,"{'id': 159158, 'context': 0, 'bonus_lists': [4796, 1690], 'modifiers': [{'type': 9, 'value': 50}]}"
1200459547,VERY_LONG,,1,75785400,,"{'id': 52376, 'context': 0}"
1200459548,VERY_LONG,,1,2170000,,"{'id': 45927, 'context': 3}"
1200459550,LONG,,1,45000000,,"{'id': 171446, 'context': 13, 'bonus_lists': [6893, 7185], 'modifiers': [{'type': 9, 'value': 60}, {'type': 28, 'value': 391}, {'type': 29, 'value': 49}, {'type': 30, 'value': 40}]}"
1200459552,VERY_LONG,,1,99999900,,"{'id': 82800, 'context': 0, 'modifiers': [{'type': 6, 'value': 71828}], 'pet_breed_id': 10, 'pet_level': 1, 'pet_quality_id': 3, 'pet_species_id': 1920}"
1200459553,LONG,,1,40379800,20189900,"{'id': 15487, 'context': 28, 'bonus_lists': [1691, 3831], 'modifiers': [{'type': 9, 'value': 11}]}"
1200459554,VERY_LONG,,1,5681500,,"{'id': 11023, 'context': 0}"
1200459555,LONG,,1,45000000,,"{'id': 171446, 'context': 13, 'bonus_lists': [6893, 7185], 'modifiers': [{'type': 9, 'value': 60}, {'type': 28, 'value': 391}, {'type': 29, 'value': 32}, {'type': 30, 'value': 36}]}"
1200459557,LONG,,1,30000000,15000000,"{'id': 82150, 'context': 30, 'bonus_lists': [1677, 4764], 'modifiers': [{'type': 9, 'value': 34}]}"
1200459558,VERY_LONG,,1,12541500,,"{'id': 118344, 'context': 1}"
1200459559,LONG,,1,45000000,,"{'id': 171446, 'context': 13, 'bonus_lists': [6893, 7185], 'modifiers': [{'type': 9, 'value': 60}, {'type': 28, 'value': 391}, {'type': 29, 'value': 40}, {'type': 30, 'value': 32}]}"
1200459563,LONG,,1,45000000,,"{'id': 171446, 'context': 13, 'bonus_lists': [6893, 7185], 'modifiers': [{'type': 9, 'value': 60}, {'type': 28, 'value': 391}, {'type': 29, 'value': 32}, {'type': 30, 'value': 49}]}"
1200459568,LONG,,1,45000000,,"{'id': 171446, 'context': 13, 'bonus_lists': [6893, 7185], 'modifiers': [{'type': 9, 'value': 60}, {'type': 28, 'value': 391}, {'type': 29, 'value': 40}, {'type': 30, 'value': 32}]}"
1200459569,LONG,,1,84999900,42500000,"{'id': 162655, 'context': 13, 'bonus_lists': [1696, 6855, 5804]}"
1200459572,LONG,,1,45000000,,"{'id': 171446, 'context': 13, 'bonus_lists': [6893, 7185], 'modifiers': [{'type': 9, 'value': 60}, {'type': 28, 'value': 391}, {'type': 29, 'value': 40}, {'type': 30, 'value': 32}]}"
1200459574,LONG,,1,45000000,,"{'id': 171446, 'context': 13, 'bonus_lists': [6893, 7185], 'modifiers': [{'type': 9, 'value': 60}, {'type': 28, 'value': 391}, {'type': 29, 'value': 32}, {'type': 30, 'value': 36}]}"
1200459576,LONG,,1,45000000,,"{'id': 171446, 'context': 13, 'bonus_lists': [6893, 7185], 'modifiers': [{'type': 9, 'value': 60}, {'type': 28, 'value': 391}, {'type': 29, 'value': 49}, {'type': 30, 'value': 32}]}"
1200459580,LONG,,1,39532000,19766000,"{'id': 14758, 'context': 37, 'bonus_lists': [3835], 'modifiers': [{'type': 9, 'value': 19}]}"
1200459585,LONG,,1,95000000,47500000,"{'id': 12528, 'context': 1, 'bonus_lists': [3999], 'modifiers': [{'type': 9, 'value': 23}]}"
1200459590,LONG,,1,15000000,7500000,"{'id': 9920, 'context': 1, 'bonus_lists': [1679]}"
1200459593,LONG,,1,66708400,33354200,"{'id': 15925, 'context': 27, 'bonus_lists': [3859], 'modifiers': [{'type': 9, 'value': 8}]}"
1200459605,LONG,,1,124999900,62500000,"{'id': 1917, 'context': 0, 'bonus_lists': [3671], 'modifiers': [{'type': 9, 'value': 25}]}"
1200459615,LONG,,1,25754500,13461700,"{'id': 13023, 'context': 0, 'bonus_lists': [6659], 'modifiers': [{'type': 9, 'value': 30}, {'type': 28, 'value': 1004}]}"
1200459623,LONG,1463900,4,,,{'id': 172904}
1200459642,LONG,,1,90000000,45000000,"{'id': 14855, 'context': 0, 'bonus_lists': [6654], 'modifiers': [{'type': 9, 'value': 30}, {'type': 28, 'value': 33}]}"
1200459646,LONG,,1,262500000,131250000,"{'id': 35201, 'context': 0}"
1200459650,LONG,,1,60905100,30452600,"{'id': 13037, 'context': 1}"
1200459657,LONG,,1,137500000,68750000,"{'id': 106632, 'context': 0, 'bonus_lists': [6654, 158], 'modifiers': [{'type': 9, 'value': 40}, {'type': 28, 'value': 68}]}"
1200459660,LONG,,1,199999800,99999900,"{'id': 164530, 'context': 31}"
1200459663,LONG,,1,86048300,43024200,"{'id': 94080, 'context': 0, 'bonus_lists': [1707]}"
1200459665,LONG,,1,37500000,18750000,"{'id': 36133, 'context': 36, 'bonus_lists': [1680, 3850], 'modifiers': [{'type': 9, 'value': 32}]}"
1200459671,LONG,,1,19000000,9500000,"{'id': 14211, 'context': 54, 'bonus_lists': [1705, 4279], 'modifiers': [{'type': 9, 'value': 47}]}"
1200459674,LONG,,1,46294100,,"{'id': 171444, 'context': 13, 'bonus_lists': [6893, 7185], 'modifiers': [{'type': 9, 'value': 60}, {'type': 28, 'value': 391}, {'type': 29, 'value': 40}, {'type': 30, 'value': 49}]}"
1200459675,LONG,,1,46294100,,"{'id': 171444, 'context': 13, 'bonus_lists': [6893, 7185], 'modifiers': [{'type': 9, 'value': 60}, {'type': 28, 'value': 391}, {'type': 29, 'value': 40}, {'type': 30, 'value': 32}]}"
1200459677,LONG,,1,46294100,,"{'id': 171444, 'context': 13, 'bonus_lists': [6893, 7185], 'modifiers': [{'type': 9, 'value': 60}, {'type': 28, 'value': 391}, {'type': 29, 'value': 32}, {'type': 30, 'value': 49}]}"
1200459681,LONG,,1,52698800,26349400,"{'id': 164343, 'context': 11, 'modifiers': [{'type': 28, 'value': 644}]}"
1200459687,LONG,,1,47500000,23750000,"{'id': 55497, 'context': 29, 'bonus_lists': [1699, 4305], 'modifiers': [{'type': 9, 'value': 33}]}"
1200459694,LONG,,1,42053800,21026900,"{'id': 14600, 'context': 54, 'bonus_lists': [4277], 'modifiers': [{'type': 9, 'value': 50}]}"
1200459697,LONG,,1,42053800,21026900,"{'id': 14600, 'context': 54, 'bonus_lists': [4279], 'modifiers': [{'type': 9, 'value': 50}]}"
1200459702,LONG,,1,50000000,25000000,"{'id': 47089, 'context': 0}"
1200459711,LONG,,1,12500000,6250000,"{'id': 55605, 'context': 28, 'bonus_lists': [1714, 4763], 'modifiers': [{'type': 9, 'value': 37}]}"
1200459722,LONG,,1,10000000,5000000,"{'id': 25221, 'context': 0, 'bonus_lists': [6655, 1706], 'modifiers': [{'type': 9, 'value': 30}, {'type': 28, 'value': 43}]}"
1200459725,LONG,,1,39999900,,"{'id': 171442, 'context': 13, 'bonus_lists': [6893, 7185], 'modifiers': [{'type': 9, 'value': 60}, {'type': 28, 'value': 391}, {'type': 29, 'value': 49}, {'type': 30, 'value': 32}]}"
1200459727,LONG,,1,92500000,46250000,"{'id': 36293, 'context': 36, 'bonus_lists': [1681, 3850], 'modifiers': [{'type': 9, 'value': 30}]}"
1200459728,LONG,,1,39999900,,"{'id': 171442, 'context': 13, 'bonus_lists': [6893, 7185], 'modifiers': [{'type': 9, 'value': 60}, {'type': 28, 'value': 391}, {'type': 29, 'value': 32}, {'type': 30, 'value': 40}]}"
1200459729,LONG,,1,41999800,20999900,"{'id': 47634, 'context': 0}"
1200459731,LONG,,1,39999900,,"{'id': 171442, 'context': 13, 'bonus_lists': [6893, 7185], 'modifiers': [{'type': 9, 'value': 60}, {'type': 28, 'value': 391}, {'type': 29, 'value': 40}, {'type': 30, 'value': 49}]}"
1200459733,LONG,,1,39999900,,"{'id': 171442, 'context': 13, 'bonus_lists': [6893, 7185], 'modifiers': [{'type': 9, 'value': 60}, {'type': 28, 'value': 391}, {'type': 29, 'value': 32}, {'type': 30, 'value': 40}]}"
1200459735,LONG,,1,39999900,,"{'id': 171442, 'context': 13, 'bonus_lists': [6893, 7185], 'modifiers': [{'type': 9, 'value': 60}, {'type': 28, 'value': 391}, {'type': 29, 'value': 32}, {'type': 30, 'value': 40}]}"
1200459737,LONG,,1,55000000,27500000,"{'id': 2911, 'context': 0}"
1200459742,LONG,,1,4999900,3714700,"{'id': 4695, 'context': 53, 'bonus_lists': [4277], 'modifiers': [{'type': 9, 'value': 25}]}"
1200459748,LONG,,1,40000000,20000000,"{'id': 14571, 'context': 29, 'bonus_lists': [3832], 'modifiers': [{'type': 9, 'value': 13}]}"
1200459756,LONG,,1,42500000,21250000,"{'id': 106614, 'context': 29, 'bonus_lists': [3854, 170], 'modifiers': [{'type': 9, 'value': 50}]}"
1200459758,LONG,,1,410000000,205000000,"{'id': 119334, 'context': 3}"
1200459766,LONG,,1,85000000,42500000,"{'id': 4478, 'context': 0, 'bonus_lists': [3655], 'modifiers': [{'type': 9, 'value': 25}]}"
1200459770,LONG,,1,40008600,,"{'id': 171443, 'context': 13, 'bonus_lists': [6893, 7185], 'modifiers': [{'type': 9, 'value': 60}, {'type': 28, 'value': 391}, {'type': 29, 'value': 40}, {'type': 30, 'value': 32}]}"
1200459772,LONG,,1,40008600,,"{'id': 171443, 'context': 13, 'bonus_lists': [6893, 7185], 'modifiers': [{'type': 9, 'value': 60}, {'type': 28, 'value': 391}, {'type': 29, 'value': 49}, {'type': 30, 'value': 32}]}"
1200459776,LONG,,1,40008600,,"{'id': 171443, 'context': 13, 'bonus_lists': [6893, 7185], 'modifiers': [{'type': 9, 'value': 60}, {'type': 28, 'value': 391}, {'type': 29, 'value': 36}, {'type': 30, 'value': 40}]}"
1200459777,LONG,,1,12504400,6252200,"{'id': 52370, 'context': 0}"
1200459781,LONG,,1,40008600,,"{'id': 171443, 'context': 13, 'bonus_lists': [6893, 7185], 'modifiers': [{'type': 9, 'value': 60}, {'type': 28, 'value': 391}, {'type': 29, 'value': 49}, {'type': 30, 'value': 40}]}"
1200459785,LONG,,1,40008600,,"{'id': 171443, 'context': 13, 'bonus_lists': [6893, 7185], 'modifiers': [{'type': 9, 'value': 60}, {'type': 28, 'value': 391}, {'type': 29, 'value': 49}, {'type': 30, 'value': 36}]}"
1200459789,LONG,,1,40008600,,"{'id': 171443, 'context': 13, 'bonus_lists': [6893, 7185], 'modifiers': [{'type': 9, 'value': 60}, {'type': 28, 'value': 391}, {'type': 29, 'value': 40}, {'type': 30, 'value': 36}]}"
1200459791,LONG,,1,66000000,33000000,"{'id': 4296, 'context': 0}"
1200459795,LONG,,1,40008600,,"{'id': 171443, 'context': 13, 'bonus_lists': [6893, 7185], 'modifiers': [{'type': 9, 'value': 60}, {'type': 28, 'value': 391}, {'type': 29, 'value': 32}, {'type': 30, 'value': 40}]}"
1200459806,LONG,,1,9125000,4562500,"{'id': 31870, 'context': 0}"
1200459809,LONG,,1,160000000,80000000,"{'id': 1679, 'context': 0, 'bonus_lists': [3649], 'modifiers': [{'type': 9, 'value': 13}]}"
1200459821,LONG,,1,90560700,45280400,"{'id': 13119, 'context': 0}"
1200459834,LONG,,1,160000000,80000000,"{'id': 116605, 'context': 29, 'bonus_lists': [3876, 92], 'modifiers': [{'type': 9, 'value': 50}]}"
1200459844,VERY_LONG,990500,6,,,{'id': 171840}
1200459846,LONG,,1,49502600,,"{'id': 171448, 'context': 13, 'bonus_lists': [6893, 7185], 'modifiers': [{'type': 9, 'value': 60}, {'type': 28, 'value': 391}, {'type': 29, 'value': 40}, {'type': 30, 'value': 49}]}"
1200459851,LONG,,1,160000000,80000000,"{'id': 116605, 'context': 28, 'bonus_lists': [3875, 90], 'modifiers': [{'type': 9, 'value': 45}]}"
1200459854,LONG,,1,49502600,,"{'id': 171448, 'context': 13, 'bonus_lists': [6893, 7185], 'modifiers': [{'type': 9, 'value': 60}, {'type': 28, 'value': 391}, {'type': 29, 'value': 36}, {'type': 30, 'value': 32}]}"
1200459857,LONG,,1,49502600,,"{'id': 171448, 'context': 13, 'bonus_lists': [6893, 7185], 'modifiers': [{'type': 9, 'value': 60}, {'type': 28, 'value': 391}, {'type': 29, 'value': 40}, {'type': 30, 'value': 36}]}"
1200459860,LONG,,1,49502600,,"{'id': 171448, 'context': 13, 'bonus_lists': [6893, 7185], 'modifiers': [{'type': 9, 'value': 60}, {'type': 28, 'value': 391}, {'type': 29, 'value': 36}, {'type': 30, 'value': 32}]}"
1200459866,LONG,,1,125000000,62500000,"{'id': 59462, 'context': 0}"
1200459880,LONG,,1,16000000,8000000,"{'id': 8276, 'context': 53, 'bonus_lists': [4277], 'modifiers': [{'type': 9, 'value': 50}]}"
1200459884,LONG,,1,200007500,100003800,"{'id': 31335, 'context': 0}"
1200459897,LONG,,1,62351300,31175700,"{'id': 13131, 'context': 0}"
1200459913,LONG,,1,90000000,45000000,"{'id': 31228, 'context': 0, 'bonus_lists': [6691, 1691], 'modifiers': [{'type': 9, 'value': 30}, {'type': 28, 'value': 39}]}"
1200459914,LONG,,1,45650100,,"{'id': 171449, 'context': 13, 'bonus_lists': [6893, 7185], 'modifiers': [{'type': 9, 'value': 60}, {'type': 28, 'value': 391}, {'type': 29, 'value': 36}, {'type': 30, 'value': 49}]}"
1200459919,LONG,,1,45650100,,"{'id': 171449, 'context': 13, 'bonus_lists': [6893, 7185], 'modifiers': [{'type': 9, 'value': 60}, {'type': 28, 'value': 391}, {'type': 29, 'value': 40}, {'type': 30, 'value': 32}]}"
1200459922,LONG,,1,45650100,,"{'id': 171449, 'context': 13, 'bonus_lists': [6893, 7185], 'modifiers': [{'type': 9, 'value': 60}, {'type': 28, 'value': 391}, {'type': 29, 'value': 40}, {'type': 30, 'value': 49}]}"
1200459926,LONG,,1,829999900,415000000,"{'id': 13488, 'context': 0}"
1200459941,LONG,,1,45000000,22500000,"{'id': 14759, 'context': 29, 'bonus_lists': [3832], 'modifiers': [{'type': 9, 'value': 13}]}"
1200459945,LONG,,1,48000000,24000000,"{'id': 6388, 'context': 54, 'bonus_lists': [4279], 'modifiers': [{'type': 9, 'value': 45}]}"
1200459951,LONG,,1,45000000,22500000,"{'id': 15559, 'context': 53, 'bonus_lists': [1691, 4277], 'modifiers': [{'type': 9, 'value': 50}]}"
1200459960,LONG,,1,33315400,,"{'id': 173144, 'context': 13, 'bonus_lists': [7185], 'modifiers': [{'type': 9, 'value': 60}, {'type': 29, 'value': 36}]}"
1200459964,LONG,,1,2588000,1294000,"{'id': 72016, 'context': 0}"
1200459965,LONG,,1,33315400,,"{'id': 173144, 'context': 13, 'bonus_lists': [7185], 'modifiers': [{'type': 9, 'value': 60}, {'type': 29, 'value': 32}]}"
1200459969,LONG,,1,33315400,,"{'id': 173144, 'context': 13, 'bonus_lists': [7185], 'modifiers': [{'type': 9, 'value': 60}, {'type': 29, 'value': 32}]}"
1200459973,LONG,,1,33315400,,"{'id': 173144, 'context': 13, 'bonus_lists': [7185], 'modifiers': [{'type': 9, 'value': 60}, {'type': 29, 'value': 36}]}"
1200459978,LONG,,1,33315400,,"{'id': 173144, 'context': 13, 'bonus_lists': [7185], 'modifiers': [{'type': 9, 'value': 60}, {'type': 29, 'value': 36}]}"
1200459981,LONG,,1,43999900,22000000,"{'id': 13082, 'context': 43, 'bonus_lists': [4272], 'modifiers': [{'type': 9, 'value': 22}]}"
1200459984,LONG,,1,33315400,,"{'id': 173144, 'context': 13, 'bonus_lists': [7185], 'modifiers': [{'type': 9, 'value': 60}, {'type': 29, 'value': 32}]}"
1200460031,LONG,,1,29640000,,"{'id': 173131, 'context': 13, 'bonus_lists': [7185], 'modifiers': [{'type': 9, 'value': 60}, {'type': 29, 'value': 49}]}"
1200460037,LONG,,1,29640000,,"{'id': 173131, 'context': 13, 'bonus_lists': [7185], 'modifiers': [{'type': 9, 'value': 60}, {'type': 29, 'value': 49}]}"
1200460042,LONG,,1,29640000,,"{'id': 173131, 'context': 13, 'bonus_lists': [7185], 'modifiers': [{'type': 9, 'value': 60}, {'type': 29, 'value': 49}]}"
1200461243,LONG,3604000,1,,,{'id': 172415}
1200461359,LONG,,1,38714000,,"{'id': 173145, 'context': 13, 'bonus_lists': [7185], 'modifiers': [{'type': 9, 'value': 60}, {'type': 29, 'value': 40}]}"
1200461362,LONG,,1,38714000,,"{'id': 173145, 'context': 13, 'bonus_lists': [7185], 'modifiers': [{'type': 9, 'value': 60}, {'type': 29, 'value': 40}]}"
1200461367,LONG,,1,38714000,,"{'id': 173145, 'context': 13, 'bonus_lists': [7185], 'modifiers': [{'type': 9, 'value': 60}, {'type': 29, 'value': 40}]}"
1200461371,LONG,,1,38714000,,"{'id': 173145, 'context': 13, 'bonus_lists': [7185], 'modifiers': [{'type': 9, 'value': 60}, {'type': 29, 'value': 32}]}"
1200461376,LONG,,1,38714000,,"{'id': 173145, 'context': 13, 'bonus_lists': [7185], 'modifiers': [{'type': 9, 'value': 60}, {'type': 29, 'value': 40}]}"
1200461382,LONG,,1,38714000,,"{'id': 173145, 'context': 13, 'bonus_lists': [7185], 'modifiers': [{'type': 9, 'value': 60}, {'type': 29, 'value': 32}]}"
1200461386,LONG,,1,38714000,,"{'id': 173145, 'context': 13, 'bonus_lists': [7185], 'modifiers': [{'type': 9, 'value': 60}, {'type': 29, 'value': 32}]}"
1200461427,LONG,,1,46834900,,"{'id': 173132, 'context': 13, 'bonus_lists': [7185], 'modifiers': [{'type': 9, 'value': 60}, {'type': 29, 'value': 32}]}"
1200461432,LONG,,1,46834900,,"{'id': 173132, 'context': 13, 'bonus_lists': [7185], 'modifiers': [{'type': 9, 'value': 60}, {'type': 29, 'value': 32}]}"
1200461435,LONG,,1,46834900,,"{'id': 173132, 'context': 13, 'bonus_lists': [7185], 'modifiers': [{'type': 9, 'value': 60}, {'type': 29, 'value': 40}]}"
1200461440,LONG,,1,46834900,,"{'id': 173132, 'context': 13, 'bonus_lists': [7185], 'modifiers': [{'type': 9, 'value': 60}, {'type': 29, 'value': 36}]}"
1200461445,LONG,,1,46834900,,"{'id': 173132, 'context': 13, 'bonus_lists': [7185], 'modifiers': [{'type': 9, 'value': 60}, {'type': 29, 'value': 40}]}"
1200461449,LONG,,1,46834900,,"{'id': 173132, 'context': 13, 'bonus_lists': [7185], 'modifiers': [{'type': 9, 'value': 60}, {'type': 29, 'value': 40}]}"
1200461454,LONG,,1,46834900,,"{'id': 173132, 'context': 13, 'bonus_lists': [7185], 'modifiers': [{'type': 9, 'value': 60}, {'type': 29, 'value': 32}]}"
1200461494,LONG,,1,49005000,,"{'id': 173134, 'context': 13, 'bonus_lists': [7185], 'modifiers': [{'type': 9, 'value': 60}, {'type': 29, 'value': 40}]}"
1200461498,LONG,,1,49005000,,"{'id': 173134, 'context': 13, 'bonus_lists': [7185], 'modifiers': [{'type': 9, 'value': 60}, {'type': 29, 'value': 40}]}"
1200461502,LONG,,1,49005000,,"{'id': 173134, 'context': 13, 'bonus_lists': [7185], 'modifiers': [{'type': 9, 'value': 60}, {'type': 29, 'value': 49}]}"
1200461506,LONG,,1,49005000,,"{'id': 173134, 'context': 13, 'bonus_lists': [7185], 'modifiers': [{'type': 9, 'value': 60}, {'type': 29, 'value': 49}]}"
1200461508,LONG,,1,49005000,,"{'id': 173134, 'context': 13, 'bonus_lists': [7185], 'modifiers': [{'type': 9, 'value': 60}, {'type': 29, 'value': 36}]}"
1200461537,LONG,,1,18587400,,"{'id': 173147, 'context': 13, 'bonus_lists': [7185], 'modifiers': [{'type': 9, 'value': 60}, {'type': 29, 'value': 49}]}"
1200461539,LONG,,1,18587400,,"{'id': 173147, 'context': 13, 'bonus_lists': [7185], 'modifiers': [{'type': 9, 'value': 60}, {'type': 29, 'value': 40}]}"
1200461541,LONG,,1,18587400,,"{'id': 173147, 'context': 13, 'bonus_lists': [7185], 'modifiers': [{'type': 9, 'value': 60}, {'type': 29, 'value': 36}]}"
1200461544,LONG,,1,18587400,,"{'id': 173147, 'context': 13, 'bonus_lists': [7185], 'modifiers': [{'type': 9, 'value': 60}, {'type': 29, 'value': 49}]}"
1200461545,LONG,,1,18587400,,"{'id': 173147, 'context': 13, 'bonus_lists': [7185], 'modifiers': [{'type': 9, 'value': 60}, {'type': 29, 'value': 40}]}"
1200461568,LONG,,1,48522700,,"{'id': 173146, 'context': 13, 'bonus_lists': [7185], 'modifiers': [{'type': 9, 'value': 60}, {'type': 29, 'value': 49}]}"
1200461572,LONG,,1,48522700,,"{'id': 173146, 'context': 13, 'bonus_lists': [7185], 'modifiers': [{'type': 9, 'value': 60}, {'type': 29, 'value': 32}]}"
1200461574,LONG,,1,48522700,,"{'id': 173146, 'context': 13, 'bonus_lists': [7185], 'modifiers': [{'type': 9, 'value': 60}, {'type': 29, 'value': 49}]}"
1200461577,LONG,,1,48522700,,"{'id': 173146, 'context': 13, 'bonus_lists': [7185], 'modifiers': [{'type': 9, 'value': 60}, {'type': 29, 'value': 32}]}"
1200461578,LONG,,1,48522700,,"{'id': 173146, 'context': 13, 'bonus_lists': [7185], 'modifiers': [{'type': 9, 'value': 60}, {'type': 29, 'value': 32}]}"
1200461580,LONG,,1,48522700,,"{'id': 173146, 'context': 13, 'bonus_lists': [7185], 'modifiers': [{'type': 9, 'value': 60}, {'type': 29, 'value': 40}]}"
1200461600,LONG,,1,29690100,,"{'id': 173133, 'context': 13, 'bonus_lists': [7185], 'modifiers': [{'type': 9, 'value': 60}, {'type': 29, 'value': 49}]}"
1200461603,LONG,,1,29690100,,"{'id': 173133, 'context': 13, 'bonus_lists': [7185], 'modifiers': [{'type': 9, 'value': 60}, {'type': 29, 'value': 49}]}"
1200461606,LONG,,1,29690100,,"{'id': 173133, 'context': 13, 'bonus_lists': [7185], 'modifiers': [{'type': 9, 'value': 60}, {'type': 29, 'value': 40}]}"
1200461608,LONG,,1,29690100,,"{'id': 173133, 'context': 13, 'bonus_lists': [7185], 'modifiers': [{'type': 9, 'value': 60}, {'type': 29, 'value': 40}]}"
1200461631,VERY_LONG,,1,1119900,,"{'id': 71951, 'context': 0}"
1200461632,VERY_LONG,,1,1119900,,"{'id': 71951, 'context': 0}"
1200461633,LONG,,1,145006800,,"{'id': 173096, 'context': 13}"
1200461634,VERY_LONG,,1,1119900,,"{'id': 71951, 'context': 0}"
1200461635,VERY_LONG,,1,1119900,,"{'id': 71951, 'context': 0}"
1200461636,LONG,,1,145006800,,"{'id': 173096, 'context': 13}"
1200461637,VERY_LONG,,1,1119900,,"{'id': 71951, 'context': 0}"
1200461639,LONG,,1,145006800,,"{'id': 173096, 'context': 13}"
1200461640,VERY_LONG,,1,1119900,,"{'id': 71951, 'context': 0}"
1200461641,LONG,,1,45650100,,"{'id': 171449, 'context': 13, 'bonus_lists': [6893, 7185], 'modifiers': [{'type': 9, 'value': 60}, {'type': 28, 'value': 391}, {'type': 29, 'value': 40}, {'type': 30, 'value': 36}]}"
1200461642,LONG,,1,145006800,,"{'id': 173096, 'context': 13}"
1200461643,VERY_LONG,,1,1119900,,"{'id': 71951, 'context': 0}"
1200461645,LONG,,1,45650100,,"{'id': 171449, 'context': 13, 'bonus_lists': [6893, 7185], 'modifiers': [{'type': 9, 'value': 60}, {'type': 28, 'value': 391}, {'type': 29, 'value': 40}, {'type': 30, 'value': 32}]}"
1200461647,LONG,,1,45650100,,"{'id': 171449, 'context': 13, 'bonus_lists': [6893, 7185], 'modifiers': [{'type': 9, 'value': 60}, {'type': 28, 'value': 391}, {'type': 29, 'value': 32}, {'type': 30, 'value': 40}]}"
1200461663,LONG,,1,46294100,,"{'id': 171444, 'context': 13, 'bonus_lists': [6893, 7185], 'modifiers': [{'type': 9, 'value': 60}, {'type': 28, 'value': 391}, {'type': 29, 'value': 36}, {'type': 30, 'value': 40}]}"
1200461664,LONG,,1,46294100,,"{'id': 171444, 'context': 13, 'bonus_lists': [6893, 7185], 'modifiers': [{'type': 9, 'value': 60}, {'type': 28, 'value': 391}, {'type': 29, 'value': 32}, {'type': 30, 'value': 36}]}"
1200461666,VERY_LONG,,1,1339900,,"{'id': 71952, 'context': 0}"
1200461668,VERY_LONG,,1,1339900,,"{'id': 71952, 'context': 0}"
1200461669,VERY_LONG,,1,1339900,,"{'id': 71952, 'context': 0}"
1200461670,VERY_LONG,,1,1339900,,"{'id': 71952, 'context': 0}"
1200461671,VERY_LONG,,1,1339900,,"{'id': 71952, 'context': 0}"
1200461672,VERY_LONG,,1,1339900,,"{'id': 71952, 'context': 0}"
1200461673,VERY_LONG,,1,1339900,,"{'id': 71952, 'context': 0}"
1200461893,LONG,,1,25000000,12500000,"{'id': 36225, 'context': 28, 'bonus_lists': [1681, 3840], 'modifiers': [{'type': 9, 'value': 27}]}"
1200461898,LONG,,1,42479900,21240000,"{'id': 14831, 'context': 0, 'bonus_lists': [6654], 'modifiers': [{'type': 9, 'value': 30}, {'type': 28, 'value': 28}]}"
1200461903,LONG,,1,74999900,37500000,"{'id': 55453, 'context': 36, 'bonus_lists': [1706, 4314], 'modifiers': [{'type': 9, 'value': 47}]}"
1200461907,LONG,,1,5527200,2763600,"{'id': 24772, 'context': 1, 'bonus_lists': [6654, 1695], 'modifiers': [{'type': 9, 'value': 30}, {'type': 28, 'value': 221}]}"
1200461910,LONG,,1,92000000,46000000,"{'id': 69975, 'context': 5}"
1200461913,LONG,,1,77500000,38750000,"{'id': 55533, 'context': 0, 'bonus_lists': [6654, 1707], 'modifiers': [{'type': 9, 'value': 32}, {'type': 28, 'value': 1824}]}"
1200461924,LONG,,1,77500000,38750000,"{'id': 1926, 'context': 1, 'bonus_lists': [4005], 'modifiers': [{'type': 9, 'value': 25}]}"
1200461939,LONG,,1,70000000,35000000,"{'id': 66980, 'context': 0}"
1200461946,LONG,,1,113489800,56744900,"{'id': 3394, 'context': 0}"
1200461952,LONG,,1,113489800,56744900,"{'id': 3394, 'context': 0}"
1200461963,LONG,,1,13406400,6703200,"{'id': 15240, 'context': 0, 'bonus_lists': [1681]}"
1200461967,LONG,,1,200000000,100000000,"{'id': 1391, 'context': 0, 'bonus_lists': [3637], 'modifiers': [{'type': 9, 'value': 9}]}"
1200461980,LONG,,1,13500000,6750000,"{'id': 10277, 'context': 54, 'bonus_lists': [1679, 4277], 'modifiers': [{'type': 9, 'value': 27}]}"
1200461987,LONG,,1,28989900,14495000,"{'id': 72000, 'context': 0}"
1200461999,LONG,,1,47500000,23750000,"{'id': 12989, 'context': 54, 'bonus_lists': [4274], 'modifiers': [{'type': 9, 'value': 50}]}"
1200462006,LONG,,1,800000000,400000000,"{'id': 16692, 'context': 0}"
1200462010,LONG,,1,49000000,24500000,"{'id': 8314, 'context': 1, 'bonus_lists': [6654], 'modifiers': [{'type': 9, 'value': 30}, {'type': 28, 'value': 201}]}"
1200462021,LONG,,1,12500000,6250000,"{'id': 106536, 'context': 29, 'bonus_lists': [4503, 198], 'modifiers': [{'type': 9, 'value': 50}]}"
1200462036,LONG,,1,11969900,6030700,"{'id': 8109, 'context': 53, 'bonus_lists': [4277], 'modifiers': [{'type': 9, 'value': 50}]}"
1200462048,LONG,,1,1816273500,,"{'id': 52200, 'context': 11, 'modifiers': [{'type': 28, 'value': 1023}]}"
1200462049,LONG,,1,44999800,22499900,"{'id': 15018, 'context': 36, 'bonus_lists': [1694, 3834], 'modifiers': [{'type': 9, 'value': 17}]}"
1200462067,LONG,,1,80000000,40000000,"{'id': 14753, 'context': 1, 'bonus_lists': [6654], 'modifiers': [{'type': 9, 'value': 30}, {'type': 28, 'value': 208}]}"
1200462082,LONG,,1,80000000,40000000,"{'id': 14753, 'context': 1, 'bonus_lists': [6654], 'modifiers': [{'type': 9, 'value': 30}, {'type': 28, 'value': 208}]}"
1200462084,LONG,,1,40009700,20004900,"{'id': 7363, 'context': 0}"
1200462094,LONG,,1,66708400,33354200,"{'id': 15925, 'context': 27, 'bonus_lists': [3859], 'modifiers': [{'type': 9, 'value': 9}]}"
1200464103,LONG,,1,26000000,13000000,"{'id': 106531, 'context': 29, 'bonus_lists': [3854, 208], 'modifiers': [{'type': 9, 'value': 45}]}"
1200464106,LONG,,1,3000000000,,"{'id': 52252, 'context': 11, 'modifiers': [{'type': 28, 'value': 1023}]}"
1200464111,LONG,,1,6140700,3070400,"{'id': 24996, 'context': 30, 'bonus_lists': [1679, 3850], 'modifiers': [{'type': 9, 'value': 29}]}"
1200464120,LONG,,1,69927800,34963900,"{'id': 14773, 'context': 0}"
1200464127,LONG,,1,35000000,17500000,"{'id': 49994, 'context': 0, 'modifiers': [{'type': 28, 'value': 1023}]}"
1200464129,LONG,,1,12999800,6499900,"{'id': 36255, 'context': 36, 'bonus_lists': [1692, 4493], 'modifiers': [{'type': 9, 'value': 31}]}"
1200464138,LONG,,1,82499900,41250000,"{'id': 36344, 'context': 36, 'bonus_lists': [1705, 3851], 'modifiers': [{'type': 9, 'value': 50}]}"
1200464143,LONG,,1,154365400,77182700,"{'id': 24169, 'context': 1}"
1200464147,LONG,,1,1179900,590000,"{'id': 2985, 'context': 1}"
1200464152,LONG,,1,2499900,2130800,"{'id': 40246, 'context': 0}"
1200464155,LONG,,1,21934900,10967500,"{'id': 24215, 'context': 0}"
1200464160,LONG,,1,21934900,10967500,"{'id': 24215, 'context': 0}"
1200464162,LONG,,1,742500,,"{'id': 50453, 'context': 0, 'modifiers': [{'type': 28, 'value': 1023}]}"
1200464166,LONG,,1,32999700,16499900,"{'id': 6390, 'context': 0}"
1200464178,LONG,,1,17000000,8500000,"{'id': 7418, 'context': 1, 'bonus_lists': [1706]}"
1200464179,LONG,,1,30999900,15500000,"{'id': 14767, 'context': 54, 'bonus_lists': [4277], 'modifiers': [{'type': 9, 'value': 50}]}"
1200464183,LONG,,1,77645300,48111100,"{'id': 15520, 'context': 28, 'bonus_lists': [1680, 3831], 'modifiers': [{'type': 9, 'value': 11}]}"
1200464186,LONG,,1,709999800,354999900,"{'id': 161892, 'context': 13, 'bonus_lists': [1686, 6858, 5804]}"
1200464193,LONG,,1,25500000,12750000,"{'id': 55429, 'context': 2, 'bonus_lists': [6655, 1715], 'modifiers': [{'type': 9, 'value': 35}, {'type': 28, 'value': 1116}]}"
1200464198,LONG,,1,4439500,2548000,"{'id': 3185, 'context': 1, 'bonus_lists': [6655, 1705], 'modifiers': [{'type': 9, 'value': 10}, {'type': 28, 'value': 1918}]}"
1200464202,LONG,,1,655800,477200,"{'id': 82800, 'context': 0, 'modifiers': [{'type': 6, 'value': 99018}], 'pet_breed_id': 7, 'pet_level': 1, 'pet_quality_id': 2, 'pet_species_id': 2798}"
1200464203,LONG,,1,655800,477200,"{'id': 82800, 'context': 0, 'modifiers': [{'type': 6, 'value': 99018}], 'pet_breed_id': 7, 'pet_level': 1, 'pet_quality_id': 2, 'pet_species_id': 2798}"
1200464210,LONG,,1,655800,477200,"{'id': 82800, 'context': 0, 'modifiers': [{'type': 6, 'value': 99018}], 'pet_breed_id': 7, 'pet_level': 1, 'pet_quality_id': 2, 'pet_species_id': 2798}"
1200464213,LONG,,1,1500000,,"{'id': 50015, 'context': 0, 'modifiers': [{'type': 28, 'value': 1023}]}"
1200464219,LONG,,1,655800,477200,"{'id': 82800, 'context': 0, 'modifiers': [{'type': 6, 'value': 99018}], 'pet_breed_id': 7, 'pet_level': 1, 'pet_quality_id': 2, 'pet_species_id': 2798}"
1200464223,LONG,,1,655800,477200,"{'id': 82800, 'context': 0, 'modifiers': [{'type': 6, 'value': 99018}], 'pet_breed_id': 7, 'pet_level': 1, 'pet_quality_id': 2, 'pet_species_id': 2798}"
1200464227,LONG,,1,99999600,49999800,"{'id': 24171, 'context': 0}"
1200464229,LONG,,1,65000000,32500000,"{'id': 1263, 'context': 0}"
1200464236,LONG,,1,7507800,3753900,"{'id': 82800, 'context': 0, 'modifiers': [{'type': 6, 'value': 11709}], 'pet_breed_id': 10, 'pet_level': 1, 'pet_quality_id': 2, 'pet_species_id': 224}"
1200464241,LONG,,1,35000000,17500000,"{'id': 24219, 'context': 0, 'modifiers': [{'type': 28, 'value': 1009}]}"
1200464245,LONG,,1,420000000,210000000,"{'id': 22540, 'context': 0}"
1200464251,LONG,,1,28000000,14000000,"{'id': 10217, 'context': 1, 'bonus_lists': [1692]}"
1200464259,LONG,,1,18877700,9438900,"{'id': 24866, 'context': 36, 'bonus_lists': [1707, 3851], 'modifiers': [{'type': 9, 'value': 50}]}"
1200464263,LONG,,1,37000000,18500000,"{'id': 15652, 'context': 53, 'bonus_lists': [1695, 4277], 'modifiers': [{'type': 9, 'value': 50}]}"
1200464279,LONG,,1,999900,969300,"{'id': 36692, 'context': 2, 'bonus_lists': [6655, 1709], 'modifiers': [{'type': 9, 'value': 30}, {'type': 28, 'value': 1090}]}"
1200464297,LONG,,1,25999500,12999800,"{'id': 14775, 'context': 53, 'bonus_lists': [4277], 'modifiers': [{'type': 9, 'value': 50}]}"
1200464306,LONG,,1,299999700,149999900,"{'id': 87462, 'context': 36, 'bonus_lists': [4296], 'modifiers': [{'type': 9, 'value': 50}]}"
1200464350,LONG,,1,5389000,2694500,"{'id': 69962, 'context': 5}"
1200464353,LONG,,1,29000000,14500000,"{'id': 15145, 'context': 1, 'bonus_lists': [6655, 1679], 'modifiers': [{'type': 9, 'value': 30}, {'type': 28, 'value': 203}]}"
1200464367,LONG,,1,58000000,29000000,"{'id': 106601, 'context': 29, 'bonus_lists': [3854, 89], 'modifiers': [{'type': 9, 'value': 46}]}"
1200464372,LONG,,1,55000000,27500000,"{'id': 106685, 'context': 1, 'bonus_lists': [6654, 39], 'modifiers': [{'type': 9, 'value': 40}, {'type': 28, 'value': 274}]}"
1200464375,LONG,,1,16788200,8394100,"{'id': 32755, 'context': 0}"
1200464385,LONG,,1,21000000,10500000,"{'id': 13005, 'context': 0}"
1200464400,LONG,,1,4447600,2223800,"{'id': 25192, 'context': 28, 'bonus_lists': [1693, 3869], 'modifiers': [{'type': 9, 'value': 50}]}"
1200464406,LONG,,1,210000000,105000000,"{'id': 14565, 'context': 27, 'bonus_lists': [3830], 'modifiers': [{'type': 9, 'value': 9}]}"
1200464410,LONG,,1,50000000,25000000,"{'id': 47089, 'context': 0}"
1200464423,LONG,,1,260831100,130415600,"{'id': 940, 'context': 54, 'bonus_lists': [4247], 'modifiers': [{'type': 9, 'value': 50}]}"
1200464442,LONG,,1,26753800,14571000,"{'id': 161917, 'context': 13, 'bonus_lists': [1690, 6849, 5804]}"
1200464449,LONG,,1,50000000,25000000,"{'id': 15332, 'context': 43, 'bonus_lists': [1681, 4280], 'modifiers': [{'type': 9, 'value': 22}]}"
1200464465,LONG,,1,15009000,7504500,"{'id': 72012, 'context': 0}"
1200464480,LONG,,1,40000000,20000000,"{'id': 36211, 'context': 29, 'bonus_lists': [1705, 3849], 'modifiers': [{'type': 9, 'value': 28}]}"
1200464497,LONG,,1,175000000,87500000,"{'id': 36649, 'context': 30, 'bonus_lists': [1709, 3871], 'modifiers': [{'type': 9, 'value': 45}]}"
1200464513,LONG,,1,90000000,45000000,"{'id': 2164, 'context': 0}"
1200464529,LONG,,1,183725200,120378200,"{'id': 11166, 'context': 0}"
1200464536,LONG,,1,58000000,29000000,"{'id': 69974, 'context': 5}"
1200464552,LONG,,1,7517800,4294800,"{'id': 94077, 'context': 0, 'bonus_lists': [1684]}"
1200464559,VERY_LONG,,1,665600,,"{'id': 180487, 'context': 0, 'bonus_lists': [6908, 6935], 'modifiers': [{'type': 9, 'value': 60}, {'type': 28, 'value': 2060}]}"
1200464568,LONG,,1,15000000,7500000,"{'id': 55362, 'context': 30, 'bonus_lists': [1694, 4767], 'modifiers': [{'type': 9, 'value': 34}]}"
1200464584,LONG,,1,11000000,5500000,"{'id': 82129, 'context': 0, 'bonus_lists': [6655, 1687], 'modifiers': [{'type': 9, 'value': 35}, {'type': 28, 'value': 60}]}"
1200464597,LONG,,1,1550600,775300,"{'id': 38277, 'context': 0, 'bonus_lists': [6835]}"
1200464603,LONG,,1,20000000,10000000,"{'id': 4414, 'context': 1}"
1200464612,LONG,,1,149999900,75000000,"{'id': 161919, 'context': 13, 'bonus_lists': [1702, 6855, 5804]}"
1200464622,LONG,,1,18000000,9000000,"{'id': 106616, 'context': 29, 'bonus_lists': [3854, 87], 'modifiers': [{'type': 9, 'value': 50}]}"
1200464628,LONG,,1,29987300,14993700,"{'id': 69958, 'context': 3}"
1200464636,LONG,,1,153846500,76923300,"{'id': 31873, 'context': 0}"
1200464645,LONG,,1,98862900,58246700,"{'id': 106631, 'context': 29, 'bonus_lists': [3855, 160], 'modifiers': [{'type': 9, 'value': 50}]}"
1200464647,VERY_LONG,500,4,,,{'id': 171840}
1200464648,LONG,,1,54000000,27000000,"{'id': 14025, 'context': 54, 'bonus_lists': [4277], 'modifiers': [{'type': 9, 'value': 45}]}"
1200464655,LONG,,1,54000000,27000000,"{'id': 14025, 'context': 54, 'bonus_lists': [4277], 'modifiers': [{'type': 9, 'value': 45}]}"
1200464666,LONG,,1,54000000,27000000,"{'id': 14025, 'context': 54, 'bonus_lists': [4277], 'modifiers': [{'type': 9, 'value': 50}]}"
1200464680,LONG,,1,24499600,12249800,"{'id': 9773, 'context': 54, 'bonus_lists': [1693, 4277], 'modifiers': [{'type': 9, 'value': 50}]}"
1200464692,LONG,,1,32000000,16000000,"{'id': 7366, 'context': 1, 'bonus_lists': [1681]}"
1200464698,LONG,,1,9999900,5000000,"{'id': 44675, 'context': 0, 'bonus_lists': [1693, 3767], 'modifiers': [{'type': 9, 'value': 30}]}"
1200464711,LONG,,1,7500000,3750000,"{'id': 36143, 'context': 2, 'bonus_lists': [6654, 1706], 'modifiers': [{'type': 9, 'value': 30}, {'type': 28, 'value': 1096}]}"
1200464722,LONG,,1,33000000,16500000,"{'id': 25151, 'context': 28, 'bonus_lists': [1677, 3869], 'modifiers': [{'type': 9, 'value': 50}]}"
1200464728,VERY_LONG,77000,6,,,{'id': 171828}
1200464735,LONG,,1,109999900,55000000,"{'id': 15538, 'context': 54, 'bonus_lists': [1678, 4277], 'modifiers': [{'type': 9, 'value': 50}]}"
1200464741,LONG,,1,53999800,26999900,"{'id': 24939, 'context': 36, 'bonus_lists': [1691, 3851], 'modifiers': [{'type': 9, 'value': 50}]}"
1200464744,LONG,,1,21113300,20002900,"{'id': 10601, 'context': 1}"
1200464757,LONG,,1,24525000,23576900,"{'id': 7090, 'context': 1}"
1200464769,LONG,,1,6999900,6928600,"{'id': 2555, 'context': 1}"
1200464781,LONG,,1,10135800,5067900,"{'id': 10209, 'context': 0, 'bonus_lists': [1681]}"
1200464794,LONG,,1,23000000,11500000,"{'id': 14662, 'context': 54, 'bonus_lists': [4278], 'modifiers': [{'type': 9, 'value': 50}]}"
1200464806,LONG,,1,23999700,11999900,"{'id': 35593, 'context': 1, 'bonus_lists': [4117], 'modifiers': [{'type': 9, 'value': 28}]}"
1200464811,LONG,,1,39000000,19500000,"{'id': 106447, 'context': 0, 'bonus_lists': [6654, 37], 'modifiers': [{'type': 9, 'value': 46}, {'type': 28, 'value': 1764}]}"
1200464820,LONG,,1,39000000,19500000,"{'id': 106447, 'context': 0, 'bonus_lists': [6654, 55], 'modifiers': [{'type': 9, 'value': 40}, {'type': 28, 'value': 65}]}"
1200464830,LONG,,1,89999700,44999900,"{'id': 161885, 'context': 13, 'bonus_lists': [1712, 5804, 6848]}"
1200464840,LONG,,1,8786300,7863600,"{'id': 161884, 'context': 13, 'bonus_lists': [1697, 6851, 5804]}"
1200464850,LONG,,1,129999900,65000000,"{'id': 15968, 'context': 0, 'bonus_lists': [6655], 'modifiers': [{'type': 9, 'value': 30}, {'type': 28, 'value': 1007}]}"
1200464856,LONG,,1,7000000,3500000,"{'id': 82030, 'context': 0, 'bonus_lists': [6654, 1684], 'modifiers': [{'type': 9, 'value': 35}, {'type': 28, 'value': 58}]}"
1200464859,LONG,,1,7000000,3500000,"{'id': 82030, 'context': 0, 'bonus_lists': [6654, 1695], 'modifiers': [{'type': 9, 'value': 35}, {'type': 28, 'value': 58}]}"
1200464865,LONG,,1,500000000,250000000,"{'id': 169931, 'context': 5, 'bonus_lists': [4799, 1485, 4786]}"
1200464876,LONG,,1,202500000,101250000,"{'id': 23802, 'context': 2}"
1200464889,LONG,,1,43000000,21500000,"{'id': 47623, 'context': 0}"
1200464904,LONG,,1,11684100,5842100,"{'id': 52365, 'context': 0}"
1200464911,LONG,,1,30000000,15000000,"{'id': 24981, 'context': 29, 'bonus_lists': [1692, 3849], 'modifiers': [{'type': 9, 'value': 28}]}"
1200464920,LONG,,1,18000000,9000000,"{'id': 25088, 'context': 26, 'bonus_lists': [1680, 3867], 'modifiers': [{'type': 9, 'value': 24}]}"
1200464933,LONG,,1,45000000,22500000,"{'id': 24702, 'context': 36, 'bonus_lists': [1678, 3850], 'modifiers': [{'type': 9, 'value': 50}]}"
1200464945,LONG,,1,913357800,456678900,"{'id': 43611, 'context': 0}"
1200464955,LONG,,1,20740700,16226400,"{'id': 16223, 'context': 0}"
1200464959,LONG,,1,65000000,32500000,"{'id': 94086, 'context': 0, 'bonus_lists': [1706]}"
1200464970,LONG,,1,190000000,95000000,"{'id': 36236, 'context': 29, 'bonus_lists': [1695, 3849], 'modifiers': [{'type': 9, 'value': 28}]}"
1200464979,LONG,,1,42000000,21000000,"{'id': 15115, 'context': 1, 'bonus_lists': [6654, 1695], 'modifiers': [{'type': 9, 'value': 30}, {'type': 28, 'value': 193}]}"
1200464991,LONG,,1,136113500,68056800,"{'id': 14231, 'context': 36, 'bonus_lists': [1693, 3834], 'modifiers': [{'type': 9, 'value': 15}]}"
1200464995,LONG,,1,264999800,132499900,"{'id': 161920, 'context': 13, 'bonus_lists': [1678, 6856, 5804]}"
1200465002,LONG,,1,50000000,25000000,"{'id': 36129, 'context': 30, 'bonus_lists': [1677, 3850], 'modifiers': [{'type': 9, 'value': 29}]}"
1200465004,VERY_LONG,,1,1980600,,"{'id': 171374, 'context': 13, 'bonus_lists': [6890], 'modifiers': [{'type': 9, 'value': 60}, {'type': 28, 'value': 391}, {'type': 29, 'value': 49}, {'type': 30, 'value': 36}]}"
1200465012,LONG,,1,41000000,20500000,"{'id': 106541, 'context': 0, 'bonus_lists': [6654, 162], 'modifiers': [{'type': 9, 'value': 40}, {'type': 28, 'value': 65}]}"
1200465021,LONG,,1,19999300,9999700,"{'id': 24865, 'context': 28, 'bonus_lists': [1708, 3840], 'modifiers': [{'type': 9, 'value': 43}]}"
1200465031,LONG,,1,28999800,14499900,"{'id': 12979, 'context': 37, 'bonus_lists': [3942], 'modifiers': [{'type': 9, 'value': 19}]}"
1200465041,LONG,,1,50000000,25000000,"{'id': 82112, 'context': 0, 'bonus_lists': [6655, 1694], 'modifiers': [{'type': 9, 'value': 35}, {'type': 28, 'value': 60}]}"
1200465044,LONG,,1,27639300,13819700,"{'id': 25312, 'context': 1, 'bonus_lists': [6655, 1695], 'modifiers': [{'type': 9, 'value': 41}, {'type': 28, 'value': 1885}]}"
1200465051,LONG,,1,154999800,77499900,"{'id': 82149, 'context': 30, 'bonus_lists': [1677, 4764], 'modifiers': [{'type': 9, 'value': 34}]}"
1200465063,LONG,,1,13999800,6999900,"{'id': 10105, 'context': 0, 'bonus_lists': [1709]}"
1200465068,VERY_LONG,,1,35008700,,"{'id': 171419, 'context': 63, 'bonus_lists': [6716, 7193, 1487]}"
1200465072,LONG,,1,40000000,20000000,"{'id': 82179, 'context': 36, 'bonus_lists': [1688, 4764], 'modifiers': [{'type': 9, 'value': 37}]}"
1200465080,LONG,,1,29000000,14500000,"{'id': 6426, 'context': 1}"
1200466135,VERY_LONG,,1,33847100,,"{'id': 177794, 'context': 0, 'bonus_lists': [6907, 6652, 7194, 1683], 'modifiers': [{'type': 9, 'value': 60}, {'type': 28, 'value': 2060}]}"
1200466150,LONG,,1,17000000,,"{'id': 172320, 'context': 63, 'bonus_lists': [6716, 7194, 1487]}"
1200466153,LONG,,1,17000000,,"{'id': 172320, 'context': 63, 'bonus_lists': [6716, 7193, 1487]}"
1200466155,LONG,,1,17000000,,"{'id': 172320, 'context': 63, 'bonus_lists': [6716, 7194, 1487]}"
1200466158,LONG,,1,665252300,,"{'id': 172318, 'context': 66, 'bonus_lists': [6758, 1532]}"
1200466161,LONG,,1,842105300,,"{'id': 172321, 'context': 66, 'bonus_lists': [6758, 7194, 1532]}"
1200466174,LONG,,1,235000000,,"{'id': 172314, 'context': 63, 'bonus_lists': [6716, 1487]}"
1200466178,LONG,,1,235000000,,"{'id': 172314, 'context': 63, 'bonus_lists': [6716, 1487]}"
1200466180,LONG,,1,235000000,,"{'id': 172314, 'context': 63, 'bonus_lists': [6716, 1487]}"
1200466183,LONG,,1,260000000,,"{'id': 172314, 'context': 64, 'bonus_lists': [6717, 1507]}"
1200466185,LONG,,1,260000000,,"{'id': 172314, 'context': 64, 'bonus_lists': [6717, 1507]}"
1200466189,LONG,,1,260000000,,"{'id': 172314, 'context': 64, 'bonus_lists': [6717, 1507]}"
1200466252,VERY_LONG,,1,13000000,,"{'id': 177816, 'context': 0, 'bonus_lists': [6907, 6652, 1698], 'modifiers': [{'type': 9, 'value': 60}, {'type': 28, 'value': 1707}]}"
1200466313,VERY_LONG,,1,2890000,,"{'id': 176982, 'context': 0, 'bonus_lists': [6907, 6652, 1708], 'modifiers': [{'type': 9, 'value': 60}, {'type': 28, 'value': 1707}]}"
1200466330,VERY_LONG,,1,1218300,,"{'id': 178952, 'context': 0, 'bonus_lists': [6908, 6652, 1682], 'modifiers': [{'type': 9, 'value': 60}, {'type': 28, 'value': 2060}]}"
1200466472,LONG,1028800,2,,,{'id': 110621}
1200466474,LONG,,1,2496743300,,"{'id': 159599, 'context': 0, 'bonus_lists': [6655, 1716], 'modifiers': [{'type': 9, 'value': 47}, {'type': 28, 'value': 189}]}"
1200466481,LONG,9881800,1,,,{'id': 74729}
1200466487,LONG,,1,34700000,,"{'id': 138791, 'context': 13}"
1200466490,LONG,,1,1481000,,"{'id': 171379, 'context': 13, 'bonus_lists': [6890], 'modifiers': [{'type': 9, 'value': 50}, {'type': 28, 'value': 391}, {'type': 29, 'value': 32}, {'type': 30, 'value': 36}]}"
1200466493,LONG,,1,1481000,,"{'id': 171379, 'context': 13, 'bonus_lists': [6890], 'modifiers': [{'type': 9, 'value': 50}, {'type': 28, 'value': 391}, {'type': 29, 'value': 32}, {'type': 30, 'value': 49}]}"
1200466497,LONG,,1,1481000,,"{'id': 171379, 'context': 13, 'bonus_lists': [6890], 'modifiers': [{'type': 9, 'value': 50}, {'type': 28, 'value': 391}, {'type': 29, 'value': 40}, {'type': 30, 'value': 32}]}"
1200466500,LONG,19911600,2,,,{'id': 38809}
1200466505,LONG,23929300,1,,,{'id': 110649}
1200466509,LONG,17499400,1,,,{'id': 38966}
1200466514,LONG,2500000,2,,,{'id': 110653}
1200466517,LONG,11133700,2,,,{'id': 38955}
1200466520,LONG,31108900,1,,,{'id': 38987}
1200466524,LONG,3436400,2,,,{'id': 52749}
1200466528,LONG,8987800,1,,,{'id': 110647}
1200466534,LONG,9998400,1,,,{'id': 110625}
1200466538,LONG,,1,3593700,,"{'id': 20744, 'context': 0}"
1200466542,LONG,,1,3593700,,"{'id': 20744, 'context': 0}"
1200466546,LONG,1617700,16,,,{'id': 8343}
1200466551,LONG,63999400,2,,,{'id': 52754}
1200466557,LONG,,1,960100,,"{'id': 172248, 'context': 13, 'bonus_lists': [6885], 'modifiers': [{'type': 9, 'value': 60}, {'type': 28, 'value': 391}, {'type': 29, 'value': 36}, {'type': 30, 'value': 40}]}"
1200466562,LONG,20000000,2,,,{'id': 110633}
1200466566,LONG,,1,4400000,,"{'id': 172246, 'context': 13, 'bonus_lists': [6885], 'modifiers': [{'type': 9, 'value': 60}, {'type': 28, 'value': 391}, {'type': 29, 'value': 40}, {'type': 30, 'value': 32}]}"
1200466571,LONG,,1,4400000,,"{'id': 172246, 'context': 13, 'bonus_lists': [6885], 'modifiers': [{'type': 9, 'value': 60}, {'type': 28, 'value': 391}, {'type': 29, 'value': 40}, {'type': 30, 'value': 32}]}"
1200466576,LONG,,1,4400000,,"{'id': 172246, 'context': 13, 'bonus_lists': [6885], 'modifiers': [{'type': 9, 'value': 60}, {'type': 28, 'value': 391}, {'type': 29, 'value': 49}, {'type': 30, 'value': 32}]}"
1200466581,LONG,19999300,2,,,{'id': 44455}
1200466583,LONG,451200,1,,,{'id': 38928}
1200466586,LONG,,1,7485000,,"{'id': 176966, 'context': 0, 'bonus_lists': [6907, 6652, 1713], 'modifiers': [{'type': 9, 'value': 60}, {'type': 28, 'value': 1707}]}"
1200466588,VERY_LONG,,1,12500000,,"{'id': 176985, 'context': 0, 'bonus_lists': [6907, 6652, 7194, 1716], 'modifiers': [{'type': 9, 'value': 60}, {'type': 28, 'value': 2060}]}"
1200466592,LONG,29000000,2,,,{'id': 110631}
1200466594,LONG,15828200,2,,,{'id': 38803}
1200466598,LONG,1904500,1,,,{'id': 74709}
1200466601,LONG,6948400,2,,,{'id': 52755}
1200466608,LONG,20000000,2,,,{'id': 38976}
1200466612,LONG,8885900,2,,,{'id': 38837}
1200466616,LONG,,1,609878800,,"{'id': 180142, 'context': 0, 'bonus_lists': [6908, 6652, 1699], 'modifiers': [{'type': 9, 'value': 60}, {'type': 28, 'value': 1229}]}"
1200466620,LONG,,1,11042600,,"{'id': 9904, 'context': 1, 'bonus_lists': [6654, 1705], 'modifiers': [{'type': 9, 'value': 30}, {'type': 28, 'value': 217}]}"
1200466622,LONG,2055000,2,,,{'id': 38867}
1200466625,LONG,,1,2490000,,"{'id': 172238, 'context': 13, 'bonus_lists': [6885], 'modifiers': [{'type': 9, 'value': 60}, {'type': 28, 'value': 391}, {'type': 29, 'value': 40}, {'type': 30, 'value': 49}]}"
1200466627,LONG,,1,5002800,,"{'id': 172348, 'context': 13, 'modifiers': [{'type': 29, 'value': 36}, {'type': 30, 'value': 49}]}"
1200466632,LONG,,1,3512184100,,"{'id': 177770, 'context': 0, 'bonus_lists': [6907, 42, 7193, 1715], 'modifiers': [{'type': 9, 'value': 59}, {'type': 28, 'value': 1707}]}"
1200466634,LONG,,1,1484200,,"{'id': 172240, 'context': 13, 'bonus_lists': [6885], 'modifiers': [{'type': 9, 'value': 60}, {'type': 28, 'value': 391}, {'type': 29, 'value': 40}, {'type': 30, 'value': 36}]}"
1200466636,LONG,19952900,2,,,{'id': 38798}
1200466638,LONG,,1,13087500,,"{'id': 36525, 'context': 0, 'bonus_lists': [6655, 1679], 'modifiers': [{'type': 9, 'value': 30}, {'type': 28, 'value': 1023}]}"
1200466639,LONG,,1,11005800,,"{'id': 14975, 'context': 0, 'bonus_lists': [6654, 1695], 'modifiers': [{'type': 9, 'value': 30}, {'type': 28, 'value': 1007}]}"
1200466640,LONG,,1,942452000,,"{'id': 164445, 'context': 11, 'modifiers': [{'type': 28, 'value': 289}]}"
1200466641,LONG,,1,1376500,,"{'id': 172234, 'context': 13, 'bonus_lists': [6890], 'modifiers': [{'type': 9, 'value': 60}, {'type': 28, 'value': 391}, {'type': 29, 'value': 36}, {'type': 30, 'value': 40}]}"
1200466644,LONG,,1,1376500,,"{'id': 172234, 'context': 13, 'bonus_lists': [6890], 'modifiers': [{'type': 9, 'value': 60}, {'type': 28, 'value': 391}, {'type': 29, 'value': 49}, {'type': 30, 'value': 36}]}"
1200466645,LONG,,1,1376500,,"{'id': 172234, 'context': 13, 'bonus_lists': [6890], 'modifiers': [{'type': 9, 'value': 60}, {'type': 28, 'value': 391}, {'type': 29, 'value': 49}, {'type': 30, 'value': 32}]}"
1200466648,LONG,,1,1376500,,"{'id': 172234, 'context': 13, 'bonus_lists': [6890], 'modifiers': [{'type': 9, 'value': 60}, {'type': 28, 'value': 391}, {'type': 29, 'value': 49}, {'type': 30, 'value': 36}]}"
1200466651,LONG,7710100,2,,,{'id': 74712}
1200466653,LONG,20000000,2,,,{'id': 38980}
1200466657,LONG,,1,208135100,,"{'id': 36201, 'context': 1, 'bonus_lists': [6654, 1695], 'modifiers': [{'type': 9, 'value': 19}, {'type': 28, 'value': 1868}]}"
1200466659,LONG,199000,4,,,{'id': 22577}
1200466661,LONG,10591300,1,,,{'id': 38962}
1200466664,LONG,29999800,2,,,{'id': 38992}
1200466666,LONG,12566600,2,,,{'id': 38805}
1200466668,LONG,8787500,2,,,{'id': 44449}
1200466670,LONG,19994300,2,,,{'id': 38963}
1200466674,LONG,,1,1790000,,"{'id': 172249, 'context': 13, 'bonus_lists': [6883], 'modifiers': [{'type': 29, 'value': 40}, {'type': 30, 'value': 49}]}"
1200466677,LONG,,1,7000500,,"{'id': 173220, 'context': 0, 'bonus_lists': [6893], 'modifiers': [{'type': 9, 'value': 56}, {'type': 28, 'value': 391}, {'type': 29, 'value': 40}, {'type': 30, 'value': 49}]}"
1200466679,LONG,,1,14950700,,"{'id': 179332, 'context': 0, 'bonus_lists': [6908, 6652, 1676], 'modifiers': [{'type': 9, 'value': 60}, {'type': 28, 'value': 1707}]}"
1200466680,LONG,1492500,11,,,{'id': 124640}
1200466682,LONG,,1,9240000,,"{'id': 172351, 'context': 13, 'modifiers': [{'type': 29, 'value': 36}, {'type': 30, 'value': 32}]}"
1200466685,LONG,,1,9240000,,"{'id': 172351, 'context': 13, 'modifiers': [{'type': 29, 'value': 49}, {'type': 30, 'value': 40}]}"
1200466688,LONG,,1,9240000,,"{'id': 172351, 'context': 13, 'modifiers': [{'type': 29, 'value': 32}, {'type': 30, 'value': 36}]}"
1200466690,LONG,,1,9240000,,"{'id': 172351, 'context': 13, 'modifiers': [{'type': 29, 'value': 36}, {'type': 30, 'value': 40}]}"
1200466692,LONG,,1,9240000,,"{'id': 172351, 'context': 13, 'modifiers': [{'type': 29, 'value': 36}, {'type': 30, 'value': 40}]}"
1200466696,LONG,19998600,2,,,{'id': 38986}
1200466699,LONG,,1,243843300,,"{'id': 55454, 'context': 28, 'bonus_lists': [1701, 4766], 'modifiers': [{'type': 9, 'value': 41}]}"
1200466704,LONG,99998600,2,,,{'id': 38904}
1200466707,LONG,,1,127271600,,"{'id': 4061, 'context': 1, 'bonus_lists': [6654], 'modifiers': [{'type': 9, 'value': 30}, {'type': 28, 'value': 217}]}"
1200466708,LONG,20000000,2,,,{'id': 38860}
1200466711,LONG,11779000,2,,,{'id': 38790}
1200466713,LONG,,1,51672800,,"{'id': 172914, 'context': 13}"
1200466718,LONG,3899400,2,,,{'id': 38767}
1200466721,LONG,,1,800000,,"{'id': 13116, 'context': 0, 'bonus_lists': [6658], 'modifiers': [{'type': 9, 'value': 30}, {'type': 28, 'value': 1004}]}"
1200466724,LONG,4503600,2,,,{'id': 52687}
1200466728,LONG,20200100,1,,,{'id': 74722}
1200466732,LONG,100000000,2,,,{'id': 38821}
1200466737,LONG,18997700,2,,,{'id': 38964}
1200466742,LONG,20000000,2,,,{'id': 38836}
1200466745,VERY_LONG,,1,12655500,,"{'id': 82074, 'context': 0, 'bonus_lists': [6655, 1705], 'modifiers': [{'type': 9, 'value': 35}, {'type': 28, 'value': 1032}]}"
1200466746,LONG,3864800,2,,,{'id': 38856}
1200466749,LONG,18102000,2,,,{'id': 52751}
1200466750,VERY_LONG,,1,573000,,"{'id': 81997, 'context': 0, 'bonus_lists': [6654, 1686], 'modifiers': [{'type': 9, 'value': 35}, {'type': 28, 'value': 169}]}"
1200466753,LONG,1498900,2,,,{'id': 52750}
1200466754,VERY_LONG,,1,877800,,"{'id': 82033, 'context': 0, 'bonus_lists': [6654, 1706], 'modifiers': [{'type': 9, 'value': 35}, {'type': 28, 'value': 169}]}"
1200466759,LONG,49999700,2,,,{'id': 44453}
1200466764,LONG,19319100,2,,,{'id': 89737}
1200466769,LONG,24999800,2,,,{'id': 38973}
1200466773,LONG,,1,42738300,,"{'id': 24871, 'context': 22, 'bonus_lists': [6654, 1679], 'modifiers': [{'type': 9, 'value': 30}, {'type': 28, 'value': 1079}]}"
1200466774,LONG,10891900,2,,,{'id': 38848}
1200466780,LONG,1427000,2,,,{'id': 74716}
1200466782,LONG,25639400,2,,,{'id': 52769}
1200466785,LONG,19999900,2,,,{'id': 38812}
1200466788,LONG,,1,4490000,,"{'id': 172251, 'context': 13, 'bonus_lists': [6893], 'modifiers': [{'type': 9, 'value': 60}, {'type': 28, 'value': 391}, {'type': 29, 'value': 40}, {'type': 30, 'value': 32}]}"
1200466790,LONG,,1,4490000,,"{'id': 172251, 'context': 13, 'bonus_lists': [6893], 'modifiers': [{'type': 9, 'value': 60}, {'type': 28, 'value': 391}, {'type': 29, 'value': 36}, {'type': 30, 'value': 32}]}"
1200466793,LONG,,1,99999900,,"{'id': 11289, 'context': 0}"
1200466798,LONG,,1,2238400,,"{'id': 171374, 'context': 13, 'bonus_lists': [6890], 'modifiers': [{'type': 9, 'value': 50}, {'type': 28, 'value': 391}, {'type': 29, 'value': 49}, {'type': 30, 'value': 32}]}"
1200466799,LONG,,1,464540100,,"{'id': 160122, 'context': 0, 'bonus_lists': [6654, 1704], 'modifiers': [{'type': 9, 'value': 50}, {'type': 28, 'value': 1260}]}"
1200466801,LONG,22765800,2,,,{'id': 38911}
1200466802,LONG,,1,19475900,,"{'id': 171442, 'context': 13, 'bonus_lists': [6893], 'modifiers': [{'type': 9, 'value': 50}, {'type': 28, 'value': 391}, {'type': 29, 'value': 49}, {'type': 30, 'value': 36}]}"
1200466806,LONG,8499400,1,,,{'id': 52752}
1200466808,LONG,19208000,2,,,{'id': 38824}
1200466810,LONG,19996700,2,,,{'id': 38829}
1200466813,LONG,,1,2990000,,"{'id': 172247, 'context': 13, 'bonus_lists': [6890], 'modifiers': [{'type': 9, 'value': 60}, {'type': 28, 'value': 391}, {'type': 29, 'value': 40}, {'type': 30, 'value': 36}]}"
1200466815,LONG,,1,2990000,,"{'id': 172247, 'context': 13, 'bonus_lists': [6890], 'modifiers': [{'type': 9, 'value': 60}, {'type': 28, 'value': 391}, {'type': 29, 'value': 49}, {'type': 30, 'value': 36}]}"
1200466818,LONG,,1,2990000,,"{'id': 172247, 'context': 13, 'bonus_lists': [6890], 'modifiers': [{'type': 9, 'value': 60}, {'type': 28, 'value': 391}, {'type': 29, 'value': 49}, {'type': 30, 'value': 36}]}"
1200466821,LONG,,1,2990000,,"{'id': 172247, 'context': 13, 'bonus_lists': [6890], 'modifiers': [{'type': 9, 'value': 60}, {'type': 28, 'value': 391}, {'type': 29, 'value': 49}, {'type': 30, 'value': 36}]}"
1200466822,LONG,,1,2990000,,"{'id': 172247, 'context': 13, 'bonus_lists': [6890], 'modifiers': [{'type': 9, 'value': 60}, {'type': 28, 'value': 391}, {'type': 29, 'value': 36}, {'type': 30, 'value': 40}]}"
1200466826,LONG,,1,2990000,,"{'id': 172247, 'context': 13, 'bonus_lists': [6890], 'modifiers': [{'type': 9, 'value': 60}, {'type': 28, 'value': 391}, {'type': 29, 'value': 36}, {'type': 30, 'value': 32}]}"
1200466829,LONG,,1,2990000,,"{'id': 172247, 'context': 13, 'bonus_lists': [6890], 'modifiers': [{'type': 9, 'value': 60}, {'type': 28, 'value': 391}, {'type': 29, 'value': 32}, {'type': 30, 'value': 40}]}"
1200466833,LONG,,1,2990000,,"{'id': 172247, 'context': 13, 'bonus_lists': [6890], 'modifiers': [{'type': 9, 'value': 60}, {'type': 28, 'value': 391}, {'type': 29, 'value': 49}, {'type': 30, 'value': 32}]}"
1200466837,LONG,,1,2990000,,"{'id': 172247, 'context': 13, 'bonus_lists': [6890], 'modifiers': [{'type': 9, 'value': 60}, {'type': 28, 'value': 391}, {'type': 29, 'value': 36}, {'type': 30, 'value': 40}]}"
1200466841,LONG,,1,2990000,,"{'id': 172247, 'context': 13, 'bonus_lists': [6890], 'modifiers': [{'type': 9, 'value': 60}, {'type': 28, 'value': 391}, {'type': 29, 'value': 32}, {'type': 30, 'value': 36}]}"
1200466845,LONG,,1,4645475600,,"{'id': 159485, 'context': 0, 'bonus_lists': [6655, 1691], 'modifiers': [{'type': 9, 'value': 46}, {'type': 28, 'value': 190}]}"
1200466848,LONG,,1,1740000,,"{'id': 172237, 'context': 13, 'bonus_lists': [6887], 'modifiers': [{'type': 9, 'value': 60}, {'type': 28, 'value': 391}, {'type': 29, 'value': 32}, {'type': 30, 'value': 36}]}"
1200466853,LONG,,1,1740000,,"{'id': 172237, 'context': 13, 'bonus_lists': [6887], 'modifiers': [{'type': 9, 'value': 60}, {'type': 28, 'value': 391}, {'type': 29, 'value': 40}, {'type': 30, 'value': 32}]}"
1200466857,LONG,2033400,2,,,{'id': 38845}
1200466859,LONG,,1,1110000,,"{'id': 172245, 'context': 13, 'bonus_lists': [6887], 'modifiers': [{'type': 9, 'value': 60}, {'type': 28, 'value': 391}, {'type': 29, 'value': 49}, {'type': 30, 'value': 36}]}"
1200466863,LONG,,1,1110000,,"{'id': 172245, 'context': 13, 'bonus_lists': [6887], 'modifiers': [{'type': 9, 'value': 60}, {'type': 28, 'value': 391}, {'type': 29, 'value': 40}, {'type': 30, 'value': 49}]}"
1200466868,LONG,,1,1110000,,"{'id': 172245, 'context': 13, 'bonus_lists': [6887], 'modifiers': [{'type': 9, 'value': 60}, {'type': 28, 'value': 391}, {'type': 29, 'value': 40}, {'type': 30, 'value': 49}]}"
1200466870,LONG,,1,1110000,,"{'id': 172245, 'context': 13, 'bonus_lists': [6887], 'modifiers': [{'type': 9, 'value': 60}, {'type': 28, 'value': 391}, {'type': 29, 'value': 36}, {'type': 30, 'value': 32}]}"
1200466874,LONG,1099900,2,,,{'id': 38773}
1200466879,LONG,,1,1508800,,"{'id': 172242, 'context': 13, 'bonus_lists': [6890], 'modifiers': [{'type': 9, 'value': 60}, {'type': 28, 'value': 391}, {'type': 29, 'value': 40}, {'type': 30, 'value': 36}]}"
1200466882,LONG,,1,1508800,,"{'id': 172242, 'context': 13, 'bonus_lists': [6890], 'modifiers': [{'type': 9, 'value': 60}, {'type': 28, 'value': 391}, {'type': 29, 'value': 32}, {'type': 30, 'value': 36}]}"
1200466886,LONG,,1,1508800,,"{'id': 172242, 'context': 13, 'bonus_lists': [6890], 'modifiers': [{'type': 9, 'value': 60}, {'type': 28, 'value': 391}, {'type': 29, 'value': 40}, {'type': 30, 'value': 49}]}"
1200466892,LONG,,1,1508800,,"{'id': 172242, 'context': 13, 'bonus_lists': [6890], 'modifiers': [{'type': 9, 'value': 60}, {'type': 28, 'value': 391}, {'type': 29, 'value': 32}, {'type': 30, 'value': 40}]}"
1200466896,LONG,,1,1508800,,"{'id': 172242, 'context': 13, 'bonus_lists': [6890], 'modifiers': [{'type': 9, 'value': 60}, {'type': 28, 'value': 391}, {'type': 29, 'value': 36}, {'type': 30, 'value': 49}]}"
1200466900,LONG,16921700,2,,,{'id': 38787}
1200466905,LONG,7099400,2,,,{'id': 52744}
1200466910,LONG,4755600,20,,,{'id': 52188}
1200466914,LONG,1279100,1,,,{'id': 38852}
1200466918,LONG,,1,2303300,,"{'id': 173194, 'context': 0, 'bonus_lists': [6887], 'modifiers': [{'type': 9, 'value': 53}, {'type': 28, 'value': 391}, {'type': 29, 'value': 49}, {'type': 30, 'value': 40}]}"
1200466922,LONG,,1,2303300,,"{'id': 173194, 'context': 0, 'bonus_lists': [6887], 'modifiers': [{'type': 9, 'value': 53}, {'type': 28, 'value': 391}, {'type': 29, 'value': 32}, {'type': 30, 'value': 49}]}"
1200466929,LONG,,1,2303300,,"{'id': 173194, 'context': 0, 'bonus_lists': [6887], 'modifiers': [{'type': 9, 'value': 56}, {'type': 28, 'value': 391}, {'type': 29, 'value': 32}, {'type': 30, 'value': 40}]}"
1200466931,LONG,17079000,16,,,{'id': 112177}
1200466993,LONG,,1,29999700,14999900,"{'id': 36131, 'context': 30, 'bonus_lists': [1706, 3850], 'modifiers': [{'type': 9, 'value': 29}]}"
1200466995,LONG,,1,34991900,17496000,"{'id': 2278, 'context': 0}"
1200467001,LONG,,1,46000000,23000000,"{'id': 9845, 'context': 0, 'bonus_lists': [1677]}"
1200467002,LONG,,1,17714200,8857100,"{'id': 161913, 'context': 13, 'bonus_lists': [1688, 6848, 5804]}"
1200467006,LONG,,1,5639100,2819600,"{'id': 4084, 'context': 1, 'bonus_lists': [6654], 'modifiers': [{'type': 9, 'value': 30}, {'type': 28, 'value': 282}]}"
1200467009,LONG,,1,1500000,750000,"{'id': 9800, 'context': 54, 'bonus_lists': [1677, 4281], 'modifiers': [{'type': 9, 'value': 50}]}"
1200467014,LONG,,1,43999900,22000000,"{'id': 138001, 'context': 1}"
1200467018,LONG,,1,12500000,6250000,"{'id': 121007, 'context': 0, 'bonus_lists': [1812, 1694], 'modifiers': [{'type': 9, 'value': 40}]}"
1200467022,LONG,,1,226909900,113455000,"{'id': 87476, 'context': 0, 'bonus_lists': [6659], 'modifiers': [{'type': 9, 'value': 48}]}"
1200467026,LONG,,1,125712500,62856300,"{'id': 106626, 'context': 0, 'bonus_lists': [6654, 63], 'modifiers': [{'type': 9, 'value': 40}, {'type': 28, 'value': 1768}]}"
1200467027,LONG,,1,2000000,1000000,"{'id': 24826, 'context': 28, 'bonus_lists': [1708, 3840], 'modifiers': [{'type': 9, 'value': 50}]}"
1200467037,LONG,,1,374999800,187499900,"{'id': 161891, 'context': 13, 'bonus_lists': [1679, 6858, 5804]}"
1200467045,LONG,,1,7500000,3750000,"{'id': 106551, 'context': 0, 'bonus_lists': [168]}"
1200467053,LONG,,1,88009100,44004600,"{'id': 24200, 'context': 0}"
1200467057,VERY_LONG,485300,2,,,{'id': 38785}
1200467065,LONG,,1,310000000,155000000,"{'id': 119338, 'context': 6, 'bonus_lists': [567]}"
1200467069,VERY_LONG,1764000,6,,,{'id': 61981}
1200467071,LONG,,1,174999900,87500000,"{'id': 161923, 'context': 13, 'bonus_lists': [1701, 6856, 5804]}"
1200467079,LONG,,1,45000000,22500000,"{'id': 15298, 'context': 0, 'bonus_lists': [6655, 1693], 'modifiers': [{'type': 9, 'value': 30}, {'type': 28, 'value': 3}]}"
1200467081,VERY_LONG,5225600,8,,,{'id': 129034}
1200467082,LONG,,1,5000000,2500000,"{'id': 6569, 'context': 53, 'bonus_lists': [1693, 4277], 'modifiers': [{'type': 9, 'value': 24}]}"
1200467089,LONG,,1,20498200,10249100,"{'id': 24728, 'context': 0, 'bonus_lists': [1705]}"
1200467098,LONG,,1,22000000,11000000,"{'id': 36330, 'context': 36, 'bonus_lists': [1692, 3850], 'modifiers': [{'type': 9, 'value': 33}]}"
1200468110,LONG,,1,16000000,8000000,"{'id': 36130, 'context': 28, 'bonus_lists': [1680, 3840], 'modifiers': [{'type': 9, 'value': 27}]}"
1200468113,LONG,,1,999900,642800,"{'id': 78888, 'context': 0}"
1200468129,LONG,,1,136565200,68282600,"{'id': 24194, 'context': 1}"
1200468149,LONG,,1,47500000,23750000,"{'id': 24811, 'context': 28, 'bonus_lists': [1679, 3840], 'modifiers': [{'type': 9, 'value': 43}]}"
1200468156,LONG,,1,35670300,18203400,"{'id': 15988, 'context': 0, 'bonus_lists': [1692]}"
1200468169,LONG,,1,150355500,75177800,"{'id': 24923, 'context': 1, 'bonus_lists': [6654, 1692], 'modifiers': [{'type': 9, 'value': 30}, {'type': 28, 'value': 220}]}"
1200468173,LONG,,1,83850300,41925200,"{'id': 16049, 'context': 1}"
1200468182,LONG,,1,83850300,41925200,"{'id': 16049, 'context': 1}"
1200468194,LONG,,1,46331000,34479100,"{'id': 35203, 'context': 0}"
1200468203,LONG,,1,999700,602500,"{'id': 82800, 'context': 0, 'modifiers': [{'type': 6, 'value': 99898}], 'pet_breed_id': 5, 'pet_level': 1, 'pet_quality_id': 2, 'pet_species_id': 2908}"
1200468219,LONG,,1,269453900,134727000,"{'id': 809, 'context': 54, 'bonus_lists': [4260], 'modifiers': [{'type': 9, 'value': 45}]}"
1200468235,LONG,,1,13820400,6910200,"{'id': 15387, 'context': 1, 'bonus_lists': [1708]}"
1200468238,LONG,,1,159999800,79999900,"{'id': 67115, 'context': 0}"
1200468248,LONG,,1,41892200,20946100,"{'id': 4040, 'context': 54, 'bonus_lists': [4279], 'modifiers': [{'type': 9, 'value': 50}]}"
1200468264,LONG,,1,14788400,9340200,"{'id': 81969, 'context': 0, 'bonus_lists': [6654, 1702], 'modifiers': [{'type': 9, 'value': 35}, {'type': 28, 'value': 1035}]}"
1200468279,LONG,,1,228999800,114499900,"{'id': 141569, 'context': 26, 'bonus_lists': [1472, 3528, 3431]}"
1200468283,LONG,,1,17000000,8500000,"{'id': 14212, 'context': 54, 'bonus_lists': [1677, 4277], 'modifiers': [{'type': 9, 'value': 50}]}"
1200468286,LONG,,1,15000000,7500000,"{'id': 82067, 'context': 0, 'bonus_lists': [6654, 1705], 'modifiers': [{'type': 9, 'value': 22}, {'type': 28, 'value': 1754}]}"
1200468295,LONG,,1,68999700,34499900,"{'id': 161914, 'context': 13, 'bonus_lists': [1711, 6851, 5804]}"
1200468307,LONG,,1,72667500,36333800,"{'id': 15518, 'context': 0, 'bonus_lists': [6654, 1693], 'modifiers': [{'type': 9, 'value': 30}, {'type': 28, 'value': 14}]}"
1200468323,LONG,,1,65000000,32500000,"{'id': 25220, 'context': 0, 'bonus_lists': [1681]}"
1200468332,LONG,,1,8227000,,"{'id': 178950, 'context': 0, 'bonus_lists': [6908, 6652, 1681], 'modifiers': [{'type': 9, 'value': 60}, {'type': 28, 'value': 2060}]}"
1200468334,LONG,,1,1179900,590000,"{'id': 2985, 'context': 54, 'bonus_lists': [4279], 'modifiers': [{'type': 9, 'value': 45}]}"
1200468341,LONG,,1,28852000,14426000,"{'id': 8268, 'context': 43, 'bonus_lists': [4276], 'modifiers': [{'type': 9, 'value': 23}]}"
1200468344,LONG,,1,9499800,4749900,"{'id': 37117, 'context': 2, 'bonus_lists': [4196], 'modifiers': [{'type': 9, 'value': 50}]}"
1200468353,LONG,,1,44000000,22000000,"{'id': 69966, 'context': 0}"
1200468377,LONG,,1,18999800,9499900,"{'id': 7430, 'context': 42, 'bonus_lists': [1678, 3836], 'modifiers': [{'type': 9, 'value': 20}]}"
1200468379,LONG,,1,25000000,12500000,"{'id': 14199, 'context': 36, 'bonus_lists': [1681, 3834], 'modifiers': [{'type': 9, 'value': 16}]}"
1200468383,LONG,,1,43954700,26908800,"{'id': 1726, 'context': 0}"
1200468393,LONG,,1,74979900,37490000,"{'id': 14413, 'context': 0}"
1200468397,LONG,,1,70799900,35400000,"{'id': 23154, 'context': 0}"
1200468407,LONG,,1,11938000,5969000,"{'id': 8293, 'context': 1}"
1200468419,LONG,,1,37003200,18501600,"{'id': 138004, 'context': 0}"
1200468430,VERY_LONG,,1,410000000,,"{'id': 171416, 'context': 65, 'bonus_lists': [6718, 1522]}"
1200468432,VERY_LONG,,1,410000000,,"{'id': 171416, 'context': 65, 'bonus_lists': [6718, 1522]}"
1200468433,LONG,,1,17979900,8990000,"{'id': 14408, 'context': 36, 'bonus_lists': [3834], 'modifiers': [{'type': 9, 'value': 18}]}"
1200468435,VERY_LONG,,1,410000000,,"{'id': 171416, 'context': 65, 'bonus_lists': [6718, 1522]}"
1200468441,LONG,,1,29868600,17347700,"{'id': 15604, 'context': 42, 'bonus_lists': [1693, 3865], 'modifiers': [{'type': 9, 'value': 22}]}"
1200468457,LONG,,1,13805200,7758200,"{'id': 87418, 'context': 0, 'bonus_lists': [6659], 'modifiers': [{'type': 9, 'value': 35}, {'type': 28, 'value': 2003}]}"
1200468467,LONG,,1,46999800,23499900,"{'id': 106418, 'context': 28, 'bonus_lists': [3854, 201], 'modifiers': [{'type': 9, 'value': 39}]}"
1200468477,LONG,,1,237499900,118750000,"{'id': 126925, 'context': 14, 'modifiers': [{'type': 28, 'value': 402}]}"
1200468480,LONG,7390000,2,,,{'id': 173161}
1200468486,LONG,,1,249642800,124821400,"{'id': 31134, 'context': 36, 'bonus_lists': [3932], 'modifiers': [{'type': 9, 'value': 50}]}"
1200468495,LONG,,1,54999800,27499900,"{'id': 55260, 'context': 1, 'bonus_lists': [4159], 'modifiers': [{'type': 9, 'value': 32}]}"
1200468497,LONG,,1,55000000,27500000,"{'id': 14208, 'context': 54, 'bonus_lists': [1679, 4277], 'modifiers': [{'type': 9, 'value': 50}]}"
1200468504,LONG,,1,14999900,7500000,"{'id': 15195, 'context': 0, 'bonus_lists': [6654, 1708], 'modifiers': [{'type': 9, 'value': 30}, {'type': 28, 'value': 1007}]}"
1200468510,LONG,,1,144999800,72499900,"{'id': 87456, 'context': 0, 'bonus_lists': [6658], 'modifiers': [{'type': 9, 'value': 35}, {'type': 28, 'value': 57}]}"
1200468522,LONG,,1,320000000,160000000,"{'id': 35191, 'context': 0}"
1200468529,LONG,18577000,5,,,{'id': 178252}
1200468535,LONG,,1,1149985200,579408500,"{'id': 22739, 'context': 0}"
1200468538,LONG,,1,40000000,20000000,"{'id': 1930, 'context': 1, 'bonus_lists': [4005], 'modifiers': [{'type': 9, 'value': 25}]}"
1200468545,LONG,,1,297499800,148749900,"{'id': 162652, 'context': 13, 'bonus_lists': [1694, 6855, 5804]}"
1200468556,LONG,,1,39913200,19956600,"{'id': 25093, 'context': 30, 'bonus_lists': [1707, 3871], 'modifiers': [{'type': 9, 'value': 29}]}"
1200468571,LONG,,1,230826500,140849900,"{'id': 10571, 'context': 1, 'bonus_lists': [4035], 'modifiers': [{'type': 9, 'value': 19}]}"
1200468589,LONG,,1,3479900,2737400,"{'id': 6536, 'context': 0, 'bonus_lists': [6654, 1692], 'modifiers': [{'type': 9, 'value': 22}, {'type': 28, 'value': 10}]}"
1200468594,LONG,,1,15003400,7501700,"{'id': 8253, 'context': 54, 'bonus_lists': [4277], 'modifiers': [{'type': 9, 'value': 45}]}"
1200468611,LONG,,1,99989900,49995000,"{'id': 1405, 'context': 0, 'bonus_lists': [3637], 'modifiers': [{'type': 9, 'value': 17}]}"
1200468626,LONG,,1,38744100,19372100,"{'id': 7487, 'context': 54, 'bonus_lists': [1678, 4277], 'modifiers': [{'type': 9, 'value': 24}]}"
1200468639,LONG,,1,38744100,19372100,"{'id': 7487, 'context': 1, 'bonus_lists': [1679]}"
1200468644,LONG,,1,229979900,114990000,"{'id': 31215, 'context': 0, 'bonus_lists': [1708, 3763], 'modifiers': [{'type': 9, 'value': 30}]}"
1200468659,LONG,,1,7000000,3500000,"{'id': 82059, 'context': 0, 'bonus_lists': [1712]}"
1200468672,LONG,,1,7564300,3782200,"{'id': 14663, 'context': 0, 'bonus_lists': [6654], 'modifiers': [{'type': 9, 'value': 30}, {'type': 28, 'value': 26}]}"
1200468689,LONG,,1,28500000,14250000,"{'id': 14783, 'context': 1}"
1200468704,LONG,,1,40000000,20000000,"{'id': 82157, 'context': 0, 'bonus_lists': [6655, 1678], 'modifiers': [{'type': 9, 'value': 35}, {'type': 28, 'value': 58}]}"
1200468709,LONG,,1,99999800,49999900,"{'id': 31133, 'context': 28, 'bonus_lists': [3909], 'modifiers': [{'type': 9, 'value': 27}]}"
1200468721,VERY_LONG,,1,150000000,,"{'id': 183421, 'context': 28, 'bonus_lists': [6652, 1520, 5891, 6646]}"
1200468725,VERY_LONG,,1,150000000,,"{'id': 183421, 'context': 28, 'bonus_lists': [6652, 1520, 5891, 6646]}"
1200468731,LONG,,1,192096800,96048400,"{'id': 14828, 'context': 1, 'bonus_lists': [6654], 'modifiers': [{'type': 9, 'value': 30}, {'type': 28, 'value': 279}]}"
1200468747,LONG,,1,3439600,1719800,"{'id': 8281, 'context': 1, 'bonus_lists': [6654], 'modifiers': [{'type': 9, 'value': 30}, {'type': 28, 'value': 282}]}"
1200468762,LONG,1046000,5,,,{'id': 172058}
1200468767,LONG,,1,3439600,1719800,"{'id': 8281, 'context': 1, 'bonus_lists': [6654], 'modifiers': [{'type': 9, 'value': 25}, {'type': 28, 'value': 1922}]}"
1200468773,LONG,,1,95288800,47644400,"{'id': 10424, 'context': 0}"
1200468787,LONG,,1,53336000,26668000,"{'id': 152818, 'context': 13, 'bonus_lists': [1707, 6845, 5804]}"
1200468804,LONG,,1,26000000,13000000,"{'id': 106531, 'context': 27, 'bonus_lists': [3853, 127], 'modifiers': [{'type': 9, 'value': 38}]}"
1200468819,LONG,,1,7500000,3750000,"{'id': 36143, 'context': 22, 'bonus_lists': [6654, 1694], 'modifiers': [{'type': 9, 'value': 30}, {'type': 28, 'value': 1097}]}"
1200468838,LONG,,1,215409700,107704900,"{'id': 118858, 'context': 0}"
1200468845,LONG,,1,49999600,24999800,"{'id': 13520, 'context': 1}"
1200468859,LONG,,1,33000000,16500000,"{'id': 10220, 'context': 0, 'bonus_lists': [1708]}"
1200468875,LONG,,1,20499800,10249900,"{'id': 161882, 'context': 13, 'bonus_lists': [1702, 6850, 5804]}"
1200468886,LONG,,1,19000000,9500000,"{'id': 14567, 'context': 27, 'bonus_lists': [3830], 'modifiers': [{'type': 9, 'value': 9}]}"
1200468889,LONG,,1,16381500,8190800,"{'id': 7368, 'context': 42, 'bonus_lists': [1695, 3836], 'modifiers': [{'type': 9, 'value': 19}]}"
1200468905,LONG,,1,55417800,27708900,"{'id': 38513, 'context': 0, 'bonus_lists': [3671, 5656], 'modifiers': [{'type': 9, 'value': 7}]}"
1200468916,LONG,,1,7500000,3750000,"{'id': 36023, 'context': 30, 'bonus_lists': [1694, 3850], 'modifiers': [{'type': 9, 'value': 29}]}"
1200468928,LONG,,1,57000000,28500000,"{'id': 9968, 'context': 43, 'bonus_lists': [1708, 4276], 'modifiers': [{'type': 9, 'value': 22}]}"
1200468931,LONG,,1,3999700,1999900,"{'id': 7541, 'context': 1, 'bonus_lists': [1691]}"
1200468939,LONG,,1,3999700,1999900,"{'id': 7541, 'context': 54, 'bonus_lists': [1707, 4277], 'modifiers': [{'type': 9, 'value': 42}]}"
1200468949,LONG,,1,49989300,24994700,"{'id': 9913, 'context': 54, 'bonus_lists': [1709, 4277], 'modifiers': [{'type': 9, 'value': 43}]}"
1200468958,LONG,,1,47500000,23750000,"{'id': 35652, 'context': 1, 'bonus_lists': [4135], 'modifiers': [{'type': 9, 'value': 26}]}"
1200468969,LONG,,1,30000000,15000000,"{'id': 11980, 'context': 0, 'bonus_lists': [1707]}"
1200468974,LONG,,1,66909800,33454900,"{'id': 15599, 'context': 54, 'bonus_lists': [1694, 4279], 'modifiers': [{'type': 9, 'value': 45}]}"
1200468982,LONG,,1,21606800,11558000,"{'id': 6045, 'context': 1}"
1200468994,LONG,,1,147199000,73599500,"{'id': 36461, 'context': 36, 'bonus_lists': [1693, 3871], 'modifiers': [{'type': 9, 'value': 50}]}"
1200468995,VERY_LONG,,1,200226100,,"{'id': 82800, 'context': 0, 'modifiers': [{'type': 6, 'value': 87763}], 'pet_breed_id': 15, 'pet_level': 1, 'pet_quality_id': 3, 'pet_species_id': 2793}"
1200469006,LONG,,1,975000000,487500000,"{'id': 161077, 'context': 4, 'bonus_lists': [4801, 1472, 4786]}"
1200469007,VERY_LONG,,1,11620200,,"{'id': 17706, 'context': 11, 'modifiers': [{'type': 28, 'value': 420}]}"
1200469009,LONG,,1,125000000,62500000,"{'id': 106595, 'context': 1, 'bonus_lists': [6655, 55], 'modifiers': [{'type': 9, 'value': 40}, {'type': 28, 'value': 274}]}"
1200469020,LONG,,1,550000000,275000000,"{'id': 71332, 'context': 0}"
1200469022,LONG,296900,200,,,{'id': 171268}
1200469025,LONG,219900,54,,,{'id': 171267}
1200469028,LONG,,1,3959700,2775600,"{'id': 47630, 'context': 0}"
1200469032,LONG,,1,25104600,12552300,"{'id': 159809, 'context': 0, 'bonus_lists': [4796, 4802, 1691], 'modifiers': [{'type': 9, 'value': 50}]}"
1200469042,LONG,,1,24000000,12000000,"{'id': 106472, 'context': 27, 'bonus_lists': [3853, 51], 'modifiers': [{'type': 9, 'value': 37}]}"
1200469044,LONG,,1,99999900,50000000,"{'id': 164403, 'context': 11}"
1200469058,VERY_LONG,,1,1089000,,"{'id': 179333, 'context': 2, 'bonus_lists': [6908, 6652, 1700], 'modifiers': [{'type': 9, 'value': 60}, {'type': 28, 'value': 748}]}"
1200469065,VERY_LONG,,1,62000000,,"{'id': 82800, 'context': 0, 'pet_breed_id': 8, 'pet_level': 1, 'pet_quality_id': 3, 'pet_species_id': 1962}"
1200469072,LONG,300000,6,,,{'id': 173128}
1200469074,VERY_LONG,,1,1425600,,"{'id': 178949, 'context': 0, 'bonus_lists': [6908, 6652, 1700], 'modifiers': [{'type': 9, 'value': 60}, {'type': 28, 'value': 1707}]}"
1200469083,VERY_LONG,,1,732600,,"{'id': 178946, 'context': 0, 'bonus_lists': [6908, 6652, 1696], 'modifiers': [{'type': 9, 'value': 60}, {'type': 28, 'value': 1707}]}"
1200469090,VERY_LONG,,1,980100,,"{'id': 177802, 'context': 0, 'bonus_lists': [6908, 6652, 1685], 'modifiers': [{'type': 9, 'value': 60}, {'type': 28, 'value': 1707}]}"
1200469099,VERY_LONG,,1,485100,,"{'id': 178950, 'context': 0, 'bonus_lists': [6908, 6652, 1690], 'modifiers': [{'type': 9, 'value': 60}, {'type': 28, 'value': 1707}]}"
1200470104,VERY_LONG,,1,2580200,,"{'id': 177798, 'context': 2, 'bonus_lists': [6907, 43, 1700], 'modifiers': [{'type': 9, 'value': 60}, {'type': 28, 'value': 748}]}"
1200470111,VERY_LONG,,1,995100,,"{'id': 176991, 'context': 0, 'bonus_lists': [6907, 6652, 7194, 1702], 'modifiers': [{'type': 9, 'value': 60}, {'type': 28, 'value': 1707}]}"
1200470117,VERY_LONG,,1,1485000,,"{'id': 176978, 'context': 0, 'bonus_lists': [6907, 6652, 1694], 'modifiers': [{'type': 9, 'value': 60}, {'type': 28, 'value': 1707}]}"
1200470121,VERY_LONG,,1,4959800,,"{'id': 176972, 'context': 0, 'bonus_lists': [6907, 6652, 1707], 'modifiers': [{'type': 9, 'value': 60}, {'type': 28, 'value': 1707}]}"
1200470258,VERY_LONG,514800,38,,,{'id': 53066}
1200470297,VERY_LONG,,1,1100000000,,"{'id': 184797, 'context': 0, 'bonus_lists': [6652, 1472, 6646], 'modifiers': [{'type': 28, 'value': 2060}]}"
1200470298,VERY_LONG,,1,1100000000,,"{'id': 184797, 'context': 0, 'bonus_lists': [6652, 1472, 6646], 'modifiers': [{'type': 28, 'value': 1707}]}"
1200470332,VERY_LONG,,1,175000000,,"{'id': 82800, 'context': 0, 'modifiers': [{'type': 6, 'value': 91235}], 'pet_breed_id': 20, 'pet_level': 1, 'pet_quality_id': 3, 'pet_species_id': 2681}"
1200470338,VERY_LONG,,1,100000000,,"{'id': 177784, 'context': 17, 'bonus_lists': [6907, 6652, 1679], 'modifiers': [{'type': 9, 'value': 55}, {'type': 28, 'value': 747}]}"
1200470377,VERY_LONG,,1,20004200,,"{'id': 176796, 'context': 0, 'bonus_lists': [6908, 6652, 1686], 'modifiers': [{'type': 9, 'value': 54}, {'type': 28, 'value': 1707}]}"
1200470379,VERY_LONG,,1,149999800,,"{'id': 82800, 'context': 0, 'modifiers': [{'type': 6, 'value': 91656}], 'pet_breed_id': 10, 'pet_level': 1, 'pet_quality_id': 3, 'pet_species_id': 2721}"
1200470441,VERY_LONG,,1,6669900,,"{'id': 176800, 'context': 0, 'bonus_lists': [6908, 6652, 1685], 'modifiers': [{'type': 9, 'value': 53}, {'type': 28, 'value': 1707}]}"
1200470481,VERY_LONG,,1,1950000,,"{'id': 173131, 'context': 13, 'modifiers': [{'type': 29, 'value': 36}]}"
1200470485,VERY_LONG,,1,1950000,,"{'id': 173131, 'context': 13, 'modifiers': [{'type': 29, 'value': 49}]}"
1200470489,VERY_LONG,6700000,1,,,{'id': 128551}
1200470493,VERY_LONG,2050000,10,,,{'id': 172361}
1200470496,VERY_LONG,22622900,1,,,{'id': 38873}
1200470500,VERY_LONG,468700,81,,,{'id': 171437}
1200470512,VERY_LONG,2500000,1,,,{'id': 168593}
1200470514,VERY_LONG,2250000,3,,,{'id': 110640}
1200470518,VERY_LONG,,1,5200000,,"{'id': 172257, 'context': 13, 'bonus_lists': [6893], 'modifiers': [{'type': 9, 'value': 50}, {'type': 28, 'value': 391}, {'type': 29, 'value': 36}, {'type': 30, 'value': 49}]}"
1200470520,VERY_LONG,,1,5200000,,"{'id': 172257, 'context': 13, 'bonus_lists': [6893], 'modifiers': [{'type': 9, 'value': 50}, {'type': 28, 'value': 391}, {'type': 29, 'value': 40}, {'type': 30, 'value': 36}]}"
1200470522,VERY_LONG,,1,99990000,,"{'id': 176778, 'context': 0, 'bonus_lists': [6907, 6652, 1716], 'modifiers': [{'type': 9, 'value': 53}, {'type': 28, 'value': 1707}]}"
1200470529,VERY_LONG,10000000,1,,,{'id': 168638}
1200470531,VERY_LONG,15000000,2,,,{'id': 40111}
1200470533,VERY_LONG,15000000,3,,,{'id': 32196}
1200470538,VERY_LONG,2000100,4,,,{'id': 172410}
1200470540,VERY_LONG,,1,12500000,,"{'id': 172250, 'context': 13, 'bonus_lists': [6893], 'modifiers': [{'type': 9, 'value': 50}, {'type': 28, 'value': 391}, {'type': 29, 'value': 49}, {'type': 30, 'value': 40}]}"
1200470543,VERY_LONG,,1,108967200,,"{'id': 164490, 'context': 0}"
1200470550,VERY_LONG,3400000,3,,,{'id': 158203}
1200470556,VERY_LONG,5006400,1,,,{'id': 110628}
1200470557,VERY_LONG,1050000,355,,,{'id': 172041}
1200470560,VERY_LONG,14990000,1,,,{'id': 128553}
1200470568,VERY_LONG,,1,2139800,,"{'id': 173133, 'context': 13, 'modifiers': [{'type': 29, 'value': 49}]}"
1200470574,VERY_LONG,,1,2139800,,"{'id': 173133, 'context': 13, 'modifiers': [{'type': 29, 'value': 40}]}"
1200470580,VERY_LONG,,1,12500000,,"{'id': 172254, 'context': 13, 'bonus_lists': [6893], 'modifiers': [{'type': 9, 'value': 50}, {'type': 28, 'value': 391}, {'type': 29, 'value': 40}, {'type': 30, 'value': 49}]}"
1200470587,VERY_LONG,8700000,3,,,{'id': 172370}
1200470752,VERY_LONG,19999900,3,,,{'id': 58480}
1200470763,VERY_LONG,25000000,1,,,{'id': 180457}
1200470872,LONG,,1,300009500,,"{'id': 171415, 'context': 64, 'bonus_lists': [6717, 7193, 1507]}"
1200470876,LONG,,1,300009500,,"{'id': 171415, 'context': 64, 'bonus_lists': [6717, 7193, 1507]}"
1200470879,LONG,,1,300009500,,"{'id': 171415, 'context': 64, 'bonus_lists': [6717, 7193, 1507]}"
1200470883,LONG,,1,300009500,,"{'id': 171415, 'context': 64, 'bonus_lists': [6717, 7193, 1507]}"
1200470946,VERY_LONG,643500,89,,,{'id': 118472}
1200470967,VERY_LONG,494900,85,,,{'id': 124109}
1200471068,VERY_LONG,30000,1,,,{'id': 172061}
1200472342,VERY_LONG,94100,103,,,{'id': 152512}
1200472366,VERY_LONG,3000,82,,,{'id': 152511}
1200472383,VERY_LONG,10000,34,,,{'id': 152505}
1200472396,VERY_LONG,5500,67,,,{'id': 152509}
1200472412,VERY_LONG,34800,28,,,{'id': 152579}
1200472424,LONG,,1,564593100,,"{'id': 116582, 'context': 29, 'bonus_lists': [3875, 199, 550], 'modifiers': [{'type': 9, 'value': 50}]}"
1200472426,VERY_LONG,199900,29,,,{'id': 152510}
1200472427,LONG,13185400,1,,,{'id': 39339}
1200472429,LONG,,1,716600,,"{'id': 11287, 'context': 0}"
1200472432,LONG,,1,716600,,"{'id': 11287, 'context': 0}"
1200472435,LONG,,1,4147900,,"{'id': 171378, 'context': 13, 'bonus_lists': [6885], 'modifiers': [{'type': 9, 'value': 50}, {'type': 28, 'value': 391}, {'type': 29, 'value': 32}, {'type': 30, 'value': 40}]}"
1200472440,LONG,,1,4147900,,"{'id': 171378, 'context': 13, 'bonus_lists': [6885], 'modifiers': [{'type': 9, 'value': 50}, {'type': 28, 'value': 391}, {'type': 29, 'value': 40}, {'type': 30, 'value': 36}]}"
1200472442,LONG,150000,2,,,{'id': 38768}
1200472446,LONG,3000800,1,,,{'id': 44456}
1200472450,LONG,23631000,2,,,{'id': 128546}
1200472453,LONG,19531800,2,,,{'id': 38937}
1200472456,LONG,19998800,2,,,{'id': 38827}
1200472457,VERY_LONG,13900,41,,,{'id': 152508}
1200472461,LONG,2044000,2,,,{'id': 38934}
1200472463,LONG,,1,5002800,,"{'id': 172348, 'context': 13, 'modifiers': [{'type': 29, 'value': 49}, {'type': 30, 'value': 40}]}"
1200472466,LONG,,1,5002800,,"{'id': 172348, 'context': 13, 'modifiers': [{'type': 29, 'value': 49}, {'type': 30, 'value': 40}]}"
1200472471,LONG,,1,5002800,,"{'id': 172348, 'context': 13, 'modifiers': [{'type': 29, 'value': 49}, {'type': 30, 'value': 32}]}"
1200472473,LONG,,1,5002800,,"{'id': 172348, 'context': 13, 'modifiers': [{'type': 29, 'value': 40}, {'type': 30, 'value': 49}]}"
1200472479,LONG,300700,2,,,{'id': 38833}
1200472483,LONG,8473400,2,,,{'id': 39005}
1200472484,VERY_LONG,11000,4,,,{'id': 152576}
1200472485,VERY_LONG,6745400,1,,,{'id': 31915}
1200472487,LONG,,1,30722500,,"{'id': 171446, 'context': 13, 'bonus_lists': [6893], 'modifiers': [{'type': 9, 'value': 50}, {'type': 28, 'value': 391}, {'type': 29, 'value': 49}, {'type': 30, 'value': 40}]}"
1200472491,LONG,19953400,2,,,{'id': 38794}
1200472493,VERY_LONG,,1,4004000,,"{'id': 82800, 'context': 0, 'modifiers': [{'type': 6, 'value': 79707}], 'pet_breed_id': 10, 'pet_level': 1, 'pet_quality_id': 3, 'pet_species_id': 2086}"
1200472496,LONG,50000000,2,,,{'id': 38816}
1200472501,LONG,,1,4490000,,"{'id': 172251, 'context': 13, 'bonus_lists': [6893], 'modifiers': [{'type': 9, 'value': 60}, {'type': 28, 'value': 391}, {'type': 29, 'value': 49}, {'type': 30, 'value': 40}]}"
1200472502,VERY_LONG,,1,27991900,,"{'id': 82800, 'context': 0, 'modifiers': [{'type': 6, 'value': 79709}], 'pet_breed_id': 9, 'pet_level': 1, 'pet_quality_id': 3, 'pet_species_id': 2088}"
1200472506,LONG,,1,16925900300,,"{'id': 159544, 'context': 0, 'bonus_lists': [6655, 1682], 'modifiers': [{'type': 9, 'value': 46}, {'type': 28, 'value': 190}]}"
1200472511,VERY_LONG,,1,128546500,,"{'id': 31212, 'context': 0, 'bonus_lists': [6691, 1692], 'modifiers': [{'type': 9, 'value': 30}, {'type': 28, 'value': 42}]}"
1200472512,LONG,,1,34700000,,"{'id': 138791, 'context': 13}"
1200472515,LONG,3497000,2,,,{'id': 38959}
1200472518,VERY_LONG,,1,9892300,,"{'id': 24896, 'context': 2, 'bonus_lists': [6654, 1705], 'modifiers': [{'type': 9, 'value': 30}, {'type': 28, 'value': 1073}]}"
1200472519,VERY_LONG,2800,31,,,{'id': 152506}
1200472522,LONG,1260700,2,,,{'id': 38777}
1200472525,VERY_LONG,,1,9892300,,"{'id': 24896, 'context': 2, 'bonus_lists': [6654, 1691], 'modifiers': [{'type': 9, 'value': 30}, {'type': 28, 'value': 1073}]}"
1200472528,LONG,,1,21675100,,"{'id': 176976, 'context': 0, 'bonus_lists': [6907, 6652, 7193, 1717], 'modifiers': [{'type': 9, 'value': 60}, {'type': 28, 'value': 1707}]}"
1200472530,VERY_LONG,,1,7412000,,"{'id': 24792, 'context': 2, 'bonus_lists': [6654, 1680], 'modifiers': [{'type': 9, 'value': 30}, {'type': 28, 'value': 1073}]}"
1200472533,LONG,17905300,2,,,{'id': 38806}
1200472540,LONG,1168900,1,,,{'id': 38960}
1200472547,LONG,5000000,2,,,{'id': 110652}
1200472558,VERY_LONG,,1,3990100,,"{'id': 25082, 'context': 2, 'bonus_lists': [6655, 1693], 'modifiers': [{'type': 9, 'value': 30}, {'type': 28, 'value': 1073}]}"
1200472559,VERY_LONG,17500,3,,,{'id': 152513}
1200472565,VERY_LONG,,1,110245400,,"{'id': 55295, 'context': 5, 'bonus_lists': [6655, 1708], 'modifiers': [{'type': 9, 'value': 35}, {'type': 28, 'value': 1029}]}"
1200472754,LONG,4329200,2,,,{'id': 110635}
1200472760,LONG,,1,39480000,,"{'id': 138790, 'context': 13}"
1200472763,LONG,17882200,2,,,{'id': 38898}
1200472767,LONG,18406900,2,,,{'id': 38847}
1200472770,LONG,50000000,2,,,{'id': 38954}
1200472774,LONG,79446800,2,,,{'id': 38940}
1200472776,LONG,,1,1110000,,"{'id': 172245, 'context': 13, 'bonus_lists': [6887], 'modifiers': [{'type': 9, 'value': 60}, {'type': 28, 'value': 391}, {'type': 29, 'value': 36}, {'type': 30, 'value': 49}]}"
1200472780,LONG,1102300,2,,,{'id': 38825}
1200472784,LONG,,1,19475900,,"{'id': 171442, 'context': 13, 'bonus_lists': [6893], 'modifiers': [{'type': 9, 'value': 50}, {'type': 28, 'value': 391}, {'type': 29, 'value': 40}, {'type': 30, 'value': 49}]}"
1200472789,LONG,19996800,2,,,{'id': 110624}
1200472791,LONG,,1,4400000,,"{'id': 172246, 'context': 13, 'bonus_lists': [6885], 'modifiers': [{'type': 9, 'value': 60}, {'type': 28, 'value': 391}, {'type': 29, 'value': 36}, {'type': 30, 'value': 32}]}"
1200472798,LONG,,1,4400000,,"{'id': 172246, 'context': 13, 'bonus_lists': [6885], 'modifiers': [{'type': 9, 'value': 60}, {'type': 28, 'value': 391}, {'type': 29, 'value': 36}, {'type': 30, 'value': 40}]}"
1200472804,LONG,,1,33349800,,"{'id': 182690, 'context': 0, 'bonus_lists': [6908, 6652], 'modifiers': [{'type': 9, 'value': 59}, {'type': 28, 'value': 1707}]}"
1200472810,LONG,,1,2303300,,"{'id': 173194, 'context': 0, 'bonus_lists': [6887], 'modifiers': [{'type': 9, 'value': 53}, {'type': 28, 'value': 391}, {'type': 29, 'value': 49}, {'type': 30, 'value': 40}]}"
1200472817,LONG,,1,55696900,,"{'id': 172912, 'context': 13}"
1200472827,LONG,,1,55696900,,"{'id': 172912, 'context': 13}"
1200472832,LONG,,1,55696900,,"{'id': 172912, 'context': 13}"
1200472838,LONG,20000000,2,,,{'id': 38811}
1200472841,LONG,7100000,2,,,{'id': 128545}
1200472847,LONG,,1,1481000,,"{'id': 171379, 'context': 13, 'bonus_lists': [6890], 'modifiers': [{'type': 9, 'value': 50}, {'type': 28, 'value': 391}, {'type': 29, 'value': 36}, {'type': 30, 'value': 32}]}"
1200472853,LONG,,1,58368100,,"{'id': 4706, 'context': 0, 'bonus_lists': [6654], 'modifiers': [{'type': 9, 'value': 11}, {'type': 28, 'value': 1814}]}"
1200472858,LONG,,1,3807700,,"{'id': 172350, 'context': 13, 'modifiers': [{'type': 29, 'value': 40}, {'type': 30, 'value': 49}]}"
1200472861,LONG,,1,3807700,,"{'id': 172350, 'context': 13, 'modifiers': [{'type': 29, 'value': 36}, {'type': 30, 'value': 49}]}"
1200472869,LONG,,1,3807700,,"{'id': 172350, 'context': 13, 'modifiers': [{'type': 29, 'value': 36}, {'type': 30, 'value': 40}]}"
1200472880,LONG,18493900,1,,,{'id': 38839}
1200472885,LONG,,1,99999900,,"{'id': 11289, 'context': 0}"
1200472887,LONG,42000,1,,,{'id': 173859}
1200472892,LONG,,1,1740000,,"{'id': 172237, 'context': 13, 'bonus_lists': [6887], 'modifiers': [{'type': 9, 'value': 60}, {'type': 28, 'value': 391}, {'type': 29, 'value': 40}, {'type': 30, 'value': 32}]}"
1200472896,LONG,,1,1740000,,"{'id': 172237, 'context': 13, 'bonus_lists': [6887], 'modifiers': [{'type': 9, 'value': 60}, {'type': 28, 'value': 391}, {'type': 29, 'value': 49}, {'type': 30, 'value': 32}]}"
1200472897,LONG,,1,1740000,,"{'id': 172237, 'context': 13, 'bonus_lists': [6887], 'modifiers': [{'type': 9, 'value': 60}, {'type': 28, 'value': 391}, {'type': 29, 'value': 49}, {'type': 30, 'value': 36}]}"
1200472902,LONG,,1,750000,,"{'id': 173193, 'context': 0, 'bonus_lists': [6890], 'modifiers': [{'type': 9, 'value': 53}, {'type': 28, 'value': 391}, {'type': 29, 'value': 40}, {'type': 30, 'value': 32}]}"
1200472905,LONG,,1,6854692300,,"{'id': 154818, 'context': 0, 'bonus_lists': [6654, 1680], 'modifiers': [{'type': 9, 'value': 46}, {'type': 28, 'value': 190}]}"
1200472912,LONG,,1,28148100,,"{'id': 161925, 'context': 13, 'bonus_lists': [1683, 6844]}"
1200472916,LONG,2291600,4,,,{'id': 35953}
1200472921,LONG,,1,1484200,,"{'id': 172240, 'context': 13, 'bonus_lists': [6885], 'modifiers': [{'type': 9, 'value': 60}, {'type': 28, 'value': 391}, {'type': 29, 'value': 49}, {'type': 30, 'value': 40}]}"
1200472927,LONG,,1,1484200,,"{'id': 172240, 'context': 13, 'bonus_lists': [6885], 'modifiers': [{'type': 9, 'value': 60}, {'type': 28, 'value': 391}, {'type': 29, 'value': 36}, {'type': 30, 'value': 49}]}"
1200472929,LONG,,1,1484200,,"{'id': 172240, 'context': 13, 'bonus_lists': [6885], 'modifiers': [{'type': 9, 'value': 60}, {'type': 28, 'value': 391}, {'type': 29, 'value': 49}, {'type': 30, 'value': 36}]}"
1200472933,LONG,,1,1484200,,"{'id': 172240, 'context': 13, 'bonus_lists': [6885], 'modifiers': [{'type': 9, 'value': 60}, {'type': 28, 'value': 391}, {'type': 29, 'value': 32}, {'type': 30, 'value': 40}]}"
1200472937,LONG,,1,293755500,,"{'id': 106542, 'context': 0, 'bonus_lists': [6654, 107], 'modifiers': [{'type': 9, 'value': 29}, {'type': 28, 'value': 1767}]}"
1200472940,LONG,15999700,2,,,{'id': 110654}
1200472948,LONG,19680300,2,,,{'id': 38857}
1200472951,LONG,,1,690000,,"{'id': 172239, 'context': 13, 'bonus_lists': [6890], 'modifiers': [{'type': 9, 'value': 60}, {'type': 28, 'value': 391}, {'type': 29, 'value': 40}, {'type': 30, 'value': 49}]}"
1200472958,LONG,,1,690000,,"{'id': 172239, 'context': 13, 'bonus_lists': [6890], 'modifiers': [{'type': 9, 'value': 60}, {'type': 28, 'value': 391}, {'type': 29, 'value': 36}, {'type': 30, 'value': 49}]}"
1200472962,LONG,,1,690000,,"{'id': 172239, 'context': 13, 'bonus_lists': [6890], 'modifiers': [{'type': 9, 'value': 60}, {'type': 28, 'value': 391}, {'type': 29, 'value': 36}, {'type': 30, 'value': 49}]}"
1200472966,LONG,,1,690000,,"{'id': 172239, 'context': 13, 'bonus_lists': [6890], 'modifiers': [{'type': 9, 'value': 60}, {'type': 28, 'value': 391}, {'type': 29, 'value': 36}, {'type': 30, 'value': 49}]}"
1200472971,LONG,,1,690000,,"{'id': 172239, 'context': 13, 'bonus_lists': [6890], 'modifiers': [{'type': 9, 'value': 60}, {'type': 28, 'value': 391}, {'type': 29, 'value': 49}, {'type': 30, 'value': 32}]}"
1200472975,LONG,3499000,2,,,{'id': 52768}
1200474105,LONG,19999900,2,,,{'id': 38931}
1200474109,LONG,19998900,2,,,{'id': 52771}
1200474112,LONG,,1,1559200,,"{'id': 175572, 'context': 0, 'bonus_lists': [6907, 1696], 'modifiers': [{'type': 9, 'value': 60}, {'type': 28, 'value': 1707}]}"
1200474114,LONG,19974100,2,,,{'id': 38782}
1200474119,LONG,27773300,2,,,{'id': 110656}
1200474122,LONG,,1,26467000,,"{'id': 179323, 'context': 0, 'bonus_lists': [6908, 6652, 1711], 'modifiers': [{'type': 9, 'value': 59}, {'type': 28, 'value': 746}]}"
1200474124,LONG,,1,2104900,,"{'id': 11288, 'context': 0}"
1200474127,LONG,,1,2104900,,"{'id': 11288, 'context': 0}"
1200474129,LONG,,1,2104900,,"{'id': 11288, 'context': 0}"
1200474130,LONG,2755200,2,,,{'id': 38808}
1200474132,LONG,7999400,2,,,{'id': 38968}
1200474133,LONG,,1,39422500,,"{'id': 177784, 'context': 0, 'bonus_lists': [6907, 6652, 1700], 'modifiers': [{'type': 9, 'value': 59}, {'type': 28, 'value': 746}]}"
1200474135,LONG,,1,23138600,,"{'id': 9908, 'context': 0, 'bonus_lists': [6654, 1694], 'modifiers': [{'type': 9, 'value': 30}, {'type': 28, 'value': 27}]}"
1200474136,LONG,,1,1435500,,"{'id': 173196, 'context': 0, 'bonus_lists': [6887], 'modifiers': [{'type': 9, 'value': 53}, {'type': 28, 'value': 391}, {'type': 29, 'value': 36}, {'type': 30, 'value': 32}]}"
1200474137,LONG,,1,1435500,,"{'id': 173196, 'context': 0, 'bonus_lists': [6887], 'modifiers': [{'type': 9, 'value': 53}, {'type': 28, 'value': 391}, {'type': 29, 'value': 32}, {'type': 30, 'value': 49}]}"
1200474138,LONG,800000,2,,,{'id': 38771}
1200474141,LONG,,1,44930700,,"{'id': 121023, 'context': 0, 'bonus_lists': [1812, 1687], 'modifiers': [{'type': 9, 'value': 42}]}"
1200474144,LONG,,1,3947900,,"{'id': 172257, 'context': 13, 'bonus_lists': [6893], 'modifiers': [{'type': 9, 'value': 60}, {'type': 28, 'value': 391}, {'type': 29, 'value': 36}, {'type': 30, 'value': 49}]}"
1200474146,LONG,,1,3947900,,"{'id': 172257, 'context': 13, 'bonus_lists': [6893], 'modifiers': [{'type': 9, 'value': 60}, {'type': 28, 'value': 391}, {'type': 29, 'value': 36}, {'type': 30, 'value': 32}]}"
1200474148,LONG,,1,3947900,,"{'id': 172257, 'context': 13, 'bonus_lists': [6893], 'modifiers': [{'type': 9, 'value': 60}, {'type': 28, 'value': 391}, {'type': 29, 'value': 40}, {'type': 30, 'value': 49}]}"
1200474150,LONG,17907200,2,,,{'id': 38804}
1200474152,LONG,50000000,2,,,{'id': 38995}
1200474154,LONG,,1,2490000,,"{'id': 172238, 'context': 13, 'bonus_lists': [6885], 'modifiers': [{'type': 9, 'value': 60}, {'type': 28, 'value': 391}, {'type': 29, 'value': 36}, {'type': 30, 'value': 49}]}"
1200474158,LONG,,1,2490000,,"{'id': 172238, 'context': 13, 'bonus_lists': [6885], 'modifiers': [{'type': 9, 'value': 60}, {'type': 28, 'value': 391}, {'type': 29, 'value': 36}, {'type': 30, 'value': 49}]}"
1200474164,LONG,,1,1206700,,"{'id': 173201, 'context': 0, 'bonus_lists': [6883], 'modifiers': [{'type': 29, 'value': 49}, {'type': 30, 'value': 40}]}"
1200474166,LONG,,1,1206700,,"{'id': 173201, 'context': 0, 'bonus_lists': [6883], 'modifiers': [{'type': 29, 'value': 40}, {'type': 30, 'value': 49}]}"
1200474167,LONG,,1,1206700,,"{'id': 173201, 'context': 0, 'bonus_lists': [6883], 'modifiers': [{'type': 29, 'value': 36}, {'type': 30, 'value': 40}]}"
1200474169,LONG,,1,141680300,,"{'id': 106512, 'context': 29, 'bonus_lists': [4503, 210], 'modifiers': [{'type': 9, 'value': 43}]}"
1200474172,LONG,,1,11120300,,"{'id': 171444, 'context': 13, 'bonus_lists': [6893], 'modifiers': [{'type': 9, 'value': 50}, {'type': 28, 'value': 391}, {'type': 29, 'value': 40}, {'type': 30, 'value': 49}]}"
1200474174,LONG,,1,600000,,"{'id': 173197, 'context': 0, 'bonus_lists': [6887], 'modifiers': [{'type': 9, 'value': 56}, {'type': 28, 'value': 391}, {'type': 29, 'value': 32}, {'type': 30, 'value': 36}]}"
1200474179,LONG,,1,600000,,"{'id': 173197, 'context': 0, 'bonus_lists': [6887], 'modifiers': [{'type': 9, 'value': 56}, {'type': 28, 'value': 391}, {'type': 29, 'value': 36}, {'type': 30, 'value': 40}]}"
1200474182,LONG,,1,600000,,"{'id': 173197, 'context': 0, 'bonus_lists': [6887], 'modifiers': [{'type': 9, 'value': 56}, {'type': 28, 'value': 391}, {'type': 29, 'value': 49}, {'type': 30, 'value': 32}]}"
1200474186,LONG,10457100,1,,,{'id': 87226}
1200474188,LONG,1999700,1,,,{'id': 136375}
1200474191,LONG,308100,2,,,{'id': 74710}
1200474195,LONG,481200,2,,,{'id': 38817}
1200474200,LONG,1999500,2,,,{'id': 110639}
1200474377,VERY_LONG,3162700,2,,,{'id': 52760}
1200474388,VERY_LONG,2994900,2,,,{'id': 38909}
1200474400,VERY_LONG,290900,2,,,{'id': 38830}
1200474413,VERY_LONG,335900,2,,,{'id': 128537}
1200474434,VERY_LONG,2099100,2,,,{'id': 110640}
1200474450,VERY_LONG,,1,449800,,"{'id': 20746, 'context': 0}"
1200474455,VERY_LONG,,1,449800,,"{'id': 20746, 'context': 0}"
1200474469,VERY_LONG,275000,2,,,{'id': 182122}
1200474536,LONG,1494900,5,,,{'id': 171833}
1200474556,VERY_LONG,279200,4,,,{'id': 4291}
1200474565,VERY_LONG,2951400,1,,,{'id': 39341}
1200474580,VERY_LONG,118900,68,,,{'id': 36929}
1200474595,VERY_LONG,,1,640000000,,"{'id': 171418, 'context': 66, 'bonus_lists': [6758, 7194, 1532]}"
1200474622,VERY_LONG,470600,201,,,{'id': 129032}
1200474645,VERY_LONG,22400,4,,,{'id': 109627}
1200474836,VERY_LONG,,1,240000000,,"{'id': 172322, 'context': 65, 'bonus_lists': [6718, 1522]}"
1200475012,LONG,2420800,15,,,{'id': 171275}
1200475029,LONG,190000,18,,,{'id': 171271}
1200475039,LONG,1120000,13,,,{'id': 176811}
1200475048,LONG,660000,2,,,{'id': 184090}
1200475066,LONG,53900,17,,,{'id': 171370}
1200475076,LONG,30000,5,,,{'id': 171263}
1200477111,LONG,,1,39990000,,"{'id': 180208, 'context': 0, 'modifiers': [{'type': 28, 'value': 373}]}"
1200477148,LONG,25000000,1,,,{'id': 180457}
1200477422,LONG,4907000,1,,,{'id': 177962}
1200477663,LONG,,1,960100,,"{'id': 172248, 'context': 13, 'bonus_lists': [6885], 'modifiers': [{'type': 9, 'value': 60}, {'type': 28, 'value': 391}, {'type': 29, 'value': 32}, {'type': 30, 'value': 49}]}"
1200477666,LONG,,1,960100,,"{'id': 172248, 'context': 13, 'bonus_lists': [6885], 'modifiers': [{'type': 9, 'value': 60}, {'type': 28, 'value': 391}, {'type': 29, 'value': 32}, {'type': 30, 'value': 49}]}"
1200477671,LONG,,1,960100,,"{'id': 172248, 'context': 13, 'bonus_lists': [6885], 'modifiers': [{'type': 9, 'value': 60}, {'type': 28, 'value': 391}, {'type': 29, 'value': 36}, {'type': 30, 'value': 40}]}"
1200477674,LONG,,1,960100,,"{'id': 172248, 'context': 13, 'bonus_lists': [6885], 'modifiers': [{'type': 9, 'value': 60}, {'type': 28, 'value': 391}, {'type': 29, 'value': 40}, {'type': 30, 'value': 49}]}"
1200477677,LONG,20000000,2,,,{'id': 52773}
1200477682,LONG,,1,19572100,,"{'id': 177798, 'context': 3, 'bonus_lists': [6907, 6652, 1703], 'modifiers': [{'type': 9, 'value': 60}, {'type': 28, 'value': 751}]}"
1200477685,LONG,1009600,2,,,{'id': 38772}
1200477688,LONG,5926700,2,,,{'id': 74700}
1200477691,LONG,,1,124740000,,"{'id': 138789, 'context': 13}"
1200477693,LONG,18624800,2,,,{'id': 128547}
1200477696,LONG,,1,1435500,,"{'id': 173196, 'context': 0, 'bonus_lists': [6887], 'modifiers': [{'type': 9, 'value': 53}, {'type': 28, 'value': 391}, {'type': 29, 'value': 32}, {'type': 30, 'value': 36}]}"
1200477699,LONG,,1,1435500,,"{'id': 173196, 'context': 0, 'bonus_lists': [6887], 'modifiers': [{'type': 9, 'value': 53}, {'type': 28, 'value': 391}, {'type': 29, 'value': 49}, {'type': 30, 'value': 36}]}"
1200477704,LONG,,1,1435500,,"{'id': 173196, 'context': 0, 'bonus_lists': [6887], 'modifiers': [{'type': 9, 'value': 53}, {'type': 28, 'value': 391}, {'type': 29, 'value': 32}, {'type': 30, 'value': 49}]}"
1200477705,LONG,,1,249949800,,"{'id': 173087, 'context': 13}"
1200477709,LONG,20000000,2,,,{'id': 52767}
1200477714,LONG,20000000,2,,,{'id': 38796}
1200477718,LONG,11999800,1,,,{'id': 38979}
1200477725,LONG,,1,2490000,,"{'id': 172238, 'context': 13, 'bonus_lists': [6885], 'modifiers': [{'type': 9, 'value': 60}, {'type': 28, 'value': 391}, {'type': 29, 'value': 32}, {'type': 30, 'value': 36}]}"
1200477729,LONG,,1,4597049500,,"{'id': 180145, 'context': 0, 'bonus_lists': [6908, 6652, 1714], 'modifiers': [{'type': 9, 'value': 50}, {'type': 28, 'value': 1229}]}"
1200477730,VERY_LONG,2420700,63,,,{'id': 171275}
1200477733,LONG,20000000,2,,,{'id': 45628}
1200477736,LONG,11942300,1,,,{'id': 38822}
1200477740,LONG,20000000,2,,,{'id': 38799}
1200477748,LONG,2176000,2,,,{'id': 38841}
1200477751,LONG,22209100,2,,,{'id': 38853}
1200477754,LONG,,1,3947900,,"{'id': 172257, 'context': 13, 'bonus_lists': [6893], 'modifiers': [{'type': 9, 'value': 60}, {'type': 28, 'value': 391}, {'type': 29, 'value': 49}, {'type': 30, 'value': 40}]}"
1200477759,LONG,,1,28140300,,"{'id': 161925, 'context': 13, 'bonus_lists': [1717, 6844]}"
1200477765,LONG,,1,24901241000,,"{'id': 160149, 'context': 0, 'bonus_lists': [4796, 1696], 'modifiers': [{'type': 9, 'value': 47}]}"
1200477768,LONG,22441600,2,,,{'id': 110632}
1200477772,LONG,8652500,2,,,{'id': 74706}
1200477776,LONG,28900,64,,,{'id': 45087}
1200477779,LONG,19009100,24,,,{'id': 109991}
1200477787,LONG,,1,14460400,,"{'id': 171449, 'context': 13, 'bonus_lists': [6893], 'modifiers': [{'type': 9, 'value': 50}, {'type': 28, 'value': 391}, {'type': 29, 'value': 49}, {'type': 30, 'value': 32}]}"
1200477792,LONG,4899400,2,,,{'id': 38929}
1200477800,LONG,34507500,2,,,{'id': 38997}
1200477803,LONG,20000000,2,,,{'id': 38974}
1200477807,LONG,1449600,2,,,{'id': 110618}
1200477809,LONG,,1,35305100,,"{'id': 178943, 'context': 0, 'bonus_lists': [6908, 41, 1699], 'modifiers': [{'type': 9, 'value': 60}, {'type': 28, 'value': 1707}]}"
1200477813,LONG,20000000,2,,,{'id': 74713}
1200477817,LONG,,1,600000,,"{'id': 173197, 'context': 0, 'bonus_lists': [6887], 'modifiers': [{'type': 9, 'value': 53}, {'type': 28, 'value': 391}, {'type': 29, 'value': 49}, {'type': 30, 'value': 40}]}"
1200477820,LONG,8798200,2,,,{'id': 52761}
1200477823,LONG,2189400,2,,,{'id': 74701}
1200477829,LONG,31999700,2,,,{'id': 38991}
1200477834,LONG,39948100,2,,,{'id': 118015}
1200477839,LONG,110000,2,,,{'id': 38766}
1200477912,VERY_LONG,1593700,2,,,{'id': 38792}
1200477916,VERY_LONG,5762400,6,,,{'id': 43127}
1200477927,VERY_LONG,980000,11,,,{'id': 43123}
1200477939,VERY_LONG,218900,3227,,,{'id': 163569}
1200477982,VERY_LONG,,1,350000000,,"{'id': 172317, 'context': 64, 'bonus_lists': [6717, 7193, 1507]}"
1200479545,LONG,604300,10,,,{'id': 171350}
1200479577,LONG,155800,39,,,{'id': 142117}
1200482191,LONG,28000000,78,,,{'id': 171276}
1200482410,LONG,1028800,7,,,{'id': 110621}
1200482412,VERY_LONG,10500000,3,,,{'id': 118008}
1200482419,VERY_LONG,,1,134999900,,"{'id': 116190, 'context': 13, 'bonus_lists': [198, 525, 536]}"
1200482420,LONG,589900,11,,,{'id': 3382}
1200482421,LONG,1168900,4,,,{'id': 38960}
1200482424,LONG,1749700,14,,,{'id': 168446}
1200482428,LONG,19911600,1,,,{'id': 38809}
1200482429,LONG,,1,55000000,,"{'id': 37697, 'context': 2}"
1200482431,VERY_LONG,1499900,8,,,{'id': 15564}
1200482433,LONG,,1,361483500,,"{'id': 38651, 'context': 14, 'modifiers': [{'type': 28, 'value': 869}]}"
1200482435,LONG,,1,190000000,,"{'id': 141291, 'context': 0, 'bonus_lists': [1812], 'modifiers': [{'type': 9, 'value': 45}]}"
1200482438,LONG,,1,2602900,,"{'id': 82274, 'context': 36, 'bonus_lists': [1707, 4314], 'modifiers': [{'type': 9, 'value': 40}]}"
1200482443,LONG,,1,151639700,,"{'id': 170115, 'context': 0, 'bonus_lists': [6655, 1676], 'modifiers': [{'type': 9, 'value': 50}]}"
1200482445,LONG,3000800,2,,,{'id': 44456}
1200482447,LONG,,1,24867900,,"{'id': 36383, 'context': 36, 'bonus_lists': [1678, 4493], 'modifiers': [{'type': 9, 'value': 50}]}"
1200482452,LONG,250000,100,,,{'id': 169449}
1200482455,LONG,22441600,9,,,{'id': 110632}
1200482457,LONG,1260700,1,,,{'id': 38777}
1200482460,LONG,1999900,10,,,{'id': 153442}
1200482463,LONG,6948400,2,,,{'id': 52755}
1200482466,LONG,2220000,2,,,{'id': 168663}
1200482469,LONG,,1,96557700,,"{'id': 7495, 'context': 1, 'bonus_lists': [1707]}"
1200482473,VERY_LONG,,1,25999900,,"{'id': 38416, 'context': 0}"
1200482477,LONG,,1,1949186100,,"{'id': 169403, 'context': 0, 'bonus_lists': [4796, 1687], 'modifiers': [{'type': 9, 'value': 50}]}"
1200482478,LONG,,1,9327400,,"{'id': 81985, 'context': 26, 'bonus_lists': [1705, 4309], 'modifiers': [{'type': 9, 'value': 30}]}"
1200482482,LONG,550000,112,,,{'id': 116979}
1200482483,VERY_LONG,2499800,1,,,{'id': 114056}
1200482487,LONG,2749800,43,,,{'id': 52762}
1200482489,LONG,,1,25490400,,"{'id': 10268, 'context': 0, 'bonus_lists': [1709]}"
1200482494,VERY_LONG,,1,11479300,,"{'id': 85834, 'context': 0, 'bonus_lists': [1713]}"
1200482496,LONG,,1,46781000,,"{'id': 36252, 'context': 36, 'bonus_lists': [1679, 4493], 'modifiers': [{'type': 9, 'value': 29}]}"
1200482499,LONG,,1,24500600,,"{'id': 36251, 'context': 36, 'bonus_lists': [1695, 3850], 'modifiers': [{'type': 9, 'value': 37}]}"
1200482501,LONG,290000,16,,,{'id': 153439}
1200482502,LONG,3602800,3,,,{'id': 117}
1200482504,VERY_LONG,,1,49035300,,"{'id': 128907, 'context': 13, 'bonus_lists': [596, 600, 689, 1707, 3408]}"
1200482509,LONG,2499800,1,,,{'id': 153444}
1200482510,LONG,,1,55997900,,"{'id': 128885, 'context': 13, 'bonus_lists': [669, 600, 689, 1691, 3408]}"
1200482512,LONG,89800,5,,,{'id': 32905}
1200482513,LONG,,1,43970300,,"{'id': 10220, 'context': 0, 'bonus_lists': [1693]}"
1200482516,LONG,5926700,8,,,{'id': 74700}
1200482519,VERY_LONG,,1,16514800,,"{'id': 85833, 'context': 0, 'bonus_lists': [1688]}"
1200482520,VERY_LONG,4162900,5,,,{'id': 109120}
1200482521,LONG,,1,122101500,,"{'id': 82130, 'context': 27, 'bonus_lists': [1701, 4306], 'modifiers': [{'type': 9, 'value': 30}]}"
1200482525,LONG,,1,17935800,,"{'id': 36669, 'context': 28, 'bonus_lists': [1706, 3869], 'modifiers': [{'type': 9, 'value': 27}]}"
1200482529,LONG,1322000,6,,,{'id': 3771}
1200482531,LONG,,1,73991500,,"{'id': 170119, 'context': 0, 'bonus_lists': [6655, 1699], 'modifiers': [{'type': 9, 'value': 50}]}"
1200482532,LONG,1100000,19,,,{'id': 111445}
1200482536,LONG,1539700,1,,,{'id': 111442}
1200482540,LONG,,1,703957200,,"{'id': 169410, 'context': 0, 'bonus_lists': [6654, 1677], 'modifiers': [{'type': 9, 'value': 50}]}"
1200482543,LONG,,1,9423018500,,"{'id': 169410, 'context': 0, 'bonus_lists': [6654, 4802, 1712], 'modifiers': [{'type': 9, 'value': 50}]}"
1200482548,VERY_LONG,,1,7771500,,"{'id': 15093, 'context': 0}"
1200482552,LONG,8499700,2,,,{'id': 44328}
1200482555,LONG,3181300,63,,,{'id': 143681}
1200482560,LONG,560000,12,,,{'id': 76098}
1200482564,LONG,,1,3840000,,"{'id': 13085, 'context': 11}"
1200482566,LONG,,1,45000000,,"{'id': 37698, 'context': 2}"
1200482569,LONG,2299700,10,,,{'id': 111434}
1200482574,VERY_LONG,,1,19999900,,"{'id': 38441, 'context': 0}"
1200482578,LONG,,1,4218400,,"{'id': 36373, 'context': 36, 'bonus_lists': [1708, 3850], 'modifiers': [{'type': 9, 'value': 37}]}"
1200482582,LONG,,1,180386300,,"{'id': 36026, 'context': 36, 'bonus_lists': [1705, 3850], 'modifiers': [{'type': 9, 'value': 50}]}"
1200482587,LONG,,1,87529000,,"{'id': 9935, 'context': 1, 'bonus_lists': [1708]}"
1200482591,LONG,2249600,4,,,{'id': 1080}
1200482593,LONG,144400,1,,,{'id': 180318}
1200482595,VERY_LONG,2090000,5,,,{'id': 85559}
1200482597,LONG,,1,110016900,,"{'id': 11983, 'context': 37, 'bonus_lists': [1709, 3835], 'modifiers': [{'type': 9, 'value': 19}]}"
1200482600,LONG,,1,15468200,,"{'id': 13060, 'context': 0}"
1200482601,LONG,296900,1,,,{'id': 171268}
1200482603,LONG,,1,40487000,,"{'id': 106688, 'context': 6, 'bonus_lists': [6654, 158], 'modifiers': [{'type': 9, 'value': 40}, {'type': 28, 'value': 2019}]}"
1200482607,VERY_LONG,,1,12000000,,"{'id': 82800, 'context': 0, 'pet_breed_id': 7, 'pet_level': 1, 'pet_quality_id': 3, 'pet_species_id': 1625}"
1200482609,VERY_LONG,,1,24498800,,"{'id': 116180, 'context': 13, 'bonus_lists': [197, 525, 536]}"
1200482613,VERY_LONG,,1,24498800,,"{'id': 116180, 'context': 13, 'bonus_lists': [193, 525, 535]}"
1200482616,LONG,,1,22632000,,"{'id': 141293, 'context': 0, 'bonus_lists': [1812], 'modifiers': [{'type': 9, 'value': 45}]}"
1200482618,LONG,7999700,1,,,{'id': 127846}
1200482619,VERY_LONG,465500,3,,,{'id': 173036}
1200482622,LONG,2899700,74,,,{'id': 111438}
1200482624,LONG,,1,92446400,,"{'id': 55297, 'context': 28, 'bonus_lists': [1685, 4766], 'modifiers': [{'type': 9, 'value': 50}]}"
1200482627,LONG,1283500,20,,,{'id': 27858}
1200482631,LONG,213415000,4,,,{'id': 163110}
1200482633,LONG,2949700,32,,,{'id': 111454}
1200482637,LONG,833000,9,,,{'id': 110619}
1200482640,VERY_LONG,,1,19999800,,"{'id': 116167, 'context': 13, 'bonus_lists': [108]}"
1200482642,LONG,18647500,1,,,{'id': 151133}
1200482764,VERY_LONG,700,1,,,{'id': 154899}
1200482779,VERY_LONG,767500,1,,,{'id': 74711}
1200482807,LONG,,1,2402900,,"{'id': 184479, 'context': 0}"
1200482810,LONG,,1,2402900,,"{'id': 184479, 'context': 0}"
1200482813,LONG,,1,2402900,,"{'id': 184479, 'context': 0}"
1200482816,LONG,,1,2402900,,"{'id': 184479, 'context': 0}"
1200482818,LONG,,1,2402900,,"{'id': 184479, 'context': 0}"
1200482819,VERY_LONG,3025300,1,,,{'id': 52747}
1200482820,LONG,,1,2402900,,"{'id': 184479, 'context': 0}"
1200482823,LONG,,1,2402900,,"{'id': 184479, 'context': 0}"
1200482826,LONG,,1,2402900,,"{'id': 184479, 'context': 0}"
1200482827,LONG,,1,2402900,,"{'id': 184479, 'context': 0}"
1200482831,VERY_LONG,585900,11,,,{'id': 38953}
1200482832,LONG,,1,2402900,,"{'id': 184479, 'context': 0}"
1200482836,LONG,,1,2402900,,"{'id': 184479, 'context': 0}"
1200482840,LONG,,1,2402900,,"{'id': 184479, 'context': 0}"
1200482842,LONG,,1,2402900,,"{'id': 184479, 'context': 0}"
1200482844,LONG,,1,2402900,,"{'id': 184479, 'context': 0}"
1200482846,LONG,,1,2402900,,"{'id': 184479, 'context': 0}"
1200482848,VERY_LONG,95700,1,,,{'id': 38818}
1200482849,LONG,,1,2402900,,"{'id': 184479, 'context': 0}"
1200482852,LONG,,1,2402900,,"{'id': 184479, 'context': 0}"
1200482857,LONG,,1,2402900,,"{'id': 184479, 'context': 0}"
1200482859,LONG,,1,2402900,,"{'id': 184479, 'context': 0}"
1200482861,VERY_LONG,564800,1,,,{'id': 159787}
1200482862,LONG,,1,2402900,,"{'id': 184479, 'context': 0}"
1200482866,LONG,,1,2402900,,"{'id': 184479, 'context': 0}"
1200482870,LONG,,1,2402900,,"{'id': 184479, 'context': 0}"
1200482872,VERY_LONG,1008500,4,,,{'id': 153476}
1200482889,VERY_LONG,17500,4,,,{'id': 153438}
1200482900,VERY_LONG,137200,13,,,{'id': 153437}
1200482902,LONG,,1,2402900,,"{'id': 184479, 'context': 0}"
1200482906,LONG,,1,2402900,,"{'id': 184479, 'context': 0}"
1200482909,LONG,,1,2402900,,"{'id': 184479, 'context': 0}"
1200482915,LONG,,1,2402900,,"{'id': 184479, 'context': 0}"
1200482919,LONG,,1,2402900,,"{'id': 184479, 'context': 0}"
1200482921,LONG,,1,2402900,,"{'id': 184479, 'context': 0}"
1200482924,VERY_LONG,96000,45,,,{'id': 5997}
1200482926,LONG,,1,2402900,,"{'id': 184479, 'context': 0}"
1200482943,VERY_LONG,734500,10,,,{'id': 58268}
1200482955,VERY_LONG,96000,9,,,{'id': 2458}
1200482968,VERY_LONG,192100,7,,,{'id': 2455}
1200483045,VERY_LONG,57700,15,,,{'id': 154882}
1200483070,VERY_LONG,248500,18,,,{'id': 152557}
1200483090,VERY_LONG,152700,24,,,{'id': 142117}
1200484103,VERY_LONG,9800,50,,,{'id': 127834}
1200484107,VERY_LONG,33700,40,,,{'id': 1251}
1200484128,LONG,5009900,4,,,{'id': 152641}
1200484147,LONG,,1,49999900,,"{'id': 180760, 'context': 13}"
1200484167,LONG,,1,549990000,,"{'id': 178926, 'context': 65, 'bonus_lists': [6718, 7194, 1522]}"
1200484214,LONG,6009700,1,,,{'id': 152638}
1200484220,VERY_LONG,451400,11,,,{'id': 111431}
1200484253,VERY_LONG,149900,35,,,{'id': 109217}
1200484255,LONG,905500,4,,,{'id': 160053}
1200484261,VERY_LONG,2966600,11,,,{'id': 109160}
1200484276,VERY_LONG,240100,5,,,{'id': 109152}
1200484299,LONG,207600,15,,,{'id': 163223}
1200484319,LONG,2999600,2,,,{'id': 152640}
1200484330,VERY_LONG,19600,59,,,{'id': 41801}
1200484396,VERY_LONG,28500,1,,,{'id': 152547}
1200484417,VERY_LONG,4213100,9,,,{'id': 108327}
1200484772,LONG,1400000,1,,,{'id': 173070}
1200484790,LONG,10000800,1,,,{'id': 173082}
1200484794,LONG,2400300,142,,,{'id': 178787}
1200484822,LONG,16509400,149,,,{'id': 172438}
1200484831,LONG,75007900,4,,,{'id': 173091}
1200484836,LONG,22121600,3,,,{'id': 173072}
1200484839,LONG,20001600,4,,,{'id': 173092}
1200484849,LONG,,1,1690000000,,"{'id': 163576, 'context': 0}"
1200484855,LONG,10000000,2,,,{'id': 173093}
1200484858,VERY_LONG,3016900,10,,,{'id': 171273}
1200484862,LONG,,1,74880000,,"{'id': 82800, 'context': 0, 'modifiers': [{'type': 6, 'value': 99872}], 'pet_breed_id': 4, 'pet_level': 1, 'pet_quality_id': 2, 'pet_species_id': 3032}"
1200484871,LONG,,1,49933900,,"{'id': 82800, 'context': 0, 'modifiers': [{'type': 6, 'value': 97089}], 'pet_breed_id': 20, 'pet_level': 1, 'pet_quality_id': 2, 'pet_species_id': 3028}"
1200484875,LONG,,1,49933900,,"{'id': 82800, 'context': 0, 'modifiers': [{'type': 6, 'value': 97089}], 'pet_breed_id': 20, 'pet_level': 1, 'pet_quality_id': 2, 'pet_species_id': 3028}"
1200484879,LONG,10005900,1,,,{'id': 173094}
1200484885,LONG,2000000,3,,,{'id': 173086}
1200484900,LONG,400000,17,,,{'id': 172921}
1200484905,LONG,1500000,1,,,{'id': 173079}
1200485049,LONG,,1,3999990000,,"{'id': 183035, 'context': 6, 'bonus_lists': [7187, 6652, 7194, 1498, 6646], 'modifiers': [{'type': 28, 'value': 753}]}"
1200486187,VERY_LONG,7800000,3,,,{'id': 181468}
1200486199,VERY_LONG,3016900,10,,,{'id': 171273}
1200486330,VERY_LONG,,1,410000000,,"{'id': 171416, 'context': 65, 'bonus_lists': [6718, 1522]}"
1200486333,VERY_LONG,,1,410000000,,"{'id': 171416, 'context': 65, 'bonus_lists': [6718, 1522]}"
1200486334,VERY_LONG,,1,410000000,,"{'id': 171416, 'context': 65, 'bonus_lists': [6718, 1522]}"
1200486335,VERY_LONG,,1,410000000,,"{'id': 171416, 'context': 65, 'bonus_lists': [6718, 1522]}"
1200486340,VERY_LONG,,1,410000000,,"{'id': 171416, 'context': 65, 'bonus_lists': [6718, 1522]}"
1200486438,LONG,,1,4500000,,"{'id': 114821, 'context': 0}"
1200486443,LONG,,1,4500000,,"{'id': 114821, 'context': 0}"
1200486448,LONG,,1,4500000,,"{'id': 114821, 'context': 0}"
1200486450,LONG,,1,4500000,,"{'id': 114821, 'context': 0}"
1200486524,LONG,,1,5999900,,"{'id': 116259, 'context': 0}"
1200486547,LONG,,1,8009400,,"{'id': 116261, 'context': 0}"
1200486582,LONG,2540000,2,,,{'id': 153707}
1200486607,VERY_LONG,465500,5,,,{'id': 173036}
1200486676,VERY_LONG,77000,71,,,{'id': 171828}
1200486689,LONG,603600,6,,,{'id': 4382}
1200486700,VERY_LONG,500,3,,,{'id': 171840}
1200486776,VERY_LONG,139500,16,,,{'id': 171829}
1200486827,LONG,9800,38,,,{'id': 109125}
1200486864,LONG,5000,107,,,{'id': 109127}
1200486865,VERY_LONG,1000000,1,,,{'id': 72094}
1200486885,LONG,3404800,1,,,{'id': 23782}
1200486887,VERY_LONG,,1,6499800,,"{'id': 142337, 'context': 1, 'modifiers': [{'type': 28, 'value': 282}]}"
1200486921,LONG,9700,48,,,{'id': 109128}
1200486945,LONG,4900,80,,,{'id': 109129}
1200486974,LONG,,1,98780800,,"{'id': 34060, 'context': 1, 'bonus_lists': [6827]}"
1200486984,VERY_LONG,110000,15,,,{'id': 120257}
1200487010,LONG,1800,27,,,{'id': 113264}
1200487027,VERY_LONG,,1,95000000,,"{'id': 182556, 'context': 0, 'bonus_lists': [6907, 6652, 1676], 'modifiers': [{'type': 9, 'value': 60}, {'type': 28, 'value': 1707}]}"
1200487028,LONG,1500,88,,,{'id': 113262}
1200487039,LONG,4400,136,,,{'id': 113261}
1200487044,VERY_LONG,,1,1220000,,"{'id': 176794, 'context': 0, 'bonus_lists': [6908, 6652, 1699], 'modifiers': [{'type': 9, 'value': 60}, {'type': 28, 'value': 1707}]}"
1200487058,VERY_LONG,4477700,5,,,{'id': 23573}
1200487064,VERY_LONG,5607200,3,,,{'id': 7392}
1200487073,VERY_LONG,,1,480000,,"{'id': 176795, 'context': 0, 'bonus_lists': [6908, 6652, 1702], 'modifiers': [{'type': 9, 'value': 60}, {'type': 28, 'value': 2060}]}"
1200489124,VERY_LONG,530000,5,,,{'id': 171315}
1200489189,LONG,25927500,2,,,{'id': 23787}
1200489206,VERY_LONG,25800,63,,,{'id': 172092}
1200489221,VERY_LONG,898500,5,,,{'id': 22452}
1200489358,VERY_LONG,,1,43970300,,"{'id': 10220, 'context': 0, 'bonus_lists': [6654, 1680], 'modifiers': [{'type': 9, 'value': 30}, {'type': 28, 'value': 1005}]}"
1200489362,VERY_LONG,,1,5826800,,"{'id': 15273, 'context': 0, 'bonus_lists': [6655, 1705], 'modifiers': [{'type': 9, 'value': 30}, {'type': 28, 'value': 1004}]}"
1200489367,VERY_LONG,,1,283800,,"{'id': 36682, 'context': 3, 'bonus_lists': [6655, 1678], 'modifiers': [{'type': 9, 'value': 30}, {'type': 28, 'value': 1020}]}"
1200489373,VERY_LONG,,1,450000,,"{'id': 36682, 'context': 3, 'bonus_lists': [6655, 1695], 'modifiers': [{'type': 9, 'value': 30}, {'type': 28, 'value': 1020}]}"
1200489380,VERY_LONG,,1,8030500,,"{'id': 10251, 'context': 0, 'bonus_lists': [6654, 1692], 'modifiers': [{'type': 9, 'value': 30}, {'type': 28, 'value': 1004}]}"
1200489388,VERY_LONG,,1,1502500,,"{'id': 36693, 'context': 0, 'bonus_lists': [6655, 1705], 'modifiers': [{'type': 9, 'value': 30}, {'type': 28, 'value': 1023}]}"
1200489390,VERY_LONG,,1,2500000,,"{'id': 45316, 'context': 3, 'modifiers': [{'type': 28, 'value': 1020}]}"
1200489392,VERY_LONG,,1,2500000,,"{'id': 45316, 'context': 3, 'modifiers': [{'type': 28, 'value': 1020}]}"
1200489397,VERY_LONG,,1,17826500,,"{'id': 10386, 'context': 0, 'bonus_lists': [6654, 1694], 'modifiers': [{'type': 9, 'value': 30}, {'type': 28, 'value': 1004}]}"
1200489399,VERY_LONG,,1,3206600,,"{'id': 36038, 'context': 0, 'bonus_lists': [6654, 1679], 'modifiers': [{'type': 9, 'value': 30}, {'type': 28, 'value': 1023}]}"
1200489400,VERY_LONG,,1,923700,,"{'id': 82279, 'context': 22, 'bonus_lists': [6655, 1712], 'modifiers': [{'type': 9, 'value': 35}, {'type': 28, 'value': 1128}]}"
1200489403,VERY_LONG,,1,5358300,,"{'id': 82201, 'context': 22, 'bonus_lists': [6654, 1694], 'modifiers': [{'type': 9, 'value': 35}, {'type': 28, 'value': 1128}]}"
1200489405,VERY_LONG,31900,10,,,{'id': 109131}
1200489414,VERY_LONG,2900,23,,,{'id': 124118}
1200489421,VERY_LONG,148800,5,,,{'id': 153487}
1200489424,VERY_LONG,,1,698600,,"{'id': 45100, 'context': 3, 'modifiers': [{'type': 28, 'value': 1020}]}"
1200489425,VERY_LONG,,1,34917200,,"{'id': 36528, 'context': 3, 'bonus_lists': [6655, 1705], 'modifiers': [{'type': 9, 'value': 30}, {'type': 28, 'value': 1020}]}"
1200489428,VERY_LONG,,1,5585700,,"{'id': 45493, 'context': 3, 'modifiers': [{'type': 28, 'value': 1020}]}"
1200489431,VERY_LONG,,1,9574400,,"{'id': 45874, 'context': 3, 'modifiers': [{'type': 28, 'value': 1020}]}"
1200489433,VERY_LONG,990000,6,,,{'id': 35623}
1200489435,VERY_LONG,,1,411528200,,"{'id': 3947, 'context': 0, 'bonus_lists': [6656], 'modifiers': [{'type': 9, 'value': 30}, {'type': 28, 'value': 1004}]}"
1200489439,VERY_LONG,,1,1194600,,"{'id': 45092, 'context': 3, 'modifiers': [{'type': 28, 'value': 1020}]}"
1200489443,VERY_LONG,,1,446600,,"{'id': 36668, 'context': 3, 'bonus_lists': [6655, 1691], 'modifiers': [{'type': 9, 'value': 30}, {'type': 28, 'value': 1020}]}"
1200489444,VERY_LONG,,1,800000,,"{'id': 16819, 'context': 0}"
1200489448,VERY_LONG,1600,22,,,{'id': 113262}
1200489452,VERY_LONG,,1,3490000,,"{'id': 13077, 'context': 0, 'bonus_lists': [6658], 'modifiers': [{'type': 9, 'value': 30}, {'type': 28, 'value': 1005}]}"
1200489455,VERY_LONG,57300,2,,,{'id': 109133}
1200489459,VERY_LONG,5600000,1,,,{'id': 83006}
1200489460,VERY_LONG,,1,1000000,,"{'id': 16799, 'context': 0, 'modifiers': [{'type': 28, 'value': 1004}]}"
1200489463,VERY_LONG,,1,1193700,,"{'id': 36399, 'context': 3, 'bonus_lists': [6654, 1707], 'modifiers': [{'type': 9, 'value': 30}, {'type': 28, 'value': 1020}]}"
1200489465,VERY_LONG,,1,3204600,,"{'id': 36263, 'context': 3, 'bonus_lists': [6654, 1707], 'modifiers': [{'type': 9, 'value': 30}, {'type': 28, 'value': 1020}]}"
1200489468,VERY_LONG,250000,5,,,{'id': 38558}
1200489470,VERY_LONG,,1,7463200,,"{'id': 10256, 'context': 0, 'bonus_lists': [6654, 1705], 'modifiers': [{'type': 9, 'value': 30}, {'type': 28, 'value': 1005}]}"
1200489476,VERY_LONG,,1,500000,,"{'id': 36427, 'context': 3, 'bonus_lists': [6654, 1693], 'modifiers': [{'type': 9, 'value': 30}, {'type': 28, 'value': 1020}]}"
1200489480,VERY_LONG,,1,6125600,,"{'id': 10262, 'context': 0, 'bonus_lists': [6654, 1707], 'modifiers': [{'type': 9, 'value': 30}, {'type': 28, 'value': 1005}]}"
1200489482,VERY_LONG,,1,1183900,,"{'id': 45274, 'context': 3, 'modifiers': [{'type': 28, 'value': 1020}]}"
1200489486,VERY_LONG,,1,1183900,,"{'id': 45274, 'context': 3, 'modifiers': [{'type': 28, 'value': 1020}]}"
1200489492,VERY_LONG,4600,3,,,{'id': 71998}
1200489496,VERY_LONG,,1,119800,,"{'id': 36441, 'context': 0, 'bonus_lists': [6654, 1695], 'modifiers': [{'type': 9, 'value': 30}, {'type': 28, 'value': 1023}]}"
1200489500,VERY_LONG,2803300,3,,,{'id': 6308}
1200489503,VERY_LONG,,1,5761700,,"{'id': 16858, 'context': 0, 'modifiers': [{'type': 28, 'value': 1004}]}"
1200489504,VERY_LONG,,1,742500,,"{'id': 50453, 'context': 0, 'modifiers': [{'type': 28, 'value': 1023}]}"
1200489506,VERY_LONG,,1,4016200,,"{'id': 36376, 'context': 0, 'bonus_lists': [6654, 1705], 'modifiers': [{'type': 9, 'value': 30}, {'type': 28, 'value': 1023}]}"
1200489510,VERY_LONG,,1,16996500,,"{'id': 36176, 'context': 3, 'bonus_lists': [6654, 1706], 'modifiers': [{'type': 9, 'value': 30}, {'type': 28, 'value': 1020}]}"
1200489514,VERY_LONG,6744000,1,,,{'id': 58488}
1200489516,VERY_LONG,,1,940000,,"{'id': 82800, 'context': 0, 'modifiers': [{'type': 6, 'value': 46902}], 'pet_breed_id': 9, 'pet_level': 1, 'pet_quality_id': 3, 'pet_species_id': 1150}"
1200489517,VERY_LONG,,1,940000,,"{'id': 82800, 'context': 0, 'modifiers': [{'type': 6, 'value': 46902}], 'pet_breed_id': 9, 'pet_level': 1, 'pet_quality_id': 3, 'pet_species_id': 1150}"
1200489520,VERY_LONG,5072700,9,,,{'id': 39690}
1200489523,VERY_LONG,5000,1,,,{'id': 110609}
1200489526,VERY_LONG,,1,19411600,,"{'id': 10263, 'context': 0, 'bonus_lists': [6654, 1705], 'modifiers': [{'type': 9, 'value': 30}, {'type': 28, 'value': 1005}]}"
1200489531,VERY_LONG,,1,151577200,,"{'id': 3997, 'context': 0, 'bonus_lists': [6656], 'modifiers': [{'type': 9, 'value': 30}, {'type': 28, 'value': 1004}]}"
1200489532,VERY_LONG,,1,500000,,"{'id': 36259, 'context': 0, 'bonus_lists': [6654, 1705], 'modifiers': [{'type': 9, 'value': 30}, {'type': 28, 'value': 1023}]}"
1200489534,VERY_LONG,,1,2325500,,"{'id': 36153, 'context': 0, 'bonus_lists': [6654, 1681], 'modifiers': [{'type': 9, 'value': 30}, {'type': 28, 'value': 1023}]}"
1200489539,VERY_LONG,,1,104206600,,"{'id': 12036, 'context': 0, 'bonus_lists': [6654, 1706], 'modifiers': [{'type': 9, 'value': 30}, {'type': 28, 'value': 1005}]}"
1200489542,VERY_LONG,,1,2765100,,"{'id': 82800, 'context': 0, 'modifiers': [{'type': 6, 'value': 46903}], 'pet_breed_id': 7, 'pet_level': 1, 'pet_quality_id': 3, 'pet_species_id': 1151}"
1200489546,VERY_LONG,,1,2765100,,"{'id': 82800, 'context': 0, 'modifiers': [{'type': 6, 'value': 46903}], 'pet_breed_id': 7, 'pet_level': 1, 'pet_quality_id': 3, 'pet_species_id': 1151}"
1200489577,VERY_LONG,425000,5,,,{'id': 170554}
1200489591,VERY_LONG,4374400,30,,,{'id': 168506}
1200489595,VERY_LONG,465400,6,,,{'id': 173036}
1200489601,LONG,,1,95000000,,"{'id': 182556, 'context': 0, 'bonus_lists': [6907, 6652, 1676], 'modifiers': [{'type': 9, 'value': 60}, {'type': 28, 'value': 1707}]}"
1200489605,VERY_LONG,717700,1,,,{'id': 172231}
1200489630,VERY_LONG,7800000,3,,,{'id': 181468}
1200489643,VERY_LONG,465500,16,,,{'id': 173036}
1200489700,VERY_LONG,530000,21,,,{'id': 171315}
1200489747,VERY_LONG,717800,3,,,{'id': 172231}
1200490102,VERY_LONG,51057000,1,,,{'id': 178220}
1200490139,VERY_LONG,25800,10,,,{'id': 172092}
1200490253,LONG,190000,17,,,{'id': 179271}
1200490313,VERY_LONG,600000,166,,,{'id': 172346}
1200490318,VERY_LONG,3960600,66,,,{'id': 171278}
1200490320,VERY_LONG,14990000,2,,,{'id': 128553}
1200490329,VERY_LONG,1449600,3,,,{'id': 110618}
1200490331,VERY_LONG,,1,86111600,,"{'id': 128533, 'context': 13}"
1200490333,VERY_LONG,1999500,3,,,{'id': 110639}
1200490343,VERY_LONG,589800,324,,,{'id': 172049}
1200490345,VERY_LONG,2420600,160,,,{'id': 171275}
1200490346,VERY_LONG,23929300,3,,,{'id': 110649}
1200490348,VERY_LONG,,1,1584900,,"{'id': 173144, 'context': 13, 'modifiers': [{'type': 29, 'value': 49}]}"
1200490350,VERY_LONG,,1,1584900,,"{'id': 173144, 'context': 13, 'modifiers': [{'type': 29, 'value': 32}]}"
1200490352,VERY_LONG,,1,1584900,,"{'id': 173144, 'context': 13, 'modifiers': [{'type': 29, 'value': 49}]}"
1200490365,VERY_LONG,1500000,7,,,{'id': 74708}
1200490374,VERY_LONG,8987800,3,,,{'id': 110647}
1200490378,VERY_LONG,18005200,3,,,{'id': 110645}
1200490400,VERY_LONG,3016900,75,,,{'id': 171273}
1200490403,VERY_LONG,9998400,3,,,{'id': 110625}
1200490409,VERY_LONG,9850000,1,,,{'id': 128552}
1200490412,VERY_LONG,3130500,5,,,{'id': 22457}
1200490414,VERY_LONG,1800000,2,,,{'id': 158327}
1200490418,VERY_LONG,4329200,3,,,{'id': 110635}
1200490423,VERY_LONG,3189800,186,,,{'id': 171349}
1200490427,VERY_LONG,,1,4499200,,"{'id': 173216, 'context': 0, 'bonus_lists': [6893], 'modifiers': [{'type': 9, 'value': 50}, {'type': 28, 'value': 391}, {'type': 29, 'value': 40}, {'type': 30, 'value': 49}]}"
1200490433,VERY_LONG,9895100,223,,,{'id': 171276}
1200490437,VERY_LONG,20000000,4,,,{'id': 110633}
1200490449,VERY_LONG,2000100,3,,,{'id': 172410}
1200490452,VERY_LONG,3476900,162,,,{'id': 171270}
1200490459,VERY_LONG,15999700,2,,,{'id': 110654}
1200490465,VERY_LONG,,1,1950000,,"{'id': 173131, 'context': 13, 'modifiers': [{'type': 29, 'value': 36}]}"
1200490469,VERY_LONG,,1,1950000,,"{'id': 173131, 'context': 13, 'modifiers': [{'type': 29, 'value': 32}]}"
1200490475,VERY_LONG,,1,1950000,,"{'id': 173131, 'context': 13, 'modifiers': [{'type': 29, 'value': 32}]}"
1200490481,VERY_LONG,,1,1950000,,"{'id': 173131, 'context': 13, 'modifiers': [{'type': 29, 'value': 32}]}"
1200490486,VERY_LONG,5000000,200,,,{'id': 172437}
1200490492,VERY_LONG,3426800,81,,,{'id': 171352}
1200490504,VERY_LONG,10200000,3,,,{'id': 87560}
1200490509,VERY_LONG,9998000,3,,,{'id': 110646}
1200490651,LONG,900000,14,,,{'id': 74859}
1200490693,LONG,200000,1,,,{'id': 74864}
1200490809,VERY_LONG,2500000,3,,,{'id': 110653}
1200490817,VERY_LONG,30999900,53,,,{'id': 168654}
1200490819,VERY_LONG,39948100,3,,,{'id': 118015}
1200490821,VERY_LONG,11999400,3,,,{'id': 110626}
1200490823,VERY_LONG,468700,89,,,{'id': 171437}
1200490824,VERY_LONG,20000700,1,,,{'id': 144305}
1200490825,LONG,1000000,10,,,{'id': 72094}
1200490828,VERY_LONG,1900000,7,,,{'id': 159786}
1200490829,VERY_LONG,19996800,3,,,{'id': 110624}
1200490833,VERY_LONG,1899000,7,,,{'id': 159785}
1200490834,VERY_LONG,3999600,3,,,{'id': 168598}
1200490836,VERY_LONG,150698000,8,,,{'id': 168417}
1200490838,VERY_LONG,9999000,3,,,{'id': 110642}
1200490842,VERY_LONG,550000,4,,,{'id': 172414}
1200490843,VERY_LONG,3488900,3,,,{'id': 110638}
1200490845,VERY_LONG,5000000,3,,,{'id': 110652}
1200490848,VERY_LONG,5006400,2,,,{'id': 110628}
1200490850,VERY_LONG,,1,51677600,,"{'id': 128535, 'context': 13}"
1200490851,VERY_LONG,200000,2,,,{'id': 153430}
1200490853,VERY_LONG,5009800,3,,,{'id': 74725}
1200490856,LONG,14900,3,,,{'id': 74866}
1200490858,VERY_LONG,27773300,3,,,{'id': 110656}
1200490859,VERY_LONG,8900000,3,,,{'id': 141909}
1200490862,VERY_LONG,29000000,3,,,{'id': 110631}
1200490866,VERY_LONG,9550000,3,,,{'id': 83007}
1200490869,VERY_LONG,22441600,3,,,{'id': 110632}
1200490961,LONG,1201300,12,,,{'id': 74865}
1200490988,LONG,,1,4789800,,"{'id': 115994, 'context': 13, 'bonus_lists': [266, 6883]}"
1200490990,LONG,,1,1970000,,"{'id': 14729, 'context': 0, 'bonus_lists': [6655], 'modifiers': [{'type': 9, 'value': 30}, {'type': 28, 'value': 5}]}"
1200490992,LONG,10800,65,,,{'id': 7972}
1200490998,LONG,,1,1580000,,"{'id': 10138, 'context': 1, 'bonus_lists': [6654, 1691], 'modifiers': [{'type': 9, 'value': 30}, {'type': 28, 'value': 205}]}"
1200491000,LONG,,1,820000,,"{'id': 9939, 'context': 1, 'bonus_lists': [6654, 1706], 'modifiers': [{'type': 9, 'value': 30}, {'type': 28, 'value': 282}]}"
1200491006,LONG,58900,8,,,{'id': 12206}
1200491008,LONG,380000,26,,,{'id': 8948}
1200491010,LONG,6400,5,,,{'id': 152495}
1200491013,LONG,,1,1160000,,"{'id': 2985, 'context': 1, 'bonus_lists': [6654], 'modifiers': [{'type': 9, 'value': 30}, {'type': 28, 'value': 215}]}"
1200491018,LONG,,1,690000,,"{'id': 15229, 'context': 0, 'bonus_lists': [6655, 1705], 'modifiers': [{'type': 9, 'value': 30}, {'type': 28, 'value': 30}]}"
1200491020,LONG,30000,16,,,{'id': 72093}
1200491021,LONG,,1,690000,,"{'id': 15229, 'context': 0, 'bonus_lists': [6655, 1709], 'modifiers': [{'type': 9, 'value': 30}, {'type': 28, 'value': 30}]}"
1200491027,LONG,,1,690000,,"{'id': 15229, 'context': 1, 'bonus_lists': [6655, 1677], 'modifiers': [{'type': 9, 'value': 30}, {'type': 28, 'value': 205}]}"
1200491030,LONG,,1,2120000,,"{'id': 55328, 'context': 0, 'bonus_lists': [6655, 1681], 'modifiers': [{'type': 9, 'value': 35}, {'type': 28, 'value': 52}]}"
1200491034,LONG,,1,650000,,"{'id': 10080, 'context': 1, 'bonus_lists': [6654, 1706], 'modifiers': [{'type': 9, 'value': 30}, {'type': 28, 'value': 282}]}"
1200491036,LONG,,1,670000,,"{'id': 6568, 'context': 0, 'bonus_lists': [6654, 1679], 'modifiers': [{'type': 9, 'value': 30}, {'type': 28, 'value': 15}]}"
1200491039,LONG,,1,890000,,"{'id': 106712, 'context': 0, 'bonus_lists': [6654, 119], 'modifiers': [{'type': 9, 'value': 40}, {'type': 28, 'value': 63}]}"
1200491043,LONG,,1,550000,,"{'id': 15245, 'context': 1, 'bonus_lists': [6655, 1678], 'modifiers': [{'type': 9, 'value': 30}, {'type': 28, 'value': 282}]}"
1200491045,LONG,,1,1980000,,"{'id': 9870, 'context': 0, 'bonus_lists': [6654, 1709], 'modifiers': [{'type': 9, 'value': 30}, {'type': 28, 'value': 25}]}"
1200491048,LONG,,1,5820000,,"{'id': 9911, 'context': 1, 'bonus_lists': [6654, 1709], 'modifiers': [{'type': 9, 'value': 30}, {'type': 28, 'value': 282}]}"
1200491054,LONG,,1,1630000,,"{'id': 10130, 'context': 0, 'bonus_lists': [6654, 1691], 'modifiers': [{'type': 9, 'value': 30}, {'type': 28, 'value': 29}]}"
1200491059,LONG,,1,3930000,,"{'id': 4046, 'context': 1, 'bonus_lists': [6654], 'modifiers': [{'type': 9, 'value': 30}, {'type': 28, 'value': 282}]}"
1200491061,LONG,,1,3960000,,"{'id': 8123, 'context': 1, 'bonus_lists': [6654], 'modifiers': [{'type': 9, 'value': 30}, {'type': 28, 'value': 282}]}"
1200491065,LONG,9000,1,,,{'id': 74839}
1200491066,LONG,,1,3680000,,"{'id': 8117, 'context': 1, 'bonus_lists': [6654], 'modifiers': [{'type': 9, 'value': 30}, {'type': 28, 'value': 214}]}"
1200491069,LONG,,1,3680000,,"{'id': 8117, 'context': 1, 'bonus_lists': [6654], 'modifiers': [{'type': 9, 'value': 30}, {'type': 28, 'value': 282}]}"
1200491072,LONG,40000,3,,,{'id': 8952}
1200491077,LONG,,1,250000,,"{'id': 9793, 'context': 1, 'bonus_lists': [6654, 1677], 'modifiers': [{'type': 9, 'value': 30}, {'type': 28, 'value': 215}]}"
1200491079,LONG,4500,2,,,{'id': 74833}
1200491080,LONG,732500,20,,,{'id': 159867}
1200491081,LONG,,1,390000,,"{'id': 15227, 'context': 1, 'bonus_lists': [6655, 1693], 'modifiers': [{'type': 9, 'value': 30}, {'type': 28, 'value': 282}]}"
1200491083,LONG,,1,3860000,,"{'id': 10177, 'context': 1, 'bonus_lists': [6654, 1691], 'modifiers': [{'type': 9, 'value': 30}, {'type': 28, 'value': 205}]}"
1200491085,LONG,,1,1600000,,"{'id': 10194, 'context': 1, 'bonus_lists': [6654, 1679], 'modifiers': [{'type': 9, 'value': 30}, {'type': 28, 'value': 282}]}"
1200491090,LONG,,1,9079800,,"{'id': 3872, 'context': 0, 'modifiers': [{'type': 28, 'value': 19}]}"
1200491095,LONG,,1,430000,,"{'id': 10191, 'context': 1, 'bonus_lists': [6654, 1709], 'modifiers': [{'type': 9, 'value': 30}, {'type': 28, 'value': 282}]}"
1200491098,LONG,,1,2570000,,"{'id': 10256, 'context': 1, 'bonus_lists': [6654, 1706], 'modifiers': [{'type': 9, 'value': 30}, {'type': 28, 'value': 205}]}"
1200491100,LONG,53200,20,,,{'id': 163077}
1200493102,LONG,2900,4,,,{'id': 12735}
1200493103,LONG,86780000,14,,,{'id': 8932}
1200493105,LONG,,1,2600000,,"{'id': 9964, 'context': 1, 'bonus_lists': [6654, 1709], 'modifiers': [{'type': 9, 'value': 30}, {'type': 28, 'value': 282}]}"
1200493106,LONG,,1,1920000,,"{'id': 7531, 'context': 1, 'bonus_lists': [6654, 1680], 'modifiers': [{'type': 9, 'value': 30}, {'type': 28, 'value': 282}]}"
1200493111,LONG,1139900,4,,,{'id': 51950}
1200493113,LONG,,1,2100000,,"{'id': 4697, 'context': 1, 'bonus_lists': [6654], 'modifiers': [{'type': 9, 'value': 30}, {'type': 28, 'value': 215}]}"
1200493117,LONG,,1,3259900,,"{'id': 8118, 'context': 1, 'bonus_lists': [6654], 'modifiers': [{'type': 9, 'value': 30}, {'type': 28, 'value': 282}]}"
1200493123,LONG,,1,3520000,,"{'id': 10227, 'context': 1, 'bonus_lists': [6654, 1705], 'modifiers': [{'type': 9, 'value': 30}, {'type': 28, 'value': 205}]}"
1200493126,LONG,,1,730000,,"{'id': 8251, 'context': 0, 'bonus_lists': [6654], 'modifiers': [{'type': 9, 'value': 30}, {'type': 28, 'value': 31}]}"
1200493129,LONG,,1,17720000,,"{'id': 8138, 'context': 1, 'bonus_lists': [6654], 'modifiers': [{'type': 9, 'value': 30}, {'type': 28, 'value': 282}]}"
1200493134,LONG,,1,5930000,,"{'id': 115992, 'context': 13, 'bonus_lists': [75, 6883]}"
1200493141,LONG,999800,5,,,{'id': 169451}
1200493144,LONG,,1,760000,,"{'id': 15926, 'context': 0, 'bonus_lists': [6655], 'modifiers': [{'type': 9, 'value': 30}, {'type': 28, 'value': 10}]}"
1200493148,LONG,,1,2760000,,"{'id': 106721, 'context': 1, 'bonus_lists': [6654, 125], 'modifiers': [{'type': 9, 'value': 40}, {'type': 28, 'value': 276}]}"
1200493151,LONG,,1,610000,,"{'id': 15228, 'context': 0, 'bonus_lists': [6655, 1706], 'modifiers': [{'type': 9, 'value': 30}, {'type': 28, 'value': 31}]}"
1200493152,LONG,,1,1730000,,"{'id': 15220, 'context': 1, 'bonus_lists': [6655, 1706], 'modifiers': [{'type': 9, 'value': 30}, {'type': 28, 'value': 205}]}"
1200493153,LONG,,1,82450000,,"{'id': 867, 'context': 1, 'bonus_lists': [6660], 'modifiers': [{'type': 9, 'value': 30}, {'type': 28, 'value': 214}]}"
1200493155,LONG,,1,3620000,,"{'id': 7546, 'context': 1, 'bonus_lists': [6654, 1679], 'modifiers': [{'type': 9, 'value': 30}, {'type': 28, 'value': 214}]}"
1200493156,LONG,,1,3620000,,"{'id': 7546, 'context': 1, 'bonus_lists': [6654, 1679], 'modifiers': [{'type': 9, 'value': 30}, {'type': 28, 'value': 282}]}"
1200493160,LONG,,1,600000,,"{'id': 10185, 'context': 0, 'bonus_lists': [6654, 1694], 'modifiers': [{'type': 9, 'value': 30}, {'type': 28, 'value': 31}]}"
1200493165,LONG,,1,640000,,"{'id': 9787, 'context': 0, 'bonus_lists': [6654, 1709], 'modifiers': [{'type': 9, 'value': 30}, {'type': 28, 'value': 10}]}"
1200493168,LONG,,1,1630000,,"{'id': 11999, 'context': 1, 'bonus_lists': [6654, 1695], 'modifiers': [{'type': 9, 'value': 30}, {'type': 28, 'value': 282}]}"
1200493170,LONG,,1,32230000,,"{'id': 114236, 'context': 13, 'bonus_lists': [20, 525, 534, 6850]}"
1200493175,LONG,,1,2710000,,"{'id': 15255, 'context': 1, 'bonus_lists': [6655, 1709], 'modifiers': [{'type': 9, 'value': 30}, {'type': 28, 'value': 205}]}"
1200493179,LONG,,1,17190000,,"{'id': 8143, 'context': 1, 'bonus_lists': [6654], 'modifiers': [{'type': 9, 'value': 30}, {'type': 28, 'value': 282}]}"
1200493219,LONG,100000,1,,,{'id': 43013}
1200493284,LONG,1900,49,,,{'id': 33470}
1200493366,LONG,380000,2,,,{'id': 8948}
1200493373,LONG,,1,1119800,,"{'id': 15219, 'context': 1, 'bonus_lists': [6655, 1677], 'modifiers': [{'type': 9, 'value': 30}, {'type': 28, 'value': 203}]}"
1200493377,LONG,,1,699800,,"{'id': 21945, 'context': 1, 'modifiers': [{'type': 28, 'value': 282}]}"
1200493383,LONG,1079400,1,,,{'id': 5051}
1200493400,LONG,,1,9790000,,"{'id': 10232, 'context': 1, 'bonus_lists': [6654, 1678], 'modifiers': [{'type': 9, 'value': 30}, {'type': 28, 'value': 205}]}"
1200493402,LONG,,1,9010000,,"{'id': 8316, 'context': 0, 'bonus_lists': [6654], 'modifiers': [{'type': 9, 'value': 30}, {'type': 28, 'value': 30}]}"
1200493407,LONG,,1,579900,,"{'id': 4088, 'context': 1, 'bonus_lists': [6655, 1678], 'modifiers': [{'type': 9, 'value': 30}, {'type': 28, 'value': 282}]}"
1200493410,LONG,882900,10,,,{'id': 7973}
1200493422,VERY_LONG,,1,55053900,,"{'id': 82800, 'context': 0, 'modifiers': [{'type': 6, 'value': 97090}], 'pet_breed_id': 15, 'pet_level': 1, 'pet_quality_id': 2, 'pet_species_id': 3029}"
1200493492,VERY_LONG,,1,15009800,,"{'id': 82800, 'context': 0, 'modifiers': [{'type': 6, 'value': 90230}], 'pet_breed_id': 17, 'pet_level': 1, 'pet_quality_id': 3, 'pet_species_id': 2563}"
1200493550,LONG,104400,3,,,{'id': 52745}
1200493573,VERY_LONG,,1,79999700,,"{'id': 82800, 'context': 0, 'modifiers': [{'type': 6, 'value': 99868}], 'pet_breed_id': 16, 'pet_level': 1, 'pet_quality_id': 2, 'pet_species_id': 3026}"
1200493850,LONG,170000,5,,,{'id': 109136}
1200493942,LONG,1200,111,,,{'id': 21877}
1200493972,LONG,,1,8000000,,"{'id': 40768, 'context': 0}"
1200493973,LONG,,1,8000000,,"{'id': 40768, 'context': 0}"
1200493974,LONG,,1,8000000,,"{'id': 40768, 'context': 0}"
1200493975,LONG,309900,1,,,{'id': 153708}
1200493977,LONG,,1,8000000,,"{'id': 40768, 'context': 0}"
1200494062,LONG,,1,206900,,"{'id': 40892, 'context': 0}"
1200494063,LONG,,1,206900,,"{'id': 40892, 'context': 0}"
1200494067,LONG,,1,206900,,"{'id': 40892, 'context': 0}"
1200494071,LONG,,1,206900,,"{'id': 40892, 'context': 0}"
1200494074,LONG,,1,206900,,"{'id': 40892, 'context': 0}"
1200494075,LONG,,1,206900,,"{'id': 40892, 'context': 0}"
1200495150,LONG,20009900,3,,,{'id': 33454}
1200495222,LONG,72100,5,,,{'id': 30817}
1200495935,VERY_LONG,,1,6669900,,"{'id': 176800, 'context': 0, 'bonus_lists': [6908, 6652, 1717], 'modifiers': [{'type': 9, 'value': 60}, {'type': 28, 'value': 2060}]}"
1200498109,LONG,16509400,5,,,{'id': 172438}
1200498537,LONG,25800,170,,,{'id': 172092}
1200498617,VERY_LONG,,1,39470000,,"{'id': 138790, 'context': 13}"
1200498621,VERY_LONG,,1,39470000,,"{'id': 138790, 'context': 13}"
1200500147,LONG,,1,68900,,"{'id': 82071, 'context': 0, 'bonus_lists': [6654, 1708], 'modifiers': [{'type': 9, 'value': 35}, {'type': 28, 'value': 59}]}"
1200500219,LONG,,1,64800,,"{'id': 82293, 'context': 0, 'bonus_lists': [6654, 1677], 'modifiers': [{'type': 9, 'value': 35}, {'type': 28, 'value': 58}]}"
1200500301,LONG,1200,5,,,{'id': 1705}
1200500349,LONG,12500,17,,,{'id': 79101}
1200500496,LONG,63000,3,,,{'id': 85506}
1200500564,LONG,800,4,,,{'id': 5504}
1200500625,LONG,600,19,,,{'id': 1468}
1200500674,LONG,600,28,,,{'id': 3685}
1200500709,VERY_LONG,219000,5,,,{'id': 171830}
1200500719,LONG,229900,6,,,{'id': 52988}
1200500725,LONG,,1,3439500,,"{'id': 8281, 'context': 1, 'bonus_lists': [6654], 'modifiers': [{'type': 9, 'value': 30}, {'type': 28, 'value': 282}]}"
1200500733,LONG,8000,18,,,{'id': 109134}
1200500757,LONG,29700,2,,,{'id': 52177}
1200500774,LONG,,1,1070000,,"{'id': 55759, 'context': 0, 'bonus_lists': [6654, 1681], 'modifiers': [{'type': 9, 'value': 35}, {'type': 28, 'value': 52}]}"
1200500821,LONG,300,41,,,{'id': 12037}
1200500838,LONG,9700,4,,,{'id': 109125}
1200500863,LONG,10900,2,,,{'id': 7067}
1200500878,LONG,409900,20,,,{'id': 13467}
1200500895,LONG,4162800,2,,,{'id': 109120}
1200500910,LONG,499500,3,,,{'id': 6361}
1200500921,LONG,3000,104,,,{'id': 12365}
1200500926,LONG,23700,26,,,{'id': 9262}
1200500950,LONG,110900,3,,,{'id': 12804}
1200500968,LONG,38800,1,,,{'id': 111665}
1200500973,LONG,,1,3440000,,"{'id': 13077, 'context': 1, 'bonus_lists': [6658], 'modifiers': [{'type': 9, 'value': 30}, {'type': 28, 'value': 205}]}"
1200501009,LONG,22300,8,,,{'id': 109627}
1200501022,LONG,105900,6,,,{'id': 12204}
1200501032,LONG,14800,7,,,{'id': 74866}
1200501045,LONG,,1,50000,,"{'id': 3198, 'context': 0, 'bonus_lists': [6655, 1681], 'modifiers': [{'type': 9, 'value': 30}, {'type': 28, 'value': 13}]}"
1200501051,LONG,547100,2,,,{'id': 115807}
1200501055,LONG,9600,7,,,{'id': 109128}
1200501062,LONG,469900,1,,,{'id': 52180}
1200501072,LONG,232100,4,,,{'id': 2675}
1200502101,LONG,154800,2,,,{'id': 52327}
1200502145,VERY_LONG,800,6,,,{'id': 162515}
1200502146,LONG,159700,1,,,{'id': 62784}
1200502154,LONG,,1,44400,,"{'id': 82124, 'context': 0, 'bonus_lists': [6654, 1692], 'modifiers': [{'type': 9, 'value': 35}, {'type': 28, 'value': 60}]}"
1200502191,LONG,,1,51049800,,"{'id': 111660, 'context': 11, 'modifiers': [{'type': 28, 'value': 1221}]}"
1200502206,LONG,4300,2,,,{'id': 113261}
1200502220,LONG,,1,39300,,"{'id': 16248, 'context': 1, 'modifiers': [{'type': 28, 'value': 282}]}"
1200502227,LONG,,1,39300,,"{'id': 16248, 'context': 1, 'modifiers': [{'type': 28, 'value': 282}]}"
1200502233,LONG,,1,39300,,"{'id': 16248, 'context': 1, 'modifiers': [{'type': 28, 'value': 282}]}"
1200502236,LONG,,1,66600,,"{'id': 82198, 'context': 0, 'bonus_lists': [6654, 1692], 'modifiers': [{'type': 9, 'value': 35}, {'type': 28, 'value': 59}]}"
1200502242,LONG,,1,39300,,"{'id': 16248, 'context': 1, 'modifiers': [{'type': 28, 'value': 282}]}"
1200502250,LONG,,1,39300,,"{'id': 16248, 'context': 1, 'modifiers': [{'type': 28, 'value': 282}]}"
1200502253,VERY_LONG,100,1,,,{'id': 168303}
1200502262,LONG,,1,39300,,"{'id': 16248, 'context': 1, 'modifiers': [{'type': 28, 'value': 282}]}"
1200502265,LONG,,1,39300,,"{'id': 16248, 'context': 1, 'modifiers': [{'type': 28, 'value': 282}]}"
1200502275,LONG,9800,2,,,{'id': 111658}
1200502283,LONG,999500,14,,,{'id': 53064}
1200502306,LONG,,1,45400,,"{'id': 82125, 'context': 0, 'bonus_lists': [6654, 1716], 'modifiers': [{'type': 9, 'value': 35}, {'type': 28, 'value': 59}]}"
1200502307,LONG,49900,243,,,{'id': 52987}
1200502351,VERY_LONG,150000,170,,,{'id': 177062}
1200502365,LONG,12000,125,,,{'id': 2836}
1200502406,LONG,,1,44400,,"{'id': 82289, 'context': 0, 'bonus_lists': [6654, 1716], 'modifiers': [{'type': 9, 'value': 35}, {'type': 28, 'value': 59}]}"
1200502443,LONG,10000,5,,,{'id': 72093}
1200502490,LONG,1500,2,,,{'id': 74249}
1200502553,LONG,8800,24,,,{'id': 72234}
1200502594,LONG,717700,2,,,{'id': 172231}
1200502596,VERY_LONG,950000,675,,,{'id': 171439}
1200502628,LONG,,1,106800,,"{'id': 82115, 'context': 0, 'bonus_lists': [6654, 1691], 'modifiers': [{'type': 9, 'value': 35}, {'type': 28, 'value': 58}]}"
1200504104,LONG,,1,44100,,"{'id': 81986, 'context': 0, 'bonus_lists': [6654, 1678], 'modifiers': [{'type': 9, 'value': 35}, {'type': 28, 'value': 58}]}"
1200504159,LONG,40000,31,,,{'id': 72120}
1200504183,LONG,1259300,8,,,{'id': 171266}
1200504273,LONG,1499000,2,,,{'id': 151585}
1200504288,LONG,2500000,2,,,{'id': 151584}
1200504292,LONG,2500000,2,,,{'id': 151580}
1200504310,LONG,20000,11,,,{'id': 72988}
1200504321,LONG,,1,16603300,9951000,"{'id': 118341, 'context': 0, 'modifiers': [{'type': 28, 'value': 64}]}"
1200504789,VERY_LONG,730000,9992,,,{'id': 168583}
1200504807,VERY_LONG,730000,841,,,{'id': 168583}
1200504816,VERY_LONG,530000,1209,,,{'id': 171315}
1200507152,VERY_LONG,1110000,10,,,{'id': 173042}
1200507208,VERY_LONG,1110000,20,,,{'id': 173042}
1200507244,VERY_LONG,1110000,15,,,{'id': 173042}
1200507361,LONG,140000,19,,,{'id': 173130}
1200507376,LONG,190000,5,,,{'id': 173129}
1200507721,VERY_LONG,1259300,15,,,{'id': 171266}
1200507793,LONG,100,42,,,{'id': 168303}
1200507888,LONG,2500,13,,,{'id': 154897}
1200507940,LONG,5000,20,,,{'id': 174353}
1200507948,LONG,,1,7485000,,"{'id': 176966, 'context': 0, 'bonus_lists': [6907, 6652, 1709], 'modifiers': [{'type': 9, 'value': 55}, {'type': 28, 'value': 745}]}"
1200508026,LONG,,1,1218300,,"{'id': 178952, 'context': 0, 'bonus_lists': [6908, 40, 1709], 'modifiers': [{'type': 9, 'value': 54}, {'type': 28, 'value': 1332}]}"
1200508028,LONG,2500,100,,,{'id': 168645}
1200508037,LONG,,1,11187100,,"{'id': 161958, 'context': 13, 'bonus_lists': [1709, 6845]}"
1200508039,LONG,,1,11187100,,"{'id': 161958, 'context': 13, 'bonus_lists': [1698, 6845]}"
1200508043,LONG,2033300,4,,,{'id': 176807}
1200508045,LONG,,1,960100,,"{'id': 172248, 'context': 13, 'bonus_lists': [6885], 'modifiers': [{'type': 9, 'value': 60}, {'type': 28, 'value': 391}, {'type': 29, 'value': 32}, {'type': 30, 'value': 40}]}"
1200508050,LONG,,1,960100,,"{'id': 172248, 'context': 13, 'bonus_lists': [6885], 'modifiers': [{'type': 9, 'value': 60}, {'type': 28, 'value': 391}, {'type': 29, 'value': 36}, {'type': 30, 'value': 40}]}"
1200508052,LONG,,1,26878100,,"{'id': 55313, 'context': 22, 'bonus_lists': [6654, 1712], 'modifiers': [{'type': 9, 'value': 35}, {'type': 28, 'value': 1116}]}"
1200508054,LONG,,1,3467600,,"{'id': 161954, 'context': 13, 'bonus_lists': [1705, 6857]}"
1200508058,LONG,,1,3467600,,"{'id': 161954, 'context': 13, 'bonus_lists': [1695, 6857]}"
1200508060,LONG,,1,14943900,,"{'id': 179323, 'context': 0, 'bonus_lists': [6908, 6652, 1679], 'modifiers': [{'type': 9, 'value': 60}, {'type': 28, 'value': 1707}]}"
1200508063,LONG,150500,1,,,{'id': 33461}
1200508066,LONG,,1,1000000,,"{'id': 161957, 'context': 13, 'bonus_lists': [1702, 6853]}"
1200508070,LONG,,1,1000000,,"{'id': 161957, 'context': 13, 'bonus_lists': [1707, 6853]}"
1200508075,LONG,,1,500000,,"{'id': 178951, 'context': 0, 'bonus_lists': [6908, 6652, 1709], 'modifiers': [{'type': 9, 'value': 54}, {'type': 28, 'value': 1327}]}"
1200508076,LONG,,1,498723500,,"{'id': 36877, 'context': 0, 'modifiers': [{'type': 28, 'value': 425}]}"
1200508078,LONG,,1,11494000,,"{'id': 55607, 'context': 22, 'bonus_lists': [6654, 1692], 'modifiers': [{'type': 9, 'value': 35}, {'type': 28, 'value': 1115}]}"
1200508083,LONG,,1,13611900,,"{'id': 161943, 'context': 13, 'bonus_lists': [1681, 6844]}"
1200508088,LONG,,1,13611900,,"{'id': 161943, 'context': 13, 'bonus_lists': [1711, 6844]}"
1200508091,LONG,42000,1,,,{'id': 173859}
1200508100,LONG,,1,1000000,,"{'id': 161945, 'context': 13, 'bonus_lists': [1699, 6850]}"
1200509107,LONG,,1,1000000,,"{'id': 161945, 'context': 13, 'bonus_lists': [1686, 6850]}"
1200509111,LONG,,1,10849100,,"{'id': 175569, 'context': 0, 'bonus_lists': [6907, 1678], 'modifiers': [{'type': 9, 'value': 60}, {'type': 28, 'value': 1707}]}"
1200509113,LONG,,1,119571000,,"{'id': 159494, 'context': 0, 'bonus_lists': [6655, 1698], 'modifiers': [{'type': 9, 'value': 50}, {'type': 28, 'value': 1263}]}"
1200509116,LONG,,1,14750000,,"{'id': 161959, 'context': 13, 'bonus_lists': [1682, 6851]}"
1200509118,LONG,7000,54,,,{'id': 152546}
1200509123,LONG,,1,14750000,,"{'id': 161959, 'context': 13, 'bonus_lists': [1695, 6851]}"
1200509126,LONG,,1,4290600,,"{'id': 161955, 'context': 13, 'bonus_lists': [1685, 6855]}"
1200509129,LONG,,1,4290600,,"{'id': 161955, 'context': 13, 'bonus_lists': [1699, 6855]}"
1200509134,LONG,,1,2003300,,"{'id': 175546, 'context': 0, 'bonus_lists': [6907, 1689], 'modifiers': [{'type': 9, 'value': 60}, {'type': 28, 'value': 1707}]}"
1200509140,LONG,,1,10410300,,"{'id': 161938, 'context': 13, 'bonus_lists': [1716, 6855]}"
1200509143,LONG,,1,10410300,,"{'id': 161938, 'context': 13, 'bonus_lists': [1679, 6855]}"
1200509146,LONG,,1,16118900,,"{'id': 161953, 'context': 13, 'bonus_lists': [1712, 6850]}"
1200509150,LONG,,1,16118900,,"{'id': 161953, 'context': 13, 'bonus_lists': [1702, 6850]}"
1200509155,LONG,,1,11378400,,"{'id': 6256, 'context': 14}"
1200509160,LONG,,1,7998000,,"{'id': 161956, 'context': 13, 'bonus_lists': [1707, 6846]}"
1200509162,LONG,,1,1000000,,"{'id': 161944, 'context': 13, 'bonus_lists': [1689, 6858]}"
1200509166,LONG,,1,1000000,,"{'id': 161944, 'context': 13, 'bonus_lists': [1715, 6858]}"
1200509170,LONG,,1,20970200,,"{'id': 176987, 'context': 0, 'bonus_lists': [6907, 6652, 7193, 1698], 'modifiers': [{'type': 9, 'value': 60}, {'type': 28, 'value': 1707}]}"
1200509181,LONG,,1,1408600,,"{'id': 161960, 'context': 13, 'bonus_lists': [1692, 6854]}"
1200509190,LONG,,1,1408600,,"{'id': 161960, 'context': 13, 'bonus_lists': [1704, 6854]}"
1200509193,LONG,,1,1000000,,"{'id': 161940, 'context': 13, 'bonus_lists': [1704, 6827]}"
1200509197,LONG,,1,1000000,,"{'id': 161940, 'context': 13, 'bonus_lists': [1710, 6827]}"
1200509203,LONG,,1,8110400,,"{'id': 161941, 'context': 13, 'bonus_lists': [1695, 6848]}"
1200509205,LONG,,1,8110400,,"{'id': 161941, 'context': 13, 'bonus_lists': [1684, 6848]}"
1200509209,LONG,,1,7997600,,"{'id': 55735, 'context': 22, 'bonus_lists': [6654, 1702], 'modifiers': [{'type': 9, 'value': 35}, {'type': 28, 'value': 1115}]}"
1200509211,LONG,199900,3,,,{'id': 138727}
1200509212,LONG,,1,15488700,,"{'id': 176773, 'context': 9, 'bonus_lists': [6907, 6652, 1711], 'modifiers': [{'type': 9, 'value': 60}, {'type': 28, 'value': 1707}]}"
1200509267,LONG,7000,1,,,{'id': 152544}
1200509296,VERY_LONG,,1,900000,,"{'id': 161942, 'context': 13, 'bonus_lists': [1682, 6851]}"
1200509330,VERY_LONG,,1,745200,,"{'id': 71029, 'context': 3, 'modifiers': [{'type': 28, 'value': 1029}]}"
1200509354,LONG,14900,6,,,{'id': 168302}
1200509646,LONG,7000,10,,,{'id': 152549}
1200509740,LONG,2500,79,,,{'id': 154898}
1200509956,LONG,50000,51,,,{'id': 160711}
1200511138,LONG,20000,2,,,{'id': 154166}
1200511181,LONG,15000,11,,,{'id': 168310}
1200511437,LONG,5050400,1,,,{'id': 58489}
1200511438,LONG,7249700,1,,,{'id': 8956}
1200511440,LONG,13199700,1,,,{'id': 8951}
1200511445,LONG,3075700,1,,,{'id': 8949}
1200511448,LONG,4100000,1,,,{'id': 57194}
1200511453,LONG,1400000,1,,,{'id': 109221}
1200511455,LONG,,1,8569200,,"{'id': 176802, 'context': 0, 'bonus_lists': [6908, 6652, 1685], 'modifiers': [{'type': 9, 'value': 60}, {'type': 28, 'value': 1707}]}"
1200511457,LONG,252800,2,,,{'id': 182459}
1200511460,LONG,67499800,1,,,{'id': 9155}
1200511464,LONG,200500,3,,,{'id': 13465}
1200511469,LONG,2620280600,1,,,{'id': 40070}
1200511478,LONG,999600,1,,,{'id': 22825}
1200511484,LONG,4559000,1,,,{'id': 109220}
1200511489,LONG,3499900,1,,,{'id': 13447}
1200511639,VERY_LONG,465400,13,,,{'id': 173036}
1200511751,VERY_LONG,513500,16,,,{'id': 173204}
1200511769,VERY_LONG,25800,35,,,{'id': 172092}
1200511932,LONG,,1,40000500,,"{'id': 177811, 'context': 0, 'bonus_lists': [6907, 41, 7193, 1774], 'modifiers': [{'type': 9, 'value': 60}, {'type': 28, 'value': 1707}]}"
1200511946,LONG,,1,440000,,"{'id': 177787, 'context': 0, 'bonus_lists': [6907, 6652, 7194, 1713], 'modifiers': [{'type': 9, 'value': 60}, {'type': 28, 'value': 1707}]}"
1200514152,LONG,,1,2500100,,"{'id': 178948, 'context': 0, 'bonus_lists': [6908, 6652, 1686], 'modifiers': [{'type': 9, 'value': 60}, {'type': 28, 'value': 1707}]}"
1200514340,LONG,1199500,2,,,{'id': 173056}
1200514533,LONG,30999800,1,,,{'id': 168654}
1200514552,VERY_LONG,54900,1,,,{'id': 172451}
1200514574,VERY_LONG,14500,125,,,{'id': 153050}
1200514587,VERY_LONG,58400,11,,,{'id': 3576}
1200514599,VERY_LONG,8000,9,,,{'id': 108325}
1200514612,VERY_LONG,7800000,5,,,{'id': 181468}
1200514639,VERY_LONG,50000,17,,,{'id': 128304}
1200514664,VERY_LONG,3426800,19,,,{'id': 171352}
1200514665,VERY_LONG,1073800,337,,,{'id': 172045}
1200514667,VERY_LONG,1239000,170,,,{'id': 172233}
1200514668,VERY_LONG,,1,10704300,,"{'id': 171449, 'context': 13, 'bonus_lists': [6893], 'modifiers': [{'type': 9, 'value': 50}, {'type': 28, 'value': 391}, {'type': 29, 'value': 49}, {'type': 30, 'value': 36}]}"
1200514673,VERY_LONG,1348700,6,,,{'id': 177661}
1200514676,VERY_LONG,,1,1834800,,"{'id': 173145, 'context': 13, 'modifiers': [{'type': 29, 'value': 32}]}"
1200514677,VERY_LONG,,1,1834800,,"{'id': 173145, 'context': 13, 'modifiers': [{'type': 29, 'value': 40}]}"
1200514678,VERY_LONG,,1,1834800,,"{'id': 173145, 'context': 13, 'modifiers': [{'type': 29, 'value': 36}]}"
1200514680,VERY_LONG,2259200,9,,,{'id': 172411}
1200514681,VERY_LONG,824900,7,,,{'id': 172407}
1200514684,VERY_LONG,3960600,15,,,{'id': 171278}
1200514686,VERY_LONG,,1,12298900,,"{'id': 172263, 'context': 13, 'bonus_lists': [6893], 'modifiers': [{'type': 9, 'value': 50}, {'type': 28, 'value': 391}, {'type': 29, 'value': 36}, {'type': 30, 'value': 40}]}"
1200514687,VERY_LONG,,1,12298900,,"{'id': 172263, 'context': 13, 'bonus_lists': [6893], 'modifiers': [{'type': 9, 'value': 50}, {'type': 28, 'value': 391}, {'type': 29, 'value': 36}, {'type': 30, 'value': 40}]}"
1200514689,VERY_LONG,,1,12298900,,"{'id': 172263, 'context': 13, 'bonus_lists': [6893], 'modifiers': [{'type': 9, 'value': 50}, {'type': 28, 'value': 391}, {'type': 29, 'value': 32}, {'type': 30, 'value': 40}]}"
1200514691,VERY_LONG,2255000,10,,,{'id': 172366}
1200514694,VERY_LONG,2420500,10,,,{'id': 171275}
1200514697,VERY_LONG,,1,4440000,,"{'id': 173132, 'context': 13, 'modifiers': [{'type': 29, 'value': 40}]}"
1200514700,VERY_LONG,,1,4440000,,"{'id': 173132, 'context': 13, 'modifiers': [{'type': 29, 'value': 32}]}"
1200514701,VERY_LONG,5205300,9,,,{'id': 108330}
1200514704,VERY_LONG,,1,4440000,,"{'id': 173132, 'context': 13, 'modifiers': [{'type': 29, 'value': 40}]}"
1200514705,VERY_LONG,9895100,90,,,{'id': 171276}
1200514707,VERY_LONG,15999700,1,,,{'id': 110654}
1200514711,VERY_LONG,3016900,60,,,{'id': 171273}
1200514713,VERY_LONG,2642800,9,,,{'id': 172412}
1200514715,VERY_LONG,,1,6489900,,"{'id': 173134, 'context': 13, 'modifiers': [{'type': 29, 'value': 49}]}"
1200514718,VERY_LONG,,1,6489900,,"{'id': 173134, 'context': 13, 'modifiers': [{'type': 29, 'value': 36}]}"
1200514720,VERY_LONG,,1,6489900,,"{'id': 173134, 'context': 13, 'modifiers': [{'type': 29, 'value': 36}]}"
1200514728,VERY_LONG,1503900,1,,,{'id': 173871}
1200514729,LONG,,1,870384200,,"{'id': 118101, 'context': 0}"
1200514735,VERY_LONG,8652500,1,,,{'id': 74706}
1200514737,VERY_LONG,9881800,1,,,{'id': 74729}
1200514749,VERY_LONG,2500,8,,,{'id': 154897}
1200514766,VERY_LONG,8500,47,,,{'id': 152631}
1200514774,VERY_LONG,13248600,1,,,{'id': 74718}
1200514777,LONG,199900,2,,,{'id': 172357}
1200514778,VERY_LONG,360000,1,,,{'id': 22792}
1200514783,VERY_LONG,20200100,1,,,{'id': 74722}
1200514795,VERY_LONG,100,4,,,{'id': 138875}
1200514796,VERY_LONG,7710100,1,,,{'id': 74712}
1200514799,VERY_LONG,2399800,1,,,{'id': 82442}
1200514803,VERY_LONG,800,11,,,{'id': 124118}
1200514810,LONG,461000,2,,,{'id': 172406}
1200514828,LONG,9252800,1,,,{'id': 31905}
1200514832,VERY_LONG,717700,9,,,{'id': 172231}
1200514845,VERY_LONG,23915500,1,,,{'id': 74720}
1200514856,LONG,5000000,1,,,{'id': 31893}
1200514863,LONG,13819900,2,,,{'id': 19278}
1200514867,VERY_LONG,13873100,1,,,{'id': 74721}
1200514871,VERY_LONG,767500,1,,,{'id': 74711}
1200514874,LONG,37900,1,,,{'id': 177660}
1200514881,LONG,,1,98553200,,"{'id': 31197, 'context': 0, 'bonus_lists': [6691, 1694], 'modifiers': [{'type': 9, 'value': 37}, {'type': 28, 'value': 1739}]}"
1200514888,VERY_LONG,19319100,1,,,{'id': 89737}
1200514910,VERY_LONG,1904500,1,,,{'id': 74709}
1200514918,LONG,1569000,1,,,{'id': 173040}
1200514947,VERY_LONG,17034700,1,,,{'id': 74723}
1200515100,VERY_LONG,,1,14695300,,"{'id': 54445, 'context': 0}"
1200517121,VERY_LONG,,1,111100,,"{'id': 7046, 'context': 0, 'bonus_lists': [6856]}"
1200517358,VERY_LONG,,1,34908700,,"{'id': 171419, 'context': 63, 'bonus_lists': [6716, 7194, 1487]}"
1200517360,VERY_LONG,,1,34908700,,"{'id': 171419, 'context': 63, 'bonus_lists': [6716, 7194, 1487]}"
1200517362,VERY_LONG,,1,34908700,,"{'id': 171419, 'context': 63, 'bonus_lists': [6716, 7194, 1487]}"
1200517363,VERY_LONG,,1,34908700,,"{'id': 171419, 'context': 63, 'bonus_lists': [6716, 7194, 1487]}"
1200517364,VERY_LONG,,1,34908700,,"{'id': 171419, 'context': 63, 'bonus_lists': [6716, 7193, 1487]}"
1200517365,VERY_LONG,,1,34908700,,"{'id': 171419, 'context': 63, 'bonus_lists': [6716, 7193, 1487]}"
1200517366,VERY_LONG,,1,34908700,,"{'id': 171419, 'context': 63, 'bonus_lists': [6716, 7194, 1487]}"
1200517367,VERY_LONG,,1,34908700,,"{'id': 171419, 'context': 63, 'bonus_lists': [6716, 7194, 1487]}"
1200517369,VERY_LONG,,1,34908700,,"{'id': 171419, 'context': 63, 'bonus_lists': [6716, 7194, 1487]}"
1200517370,VERY_LONG,,1,34908700,,"{'id': 171419, 'context': 63, 'bonus_lists': [6716, 7193, 1487]}"
1200517371,VERY_LONG,,1,34908700,,"{'id': 171419, 'context': 63, 'bonus_lists': [6716, 7194, 1487]}"
1200517372,VERY_LONG,,1,34908700,,"{'id': 171419, 'context': 63, 'bonus_lists': [6716, 7194, 1487]}"
1200517610,LONG,,1,8007300,,"{'id': 159589, 'context': 0, 'bonus_lists': [6655, 1700], 'modifiers': [{'type': 9, 'value': 37}, {'type': 28, 'value': 1220}]}"
1200517639,LONG,500,6,,,{'id': 171840}
1200517641,LONG,,1,4100200,,"{'id': 55773, 'context': 5, 'bonus_lists': [6654, 1691], 'modifiers': [{'type': 9, 'value': 35}, {'type': 28, 'value': 1029}]}"
1200517643,LONG,65900,1,,,{'id': 34052}
1200517644,LONG,,1,5509400,,"{'id': 160152, 'context': 0, 'bonus_lists': [6654, 1699], 'modifiers': [{'type': 9, 'value': 36}, {'type': 28, 'value': 1224}]}"
1200517646,LONG,,1,500000,,"{'id': 4571, 'context': 1, 'modifiers': [{'type': 28, 'value': 8}]}"
1200517647,LONG,,1,5056900,,"{'id': 55752, 'context': 1, 'bonus_lists': [6654, 1677], 'modifiers': [{'type': 9, 'value': 35}, {'type': 28, 'value': 258}]}"
1200517649,LONG,77000,17,,,{'id': 171828}
1200517650,LONG,,1,252492300,,"{'id': 176769, 'context': 0, 'bonus_lists': [6907, 6652, 1703], 'modifiers': [{'type': 9, 'value': 55}, {'type': 28, 'value': 1707}]}"
1200517652,LONG,,1,700000,,"{'id': 82800, 'context': 0, 'modifiers': [{'type': 6, 'value': 38283}], 'pet_breed_id': 20, 'pet_level': 1, 'pet_quality_id': 3, 'pet_species_id': 2089}"
1200517653,LONG,,1,700000,,"{'id': 71365, 'context': 5, 'modifiers': [{'type': 28, 'value': 1029}]}"
1200517654,LONG,,1,124458600,,"{'id': 66986, 'context': 1, 'bonus_lists': [6658], 'modifiers': [{'type': 9, 'value': 35}, {'type': 28, 'value': 258}]}"
1200517655,LONG,,1,50483300,,"{'id': 67069, 'context': 5, 'bonus_lists': [6658], 'modifiers': [{'type': 9, 'value': 35}, {'type': 28, 'value': 1029}]}"
1200517656,LONG,,1,8621500,,"{'id': 55675, 'context': 5, 'bonus_lists': [6654, 1688], 'modifiers': [{'type': 9, 'value': 35}, {'type': 28, 'value': 1029}]}"
1200517657,LONG,2500,6,,,{'id': 154898}
1200517658,LONG,,1,71145300,,"{'id': 55350, 'context': 5, 'bonus_lists': [6655, 1692], 'modifiers': [{'type': 9, 'value': 35}, {'type': 28, 'value': 1029}]}"
1200517662,LONG,2500,9,,,{'id': 154897}
1200517663,LONG,,1,51200000,,"{'id': 55715, 'context': 1, 'bonus_lists': [6654, 1705], 'modifiers': [{'type': 9, 'value': 35}, {'type': 28, 'value': 258}]}"
1200517666,LONG,,1,82719000,,"{'id': 55652, 'context': 1, 'bonus_lists': [6654, 1695], 'modifiers': [{'type': 9, 'value': 35}, {'type': 28, 'value': 258}]}"
1200517667,LONG,,1,12928800,,"{'id': 178949, 'context': 0, 'bonus_lists': [6908, 6652, 1703], 'modifiers': [{'type': 9, 'value': 54}, {'type': 28, 'value': 1329}]}"
1200517669,LONG,,1,11251700,,"{'id': 55527, 'context': 1, 'bonus_lists': [6654, 1687], 'modifiers': [{'type': 9, 'value': 35}, {'type': 28, 'value': 258}]}"
1200517671,LONG,,1,980000,,"{'id': 71359, 'context': 5, 'modifiers': [{'type': 28, 'value': 1029}]}"
1200517672,LONG,,1,119237900,,"{'id': 176784, 'context': 0, 'bonus_lists': [6907, 41, 1712], 'modifiers': [{'type': 9, 'value': 55}, {'type': 28, 'value': 1707}]}"
1200517675,LONG,34800,114,,,{'id': 152579}
1200517679,LONG,,1,3358900,,"{'id': 55854, 'context': 1, 'bonus_lists': [6710], 'modifiers': [{'type': 9, 'value': 35}, {'type': 28, 'value': 258}]}"
1200517683,LONG,,1,4340000,,"{'id': 55521, 'context': 5, 'bonus_lists': [6654, 1716], 'modifiers': [{'type': 9, 'value': 35}, {'type': 28, 'value': 1029}]}"
1200517686,LONG,11000,3,,,{'id': 152576}
1200517687,LONG,,1,213276300,,"{'id': 67112, 'context': 1, 'bonus_lists': [6658], 'modifiers': [{'type': 9, 'value': 35}, {'type': 28, 'value': 258}]}"
1200517689,LONG,,1,5243500,,"{'id': 55418, 'context': 1, 'bonus_lists': [6654, 1702], 'modifiers': [{'type': 9, 'value': 35}, {'type': 28, 'value': 258}]}"
1200517690,LONG,256400,129,,,{'id': 52328}
1200517692,LONG,,1,11802400,,"{'id': 55663, 'context': 1, 'bonus_lists': [6654, 1701], 'modifiers': [{'type': 9, 'value': 35}, {'type': 28, 'value': 258}]}"
1200517693,LONG,17500,20,,,{'id': 152513}
1200517694,LONG,,1,15354700,,"{'id': 55573, 'context': 1, 'bonus_lists': [6654, 1706], 'modifiers': [{'type': 9, 'value': 35}, {'type': 28, 'value': 258}]}"
1200517697,LONG,,1,30413700,,"{'id': 55617, 'context': 1, 'bonus_lists': [6654, 1705], 'modifiers': [{'type': 9, 'value': 35}, {'type': 28, 'value': 258}]}"
1200517699,LONG,,1,7997600,,"{'id': 55735, 'context': 1, 'bonus_lists': [6654, 1678], 'modifiers': [{'type': 9, 'value': 35}, {'type': 28, 'value': 258}]}"
1200517702,LONG,,1,2230000,,"{'id': 55563, 'context': 1, 'bonus_lists': [6654, 1706], 'modifiers': [{'type': 9, 'value': 35}, {'type': 28, 'value': 258}]}"
1200517703,LONG,94100,250,,,{'id': 152512}
1200517706,LONG,390000,1,,,{'id': 41808}
1200517708,LONG,207600,1,,,{'id': 163223}
1200517709,LONG,3000,243,,,{'id': 152511}
1200517710,LONG,,1,12202900,,"{'id': 176793, 'context': 0, 'bonus_lists': [6908, 6652, 1682], 'modifiers': [{'type': 9, 'value': 55}, {'type': 28, 'value': 1707}]}"
1200517712,LONG,,1,3000000,,"{'id': 52371, 'context': 0}"
1200517714,LONG,199900,36,,,{'id': 152510}
1200517717,LONG,,1,6327500,,"{'id': 55419, 'context': 1, 'bonus_lists': [6654, 1709], 'modifiers': [{'type': 9, 'value': 35}, {'type': 28, 'value': 258}]}"
1200517718,LONG,,1,6327500,,"{'id': 55419, 'context': 1, 'bonus_lists': [6654, 1702], 'modifiers': [{'type': 9, 'value': 35}, {'type': 28, 'value': 258}]}"
1200517719,LONG,500000,2,,,{'id': 6362}
1200517721,LONG,5500,178,,,{'id': 152509}
1200517722,LONG,,1,17385000,,"{'id': 55581, 'context': 1, 'bonus_lists': [6654, 1700], 'modifiers': [{'type': 9, 'value': 35}, {'type': 28, 'value': 258}]}"
1200517723,LONG,,1,4208100,,"{'id': 55439, 'context': 5, 'bonus_lists': [6655, 1708], 'modifiers': [{'type': 9, 'value': 35}, {'type': 28, 'value': 1029}]}"
1200517738,LONG,10000,427,,,{'id': 152505}
1200517745,LONG,513500,2,,,{'id': 173204}
1200517753,LONG,37000,6,,,{'id': 17011}
1200517762,LONG,799500,7,,,{'id': 160053}
1200517775,LONG,8100,12,,,{'id': 3857}
1200517783,LONG,500,20,,,{'id': 7077}
1200517789,LONG,300,16,,,{'id': 8150}
1200517799,LONG,400,8,,,{'id': 7075}
1200517812,LONG,,1,131700,,"{'id': 16825, 'context': 0, 'modifiers': [{'type': 28, 'value': 1004}]}"
1200517824,LONG,,1,800000,,"{'id': 16819, 'context': 0, 'modifiers': [{'type': 28, 'value': 1004}]}"
1200517833,LONG,600,20,,,{'id': 7068}
1200517835,LONG,999900,6,,,{'id': 168427}
1200517844,LONG,25800,12,,,{'id': 172092}
1200517846,LONG,20800,9,,,{'id': 17010}
1200517852,LONG,,1,132300,,"{'id': 16830, 'context': 0, 'modifiers': [{'type': 28, 'value': 1004}]}"
1200517862,LONG,750000,5,,,{'id': 49908}
1200517866,LONG,,1,2003800,,"{'id': 15257, 'context': 0, 'bonus_lists': [6655, 1705], 'modifiers': [{'type': 9, 'value': 30}, {'type': 28, 'value': 1004}]}"
1200517870,LONG,19900,2,,,{'id': 72988}
1200517877,LONG,1204800,1,,,{'id': 17203}
1200517884,LONG,72000,3,,,{'id': 3864}
1200517898,LONG,,1,2009000,,"{'id': 15283, 'context': 0, 'bonus_lists': [6655, 1708], 'modifiers': [{'type': 9, 'value': 30}, {'type': 28, 'value': 1005}]}"
1200517901,LONG,39900,22,,,{'id': 171841}
1200517904,LONG,10000,1,,,{'id': 1529}
1200517919,LONG,5000,3,,,{'id': 7910}
1200517986,LONG,,1,1509900,,"{'id': 13126, 'context': 0, 'bonus_lists': [6658], 'modifiers': [{'type': 9, 'value': 30}, {'type': 28, 'value': 1005}]}"
1200518002,VERY_LONG,,1,34908700,,"{'id': 171419, 'context': 63, 'bonus_lists': [6716, 7194, 1487]}"
1200518003,VERY_LONG,,1,34908700,,"{'id': 171419, 'context': 63, 'bonus_lists': [6716, 7194, 1487]}"
1200518018,LONG,,1,59800,,"{'id': 12048, 'context': 0, 'bonus_lists': [6654, 1708], 'modifiers': [{'type': 9, 'value': 30}, {'type': 28, 'value': 1005}]}"
1200518039,LONG,,1,509900,,"{'id': 13120, 'context': 0, 'bonus_lists': [6658], 'modifiers': [{'type': 9, 'value': 30}, {'type': 28, 'value': 1005}]}"
1200518087,LONG,1400,4,,,{'id': 7909}
1200518093,LONG,,1,115552200,69331300,"{'id': 82800, 'context': 0, 'modifiers': [{'type': 6, 'value': 47958}], 'pet_breed_id': 21, 'pet_level': 1, 'pet_quality_id': 3, 'pet_species_id': 1208}"
1200518096,LONG,11000,3,,,{'id': 152576}
1200520105,LONG,500,3,,,{'id': 171840}
1200520118,LONG,,1,117753900,111866200,"{'id': 82800, 'context': 0, 'modifiers': [{'type': 6, 'value': 59603}], 'pet_breed_id': 8, 'pet_level': 1, 'pet_quality_id': 2, 'pet_species_id': 1596}"
1200520119,LONG,5000000,5,,,{'id': 18562}
1200520122,VERY_LONG,,1,112378700,,"{'id': 144401, 'context': 6, 'bonus_lists': [3445, 1808, 1472, 3528], 'modifiers': [{'type': 28, 'value': 621}]}"
1200520126,LONG,219000,10,,,{'id': 171830}
1200520140,VERY_LONG,,1,99008700,,"{'id': 171419, 'context': 64, 'bonus_lists': [6717, 7193, 1507]}"
1200520143,VERY_LONG,,1,99008700,,"{'id': 171419, 'context': 64, 'bonus_lists': [6717, 7194, 1507]}"
1200520171,LONG,,1,50005500,25002800,"{'id': 82800, 'context': 0, 'modifiers': [{'type': 6, 'value': 32790}], 'pet_breed_id': 3, 'pet_level': 1, 'pet_quality_id': 2, 'pet_species_id': 629}"
1200520179,VERY_LONG,,1,752000,,"{'id': 180794, 'context': 0, 'bonus_lists': [6908, 41, 1694], 'modifiers': [{'type': 9, 'value': 60}, {'type': 28, 'value': 1707}]}"
1200520197,LONG,77000,67,,,{'id': 171828}
1200520214,LONG,513500,14,,,{'id': 173204}
1200520222,LONG,139500,4,,,{'id': 171829}
1200520224,VERY_LONG,,1,3687027900,,"{'id': 82800, 'context': 0, 'modifiers': [{'type': 6, 'value': 98475}], 'pet_breed_id': 15, 'pet_level': 1, 'pet_quality_id': 2, 'pet_species_id': 3063}"
1200520234,LONG,,1,5006100,,"{'id': 14333, 'context': 0, 'bonus_lists': [6654, 1678], 'modifiers': [{'type': 9, 'value': 30}, {'type': 28, 'value': 1007}]}"
1200520235,LONG,1494900,38,,,{'id': 171833}
1200520248,VERY_LONG,513500,3,,,{'id': 173204}
1200520254,VERY_LONG,90000,36,,,{'id': 169701}
1200520278,LONG,,1,10009800,,"{'id': 15440, 'context': 0, 'bonus_lists': [6654, 1693], 'modifiers': [{'type': 9, 'value': 30}, {'type': 28, 'value': 1007}]}"
1200520294,LONG,,1,20600,,"{'id': 14335, 'context': 0, 'bonus_lists': [6654, 1695], 'modifiers': [{'type': 9, 'value': 30}, {'type': 28, 'value': 1006}]}"
1200520304,VERY_LONG,3016900,7,,,{'id': 171273}
1200520306,LONG,,1,1322600,,"{'id': 15221, 'context': 0, 'bonus_lists': [6655, 1680], 'modifiers': [{'type': 9, 'value': 30}, {'type': 28, 'value': 1006}]}"
1200520320,LONG,,1,153500,,"{'id': 14461, 'context': 0, 'bonus_lists': [6654], 'modifiers': [{'type': 9, 'value': 30}, {'type': 28, 'value': 1006}]}"
1200520321,VERY_LONG,,1,4756900,,"{'id': 176963, 'context': 0, 'bonus_lists': [6907, 6652, 1716], 'modifiers': [{'type': 9, 'value': 60}, {'type': 28, 'value': 1707}]}"
1200520340,LONG,,1,56000,,"{'id': 15288, 'context': 0, 'bonus_lists': [6655, 1707], 'modifiers': [{'type': 9, 'value': 30}, {'type': 28, 'value': 1007}]}"
1200520351,LONG,,1,19600,,"{'id': 15677, 'context': 0, 'bonus_lists': [6654, 1708], 'modifiers': [{'type': 9, 'value': 30}, {'type': 28, 'value': 1006}]}"
1200520358,LONG,,1,30100,,"{'id': 22222, 'context': 0, 'modifiers': [{'type': 28, 'value': 1007}]}"
1200520380,LONG,,1,120000,,"{'id': 15755, 'context': 0, 'modifiers': [{'type': 28, 'value': 1007}]}"
1200520390,LONG,,1,13449900,,"{'id': 172257, 'context': 13, 'bonus_lists': [6893], 'modifiers': [{'type': 9, 'value': 55}, {'type': 28, 'value': 391}, {'type': 29, 'value': 36}, {'type': 30, 'value': 32}]}"
1200520393,LONG,,1,13449900,,"{'id': 172257, 'context': 13, 'bonus_lists': [6893], 'modifiers': [{'type': 9, 'value': 55}, {'type': 28, 'value': 391}, {'type': 29, 'value': 49}, {'type': 30, 'value': 32}]}"
1200520394,LONG,5000,3,,,{'id': 124437}
1200520395,LONG,,1,8260700,,"{'id': 172265, 'context': 13, 'bonus_lists': [6893], 'modifiers': [{'type': 9, 'value': 55}, {'type': 28, 'value': 391}, {'type': 29, 'value': 36}, {'type': 30, 'value': 40}]}"
1200520401,LONG,,1,14991400,,"{'id': 172260, 'context': 13, 'bonus_lists': [6893], 'modifiers': [{'type': 9, 'value': 55}, {'type': 28, 'value': 391}, {'type': 29, 'value': 40}, {'type': 30, 'value': 32}]}"
1200520403,LONG,,1,14991400,,"{'id': 172260, 'context': 13, 'bonus_lists': [6893], 'modifiers': [{'type': 9, 'value': 55}, {'type': 28, 'value': 391}, {'type': 29, 'value': 36}, {'type': 30, 'value': 40}]}"
1200520405,LONG,,1,7211300,,"{'id': 172256, 'context': 13, 'bonus_lists': [6893], 'modifiers': [{'type': 9, 'value': 55}, {'type': 28, 'value': 391}, {'type': 29, 'value': 49}, {'type': 30, 'value': 40}]}"
1200520407,LONG,,1,7211300,,"{'id': 172256, 'context': 13, 'bonus_lists': [6893], 'modifiers': [{'type': 9, 'value': 55}, {'type': 28, 'value': 391}, {'type': 29, 'value': 40}, {'type': 30, 'value': 32}]}"
1200520411,LONG,,1,29039600,,"{'id': 172250, 'context': 13, 'bonus_lists': [6893], 'modifiers': [{'type': 9, 'value': 55}, {'type': 28, 'value': 391}, {'type': 29, 'value': 32}, {'type': 30, 'value': 36}]}"
1200520412,LONG,,1,28000,,"{'id': 25085, 'context': 0, 'bonus_lists': [6655, 1678], 'modifiers': [{'type': 9, 'value': 30}, {'type': 28, 'value': 1008}]}"
1200520414,LONG,,1,5936900,,"{'id': 172234, 'context': 13, 'bonus_lists': [6890], 'modifiers': [{'type': 9, 'value': 55}, {'type': 28, 'value': 391}, {'type': 29, 'value': 32}, {'type': 30, 'value': 40}]}"
1200520416,LONG,,1,25202200,,"{'id': 172254, 'context': 13, 'bonus_lists': [6893], 'modifiers': [{'type': 9, 'value': 55}, {'type': 28, 'value': 391}, {'type': 29, 'value': 32}, {'type': 30, 'value': 40}]}"
1200520419,LONG,,1,24137800,,"{'id': 172262, 'context': 13, 'bonus_lists': [6893], 'modifiers': [{'type': 9, 'value': 55}, {'type': 28, 'value': 391}, {'type': 29, 'value': 49}, {'type': 30, 'value': 36}]}"
1200520422,LONG,,1,11246300,,"{'id': 172251, 'context': 13, 'bonus_lists': [6893], 'modifiers': [{'type': 9, 'value': 55}, {'type': 28, 'value': 391}, {'type': 29, 'value': 36}, {'type': 30, 'value': 40}]}"
1200520423,LONG,,1,11246300,,"{'id': 172251, 'context': 13, 'bonus_lists': [6893], 'modifiers': [{'type': 9, 'value': 55}, {'type': 28, 'value': 391}, {'type': 29, 'value': 49}, {'type': 30, 'value': 36}]}"
1200520424,LONG,,1,500000,,"{'id': 24802, 'context': 0, 'bonus_lists': [6654, 1709], 'modifiers': [{'type': 9, 'value': 30}, {'type': 28, 'value': 1008}]}"
1200520426,LONG,,1,11246300,,"{'id': 172251, 'context': 13, 'bonus_lists': [6893], 'modifiers': [{'type': 9, 'value': 55}, {'type': 28, 'value': 391}, {'type': 29, 'value': 32}, {'type': 30, 'value': 40}]}"
1200520429,LONG,,1,1000000,,"{'id': 171381, 'context': 13, 'bonus_lists': [6883], 'modifiers': [{'type': 29, 'value': 36}, {'type': 30, 'value': 40}]}"
1200520434,LONG,9500,78,,,{'id': 21882}
1200520442,LONG,,1,320500,,"{'id': 24916, 'context': 0, 'bonus_lists': [6654, 1705], 'modifiers': [{'type': 9, 'value': 30}, {'type': 28, 'value': 1008}]}"
1200520449,LONG,,1,1500000,,"{'id': 31308, 'context': 0, 'bonus_lists': [6659], 'modifiers': [{'type': 9, 'value': 30}, {'type': 28, 'value': 1008}]}"
1200520459,LONG,,1,106300,,"{'id': 25295, 'context': 0, 'bonus_lists': [6655, 1708], 'modifiers': [{'type': 9, 'value': 30}, {'type': 28, 'value': 1008}]}"
1200520480,LONG,,1,19100,,"{'id': 25002, 'context': 0, 'bonus_lists': [6654, 1681], 'modifiers': [{'type': 9, 'value': 30}, {'type': 28, 'value': 1008}]}"
1200520500,LONG,,1,180700,,"{'id': 24692, 'context': 0, 'bonus_lists': [6654, 1679], 'modifiers': [{'type': 9, 'value': 30}, {'type': 28, 'value': 1008}]}"
1200520510,LONG,37600,1,,,{'id': 31906}
1200520520,LONG,,1,5503800,,"{'id': 25001, 'context': 0, 'bonus_lists': [6654, 1706], 'modifiers': [{'type': 9, 'value': 30}, {'type': 28, 'value': 1008}]}"
1200520532,LONG,,1,1327100,,"{'id': 24800, 'context': 0, 'bonus_lists': [6654, 1707], 'modifiers': [{'type': 9, 'value': 30}, {'type': 28, 'value': 1008}]}"
1200520558,LONG,,1,12900,,"{'id': 24889, 'context': 0, 'bonus_lists': [6654, 1708], 'modifiers': [{'type': 9, 'value': 30}, {'type': 28, 'value': 1008}]}"
1200520576,LONG,,1,1000000,,"{'id': 24803, 'context': 0, 'bonus_lists': [6654, 1692], 'modifiers': [{'type': 9, 'value': 30}, {'type': 28, 'value': 1008}]}"
1200520590,LONG,360000,41,,,{'id': 22576}
1200520622,LONG,,1,708800,,"{'id': 25057, 'context': 0, 'bonus_lists': [6654, 1693], 'modifiers': [{'type': 9, 'value': 30}, {'type': 28, 'value': 1008}]}"
1200520640,LONG,,1,500000,,"{'id': 24665, 'context': 0, 'bonus_lists': [6654, 1709], 'modifiers': [{'type': 9, 'value': 30}, {'type': 28, 'value': 1008}]}"
1200520891,LONG,5000,2,,,{'id': 171264}
1200521018,VERY_LONG,,1,3000000,,"{'id': 82800, 'context': 0, 'pet_breed_id': 13, 'pet_level': 1, 'pet_quality_id': 3, 'pet_species_id': 1952}"
1200521020,VERY_LONG,49989800,2,,,{'id': 161344}
1200522279,LONG,425000,2126,,,{'id': 170554}
1200522309,LONG,219000,22,,,{'id': 171830}
1200522325,LONG,39900,3,,,{'id': 171841}
1200522708,LONG,,1,99999900,,"{'id': 25675, 'context': 0}"
1200522710,LONG,,1,1490000,,"{'id': 43860, 'context': 1}"
1200522713,LONG,,1,249999900,,"{'id': 41349, 'context': 1}"
1200522718,LONG,,1,48597900,,"{'id': 4335, 'context': 0}"
1200522721,LONG,,1,8880000,,"{'id': 17704, 'context': 0}"
1200522724,LONG,,1,49999600,,"{'id': 13520, 'context': 1}"
1200522730,LONG,,1,49999600,,"{'id': 13520, 'context': 1}"
1200522732,LONG,,1,49999600,,"{'id': 13520, 'context': 1}"
1200522733,LONG,,1,91033300,,"{'id': 55036, 'context': 0}"
1200522738,LONG,4267500,1,,,{'id': 128543}
1200522740,LONG,,1,17981700,,"{'id': 52379, 'context': 0}"
1200522743,LONG,,1,17499900,,"{'id': 41548, 'context': 0}"
1200522748,LONG,5926700,1,,,{'id': 74700}
1200522750,LONG,,1,1848900,,"{'id': 132495, 'context': 0}"
1200522753,LONG,,1,13499700,,"{'id': 52373, 'context': 0}"
1200522757,LONG,,1,13499700,,"{'id': 52373, 'context': 0}"
1200522765,LONG,,1,249999900,,"{'id': 32392, 'context': 0}"
1200522766,LONG,20000000,2,,,{'id': 74713}
1200522770,LONG,,1,49999800,,"{'id': 56518, 'context': 0}"
1200522772,LONG,666400,2,,,{'id': 52757}
1200522774,LONG,20000000,3,,,{'id': 52773}
1200522777,LONG,,1,3489900,,"{'id': 132535, 'context': 0}"
1200522785,LONG,,1,99999800,,"{'id': 87520, 'context': 0}"
1200522791,LONG,,1,49999900,,"{'id': 39085, 'context': 1}"
1200522797,LONG,,1,99999900,,"{'id': 87504, 'context': 0}"
1200522802,LONG,,1,19999300,,"{'id': 41126, 'context': 1}"
1200522808,LONG,,1,249999900,,"{'id': 41354, 'context': 1}"
1200522813,LONG,,1,31990000,,"{'id': 55824, 'context': 1}"
1200522818,LONG,308100,2,,,{'id': 74710}
1200522823,LONG,,1,7331100,,"{'id': 21853, 'context': 0}"
1200522824,VERY_LONG,79500,3,,,{'id': 2775}
1200522828,LONG,50000000,2,,,{'id': 38876}
1200522832,LONG,,1,50000000,,"{'id': 128891, 'context': 13, 'bonus_lists': [669, 601, 689, 1692, 3408]}"
1200522837,LONG,,1,49999900,,"{'id': 40942, 'context': 1}"
1200522842,LONG,,1,19999400,,"{'id': 55027, 'context': 0}"
1200522846,LONG,,1,49999900,,"{'id': 40670, 'context': 1}"
1200522851,LONG,,1,10850400,,"{'id': 52385, 'context': 0}"
1200522855,LONG,,1,49999900,,"{'id': 93546, 'context': 0}"
1200522859,LONG,4329200,2,,,{'id': 110635}
1200522863,LONG,,1,99999900,,"{'id': 44445, 'context': 0}"
1200522865,LONG,,1,50000000,,"{'id': 86847, 'context': 0}"
1200522868,LONG,,1,1819900,,"{'id': 7920, 'context': 0}"
1200522871,LONG,,1,3989900,,"{'id': 132533, 'context': 0}"
1200522873,LONG,300700,2,,,{'id': 38833}
1200522876,LONG,,1,19999900,,"{'id': 38439, 'context': 0}"
1200522879,LONG,,1,19993800,,"{'id': 43864, 'context': 1}"
1200522883,LONG,,1,249999900,,"{'id': 18660, 'context': 0}"
1200522887,LONG,,1,80000000,,"{'id': 182746, 'context': 0, 'modifiers': [{'type': 28, 'value': 1427}]}"
1200522891,LONG,,1,80000000,,"{'id': 182746, 'context': 0, 'modifiers': [{'type': 28, 'value': 1427}]}"
1200522894,LONG,284200,1,,,{'id': 38938}
1200522896,LONG,,1,49989700,,"{'id': 24216, 'context': 1}"
1200522899,LONG,,1,49999400,,"{'id': 98913, 'context': 0}"
1200522902,LONG,,1,249999400,,"{'id': 19047, 'context': 1}"
1200522904,LONG,100000000,4,,,{'id': 38920}
1200522906,LONG,,1,99990800,,"{'id': 22912, 'context': 0}"
1200522907,LONG,,1,1839997500,1674397700,"{'id': 171415, 'context': 66, 'bonus_lists': [6758, 7193, 1532]}"
1200522908,LONG,,1,99990800,,"{'id': 22912, 'context': 0}"
1200522910,LONG,,1,150000000,,"{'id': 164312, 'context': 0}"
1200522912,LONG,,1,99999800,,"{'id': 55022, 'context': 0}"
1200522914,LONG,,1,249999400,,"{'id': 45567, 'context': 0}"
1200522916,VERY_LONG,,1,4640000000,4222400000,"{'id': 183017, 'context': 6, 'bonus_lists': [7187, 6652, 7193, 1498, 6646], 'modifiers': [{'type': 28, 'value': 753}]}"
1200522917,LONG,362600,2,,,{'id': 38897}
1200522920,VERY_LONG,,1,4640000000,4222400000,"{'id': 183017, 'context': 6, 'bonus_lists': [7187, 6652, 7193, 1498, 6646], 'modifiers': [{'type': 28, 'value': 753}]}"
1200522922,LONG,,1,989900,,"{'id': 2300, 'context': 0}"
1200522923,LONG,1009600,1,,,{'id': 38772}
1200522924,LONG,,1,267946700,243831500,"{'id': 13034, 'context': 0, 'bonus_lists': [6659], 'modifiers': [{'type': 9, 'value': 30}, {'type': 28, 'value': 26}]}"
1200522926,LONG,,1,27999900,,"{'id': 93439, 'context': 0}"
1200522927,LONG,,1,249999900,,"{'id': 42724, 'context': 1}"
1200522928,LONG,,1,600005000,546004600,"{'id': 171413, 'context': 66, 'bonus_lists': [6758, 1532]}"
1200522930,LONG,,1,49999000,,"{'id': 98827, 'context': 0}"
1200522932,LONG,,1,600000000,546000000,"{'id': 164341, 'context': 11, 'modifiers': [{'type': 28, 'value': 644}]}"
1200522934,LONG,100000,195,,,{'id': 22446}
1200522937,LONG,,1,50000000,,"{'id': 82910, 'context': 0, 'bonus_lists': [1709]}"
1200522938,LONG,,1,600000000,546000000,"{'id': 164341, 'context': 11, 'modifiers': [{'type': 28, 'value': 644}]}"
1200522940,LONG,,1,19999300,,"{'id': 43865, 'context': 1}"
1200522942,LONG,,1,600000000,546000000,"{'id': 164341, 'context': 11, 'modifiers': [{'type': 28, 'value': 645}]}"
1200522944,LONG,20000000,1,,,{'id': 38679}
1200522945,LONG,,1,1000000000,910000000,"{'id': 164299, 'context': 11, 'modifiers': [{'type': 28, 'value': 645}]}"
1200522948,LONG,,1,760998200,692508400,"{'id': 41508, 'context': 0, 'bonus_lists': [6883]}"
1200522949,LONG,290900,2,,,{'id': 38830}
1200522951,LONG,,1,760998200,692508400,"{'id': 41508, 'context': 0, 'bonus_lists': [6883]}"
1200522952,LONG,20000000,2,,,{'id': 112115}
1200522956,LONG,,1,49999400,,"{'id': 75082, 'context': 2}"
1200522957,LONG,,1,260004300,236603900,"{'id': 116691, 'context': 11}"
1200522959,LONG,,1,1779000,,"{'id': 132542, 'context': 0}"
1200522961,LONG,352800,1,,,{'id': 38914}
1200522962,LONG,,1,150000000,,"{'id': 164364, 'context': 14, 'modifiers': [{'type': 28, 'value': 186}]}"
1200522964,LONG,,1,249999300,,"{'id': 79335, 'context': 1}"
1200522966,LONG,,1,3175180000,2889413800,"{'id': 25145, 'context': 0, 'bonus_lists': [1694]}"
1200522967,LONG,,1,49999900,,"{'id': 98757, 'context': 0}"
1200522969,LONG,,1,1999900,,"{'id': 7934, 'context': 1}"
1200522975,LONG,50000000,3,,,{'id': 44463}
1200522977,LONG,,1,320594700,,"{'id': 14175, 'context': 0, 'bonus_lists': [6654, 1709], 'modifiers': [{'type': 9, 'value': 22}, {'type': 28, 'value': 15}]}"
1200522978,LONG,,1,11684100,,"{'id': 52365, 'context': 0}"
1200522981,LONG,,1,11684100,,"{'id': 52365, 'context': 0}"
1200522985,LONG,,1,699000000,636090000,"{'id': 108631, 'context': 0, 'modifiers': [{'type': 28, 'value': 176}]}"
1200522986,LONG,,1,11684100,,"{'id': 52365, 'context': 0}"
1200522989,LONG,,1,699000000,636090000,"{'id': 108631, 'context': 0}"
1200522990,LONG,,1,11684100,,"{'id': 52365, 'context': 0}"
1200522993,VERY_LONG,298000,10,,,{'id': 23424}
1200522994,LONG,,1,699000000,636090000,"{'id': 108631, 'context': 0, 'modifiers': [{'type': 28, 'value': 176}]}"
1200522996,LONG,,1,49999900,,"{'id': 45810, 'context': 1}"
1200522999,LONG,,1,1100000000,1001000000,"{'id': 172329, 'context': 66, 'bonus_lists': [6758, 7193, 1532]}"
1200523000,LONG,,1,499999400,,"{'id': 32389, 'context': 0}"
1200523003,LONG,,1,499999400,,"{'id': 21846, 'context': 0}"
1200523004,LONG,,1,1100000000,1001000000,"{'id': 172329, 'context': 66, 'bonus_lists': [6758, 7193, 1532]}"
1200523006,LONG,,1,19999300,,"{'id': 79333, 'context': 1}"
1200523008,LONG,,1,591067800,537871700,"{'id': 164556, 'context': 0}"
1200523010,LONG,,1,19999000,,"{'id': 40950, 'context': 0}"
1200523014,LONG,,1,41892200,,"{'id': 4040, 'context': 0}"
1200523016,LONG,,1,367731400,334635600,"{'id': 52251, 'context': 11}"
1200523019,LONG,,1,41892200,,"{'id': 4040, 'context': 0}"
1200523022,LONG,,1,333330000,303330300,"{'id': 164356, 'context': 11}"
1200523023,LONG,,1,41892200,,"{'id': 4040, 'context': 1}"
1200523026,LONG,,1,49999400,,"{'id': 93437, 'context': 0}"
1200523029,LONG,,1,49996900,,"{'id': 23498, 'context': 0}"
1200523030,LONG,,1,249999300,,"{'id': 86311, 'context': 0}"
1200523034,LONG,,1,7779800,,"{'id': 132541, 'context': 0}"
1200523036,LONG,,1,99999900,,"{'id': 21861, 'context': 0}"
1200523037,LONG,,1,49999900,,"{'id': 39086, 'context': 1}"
1200523039,LONG,,1,19999800,,"{'id': 39084, 'context': 1}"
1200523041,LONG,,1,249999900,,"{'id': 40675, 'context': 1}"
1200523046,LONG,,1,22998700,,"{'id': 55041, 'context': 0}"
1200523049,LONG,,1,49999900,,"{'id': 98848, 'context': 0}"
1200523053,LONG,,1,250000000,,"{'id': 43445, 'context': 0}"
1200523055,LONG,,1,99999900,,"{'id': 44441, 'context': 0}"
1200523057,LONG,,1,49999900,,"{'id': 98774, 'context': 0}"
1200523062,LONG,,1,24499900,,"{'id': 93438, 'context': 1}"
1200523064,LONG,,1,249999900,,"{'id': 114818, 'context': 13, 'bonus_lists': [123, 525, 538]}"
1200523067,LONG,,1,99999900,,"{'id': 21868, 'context': 0}"
1200523070,LONG,,1,249999400,,"{'id': 32586, 'context': 0}"
1200523071,LONG,69870000,1,,,{'id': 38875}
1200523074,LONG,,1,49999900,,"{'id': 54854, 'context': 0}"
1200523077,LONG,,1,49999900,,"{'id': 41974, 'context': 1}"
1200523079,LONG,,1,19999400,,"{'id': 2848, 'context': 0}"
1200523083,LONG,50000000,1,,,{'id': 52775}
1200523087,LONG,449700,5,,,{'id': 38912}
1200523092,LONG,,1,99999900,,"{'id': 82947, 'context': 0}"
1200523094,LONG,,1,20000000,,"{'id': 52375, 'context': 0}"
1200523097,LONG,,1,20000000,,"{'id': 52375, 'context': 0}"
1200525104,LONG,,1,20000000,,"{'id': 52375, 'context': 0}"
1200525107,LONG,,1,49999900,,"{'id': 41185, 'context': 1}"
1200525109,LONG,,1,99999900,,"{'id': 41239, 'context': 1}"
1200525112,LONG,,1,99998100,,"{'id': 21860, 'context': 0}"
1200525116,LONG,,1,56866400,,"{'id': 22926, 'context': 22, 'modifiers': [{'type': 9, 'value': 40}]}"
1200525120,LONG,,1,129999900,,"{'id': 42113, 'context': 0}"
1200525124,LONG,,1,249999900,,"{'id': 75109, 'context': 0}"
1200525126,LONG,,1,49999400,,"{'id': 98914, 'context': 0}"
1200525130,LONG,,1,99999900,,"{'id': 43133, 'context': 0}"
1200525188,VERY_LONG,298000,10,,,{'id': 23424}
1200525238,LONG,,1,600000,,"{'id': 173197, 'context': 0, 'bonus_lists': [6887], 'modifiers': [{'type': 9, 'value': 60}, {'type': 28, 'value': 391}, {'type': 29, 'value': 40}, {'type': 30, 'value': 32}]}"
1200525256,LONG,,1,600000,,"{'id': 173197, 'context': 0, 'bonus_lists': [6887], 'modifiers': [{'type': 9, 'value': 60}, {'type': 28, 'value': 391}, {'type': 29, 'value': 36}, {'type': 30, 'value': 40}]}"
1200525271,LONG,,1,391762100,,"{'id': 142265, 'context': 0, 'modifiers': [{'type': 28, 'value': 347}]}"
1200525284,LONG,,1,5944100,,"{'id': 173198, 'context': 0, 'bonus_lists': [6885], 'modifiers': [{'type': 9, 'value': 60}, {'type': 28, 'value': 391}, {'type': 29, 'value': 40}, {'type': 30, 'value': 36}]}"
1200525297,LONG,,1,5944100,,"{'id': 173198, 'context': 0, 'bonus_lists': [6885], 'modifiers': [{'type': 9, 'value': 60}, {'type': 28, 'value': 391}, {'type': 29, 'value': 36}, {'type': 30, 'value': 40}]}"
1200525304,VERY_LONG,298000,10,,,{'id': 23424}
1200525319,LONG,,1,3512300,,"{'id': 9781, 'context': 0, 'bonus_lists': [6654, 1707], 'modifiers': [{'type': 9, 'value': 17}, {'type': 28, 'value': 1814}]}"
1200525324,LONG,25800,2,,,{'id': 172092}
1200525338,LONG,,1,1206700,,"{'id': 173201, 'context': 0, 'bonus_lists': [6883, 7180], 'modifiers': [{'type': 9, 'value': 60}, {'type': 29, 'value': 32}, {'type': 30, 'value': 49}]}"
1200525353,LONG,,1,1206700,,"{'id': 173201, 'context': 0, 'bonus_lists': [6883], 'modifiers': [{'type': 29, 'value': 49}, {'type': 30, 'value': 32}]}"
1200525367,LONG,1159800,1,,,{'id': 76089}
1200525370,LONG,,1,2303300,,"{'id': 173194, 'context': 0, 'bonus_lists': [6887], 'modifiers': [{'type': 9, 'value': 60}, {'type': 28, 'value': 391}, {'type': 29, 'value': 36}, {'type': 30, 'value': 32}]}"
1200525375,LONG,,1,2303300,,"{'id': 173194, 'context': 0, 'bonus_lists': [6887], 'modifiers': [{'type': 9, 'value': 60}, {'type': 28, 'value': 391}, {'type': 29, 'value': 32}, {'type': 30, 'value': 36}]}"
1200525381,LONG,,1,4499200,,"{'id': 173216, 'context': 0, 'bonus_lists': [6893], 'modifiers': [{'type': 9, 'value': 60}, {'type': 28, 'value': 391}, {'type': 29, 'value': 32}, {'type': 30, 'value': 36}]}"
1200525384,LONG,,1,4499200,,"{'id': 173216, 'context': 0, 'bonus_lists': [6893], 'modifiers': [{'type': 9, 'value': 60}, {'type': 28, 'value': 391}, {'type': 29, 'value': 36}, {'type': 30, 'value': 32}]}"
1200525406,VERY_LONG,159500,5,,,{'id': 23425}
1200525411,VERY_LONG,42800,8592,,,{'id': 94288}
1200525444,VERY_LONG,,1,465999600,,"{'id': 82800, 'context': 0, 'modifiers': [{'type': 6, 'value': 49259}], 'pet_breed_id': 13, 'pet_level': 25, 'pet_quality_id': 3, 'pet_species_id': 1448}"
1200525463,VERY_LONG,,1,162223300,,"{'id': 82800, 'context': 0, 'modifiers': [{'type': 6, 'value': 58547}], 'pet_breed_id': 18, 'pet_level': 25, 'pet_quality_id': 3, 'pet_species_id': 1450}"
1200525478,VERY_LONG,,1,124990000,,"{'id': 171412, 'context': 63, 'bonus_lists': [6716, 1487]}"
1200525524,VERY_LONG,52500,9,,,{'id': 173110}
1200525534,VERY_LONG,,1,99999700,,"{'id': 82800, 'context': 0, 'modifiers': [{'type': 6, 'value': 58770}], 'pet_breed_id': 14, 'pet_level': 25, 'pet_quality_id': 3, 'pet_species_id': 1467}"
1200525559,VERY_LONG,37600,6,,,{'id': 173109}
1200525569,LONG,,1,650000000,591500000,"{'id': 50380, 'context': 0}"
1200525572,LONG,,1,650000000,591500000,"{'id': 50380, 'context': 0, 'modifiers': [{'type': 28, 'value': 1088}]}"
1200525574,LONG,,1,367731400,334635600,"{'id': 52251, 'context': 11}"
1200525671,VERY_LONG,,1,71619800,,"{'id': 82800, 'context': 0, 'modifiers': [{'type': 6, 'value': 59602}], 'pet_breed_id': 18, 'pet_level': 25, 'pet_quality_id': 3, 'pet_species_id': 1532}"
1200525673,LONG,513500,1,,,{'id': 173204}
1200525699,VERY_LONG,,1,350000000,,"{'id': 82800, 'context': 0, 'modifiers': [{'type': 6, 'value': 59668}], 'pet_breed_id': 8, 'pet_level': 25, 'pet_quality_id': 3, 'pet_species_id': 1533}"
1200525751,VERY_LONG,,1,69992900,,"{'id': 82800, 'context': 0, 'modifiers': [{'type': 6, 'value': 61549}], 'pet_breed_id': 6, 'pet_level': 25, 'pet_quality_id': 3, 'pet_species_id': 1537}"
1200525768,LONG,435700,39,,,{'id': 76130}
1200525813,LONG,209900,3,,,{'id': 7911}
1200525842,VERY_LONG,,1,65824000,,"{'id': 82800, 'context': 0, 'modifiers': [{'type': 6, 'value': 22349}], 'pet_breed_id': 7, 'pet_level': 25, 'pet_quality_id': 3, 'pet_species_id': 153}"
1200525844,LONG,50000,25,,,{'id': 3858}
1200525869,LONG,717700,1,,,{'id': 172231}
1200525885,LONG,134000,13,,,{'id': 2776}
1200525894,VERY_LONG,,1,81000000,,"{'id': 82800, 'context': 0, 'modifiers': [{'type': 6, 'value': 60016}], 'pet_breed_id': 20, 'pet_level': 25, 'pet_quality_id': 3, 'pet_species_id': 1541}"
1200525897,LONG,3097400,1,,,{'id': 94289}
1200525912,LONG,,1,106105300,,"{'id': 115525, 'context': 0, 'modifiers': [{'type': 28, 'value': 755}]}"
1200526024,VERY_LONG,,1,4999992900,,"{'id': 82800, 'context': 0, 'modifiers': [{'type': 6, 'value': 60441}], 'pet_breed_id': 20, 'pet_level': 25, 'pet_quality_id': 3, 'pet_species_id': 1544}"
1200526095,LONG,2504600,3,,,{'id': 177840}
1200527119,VERY_LONG,,1,125000000,,"{'id': 82800, 'context': 0, 'modifiers': [{'type': 6, 'value': 59017}], 'pet_breed_id': 22, 'pet_level': 25, 'pet_quality_id': 3, 'pet_species_id': 1545}"
1200527192,LONG,,1,10005200,,"{'id': 87418, 'context': 22, 'bonus_lists': [6659], 'modifiers': [{'type': 9, 'value': 35}, {'type': 28, 'value': 1131}]}"
1200527199,VERY_LONG,,1,81000000,,"{'id': 82800, 'context': 0, 'modifiers': [{'type': 6, 'value': 58534}], 'pet_breed_id': 17, 'pet_level': 25, 'pet_quality_id': 3, 'pet_species_id': 1569}"
1200527248,VERY_LONG,,1,256000000,,"{'id': 82800, 'context': 0, 'modifiers': [{'type': 6, 'value': 61016}], 'pet_breed_id': 14, 'pet_level': 25, 'pet_quality_id': 3, 'pet_species_id': 1601}"
1200527314,VERY_LONG,,1,60847700,,"{'id': 82800, 'context': 0, 'modifiers': [{'type': 6, 'value': 61887}], 'pet_breed_id': 22, 'pet_level': 25, 'pet_quality_id': 3, 'pet_species_id': 1623}"
1200527362,VERY_LONG,,1,62500000,,"{'id': 82800, 'context': 0, 'modifiers': [{'type': 6, 'value': 61888}], 'pet_breed_id': 4, 'pet_level': 25, 'pet_quality_id': 3, 'pet_species_id': 1624}"
1200527412,LONG,209000,13,,,{'id': 171830}
1200527421,VERY_LONG,5000,7,,,{'id': 171264}
1200527425,VERY_LONG,,1,105000000,,"{'id': 82800, 'context': 0, 'modifiers': [{'type': 6, 'value': 5187}], 'pet_breed_id': 4, 'pet_level': 25, 'pet_quality_id': 3, 'pet_species_id': 2545}"
1200527468,VERY_LONG,,1,33847100,,"{'id': 177794, 'context': 5, 'bonus_lists': [6907, 6652, 7194, 1708], 'modifiers': [{'type': 9, 'value': 60}, {'type': 28, 'value': 752}]}"
1200527473,VERY_LONG,,1,80000000,,"{'id': 82800, 'context': 0, 'modifiers': [{'type': 6, 'value': 81665}], 'pet_breed_id': 11, 'pet_level': 25, 'pet_quality_id': 3, 'pet_species_id': 2546}"
1200527528,VERY_LONG,30000,6,,,{'id': 171263}
1200527554,VERY_LONG,,1,399990000,,"{'id': 82800, 'context': 0, 'modifiers': [{'type': 6, 'value': 81213}], 'pet_breed_id': 11, 'pet_level': 25, 'pet_quality_id': 3, 'pet_species_id': 2578}"
1200527597,VERY_LONG,349500,2,,,{'id': 171832}
1200527599,LONG,12800,3,,,{'id': 177061}
1200527623,VERY_LONG,,1,149994500,,"{'id': 82800, 'context': 0, 'modifiers': [{'type': 6, 'value': 88873}], 'pet_breed_id': 12, 'pet_level': 25, 'pet_quality_id': 3, 'pet_species_id': 2680}"
1200527673,VERY_LONG,,1,876000000,,"{'id': 82800, 'context': 0, 'modifiers': [{'type': 6, 'value': 91024}], 'pet_breed_id': 18, 'pet_level': 25, 'pet_quality_id': 3, 'pet_species_id': 2690}"
1200527694,VERY_LONG,209000,2,,,{'id': 171830}
1200527727,VERY_LONG,77000,12,,,{'id': 171828}
1200527755,VERY_LONG,,1,444440000,,"{'id': 50380, 'context': 0}"
1200527758,VERY_LONG,,1,444440000,,"{'id': 50380, 'context': 0}"
1200527764,VERY_LONG,500,12,,,{'id': 171840}
1200527835,VERY_LONG,256400,714,,,{'id': 52328}
1200527855,VERY_LONG,1494900,1,,,{'id': 171833}
1200527858,VERY_LONG,302200,611,,,{'id': 52325}
1200527863,LONG,,1,10000000,,"{'id': 49994, 'context': 0}"
1200527884,VERY_LONG,1490000,213,,,{'id': 38425}
1200527921,VERY_LONG,123000,2000,,,{'id': 33568}
1200528095,LONG,100003800,13,,,{'id': 168624}
1200529102,LONG,1600000,4,,,{'id': 76061}
1200529123,LONG,,1,8828000,,"{'id': 52364, 'context': 0}"
1200529127,LONG,,1,19999000,,"{'id': 40950, 'context': 0}"
1200529131,LONG,,1,49969400,,"{'id': 55042, 'context': 0}"
1200529133,LONG,,1,4989900,,"{'id': 132539, 'context': 0}"
1200529135,LONG,,1,99999900,,"{'id': 45631, 'context': 0}"
1200529137,LONG,,1,19999800,,"{'id': 40951, 'context': 0}"
1200529138,LONG,,1,50000000,,"{'id': 66966, 'context': 0}"
1200529140,LONG,,1,4989800,,"{'id': 7930, 'context': 0}"
1200529141,LONG,,1,49999900,,"{'id': 98925, 'context': 1}"
1200529143,LONG,,1,99999900,,"{'id': 98860, 'context': 0}"
1200529148,LONG,,1,4440000,,"{'id': 2307, 'context': 0}"
1200529150,LONG,,1,499999900,,"{'id': 21869, 'context': 0}"
1200529152,LONG,,1,239409700,,"{'id': 45557, 'context': 1}"
1200529154,LONG,,1,99999900,,"{'id': 98862, 'context': 0}"
1200529159,LONG,50000000,3,,,{'id': 43987}
1200529166,LONG,1600000,2,,,{'id': 76061}
1200529177,VERY_LONG,,1,59995000,,"{'id': 172318, 'context': 63, 'bonus_lists': [6716, 1487]}"
1200529178,VERY_LONG,,1,59995000,,"{'id': 172318, 'context': 63, 'bonus_lists': [6716, 1487]}"
1200529210,VERY_LONG,290000,1,,,{'id': 171268}
1200529221,VERY_LONG,99900,346,,,{'id': 21887}
1200529252,LONG,8000,21,,,{'id': 138729}
1200529262,VERY_LONG,1009700,43,,,{'id': 23793}
1200529296,VERY_LONG,123000,200,,,{'id': 8170}
1200529346,VERY_LONG,123000,457,,,{'id': 8170}
1200529417,VERY_LONG,245000,744,,,{'id': 123919}
1200529473,LONG,,1,49999900,,"{'id': 93533, 'context': 0}"
1200529476,LONG,,1,49999900,,"{'id': 44442, 'context': 0}"
1200529481,LONG,,1,99999800,,"{'id': 24197, 'context': 1}"
1200529484,LONG,,1,49999900,,"{'id': 41238, 'context': 0}"
1200529487,LONG,323400,1,,,{'id': 38844}
1200529491,LONG,20000000,2,,,{'id': 44497}
1200529494,LONG,,1,248893900,,"{'id': 43458, 'context': 0}"
1200529499,LONG,20000000,1,,,{'id': 52777}
1200529503,LONG,,1,49999900,,"{'id': 3485, 'context': 0}"
1200529505,LONG,,1,2989900,,"{'id': 132492, 'context': 0}"
1200529509,LONG,20000000,1,,,{'id': 38972}
1200529512,LONG,179700,200,,,{'id': 124442}
1200529515,LONG,,1,20000000,,"{'id': 7086, 'context': 1}"
1200529519,LONG,,1,99999900,,"{'id': 40672, 'context': 1}"
1200529521,LONG,,1,19999900,,"{'id': 25673, 'context': 0}"
1200529522,VERY_LONG,,1,1340000000,,"{'id': 183013, 'context': 3, 'bonus_lists': [7189, 6652, 1472, 6646], 'modifiers': [{'type': 28, 'value': 751}]}"
1200529524,LONG,,1,2239900,,"{'id': 132532, 'context': 0}"
1200529525,LONG,,1,50000000,,"{'id': 3843, 'context': 0}"
1200529528,LONG,,1,100000000,,"{'id': 126995, 'context': 13, 'bonus_lists': [669, 601, 689, 1698, 3408]}"
1200529530,LONG,,1,8889800,,"{'id': 82800, 'context': 0, 'modifiers': [{'type': 6, 'value': 65130}], 'pet_breed_id': 21, 'pet_level': 1, 'pet_quality_id': 2, 'pet_species_id': 1727}"
1200529532,LONG,,1,970000,,"{'id': 82900, 'context': 0}"
1200529534,LONG,,1,49997400,,"{'id': 75070, 'context': 0}"
1200529537,LONG,,1,100000000,,"{'id': 37756, 'context': 0}"
1200529539,LONG,,1,19999400,,"{'id': 54852, 'context': 0}"
1200529540,LONG,,1,99999900,,"{'id': 98857, 'context': 0}"
1200529541,LONG,,1,50000000,,"{'id': 14374, 'context': 30, 'bonus_lists': [3833], 'modifiers': [{'type': 9, 'value': 13}]}"
1200529542,LONG,,1,49999900,,"{'id': 82949, 'context': 0}"
1200529543,LONG,,1,3989900,,"{'id': 7282, 'context': 0}"
1200529546,LONG,,1,50000000,,"{'id': 86847, 'context': 0}"
1200529548,VERY_LONG,,1,55558400,,"{'id': 82800, 'context': 0, 'modifiers': [{'type': 6, 'value': 46809}], 'pet_breed_id': 8, 'pet_level': 1, 'pet_quality_id': 3, 'pet_species_id': 1124}"
1200529549,LONG,,1,50000000,,"{'id': 86847, 'context': 0}"
1200529552,LONG,,1,50000000,,"{'id': 86847, 'context': 0}"
1200529556,LONG,19996700,1,,,{'id': 38829}
1200529561,LONG,,1,49999900,,"{'id': 93532, 'context': 0}"
1200529564,LONG,,1,99999900,,"{'id': 55040, 'context': 0}"
1200529567,LONG,,1,50000000,,"{'id': 94042, 'context': 0, 'bonus_lists': [1692]}"
1200529571,LONG,,1,19999900,,"{'id': 38441, 'context': 0}"
1200529574,LONG,,1,49999900,,"{'id': 98756, 'context': 0}"
1200529576,LONG,,1,80000000,,"{'id': 182746, 'context': 0, 'modifiers': [{'type': 28, 'value': 1427}]}"
1200529580,LONG,,1,49999900,,"{'id': 93530, 'context': 0}"
1200529584,LONG,,1,49999900,,"{'id': 93433, 'context': 0}"
1200529587,LONG,,1,99999700,,"{'id': 37810, 'context': 0}"
1200529592,LONG,,1,49980000,,"{'id': 67124, 'context': 0}"
1200529599,LONG,,1,250000000,,"{'id': 16052, 'context': 1}"
1200529600,LONG,17400,2,,,{'id': 152513}
1200529603,LONG,,1,50000000,,"{'id': 94086, 'context': 0, 'bonus_lists': [1708]}"
1200529605,LONG,,1,99997800,,"{'id': 43969, 'context': 0}"
1200529607,LONG,,1,49999900,,"{'id': 93535, 'context': 0}"
1200529609,LONG,,1,499999400,,"{'id': 32390, 'context': 0}"
1200529611,LONG,,1,99999900,,"{'id': 24298, 'context': 1}"
1200529612,LONG,,1,99999000,,"{'id': 94277, 'context': 0}"
1200529614,LONG,,1,99999400,,"{'id': 10019, 'context': 0}"
1200529617,LONG,,1,219997700,,"{'id': 42096, 'context': 0}"
1200529618,VERY_LONG,,1,59500000,,"{'id': 82800, 'context': 0, 'modifiers': [{'type': 6, 'value': 46900}], 'pet_breed_id': 4, 'pet_level': 25, 'pet_quality_id': 3, 'pet_species_id': 1147}"
1200529620,LONG,,1,19999900,,"{'id': 43131, 'context': 0}"
1200529624,LONG,,1,3000000,,"{'id': 52371, 'context': 0}"
1200529626,LONG,,1,49999900,,"{'id': 21859, 'context': 0}"
1200529628,LONG,18997700,1,,,{'id': 38964}
1200529629,LONG,,1,49999400,,"{'id': 75072, 'context': 0}"
1200529632,LONG,,1,99999900,,"{'id': 98859, 'context': 0}"
1200529633,LONG,,1,499999400,,"{'id': 32391, 'context': 0}"
1200529635,LONG,,1,12504400,,"{'id': 52370, 'context': 0}"
1200529636,LONG,,1,12504400,,"{'id': 52370, 'context': 0}"
1200529639,LONG,,1,99999900,,"{'id': 98851, 'context': 0}"
1200529643,LONG,100000000,1,,,{'id': 38922}
1200529645,LONG,,1,249999900,,"{'id': 12774, 'context': 0}"
1200529649,LONG,,1,249999900,,"{'id': 12774, 'context': 0}"
1200529653,VERY_LONG,,1,52000000,,"{'id': 82800, 'context': 0, 'modifiers': [{'type': 6, 'value': 46905}], 'pet_breed_id': 4, 'pet_level': 25, 'pet_quality_id': 3, 'pet_species_id': 1153}"
1200529654,LONG,,1,99990000,,"{'id': 43586, 'context': 1}"
1200529658,LONG,,1,79999900,,"{'id': 41344, 'context': 1}"
1200529660,LONG,,1,6660000,,"{'id': 15088, 'context': 0}"
1200529661,LONG,1250000,1,,,{'id': 128559}
1200529663,LONG,,1,249999900,,"{'id': 94279, 'context': 0}"
1200529665,LONG,,1,19999900,,"{'id': 38417, 'context': 0}"
1200529668,LONG,,1,25999900,,"{'id': 38416, 'context': 0}"
1200529669,VERY_LONG,1749900,140,,,{'id': 171428}
1200529670,LONG,,1,375000000,,"{'id': 118850, 'context': 0}"
1200529676,LONG,,1,100000000,,"{'id': 41786, 'context': 0}"
1200529678,LONG,,1,49999600,,"{'id': 38406, 'context': 0}"
1200529684,LONG,,1,49999900,,"{'id': 93607, 'context': 0}"
1200529685,LONG,,1,99999900,,"{'id': 38440, 'context': 0}"
1200529689,LONG,,1,49999900,,"{'id': 82950, 'context': 0}"
1200529693,LONG,,1,99999900,,"{'id': 40671, 'context': 1}"
1200529696,LONG,,1,99999900,,"{'id': 82958, 'context': 0}"
1200529700,LONG,,1,49999900,,"{'id': 82427, 'context': 0}"
1200529702,LONG,,1,499999800,,"{'id': 87466, 'context': 0}"
1200529705,LONG,,1,250000000,,"{'id': 4253, 'context': 0}"
1200529708,VERY_LONG,,1,147999900,,"{'id': 82800, 'context': 0, 'modifiers': [{'type': 6, 'value': 28501}], 'pet_breed_id': 9, 'pet_level': 25, 'pet_quality_id': 3, 'pet_species_id': 165}"
1200529711,LONG,,1,249999400,,"{'id': 82438, 'context': 0}"
1200529715,LONG,,1,249999400,,"{'id': 82438, 'context': 0}"
1200529718,LONG,,1,49999400,,"{'id': 23505, 'context': 0}"
1200529722,LONG,,1,49999900,,"{'id': 98850, 'context': 0}"
1200529725,LONG,585900,1,,,{'id': 38953}
1200529728,LONG,,1,499999900,,"{'id': 94581, 'context': 0}"
1200529733,LONG,,1,50000000,,"{'id': 1263, 'context': 0}"
1200529736,LONG,,1,40000000,,"{'id': 98826, 'context': 1}"
1200529737,LONG,,1,40379800,,"{'id': 15487, 'context': 0, 'bonus_lists': [1705]}"
1200529739,LONG,,1,50000000,,"{'id': 31150, 'context': 1}"
1200529742,LONG,,1,49999400,,"{'id': 93435, 'context': 0}"
1200529747,LONG,,1,249999900,,"{'id': 41350, 'context': 1}"
1200529750,LONG,,1,49999900,,"{'id': 55029, 'context': 0}"
1200529753,LONG,,1,499999900,,"{'id': 94588, 'context': 0}"
1200529754,LONG,,1,99997400,,"{'id': 41985, 'context': 0}"
1200529756,LONG,,1,99999900,,"{'id': 82955, 'context': 0}"
1200529759,LONG,,1,999000,,"{'id': 44443, 'context': 0}"
1200529762,LONG,,1,249999900,,"{'id': 75103, 'context': 0}"
1200529764,LONG,,1,50000000,,"{'id': 8245, 'context': 0}"
1200529766,LONG,,1,49999900,,"{'id': 39087, 'context': 1}"
1200529769,LONG,202600,1,,,{'id': 38810}
1200529772,LONG,,1,249999900,,"{'id': 56549, 'context': 0}"
1200529776,LONG,,1,249999900,,"{'id': 56564, 'context': 2}"
1200529779,LONG,,1,19999900,,"{'id': 3488, 'context': 0}"
1200529781,LONG,,1,100000000,,"{'id': 41116, 'context': 1}"
1200529784,LONG,,1,100000000,,"{'id': 37817, 'context': 0}"
1200529808,VERY_LONG,,1,199999100,,"{'id': 82800, 'context': 0, 'modifiers': [{'type': 6, 'value': 58760}], 'pet_breed_id': 16, 'pet_level': 25, 'pet_quality_id': 3, 'pet_species_id': 1663}"
1200529884,VERY_LONG,,1,399990000,,"{'id': 82800, 'context': 0, 'modifiers': [{'type': 6, 'value': 63584}], 'pet_breed_id': 3, 'pet_level': 25, 'pet_quality_id': 3, 'pet_species_id': 1664}"
1200529915,VERY_LONG,,1,125000000,,"{'id': 82800, 'context': 0, 'modifiers': [{'type': 6, 'value': 63691}], 'pet_breed_id': 9, 'pet_level': 1, 'pet_quality_id': 3, 'pet_species_id': 1665}"
1200529960,VERY_LONG,,1,143695100,,"{'id': 82800, 'context': 0, 'modifiers': [{'type': 6, 'value': 64097}], 'pet_breed_id': 6, 'pet_level': 25, 'pet_quality_id': 3, 'pet_species_id': 1672}"
1200529980,VERY_LONG,,1,66567500,,"{'id': 82800, 'context': 0, 'modifiers': [{'type': 6, 'value': 69490}], 'pet_breed_id': 12, 'pet_level': 1, 'pet_quality_id': 3, 'pet_species_id': 1699}"
1200530032,VERY_LONG,,1,77774100,,"{'id': 82800, 'context': 0, 'modifiers': [{'type': 6, 'value': 65113}], 'pet_breed_id': 20, 'pet_level': 25, 'pet_quality_id': 3, 'pet_species_id': 1717}"
1200530054,VERY_LONG,465400,3,,,{'id': 173036}
1200530071,VERY_LONG,,1,96123000,,"{'id': 82800, 'context': 0, 'modifiers': [{'type': 6, 'value': 65128}], 'pet_breed_id': 4, 'pet_level': 25, 'pet_quality_id': 3, 'pet_species_id': 1725}"
1200530087,VERY_LONG,4907000,3,,,{'id': 177962}
1200530096,VERY_LONG,,1,1156000000,,"{'id': 82800, 'context': 0, 'modifiers': [{'type': 6, 'value': 8409}], 'pet_breed_id': 10, 'pet_level': 25, 'pet_quality_id': 3, 'pet_species_id': 172}"
1200531127,VERY_LONG,1470000,1,,,{'id': 177659}
1200531177,VERY_LONG,7800000,4,,,{'id': 181468}
1200531184,VERY_LONG,,1,129996900,,"{'id': 82800, 'context': 0, 'modifiers': [{'type': 6, 'value': 23506}], 'pet_breed_id': 3, 'pet_level': 25, 'pet_quality_id': 3, 'pet_species_id': 174}"
1200531217,VERY_LONG,,1,346000000,,"{'id': 82800, 'context': 0, 'modifiers': [{'type': 6, 'value': 66147}], 'pet_breed_id': 19, 'pet_level': 25, 'pet_quality_id': 3, 'pet_species_id': 1803}"
1200531241,VERY_LONG,,1,246000000,,"{'id': 82800, 'context': 0, 'modifiers': [{'type': 6, 'value': 70937}], 'pet_breed_id': 3, 'pet_level': 25, 'pet_quality_id': 3, 'pet_species_id': 1911}"
1200531284,VERY_LONG,25800,7,,,{'id': 172092}
1200531303,VERY_LONG,,1,63172100,,"{'id': 82800, 'context': 0, 'modifiers': [{'type': 6, 'value': 73671}], 'pet_breed_id': 4, 'pet_level': 25, 'pet_quality_id': 3, 'pet_species_id': 1955}"
1200531346,VERY_LONG,717700,4,,,{'id': 172231}
1200531397,VERY_LONG,,1,333330000,,"{'id': 82800, 'context': 0, 'modifiers': [{'type': 6, 'value': 74514}], 'pet_breed_id': 6, 'pet_level': 25, 'pet_quality_id': 3, 'pet_species_id': 2002}"
1200531455,VERY_LONG,,1,99994100,,"{'id': 82800, 'context': 0, 'modifiers': [{'type': 6, 'value': 6302}], 'pet_breed_id': 15, 'pet_level': 25, 'pet_quality_id': 3, 'pet_species_id': 200}"
1200531497,LONG,1600000,1,,,{'id': 76061}
1200531529,VERY_LONG,,1,129992100,,"{'id': 82800, 'context': 0, 'modifiers': [{'type': 6, 'value': 1418}], 'pet_breed_id': 5, 'pet_level': 25, 'pet_quality_id': 3, 'pet_species_id': 2065}"
1200531591,VERY_LONG,,1,290000000,,"{'id': 82800, 'context': 0, 'modifiers': [{'type': 6, 'value': 78989}], 'pet_breed_id': 8, 'pet_level': 25, 'pet_quality_id': 3, 'pet_species_id': 2077}"
1200531624,LONG,465400,2,,,{'id': 173036}
1200531661,VERY_LONG,,1,149990000,,"{'id': 82800, 'context': 0, 'pet_breed_id': 6, 'pet_level': 25, 'pet_quality_id': 3, 'pet_species_id': 2078}"
1200531706,VERY_LONG,,1,105999600,,"{'id': 82800, 'context': 0, 'modifiers': [{'type': 6, 'value': 90515}], 'pet_breed_id': 22, 'pet_level': 25, 'pet_quality_id': 3, 'pet_species_id': 2698}"
1200531707,LONG,717700,12,,,{'id': 172231}
1200531768,VERY_LONG,,1,750009900,,"{'id': 184804, 'context': 0, 'bonus_lists': [6652, 1472, 6646], 'modifiers': [{'type': 28, 'value': 1707}]}"
1200531770,VERY_LONG,,1,129990000,,"{'id': 82800, 'context': 0, 'modifiers': [{'type': 6, 'value': 50613}], 'pet_breed_id': 8, 'pet_level': 25, 'pet_quality_id': 3, 'pet_species_id': 2702}"
1200531783,VERY_LONG,,1,466000000,,"{'id': 82800, 'context': 0, 'modifiers': [{'type': 6, 'value': 92159}], 'pet_breed_id': 22, 'pet_level': 25, 'pet_quality_id': 3, 'pet_species_id': 2704}"
1200532105,VERY_LONG,,1,296000000,,"{'id': 82800, 'context': 0, 'modifiers': [{'type': 6, 'value': 90991}], 'pet_breed_id': 16, 'pet_level': 25, 'pet_quality_id': 3, 'pet_species_id': 2706}"
1200532131,LONG,500,7,,,{'id': 171840}
1200532165,VERY_LONG,,1,444440000,,"{'id': 82800, 'context': 0, 'modifiers': [{'type': 6, 'value': 90993}], 'pet_breed_id': 17, 'pet_level': 25, 'pet_quality_id': 3, 'pet_species_id': 2707}"
1200532180,LONG,,1,8828000,,"{'id': 52364, 'context': 1}"
1200532182,LONG,,1,41000000,,"{'id': 41607, 'context': 0}"
1200532184,LONG,,1,50000000,,"{'id': 87419, 'context': 0}"
1200532187,LONG,,1,50000000,,"{'id': 87419, 'context': 0}"
1200532191,LONG,20000000,2,,,{'id': 52767}
1200532192,LONG,,1,20000000,,"{'id': 31142, 'context': 27, 'bonus_lists': [3929], 'modifiers': [{'type': 9, 'value': 25}]}"
1200532194,LONG,,1,100000000,,"{'id': 98816, 'context': 0}"
1200532196,LONG,,1,50000000,,"{'id': 114812, 'context': 13, 'bonus_lists': [121, 525, 537]}"
1200532198,LONG,,1,50000000,,"{'id': 14566, 'context': 28, 'bonus_lists': [3831], 'modifiers': [{'type': 9, 'value': 11}]}"
1200532201,LONG,,1,20000000,,"{'id': 52366, 'context': 0}"
1200532202,LONG,,1,20000000,,"{'id': 52366, 'context': 0}"
1200532205,LONG,,1,20000000,,"{'id': 23502, 'context': 0}"
1200532209,LONG,,1,100000000,,"{'id': 14288, 'context': 37, 'bonus_lists': [1705]}"
1200532212,LONG,,1,49989900,,"{'id': 24199, 'context': 1}"
1200532215,LONG,,1,500000000,,"{'id': 20551, 'context': 1}"
1200532219,LONG,20000000,2,,,{'id': 44466}
1200532223,LONG,,1,50000000,,"{'id': 127031, 'context': 13, 'bonus_lists': [3352, 3392, 3408]}"
1200532228,LONG,20000000,2,,,{'id': 38769}
1200532231,LONG,,1,30400000,,"{'id': 8312, 'context': 1}"
1200532235,LONG,,1,20000000,,"{'id': 15940, 'context': 0, 'bonus_lists': [1679]}"
1200532240,LONG,,1,100000000,,"{'id': 94033, 'context': 0, 'bonus_lists': [1695]}"
1200532246,LONG,,1,50000000,,"{'id': 94033, 'context': 0, 'bonus_lists': [1702]}"
1200532248,VERY_LONG,,1,333330000,,"{'id': 82800, 'context': 0, 'modifiers': [{'type': 6, 'value': 88764}], 'pet_breed_id': 18, 'pet_level': 25, 'pet_quality_id': 3, 'pet_species_id': 2711}"
1200532254,LONG,,1,250000000,,"{'id': 18743, 'context': 1, 'bonus_lists': [4052], 'modifiers': [{'type': 9, 'value': 25}]}"
1200532258,LONG,,1,50000000,,"{'id': 37759, 'context': 0}"
1200532261,LONG,,1,250000000,,"{'id': 114819, 'context': 13, 'bonus_lists': [93, 525, 538]}"
1200532267,LONG,,1,1000000,,"{'id': 31306, 'context': 0}"
1200532270,LONG,,1,50000000,,"{'id': 14143, 'context': 0}"
1200532274,LONG,,1,100000000,,"{'id': 8346, 'context': 0}"
1200532278,LONG,,1,100000000,,"{'id': 3481, 'context': 0}"
1200532282,LONG,,1,50000000,,"{'id': 15663, 'context': 0, 'bonus_lists': [1678]}"
1200532287,LONG,,1,50000000,,"{'id': 8201, 'context': 0}"
1200532291,LONG,,1,20000000,,"{'id': 31149, 'context': 30, 'bonus_lists': [3911], 'modifiers': [{'type': 9, 'value': 45}]}"
1200532295,LONG,,1,20000000,,"{'id': 31149, 'context': 0}"
1200532298,LONG,,1,250000000,,"{'id': 87561, 'context': 0}"
1200532302,LONG,,1,50000000,,"{'id': 87443, 'context': 22, 'modifiers': [{'type': 9, 'value': 45}]}"
1200532305,LONG,,1,50000000,,"{'id': 9882, 'context': 36, 'bonus_lists': [3863, 1695], 'modifiers': [{'type': 9, 'value': 14}]}"
1200532308,LONG,,1,50000000,,"{'id': 3474, 'context': 0}"
1200532310,LONG,25800,1,,,{'id': 172092}
1200532311,VERY_LONG,,1,150000000,,"{'id': 82800, 'context': 0, 'modifiers': [{'type': 6, 'value': 88761}], 'pet_breed_id': 5, 'pet_level': 25, 'pet_quality_id': 3, 'pet_species_id': 2712}"
1200532313,LONG,,1,5550000,,"{'id': 15091, 'context': 0}"
1200532316,LONG,20000000,1,,,{'id': 38836}
1200532321,LONG,100000000,5,,,{'id': 62323}
1200532325,LONG,,1,9990000,,"{'id': 15053, 'context': 0}"
1200532329,LONG,,1,9990000,,"{'id': 15053, 'context': 0}"
1200532331,LONG,,1,50000000,,"{'id': 67119, 'context': 0}"
1200532333,LONG,,1,20000000,,"{'id': 7357, 'context': 0, 'bonus_lists': [1692]}"
1200532339,LONG,,1,50000000,,"{'id': 31285, 'context': 29, 'bonus_lists': [3910], 'modifiers': [{'type': 9, 'value': 45}]}"
1200532344,VERY_LONG,,1,216000000,,"{'id': 82800, 'context': 0, 'modifiers': [{'type': 6, 'value': 92073}], 'pet_breed_id': 7, 'pet_level': 25, 'pet_quality_id': 3, 'pet_species_id': 2755}"
1200532345,LONG,,1,100000000,,"{'id': 55039, 'context': 0}"
1200532349,LONG,19688000,2,,,{'id': 39003}
1200532352,LONG,192100,2,,,{'id': 159468}
1200532356,LONG,,1,1489900,,"{'id': 132497, 'context': 0}"
1200532362,LONG,,1,50000000,,"{'id': 8409, 'context': 14}"
1200532364,LONG,,1,50000000,,"{'id': 98795, 'context': 0}"
1200532371,LONG,,1,13000000,,"{'id': 38403, 'context': 0}"
1200532375,LONG,20000000,1,,,{'id': 38776}
1200532380,LONG,,1,250000000,,"{'id': 12783, 'context': 0}"
1200532384,LONG,,1,50000000,,"{'id': 132537, 'context': 0}"
1200532388,LONG,,1,50000000,,"{'id': 141572, 'context': 25, 'bonus_lists': [3398], 'modifiers': [{'type': 9, 'value': 40}]}"
1200532392,LONG,,1,5559700,,"{'id': 5780, 'context': 0}"
1200532396,LONG,,1,45854100,,"{'id': 17721, 'context': 0}"
1200532400,LONG,,1,44999900,,"{'id': 78340, 'context': 11}"
1200532404,LONG,20000000,1,,,{'id': 38819}
1200532410,LONG,,1,20000000,,"{'id': 16224, 'context': 14}"
1200532413,LONG,,1,20000000,,"{'id': 16224, 'context': 14}"
1200532419,LONG,1000000,1,,,{'id': 38781}
1200532423,LONG,,1,50000000,,"{'id': 7922, 'context': 1}"
1200532427,LONG,110000,2,,,{'id': 38766}
1200532431,LONG,20000000,1,,,{'id': 38910}
1200532436,LONG,,1,20000000,,"{'id': 40943, 'context': 1}"
1200532441,LONG,,1,42000000,,"{'id': 59468, 'context': 0}"
1200532444,LONG,3355200,1,,,{'id': 38779}
1200532447,LONG,,1,100000000,,"{'id': 126997, 'context': 13, 'bonus_lists': [669, 601, 689, 1687, 3408]}"
1200532450,LONG,,1,36307800,,"{'id': 52388, 'context': 0}"
1200532455,VERY_LONG,,1,129994200,,"{'id': 82800, 'context': 0, 'modifiers': [{'type': 6, 'value': 91232}], 'pet_breed_id': 15, 'pet_level': 25, 'pet_quality_id': 3, 'pet_species_id': 2760}"
1200532456,LONG,,1,2550000,,"{'id': 15086, 'context': 0}"
1200532461,LONG,,1,899000,,"{'id': 44436, 'context': 0}"
1200532464,LONG,,1,100000000,,"{'id': 127034, 'context': 13, 'bonus_lists': [669, 600, 689, 3344, 3408]}"
1200532467,LONG,,1,100000000,,"{'id': 127034, 'context': 13, 'bonus_lists': [669, 601, 689, 3348, 3408]}"
1200532471,LONG,9550000,3,,,{'id': 83007}
1200532474,LONG,,1,250000000,,"{'id': 42725, 'context': 1}"
1200532476,LONG,,1,250000000,,"{'id': 45563, 'context': 0}"
1200532479,LONG,,1,241920300,,"{'id': 82800, 'context': 0, 'modifiers': [{'type': 6, 'value': 78989}], 'pet_breed_id': 8, 'pet_level': 1, 'pet_quality_id': 2, 'pet_species_id': 2077}"
1200532484,LONG,50000000,2,,,{'id': 38874}
1200532489,LONG,,1,100000000,,"{'id': 1958, 'context': 0, 'bonus_lists': [3716], 'modifiers': [{'type': 9, 'value': 8}]}"
1200532495,LONG,,1,5550000,,"{'id': 132499, 'context': 0}"
1200532500,LONG,,1,20000000,,"{'id': 6431, 'context': 0}"
1200532501,VERY_LONG,,1,3999990000,,"{'id': 82800, 'context': 0, 'modifiers': [{'type': 6, 'value': 86531}], 'pet_breed_id': 10, 'pet_level': 25, 'pet_quality_id': 3, 'pet_species_id': 2792}"
1200532505,LONG,,1,17500000,,"{'id': 38409, 'context': 0}"
1200532509,LONG,20000000,1,,,{'id': 38832}
1200532512,LONG,,1,2489900,,"{'id': 132498, 'context': 0}"
1200532516,LONG,50000000,1,,,{'id': 38902}
1200532519,LONG,,1,8880000,,"{'id': 8200, 'context': 0}"
1200532521,LONG,,1,99980000,,"{'id': 10608, 'context': 0}"
1200532523,LONG,,1,250000000,,"{'id': 15069, 'context': 0}"
1200532528,LONG,,1,40942200,,"{'id': 8139, 'context': 1}"
1200532532,LONG,480200,1,,,{'id': 52758}
1200532535,LONG,,1,99999900,,"{'id': 114813, 'context': 13, 'bonus_lists': [232, 525, 537]}"
1200532540,LONG,,1,2489900,,"{'id': 132522, 'context': 0}"
1200532544,LONG,20000000,3,,,{'id': 52776}
1200532550,LONG,100000000,1,,,{'id': 38948}
1200532552,LONG,,1,50000000,,"{'id': 6388, 'context': 1}"
1200532555,LONG,,1,50000000,,"{'id': 10409, 'context': 54, 'bonus_lists': [4279, 1694], 'modifiers': [{'type': 9, 'value': 45}]}"
1200532557,LONG,,1,36000000,,"{'id': 10644, 'context': 0}"
1200532560,LONG,,1,50000000,,"{'id': 31237, 'context': 36, 'bonus_lists': [3911], 'modifiers': [{'type': 9, 'value': 45}]}"
1200532564,VERY_LONG,,1,129999400,,"{'id': 82800, 'context': 0, 'modifiers': [{'type': 6, 'value': 36637}], 'pet_breed_id': 8, 'pet_level': 25, 'pet_quality_id': 3, 'pet_species_id': 279}"
1200532566,LONG,,1,50000000,,"{'id': 8348, 'context': 0}"
1200532569,LONG,,1,49980000,,"{'id': 90588, 'context': 0}"
1200532571,LONG,20000000,1,,,{'id': 45628}
1200532573,LONG,,1,50000000,,"{'id': 86847, 'context': 0}"
1200532575,LONG,80100,2,,,{'id': 17202}
1200532576,LONG,50000000,2,,,{'id': 38869}
1200532578,LONG,1328100,1,,,{'id': 52746}
1200532582,LONG,,1,999000,,"{'id': 44437, 'context': 0}"
1200532584,LONG,,1,7771500,,"{'id': 15093, 'context': 0}"
1200532586,LONG,,1,50000000,,"{'id': 31256, 'context': 0, 'bonus_lists': [1708]}"
1200532590,LONG,,1,100000000,,"{'id': 37756, 'context': 0}"
1200532594,LONG,,1,19999400,,"{'id': 41608, 'context': 1}"
1200532596,LONG,,1,4449800,,"{'id': 2315, 'context': 0}"
1200532598,LONG,,1,50000000,,"{'id': 67061, 'context': 0}"
1200532605,LONG,,1,1100000000,,"{'id': 172320, 'context': 66, 'bonus_lists': [6758, 7194, 1532]}"
1200532609,LONG,,1,300000000,,"{'id': 172320, 'context': 65, 'bonus_lists': [6718, 7194, 1522]}"
1200532615,LONG,,1,1240000000,,"{'id': 172319, 'context': 66, 'bonus_lists': [6758, 1532]}"
1200532626,LONG,,1,150001600,,"{'id': 172324, 'context': 64, 'bonus_lists': [6717, 1507]}"
1200532628,LONG,,1,150001600,,"{'id': 172324, 'context': 64, 'bonus_lists': [6717, 1507]}"
1200532631,LONG,,1,150001600,,"{'id': 172324, 'context': 64, 'bonus_lists': [6717, 1507]}"
1200532637,LONG,,1,350001600,,"{'id': 172324, 'context': 65, 'bonus_lists': [6718, 1522]}"
1200532639,LONG,,1,80001600,,"{'id': 172324, 'context': 63, 'bonus_lists': [6716, 1487]}"
1200532641,LONG,,1,80001600,,"{'id': 172324, 'context': 63, 'bonus_lists': [6716, 1487]}"
1200532643,LONG,,1,80001600,,"{'id': 172324, 'context': 63, 'bonus_lists': [6716, 1487]}"
1200532645,LONG,,1,1009980000,,"{'id': 172324, 'context': 66, 'bonus_lists': [6758, 1532]}"
1200532721,VERY_LONG,,1,999990000,,"{'id': 82800, 'context': 0, 'modifiers': [{'type': 6, 'value': 99878}], 'pet_breed_id': 20, 'pet_level': 25, 'pet_quality_id': 3, 'pet_species_id': 2938}"
1200532749,LONG,189900,7,,,{'id': 138727}
1200532764,VERY_LONG,,1,129990000,,"{'id': 82800, 'context': 0, 'modifiers': [{'type': 6, 'value': 45878}], 'pet_breed_id': 9, 'pet_level': 25, 'pet_quality_id': 3, 'pet_species_id': 293}"
1200532799,VERY_LONG,,1,81000000,,"{'id': 82800, 'context': 0, 'modifiers': [{'type': 6, 'value': 38232}], 'pet_breed_id': 8, 'pet_level': 25, 'pet_quality_id': 3, 'pet_species_id': 310}"
1200532847,VERY_LONG,,1,3000000000,,"{'id': 82800, 'context': 0, 'modifiers': [{'type': 6, 'value': 38919}], 'pet_breed_id': 11, 'pet_level': 25, 'pet_quality_id': 3, 'pet_species_id': 333}"
1200532905,LONG,1001800,40,,,{'id': 156525}
1200532984,LONG,37600,8,,,{'id': 173109}
1200533053,LONG,52500,38,,,{'id': 173110}
1200533078,VERY_LONG,,1,169900000,,"{'id': 82800, 'context': 0, 'modifiers': [{'type': 6, 'value': 17192}], 'pet_breed_id': 12, 'pet_level': 25, 'pet_quality_id': 3, 'pet_species_id': 339}"
1200534112,LONG,3426800,16,,,{'id': 171352}
1200534145,VERY_LONG,49800,20,,,{'id': 2318}
1200534166,VERY_LONG,39900,1,,,{'id': 783}
1200534173,LONG,450100,9,,,{'id': 172096}
1200534197,VERY_LONG,,1,349990000,,"{'id': 82800, 'context': 0, 'modifiers': [{'type': 6, 'value': 39163}], 'pet_breed_id': 3, 'pet_level': 25, 'pet_quality_id': 3, 'pet_species_id': 341}"
1200534198,LONG,3189600,10,,,{'id': 171349}
1200534266,VERY_LONG,,1,199990000,,"{'id': 82800, 'context': 0, 'modifiers': [{'type': 6, 'value': 41833}], 'pet_breed_id': 19, 'pet_level': 25, 'pet_quality_id': 3, 'pet_species_id': 381}"
1200534300,LONG,1120000,3,,,{'id': 176811}
1200534310,VERY_LONG,,1,149992000,,"{'id': 82800, 'context': 0, 'modifiers': [{'type': 6, 'value': 42872}], 'pet_breed_id': 13, 'pet_level': 25, 'pet_quality_id': 3, 'pet_species_id': 630}"
1200534329,LONG,20000,14,,,{'id': 152547}
1200534338,VERY_LONG,,1,555990000,,"{'id': 82800, 'context': 0, 'modifiers': [{'type': 6, 'value': 6294}], 'pet_breed_id': 5, 'pet_level': 25, 'pet_quality_id': 3, 'pet_species_id': 87}"
1200534406,LONG,,1,5003500,,"{'id': 49967, 'context': 0}"
1200534511,LONG,1001800,5,,,{'id': 156525}
1200534595,LONG,20000,33,,,{'id': 168185}
1200534610,VERY_LONG,,1,99900000,,"{'id': 82800, 'context': 0, 'modifiers': [{'type': 6, 'value': 4626}], 'pet_breed_id': 15, 'pet_level': 25, 'pet_quality_id': 3, 'pet_species_id': 137}"
1200534622,VERY_LONG,,1,466000000,,"{'id': 82800, 'context': 0, 'modifiers': [{'type': 6, 'value': 29803}], 'pet_breed_id': 10, 'pet_level': 25, 'pet_quality_id': 3, 'pet_species_id': 234}"
1200534624,LONG,80000,27,,,{'id': 168649}
1200534640,VERY_LONG,,1,151874300,,"{'id': 82800, 'context': 0, 'modifiers': [{'type': 6, 'value': 88468}], 'pet_breed_id': 5, 'pet_level': 25, 'pet_quality_id': 3, 'pet_species_id': 2415}"
1200534662,VERY_LONG,302200,1600,,,{'id': 52325}
1200534683,VERY_LONG,99900,2629,,,{'id': 21887}
1200534697,LONG,13000,84,,,{'id': 168302}
1200534776,VERY_LONG,,1,74880000,,"{'id': 82800, 'context': 0, 'modifiers': [{'type': 6, 'value': 99872}], 'pet_breed_id': 20, 'pet_level': 1, 'pet_quality_id': 2, 'pet_species_id': 3032}"
1200534784,VERY_LONG,,1,296000000,,"{'id': 82800, 'context': 0, 'modifiers': [{'type': 6, 'value': 93747}], 'pet_breed_id': 4, 'pet_level': 1, 'pet_quality_id': 2, 'pet_species_id': 2934}"
1200534795,VERY_LONG,,1,163550000,,"{'id': 82800, 'context': 0, 'modifiers': [{'type': 6, 'value': 99875}], 'pet_breed_id': 18, 'pet_level': 1, 'pet_quality_id': 2, 'pet_species_id': 3037}"
1200534813,VERY_LONG,,1,1205009500,,"{'id': 159840, 'context': 54, 'bonus_lists': [1472, 4786]}"
1200534816,VERY_LONG,,1,1205009500,,"{'id': 159840, 'context': 54, 'bonus_lists': [1472, 4783]}"
1200534843,VERY_LONG,123000,683,,,{'id': 33568}
1200534893,VERY_LONG,190000,1451,,,{'id': 168185}
1200534974,VERY_LONG,,1,1499990000,,"{'id': 184795, 'context': 2, 'bonus_lists': [6652, 1472, 6646], 'modifiers': [{'type': 28, 'value': 748}]}"
1200534995,LONG,,1,10004700,,"{'id': 180143, 'context': 0, 'bonus_lists': [6908, 6652, 1679], 'modifiers': [{'type': 9, 'value': 60}, {'type': 28, 'value': 1229}]}"
1200535048,VERY_LONG,42800,15476,,,{'id': 94288}
1200535052,LONG,,1,95000000,,"{'id': 43257, 'context': 0}"
1200535057,LONG,,1,42549800,,"{'id': 35189, 'context': 0}"
1200535061,LONG,,1,129714700,,"{'id': 116178, 'context': 13, 'bonus_lists': [26, 525, 535]}"
1200535064,LONG,,1,50000000,,"{'id': 38408, 'context': 0}"
1200535065,LONG,,1,50000000,,"{'id': 132534, 'context': 0}"
1200535070,LONG,,1,20000000,,"{'id': 24865, 'context': 0, 'bonus_lists': [1680]}"
1200535073,LONG,,1,100000000,,"{'id': 9834, 'context': 1, 'bonus_lists': [1708]}"
1200535074,LONG,,1,100000000,,"{'id': 41345, 'context': 1}"
1200535077,LONG,,1,50000000,,"{'id': 132536, 'context': 0}"
1200535079,LONG,250000000,1,,,{'id': 38918}
1200535082,LONG,19998800,1,,,{'id': 38827}
1200535083,LONG,,1,50000000,,"{'id': 25162, 'context': 0, 'bonus_lists': [1693]}"
1200535087,LONG,,1,250000000,,"{'id': 4724, 'context': 0}"
1200535089,LONG,,1,1500000,,"{'id': 52386, 'context': 0}"
1200535094,LONG,,1,42000000,,"{'id': 93501, 'context': 0}"
1200535097,LONG,,1,20000000,,"{'id': 116168, 'context': 13, 'bonus_lists': [135]}"
1200535099,LONG,,1,50000000,,"{'id': 8312, 'context': 53, 'bonus_lists': [4277], 'modifiers': [{'type': 9, 'value': 22}]}"
1200537101,LONG,,1,100000000,,"{'id': 7959, 'context': 0}"
1200537102,LONG,,1,50000000,,"{'id': 37759, 'context': 0}"
1200537107,LONG,20000000,1,,,{'id': 38853}
1200537111,LONG,,1,100000000,,"{'id': 116169, 'context': 13, 'bonus_lists': [76]}"
1200537115,LONG,,1,72139700,,"{'id': 37808, 'context': 0}"
1200537120,LONG,20000000,1,,,{'id': 38870}
1200537121,VERY_LONG,14999800,73,,,{'id': 168315}
1200537122,LONG,,1,20000000,,"{'id': 14766, 'context': 53, 'bonus_lists': [4277], 'modifiers': [{'type': 9, 'value': 23}]}"
1200537127,LONG,,1,250000000,,"{'id': 18263, 'context': 0}"
1200537132,LONG,,1,50000000,,"{'id': 114815, 'context': 13, 'bonus_lists': [48, 525, 538]}"
1200537136,LONG,,1,100000000,,"{'id': 14109, 'context': 36, 'bonus_lists': [1708]}"
1200537142,LONG,,1,50000000,,"{'id': 94034, 'context': 0, 'bonus_lists': [1713]}"
1200537146,LONG,,1,20000000,,"{'id': 52374, 'context': 0}"
1200537151,LONG,,1,20000000,,"{'id': 52374, 'context': 0}"
1200537152,LONG,465400,9,,,{'id': 173036}
1200537154,LONG,,1,50000000,,"{'id': 6271, 'context': 1}"
1200537156,LONG,,1,50000000,,"{'id': 15072, 'context': 0}"
1200537157,LONG,,1,50000000,,"{'id': 120261, 'context': 13, 'bonus_lists': [66, 525, 549]}"
1200537160,LONG,,1,20000000,,"{'id': 93420, 'context': 0}"
1200537162,LONG,,1,20000000,,"{'id': 128877, 'context': 13, 'bonus_lists': [1709, 3392, 3408]}"
1200537166,LONG,,1,99997400,,"{'id': 75098, 'context': 0}"
1200537168,LONG,,1,100000000,,"{'id': 10271, 'context': 0, 'bonus_lists': [1679]}"
1200537169,LONG,,1,100000000,,"{'id': 67045, 'context': 1}"
1200537173,LONG,,1,11580000,,"{'id': 8116, 'context': 0}"
1200537176,LONG,,1,91702000,,"{'id': 67043, 'context': 0}"
1200537179,LONG,,1,91702000,,"{'id': 67043, 'context': 0}"
1200537184,LONG,20000000,1,,,{'id': 38871}
1200537189,LONG,,1,32000000,,"{'id': 25674, 'context': 0}"
1200537193,LONG,,1,50000000,,"{'id': 87495, 'context': 36, 'bonus_lists': [4760], 'modifiers': [{'type': 9, 'value': 45}]}"
1200537196,LONG,,1,100000000,,"{'id': 20670, 'context': 0, 'bonus_lists': [1679]}"
1200537199,LONG,,1,100000000,,"{'id': 20670, 'context': 0, 'bonus_lists': [1679]}"
1200537204,LONG,20000000,1,,,{'id': 38906}
1200537206,LONG,20000000,1,,,{'id': 52784}
1200537209,LONG,,1,50000000,,"{'id': 85847, 'context': 0, 'bonus_lists': [1694]}"
1200537214,LONG,,1,50000000,,"{'id': 3837, 'context': 0}"
1200537220,LONG,,1,50000000,,"{'id': 93568, 'context': 0}"
1200537224,LONG,,1,50000000,,"{'id': 14308, 'context': 0, 'bonus_lists': [1707]}"
1200537227,LONG,,1,250000000,,"{'id': 114234, 'context': 13, 'bonus_lists': [92, 525, 533]}"
1200537229,LONG,,1,100000000,,"{'id': 114817, 'context': 13, 'bonus_lists': [139, 525, 537]}"
1200537233,LONG,,1,90000000,,"{'id': 40673, 'context': 1}"
1200537235,VERY_LONG,,1,199999100,,"{'id': 82800, 'context': 0, 'modifiers': [{'type': 6, 'value': 46163}], 'pet_breed_id': 5, 'pet_level': 25, 'pet_quality_id': 3, 'pet_species_id': 1061}"
1200537236,LONG,,1,50000000,,"{'id': 7047, 'context': 0}"
1200537240,LONG,,1,250000000,,"{'id': 43457, 'context': 0}"
1200537245,LONG,,1,50000000,,"{'id': 94066, 'context': 0, 'bonus_lists': [1684]}"
1200537248,LONG,,1,50000000,,"{'id': 21866, 'context': 0}"
1200537250,LONG,,1,250000000,,"{'id': 16055, 'context': 0}"
1200537253,LONG,,1,50000000,,"{'id': 9832, 'context': 1, 'bonus_lists': [1678]}"
1200537255,LONG,20000000,1,,,{'id': 38930}
1200537259,LONG,,1,100000000,,"{'id': 3849, 'context': 0}"
1200537262,LONG,,1,250000000,,"{'id': 41348, 'context': 1}"
1200537264,LONG,,1,100000000,,"{'id': 14483, 'context': 14}"
1200537269,LONG,,1,100000000,,"{'id': 127019, 'context': 13, 'bonus_lists': [669, 600, 689, 3358, 3408]}"
1200537270,LONG,,1,20000000,,"{'id': 16224, 'context': 14}"
1200537272,LONG,,1,20000000,,"{'id': 16224, 'context': 14}"
1200537276,LONG,,1,20000000,,"{'id': 16224, 'context': 14}"
1200537278,LONG,,1,100000000,,"{'id': 5422, 'context': 0}"
1200537279,LONG,,1,50000000,,"{'id': 113134, 'context': 13, 'bonus_lists': [199, 525, 529]}"
1200537281,LONG,,1,80901400,,"{'id': 39310, 'context': 0}"
1200537285,LONG,,1,160000000,,"{'id': 41356, 'context': 1}"
1200537292,LONG,,1,30095000,,"{'id': 24168, 'context': 1}"
1200537297,LONG,,1,130000000,,"{'id': 75104, 'context': 0}"
1200537301,LONG,,1,82499800,,"{'id': 94216, 'context': 0, 'bonus_lists': [1698]}"
1200537303,LONG,,1,12000000,,"{'id': 56480, 'context': 0}"
1200537304,LONG,,1,20000000,,"{'id': 31187, 'context': 0}"
1200537306,LONG,,1,100000000,,"{'id': 40954, 'context': 1}"
1200537310,LONG,,1,50000000,,"{'id': 12405, 'context': 0}"
1200537314,LONG,19680300,1,,,{'id': 38857}
1200537315,LONG,,1,50000000,,"{'id': 14553, 'context': 53, 'bonus_lists': [4247], 'modifiers': [{'type': 9, 'value': 45}]}"
1200537317,LONG,,1,100000000,,"{'id': 3853, 'context': 0}"
1200537320,LONG,,1,50000000,,"{'id': 98770, 'context': 0}"
1200537321,LONG,,1,28000000,,"{'id': 12835, 'context': 1}"
1200537324,LONG,,1,97500000,,"{'id': 42730, 'context': 1}"
1200537330,LONG,,1,250000000,,"{'id': 87566, 'context': 0}"
1200537334,LONG,,1,50000000,,"{'id': 132520, 'context': 0}"
1200537339,LONG,49999700,1,,,{'id': 44453}
1200537342,LONG,,1,100000000,,"{'id': 94091, 'context': 0, 'bonus_lists': [1691]}"
1200537345,LONG,,1,100000000,,"{'id': 94091, 'context': 0, 'bonus_lists': [1694]}"
1200537350,LONG,,1,20000000,,"{'id': 15084, 'context': 0}"
1200537353,LONG,,1,20000000,,"{'id': 38435, 'context': 0}"
1200537398,VERY_LONG,,1,800003500,500000000,"{'id': 184790, 'context': 0, 'bonus_lists': [6652, 1472, 6646], 'modifiers': [{'type': 28, 'value': 1707}]}"
1200537418,LONG,380000,1,,,{'id': 172920}
1200537458,VERY_LONG,,1,67510900,,"{'id': 82800, 'context': 0, 'modifiers': [{'type': 6, 'value': 48055}], 'pet_breed_id': 15, 'pet_level': 25, 'pet_quality_id': 3, 'pet_species_id': 1211}"
1200537513,VERY_LONG,,1,67671100,,"{'id': 82800, 'context': 0, 'modifiers': [{'type': 6, 'value': 48857}], 'pet_breed_id': 6, 'pet_level': 25, 'pet_quality_id': 3, 'pet_species_id': 1227}"
1200537549,VERY_LONG,,1,54506800,,"{'id': 82800, 'context': 0, 'modifiers': [{'type': 6, 'value': 15992}], 'pet_breed_id': 5, 'pet_level': 25, 'pet_quality_id': 3, 'pet_species_id': 122}"
1200537608,VERY_LONG,,1,129995800,,"{'id': 82800, 'context': 0, 'modifiers': [{'type': 6, 'value': 48661}], 'pet_breed_id': 10, 'pet_level': 25, 'pet_quality_id': 3, 'pet_species_id': 1232}"
1200537656,VERY_LONG,,1,4103108000,,"{'id': 82800, 'context': 0, 'modifiers': [{'type': 6, 'value': 16943}], 'pet_breed_id': 3, 'pet_level': 25, 'pet_quality_id': 3, 'pet_species_id': 130}"
1200537684,VERY_LONG,,1,200001300,,"{'id': 82800, 'context': 0, 'modifiers': [{'type': 6, 'value': 40908}], 'pet_breed_id': 11, 'pet_level': 25, 'pet_quality_id': 3, 'pet_species_id': 1323}"
1200537722,VERY_LONG,,1,81000000,,"{'id': 82800, 'context': 0, 'modifiers': [{'type': 6, 'value': 51408}], 'pet_breed_id': 15, 'pet_level': 25, 'pet_quality_id': 3, 'pet_species_id': 1329}"
1200537782,VERY_LONG,,1,150000000,,"{'id': 82800, 'context': 0, 'modifiers': [{'type': 6, 'value': 51277}], 'pet_breed_id': 18, 'pet_level': 25, 'pet_quality_id': 3, 'pet_species_id': 1330}"
1200537822,VERY_LONG,,1,199999900,,"{'id': 82800, 'context': 0, 'modifiers': [{'type': 6, 'value': 51269}], 'pet_breed_id': 9, 'pet_level': 25, 'pet_quality_id': 3, 'pet_species_id': 1334}"
1200537860,VERY_LONG,,1,199999600,,"{'id': 82800, 'context': 0, 'modifiers': [{'type': 6, 'value': 51272}], 'pet_breed_id': 8, 'pet_level': 25, 'pet_quality_id': 3, 'pet_species_id': 1335}"
1200537877,VERY_LONG,,1,2250000000,,"{'id': 82800, 'context': 0, 'modifiers': [{'type': 6, 'value': 51278}], 'pet_breed_id': 4, 'pet_level': 25, 'pet_quality_id': 3, 'pet_species_id': 1337}"
1200537922,VERY_LONG,,1,249990000,,"{'id': 82800, 'context': 0, 'modifiers': [{'type': 6, 'value': 51502}], 'pet_breed_id': 6, 'pet_level': 25, 'pet_quality_id': 3, 'pet_species_id': 1345}"
1200537968,VERY_LONG,,1,150000000,,"{'id': 82800, 'context': 0, 'modifiers': [{'type': 6, 'value': 51505}], 'pet_breed_id': 4, 'pet_level': 25, 'pet_quality_id': 3, 'pet_species_id': 1349}"
1200537996,VERY_LONG,,1,133329600,,"{'id': 82800, 'context': 0, 'modifiers': [{'type': 6, 'value': 53748}], 'pet_breed_id': 18, 'pet_level': 25, 'pet_quality_id': 3, 'pet_species_id': 1387}"
1200538042,VERY_LONG,,1,129999900,,"{'id': 82800, 'context': 0, 'modifiers': [{'type': 6, 'value': 57970}], 'pet_breed_id': 16, 'pet_level': 25, 'pet_quality_id': 3, 'pet_species_id': 1442}"
1200538079,VERY_LONG,,1,62003000,,"{'id': 82800, 'context': 0, 'modifiers': [{'type': 6, 'value': 45289}], 'pet_breed_id': 18, 'pet_level': 25, 'pet_quality_id': 3, 'pet_species_id': 2087}"
1200539133,LONG,,1,50000000,,"{'id': 94071, 'context': 36, 'bonus_lists': [1695]}"
1200539134,LONG,,1,20000000,,"{'id': 43666, 'context': 1}"
1200539137,LONG,,1,100000000,,"{'id': 75130, 'context': 0}"
1200539139,LONG,,1,20000000,,"{'id': 31139, 'context': 0}"
1200539142,LONG,,1,42000000,,"{'id': 98773, 'context': 0}"
1200539145,LONG,,1,100000000,,"{'id': 40953, 'context': 1}"
1200539150,LONG,,1,100000000,,"{'id': 87515, 'context': 0}"
1200539155,LONG,,1,50000000,,"{'id': 55824, 'context': 22, 'modifiers': [{'type': 9, 'value': 45}]}"
1200539158,LONG,,1,100000000,,"{'id': 87493, 'context': 0}"
1200539162,LONG,,1,280000000,,"{'id': 32420, 'context': 2}"
1200539164,LONG,,1,100000000,,"{'id': 94075, 'context': 36, 'bonus_lists': [1698]}"
1200539170,LONG,20000000,1,,,{'id': 38791}
1200539186,LONG,,1,100000000,,"{'id': 44668, 'context': 0, 'bonus_lists': [1693]}"
1200539187,LONG,,1,50000000,,"{'id': 7056, 'context': 0}"
1200539189,LONG,,1,50000000,,"{'id': 31193, 'context': 28, 'bonus_lists': [3930], 'modifiers': [{'type': 9, 'value': 45}]}"
1200539192,LONG,,1,50000000,,"{'id': 10031, 'context': 0}"
1200539194,VERY_LONG,1799800,3,,,{'id': 159788}
1200539195,LONG,,1,100000000,,"{'id': 3429, 'context': 0}"
1200539197,LONG,,1,250000000,,"{'id': 47577, 'context': 0}"
1200539219,VERY_LONG,45000,60,,,{'id': 133567}
1200539234,VERY_LONG,19000,87,,,{'id': 168311}
1200539244,VERY_LONG,,1,225880000,,"{'id': 82800, 'context': 0, 'modifiers': [{'type': 6, 'value': 28502}], 'pet_breed_id': 5, 'pet_level': 25, 'pet_quality_id': 3, 'pet_species_id': 210}"
1200539257,VERY_LONG,49800,89,,,{'id': 154891}
1200539262,VERY_LONG,,1,122500000,,"{'id': 82800, 'context': 0, 'modifiers': [{'type': 6, 'value': 79783}], 'pet_breed_id': 4, 'pet_level': 25, 'pet_quality_id': 3, 'pet_species_id': 2117}"
1200539268,VERY_LONG,11900,168,,,{'id': 133563}
1200539299,VERY_LONG,,1,999990000,,"{'id': 82800, 'context': 0, 'modifiers': [{'type': 6, 'value': 86101}], 'pet_breed_id': 6, 'pet_level': 1, 'pet_quality_id': 3, 'pet_species_id': 2187}"
1200539340,VERY_LONG,,1,88882700,,"{'id': 82800, 'context': 0, 'modifiers': [{'type': 6, 'value': 86229}], 'pet_breed_id': 5, 'pet_level': 25, 'pet_quality_id': 3, 'pet_species_id': 2190}"
1200539365,VERY_LONG,,1,355999800,,"{'id': 82800, 'context': 0, 'modifiers': [{'type': 6, 'value': 86445}], 'pet_breed_id': 8, 'pet_level': 25, 'pet_quality_id': 3, 'pet_species_id': 2196}"
1200539389,VERY_LONG,45000,220,,,{'id': 133567}
1200539401,VERY_LONG,,1,184470000,,"{'id': 82800, 'context': 0, 'modifiers': [{'type': 6, 'value': 86488}], 'pet_breed_id': 11, 'pet_level': 25, 'pet_quality_id': 3, 'pet_species_id': 2198}"
1200539402,VERY_LONG,326100,41,,,{'id': 166344}
1200539414,VERY_LONG,605100,3,,,{'id': 153479}
1200539427,VERY_LONG,1900000,5,,,{'id': 159786}
1200539435,VERY_LONG,,1,249990000,,"{'id': 82800, 'context': 0, 'modifiers': [{'type': 6, 'value': 81219}], 'pet_breed_id': 10, 'pet_level': 25, 'pet_quality_id': 3, 'pet_species_id': 2421}"
1200539438,VERY_LONG,1001900,107,,,{'id': 133557}
1200539455,VERY_LONG,2551900,20,,,{'id': 41603}
1200539470,VERY_LONG,141500,4,,,{'id': 168312}
1200539489,VERY_LONG,564800,5,,,{'id': 159787}
1200539502,VERY_LONG,2799700,1,,,{'id': 168596}
1200539536,VERY_LONG,,1,66360400,,"{'id': 82800, 'context': 0, 'modifiers': [{'type': 6, 'value': 88038}], 'pet_breed_id': 9, 'pet_level': 25, 'pet_quality_id': 3, 'pet_species_id': 2463}"
1200539546,VERY_LONG,4089900,12,,,{'id': 141910}
1200539580,VERY_LONG,,1,72500000,,"{'id': 82800, 'context': 0, 'modifiers': [{'type': 6, 'value': 88059}], 'pet_breed_id': 5, 'pet_level': 25, 'pet_quality_id': 3, 'pet_species_id': 2467}"
1200539614,VERY_LONG,,1,66405100,,"{'id': 82800, 'context': 0, 'modifiers': [{'type': 6, 'value': 88061}], 'pet_breed_id': 15, 'pet_level': 25, 'pet_quality_id': 3, 'pet_species_id': 2471}"
1200539648,VERY_LONG,,1,25005300,12530000,"{'id': 144406, 'context': 3, 'bonus_lists': [3443, 1472, 3528], 'modifiers': [{'type': 28, 'value': 619}]}"
1200539664,VERY_LONG,,1,800003500,500000000,"{'id': 184790, 'context': 0, 'bonus_lists': [6652, 1472, 6646], 'modifiers': [{'type': 28, 'value': 1707}]}"
1200539680,VERY_LONG,,1,799990000,,"{'id': 82800, 'context': 0, 'modifiers': [{'type': 6, 'value': 88785}], 'pet_breed_id': 14, 'pet_level': 25, 'pet_quality_id': 3, 'pet_species_id': 2532}"
1200539691,VERY_LONG,534500,2,,,{'id': 159789}
1200539708,VERY_LONG,215600,20,,,{'id': 128540}
1200539732,VERY_LONG,,1,999995000,,"{'id': 82800, 'context': 0, 'modifiers': [{'type': 6, 'value': 89767}], 'pet_breed_id': 6, 'pet_level': 25, 'pet_quality_id': 3, 'pet_species_id': 2533}"
1200539756,VERY_LONG,99900,15,,,{'id': 166343}
1200539777,VERY_LONG,335900,1,,,{'id': 128537}
1200539788,VERY_LONG,,1,71975500,,"{'id': 82800, 'context': 0, 'modifiers': [{'type': 6, 'value': 90177}], 'pet_breed_id': 4, 'pet_level': 25, 'pet_quality_id': 3, 'pet_species_id': 2554}"
1200539798,VERY_LONG,2499800,2,,,{'id': 153444}
1200539873,VERY_LONG,,1,78000000,,"{'id': 82800, 'context': 0, 'modifiers': [{'type': 6, 'value': 80954}], 'pet_breed_id': 18, 'pet_level': 25, 'pet_quality_id': 3, 'pet_species_id': 2567}"
1200539897,VERY_LONG,,1,122500000,,"{'id': 82800, 'context': 0, 'modifiers': [{'type': 6, 'value': 80466}], 'pet_breed_id': 14, 'pet_level': 25, 'pet_quality_id': 3, 'pet_species_id': 2708}"
1200539929,VERY_LONG,,1,125000000,,"{'id': 82800, 'context': 0, 'modifiers': [{'type': 6, 'value': 88766}], 'pet_breed_id': 12, 'pet_level': 25, 'pet_quality_id': 3, 'pet_species_id': 2713}"
1200539951,LONG,,1,250000000,,"{'id': 45565, 'context': 0}"
1200539958,LONG,,1,500000000,,"{'id': 43461, 'context': 0}"
1200539963,LONG,,1,50000000,,"{'id': 38408, 'context': 0}"
1200539968,LONG,,1,50000000,,"{'id': 9824, 'context': 1, 'bonus_lists': [1679]}"
1200539974,LONG,,1,50000000,,"{'id': 9824, 'context': 1, 'bonus_lists': [1693]}"
1200539981,LONG,,1,250000000,,"{'id': 914, 'context': 0}"
1200539986,LONG,,1,50000000,,"{'id': 4327, 'context': 0}"
1200539989,LONG,,1,74998400,,"{'id': 43970, 'context': 0}"
1200539993,LONG,,1,50000000,,"{'id': 114811, 'context': 13, 'bonus_lists': [177, 525, 538]}"
1200539997,LONG,,1,50000000,,"{'id': 98766, 'context': 0}"
1200540004,LONG,,1,100000000,,"{'id': 41357, 'context': 1}"
1200540009,LONG,,1,20000000,,"{'id': 38437, 'context': 0}"
1200540013,LONG,,1,100000000,,"{'id': 15678, 'context': 0, 'bonus_lists': [1681]}"
1200540017,LONG,,1,50000000,,"{'id': 93576, 'context': 0}"
1200540022,LONG,15828200,1,,,{'id': 38803}
1200540027,LONG,,1,100000000,,"{'id': 42727, 'context': 1}"
1200540033,LONG,20000000,1,,,{'id': 38932}
1200540042,LONG,,1,250000000,,"{'id': 8185, 'context': 0}"
1200540047,LONG,,1,50000000,,"{'id': 93506, 'context': 0}"
1200540050,LONG,,1,50000000,,"{'id': 14100, 'context': 1}"
1200540053,LONG,,1,100000000,,"{'id': 47586, 'context': 0}"
1200540060,LONG,,1,50000000,,"{'id': 94086, 'context': 0, 'bonus_lists': [1716]}"
1200540070,LONG,,1,20000000,,"{'id': 66919, 'context': 0}"
1200540079,LONG,,1,250000000,,"{'id': 41129, 'context': 1}"
1200542104,VERY_LONG,,1,129990000,,"{'id': 82800, 'context': 0, 'modifiers': [{'type': 6, 'value': 90413}], 'pet_breed_id': 15, 'pet_level': 25, 'pet_quality_id': 3, 'pet_species_id': 2720}"
1200542148,VERY_LONG,,1,199989900,,"{'id': 171418, 'context': 65, 'bonus_lists': [6718, 7194, 1522]}"
1200542150,VERY_LONG,,1,77779900,,"{'id': 82800, 'context': 0, 'modifiers': [{'type': 6, 'value': 99870}], 'pet_breed_id': 9, 'pet_level': 25, 'pet_quality_id': 3, 'pet_species_id': 3039}"
1200542192,VERY_LONG,,1,399635800,,"{'id': 82800, 'context': 0, 'modifiers': [{'type': 6, 'value': 74790}], 'pet_breed_id': 20, 'pet_level': 25, 'pet_quality_id': 3, 'pet_species_id': 319}"
1200542239,VERY_LONG,,1,99993100,,"{'id': 82800, 'context': 0, 'modifiers': [{'type': 6, 'value': 7937}], 'pet_breed_id': 21, 'pet_level': 25, 'pet_quality_id': 3, 'pet_species_id': 39}"
1200542283,VERY_LONG,,1,248780000,,"{'id': 82800, 'context': 0, 'modifiers': [{'type': 6, 'value': 45942}], 'pet_breed_id': 9, 'pet_level': 25, 'pet_quality_id': 3, 'pet_species_id': 868}"
1200542284,LONG,44948000,6,,,{'id': 128315}
1200542339,LONG,,1,5750004500,,"{'id': 40110, 'context': 0}"
1200542370,LONG,,1,790000000,,"{'id': 183616, 'context': 0, 'modifiers': [{'type': 28, 'value': 1401}]}"
1200542386,LONG,880000,200,,,{'id': 124106}
1200542421,LONG,390000,143,,,{'id': 124105}
1200542526,LONG,1749900,2,,,{'id': 171428}
1200542552,LONG,380000,6,,,{'id': 124105}
1200542589,LONG,,1,199697900,,"{'id': 172924, 'context': 13}"
1200542659,LONG,520000,1,,,{'id': 171315}
1200542672,LONG,,1,100000000,,"{'id': 7944, 'context': 0}"
1200542680,LONG,,1,100000000,,"{'id': 7944, 'context': 0}"
1200542683,LONG,,1,50000000,,"{'id': 85845, 'context': 0, 'bonus_lists': [1699]}"
1200542690,LONG,,1,100000000,,"{'id': 93492, 'context': 0}"
1200542695,LONG,,1,250000000,,"{'id': 32394, 'context': 0}"
1200542699,LONG,,1,50000000,,"{'id': 94049, 'context': 0, 'bonus_lists': [1677]}"
1200542706,LONG,,1,100000000,,"{'id': 31133, 'context': 30, 'bonus_lists': [3911], 'modifiers': [{'type': 9, 'value': 45}]}"
1200542709,LONG,,1,50000000,,"{'id': 9913, 'context': 54, 'bonus_lists': [1678]}"
1200542714,LONG,,1,50000000,,"{'id': 15072, 'context': 0}"
1200542717,LONG,,1,50000000,,"{'id': 10578, 'context': 1, 'bonus_lists': [4035], 'modifiers': [{'type': 9, 'value': 16}]}"
1200542722,LONG,,1,50000000,,"{'id': 93421, 'context': 0}"
1200542731,LONG,,1,250000000,,"{'id': 43450, 'context': 0}"
1200542732,LONG,,1,20000000,,"{'id': 37743, 'context': 0}"
1200542735,LONG,,1,100000000,,"{'id': 114810, 'context': 13, 'bonus_lists': [147, 525, 537]}"
1200542742,LONG,,1,20000000,,"{'id': 52372, 'context': 0}"
1200542743,LONG,,1,50000000,,"{'id': 93574, 'context': 0}"
1200542744,LONG,,1,50000000,,"{'id': 37759, 'context': 0}"
1200542746,LONG,,1,250000000,,"{'id': 116179, 'context': 13, 'bonus_lists': [221, 525, 535]}"
1200542749,LONG,,1,50000000,,"{'id': 82907, 'context': 0, 'bonus_lists': [1691]}"
1200542751,LONG,,1,20000000,,"{'id': 3306, 'context': 29, 'bonus_lists': [3832], 'modifiers': [{'type': 9, 'value': 12}]}"
1200542754,LONG,,1,20000000,,"{'id': 38420, 'context': 0}"
1200542758,LONG,19952900,1,,,{'id': 38798}
1200542761,LONG,,1,50000000,,"{'id': 94053, 'context': 0, 'bonus_lists': [1707]}"
1200542763,LONG,,1,250000000,,"{'id': 45566, 'context': 0}"
1200542767,LONG,,1,50000000,,"{'id': 31193, 'context': 0}"
1200542768,LONG,89500,30,,,{'id': 169701}
1200542770,LONG,,1,20000000,,"{'id': 38436, 'context': 0}"
1200542774,LONG,,1,20000000,,"{'id': 94045, 'context': 0, 'bonus_lists': [1694]}"
1200542776,LONG,,1,20000000,,"{'id': 94045, 'context': 0, 'bonus_lists': [1698]}"
1200542777,LONG,100000000,2,,,{'id': 38922}
1200542779,LONG,20000000,2,,,{'id': 38786}
1200542781,LONG,,1,249997700,,"{'id': 43585, 'context': 0}"
1200542785,LONG,,1,250000000,,"{'id': 4724, 'context': 0}"
1200542789,LONG,,1,100000000,,"{'id': 9287, 'context': 0, 'bonus_lists': [1709]}"
1200542797,LONG,,1,250000000,,"{'id': 85844, 'context': 0, 'bonus_lists': [1686]}"
1200542804,LONG,,1,20000000,,"{'id': 2311, 'context': 0}"
1200542806,LONG,,1,100000000,,"{'id': 126997, 'context': 13, 'bonus_lists': [669, 600, 689, 1685, 3408]}"
1200542808,LONG,,1,100000000,,"{'id': 126997, 'context': 13, 'bonus_lists': [669, 600, 689, 1690, 3408]}"
1200542812,LONG,,1,20000000,,"{'id': 116167, 'context': 13, 'bonus_lists': [47]}"
1200542816,LONG,,1,250000000,,"{'id': 123914, 'context': 13, 'bonus_lists': [669, 601, 689, 1684, 3408]}"
1200542820,LONG,50000000,1,,,{'id': 52778}
1200542825,LONG,,1,20000000,,"{'id': 56509, 'context': 1, 'bonus_lists': [1702]}"
1200542827,LONG,,1,50000000,,"{'id': 94261, 'context': 0, 'bonus_lists': [1701]}"
1200542832,LONG,,1,100000000,,"{'id': 14483, 'context': 14}"
1200542836,LONG,,1,100000000,,"{'id': 14483, 'context': 14}"
1200542841,LONG,,1,50000000,,"{'id': 82908, 'context': 0, 'bonus_lists': [1709]}"
1200542844,LONG,20000000,1,,,{'id': 37603}
1200542846,VERY_LONG,,1,121116800,,"{'id': 82800, 'context': 0, 'modifiers': [{'type': 6, 'value': 99855}], 'pet_breed_id': 16, 'pet_level': 1, 'pet_quality_id': 2, 'pet_species_id': 2931}"
1200542847,LONG,20000000,1,,,{'id': 74704}
1200542851,LONG,,1,250000000,,"{'id': 31342, 'context': 3}"
1200542854,LONG,,1,33332400,,"{'id': 93493, 'context': 0}"
1200542860,LONG,,1,20000000,,"{'id': 38419, 'context': 0}"
1200542865,LONG,,1,250000000,,"{'id': 85852, 'context': 0}"
1200542867,LONG,,1,50000000,,"{'id': 93488, 'context': 0}"
1200542871,LONG,,1,50000000,,"{'id': 37857, 'context': 22, 'modifiers': [{'type': 9, 'value': 45}]}"
1200542872,VERY_LONG,84800,1,,,{'id': 36925}
1200542875,LONG,,1,20000000,,"{'id': 116164, 'context': 13, 'bonus_lists': [139]}"
1200542877,LONG,,1,50000000,,"{'id': 116646, 'context': 13, 'bonus_lists': [19, 525, 548]}"
1200542879,LONG,,1,100000000,,"{'id': 94070, 'context': 36, 'bonus_lists': [1699]}"
1200542883,LONG,,1,50000000,,"{'id': 43444, 'context': 0}"
1200542888,LONG,,1,100000000,,"{'id': 37672, 'context': 2, 'bonus_lists': [4196], 'modifiers': [{'type': 9, 'value': 45}]}"
1200542894,LONG,,1,50000000,,"{'id': 36101, 'context': 36, 'bonus_lists': [1677]}"
1200542897,LONG,,1,100000000,,"{'id': 3853, 'context': 0}"
1200542902,LONG,,1,250000000,,"{'id': 69953, 'context': 0}"
1200542905,LONG,,1,20000000,,"{'id': 68754, 'context': 0}"
1200542908,LONG,,1,50000000,,"{'id': 29371, 'context': 14}"
1200542914,LONG,,1,500000000,,"{'id': 56561, 'context': 0}"
1200542919,VERY_LONG,,1,1410000,,"{'id': 176967, 'context': 0, 'bonus_lists': [6907, 6652, 1678], 'modifiers': [{'type': 9, 'value': 60}, {'type': 28, 'value': 2060}]}"
1200542921,LONG,,1,50000000,,"{'id': 5788, 'context': 14}"
1200542926,LONG,,1,250000000,,"{'id': 82933, 'context': 0, 'bonus_lists': [1692]}"
1200542930,LONG,,1,20000000,,"{'id': 116168, 'context': 13, 'bonus_lists': [201]}"
1200542936,LONG,,1,500000000,,"{'id': 12798, 'context': 0}"
1200542939,LONG,,1,50000000,,"{'id': 93504, 'context': 0}"
1200542940,VERY_LONG,72000,3,,,{'id': 3864}
1200542941,LONG,,1,100000000,,"{'id': 30837, 'context': 0}"
1200542942,LONG,,1,250000000,,"{'id': 47582, 'context': 0}"
1200542945,LONG,,1,250000000,,"{'id': 3856, 'context': 0}"
1200542946,LONG,,1,5003500,,"{'id': 49967, 'context': 0}"
1200542948,VERY_LONG,,1,13275200,,"{'id': 10273, 'context': 0, 'bonus_lists': [6654, 1692], 'modifiers': [{'type': 9, 'value': 30}, {'type': 28, 'value': 1005}]}"
1200542951,LONG,,1,20000000,,"{'id': 85851, 'context': 0, 'bonus_lists': [1708]}"
1200542955,LONG,,1,20000000,,"{'id': 38414, 'context': 0}"
1200542957,LONG,,1,100000000,,"{'id': 31213, 'context': 0, 'bonus_lists': [3763, 1691], 'modifiers': [{'type': 9, 'value': 30}]}"
1200542959,LONG,,1,250000000,,"{'id': 41352, 'context': 1}"
1200542960,LONG,,1,50000000,,"{'id': 37785, 'context': 0}"
1200542962,LONG,,1,50000000,,"{'id': 116454, 'context': 13, 'bonus_lists': [202, 525, 549]}"
1200542966,LONG,,1,50000000,,"{'id': 7413, 'context': 1, 'bonus_lists': [1677]}"
1200542971,LONG,,1,50000000,,"{'id': 7413, 'context': 1, 'bonus_lists': [1679]}"
1200542975,VERY_LONG,,1,12112600,,"{'id': 10133, 'context': 0, 'bonus_lists': [6654, 1677], 'modifiers': [{'type': 9, 'value': 30}, {'type': 28, 'value': 30}]}"
1200542977,LONG,,1,20000000,,"{'id': 24865, 'context': 1, 'bonus_lists': [1694]}"
1200542981,LONG,,1,250000000,,"{'id': 43481, 'context': 0}"
1200542986,LONG,,1,50000000,,"{'id': 4321, 'context': 0}"
1200542990,LONG,,1,50000000,,"{'id': 94031, 'context': 0, 'bonus_lists': [1694]}"
1200542993,LONG,,1,20000000,,"{'id': 9835, 'context': 0, 'bonus_lists': [1708]}"
1200542997,LONG,100000000,1,,,{'id': 68786}
1200544114,VERY_LONG,6227200,2,,,{'id': 173172}
1200544179,VERY_LONG,465400,6,,,{'id': 173036}
1200544201,VERY_LONG,,1,1500000,,"{'id': 82800, 'context': 0, 'modifiers': [{'type': 6, 'value': 49289}], 'pet_breed_id': 5, 'pet_level': 1, 'pet_quality_id': 3, 'pet_species_id': 1320}"
1200544217,VERY_LONG,8400,2,,,{'id': 152496}
1200544235,VERY_LONG,,1,14118100,,"{'id': 176770, 'context': 0, 'bonus_lists': [6907, 6652, 1707], 'modifiers': [{'type': 9, 'value': 60}, {'type': 28, 'value': 1707}]}"
1200544280,VERY_LONG,,1,1000000,,"{'id': 13013, 'context': 0, 'bonus_lists': [6658], 'modifiers': [{'type': 9, 'value': 30}, {'type': 28, 'value': 1005}]}"
1200544307,VERY_LONG,1504600,8,,,{'id': 174283}
1200544339,VERY_LONG,,1,517600,,"{'id': 176973, 'context': 0, 'bonus_lists': [6907, 6652, 1680], 'modifiers': [{'type': 9, 'value': 60}, {'type': 28, 'value': 2060}]}"
1200544373,VERY_LONG,46700,1,,,{'id': 36934}
1200544395,VERY_LONG,500,12,,,{'id': 171840}
1200544428,VERY_LONG,,1,51110000,,"{'id': 8028, 'context': 0, 'modifiers': [{'type': 28, 'value': 1005}]}"
1200544557,SHORT,6744000,3,,,{'id': 58488}
1200544560,SHORT,,1,39470000,,"{'id': 138790, 'context': 13}"
1200544567,VERY_LONG,5659800,1,,,{'id': 173170}
1200544572,VERY_LONG,6227200,1,,,{'id': 173172}
1200544577,VERY_LONG,1756300,1,,,{'id': 173173}
1200544583,VERY_LONG,,1,37100,,"{'id': 60211, 'context': 0, 'modifiers': [{'type': 28, 'value': 1027}]}"
1200544596,VERY_LONG,9800,1,,,{'id': 12799}
1200544607,VERY_LONG,1400,3,,,{'id': 7909}
1200544877,VERY_LONG,30000,20,,,{'id': 138967}
1200544911,VERY_LONG,7000,200,,,{'id': 152546}
1200544927,VERY_LONG,2500,62,,,{'id': 154898}
1200544936,VERY_LONG,10000,200,,,{'id': 152545}
1200544947,SHORT,,1,45000000,,"{'id': 171446, 'context': 13, 'bonus_lists': [6893, 7185], 'modifiers': [{'type': 9, 'value': 60}, {'type': 28, 'value': 391}, {'type': 29, 'value': 36}, {'type': 30, 'value': 40}]}"
1200544952,SHORT,,1,45000000,,"{'id': 171446, 'context': 13, 'bonus_lists': [6893, 7185], 'modifiers': [{'type': 9, 'value': 60}, {'type': 28, 'value': 391}, {'type': 29, 'value': 40}, {'type': 30, 'value': 32}]}"
1200544958,SHORT,,1,45000000,,"{'id': 171446, 'context': 13, 'bonus_lists': [6893, 7185], 'modifiers': [{'type': 9, 'value': 60}, {'type': 28, 'value': 391}, {'type': 29, 'value': 36}, {'type': 30, 'value': 40}]}"
1200544961,SHORT,,1,45000000,,"{'id': 171446, 'context': 13, 'bonus_lists': [6893, 7185], 'modifiers': [{'type': 9, 'value': 60}, {'type': 28, 'value': 391}, {'type': 29, 'value': 40}, {'type': 30, 'value': 49}]}"
1200544964,SHORT,,1,45000000,,"{'id': 171446, 'context': 13, 'bonus_lists': [6893, 7185], 'modifiers': [{'type': 9, 'value': 60}, {'type': 28, 'value': 391}, {'type': 29, 'value': 36}, {'type': 30, 'value': 40}]}"
1200544981,VERY_LONG,,1,1450000,,"{'id': 82434, 'context': 0, 'bonus_lists': [6858]}"
1200545007,SHORT,,1,52500000,,"{'id': 171445, 'context': 13, 'bonus_lists': [6893, 7185], 'modifiers': [{'type': 9, 'value': 60}, {'type': 28, 'value': 391}, {'type': 29, 'value': 32}, {'type': 30, 'value': 36}]}"
1200545009,SHORT,,1,52500000,,"{'id': 171445, 'context': 13, 'bonus_lists': [6893, 7185], 'modifiers': [{'type': 9, 'value': 60}, {'type': 28, 'value': 391}, {'type': 29, 'value': 40}, {'type': 30, 'value': 32}]}"
1200545013,SHORT,,1,52500000,,"{'id': 171445, 'context': 13, 'bonus_lists': [6893, 7185], 'modifiers': [{'type': 9, 'value': 60}, {'type': 28, 'value': 391}, {'type': 29, 'value': 40}, {'type': 30, 'value': 36}]}"
1200545033,SHORT,,1,39999900,,"{'id': 171442, 'context': 13, 'bonus_lists': [6893, 7185], 'modifiers': [{'type': 9, 'value': 60}, {'type': 28, 'value': 391}, {'type': 29, 'value': 40}, {'type': 30, 'value': 36}]}"
1200545036,SHORT,,1,39999900,,"{'id': 171442, 'context': 13, 'bonus_lists': [6893, 7185], 'modifiers': [{'type': 9, 'value': 60}, {'type': 28, 'value': 391}, {'type': 29, 'value': 40}, {'type': 30, 'value': 49}]}"
1200545037,VERY_LONG,4500,13,,,{'id': 74833}
1200545041,SHORT,,1,39999900,,"{'id': 171442, 'context': 13, 'bonus_lists': [6893, 7185], 'modifiers': [{'type': 9, 'value': 60}, {'type': 28, 'value': 391}, {'type': 29, 'value': 40}, {'type': 30, 'value': 49}]}"
1200545044,SHORT,,1,39999900,,"{'id': 171442, 'context': 13, 'bonus_lists': [6893, 7185], 'modifiers': [{'type': 9, 'value': 60}, {'type': 28, 'value': 391}, {'type': 29, 'value': 40}, {'type': 30, 'value': 49}]}"
1200545047,SHORT,,1,39999900,,"{'id': 171442, 'context': 13, 'bonus_lists': [6893, 7185], 'modifiers': [{'type': 9, 'value': 60}, {'type': 28, 'value': 391}, {'type': 29, 'value': 32}, {'type': 30, 'value': 49}]}"
1200545070,SHORT,,1,45650100,,"{'id': 171449, 'context': 13, 'bonus_lists': [6893, 7185], 'modifiers': [{'type': 9, 'value': 60}, {'type': 28, 'value': 391}, {'type': 29, 'value': 32}, {'type': 30, 'value': 40}]}"
1200545078,SHORT,,1,45650100,,"{'id': 171449, 'context': 13, 'bonus_lists': [6893, 7185], 'modifiers': [{'type': 9, 'value': 60}, {'type': 28, 'value': 391}, {'type': 29, 'value': 40}, {'type': 30, 'value': 32}]}"
1200545079,SHORT,520000,9,,,{'id': 171315}
1200545084,SHORT,,1,45650100,,"{'id': 171449, 'context': 13, 'bonus_lists': [6893, 7185], 'modifiers': [{'type': 9, 'value': 60}, {'type': 28, 'value': 391}, {'type': 29, 'value': 49}, {'type': 30, 'value': 40}]}"
1200545087,SHORT,,1,45650100,,"{'id': 171449, 'context': 13, 'bonus_lists': [6893, 7185], 'modifiers': [{'type': 9, 'value': 60}, {'type': 28, 'value': 391}, {'type': 29, 'value': 32}, {'type': 30, 'value': 40}]}"
1200545096,SHORT,209000,25,,,{'id': 171830}
1200545097,VERY_LONG,49900,6,,,{'id': 37705}
1200547113,SHORT,,1,59999900,,"{'id': 171447, 'context': 13, 'bonus_lists': [6893, 7185], 'modifiers': [{'type': 9, 'value': 60}, {'type': 28, 'value': 391}, {'type': 29, 'value': 36}, {'type': 30, 'value': 32}]}"
1200547117,SHORT,,1,59999900,,"{'id': 171447, 'context': 13, 'bonus_lists': [6893, 7185], 'modifiers': [{'type': 9, 'value': 60}, {'type': 28, 'value': 391}, {'type': 29, 'value': 36}, {'type': 30, 'value': 49}]}"
1200547123,SHORT,,1,59999900,,"{'id': 171447, 'context': 13, 'bonus_lists': [6893, 7185], 'modifiers': [{'type': 9, 'value': 60}, {'type': 28, 'value': 391}, {'type': 29, 'value': 32}, {'type': 30, 'value': 49}]}"
1200547127,VERY_LONG,297000,1,,,{'id': 124107}
1200547128,SHORT,,1,59999900,,"{'id': 171447, 'context': 13, 'bonus_lists': [6893, 7185], 'modifiers': [{'type': 9, 'value': 60}, {'type': 28, 'value': 391}, {'type': 29, 'value': 32}, {'type': 30, 'value': 36}]}"
1200547137,SHORT,,1,59999900,,"{'id': 171447, 'context': 13, 'bonus_lists': [6893, 7185], 'modifiers': [{'type': 9, 'value': 60}, {'type': 28, 'value': 391}, {'type': 29, 'value': 36}, {'type': 30, 'value': 49}]}"
1200547171,SHORT,,1,40008600,,"{'id': 171443, 'context': 13, 'bonus_lists': [6893, 7185], 'modifiers': [{'type': 9, 'value': 60}, {'type': 28, 'value': 391}, {'type': 29, 'value': 36}, {'type': 30, 'value': 49}]}"
1200547175,SHORT,77000,50,,,{'id': 171828}
1200547177,SHORT,,1,40008600,,"{'id': 171443, 'context': 13, 'bonus_lists': [6893, 7185], 'modifiers': [{'type': 9, 'value': 60}, {'type': 28, 'value': 391}, {'type': 29, 'value': 32}, {'type': 30, 'value': 49}]}"
1200547181,SHORT,,1,40008600,,"{'id': 171443, 'context': 13, 'bonus_lists': [6893, 7185], 'modifiers': [{'type': 9, 'value': 60}, {'type': 28, 'value': 391}, {'type': 29, 'value': 49}, {'type': 30, 'value': 40}]}"
1200547186,SHORT,,1,40008600,,"{'id': 171443, 'context': 13, 'bonus_lists': [6893, 7185], 'modifiers': [{'type': 9, 'value': 60}, {'type': 28, 'value': 391}, {'type': 29, 'value': 40}, {'type': 30, 'value': 49}]}"
1200547191,SHORT,,1,40008600,,"{'id': 171443, 'context': 13, 'bonus_lists': [6893, 7185], 'modifiers': [{'type': 9, 'value': 60}, {'type': 28, 'value': 391}, {'type': 29, 'value': 36}, {'type': 30, 'value': 32}]}"
1200547200,SHORT,500,7,,,{'id': 171840}
1200547222,SHORT,89500,32,,,{'id': 169701}
1200547226,SHORT,,1,49502600,,"{'id': 171448, 'context': 13, 'bonus_lists': [6893, 7185], 'modifiers': [{'type': 9, 'value': 60}, {'type': 28, 'value': 391}, {'type': 29, 'value': 40}, {'type': 30, 'value': 32}]}"
1200547229,SHORT,,1,49502600,,"{'id': 171448, 'context': 13, 'bonus_lists': [6893, 7185], 'modifiers': [{'type': 9, 'value': 60}, {'type': 28, 'value': 391}, {'type': 29, 'value': 32}, {'type': 30, 'value': 36}]}"
1200547233,SHORT,,1,49502600,,"{'id': 171448, 'context': 13, 'bonus_lists': [6893, 7185], 'modifiers': [{'type': 9, 'value': 60}, {'type': 28, 'value': 391}, {'type': 29, 'value': 36}, {'type': 30, 'value': 32}]}"
1200547237,SHORT,,1,49502600,,"{'id': 171448, 'context': 13, 'bonus_lists': [6893, 7185], 'modifiers': [{'type': 9, 'value': 60}, {'type': 28, 'value': 391}, {'type': 29, 'value': 36}, {'type': 30, 'value': 40}]}"
1200547243,VERY_LONG,340000,5,,,{'id': 29425}
1200547248,SHORT,390000,9,,,{'id': 168589}
1200547272,SHORT,139500,10,,,{'id': 171829}
1200547306,VERY_LONG,78800,28,,,{'id': 124111}
1200547342,VERY_LONG,2500,186,,,{'id': 154897}
1200547344,VERY_LONG,150000,1,,,{'id': 163224}
1200547362,VERY_LONG,,1,499900,,"{'id': 45104, 'context': 3, 'modifiers': [{'type': 28, 'value': 1020}]}"
1200547379,VERY_LONG,,1,2005400,,"{'id': 45480, 'context': 3, 'modifiers': [{'type': 28, 'value': 1020}]}"
1200547395,SHORT,730000,10,,,{'id': 168583}
1200547396,VERY_LONG,480000,3,,,{'id': 153480}
1200547409,VERY_LONG,150000,3,,,{'id': 177716}
1200547433,VERY_LONG,,1,1000000,,"{'id': 71362, 'context': 5, 'modifiers': [{'type': 28, 'value': 1029}]}"
1200547445,VERY_LONG,1980000,1,,,{'id': 29739}
1200547460,VERY_LONG,465400,5,,,{'id': 173036}
1200547474,VERY_LONG,30000,11,,,{'id': 75014}
1200547499,VERY_LONG,450100,2,,,{'id': 172096}
1200547502,VERY_LONG,89500,18,,,{'id': 169701}
1200547503,VERY_LONG,,1,990100,,"{'id': 6833, 'context': 0}"
1200547515,VERY_LONG,,1,742500,,"{'id': 50453, 'context': 0, 'modifiers': [{'type': 28, 'value': 1023}]}"
1200547520,VERY_LONG,77000,6,,,{'id': 171828}
1200547524,VERY_LONG,390000,1,,,{'id': 168589}
1200547529,VERY_LONG,117500,7,,,{'id': 83064}
1200547532,VERY_LONG,520000,2,,,{'id': 171315}
1200547538,VERY_LONG,209000,1,,,{'id': 171830}
1200547551,VERY_LONG,500,6,,,{'id': 171840}
1200547553,VERY_LONG,109300,11,,,{'id': 172359}
1200547562,VERY_LONG,717700,4,,,{'id': 172231}
1200547577,VERY_LONG,349500,1,,,{'id': 171832}
1200547588,VERY_LONG,139500,1,,,{'id': 171829}
1200547604,VERY_LONG,569800,2,,,{'id': 172418}
1200547616,VERY_LONG,730000,2,,,{'id': 168583}
1200547640,VERY_LONG,200000,1,,,{'id': 74864}
1200547652,VERY_LONG,20000,4,,,{'id': 152547}
1200547663,VERY_LONG,123000,5,,,{'id': 8170}
1200547678,VERY_LONG,,1,1600000,,"{'id': 45709, 'context': 3, 'modifiers': [{'type': 28, 'value': 1020}]}"
1200547692,VERY_LONG,58800,103,,,{'id': 133607}
1200547734,VERY_LONG,,1,1457100,,"{'id': 50069, 'context': 0, 'modifiers': [{'type': 28, 'value': 1023}]}"
1200547788,VERY_LONG,,1,199992800,,"{'id': 45998, 'context': 0}"
1200547796,VERY_LONG,349500,8,,,{'id': 171832}
1200547811,VERY_LONG,,1,199999900,,"{'id': 141573, 'context': 26, 'bonus_lists': [1472, 3528, 3431]}"
1200547835,VERY_LONG,,1,100008300,,"{'id': 116176, 'context': 13, 'bonus_lists': [157, 525, 536]}"
1200547846,VERY_LONG,209000,14,,,{'id': 171830}
1200547859,VERY_LONG,,1,87499900,,"{'id': 116181, 'context': 13, 'bonus_lists': [34, 525, 535]}"
1200547865,VERY_LONG,139500,5,,,{'id': 171829}
1200547876,VERY_LONG,,1,100008300,,"{'id': 116176, 'context': 13, 'bonus_lists': [222, 525, 535]}"
1200547882,VERY_LONG,77000,200,,,{'id': 171828}
1200547886,VERY_LONG,,1,39999700,,"{'id': 93436, 'context': 0}"
1200547956,VERY_LONG,,1,499900,,"{'id': 18229, 'context': 0}"
1200547976,VERY_LONG,,1,133728400,,"{'id': 71038, 'context': 0}"
1200547989,VERY_LONG,,1,50000000,,"{'id': 93491, 'context': 0}"
1200547991,VERY_LONG,,1,249999700,,"{'id': 24258, 'context': 0}"
1200547994,VERY_LONG,,1,50000000,,"{'id': 56519, 'context': 0}"
1200547995,VERY_LONG,,1,20000000,,"{'id': 15071, 'context': 0}"
1200547997,VERY_LONG,,1,50000000,,"{'id': 98768, 'context': 0}"
1200548004,VERY_LONG,,1,20000000,,"{'id': 116166, 'context': 13, 'bonus_lists': [153]}"
1200548006,VERY_LONG,,1,89998100,,"{'id': 75065, 'context': 0}"
1200548009,VERY_LONG,,1,50000000,,"{'id': 43129, 'context': 0}"
1200548013,VERY_LONG,,1,50000000,,"{'id': 43129, 'context': 0}"
1200548016,VERY_LONG,,1,41700200,,"{'id': 31148, 'context': 0}"
1200548019,VERY_LONG,20000000,1,,,{'id': 38783}
1200548021,VERY_LONG,,1,33338300,,"{'id': 93566, 'context': 0}"
1200548022,VERY_LONG,,1,50000000,,"{'id': 93505, 'context': 0}"
1200548023,VERY_LONG,,1,100000000,,"{'id': 24259, 'context': 1}"
1200548028,VERY_LONG,,1,50000000,,"{'id': 54850, 'context': 0}"
1200548034,VERY_LONG,,1,50000000,,"{'id': 82957, 'context': 0}"
1200548038,VERY_LONG,,1,50000000,,"{'id': 6054, 'context': 14}"
1200548041,VERY_LONG,,1,50000000,,"{'id': 6054, 'context': 14}"
1200548045,VERY_LONG,,1,50000000,,"{'id': 6054, 'context': 14}"
1200548051,VERY_LONG,,1,19999300,,"{'id': 54853, 'context': 0}"
1200548053,VERY_LONG,,1,50000000,,"{'id': 93534, 'context': 0}"
1200548057,VERY_LONG,,1,250000000,,"{'id': 75101, 'context': 0}"
1200548059,VERY_LONG,,1,11000000,,"{'id': 38412, 'context': 0}"
1200548062,VERY_LONG,20000000,1,,,{'id': 82445}
1200548066,VERY_LONG,,1,49998300,,"{'id': 40669, 'context': 1}"
1200548070,VERY_LONG,,1,50000000,,"{'id': 55031, 'context': 0}"
1200548073,VERY_LONG,,1,50000000,,"{'id': 93544, 'context': 0}"
1200548075,VERY_LONG,17905300,1,,,{'id': 38806}
1200548078,VERY_LONG,3899400,1,,,{'id': 38767}
1200548080,VERY_LONG,,1,50000000,,"{'id': 132487, 'context': 0}"
1200548082,VERY_LONG,,1,100000000,,"{'id': 94278, 'context': 0}"
1200548085,VERY_LONG,,1,99999200,,"{'id': 41516, 'context': 0}"
1200548086,VERY_LONG,,1,20000000,,"{'id': 40949, 'context': 1}"
1200548088,VERY_LONG,,1,250000000,,"{'id': 45566, 'context': 0}"
1200548092,VERY_LONG,,1,20000000,,"{'id': 52372, 'context': 0}"
1200548094,VERY_LONG,,1,35000000,,"{'id': 93432, 'context': 0}"
1200548099,VERY_LONG,16921700,2,,,{'id': 38787}
1200549103,VERY_LONG,,1,100000000,,"{'id': 68782, 'context': 0}"
1200549106,VERY_LONG,,1,20000000,,"{'id': 41127, 'context': 1}"
1200549110,VERY_LONG,,1,100000000,,"{'id': 7060, 'context': 0}"
1200549129,VERY_LONG,,1,44446200,,"{'id': 754, 'context': 11}"
1200549156,VERY_LONG,20000000,1,,,{'id': 38980}
1200549160,VERY_LONG,,1,100000000,,"{'id': 41777, 'context': 22, 'modifiers': [{'type': 9, 'value': 40}]}"
1200549164,VERY_LONG,,1,50000000,,"{'id': 37797, 'context': 0}"
1200549170,VERY_LONG,,1,250000000,,"{'id': 43871, 'context': 1}"
1200549176,VERY_LONG,,1,100000000,,"{'id': 43255, 'context': 0}"
1200549181,VERY_LONG,,1,100000000,,"{'id': 6431, 'context': 53, 'bonus_lists': [4277], 'modifiers': [{'type': 9, 'value': 45}]}"
1200549185,VERY_LONG,,1,50000000,,"{'id': 98772, 'context': 0}"
1200549191,VERY_LONG,,1,250000000,,"{'id': 116182, 'context': 13, 'bonus_lists': [50, 525, 535]}"
1200549194,VERY_LONG,,1,100000000,,"{'id': 98846, 'context': 0}"
1200549196,VERY_LONG,100000000,2,,,{'id': 38840}
1200549202,VERY_LONG,,1,50000000,,"{'id': 67109, 'context': 0}"
1200549204,VERY_LONG,,1,100000000,,"{'id': 82437, 'context': 0}"
1200549208,VERY_LONG,,1,50000000,,"{'id': 43258, 'context': 0}"
1200549209,VERY_LONG,,1,40000000,,"{'id': 38405, 'context': 0}"
1200549211,VERY_LONG,,1,50000000,,"{'id': 10289, 'context': 1, 'bonus_lists': [1680]}"
1200549213,VERY_LONG,,1,250000000,,"{'id': 14112, 'context': 0}"
1200549215,VERY_LONG,,1,249999500,,"{'id': 54504, 'context': 0}"
1200549218,VERY_LONG,,1,62000000,,"{'id': 23489, 'context': 1}"
1200549223,VERY_LONG,,1,50000000,,"{'id': 39088, 'context': 1}"
1200549227,VERY_LONG,,1,500000000,,"{'id': 21870, 'context': 0}"
1200549233,VERY_LONG,,1,500000000,,"{'id': 98603, 'context': 0}"
1200549236,VERY_LONG,,1,19999200,,"{'id': 41128, 'context': 1}"
1200549237,VERY_LONG,,1,47900100,,"{'id': 128311, 'context': 1}"
1200549239,VERY_LONG,,1,99999200,,"{'id': 14107, 'context': 0}"
1200549241,VERY_LONG,,1,100000000,,"{'id': 40952, 'context': 0}"
1200549246,VERY_LONG,,1,100000000,,"{'id': 87447, 'context': 0}"
1200549252,VERY_LONG,,1,100000000,,"{'id': 87447, 'context': 0}"
1200549256,VERY_LONG,,1,100000000,,"{'id': 87447, 'context': 0}"
1200549260,VERY_LONG,,1,50000000,,"{'id': 10158, 'context': 0, 'bonus_lists': [1708]}"
1200549264,VERY_LONG,,1,49999300,,"{'id': 54441, 'context': 0}"
1200549273,VERY_LONG,,1,20000000,,"{'id': 38418, 'context': 0}"
1200549279,VERY_LONG,,1,100000000,,"{'id': 127017, 'context': 13, 'bonus_lists': [3374, 3392, 3408]}"
1200549285,VERY_LONG,,1,14000000,,"{'id': 40955, 'context': 1}"
1200549288,VERY_LONG,17907200,2,,,{'id': 38804}
1200549290,VERY_LONG,,1,47900100,,"{'id': 128311, 'context': 1}"
1200549295,VERY_LONG,,1,250000000,,"{'id': 24255, 'context': 0}"
1200549299,VERY_LONG,,1,250000000,,"{'id': 30838, 'context': 0}"
1200549304,VERY_LONG,,1,250000000,,"{'id': 82926, 'context': 0}"
1200549306,VERY_LONG,,1,250000000,,"{'id': 24251, 'context': 0}"
1200549310,VERY_LONG,,1,249999300,,"{'id': 54506, 'context': 0}"
1200549313,VERY_LONG,,1,250000000,,"{'id': 128888, 'context': 13, 'bonus_lists': [669, 601, 689, 1683, 3408]}"
1200549316,VERY_LONG,,1,100000000,,"{'id': 55030, 'context': 0}"
1200549321,VERY_LONG,,1,50000000,,"{'id': 14134, 'context': 1}"
1200549324,VERY_LONG,,1,100000000,,"{'id': 98929, 'context': 0}"
1200549326,VERY_LONG,19531800,2,,,{'id': 38937}
1200549332,VERY_LONG,,1,12500000,,"{'id': 21854, 'context': 1}"
1200549394,VERY_LONG,800000,28,,,{'id': 165017}
1200549413,VERY_LONG,1100000,29,,,{'id': 111445}
1200549427,VERY_LONG,670000,51,,,{'id': 111444}
1200549441,VERY_LONG,8600,30,,,{'id': 163082}
1200549462,VERY_LONG,1250000,22,,,{'id': 44314}
1200549472,VERY_LONG,711200,39,,,{'id': 158382}
1200549542,VERY_LONG,100,373,,,{'id': 124438}
1200549558,VERY_LONG,365200,332,,,{'id': 160502}
1200549559,VERY_LONG,7800000,20,,,{'id': 181468}
1200549581,VERY_LONG,5000,175,,,{'id': 32428}
1200549601,VERY_LONG,247500,542,,,{'id': 74850}
1200549626,VERY_LONG,7700,905,,,{'id': 160059}
1200549656,VERY_LONG,3900,296,,,{'id': 129100}
1200549677,VERY_LONG,,1,499900,,"{'id': 72004, 'context': 0, 'modifiers': [{'type': 28, 'value': 1030}]}"
1200549685,VERY_LONG,,1,295355100,,"{'id': 35187, 'context': 0}"
1200549696,VERY_LONG,993400,17,,,{'id': 52185}
1200549700,VERY_LONG,150697900,11,,,{'id': 168417}
1200549708,VERY_LONG,,1,760998200,,"{'id': 41508, 'context': 11, 'bonus_lists': [6883], 'modifiers': [{'type': 28, 'value': 391}]}"
1200549726,VERY_LONG,3100,2,,,{'id': 118007}
1200549734,VERY_LONG,16999600,4,,,{'id': 128980}
1200549745,VERY_LONG,300000,5,,,{'id': 154168}
1200549754,VERY_LONG,170000,4,,,{'id': 154707}
1200549764,VERY_LONG,20000,2,,,{'id': 109184}
1200549772,VERY_LONG,8400,4,,,{'id': 152496}
1200549783,VERY_LONG,150000,1,,,{'id': 163224}
1200549788,VERY_LONG,6500,7,,,{'id': 180430}
1200549793,VERY_LONG,20000,1,,,{'id': 153494}
1200549800,VERY_LONG,,1,790000000,,"{'id': 183616, 'context': 0, 'modifiers': [{'type': 28, 'value': 1401}]}"
1200549804,VERY_LONG,,1,990100,,"{'id': 6833, 'context': 0}"
1200549808,VERY_LONG,4700,1,,,{'id': 180168}
1200549817,VERY_LONG,14425000,1,,,{'id': 137274}
1200549825,VERY_LONG,30002300,1,,,{'id': 139435}
1200549835,VERY_LONG,21109900,1,,,{'id': 137293}
1200549838,SHORT,390000,1,,,{'id': 168589}
1200549843,VERY_LONG,25838600,1,,,{'id': 139270}
1200549844,VERY_LONG,,1,9993500,,"{'id': 47223, 'context': 0}"
1200549845,SHORT,520000,1,,,{'id': 171315}
1200549852,VERY_LONG,27528400,1,,,{'id': 139348}
1200549860,VERY_LONG,15516400,1,,,{'id': 136826}
1200549864,VERY_LONG,993800,15,,,{'id': 46376}
1200549868,VERY_LONG,15196300,1,,,{'id': 139358}
1200549872,VERY_LONG,50000,6,,,{'id': 158202}
1200549875,VERY_LONG,2007000,2,,,{'id': 43551}
1200549878,VERY_LONG,20000,5,,,{'id': 38679}
1200549884,VERY_LONG,293600,14,,,{'id': 104105}
1200549890,SHORT,465400,3,,,{'id': 173036}
1200549891,SHORT,89500,20,,,{'id': 169701}
1200549900,SHORT,,1,345970000,,"{'id': 82800, 'context': 0, 'modifiers': [{'type': 6, 'value': 81097}], 'pet_breed_id': 12, 'pet_level': 1, 'pet_quality_id': 3, 'pet_species_id': 2576}"
1200549907,SHORT,,1,39990000,,"{'id': 127704, 'context': 14}"
1200549910,SHORT,89500,6,,,{'id': 169701}
1200549920,SHORT,,1,390000,,"{'id': 128310, 'context': 31, 'modifiers': [{'type': 28, 'value': 176}]}"
1200549954,VERY_LONG,53900,7,,,{'id': 168639}
1200549958,VERY_LONG,,1,15448100,,"{'id': 24868, 'context': 22, 'bonus_lists': [6654, 1691], 'modifiers': [{'type': 9, 'value': 30}, {'type': 28, 'value': 1066}]}"
1200549959,VERY_LONG,150000,6,,,{'id': 168641}
1200549963,VERY_LONG,,1,10132600,,"{'id': 116640, 'context': 2, 'bonus_lists': [6655, 96], 'modifiers': [{'type': 9, 'value': 40}, {'type': 28, 'value': 1143}]}"
1200549970,VERY_LONG,309900,16,,,{'id': 153708}
1200549973,VERY_LONG,,1,52418400,,"{'id': 55414, 'context': 0, 'bonus_lists': [1712]}"
1200549975,SHORT,,1,149995400,,"{'id': 173241, 'context': 64, 'bonus_lists': [6717, 1507]}"
1200549977,VERY_LONG,,1,10199500,,"{'id': 8313, 'context': 0, 'bonus_lists': [6655], 'modifiers': [{'type': 9, 'value': 30}, {'type': 28, 'value': 1004}]}"
1200549979,VERY_LONG,550000,10,,,{'id': 172414}
1200549990,SHORT,,1,199998500,,"{'id': 173241, 'context': 65, 'bonus_lists': [6718, 1522]}"
1200549991,VERY_LONG,150000,7,,,{'id': 177716}
1200550000,VERY_LONG,,1,54232700,,"{'id': 116621, 'context': 2, 'bonus_lists': [6655, 49], 'modifiers': [{'type': 9, 'value': 40}, {'type': 28, 'value': 1138}]}"
1200550002,SHORT,,1,199999200,,"{'id': 173241, 'context': 66, 'bonus_lists': [6758, 1532]}"
1200550007,VERY_LONG,461000,4,,,{'id': 172406}
1200550011,SHORT,,1,139998900,,"{'id': 173245, 'context': 65, 'bonus_lists': [6718, 7193, 1522]}"
1200550014,VERY_LONG,3249800,2,,,{'id': 154706}
1200550018,SHORT,,1,297949000,,"{'id': 173247, 'context': 66, 'bonus_lists': [6758, 1532]}"
1200550019,VERY_LONG,,1,141340500,,"{'id': 4799, 'context': 14, 'modifiers': [{'type': 28, 'value': 3}]}"
1200550023,VERY_LONG,,1,89826100,,"{'id': 116642, 'context': 1, 'bonus_lists': [6655, 99], 'modifiers': [{'type': 9, 'value': 40}, {'type': 28, 'value': 276}]}"
1200550024,VERY_LONG,323400,5,,,{'id': 154705}
1200550026,SHORT,,1,190000000,,"{'id': 178927, 'context': 65, 'bonus_lists': [6718, 7194, 1522]}"
1200550028,VERY_LONG,,1,399737800,,"{'id': 159939, 'context': 13, 'bonus_lists': [1688, 4928]}"
1200550036,SHORT,,1,890000000,,"{'id': 178927, 'context': 66, 'bonus_lists': [6758, 7193, 1532]}"
1200550037,VERY_LONG,1699700,1,,,{'id': 153597}
1200550042,VERY_LONG,,1,10675500,,"{'id': 106732, 'context': 2, 'bonus_lists': [6654, 55], 'modifiers': [{'type': 9, 'value': 40}, {'type': 28, 'value': 1138}]}"
1200550047,VERY_LONG,589900,3,,,{'id': 3382}
1200550053,VERY_LONG,,1,125165800,,"{'id': 106414, 'context': 1, 'bonus_lists': [6654, 206], 'modifiers': [{'type': 9, 'value': 40}, {'type': 28, 'value': 270}]}"
1200550054,VERY_LONG,89700,1,,,{'id': 136638}
1200550058,VERY_LONG,740000,20,,,{'id': 72096}
1200550062,VERY_LONG,100,1,,,{'id': 168303}
1200550067,VERY_LONG,,1,108842500,,"{'id': 25205, 'context': 22, 'bonus_lists': [6655, 1678], 'modifiers': [{'type': 9, 'value': 30}, {'type': 28, 'value': 1066}]}"
1200550071,VERY_LONG,8400,21,,,{'id': 19441}
1200550087,VERY_LONG,,1,113407800,,"{'id': 4778, 'context': 14, 'modifiers': [{'type': 28, 'value': 12}]}"
1200550088,VERY_LONG,4400,11,,,{'id': 5784}
1200550096,VERY_LONG,,1,104999800,,"{'id': 116470, 'context': 1, 'bonus_lists': [6655, 213], 'modifiers': [{'type': 9, 'value': 40}, {'type': 28, 'value': 270}]}"
1200550097,VERY_LONG,34000,14,,,{'id': 47556}
1200552113,VERY_LONG,40000,50,,,{'id': 32249}
1200552119,VERY_LONG,,1,134305800,,"{'id': 4766, 'context': 14, 'modifiers': [{'type': 28, 'value': 3}]}"
1200552122,VERY_LONG,8900,136,,,{'id': 2678}
1200552127,VERY_LONG,,1,56589900,,"{'id': 82047, 'context': 1, 'bonus_lists': [6655, 1705], 'modifiers': [{'type': 9, 'value': 35}, {'type': 28, 'value': 268}]}"
1200552137,VERY_LONG,5000,4,,,{'id': 127037}
1200552140,VERY_LONG,389900,9365,,,{'id': 168589}
1200552147,VERY_LONG,92200,1,,,{'id': 74861}
1200552158,VERY_LONG,,1,113702600,,"{'id': 116492, 'context': 0, 'bonus_lists': [6655, 125], 'modifiers': [{'type': 9, 'value': 40}, {'type': 28, 'value': 64}]}"
1200552165,VERY_LONG,,1,23264500,,"{'id': 24856, 'context': 22, 'bonus_lists': [6654, 1707], 'modifiers': [{'type': 9, 'value': 30}, {'type': 28, 'value': 1066}]}"
1200552167,VERY_LONG,100000,2,,,{'id': 5635}
1200552178,VERY_LONG,1999300,16,,,{'id': 10561}
1200552179,VERY_LONG,,1,9760000,,"{'id': 106724, 'context': 2, 'bonus_lists': [6654, 207], 'modifiers': [{'type': 9, 'value': 40}, {'type': 28, 'value': 1139}]}"
1200552193,VERY_LONG,463900,34,,,{'id': 4357}
1200552195,VERY_LONG,88800,8106,,,{'id': 169701}
1200552199,VERY_LONG,,1,8442900,,"{'id': 178952, 'context': 0, 'bonus_lists': [6908, 6652, 1699], 'modifiers': [{'type': 9, 'value': 60}, {'type': 28, 'value': 1707}]}"
1200552201,VERY_LONG,1100000,75,,,{'id': 22202}
1200552209,VERY_LONG,999500,10,,,{'id': 23783}
1200552213,VERY_LONG,,1,113093500,,"{'id': 35653, 'context': 1, 'bonus_lists': [4135], 'modifiers': [{'type': 9, 'value': 30}]}"
1200552217,VERY_LONG,1199700,9,,,{'id': 10560}
1200552220,VERY_LONG,75500,1502,,,{'id': 171828}
1200552226,VERY_LONG,10900,17,,,{'id': 127759}
1200552231,VERY_LONG,,1,98623500,,"{'id': 25202, 'context': 36, 'bonus_lists': [1691, 3871], 'modifiers': [{'type': 9, 'value': 50}]}"
1200552235,VERY_LONG,,1,1426455200,,"{'id': 19166, 'context': 1}"
1200552237,VERY_LONG,250000,54,,,{'id': 32229}
1200552250,VERY_LONG,280000,27,,,{'id': 67749}
1200552253,VERY_LONG,,1,184289900,,"{'id': 34827, 'context': 1}"
1200552257,VERY_LONG,150000,1,,,{'id': 36923}
1200552258,VERY_LONG,,1,113923200,,"{'id': 25216, 'context': 36, 'bonus_lists': [1693, 3872], 'modifiers': [{'type': 9, 'value': 50}]}"
1200552261,VERY_LONG,,1,20146500,,"{'id': 177791, 'context': 0, 'bonus_lists': [6907, 6652, 1686], 'modifiers': [{'type': 9, 'value': 60}, {'type': 28, 'value': 1707}]}"
1200552268,VERY_LONG,30000,2,,,{'id': 5785}
1200552269,VERY_LONG,,1,3662200,,"{'id': 177809, 'context': 0, 'bonus_lists': [6908, 6652, 1706], 'modifiers': [{'type': 9, 'value': 60}, {'type': 28, 'value': 1707}]}"
1200552275,VERY_LONG,518800,532,,,{'id': 171315}
1200552288,VERY_LONG,800000,12,,,{'id': 5637}
1200552296,VERY_LONG,,1,109604900,,"{'id': 11150, 'context': 14, 'modifiers': [{'type': 28, 'value': 15}]}"
1200552300,VERY_LONG,,1,7408000,,"{'id': 82800, 'context': 0, 'modifiers': [{'type': 6, 'value': 99898}], 'pet_breed_id': 9, 'pet_level': 1, 'pet_quality_id': 2, 'pet_species_id': 2908}"
1200552303,VERY_LONG,200000,60,,,{'id': 32228}
1200552310,VERY_LONG,,1,9499900,,"{'id': 10266, 'context': 22, 'bonus_lists': [6654, 1695], 'modifiers': [{'type': 9, 'value': 30}, {'type': 28, 'value': 1066}]}"
1200552328,VERY_LONG,450000,44,,,{'id': 15994}
1200552336,VERY_LONG,,1,19999900,,"{'id': 106562, 'context': 1, 'bonus_lists': [6655, 105], 'modifiers': [{'type': 9, 'value': 40}, {'type': 28, 'value': 269}]}"
1200552342,SHORT,400000,17,,,{'id': 133577}
1200552346,VERY_LONG,27300,3,,,{'id': 34053}
1200552348,SHORT,79900,20,,,{'id': 2459}
1200552357,VERY_LONG,,1,111062100,,"{'id': 4777, 'context': 14, 'modifiers': [{'type': 28, 'value': 12}]}"
1200552360,VERY_LONG,12139400,1,,,{'id': 4399}
1200552363,VERY_LONG,198600,1234,,,{'id': 171830}
1200552369,SHORT,,1,997500,,"{'id': 6217, 'context': 0, 'modifiers': [{'type': 28, 'value': 864}]}"
1200552370,VERY_LONG,3300,85,,,{'id': 10286}
1200552374,VERY_LONG,,1,102593500,,"{'id': 39509, 'context': 11, 'bonus_lists': [1678], 'modifiers': [{'type': 28, 'value': 391}]}"
1200552387,VERY_LONG,5000000,12,,,{'id': 74845}
1200552391,SHORT,,1,1057600,,"{'id': 27944, 'context': 31, 'modifiers': [{'type': 28, 'value': 302}]}"
1200552406,VERY_LONG,,1,117673300,,"{'id': 106566, 'context': 2, 'bonus_lists': [6654, 101], 'modifiers': [{'type': 9, 'value': 40}, {'type': 28, 'value': 1145}]}"
1200552416,VERY_LONG,5000000,14,,,{'id': 74832}
1200552438,VERY_LONG,6708500,9,,,{'id': 115502}
1200552440,SHORT,34300,4,,,{'id': 178550}
1200552449,VERY_LONG,,1,10310600,,"{'id': 182691, 'context': 0, 'bonus_lists': [6908, 6652], 'modifiers': [{'type': 9, 'value': 60}, {'type': 28, 'value': 2060}]}"
1200552459,VERY_LONG,,1,144999900,,"{'id': 116476, 'context': 1, 'bonus_lists': [6655, 156], 'modifiers': [{'type': 9, 'value': 40}, {'type': 28, 'value': 270}]}"
1200552464,VERY_LONG,2314600,1,,,{'id': 41810}
1200552470,SHORT,776400,5,,,{'id': 44482}
1200552488,SHORT,,1,25149300,,"{'id': 141884, 'context': 14}"
1200552489,VERY_LONG,3000000,15,,,{'id': 85585}
1200552506,VERY_LONG,19200,1,,,{'id': 62781}
1200552507,VERY_LONG,,1,79606100,,"{'id': 25131, 'context': 36, 'bonus_lists': [1691, 3873], 'modifiers': [{'type': 9, 'value': 50}]}"
1200552516,VERY_LONG,,1,84970000,,"{'id': 106473, 'context': 1, 'bonus_lists': [6654, 207], 'modifiers': [{'type': 9, 'value': 40}, {'type': 28, 'value': 270}]}"
1200552520,VERY_LONG,50000,1,,,{'id': 27678}
1200552525,VERY_LONG,,1,600120500,,"{'id': 116696, 'context': 2, 'bonus_lists': [6654, 103, 551], 'modifiers': [{'type': 9, 'value': 40}, {'type': 28, 'value': 1144}]}"
1200552536,VERY_LONG,10000,84,,,{'id': 172056}
1200552546,VERY_LONG,,1,10397900,,"{'id': 178948, 'context': 0, 'bonus_lists': [6908, 6652, 1709], 'modifiers': [{'type': 9, 'value': 60}, {'type': 28, 'value': 1707}]}"
1200552547,VERY_LONG,3000000,15,,,{'id': 85583}
1200552550,VERY_LONG,,1,49831600,,"{'id': 116466, 'context': 1, 'bonus_lists': [6655, 61], 'modifiers': [{'type': 9, 'value': 40}, {'type': 28, 'value': 270}]}"
1200552556,VERY_LONG,,1,165127100,,"{'id': 116506, 'context': 1, 'bonus_lists': [6655, 116], 'modifiers': [{'type': 9, 'value': 40}, {'type': 28, 'value': 270}]}"
1200552557,VERY_LONG,100,114,,,{'id': 12203}
1200552558,SHORT,,1,77770100,,"{'id': 166744, 'context': 14, 'modifiers': [{'type': 28, 'value': 464}]}"
1200552562,VERY_LONG,,1,72500000,,"{'id': 1926, 'context': 1, 'bonus_lists': [4005], 'modifiers': [{'type': 9, 'value': 25}]}"
1200552569,VERY_LONG,,1,84989900,,"{'id': 106446, 'context': 1, 'bonus_lists': [6654, 114], 'modifiers': [{'type': 9, 'value': 40}, {'type': 28, 'value': 270}]}"
1200552570,VERY_LONG,3700,7,,,{'id': 3667}
1200552576,VERY_LONG,300000,1,,,{'id': 41809}
1200552583,VERY_LONG,1000,92,,,{'id': 12208}
1200552588,VERY_LONG,,1,31356400,,"{'id': 25075, 'context': 36, 'bonus_lists': [1694, 3871], 'modifiers': [{'type': 9, 'value': 50}]}"
1200552592,VERY_LONG,400000,80,,,{'id': 15992}
1200552603,VERY_LONG,,1,102493200,,"{'id': 106475, 'context': 1, 'bonus_lists': [6654, 118], 'modifiers': [{'type': 9, 'value': 40}, {'type': 28, 'value': 270}]}"
1200552604,VERY_LONG,100000,99,,,{'id': 74847}
1200552608,VERY_LONG,,1,41729400,,"{'id': 36542, 'context': 0, 'bonus_lists': [6655, 1706], 'modifiers': [{'type': 9, 'value': 30}, {'type': 28, 'value': 1024}]}"
1200552615,VERY_LONG,,1,59753500,,"{'id': 106398, 'context': 1, 'bonus_lists': [6654, 105], 'modifiers': [{'type': 9, 'value': 40}, {'type': 28, 'value': 270}]}"
1200552620,VERY_LONG,1000,2,,,{'id': 12202}
1200552627,VERY_LONG,,1,84989900,,"{'id': 106397, 'context': 1, 'bonus_lists': [6655, 25], 'modifiers': [{'type': 9, 'value': 40}, {'type': 28, 'value': 270}]}"
1200552633,VERY_LONG,,1,20003300,,"{'id': 106584, 'context': 2, 'bonus_lists': [6654, 167], 'modifiers': [{'type': 9, 'value': 40}, {'type': 28, 'value': 1145}]}"
1200552637,VERY_LONG,3930000,13,,,{'id': 74660}
1200552642,VERY_LONG,,1,154388400,,"{'id': 5110, 'context': 0}"
1200552652,VERY_LONG,,1,15004200,,"{'id': 176796, 'context': 0, 'bonus_lists': [6908, 6652, 1679], 'modifiers': [{'type': 9, 'value': 60}, {'type': 28, 'value': 2060}]}"
1200552654,VERY_LONG,999900,2,,,{'id': 144329}
1200552660,VERY_LONG,,1,84989900,,"{'id': 25327, 'context': 36, 'bonus_lists': [1694, 3871], 'modifiers': [{'type': 9, 'value': 50}]}"
1200552670,VERY_LONG,415200,10,,,{'id': 4387}
1200552678,VERY_LONG,,1,10865900,,"{'id': 177810, 'context': 4, 'bonus_lists': [6908, 1687], 'modifiers': [{'type': 9, 'value': 60}, {'type': 28, 'value': 750}]}"
1200552679,VERY_LONG,51000,25,,,{'id': 4377}
1200552687,VERY_LONG,,1,42504900,,"{'id': 106645, 'context': 1, 'bonus_lists': [6654, 121], 'modifiers': [{'type': 9, 'value': 40}, {'type': 28, 'value': 269}]}"
1200552696,VERY_LONG,99800,1,,,{'id': 6471}
1200552703,VERY_LONG,,1,15150000,,"{'id': 106747, 'context': 2, 'bonus_lists': [6654, 196], 'modifiers': [{'type': 9, 'value': 40}, {'type': 28, 'value': 1138}]}"
1200552708,VERY_LONG,95800,6,,,{'id': 4461}
1200552715,VERY_LONG,,1,30733700,,"{'id': 106710, 'context': 2, 'bonus_lists': [6654, 204], 'modifiers': [{'type': 9, 'value': 40}, {'type': 28, 'value': 1143}]}"
1200552719,VERY_LONG,10000000,2,,,{'id': 173093}
1200552721,VERY_LONG,2930900,2,,,{'id': 113289}
1200552726,VERY_LONG,5600000,1,,,{'id': 83006}
1200552732,VERY_LONG,13600,1,,,{'id': 127681}
1200552739,VERY_LONG,,1,180952800,,"{'id': 169424, 'context': 0, 'bonus_lists': [6654, 1693], 'modifiers': [{'type': 9, 'value': 50}, {'type': 28, 'value': 690}]}"
1200552748,VERY_LONG,60000,2,,,{'id': 36918}
1200552752,VERY_LONG,,1,136290000,,"{'id': 173069, 'context': 13}"
1200552755,VERY_LONG,,1,136290000,,"{'id': 173069, 'context': 13}"
1200552758,VERY_LONG,10200000,1,,,{'id': 87560}
1200552764,VERY_LONG,500000,13,,,{'id': 74851}
1200552771,VERY_LONG,,1,14010500,,"{'id': 82011, 'context': 0, 'bonus_lists': [6655, 1700], 'modifiers': [{'type': 9, 'value': 35}, {'type': 28, 'value': 60}]}"
1200552773,VERY_LONG,500000,1,,,{'id': 36924}
1200552776,VERY_LONG,,1,95000000,,"{'id': 10271, 'context': 0, 'bonus_lists': [1692]}"
1200552782,VERY_LONG,14000,1,,,{'id': 36926}
1200552784,VERY_LONG,,1,161679300,,"{'id': 106567, 'context': 2, 'bonus_lists': [6654, 159], 'modifiers': [{'type': 9, 'value': 40}, {'type': 28, 'value': 1145}]}"
1200552786,VERY_LONG,53100,4276,,,{'id': 172092}
1200552794,VERY_LONG,6700,30,,,{'id': 4364}
1200552802,VERY_LONG,,1,24046700,,"{'id': 106709, 'context': 2, 'bonus_lists': [6654, 110], 'modifiers': [{'type': 9, 'value': 40}, {'type': 28, 'value': 1138}]}"
1200552803,VERY_LONG,518800,3,,,{'id': 171315}
1200552809,VERY_LONG,3930000,13,,,{'id': 74852}
1200552811,VERY_LONG,,1,31160900,,"{'id': 15581, 'context': 54, 'bonus_lists': [1677, 4278], 'modifiers': [{'type': 9, 'value': 50}]}"
1200552818,VERY_LONG,,1,107853600,,"{'id': 116474, 'context': 0, 'bonus_lists': [6655, 167, 550], 'modifiers': [{'type': 9, 'value': 40}, {'type': 28, 'value': 64}]}"
1200552824,VERY_LONG,389900,12,,,{'id': 168589}
1200552825,VERY_LONG,3930000,14,,,{'id': 74854}
1200552843,VERY_LONG,9500,57,,,{'id': 21882}
1200552861,VERY_LONG,139800,116,,,{'id': 74840}
1200552883,SHORT,7800000,3,,,{'id': 181468}
1200552884,VERY_LONG,4000,2,,,{'id': 80431}
1200552898,VERY_LONG,7500,128,,,{'id': 74843}
1200552917,VERY_LONG,7800000,4,,,{'id': 181468}
1200552918,VERY_LONG,1609600,1,,,{'id': 21071}
1200552926,SHORT,,1,33315400,,"{'id': 173144, 'context': 13, 'bonus_lists': [7185], 'modifiers': [{'type': 9, 'value': 60}, {'type': 29, 'value': 36}]}"
1200552929,SHORT,,1,54854300,,"{'id': 171449, 'context': 13, 'bonus_lists': [6893, 7185], 'modifiers': [{'type': 9, 'value': 60}, {'type': 28, 'value': 391}, {'type': 29, 'value': 32}, {'type': 30, 'value': 36}]}"
1200552934,SHORT,,1,54854300,,"{'id': 171449, 'context': 13, 'bonus_lists': [6893, 7185], 'modifiers': [{'type': 9, 'value': 60}, {'type': 28, 'value': 391}, {'type': 29, 'value': 49}, {'type': 30, 'value': 32}]}"
1200552944,SHORT,,1,39010900,,"{'id': 172264, 'context': 13, 'bonus_lists': [6893, 7185], 'modifiers': [{'type': 9, 'value': 60}, {'type': 28, 'value': 391}, {'type': 29, 'value': 49}, {'type': 30, 'value': 32}]}"
1200552947,VERY_LONG,74109800,14,,,{'id': 85584}
1200552959,SHORT,,1,48522700,,"{'id': 173146, 'context': 13, 'bonus_lists': [7185], 'modifiers': [{'type': 9, 'value': 60}, {'type': 29, 'value': 40}]}"
1200552967,SHORT,,1,48522700,,"{'id': 173146, 'context': 13, 'bonus_lists': [7185], 'modifiers': [{'type': 9, 'value': 60}, {'type': 29, 'value': 32}]}"
1200552973,VERY_LONG,75000,6,,,{'id': 23438}
1200552974,SHORT,,1,39105000,,"{'id': 173145, 'context': 13, 'bonus_lists': [7185], 'modifiers': [{'type': 9, 'value': 60}, {'type': 29, 'value': 36}]}"
1200552975,VERY_LONG,,1,1750000000,,"{'id': 94580, 'context': 0}"
1200552976,SHORT,,1,44820500,,"{'id': 172265, 'context': 13, 'bonus_lists': [6893, 7185], 'modifiers': [{'type': 9, 'value': 60}, {'type': 28, 'value': 391}, {'type': 29, 'value': 49}, {'type': 30, 'value': 32}]}"
1200552978,SHORT,,1,44820500,,"{'id': 172265, 'context': 13, 'bonus_lists': [6893, 7185], 'modifiers': [{'type': 9, 'value': 60}, {'type': 28, 'value': 391}, {'type': 29, 'value': 32}, {'type': 30, 'value': 40}]}"
1200552979,SHORT,25800,4,,,{'id': 172092}
1200552981,SHORT,,1,32015700,,"{'id': 173216, 'context': 0, 'bonus_lists': [6893, 7185], 'modifiers': [{'type': 9, 'value': 60}, {'type': 28, 'value': 391}, {'type': 29, 'value': 49}, {'type': 30, 'value': 32}]}"
1200552984,VERY_LONG,33000,1,,,{'id': 5470}
1200552989,SHORT,,1,46605000,,"{'id': 172252, 'context': 13, 'bonus_lists': [6893, 7185], 'modifiers': [{'type': 9, 'value': 60}, {'type': 28, 'value': 391}, {'type': 29, 'value': 49}, {'type': 30, 'value': 32}]}"
1200552991,SHORT,,1,46834900,,"{'id': 173132, 'context': 13, 'bonus_lists': [7185], 'modifiers': [{'type': 9, 'value': 60}, {'type': 29, 'value': 32}]}"
1200552994,SHORT,499900,2,,,{'id': 128314}
1200553001,SHORT,,1,31091000,,"{'id': 173217, 'context': 0, 'bonus_lists': [6893, 7185], 'modifiers': [{'type': 9, 'value': 60}, {'type': 28, 'value': 391}, {'type': 29, 'value': 49}, {'type': 30, 'value': 32}]}"
1200553003,VERY_LONG,1700,76,,,{'id': 113264}
1200553007,SHORT,,1,46294100,,"{'id': 171444, 'context': 13, 'bonus_lists': [6893, 7185], 'modifiers': [{'type': 9, 'value': 60}, {'type': 28, 'value': 391}, {'type': 29, 'value': 32}, {'type': 30, 'value': 36}]}"
1200553008,SHORT,45000,2,,,{'id': 152550}
1200553010,SHORT,,1,46294100,,"{'id': 171444, 'context': 13, 'bonus_lists': [6893, 7185], 'modifiers': [{'type': 9, 'value': 60}, {'type': 28, 'value': 391}, {'type': 29, 'value': 49}, {'type': 30, 'value': 32}]}"
1200553013,VERY_LONG,,1,27543800,,"{'id': 6053, 'context': 14, 'modifiers': [{'type': 28, 'value': 13}]}"
1200553019,SHORT,,1,95845600,,"{'id': 171445, 'context': 13, 'bonus_lists': [6893, 7185], 'modifiers': [{'type': 9, 'value': 60}, {'type': 28, 'value': 391}, {'type': 29, 'value': 32}, {'type': 30, 'value': 49}]}"
1200553023,VERY_LONG,1500,1,,,{'id': 113262}
1200553024,VERY_LONG,,1,81230400,,"{'id': 87498, 'context': 1, 'bonus_lists': [6658], 'modifiers': [{'type': 9, 'value': 35}, {'type': 28, 'value': 267}]}"
1200553029,SHORT,,1,75001400,,"{'id': 171448, 'context': 13, 'bonus_lists': [6893, 7185], 'modifiers': [{'type': 9, 'value': 60}, {'type': 28, 'value': 391}, {'type': 29, 'value': 49}, {'type': 30, 'value': 32}]}"
1200553036,SHORT,,1,32408700,,"{'id': 173218, 'context': 0, 'bonus_lists': [6893, 7185], 'modifiers': [{'type': 9, 'value': 60}, {'type': 28, 'value': 391}, {'type': 29, 'value': 32}, {'type': 30, 'value': 40}]}"
1200553041,VERY_LONG,,1,12952100,,"{'id': 177770, 'context': 0, 'bonus_lists': [6907, 42, 6935, 1699], 'modifiers': [{'type': 9, 'value': 60}, {'type': 28, 'value': 1707}]}"
1200553046,SHORT,,1,52740400,,"{'id': 172261, 'context': 13, 'bonus_lists': [6893, 7185], 'modifiers': [{'type': 9, 'value': 60}, {'type': 28, 'value': 391}, {'type': 29, 'value': 49}, {'type': 30, 'value': 36}]}"
1200553050,SHORT,,1,55258400,,"{'id': 172263, 'context': 13, 'bonus_lists': [6893, 7185], 'modifiers': [{'type': 9, 'value': 60}, {'type': 28, 'value': 391}, {'type': 29, 'value': 40}, {'type': 30, 'value': 36}]}"
1200553052,VERY_LONG,240000,34,,,{'id': 30183}
1200553058,SHORT,,1,44061100,,"{'id': 172258, 'context': 13, 'bonus_lists': [6893, 7185], 'modifiers': [{'type': 9, 'value': 60}, {'type': 28, 'value': 391}, {'type': 29, 'value': 40}, {'type': 30, 'value': 36}]}"
1200553061,SHORT,,1,39010900,,"{'id': 172259, 'context': 13, 'bonus_lists': [6893, 7185], 'modifiers': [{'type': 9, 'value': 60}, {'type': 28, 'value': 391}, {'type': 29, 'value': 36}, {'type': 30, 'value': 40}]}"
1200553064,SHORT,,1,45792900,,"{'id': 172260, 'context': 13, 'bonus_lists': [6893, 7185], 'modifiers': [{'type': 9, 'value': 60}, {'type': 28, 'value': 391}, {'type': 29, 'value': 32}, {'type': 30, 'value': 40}]}"
1200553066,SHORT,16500,2,,,{'id': 173041}
1200553071,VERY_LONG,95000,1,,,{'id': 168193}
1200553076,SHORT,,1,26053700,,"{'id': 173215, 'context': 0, 'bonus_lists': [6893], 'modifiers': [{'type': 9, 'value': 60}, {'type': 28, 'value': 391}, {'type': 29, 'value': 32}, {'type': 30, 'value': 36}]}"
1200553080,VERY_LONG,,1,107393300,,"{'id': 106482, 'context': 1, 'bonus_lists': [6654, 114], 'modifiers': [{'type': 9, 'value': 40}, {'type': 28, 'value': 270}]}"
1200553084,VERY_LONG,5716900,121,,,{'id': 173170}
1200553087,VERY_LONG,155500,1,,,{'id': 4404}
1200554102,SHORT,515000,1,,,{'id': 173039}
1200554109,VERY_LONG,3000000,15,,,{'id': 74659}
1200554113,VERY_LONG,,1,140016700,,"{'id': 106580, 'context': 2, 'bonus_lists': [6654, 57], 'modifiers': [{'type': 9, 'value': 40}, {'type': 28, 'value': 1145}]}"
1200554116,VERY_LONG,388800,4603,,,{'id': 168589}
1200554124,VERY_LONG,99900,7,,,{'id': 4359}
1200554138,VERY_LONG,,1,64171600,,"{'id': 36610, 'context': 0, 'bonus_lists': [1705]}"
1200554142,VERY_LONG,2400,56,,,{'id': 71998}
1200554149,VERY_LONG,,1,99999900,,"{'id': 82800, 'context': 0, 'modifiers': [{'type': 6, 'value': 73663}], 'pet_breed_id': 9, 'pet_level': 1, 'pet_quality_id': 3, 'pet_species_id': 1953}"
1200554159,VERY_LONG,88800,3846,,,{'id': 169701}
1200554175,SHORT,,1,44095600,,"{'id': 172262, 'context': 13, 'bonus_lists': [6893, 7185], 'modifiers': [{'type': 9, 'value': 60}, {'type': 28, 'value': 391}, {'type': 29, 'value': 32}, {'type': 30, 'value': 40}]}"
1200554179,VERY_LONG,,1,12072700,,"{'id': 106736, 'context': 2, 'bonus_lists': [6654, 55], 'modifiers': [{'type': 9, 'value': 40}, {'type': 28, 'value': 1138}]}"
1200554189,VERY_LONG,1756300,170,,,{'id': 173173}
1200554192,VERY_LONG,518800,822,,,{'id': 171315}
1200554208,SHORT,,1,29999900,,"{'id': 173220, 'context': 0, 'bonus_lists': [6893, 7185], 'modifiers': [{'type': 9, 'value': 60}, {'type': 28, 'value': 391}, {'type': 29, 'value': 36}, {'type': 30, 'value': 49}]}"
1200554214,VERY_LONG,,1,399518500,,"{'id': 4355, 'context': 14, 'modifiers': [{'type': 28, 'value': 23}]}"
1200554218,VERY_LONG,75500,65,,,{'id': 171828}
1200554220,SHORT,,1,149995400,,"{'id': 173241, 'context': 64, 'bonus_lists': [6717, 1507]}"
1200554236,SHORT,,1,199998500,,"{'id': 173241, 'context': 65, 'bonus_lists': [6718, 1522]}"
1200554247,VERY_LONG,198600,548,,,{'id': 171830}
1200554248,VERY_LONG,,1,109089600,,"{'id': 12164, 'context': 14, 'modifiers': [{'type': 28, 'value': 18}]}"
1200554258,VERY_LONG,,1,94395100,,"{'id': 106410, 'context': 1, 'bonus_lists': [6654, 34], 'modifiers': [{'type': 9, 'value': 40}, {'type': 28, 'value': 270}]}"
1200554267,VERY_LONG,,1,74476700,,"{'id': 106692, 'context': 1, 'bonus_lists': [6654, 161], 'modifiers': [{'type': 9, 'value': 40}, {'type': 28, 'value': 271}]}"
1200554275,VERY_LONG,,1,282914200,,"{'id': 93228, 'context': 0}"
1200554279,SHORT,,1,550008600,,"{'id': 173245, 'context': 66, 'bonus_lists': [6758, 7193, 1532]}"
1200554283,VERY_LONG,,1,38954700,,"{'id': 1726, 'context': 54, 'bonus_lists': [4273], 'modifiers': [{'type': 9, 'value': 50}]}"
1200554286,VERY_LONG,,1,5009100,,"{'id': 182690, 'context': 0, 'bonus_lists': [6908, 6652], 'modifiers': [{'type': 9, 'value': 60}, {'type': 28, 'value': 1707}]}"
1200554290,SHORT,,1,349998900,,"{'id': 173247, 'context': 65, 'bonus_lists': [6718, 1522]}"
1200554292,VERY_LONG,500,469,,,{'id': 171840}
1200554309,SHORT,,1,297949000,,"{'id': 173247, 'context': 66, 'bonus_lists': [6758, 1532]}"
1200554340,VERY_LONG,750000,33,,,{'id': 49908}
1200554375,VERY_LONG,302100,22,,,{'id': 4389}
1200554398,VERY_LONG,30000,63,,,{'id': 153705}
1200554412,VERY_LONG,29200,3,,,{'id': 12800}
1200554432,SHORT,,1,378000000,,"{'id': 178927, 'context': 64, 'bonus_lists': [6717, 7194, 1507]}"
1200554433,VERY_LONG,10000,8,,,{'id': 16000}
1200554448,VERY_LONG,3930000,81,,,{'id': 42253}
1200554458,VERY_LONG,5000,32,,,{'id': 7910}
1200554460,SHORT,44948000,1,,,{'id': 128315}
1200554467,VERY_LONG,26500,66,,,{'id': 153700}
1200554468,SHORT,7800000,1,,,{'id': 181468}
1200554472,VERY_LONG,200,9,,,{'id': 1288}
1200554475,VERY_LONG,,1,416000000,,"{'id': 82800, 'context': 0, 'modifiers': [{'type': 6, 'value': 99879}], 'pet_breed_id': 5, 'pet_level': 1, 'pet_quality_id': 2, 'pet_species_id': 2923}"
1200554501,VERY_LONG,45300,41,,,{'id': 153702}
1200554510,VERY_LONG,198600,24,,,{'id': 171830}
1200554521,VERY_LONG,349500,79,,,{'id': 171832}
1200554704,VERY_LONG,,1,4798300,,"{'id': 159604, 'context': 0, 'bonus_lists': [6655, 1701], 'modifiers': [{'type': 9, 'value': 13}, {'type': 28, 'value': 186}]}"
1200554774,VERY_LONG,,1,1462900,,"{'id': 159587, 'context': 0, 'bonus_lists': [6655, 1690], 'modifiers': [{'type': 9, 'value': 37}, {'type': 28, 'value': 186}]}"
1200554793,SHORT,349500,5,,,{'id': 171832}
1200554806,SHORT,88800,35,,,{'id': 169701}
1200554817,VERY_LONG,,1,5000000,,"{'id': 159504, 'context': 0, 'bonus_lists': [6655, 1703], 'modifiers': [{'type': 9, 'value': 39}, {'type': 28, 'value': 187}]}"
1200554849,VERY_LONG,,1,2260000,,"{'id': 159501, 'context': 0, 'bonus_lists': [6655, 1707], 'modifiers': [{'type': 9, 'value': 39}, {'type': 28, 'value': 187}]}"
1200554929,SHORT,518800,1,,,{'id': 171315}
1200555021,VERY_LONG,,1,2850000,,"{'id': 175553, 'context': 0, 'bonus_lists': [6907, 1696], 'modifiers': [{'type': 9, 'value': 56}, {'type': 28, 'value': 1237}]}"
1200555054,VERY_LONG,,1,13460000,,"{'id': 169422, 'context': 0, 'bonus_lists': [6654, 1705], 'modifiers': [{'type': 9, 'value': 50}, {'type': 28, 'value': 690}]}"
1200555091,VERY_LONG,710000,10,,,{'id': 172231}
1200556104,VERY_LONG,,1,5000000,,"{'id': 169398, 'context': 0, 'bonus_lists': [6654, 43, 1684], 'modifiers': [{'type': 9, 'value': 50}, {'type': 28, 'value': 690}]}"
1200556118,VERY_LONG,7770000,20,,,{'id': 181468}
1200556131,SHORT,710000,10,,,{'id': 172231}
1200556154,VERY_LONG,510000,2,,,{'id': 171315}
1200556215,VERY_LONG,,1,5003000,,"{'id': 159167, 'context': 0, 'bonus_lists': [6654, 1714], 'modifiers': [{'type': 9, 'value': 18}, {'type': 28, 'value': 186}]}"
1200556217,SHORT,,1,3790000,,"{'id': 82800, 'context': 0, 'modifiers': [{'type': 6, 'value': 15992}], 'pet_breed_id': 5, 'pet_level': 1, 'pet_quality_id': 2, 'pet_species_id': 122}"
1200556248,VERY_LONG,,1,5000000,,"{'id': 159802, 'context': 0, 'bonus_lists': [6655, 1699], 'modifiers': [{'type': 9, 'value': 18}, {'type': 28, 'value': 186}]}"
1200556284,VERY_LONG,,1,480000,,"{'id': 159163, 'context': 0, 'bonus_lists': [6654, 1685], 'modifiers': [{'type': 9, 'value': 38}, {'type': 28, 'value': 186}]}"
1200556306,VERY_LONG,,1,226800,,"{'id': 159162, 'context': 0, 'bonus_lists': [6654, 1690], 'modifiers': [{'type': 9, 'value': 33}, {'type': 28, 'value': 186}]}"
1200556329,VERY_LONG,,1,2003900,,"{'id': 159185, 'context': 0, 'bonus_lists': [6654, 1695], 'modifiers': [{'type': 9, 'value': 38}, {'type': 28, 'value': 186}]}"
1200556337,VERY_LONG,,1,250000000,,"{'id': 4724, 'context': 0}"
1200556340,VERY_LONG,,1,11999900,,"{'id': 82800, 'context': 0, 'modifiers': [{'type': 6, 'value': 44551}], 'pet_breed_id': 16, 'pet_level': 1, 'pet_quality_id': 2, 'pet_species_id': 1039}"
1200556343,VERY_LONG,485300,1,,,{'id': 38785}
1200556346,VERY_LONG,,1,20000000,,"{'id': 82800, 'context': 0, 'modifiers': [{'type': 6, 'value': 46905}], 'pet_breed_id': 4, 'pet_level': 6, 'pet_quality_id': 3, 'pet_species_id': 1153}"
1200556349,VERY_LONG,,1,800000,,"{'id': 82800, 'context': 0, 'modifiers': [{'type': 6, 'value': 81098}], 'pet_breed_id': 6, 'pet_level': 1, 'pet_quality_id': 3, 'pet_species_id': 2472}"
1200556351,VERY_LONG,,1,800000,,"{'id': 82800, 'context': 0, 'modifiers': [{'type': 6, 'value': 81098}], 'pet_breed_id': 6, 'pet_level': 1, 'pet_quality_id': 3, 'pet_species_id': 2472}"
1200556355,VERY_LONG,,1,500000000,,"{'id': 82106, 'context': 0, 'bonus_lists': [1694]}"
1200556361,VERY_LONG,16880000,1,,,{'id': 137249}
1200556364,VERY_LONG,,1,1500000,,"{'id': 82800, 'context': 0, 'modifiers': [{'type': 6, 'value': 62216}], 'pet_breed_id': 20, 'pet_level': 1, 'pet_quality_id': 2, 'pet_species_id': 1711}"
1200556370,VERY_LONG,,1,250000000,,"{'id': 82800, 'context': 0, 'modifiers': [{'type': 6, 'value': 59885}], 'pet_breed_id': 3, 'pet_level': 6, 'pet_quality_id': 3, 'pet_species_id': 1536}"
1200556373,VERY_LONG,,1,2360000,,"{'id': 154842, 'context': 0, 'bonus_lists': [6654, 1715], 'modifiers': [{'type': 9, 'value': 46}, {'type': 28, 'value': 187}]}"
1200556374,VERY_LONG,,1,250000000,,"{'id': 914, 'context': 0}"
1200556381,VERY_LONG,,1,250000000,,"{'id': 914, 'context': 0}"
1200556384,VERY_LONG,,1,250000000,,"{'id': 5969, 'context': 0}"
1200556387,VERY_LONG,,1,100000000,,"{'id': 1997, 'context': 0}"
1200556391,VERY_LONG,18135300,2,,,{'id': 137239}
1200556393,VERY_LONG,,1,100000000,,"{'id': 43453, 'context': 0}"
1200556395,VERY_LONG,,1,499999800,,"{'id': 94577, 'context': 0}"
1200556398,VERY_LONG,,1,8000000,,"{'id': 82800, 'context': 0, 'modifiers': [{'type': 6, 'value': 88008}], 'pet_breed_id': 14, 'pet_level': 1, 'pet_quality_id': 3, 'pet_species_id': 2454}"
1200556403,VERY_LONG,16876000,2,,,{'id': 137267}
1200556406,VERY_LONG,,1,250000000,,"{'id': 2621, 'context': 0}"
1200556410,VERY_LONG,99998600,1,,,{'id': 38904}
1200556419,VERY_LONG,,1,12601200,,"{'id': 154851, 'context': 0, 'bonus_lists': [6654, 1695], 'modifiers': [{'type': 9, 'value': 39}, {'type': 28, 'value': 187}]}"
1200556422,VERY_LONG,449800,5,,,{'id': 172096}
1200556450,VERY_LONG,,1,10100,,"{'id': 174780, 'context': 0, 'modifiers': [{'type': 28, 'value': 957}]}"
1200556464,VERY_LONG,343000,4,,,{'id': 154126}
1200556493,VERY_LONG,50000,1,,,{'id': 153435}
1200556495,VERY_LONG,139500,59,,,{'id': 171829}
1200556512,VERY_LONG,50000,1,,,{'id': 153435}
1200556541,VERY_LONG,1250000,1,,,{'id': 172937}
1200556556,SHORT,,1,2300000000,,"{'id': 163573, 'context': 0}"
1200556560,VERY_LONG,49900,1,,,{'id': 153435}
1200556568,VERY_LONG,88500,10,,,{'id': 169701}
1200556572,VERY_LONG,518800,30,,,{'id': 171315}
1200556577,SHORT,,1,8009500,,"{'id': 82800, 'context': 0, 'modifiers': [{'type': 6, 'value': 28502}], 'pet_breed_id': 5, 'pet_level': 1, 'pet_quality_id': 3, 'pet_species_id': 1511}"
1200556602,VERY_LONG,,1,990000,,"{'id': 171444, 'context': 13, 'bonus_lists': [6893], 'modifiers': [{'type': 9, 'value': 60}, {'type': 28, 'value': 391}, {'type': 29, 'value': 40}, {'type': 30, 'value': 32}]}"
1200556606,VERY_LONG,,1,990000,,"{'id': 171444, 'context': 13, 'bonus_lists': [6893], 'modifiers': [{'type': 9, 'value': 60}, {'type': 28, 'value': 391}, {'type': 29, 'value': 36}, {'type': 30, 'value': 32}]}"
1200556609,VERY_LONG,,1,990000,,"{'id': 171444, 'context': 13, 'bonus_lists': [6893], 'modifiers': [{'type': 9, 'value': 60}, {'type': 28, 'value': 391}, {'type': 29, 'value': 36}, {'type': 30, 'value': 40}]}"
1200556632,SHORT,5000,200,,,{'id': 110609}
1200556640,VERY_LONG,200000,1,,,{'id': 153434}
1200556651,SHORT,,1,5140500,,"{'id': 82800, 'context': 0, 'modifiers': [{'type': 6, 'value': 99114}], 'pet_breed_id': 8, 'pet_level': 1, 'pet_quality_id': 3, 'pet_species_id': 3046}"
1200556667,SHORT,,1,163776300,,"{'id': 82800, 'context': 0, 'modifiers': [{'type': 6, 'value': 78849}], 'pet_breed_id': 5, 'pet_level': 1, 'pet_quality_id': 3, 'pet_species_id': 2577}"
1200556691,SHORT,8500,200,,,{'id': 109119}
1200556692,VERY_LONG,,1,12912600,,"{'id': 171448, 'context': 13, 'bonus_lists': [6893], 'modifiers': [{'type': 9, 'value': 60}, {'type': 28, 'value': 391}, {'type': 29, 'value': 32}, {'type': 30, 'value': 49}]}"
1200556696,VERY_LONG,,1,12912600,,"{'id': 171448, 'context': 13, 'bonus_lists': [6893], 'modifiers': [{'type': 9, 'value': 60}, {'type': 28, 'value': 391}, {'type': 29, 'value': 49}, {'type': 30, 'value': 32}]}"
1200556714,SHORT,300,65,,,{'id': 154722}
1200556737,SHORT,6600,17,,,{'id': 109693}
1200556750,VERY_LONG,8000000,1,,,{'id': 141909}
1200556753,SHORT,5000,52,,,{'id': 110609}
1200556817,SHORT,379900,2,,,{'id': 109585}
1200556830,SHORT,,1,599900,,"{'id': 128316, 'context': 31, 'modifiers': [{'type': 28, 'value': 176}]}"
1200556833,VERY_LONG,210000,1,,,{'id': 128540}
1200556861,SHORT,,1,1623900,,"{'id': 82800, 'context': 0, 'modifiers': [{'type': 6, 'value': 63446}], 'pet_breed_id': 14, 'pet_level': 1, 'pet_quality_id': 3, 'pet_species_id': 1662}"
1200556869,VERY_LONG,210000,1,,,{'id': 128540}
1200556893,VERY_LONG,210000,1,,,{'id': 128540}
1200556911,VERY_LONG,150000,1,,,{'id': 124125}
1200556924,VERY_LONG,430000,1,,,{'id': 154169}
1200556959,VERY_LONG,,1,600000000,,"{'id': 184785, 'context': 0, 'bonus_lists': [6652, 7193, 1472, 6646], 'modifiers': [{'type': 28, 'value': 1707}]}"
1200556973,VERY_LONG,52321600,2,,,{'id': 139312}
1200556978,VERY_LONG,15516400,2,,,{'id': 136826}
1200556982,VERY_LONG,,1,44999900,,"{'id': 82800, 'context': 0, 'modifiers': [{'type': 6, 'value': 46896}], 'pet_breed_id': 9, 'pet_level': 1, 'pet_quality_id': 3, 'pet_species_id': 1144}"
1200556987,SHORT,158900,5,,,{'id': 153714}
1200556991,VERY_LONG,,1,230000000,,"{'id': 82800, 'context': 0, 'modifiers': [{'type': 6, 'value': 38473}], 'pet_breed_id': 4, 'pet_level': 1, 'pet_quality_id': 2, 'pet_species_id': 1517}"
1200556994,VERY_LONG,,1,250000000,,"{'id': 87562, 'context': 0}"
1200557002,VERY_LONG,,1,100000000,,"{'id': 116171, 'context': 13, 'bonus_lists': [224, 525, 536]}"
1200557006,VERY_LONG,,1,28987000,,"{'id': 82800, 'context': 0, 'modifiers': [{'type': 6, 'value': 59578}], 'pet_breed_id': 14, 'pet_level': 1, 'pet_quality_id': 3, 'pet_species_id': 1530}"
1200557011,VERY_LONG,,1,28987000,,"{'id': 82800, 'context': 0, 'modifiers': [{'type': 6, 'value': 59578}], 'pet_breed_id': 14, 'pet_level': 1, 'pet_quality_id': 3, 'pet_species_id': 1530}"
1200557015,VERY_LONG,,1,28987000,,"{'id': 82800, 'context': 0, 'modifiers': [{'type': 6, 'value': 59578}], 'pet_breed_id': 14, 'pet_level': 1, 'pet_quality_id': 3, 'pet_species_id': 1530}"
1200557019,VERY_LONG,,1,499999800,,"{'id': 22383, 'context': 0}"
1200557022,VERY_LONG,20000000,4,,,{'id': 183823}
1200557029,VERY_LONG,4899400,2,,,{'id': 38929}
1200557031,VERY_LONG,760000,1,,,{'id': 87888}
1200557034,VERY_LONG,13329900,2,,,{'id': 167539}
1200557037,VERY_LONG,,1,20000000,,"{'id': 82800, 'context': 0, 'modifiers': [{'type': 6, 'value': 60016}], 'pet_breed_id': 20, 'pet_level': 5, 'pet_quality_id': 3, 'pet_species_id': 1541}"
1200557042,VERY_LONG,,1,250000000,,"{'id': 3392, 'context': 0}"
1200557049,VERY_LONG,10200000,5,,,{'id': 87560}
1200557053,VERY_LONG,,1,20000000,,"{'id': 82800, 'context': 0, 'modifiers': [{'type': 6, 'value': 62440}], 'pet_breed_id': 13, 'pet_level': 5, 'pet_quality_id': 3, 'pet_species_id': 1655}"
1200557057,VERY_LONG,,1,12999900,,"{'id': 82800, 'context': 0, 'modifiers': [{'type': 6, 'value': 88040}], 'pet_breed_id': 14, 'pet_level': 1, 'pet_quality_id': 2, 'pet_species_id': 2464}"
1200557062,VERY_LONG,,1,12999900,,"{'id': 82800, 'context': 0, 'modifiers': [{'type': 6, 'value': 88040}], 'pet_breed_id': 14, 'pet_level': 1, 'pet_quality_id': 2, 'pet_species_id': 2464}"
1200557064,VERY_LONG,,1,250000000,,"{'id': 82800, 'context': 0, 'modifiers': [{'type': 6, 'value': 88064}], 'pet_breed_id': 14, 'pet_level': 1, 'pet_quality_id': 3, 'pet_species_id': 2473}"
1200557070,VERY_LONG,,1,250000000,,"{'id': 82800, 'context': 0, 'modifiers': [{'type': 6, 'value': 88064}], 'pet_breed_id': 14, 'pet_level': 1, 'pet_quality_id': 3, 'pet_species_id': 2473}"
1200557071,VERY_LONG,495000,41,,,{'id': 173036}
1200557073,SHORT,931600,10,,,{'id': 127004}
1200557074,VERY_LONG,355400,2,,,{'id': 159466}
1200557075,VERY_LONG,,1,20000000,,"{'id': 82800, 'context': 0, 'modifiers': [{'type': 6, 'value': 45878}], 'pet_breed_id': 9, 'pet_level': 5, 'pet_quality_id': 3, 'pet_species_id': 293}"
1200557077,VERY_LONG,19900,3,,,{'id': 109184}
1200557078,VERY_LONG,2430000,2,,,{'id': 77101}
1200557081,VERY_LONG,710000,1,,,{'id': 172231}
1200557083,VERY_LONG,,1,6492000,,"{'id': 82800, 'context': 0, 'modifiers': [{'type': 6, 'value': 71835}], 'pet_breed_id': 8, 'pet_level': 1, 'pet_quality_id': 3, 'pet_species_id': 1721}"
1200557086,VERY_LONG,,1,6492000,,"{'id': 82800, 'context': 0, 'modifiers': [{'type': 6, 'value': 71835}], 'pet_breed_id': 8, 'pet_level': 1, 'pet_quality_id': 3, 'pet_species_id': 1721}"
1200557087,VERY_LONG,,1,750000000,,"{'id': 65891, 'context': 0}"
1200557089,VERY_LONG,98500,4,,,{'id': 153441}
1200557093,VERY_LONG,,1,20000000,,"{'id': 128885, 'context': 13, 'bonus_lists': [669, 600, 689, 1705, 3408]}"
1200557096,VERY_LONG,1990000,2,,,{'id': 85221}
1200557098,VERY_LONG,2044000,1,,,{'id': 38934}
1200557100,VERY_LONG,,1,10008600,,"{'id': 82800, 'context': 0, 'modifiers': [{'type': 6, 'value': 55679}], 'pet_breed_id': 14, 'pet_level': 1, 'pet_quality_id': 3, 'pet_species_id': 1412}"
1200558101,VERY_LONG,20000000,1,,,{'id': 52777}
1200558102,VERY_LONG,200000,8,,,{'id': 182737}
1200558104,VERY_LONG,,1,250000000,,"{'id': 44696, 'context': 0, 'bonus_lists': [1706]}"
1200558106,SHORT,18900,17,,,{'id': 133576}
1200558107,VERY_LONG,2189400,1,,,{'id': 74701}
1200558109,VERY_LONG,,1,20000000,,"{'id': 82800, 'context': 0, 'modifiers': [{'type': 6, 'value': 22778}], 'pet_breed_id': 5, 'pet_level': 10, 'pet_quality_id': 2, 'pet_species_id': 254}"
1200558111,VERY_LONG,,1,250000000,,"{'id': 20652, 'context': 0, 'bonus_lists': [1681]}"
1200558114,VERY_LONG,21780000,2,,,{'id': 139289}
1200558115,VERY_LONG,20000000,5,,,{'id': 171264}
1200558117,VERY_LONG,1899900,4,,,{'id': 104108}
1200558118,VERY_LONG,184500,1,,,{'id': 172934}
1200558121,VERY_LONG,,1,100000000,,"{'id': 109168, 'context': 13, 'bonus_lists': [532, 525, 97]}"
1200558124,VERY_LONG,,1,100000000,,"{'id': 43565, 'context': 0}"
1200558125,VERY_LONG,13916800,4,,,{'id': 137238}
1200558127,VERY_LONG,,1,20000000,,"{'id': 82800, 'context': 0, 'modifiers': [{'type': 6, 'value': 98466}], 'pet_breed_id': 7, 'pet_level': 1, 'pet_quality_id': 2, 'pet_species_id': 3013}"
1200558128,VERY_LONG,99000,20,,,{'id': 154883}
1200558130,VERY_LONG,,1,20000000,,"{'id': 82800, 'context': 0, 'modifiers': [{'type': 6, 'value': 98466}], 'pet_breed_id': 14, 'pet_level': 1, 'pet_quality_id': 2, 'pet_species_id': 3013}"
1200558134,VERY_LONG,,1,250000000,,"{'id': 132538, 'context': 0}"
1200558137,VERY_LONG,,1,66614500,,"{'id': 82800, 'context': 0, 'modifiers': [{'type': 6, 'value': 54511}], 'pet_breed_id': 16, 'pet_level': 1, 'pet_quality_id': 3, 'pet_species_id': 1394}"
1200558139,VERY_LONG,12700,1,,,{'id': 172935}
1200558140,VERY_LONG,,1,250000000,,"{'id': 82800, 'context': 0, 'modifiers': [{'type': 6, 'value': 74036}], 'pet_breed_id': 12, 'pet_level': 1, 'pet_quality_id': 3, 'pet_species_id': 1984}"
1200558141,VERY_LONG,,1,12993000,,"{'id': 82800, 'context': 0, 'modifiers': [{'type': 6, 'value': 9905}], 'pet_breed_id': 7, 'pet_level': 1, 'pet_quality_id': 3, 'pet_species_id': 286}"
1200558143,VERY_LONG,,1,12993000,,"{'id': 82800, 'context': 0, 'modifiers': [{'type': 6, 'value': 9905}], 'pet_breed_id': 7, 'pet_level': 1, 'pet_quality_id': 3, 'pet_species_id': 286}"
1200558145,VERY_LONG,,1,20000000,,"{'id': 82800, 'context': 0, 'modifiers': [{'type': 6, 'value': 64194}], 'pet_breed_id': 3, 'pet_level': 6, 'pet_quality_id': 3, 'pet_species_id': 1687}"
1200558147,VERY_LONG,50000,14,,,{'id': 154889}
1200558148,VERY_LONG,,1,3009800,,"{'id': 82800, 'context': 0, 'modifiers': [{'type': 6, 'value': 64194}], 'pet_breed_id': 3, 'pet_level': 1, 'pet_quality_id': 3, 'pet_species_id': 1687}"
1200558149,VERY_LONG,,1,3009800,,"{'id': 82800, 'context': 0, 'modifiers': [{'type': 6, 'value': 64194}], 'pet_breed_id': 3, 'pet_level': 1, 'pet_quality_id': 3, 'pet_species_id': 1687}"
1200558150,VERY_LONG,,1,500000000,,"{'id': 20655, 'context': 0, 'bonus_lists': [1707]}"
1200558152,VERY_LONG,,1,20000000,,"{'id': 82800, 'context': 0, 'modifiers': [{'type': 6, 'value': 99899}], 'pet_breed_id': 17, 'pet_level': 1, 'pet_quality_id': 2, 'pet_species_id': 2925}"
1200558155,VERY_LONG,,1,13018500,,"{'id': 82800, 'context': 0, 'modifiers': [{'type': 6, 'value': 48666}], 'pet_breed_id': 12, 'pet_level': 1, 'pet_quality_id': 3, 'pet_species_id': 1231}"
1200558157,VERY_LONG,,1,3739900,,"{'id': 7945, 'context': 0}"
1200558159,VERY_LONG,,1,249800,,"{'id': 82800, 'context': 0, 'modifiers': [{'type': 6, 'value': 15904}], 'pet_breed_id': 3, 'pet_level': 1, 'pet_quality_id': 2, 'pet_species_id': 118}"
1200558162,VERY_LONG,,1,249800,,"{'id': 82800, 'context': 0, 'modifiers': [{'type': 6, 'value': 15904}], 'pet_breed_id': 3, 'pet_level': 1, 'pet_quality_id': 2, 'pet_species_id': 118}"
1200558165,VERY_LONG,,1,100000000,,"{'id': 93489, 'context': 0}"
1200558167,VERY_LONG,19998600,3,,,{'id': 38986}
1200558170,VERY_LONG,,1,50000000,,"{'id': 113270, 'context': 13, 'bonus_lists': [226, 525, 530]}"
1200558173,VERY_LONG,,1,1755400,,"{'id': 82800, 'context': 0, 'modifiers': [{'type': 6, 'value': 79797}], 'pet_breed_id': 4, 'pet_level': 1, 'pet_quality_id': 3, 'pet_species_id': 2119}"
1200558177,VERY_LONG,20000000,2,,,{'id': 52769}
1200558179,VERY_LONG,,1,250000000,,"{'id': 82800, 'context': 0, 'modifiers': [{'type': 6, 'value': 57824}], 'pet_breed_id': 21, 'pet_level': 6, 'pet_quality_id': 3, 'pet_species_id': 1432}"
1200558181,VERY_LONG,5600000,5,,,{'id': 83006}
1200558184,VERY_LONG,,1,1623900,,"{'id': 82800, 'context': 0, 'modifiers': [{'type': 6, 'value': 63446}], 'pet_breed_id': 14, 'pet_level': 1, 'pet_quality_id': 3, 'pet_species_id': 1662}"
1200558187,VERY_LONG,20000000,3,,,{'id': 38871}
1200558195,VERY_LONG,,1,250000000,,"{'id': 2566, 'context': 0}"
1200558201,VERY_LONG,940000,10,,,{'id': 133681}
1200558225,VERY_LONG,,1,550000000,,"{'id': 184788, 'context': 1, 'bonus_lists': [43, 7193, 1472, 6646], 'modifiers': [{'type': 28, 'value': 747}]}"
1200558226,VERY_LONG,30000,25,,,{'id': 171263}
1200558229,VERY_LONG,9000,2,,,{'id': 127834}
1200558247,VERY_LONG,7770000,8,,,{'id': 181468}
1200558255,VERY_LONG,600,1,,,{'id': 43465}
1200558262,VERY_LONG,499900,1,,,{'id': 128314}
1200558275,VERY_LONG,1000000,1,,,{'id': 172936}
1200558288,VERY_LONG,100000,3,,,{'id': 9312}
1200558297,VERY_LONG,1000000,1,,,{'id': 172937}
1200558302,VERY_LONG,1000000,1,,,{'id': 173102}
1200558305,VERY_LONG,710000,4,,,{'id': 172231}
1200558314,VERY_LONG,940000,1,,,{'id': 160484}
1200558321,VERY_LONG,771000,1,,,{'id': 173097}
1200558328,VERY_LONG,655000,1,,,{'id': 173084}
1200558330,VERY_LONG,46900,15,,,{'id': 152875}
1200558340,VERY_LONG,150000,200,,,{'id': 171830}
1200558342,VERY_LONG,18500,3,,,{'id': 115504}
1200558346,VERY_LONG,20000,1,,,{'id': 76097}
1200558354,VERY_LONG,100,2,,,{'id': 124439}
1200558373,VERY_LONG,349500,1,,,{'id': 171832}
1200558384,VERY_LONG,40000,2,,,{'id': 152497}
1200558398,VERY_LONG,150000,2,,,{'id': 171830}
1200558403,VERY_LONG,139500,1,,,{'id': 171829}
1200558407,VERY_LONG,150000,2,,,{'id': 171830}
1200558417,VERY_LONG,139500,26,,,{'id': 171829}
1200558443,VERY_LONG,50000,7,,,{'id': 175241}
1200558484,VERY_LONG,180000,5,,,{'id': 7307}
1200558524,VERY_LONG,,1,199900000,,"{'id': 171418, 'context': 65, 'bonus_lists': [6718, 7194, 1522]}"
1200558529,VERY_LONG,550000,2,,,{'id': 118711}
1200558557,VERY_LONG,150000,1,,,{'id': 6372}
1200558574,VERY_LONG,,1,9900,,"{'id': 34498, 'context': 11, 'modifiers': [{'type': 28, 'value': 391}]}"
1200558576,VERY_LONG,,1,9900,,"{'id': 34498, 'context': 11}"
1200558608,VERY_LONG,200000,1,,,{'id': 163223}
1200558630,VERY_LONG,5000,1,,,{'id': 22829}
1200558648,VERY_LONG,20000,7,,,{'id': 152494}
1200558653,SHORT,5000,1,,,{'id': 32428}
1200558659,VERY_LONG,4600,15,,,{'id': 118006}
1200558663,SHORT,248800,1,,,{'id': 32229}
1200558670,SHORT,99500,2,,,{'id': 22446}
1200558699,VERY_LONG,50000,34,,,{'id': 153490}
1200558727,VERY_LONG,20000,1,,,{'id': 153494}
1200558757,VERY_LONG,60000,7,,,{'id': 118632}
1200558783,VERY_LONG,20000,2,,,{'id': 127835}
1200558792,SHORT,52300,2,,,{'id': 173110}
1200558805,SHORT,1341300,9,,,{'id': 172439}
1200558831,VERY_LONG,,1,100000,,"{'id': 87216, 'context': 11}"
1200558844,VERY_LONG,3100,4,,,{'id': 118007}
1200558852,SHORT,347800,5,,,{'id': 171832}
1200558861,VERY_LONG,6200,11,,,{'id': 168650}
1200558866,SHORT,,1,348300,,"{'id': 32737, 'context': 22, 'modifiers': [{'type': 28, 'value': 1014}]}"
1200558879,SHORT,6500,7,,,{'id': 180430}
1200558890,VERY_LONG,8600,28,,,{'id': 167738}
1200558925,VERY_LONG,,1,750000000,500000000,"{'id': 87514, 'context': 0}"
1200559007,VERY_LONG,,1,750000000,500000000,"{'id': 87422, 'context': 0}"
1200559033,VERY_LONG,,1,20000000,,"{'id': 86843, 'context': 0}"
1200559045,VERY_LONG,382200,2,,,{'id': 38949}
1200559054,VERY_LONG,50000000,1,,,{'id': 38828}
1200559062,VERY_LONG,2630000,20,,,{'id': 77468}
1200559066,VERY_LONG,,1,100000000,,"{'id': 85842, 'context': 0, 'bonus_lists': [1693]}"
1200559071,VERY_LONG,,1,20000000,,"{'id': 85841, 'context': 0, 'bonus_lists': [1691]}"
1200559080,VERY_LONG,,1,100000000,,"{'id': 82800, 'context': 0, 'modifiers': [{'type': 6, 'value': 57825}], 'pet_breed_id': 13, 'pet_level': 5, 'pet_quality_id': 3, 'pet_species_id': 1434}"
1200559087,VERY_LONG,,1,250000000,,"{'id': 82800, 'context': 0, 'modifiers': [{'type': 6, 'value': 21382}], 'pet_breed_id': 3, 'pet_level': 5, 'pet_quality_id': 3, 'pet_species_id': 158}"
1200559094,VERY_LONG,2630000,22,,,{'id': 77468}
1200559095,VERY_LONG,50000000,1,,,{'id': 38851}
1200561109,VERY_LONG,,1,100000000,,"{'id': 25269, 'context': 27, 'bonus_lists': [1679]}"
1200561117,VERY_LONG,,1,250000000,,"{'id': 5751, 'context': 0}"
1200561122,VERY_LONG,,1,250000000,,"{'id': 6200, 'context': 0}"
1200561129,VERY_LONG,,1,100000000,,"{'id': 82800, 'context': 0, 'modifiers': [{'type': 6, 'value': 46810}], 'pet_breed_id': 3, 'pet_level': 5, 'pet_quality_id': 3, 'pet_species_id': 1125}"
1200561136,VERY_LONG,20000000,2,,,{'id': 38796}
1200561146,VERY_LONG,3162700,1,,,{'id': 52760}
1200561152,VERY_LONG,,1,49999900,,"{'id': 23497, 'context': 0}"
1200561158,VERY_LONG,50000000,2,,,{'id': 38893}
1200561162,VERY_LONG,,1,250000000,,"{'id': 20652, 'context': 0, 'bonus_lists': [1691]}"
1200561168,VERY_LONG,20000000,2,,,{'id': 38799}
1200561177,VERY_LONG,20000000,1,,,{'id': 38870}
1200561190,VERY_LONG,,1,99999900,,"{'id': 55045, 'context': 0}"
1200561195,VERY_LONG,12566600,1,,,{'id': 38805}
1200561201,VERY_LONG,,1,19999900,,"{'id': 3852, 'context': 0}"
1200561208,VERY_LONG,480200,2,,,{'id': 52758}
1200561212,VERY_LONG,,1,20000000,,"{'id': 36225, 'context': 36, 'bonus_lists': [1707]}"
1200561219,VERY_LONG,19208000,1,,,{'id': 38824}
1200561226,VERY_LONG,19999800,1,,,{'id': 112160}
1200561235,VERY_LONG,,1,249999900,,"{'id': 11607, 'context': 1}"
1200561238,VERY_LONG,1490000,22,,,{'id': 111659}
1200561244,VERY_LONG,19999300,3,,,{'id': 44455}
1200561249,VERY_LONG,,1,100000000,,"{'id': 98817, 'context': 0}"
1200561254,VERY_LONG,,1,19999900,,"{'id': 82435, 'context': 0}"
1200561262,VERY_LONG,,1,2589900,,"{'id': 3491, 'context': 0}"
1200561269,VERY_LONG,,1,2589900,,"{'id': 3491, 'context': 0}"
1200561276,VERY_LONG,,1,19999900,,"{'id': 3489, 'context': 0}"
1200561282,VERY_LONG,,1,19999900,,"{'id': 3489, 'context': 0}"
1200561287,VERY_LONG,,1,19999900,,"{'id': 23504, 'context': 0}"
1200561296,VERY_LONG,,1,19999900,,"{'id': 43663, 'context': 1}"
1200561301,VERY_LONG,50000000,1,,,{'id': 38954}
1200561308,VERY_LONG,,1,499999900,,"{'id': 94575, 'context': 0}"
1200561317,VERY_LONG,20000000,1,,,{'id': 38911}
1200561328,VERY_LONG,,1,1500000000,,"{'id': 5028, 'context': 0}"
1200561334,VERY_LONG,100000000,1,,,{'id': 38922}
1200561337,VERY_LONG,,1,100000000,,"{'id': 67114, 'context': 0}"
1200561344,VERY_LONG,,1,20000000,,"{'id': 98831, 'context': 0}"
1200561351,VERY_LONG,250000000,2,,,{'id': 38918}
1200561355,VERY_LONG,230000,2,,,{'id': 30183}
1200561359,VERY_LONG,,1,99999200,,"{'id': 79334, 'context': 1}"
1200561366,VERY_LONG,50000000,2,,,{'id': 38816}
1200561373,VERY_LONG,,1,20000000,,"{'id': 128883, 'context': 13, 'bonus_lists': [1698, 3392, 3408]}"
1200561380,VERY_LONG,20000000,1,,,{'id': 38976}
1200561385,VERY_LONG,18997700,2,,,{'id': 38964}
1200561390,VERY_LONG,,1,100000000,,"{'id': 82800, 'context': 0, 'modifiers': [{'type': 6, 'value': 46001}], 'pet_breed_id': 10, 'pet_level': 5, 'pet_quality_id': 3, 'pet_species_id': 330}"
1200561396,VERY_LONG,,1,99999900,,"{'id': 56504, 'context': 0, 'bonus_lists': [1684]}"
1200561401,VERY_LONG,,1,99999800,,"{'id': 87520, 'context': 0}"
1200561404,VERY_LONG,,1,99999800,,"{'id': 87520, 'context': 0}"
1200561408,VERY_LONG,88200,1,,,{'id': 38793}
1200561410,VERY_LONG,,1,1729900,,"{'id': 6214, 'context': 0}"
1200561414,VERY_LONG,945500,1,,,{'id': 38780}
1200561420,VERY_LONG,19999900,1,,,{'id': 38931}
1200561425,VERY_LONG,,1,99999900,,"{'id': 55046, 'context': 0}"
1200561428,VERY_LONG,,1,250000000,,"{'id': 3856, 'context': 0}"
1200561432,VERY_LONG,,1,100000000,,"{'id': 4250, 'context': 0}"
1200561436,VERY_LONG,,1,100000000,,"{'id': 127695, 'context': 14, 'modifiers': [{'type': 28, 'value': 885}]}"
1200561440,VERY_LONG,,1,20000000,,"{'id': 66962, 'context': 0}"
1200561444,VERY_LONG,,1,20000000,,"{'id': 66962, 'context': 0}"
1200561447,VERY_LONG,,1,50000000,,"{'id': 116191, 'context': 13, 'bonus_lists': [37, 525, 535]}"
1200561450,VERY_LONG,,1,250000000,,"{'id': 1955, 'context': 0}"
1200561458,VERY_LONG,,1,100000000,,"{'id': 116180, 'context': 13, 'bonus_lists': [145, 525, 535]}"
1200561463,VERY_LONG,,1,50000000,,"{'id': 3850, 'context': 0}"
1200561467,VERY_LONG,,1,50000000,,"{'id': 3850, 'context': 0}"
1200561471,VERY_LONG,,1,3879700,,"{'id': 7942, 'context': 0}"
1200561476,VERY_LONG,,1,19999900,,"{'id': 3488, 'context': 0}"
1200561477,VERY_LONG,18500,23,,,{'id': 109123}
1200561481,VERY_LONG,,1,20000000,,"{'id': 82800, 'context': 0, 'modifiers': [{'type': 6, 'value': 21900}], 'pet_breed_id': 10, 'pet_level': 1, 'pet_quality_id': 3, 'pet_species_id': 162}"
1200561485,VERY_LONG,,1,20000000,,"{'id': 82800, 'context': 0, 'modifiers': [{'type': 6, 'value': 21900}], 'pet_breed_id': 10, 'pet_level': 1, 'pet_quality_id': 3, 'pet_species_id': 162}"
1200561489,VERY_LONG,,1,250000000,,"{'id': 62236, 'context': 1}"
1200561494,VERY_LONG,,1,2550000000,,"{'id': 94590, 'context': 0, 'bonus_lists': [6883]}"
1200561498,VERY_LONG,,1,250000000,,"{'id': 31217, 'context': 0, 'bonus_lists': [3763, 1705], 'modifiers': [{'type': 9, 'value': 30}]}"
1200561502,VERY_LONG,,1,20000000,,"{'id': 94074, 'context': 0, 'bonus_lists': [1679]}"
1200561505,VERY_LONG,,1,100000000,,"{'id': 116647, 'context': 13, 'bonus_lists': [69, 525, 549]}"
1200561509,VERY_LONG,,1,20000000,,"{'id': 82800, 'context': 0, 'modifiers': [{'type': 6, 'value': 98466}], 'pet_breed_id': 14, 'pet_level': 1, 'pet_quality_id': 2, 'pet_species_id': 3013}"
1200561515,VERY_LONG,,1,20000000,,"{'id': 82800, 'context': 0, 'modifiers': [{'type': 6, 'value': 98466}], 'pet_breed_id': 7, 'pet_level': 1, 'pet_quality_id': 2, 'pet_species_id': 3013}"
1200561520,VERY_LONG,,1,250000000,,"{'id': 43447, 'context': 0}"
1200561524,VERY_LONG,,1,20000000,,"{'id': 82800, 'context': 0, 'modifiers': [{'type': 6, 'value': 49289}], 'pet_breed_id': 5, 'pet_level': 5, 'pet_quality_id': 3, 'pet_species_id': 1320}"
1200561528,VERY_LONG,,1,19999900,,"{'id': 41243, 'context': 1}"
1200561532,VERY_LONG,20000000,1,,,{'id': 37603}
1200561537,VERY_LONG,,1,50000000,,"{'id': 14190, 'context': 29, 'bonus_lists': [3832, 1695], 'modifiers': [{'type': 9, 'value': 13}]}"
1200561541,VERY_LONG,,1,20000000,,"{'id': 25256, 'context': 0, 'bonus_lists': [1706]}"
1200561591,VERY_LONG,13000,126,,,{'id': 109144}
1200561596,VERY_LONG,1100,3,,,{'id': 74837}
1200561651,VERY_LONG,35000,3,,,{'id': 12207}
1200561679,VERY_LONG,38800,2,,,{'id': 3404}
1200561720,VERY_LONG,17400,1,,,{'id': 152513}
1200561741,VERY_LONG,,1,72000000,,"{'id': 172323, 'context': 63, 'bonus_lists': [6716, 1487]}"
1200561752,VERY_LONG,300,4,,,{'id': 154722}
1200561770,VERY_LONG,46700,1,,,{'id': 36934}
1200561787,VERY_LONG,347800,3,,,{'id': 171832}
1200561828,VERY_LONG,,1,310000000,,"{'id': 172323, 'context': 65, 'bonus_lists': [6718, 1522]}"
1200561832,VERY_LONG,218000,200,,,{'id': 163569}
1200561855,VERY_LONG,218000,193,,,{'id': 163569}
1200561994,VERY_LONG,365000,103,,,{'id': 160502}
1200562004,SHORT,709900,7,,,{'id': 172231}
1200562033,VERY_LONG,89000,1,,,{'id': 136638}
1200562078,VERY_LONG,10629000,5,,,{'id': 127991}
1200562099,VERY_LONG,10629000,14,,,{'id': 127991}
1200563128,VERY_LONG,,1,28000000,14000000,"{'id': 82800, 'context': 0, 'modifiers': [{'type': 6, 'value': 99927}], 'pet_breed_id': 17, 'pet_level': 1, 'pet_quality_id': 2, 'pet_species_id': 2920}"
1200563162,VERY_LONG,363000,157,,,{'id': 111676}
1200563182,VERY_LONG,,1,50000000,,"{'id': 82800, 'context': 0, 'modifiers': [{'type': 6, 'value': 901}], 'pet_breed_id': 3, 'pet_level': 5, 'pet_quality_id': 2, 'pet_species_id': 95}"
1200563185,VERY_LONG,20000000,2,,,{'id': 52783}
1200563187,VERY_LONG,,1,20000000,,"{'id': 171442, 'context': 13, 'bonus_lists': [6893], 'modifiers': [{'type': 9, 'value': 52}, {'type': 28, 'value': 391}, {'type': 29, 'value': 32}, {'type': 30, 'value': 36}]}"
1200563188,VERY_LONG,50000000,2,,,{'id': 38908}
1200563190,VERY_LONG,,1,886900,,"{'id': 82800, 'context': 0, 'modifiers': [{'type': 6, 'value': 48213}], 'pet_breed_id': 7, 'pet_level': 1, 'pet_quality_id': 3, 'pet_species_id': 1205}"
1200563193,VERY_LONG,,1,50000000,,"{'id': 82800, 'context': 0, 'modifiers': [{'type': 6, 'value': 48856}], 'pet_breed_id': 4, 'pet_level': 5, 'pet_quality_id': 3, 'pet_species_id': 1228}"
1200563196,VERY_LONG,,1,20000000,,"{'id': 82800, 'context': 0, 'modifiers': [{'type': 6, 'value': 65590}], 'pet_breed_id': 8, 'pet_level': 1, 'pet_quality_id': 3, 'pet_species_id': 1752}"
1200563197,VERY_LONG,,1,250000000,,"{'id': 62235, 'context': 1}"
1200563198,VERY_LONG,,1,50000000,,"{'id': 94074, 'context': 0, 'bonus_lists': [1686]}"
1200563200,VERY_LONG,,1,250000000,,"{'id': 5624, 'context': 0}"
1200563203,VERY_LONG,,1,250000000,,"{'id': 5624, 'context': 0}"
1200563206,VERY_LONG,,1,20000000,,"{'id': 85843, 'context': 0, 'bonus_lists': [1712]}"
1200563208,VERY_LONG,,1,50000000,,"{'id': 11608, 'context': 1}"
1200563209,VERY_LONG,,1,2550000000,,"{'id': 23630, 'context': 0}"
1200563211,VERY_LONG,,1,20000000,,"{'id': 82800, 'context': 0, 'modifiers': [{'type': 6, 'value': 66155}], 'pet_breed_id': 12, 'pet_level': 1, 'pet_quality_id': 3, 'pet_species_id': 1802}"
1200563212,VERY_LONG,,1,250000000,,"{'id': 4465, 'context': 0}"
1200563214,VERY_LONG,20000000,2,,,{'id': 38801}
1200563217,VERY_LONG,,1,499999900,,"{'id': 94576, 'context': 0}"
1200563219,VERY_LONG,20000000,2,,,{'id': 38889}
1200563222,VERY_LONG,20000000,2,,,{'id': 38800}
1200563224,VERY_LONG,,1,1100000000,,"{'id': 82453, 'context': 0}"
1200563225,VERY_LONG,,1,1100000000,,"{'id': 82453, 'context': 0}"
1200563226,VERY_LONG,,1,1100000000,,"{'id': 82453, 'context': 0}"
1200563231,VERY_LONG,799000,50,,,{'id': 111675}
1200563245,VERY_LONG,799000,63,,,{'id': 111675}
1200563253,VERY_LONG,,1,100000000,,"{'id': 36563, 'context': 0, 'bonus_lists': [1693]}"
1200563255,VERY_LONG,,1,500000000,,"{'id': 82800, 'context': 0, 'modifiers': [{'type': 6, 'value': 47960}], 'pet_breed_id': 13, 'pet_level': 5, 'pet_quality_id': 3, 'pet_species_id': 1209}"
1200563256,VERY_LONG,,1,900000000,,"{'id': 87251, 'context': 0, 'bonus_lists': [6827]}"
1200563258,VERY_LONG,20000000,2,,,{'id': 38859}
1200563259,VERY_LONG,,1,145900,,"{'id': 82800, 'context': 0, 'modifiers': [{'type': 6, 'value': 65070}], 'pet_breed_id': 6, 'pet_level': 1, 'pet_quality_id': 3, 'pet_species_id': 1706}"
1200563260,VERY_LONG,740000,1,,,{'id': 72096}
1200563261,VERY_LONG,,1,1500000000,,"{'id': 5028, 'context': 0}"
1200563262,VERY_LONG,,1,100000000,,"{'id': 85846, 'context': 0, 'bonus_lists': [1684]}"
1200563265,VERY_LONG,,1,250000000,,"{'id': 82800, 'context': 0, 'modifiers': [{'type': 6, 'value': 58169}], 'pet_breed_id': 18, 'pet_level': 5, 'pet_quality_id': 3, 'pet_species_id': 1521}"
1200563267,VERY_LONG,,1,100000000,,"{'id': 5541, 'context': 0}"
1200563268,VERY_LONG,,1,20000000,,"{'id': 55499, 'context': 28, 'bonus_lists': [4763, 1679], 'modifiers': [{'type': 9, 'value': 45}]}"
1200563270,VERY_LONG,,1,250000000,,"{'id': 82800, 'context': 0, 'modifiers': [{'type': 6, 'value': 51267}], 'pet_breed_id': 15, 'pet_level': 5, 'pet_quality_id': 3, 'pet_species_id': 1332}"
1200563271,VERY_LONG,,1,250000000,,"{'id': 82800, 'context': 0, 'modifiers': [{'type': 6, 'value': 74790}], 'pet_breed_id': 20, 'pet_level': 5, 'pet_quality_id': 2, 'pet_species_id': 319}"
1200563274,VERY_LONG,,1,756900,,"{'id': 82800, 'context': 0, 'modifiers': [{'type': 6, 'value': 79796}], 'pet_breed_id': 6, 'pet_level': 1, 'pet_quality_id': 3, 'pet_species_id': 2118}"
1200563275,VERY_LONG,,1,756900,,"{'id': 82800, 'context': 0, 'modifiers': [{'type': 6, 'value': 79796}], 'pet_breed_id': 6, 'pet_level': 1, 'pet_quality_id': 3, 'pet_species_id': 2118}"
1200563277,VERY_LONG,,1,100000000,,"{'id': 36602, 'context': 0, 'bonus_lists': [1694]}"
1200563279,VERY_LONG,,1,500000000,,"{'id': 20655, 'context': 0, 'bonus_lists': [1706]}"
1200563280,VERY_LONG,,1,500000000,,"{'id': 12790, 'context': 0}"
1200563282,VERY_LONG,,1,8880000,,"{'id': 17704, 'context': 0}"
1200563286,VERY_LONG,,1,900000000,,"{'id': 87250, 'context': 1, 'bonus_lists': [6827]}"
1200563288,VERY_LONG,,1,300000000,,"{'id': 83087, 'context': 0}"
1200563290,VERY_LONG,,1,300000000,,"{'id': 83087, 'context': 0}"
1200563292,VERY_LONG,,1,300000000,,"{'id': 83087, 'context': 0}"
1200563294,VERY_LONG,,1,300000000,,"{'id': 83087, 'context': 0}"
1200563295,VERY_LONG,,1,300000000,,"{'id': 83087, 'context': 0}"
1200563296,VERY_LONG,824800,1,,,{'id': 172407}
1200563298,VERY_LONG,,1,100000000,,"{'id': 15082, 'context': 0}"
1200563301,VERY_LONG,,1,250000000,,"{'id': 86846, 'context': 0}"
1200563304,VERY_LONG,,1,100000000,,"{'id': 82800, 'context': 0, 'modifiers': [{'type': 6, 'value': 33512}], 'pet_breed_id': 4, 'pet_level': 5, 'pet_quality_id': 3, 'pet_species_id': 261}"
1200563308,VERY_LONG,20000000,1,,,{'id': 38864}
1200563311,VERY_LONG,,1,20000000,,"{'id': 82800, 'context': 0, 'modifiers': [{'type': 6, 'value': 23574}], 'pet_breed_id': 5, 'pet_level': 5, 'pet_quality_id': 3, 'pet_species_id': 175}"
1200563313,VERY_LONG,,1,250000000,,"{'id': 82800, 'context': 0, 'modifiers': [{'type': 6, 'value': 38134}], 'pet_breed_id': 3, 'pet_level': 1, 'pet_quality_id': 3, 'pet_species_id': 308}"
1200563317,VERY_LONG,,1,250000000,,"{'id': 82800, 'context': 0, 'modifiers': [{'type': 6, 'value': 28493}], 'pet_breed_id': 3, 'pet_level': 19, 'pet_quality_id': 3, 'pet_species_id': 212}"
1200563318,VERY_LONG,20000000,1,,,{'id': 141640}
1200563319,VERY_LONG,,1,300000000,,"{'id': 83089, 'context': 0}"
1200563320,VERY_LONG,,1,300000000,,"{'id': 83089, 'context': 0}"
1200563322,VERY_LONG,,1,300000000,,"{'id': 83089, 'context': 0}"
1200563323,VERY_LONG,,1,19999900,,"{'id': 62233, 'context': 1}"
1200563324,VERY_LONG,6500,44,,,{'id': 152544}
1200563326,VERY_LONG,,1,99999900,,"{'id': 38322, 'context': 1}"
1200563327,VERY_LONG,,1,250000000,,"{'id': 132540, 'context': 0}"
1200563328,VERY_LONG,,1,50000000,,"{'id': 66992, 'context': 0}"
1200563333,VERY_LONG,,1,19999900,,"{'id': 41351, 'context': 1}"
1200563334,VERY_LONG,,1,50000000,,"{'id': 37671, 'context': 2, 'bonus_lists': [4196], 'modifiers': [{'type': 9, 'value': 45}]}"
1200563337,VERY_LONG,,1,500000000,,"{'id': 3018, 'context': 0}"
1200563339,VERY_LONG,,1,500000000,,"{'id': 3330, 'context': 0}"
1200563341,VERY_LONG,,1,100000000,,"{'id': 7959, 'context': 0}"
1200563343,VERY_LONG,50000000,2,,,{'id': 38863}
1200563346,VERY_LONG,19994300,2,,,{'id': 38963}
1200563348,VERY_LONG,,1,20000000,,"{'id': 93490, 'context': 0}"
1200563349,VERY_LONG,250000000,1,,,{'id': 38965}
1200563350,VERY_LONG,,1,500000000,,"{'id': 62234, 'context': 1}"
1200563351,VERY_LONG,,1,1700000,,"{'id': 82800, 'context': 0, 'modifiers': [{'type': 6, 'value': 80966}], 'pet_breed_id': 11, 'pet_level': 1, 'pet_quality_id': 3, 'pet_species_id': 2556}"
1200563352,VERY_LONG,,1,1700000,,"{'id': 82800, 'context': 0, 'modifiers': [{'type': 6, 'value': 80966}], 'pet_breed_id': 21, 'pet_level': 1, 'pet_quality_id': 3, 'pet_species_id': 2556}"
1200563355,VERY_LONG,,1,300000000,,"{'id': 83088, 'context': 0}"
1200563357,VERY_LONG,,1,300000000,,"{'id': 83088, 'context': 0}"
1200563359,VERY_LONG,,1,300000000,,"{'id': 83088, 'context': 0}"
1200563361,VERY_LONG,,1,300000000,,"{'id': 83088, 'context': 0}"
1200563363,VERY_LONG,,1,20000000,,"{'id': 82800, 'context': 0, 'modifiers': [{'type': 6, 'value': 99899}], 'pet_breed_id': 7, 'pet_level': 1, 'pet_quality_id': 2, 'pet_species_id': 2925}"
1200563367,VERY_LONG,,1,750000000,,"{'id': 65891, 'context': 1}"
1200563370,VERY_LONG,,1,750000000,,"{'id': 65891, 'context': 1}"
1200563372,VERY_LONG,,1,750000000,,"{'id': 65891, 'context': 1}"
1200563380,VERY_LONG,451000,6,,,{'id': 172406}
1200563391,VERY_LONG,9000,46,,,{'id': 152545}
1200563408,VERY_LONG,100,50,,,{'id': 168303}
1200563409,VERY_LONG,1348700,2,,,{'id': 177661}
1200563457,VERY_LONG,298800,5,,,{'id': 172413}
1200563544,VERY_LONG,14000,28,,,{'id': 153050}
1200563615,VERY_LONG,19000,115,,,{'id': 152547}
1200563633,VERY_LONG,6500,28,,,{'id': 152546}
1200563656,VERY_LONG,1800,41,,,{'id': 160709}
1200563664,VERY_LONG,14999800,10,,,{'id': 43850}
1200563671,VERY_LONG,34500,160,,,{'id': 152507}
1200563684,VERY_LONG,11000,177,,,{'id': 152508}
1200563685,VERY_LONG,124000,114,,,{'id': 151565}
1200563708,VERY_LONG,833000,1,,,{'id': 110619}
1200563709,VERY_LONG,,1,1500000,,"{'id': 82800, 'context': 0, 'modifiers': [{'type': 6, 'value': 49289}], 'pet_breed_id': 5, 'pet_level': 1, 'pet_quality_id': 3, 'pet_species_id': 1320}"
1200563778,VERY_LONG,1500,367,,,{'id': 152511}
1200563815,VERY_LONG,137200,293,,,{'id': 52555}
1200563832,VERY_LONG,2000,4,,,{'id': 109133}
1200563948,VERY_LONG,30000,105,,,{'id': 152507}
1200563963,VERY_LONG,195000,3,,,{'id': 109132}
1200564028,VERY_LONG,,1,470000000,,"{'id': 163575, 'context': 0}"
1200564034,VERY_LONG,25800,1,,,{'id': 172092}
1200565153,VERY_LONG,50000,54,,,{'id': 160712}
1200565202,VERY_LONG,7500,24,,,{'id': 152505}
1200565206,VERY_LONG,115000,78,,,{'id': 152548}
1200565234,VERY_LONG,,1,190006100,,"{'id': 82800, 'context': 0, 'modifiers': [{'type': 6, 'value': 87763}], 'pet_breed_id': 15, 'pet_level': 1, 'pet_quality_id': 2, 'pet_species_id': 2793}"
1200565243,VERY_LONG,5000,200,,,{'id': 109693}
1200565245,VERY_LONG,,1,480000,,"{'id': 82800, 'context': 0, 'modifiers': [{'type': 6, 'value': 61547}], 'pet_breed_id': 8, 'pet_level': 1, 'pet_quality_id': 2, 'pet_species_id': 1540}"
1200565252,VERY_LONG,150000,322,,,{'id': 152510}
1200565253,VERY_LONG,350000,4,,,{'id': 172920}
1200565255,VERY_LONG,,1,480000,,"{'id': 82800, 'context': 0, 'modifiers': [{'type': 6, 'value': 61547}], 'pet_breed_id': 8, 'pet_level': 1, 'pet_quality_id': 2, 'pet_species_id': 1540}"
1200565304,VERY_LONG,,1,470000,,"{'id': 82800, 'context': 0, 'modifiers': [{'type': 6, 'value': 39130}], 'pet_breed_id': 20, 'pet_level': 1, 'pet_quality_id': 2, 'pet_species_id': 1446}"
1200565328,VERY_LONG,,1,470000,,"{'id': 82800, 'context': 0, 'modifiers': [{'type': 6, 'value': 39130}], 'pet_breed_id': 20, 'pet_level': 1, 'pet_quality_id': 2, 'pet_species_id': 1446}"
1200565444,VERY_LONG,,1,76000000,,"{'id': 82800, 'context': 0, 'modifiers': [{'type': 6, 'value': 47747}], 'pet_breed_id': 19, 'pet_level': 1, 'pet_quality_id': 3, 'pet_species_id': 1196}"
1200565466,VERY_LONG,6999700,1,,,{'id': 12363}
1200565493,VERY_LONG,49980000,1,,,{'id': 161344}
1200565524,VERY_LONG,,1,2195000,,"{'id': 172265, 'context': 13, 'bonus_lists': [6893], 'modifiers': [{'type': 9, 'value': 60}, {'type': 28, 'value': 391}, {'type': 29, 'value': 32}, {'type': 30, 'value': 49}]}"
1200565528,VERY_LONG,,1,2195000,,"{'id': 172265, 'context': 13, 'bonus_lists': [6893], 'modifiers': [{'type': 9, 'value': 57}, {'type': 28, 'value': 391}, {'type': 29, 'value': 40}, {'type': 30, 'value': 36}]}"
1200565557,VERY_LONG,,1,3947900,,"{'id': 172257, 'context': 13, 'bonus_lists': [6893], 'modifiers': [{'type': 9, 'value': 60}, {'type': 28, 'value': 391}, {'type': 29, 'value': 36}, {'type': 30, 'value': 32}]}"
1200565565,VERY_LONG,,1,3947900,,"{'id': 172257, 'context': 13, 'bonus_lists': [6893], 'modifiers': [{'type': 9, 'value': 60}, {'type': 28, 'value': 391}, {'type': 29, 'value': 49}, {'type': 30, 'value': 32}]}"
1200565566,VERY_LONG,50000,1172,,,{'id': 128304}
1200565569,VERY_LONG,,1,3947900,,"{'id': 172257, 'context': 13, 'bonus_lists': [6893], 'modifiers': [{'type': 9, 'value': 60}, {'type': 28, 'value': 391}, {'type': 29, 'value': 40}, {'type': 30, 'value': 36}]}"
1200565577,VERY_LONG,,1,12298900,,"{'id': 172263, 'context': 13, 'bonus_lists': [6893], 'modifiers': [{'type': 9, 'value': 60}, {'type': 28, 'value': 391}, {'type': 29, 'value': 36}, {'type': 30, 'value': 49}]}"
1200565590,VERY_LONG,45000,2,,,{'id': 152550}
1200565608,VERY_LONG,,1,24999800,,"{'id': 34827, 'context': 14, 'modifiers': [{'type': 28, 'value': 857}]}"
1200565618,VERY_LONG,13700,55,,,{'id': 25649}
1200565629,VERY_LONG,,1,59000400,,"{'id': 82800, 'context': 0, 'modifiers': [{'type': 6, 'value': 23507}], 'pet_breed_id': 7, 'pet_level': 1, 'pet_quality_id': 3, 'pet_species_id': 173}"
1200565646,VERY_LONG,329900,99,,,{'id': 52329}
1200565666,VERY_LONG,302200,65,,,{'id': 52325}
1200565681,VERY_LONG,351700,46,,,{'id': 52326}
1200565765,VERY_LONG,880000,549,,,{'id': 124106}
1200565797,VERY_LONG,199700,91,,,{'id': 113263}
1200565803,SHORT,,1,199999900,169999900,"{'id': 171414, 'context': 64, 'bonus_lists': [6717, 1507]}"
1200565806,SHORT,10900,4800,,,{'id': 172052}
1200565808,SHORT,,1,4099900,2994500,"{'id': 172265, 'context': 13, 'bonus_lists': [6893], 'modifiers': [{'type': 9, 'value': 51}, {'type': 28, 'value': 391}, {'type': 29, 'value': 49}, {'type': 30, 'value': 36}]}"
1200565811,SHORT,,1,4099900,2994500,"{'id': 172265, 'context': 13, 'bonus_lists': [6893], 'modifiers': [{'type': 9, 'value': 51}, {'type': 28, 'value': 391}, {'type': 29, 'value': 40}, {'type': 30, 'value': 36}]}"
1200565812,SHORT,,1,4099900,2994500,"{'id': 172265, 'context': 13, 'bonus_lists': [6893], 'modifiers': [{'type': 9, 'value': 51}, {'type': 28, 'value': 391}, {'type': 29, 'value': 40}, {'type': 30, 'value': 49}]}"
1200565815,SHORT,,1,4099900,2994500,"{'id': 172265, 'context': 13, 'bonus_lists': [6893], 'modifiers': [{'type': 9, 'value': 51}, {'type': 28, 'value': 391}, {'type': 29, 'value': 49}, {'type': 30, 'value': 36}]}"
1200565817,SHORT,,1,4099900,2994500,"{'id': 172265, 'context': 13, 'bonus_lists': [6893], 'modifiers': [{'type': 9, 'value': 51}, {'type': 28, 'value': 391}, {'type': 29, 'value': 36}, {'type': 30, 'value': 32}]}"
1200565820,SHORT,100000,1,,,{'id': 173110}
1200565823,SHORT,,1,1687998600,1434798800,"{'id': 171417, 'context': 66, 'bonus_lists': [6758, 1532]}"
1200565827,SHORT,,1,12298800,9916000,"{'id': 172263, 'context': 13, 'bonus_lists': [6893], 'modifiers': [{'type': 9, 'value': 51}, {'type': 28, 'value': 391}, {'type': 29, 'value': 36}, {'type': 30, 'value': 40}]}"
1200565830,SHORT,,1,12298800,9916000,"{'id': 172263, 'context': 13, 'bonus_lists': [6893], 'modifiers': [{'type': 9, 'value': 51}, {'type': 28, 'value': 391}, {'type': 29, 'value': 36}, {'type': 30, 'value': 49}]}"
1200565833,SHORT,,1,12298800,9916000,"{'id': 172263, 'context': 13, 'bonus_lists': [6893], 'modifiers': [{'type': 9, 'value': 51}, {'type': 28, 'value': 391}, {'type': 29, 'value': 40}, {'type': 30, 'value': 49}]}"
1200565837,SHORT,,1,250000000,212500000,"{'id': 171416, 'context': 63, 'bonus_lists': [6716, 1487]}"
1200565843,SHORT,,1,250000000,212500000,"{'id': 171416, 'context': 63, 'bonus_lists': [6716, 1487]}"
1200565846,SHORT,,1,250000000,212500000,"{'id': 171416, 'context': 63, 'bonus_lists': [6716, 1487]}"
1200565854,SHORT,,1,13428600,8200600,"{'id': 171443, 'context': 13, 'bonus_lists': [6893], 'modifiers': [{'type': 9, 'value': 60}, {'type': 28, 'value': 391}, {'type': 29, 'value': 49}, {'type': 30, 'value': 36}]}"
1200565858,VERY_LONG,,1,2799996800,,"{'id': 128671, 'context': 14}"
1200565876,SHORT,,1,10937900,10185500,"{'id': 172258, 'context': 13, 'bonus_lists': [6893], 'modifiers': [{'type': 9, 'value': 51}, {'type': 28, 'value': 391}, {'type': 29, 'value': 49}, {'type': 30, 'value': 40}]}"
1200565878,SHORT,,1,10937900,10185500,"{'id': 172258, 'context': 13, 'bonus_lists': [6893], 'modifiers': [{'type': 9, 'value': 51}, {'type': 28, 'value': 391}, {'type': 29, 'value': 36}, {'type': 30, 'value': 32}]}"
1200565882,SHORT,,1,10937900,10185500,"{'id': 172258, 'context': 13, 'bonus_lists': [6893], 'modifiers': [{'type': 9, 'value': 51}, {'type': 28, 'value': 391}, {'type': 29, 'value': 36}, {'type': 30, 'value': 40}]}"
1200565885,SHORT,,1,99008600,88390900,"{'id': 171419, 'context': 64, 'bonus_lists': [6717, 7193, 1507]}"
1200565888,SHORT,,1,141000000,119850000,"{'id': 171419, 'context': 63, 'bonus_lists': [6716, 7194, 1487]}"
1200565892,SHORT,,1,960100,830300,"{'id': 172248, 'context': 13, 'bonus_lists': [6885], 'modifiers': [{'type': 9, 'value': 51}, {'type': 28, 'value': 391}, {'type': 29, 'value': 40}, {'type': 30, 'value': 36}]}"
1200565896,SHORT,,1,5002700,3019100,"{'id': 172348, 'context': 13, 'modifiers': [{'type': 29, 'value': 36}, {'type': 30, 'value': 40}]}"
1200565899,SHORT,,1,5002700,3019100,"{'id': 172348, 'context': 13, 'modifiers': [{'type': 29, 'value': 49}, {'type': 30, 'value': 32}]}"
1200565903,SHORT,7300,800,,,{'id': 173032}
1200565906,SHORT,3016800,20,,,{'id': 171273}
1200565910,SHORT,77000,292,,,{'id': 171828}
1200565913,SHORT,347800,222,,,{'id': 171832}
1200565916,VERY_LONG,297000,211,,,{'id': 124107}
1200565917,SHORT,26499700,3,,,{'id': 172365}
1200565920,SHORT,,1,3947800,2846800,"{'id': 172257, 'context': 13, 'bonus_lists': [6893], 'modifiers': [{'type': 9, 'value': 51}, {'type': 28, 'value': 391}, {'type': 29, 'value': 49}, {'type': 30, 'value': 40}]}"
1200565923,SHORT,,1,3947800,2846800,"{'id': 172257, 'context': 13, 'bonus_lists': [6893], 'modifiers': [{'type': 9, 'value': 51}, {'type': 28, 'value': 391}, {'type': 29, 'value': 36}, {'type': 30, 'value': 40}]}"
1200565927,SHORT,,1,3947800,2846800,"{'id': 172257, 'context': 13, 'bonus_lists': [6893], 'modifiers': [{'type': 9, 'value': 51}, {'type': 28, 'value': 391}, {'type': 29, 'value': 36}, {'type': 30, 'value': 49}]}"
1200565932,SHORT,,1,3947800,2846800,"{'id': 172257, 'context': 13, 'bonus_lists': [6893], 'modifiers': [{'type': 9, 'value': 51}, {'type': 28, 'value': 391}, {'type': 29, 'value': 40}, {'type': 30, 'value': 36}]}"
1200565934,SHORT,200000,10,,,{'id': 182737}
1200565937,SHORT,8879100,600,,,{'id': 172097}
1200565943,SHORT,,1,5249900,2625000,"{'id': 171375, 'context': 13, 'bonus_lists': [6883], 'modifiers': [{'type': 29, 'value': 32}, {'type': 30, 'value': 40}]}"
1200565947,SHORT,950000,3,,,{'id': 171439}
1200565992,VERY_LONG,78800,263,,,{'id': 124111}
1200566021,VERY_LONG,,1,10000900,,"{'id': 82800, 'context': 0, 'pet_breed_id': 3, 'pet_level': 1, 'pet_quality_id': 3, 'pet_species_id': 1929}"
1200566088,VERY_LONG,19990000,17,,,{'id': 72104}
1200569277,VERY_LONG,,1,700000000,,"{'id': 172317, 'context': 66, 'bonus_lists': [6758, 7193, 1532]}"
1200569279,VERY_LONG,,1,599989600,,"{'id': 173246, 'context': 66, 'bonus_lists': [6758, 1532]}"
1200569281,VERY_LONG,,1,449997700,,"{'id': 173248, 'context': 66, 'bonus_lists': [6758, 7194, 1532]}"
1200569284,VERY_LONG,,1,297949000,,"{'id': 173247, 'context': 66, 'bonus_lists': [6758, 1532]}"
1200569288,VERY_LONG,,1,439998900,,"{'id': 173244, 'context': 66, 'bonus_lists': [6758, 1532]}"
1200569292,VERY_LONG,,1,399988800,,"{'id': 173243, 'context': 66, 'bonus_lists': [6758, 1532]}"
1200569294,VERY_LONG,,1,550008600,,"{'id': 173245, 'context': 66, 'bonus_lists': [6758, 7194, 1532]}"
1200569299,VERY_LONG,,1,199999200,,"{'id': 173241, 'context': 66, 'bonus_lists': [6758, 1532]}"
1200569304,VERY_LONG,,1,1220005000,,"{'id': 172315, 'context': 66, 'bonus_lists': [6758, 1532]}"
1200569309,VERY_LONG,,1,280000000,,"{'id': 173242, 'context': 66, 'bonus_lists': [6758, 1532]}"
1200569313,VERY_LONG,,1,850000400,,"{'id': 172316, 'context': 66, 'bonus_lists': [6758, 1532]}"
1200569315,VERY_LONG,,1,300000000,,"{'id': 172314, 'context': 65, 'bonus_lists': [6718, 1522]}"
1200569331,VERY_LONG,,1,1508800,,"{'id': 172242, 'context': 13, 'bonus_lists': [6890], 'modifiers': [{'type': 9, 'value': 60}, {'type': 28, 'value': 391}, {'type': 29, 'value': 49}, {'type': 30, 'value': 40}]}"
1200569332,VERY_LONG,,1,1508800,,"{'id': 172242, 'context': 13, 'bonus_lists': [6890], 'modifiers': [{'type': 9, 'value': 60}, {'type': 28, 'value': 391}, {'type': 29, 'value': 32}, {'type': 30, 'value': 49}]}"
1200569339,VERY_LONG,,1,4400000,,"{'id': 172246, 'context': 13, 'bonus_lists': [6885], 'modifiers': [{'type': 9, 'value': 60}, {'type': 28, 'value': 391}, {'type': 29, 'value': 32}, {'type': 30, 'value': 49}]}"
1200569345,VERY_LONG,,1,143980000,,"{'id': 159482, 'context': 0, 'bonus_lists': [6655, 1694], 'modifiers': [{'type': 9, 'value': 50}, {'type': 28, 'value': 805}]}"
1200569348,VERY_LONG,,1,59995000,,"{'id': 172318, 'context': 63, 'bonus_lists': [6716, 1487]}"
1200569349,VERY_LONG,,1,59995000,,"{'id': 172318, 'context': 63, 'bonus_lists': [6716, 1487]}"
1200569374,MEDIUM,88500,199,,,{'id': 169701}
1200569389,VERY_LONG,,1,59990000,,"{'id': 159476, 'context': 0, 'bonus_lists': [6655, 1717], 'modifiers': [{'type': 9, 'value': 50}, {'type': 28, 'value': 805}]}"
1200569394,VERY_LONG,5990000,94,,,{'id': 172347}
1200569423,VERY_LONG,,1,799009900,,"{'id': 182990, 'context': 5, 'bonus_lists': [7188, 6652, 1485, 6646], 'modifiers': [{'type': 28, 'value': 752}]}"
1200569507,MEDIUM,,1,1206600,1073900,"{'id': 173201, 'context': 0, 'bonus_lists': [6883], 'modifiers': [{'type': 29, 'value': 40}, {'type': 30, 'value': 49}]}"
1200569511,MEDIUM,,1,1206600,1073900,"{'id': 173201, 'context': 0, 'bonus_lists': [6883], 'modifiers': [{'type': 29, 'value': 36}, {'type': 30, 'value': 49}]}"
1200569516,MEDIUM,,1,1206600,1073900,"{'id': 173201, 'context': 0, 'bonus_lists': [6883], 'modifiers': [{'type': 29, 'value': 40}, {'type': 30, 'value': 32}]}"
1200569525,MEDIUM,,1,361000000,306850000,"{'id': 171415, 'context': 64, 'bonus_lists': [6717, 7194, 1507]}"
1200569528,MEDIUM,,1,361000000,306850000,"{'id': 171415, 'context': 64, 'bonus_lists': [6717, 7193, 1507]}"
1200569532,VERY_LONG,70000,35,,,{'id': 160400}
1200569533,MEDIUM,,1,361000000,306850000,"{'id': 171415, 'context': 64, 'bonus_lists': [6717, 7194, 1507]}"
1200569537,MEDIUM,,1,2499600,1249800,"{'id': 171381, 'context': 13, 'bonus_lists': [6883], 'modifiers': [{'type': 29, 'value': 40}, {'type': 30, 'value': 49}]}"
1200569541,MEDIUM,,1,2499600,1249800,"{'id': 171381, 'context': 13, 'bonus_lists': [6883], 'modifiers': [{'type': 29, 'value': 49}, {'type': 30, 'value': 32}]}"
1200569545,MEDIUM,,1,4250000,2125000,"{'id': 173146, 'context': 13, 'modifiers': [{'type': 29, 'value': 32}]}"
1200569550,MEDIUM,,1,4250000,2125000,"{'id': 173146, 'context': 13, 'modifiers': [{'type': 29, 'value': 40}]}"
1200569555,MEDIUM,,1,114999800,114836900,"{'id': 171413, 'context': 64, 'bonus_lists': [6717, 1507]}"
1200569560,MEDIUM,,1,114999800,114836900,"{'id': 171413, 'context': 64, 'bonus_lists': [6717, 1507]}"
1200569563,MEDIUM,,1,114999800,114836900,"{'id': 171413, 'context': 64, 'bonus_lists': [6717, 1507]}"
1200569565,MEDIUM,,1,114999800,114836900,"{'id': 171413, 'context': 64, 'bonus_lists': [6717, 1507]}"
1200569567,MEDIUM,,1,114999800,114836900,"{'id': 171413, 'context': 64, 'bonus_lists': [6717, 1507]}"
1200569570,MEDIUM,,1,176000000,149600000,"{'id': 171413, 'context': 63, 'bonus_lists': [6716, 1487]}"
1200569577,MEDIUM,,1,176000000,149600000,"{'id': 171413, 'context': 63, 'bonus_lists': [6716, 1487]}"
1200569580,MEDIUM,,1,176000000,149600000,"{'id': 171413, 'context': 63, 'bonus_lists': [6716, 1487]}"
1200569584,MEDIUM,,1,176000000,149600000,"{'id': 171413, 'context': 63, 'bonus_lists': [6716, 1487]}"
1200569590,MEDIUM,22508900,9,,,{'id': 172043}
1200569594,MEDIUM,,1,7000400,5334000,"{'id': 173220, 'context': 0, 'bonus_lists': [6893], 'modifiers': [{'type': 9, 'value': 60}, {'type': 28, 'value': 391}, {'type': 29, 'value': 40}, {'type': 30, 'value': 32}]}"
1200569597,MEDIUM,,1,7000400,5334000,"{'id': 173220, 'context': 0, 'bonus_lists': [6893], 'modifiers': [{'type': 9, 'value': 60}, {'type': 28, 'value': 391}, {'type': 29, 'value': 49}, {'type': 30, 'value': 32}]}"
1200569601,MEDIUM,,1,7000400,5334000,"{'id': 173220, 'context': 0, 'bonus_lists': [6893], 'modifiers': [{'type': 9, 'value': 60}, {'type': 28, 'value': 391}, {'type': 29, 'value': 49}, {'type': 30, 'value': 40}]}"
1200569606,MEDIUM,1660000,400,,,{'id': 173057}
1200569617,MEDIUM,3000000,20,,,{'id': 172041}
1200569621,MEDIUM,679700,5,,,{'id': 172406}
1200569640,VERY_LONG,,1,100007500,,"{'id': 175007, 'context': 3, 'bonus_lists': [4822, 1808, 6578, 6579, 6483, 6453, 6515, 1487, 4786], 'modifiers': [{'type': 28, 'value': 785}]}"
1200569684,VERY_LONG,40000,31,,,{'id': 160399}
1200569751,VERY_LONG,50000,2,,,{'id': 133607}
1200569860,VERY_LONG,19900,3,,,{'id': 168185}
1200569889,VERY_LONG,295000,48,,,{'id': 124107}
1200569915,VERY_LONG,,1,300000000,,"{'id': 183013, 'context': 4, 'bonus_lists': [7186, 6652, 1459, 6646], 'modifiers': [{'type': 28, 'value': 750}]}"
1200569970,VERY_LONG,3200,34,,,{'id': 152542}
1200570003,VERY_LONG,6600,44,,,{'id': 153051}
1200570025,MEDIUM,88500,9919,,,{'id': 169701}
1200570041,MEDIUM,88500,6200,,,{'id': 169701}
1200572135,VERY_LONG,7201000,27,,,{'id': 172408}
1200572136,VERY_LONG,,1,61541600,,"{'id': 154839, 'context': 0, 'bonus_lists': [6654, 4802, 40, 1711], 'modifiers': [{'type': 9, 'value': 50}, {'type': 28, 'value': 505}]}"
1200572138,VERY_LONG,,1,19999900,10000000,"{'id': 173246, 'context': 63, 'bonus_lists': [6716, 1487]}"
1200572139,VERY_LONG,2420300,337,,,{'id': 171275}
1200572145,VERY_LONG,,1,4998800,2673800,"{'id': 173243, 'context': 63, 'bonus_lists': [6716, 1487]}"
1200572161,VERY_LONG,500000,1,,,{'id': 163563}
1200572188,VERY_LONG,515000,3,,,{'id': 173039}
1200572210,VERY_LONG,,1,9990000,,"{'id': 158879, 'context': 0}"
1200572216,MEDIUM,88500,10000,,,{'id': 169701}
1200572231,MEDIUM,88500,6714,,,{'id': 169701}
1200572262,VERY_LONG,100,15,,,{'id': 138875}
1200572293,VERY_LONG,,1,600005000,,"{'id': 172315, 'context': 65, 'bonus_lists': [6718, 1522]}"
1200572294,VERY_LONG,,1,600005000,,"{'id': 172315, 'context': 65, 'bonus_lists': [6718, 1522]}"
1200572297,VERY_LONG,,1,600005000,,"{'id': 172315, 'context': 65, 'bonus_lists': [6718, 1522]}"
1200572299,VERY_LONG,,1,600005000,,"{'id': 172315, 'context': 65, 'bonus_lists': [6718, 1522]}"
1200572302,VERY_LONG,3604000,1,,,{'id': 172415}
1200572530,VERY_LONG,2140000,1,,,{'id': 172364}
1200572603,VERY_LONG,1417900,3,,,{'id': 172363}
1200572682,VERY_LONG,4907000,10,,,{'id': 177962}
1200572764,VERY_LONG,1470000,4,,,{'id': 177659}
1200572828,VERY_LONG,799900,2,,,{'id': 177715}
1200572848,VERY_LONG,3999900,2,,,{'id': 172367}
1200572880,VERY_LONG,8220000,3,,,{'id': 172370}
1200572944,VERY_LONG,,1,220000,,"{'id': 82800, 'context': 0, 'modifiers': [{'type': 6, 'value': 15904}], 'pet_breed_id': 3, 'pet_level': 1, 'pet_quality_id': 2, 'pet_species_id': 118}"
1200572946,VERY_LONG,,1,220000,,"{'id': 82800, 'context': 0, 'pet_breed_id': 3, 'pet_level': 1, 'pet_quality_id': 3, 'pet_species_id': 118}"
1200572948,VERY_LONG,,1,220000,,"{'id': 82800, 'context': 0, 'modifiers': [{'type': 6, 'value': 15904}], 'pet_breed_id': 3, 'pet_level': 1, 'pet_quality_id': 2, 'pet_species_id': 118}"
1200572951,VERY_LONG,,1,220000,,"{'id': 82800, 'context': 0, 'modifiers': [{'type': 6, 'value': 15904}], 'pet_breed_id': 3, 'pet_level': 1, 'pet_quality_id': 2, 'pet_species_id': 118}"
1200572954,MEDIUM,7500,25,,,{'id': 74843}
1200572987,MEDIUM,,1,24980000,,"{'id': 128313, 'context': 31, 'modifiers': [{'type': 28, 'value': 176}]}"
1200572994,VERY_LONG,,1,12500,,"{'id': 82800, 'context': 0, 'modifiers': [{'type': 6, 'value': 15663}], 'pet_breed_id': 13, 'pet_level': 1, 'pet_quality_id': 2, 'pet_species_id': 120}"
1200573022,MEDIUM,,1,436095200,,"{'id': 144393, 'context': 14, 'modifiers': [{'type': 28, 'value': 442}]}"
1200573023,MEDIUM,,1,436095200,,"{'id': 144393, 'context': 14, 'modifiers': [{'type': 28, 'value': 442}]}"
1200573046,VERY_LONG,,1,1750000,,"{'id': 82800, 'context': 0, 'modifiers': [{'type': 6, 'value': 98459}], 'pet_breed_id': 15, 'pet_level': 1, 'pet_quality_id': 2, 'pet_species_id': 3022}"
1200573073,VERY_LONG,,1,250000,,"{'id': 82800, 'context': 0, 'modifiers': [{'type': 6, 'value': 99900}], 'pet_breed_id': 18, 'pet_level': 1, 'pet_quality_id': 2, 'pet_species_id': 2909}"
1200575103,VERY_LONG,709900,3,,,{'id': 172231}
1200575108,VERY_LONG,88500,12,,,{'id': 169701}
1200575117,VERY_LONG,,1,500000,,"{'id': 82800, 'context': 0, 'modifiers': [{'type': 6, 'value': 5369}], 'pet_breed_id': 22, 'pet_level': 1, 'pet_quality_id': 3, 'pet_species_id': 52}"
1200575123,MEDIUM,,1,2799996800,,"{'id': 128671, 'context': 14, 'modifiers': [{'type': 28, 'value': 302}]}"
1200575131,VERY_LONG,510000,2,,,{'id': 171315}
1200575139,VERY_LONG,139500,1,,,{'id': 171829}
1200575140,VERY_LONG,,1,296000000,,"{'id': 82800, 'context': 0, 'modifiers': [{'type': 6, 'value': 99922}], 'pet_breed_id': 4, 'pet_level': 1, 'pet_quality_id': 2, 'pet_species_id': 2962}"
1200575163,VERY_LONG,,1,1100000,,"{'id': 82800, 'context': 0, 'modifiers': [{'type': 6, 'value': 19600}], 'pet_breed_id': 20, 'pet_level': 1, 'pet_quality_id': 3, 'pet_species_id': 136}"
1200575217,VERY_LONG,,1,3000,,"{'id': 82800, 'context': 0, 'modifiers': [{'type': 6, 'value': 98466}], 'pet_breed_id': 7, 'pet_level': 1, 'pet_quality_id': 2, 'pet_species_id': 3013}"
1200575218,VERY_LONG,,1,3000,,"{'id': 82800, 'context': 0, 'modifiers': [{'type': 6, 'value': 98466}], 'pet_breed_id': 4, 'pet_level': 1, 'pet_quality_id': 2, 'pet_species_id': 3013}"
1200575233,VERY_LONG,465400,6,,,{'id': 173036}
1200575393,VERY_LONG,1000000,1,,,{'id': 172936}
1200575442,VERY_LONG,465400,20,,,{'id': 173036}
1200575495,VERY_LONG,25000,3,,,{'id': 2770}
1200575562,VERY_LONG,30000,93,,,{'id': 72120}
1200575600,VERY_LONG,800,4,,,{'id': 72162}
1200575625,VERY_LONG,1200,86,,,{'id': 74249}
1200575643,VERY_LONG,,1,15999500,7999800,"{'id': 173241, 'context': 63, 'bonus_lists': [6716, 1487]}"
1200575658,VERY_LONG,8500,1,,,{'id': 74250}
1200575751,VERY_LONG,7500,21,,,{'id': 112157}
1200575804,VERY_LONG,10000,8,,,{'id': 79101}
1200578279,VERY_LONG,10000,2,,,{'id': 152513}
1200578323,VERY_LONG,5000,20,,,{'id': 152505}
1200578421,VERY_LONG,30000,15,,,{'id': 152579}
1200578446,VERY_LONG,1000,31,,,{'id': 152511}
1200578501,VERY_LONG,90000,42,,,{'id': 152512}
1200578552,VERY_LONG,2000400,20,,,{'id': 171275}
1200578603,MEDIUM,,1,150000,,"{'id': 116527, 'context': 0, 'bonus_lists': [6655, 45], 'modifiers': [{'type': 9, 'value': 40}, {'type': 28, 'value': 64}]}"
1200581113,VERY_LONG,609800,20,,,{'id': 172049}
1200581143,VERY_LONG,609800,20,,,{'id': 172049}
1200581173,VERY_LONG,609800,20,,,{'id': 172049}
1200581178,MEDIUM,,1,120000,,"{'id': 116522, 'context': 0, 'bonus_lists': [6655, 162, 550], 'modifiers': [{'type': 9, 'value': 40}, {'type': 28, 'value': 64}]}"
1200581206,VERY_LONG,609800,20,,,{'id': 172049}
1200581252,VERY_LONG,1000,18,,,{'id': 154898}
1200581264,VERY_LONG,609800,20,,,{'id': 172049}
1200581294,MEDIUM,,1,120000,,"{'id': 116497, 'context': 0, 'bonus_lists': [6655, 26, 517], 'modifiers': [{'type': 9, 'value': 40}, {'type': 28, 'value': 64}]}"
1200581295,VERY_LONG,609800,20,,,{'id': 172049}
1200581330,VERY_LONG,1000,13,,,{'id': 154897}
1200581354,MEDIUM,,1,10000,,"{'id': 24705, 'context': 27, 'bonus_lists': [3839, 1691], 'modifiers': [{'type': 9, 'value': 26}]}"
1200581379,VERY_LONG,1003800,20,,,{'id': 172045}
1200581387,VERY_LONG,1003800,20,,,{'id': 172045}
1200581397,MEDIUM,,1,25000,,"{'id': 36093, 'context': 0, 'bonus_lists': [6654, 1677], 'modifiers': [{'type': 9, 'value': 30}, {'type': 28, 'value': 44}]}"
1200581398,VERY_LONG,,1,316000,,"{'id': 130233, 'context': 13, 'bonus_lists': [3402, 669, 600, 689]}"
1200581443,MEDIUM,88500,200,,,{'id': 169701}
1200581462,MEDIUM,,1,80000,,"{'id': 106394, 'context': 0, 'bonus_lists': [6654, 62], 'modifiers': [{'type': 9, 'value': 40}, {'type': 28, 'value': 64}]}"
1200581506,MEDIUM,,1,15000,,"{'id': 24602, 'context': 0, 'bonus_lists': [1708]}"
1200581531,VERY_LONG,,1,220000000,,"{'id': 184778, 'context': 4, 'bonus_lists': [7186, 6652, 1459, 6646], 'modifiers': [{'type': 28, 'value': 750}]}"
1200581534,MEDIUM,,1,30000,,"{'id': 82238, 'context': 0, 'bonus_lists': [6654, 1694], 'modifiers': [{'type': 9, 'value': 35}, {'type': 28, 'value': 59}]}"
1200581555,MEDIUM,290000,20,,,{'id': 171268}
1200581561,MEDIUM,,1,136290000,,"{'id': 173069, 'context': 13}"
1200581563,MEDIUM,,1,136290000,,"{'id': 173069, 'context': 13}"
1200581590,MEDIUM,280000,5,,,{'id': 171286}
1200581635,MEDIUM,19200000,10,,,{'id': 172043}
1200581645,MEDIUM,3604000,1,,,{'id': 172415}
1200581661,MEDIUM,1470000,1,,,{'id': 177659}
1200581696,MEDIUM,3130000,1,,,{'id': 172419}
1200581748,MEDIUM,144400,13,,,{'id': 180318}
1200581762,MEDIUM,24700,12,,,{'id': 172054}
1200581871,MEDIUM,465400,12,,,{'id': 173036}
1200581946,MEDIUM,1000000,12,,,{'id': 172055}
1200581965,MEDIUM,,1,106000000,,"{'id': 82800, 'context': 0, 'modifiers': [{'type': 6, 'value': 95584}], 'pet_breed_id': 7, 'pet_level': 1, 'pet_quality_id': 2, 'pet_species_id': 2942}"
1200581976,MEDIUM,25800,10,,,{'id': 172092}
1200582034,MEDIUM,16876000,1,,,{'id': 137267}
1200582037,MEDIUM,15516400,1,,,{'id': 136826}
1200582039,MEDIUM,30002300,1,,,{'id': 139435}
1200582043,VERY_LONG,1000000,2,,,{'id': 172055}
1200582044,MEDIUM,27528400,1,,,{'id': 139348}
1200582046,MEDIUM,,1,12677800,,"{'id': 118741, 'context': 0, 'bonus_lists': [6835]}"
1200582051,MEDIUM,,1,19958900,,"{'id': 112057, 'context': 0, 'bonus_lists': [6835]}"
1200582055,MEDIUM,25838600,1,,,{'id': 139270}
1200582059,MEDIUM,21109900,1,,,{'id': 137293}
1200582063,VERY_LONG,24700,2,,,{'id': 172054}
1200582070,MEDIUM,15196300,1,,,{'id': 139358}
1200584119,VERY_LONG,71000,1,,,{'id': 152577}
1200584126,VERY_LONG,27500,1,,,{'id': 153701}
1200584331,VERY_LONG,1900000,1,,,{'id': 159786}
1200584343,VERY_LONG,290000,5,,,{'id': 153439}
1200584384,VERY_LONG,,1,600005000,,"{'id': 172315, 'context': 65, 'bonus_lists': [6718, 1522]}"
1200584385,VERY_LONG,,1,600005000,,"{'id': 172315, 'context': 65, 'bonus_lists': [6718, 1522]}"
1200584726,MEDIUM,,1,2195000,,"{'id': 172265, 'context': 13, 'bonus_lists': [6893], 'modifiers': [{'type': 9, 'value': 51}, {'type': 28, 'value': 391}, {'type': 29, 'value': 32}, {'type': 30, 'value': 49}]}"
1200584730,MEDIUM,,1,2195000,,"{'id': 172265, 'context': 13, 'bonus_lists': [6893], 'modifiers': [{'type': 9, 'value': 51}, {'type': 28, 'value': 391}, {'type': 29, 'value': 32}, {'type': 30, 'value': 40}]}"
1200584754,VERY_LONG,,1,4000000,,"{'id': 177768, 'context': 0, 'bonus_lists': [6907, 6652, 1678], 'modifiers': [{'type': 9, 'value': 60}, {'type': 28, 'value': 1707}]}"
1200584775,VERY_LONG,3000,28,,,{'id': 108325}
1200584795,VERY_LONG,18900,8,,,{'id': 2452}
1200584830,VERY_LONG,1003100,9,,,{'id': 108327}
1200584851,VERY_LONG,9900,5,,,{'id': 785}
1200584865,VERY_LONG,59900,31,,,{'id': 2453}
1200584867,VERY_LONG,190000,5,,,{'id': 173127}
1200584887,VERY_LONG,190000,5,,,{'id': 173129}
1200584909,VERY_LONG,125300,17,,,{'id': 108330}
1200584912,VERY_LONG,459000,4,,,{'id': 173121}
1200584937,VERY_LONG,605800,10,,,{'id': 173123}
1200584961,VERY_LONG,797600,1,,,{'id': 173122}
1200585016,VERY_LONG,10000,124,,,{'id': 108324}
1200585048,VERY_LONG,33000,14,,,{'id': 765}
1200585084,VERY_LONG,11200,1,,,{'id': 2449}
1200587106,VERY_LONG,11900,1,,,{'id': 2450}
1200587126,VERY_LONG,39900,2,,,{'id': 3369}
1200587147,VERY_LONG,47300,3,,,{'id': 2447}
1200587185,VERY_LONG,454000,80,,,{'id': 108323}
1200587263,MEDIUM,,1,2485100,,"{'id': 3042, 'context': 1, 'bonus_lists': [6655], 'modifiers': [{'type': 9, 'value': 30}, {'type': 28, 'value': 280}]}"
1200587269,MEDIUM,,1,32038300,,"{'id': 15234, 'context': 1, 'bonus_lists': [6655, 1677], 'modifiers': [{'type': 9, 'value': 30}, {'type': 28, 'value': 217}]}"
1200587282,MEDIUM,,1,2484300,,"{'id': 3210, 'context': 1, 'bonus_lists': [6655, 1680], 'modifiers': [{'type': 9, 'value': 30}, {'type': 28, 'value': 208}]}"
1200587296,MEDIUM,,1,7732000,,"{'id': 15231, 'context': 1, 'bonus_lists': [6655, 1705], 'modifiers': [{'type': 9, 'value': 30}, {'type': 28, 'value': 208}]}"
1200587314,MEDIUM,,1,2500300,,"{'id': 15441, 'context': 0, 'bonus_lists': [6654, 1706], 'modifiers': [{'type': 9, 'value': 30}, {'type': 28, 'value': 1007}]}"
1200587326,MEDIUM,,1,19701700,,"{'id': 15638, 'context': 1, 'bonus_lists': [6654, 1709], 'modifiers': [{'type': 9, 'value': 30}, {'type': 28, 'value': 218}]}"
1200587334,MEDIUM,,1,136113500,,"{'id': 14231, 'context': 1, 'bonus_lists': [6654, 1695], 'modifiers': [{'type': 9, 'value': 30}, {'type': 28, 'value': 280}]}"
1200587345,MEDIUM,,1,2750500,,"{'id': 14201, 'context': 1, 'bonus_lists': [6654, 1691], 'modifiers': [{'type': 9, 'value': 30}, {'type': 28, 'value': 208}]}"
1200587355,MEDIUM,,1,800000,,"{'id': 21947, 'context': 1, 'modifiers': [{'type': 28, 'value': 218}]}"
1200587366,MEDIUM,,1,489900,,"{'id': 865, 'context': 1, 'bonus_lists': [6655, 1705], 'modifiers': [{'type': 9, 'value': 30}, {'type': 28, 'value': 280}]}"
1200587370,MEDIUM,,1,2499800,,"{'id': 10315, 'context': 1, 'modifiers': [{'type': 28, 'value': 218}]}"
1200587383,MEDIUM,,1,2752900,,"{'id': 15619, 'context': 1, 'bonus_lists': [6654, 1679], 'modifiers': [{'type': 9, 'value': 30}, {'type': 28, 'value': 218}]}"
1200587393,MEDIUM,,1,15009400,,"{'id': 15169, 'context': 1, 'bonus_lists': [6654, 1691], 'modifiers': [{'type': 9, 'value': 30}, {'type': 28, 'value': 209}]}"
1200587405,MEDIUM,,1,3983700,,"{'id': 6601, 'context': 1, 'bonus_lists': [6654, 1693], 'modifiers': [{'type': 9, 'value': 30}, {'type': 28, 'value': 208}]}"
1200587431,MEDIUM,,1,1753500,,"{'id': 4059, 'context': 1, 'bonus_lists': [6654], 'modifiers': [{'type': 9, 'value': 30}, {'type': 28, 'value': 209}]}"
1200587449,MEDIUM,,1,1753400,,"{'id': 15137, 'context': 1, 'bonus_lists': [6654, 1678], 'modifiers': [{'type': 9, 'value': 30}, {'type': 28, 'value': 208}]}"
1200587463,MEDIUM,,1,21999900,,"{'id': 14421, 'context': 1, 'bonus_lists': [6654], 'modifiers': [{'type': 9, 'value': 30}, {'type': 28, 'value': 209}]}"
1200587474,MEDIUM,,1,42719600,,"{'id': 15266, 'context': 0, 'bonus_lists': [6655, 1691], 'modifiers': [{'type': 9, 'value': 30}, {'type': 28, 'value': 1007}]}"
1200587482,MEDIUM,,1,450600,,"{'id': 7085, 'context': 1, 'modifiers': [{'type': 28, 'value': 214}]}"
1200587503,MEDIUM,,1,12000300,,"{'id': 14742, 'context': 1, 'bonus_lists': [6654], 'modifiers': [{'type': 9, 'value': 30}, {'type': 28, 'value': 200}]}"
1200587518,MEDIUM,,1,12000400,,"{'id': 14179, 'context': 1, 'bonus_lists': [6654, 1680], 'modifiers': [{'type': 9, 'value': 30}, {'type': 28, 'value': 200}]}"
1200587525,MEDIUM,,1,34982700,,"{'id': 4079, 'context': 1, 'bonus_lists': [6654], 'modifiers': [{'type': 9, 'value': 30}, {'type': 28, 'value': 217}]}"
1200587530,MEDIUM,,1,3984100,,"{'id': 15211, 'context': 1, 'bonus_lists': [6655, 1705], 'modifiers': [{'type': 9, 'value': 30}, {'type': 28, 'value': 200}]}"
1200587538,MEDIUM,,1,10003400,,"{'id': 15528, 'context': 1, 'bonus_lists': [6654, 1705], 'modifiers': [{'type': 9, 'value': 30}, {'type': 28, 'value': 200}]}"
1200587544,MEDIUM,,1,16689900,,"{'id': 9889, 'context': 1, 'bonus_lists': [6654, 1693], 'modifiers': [{'type': 9, 'value': 30}, {'type': 28, 'value': 217}]}"
1200587569,MEDIUM,,1,9508200,,"{'id': 9395, 'context': 1, 'bonus_lists': [6658], 'modifiers': [{'type': 9, 'value': 30}, {'type': 28, 'value': 208}]}"
1200587605,MEDIUM,,1,2506300,,"{'id': 9903, 'context': 1, 'bonus_lists': [6654, 1705], 'modifiers': [{'type': 9, 'value': 30}, {'type': 28, 'value': 217}]}"
1200587625,MEDIUM,,1,40004400,,"{'id': 863, 'context': 1, 'bonus_lists': [6655, 1677], 'modifiers': [{'type': 9, 'value': 30}, {'type': 28, 'value': 217}]}"
1200587639,MEDIUM,,1,39990000,,"{'id': 9856, 'context': 1, 'bonus_lists': [6654, 1691], 'modifiers': [{'type': 9, 'value': 30}, {'type': 28, 'value': 217}]}"
1200587663,MEDIUM,,1,2500500,,"{'id': 7488, 'context': 1, 'bonus_lists': [6654, 1677], 'modifiers': [{'type': 9, 'value': 30}, {'type': 28, 'value': 217}]}"
1200587678,MEDIUM,,1,3179300,,"{'id': 1990, 'context': 1, 'bonus_lists': [6655, 1693], 'modifiers': [{'type': 9, 'value': 30}, {'type': 28, 'value': 217}]}"
1200587693,MEDIUM,,1,31539700,,"{'id': 15558, 'context': 1, 'bonus_lists': [6654, 1694], 'modifiers': [{'type': 9, 'value': 30}, {'type': 28, 'value': 208}]}"
1200587702,MEDIUM,,1,11800400,,"{'id': 14680, 'context': 0, 'bonus_lists': [6654], 'modifiers': [{'type': 9, 'value': 30}, {'type': 28, 'value': 1007}]}"
1200587716,MEDIUM,,1,2390000,,"{'id': 4087, 'context': 1, 'bonus_lists': [6655, 1691], 'modifiers': [{'type': 9, 'value': 30}, {'type': 28, 'value': 217}]}"
1200587743,MEDIUM,,1,15000000,,"{'id': 7453, 'context': 1, 'modifiers': [{'type': 28, 'value': 217}]}"
1200587757,MEDIUM,,1,5002200,,"{'id': 15239, 'context': 0, 'bonus_lists': [6655, 1693], 'modifiers': [{'type': 9, 'value': 30}, {'type': 28, 'value': 1007}]}"
1200587759,MEDIUM,,1,14999900,,"{'id': 15195, 'context': 0, 'bonus_lists': [6654, 1679], 'modifiers': [{'type': 9, 'value': 30}, {'type': 28, 'value': 1006}]}"
1200587766,MEDIUM,,1,177154300,,"{'id': 14757, 'context': 1, 'bonus_lists': [6654], 'modifiers': [{'type': 9, 'value': 30}, {'type': 28, 'value': 208}]}"
1200587776,MEDIUM,,1,36982300,,"{'id': 9406, 'context': 1, 'bonus_lists': [6710], 'modifiers': [{'type': 9, 'value': 30}, {'type': 28, 'value': 217}]}"
1200587782,MEDIUM,,1,4439500,,"{'id': 3185, 'context': 1, 'bonus_lists': [6655, 1681], 'modifiers': [{'type': 9, 'value': 30}, {'type': 28, 'value': 280}]}"
1200587790,MEDIUM,,1,4439500,,"{'id': 3185, 'context': 1, 'bonus_lists': [6655, 1692], 'modifiers': [{'type': 9, 'value': 30}, {'type': 28, 'value': 208}]}"
1200587796,MEDIUM,,1,500000,,"{'id': 9883, 'context': 1, 'bonus_lists': [6654, 1677], 'modifiers': [{'type': 9, 'value': 30}, {'type': 28, 'value': 217}]}"
1200587799,MEDIUM,,1,109999900,,"{'id': 15538, 'context': 1, 'bonus_lists': [6654, 1709], 'modifiers': [{'type': 9, 'value': 30}, {'type': 28, 'value': 280}]}"
1200587805,MEDIUM,,1,12000000,,"{'id': 21944, 'context': 1, 'modifiers': [{'type': 28, 'value': 217}]}"
1200587809,MEDIUM,,1,1382600,,"{'id': 5215, 'context': 1, 'bonus_lists': [6655, 1681], 'modifiers': [{'type': 9, 'value': 30}, {'type': 28, 'value': 217}]}"
1200587814,MEDIUM,,1,150000,,"{'id': 7453, 'context': 1, 'modifiers': [{'type': 28, 'value': 217}]}"
1200587817,MEDIUM,,1,2483000,,"{'id': 15260, 'context': 1, 'bonus_lists': [6655, 1695], 'modifiers': [{'type': 9, 'value': 30}, {'type': 28, 'value': 209}]}"
1200587829,MEDIUM,,1,25005600,,"{'id': 14601, 'context': 1, 'bonus_lists': [6654], 'modifiers': [{'type': 9, 'value': 30}, {'type': 28, 'value': 209}]}"
1200587841,MEDIUM,,1,22500200,,"{'id': 8142, 'context': 1, 'bonus_lists': [6654], 'modifiers': [{'type': 9, 'value': 30}, {'type': 28, 'value': 217}]}"
1200587850,MEDIUM,,1,1119800,,"{'id': 12019, 'context': 1, 'bonus_lists': [6654, 1709], 'modifiers': [{'type': 9, 'value': 30}, {'type': 28, 'value': 280}]}"
1200587862,MEDIUM,,1,5004400,,"{'id': 15267, 'context': 0, 'bonus_lists': [6655, 1679], 'modifiers': [{'type': 9, 'value': 30}, {'type': 28, 'value': 1006}]}"
1200587879,MEDIUM,,1,3689300,,"{'id': 3039, 'context': 1, 'bonus_lists': [6655], 'modifiers': [{'type': 9, 'value': 30}, {'type': 28, 'value': 200}]}"
1200587892,MEDIUM,,1,144353700,,"{'id': 15515, 'context': 1, 'bonus_lists': [6654, 1692], 'modifiers': [{'type': 9, 'value': 30}, {'type': 28, 'value': 200}]}"
1200587905,MEDIUM,,1,7732000,,"{'id': 15231, 'context': 1, 'bonus_lists': [6655, 1678], 'modifiers': [{'type': 9, 'value': 30}, {'type': 28, 'value': 280}]}"
1200587923,MEDIUM,,1,3689300,,"{'id': 3039, 'context': 1, 'bonus_lists': [6655], 'modifiers': [{'type': 9, 'value': 30}, {'type': 28, 'value': 200}]}"
1200587941,MEDIUM,,1,1730000,,"{'id': 15220, 'context': 0, 'bonus_lists': [6655, 1679], 'modifiers': [{'type': 9, 'value': 30}, {'type': 28, 'value': 1007}]}"
1200587956,MEDIUM,,1,6416500,,"{'id': 15242, 'context': 1, 'bonus_lists': [6655, 1706], 'modifiers': [{'type': 9, 'value': 30}, {'type': 28, 'value': 280}]}"
1200587997,MEDIUM,,1,1503500,,"{'id': 14594, 'context': 1, 'bonus_lists': [6654], 'modifiers': [{'type': 9, 'value': 30}, {'type': 28, 'value': 281}]}"
1200588014,MEDIUM,,1,22007300,,"{'id': 15536, 'context': 1, 'bonus_lists': [6654, 1681], 'modifiers': [{'type': 9, 'value': 30}, {'type': 28, 'value': 280}]}"
1200588022,MEDIUM,5990000,12,,,{'id': 172347}
1200588031,MEDIUM,,1,34989100,,"{'id': 14410, 'context': 1, 'bonus_lists': [6654], 'modifiers': [{'type': 9, 'value': 30}, {'type': 28, 'value': 280}]}"
1200588047,MEDIUM,,1,50999900,,"{'id': 15353, 'context': 1, 'bonus_lists': [6654, 1694], 'modifiers': [{'type': 9, 'value': 30}, {'type': 28, 'value': 281}]}"
1200588057,MEDIUM,3016700,10,,,{'id': 171273}
1200588058,MEDIUM,,1,19981500,,"{'id': 14592, 'context': 1, 'bonus_lists': [6654], 'modifiers': [{'type': 9, 'value': 30}, {'type': 28, 'value': 281}]}"
1200588099,MEDIUM,,1,1503800,,"{'id': 7355, 'context': 1, 'bonus_lists': [6654, 1679], 'modifiers': [{'type': 9, 'value': 30}, {'type': 28, 'value': 211}]}"
1200590117,MEDIUM,,1,3439600,,"{'id': 10219, 'context': 1, 'bonus_lists': [6654, 1681], 'modifiers': [{'type': 9, 'value': 30}, {'type': 28, 'value': 203}]}"
1200590136,MEDIUM,,1,54770800,,"{'id': 4055, 'context': 1, 'bonus_lists': [6654], 'modifiers': [{'type': 9, 'value': 30}, {'type': 28, 'value': 211}]}"
1200590155,MEDIUM,,1,1502600,,"{'id': 11970, 'context': 1, 'bonus_lists': [6654, 1681], 'modifiers': [{'type': 9, 'value': 30}, {'type': 28, 'value': 211}]}"
1200590174,MEDIUM,,1,25009100,,"{'id': 15990, 'context': 1, 'bonus_lists': [6655], 'modifiers': [{'type': 9, 'value': 30}, {'type': 28, 'value': 281}]}"
1200590181,MEDIUM,,1,1270000,,"{'id': 15252, 'context': 1, 'bonus_lists': [6655, 1678], 'modifiers': [{'type': 9, 'value': 30}, {'type': 28, 'value': 214}]}"
1200590195,MEDIUM,,1,1753600,,"{'id': 7484, 'context': 1, 'bonus_lists': [6654, 1708], 'modifiers': [{'type': 9, 'value': 30}, {'type': 28, 'value': 214}]}"
1200590206,MEDIUM,19600,9,,,{'id': 6530}
1200590216,MEDIUM,,1,4770000,,"{'id': 8122, 'context': 1, 'bonus_lists': [6654], 'modifiers': [{'type': 9, 'value': 30}, {'type': 28, 'value': 214}]}"
1200590231,MEDIUM,,1,5005300,,"{'id': 1613, 'context': 1, 'bonus_lists': [6655, 1677], 'modifiers': [{'type': 9, 'value': 30}, {'type': 28, 'value': 214}]}"
1200590257,MEDIUM,,1,569900,,"{'id': 15262, 'context': 1, 'bonus_lists': [6655, 1705], 'modifiers': [{'type': 9, 'value': 30}, {'type': 28, 'value': 214}]}"
1200590263,MEDIUM,,1,499800,,"{'id': 15235, 'context': 1, 'bonus_lists': [6655, 1677], 'modifiers': [{'type': 9, 'value': 30}, {'type': 28, 'value': 214}]}"
1200590270,MEDIUM,,1,249700,,"{'id': 15270, 'context': 1, 'bonus_lists': [6655, 1694], 'modifiers': [{'type': 9, 'value': 30}, {'type': 28, 'value': 214}]}"
1200590359,MEDIUM,,1,28000000,,"{'id': 14222, 'context': 1, 'bonus_lists': [6654, 1706], 'modifiers': [{'type': 9, 'value': 30}, {'type': 28, 'value': 280}]}"
1200590365,MEDIUM,,1,6999800,,"{'id': 4300, 'context': 1, 'modifiers': [{'type': 28, 'value': 217}]}"
1200590486,VERY_LONG,,1,48978000,,"{'id': 82800, 'context': 0, 'modifiers': [{'type': 6, 'value': 33512}], 'pet_breed_id': 4, 'pet_level': 1, 'pet_quality_id': 2, 'pet_species_id': 261}"
1200590546,VERY_LONG,,1,350000000,,"{'id': 172327, 'context': 65, 'bonus_lists': [6718, 1522]}"
1200590570,VERY_LONG,,1,75000000,,"{'id': 183418, 'context': 28, 'bonus_lists': [6652, 1520, 5891, 6646]}"
1200590589,VERY_LONG,,1,189990900,,"{'id': 4415, 'context': 0, 'modifiers': [{'type': 28, 'value': 28}]}"
1200590598,VERY_LONG,24700,215,,,{'id': 172054}
1200590637,MEDIUM,,1,2402900,,"{'id': 184479, 'context': 0}"
1200590638,MEDIUM,,1,2402900,,"{'id': 184479, 'context': 0}"
1200590641,MEDIUM,3189500,9,,,{'id': 171349}
1200590649,MEDIUM,799900,2,,,{'id': 177715}
1200590654,MEDIUM,150000,2,,,{'id': 177716}
1200590660,MEDIUM,1417900,1,,,{'id': 172363}
1200590852,VERY_LONG,5800,9,,,{'id': 2838}
1200590856,VERY_LONG,300000,3,,,{'id': 82441}
1200590878,VERY_LONG,,1,1509800,,"{'id': 173133, 'context': 13, 'modifiers': [{'type': 29, 'value': 49}]}"
1200590888,MEDIUM,,1,13780800,,"{'id': 173199, 'context': 0, 'bonus_lists': [6890, 7224], 'modifiers': [{'type': 9, 'value': 51}, {'type': 28, 'value': 391}, {'type': 29, 'value': 32}, {'type': 30, 'value': 40}]}"
1200590890,MEDIUM,,1,13516800,,"{'id': 173197, 'context': 0, 'bonus_lists': [6887, 7224], 'modifiers': [{'type': 9, 'value': 51}, {'type': 28, 'value': 391}, {'type': 29, 'value': 40}, {'type': 30, 'value': 36}]}"
1200590891,MEDIUM,,1,12377100,,"{'id': 173194, 'context': 0, 'bonus_lists': [6887, 7224], 'modifiers': [{'type': 9, 'value': 51}, {'type': 28, 'value': 391}, {'type': 29, 'value': 49}, {'type': 30, 'value': 32}]}"
1200590947,VERY_LONG,30000,20,,,{'id': 72120}
1200590962,VERY_LONG,,1,7479700,,"{'id': 82800, 'context': 0, 'modifiers': [{'type': 6, 'value': 58770}], 'pet_breed_id': 15, 'pet_level': 1, 'pet_quality_id': 3, 'pet_species_id': 1467}"
1200590975,VERY_LONG,10000,125,,,{'id': 2836}
1200590982,VERY_LONG,,1,99999900,,"{'id': 82800, 'context': 0, 'modifiers': [{'type': 6, 'value': 71828}], 'pet_breed_id': 10, 'pet_level': 1, 'pet_quality_id': 3, 'pet_species_id': 1920}"
1200591004,VERY_LONG,,1,90000000,,"{'id': 82800, 'context': 0, 'modifiers': [{'type': 6, 'value': 90141}], 'pet_breed_id': 4, 'pet_level': 1, 'pet_quality_id': 3, 'pet_species_id': 2549}"
1200591050,VERY_LONG,20000,126,,,{'id': 2835}
1200591063,VERY_LONG,,1,3004900,,"{'id': 82800, 'context': 0, 'modifiers': [{'type': 6, 'value': 94166}], 'pet_breed_id': 18, 'pet_level': 1, 'pet_quality_id': 3, 'pet_species_id': 2797}"
1200592103,VERY_LONG,8800,20,,,{'id': 72234}
1200592110,VERY_LONG,20000,138,,,{'id': 2770}
1200592112,VERY_LONG,,1,504900,,"{'id': 82800, 'context': 0, 'modifiers': [{'type': 6, 'value': 95171}], 'pet_breed_id': 4, 'pet_level': 1, 'pet_quality_id': 3, 'pet_species_id': 2842}"
1200592133,VERY_LONG,,1,306000000,,"{'id': 82800, 'context': 0, 'modifiers': [{'type': 6, 'value': 90412}], 'pet_breed_id': 15, 'pet_level': 1, 'pet_quality_id': 3, 'pet_species_id': 2565}"
1200592144,VERY_LONG,50000,125,,,{'id': 2771}
1200592197,MEDIUM,6999700,5,,,{'id': 12363}
1200592198,VERY_LONG,150000,13,,,{'id': 23425}
1200592224,VERY_LONG,70000,15,,,{'id': 2775}
1200592242,VERY_LONG,,1,499900,,"{'id': 72006, 'context': 0, 'modifiers': [{'type': 28, 'value': 1030}]}"
1200592250,MEDIUM,,1,12377100,,"{'id': 173194, 'context': 0, 'bonus_lists': [6887, 7224], 'modifiers': [{'type': 9, 'value': 51}, {'type': 28, 'value': 391}, {'type': 29, 'value': 32}, {'type': 30, 'value': 36}]}"
1200592255,VERY_LONG,290000,4,,,{'id': 23424}
1200592268,VERY_LONG,,1,499900,,"{'id': 72009, 'context': 0, 'modifiers': [{'type': 28, 'value': 1030}]}"
1200592306,VERY_LONG,,1,750009900,,"{'id': 184804, 'context': 0, 'bonus_lists': [6652, 1472, 6646], 'modifiers': [{'type': 28, 'value': 1707}]}"
1200592325,VERY_LONG,2900000,3,,,{'id': 23426}
1200592355,VERY_LONG,19900,633,,,{'id': 72988}
1200592450,VERY_LONG,,1,44264200,,"{'id': 182560, 'context': 0, 'bonus_lists': [6907, 6652, 1691], 'modifiers': [{'type': 9, 'value': 60}, {'type': 28, 'value': 1707}]}"
1200592454,VERY_LONG,,1,2264000,,"{'id': 176797, 'context': 0, 'bonus_lists': [6908, 40, 1700], 'modifiers': [{'type': 9, 'value': 60}, {'type': 28, 'value': 1707}]}"
1200592572,VERY_LONG,16509400,26,,,{'id': 172438}
1200592576,VERY_LONG,1341300,21,,,{'id': 172439}
1200592596,VERY_LONG,5000000,20,,,{'id': 172437}
1200592653,VERY_LONG,25000,1,,,{'id': 72120}
1200592655,VERY_LONG,5949000,5,,,{'id': 21884}
1200592736,VERY_LONG,90000,118,,,{'id': 2319}
1200592745,VERY_LONG,,1,633720800,,"{'id': 7728, 'context': 1, 'bonus_lists': [6710], 'modifiers': [{'type': 9, 'value': 30}, {'type': 28, 'value': 211}]}"
1200592826,VERY_LONG,,1,99992200,,"{'id': 166828, 'context': 14, 'modifiers': [{'type': 28, 'value': 186}]}"
1200592852,VERY_LONG,709900,16,,,{'id': 172231}
1200592855,VERY_LONG,,1,50000000,,"{'id': 164362, 'context': 14, 'modifiers': [{'type': 28, 'value': 186}]}"
1200595259,VERY_LONG,,1,550000000,,"{'id': 184778, 'context': 5, 'bonus_lists': [7188, 6652, 1485, 6646], 'modifiers': [{'type': 28, 'value': 752}]}"
1200595612,VERY_LONG,25000000,3,,,{'id': 180457}
1200595646,VERY_LONG,6090000,1,,,{'id': 128551}
1200595734,VERY_LONG,53900,21,,,{'id': 171370}
1200595747,VERY_LONG,30000,4,,,{'id': 171263}
1200595760,VERY_LONG,3189500,8,,,{'id': 171349}
1200595776,VERY_LONG,870000,10,,,{'id': 171291}
1200595804,VERY_LONG,756400,10,,,{'id': 171288}
1200595825,MEDIUM,16509400,4,,,{'id': 172438}
1200595886,VERY_LONG,150000,25,,,{'id': 171830}
1200595897,VERY_LONG,60000,51,,,{'id': 173108}
1200595944,VERY_LONG,139500,24,,,{'id': 171829}
1200595969,VERY_LONG,1349500,14,,,{'id': 171274}
1200596020,VERY_LONG,1009500,2,,,{'id': 171290}
1200596058,VERY_LONG,3476800,11,,,{'id': 171270}
1200596088,VERY_LONG,2000000,14,,,{'id': 171351}
1200597141,VERY_LONG,52300,17,,,{'id': 173110}
1200597153,VERY_LONG,1120000,5,,,{'id': 176811}
1200597171,VERY_LONG,44600,5,,,{'id': 183823}
1200597391,VERY_LONG,,1,99990000,,"{'id': 176779, 'context': 0, 'bonus_lists': [6907, 6652, 1696], 'modifiers': [{'type': 9, 'value': 52}, {'type': 28, 'value': 743}]}"
1200597394,VERY_LONG,,1,199990000,,"{'id': 176779, 'context': 0, 'bonus_lists': [6907, 6652, 1679], 'modifiers': [{'type': 9, 'value': 53}, {'type': 28, 'value': 1324}]}"
1200597397,VERY_LONG,,1,199990000,,"{'id': 176779, 'context': 0, 'bonus_lists': [6907, 6652, 1704], 'modifiers': [{'type': 9, 'value': 55}, {'type': 28, 'value': 1707}]}"
1200597400,VERY_LONG,,1,99990000,,"{'id': 176779, 'context': 17, 'bonus_lists': [6907, 6652, 1677], 'modifiers': [{'type': 9, 'value': 51}, {'type': 28, 'value': 1709}]}"
1200597404,VERY_LONG,,1,199990000,,"{'id': 176779, 'context': 0, 'bonus_lists': [6907, 6652, 1708], 'modifiers': [{'type': 9, 'value': 54}, {'type': 28, 'value': 745}]}"
1200597407,VERY_LONG,,1,99990000,,"{'id': 176779, 'context': 0, 'bonus_lists': [6907, 42, 1679], 'modifiers': [{'type': 9, 'value': 51}, {'type': 28, 'value': 1318}]}"
1200597411,VERY_LONG,,1,99990000,,"{'id': 176779, 'context': 0, 'bonus_lists': [6907, 6652, 1712], 'modifiers': [{'type': 9, 'value': 51}, {'type': 28, 'value': 1318}]}"
1200597414,VERY_LONG,,1,99990000,,"{'id': 176763, 'context': 17, 'bonus_lists': [6907, 6652, 1708], 'modifiers': [{'type': 9, 'value': 52}, {'type': 28, 'value': 747}]}"
1200597417,VERY_LONG,,1,199990000,,"{'id': 176763, 'context': 0, 'bonus_lists': [6907, 6652, 1699], 'modifiers': [{'type': 9, 'value': 53}, {'type': 28, 'value': 1324}]}"
1200597422,VERY_LONG,,1,99990000,,"{'id': 176763, 'context': 17, 'bonus_lists': [6907, 6652, 1699], 'modifiers': [{'type': 9, 'value': 51}, {'type': 28, 'value': 1709}]}"
1200597425,VERY_LONG,,1,99990000,,"{'id': 176763, 'context': 0, 'bonus_lists': [6907, 6652, 1706], 'modifiers': [{'type': 9, 'value': 51}, {'type': 28, 'value': 1316}]}"
1200597429,VERY_LONG,,1,199990000,,"{'id': 176763, 'context': 0, 'bonus_lists': [6907, 6652, 1707], 'modifiers': [{'type': 9, 'value': 53}, {'type': 28, 'value': 1324}]}"
1200597433,VERY_LONG,,1,99990000,,"{'id': 175569, 'context': 0, 'bonus_lists': [6907, 1683], 'modifiers': [{'type': 9, 'value': 50}, {'type': 28, 'value': 1707}]}"
1200597435,VERY_LONG,,1,199990000,,"{'id': 175569, 'context': 0, 'bonus_lists': [6907, 1692], 'modifiers': [{'type': 9, 'value': 53}, {'type': 28, 'value': 807}]}"
1200597442,VERY_LONG,,1,199990000,,"{'id': 175561, 'context': 0, 'bonus_lists': [6907, 1715], 'modifiers': [{'type': 9, 'value': 53}, {'type': 28, 'value': 1707}]}"
1200597444,VERY_LONG,,1,99990000,,"{'id': 175561, 'context': 0, 'bonus_lists': [6907, 1698], 'modifiers': [{'type': 9, 'value': 52}, {'type': 28, 'value': 1707}]}"
1200597447,VERY_LONG,,1,99990000,,"{'id': 175561, 'context': 0, 'bonus_lists': [6907, 1681], 'modifiers': [{'type': 9, 'value': 50}, {'type': 28, 'value': 1707}]}"
1200597450,VERY_LONG,,1,199990000,,"{'id': 175561, 'context': 0, 'bonus_lists': [6907, 1693], 'modifiers': [{'type': 9, 'value': 53}, {'type': 28, 'value': 1707}]}"
1200597455,VERY_LONG,,1,149990000,,"{'id': 176791, 'context': 0, 'bonus_lists': [6907, 6652, 7194, 1704], 'modifiers': [{'type': 9, 'value': 53}, {'type': 28, 'value': 1324}]}"
1200597458,VERY_LONG,,1,74990000,,"{'id': 176791, 'context': 0, 'bonus_lists': [6907, 6652, 7194, 1704], 'modifiers': [{'type': 9, 'value': 51}, {'type': 28, 'value': 1316}]}"
1200597460,VERY_LONG,,1,74990000,,"{'id': 176791, 'context': 17, 'bonus_lists': [6907, 6652, 7193, 1702], 'modifiers': [{'type': 9, 'value': 51}, {'type': 28, 'value': 1709}]}"
1200597464,VERY_LONG,,1,149990000,,"{'id': 176968, 'context': 0, 'bonus_lists': [6907, 6652, 1677], 'modifiers': [{'type': 9, 'value': 54}, {'type': 28, 'value': 1329}]}"
1200597469,VERY_LONG,,1,149990000,,"{'id': 176768, 'context': 0, 'bonus_lists': [6907, 6652, 1680], 'modifiers': [{'type': 9, 'value': 53}, {'type': 28, 'value': 1324}]}"
1200597474,VERY_LONG,,1,74990000,,"{'id': 176768, 'context': 0, 'bonus_lists': [6907, 6652, 1709], 'modifiers': [{'type': 9, 'value': 52}, {'type': 28, 'value': 743}]}"
1200597482,VERY_LONG,,1,74990000,,"{'id': 176768, 'context': 0, 'bonus_lists': [6907, 6652, 1678], 'modifiers': [{'type': 9, 'value': 51}, {'type': 28, 'value': 1316}]}"
1200597490,VERY_LONG,,1,199990000,,"{'id': 176974, 'context': 0, 'bonus_lists': [6907, 6652, 7193, 1709], 'modifiers': [{'type': 9, 'value': 54}, {'type': 28, 'value': 1707}]}"
1200597496,VERY_LONG,,1,149990000,,"{'id': 176974, 'context': 0, 'bonus_lists': [6907, 6652, 6935, 1691], 'modifiers': [{'type': 9, 'value': 52}, {'type': 28, 'value': 1707}]}"
1200597504,VERY_LONG,,1,99990000,,"{'id': 175556, 'context': 0, 'bonus_lists': [6907, 1716], 'modifiers': [{'type': 9, 'value': 51}, {'type': 28, 'value': 1707}]}"
1200597507,VERY_LONG,,1,99990000,,"{'id': 175556, 'context': 0, 'bonus_lists': [6907, 1700], 'modifiers': [{'type': 9, 'value': 50}, {'type': 28, 'value': 1707}]}"
1200597508,VERY_LONG,1009800,20,,,{'id': 171289}
1200597515,VERY_LONG,,1,199990000,,"{'id': 176777, 'context': 0, 'bonus_lists': [6907, 6652, 1690], 'modifiers': [{'type': 9, 'value': 53}, {'type': 28, 'value': 1707}]}"
1200597522,VERY_LONG,,1,99990000,,"{'id': 176777, 'context': 17, 'bonus_lists': [6907, 6652, 1705], 'modifiers': [{'type': 9, 'value': 51}, {'type': 28, 'value': 1709}]}"
1200597524,VERY_LONG,,1,199990000,,"{'id': 176777, 'context': 0, 'bonus_lists': [6907, 6652, 1703], 'modifiers': [{'type': 9, 'value': 53}, {'type': 28, 'value': 1324}]}"
1200597529,VERY_LONG,,1,199990000,,"{'id': 175559, 'context': 0, 'bonus_lists': [6907, 1684], 'modifiers': [{'type': 9, 'value': 55}, {'type': 28, 'value': 1707}]}"
1200597533,VERY_LONG,,1,99990000,,"{'id': 175570, 'context': 0, 'bonus_lists': [6907, 1693], 'modifiers': [{'type': 9, 'value': 50}, {'type': 28, 'value': 1707}]}"
1200597537,VERY_LONG,,1,99990000,,"{'id': 175570, 'context': 0, 'bonus_lists': [6907, 1681], 'modifiers': [{'type': 9, 'value': 50}, {'type': 28, 'value': 1707}]}"
1200597540,VERY_LONG,,1,149990000,,"{'id': 177787, 'context': 0, 'bonus_lists': [6907, 6652, 7194, 1681], 'modifiers': [{'type': 9, 'value': 54}, {'type': 28, 'value': 1707}]}"
1200597548,VERY_LONG,,1,74990000,,"{'id': 175551, 'context': 17, 'bonus_lists': [6907, 1677], 'modifiers': [{'type': 9, 'value': 52}, {'type': 28, 'value': 747}]}"
1200597551,VERY_LONG,,1,99990000,,"{'id': 176786, 'context': 0, 'bonus_lists': [6907, 6652, 7194, 1713], 'modifiers': [{'type': 9, 'value': 51}, {'type': 28, 'value': 1318}]}"
1200597554,VERY_LONG,,1,99990000,,"{'id': 176786, 'context': 0, 'bonus_lists': [6907, 6652, 7194, 1697], 'modifiers': [{'type': 9, 'value': 52}, {'type': 28, 'value': 1323}]}"
1200597557,VERY_LONG,,1,99990000,,"{'id': 176786, 'context': 0, 'bonus_lists': [6907, 43, 7194, 1691], 'modifiers': [{'type': 9, 'value': 52}, {'type': 28, 'value': 1323}]}"
1200597560,VERY_LONG,,1,199990000,,"{'id': 176786, 'context': 0, 'bonus_lists': [6907, 6652, 7193, 1685], 'modifiers': [{'type': 9, 'value': 53}, {'type': 28, 'value': 743}]}"
1200597565,VERY_LONG,,1,99990000,,"{'id': 176786, 'context': 0, 'bonus_lists': [6907, 6652, 7194, 1714], 'modifiers': [{'type': 9, 'value': 52}, {'type': 28, 'value': 1707}]}"
1200597568,VERY_LONG,,1,199990000,,"{'id': 176786, 'context': 0, 'bonus_lists': [6907, 6652, 7193, 1687], 'modifiers': [{'type': 9, 'value': 54}, {'type': 28, 'value': 1707}]}"
1200597569,VERY_LONG,,1,99990000,,"{'id': 176786, 'context': 0, 'bonus_lists': [6907, 6652, 7194, 1689], 'modifiers': [{'type': 9, 'value': 51}, {'type': 28, 'value': 1707}]}"
1200597573,VERY_LONG,,1,199990000,,"{'id': 175564, 'context': 17, 'bonus_lists': [6907, 1705], 'modifiers': [{'type': 9, 'value': 55}, {'type': 28, 'value': 747}]}"
1200597575,VERY_LONG,,1,99990000,,"{'id': 175564, 'context': 0, 'bonus_lists': [6907, 1714], 'modifiers': [{'type': 9, 'value': 52}, {'type': 28, 'value': 807}]}"
1200597576,VERY_LONG,,1,199990000,,"{'id': 175564, 'context': 0, 'bonus_lists': [6907, 1699], 'modifiers': [{'type': 9, 'value': 55}, {'type': 28, 'value': 1232}]}"
1200597580,VERY_LONG,,1,99990000,,"{'id': 175564, 'context': 0, 'bonus_lists': [6907, 1684], 'modifiers': [{'type': 9, 'value': 50}, {'type': 28, 'value': 1707}]}"
1200597583,VERY_LONG,,1,299990000,,"{'id': 182560, 'context': 0, 'bonus_lists': [6907, 6652, 1687], 'modifiers': [{'type': 9, 'value': 53}, {'type': 28, 'value': 1324}]}"
1200597586,VERY_LONG,,1,199990000,,"{'id': 182560, 'context': 0, 'bonus_lists': [6907, 6652, 1715], 'modifiers': [{'type': 9, 'value': 51}, {'type': 28, 'value': 1316}]}"
1200597623,VERY_LONG,465400,6,,,{'id': 173036}
1200597628,VERY_LONG,,1,79999500,,"{'id': 87641, 'context': 0}"
1200597698,VERY_LONG,,1,299990000,,"{'id': 182560, 'context': 0, 'bonus_lists': [6907, 6652, 1716], 'modifiers': [{'type': 9, 'value': 53}, {'type': 28, 'value': 1324}]}"
1200597701,VERY_LONG,,1,299990000,,"{'id': 182560, 'context': 0, 'bonus_lists': [6907, 6652, 1694], 'modifiers': [{'type': 9, 'value': 53}, {'type': 28, 'value': 1324}]}"
1200597704,VERY_LONG,,1,150001200,,"{'id': 118872, 'context': 0}"
1200597706,VERY_LONG,,1,74990000,,"{'id': 176767, 'context': 17, 'bonus_lists': [6907, 6652, 1717], 'modifiers': [{'type': 9, 'value': 51}, {'type': 28, 'value': 1709}]}"
1200597709,VERY_LONG,,1,149990000,,"{'id': 176767, 'context': 0, 'bonus_lists': [6907, 6652, 1685], 'modifiers': [{'type': 9, 'value': 53}, {'type': 28, 'value': 1707}]}"
1200597712,VERY_LONG,,1,74990000,,"{'id': 176767, 'context': 0, 'bonus_lists': [6907, 42, 1715], 'modifiers': [{'type': 9, 'value': 52}, {'type': 28, 'value': 1322}]}"
1200597713,VERY_LONG,,1,149990000,,"{'id': 176767, 'context': 0, 'bonus_lists': [6907, 6652, 1676], 'modifiers': [{'type': 9, 'value': 53}, {'type': 28, 'value': 743}]}"
1200597715,VERY_LONG,,1,149990000,,"{'id': 176767, 'context': 0, 'bonus_lists': [6907, 6652, 1704], 'modifiers': [{'type': 9, 'value': 53}, {'type': 28, 'value': 1324}]}"
1200597716,VERY_LONG,,1,99990000,,"{'id': 175543, 'context': 0, 'bonus_lists': [6907, 1715], 'modifiers': [{'type': 9, 'value': 51}, {'type': 28, 'value': 807}]}"
1200597718,VERY_LONG,,1,199990000,,"{'id': 175543, 'context': 0, 'bonus_lists': [6907, 1701], 'modifiers': [{'type': 9, 'value': 53}, {'type': 28, 'value': 1707}]}"
1200597720,VERY_LONG,,1,99990000,,"{'id': 175543, 'context': 0, 'bonus_lists': [6907, 1707], 'modifiers': [{'type': 9, 'value': 52}, {'type': 28, 'value': 807}]}"
1200597721,VERY_LONG,,1,199990000,,"{'id': 182557, 'context': 0, 'bonus_lists': [6907, 6652, 1686], 'modifiers': [{'type': 9, 'value': 50}, {'type': 28, 'value': 1316}]}"
1200597722,VERY_LONG,,1,299990000,,"{'id': 182557, 'context': 0, 'bonus_lists': [6907, 6652, 1684], 'modifiers': [{'type': 9, 'value': 53}, {'type': 28, 'value': 1324}]}"
1200597725,VERY_LONG,,1,299990000,,"{'id': 182557, 'context': 0, 'bonus_lists': [6907, 6652, 1714], 'modifiers': [{'type': 9, 'value': 54}, {'type': 28, 'value': 1707}]}"
1200597726,VERY_LONG,,1,199990000,,"{'id': 182557, 'context': 0, 'bonus_lists': [6907, 6652, 1702], 'modifiers': [{'type': 9, 'value': 52}, {'type': 28, 'value': 1707}]}"
1200597727,VERY_LONG,,1,199990000,,"{'id': 182557, 'context': 0, 'bonus_lists': [6907, 6652, 1715], 'modifiers': [{'type': 9, 'value': 52}, {'type': 28, 'value': 743}]}"
1200597729,VERY_LONG,,1,74990000,,"{'id': 176769, 'context': 0, 'bonus_lists': [6907, 6652, 1703], 'modifiers': [{'type': 9, 'value': 52}, {'type': 28, 'value': 1707}]}"
1200597731,VERY_LONG,,1,199990000,,"{'id': 176971, 'context': 0, 'bonus_lists': [6907, 6652, 1687], 'modifiers': [{'type': 9, 'value': 53}, {'type': 28, 'value': 1325}]}"
1200597734,VERY_LONG,,1,199990000,,"{'id': 176971, 'context': 0, 'bonus_lists': [6907, 6652, 1693], 'modifiers': [{'type': 9, 'value': 55}, {'type': 28, 'value': 745}]}"
1200597735,VERY_LONG,,1,199990000,,"{'id': 176971, 'context': 0, 'bonus_lists': [6907, 42, 1693], 'modifiers': [{'type': 9, 'value': 55}, {'type': 28, 'value': 1707}]}"
1200597738,VERY_LONG,,1,199990000,,"{'id': 176971, 'context': 1, 'bonus_lists': [6907, 6652, 1700], 'modifiers': [{'type': 9, 'value': 54}, {'type': 28, 'value': 1710}]}"
1200597741,VERY_LONG,,1,199990000,,"{'id': 176787, 'context': 0, 'bonus_lists': [6907, 42, 7194, 1702], 'modifiers': [{'type': 9, 'value': 53}, {'type': 28, 'value': 1324}]}"
1200597745,VERY_LONG,,1,249990000,,"{'id': 176787, 'context': 0, 'bonus_lists': [6907, 41, 6935, 1678], 'modifiers': [{'type': 9, 'value': 53}, {'type': 28, 'value': 1324}]}"
1200597747,VERY_LONG,,1,199990000,,"{'id': 176787, 'context': 0, 'bonus_lists': [6907, 6652, 7194, 1694], 'modifiers': [{'type': 9, 'value': 53}, {'type': 28, 'value': 743}]}"
1200597748,VERY_LONG,,1,100004200,,"{'id': 90576, 'context': 0, 'bonus_lists': [6660], 'modifiers': [{'type': 9, 'value': 40}]}"
1200597749,VERY_LONG,,1,199990000,,"{'id': 176787, 'context': 0, 'bonus_lists': [6907, 6652, 7194, 1717], 'modifiers': [{'type': 9, 'value': 53}, {'type': 28, 'value': 1324}]}"
1200597751,VERY_LONG,,1,99990000,,"{'id': 175555, 'context': 0, 'bonus_lists': [6907, 1702], 'modifiers': [{'type': 9, 'value': 51}, {'type': 28, 'value': 1707}]}"
1200597753,VERY_LONG,,1,99990000,,"{'id': 175555, 'context': 0, 'bonus_lists': [6907, 1678], 'modifiers': [{'type': 9, 'value': 50}, {'type': 28, 'value': 1707}]}"
1200597755,VERY_LONG,,1,99990000,,"{'id': 175555, 'context': 0, 'bonus_lists': [6907, 1688], 'modifiers': [{'type': 9, 'value': 52}, {'type': 28, 'value': 1707}]}"
1200597756,VERY_LONG,,1,199990000,,"{'id': 176782, 'context': 17, 'bonus_lists': [6907, 6652, 1710], 'modifiers': [{'type': 9, 'value': 55}, {'type': 28, 'value': 747}]}"
1200597758,VERY_LONG,,1,99990000,,"{'id': 176782, 'context': 17, 'bonus_lists': [6907, 6652, 1713], 'modifiers': [{'type': 9, 'value': 51}, {'type': 28, 'value': 1709}]}"
1200597759,VERY_LONG,,1,99990000,,"{'id': 176983, 'context': 17, 'bonus_lists': [6907, 6652, 1710], 'modifiers': [{'type': 9, 'value': 51}, {'type': 28, 'value': 747}]}"
1200597761,VERY_LONG,,1,149990000,,"{'id': 177770, 'context': 0, 'bonus_lists': [6907, 6652, 6935, 1680], 'modifiers': [{'type': 9, 'value': 51}, {'type': 28, 'value': 1707}]}"
1200597763,VERY_LONG,,1,199990000,,"{'id': 176962, 'context': 17, 'bonus_lists': [6907, 6652, 1680], 'modifiers': [{'type': 9, 'value': 55}, {'type': 28, 'value': 747}]}"
1200597767,VERY_LONG,,1,199990000,,"{'id': 176962, 'context': 0, 'bonus_lists': [6907, 6652, 1696], 'modifiers': [{'type': 9, 'value': 54}, {'type': 28, 'value': 1327}]}"
1200597770,VERY_LONG,,1,74990000,,"{'id': 176789, 'context': 17, 'bonus_lists': [6907, 6652, 7194, 1701], 'modifiers': [{'type': 9, 'value': 52}, {'type': 28, 'value': 747}]}"
1200597774,VERY_LONG,,1,149990000,,"{'id': 176789, 'context': 0, 'bonus_lists': [6907, 6652, 7194, 1704], 'modifiers': [{'type': 9, 'value': 53}, {'type': 28, 'value': 1324}]}"
1200597776,VERY_LONG,,1,74990000,,"{'id': 176789, 'context': 17, 'bonus_lists': [6907, 6652, 7193, 1676], 'modifiers': [{'type': 9, 'value': 51}, {'type': 28, 'value': 1709}]}"
1200597778,VERY_LONG,,1,99990000,,"{'id': 176789, 'context': 0, 'bonus_lists': [6907, 6652, 6935, 1685], 'modifiers': [{'type': 9, 'value': 51}, {'type': 28, 'value': 1316}]}"
1200597780,VERY_LONG,,1,149990000,,"{'id': 176789, 'context': 17, 'bonus_lists': [6907, 6652, 7194, 1704], 'modifiers': [{'type': 9, 'value': 55}, {'type': 28, 'value': 747}]}"
1200597781,VERY_LONG,,1,149990000,,"{'id': 176789, 'context': 17, 'bonus_lists': [6907, 6652, 7194, 1691], 'modifiers': [{'type': 9, 'value': 54}, {'type': 28, 'value': 747}]}"
1200597788,VERY_LONG,,1,149990000,,"{'id': 176789, 'context': 0, 'bonus_lists': [6907, 6652, 7193, 1695], 'modifiers': [{'type': 9, 'value': 53}, {'type': 28, 'value': 1324}]}"
1200597789,VERY_LONG,,1,98502300,,"{'id': 37813, 'context': 0, 'bonus_lists': [6659], 'modifiers': [{'type': 9, 'value': 40}]}"
1200597790,VERY_LONG,,1,149990000,,"{'id': 176789, 'context': 17, 'bonus_lists': [6907, 6652, 7194, 1701], 'modifiers': [{'type': 9, 'value': 55}, {'type': 28, 'value': 747}]}"
1200597791,VERY_LONG,,1,99990000,,"{'id': 177798, 'context': 17, 'bonus_lists': [6907, 6652, 1705], 'modifiers': [{'type': 9, 'value': 52}, {'type': 28, 'value': 747}]}"
1200597793,VERY_LONG,,1,199990000,,"{'id': 177798, 'context': 0, 'bonus_lists': [6907, 6652, 1702], 'modifiers': [{'type': 9, 'value': 54}, {'type': 28, 'value': 1707}]}"
1200597797,VERY_LONG,,1,199990000,,"{'id': 176975, 'context': 17, 'bonus_lists': [6907, 6652, 7193, 1711], 'modifiers': [{'type': 9, 'value': 53}, {'type': 28, 'value': 747}]}"
1200597798,VERY_LONG,,1,199990000,,"{'id': 176975, 'context': 0, 'bonus_lists': [6907, 6652, 7194, 1712], 'modifiers': [{'type': 9, 'value': 54}, {'type': 28, 'value': 1327}]}"
1200597800,VERY_LONG,,1,99990000,,"{'id': 176771, 'context': 0, 'bonus_lists': [6907, 6652, 1693], 'modifiers': [{'type': 9, 'value': 52}, {'type': 28, 'value': 1707}]}"
1200597801,VERY_LONG,,1,99990000,,"{'id': 176771, 'context': 0, 'bonus_lists': [6907, 6652, 1704], 'modifiers': [{'type': 9, 'value': 51}, {'type': 28, 'value': 1316}]}"
1200597807,VERY_LONG,,1,99990000,,"{'id': 176771, 'context': 0, 'bonus_lists': [6907, 6652, 1693], 'modifiers': [{'type': 9, 'value': 51}, {'type': 28, 'value': 1316}]}"
1200597810,VERY_LONG,,1,199990000,,"{'id': 176771, 'context': 0, 'bonus_lists': [6907, 6652, 1694], 'modifiers': [{'type': 9, 'value': 55}, {'type': 28, 'value': 745}]}"
1200597811,VERY_LONG,,1,199990000,,"{'id': 176771, 'context': 0, 'bonus_lists': [6907, 6652, 1700], 'modifiers': [{'type': 9, 'value': 53}, {'type': 28, 'value': 1324}]}"
1200597813,VERY_LONG,,1,99990000,,"{'id': 176771, 'context': 0, 'bonus_lists': [6907, 6652, 1685], 'modifiers': [{'type': 9, 'value': 52}, {'type': 28, 'value': 1323}]}"
1200597815,VERY_LONG,,1,99990000,,"{'id': 176771, 'context': 0, 'bonus_lists': [6907, 6652, 1679], 'modifiers': [{'type': 9, 'value': 52}, {'type': 28, 'value': 743}]}"
1200597818,VERY_LONG,,1,199990000,,"{'id': 177778, 'context': 17, 'bonus_lists': [6907, 6652, 7193, 1697], 'modifiers': [{'type': 9, 'value': 54}, {'type': 28, 'value': 747}]}"
1200597821,VERY_LONG,,1,199990000,,"{'id': 177778, 'context': 0, 'bonus_lists': [6907, 6652, 7194, 1689], 'modifiers': [{'type': 9, 'value': 54}, {'type': 28, 'value': 1707}]}"
1200597823,VERY_LONG,,1,199990000,,"{'id': 177778, 'context': 0, 'bonus_lists': [6907, 6652, 7194, 1702], 'modifiers': [{'type': 9, 'value': 53}, {'type': 28, 'value': 1707}]}"
1200597824,VERY_LONG,,1,99990000,,"{'id': 177778, 'context': 0, 'bonus_lists': [6907, 41, 7193, 1708], 'modifiers': [{'type': 9, 'value': 52}, {'type': 28, 'value': 1707}]}"
1200597826,VERY_LONG,,1,199990000,,"{'id': 176984, 'context': 0, 'bonus_lists': [6907, 6652, 1717], 'modifiers': [{'type': 9, 'value': 54}, {'type': 28, 'value': 1331}]}"
1200597829,VERY_LONG,,1,199990000,,"{'id': 176984, 'context': 0, 'bonus_lists': [6907, 6652, 1677], 'modifiers': [{'type': 9, 'value': 54}, {'type': 28, 'value': 1336}]}"
1200597830,VERY_LONG,,1,99002600,,"{'id': 90719, 'context': 0}"
1200597831,VERY_LONG,,1,199990000,,"{'id': 176966, 'context': 17, 'bonus_lists': [6907, 6652, 1682], 'modifiers': [{'type': 9, 'value': 54}, {'type': 28, 'value': 1710}]}"
1200597832,VERY_LONG,,1,199990000,,"{'id': 177796, 'context': 0, 'bonus_lists': [6907, 6652, 1690], 'modifiers': [{'type': 9, 'value': 55}, {'type': 28, 'value': 1707}]}"
1200597835,VERY_LONG,,1,199990000,,"{'id': 177796, 'context': 17, 'bonus_lists': [6907, 6652, 1679], 'modifiers': [{'type': 9, 'value': 55}, {'type': 28, 'value': 747}]}"
1200597838,VERY_LONG,,1,199990000,,"{'id': 176772, 'context': 0, 'bonus_lists': [6907, 6652, 1701], 'modifiers': [{'type': 9, 'value': 54}, {'type': 28, 'value': 1707}]}"
1200597843,VERY_LONG,,1,199990000,,"{'id': 176985, 'context': 17, 'bonus_lists': [6907, 6652, 7193, 1683], 'modifiers': [{'type': 9, 'value': 54}, {'type': 28, 'value': 1710}]}"
1200597847,VERY_LONG,,1,199990000,,"{'id': 176965, 'context': 0, 'bonus_lists': [6907, 6652, 1714], 'modifiers': [{'type': 9, 'value': 54}, {'type': 28, 'value': 1336}]}"
1200597851,VERY_LONG,,1,199990000,,"{'id': 176773, 'context': 0, 'bonus_lists': [6907, 6652, 1682], 'modifiers': [{'type': 9, 'value': 53}, {'type': 28, 'value': 1324}]}"
1200597853,VERY_LONG,,1,199990000,,"{'id': 176773, 'context': 0, 'bonus_lists': [6907, 6652, 1696], 'modifiers': [{'type': 9, 'value': 54}, {'type': 28, 'value': 1324}]}"
1200597857,VERY_LONG,,1,99990000,,"{'id': 176773, 'context': 0, 'bonus_lists': [6907, 6652, 1699], 'modifiers': [{'type': 9, 'value': 51}, {'type': 28, 'value': 743}]}"
1200597859,VERY_LONG,,1,199990000,,"{'id': 176773, 'context': 0, 'bonus_lists': [6907, 6652, 1714], 'modifiers': [{'type': 9, 'value': 53}, {'type': 28, 'value': 1324}]}"
1200597863,VERY_LONG,,1,199990000,,"{'id': 176978, 'context': 17, 'bonus_lists': [6907, 6652, 1715], 'modifiers': [{'type': 9, 'value': 54}, {'type': 28, 'value': 1710}]}"
1200597865,VERY_LONG,,1,199990000,,"{'id': 176785, 'context': 0, 'bonus_lists': [6907, 6652, 7193, 1690], 'modifiers': [{'type': 9, 'value': 54}, {'type': 28, 'value': 1707}]}"
1200597868,VERY_LONG,,1,199990000,,"{'id': 176785, 'context': 17, 'bonus_lists': [6907, 6652, 7193, 1687], 'modifiers': [{'type': 9, 'value': 53}, {'type': 28, 'value': 747}]}"
1200597869,VERY_LONG,,1,81001900,,"{'id': 90725, 'context': 0}"
1200597870,VERY_LONG,24600,7,,,{'id': 172092}
1200597871,VERY_LONG,,1,199990000,,"{'id': 176981, 'context': 0, 'bonus_lists': [6907, 6652, 1710], 'modifiers': [{'type': 9, 'value': 54}, {'type': 28, 'value': 1327}]}"
1200597872,VERY_LONG,,1,99990000,,"{'id': 175557, 'context': 0, 'bonus_lists': [6907, 1716], 'modifiers': [{'type': 9, 'value': 50}, {'type': 28, 'value': 1707}]}"
1200597876,VERY_LONG,,1,99990000,,"{'id': 176788, 'context': 0, 'bonus_lists': [6907, 6652, 7193, 1691], 'modifiers': [{'type': 9, 'value': 49}, {'type': 28, 'value': 1707}]}"
1200597877,VERY_LONG,,1,199990000,,"{'id': 176788, 'context': 0, 'bonus_lists': [6907, 6652, 7193, 1683], 'modifiers': [{'type': 9, 'value': 54}, {'type': 28, 'value': 1707}]}"
1200597879,VERY_LONG,,1,199990000,,"{'id': 176776, 'context': 0, 'bonus_lists': [6907, 6652, 7193, 1679], 'modifiers': [{'type': 9, 'value': 53}, {'type': 28, 'value': 1324}]}"
1200597882,VERY_LONG,,1,199990000,,"{'id': 176988, 'context': 0, 'bonus_lists': [6907, 6652, 7194, 1686], 'modifiers': [{'type': 9, 'value': 54}, {'type': 28, 'value': 1336}]}"
1200597884,VERY_LONG,,1,99990000,,"{'id': 177812, 'context': 0, 'bonus_lists': [6907, 6652, 7194, 1763], 'modifiers': [{'type': 9, 'value': 52}, {'type': 28, 'value': 1707}]}"
1200597887,VERY_LONG,,1,199990000,,"{'id': 176961, 'context': 17, 'bonus_lists': [6907, 6652, 7194, 1703], 'modifiers': [{'type': 9, 'value': 54}, {'type': 28, 'value': 1710}]}"
1200597891,VERY_LONG,,1,199990000,,"{'id': 176963, 'context': 0, 'bonus_lists': [6907, 6652, 1705], 'modifiers': [{'type': 9, 'value': 54}, {'type': 28, 'value': 1707}]}"
1200597892,VERY_LONG,,1,149990000,,"{'id': 177795, 'context': 17, 'bonus_lists': [6907, 6652, 7194, 1687], 'modifiers': [{'type': 9, 'value': 54}, {'type': 28, 'value': 747}]}"
1200597893,VERY_LONG,,1,149990000,,"{'id': 176967, 'context': 0, 'bonus_lists': [6907, 6652, 1713], 'modifiers': [{'type': 9, 'value': 54}, {'type': 28, 'value': 1327}]}"
1200597895,VERY_LONG,,1,74990000,,"{'id': 175573, 'context': 0, 'bonus_lists': [6907, 1685], 'modifiers': [{'type': 9, 'value': 50}, {'type': 28, 'value': 1707}]}"
1200597897,VERY_LONG,,1,149990000,,"{'id': 182725, 'context': 0, 'bonus_lists': [6907, 6652, 7193], 'modifiers': [{'type': 9, 'value': 55}, {'type': 28, 'value': 1707}]}"
1200597903,VERY_LONG,,1,99990000,,"{'id': 175558, 'context': 0, 'bonus_lists': [6907, 1686], 'modifiers': [{'type': 9, 'value': 52}, {'type': 28, 'value': 807}]}"
1200597904,VERY_LONG,,1,99990000,,"{'id': 175552, 'context': 0, 'bonus_lists': [6907, 1689], 'modifiers': [{'type': 9, 'value': 50}, {'type': 28, 'value': 1707}]}"
1200597907,VERY_LONG,,1,199990000,,"{'id': 176989, 'context': 0, 'bonus_lists': [6907, 6652, 6935, 1714], 'modifiers': [{'type': 9, 'value': 54}, {'type': 28, 'value': 1329}]}"
1200597909,VERY_LONG,192100,16,,,{'id': 72986}
1200597910,VERY_LONG,,1,99990000,,"{'id': 177783, 'context': 17, 'bonus_lists': [6907, 6652, 7194, 1686], 'modifiers': [{'type': 9, 'value': 51}, {'type': 28, 'value': 747}]}"
1200597913,VERY_LONG,,1,99990000,,"{'id': 175567, 'context': 0, 'bonus_lists': [6907, 1694], 'modifiers': [{'type': 9, 'value': 50}, {'type': 28, 'value': 1707}]}"
1200597915,VERY_LONG,,1,99990000,,"{'id': 175567, 'context': 0, 'bonus_lists': [6907, 1677], 'modifiers': [{'type': 9, 'value': 50}, {'type': 28, 'value': 1707}]}"
1200597917,VERY_LONG,,1,199990000,,"{'id': 175566, 'context': 0, 'bonus_lists': [6907, 1695], 'modifiers': [{'type': 9, 'value': 53}, {'type': 28, 'value': 1707}]}"
1200597924,VERY_LONG,,1,47900100,,"{'id': 128311, 'context': 1}"
1200597934,VERY_LONG,125000,13,,,{'id': 82441}
1200597957,MEDIUM,500000,4,,,{'id': 52219}
1200597961,VERY_LONG,65000,17,,,{'id': 79010}
1200597963,MEDIUM,12499900,9,,,{'id': 127849}
1200597968,VERY_LONG,,1,140681600,,"{'id': 82800, 'context': 0, 'modifiers': [{'type': 6, 'value': 99909}], 'pet_breed_id': 7, 'pet_level': 1, 'pet_quality_id': 2, 'pet_species_id': 2896}"
1200597970,MEDIUM,499900,3,,,{'id': 52191}
1200597973,VERY_LONG,1360000,3,,,{'id': 72238}
1200597975,MEDIUM,3097400,1,,,{'id': 94289}
1200597978,VERY_LONG,,1,84165000,,"{'id': 82800, 'context': 0, 'modifiers': [{'type': 6, 'value': 74472}], 'pet_breed_id': 18, 'pet_level': 1, 'pet_quality_id': 1, 'pet_species_id': 2000}"
1200597985,MEDIUM,7700,282,,,{'id': 160059}
1200597993,VERY_LONG,,1,13999800,,"{'id': 82800, 'context': 0, 'modifiers': [{'type': 6, 'value': 60889}], 'pet_breed_id': 8, 'pet_level': 1, 'pet_quality_id': 3, 'pet_species_id': 1588}"
1200597996,VERY_LONG,8888800,3,,,{'id': 72163}
1200598007,VERY_LONG,,1,13999800,,"{'id': 82800, 'context': 0, 'modifiers': [{'type': 6, 'value': 60889}], 'pet_breed_id': 8, 'pet_level': 1, 'pet_quality_id': 3, 'pet_species_id': 1588}"
1200598014,VERY_LONG,,1,39990000,,"{'id': 82800, 'context': 0, 'modifiers': [{'type': 6, 'value': 98472}], 'pet_breed_id': 4, 'pet_level': 1, 'pet_quality_id': 2, 'pet_species_id': 3009}"
1200598015,VERY_LONG,10000,15,,,{'id': 72093}
1200598037,VERY_LONG,435700,20,,,{'id': 76130}
1200598051,VERY_LONG,,1,49933900,,"{'id': 82800, 'context': 0, 'modifiers': [{'type': 6, 'value': 97089}], 'pet_breed_id': 14, 'pet_level': 1, 'pet_quality_id': 2, 'pet_species_id': 3028}"
1200598055,VERY_LONG,1000000,51,,,{'id': 72235}
1200598066,VERY_LONG,,1,44000000,,"{'id': 82800, 'context': 0, 'modifiers': [{'type': 6, 'value': 99907}], 'pet_breed_id': 12, 'pet_level': 2, 'pet_quality_id': 2, 'pet_species_id': 3033}"
1200598076,VERY_LONG,168900,10,,,{'id': 76140}
1200598077,MEDIUM,771000,1,,,{'id': 173097}
1200598090,VERY_LONG,20000,38,,,{'id': 72237}
1200598100,VERY_LONG,19900,25,,,{'id': 72988}
1200600108,VERY_LONG,102900,11,,,{'id': 76136}
1200600116,VERY_LONG,119700,5,,,{'id': 76141}
1200600129,VERY_LONG,14600,7,,,{'id': 109124}
1200600146,VERY_LONG,,1,650000000,,"{'id': 184804, 'context': 5, 'bonus_lists': [6652, 1472, 6646], 'modifiers': [{'type': 28, 'value': 752}]}"
1200600158,VERY_LONG,4900,22,,,{'id': 109129}
1200600188,VERY_LONG,,1,44000000,,"{'id': 82800, 'context': 0, 'modifiers': [{'type': 6, 'value': 99907}], 'pet_breed_id': 12, 'pet_level': 2, 'pet_quality_id': 2, 'pet_species_id': 3033}"
1200600201,VERY_LONG,19900,200,,,{'id': 72988}
1200600205,VERY_LONG,,1,14998600,,"{'id': 82800, 'context': 0, 'modifiers': [{'type': 6, 'value': 47955}], 'pet_breed_id': 21, 'pet_level': 1, 'pet_quality_id': 2, 'pet_species_id': 652}"
1200600212,VERY_LONG,5000,30,,,{'id': 109127}
1200600228,VERY_LONG,9600,28,,,{'id': 109128}
1200600232,VERY_LONG,,1,1000000000,,"{'id': 183008, 'context': 5, 'bonus_lists': [7188, 6652, 1485, 6646], 'modifiers': [{'type': 28, 'value': 752}]}"
1200600243,VERY_LONG,5000,46,,,{'id': 110609}
1200600259,VERY_LONG,9700,32,,,{'id': 109125}
1200600283,VERY_LONG,5000,24,,,{'id': 109693}
1200600365,VERY_LONG,770000,4,,,{'id': 36912}
1200600369,VERY_LONG,,1,5442200,,"{'id': 55762, 'context': 1, 'bonus_lists': [6654, 1698], 'modifiers': [{'type': 9, 'value': 35}, {'type': 28, 'value': 258}]}"
1200600370,VERY_LONG,,1,2886800,,"{'id': 55855, 'context': 1, 'bonus_lists': [6710], 'modifiers': [{'type': 9, 'value': 35}, {'type': 28, 'value': 258}]}"
1200600371,VERY_LONG,,1,6791400,,"{'id': 55760, 'context': 1, 'bonus_lists': [6654, 1714], 'modifiers': [{'type': 9, 'value': 35}, {'type': 28, 'value': 258}]}"
1200600373,VERY_LONG,,1,11738200,,"{'id': 55670, 'context': 1, 'bonus_lists': [6654, 1715], 'modifiers': [{'type': 9, 'value': 35}, {'type': 28, 'value': 258}]}"
1200600375,VERY_LONG,,1,181360000,,"{'id': 55409, 'context': 1, 'bonus_lists': [6655, 1701], 'modifiers': [{'type': 9, 'value': 35}, {'type': 28, 'value': 258}]}"
1200600378,VERY_LONG,,1,9141400,,"{'id': 55769, 'context': 1, 'bonus_lists': [6654, 1685], 'modifiers': [{'type': 9, 'value': 35}, {'type': 28, 'value': 258}]}"
1200600379,VERY_LONG,,1,18588800,,"{'id': 55771, 'context': 1, 'bonus_lists': [6654, 1712], 'modifiers': [{'type': 9, 'value': 35}, {'type': 28, 'value': 258}]}"
1200600382,VERY_LONG,,1,8798600,,"{'id': 55582, 'context': 1, 'bonus_lists': [6654, 1692], 'modifiers': [{'type': 9, 'value': 35}, {'type': 28, 'value': 258}]}"
1200600385,VERY_LONG,140000,8,,,{'id': 36904}
1200600389,VERY_LONG,41800,4,,,{'id': 37701}
1200600390,VERY_LONG,49900,2,,,{'id': 37705}
1200600391,VERY_LONG,2352700,19,,,{'id': 36909}
1200600392,VERY_LONG,,1,19511800,,"{'id': 55537, 'context': 1, 'bonus_lists': [6654, 1695], 'modifiers': [{'type': 9, 'value': 35}, {'type': 28, 'value': 258}]}"
1200600397,VERY_LONG,,1,8235700,,"{'id': 55625, 'context': 1, 'bonus_lists': [6654, 1699], 'modifiers': [{'type': 9, 'value': 35}, {'type': 28, 'value': 258}]}"
1200600404,VERY_LONG,,1,12943300,,"{'id': 55688, 'context': 1, 'bonus_lists': [6654, 1709], 'modifiers': [{'type': 9, 'value': 35}, {'type': 28, 'value': 258}]}"
1200600406,VERY_LONG,,1,68022200,,"{'id': 55284, 'context': 1, 'bonus_lists': [6655, 1688], 'modifiers': [{'type': 9, 'value': 35}, {'type': 28, 'value': 258}]}"
1200600408,VERY_LONG,,1,23397600,,"{'id': 55382, 'context': 1, 'bonus_lists': [6655, 1705], 'modifiers': [{'type': 9, 'value': 35}, {'type': 28, 'value': 258}]}"
1200600413,VERY_LONG,9900,1,,,{'id': 1210}
1200600415,VERY_LONG,20000,50,,,{'id': 2835}
1200600418,VERY_LONG,,1,12305900,,"{'id': 55491, 'context': 1, 'bonus_lists': [6654, 1695], 'modifiers': [{'type': 9, 'value': 35}, {'type': 28, 'value': 258}]}"
1200600420,VERY_LONG,,1,719800,,"{'id': 55751, 'context': 1, 'bonus_lists': [6654, 1706], 'modifiers': [{'type': 9, 'value': 35}, {'type': 28, 'value': 258}]}"
1200600422,VERY_LONG,,1,3358900,,"{'id': 55854, 'context': 1, 'bonus_lists': [6710], 'modifiers': [{'type': 9, 'value': 35}, {'type': 28, 'value': 258}]}"
1200600427,VERY_LONG,256400,237,,,{'id': 52328}
1200600432,VERY_LONG,20000,67,,,{'id': 2770}
1200600440,VERY_LONG,,1,60053600,,"{'id': 55411, 'context': 1, 'bonus_lists': [6655, 1694], 'modifiers': [{'type': 9, 'value': 35}, {'type': 28, 'value': 258}]}"
1200600443,VERY_LONG,,1,7654800,,"{'id': 55743, 'context': 1, 'bonus_lists': [6654, 1707], 'modifiers': [{'type': 9, 'value': 35}, {'type': 28, 'value': 258}]}"
1200600447,VERY_LONG,,1,6479000,,"{'id': 55761, 'context': 1, 'bonus_lists': [6654, 1705], 'modifiers': [{'type': 9, 'value': 35}, {'type': 28, 'value': 258}]}"
1200600593,VERY_LONG,100000,200,,,{'id': 72103}
1200600617,VERY_LONG,100000,200,,,{'id': 72103}
1200600642,VERY_LONG,100000,200,,,{'id': 72103}
1200600663,VERY_LONG,100000,182,,,{'id': 72103}
1200600675,VERY_LONG,,1,99990000,,"{'id': 177791, 'context': 17, 'bonus_lists': [6907, 6652, 1715], 'modifiers': [{'type': 9, 'value': 52}, {'type': 28, 'value': 747}]}"
1200600676,VERY_LONG,,1,199990000,,"{'id': 177791, 'context': 17, 'bonus_lists': [6907, 6652, 1679], 'modifiers': [{'type': 9, 'value': 54}, {'type': 28, 'value': 747}]}"
1200600677,VERY_LONG,,1,199990000,,"{'id': 177791, 'context': 17, 'bonus_lists': [6907, 6652, 1681], 'modifiers': [{'type': 9, 'value': 55}, {'type': 28, 'value': 747}]}"
1200600680,VERY_LONG,,1,199990000,,"{'id': 177791, 'context': 0, 'bonus_lists': [6907, 6652, 1692], 'modifiers': [{'type': 9, 'value': 55}, {'type': 28, 'value': 1707}]}"
1200600682,VERY_LONG,,1,199990000,,"{'id': 177791, 'context': 17, 'bonus_lists': [6907, 6652, 1710], 'modifiers': [{'type': 9, 'value': 53}, {'type': 28, 'value': 747}]}"
1200600684,VERY_LONG,,1,199990000,,"{'id': 176961, 'context': 0, 'bonus_lists': [6907, 6652, 7194, 1676], 'modifiers': [{'type': 9, 'value': 54}, {'type': 28, 'value': 1327}]}"
1200600685,VERY_LONG,,1,199990000,,"{'id': 176961, 'context': 17, 'bonus_lists': [6907, 6652, 7194, 1693], 'modifiers': [{'type': 9, 'value': 53}, {'type': 28, 'value': 747}]}"
1200600688,VERY_LONG,,1,199990000,,"{'id': 176961, 'context': 0, 'bonus_lists': [6907, 6652, 7194, 1683], 'modifiers': [{'type': 9, 'value': 54}, {'type': 28, 'value': 1329}]}"
1200600690,VERY_LONG,,1,99990000,,"{'id': 176762, 'context': 0, 'bonus_lists': [6907, 6652, 1715], 'modifiers': [{'type': 9, 'value': 50}, {'type': 28, 'value': 1707}]}"
1200600691,VERY_LONG,,1,99990000,,"{'id': 176762, 'context': 0, 'bonus_lists': [6907, 6652, 1678], 'modifiers': [{'type': 9, 'value': 52}, {'type': 28, 'value': 1320}]}"
1200600692,VERY_LONG,,1,199990000,,"{'id': 176762, 'context': 0, 'bonus_lists': [6907, 6652, 1716], 'modifiers': [{'type': 9, 'value': 53}, {'type': 28, 'value': 1324}]}"
1200600694,VERY_LONG,,1,199990000,,"{'id': 176762, 'context': 0, 'bonus_lists': [6907, 6652, 1677], 'modifiers': [{'type': 9, 'value': 53}, {'type': 28, 'value': 1324}]}"
1200600696,VERY_LONG,,1,99990000,,"{'id': 176762, 'context': 0, 'bonus_lists': [6907, 6652, 1682], 'modifiers': [{'type': 9, 'value': 50}, {'type': 28, 'value': 1707}]}"
1200600698,VERY_LONG,,1,99990000,,"{'id': 176762, 'context': 17, 'bonus_lists': [6907, 6652, 1693], 'modifiers': [{'type': 9, 'value': 51}, {'type': 28, 'value': 1709}]}"
1200600701,VERY_LONG,,1,199990000,,"{'id': 176762, 'context': 0, 'bonus_lists': [6907, 6652, 1701], 'modifiers': [{'type': 9, 'value': 53}, {'type': 28, 'value': 743}]}"
1200600703,VERY_LONG,,1,99990000,,"{'id': 176762, 'context': 17, 'bonus_lists': [6907, 6652, 1678], 'modifiers': [{'type': 9, 'value': 51}, {'type': 28, 'value': 1709}]}"
1200600705,VERY_LONG,,1,199990000,,"{'id': 176772, 'context': 0, 'bonus_lists': [6907, 6652, 1677], 'modifiers': [{'type': 9, 'value': 55}, {'type': 28, 'value': 1707}]}"
1200600707,VERY_LONG,,1,99990000,,"{'id': 176772, 'context': 0, 'bonus_lists': [6907, 43, 1716], 'modifiers': [{'type': 9, 'value': 51}, {'type': 28, 'value': 1707}]}"
1200600710,VERY_LONG,150000,200,,,{'id': 72094}
1200600712,VERY_LONG,,1,99990000,,"{'id': 176772, 'context': 0, 'bonus_lists': [6907, 6652, 1713], 'modifiers': [{'type': 9, 'value': 51}, {'type': 28, 'value': 1318}]}"
1200600715,VERY_LONG,,1,199990000,,"{'id': 176772, 'context': 17, 'bonus_lists': [6907, 6652, 1686], 'modifiers': [{'type': 9, 'value': 55}, {'type': 28, 'value': 747}]}"
1200600717,VERY_LONG,,1,199990000,,"{'id': 176772, 'context': 0, 'bonus_lists': [6907, 6652, 1699], 'modifiers': [{'type': 9, 'value': 53}, {'type': 28, 'value': 1324}]}"
1200600718,VERY_LONG,,1,99990000,,"{'id': 176772, 'context': 0, 'bonus_lists': [6907, 43, 1697], 'modifiers': [{'type': 9, 'value': 51}, {'type': 28, 'value': 1707}]}"
1200600724,VERY_LONG,,1,199990000,,"{'id': 176772, 'context': 0, 'bonus_lists': [6907, 41, 1705], 'modifiers': [{'type': 9, 'value': 53}, {'type': 28, 'value': 743}]}"
1200600726,VERY_LONG,,1,99990000,,"{'id': 176775, 'context': 0, 'bonus_lists': [6907, 6652, 7194, 1701], 'modifiers': [{'type': 9, 'value': 52}, {'type': 28, 'value': 743}]}"
1200600727,VERY_LONG,150000,200,,,{'id': 72094}
1200600729,VERY_LONG,,1,99990000,,"{'id': 176775, 'context': 17, 'bonus_lists': [6907, 6652, 7194, 1707], 'modifiers': [{'type': 9, 'value': 51}, {'type': 28, 'value': 1709}]}"
1200600731,VERY_LONG,,1,199990000,,"{'id': 176775, 'context': 0, 'bonus_lists': [6907, 6652, 7193, 1705], 'modifiers': [{'type': 9, 'value': 53}, {'type': 28, 'value': 743}]}"
1200600732,VERY_LONG,,1,99990000,,"{'id': 176775, 'context': 0, 'bonus_lists': [6907, 6652, 7194, 1683], 'modifiers': [{'type': 9, 'value': 51}, {'type': 28, 'value': 1707}]}"
1200600734,VERY_LONG,,1,199990000,,"{'id': 176788, 'context': 17, 'bonus_lists': [6907, 6652, 7194, 1677], 'modifiers': [{'type': 9, 'value': 53}, {'type': 28, 'value': 747}]}"
1200600737,VERY_LONG,,1,199990000,,"{'id': 176788, 'context': 0, 'bonus_lists': [6907, 6652, 7194, 1713], 'modifiers': [{'type': 9, 'value': 55}, {'type': 28, 'value': 1707}]}"
1200600741,VERY_LONG,,1,99990000,,"{'id': 176788, 'context': 0, 'bonus_lists': [6907, 6652, 7193, 1703], 'modifiers': [{'type': 9, 'value': 51}, {'type': 28, 'value': 1318}]}"
1200600742,VERY_LONG,150000,200,,,{'id': 72094}
1200600744,VERY_LONG,,1,99990000,,"{'id': 176788, 'context': 17, 'bonus_lists': [6907, 6652, 7194, 1695], 'modifiers': [{'type': 9, 'value': 51}, {'type': 28, 'value': 1709}]}"
1200600745,VERY_LONG,,1,74990000,,"{'id': 176791, 'context': 0, 'bonus_lists': [6907, 6652, 7194, 1683], 'modifiers': [{'type': 9, 'value': 52}, {'type': 28, 'value': 743}]}"
1200600747,VERY_LONG,,1,149990000,,"{'id': 176791, 'context': 0, 'bonus_lists': [6907, 6652, 7194, 1683], 'modifiers': [{'type': 9, 'value': 53}, {'type': 28, 'value': 1324}]}"
1200600748,VERY_LONG,,1,199990000,,"{'id': 175557, 'context': 0, 'bonus_lists': [6907, 1690], 'modifiers': [{'type': 9, 'value': 54}, {'type': 28, 'value': 1707}]}"
1200600752,VERY_LONG,,1,99990000,,"{'id': 175557, 'context': 0, 'bonus_lists': [6907, 1690], 'modifiers': [{'type': 9, 'value': 50}, {'type': 28, 'value': 1707}]}"
1200600756,VERY_LONG,,1,99990000,,"{'id': 175557, 'context': 0, 'bonus_lists': [6907, 1706], 'modifiers': [{'type': 9, 'value': 49}, {'type': 28, 'value': 807}]}"
1200600758,VERY_LONG,150000,200,,,{'id': 72094}
1200600761,VERY_LONG,,1,199990000,,"{'id': 175557, 'context': 0, 'bonus_lists': [6907, 1702], 'modifiers': [{'type': 9, 'value': 53}, {'type': 28, 'value': 1707}]}"
1200600765,VERY_LONG,,1,199990000,,"{'id': 175557, 'context': 17, 'bonus_lists': [6907, 1681], 'modifiers': [{'type': 9, 'value': 55}, {'type': 28, 'value': 747}]}"
1200600769,VERY_LONG,,1,199990000,,"{'id': 177784, 'context': 0, 'bonus_lists': [6907, 6652, 1697], 'modifiers': [{'type': 9, 'value': 54}, {'type': 28, 'value': 1707}]}"
1200600776,VERY_LONG,150000,18,,,{'id': 72094}
1200600777,VERY_LONG,,1,99990000,,"{'id': 176765, 'context': 0, 'bonus_lists': [6907, 43, 1704], 'modifiers': [{'type': 9, 'value': 51}, {'type': 28, 'value': 1318}]}"
1200600781,VERY_LONG,,1,199990000,,"{'id': 176765, 'context': 0, 'bonus_lists': [6907, 6652, 1677], 'modifiers': [{'type': 9, 'value': 53}, {'type': 28, 'value': 1324}]}"
1200600786,VERY_LONG,,1,199990000,,"{'id': 176765, 'context': 0, 'bonus_lists': [6907, 6652, 1686], 'modifiers': [{'type': 9, 'value': 53}, {'type': 28, 'value': 1324}]}"
1200600787,VERY_LONG,,1,199990000,,"{'id': 176973, 'context': 0, 'bonus_lists': [6907, 43, 1698], 'modifiers': [{'type': 9, 'value': 54}, {'type': 28, 'value': 1329}]}"
1200600788,VERY_LONG,,1,199990000,,"{'id': 176973, 'context': 0, 'bonus_lists': [6907, 6652, 1715], 'modifiers': [{'type': 9, 'value': 54}, {'type': 28, 'value': 1340}]}"
1200600789,VERY_LONG,,1,199990000,,"{'id': 176973, 'context': 0, 'bonus_lists': [6907, 6652, 1698], 'modifiers': [{'type': 9, 'value': 54}, {'type': 28, 'value': 1707}]}"
1200600792,VERY_LONG,,1,199990000,,"{'id': 176973, 'context': 17, 'bonus_lists': [6907, 6652, 1705], 'modifiers': [{'type': 9, 'value': 54}, {'type': 28, 'value': 1710}]}"
1200600793,VERY_LONG,,1,199990000,,"{'id': 176973, 'context': 0, 'bonus_lists': [6907, 6652, 1700], 'modifiers': [{'type': 9, 'value': 53}, {'type': 28, 'value': 1325}]}"
1200600795,VERY_LONG,,1,199990000,,"{'id': 176973, 'context': 0, 'bonus_lists': [6907, 6652, 1710], 'modifiers': [{'type': 9, 'value': 53}, {'type': 28, 'value': 1325}]}"
1200600796,VERY_LONG,,1,99990000,,"{'id': 176973, 'context': 0, 'bonus_lists': [6907, 6652, 1687], 'modifiers': [{'type': 9, 'value': 50}, {'type': 28, 'value': 1707}]}"
1200600799,VERY_LONG,,1,299990000,,"{'id': 182556, 'context': 0, 'bonus_lists': [6907, 6652, 1695], 'modifiers': [{'type': 9, 'value': 53}, {'type': 28, 'value': 743}]}"
1200600801,VERY_LONG,,1,120000000,,"{'id': 182556, 'context': 0, 'bonus_lists': [6907, 6652, 1715], 'modifiers': [{'type': 9, 'value': 53}, {'type': 28, 'value': 745}]}"
1200600804,VERY_LONG,,1,99990000,,"{'id': 175545, 'context': 17, 'bonus_lists': [6907, 1703], 'modifiers': [{'type': 9, 'value': 50}, {'type': 28, 'value': 747}]}"
1200600807,VERY_LONG,,1,199990000,,"{'id': 175545, 'context': 0, 'bonus_lists': [6907, 1712], 'modifiers': [{'type': 9, 'value': 55}, {'type': 28, 'value': 1232}]}"
1200600811,VERY_LONG,,1,99990000,,"{'id': 175545, 'context': 0, 'bonus_lists': [6907, 1708], 'modifiers': [{'type': 9, 'value': 50}, {'type': 28, 'value': 1707}]}"
1200600815,VERY_LONG,,1,199990000,,"{'id': 176777, 'context': 17, 'bonus_lists': [6907, 6652, 1703], 'modifiers': [{'type': 9, 'value': 55}, {'type': 28, 'value': 747}]}"
1200600817,VERY_LONG,,1,199990000,,"{'id': 176777, 'context': 0, 'bonus_lists': [6907, 6652, 1711], 'modifiers': [{'type': 9, 'value': 53}, {'type': 28, 'value': 743}]}"
1200600819,VERY_LONG,,1,99990000,,"{'id': 176777, 'context': 0, 'bonus_lists': [6907, 6652, 1695], 'modifiers': [{'type': 9, 'value': 52}, {'type': 28, 'value': 1324}]}"
1200600822,VERY_LONG,,1,99990000,,"{'id': 177782, 'context': 0, 'bonus_lists': [6907, 6652, 1709], 'modifiers': [{'type': 9, 'value': 52}, {'type': 28, 'value': 1707}]}"
1200600825,VERY_LONG,,1,149990000,,"{'id': 175572, 'context': 0, 'bonus_lists': [6907, 1707], 'modifiers': [{'type': 9, 'value': 54}, {'type': 28, 'value': 1707}]}"
1200600828,VERY_LONG,,1,74990000,,"{'id': 175572, 'context': 0, 'bonus_lists': [6907, 1693], 'modifiers': [{'type': 9, 'value': 50}, {'type': 28, 'value': 1707}]}"
1200600832,VERY_LONG,,1,149990000,,"{'id': 175572, 'context': 17, 'bonus_lists': [6907, 1686], 'modifiers': [{'type': 9, 'value': 55}, {'type': 28, 'value': 747}]}"
1200600837,VERY_LONG,,1,249990000,,"{'id': 176975, 'context': 0, 'bonus_lists': [6907, 6652, 6935, 1694], 'modifiers': [{'type': 9, 'value': 54}, {'type': 28, 'value': 1334}]}"
1200600839,VERY_LONG,,1,199990000,,"{'id': 176789, 'context': 0, 'bonus_lists': [6907, 6652, 7194, 1699], 'modifiers': [{'type': 9, 'value': 53}, {'type': 28, 'value': 1324}]}"
1200600842,VERY_LONG,,1,149990000,,"{'id': 176789, 'context': 0, 'bonus_lists': [6907, 6652, 7193, 1711], 'modifiers': [{'type': 9, 'value': 53}, {'type': 28, 'value': 1324}]}"
1200600843,VERY_LONG,,1,149990000,,"{'id': 175550, 'context': 0, 'bonus_lists': [6907, 1694], 'modifiers': [{'type': 9, 'value': 54}, {'type': 28, 'value': 807}]}"
1200600846,VERY_LONG,,1,1000000,,"{'id': 45984, 'context': 11, 'modifiers': [{'type': 28, 'value': 196}]}"
1200600848,VERY_LONG,,1,74990000,,"{'id': 175550, 'context': 0, 'bonus_lists': [6907, 1690], 'modifiers': [{'type': 9, 'value': 50}, {'type': 28, 'value': 1707}]}"
1200600851,VERY_LONG,,1,99990000,,"{'id': 177785, 'context': 0, 'bonus_lists': [6907, 6652, 1681], 'modifiers': [{'type': 9, 'value': 51}, {'type': 28, 'value': 1707}]}"
1200600853,VERY_LONG,,1,99990000,,"{'id': 175560, 'context': 0, 'bonus_lists': [6907, 1681], 'modifiers': [{'type': 9, 'value': 50}, {'type': 28, 'value': 1707}]}"
1200600856,VERY_LONG,,1,99990000,,"{'id': 176764, 'context': 0, 'bonus_lists': [6907, 6652, 1715], 'modifiers': [{'type': 9, 'value': 51}, {'type': 28, 'value': 1316}]}"
1200600858,VERY_LONG,,1,199990000,,"{'id': 176984, 'context': 0, 'bonus_lists': [6907, 40, 1716], 'modifiers': [{'type': 9, 'value': 54}, {'type': 28, 'value': 1707}]}"
1200600860,VERY_LONG,,1,199990000,,"{'id': 176984, 'context': 0, 'bonus_lists': [6907, 6652, 1691], 'modifiers': [{'type': 9, 'value': 54}, {'type': 28, 'value': 1329}]}"
1200600864,VERY_LONG,,1,149990000,,"{'id': 175574, 'context': 17, 'bonus_lists': [6907, 1686], 'modifiers': [{'type': 9, 'value': 53}, {'type': 28, 'value': 747}]}"
1200600865,VERY_LONG,,1,1269900,,"{'id': 15252, 'context': 1, 'bonus_lists': [6655, 1681], 'modifiers': [{'type': 9, 'value': 30}, {'type': 28, 'value': 282}]}"
1200600866,VERY_LONG,,1,99990000,,"{'id': 175553, 'context': 0, 'bonus_lists': [6907, 1679], 'modifiers': [{'type': 9, 'value': 51}, {'type': 28, 'value': 807}]}"
1200600871,VERY_LONG,,1,99990000,,"{'id': 175553, 'context': 0, 'bonus_lists': [6907, 1678], 'modifiers': [{'type': 9, 'value': 50}, {'type': 28, 'value': 1707}]}"
1200600872,VERY_LONG,139700,5,,,{'id': 74840}
1200600874,VERY_LONG,,1,99990000,,"{'id': 175553, 'context': 0, 'bonus_lists': [6907, 1684], 'modifiers': [{'type': 9, 'value': 50}, {'type': 28, 'value': 1707}]}"
1200600875,VERY_LONG,329800,47,,,{'id': 52329}
1200600876,VERY_LONG,,1,99990000,,"{'id': 175553, 'context': 0, 'bonus_lists': [6907, 1690], 'modifiers': [{'type': 9, 'value': 50}, {'type': 28, 'value': 807}]}"
1200600879,VERY_LONG,,1,199990000,,"{'id': 175553, 'context': 0, 'bonus_lists': [6907, 1699], 'modifiers': [{'type': 9, 'value': 54}, {'type': 28, 'value': 807}]}"
1200600880,VERY_LONG,,1,1160000,,"{'id': 9783, 'context': 0, 'bonus_lists': [6654, 1679], 'modifiers': [{'type': 9, 'value': 30}, {'type': 28, 'value': 15}]}"
1200600883,VERY_LONG,,1,99990000,,"{'id': 176776, 'context': 0, 'bonus_lists': [6907, 6652, 7193, 1690], 'modifiers': [{'type': 9, 'value': 52}, {'type': 28, 'value': 1707}]}"
1200600884,VERY_LONG,8300,9,,,{'id': 19441}
1200600887,VERY_LONG,,1,249600,,"{'id': 15270, 'context': 1, 'bonus_lists': [6655, 1695], 'modifiers': [{'type': 9, 'value': 30}, {'type': 28, 'value': 282}]}"
1200600888,VERY_LONG,,1,199990000,,"{'id': 176776, 'context': 0, 'bonus_lists': [6907, 6652, 7194, 1693], 'modifiers': [{'type': 9, 'value': 53}, {'type': 28, 'value': 743}]}"
1200600889,VERY_LONG,,1,99990000,,"{'id': 176776, 'context': 17, 'bonus_lists': [6907, 6652, 7193, 1692], 'modifiers': [{'type': 9, 'value': 51}, {'type': 28, 'value': 747}]}"
1200600890,VERY_LONG,351600,17,,,{'id': 52326}
1200600893,VERY_LONG,,1,199990000,,"{'id': 176776, 'context': 0, 'bonus_lists': [6907, 6652, 7193, 1703], 'modifiers': [{'type': 9, 'value': 53}, {'type': 28, 'value': 745}]}"
1200600894,VERY_LONG,,1,2180000,,"{'id': 9953, 'context': 1, 'bonus_lists': [6654, 1680], 'modifiers': [{'type': 9, 'value': 30}, {'type': 28, 'value': 282}]}"
1200600897,VERY_LONG,,1,149990000,,"{'id': 175549, 'context': 17, 'bonus_lists': [6907, 1713], 'modifiers': [{'type': 9, 'value': 55}, {'type': 28, 'value': 747}]}"
1200600898,VERY_LONG,84700,3,,,{'id': 36925}
1200600901,VERY_LONG,,1,199990000,,"{'id': 176785, 'context': 0, 'bonus_lists': [6907, 6652, 7194, 1705], 'modifiers': [{'type': 9, 'value': 54}, {'type': 28, 'value': 1707}]}"
1200600902,VERY_LONG,,1,560000,,"{'id': 55435, 'context': 0, 'bonus_lists': [6655, 1692], 'modifiers': [{'type': 9, 'value': 35}, {'type': 28, 'value': 52}]}"
1200600904,VERY_LONG,,1,199990000,,"{'id': 176785, 'context': 0, 'bonus_lists': [6907, 6652, 7194, 1691], 'modifiers': [{'type': 9, 'value': 53}, {'type': 28, 'value': 1324}]}"
1200600905,VERY_LONG,500,15,,,{'id': 3685}
1200600906,VERY_LONG,,1,99990000,,"{'id': 176785, 'context': 0, 'bonus_lists': [6907, 6652, 7193, 1691], 'modifiers': [{'type': 9, 'value': 51}, {'type': 28, 'value': 1318}]}"
1200600909,VERY_LONG,9700,1,,,{'id': 12799}
1200600911,VERY_LONG,,1,149990000,,"{'id': 176990, 'context': 17, 'bonus_lists': [6907, 6652, 7194, 1714], 'modifiers': [{'type': 9, 'value': 54}, {'type': 28, 'value': 1710}]}"
1200600913,VERY_LONG,3600,2,,,{'id': 3667}
1200600915,VERY_LONG,,1,74990000,,"{'id': 176790, 'context': 0, 'bonus_lists': [6907, 6652, 7194, 1715], 'modifiers': [{'type': 9, 'value': 52}, {'type': 28, 'value': 1707}]}"
1200600918,VERY_LONG,1140000,8,,,{'id': 52186}
1200600920,VERY_LONG,,1,199990000,,"{'id': 176986, 'context': 0, 'bonus_lists': [6907, 6652, 7193, 1696], 'modifiers': [{'type': 9, 'value': 54}, {'type': 28, 'value': 1334}]}"
1200600926,VERY_LONG,,1,199990000,,"{'id': 176983, 'context': 17, 'bonus_lists': [6907, 6652, 1682], 'modifiers': [{'type': 9, 'value': 53}, {'type': 28, 'value': 747}]}"
1200600929,VERY_LONG,29100,4,,,{'id': 12800}
1200600932,VERY_LONG,,1,199990000,,"{'id': 176983, 'context': 17, 'bonus_lists': [6907, 6652, 1699], 'modifiers': [{'type': 9, 'value': 55}, {'type': 28, 'value': 747}]}"
1200600939,VERY_LONG,,1,199990000,,"{'id': 176983, 'context': 17, 'bonus_lists': [6907, 6652, 1699], 'modifiers': [{'type': 9, 'value': 54}, {'type': 28, 'value': 747}]}"
1200600941,VERY_LONG,,1,3920000,,"{'id': 9895, 'context': 0, 'bonus_lists': [6654, 1709], 'modifiers': [{'type': 9, 'value': 30}, {'type': 28, 'value': 22}]}"
1200600943,VERY_LONG,,1,199990000,,"{'id': 176983, 'context': 0, 'bonus_lists': [6907, 6652, 1708], 'modifiers': [{'type': 9, 'value': 54}, {'type': 28, 'value': 1326}]}"
1200600945,VERY_LONG,4500,5,,,{'id': 118006}
1200600947,VERY_LONG,,1,199990000,,"{'id': 176983, 'context': 0, 'bonus_lists': [6907, 6652, 1713], 'modifiers': [{'type': 9, 'value': 54}, {'type': 28, 'value': 1329}]}"
1200600950,VERY_LONG,,1,4439400,,"{'id': 3185, 'context': 0, 'bonus_lists': [6655, 1680], 'modifiers': [{'type': 9, 'value': 30}, {'type': 28, 'value': 20}]}"
1200600953,VERY_LONG,,1,199990000,,"{'id': 176972, 'context': 0, 'bonus_lists': [6907, 6652, 1678], 'modifiers': [{'type': 9, 'value': 54}, {'type': 28, 'value': 1327}]}"
1200600956,VERY_LONG,,1,4750000,,"{'id': 8122, 'context': 1, 'bonus_lists': [6654], 'modifiers': [{'type': 9, 'value': 30}, {'type': 28, 'value': 282}]}"
1200600958,VERY_LONG,,1,99990000,,"{'id': 176783, 'context': 0, 'bonus_lists': [6907, 6652, 1700], 'modifiers': [{'type': 9, 'value': 52}, {'type': 28, 'value': 743}]}"
1200600960,VERY_LONG,,1,1119700,,"{'id': 12019, 'context': 0, 'bonus_lists': [6654, 1706], 'modifiers': [{'type': 9, 'value': 30}, {'type': 28, 'value': 19}]}"
1200600965,VERY_LONG,,1,199990000,,"{'id': 176783, 'context': 0, 'bonus_lists': [6907, 6652, 1707], 'modifiers': [{'type': 9, 'value': 53}, {'type': 28, 'value': 1324}]}"
1200600967,VERY_LONG,779800,2,,,{'id': 52195}
1200600970,VERY_LONG,2900,3,,,{'id': 108325}
1200600971,VERY_LONG,,1,199990000,,"{'id': 176783, 'context': 0, 'bonus_lists': [6907, 6652, 1680], 'modifiers': [{'type': 9, 'value': 53}, {'type': 28, 'value': 1324}]}"
1200600974,VERY_LONG,,1,499700,,"{'id': 15235, 'context': 1, 'bonus_lists': [6655, 1679], 'modifiers': [{'type': 9, 'value': 30}, {'type': 28, 'value': 282}]}"
1200600977,VERY_LONG,,1,199990000,,"{'id': 176783, 'context': 0, 'bonus_lists': [6907, 6652, 1687], 'modifiers': [{'type': 9, 'value': 53}, {'type': 28, 'value': 1324}]}"
1200600980,VERY_LONG,,1,99990000,,"{'id': 176783, 'context': 0, 'bonus_lists': [6907, 6652, 1717], 'modifiers': [{'type': 9, 'value': 52}, {'type': 28, 'value': 743}]}"
1200600984,VERY_LONG,28200,5,,,{'id': 7070}
1200600986,VERY_LONG,,1,199990000,,"{'id': 176783, 'context': 0, 'bonus_lists': [6907, 6652, 1692], 'modifiers': [{'type': 9, 'value': 53}, {'type': 28, 'value': 1324}]}"
1200600987,VERY_LONG,3604000,4,,,{'id': 172415}
1200600991,VERY_LONG,38900,2,,,{'id': 63122}
1200600992,VERY_LONG,,1,149990000,,"{'id': 177779, 'context': 0, 'bonus_lists': [6907, 6652, 7194, 1713], 'modifiers': [{'type': 9, 'value': 54}, {'type': 28, 'value': 1707}]}"
1200600993,VERY_LONG,35000000,7,,,{'id': 173067}
1200600997,VERY_LONG,,1,149990000,,"{'id': 176968, 'context': 0, 'bonus_lists': [6907, 43, 1708], 'modifiers': [{'type': 9, 'value': 53}, {'type': 28, 'value': 1325}]}"
1200601003,VERY_LONG,,1,149990000,,"{'id': 176968, 'context': 0, 'bonus_lists': [6907, 6652, 1711], 'modifiers': [{'type': 9, 'value': 54}, {'type': 28, 'value': 1329}]}"
1200601005,VERY_LONG,1609500,5,,,{'id': 21071}
1200601007,VERY_LONG,,1,149990000,,"{'id': 176968, 'context': 0, 'bonus_lists': [6907, 6652, 1703], 'modifiers': [{'type': 9, 'value': 54}, {'type': 28, 'value': 1336}]}"
1200601008,VERY_LONG,2199900,3,,,{'id': 183738}
1200601012,VERY_LONG,,1,149990000,,"{'id': 176968, 'context': 17, 'bonus_lists': [6907, 6652, 1693], 'modifiers': [{'type': 9, 'value': 54}, {'type': 28, 'value': 747}]}"
1200601019,VERY_LONG,38700,8,,,{'id': 3404}
1200601022,VERY_LONG,,1,99990000,,"{'id': 177786, 'context': 17, 'bonus_lists': [6907, 6652, 7193, 1684], 'modifiers': [{'type': 9, 'value': 52}, {'type': 28, 'value': 747}]}"
1200601024,VERY_LONG,,1,199990000,,"{'id': 177786, 'context': 17, 'bonus_lists': [6907, 6652, 7194, 1710], 'modifiers': [{'type': 9, 'value': 55}, {'type': 28, 'value': 747}]}"
1200601028,VERY_LONG,,1,199990000,,"{'id': 177786, 'context': 0, 'bonus_lists': [6907, 6652, 7194, 1704], 'modifiers': [{'type': 9, 'value': 54}, {'type': 28, 'value': 1707}]}"
1200601030,VERY_LONG,,1,2630000,,"{'id': 11988, 'context': 1, 'bonus_lists': [6654, 1708], 'modifiers': [{'type': 9, 'value': 30}, {'type': 28, 'value': 282}]}"
1200601035,VERY_LONG,,1,149990000,,"{'id': 177768, 'context': 0, 'bonus_lists': [6907, 6652, 1702], 'modifiers': [{'type': 9, 'value': 54}, {'type': 28, 'value': 1707}]}"
1200601037,VERY_LONG,1300,2,,,{'id': 7909}
1200601040,VERY_LONG,,1,99990000,,"{'id': 175559, 'context': 0, 'bonus_lists': [6907, 1686], 'modifiers': [{'type': 9, 'value': 52}, {'type': 28, 'value': 1707}]}"
1200601043,VERY_LONG,,1,199990000,,"{'id': 175559, 'context': 0, 'bonus_lists': [6907, 1682], 'modifiers': [{'type': 9, 'value': 54}, {'type': 28, 'value': 807}]}"
1200601044,VERY_LONG,32900,11,,,{'id': 5470}
1200601048,VERY_LONG,,1,99990000,,"{'id': 175559, 'context': 0, 'bonus_lists': [6907, 1697], 'modifiers': [{'type': 9, 'value': 52}, {'type': 28, 'value': 1707}]}"
1200601052,VERY_LONG,,1,199990000,,"{'id': 175559, 'context': 0, 'bonus_lists': [6907, 1701], 'modifiers': [{'type': 9, 'value': 53}, {'type': 28, 'value': 1707}]}"
1200601055,VERY_LONG,,1,10720000,,"{'id': 4347, 'context': 1, 'modifiers': [{'type': 28, 'value': 215}]}"
1200601058,VERY_LONG,,1,199990000,,"{'id': 176779, 'context': 0, 'bonus_lists': [6907, 6652, 1685], 'modifiers': [{'type': 9, 'value': 54}, {'type': 28, 'value': 745}]}"
1200601061,VERY_LONG,,1,99990000,,"{'id': 176778, 'context': 17, 'bonus_lists': [6907, 6652, 1684], 'modifiers': [{'type': 9, 'value': 51}, {'type': 28, 'value': 747}]}"
1200601065,VERY_LONG,,1,199990000,,"{'id': 175568, 'context': 17, 'bonus_lists': [6907, 1683], 'modifiers': [{'type': 9, 'value': 54}, {'type': 28, 'value': 747}]}"
1200601066,VERY_LONG,,1,2999900,,"{'id': 52371, 'context': 0, 'modifiers': [{'type': 28, 'value': 54}]}"
1200601070,VERY_LONG,,1,149990000,,"{'id': 176768, 'context': 0, 'bonus_lists': [6907, 6652, 1691], 'modifiers': [{'type': 9, 'value': 53}, {'type': 28, 'value': 1324}]}"
1200601075,VERY_LONG,,1,199990000,,"{'id': 177775, 'context': 0, 'bonus_lists': [6907, 6652, 1685], 'modifiers': [{'type': 9, 'value': 53}, {'type': 28, 'value': 1707}]}"
1200601080,VERY_LONG,,1,74990000,,"{'id': 175573, 'context': 0, 'bonus_lists': [6907, 1709], 'modifiers': [{'type': 9, 'value': 52}, {'type': 28, 'value': 1707}]}"
1200601082,VERY_LONG,,1,2820000,,"{'id': 55371, 'context': 0, 'bonus_lists': [6655, 1714], 'modifiers': [{'type': 9, 'value': 35}, {'type': 28, 'value': 52}]}"
1200601083,VERY_LONG,,1,74990000,,"{'id': 175551, 'context': 0, 'bonus_lists': [6907, 1679], 'modifiers': [{'type': 9, 'value': 51}, {'type': 28, 'value': 1707}]}"
1200601089,VERY_LONG,,1,199990000,,"{'id': 176979, 'context': 17, 'bonus_lists': [6907, 6652, 1676], 'modifiers': [{'type': 9, 'value': 54}, {'type': 28, 'value': 747}]}"
1200601094,VERY_LONG,,1,199990000,,"{'id': 176979, 'context': 0, 'bonus_lists': [6907, 6652, 1692], 'modifiers': [{'type': 9, 'value': 54}, {'type': 28, 'value': 1327}]}"
1200601096,VERY_LONG,500,7,,,{'id': 7068}
1200601099,VERY_LONG,,1,199990000,,"{'id': 176979, 'context': 0, 'bonus_lists': [6907, 6652, 1704], 'modifiers': [{'type': 9, 'value': 54}, {'type': 28, 'value': 1333}]}"
1200601100,VERY_LONG,,1,1580000,,"{'id': 9951, 'context': 0, 'bonus_lists': [6654, 1691], 'modifiers': [{'type': 9, 'value': 30}, {'type': 28, 'value': 31}]}"
1200602105,VERY_LONG,,1,199990000,,"{'id': 176979, 'context': 0, 'bonus_lists': [6907, 6652, 1699], 'modifiers': [{'type': 9, 'value': 54}, {'type': 28, 'value': 1327}]}"
1200602109,VERY_LONG,,1,99990000,,"{'id': 176782, 'context': 17, 'bonus_lists': [6907, 6652, 1685], 'modifiers': [{'type': 9, 'value': 51}, {'type': 28, 'value': 1709}]}"
1200602110,MEDIUM,,1,9999800,,"{'id': 184480, 'context': 0}"
1200602111,VERY_LONG,19500,135,,,{'id': 6530}
1200602114,VERY_LONG,,1,199990000,,"{'id': 176981, 'context': 0, 'bonus_lists': [6907, 6652, 1684], 'modifiers': [{'type': 9, 'value': 53}, {'type': 28, 'value': 1707}]}"
1200602117,MEDIUM,,1,9999800,,"{'id': 184480, 'context': 0}"
1200602119,MEDIUM,,1,9999800,,"{'id': 184480, 'context': 0}"
1200602120,VERY_LONG,,1,99990000,,"{'id': 177783, 'context': 17, 'bonus_lists': [6907, 6652, 7194, 1684], 'modifiers': [{'type': 9, 'value': 52}, {'type': 28, 'value': 747}]}"
1200602122,MEDIUM,,1,9999800,,"{'id': 184480, 'context': 0}"
1200602125,VERY_LONG,,1,199990000,,"{'id': 177783, 'context': 17, 'bonus_lists': [6907, 6652, 7194, 1695], 'modifiers': [{'type': 9, 'value': 53}, {'type': 28, 'value': 747}]}"
1200602126,MEDIUM,,1,9999800,,"{'id': 184480, 'context': 0}"
1200602127,VERY_LONG,1990000,2,,,{'id': 41731}
1200602130,VERY_LONG,,1,199990000,,"{'id': 176773, 'context': 0, 'bonus_lists': [6907, 6652, 1696], 'modifiers': [{'type': 9, 'value': 53}, {'type': 28, 'value': 1324}]}"
1200602137,VERY_LONG,,1,199990000,,"{'id': 176773, 'context': 17, 'bonus_lists': [6907, 6652, 1700], 'modifiers': [{'type': 9, 'value': 54}, {'type': 28, 'value': 747}]}"
1200602140,VERY_LONG,58300,100,,,{'id': 3576}
1200602141,VERY_LONG,,1,74990000,,"{'id': 182725, 'context': 17, 'bonus_lists': [6907, 6652, 7193], 'modifiers': [{'type': 9, 'value': 51}, {'type': 28, 'value': 747}]}"
1200602145,VERY_LONG,46600,1,,,{'id': 36934}
1200602148,VERY_LONG,,1,199990000,,"{'id': 177789, 'context': 0, 'bonus_lists': [6907, 6652, 1713], 'modifiers': [{'type': 9, 'value': 54}, {'type': 28, 'value': 1707}]}"
1200602152,VERY_LONG,,1,199990000,,"{'id': 176787, 'context': 0, 'bonus_lists': [6907, 6652, 7194, 1707], 'modifiers': [{'type': 9, 'value': 54}, {'type': 28, 'value': 1707}]}"
1200602156,VERY_LONG,,1,199990000,,"{'id': 176964, 'context': 0, 'bonus_lists': [6907, 43, 1705], 'modifiers': [{'type': 9, 'value': 54}, {'type': 28, 'value': 1327}]}"
1200602157,VERY_LONG,1900,9,,,{'id': 109133}
1200602161,VERY_LONG,,1,199990000,,"{'id': 176964, 'context': 0, 'bonus_lists': [6907, 6652, 1691], 'modifiers': [{'type': 9, 'value': 54}, {'type': 28, 'value': 1332}]}"
1200602168,VERY_LONG,,1,199990000,,"{'id': 176974, 'context': 17, 'bonus_lists': [6907, 6652, 7193, 1694], 'modifiers': [{'type': 9, 'value': 54}, {'type': 28, 'value': 1710}]}"
1200602169,MEDIUM,6227200,4,,,{'id': 173172}
1200602173,VERY_LONG,,1,199990000,,"{'id': 176978, 'context': 0, 'bonus_lists': [6907, 6652, 1707], 'modifiers': [{'type': 9, 'value': 54}, {'type': 28, 'value': 1334}]}"
1200602177,VERY_LONG,,1,199990000,,"{'id': 182560, 'context': 0, 'bonus_lists': [6907, 6652, 1677], 'modifiers': [{'type': 9, 'value': 51}, {'type': 28, 'value': 1324}]}"
1200602182,VERY_LONG,,1,199990000,,"{'id': 176982, 'context': 0, 'bonus_lists': [6907, 6652, 1682], 'modifiers': [{'type': 9, 'value': 54}, {'type': 28, 'value': 1334}]}"
1200602184,VERY_LONG,,1,33800000,,"{'id': 160121, 'context': 0, 'bonus_lists': [6654, 1717], 'modifiers': [{'type': 9, 'value': 50}, {'type': 28, 'value': 189}]}"
1200602188,VERY_LONG,,1,199990000,,"{'id': 176962, 'context': 0, 'bonus_lists': [6907, 6652, 1711], 'modifiers': [{'type': 9, 'value': 54}, {'type': 28, 'value': 1707}]}"
1200602193,VERY_LONG,,1,99990000,,"{'id': 176780, 'context': 0, 'bonus_lists': [6907, 6652, 1694], 'modifiers': [{'type': 9, 'value': 51}, {'type': 28, 'value': 1318}]}"
1200602196,VERY_LONG,,1,2750000,,"{'id': 173218, 'context': 0, 'bonus_lists': [6893], 'modifiers': [{'type': 9, 'value': 60}, {'type': 28, 'value': 391}, {'type': 29, 'value': 32}, {'type': 30, 'value': 36}]}"
1200602198,VERY_LONG,,1,2310000,,"{'id': 4087, 'context': 0, 'bonus_lists': [6655, 1694], 'modifiers': [{'type': 9, 'value': 30}, {'type': 28, 'value': 29}]}"
1200602210,MEDIUM,8322500,4,,,{'id': 173171}
1200602211,VERY_LONG,,1,1050000,,"{'id': 2987, 'context': 0, 'bonus_lists': [6654], 'modifiers': [{'type': 9, 'value': 30}, {'type': 28, 'value': 15}]}"
1200602214,VERY_LONG,71900,1,,,{'id': 3864}
1200602222,VERY_LONG,,1,40789800,,"{'id': 116454, 'context': 13, 'bonus_lists': [36, 525, 548, 6846]}"
1200602230,MEDIUM,5659800,19,,,{'id': 173170}
1200602233,VERY_LONG,1600,4,,,{'id': 113264}
1200602240,VERY_LONG,34900,3,,,{'id': 12207}
1200602248,VERY_LONG,900,30,,,{'id': 12208}
1200602253,VERY_LONG,370000,1,,,{'id': 109585}
1200602254,MEDIUM,1756300,35,,,{'id': 173173}
1200602261,VERY_LONG,,1,640000,,"{'id': 9801, 'context': 0, 'bonus_lists': [6654, 1691], 'modifiers': [{'type': 9, 'value': 30}, {'type': 28, 'value': 15}]}"
1200602271,VERY_LONG,3000,10,,,{'id': 118007}
1200602275,VERY_LONG,169900,3,,,{'id': 109136}
1200602279,VERY_LONG,9600,5,,,{'id': 109125}
1200602284,VERY_LONG,,1,2390000,,"{'id': 6600, 'context': 0, 'bonus_lists': [6654, 1677], 'modifiers': [{'type': 9, 'value': 30}, {'type': 28, 'value': 15}]}"
1200602290,VERY_LONG,200400,9,,,{'id': 13465}
1200602291,MEDIUM,,1,4009800,,"{'id': 82800, 'context': 0, 'modifiers': [{'type': 6, 'value': 90028}], 'pet_breed_id': 9, 'pet_level': 1, 'pet_quality_id': 2, 'pet_species_id': 2538}"
1200602297,VERY_LONG,,1,2229900,,"{'id': 55563, 'context': 0, 'bonus_lists': [6654, 1707], 'modifiers': [{'type': 9, 'value': 35}, {'type': 28, 'value': 52}]}"
1200602300,VERY_LONG,,1,1600000,,"{'id': 4042, 'context': 0, 'bonus_lists': [6654], 'modifiers': [{'type': 9, 'value': 30}, {'type': 28, 'value': 25}]}"
1200602302,MEDIUM,,1,5999900,,"{'id': 82800, 'context': 0, 'modifiers': [{'type': 6, 'value': 90422}], 'pet_breed_id': 16, 'pet_level': 1, 'pet_quality_id': 2, 'pet_species_id': 2526}"
1200602305,VERY_LONG,6999600,6,,,{'id': 12363}
1200602308,VERY_LONG,,1,1760000,,"{'id': 55522, 'context': 0, 'bonus_lists': [6654, 1693], 'modifiers': [{'type': 9, 'value': 35}, {'type': 28, 'value': 165}]}"
1200602311,VERY_LONG,49900,6,,,{'id': 52987}
1200602316,MEDIUM,,1,15000000,,"{'id': 82800, 'context': 0, 'modifiers': [{'type': 6, 'value': 88000}], 'pet_breed_id': 22, 'pet_level': 1, 'pet_quality_id': 3, 'pet_species_id': 2446}"
1200602336,MEDIUM,,1,145900,,"{'id': 82800, 'context': 0, 'modifiers': [{'type': 6, 'value': 65070}], 'pet_breed_id': 6, 'pet_level': 1, 'pet_quality_id': 3, 'pet_species_id': 1706}"
1200602344,MEDIUM,,1,3509700,,"{'id': 82800, 'context': 0, 'modifiers': [{'type': 6, 'value': 49122}], 'pet_breed_id': 15, 'pet_level': 1, 'pet_quality_id': 3, 'pet_species_id': 1565}"
1200602354,MEDIUM,,1,480000,,"{'id': 82800, 'context': 0, 'modifiers': [{'type': 6, 'value': 61547}], 'pet_breed_id': 8, 'pet_level': 1, 'pet_quality_id': 2, 'pet_species_id': 1540}"
1200602365,MEDIUM,,1,1402900,,"{'id': 82800, 'context': 0, 'modifiers': [{'type': 6, 'value': 61549}], 'pet_breed_id': 6, 'pet_level': 1, 'pet_quality_id': 2, 'pet_species_id': 1537}"
1200602579,VERY_LONG,1200000,6,,,{'id': 72238}
1200602591,VERY_LONG,3000,200,,,{'id': 108996}
1200602598,VERY_LONG,3000,200,,,{'id': 108996}
1200602606,VERY_LONG,3000,200,,,{'id': 108996}
1200602614,VERY_LONG,3000,200,,,{'id': 108996}
1200602622,VERY_LONG,3000,200,,,{'id': 108996}
1200602636,MEDIUM,88500,74,,,{'id': 169701}
1200602640,VERY_LONG,3000,200,,,{'id': 108996}
1200602646,VERY_LONG,20000,5,,,{'id': 152507}
1200602655,VERY_LONG,3000,200,,,{'id': 108996}
1200602734,VERY_LONG,500000,10,,,{'id': 3357}
1200602792,VERY_LONG,5000000,2,,,{'id': 8167}
1200602809,VERY_LONG,168000,39,,,{'id': 3356}
1200602935,VERY_LONG,7000,2,,,{'id': 17056}
1200602949,VERY_LONG,49000,2,,,{'id': 3820}
1200602955,VERY_LONG,199000,5,,,{'id': 3818}
1200603001,VERY_LONG,176000,62,,,{'id': 4234}
1200603009,VERY_LONG,1199000,2,,,{'id': 4235}
1200603018,VERY_LONG,200000,4,,,{'id': 3712}
1200603036,VERY_LONG,18000,16,,,{'id': 4304}
1200605120,MEDIUM,,1,67001600,,"{'id': 172257, 'context': 13, 'bonus_lists': [6893, 7185], 'modifiers': [{'type': 9, 'value': 60}, {'type': 28, 'value': 391}, {'type': 29, 'value': 36}, {'type': 30, 'value': 32}]}"
1200605121,MEDIUM,,1,67001600,,"{'id': 172257, 'context': 13, 'bonus_lists': [6893, 7185], 'modifiers': [{'type': 9, 'value': 60}, {'type': 28, 'value': 391}, {'type': 29, 'value': 49}, {'type': 30, 'value': 36}]}"
1200605122,MEDIUM,,1,67001600,,"{'id': 172257, 'context': 13, 'bonus_lists': [6893, 7185], 'modifiers': [{'type': 9, 'value': 60}, {'type': 28, 'value': 391}, {'type': 29, 'value': 49}, {'type': 30, 'value': 36}]}"
1200605131,VERY_LONG,150000,18,,,{'id': 171830}
1200605145,VERY_LONG,1799000,6,,,{'id': 3821}
1200605158,MEDIUM,,1,46605000,,"{'id': 172252, 'context': 13, 'bonus_lists': [6893, 7185], 'modifiers': [{'type': 9, 'value': 60}, {'type': 28, 'value': 391}, {'type': 29, 'value': 40}, {'type': 30, 'value': 49}]}"
1200605163,MEDIUM,,1,46605000,,"{'id': 172252, 'context': 13, 'bonus_lists': [6893, 7185], 'modifiers': [{'type': 9, 'value': 60}, {'type': 28, 'value': 391}, {'type': 29, 'value': 40}, {'type': 30, 'value': 49}]}"
1200605167,MEDIUM,,1,46605000,,"{'id': 172252, 'context': 13, 'bonus_lists': [6893, 7185], 'modifiers': [{'type': 9, 'value': 60}, {'type': 28, 'value': 391}, {'type': 29, 'value': 49}, {'type': 30, 'value': 32}]}"
1200605170,MEDIUM,,1,46605000,,"{'id': 172252, 'context': 13, 'bonus_lists': [6893, 7185], 'modifiers': [{'type': 9, 'value': 60}, {'type': 28, 'value': 391}, {'type': 29, 'value': 49}, {'type': 30, 'value': 40}]}"
1200605179,VERY_LONG,49000,97,,,{'id': 2318}
1200605215,MEDIUM,,1,67009600,,"{'id': 172254, 'context': 13, 'bonus_lists': [6893, 7185], 'modifiers': [{'type': 9, 'value': 60}, {'type': 28, 'value': 391}, {'type': 29, 'value': 40}, {'type': 30, 'value': 49}]}"
1200605218,MEDIUM,,1,67009600,,"{'id': 172254, 'context': 13, 'bonus_lists': [6893, 7185], 'modifiers': [{'type': 9, 'value': 60}, {'type': 28, 'value': 391}, {'type': 29, 'value': 32}, {'type': 30, 'value': 49}]}"
1200605220,MEDIUM,,1,67009600,,"{'id': 172254, 'context': 13, 'bonus_lists': [6893, 7185], 'modifiers': [{'type': 9, 'value': 60}, {'type': 28, 'value': 391}, {'type': 29, 'value': 49}, {'type': 30, 'value': 32}]}"
1200605225,MEDIUM,,1,67009600,,"{'id': 172254, 'context': 13, 'bonus_lists': [6893, 7185], 'modifiers': [{'type': 9, 'value': 60}, {'type': 28, 'value': 391}, {'type': 29, 'value': 32}, {'type': 30, 'value': 40}]}"
1200605226,MEDIUM,,1,67009600,,"{'id': 172254, 'context': 13, 'bonus_lists': [6893, 7185], 'modifiers': [{'type': 9, 'value': 60}, {'type': 28, 'value': 391}, {'type': 29, 'value': 49}, {'type': 30, 'value': 40}]}"
1200605240,VERY_LONG,,1,7000000,,"{'id': 12997, 'context': 0, 'bonus_lists': [6659], 'modifiers': [{'type': 9, 'value': 25}, {'type': 28, 'value': 1786}]}"
1200605267,VERY_LONG,75500,135,,,{'id': 171828}
1200605299,VERY_LONG,39900,4,,,{'id': 171841}
1200605300,MEDIUM,,1,39010900,,"{'id': 172264, 'context': 13, 'bonus_lists': [6893, 7185], 'modifiers': [{'type': 9, 'value': 60}, {'type': 28, 'value': 391}, {'type': 29, 'value': 49}, {'type': 30, 'value': 36}]}"
1200605305,MEDIUM,,1,39010900,,"{'id': 172264, 'context': 13, 'bonus_lists': [6893, 7185], 'modifiers': [{'type': 9, 'value': 60}, {'type': 28, 'value': 391}, {'type': 29, 'value': 49}, {'type': 30, 'value': 32}]}"
1200605308,MEDIUM,,1,39010900,,"{'id': 172264, 'context': 13, 'bonus_lists': [6893, 7185], 'modifiers': [{'type': 9, 'value': 60}, {'type': 28, 'value': 391}, {'type': 29, 'value': 40}, {'type': 30, 'value': 36}]}"
1200605310,VERY_LONG,39000,2,,,{'id': 3369}
1200605313,MEDIUM,,1,39010900,,"{'id': 172264, 'context': 13, 'bonus_lists': [6893, 7185], 'modifiers': [{'type': 9, 'value': 60}, {'type': 28, 'value': 391}, {'type': 29, 'value': 40}, {'type': 30, 'value': 36}]}"
1200605342,VERY_LONG,14000,3,,,{'id': 2251}
1200605355,MEDIUM,,1,67005600,,"{'id': 172253, 'context': 13, 'bonus_lists': [6893, 7185], 'modifiers': [{'type': 9, 'value': 60}, {'type': 28, 'value': 391}, {'type': 29, 'value': 36}, {'type': 30, 'value': 49}]}"
1200605359,MEDIUM,,1,67005600,,"{'id': 172253, 'context': 13, 'bonus_lists': [6893, 7185], 'modifiers': [{'type': 9, 'value': 60}, {'type': 28, 'value': 391}, {'type': 29, 'value': 49}, {'type': 30, 'value': 40}]}"
1200605363,MEDIUM,,1,67005600,,"{'id': 172253, 'context': 13, 'bonus_lists': [6893, 7185], 'modifiers': [{'type': 9, 'value': 60}, {'type': 28, 'value': 391}, {'type': 29, 'value': 32}, {'type': 30, 'value': 36}]}"
1200605368,VERY_LONG,500,66,,,{'id': 171840}
1200605382,VERY_LONG,100000,1,,,{'id': 5498}
1200605387,MEDIUM,,1,67005600,,"{'id': 172255, 'context': 13, 'bonus_lists': [6893, 7185], 'modifiers': [{'type': 9, 'value': 60}, {'type': 28, 'value': 391}, {'type': 29, 'value': 32}, {'type': 30, 'value': 36}]}"
1200605388,MEDIUM,,1,67005600,,"{'id': 172255, 'context': 13, 'bonus_lists': [6893, 7185], 'modifiers': [{'type': 9, 'value': 60}, {'type': 28, 'value': 391}, {'type': 29, 'value': 32}, {'type': 30, 'value': 36}]}"
1200605390,MEDIUM,,1,67005600,,"{'id': 172255, 'context': 13, 'bonus_lists': [6893, 7185], 'modifiers': [{'type': 9, 'value': 60}, {'type': 28, 'value': 391}, {'type': 29, 'value': 36}, {'type': 30, 'value': 49}]}"
1200605393,MEDIUM,,1,67005600,,"{'id': 172255, 'context': 13, 'bonus_lists': [6893, 7185], 'modifiers': [{'type': 9, 'value': 60}, {'type': 28, 'value': 391}, {'type': 29, 'value': 40}, {'type': 30, 'value': 49}]}"
1200605405,VERY_LONG,,1,1000001600,,"{'id': 44313, 'context': 0, 'bonus_lists': [6661], 'modifiers': [{'type': 9, 'value': 30}, {'type': 28, 'value': 1017}]}"
1200605412,MEDIUM,,1,67000900,,"{'id': 172251, 'context': 13, 'bonus_lists': [6893, 7185], 'modifiers': [{'type': 9, 'value': 60}, {'type': 28, 'value': 391}, {'type': 29, 'value': 49}, {'type': 30, 'value': 40}]}"
1200605414,MEDIUM,,1,67000900,,"{'id': 172251, 'context': 13, 'bonus_lists': [6893, 7185], 'modifiers': [{'type': 9, 'value': 60}, {'type': 28, 'value': 391}, {'type': 29, 'value': 40}, {'type': 30, 'value': 36}]}"
1200605415,MEDIUM,,1,67000900,,"{'id': 172251, 'context': 13, 'bonus_lists': [6893, 7185], 'modifiers': [{'type': 9, 'value': 60}, {'type': 28, 'value': 391}, {'type': 29, 'value': 36}, {'type': 30, 'value': 49}]}"
1200605419,MEDIUM,,1,67000900,,"{'id': 172251, 'context': 13, 'bonus_lists': [6893, 7185], 'modifiers': [{'type': 9, 'value': 60}, {'type': 28, 'value': 391}, {'type': 29, 'value': 32}, {'type': 30, 'value': 40}]}"
1200605426,VERY_LONG,10000,11,,,{'id': 72237}
1200605432,MEDIUM,,1,57543000,,"{'id': 172250, 'context': 13, 'bonus_lists': [6893, 7185], 'modifiers': [{'type': 9, 'value': 60}, {'type': 28, 'value': 391}, {'type': 29, 'value': 32}, {'type': 30, 'value': 36}]}"
1200605433,MEDIUM,,1,57543000,,"{'id': 172250, 'context': 13, 'bonus_lists': [6893, 7185], 'modifiers': [{'type': 9, 'value': 60}, {'type': 28, 'value': 391}, {'type': 29, 'value': 36}, {'type': 30, 'value': 32}]}"
1200605436,MEDIUM,,1,57543000,,"{'id': 172250, 'context': 13, 'bonus_lists': [6893, 7185], 'modifiers': [{'type': 9, 'value': 60}, {'type': 28, 'value': 391}, {'type': 29, 'value': 36}, {'type': 30, 'value': 40}]}"
1200605437,MEDIUM,,1,57543000,,"{'id': 172250, 'context': 13, 'bonus_lists': [6893, 7185], 'modifiers': [{'type': 9, 'value': 60}, {'type': 28, 'value': 391}, {'type': 29, 'value': 32}, {'type': 30, 'value': 49}]}"
1200605439,MEDIUM,,1,57543000,,"{'id': 172250, 'context': 13, 'bonus_lists': [6893, 7185], 'modifiers': [{'type': 9, 'value': 60}, {'type': 28, 'value': 391}, {'type': 29, 'value': 36}, {'type': 30, 'value': 40}]}"
1200605446,VERY_LONG,,1,10004400,,"{'id': 40302, 'context': 0, 'modifiers': [{'type': 28, 'value': 1017}]}"
1200605456,MEDIUM,,1,44061100,,"{'id': 172258, 'context': 13, 'bonus_lists': [6893, 7185], 'modifiers': [{'type': 9, 'value': 60}, {'type': 28, 'value': 391}, {'type': 29, 'value': 36}, {'type': 30, 'value': 32}]}"
1200605459,MEDIUM,,1,44061100,,"{'id': 172258, 'context': 13, 'bonus_lists': [6893, 7185], 'modifiers': [{'type': 9, 'value': 60}, {'type': 28, 'value': 391}, {'type': 29, 'value': 40}, {'type': 30, 'value': 32}]}"
1200605461,VERY_LONG,50000,12,,,{'id': 1015}
1200605464,MEDIUM,,1,44061100,,"{'id': 172258, 'context': 13, 'bonus_lists': [6893, 7185], 'modifiers': [{'type': 9, 'value': 60}, {'type': 28, 'value': 391}, {'type': 29, 'value': 49}, {'type': 30, 'value': 40}]}"
1200605467,MEDIUM,,1,44061100,,"{'id': 172258, 'context': 13, 'bonus_lists': [6893, 7185], 'modifiers': [{'type': 9, 'value': 60}, {'type': 28, 'value': 391}, {'type': 29, 'value': 49}, {'type': 30, 'value': 32}]}"
1200605472,MEDIUM,,1,44061100,,"{'id': 172258, 'context': 13, 'bonus_lists': [6893, 7185], 'modifiers': [{'type': 9, 'value': 60}, {'type': 28, 'value': 391}, {'type': 29, 'value': 49}, {'type': 30, 'value': 32}]}"
1200605488,MEDIUM,,1,52740400,,"{'id': 172261, 'context': 13, 'bonus_lists': [6893, 7185], 'modifiers': [{'type': 9, 'value': 60}, {'type': 28, 'value': 391}, {'type': 29, 'value': 49}, {'type': 30, 'value': 32}]}"
1200605492,MEDIUM,,1,52740400,,"{'id': 172261, 'context': 13, 'bonus_lists': [6893, 7185], 'modifiers': [{'type': 9, 'value': 60}, {'type': 28, 'value': 391}, {'type': 29, 'value': 32}, {'type': 30, 'value': 40}]}"
1200605495,MEDIUM,,1,52740400,,"{'id': 172261, 'context': 13, 'bonus_lists': [6893, 7185], 'modifiers': [{'type': 9, 'value': 60}, {'type': 28, 'value': 391}, {'type': 29, 'value': 40}, {'type': 30, 'value': 32}]}"
1200605499,MEDIUM,,1,52740400,,"{'id': 172261, 'context': 13, 'bonus_lists': [6893, 7185], 'modifiers': [{'type': 9, 'value': 60}, {'type': 28, 'value': 391}, {'type': 29, 'value': 32}, {'type': 30, 'value': 40}]}"
1200605502,MEDIUM,,1,52740400,,"{'id': 172261, 'context': 13, 'bonus_lists': [6893, 7185], 'modifiers': [{'type': 9, 'value': 60}, {'type': 28, 'value': 391}, {'type': 29, 'value': 40}, {'type': 30, 'value': 32}]}"
1200605503,VERY_LONG,30000,4,,,{'id': 769}
1200605521,MEDIUM,,1,44095600,,"{'id': 172262, 'context': 13, 'bonus_lists': [6893, 7185], 'modifiers': [{'type': 9, 'value': 60}, {'type': 28, 'value': 391}, {'type': 29, 'value': 32}, {'type': 30, 'value': 36}]}"
1200605523,MEDIUM,,1,44095600,,"{'id': 172262, 'context': 13, 'bonus_lists': [6893, 7185], 'modifiers': [{'type': 9, 'value': 60}, {'type': 28, 'value': 391}, {'type': 29, 'value': 36}, {'type': 30, 'value': 32}]}"
1200605525,MEDIUM,,1,44095600,,"{'id': 172262, 'context': 13, 'bonus_lists': [6893, 7185], 'modifiers': [{'type': 9, 'value': 60}, {'type': 28, 'value': 391}, {'type': 29, 'value': 49}, {'type': 30, 'value': 40}]}"
1200605527,MEDIUM,,1,44095600,,"{'id': 172262, 'context': 13, 'bonus_lists': [6893, 7185], 'modifiers': [{'type': 9, 'value': 60}, {'type': 28, 'value': 391}, {'type': 29, 'value': 49}, {'type': 30, 'value': 36}]}"
1200605532,MEDIUM,,1,44095600,,"{'id': 172262, 'context': 13, 'bonus_lists': [6893, 7185], 'modifiers': [{'type': 9, 'value': 60}, {'type': 28, 'value': 391}, {'type': 29, 'value': 32}, {'type': 30, 'value': 49}]}"
1200605534,VERY_LONG,500000,3,,,{'id': 89639}
1200605559,VERY_LONG,2000,7,,,{'id': 2673}
1200605567,MEDIUM,,1,45792900,,"{'id': 172260, 'context': 13, 'bonus_lists': [6893, 7185], 'modifiers': [{'type': 9, 'value': 60}, {'type': 28, 'value': 391}, {'type': 29, 'value': 32}, {'type': 30, 'value': 36}]}"
1200605569,MEDIUM,,1,45792900,,"{'id': 172260, 'context': 13, 'bonus_lists': [6893, 7185], 'modifiers': [{'type': 9, 'value': 60}, {'type': 28, 'value': 391}, {'type': 29, 'value': 40}, {'type': 30, 'value': 49}]}"
1200605572,MEDIUM,,1,45792900,,"{'id': 172260, 'context': 13, 'bonus_lists': [6893, 7185], 'modifiers': [{'type': 9, 'value': 60}, {'type': 28, 'value': 391}, {'type': 29, 'value': 40}, {'type': 30, 'value': 49}]}"
1200605576,MEDIUM,,1,45792900,,"{'id': 172260, 'context': 13, 'bonus_lists': [6893, 7185], 'modifiers': [{'type': 9, 'value': 60}, {'type': 28, 'value': 391}, {'type': 29, 'value': 36}, {'type': 30, 'value': 49}]}"
1200605589,VERY_LONG,59000,8,,,{'id': 2453}
1200605620,VERY_LONG,2000,17,,,{'id': 12184}
1200605626,VERY_LONG,5000,11,,,{'id': 72234}
1200605685,VERY_LONG,400,23,,,{'id': 3685}
1200605715,VERY_LONG,4000,9,,,{'id': 12205}
1200605749,MEDIUM,,1,44820500,,"{'id': 172265, 'context': 13, 'bonus_lists': [6893, 7185], 'modifiers': [{'type': 9, 'value': 60}, {'type': 28, 'value': 391}, {'type': 29, 'value': 40}, {'type': 30, 'value': 49}]}"
1200605750,MEDIUM,,1,44820500,,"{'id': 172265, 'context': 13, 'bonus_lists': [6893, 7185], 'modifiers': [{'type': 9, 'value': 60}, {'type': 28, 'value': 391}, {'type': 29, 'value': 36}, {'type': 30, 'value': 40}]}"
1200605751,MEDIUM,,1,44820500,,"{'id': 172265, 'context': 13, 'bonus_lists': [6893, 7185], 'modifiers': [{'type': 9, 'value': 60}, {'type': 28, 'value': 391}, {'type': 29, 'value': 36}, {'type': 30, 'value': 40}]}"
1200605753,VERY_LONG,50000,4,,,{'id': 12206}
1200605757,MEDIUM,,1,44820500,,"{'id': 172265, 'context': 13, 'bonus_lists': [6893, 7185], 'modifiers': [{'type': 9, 'value': 60}, {'type': 28, 'value': 391}, {'type': 29, 'value': 40}, {'type': 30, 'value': 36}]}"
1200605769,MEDIUM,,1,67005600,,"{'id': 172256, 'context': 13, 'bonus_lists': [6893, 7185], 'modifiers': [{'type': 9, 'value': 60}, {'type': 28, 'value': 391}, {'type': 29, 'value': 36}, {'type': 30, 'value': 49}]}"
1200605771,MEDIUM,,1,67005600,,"{'id': 172256, 'context': 13, 'bonus_lists': [6893, 7185], 'modifiers': [{'type': 9, 'value': 60}, {'type': 28, 'value': 391}, {'type': 29, 'value': 32}, {'type': 30, 'value': 36}]}"
1200605772,VERY_LONG,500000,1,,,{'id': 5500}
1200605773,MEDIUM,,1,67005600,,"{'id': 172256, 'context': 13, 'bonus_lists': [6893, 7185], 'modifiers': [{'type': 9, 'value': 60}, {'type': 28, 'value': 391}, {'type': 29, 'value': 40}, {'type': 30, 'value': 49}]}"
1200605779,VERY_LONG,150000,915,,,{'id': 172230}
1200605784,MEDIUM,,1,55258400,,"{'id': 172263, 'context': 13, 'bonus_lists': [6893, 7185], 'modifiers': [{'type': 9, 'value': 60}, {'type': 28, 'value': 391}, {'type': 29, 'value': 40}, {'type': 30, 'value': 49}]}"
1200605786,MEDIUM,,1,55258400,,"{'id': 172263, 'context': 13, 'bonus_lists': [6893, 7185], 'modifiers': [{'type': 9, 'value': 60}, {'type': 28, 'value': 391}, {'type': 29, 'value': 40}, {'type': 30, 'value': 32}]}"
1200605789,MEDIUM,,1,55258400,,"{'id': 172263, 'context': 13, 'bonus_lists': [6893, 7185], 'modifiers': [{'type': 9, 'value': 60}, {'type': 28, 'value': 391}, {'type': 29, 'value': 49}, {'type': 30, 'value': 32}]}"
1200605792,MEDIUM,,1,55258400,,"{'id': 172263, 'context': 13, 'bonus_lists': [6893, 7185], 'modifiers': [{'type': 9, 'value': 60}, {'type': 28, 'value': 391}, {'type': 29, 'value': 40}, {'type': 30, 'value': 49}]}"
1200605794,MEDIUM,,1,55258400,,"{'id': 172263, 'context': 13, 'bonus_lists': [6893, 7185], 'modifiers': [{'type': 9, 'value': 60}, {'type': 28, 'value': 391}, {'type': 29, 'value': 36}, {'type': 30, 'value': 49}]}"
1200605810,MEDIUM,,1,39010900,,"{'id': 172259, 'context': 13, 'bonus_lists': [6893, 7185], 'modifiers': [{'type': 9, 'value': 60}, {'type': 28, 'value': 391}, {'type': 29, 'value': 49}, {'type': 30, 'value': 36}]}"
1200605812,MEDIUM,,1,39010900,,"{'id': 172259, 'context': 13, 'bonus_lists': [6893, 7185], 'modifiers': [{'type': 9, 'value': 60}, {'type': 28, 'value': 391}, {'type': 29, 'value': 32}, {'type': 30, 'value': 36}]}"
1200605814,MEDIUM,,1,39010900,,"{'id': 172259, 'context': 13, 'bonus_lists': [6893, 7185], 'modifiers': [{'type': 9, 'value': 60}, {'type': 28, 'value': 391}, {'type': 29, 'value': 36}, {'type': 30, 'value': 49}]}"
1200605816,MEDIUM,,1,39010900,,"{'id': 172259, 'context': 13, 'bonus_lists': [6893, 7185], 'modifiers': [{'type': 9, 'value': 60}, {'type': 28, 'value': 391}, {'type': 29, 'value': 36}, {'type': 30, 'value': 40}]}"
1200605817,MEDIUM,,1,39010900,,"{'id': 172259, 'context': 13, 'bonus_lists': [6893, 7185], 'modifiers': [{'type': 9, 'value': 60}, {'type': 28, 'value': 391}, {'type': 29, 'value': 32}, {'type': 30, 'value': 40}]}"
1200605820,VERY_LONG,,1,12090500,,"{'id': 172255, 'context': 13, 'bonus_lists': [6893], 'modifiers': [{'type': 9, 'value': 56}, {'type': 28, 'value': 391}, {'type': 29, 'value': 49}, {'type': 30, 'value': 32}]}"
1200605842,VERY_LONG,320000,10,,,{'id': 4232}
1200605862,VERY_LONG,120000,1,,,{'id': 8170}
1200605919,VERY_LONG,1341300,500,,,{'id': 172439}
1200605968,VERY_LONG,510000,80,,,{'id': 171315}
1200605978,VERY_LONG,88500,559,,,{'id': 169701}
1200606007,VERY_LONG,388800,656,,,{'id': 168589}
1200606070,VERY_LONG,800000,19,,,{'id': 3355}
1200606078,VERY_LONG,30000,6,,,{'id': 783}
1200607132,VERY_LONG,9000,2,,,{'id': 785}
1200607289,VERY_LONG,3604000,19,,,{'id': 172415}
1200607315,VERY_LONG,,1,2402900,,"{'id': 184479, 'context': 0}"
1200607318,VERY_LONG,,1,2402900,,"{'id': 184479, 'context': 0}"
1200607322,VERY_LONG,,1,2402900,,"{'id': 184479, 'context': 0}"
1200607459,MEDIUM,,1,15903200,11975600,"{'id': 173050, 'context': 13, 'modifiers': [{'type': 29, 'value': 49}, {'type': 30, 'value': 40}]}"
1200607462,MEDIUM,1756200,196,,,{'id': 173173}
1200607463,MEDIUM,5000000,401,,,{'id': 171833}
1200607464,MEDIUM,,1,35999900,18000000,"{'id': 171389, 'context': 13, 'modifiers': [{'type': 29, 'value': 49}, {'type': 30, 'value': 32}]}"
1200607467,MEDIUM,477800,499,,,{'id': 168589}
1200607470,MEDIUM,,1,13428500,8192000,"{'id': 171443, 'context': 13, 'bonus_lists': [6893], 'modifiers': [{'type': 9, 'value': 60}, {'type': 28, 'value': 391}, {'type': 29, 'value': 36}, {'type': 30, 'value': 40}]}"
1200607472,MEDIUM,,1,13428500,8192000,"{'id': 171443, 'context': 13, 'bonus_lists': [6893], 'modifiers': [{'type': 9, 'value': 60}, {'type': 28, 'value': 391}, {'type': 29, 'value': 49}, {'type': 30, 'value': 40}]}"
1200607475,MEDIUM,,1,13428500,8192000,"{'id': 171443, 'context': 13, 'bonus_lists': [6893], 'modifiers': [{'type': 9, 'value': 60}, {'type': 28, 'value': 391}, {'type': 29, 'value': 36}, {'type': 30, 'value': 49}]}"
1200607476,MEDIUM,,1,13428500,8192000,"{'id': 171443, 'context': 13, 'bonus_lists': [6893], 'modifiers': [{'type': 9, 'value': 60}, {'type': 28, 'value': 391}, {'type': 29, 'value': 32}, {'type': 30, 'value': 49}]}"
1200607477,MEDIUM,,1,13428500,8192000,"{'id': 171443, 'context': 13, 'bonus_lists': [6893], 'modifiers': [{'type': 9, 'value': 60}, {'type': 28, 'value': 391}, {'type': 29, 'value': 49}, {'type': 30, 'value': 36}]}"
1200607481,MEDIUM,,1,10008900,5004500,"{'id': 171383, 'context': 13, 'modifiers': [{'type': 29, 'value': 49}, {'type': 30, 'value': 32}]}"
1200607484,MEDIUM,,1,960100,830600,"{'id': 172248, 'context': 13, 'bonus_lists': [6885], 'modifiers': [{'type': 9, 'value': 51}, {'type': 28, 'value': 391}, {'type': 29, 'value': 32}, {'type': 30, 'value': 49}]}"
1200607487,MEDIUM,,1,960100,830600,"{'id': 172248, 'context': 13, 'bonus_lists': [6885], 'modifiers': [{'type': 9, 'value': 51}, {'type': 28, 'value': 391}, {'type': 29, 'value': 36}, {'type': 30, 'value': 40}]}"
1200607489,MEDIUM,,1,8199900,6176300,"{'id': 172261, 'context': 13, 'bonus_lists': [6893], 'modifiers': [{'type': 9, 'value': 51}, {'type': 28, 'value': 391}, {'type': 29, 'value': 32}, {'type': 30, 'value': 49}]}"
1200607492,MEDIUM,,1,8199900,6176300,"{'id': 172261, 'context': 13, 'bonus_lists': [6893], 'modifiers': [{'type': 9, 'value': 51}, {'type': 28, 'value': 391}, {'type': 29, 'value': 36}, {'type': 30, 'value': 49}]}"
1200607493,MEDIUM,,1,8199900,6176300,"{'id': 172261, 'context': 13, 'bonus_lists': [6893], 'modifiers': [{'type': 9, 'value': 51}, {'type': 28, 'value': 391}, {'type': 29, 'value': 40}, {'type': 30, 'value': 32}]}"
1200607495,MEDIUM,,1,8199900,6176300,"{'id': 172261, 'context': 13, 'bonus_lists': [6893], 'modifiers': [{'type': 9, 'value': 51}, {'type': 28, 'value': 391}, {'type': 29, 'value': 40}, {'type': 30, 'value': 32}]}"
1200607500,MEDIUM,1100,1057,,,{'id': 171840}
1200607503,MEDIUM,169500,600,,,{'id': 172230}
1200607506,MEDIUM,,1,3947700,2858700,"{'id': 172257, 'context': 13, 'bonus_lists': [6893], 'modifiers': [{'type': 9, 'value': 51}, {'type': 28, 'value': 391}, {'type': 29, 'value': 36}, {'type': 30, 'value': 49}]}"
1200607508,MEDIUM,,1,3947700,2858700,"{'id': 172257, 'context': 13, 'bonus_lists': [6893], 'modifiers': [{'type': 9, 'value': 51}, {'type': 28, 'value': 391}, {'type': 29, 'value': 32}, {'type': 30, 'value': 36}]}"
1200607510,MEDIUM,,1,4599900,3219700,"{'id': 172252, 'context': 13, 'bonus_lists': [6893], 'modifiers': [{'type': 9, 'value': 51}, {'type': 28, 'value': 391}, {'type': 29, 'value': 49}, {'type': 30, 'value': 40}]}"
1200607513,MEDIUM,,1,4599900,3219700,"{'id': 172252, 'context': 13, 'bonus_lists': [6893], 'modifiers': [{'type': 9, 'value': 51}, {'type': 28, 'value': 391}, {'type': 29, 'value': 49}, {'type': 30, 'value': 32}]}"
1200607516,MEDIUM,,1,4599900,3219700,"{'id': 172252, 'context': 13, 'bonus_lists': [6893], 'modifiers': [{'type': 9, 'value': 51}, {'type': 28, 'value': 391}, {'type': 29, 'value': 32}, {'type': 30, 'value': 49}]}"
1200607521,MEDIUM,26499700,1,,,{'id': 172365}
1200607524,MEDIUM,166500,41,,,{'id': 171829}
1200607527,MEDIUM,,1,1206600,1073900,"{'id': 173201, 'context': 0, 'bonus_lists': [6883], 'modifiers': [{'type': 29, 'value': 32}, {'type': 30, 'value': 49}]}"
1200607532,MEDIUM,,1,18999900,9500000,"{'id': 171382, 'context': 13, 'modifiers': [{'type': 29, 'value': 32}, {'type': 30, 'value': 40}]}"
1200607534,MEDIUM,1003800,20,,,{'id': 172045}
1200607536,MEDIUM,,1,99008600,88390900,"{'id': 171419, 'context': 64, 'bonus_lists': [6717, 7194, 1507]}"
1200607538,MEDIUM,,1,99008600,88390900,"{'id': 171419, 'context': 64, 'bonus_lists': [6717, 7194, 1507]}"
1200607539,MEDIUM,,1,1400999500,1190849600,"{'id': 171419, 'context': 66, 'bonus_lists': [6758, 7194, 1532]}"
1200607543,MEDIUM,28999600,2,,,{'id': 180404}
1200607547,MEDIUM,8879100,324,,,{'id': 172097}
1200607552,MEDIUM,,1,15508700,7754400,"{'id': 171386, 'context': 13, 'modifiers': [{'type': 29, 'value': 36}, {'type': 30, 'value': 49}]}"
1200607554,MEDIUM,24700,262,,,{'id': 172054}
1200607557,MEDIUM,53900,7,,,{'id': 171370}
1200607560,MEDIUM,725000,24,,,{'id': 172231}
1200607562,MEDIUM,12959700,5,,,{'id': 172370}
1200607567,MEDIUM,,1,2128500,1703800,"{'id': 171377, 'context': 13, 'bonus_lists': [6887], 'modifiers': [{'type': 9, 'value': 59}, {'type': 28, 'value': 391}, {'type': 29, 'value': 32}, {'type': 30, 'value': 40}]}"
1200607570,MEDIUM,10900,3000,,,{'id': 172052}
1200607571,MEDIUM,,1,3509400,3102000,"{'id': 172260, 'context': 13, 'bonus_lists': [6893], 'modifiers': [{'type': 9, 'value': 51}, {'type': 28, 'value': 391}, {'type': 29, 'value': 40}, {'type': 30, 'value': 32}]}"
1200607573,MEDIUM,,1,176000000,149600000,"{'id': 171413, 'context': 63, 'bonus_lists': [6716, 1487]}"
1200607574,MEDIUM,,1,176000000,149600000,"{'id': 171413, 'context': 63, 'bonus_lists': [6716, 1487]}"
1200607576,MEDIUM,309300,28,,,{'id': 173037}
1200607579,MEDIUM,,1,17322600,8661300,"{'id': 171385, 'context': 13, 'modifiers': [{'type': 29, 'value': 49}, {'type': 30, 'value': 32}]}"
1200607580,MEDIUM,,1,17322600,8661300,"{'id': 171385, 'context': 13, 'modifiers': [{'type': 29, 'value': 49}, {'type': 30, 'value': 40}]}"
1200607582,MEDIUM,,1,17322600,8661300,"{'id': 171385, 'context': 13, 'modifiers': [{'type': 29, 'value': 36}, {'type': 30, 'value': 40}]}"
1200607583,MEDIUM,,1,17322600,8661300,"{'id': 171385, 'context': 13, 'modifiers': [{'type': 29, 'value': 40}, {'type': 30, 'value': 49}]}"
1200607584,MEDIUM,,1,17322600,8661300,"{'id': 171385, 'context': 13, 'modifiers': [{'type': 29, 'value': 40}, {'type': 30, 'value': 36}]}"
1200607586,MEDIUM,,1,12298700,9899500,"{'id': 172263, 'context': 13, 'bonus_lists': [6893], 'modifiers': [{'type': 9, 'value': 51}, {'type': 28, 'value': 391}, {'type': 29, 'value': 49}, {'type': 30, 'value': 40}]}"
1200607589,MEDIUM,,1,3436800,1718400,"{'id': 171380, 'context': 13, 'bonus_lists': [6885], 'modifiers': [{'type': 9, 'value': 60}, {'type': 28, 'value': 391}, {'type': 29, 'value': 36}, {'type': 30, 'value': 40}]}"
1200607590,MEDIUM,,1,1484100,742100,"{'id': 172240, 'context': 13, 'bonus_lists': [6885], 'modifiers': [{'type': 9, 'value': 51}, {'type': 28, 'value': 391}, {'type': 29, 'value': 32}, {'type': 30, 'value': 49}]}"
1200607595,MEDIUM,,1,1484100,742100,"{'id': 172240, 'context': 13, 'bonus_lists': [6885], 'modifiers': [{'type': 9, 'value': 51}, {'type': 28, 'value': 391}, {'type': 29, 'value': 49}, {'type': 30, 'value': 36}]}"
1200607597,MEDIUM,,1,12090400,9895100,"{'id': 172255, 'context': 13, 'bonus_lists': [6893], 'modifiers': [{'type': 9, 'value': 51}, {'type': 28, 'value': 391}, {'type': 29, 'value': 49}, {'type': 30, 'value': 36}]}"
1200607599,MEDIUM,,1,10937900,10185500,"{'id': 172258, 'context': 13, 'bonus_lists': [6893], 'modifiers': [{'type': 9, 'value': 51}, {'type': 28, 'value': 391}, {'type': 29, 'value': 40}, {'type': 30, 'value': 49}]}"
1200607602,MEDIUM,,1,10937900,10185500,"{'id': 172258, 'context': 13, 'bonus_lists': [6893], 'modifiers': [{'type': 9, 'value': 51}, {'type': 28, 'value': 391}, {'type': 29, 'value': 40}, {'type': 30, 'value': 32}]}"
1200607604,MEDIUM,,1,10937900,10185500,"{'id': 172258, 'context': 13, 'bonus_lists': [6893], 'modifiers': [{'type': 9, 'value': 51}, {'type': 28, 'value': 391}, {'type': 29, 'value': 36}, {'type': 30, 'value': 49}]}"
1200607605,MEDIUM,,1,10937900,10185500,"{'id': 172258, 'context': 13, 'bonus_lists': [6893], 'modifiers': [{'type': 9, 'value': 51}, {'type': 28, 'value': 391}, {'type': 29, 'value': 36}, {'type': 30, 'value': 40}]}"
1200607607,MEDIUM,3016600,40,,,{'id': 171273}
1200607608,MEDIUM,1749800,161,,,{'id': 171428}
1200607610,MEDIUM,2000300,40,,,{'id': 171275}
1200607612,MEDIUM,,1,4658500,3025400,"{'id': 171442, 'context': 13, 'bonus_lists': [6893], 'modifiers': [{'type': 9, 'value': 60}, {'type': 28, 'value': 391}, {'type': 29, 'value': 36}, {'type': 30, 'value': 49}]}"
1200607614,MEDIUM,,1,4658500,3025400,"{'id': 171442, 'context': 13, 'bonus_lists': [6893], 'modifiers': [{'type': 9, 'value': 60}, {'type': 28, 'value': 391}, {'type': 29, 'value': 49}, {'type': 30, 'value': 40}]}"
1200607617,MEDIUM,,1,49998600,24999300,"{'id': 173054, 'context': 13, 'modifiers': [{'type': 29, 'value': 49}, {'type': 30, 'value': 32}]}"
1200607618,MEDIUM,,1,49998600,24999300,"{'id': 173054, 'context': 13, 'modifiers': [{'type': 29, 'value': 32}, {'type': 30, 'value': 49}]}"
1200607620,MEDIUM,,1,49998600,24999300,"{'id': 173054, 'context': 13, 'modifiers': [{'type': 29, 'value': 32}, {'type': 30, 'value': 49}]}"
1200607622,MEDIUM,,1,16750000,8375000,"{'id': 180752, 'context': 13}"
1200607623,MEDIUM,,1,16750000,8375000,"{'id': 180752, 'context': 13}"
1200607625,MEDIUM,,1,16750000,8375000,"{'id': 180752, 'context': 13}"
1200607628,MEDIUM,,1,16750000,8375000,"{'id': 180752, 'context': 13}"
1200607630,MEDIUM,,1,19999700,9999900,"{'id': 116167, 'context': 13, 'bonus_lists': [196, 6873]}"
1200607632,MEDIUM,,1,199899900,185838300,"{'id': 171418, 'context': 65, 'bonus_lists': [6718, 7193, 1522]}"
1200607634,MEDIUM,,1,7919300,6199200,"{'id': 172253, 'context': 13, 'bonus_lists': [6893], 'modifiers': [{'type': 9, 'value': 51}, {'type': 28, 'value': 391}, {'type': 29, 'value': 32}, {'type': 30, 'value': 49}]}"
1200607636,MEDIUM,,1,7919300,6199200,"{'id': 172253, 'context': 13, 'bonus_lists': [6893], 'modifiers': [{'type': 9, 'value': 51}, {'type': 28, 'value': 391}, {'type': 29, 'value': 49}, {'type': 30, 'value': 32}]}"
1200607637,MEDIUM,,1,7919300,6199200,"{'id': 172253, 'context': 13, 'bonus_lists': [6893], 'modifiers': [{'type': 9, 'value': 51}, {'type': 28, 'value': 391}, {'type': 29, 'value': 36}, {'type': 30, 'value': 49}]}"
1200607638,MEDIUM,,1,7919300,6199200,"{'id': 172253, 'context': 13, 'bonus_lists': [6893], 'modifiers': [{'type': 9, 'value': 51}, {'type': 28, 'value': 391}, {'type': 29, 'value': 49}, {'type': 30, 'value': 40}]}"
1200607642,MEDIUM,,1,4499100,4315200,"{'id': 173216, 'context': 0, 'bonus_lists': [6893], 'modifiers': [{'type': 9, 'value': 60}, {'type': 28, 'value': 391}, {'type': 29, 'value': 32}, {'type': 30, 'value': 49}]}"
1200607644,MEDIUM,,1,2499600,1249800,"{'id': 171381, 'context': 13, 'bonus_lists': [6883], 'modifiers': [{'type': 29, 'value': 36}, {'type': 30, 'value': 32}]}"
1200607646,MEDIUM,,1,10704100,5630700,"{'id': 171449, 'context': 13, 'bonus_lists': [6893], 'modifiers': [{'type': 9, 'value': 60}, {'type': 28, 'value': 391}, {'type': 29, 'value': 36}, {'type': 30, 'value': 40}]}"
1200607649,MEDIUM,,1,12249800,6124900,"{'id': 171391, 'context': 13, 'bonus_lists': [6884], 'modifiers': [{'type': 9, 'value': 60}, {'type': 28, 'value': 391}, {'type': 29, 'value': 32}, {'type': 30, 'value': 49}]}"
1200607651,MEDIUM,,1,12249800,6124900,"{'id': 171391, 'context': 13, 'bonus_lists': [6884], 'modifiers': [{'type': 9, 'value': 60}, {'type': 28, 'value': 391}, {'type': 29, 'value': 36}, {'type': 30, 'value': 49}]}"
1200607654,MEDIUM,,1,12249800,6124900,"{'id': 171391, 'context': 13, 'bonus_lists': [6884], 'modifiers': [{'type': 9, 'value': 60}, {'type': 28, 'value': 391}, {'type': 29, 'value': 36}, {'type': 30, 'value': 32}]}"
1200607655,MEDIUM,,1,17204300,15483100,"{'id': 173428, 'context': 13, 'modifiers': [{'type': 29, 'value': 49}, {'type': 30, 'value': 32}]}"
1200607657,MEDIUM,6227100,142,,,{'id': 173172}
1200607810,VERY_LONG,388800,1111,,,{'id': 168589}
1200607821,VERY_LONG,,1,199990000,,"{'id': 82800, 'context': 0, 'modifiers': [{'type': 6, 'value': 81219}], 'pet_breed_id': 10, 'pet_level': 1, 'pet_quality_id': 2, 'pet_species_id': 2421}"
1200607831,VERY_LONG,,1,296000000,,"{'id': 82800, 'context': 0, 'modifiers': [{'type': 6, 'value': 93747}], 'pet_breed_id': 4, 'pet_level': 1, 'pet_quality_id': 2, 'pet_species_id': 2934}"
1200607834,VERY_LONG,,1,99970000,,"{'id': 82800, 'context': 0, 'modifiers': [{'type': 6, 'value': 22389}], 'pet_breed_id': 3, 'pet_level': 1, 'pet_quality_id': 3, 'pet_species_id': 164}"
1200607835,VERY_LONG,388800,1111,,,{'id': 168589}
1200607842,VERY_LONG,,1,51845500,,"{'id': 82800, 'context': 0, 'modifiers': [{'type': 6, 'value': 29810}], 'pet_breed_id': 3, 'pet_level': 1, 'pet_quality_id': 2, 'pet_species_id': 237}"
1200607849,VERY_LONG,,1,256000000,,"{'id': 82800, 'context': 0, 'modifiers': [{'type': 6, 'value': 84157}], 'pet_breed_id': 10, 'pet_level': 1, 'pet_quality_id': 2, 'pet_species_id': 2439}"
1200607860,VERY_LONG,388800,1111,,,{'id': 168589}
1200607874,VERY_LONG,388800,1111,,,{'id': 168589}
1200607875,VERY_LONG,,1,295979500,,"{'id': 82800, 'context': 0, 'modifiers': [{'type': 6, 'value': 99890}], 'pet_breed_id': 11, 'pet_level': 1, 'pet_quality_id': 2, 'pet_species_id': 2903}"
1200607887,VERY_LONG,,1,106000000,,"{'id': 82800, 'context': 0, 'modifiers': [{'type': 6, 'value': 99856}], 'pet_breed_id': 9, 'pet_level': 1, 'pet_quality_id': 2, 'pet_species_id': 2946}"
1200607891,VERY_LONG,88500,1111,,,{'id': 169701}
1200607905,VERY_LONG,88500,1111,,,{'id': 169701}
1200607919,VERY_LONG,88500,838,,,{'id': 169701}
1200607930,VERY_LONG,510000,1111,,,{'id': 171315}
1200607942,VERY_LONG,510000,11,,,{'id': 171315}
1200607970,VERY_LONG,388800,1111,,,{'id': 168589}
1200608027,VERY_LONG,388800,1111,,,{'id': 168589}
1200608041,VERY_LONG,388800,1111,,,{'id': 168589}
1200608060,VERY_LONG,,1,7999900,,"{'id': 82800, 'context': 0, 'modifiers': [{'type': 6, 'value': 48056}], 'pet_breed_id': 5, 'pet_level': 1, 'pet_quality_id': 3, 'pet_species_id': 1212}"
1200608061,VERY_LONG,,1,55000000,,"{'id': 12988, 'context': 0, 'bonus_lists': [6658], 'modifiers': [{'type': 9, 'value': 24}, {'type': 28, 'value': 13}]}"
1200608062,VERY_LONG,388800,1111,,,{'id': 168589}
1200608063,VERY_LONG,1009700,143,,,{'id': 171289}
1200608064,VERY_LONG,,1,17500000,,"{'id': 10385, 'context': 0, 'bonus_lists': [6654, 1678], 'modifiers': [{'type': 9, 'value': 30}, {'type': 28, 'value': 1005}]}"
1200608066,VERY_LONG,,1,165909800,,"{'id': 82800, 'context': 0, 'modifiers': [{'type': 6, 'value': 99894}], 'pet_breed_id': 18, 'pet_level': 1, 'pet_quality_id': 2, 'pet_species_id': 2928}"
1200608068,VERY_LONG,,1,4009700,,"{'id': 82800, 'context': 0, 'modifiers': [{'type': 6, 'value': 90028}], 'pet_breed_id': 9, 'pet_level': 1, 'pet_quality_id': 2, 'pet_species_id': 2538}"
1200608070,VERY_LONG,,1,8009400,,"{'id': 82800, 'context': 0, 'modifiers': [{'type': 6, 'value': 28502}], 'pet_breed_id': 5, 'pet_level': 1, 'pet_quality_id': 3, 'pet_species_id': 1511}"
1200608071,VERY_LONG,,1,28520000,,"{'id': 55724, 'context': 0, 'bonus_lists': [6654, 1716], 'modifiers': [{'type': 9, 'value': 35}, {'type': 28, 'value': 52}]}"
1200608073,VERY_LONG,,1,16000000,,"{'id': 10087, 'context': 0, 'bonus_lists': [6654, 1693], 'modifiers': [{'type': 9, 'value': 30}, {'type': 28, 'value': 28}]}"
1200608075,VERY_LONG,,1,53999700,,"{'id': 24939, 'context': 2, 'bonus_lists': [6654, 1692], 'modifiers': [{'type': 9, 'value': 30}, {'type': 28, 'value': 1066}]}"
1200608076,VERY_LONG,,1,12992900,,"{'id': 82800, 'context': 0, 'modifiers': [{'type': 6, 'value': 9905}], 'pet_breed_id': 7, 'pet_level': 1, 'pet_quality_id': 3, 'pet_species_id': 286}"
1200608077,VERY_LONG,,1,29331300,,"{'id': 10250, 'context': 1, 'bonus_lists': [6654, 1707], 'modifiers': [{'type': 9, 'value': 30}, {'type': 28, 'value': 205}]}"
1200608081,VERY_LONG,,1,16484000,,"{'id': 82800, 'context': 0, 'modifiers': [{'type': 6, 'value': 45274}], 'pet_breed_id': 4, 'pet_level': 1, 'pet_quality_id': 3, 'pet_species_id': 2585}"
1200608082,VERY_LONG,,1,36439100,,"{'id': 10118, 'context': 1, 'bonus_lists': [6654, 1706], 'modifiers': [{'type': 9, 'value': 30}, {'type': 28, 'value': 205}]}"
1200608084,VERY_LONG,,1,28714300,,"{'id': 24647, 'context': 2, 'bonus_lists': [6654, 1694], 'modifiers': [{'type': 9, 'value': 30}, {'type': 28, 'value': 1064}]}"
1200608085,VERY_LONG,,1,8998000,,"{'id': 82800, 'context': 0, 'modifiers': [{'type': 6, 'value': 90173}], 'pet_breed_id': 11, 'pet_level': 1, 'pet_quality_id': 3, 'pet_species_id': 2552}"
1200608086,VERY_LONG,2000000,2,,,{'id': 36919}
1200608087,VERY_LONG,,1,4009600,,"{'id': 82800, 'context': 0, 'modifiers': [{'type': 6, 'value': 90715}], 'pet_breed_id': 14, 'pet_level': 1, 'pet_quality_id': 3, 'pet_species_id': 2580}"
1200608090,VERY_LONG,,1,45091200,,"{'id': 15144, 'context': 1, 'bonus_lists': [6654, 1680], 'modifiers': [{'type': 9, 'value': 30}, {'type': 28, 'value': 280}]}"
1200608092,VERY_LONG,,1,9499800,,"{'id': 10266, 'context': 0, 'bonus_lists': [6654, 1705], 'modifiers': [{'type': 9, 'value': 30}, {'type': 28, 'value': 1005}]}"
1200608094,VERY_LONG,,1,22610500,,"{'id': 82800, 'context': 0, 'modifiers': [{'type': 6, 'value': 65087}], 'pet_breed_id': 14, 'pet_level': 1, 'pet_quality_id': 3, 'pet_species_id': 1716}"
1200608097,VERY_LONG,,1,17999900,,"{'id': 121159, 'context': 0, 'bonus_lists': [1812, 1698], 'modifiers': [{'type': 9, 'value': 41}]}"
1200608099,VERY_LONG,756400,42,,,{'id': 171288}
1200610102,VERY_LONG,,1,21968500,,"{'id': 82800, 'context': 0, 'modifiers': [{'type': 6, 'value': 95174}], 'pet_breed_id': 7, 'pet_level': 1, 'pet_quality_id': 3, 'pet_species_id': 2834}"
1200610108,VERY_LONG,,1,45999900,,"{'id': 87474, 'context': 0, 'bonus_lists': [6659], 'modifiers': [{'type': 9, 'value': 35}, {'type': 28, 'value': 1035}]}"
1200610112,VERY_LONG,388800,1111,,,{'id': 168589}
1200610113,VERY_LONG,,1,19979700,,"{'id': 82800, 'context': 0, 'modifiers': [{'type': 6, 'value': 48878}], 'pet_breed_id': 5, 'pet_level': 1, 'pet_quality_id': 3, 'pet_species_id': 1226}"
1200610116,VERY_LONG,,1,14414000,,"{'id': 82800, 'context': 0, 'modifiers': [{'type': 6, 'value': 61891}], 'pet_breed_id': 12, 'pet_level': 1, 'pet_quality_id': 3, 'pet_species_id': 1626}"
1200610118,VERY_LONG,,1,6491900,,"{'id': 82800, 'context': 0, 'modifiers': [{'type': 6, 'value': 71835}], 'pet_breed_id': 8, 'pet_level': 1, 'pet_quality_id': 3, 'pet_species_id': 1721}"
1200610121,VERY_LONG,,1,90000000,,"{'id': 2957, 'context': 0, 'bonus_lists': [6654], 'modifiers': [{'type': 9, 'value': 30}, {'type': 28, 'value': 6}]}"
1200610123,VERY_LONG,,1,32000000,,"{'id': 14364, 'context': 0, 'bonus_lists': [6654], 'modifiers': [{'type': 9, 'value': 18}, {'type': 28, 'value': 12}]}"
1200610124,VERY_LONG,,1,886800,,"{'id': 82800, 'context': 0, 'modifiers': [{'type': 6, 'value': 48213}], 'pet_breed_id': 19, 'pet_level': 1, 'pet_quality_id': 3, 'pet_species_id': 1205}"
1200610127,VERY_LONG,,1,59999800,,"{'id': 31222, 'context': 2, 'bonus_lists': [6658], 'modifiers': [{'type': 9, 'value': 30}, {'type': 28, 'value': 1078}]}"
1200610129,VERY_LONG,,1,25000000,,"{'id': 8487, 'context': 14}"
1200610131,VERY_LONG,,1,51000000,,"{'id': 106403, 'context': 0, 'bonus_lists': [6654, 152], 'modifiers': [{'type': 9, 'value': 40}, {'type': 28, 'value': 63}]}"
1200610132,VERY_LONG,,1,499900,,"{'id': 82800, 'context': 0, 'modifiers': [{'type': 6, 'value': 5369}], 'pet_breed_id': 21, 'pet_level': 1, 'pet_quality_id': 2, 'pet_species_id': 52}"
1200610135,VERY_LONG,17000,4000,,,{'id': 173032}
1200610137,VERY_LONG,,1,1623800,,"{'id': 82800, 'context': 0, 'modifiers': [{'type': 6, 'value': 63446}], 'pet_breed_id': 14, 'pet_level': 1, 'pet_quality_id': 3, 'pet_species_id': 1662}"
1200610139,VERY_LONG,,1,199999700,,"{'id': 164399, 'context': 14, 'modifiers': [{'type': 28, 'value': 186}]}"
1200610140,VERY_LONG,,1,22328500,,"{'id': 15386, 'context': 1, 'bonus_lists': [6654, 1694], 'modifiers': [{'type': 9, 'value': 30}, {'type': 28, 'value': 218}]}"
1200610142,VERY_LONG,,1,17009100,,"{'id': 82800, 'context': 0, 'modifiers': [{'type': 6, 'value': 8910}], 'pet_breed_id': 7, 'pet_level': 1, 'pet_quality_id': 2, 'pet_species_id': 86}"
1200610144,VERY_LONG,,1,6989800,,"{'id': 82800, 'context': 0, 'modifiers': [{'type': 6, 'value': 95141}], 'pet_breed_id': 8, 'pet_level': 1, 'pet_quality_id': 3, 'pet_species_id': 2832}"
1200610147,VERY_LONG,,1,85000000,,"{'id': 63538, 'context': 0, 'modifiers': [{'type': 28, 'value': 1026}]}"
1200610148,VERY_LONG,40000,3,,,{'id': 173108}
1200610149,VERY_LONG,,1,9862600,,"{'id': 82800, 'context': 0, 'modifiers': [{'type': 6, 'value': 86229}], 'pet_breed_id': 5, 'pet_level': 1, 'pet_quality_id': 2, 'pet_species_id': 2190}"
1200610151,VERY_LONG,,1,45000000,,"{'id': 116590, 'context': 0, 'bonus_lists': [6655, 121, 550], 'modifiers': [{'type': 9, 'value': 42}]}"
1200610153,VERY_LONG,,1,3769700,,"{'id': 82800, 'context': 0, 'modifiers': [{'type': 6, 'value': 20029}], 'pet_breed_id': 16, 'pet_level': 1, 'pet_quality_id': 2, 'pet_species_id': 145}"
1200610154,VERY_LONG,,1,52499800,,"{'id': 106649, 'context': 0, 'bonus_lists': [6654, 101], 'modifiers': [{'type': 9, 'value': 40}, {'type': 28, 'value': 67}]}"
1200610156,VERY_LONG,,1,64989500,,"{'id': 82800, 'context': 0, 'modifiers': [{'type': 6, 'value': 88019}], 'pet_breed_id': 11, 'pet_level': 1, 'pet_quality_id': 3, 'pet_species_id': 2696}"
1200610157,VERY_LONG,,1,43999800,,"{'id': 13082, 'context': 53, 'bonus_lists': [4273], 'modifiers': [{'type': 9, 'value': 30}]}"
1200610160,VERY_LONG,,1,13000300,,"{'id': 82800, 'context': 0, 'modifiers': [{'type': 6, 'value': 73671}], 'pet_breed_id': 4, 'pet_level': 1, 'pet_quality_id': 3, 'pet_species_id': 1955}"
1200610162,VERY_LONG,,1,43999800,,"{'id': 14233, 'context': 0, 'bonus_lists': [6654, 1677], 'modifiers': [{'type': 9, 'value': 30}, {'type': 28, 'value': 21}]}"
1200610164,VERY_LONG,,1,6959700,,"{'id': 82800, 'context': 0, 'modifiers': [{'type': 6, 'value': 99917}], 'pet_breed_id': 15, 'pet_level': 1, 'pet_quality_id': 2, 'pet_species_id': 3008}"
1200610167,VERY_LONG,388800,1111,,,{'id': 168589}
1200610171,MEDIUM,5000000,401,,,{'id': 171833}
1200610172,VERY_LONG,50000,2,,,{'id': 173110}
1200610173,MEDIUM,,1,10008900,5004500,"{'id': 171383, 'context': 13, 'modifiers': [{'type': 29, 'value': 36}, {'type': 30, 'value': 40}]}"
1200610174,MEDIUM,,1,10008900,5004500,"{'id': 171383, 'context': 13, 'modifiers': [{'type': 29, 'value': 32}, {'type': 30, 'value': 36}]}"
1200610175,MEDIUM,,1,10008900,5004500,"{'id': 171383, 'context': 13, 'modifiers': [{'type': 29, 'value': 40}, {'type': 30, 'value': 32}]}"
1200610179,MEDIUM,1199500,128,,,{'id': 173056}
1200610183,MEDIUM,1100,1131,,,{'id': 171840}
1200610184,MEDIUM,10900,3600,,,{'id': 172052}
1200610186,MEDIUM,,1,600004800,510004100,"{'id': 171413, 'context': 66, 'bonus_lists': [6758, 1532]}"
1200610188,MEDIUM,,1,249999500,212499600,"{'id': 171413, 'context': 65, 'bonus_lists': [6718, 1522]}"
1200610189,MEDIUM,,1,249999500,212499600,"{'id': 171413, 'context': 65, 'bonus_lists': [6718, 1522]}"
1200610199,MEDIUM,,1,176000000,149600000,"{'id': 171413, 'context': 63, 'bonus_lists': [6716, 1487]}"
1200610200,MEDIUM,,1,176000000,149600000,"{'id': 171413, 'context': 63, 'bonus_lists': [6716, 1487]}"
1200610202,MEDIUM,7649900,5,,,{'id': 173161}
1200610204,MEDIUM,200000,1,,,{'id': 182737}
1200610205,VERY_LONG,388800,1111,,,{'id': 168589}
1200610207,MEDIUM,,1,3436800,1718400,"{'id': 171380, 'context': 13, 'bonus_lists': [6885], 'modifiers': [{'type': 9, 'value': 60}, {'type': 28, 'value': 391}, {'type': 29, 'value': 36}, {'type': 30, 'value': 49}]}"
1200610209,MEDIUM,,1,3436800,1718400,"{'id': 171380, 'context': 13, 'bonus_lists': [6885], 'modifiers': [{'type': 9, 'value': 60}, {'type': 28, 'value': 391}, {'type': 29, 'value': 36}, {'type': 30, 'value': 32}]}"
1200610210,MEDIUM,,1,3436800,1718400,"{'id': 171380, 'context': 13, 'bonus_lists': [6885], 'modifiers': [{'type': 9, 'value': 60}, {'type': 28, 'value': 391}, {'type': 29, 'value': 49}, {'type': 30, 'value': 36}]}"
1200610215,VERY_LONG,70000,66,,,{'id': 22450}
1200610217,MEDIUM,2259000,5,,,{'id': 172411}
1200610218,MEDIUM,679700,5,,,{'id': 172406}
1200610219,MEDIUM,,1,134009500,113908100,"{'id': 173248, 'context': 64, 'bonus_lists': [6717, 7193, 1507]}"
1200610220,MEDIUM,,1,134009500,113908100,"{'id': 173248, 'context': 64, 'bonus_lists': [6717, 7194, 1507]}"
1200610221,MEDIUM,,1,199999900,169999900,"{'id': 171414, 'context': 64, 'bonus_lists': [6717, 1507]}"
1200610223,MEDIUM,,1,199999900,169999900,"{'id': 171414, 'context': 64, 'bonus_lists': [6717, 1507]}"
1200610227,MEDIUM,,1,960100,830600,"{'id': 172248, 'context': 13, 'bonus_lists': [6885], 'modifiers': [{'type': 9, 'value': 51}, {'type': 28, 'value': 391}, {'type': 29, 'value': 32}, {'type': 30, 'value': 40}]}"
1200610232,MEDIUM,,1,10937900,10185500,"{'id': 172258, 'context': 13, 'bonus_lists': [6893], 'modifiers': [{'type': 9, 'value': 51}, {'type': 28, 'value': 391}, {'type': 29, 'value': 49}, {'type': 30, 'value': 32}]}"
1200610234,MEDIUM,29800,13,,,{'id': 173192}
1200610235,VERY_LONG,10000,3,,,{'id': 115504}
1200610236,MEDIUM,7300,200,,,{'id': 173032}
1200610238,MEDIUM,,1,7919300,6199200,"{'id': 172253, 'context': 13, 'bonus_lists': [6893], 'modifiers': [{'type': 9, 'value': 51}, {'type': 28, 'value': 391}, {'type': 29, 'value': 32}, {'type': 30, 'value': 49}]}"
1200610239,MEDIUM,,1,99008600,88390900,"{'id': 171419, 'context': 64, 'bonus_lists': [6717, 7193, 1507]}"
1200610245,MEDIUM,,1,5002700,3020500,"{'id': 172348, 'context': 13, 'modifiers': [{'type': 29, 'value': 49}, {'type': 30, 'value': 40}]}"
1200610248,MEDIUM,15996700,5,,,{'id': 173163}
1200610249,MEDIUM,16500,380,,,{'id': 177061}
1200610250,MEDIUM,2254900,2,,,{'id': 172366}
1200610255,VERY_LONG,2190000,5,,,{'id': 21886}
1200610256,MEDIUM,,1,3509400,3102000,"{'id': 172260, 'context': 13, 'bonus_lists': [6893], 'modifiers': [{'type': 9, 'value': 51}, {'type': 28, 'value': 391}, {'type': 29, 'value': 36}, {'type': 30, 'value': 49}]}"
1200610257,MEDIUM,19000,724,,,{'id': 179315}
1200610260,MEDIUM,1463800,5,,,{'id': 172904}
1200610265,MEDIUM,1348700,1,,,{'id': 177661}
1200610267,MEDIUM,,1,10704100,5630700,"{'id': 171449, 'context': 13, 'bonus_lists': [6893], 'modifiers': [{'type': 9, 'value': 60}, {'type': 28, 'value': 391}, {'type': 29, 'value': 32}, {'type': 30, 'value': 49}]}"
1200610268,MEDIUM,,1,10704100,5630700,"{'id': 171449, 'context': 13, 'bonus_lists': [6893], 'modifiers': [{'type': 9, 'value': 60}, {'type': 28, 'value': 391}, {'type': 29, 'value': 32}, {'type': 30, 'value': 40}]}"
1200610269,MEDIUM,477800,2781,,,{'id': 168589}
1200610271,VERY_LONG,388800,1111,,,{'id': 168589}
1200610273,VERY_LONG,1291300,1,,,{'id': 172439}
1200610275,MEDIUM,,1,3947700,2858700,"{'id': 172257, 'context': 13, 'bonus_lists': [6893], 'modifiers': [{'type': 9, 'value': 51}, {'type': 28, 'value': 391}, {'type': 29, 'value': 32}, {'type': 30, 'value': 40}]}"
1200610277,MEDIUM,166500,2800,,,{'id': 171829}
1200610280,MEDIUM,440000,30,,,{'id': 154884}
1200610281,MEDIUM,999900,27,,,{'id': 172936}
1200610282,MEDIUM,,1,7000400,5334000,"{'id': 173220, 'context': 0, 'bonus_lists': [6893], 'modifiers': [{'type': 9, 'value': 60}, {'type': 28, 'value': 391}, {'type': 29, 'value': 40}, {'type': 30, 'value': 36}]}"
1200610283,MEDIUM,,1,7000400,5334000,"{'id': 173220, 'context': 0, 'bonus_lists': [6893], 'modifiers': [{'type': 9, 'value': 60}, {'type': 28, 'value': 391}, {'type': 29, 'value': 40}, {'type': 30, 'value': 49}]}"
1200610285,MEDIUM,,1,199000000,169150000,"{'id': 171417, 'context': 63, 'bonus_lists': [6716, 1487]}"
1200610286,MEDIUM,,1,229999900,195499900,"{'id': 171417, 'context': 65, 'bonus_lists': [6718, 1522]}"
1200610288,MEDIUM,,1,49998600,24999300,"{'id': 173054, 'context': 13, 'modifiers': [{'type': 29, 'value': 40}, {'type': 30, 'value': 49}]}"
1200610291,MEDIUM,3476700,40,,,{'id': 171270}
1200610293,MEDIUM,,1,199899900,185838300,"{'id': 171418, 'context': 65, 'bonus_lists': [6718, 7193, 1522]}"
1200610297,MEDIUM,,1,199899900,185838300,"{'id': 171418, 'context': 65, 'bonus_lists': [6718, 7193, 1522]}"
1200610299,VERY_LONG,388800,1111,,,{'id': 168589}
1200610302,VERY_LONG,7990000,1,,,{'id': 172370}
1200610326,VERY_LONG,388800,1111,,,{'id': 168589}
1200610327,VERY_LONG,300000,4,,,{'id': 22578}
1200610352,VERY_LONG,388800,1111,,,{'id': 168589}
1200610393,VERY_LONG,388800,838,,,{'id': 168589}
1200610408,VERY_LONG,1000,7,,,{'id': 151567}
1200610427,VERY_LONG,10000,120,,,{'id': 22447}
1200610460,VERY_LONG,7000000,4,,,{'id': 172370}
1200610552,VERY_LONG,5500000,1,,,{'id': 31894}
1200610559,VERY_LONG,,1,47499200,,"{'id': 40362, 'context': 0, 'modifiers': [{'type': 28, 'value': 1017}]}"
1200610562,VERY_LONG,,1,8979700,,"{'id': 82800, 'context': 0, 'modifiers': [{'type': 6, 'value': 8909}], 'pet_breed_id': 9, 'pet_level': 1, 'pet_quality_id': 2, 'pet_species_id': 85}"
1200610564,VERY_LONG,,1,14000000,,"{'id': 24701, 'context': 0, 'bonus_lists': [6654, 1709], 'modifiers': [{'type': 9, 'value': 27}, {'type': 28, 'value': 38}]}"
1200610566,VERY_LONG,,1,270000000,,"{'id': 164566, 'context': 14, 'modifiers': [{'type': 28, 'value': 186}]}"
1200610569,VERY_LONG,,1,219900,,"{'id': 82800, 'context': 0, 'modifiers': [{'type': 6, 'value': 15904}], 'pet_breed_id': 3, 'pet_level': 1, 'pet_quality_id': 2, 'pet_species_id': 118}"
1200610571,VERY_LONG,,1,3765700,,"{'id': 82800, 'context': 0, 'modifiers': [{'type': 6, 'value': 22776}], 'pet_breed_id': 3, 'pet_level': 1, 'pet_quality_id': 2, 'pet_species_id': 191}"
1200610572,VERY_LONG,,1,30000000,,"{'id': 15598, 'context': 1, 'bonus_lists': [6654, 1708], 'modifiers': [{'type': 9, 'value': 18}, {'type': 28, 'value': 1914}]}"
1200610573,VERY_LONG,,1,6533800,,"{'id': 106703, 'context': 29, 'bonus_lists': [3854, 101], 'modifiers': [{'type': 9, 'value': 43}]}"
1200610575,VERY_LONG,,1,21000000,,"{'id': 2981, 'context': 0, 'bonus_lists': [6654], 'modifiers': [{'type': 9, 'value': 21}, {'type': 28, 'value': 13}]}"
1200610578,VERY_LONG,608600,38,,,{'id': 171292}
1200610580,VERY_LONG,17000,4000,,,{'id': 173032}
1200610582,VERY_LONG,498900,608,,,{'id': 173033}
1200610584,VERY_LONG,4999800,41,,,{'id': 175788}
1200610587,VERY_LONG,,1,34999900,,"{'id': 66970, 'context': 0, 'bonus_lists': [6658], 'modifiers': [{'type': 9, 'value': 35}, {'type': 28, 'value': 165}]}"
1200610590,VERY_LONG,,1,112500000,,"{'id': 15557, 'context': 1, 'bonus_lists': [6654, 1678], 'modifiers': [{'type': 9, 'value': 30}, {'type': 28, 'value': 281}]}"
1200610593,VERY_LONG,,1,12999800,,"{'id': 82800, 'context': 0, 'modifiers': [{'type': 6, 'value': 88040}], 'pet_breed_id': 14, 'pet_level': 1, 'pet_quality_id': 2, 'pet_species_id': 2464}"
1200610596,VERY_LONG,,1,24500000,,"{'id': 9934, 'context': 54, 'bonus_lists': [1707, 4277], 'modifiers': [{'type': 9, 'value': 45}]}"
1200610598,VERY_LONG,,1,52500000,,"{'id': 15164, 'context': 1, 'bonus_lists': [6654, 1677], 'modifiers': [{'type': 9, 'value': 30}, {'type': 28, 'value': 218}]}"
1200610600,VERY_LONG,,1,5999900,,"{'id': 36669, 'context': 0, 'bonus_lists': [1681]}"
1200610604,VERY_LONG,,1,30008700,,"{'id': 82800, 'context': 0, 'modifiers': [{'type': 6, 'value': 94706}], 'pet_breed_id': 6, 'pet_level': 1, 'pet_quality_id': 3, 'pet_species_id': 2833}"
1200610606,VERY_LONG,,1,69999900,,"{'id': 55468, 'context': 3, 'bonus_lists': [6655, 1684], 'modifiers': [{'type': 9, 'value': 35}, {'type': 28, 'value': 1029}]}"
1200610607,VERY_LONG,,1,21520800,,"{'id': 82800, 'context': 0, 'modifiers': [{'type': 6, 'value': 37949}], 'pet_breed_id': 18, 'pet_level': 1, 'pet_quality_id': 3, 'pet_species_id': 1927}"
1200610608,VERY_LONG,,1,15526200,,"{'id': 2989, 'context': 0, 'bonus_lists': [6654], 'modifiers': [{'type': 9, 'value': 19}, {'type': 28, 'value': 10}]}"
1200610609,VERY_LONG,,1,60000000,,"{'id': 36352, 'context': 2, 'bonus_lists': [6654, 1693], 'modifiers': [{'type': 9, 'value': 30}, {'type': 28, 'value': 1096}]}"
1200610611,VERY_LONG,,1,80000000,,"{'id': 94595, 'context': 0, 'modifiers': [{'type': 28, 'value': 61}]}"
1200610613,VERY_LONG,,1,33330000,,"{'id': 6511, 'context': 0, 'bonus_lists': [6654], 'modifiers': [{'type': 9, 'value': 18}, {'type': 28, 'value': 4}]}"
1200610615,VERY_LONG,,1,19999200,,"{'id': 24865, 'context': 0, 'bonus_lists': [6654, 1707], 'modifiers': [{'type': 9, 'value': 30}, {'type': 28, 'value': 39}]}"
1200610616,VERY_LONG,,1,7979900,,"{'id': 7528, 'context': 0, 'bonus_lists': [6654, 1679], 'modifiers': [{'type': 9, 'value': 30}, {'type': 28, 'value': 29}]}"
1200610620,VERY_LONG,27300,2286,,,{'id': 172054}
1200610621,VERY_LONG,,1,5001400,,"{'id': 82800, 'context': 0, 'modifiers': [{'type': 6, 'value': 60732}], 'pet_breed_id': 17, 'pet_level': 1, 'pet_quality_id': 3, 'pet_species_id': 1564}"
1200610623,VERY_LONG,,1,13248400,,"{'id': 82800, 'context': 0, 'modifiers': [{'type': 6, 'value': 90181}], 'pet_breed_id': 17, 'pet_level': 1, 'pet_quality_id': 3, 'pet_species_id': 2557}"
1200610626,VERY_LONG,,1,35007700,,"{'id': 82800, 'context': 0, 'modifiers': [{'type': 6, 'value': 81984}], 'pet_breed_id': 3, 'pet_level': 1, 'pet_quality_id': 3, 'pet_species_id': 2157}"
1200610628,VERY_LONG,,1,10009500,,"{'id': 82800, 'context': 0, 'pet_breed_id': 18, 'pet_level': 1, 'pet_quality_id': 3, 'pet_species_id': 1962}"
1200610631,VERY_LONG,,1,11000000,,"{'id': 82800, 'context': 0, 'pet_breed_id': 13, 'pet_level': 1, 'pet_quality_id': 3, 'pet_species_id': 1958}"
1200610635,VERY_LONG,,1,14999900,,"{'id': 82067, 'context': 2, 'bonus_lists': [6654, 1714], 'modifiers': [{'type': 9, 'value': 35}, {'type': 28, 'value': 1126}]}"
1200610638,VERY_LONG,,1,29999800,,"{'id': 36548, 'context': 0, 'bonus_lists': [6655, 1678], 'modifiers': [{'type': 9, 'value': 30}, {'type': 28, 'value': 46}]}"
1200610675,VERY_LONG,102900,41,,,{'id': 76136}
1200610695,VERY_LONG,93500,42,,,{'id': 76134}
1200610706,VERY_LONG,345100,36,,,{'id': 76137}
1200610717,VERY_LONG,104900,34,,,{'id': 76133}
1200610723,VERY_LONG,50900,48,,,{'id': 76135}
1200610735,VERY_LONG,435700,30,,,{'id': 76130}
1200610751,VERY_LONG,119700,10,,,{'id': 76141}
1200610769,VERY_LONG,168900,8,,,{'id': 76140}
1200610866,VERY_LONG,,1,14479900,,"{'id': 121112, 'context': 0, 'bonus_lists': [6654, 1679], 'modifiers': [{'type': 9, 'value': 40}, {'type': 28, 'value': 334}]}"
1200610869,VERY_LONG,,1,2765000,,"{'id': 82800, 'context': 0, 'modifiers': [{'type': 6, 'value': 46903}], 'pet_breed_id': 7, 'pet_level': 1, 'pet_quality_id': 3, 'pet_species_id': 1151}"
1200610871,VERY_LONG,,1,8999700,,"{'id': 82138, 'context': 2, 'bonus_lists': [6654, 1709], 'modifiers': [{'type': 9, 'value': 35}, {'type': 28, 'value': 1129}]}"
1200610873,VERY_LONG,,1,87499900,,"{'id': 86185, 'context': 0}"
1200610876,VERY_LONG,,1,19989700,,"{'id': 82800, 'context': 0, 'modifiers': [{'type': 6, 'value': 98457}], 'pet_breed_id': 19, 'pet_level': 1, 'pet_quality_id': 2, 'pet_species_id': 3020}"
1200610879,VERY_LONG,,1,55000000,,"{'id': 94190, 'context': 11, 'modifiers': [{'type': 28, 'value': 168}]}"
1200610883,VERY_LONG,,1,158399900,,"{'id': 116493, 'context': 0, 'bonus_lists': [6655, 104], 'modifiers': [{'type': 9, 'value': 40}, {'type': 28, 'value': 63}]}"
1200610884,VERY_LONG,,1,7991700,,"{'id': 82800, 'context': 0, 'modifiers': [{'type': 6, 'value': 61896}], 'pet_breed_id': 9, 'pet_level': 1, 'pet_quality_id': 3, 'pet_species_id': 1632}"
1200610886,VERY_LONG,,1,41999800,,"{'id': 36137, 'context': 2, 'bonus_lists': [6654, 1707], 'modifiers': [{'type': 9, 'value': 30}, {'type': 28, 'value': 1096}]}"
1200610891,VERY_LONG,,1,29999600,,"{'id': 82800, 'context': 0, 'modifiers': [{'type': 6, 'value': 39109}], 'pet_breed_id': 13, 'pet_level': 1, 'pet_quality_id': 2, 'pet_species_id': 340}"
1200610894,VERY_LONG,,1,549999900,,"{'id': 71332, 'context': 0}"
1200610899,VERY_LONG,,1,8863600,,"{'id': 82800, 'context': 0, 'modifiers': [{'type': 6, 'value': 58736}], 'pet_breed_id': 18, 'pet_level': 1, 'pet_quality_id': 2, 'pet_species_id': 1515}"
1200610901,VERY_LONG,,1,469700,,"{'id': 82800, 'context': 0, 'modifiers': [{'type': 6, 'value': 27718}], 'pet_breed_id': 17, 'pet_level': 1, 'pet_quality_id': 2, 'pet_species_id': 90}"
1200610903,VERY_LONG,,1,149999700,,"{'id': 106617, 'context': 0, 'bonus_lists': [6654, 155], 'modifiers': [{'type': 9, 'value': 40}, {'type': 28, 'value': 66}]}"
1200610906,VERY_LONG,,1,2189900,,"{'id': 82800, 'context': 0, 'modifiers': [{'type': 6, 'value': 13610}], 'pet_breed_id': 3, 'pet_level': 1, 'pet_quality_id': 2, 'pet_species_id': 117}"
1200610907,VERY_LONG,110000,30,,,{'id': 173108}
1200610912,VERY_LONG,184500,113,,,{'id': 171829}
1200610916,VERY_LONG,,1,39999700,,"{'id': 106499, 'context': 29, 'bonus_lists': [4503, 52], 'modifiers': [{'type': 9, 'value': 40}]}"
1200610918,VERY_LONG,,1,57999900,,"{'id': 14434, 'context': 1, 'bonus_lists': [6654], 'modifiers': [{'type': 9, 'value': 30}, {'type': 28, 'value': 218}]}"
1200610921,VERY_LONG,19900,35,,,{'id': 72988}
1200610922,VERY_LONG,,1,29999900,,"{'id': 82800, 'context': 0, 'modifiers': [{'type': 6, 'value': 87871}], 'pet_breed_id': 6, 'pet_level': 1, 'pet_quality_id': 3, 'pet_species_id': 2434}"
1200610924,VERY_LONG,,1,49999500,,"{'id': 82800, 'context': 0, 'modifiers': [{'type': 6, 'value': 99923}], 'pet_breed_id': 8, 'pet_level': 1, 'pet_quality_id': 2, 'pet_species_id': 3034}"
1200610925,VERY_LONG,,1,59999900,,"{'id': 82800, 'context': 0, 'modifiers': [{'type': 6, 'value': 99908}], 'pet_breed_id': 4, 'pet_level': 1, 'pet_quality_id': 3, 'pet_species_id': 2961}"
1200610927,VERY_LONG,,1,2778700,,"{'id': 82800, 'context': 0, 'modifiers': [{'type': 6, 'value': 58722}], 'pet_breed_id': 17, 'pet_level': 1, 'pet_quality_id': 3, 'pet_species_id': 1416}"
1200610929,VERY_LONG,,1,28000000,,"{'id': 40305, 'context': 0, 'modifiers': [{'type': 28, 'value': 1017}]}"
1200610933,VERY_LONG,,1,49933800,,"{'id': 82800, 'context': 0, 'modifiers': [{'type': 6, 'value': 97089}], 'pet_breed_id': 20, 'pet_level': 1, 'pet_quality_id': 2, 'pet_species_id': 3028}"
1200610936,VERY_LONG,,1,18999000,,"{'id': 7474, 'context': 0, 'bonus_lists': [6654, 1679], 'modifiers': [{'type': 9, 'value': 28}, {'type': 28, 'value': 21}]}"
1200610938,VERY_LONG,27300,2112,,,{'id': 172054}
1200610940,VERY_LONG,,1,34989000,,"{'id': 14410, 'context': 1, 'bonus_lists': [6654], 'modifiers': [{'type': 9, 'value': 30}, {'type': 28, 'value': 281}]}"
1200610943,VERY_LONG,,1,11499600,,"{'id': 9905, 'context': 0, 'bonus_lists': [6654, 1709], 'modifiers': [{'type': 9, 'value': 30}, {'type': 28, 'value': 24}]}"
1200610945,VERY_LONG,,1,8429600,,"{'id': 10168, 'context': 0, 'bonus_lists': [6654, 1709], 'modifiers': [{'type': 9, 'value': 28}, {'type': 28, 'value': 32}]}"
1200610947,VERY_LONG,,1,12458200,,"{'id': 10128, 'context': 0, 'bonus_lists': [6654, 1707], 'modifiers': [{'type': 9, 'value': 30}, {'type': 28, 'value': 31}]}"
1200610950,VERY_LONG,,1,48000000,,"{'id': 36583, 'context': 2, 'bonus_lists': [6655, 1708], 'modifiers': [{'type': 9, 'value': 30}, {'type': 28, 'value': 1087}]}"
1200610951,VERY_LONG,,1,22788800,,"{'id': 10384, 'context': 0, 'bonus_lists': [6654, 1678], 'modifiers': [{'type': 9, 'value': 30}, {'type': 28, 'value': 1004}]}"
1200610965,VERY_LONG,25000,20,,,{'id': 72120}
1200610997,VERY_LONG,405400,1668,,,{'id': 173036}
1200611031,MEDIUM,1100,200,,,{'id': 171840}
1200611035,MEDIUM,8900,800,,,{'id': 172052}
1200611038,MEDIUM,,1,250000000,212500000,"{'id': 171416, 'context': 63, 'bonus_lists': [6716, 1487]}"
1200611039,MEDIUM,,1,250000000,212500000,"{'id': 171416, 'context': 63, 'bonus_lists': [6716, 1487]}"
1200611040,MEDIUM,,1,11248700,5624400,"{'id': 9945, 'context': 54, 'bonus_lists': [1705, 4277], 'modifiers': [{'type': 9, 'value': 25}]}"
1200611043,MEDIUM,,1,13428500,8192000,"{'id': 171443, 'context': 13, 'bonus_lists': [6893], 'modifiers': [{'type': 9, 'value': 60}, {'type': 28, 'value': 391}, {'type': 29, 'value': 32}, {'type': 30, 'value': 40}]}"
1200611046,MEDIUM,946400,46,,,{'id': 172903}
1200611048,MEDIUM,17000,1000,,,{'id': 173032}
1200611052,MEDIUM,,1,7919300,6199200,"{'id': 172253, 'context': 13, 'bonus_lists': [6893], 'modifiers': [{'type': 9, 'value': 51}, {'type': 28, 'value': 391}, {'type': 29, 'value': 32}, {'type': 30, 'value': 36}]}"
1200611054,MEDIUM,,1,7919300,6199200,"{'id': 172253, 'context': 13, 'bonus_lists': [6893], 'modifiers': [{'type': 9, 'value': 51}, {'type': 28, 'value': 391}, {'type': 29, 'value': 32}, {'type': 30, 'value': 49}]}"
1200611055,MEDIUM,,1,7919300,6199200,"{'id': 172253, 'context': 13, 'bonus_lists': [6893], 'modifiers': [{'type': 9, 'value': 51}, {'type': 28, 'value': 391}, {'type': 29, 'value': 40}, {'type': 30, 'value': 32}]}"
1200611058,MEDIUM,568800,4584,,,{'id': 173204}
1200611063,MEDIUM,,1,176000000,149600000,"{'id': 171413, 'context': 63, 'bonus_lists': [6716, 1487]}"
1200611064,MEDIUM,,1,176000000,149600000,"{'id': 171413, 'context': 63, 'bonus_lists': [6716, 1487]}"
1200611074,MEDIUM,,1,2149999600,1074999800,"{'id': 72145, 'context': 14}"
1200611077,MEDIUM,8009600,2,,,{'id': 173160}
1200611078,MEDIUM,,1,18999900,9500000,"{'id': 171382, 'context': 13, 'modifiers': [{'type': 29, 'value': 49}, {'type': 30, 'value': 40}]}"
1200611080,MEDIUM,,1,18999900,9500000,"{'id': 171382, 'context': 13, 'modifiers': [{'type': 29, 'value': 40}, {'type': 30, 'value': 36}]}"
1200611087,MEDIUM,,1,16750000,8375000,"{'id': 180752, 'context': 13}"
1200611089,MEDIUM,,1,5989900,5091400,"{'id': 171418, 'context': 63, 'bonus_lists': [6716, 7194, 1487]}"
1200611092,MEDIUM,,1,199899900,185838300,"{'id': 171418, 'context': 65, 'bonus_lists': [6718, 7193, 1522]}"
1200611094,MEDIUM,,1,199899900,185838300,"{'id': 171418, 'context': 65, 'bonus_lists': [6718, 7194, 1522]}"
1200611096,MEDIUM,,1,2499600,1249800,"{'id': 171381, 'context': 13, 'bonus_lists': [6883], 'modifiers': [{'type': 29, 'value': 40}, {'type': 30, 'value': 32}]}"
1200611099,MEDIUM,,1,10704100,5630700,"{'id': 171449, 'context': 13, 'bonus_lists': [6893], 'modifiers': [{'type': 9, 'value': 60}, {'type': 28, 'value': 391}, {'type': 29, 'value': 40}, {'type': 30, 'value': 49}]}"
1200611100,MEDIUM,,1,22692100,11346100,"{'id': 171384, 'context': 13, 'modifiers': [{'type': 29, 'value': 32}, {'type': 30, 'value': 49}]}"
1200612104,MEDIUM,,1,22692100,11346100,"{'id': 171384, 'context': 13, 'modifiers': [{'type': 29, 'value': 49}, {'type': 30, 'value': 36}]}"
1200612107,VERY_LONG,990000,8,,,{'id': 172055}
1200612108,MEDIUM,166500,413,,,{'id': 171829}
1200612110,MEDIUM,,1,7000400,5334000,"{'id': 173220, 'context': 0, 'bonus_lists': [6893], 'modifiers': [{'type': 9, 'value': 60}, {'type': 28, 'value': 391}, {'type': 29, 'value': 40}, {'type': 30, 'value': 32}]}"
1200612111,MEDIUM,,1,7000400,5334000,"{'id': 173220, 'context': 0, 'bonus_lists': [6893], 'modifiers': [{'type': 9, 'value': 60}, {'type': 28, 'value': 391}, {'type': 29, 'value': 32}, {'type': 30, 'value': 49}]}"
1200612114,MEDIUM,,1,17322600,8661300,"{'id': 171385, 'context': 13, 'modifiers': [{'type': 29, 'value': 49}, {'type': 30, 'value': 40}]}"
1200612116,MEDIUM,,1,17322600,8661300,"{'id': 171385, 'context': 13, 'modifiers': [{'type': 29, 'value': 49}, {'type': 30, 'value': 36}]}"
1200612119,MEDIUM,16509300,171,,,{'id': 172438}
1200612120,MEDIUM,659300,1,,,{'id': 171269}
1200612122,MEDIUM,5008000,29,,,{'id': 173049}
1200612124,MEDIUM,347800,11,,,{'id': 171832}
1200612126,MEDIUM,,1,4599900,3219700,"{'id': 172252, 'context': 13, 'bonus_lists': [6893], 'modifiers': [{'type': 9, 'value': 51}, {'type': 28, 'value': 391}, {'type': 29, 'value': 32}, {'type': 30, 'value': 36}]}"
1200612130,MEDIUM,373100,39,,,{'id': 168586}
1200612131,MEDIUM,,1,120009500,107288100,"{'id': 171415, 'context': 63, 'bonus_lists': [6716, 7193, 1487]}"
1200612139,MEDIUM,27500000,4,,,{'id': 172902}
1200612156,MEDIUM,16500,179,,,{'id': 177061}
1200612157,MEDIUM,39500,130,,,{'id': 172054}
1200612162,MEDIUM,10999600,6,,,{'id': 171276}
1200612163,MEDIUM,,1,4811500,2826700,"{'id': 173222, 'context': 1, 'bonus_lists': [6893], 'modifiers': [{'type': 9, 'value': 60}, {'type': 28, 'value': 391}, {'type': 29, 'value': 49}, {'type': 30, 'value': 40}]}"
1200612165,MEDIUM,,1,3947700,2858700,"{'id': 172257, 'context': 13, 'bonus_lists': [6893], 'modifiers': [{'type': 9, 'value': 51}, {'type': 28, 'value': 391}, {'type': 29, 'value': 40}, {'type': 30, 'value': 32}]}"
1200612166,MEDIUM,,1,3947700,2858700,"{'id': 172257, 'context': 13, 'bonus_lists': [6893], 'modifiers': [{'type': 9, 'value': 51}, {'type': 28, 'value': 391}, {'type': 29, 'value': 36}, {'type': 30, 'value': 32}]}"
1200612167,MEDIUM,,1,3947700,2858700,"{'id': 172257, 'context': 13, 'bonus_lists': [6893], 'modifiers': [{'type': 9, 'value': 51}, {'type': 28, 'value': 391}, {'type': 29, 'value': 36}, {'type': 30, 'value': 32}]}"
1200612171,MEDIUM,,1,3947700,2858700,"{'id': 172257, 'context': 13, 'bonus_lists': [6893], 'modifiers': [{'type': 9, 'value': 51}, {'type': 28, 'value': 391}, {'type': 29, 'value': 36}, {'type': 30, 'value': 40}]}"
1200612172,MEDIUM,,1,3947700,2858700,"{'id': 172257, 'context': 13, 'bonus_lists': [6893], 'modifiers': [{'type': 9, 'value': 51}, {'type': 28, 'value': 391}, {'type': 29, 'value': 49}, {'type': 30, 'value': 40}]}"
1200612174,MEDIUM,440000,40,,,{'id': 154884}
1200612176,MEDIUM,309300,200,,,{'id': 173037}
1200612177,MEDIUM,,1,49998600,24999300,"{'id': 173054, 'context': 13, 'modifiers': [{'type': 29, 'value': 32}, {'type': 30, 'value': 36}]}"
1200612179,MEDIUM,12500000,50,,,{'id': 172437}
1200612180,MEDIUM,1000000,12,,,{'id': 172937}
1200612183,MEDIUM,,1,199000000,169150000,"{'id': 171417, 'context': 63, 'bonus_lists': [6716, 1487]}"
1200612187,MEDIUM,,1,51672700,25836400,"{'id': 172914, 'context': 13}"
1200612189,MEDIUM,498900,184,,,{'id': 173033}
1200612190,MEDIUM,290000,7,,,{'id': 183823}
1200612192,MEDIUM,,1,4250000,2125000,"{'id': 173146, 'context': 13, 'modifiers': [{'type': 29, 'value': 32}]}"
1200612194,MEDIUM,,1,12090400,9895100,"{'id': 172255, 'context': 13, 'bonus_lists': [6893], 'modifiers': [{'type': 9, 'value': 51}, {'type': 28, 'value': 391}, {'type': 29, 'value': 32}, {'type': 30, 'value': 40}]}"
1200612197,MEDIUM,,1,12090400,9895100,"{'id': 172255, 'context': 13, 'bonus_lists': [6893], 'modifiers': [{'type': 9, 'value': 51}, {'type': 28, 'value': 391}, {'type': 29, 'value': 32}, {'type': 30, 'value': 36}]}"
1200612198,MEDIUM,5659700,3,,,{'id': 173170}
1200612223,VERY_LONG,,1,882000,,"{'id': 178944, 'context': 0, 'bonus_lists': [6908, 6652, 1687], 'modifiers': [{'type': 9, 'value': 60}, {'type': 28, 'value': 1707}]}"
1200612240,VERY_LONG,,1,4500000,,"{'id': 114821, 'context': 0}"
1200612269,VERY_LONG,,1,50009700,,"{'id': 173248, 'context': 63, 'bonus_lists': [6716, 7194, 1487]}"
1200612290,VERY_LONG,66500,6,,,{'id': 22449}
1200612340,VERY_LONG,,1,3490000100,,"{'id': 38089, 'context': 0}"
1200612387,VERY_LONG,47000,11,,,{'id': 34054}
1200612390,VERY_LONG,,1,2500000,,"{'id': 178948, 'context': 0, 'bonus_lists': [6908, 6652, 1706], 'modifiers': [{'type': 9, 'value': 60}, {'type': 28, 'value': 1707}]}"
1200612394,VERY_LONG,140000,5,,,{'id': 52721}
1200612413,VERY_LONG,,1,501100,,"{'id': 177791, 'context': 0, 'bonus_lists': [6907, 6652, 1680], 'modifiers': [{'type': 9, 'value': 60}, {'type': 28, 'value': 2060}]}"
1200612457,VERY_LONG,,1,1211100,,"{'id': 178952, 'context': 0, 'bonus_lists': [6908, 6652, 1679], 'modifiers': [{'type': 9, 'value': 60}, {'type': 28, 'value': 1707}]}"
1200612474,MEDIUM,,1,10008900,5004500,"{'id': 171383, 'context': 13, 'modifiers': [{'type': 29, 'value': 40}, {'type': 30, 'value': 36}]}"
1200612476,MEDIUM,1100,145,,,{'id': 171840}
1200612481,MEDIUM,8900,5393,,,{'id': 172052}
1200612482,MEDIUM,1756200,16,,,{'id': 173173}
1200612483,MEDIUM,100000,3,,,{'id': 173110}
1200612485,MEDIUM,459000,7,,,{'id': 173121}
1200612487,MEDIUM,,1,13428500,8192000,"{'id': 171443, 'context': 13, 'bonus_lists': [6893], 'modifiers': [{'type': 9, 'value': 60}, {'type': 28, 'value': 391}, {'type': 29, 'value': 36}, {'type': 30, 'value': 32}]}"
1200612491,MEDIUM,169500,732,,,{'id': 172230}
1200612494,MEDIUM,,1,10937900,10185500,"{'id': 172258, 'context': 13, 'bonus_lists': [6893], 'modifiers': [{'type': 9, 'value': 51}, {'type': 28, 'value': 391}, {'type': 29, 'value': 49}, {'type': 30, 'value': 36}]}"
1200612498,MEDIUM,17000,3063,,,{'id': 173032}
1200612501,MEDIUM,,1,7919300,6199200,"{'id': 172253, 'context': 13, 'bonus_lists': [6893], 'modifiers': [{'type': 9, 'value': 51}, {'type': 28, 'value': 391}, {'type': 29, 'value': 36}, {'type': 30, 'value': 49}]}"
1200612503,MEDIUM,,1,7919300,6199200,"{'id': 172253, 'context': 13, 'bonus_lists': [6893], 'modifiers': [{'type': 9, 'value': 51}, {'type': 28, 'value': 391}, {'type': 29, 'value': 36}, {'type': 30, 'value': 49}]}"
1200612504,MEDIUM,,1,7919300,6199200,"{'id': 172253, 'context': 13, 'bonus_lists': [6893], 'modifiers': [{'type': 9, 'value': 51}, {'type': 28, 'value': 391}, {'type': 29, 'value': 32}, {'type': 30, 'value': 40}]}"
1200612506,MEDIUM,,1,7919300,6199200,"{'id': 172253, 'context': 13, 'bonus_lists': [6893], 'modifiers': [{'type': 9, 'value': 51}, {'type': 28, 'value': 391}, {'type': 29, 'value': 40}, {'type': 30, 'value': 49}]}"
1200612510,MEDIUM,,1,7919300,6199200,"{'id': 172253, 'context': 13, 'bonus_lists': [6893], 'modifiers': [{'type': 9, 'value': 51}, {'type': 28, 'value': 391}, {'type': 29, 'value': 49}, {'type': 30, 'value': 36}]}"
1200612513,MEDIUM,,1,7919300,6199200,"{'id': 172253, 'context': 13, 'bonus_lists': [6893], 'modifiers': [{'type': 9, 'value': 51}, {'type': 28, 'value': 391}, {'type': 29, 'value': 36}, {'type': 30, 'value': 49}]}"
1200612515,MEDIUM,,1,7919300,6199200,"{'id': 172253, 'context': 13, 'bonus_lists': [6893], 'modifiers': [{'type': 9, 'value': 51}, {'type': 28, 'value': 391}, {'type': 29, 'value': 36}, {'type': 30, 'value': 32}]}"
1200612517,MEDIUM,,1,176000000,149600000,"{'id': 171413, 'context': 63, 'bonus_lists': [6716, 1487]}"
1200612519,MEDIUM,166500,1746,,,{'id': 171829}
1200612520,MEDIUM,,1,7000400,5334000,"{'id': 173220, 'context': 0, 'bonus_lists': [6893], 'modifiers': [{'type': 9, 'value': 60}, {'type': 28, 'value': 391}, {'type': 29, 'value': 36}, {'type': 30, 'value': 49}]}"
1200612523,MEDIUM,29400,20,,,{'id': 154888}
1200612526,MEDIUM,5000000,586,,,{'id': 171833}
1200612529,MEDIUM,,1,12090400,9895100,"{'id': 172255, 'context': 13, 'bonus_lists': [6893], 'modifiers': [{'type': 9, 'value': 51}, {'type': 28, 'value': 391}, {'type': 29, 'value': 36}, {'type': 30, 'value': 49}]}"
1200612531,MEDIUM,,1,12090400,9895100,"{'id': 172255, 'context': 13, 'bonus_lists': [6893], 'modifiers': [{'type': 9, 'value': 51}, {'type': 28, 'value': 391}, {'type': 29, 'value': 49}, {'type': 30, 'value': 36}]}"
1200612533,MEDIUM,,1,12090400,9895100,"{'id': 172255, 'context': 13, 'bonus_lists': [6893], 'modifiers': [{'type': 9, 'value': 51}, {'type': 28, 'value': 391}, {'type': 29, 'value': 32}, {'type': 30, 'value': 36}]}"
1200612535,MEDIUM,,1,12090400,9895100,"{'id': 172255, 'context': 13, 'bonus_lists': [6893], 'modifiers': [{'type': 9, 'value': 51}, {'type': 28, 'value': 391}, {'type': 29, 'value': 40}, {'type': 30, 'value': 49}]}"
1200612537,MEDIUM,,1,12090400,9895100,"{'id': 172255, 'context': 13, 'bonus_lists': [6893], 'modifiers': [{'type': 9, 'value': 51}, {'type': 28, 'value': 391}, {'type': 29, 'value': 32}, {'type': 30, 'value': 36}]}"
1200612538,MEDIUM,,1,12090400,9895100,"{'id': 172255, 'context': 13, 'bonus_lists': [6893], 'modifiers': [{'type': 9, 'value': 51}, {'type': 28, 'value': 391}, {'type': 29, 'value': 36}, {'type': 30, 'value': 49}]}"
1200612541,MEDIUM,,1,12090400,9895100,"{'id': 172255, 'context': 13, 'bonus_lists': [6893], 'modifiers': [{'type': 9, 'value': 51}, {'type': 28, 'value': 391}, {'type': 29, 'value': 49}, {'type': 30, 'value': 32}]}"
1200612543,VERY_LONG,,1,39997300,,"{'id': 82800, 'context': 0, 'modifiers': [{'type': 6, 'value': 22349}], 'pet_breed_id': 7, 'pet_level': 25, 'pet_quality_id': 3, 'pet_species_id': 153}"
1200612544,MEDIUM,,1,12090400,9895100,"{'id': 172255, 'context': 13, 'bonus_lists': [6893], 'modifiers': [{'type': 9, 'value': 51}, {'type': 28, 'value': 391}, {'type': 29, 'value': 40}, {'type': 30, 'value': 36}]}"
1200612547,MEDIUM,,1,12090400,9895100,"{'id': 172255, 'context': 13, 'bonus_lists': [6893], 'modifiers': [{'type': 9, 'value': 51}, {'type': 28, 'value': 391}, {'type': 29, 'value': 36}, {'type': 30, 'value': 49}]}"
1200612548,MEDIUM,,1,3436800,1718400,"{'id': 171380, 'context': 13, 'bonus_lists': [6885], 'modifiers': [{'type': 9, 'value': 60}, {'type': 28, 'value': 391}, {'type': 29, 'value': 36}, {'type': 30, 'value': 40}]}"
1200612550,MEDIUM,,1,99008600,88390900,"{'id': 171419, 'context': 64, 'bonus_lists': [6717, 7194, 1507]}"
1200612554,MEDIUM,,1,141000000,119850000,"{'id': 171419, 'context': 63, 'bonus_lists': [6716, 7193, 1487]}"
1200612558,VERY_LONG,,1,1251100,,"{'id': 175572, 'context': 0, 'bonus_lists': [6907, 1703], 'modifiers': [{'type': 9, 'value': 60}, {'type': 28, 'value': 1707}]}"
1200612559,MEDIUM,,1,4599900,3219700,"{'id': 172252, 'context': 13, 'bonus_lists': [6893], 'modifiers': [{'type': 9, 'value': 51}, {'type': 28, 'value': 391}, {'type': 29, 'value': 40}, {'type': 30, 'value': 36}]}"
1200612563,MEDIUM,,1,120009500,107288100,"{'id': 171415, 'context': 63, 'bonus_lists': [6716, 7193, 1487]}"
1200612566,MEDIUM,,1,120009500,107288100,"{'id': 171415, 'context': 63, 'bonus_lists': [6716, 7193, 1487]}"
1200612568,MEDIUM,,1,120009500,107288100,"{'id': 171415, 'context': 63, 'bonus_lists': [6716, 7193, 1487]}"
1200612570,MEDIUM,,1,120009500,107288100,"{'id': 171415, 'context': 63, 'bonus_lists': [6716, 7193, 1487]}"
1200612571,MEDIUM,,1,15903200,11975600,"{'id': 173050, 'context': 13, 'modifiers': [{'type': 29, 'value': 36}, {'type': 30, 'value': 40}]}"
1200612572,VERY_LONG,,1,38000000,,"{'id': 31297, 'context': 0, 'bonus_lists': [6658], 'modifiers': [{'type': 9, 'value': 30}, {'type': 28, 'value': 1008}]}"
1200612576,VERY_LONG,1639900,52,,,{'id': 171833}
1200612577,MEDIUM,,1,1206600,1073900,"{'id': 173201, 'context': 0, 'bonus_lists': [6883], 'modifiers': [{'type': 29, 'value': 40}, {'type': 30, 'value': 32}]}"
1200612580,VERY_LONG,206000,252,,,{'id': 171287}
1200612581,MEDIUM,,1,3947700,2858700,"{'id': 172257, 'context': 13, 'bonus_lists': [6893], 'modifiers': [{'type': 9, 'value': 51}, {'type': 28, 'value': 391}, {'type': 29, 'value': 40}, {'type': 30, 'value': 49}]}"
1200612584,MEDIUM,,1,3947700,2858700,"{'id': 172257, 'context': 13, 'bonus_lists': [6893], 'modifiers': [{'type': 9, 'value': 51}, {'type': 28, 'value': 391}, {'type': 29, 'value': 40}, {'type': 30, 'value': 36}]}"
1200612586,MEDIUM,759700,424,,,{'id': 172231}
1200612588,MEDIUM,190000,2,,,{'id': 171271}
1200612590,MEDIUM,309300,51,,,{'id': 173037}
1200612591,MEDIUM,26499700,1,,,{'id': 172365}
1200612594,MEDIUM,,1,199899900,185838300,"{'id': 171418, 'context': 65, 'bonus_lists': [6718, 7194, 1522]}"
1200612610,VERY_LONG,,1,69994100,,"{'id': 82800, 'context': 0, 'modifiers': [{'type': 6, 'value': 6302}], 'pet_breed_id': 15, 'pet_level': 25, 'pet_quality_id': 3, 'pet_species_id': 200}"
1200612627,MEDIUM,347800,5051,,,{'id': 171832}
1200612633,VERY_LONG,3300,6,,,{'id': 172052}
1200612637,VERY_LONG,,1,149999300,,"{'id': 82800, 'context': 0, 'modifiers': [{'type': 6, 'value': 2176}], 'pet_breed_id': 7, 'pet_level': 25, 'pet_quality_id': 3, 'pet_species_id': 127}"
1200612643,MEDIUM,139500,115,,,{'id': 171829}
1200612653,VERY_LONG,,1,196000000,,"{'id': 82800, 'context': 0, 'modifiers': [{'type': 6, 'value': 38135}], 'pet_breed_id': 6, 'pet_level': 25, 'pet_quality_id': 3, 'pet_species_id': 289}"
1200612663,MEDIUM,13000,561,,,{'id': 177061}
1200612678,MEDIUM,88500,1630,,,{'id': 169701}
1200612690,VERY_LONG,19000,5,,,{'id': 179315}
1200612697,VERY_LONG,,1,29991000,,"{'id': 82800, 'context': 0, 'modifiers': [{'type': 6, 'value': 22629}], 'pet_breed_id': 7, 'pet_level': 25, 'pet_quality_id': 3, 'pet_species_id': 166}"
1200612723,MEDIUM,150000,2577,,,{'id': 171830}
1200612727,VERY_LONG,513500,8,,,{'id': 173204}
1200612745,MEDIUM,259900,309,,,{'id': 168586}
1200612752,MEDIUM,14990000,1,,,{'id': 128553}
1200612765,VERY_LONG,,1,49997800,,"{'id': 82800, 'context': 0, 'modifiers': [{'type': 6, 'value': 27681}], 'pet_breed_id': 10, 'pet_level': 25, 'pet_quality_id': 3, 'pet_species_id': 126}"
1200612777,MEDIUM,75500,1755,,,{'id': 171828}
1200612809,MEDIUM,5009800,1,,,{'id': 74725}
1200612812,MEDIUM,730000,958,,,{'id': 168583}
1200612842,MEDIUM,513500,6,,,{'id': 173204}
1200612847,VERY_LONG,,1,19999400,,"{'id': 82800, 'context': 0, 'modifiers': [{'type': 6, 'value': 28502}], 'pet_breed_id': 5, 'pet_level': 25, 'pet_quality_id': 3, 'pet_species_id': 1511}"
1200612852,MEDIUM,1500000,1,,,{'id': 74708}
1200612860,MEDIUM,1494900,97,,,{'id': 171833}
1200612876,VERY_LONG,,1,19999900,,"{'id': 82800, 'context': 0, 'modifiers': [{'type': 6, 'value': 40521}], 'pet_breed_id': 6, 'pet_level': 25, 'pet_quality_id': 3, 'pet_species_id': 1040}"
1200612877,MEDIUM,10000,8,,,{'id': 172052}
1200612894,MEDIUM,510000,433,,,{'id': 171315}
1200612910,VERY_LONG,,1,149990000,,"{'id': 82800, 'context': 0, 'modifiers': [{'type': 6, 'value': 21382}], 'pet_breed_id': 3, 'pet_level': 25, 'pet_quality_id': 3, 'pet_species_id': 158}"
1200612928,VERY_LONG,,1,181473400,,"{'id': 82800, 'context': 0, 'modifiers': [{'type': 6, 'value': 80458}], 'pet_breed_id': 18, 'pet_level': 25, 'pet_quality_id': 3, 'pet_species_id': 2476}"
1200612940,MEDIUM,165000,600,,,{'id': 171831}
1200612979,VERY_LONG,,1,29998500,,"{'id': 82800, 'context': 0, 'modifiers': [{'type': 6, 'value': 4626}], 'pet_breed_id': 3, 'pet_level': 25, 'pet_quality_id': 3, 'pet_species_id': 137}"
1200612980,MEDIUM,500,251,,,{'id': 171840}
1200612985,VERY_LONG,,1,1326800,,"{'id': 173146, 'context': 13, 'modifiers': [{'type': 29, 'value': 49}]}"
1200612990,VERY_LONG,,1,1326800,,"{'id': 173146, 'context': 13, 'modifiers': [{'type': 29, 'value': 40}]}"
1200612991,VERY_LONG,,1,1326800,,"{'id': 173146, 'context': 13, 'modifiers': [{'type': 29, 'value': 32}]}"
1200612992,VERY_LONG,,1,166000000,,"{'id': 82800, 'context': 0, 'modifiers': [{'type': 6, 'value': 90519}], 'pet_breed_id': 13, 'pet_level': 25, 'pet_quality_id': 3, 'pet_species_id': 2697}"
1200613003,VERY_LONG,,1,199990000,,"{'id': 82800, 'context': 0, 'modifiers': [{'type': 6, 'value': 74514}], 'pet_breed_id': 6, 'pet_level': 25, 'pet_quality_id': 3, 'pet_species_id': 2002}"
1200613005,MEDIUM,39900,75,,,{'id': 171841}
1200613016,VERY_LONG,,1,1504100,,"{'id': 173147, 'context': 13, 'modifiers': [{'type': 29, 'value': 49}]}"
1200613033,VERY_LONG,,1,29999700,,"{'id': 82800, 'context': 0, 'modifiers': [{'type': 6, 'value': 61884}], 'pet_breed_id': 6, 'pet_level': 25, 'pet_quality_id': 3, 'pet_species_id': 1622}"
1200613043,VERY_LONG,,1,4440000,,"{'id': 173132, 'context': 13, 'modifiers': [{'type': 29, 'value': 40}]}"
1200613047,VERY_LONG,,1,4440000,,"{'id': 173132, 'context': 13, 'modifiers': [{'type': 29, 'value': 36}]}"
1200613048,VERY_LONG,,1,4440000,,"{'id': 173132, 'context': 13, 'modifiers': [{'type': 29, 'value': 40}]}"
1200613076,VERY_LONG,,1,1584900,,"{'id': 173144, 'context': 13, 'modifiers': [{'type': 29, 'value': 36}]}"
1200613084,MEDIUM,150697900,2,,,{'id': 168417}
1200613089,VERY_LONG,,1,25404000,,"{'id': 82800, 'context': 0, 'modifiers': [{'type': 6, 'value': 34413}], 'pet_breed_id': 18, 'pet_level': 25, 'pet_quality_id': 3, 'pet_species_id': 266}"
1200613100,VERY_LONG,,1,1834800,,"{'id': 173145, 'context': 13, 'modifiers': [{'type': 29, 'value': 40}]}"
1200615101,VERY_LONG,,1,200000400,,"{'id': 82800, 'context': 0, 'modifiers': [{'type': 6, 'value': 73707}], 'pet_breed_id': 13, 'pet_level': 25, 'pet_quality_id': 3, 'pet_species_id': 1967}"
1200615103,VERY_LONG,,1,1834800,,"{'id': 173145, 'context': 13, 'modifiers': [{'type': 29, 'value': 40}]}"
1200615107,MEDIUM,8900,3200,,,{'id': 172052}
1200615112,MEDIUM,,1,176000000,149600000,"{'id': 171413, 'context': 63, 'bonus_lists': [6716, 1487]}"
1200615113,MEDIUM,,1,176000000,149600000,"{'id': 171413, 'context': 63, 'bonus_lists': [6716, 1487]}"
1200615114,MEDIUM,,1,5989900,5091400,"{'id': 171418, 'context': 63, 'bonus_lists': [6716, 7193, 1487]}"
1200615115,MEDIUM,,1,199899900,185838300,"{'id': 171418, 'context': 65, 'bonus_lists': [6718, 7193, 1522]}"
1200615116,MEDIUM,,1,4599900,3219700,"{'id': 172252, 'context': 13, 'bonus_lists': [6893], 'modifiers': [{'type': 9, 'value': 51}, {'type': 28, 'value': 391}, {'type': 29, 'value': 49}, {'type': 30, 'value': 36}]}"
1200615121,MEDIUM,,1,35999900,18000000,"{'id': 171389, 'context': 13, 'modifiers': [{'type': 29, 'value': 49}, {'type': 30, 'value': 40}]}"
1200615125,MEDIUM,,1,1206600,1073900,"{'id': 173201, 'context': 0, 'bonus_lists': [6883], 'modifiers': [{'type': 29, 'value': 32}, {'type': 30, 'value': 49}]}"
1200615127,MEDIUM,,1,1206600,1073900,"{'id': 173201, 'context': 0, 'bonus_lists': [6883], 'modifiers': [{'type': 29, 'value': 36}, {'type': 30, 'value': 40}]}"
1200615128,MEDIUM,,1,1206600,1073900,"{'id': 173201, 'context': 0, 'bonus_lists': [6883], 'modifiers': [{'type': 29, 'value': 49}, {'type': 30, 'value': 36}]}"
1200615129,MEDIUM,,1,1206600,1073900,"{'id': 173201, 'context': 0, 'bonus_lists': [6883], 'modifiers': [{'type': 29, 'value': 49}, {'type': 30, 'value': 32}]}"
1200615133,MEDIUM,,1,1206600,1073900,"{'id': 173201, 'context': 0, 'bonus_lists': [6883], 'modifiers': [{'type': 29, 'value': 40}, {'type': 30, 'value': 49}]}"
1200615137,MEDIUM,17000,2976,,,{'id': 173032}
1200615138,MEDIUM,,1,8199900,6176300,"{'id': 172261, 'context': 13, 'bonus_lists': [6893], 'modifiers': [{'type': 9, 'value': 51}, {'type': 28, 'value': 391}, {'type': 29, 'value': 36}, {'type': 30, 'value': 40}]}"
1200615143,MEDIUM,,1,4099900,3003700,"{'id': 172265, 'context': 13, 'bonus_lists': [6893], 'modifiers': [{'type': 9, 'value': 51}, {'type': 28, 'value': 391}, {'type': 29, 'value': 40}, {'type': 30, 'value': 32}]}"
1200615146,MEDIUM,,1,49998600,24999300,"{'id': 173054, 'context': 13, 'modifiers': [{'type': 29, 'value': 40}, {'type': 30, 'value': 49}]}"
1200615149,MEDIUM,,1,120009500,107288100,"{'id': 171415, 'context': 63, 'bonus_lists': [6716, 7194, 1487]}"
1200615151,MEDIUM,,1,120009500,107288100,"{'id': 171415, 'context': 63, 'bonus_lists': [6716, 7194, 1487]}"
1200615152,MEDIUM,,1,361000000,306850000,"{'id': 171415, 'context': 64, 'bonus_lists': [6717, 7193, 1507]}"
1200615154,MEDIUM,,1,4811500,2826700,"{'id': 173222, 'context': 0, 'bonus_lists': [6893], 'modifiers': [{'type': 9, 'value': 60}, {'type': 28, 'value': 391}, {'type': 29, 'value': 36}, {'type': 30, 'value': 40}]}"
1200615157,MEDIUM,,1,4811500,2826700,"{'id': 173222, 'context': 0, 'bonus_lists': [6893], 'modifiers': [{'type': 9, 'value': 60}, {'type': 28, 'value': 391}, {'type': 29, 'value': 40}, {'type': 30, 'value': 32}]}"
1200615158,VERY_LONG,709900,53,,,{'id': 172231}
1200615159,MEDIUM,,1,4811500,2826700,"{'id': 173222, 'context': 0, 'bonus_lists': [6893], 'modifiers': [{'type': 9, 'value': 60}, {'type': 28, 'value': 391}, {'type': 29, 'value': 40}, {'type': 30, 'value': 36}]}"
1200615161,MEDIUM,,1,4811500,2826700,"{'id': 173222, 'context': 0, 'bonus_lists': [6893], 'modifiers': [{'type': 9, 'value': 60}, {'type': 28, 'value': 391}, {'type': 29, 'value': 40}, {'type': 30, 'value': 36}]}"
1200615163,MEDIUM,200000,12,,,{'id': 182737}
1200615165,MEDIUM,16500,241,,,{'id': 177061}
1200615166,MEDIUM,39500,4070,,,{'id': 172054}
1200615167,MEDIUM,19000,707,,,{'id': 179315}
1200615169,VERY_LONG,,1,19999900,,"{'id': 82800, 'context': 0, 'modifiers': [{'type': 6, 'value': 73697}], 'pet_breed_id': 3, 'pet_level': 25, 'pet_quality_id': 3, 'pet_species_id': 1963}"
1200615170,MEDIUM,,1,4499100,4315200,"{'id': 173216, 'context': 0, 'bonus_lists': [6893], 'modifiers': [{'type': 9, 'value': 60}, {'type': 28, 'value': 391}, {'type': 29, 'value': 32}, {'type': 30, 'value': 40}]}"
1200615173,MEDIUM,,1,10704100,5630700,"{'id': 171449, 'context': 13, 'bonus_lists': [6893], 'modifiers': [{'type': 9, 'value': 60}, {'type': 28, 'value': 391}, {'type': 29, 'value': 40}, {'type': 30, 'value': 32}]}"
1200615174,MEDIUM,,1,10704100,5630700,"{'id': 171449, 'context': 13, 'bonus_lists': [6893], 'modifiers': [{'type': 9, 'value': 60}, {'type': 28, 'value': 391}, {'type': 29, 'value': 32}, {'type': 30, 'value': 49}]}"
1200615175,MEDIUM,,1,12090400,9895100,"{'id': 172255, 'context': 13, 'bonus_lists': [6893], 'modifiers': [{'type': 9, 'value': 51}, {'type': 28, 'value': 391}, {'type': 29, 'value': 36}, {'type': 30, 'value': 32}]}"
1200615176,MEDIUM,,1,12090400,9895100,"{'id': 172255, 'context': 13, 'bonus_lists': [6893], 'modifiers': [{'type': 9, 'value': 51}, {'type': 28, 'value': 391}, {'type': 29, 'value': 49}, {'type': 30, 'value': 40}]}"
1200615178,MEDIUM,,1,12090400,9895100,"{'id': 172255, 'context': 13, 'bonus_lists': [6893], 'modifiers': [{'type': 9, 'value': 51}, {'type': 28, 'value': 391}, {'type': 29, 'value': 32}, {'type': 30, 'value': 40}]}"
1200615179,MEDIUM,,1,12090400,9895100,"{'id': 172255, 'context': 13, 'bonus_lists': [6893], 'modifiers': [{'type': 9, 'value': 51}, {'type': 28, 'value': 391}, {'type': 29, 'value': 36}, {'type': 30, 'value': 40}]}"
1200615181,MEDIUM,,1,12090400,9895100,"{'id': 172255, 'context': 13, 'bonus_lists': [6893], 'modifiers': [{'type': 9, 'value': 51}, {'type': 28, 'value': 391}, {'type': 29, 'value': 49}, {'type': 30, 'value': 40}]}"
1200615183,VERY_LONG,150000,72,,,{'id': 172230}
1200615189,MEDIUM,227500,800,,,{'id': 171831}
1200615190,MEDIUM,1100,800,,,{'id': 171840}
1200615191,MEDIUM,75500,1209,,,{'id': 171828}
1200615192,MEDIUM,,1,2499600,1249800,"{'id': 171381, 'context': 13, 'bonus_lists': [6883], 'modifiers': [{'type': 29, 'value': 36}, {'type': 30, 'value': 32}]}"
1200615194,MEDIUM,,1,2499600,1249800,"{'id': 171381, 'context': 13, 'bonus_lists': [6883], 'modifiers': [{'type': 29, 'value': 36}, {'type': 30, 'value': 40}]}"
1200615195,MEDIUM,,1,2499600,1249800,"{'id': 171381, 'context': 13, 'bonus_lists': [6883], 'modifiers': [{'type': 29, 'value': 49}, {'type': 30, 'value': 32}]}"
1200615196,MEDIUM,,1,2499600,1249800,"{'id': 171381, 'context': 13, 'bonus_lists': [6883], 'modifiers': [{'type': 29, 'value': 49}, {'type': 30, 'value': 32}]}"
1200615199,MEDIUM,,1,2499600,1249800,"{'id': 171381, 'context': 13, 'bonus_lists': [6883], 'modifiers': [{'type': 29, 'value': 40}, {'type': 30, 'value': 49}]}"
1200615200,MEDIUM,,1,12249800,6124900,"{'id': 171391, 'context': 13, 'bonus_lists': [6884], 'modifiers': [{'type': 9, 'value': 60}, {'type': 28, 'value': 391}, {'type': 29, 'value': 49}, {'type': 30, 'value': 32}]}"
1200615201,MEDIUM,,1,12249800,6124900,"{'id': 171391, 'context': 13, 'bonus_lists': [6884], 'modifiers': [{'type': 9, 'value': 60}, {'type': 28, 'value': 391}, {'type': 29, 'value': 49}, {'type': 30, 'value': 40}]}"
1200615204,VERY_LONG,513500,58,,,{'id': 173204}
1200615207,MEDIUM,10000,89,,,{'id': 172052}
1200615218,MEDIUM,139500,964,,,{'id': 171829}
1200615228,VERY_LONG,,1,881100,,"{'id': 178944, 'context': 0, 'bonus_lists': [6908, 6652, 1682], 'modifiers': [{'type': 9, 'value': 60}, {'type': 28, 'value': 2060}]}"
1200615229,MEDIUM,500,183,,,{'id': 171840}
1200615231,VERY_LONG,39900,33,,,{'id': 171841}
1200615237,MEDIUM,39900,37,,,{'id': 171841}
1200615242,VERY_LONG,469900,3,,,{'id': 52180}
1200615249,MEDIUM,150000,600,,,{'id': 171830}
1200615253,VERY_LONG,99600,7,,,{'id': 52181}
1200615257,VERY_LONG,4500,2,,,{'id': 118006}
1200615264,VERY_LONG,5000,200,,,{'id': 124437}
1200615271,VERY_LONG,,1,482200,,"{'id': 178950, 'context': 0, 'bonus_lists': [6908, 6652, 1692], 'modifiers': [{'type': 9, 'value': 60}, {'type': 28, 'value': 2060}]}"
1200615274,MEDIUM,165000,5222,,,{'id': 171831}
1200615280,MEDIUM,39900,15,,,{'id': 171841}
1200615284,VERY_LONG,,1,500000,,"{'id': 178951, 'context': 0, 'bonus_lists': [6908, 6652, 1715], 'modifiers': [{'type': 9, 'value': 60}, {'type': 28, 'value': 1707}]}"
1200615285,VERY_LONG,,1,19997900,,"{'id': 82800, 'context': 0, 'modifiers': [{'type': 6, 'value': 19999}], 'pet_breed_id': 3, 'pet_level': 25, 'pet_quality_id': 3, 'pet_species_id': 141}"
1200615286,VERY_LONG,499900,75,,,{'id': 130174}
1200615292,MEDIUM,500,14,,,{'id': 171840}
1200615295,MEDIUM,510000,5,,,{'id': 171315}
1200615296,VERY_LONG,2766900,51,,,{'id': 130175}
1200615297,VERY_LONG,,1,1091100,,"{'id': 180795, 'context': 0, 'bonus_lists': [6908, 40, 1709], 'modifiers': [{'type': 9, 'value': 60}, {'type': 28, 'value': 1707}]}"
1200615309,VERY_LONG,,1,500000,,"{'id': 178951, 'context': 0, 'bonus_lists': [6908, 6652, 1685], 'modifiers': [{'type': 9, 'value': 60}, {'type': 28, 'value': 1707}]}"
1200615310,VERY_LONG,499900,75,,,{'id': 130173}
1200615311,MEDIUM,88500,57,,,{'id': 169701}
1200615323,VERY_LONG,,1,1091100,,"{'id': 180795, 'context': 0, 'bonus_lists': [6908, 6652, 1714], 'modifiers': [{'type': 9, 'value': 60}, {'type': 28, 'value': 1707}]}"
1200615327,MEDIUM,730000,58,,,{'id': 168583}
1200615343,VERY_LONG,499900,65,,,{'id': 130177}
1200615346,VERY_LONG,,1,10000000,,"{'id': 176970, 'context': 0, 'bonus_lists': [6907, 40, 1706], 'modifiers': [{'type': 9, 'value': 60}, {'type': 28, 'value': 1707}]}"
1200615355,VERY_LONG,,1,99990000,,"{'id': 175570, 'context': 0, 'bonus_lists': [6907, 1680], 'modifiers': [{'type': 9, 'value': 60}, {'type': 28, 'value': 1707}]}"
1200615358,VERY_LONG,,1,49990000,,"{'id': 82800, 'context': 0, 'pet_breed_id': 20, 'pet_level': 25, 'pet_quality_id': 3, 'pet_species_id': 1958}"
1200615367,VERY_LONG,119900,76,,,{'id': 130172}
1200615370,VERY_LONG,,1,1091100,,"{'id': 180795, 'context': 0, 'bonus_lists': [6908, 41, 1708], 'modifiers': [{'type': 9, 'value': 60}, {'type': 28, 'value': 2060}]}"
1200615380,VERY_LONG,,1,9991100,,"{'id': 182560, 'context': 0, 'bonus_lists': [6907, 6652, 1683], 'modifiers': [{'type': 9, 'value': 60}, {'type': 28, 'value': 2060}]}"
1200615383,VERY_LONG,,1,25002000,,"{'id': 82800, 'context': 0, 'modifiers': [{'type': 6, 'value': 59352}], 'pet_breed_id': 17, 'pet_level': 25, 'pet_quality_id': 3, 'pet_species_id': 1524}"
1200615388,VERY_LONG,,1,5000000,,"{'id': 176979, 'context': 0, 'bonus_lists': [6907, 6652, 1694], 'modifiers': [{'type': 9, 'value': 60}, {'type': 28, 'value': 1707}]}"
1200615394,MEDIUM,,1,6489900,,"{'id': 173134, 'context': 13, 'modifiers': [{'type': 29, 'value': 40}]}"
1200615395,MEDIUM,,1,6489900,,"{'id': 173134, 'context': 13, 'modifiers': [{'type': 29, 'value': 40}]}"
1200615404,VERY_LONG,,1,663300,,"{'id': 180487, 'context': 0, 'bonus_lists': [6908, 6935], 'modifiers': [{'type': 9, 'value': 60}, {'type': 28, 'value': 2060}]}"
1200615417,VERY_LONG,,1,29990000,,"{'id': 82800, 'context': 0, 'modifiers': [{'type': 6, 'value': 46909}], 'pet_breed_id': 18, 'pet_level': 25, 'pet_quality_id': 3, 'pet_species_id': 1156}"
1200615422,VERY_LONG,,1,720100,,"{'id': 175562, 'context': 0, 'bonus_lists': [6907, 1687], 'modifiers': [{'type': 9, 'value': 60}, {'type': 28, 'value': 1707}]}"
1200615429,VERY_LONG,,1,750000,,"{'id': 175550, 'context': 0, 'bonus_lists': [6907, 1717], 'modifiers': [{'type': 9, 'value': 60}, {'type': 28, 'value': 1707}]}"
1200615438,MEDIUM,,1,4440000,,"{'id': 173132, 'context': 13, 'modifiers': [{'type': 29, 'value': 32}]}"
1200615440,MEDIUM,,1,4440000,,"{'id': 173132, 'context': 13, 'modifiers': [{'type': 29, 'value': 32}]}"
1200615446,VERY_LONG,,1,6914400,,"{'id': 176782, 'context': 0, 'bonus_lists': [6907, 6652, 1692], 'modifiers': [{'type': 9, 'value': 60}, {'type': 28, 'value': 1707}]}"
1200615463,VERY_LONG,,1,25009500,,"{'id': 82800, 'context': 0, 'pet_breed_id': 8, 'pet_level': 25, 'pet_quality_id': 3, 'pet_species_id': 1962}"
1200615464,VERY_LONG,,1,11783300,,"{'id': 176773, 'context': 0, 'bonus_lists': [6907, 6652, 1694], 'modifiers': [{'type': 9, 'value': 60}, {'type': 28, 'value': 1707}]}"
1200615473,VERY_LONG,435700,29,,,{'id': 76130}
1200615481,VERY_LONG,,1,481100,,"{'id': 178950, 'context': 0, 'bonus_lists': [6908, 6652, 1683], 'modifiers': [{'type': 9, 'value': 60}, {'type': 28, 'value': 1707}]}"
1200615492,VERY_LONG,259900,75,,,{'id': 130176}
1200615505,VERY_LONG,93500,25,,,{'id': 76134}
1200615520,VERY_LONG,50900,43,,,{'id': 76135}
1200615522,VERY_LONG,100000,3,,,{'id': 9312}
1200615526,MEDIUM,,1,120009500,107288100,"{'id': 171415, 'context': 63, 'bonus_lists': [6716, 7193, 1487]}"
1200615528,MEDIUM,,1,120009500,107288100,"{'id': 171415, 'context': 63, 'bonus_lists': [6716, 7194, 1487]}"
1200615529,VERY_LONG,302100,6,,,{'id': 4389}
1200615531,MEDIUM,,1,361000000,306850000,"{'id': 171415, 'context': 64, 'bonus_lists': [6717, 7194, 1507]}"
1200615532,MEDIUM,,1,361000000,306850000,"{'id': 171415, 'context': 64, 'bonus_lists': [6717, 7194, 1507]}"
1200615535,MEDIUM,,1,361000000,306850000,"{'id': 171415, 'context': 64, 'bonus_lists': [6717, 7193, 1507]}"
1200615542,MEDIUM,,1,5249900,2625000,"{'id': 171375, 'context': 13, 'bonus_lists': [6883], 'modifiers': [{'type': 29, 'value': 40}, {'type': 30, 'value': 32}]}"
1200615546,MEDIUM,,1,99008600,88390900,"{'id': 171419, 'context': 64, 'bonus_lists': [6717, 7194, 1507]}"
1200615547,VERY_LONG,345100,46,,,{'id': 76137}
1200615548,MEDIUM,,1,141000000,119850000,"{'id': 171419, 'context': 63, 'bonus_lists': [6716, 7193, 1487]}"
1200615550,MEDIUM,,1,1400999500,1190849600,"{'id': 171419, 'context': 66, 'bonus_lists': [6758, 7194, 1532]}"
1200615552,MEDIUM,8900,1600,,,{'id': 172052}
1200615555,MEDIUM,,1,12298700,9899500,"{'id': 172263, 'context': 13, 'bonus_lists': [6893], 'modifiers': [{'type': 9, 'value': 51}, {'type': 28, 'value': 391}, {'type': 29, 'value': 36}, {'type': 30, 'value': 49}]}"
1200615558,MEDIUM,7201400,10,,,{'id': 172042}
1200615560,MEDIUM,,1,12249800,6124900,"{'id': 171391, 'context': 13, 'bonus_lists': [6884], 'modifiers': [{'type': 9, 'value': 60}, {'type': 28, 'value': 391}, {'type': 29, 'value': 32}, {'type': 30, 'value': 40}]}"
1200615562,MEDIUM,,1,12249800,6124900,"{'id': 171391, 'context': 13, 'bonus_lists': [6884], 'modifiers': [{'type': 9, 'value': 60}, {'type': 28, 'value': 391}, {'type': 29, 'value': 32}, {'type': 30, 'value': 40}]}"
1200615564,MEDIUM,,1,12249800,6124900,"{'id': 171391, 'context': 13, 'bonus_lists': [6884], 'modifiers': [{'type': 9, 'value': 60}, {'type': 28, 'value': 391}, {'type': 29, 'value': 36}, {'type': 30, 'value': 49}]}"
1200615567,MEDIUM,,1,12249800,6124900,"{'id': 171391, 'context': 13, 'bonus_lists': [6884], 'modifiers': [{'type': 9, 'value': 60}, {'type': 28, 'value': 391}, {'type': 29, 'value': 32}, {'type': 30, 'value': 40}]}"
1200615571,MEDIUM,,1,134009500,113908100,"{'id': 173248, 'context': 64, 'bonus_lists': [6717, 7194, 1507]}"
1200615572,MEDIUM,,1,114999800,114836900,"{'id': 171413, 'context': 64, 'bonus_lists': [6717, 1507]}"
1200615573,MEDIUM,,1,114999800,114836900,"{'id': 171413, 'context': 64, 'bonus_lists': [6717, 1507]}"
1200615574,MEDIUM,,1,114999800,114836900,"{'id': 171413, 'context': 64, 'bonus_lists': [6717, 1507]}"
1200615577,MEDIUM,,1,114999800,114836900,"{'id': 171413, 'context': 64, 'bonus_lists': [6717, 1507]}"
1200615578,MEDIUM,,1,114999800,114836900,"{'id': 171413, 'context': 64, 'bonus_lists': [6717, 1507]}"
1200615579,VERY_LONG,102900,48,,,{'id': 76136}
1200615583,MEDIUM,,1,114999800,114836900,"{'id': 171413, 'context': 64, 'bonus_lists': [6717, 1507]}"
1200615585,MEDIUM,,1,176000000,149600000,"{'id': 171413, 'context': 63, 'bonus_lists': [6716, 1487]}"
1200615586,MEDIUM,1756200,67,,,{'id': 173173}
1200615588,MEDIUM,589800,6,,,{'id': 172049}
1200615591,MEDIUM,,1,960100,830600,"{'id': 172248, 'context': 13, 'bonus_lists': [6885], 'modifiers': [{'type': 9, 'value': 51}, {'type': 28, 'value': 391}, {'type': 29, 'value': 49}, {'type': 30, 'value': 36}]}"
1200615595,MEDIUM,,1,24999600,12499800,"{'id': 173215, 'context': 0, 'bonus_lists': [6893], 'modifiers': [{'type': 9, 'value': 60}, {'type': 28, 'value': 391}, {'type': 29, 'value': 40}, {'type': 30, 'value': 49}]}"
1200615597,MEDIUM,,1,24999600,12499800,"{'id': 173215, 'context': 0, 'bonus_lists': [6893], 'modifiers': [{'type': 9, 'value': 60}, {'type': 28, 'value': 391}, {'type': 29, 'value': 40}, {'type': 30, 'value': 32}]}"
1200615601,MEDIUM,1800000,7,,,{'id': 174351}
1200615602,MEDIUM,,1,7919300,6199200,"{'id': 172253, 'context': 13, 'bonus_lists': [6893], 'modifiers': [{'type': 9, 'value': 51}, {'type': 28, 'value': 391}, {'type': 29, 'value': 36}, {'type': 30, 'value': 49}]}"
1200615604,MEDIUM,,1,7919300,6199200,"{'id': 172253, 'context': 13, 'bonus_lists': [6893], 'modifiers': [{'type': 9, 'value': 51}, {'type': 28, 'value': 391}, {'type': 29, 'value': 40}, {'type': 30, 'value': 49}]}"
1200615609,MEDIUM,,1,151989900,129191400,"{'id': 173243, 'context': 64, 'bonus_lists': [6717, 1507]}"
1200615613,MEDIUM,,1,74499900,73620500,"{'id': 171414, 'context': 63, 'bonus_lists': [6716, 1487]}"
1200615616,MEDIUM,8009600,3,,,{'id': 173160}
1200615620,MEDIUM,,1,5989900,5091400,"{'id': 171418, 'context': 63, 'bonus_lists': [6716, 7193, 1487]}"
1200615622,MEDIUM,,1,199899900,185838300,"{'id': 171418, 'context': 65, 'bonus_lists': [6718, 7194, 1522]}"
1200615625,VERY_LONG,104900,34,,,{'id': 76133}
1200615626,MEDIUM,,1,2499600,1249800,"{'id': 171381, 'context': 13, 'bonus_lists': [6883], 'modifiers': [{'type': 29, 'value': 40}, {'type': 30, 'value': 32}]}"
1200615628,MEDIUM,,1,2499600,1249800,"{'id': 171381, 'context': 13, 'bonus_lists': [6883], 'modifiers': [{'type': 29, 'value': 49}, {'type': 30, 'value': 32}]}"
1200615630,MEDIUM,,1,2499600,1249800,"{'id': 171381, 'context': 13, 'bonus_lists': [6883], 'modifiers': [{'type': 29, 'value': 36}, {'type': 30, 'value': 49}]}"
1200615634,MEDIUM,,1,10704100,5630700,"{'id': 171449, 'context': 13, 'bonus_lists': [6893], 'modifiers': [{'type': 9, 'value': 60}, {'type': 28, 'value': 391}, {'type': 29, 'value': 36}, {'type': 30, 'value': 32}]}"
1200615638,MEDIUM,,1,10704100,5630700,"{'id': 171449, 'context': 13, 'bonus_lists': [6893], 'modifiers': [{'type': 9, 'value': 60}, {'type': 28, 'value': 391}, {'type': 29, 'value': 40}, {'type': 30, 'value': 32}]}"
1200615639,MEDIUM,,1,199000000,169150000,"{'id': 171417, 'context': 63, 'bonus_lists': [6716, 1487]}"
1200615641,MEDIUM,,1,199000000,169150000,"{'id': 171417, 'context': 63, 'bonus_lists': [6716, 1487]}"
1200615643,MEDIUM,,1,229999900,195499900,"{'id': 171417, 'context': 65, 'bonus_lists': [6718, 1522]}"
1200615645,MEDIUM,,1,119889600,114852300,"{'id': 171417, 'context': 64, 'bonus_lists': [6717, 1507]}"
1200615646,MEDIUM,,1,3649700,1824900,"{'id': 173195, 'context': 0, 'bonus_lists': [6883], 'modifiers': [{'type': 29, 'value': 49}, {'type': 30, 'value': 32}]}"
1200615650,MEDIUM,1509200,37,,,{'id': 171266}
1200615654,MEDIUM,8879100,642,,,{'id': 172097}
1200615658,VERY_LONG,,1,210009400,,"{'id': 82800, 'context': 0, 'modifiers': [{'type': 6, 'value': 54752}], 'pet_breed_id': 16, 'pet_level': 25, 'pet_quality_id': 3, 'pet_species_id': 1395}"
1200615659,MEDIUM,,1,4250000,2125000,"{'id': 173146, 'context': 13, 'modifiers': [{'type': 29, 'value': 32}]}"
1200615661,MEDIUM,,1,4250000,2125000,"{'id': 173146, 'context': 13, 'modifiers': [{'type': 29, 'value': 49}]}"
1200615665,MEDIUM,,1,3436800,1718400,"{'id': 171380, 'context': 13, 'bonus_lists': [6885], 'modifiers': [{'type': 9, 'value': 60}, {'type': 28, 'value': 391}, {'type': 29, 'value': 36}, {'type': 30, 'value': 40}]}"
1200615670,MEDIUM,,1,11188000,7621600,"{'id': 7520, 'context': 54, 'bonus_lists': [1691, 4277], 'modifiers': [{'type': 9, 'value': 25}]}"
1200615675,VERY_LONG,49500,24,,,{'id': 52179}
1200615676,MEDIUM,,1,4599900,3219700,"{'id': 172252, 'context': 13, 'bonus_lists': [6893], 'modifiers': [{'type': 9, 'value': 51}, {'type': 28, 'value': 391}, {'type': 29, 'value': 40}, {'type': 30, 'value': 36}]}"
1200615680,MEDIUM,,1,4599900,3219700,"{'id': 172252, 'context': 13, 'bonus_lists': [6893], 'modifiers': [{'type': 9, 'value': 51}, {'type': 28, 'value': 391}, {'type': 29, 'value': 40}, {'type': 30, 'value': 49}]}"
1200615682,MEDIUM,322800,600,,,{'id': 171830}
1200615684,MEDIUM,,1,199697800,99848900,"{'id': 172924, 'context': 13}"
1200615687,MEDIUM,,1,199697800,99848900,"{'id': 172924, 'context': 13}"
1200615694,MEDIUM,,1,4489900,3092900,"{'id': 172251, 'context': 13, 'bonus_lists': [6893], 'modifiers': [{'type': 9, 'value': 51}, {'type': 28, 'value': 391}, {'type': 29, 'value': 40}, {'type': 30, 'value': 36}]}"
1200615696,MEDIUM,,1,4489900,3092900,"{'id': 172251, 'context': 13, 'bonus_lists': [6893], 'modifiers': [{'type': 9, 'value': 51}, {'type': 28, 'value': 391}, {'type': 29, 'value': 40}, {'type': 30, 'value': 49}]}"
1200615698,MEDIUM,,1,4489900,3092900,"{'id': 172251, 'context': 13, 'bonus_lists': [6893], 'modifiers': [{'type': 9, 'value': 51}, {'type': 28, 'value': 391}, {'type': 29, 'value': 36}, {'type': 30, 'value': 32}]}"
1200615700,MEDIUM,,1,4489900,3092900,"{'id': 172251, 'context': 13, 'bonus_lists': [6893], 'modifiers': [{'type': 9, 'value': 51}, {'type': 28, 'value': 391}, {'type': 29, 'value': 40}, {'type': 30, 'value': 49}]}"
1200615702,MEDIUM,,1,4489900,3092900,"{'id': 172251, 'context': 13, 'bonus_lists': [6893], 'modifiers': [{'type': 9, 'value': 51}, {'type': 28, 'value': 391}, {'type': 29, 'value': 36}, {'type': 30, 'value': 40}]}"
1200615704,MEDIUM,,1,4489900,3092900,"{'id': 172251, 'context': 13, 'bonus_lists': [6893], 'modifiers': [{'type': 9, 'value': 51}, {'type': 28, 'value': 391}, {'type': 29, 'value': 36}, {'type': 30, 'value': 40}]}"
1200615709,MEDIUM,,1,4489900,3092900,"{'id': 172251, 'context': 13, 'bonus_lists': [6893], 'modifiers': [{'type': 9, 'value': 51}, {'type': 28, 'value': 391}, {'type': 29, 'value': 49}, {'type': 30, 'value': 40}]}"
1200615712,MEDIUM,,1,1206600,1073900,"{'id': 173201, 'context': 0, 'bonus_lists': [6883], 'modifiers': [{'type': 29, 'value': 32}, {'type': 30, 'value': 40}]}"
1200615714,MEDIUM,,1,1206600,1073900,"{'id': 173201, 'context': 0, 'bonus_lists': [6883], 'modifiers': [{'type': 29, 'value': 40}, {'type': 30, 'value': 36}]}"
1200615715,VERY_LONG,29700,9,,,{'id': 52177}
1200615717,MEDIUM,39500,800,,,{'id': 172054}
1200615719,VERY_LONG,15999700,1,,,{'id': 110654}
1200615721,MEDIUM,,1,4099900,3003700,"{'id': 172265, 'context': 13, 'bonus_lists': [6893], 'modifiers': [{'type': 9, 'value': 51}, {'type': 28, 'value': 391}, {'type': 29, 'value': 32}, {'type': 30, 'value': 40}]}"
1200615723,MEDIUM,88500,800,,,{'id': 169701}
1200615726,MEDIUM,,1,4811500,2826700,"{'id': 173222, 'context': 0, 'bonus_lists': [6893], 'modifiers': [{'type': 9, 'value': 60}, {'type': 28, 'value': 391}, {'type': 29, 'value': 49}, {'type': 30, 'value': 40}]}"
1200615727,VERY_LONG,4600000,9,,,{'id': 132514}
1200615730,MEDIUM,,1,4811500,2826700,"{'id': 173222, 'context': 0, 'bonus_lists': [6893], 'modifiers': [{'type': 9, 'value': 60}, {'type': 28, 'value': 391}, {'type': 29, 'value': 40}, {'type': 30, 'value': 32}]}"
1200615732,MEDIUM,,1,4811500,2826700,"{'id': 173222, 'context': 0, 'bonus_lists': [6893], 'modifiers': [{'type': 9, 'value': 60}, {'type': 28, 'value': 391}, {'type': 29, 'value': 49}, {'type': 30, 'value': 36}]}"
1200615735,MEDIUM,,1,3947700,2858700,"{'id': 172257, 'context': 13, 'bonus_lists': [6893], 'modifiers': [{'type': 9, 'value': 51}, {'type': 28, 'value': 391}, {'type': 29, 'value': 36}, {'type': 30, 'value': 49}]}"
1200615737,VERY_LONG,27773300,1,,,{'id': 110656}
1200615740,MEDIUM,3960500,10,,,{'id': 171278}
1200615756,VERY_LONG,,1,19995600,,"{'id': 82800, 'context': 0, 'modifiers': [{'type': 6, 'value': 65091}], 'pet_breed_id': 8, 'pet_level': 25, 'pet_quality_id': 3, 'pet_species_id': 1907}"
1200615757,VERY_LONG,150000,75,,,{'id': 23425}
1200615768,VERY_LONG,415200,6,,,{'id': 4387}
1200615773,VERY_LONG,11165600,1,,,{'id': 4406}
1200615782,VERY_LONG,5948500,5,,,{'id': 21884}
1200615814,VERY_LONG,,1,29999800,,"{'id': 82800, 'context': 0, 'modifiers': [{'type': 6, 'value': 90230}], 'pet_breed_id': 17, 'pet_level': 25, 'pet_quality_id': 3, 'pet_species_id': 2563}"
1200615835,MEDIUM,730000,20,,,{'id': 168583}
1200615839,VERY_LONG,360000,64,,,{'id': 22576}
1200615875,VERY_LONG,,1,19993300,,"{'id': 82800, 'context': 0, 'modifiers': [{'type': 6, 'value': 59602}], 'pet_breed_id': 8, 'pet_level': 25, 'pet_quality_id': 3, 'pet_species_id': 1532}"
1200615909,VERY_LONG,,1,19999900,,"{'id': 82800, 'context': 0, 'modifiers': [{'type': 6, 'value': 5207}], 'pet_breed_id': 11, 'pet_level': 25, 'pet_quality_id': 3, 'pet_species_id': 50}"
1200615934,VERY_LONG,,1,19995300,,"{'id': 82800, 'context': 0, 'modifiers': [{'type': 6, 'value': 4615}], 'pet_breed_id': 7, 'pet_level': 25, 'pet_quality_id': 3, 'pet_species_id': 68}"
1200615955,VERY_LONG,,1,19996200,,"{'id': 82800, 'context': 0, 'modifiers': [{'type': 6, 'value': 6191}], 'pet_breed_id': 5, 'pet_level': 25, 'pet_quality_id': 3, 'pet_species_id': 47}"
1200615981,VERY_LONG,,1,29990000,,"{'id': 82800, 'context': 0, 'modifiers': [{'type': 6, 'value': 80954}], 'pet_breed_id': 18, 'pet_level': 25, 'pet_quality_id': 3, 'pet_species_id': 2567}"
1200615991,VERY_LONG,,1,19991600,,"{'id': 82800, 'context': 0, 'modifiers': [{'type': 6, 'value': 19987}], 'pet_breed_id': 13, 'pet_level': 25, 'pet_quality_id': 3, 'pet_species_id': 138}"
1200616008,VERY_LONG,53900,5,,,{'id': 171370}
1200616012,MEDIUM,,1,198359900,99180000,"{'id': 180208, 'context': 1, 'modifiers': [{'type': 28, 'value': 373}]}"
1200616014,VERY_LONG,,1,59993300,,"{'id': 82800, 'context': 0, 'modifiers': [{'type': 6, 'value': 90878}], 'pet_breed_id': 7, 'pet_level': 25, 'pet_quality_id': 3, 'pet_species_id': 2717}"
1200616016,MEDIUM,276700,10,,,{'id': 22573}
1200616017,MEDIUM,6005400,1,,,{'id': 172419}
1200616019,MEDIUM,660000,32,,,{'id': 184090}
1200616020,MEDIUM,,1,12249800,6124900,"{'id': 171391, 'context': 13, 'bonus_lists': [6884], 'modifiers': [{'type': 9, 'value': 60}, {'type': 28, 'value': 391}, {'type': 29, 'value': 49}, {'type': 30, 'value': 36}]}"
1200616022,MEDIUM,,1,176000000,149600000,"{'id': 171413, 'context': 63, 'bonus_lists': [6716, 1487]}"
1200616029,MEDIUM,,1,3509400,3102000,"{'id': 172260, 'context': 13, 'bonus_lists': [6893], 'modifiers': [{'type': 9, 'value': 51}, {'type': 28, 'value': 391}, {'type': 29, 'value': 36}, {'type': 30, 'value': 40}]}"
1200616030,MEDIUM,,1,10704100,5630700,"{'id': 171449, 'context': 13, 'bonus_lists': [6893], 'modifiers': [{'type': 9, 'value': 60}, {'type': 28, 'value': 391}, {'type': 29, 'value': 32}, {'type': 30, 'value': 40}]}"
1200616033,MEDIUM,,1,10704100,5630700,"{'id': 171449, 'context': 13, 'bonus_lists': [6893], 'modifiers': [{'type': 9, 'value': 60}, {'type': 28, 'value': 391}, {'type': 29, 'value': 40}, {'type': 30, 'value': 36}]}"
1200616035,MEDIUM,,1,119889600,114852300,"{'id': 171417, 'context': 64, 'bonus_lists': [6717, 1507]}"
1200616036,MEDIUM,,1,119889600,114852300,"{'id': 171417, 'context': 64, 'bonus_lists': [6717, 1507]}"
1200616038,MEDIUM,,1,119889600,114852300,"{'id': 171417, 'context': 64, 'bonus_lists': [6717, 1507]}"
1200616039,VERY_LONG,30000,13,,,{'id': 171263}
1200616040,MEDIUM,,1,119889600,114852300,"{'id': 171417, 'context': 64, 'bonus_lists': [6717, 1507]}"
1200616041,MEDIUM,,1,119889600,114852300,"{'id': 171417, 'context': 64, 'bonus_lists': [6717, 1507]}"
1200616043,VERY_LONG,,1,19999900,,"{'id': 82800, 'context': 0, 'modifiers': [{'type': 6, 'value': 71938}], 'pet_breed_id': 9, 'pet_level': 25, 'pet_quality_id': 3, 'pet_species_id': 1926}"
1200616044,MEDIUM,,1,8199900,6176300,"{'id': 172261, 'context': 13, 'bonus_lists': [6893], 'modifiers': [{'type': 9, 'value': 51}, {'type': 28, 'value': 391}, {'type': 29, 'value': 40}, {'type': 30, 'value': 32}]}"
1200616046,MEDIUM,,1,3649700,1824900,"{'id': 173195, 'context': 0, 'bonus_lists': [6883], 'modifiers': [{'type': 29, 'value': 40}, {'type': 30, 'value': 49}]}"
1200616047,MEDIUM,,1,3649700,1824900,"{'id': 173195, 'context': 0, 'bonus_lists': [6883], 'modifiers': [{'type': 29, 'value': 36}, {'type': 30, 'value': 40}]}"
1200616048,VERY_LONG,,1,6000100,,"{'id': 184506, 'context': 0}"
1200616050,MEDIUM,,1,7000400,5334000,"{'id': 173220, 'context': 0, 'bonus_lists': [6893], 'modifiers': [{'type': 9, 'value': 60}, {'type': 28, 'value': 391}, {'type': 29, 'value': 32}, {'type': 30, 'value': 36}]}"
1200616052,MEDIUM,,1,17322600,8661300,"{'id': 171385, 'context': 13, 'modifiers': [{'type': 29, 'value': 49}, {'type': 30, 'value': 36}]}"
1200616053,MEDIUM,1749800,400,,,{'id': 171428}
1200616054,MEDIUM,659300,39,,,{'id': 171269}
1200616055,MEDIUM,5700000,26,,,{'id': 172363}
1200616056,VERY_LONG,,1,55340000,,"{'id': 82800, 'context': 0, 'modifiers': [{'type': 6, 'value': 69489}], 'pet_breed_id': 10, 'pet_level': 25, 'pet_quality_id': 3, 'pet_species_id': 1700}"
1200616057,MEDIUM,5000000,2214,,,{'id': 171833}
1200616058,MEDIUM,,1,2128500,1703800,"{'id': 171377, 'context': 13, 'bonus_lists': [6887], 'modifiers': [{'type': 9, 'value': 59}, {'type': 28, 'value': 391}, {'type': 29, 'value': 49}, {'type': 30, 'value': 36}]}"
1200616059,MEDIUM,200000,1,,,{'id': 182737}
1200616060,MEDIUM,,1,3436800,1718400,"{'id': 171380, 'context': 13, 'bonus_lists': [6885], 'modifiers': [{'type': 9, 'value': 60}, {'type': 28, 'value': 391}, {'type': 29, 'value': 36}, {'type': 30, 'value': 40}]}"
1200616061,MEDIUM,,1,3436800,1718400,"{'id': 171380, 'context': 13, 'bonus_lists': [6885], 'modifiers': [{'type': 9, 'value': 60}, {'type': 28, 'value': 391}, {'type': 29, 'value': 49}, {'type': 30, 'value': 32}]}"
1200616064,MEDIUM,,1,99008600,88390900,"{'id': 171419, 'context': 64, 'bonus_lists': [6717, 7194, 1507]}"
1200616067,MEDIUM,,1,141000000,119850000,"{'id': 171419, 'context': 63, 'bonus_lists': [6716, 7194, 1487]}"
1200616068,MEDIUM,322800,933,,,{'id': 171830}
1200616069,MEDIUM,,1,199697800,99848900,"{'id': 172924, 'context': 13}"
1200616071,MEDIUM,,1,4489900,3092900,"{'id': 172251, 'context': 13, 'bonus_lists': [6893], 'modifiers': [{'type': 9, 'value': 51}, {'type': 28, 'value': 391}, {'type': 29, 'value': 49}, {'type': 30, 'value': 32}]}"
1200616073,MEDIUM,,1,4489900,3092900,"{'id': 172251, 'context': 13, 'bonus_lists': [6893], 'modifiers': [{'type': 9, 'value': 51}, {'type': 28, 'value': 391}, {'type': 29, 'value': 32}, {'type': 30, 'value': 49}]}"
1200616075,MEDIUM,,1,4489900,3092900,"{'id': 172251, 'context': 13, 'bonus_lists': [6893], 'modifiers': [{'type': 9, 'value': 51}, {'type': 28, 'value': 391}, {'type': 29, 'value': 40}, {'type': 30, 'value': 36}]}"
1200616077,MEDIUM,,1,4489900,3092900,"{'id': 172251, 'context': 13, 'bonus_lists': [6893], 'modifiers': [{'type': 9, 'value': 51}, {'type': 28, 'value': 391}, {'type': 29, 'value': 32}, {'type': 30, 'value': 40}]}"
1200616080,MEDIUM,,1,4489900,3092900,"{'id': 172251, 'context': 13, 'bonus_lists': [6893], 'modifiers': [{'type': 9, 'value': 51}, {'type': 28, 'value': 391}, {'type': 29, 'value': 36}, {'type': 30, 'value': 32}]}"
1200616083,MEDIUM,,1,4489900,3092900,"{'id': 172251, 'context': 13, 'bonus_lists': [6893], 'modifiers': [{'type': 9, 'value': 51}, {'type': 28, 'value': 391}, {'type': 29, 'value': 40}, {'type': 30, 'value': 32}]}"
1200616086,VERY_LONG,,1,44989900,,"{'id': 82800, 'context': 0, 'modifiers': [{'type': 6, 'value': 63447}], 'pet_breed_id': 18, 'pet_level': 25, 'pet_quality_id': 3, 'pet_species_id': 1661}"
1200616087,MEDIUM,,1,4489900,3092900,"{'id': 172251, 'context': 13, 'bonus_lists': [6893], 'modifiers': [{'type': 9, 'value': 51}, {'type': 28, 'value': 391}, {'type': 29, 'value': 49}, {'type': 30, 'value': 40}]}"
1200616089,MEDIUM,,1,4489900,3092900,"{'id': 172251, 'context': 13, 'bonus_lists': [6893], 'modifiers': [{'type': 9, 'value': 51}, {'type': 28, 'value': 391}, {'type': 29, 'value': 36}, {'type': 30, 'value': 32}]}"
1200616092,MEDIUM,,1,1206600,1073900,"{'id': 173201, 'context': 0, 'bonus_lists': [6883], 'modifiers': [{'type': 29, 'value': 32}, {'type': 30, 'value': 49}]}"
1200616094,MEDIUM,39500,1965,,,{'id': 172054}
1200616097,MEDIUM,,1,4099900,3003700,"{'id': 172265, 'context': 13, 'bonus_lists': [6893], 'modifiers': [{'type': 9, 'value': 51}, {'type': 28, 'value': 391}, {'type': 29, 'value': 40}, {'type': 30, 'value': 36}]}"
1200616100,MEDIUM,,1,4811500,2826700,"{'id': 173222, 'context': 0, 'bonus_lists': [6893], 'modifiers': [{'type': 9, 'value': 60}, {'type': 28, 'value': 391}, {'type': 29, 'value': 40}, {'type': 30, 'value': 36}]}"
1200617104,MEDIUM,786000,800,,,{'id': 172094}
1200617106,MEDIUM,,1,3947700,2858700,"{'id': 172257, 'context': 13, 'bonus_lists': [6893], 'modifiers': [{'type': 9, 'value': 51}, {'type': 28, 'value': 391}, {'type': 29, 'value': 40}, {'type': 30, 'value': 36}]}"
1200617113,MEDIUM,5299800,40,,,{'id': 171272}
1200617115,MEDIUM,14000000,38,,,{'id': 172415}
1200617118,MEDIUM,1660000,21,,,{'id': 173057}
1200617120,MEDIUM,190000,38,,,{'id': 171271}
1200617121,MEDIUM,4549800,30,,,{'id': 184308}
1200617122,MEDIUM,230000,20,,,{'id': 180318}
1200617123,MEDIUM,26499700,1,,,{'id': 172365}
1200617125,MEDIUM,22508900,1,,,{'id': 172043}
1200617126,VERY_LONG,,1,19990000,,"{'id': 82800, 'context': 0, 'modifiers': [{'type': 6, 'value': 94712}], 'pet_breed_id': 8, 'pet_level': 25, 'pet_quality_id': 3, 'pet_species_id': 2839}"
1200617133,VERY_LONG,280000,7,,,{'id': 171286}
1200617139,VERY_LONG,,1,25000000,,"{'id': 82800, 'context': 0, 'modifiers': [{'type': 6, 'value': 94713}], 'pet_breed_id': 14, 'pet_level': 25, 'pet_quality_id': 3, 'pet_species_id': 2840}"
1200617147,VERY_LONG,730000,6,,,{'id': 168583}
1200617162,VERY_LONG,510000,1,,,{'id': 171315}
1200617167,VERY_LONG,,1,25008700,,"{'id': 82800, 'context': 0, 'modifiers': [{'type': 6, 'value': 95152}], 'pet_breed_id': 3, 'pet_level': 25, 'pet_quality_id': 3, 'pet_species_id': 2796}"
1200617190,VERY_LONG,,1,25009900,,"{'id': 82800, 'context': 0, 'modifiers': [{'type': 6, 'value': 65637}], 'pet_breed_id': 9, 'pet_level': 25, 'pet_quality_id': 3, 'pet_species_id': 1754}"
1200617196,VERY_LONG,500,3,,,{'id': 171840}
1200617211,VERY_LONG,870000,20,,,{'id': 171291}
1200617214,VERY_LONG,,1,19990600,,"{'id': 82800, 'context': 0, 'modifiers': [{'type': 6, 'value': 94711}], 'pet_breed_id': 5, 'pet_level': 25, 'pet_quality_id': 3, 'pet_species_id': 2838}"
1200617243,VERY_LONG,,1,19991000,,"{'id': 82800, 'context': 0, 'modifiers': [{'type': 6, 'value': 77901}], 'pet_breed_id': 13, 'pet_level': 25, 'pet_quality_id': 3, 'pet_species_id': 2566}"
1200617247,VERY_LONG,1259300,1,,,{'id': 171266}
1200617270,VERY_LONG,,1,19999900,,"{'id': 82800, 'context': 0, 'modifiers': [{'type': 6, 'value': 15904}], 'pet_breed_id': 3, 'pet_level': 25, 'pet_quality_id': 3, 'pet_species_id': 118}"
1200617289,VERY_LONG,,1,25000100,,"{'id': 82800, 'context': 0, 'modifiers': [{'type': 6, 'value': 79760}], 'pet_breed_id': 15, 'pet_level': 25, 'pet_quality_id': 3, 'pet_species_id': 2120}"
1200617297,MEDIUM,,1,47900100,,"{'id': 128311, 'context': 0}"
1200617298,MEDIUM,5990000,11,,,{'id': 172347}
1200617305,VERY_LONG,,1,290000000,,"{'id': 178926, 'context': 63, 'bonus_lists': [6716, 7193, 1487]}"
1200617306,VERY_LONG,,1,290000000,,"{'id': 178926, 'context': 63, 'bonus_lists': [6716, 7193, 1487]}"
1200617308,VERY_LONG,,1,290000000,,"{'id': 178926, 'context': 63, 'bonus_lists': [6716, 7193, 1487]}"
1200617309,VERY_LONG,,1,290000000,,"{'id': 178926, 'context': 63, 'bonus_lists': [6716, 7193, 1487]}"
1200617316,MEDIUM,1003800,2,,,{'id': 172045}
1200617337,VERY_LONG,,1,39990000,,"{'id': 180208, 'context': 0, 'modifiers': [{'type': 28, 'value': 373}]}"
1200617365,MEDIUM,513500,4109,,,{'id': 173204}
1200617380,VERY_LONG,,1,500000,,"{'id': 25113, 'context': 0, 'bonus_lists': [6655, 1708], 'modifiers': [{'type': 9, 'value': 30}, {'type': 28, 'value': 1008}]}"
1200617385,MEDIUM,730000,9870,,,{'id': 168583}
1200617390,VERY_LONG,,1,500000,,"{'id': 25301, 'context': 22, 'bonus_lists': [6655, 1679], 'modifiers': [{'type': 9, 'value': 30}, {'type': 28, 'value': 1066}]}"
1200617408,VERY_LONG,,1,306000,,"{'id': 25309, 'context': 3, 'bonus_lists': [6655, 1692], 'modifiers': [{'type': 9, 'value': 30}, {'type': 28, 'value': 1014}]}"
1200617412,MEDIUM,730000,1820,,,{'id': 168583}
1200617420,VERY_LONG,,1,250000,,"{'id': 36682, 'context': 0, 'bonus_lists': [6655, 1706], 'modifiers': [{'type': 9, 'value': 30}, {'type': 28, 'value': 1017}]}"
1200617431,MEDIUM,1494900,6056,,,{'id': 171833}
1200617435,VERY_LONG,,1,306000,,"{'id': 25309, 'context': 3, 'bonus_lists': [6655, 1694], 'modifiers': [{'type': 9, 'value': 30}, {'type': 28, 'value': 1014}]}"
1200617449,VERY_LONG,,1,251100,,"{'id': 55441, 'context': 5, 'bonus_lists': [6655, 1715], 'modifiers': [{'type': 9, 'value': 35}, {'type': 28, 'value': 1029}]}"
1200617453,MEDIUM,1291300,1989,,,{'id': 172439}
1200617458,VERY_LONG,,1,251100,,"{'id': 55441, 'context': 0, 'bonus_lists': [6655, 1698], 'modifiers': [{'type': 9, 'value': 35}, {'type': 28, 'value': 1027}]}"
1200617465,MEDIUM,5000000,350,,,{'id': 172437}
1200617475,MEDIUM,16509300,142,,,{'id': 172438}
1200617482,VERY_LONG,,1,500000,,"{'id': 82231, 'context': 22, 'bonus_lists': [6655, 1680], 'modifiers': [{'type': 9, 'value': 35}, {'type': 28, 'value': 1128}]}"
1200617497,MEDIUM,150000,577,,,{'id': 171830}
1200617501,VERY_LONG,,1,500000,,"{'id': 82274, 'context': 5, 'bonus_lists': [6655, 1687], 'modifiers': [{'type': 9, 'value': 35}, {'type': 28, 'value': 2011}]}"
1200617510,MEDIUM,347800,318,,,{'id': 171832}
1200617519,VERY_LONG,,1,251100,,"{'id': 55441, 'context': 5, 'bonus_lists': [6655, 1686], 'modifiers': [{'type': 9, 'value': 35}, {'type': 28, 'value': 1029}]}"
1200617535,VERY_LONG,,1,500000,,"{'id': 82274, 'context': 22, 'bonus_lists': [6655, 1695], 'modifiers': [{'type': 9, 'value': 35}, {'type': 28, 'value': 1128}]}"
1200617551,VERY_LONG,,1,390000,,"{'id': 36399, 'context': 0, 'bonus_lists': [6654, 1677], 'modifiers': [{'type': 9, 'value': 30}, {'type': 28, 'value': 1017}]}"
1200617589,VERY_LONG,,1,499900,,"{'id': 24690, 'context': 3, 'bonus_lists': [6654, 1692], 'modifiers': [{'type': 9, 'value': 30}, {'type': 28, 'value': 1014}]}"
1200617601,VERY_LONG,,1,500000,,"{'id': 36040, 'context': 0, 'bonus_lists': [6654, 1681], 'modifiers': [{'type': 9, 'value': 30}, {'type': 28, 'value': 1017}]}"
1200617612,VERY_LONG,,1,500000,,"{'id': 36290, 'context': 0, 'bonus_lists': [6654, 1681], 'modifiers': [{'type': 9, 'value': 30}, {'type': 28, 'value': 1017}]}"
1200617626,VERY_LONG,,1,500000,,"{'id': 82041, 'context': 5, 'bonus_lists': [6654, 1693], 'modifiers': [{'type': 9, 'value': 35}, {'type': 28, 'value': 2011}]}"
1200617635,VERY_LONG,,1,500000,,"{'id': 25291, 'context': 0, 'bonus_lists': [6655, 1694], 'modifiers': [{'type': 9, 'value': 30}, {'type': 28, 'value': 1008}]}"
1200617650,VERY_LONG,,1,500000,,"{'id': 25127, 'context': 3, 'bonus_lists': [6655, 1680], 'modifiers': [{'type': 9, 'value': 30}, {'type': 28, 'value': 1014}]}"
1200617652,VERY_LONG,,1,500000,,"{'id': 25127, 'context': 0, 'bonus_lists': [6655, 1679], 'modifiers': [{'type': 9, 'value': 30}, {'type': 28, 'value': 1008}]}"
1200617662,VERY_LONG,,1,500000,,"{'id': 24802, 'context': 3, 'bonus_lists': [6654, 1709], 'modifiers': [{'type': 9, 'value': 30}, {'type': 28, 'value': 1014}]}"
1200617667,VERY_LONG,,1,500000,,"{'id': 24802, 'context': 0, 'bonus_lists': [6654, 1692], 'modifiers': [{'type': 9, 'value': 30}, {'type': 28, 'value': 1008}]}"
1200617675,VERY_LONG,,1,500000,,"{'id': 36177, 'context': 0, 'bonus_lists': [6654, 1695], 'modifiers': [{'type': 9, 'value': 30}, {'type': 28, 'value': 1017}]}"
1200617692,VERY_LONG,,1,500000,,"{'id': 25099, 'context': 3, 'bonus_lists': [6655, 1679], 'modifiers': [{'type': 9, 'value': 30}, {'type': 28, 'value': 1014}]}"
1200617700,VERY_LONG,,1,15006900,,"{'id': 14567, 'context': 1, 'bonus_lists': [6654], 'modifiers': [{'type': 9, 'value': 30}, {'type': 28, 'value': 1908}]}"
1200617702,VERY_LONG,,1,481100,,"{'id': 178950, 'context': 0, 'bonus_lists': [6908, 42, 1689], 'modifiers': [{'type': 9, 'value': 60}, {'type': 28, 'value': 2060}]}"
1200617719,VERY_LONG,,1,500000,,"{'id': 25096, 'context': 0, 'bonus_lists': [6655, 1709], 'modifiers': [{'type': 9, 'value': 30}, {'type': 28, 'value': 1008}]}"
1200617747,VERY_LONG,,1,500000,,"{'id': 121241, 'context': 0, 'bonus_lists': [6654, 1701], 'modifiers': [{'type': 9, 'value': 45}, {'type': 28, 'value': 621}]}"
1200617751,VERY_LONG,,1,41006900,,"{'id': 14590, 'context': 1, 'bonus_lists': [6654], 'modifiers': [{'type': 9, 'value': 31}, {'type': 28, 'value': 1918}]}"
1200617762,VERY_LONG,,1,500000,,"{'id': 55603, 'context': 0, 'bonus_lists': [6654, 1702], 'modifiers': [{'type': 9, 'value': 35}, {'type': 28, 'value': 1027}]}"
1200617774,VERY_LONG,,1,400000,,"{'id': 24663, 'context': 0, 'bonus_lists': [6654, 1692], 'modifiers': [{'type': 9, 'value': 30}, {'type': 28, 'value': 1008}]}"
1200617800,VERY_LONG,,1,500000,,"{'id': 24804, 'context': 3, 'bonus_lists': [6654, 1678], 'modifiers': [{'type': 9, 'value': 30}, {'type': 28, 'value': 1014}]}"
1200617818,VERY_LONG,,1,500000,,"{'id': 25022, 'context': 3, 'bonus_lists': [6654, 1681], 'modifiers': [{'type': 9, 'value': 30}, {'type': 28, 'value': 1014}]}"
1200617828,VERY_LONG,,1,500000,,"{'id': 25022, 'context': 0, 'bonus_lists': [6654, 1706], 'modifiers': [{'type': 9, 'value': 30}, {'type': 28, 'value': 1008}]}"
1200617837,VERY_LONG,,1,500000,,"{'id': 36259, 'context': 0, 'bonus_lists': [6654, 1707], 'modifiers': [{'type': 9, 'value': 30}, {'type': 28, 'value': 1017}]}"
1200617847,VERY_LONG,,1,500000,,"{'id': 36174, 'context': 0, 'bonus_lists': [6654, 1681], 'modifiers': [{'type': 9, 'value': 30}, {'type': 28, 'value': 1017}]}"
1200617860,VERY_LONG,,1,500000,,"{'id': 82241, 'context': 3, 'bonus_lists': [6654, 1707], 'modifiers': [{'type': 9, 'value': 35}, {'type': 28, 'value': 1036}]}"
1200617873,VERY_LONG,,1,500000,,"{'id': 36286, 'context': 0, 'bonus_lists': [6654, 1677], 'modifiers': [{'type': 9, 'value': 30}, {'type': 28, 'value': 1017}]}"
1200617883,VERY_LONG,,1,500000,,"{'id': 82244, 'context': 5, 'bonus_lists': [6654, 1709], 'modifiers': [{'type': 9, 'value': 35}, {'type': 28, 'value': 2011}]}"
1200617904,VERY_LONG,,1,500000,,"{'id': 55728, 'context': 0, 'bonus_lists': [6654, 1680], 'modifiers': [{'type': 9, 'value': 35}, {'type': 28, 'value': 1027}]}"
1200617912,VERY_LONG,,1,500000,,"{'id': 24686, 'context': 3, 'bonus_lists': [6654, 1693], 'modifiers': [{'type': 9, 'value': 30}, {'type': 28, 'value': 1014}]}"
1200617917,VERY_LONG,,1,500000,,"{'id': 36427, 'context': 0, 'bonus_lists': [6654, 1692], 'modifiers': [{'type': 9, 'value': 30}, {'type': 28, 'value': 1017}]}"
1200617930,VERY_LONG,,1,750000,,"{'id': 113932, 'context': 6, 'bonus_lists': [567], 'modifiers': [{'type': 28, 'value': 2021}]}"
1200617971,VERY_LONG,9500,43,,,{'id': 21882}
1200617985,VERY_LONG,5000,2,,,{'id': 69237}
1200617992,VERY_LONG,5000,4,,,{'id': 32428}
1200618002,VERY_LONG,513500,8,,,{'id': 173204}
1200618009,VERY_LONG,1500000,30,,,{'id': 153597}
1200618013,VERY_LONG,181300,1,,,{'id': 89112}
1200618022,VERY_LONG,119700,4,,,{'id': 76141}
1200618028,VERY_LONG,4300,30,,,{'id': 113261}
1200618038,VERY_LONG,,1,500000,,"{'id': 52366, 'context': 0, 'modifiers': [{'type': 28, 'value': 1027}]}"
1200618044,VERY_LONG,1500,218,,,{'id': 113262}
1200618052,VERY_LONG,1600,12,,,{'id': 113264}
1200618053,VERY_LONG,50000,2,,,{'id': 32227}
1200618057,VERY_LONG,248800,1,,,{'id': 32229}
1200618065,VERY_LONG,200000,1,,,{'id': 32228}
1200618081,VERY_LONG,104900,11,,,{'id': 76133}
1200620222,VERY_LONG,513500,7,,,{'id': 173204}
1200620270,VERY_LONG,165000,4,,,{'id': 171831}
1200620287,VERY_LONG,75500,6,,,{'id': 171828}
1200620292,VERY_LONG,990000,2,,,{'id': 172055}
1200620390,VERY_LONG,9600,6,,,{'id': 109128}
1200620455,VERY_LONG,28962500,1,,,{'id': 177256}
1200620457,VERY_LONG,1907400,23,,,{'id': 173168}
1200620460,VERY_LONG,10000,4,,,{'id': 172052}
1200620463,VERY_LONG,290000,10,,,{'id': 153439}
1200620469,VERY_LONG,,1,595000,,"{'id': 21931, 'context': 0, 'bonus_lists': [6844]}"
1200620470,VERY_LONG,,1,595000,,"{'id': 21931, 'context': 0, 'bonus_lists': [6844]}"
1200620472,VERY_LONG,,1,595000,,"{'id': 21931, 'context': 0, 'bonus_lists': [6844]}"
1200620475,VERY_LONG,75500,77,,,{'id': 171828}
1200620489,VERY_LONG,88500,52,,,{'id': 169701}
1200620505,VERY_LONG,510000,3,,,{'id': 171315}
1200620526,VERY_LONG,5000,9,,,{'id': 109693}
1200620532,VERY_LONG,1494900,2,,,{'id': 171833}
1200620533,MEDIUM,990000,133,,,{'id': 172055}
1200620554,VERY_LONG,39900,2,,,{'id': 171841}
1200620696,VERY_LONG,,1,6491900,,"{'id': 82800, 'context': 0, 'modifiers': [{'type': 6, 'value': 71835}], 'pet_breed_id': 8, 'pet_level': 1, 'pet_quality_id': 3, 'pet_species_id': 1721}"
1200620698,VERY_LONG,,1,27341600,,"{'id': 113865, 'context': 6, 'bonus_lists': [567]}"
1200620714,VERY_LONG,66500,1,,,{'id': 22449}
1200620769,VERY_LONG,19706700,1,,,{'id': 136825}
1200620799,VERY_LONG,,1,3950000,,"{'id': 173247, 'context': 63, 'bonus_lists': [6716, 1487]}"
1200620802,VERY_LONG,,1,3950000,,"{'id': 173247, 'context': 63, 'bonus_lists': [6716, 1487]}"
1200620803,VERY_LONG,,1,3950000,,"{'id': 173247, 'context': 63, 'bonus_lists': [6716, 1487]}"
1200620806,VERY_LONG,,1,3950000,,"{'id': 173247, 'context': 63, 'bonus_lists': [6716, 1487]}"
1200620808,VERY_LONG,,1,3950000,,"{'id': 173247, 'context': 63, 'bonus_lists': [6716, 1487]}"
1200620812,VERY_LONG,,1,3950000,,"{'id': 173247, 'context': 63, 'bonus_lists': [6716, 1487]}"
1200620814,VERY_LONG,,1,3950000,,"{'id': 173247, 'context': 63, 'bonus_lists': [6716, 1487]}"
1200620817,VERY_LONG,,1,3950000,,"{'id': 173247, 'context': 63, 'bonus_lists': [6716, 1487]}"
1200620819,VERY_LONG,,1,3950000,,"{'id': 173247, 'context': 63, 'bonus_lists': [6716, 1487]}"
1200620822,VERY_LONG,,1,3950000,,"{'id': 173247, 'context': 63, 'bonus_lists': [6716, 1487]}"
1200620825,VERY_LONG,,1,3950000,,"{'id': 173247, 'context': 63, 'bonus_lists': [6716, 1487]}"
1200620828,VERY_LONG,,1,3950000,,"{'id': 173247, 'context': 63, 'bonus_lists': [6716, 1487]}"
1200620831,VERY_LONG,,1,3950000,,"{'id': 173247, 'context': 63, 'bonus_lists': [6716, 1487]}"
1200620836,VERY_LONG,,1,3950000,,"{'id': 173247, 'context': 63, 'bonus_lists': [6716, 1487]}"
1200620842,VERY_LONG,,1,3950000,,"{'id': 173247, 'context': 63, 'bonus_lists': [6716, 1487]}"
1200620846,VERY_LONG,,1,3950000,,"{'id': 173247, 'context': 63, 'bonus_lists': [6716, 1487]}"
1200620848,VERY_LONG,,1,3950000,,"{'id': 173247, 'context': 63, 'bonus_lists': [6716, 1487]}"
1200620850,VERY_LONG,,1,3950000,,"{'id': 173247, 'context': 63, 'bonus_lists': [6716, 1487]}"
1200620853,VERY_LONG,,1,3950000,,"{'id': 173247, 'context': 63, 'bonus_lists': [6716, 1487]}"
1200620856,VERY_LONG,,1,3950000,,"{'id': 173247, 'context': 63, 'bonus_lists': [6716, 1487]}"
1200620859,VERY_LONG,,1,3950000,,"{'id': 173247, 'context': 63, 'bonus_lists': [6716, 1487]}"
1200620862,VERY_LONG,,1,3950000,,"{'id': 173247, 'context': 63, 'bonus_lists': [6716, 1487]}"
1200620881,VERY_LONG,3300,27,,,{'id': 172052}
1200620893,VERY_LONG,5000,19,,,{'id': 124437}
1200029081,VERY_LONG,,1,198999600,99499800,"{'id': 82800, 'context': 0, 'modifiers': [{'type': 6, 'value': 98482}], 'pet_breed_id': 17, 'pet_level': 1, 'pet_quality_id': 2, 'pet_species_id': 3062}"
1200620935,VERY_LONG,513500,2,,,{'id': 173204}
1200620956,VERY_LONG,605100,2,,,{'id': 153479}
1200620963,VERY_LONG,,1,4495000,,"{'id': 114821, 'context': 0}"
1200620964,VERY_LONG,,1,4495000,,"{'id': 114821, 'context': 0}"
1200620966,VERY_LONG,,1,4495000,,"{'id': 114821, 'context': 0}"
1200620967,VERY_LONG,,1,4495000,,"{'id': 114821, 'context': 0}"
1200620969,VERY_LONG,,1,4495000,,"{'id': 114821, 'context': 0}"
1200620971,VERY_LONG,,1,4495000,,"{'id': 114821, 'context': 0}"
1200620972,VERY_LONG,,1,4495000,,"{'id': 114821, 'context': 0}"
1200621009,VERY_LONG,280000,1,,,{'id': 171286}
1200621020,VERY_LONG,50000,5,,,{'id': 128304}
1200621022,VERY_LONG,,1,850009600,,"{'id': 183035, 'context': 5, 'bonus_lists': [7188, 40, 7194, 1485, 6646], 'modifiers': [{'type': 28, 'value': 752}]}"
1200621029,VERY_LONG,99500,3,,,{'id': 124101}
1200621042,VERY_LONG,300,12,,,{'id': 124118}
1200621043,VERY_LONG,,1,9800,,"{'id': 82800, 'context': 0, 'modifiers': [{'type': 6, 'value': 99899}], 'pet_breed_id': 20, 'pet_level': 1, 'pet_quality_id': 2, 'pet_species_id': 2925}"
1200621044,VERY_LONG,,1,9800,,"{'id': 82800, 'context': 0, 'modifiers': [{'type': 6, 'value': 99899}], 'pet_breed_id': 4, 'pet_level': 1, 'pet_quality_id': 2, 'pet_species_id': 2925}"
1200621046,VERY_LONG,,1,9800,,"{'id': 82800, 'context': 0, 'modifiers': [{'type': 6, 'value': 99899}], 'pet_breed_id': 4, 'pet_level': 1, 'pet_quality_id': 2, 'pet_species_id': 2925}"
1200621048,VERY_LONG,,1,9800,,"{'id': 82800, 'context': 0, 'modifiers': [{'type': 6, 'value': 99899}], 'pet_breed_id': 7, 'pet_level': 1, 'pet_quality_id': 2, 'pet_species_id': 2925}"
1200621049,VERY_LONG,,1,9800,,"{'id': 82800, 'context': 0, 'modifiers': [{'type': 6, 'value': 99899}], 'pet_breed_id': 17, 'pet_level': 1, 'pet_quality_id': 2, 'pet_species_id': 2925}"
1200621053,VERY_LONG,88500,82,,,{'id': 169701}
1200621054,VERY_LONG,120000,18,,,{'id': 124119}
1200621055,VERY_LONG,550000,7,,,{'id': 109218}
1200621057,VERY_LONG,42800,1598,,,{'id': 94288}
1200621070,VERY_LONG,5000,1,,,{'id': 22829}
1200621073,VERY_LONG,100,29,,,{'id': 124117}
1200621074,VERY_LONG,,1,20000000,,"{'id': 41127, 'context': 0, 'bonus_lists': [6874]}"
1200621076,VERY_LONG,,1,20000000,,"{'id': 41127, 'context': 0, 'bonus_lists': [6874]}"
1200621078,VERY_LONG,,1,20000000,,"{'id': 41127, 'context': 0}"
1200621080,VERY_LONG,,1,20000000,,"{'id': 41127, 'context': 0}"
1200621082,VERY_LONG,,1,20000000,,"{'id': 41127, 'context': 0, 'bonus_lists': [6874]}"
1200621085,VERY_LONG,7770000,4,,,{'id': 181468}
1200621090,VERY_LONG,510000,15,,,{'id': 171315}
1200621100,VERY_LONG,5000,2,,,{'id': 152503}
1200622117,VERY_LONG,2220000,3,,,{'id': 81413}
1200622125,VERY_LONG,8322500,18,,,{'id': 173171}
1200622141,VERY_LONG,1120000,3,,,{'id': 176811}
1200622143,VERY_LONG,,1,19990000,,"{'id': 120138, 'context': 0}"
1200622147,VERY_LONG,786000,10,,,{'id': 172094}
1200622149,VERY_LONG,427400,4,,,{'id': 172096}
1200622150,VERY_LONG,53900,20,,,{'id': 171370}
1200622153,VERY_LONG,230000,46,,,{'id': 74841}
1200622154,VERY_LONG,53900,4,,,{'id': 171370}
1200622157,VERY_LONG,1756200,20,,,{'id': 173173}
1200622161,VERY_LONG,1009500,4,,,{'id': 171290}
1200622163,VERY_LONG,235400,69,,,{'id': 74844}
1200622168,VERY_LONG,6227100,15,,,{'id': 173172}
1200622175,VERY_LONG,,1,1000000,,"{'id': 6219, 'context': 14, 'modifiers': [{'type': 28, 'value': 868}]}"
1200622179,VERY_LONG,5659700,22,,,{'id': 173170}
1200622185,VERY_LONG,17300,20,,,{'id': 172046}
1200622187,VERY_LONG,190000,40,,,{'id': 173129}
1200622193,VERY_LONG,756400,8,,,{'id': 171288}
1200622198,VERY_LONG,1009700,14,,,{'id': 171289}
1200622204,VERY_LONG,300000,20,,,{'id': 173128}
1200622205,VERY_LONG,17300,1,,,{'id': 172046}
1200622212,VERY_LONG,190000,10,,,{'id': 171271}
1200622224,VERY_LONG,1716100,5,,,{'id': 44739}
1200622227,VERY_LONG,190000,30,,,{'id': 173127}
1200622230,VERY_LONG,459000,10,,,{'id': 173121}
1200622352,VERY_LONG,1716100,5,,,{'id': 44739}
1200622362,VERY_LONG,960600,20,,,{'id': 40536}
1200622370,VERY_LONG,,1,630009500,,"{'id': 171415, 'context': 65, 'bonus_lists': [6718, 7193, 1522]}"
1200622376,VERY_LONG,1499600,1,,,{'id': 81055}
1200622387,VERY_LONG,490000000,1,,,{'id': 179309}
1200622401,VERY_LONG,960600,10,,,{'id': 40536}
1200622421,VERY_LONG,513500,3,,,{'id': 173204}
1200622453,VERY_LONG,499800,10,,,{'id': 39682}
1200622462,VERY_LONG,49900,30,,,{'id': 37705}
1200622474,VERY_LONG,5072700,2,,,{'id': 39690}
1200622479,VERY_LONG,,1,1707700,,"{'id': 110274, 'context': 0}"
1200622480,VERY_LONG,,1,799900,,"{'id': 176802, 'context': 0, 'bonus_lists': [6908, 6652, 1709], 'modifiers': [{'type': 9, 'value': 60}, {'type': 28, 'value': 1707}]}"
1200622488,VERY_LONG,1899900,88,,,{'id': 39681}
1200622505,VERY_LONG,40000,5,,,{'id': 173108}
1200622524,VERY_LONG,3300,12,,,{'id': 172052}
1200622540,VERY_LONG,1835300,1,,,{'id': 173081}
1200622549,VERY_LONG,24600,13,,,{'id': 172092}
1200622555,VERY_LONG,7770000,2,,,{'id': 181468}
1200622600,VERY_LONG,709900,19,,,{'id': 172231}
1200622605,VERY_LONG,22271700,1,,,{'id': 173075}
1200622625,MEDIUM,,1,38714000,,"{'id': 173145, 'context': 13, 'bonus_lists': [7185], 'modifiers': [{'type': 9, 'value': 60}, {'type': 29, 'value': 40}]}"
1200622626,MEDIUM,,1,38714000,,"{'id': 173145, 'context': 13, 'bonus_lists': [7185], 'modifiers': [{'type': 9, 'value': 60}, {'type': 29, 'value': 36}]}"
1200622627,MEDIUM,,1,38714000,,"{'id': 173145, 'context': 13, 'bonus_lists': [7185], 'modifiers': [{'type': 9, 'value': 60}, {'type': 29, 'value': 40}]}"
1200622629,VERY_LONG,150000,84,,,{'id': 172230}
1200622644,MEDIUM,,1,46834900,,"{'id': 173132, 'context': 13, 'bonus_lists': [7185], 'modifiers': [{'type': 9, 'value': 60}, {'type': 29, 'value': 36}]}"
1200622646,MEDIUM,,1,46834900,,"{'id': 173132, 'context': 13, 'bonus_lists': [7185], 'modifiers': [{'type': 9, 'value': 60}, {'type': 29, 'value': 32}]}"
1200622649,MEDIUM,,1,46834900,,"{'id': 173132, 'context': 13, 'bonus_lists': [7185], 'modifiers': [{'type': 9, 'value': 60}, {'type': 29, 'value': 40}]}"
1200622663,MEDIUM,,1,600000000,,"{'id': 172321, 'context': 65, 'bonus_lists': [6718, 7194, 1522]}"
1200622665,MEDIUM,,1,600000000,,"{'id': 172321, 'context': 65, 'bonus_lists': [6718, 7193, 1522]}"
1200622672,VERY_LONG,786000,5,,,{'id': 172094}
1200622674,MEDIUM,,1,320000000,,"{'id': 172321, 'context': 64, 'bonus_lists': [6717, 7194, 1507]}"
1200622680,MEDIUM,,1,400005000,,"{'id': 172316, 'context': 65, 'bonus_lists': [6718, 1522]}"
1200622683,MEDIUM,,1,400005000,,"{'id': 172316, 'context': 65, 'bonus_lists': [6718, 1522]}"
1200622694,MEDIUM,,1,850000400,,"{'id': 172316, 'context': 66, 'bonus_lists': [6758, 1532]}"
1200622700,MEDIUM,,1,350000000,,"{'id': 172317, 'context': 64, 'bonus_lists': [6717, 7194, 1507]}"
1200622710,MEDIUM,,1,360000000,,"{'id': 172316, 'context': 64, 'bonus_lists': [6717, 1507]}"
1200622716,MEDIUM,,1,245000000,,"{'id': 172318, 'context': 64, 'bonus_lists': [6717, 1507]}"
1200622724,MEDIUM,,1,235000000,,"{'id': 172314, 'context': 63, 'bonus_lists': [6716, 1487]}"
1200622747,VERY_LONG,12700,5,,,{'id': 172935}
1200622761,MEDIUM,,1,33315400,,"{'id': 173144, 'context': 13, 'bonus_lists': [7185], 'modifiers': [{'type': 9, 'value': 60}, {'type': 29, 'value': 32}]}"
1200622763,MEDIUM,,1,33315400,,"{'id': 173144, 'context': 13, 'bonus_lists': [7185], 'modifiers': [{'type': 9, 'value': 60}, {'type': 29, 'value': 49}]}"
1200622764,MEDIUM,,1,33315400,,"{'id': 173144, 'context': 13, 'bonus_lists': [7185], 'modifiers': [{'type': 9, 'value': 60}, {'type': 29, 'value': 49}]}"
1200622766,VERY_LONG,513500,3,,,{'id': 173204}
1200622793,VERY_LONG,19809900,1,,,{'id': 177842}
1200622797,VERY_LONG,,1,1250000000,,"{'id': 183013, 'context': 5, 'bonus_lists': [7188, 6652, 1485, 6646], 'modifiers': [{'type': 28, 'value': 752}]}"
1200622816,VERY_LONG,19809900,1,,,{'id': 177842}
1200622871,VERY_LONG,14850000,1,,,{'id': 173085}
1200622894,VERY_LONG,,1,9999900,7500000,"{'id': 163936, 'context': 54, 'bonus_lists': [40, 1472, 4786], 'modifiers': [{'type': 28, 'value': 1257}]}"
1200622900,VERY_LONG,9980800,1,,,{'id': 173082}
1200622964,VERY_LONG,19537400,1,,,{'id': 173077}
1200625157,VERY_LONG,,1,2260000,,"{'id': 9959, 'context': 1, 'bonus_lists': [6654, 1679], 'modifiers': [{'type': 9, 'value': 30}, {'type': 28, 'value': 282}]}"
1200625158,VERY_LONG,99900,7,,,{'id': 723}
1200625160,VERY_LONG,,1,1410000,,"{'id': 7540, 'context': 1, 'bonus_lists': [6654, 1680], 'modifiers': [{'type': 9, 'value': 30}, {'type': 28, 'value': 282}]}"
1200625162,VERY_LONG,2900,1,,,{'id': 5465}
1200625167,VERY_LONG,,1,11860000,,"{'id': 13102, 'context': 1, 'bonus_lists': [6658], 'modifiers': [{'type': 9, 'value': 30}, {'type': 28, 'value': 282}]}"
1200625168,VERY_LONG,19900,4,,,{'id': 6889}
1200625170,VERY_LONG,,1,2440000,,"{'id': 10069, 'context': 1, 'bonus_lists': [6654, 1709], 'modifiers': [{'type': 9, 'value': 30}, {'type': 28, 'value': 282}]}"
1200625181,VERY_LONG,,1,980000,,"{'id': 1994, 'context': 1, 'bonus_lists': [6655, 1681], 'modifiers': [{'type': 9, 'value': 30}, {'type': 28, 'value': 282}]}"
1200625183,VERY_LONG,5489600,26,,,{'id': 8766}
1200625185,VERY_LONG,,1,137830000,,"{'id': 18741, 'context': 1, 'bonus_lists': [6710], 'modifiers': [{'type': 9, 'value': 30}, {'type': 28, 'value': 282}]}"
1200625188,VERY_LONG,500,2,,,{'id': 3173}
1200625191,VERY_LONG,,1,3030000,,"{'id': 7519, 'context': 1, 'bonus_lists': [6654, 1681], 'modifiers': [{'type': 9, 'value': 30}, {'type': 28, 'value': 282}]}"
1200625194,VERY_LONG,,1,1500000000,,"{'id': 146989, 'context': 4, 'bonus_lists': [3564, 1472, 3528], 'modifiers': [{'type': 28, 'value': 498}]}"
1200625196,VERY_LONG,,1,10770000,,"{'id': 4690, 'context': 0, 'modifiers': [{'type': 28, 'value': 6}]}"
1200625198,VERY_LONG,10800,5,,,{'id': 7972}
1200625204,VERY_LONG,,1,10170000,,"{'id': 9962, 'context': 1, 'bonus_lists': [6654, 1707], 'modifiers': [{'type': 9, 'value': 30}, {'type': 28, 'value': 282}]}"
1200625210,VERY_LONG,380000,5,,,{'id': 8948}
1200625212,VERY_LONG,29900,34,,,{'id': 769}
1200625216,VERY_LONG,,1,870000,,"{'id': 8199, 'context': 1, 'bonus_lists': [6655, 1695], 'modifiers': [{'type': 9, 'value': 30}, {'type': 28, 'value': 282}]}"
1200625220,VERY_LONG,139900,1,,,{'id': 2677}
1200625222,VERY_LONG,19900,5,,,{'id': 2835}
1200625225,VERY_LONG,1900,1,,,{'id': 2673}
1200625228,VERY_LONG,,1,649900,,"{'id': 9801, 'context': 0, 'bonus_lists': [6654, 1705], 'modifiers': [{'type': 9, 'value': 30}, {'type': 28, 'value': 15}]}"
1200625232,VERY_LONG,29900,1,,,{'id': 783}
1200625242,VERY_LONG,,1,4139900,,"{'id': 48124, 'context': 0, 'modifiers': [{'type': 28, 'value': 15}]}"
1200625248,VERY_LONG,2900,3,,,{'id': 12735}
1200625254,VERY_LONG,48900,4,,,{'id': 2318}
1200625255,VERY_LONG,,1,3300000,,"{'id': 8300, 'context': 1, 'bonus_lists': [6654], 'modifiers': [{'type': 9, 'value': 30}, {'type': 28, 'value': 205}]}"
1200625418,VERY_LONG,,1,17500000,,"{'id': 172238, 'context': 13, 'bonus_lists': [6885, 7224], 'modifiers': [{'type': 9, 'value': 60}, {'type': 28, 'value': 391}, {'type': 29, 'value': 49}, {'type': 30, 'value': 32}]}"
1200625421,VERY_LONG,,1,17500000,,"{'id': 172238, 'context': 13, 'bonus_lists': [6885, 7224], 'modifiers': [{'type': 9, 'value': 60}, {'type': 28, 'value': 391}, {'type': 29, 'value': 40}, {'type': 30, 'value': 49}]}"
1200625424,VERY_LONG,,1,17500000,,"{'id': 172238, 'context': 13, 'bonus_lists': [6885, 7224], 'modifiers': [{'type': 9, 'value': 60}, {'type': 28, 'value': 391}, {'type': 29, 'value': 36}, {'type': 30, 'value': 40}]}"
1200625428,VERY_LONG,,1,17500000,,"{'id': 172238, 'context': 13, 'bonus_lists': [6885, 7224], 'modifiers': [{'type': 9, 'value': 60}, {'type': 28, 'value': 391}, {'type': 29, 'value': 32}, {'type': 30, 'value': 49}]}"
1200625431,VERY_LONG,,1,17500000,,"{'id': 172238, 'context': 13, 'bonus_lists': [6885, 7224], 'modifiers': [{'type': 9, 'value': 60}, {'type': 28, 'value': 391}, {'type': 29, 'value': 49}, {'type': 30, 'value': 36}]}"
1200625455,VERY_LONG,,1,17500000,,"{'id': 172236, 'context': 13, 'bonus_lists': [6887, 7224], 'modifiers': [{'type': 9, 'value': 60}, {'type': 28, 'value': 391}, {'type': 29, 'value': 32}, {'type': 30, 'value': 49}]}"
1200625457,VERY_LONG,,1,17500000,,"{'id': 172236, 'context': 13, 'bonus_lists': [6887, 7224], 'modifiers': [{'type': 9, 'value': 60}, {'type': 28, 'value': 391}, {'type': 29, 'value': 32}, {'type': 30, 'value': 36}]}"
1200625458,VERY_LONG,,1,17500000,,"{'id': 172236, 'context': 13, 'bonus_lists': [6887, 7224], 'modifiers': [{'type': 9, 'value': 60}, {'type': 28, 'value': 391}, {'type': 29, 'value': 49}, {'type': 30, 'value': 32}]}"
1200625460,VERY_LONG,,1,17500000,,"{'id': 172236, 'context': 13, 'bonus_lists': [6887, 7224], 'modifiers': [{'type': 9, 'value': 60}, {'type': 28, 'value': 391}, {'type': 29, 'value': 49}, {'type': 30, 'value': 32}]}"
1200625463,VERY_LONG,,1,17500000,,"{'id': 172236, 'context': 13, 'bonus_lists': [6887, 7224], 'modifiers': [{'type': 9, 'value': 60}, {'type': 28, 'value': 391}, {'type': 29, 'value': 40}, {'type': 30, 'value': 36}]}"
1200625471,VERY_LONG,,1,17500000,,"{'id': 172234, 'context': 13, 'bonus_lists': [6890, 7224], 'modifiers': [{'type': 9, 'value': 60}, {'type': 28, 'value': 391}, {'type': 29, 'value': 36}, {'type': 30, 'value': 40}]}"
1200625473,VERY_LONG,,1,17500000,,"{'id': 172234, 'context': 13, 'bonus_lists': [6890, 7224], 'modifiers': [{'type': 9, 'value': 60}, {'type': 28, 'value': 391}, {'type': 29, 'value': 40}, {'type': 30, 'value': 36}]}"
1200625475,VERY_LONG,,1,17500000,,"{'id': 172234, 'context': 13, 'bonus_lists': [6890, 7224], 'modifiers': [{'type': 9, 'value': 60}, {'type': 28, 'value': 391}, {'type': 29, 'value': 36}, {'type': 30, 'value': 49}]}"
1200625478,VERY_LONG,,1,17500000,,"{'id': 172234, 'context': 13, 'bonus_lists': [6890, 7224], 'modifiers': [{'type': 9, 'value': 60}, {'type': 28, 'value': 391}, {'type': 29, 'value': 49}, {'type': 30, 'value': 32}]}"
1200625480,VERY_LONG,,1,17500000,,"{'id': 172234, 'context': 13, 'bonus_lists': [6890, 7224], 'modifiers': [{'type': 9, 'value': 60}, {'type': 28, 'value': 391}, {'type': 29, 'value': 36}, {'type': 30, 'value': 32}]}"
1200625489,VERY_LONG,,1,17500000,,"{'id': 172239, 'context': 13, 'bonus_lists': [6890, 7224], 'modifiers': [{'type': 9, 'value': 60}, {'type': 28, 'value': 391}, {'type': 29, 'value': 49}, {'type': 30, 'value': 32}]}"
1200625492,VERY_LONG,,1,17500000,,"{'id': 172239, 'context': 13, 'bonus_lists': [6890, 7224], 'modifiers': [{'type': 9, 'value': 60}, {'type': 28, 'value': 391}, {'type': 29, 'value': 32}, {'type': 30, 'value': 40}]}"
1200625495,VERY_LONG,,1,17500000,,"{'id': 172239, 'context': 13, 'bonus_lists': [6890, 7224], 'modifiers': [{'type': 9, 'value': 60}, {'type': 28, 'value': 391}, {'type': 29, 'value': 32}, {'type': 30, 'value': 40}]}"
1200625499,VERY_LONG,,1,17500000,,"{'id': 172239, 'context': 13, 'bonus_lists': [6890, 7224], 'modifiers': [{'type': 9, 'value': 60}, {'type': 28, 'value': 391}, {'type': 29, 'value': 49}, {'type': 30, 'value': 40}]}"
1200625502,VERY_LONG,,1,17500000,,"{'id': 172239, 'context': 13, 'bonus_lists': [6890, 7224], 'modifiers': [{'type': 9, 'value': 60}, {'type': 28, 'value': 391}, {'type': 29, 'value': 49}, {'type': 30, 'value': 40}]}"
1200625520,VERY_LONG,,1,17500000,,"{'id': 172237, 'context': 13, 'bonus_lists': [6887, 7224], 'modifiers': [{'type': 9, 'value': 60}, {'type': 28, 'value': 391}, {'type': 29, 'value': 40}, {'type': 30, 'value': 32}]}"
1200625523,VERY_LONG,,1,17500000,,"{'id': 172237, 'context': 13, 'bonus_lists': [6887, 7224], 'modifiers': [{'type': 9, 'value': 60}, {'type': 28, 'value': 391}, {'type': 29, 'value': 32}, {'type': 30, 'value': 36}]}"
1200625526,VERY_LONG,,1,17500000,,"{'id': 172237, 'context': 13, 'bonus_lists': [6887, 7224], 'modifiers': [{'type': 9, 'value': 60}, {'type': 28, 'value': 391}, {'type': 29, 'value': 49}, {'type': 30, 'value': 40}]}"
1200625530,VERY_LONG,,1,17500000,,"{'id': 172237, 'context': 13, 'bonus_lists': [6887, 7224], 'modifiers': [{'type': 9, 'value': 60}, {'type': 28, 'value': 391}, {'type': 29, 'value': 36}, {'type': 30, 'value': 32}]}"
1200625585,MEDIUM,,1,997500,,"{'id': 6217, 'context': 0, 'modifiers': [{'type': 28, 'value': 868}]}"
1200625587,MEDIUM,,1,997500,,"{'id': 6217, 'context': 0, 'modifiers': [{'type': 28, 'value': 868}]}"
1200625596,MEDIUM,,1,7000400,,"{'id': 173220, 'context': 0, 'bonus_lists': [6893], 'modifiers': [{'type': 9, 'value': 60}, {'type': 28, 'value': 391}, {'type': 29, 'value': 32}, {'type': 30, 'value': 36}]}"
1200625609,MEDIUM,,1,66935400,,"{'id': 175562, 'context': 0, 'bonus_lists': [6907, 1692], 'modifiers': [{'type': 9, 'value': 60}, {'type': 28, 'value': 1707}]}"
1200625615,MEDIUM,2000100,3,,,{'id': 172410}
1200625749,MEDIUM,468700,18,,,{'id': 171437}
1200625754,MEDIUM,605800,2,,,{'id': 173123}
1200625779,VERY_LONG,513500,26,,,{'id': 173204}
1200625789,VERY_LONG,150000,9,,,{'id': 172230}
1200625816,VERY_LONG,709900,23,,,{'id': 172231}
1200625848,VERY_LONG,1494900,2,,,{'id': 171833}
1200625850,VERY_LONG,4958000,4,,,{'id': 173049}
1200625863,VERY_LONG,1000,5,,,{'id': 154897}
1200625963,VERY_LONG,22835100,1,,,{'id': 177841}
1200626069,VERY_LONG,19801400,1,,,{'id': 173090}
1200626086,VERY_LONG,19801400,1,,,{'id': 173090}
1200626099,VERY_LONG,,1,599990000,,"{'id': 183008, 'context': 3, 'bonus_lists': [7189, 6652, 1472, 6646], 'modifiers': [{'type': 28, 'value': 751}]}"
1200628144,MEDIUM,,1,28887300,27442900,"{'id': 116460, 'context': 0, 'bonus_lists': [6655, 37], 'modifiers': [{'type': 9, 'value': 40}, {'type': 28, 'value': 302}]}"
1200628149,VERY_LONG,2999900,5,,,{'id': 56477}
1200628152,MEDIUM,,1,1515100,1439300,"{'id': 15325, 'context': 0, 'bonus_lists': [6655, 1693], 'modifiers': [{'type': 9, 'value': 30}, {'type': 28, 'value': 1005}]}"
1200628156,MEDIUM,,1,7421600,7050500,"{'id': 176761, 'context': 0, 'bonus_lists': [6907, 6652, 7193, 1716], 'modifiers': [{'type': 9, 'value': 60}, {'type': 28, 'value': 1707}]}"
1200628158,MEDIUM,,1,4494800,4270100,"{'id': 175560, 'context': 0, 'bonus_lists': [6907, 1707], 'modifiers': [{'type': 9, 'value': 60}, {'type': 28, 'value': 1707}]}"
1200628162,MEDIUM,,1,4959700,4711700,"{'id': 176972, 'context': 2, 'bonus_lists': [6907, 6652, 1693], 'modifiers': [{'type': 9, 'value': 60}, {'type': 28, 'value': 748}]}"
1200628165,MEDIUM,,1,1308700,1243300,"{'id': 5956, 'context': 14, 'modifiers': [{'type': 28, 'value': 196}]}"
1200628169,MEDIUM,,1,1308700,1243300,"{'id': 5956, 'context': 14, 'modifiers': [{'type': 28, 'value': 196}]}"
1200628171,MEDIUM,,1,17301400,16436300,"{'id': 56491, 'context': 0, 'bonus_lists': [1702, 6846]}"
1200628173,MEDIUM,,1,17301400,16436300,"{'id': 56491, 'context': 0, 'bonus_lists': [1701, 6846]}"
1200628178,MEDIUM,,1,499900,474900,"{'id': 15246, 'context': 0, 'bonus_lists': [6655, 1679], 'modifiers': [{'type': 9, 'value': 30}, {'type': 28, 'value': 1005}]}"
1200628181,MEDIUM,,1,49998500,47498600,"{'id': 173054, 'context': 13, 'modifiers': [{'type': 29, 'value': 36}, {'type': 30, 'value': 32}]}"
1200628187,MEDIUM,,1,1891400,1796800,"{'id': 175566, 'context': 0, 'bonus_lists': [6907, 1702], 'modifiers': [{'type': 9, 'value': 60}, {'type': 28, 'value': 1707}]}"
1200628190,MEDIUM,,1,197200800,187340800,"{'id': 118884, 'context': 0, 'bonus_lists': [6660], 'modifiers': [{'type': 9, 'value': 40}, {'type': 28, 'value': 276}]}"
1200628194,MEDIUM,,1,1239200,1177200,"{'id': 176774, 'context': 0, 'bonus_lists': [6907, 6652, 7193, 1682], 'modifiers': [{'type': 9, 'value': 60}, {'type': 28, 'value': 1707}]}"
1200628197,MEDIUM,,1,999900,949900,"{'id': 16799, 'context': 0, 'modifiers': [{'type': 28, 'value': 1004}]}"
1200628201,VERY_LONG,799100,5,,,{'id': 168822}
1200628204,MEDIUM,,1,2003700,1903500,"{'id': 15257, 'context': 0, 'bonus_lists': [6655, 1678], 'modifiers': [{'type': 9, 'value': 30}, {'type': 28, 'value': 1005}]}"
1200628208,VERY_LONG,168900,5,,,{'id': 76140}
1200628211,MEDIUM,349900,2,,,{'id': 172920}
1200628213,MEDIUM,,1,1199800,1139800,"{'id': 56494, 'context': 0, 'bonus_lists': [1714, 6846]}"
1200628216,MEDIUM,,1,1199800,1139800,"{'id': 56494, 'context': 0, 'bonus_lists': [1684, 6846]}"
1200628220,VERY_LONG,3699800,3,,,{'id': 6712}
1200628224,MEDIUM,,1,1353700,1286000,"{'id': 2901, 'context': 14, 'modifiers': [{'type': 28, 'value': 196}]}"
1200628227,MEDIUM,,1,1353700,1286000,"{'id': 2901, 'context': 14, 'modifiers': [{'type': 28, 'value': 196}]}"
1200628229,MEDIUM,,1,2008800,1908400,"{'id': 13120, 'context': 0, 'bonus_lists': [6658], 'modifiers': [{'type': 9, 'value': 30}, {'type': 28, 'value': 1005}]}"
1200628234,MEDIUM,,1,5554900,5277200,"{'id': 106715, 'context': 1, 'bonus_lists': [6654, 152], 'modifiers': [{'type': 9, 'value': 40}, {'type': 28, 'value': 276}]}"
1200628239,MEDIUM,,1,4389900,4170400,"{'id': 106723, 'context': 1, 'bonus_lists': [6654, 110], 'modifiers': [{'type': 9, 'value': 40}, {'type': 28, 'value': 276}]}"
1200628241,MEDIUM,,1,8092400,7687800,"{'id': 116618, 'context': 1, 'bonus_lists': [6655, 150, 550], 'modifiers': [{'type': 9, 'value': 40}, {'type': 28, 'value': 276}]}"
1200628244,MEDIUM,,1,35001000,33251000,"{'id': 106504, 'context': 0, 'bonus_lists': [6654, 46], 'modifiers': [{'type': 9, 'value': 50}, {'type': 28, 'value': 1764}]}"
1200628250,VERY_LONG,582100,1,,,{'id': 176809}
1200628254,VERY_LONG,2949900,5,,,{'id': 76734}
1200628260,MEDIUM,,1,3123400,2967200,"{'id': 176792, 'context': 0, 'bonus_lists': [6907, 6652, 7193, 1679], 'modifiers': [{'type': 9, 'value': 60}, {'type': 28, 'value': 1707}]}"
1200628264,VERY_LONG,8005400,5,,,{'id': 168828}
1200628267,VERY_LONG,119700,5,,,{'id': 76141}
1200628270,MEDIUM,,1,19999700,18999700,"{'id': 56495, 'context': 0, 'bonus_lists': [1687, 6852]}"
1200628274,MEDIUM,,1,19999700,18999700,"{'id': 56495, 'context': 0, 'bonus_lists': [1684, 6852]}"
1200628279,VERY_LONG,,1,30000300,28500300,"{'id': 21713, 'context': 14, 'modifiers': [{'type': 28, 'value': 884}]}"
1200628282,MEDIUM,,1,5349800,5082300,"{'id': 9946, 'context': 1, 'bonus_lists': [6654, 1678], 'modifiers': [{'type': 9, 'value': 30}, {'type': 28, 'value': 201}]}"
1200628287,VERY_LONG,1250000,1,,,{'id': 43572}
1200628291,MEDIUM,,1,5077300,4823400,"{'id': 175543, 'context': 0, 'bonus_lists': [6907, 1689], 'modifiers': [{'type': 9, 'value': 60}, {'type': 28, 'value': 1707}]}"
1200628596,VERY_LONG,1494900,9,,,{'id': 171833}
1200628635,VERY_LONG,75500,55,,,{'id': 171828}
1200628646,VERY_LONG,88500,8,,,{'id': 169701}
1200628659,VERY_LONG,3300,1,,,{'id': 172052}
1200628665,VERY_LONG,350000,4,,,{'id': 107640}
1200628833,MEDIUM,13916800,1,,,{'id': 137238}
1200628840,MEDIUM,18135300,1,,,{'id': 137239}
1200628842,MEDIUM,33887800,1,,,{'id': 129022}
1200628846,MEDIUM,12461700,1,,,{'id': 137188}
1200628847,MEDIUM,14425000,1,,,{'id': 137274}
1200628849,MEDIUM,4600000,12,,,{'id': 132514}
1200628852,MEDIUM,16880000,1,,,{'id': 137249}
1200628854,MEDIUM,31823100,1,,,{'id': 139271}
1200630279,VERY_LONG,150000,884,,,{'id': 172230}
1200630380,VERY_LONG,,1,180000000,,"{'id': 178927, 'context': 65, 'bonus_lists': [6718, 7193, 1522]}"
1200630382,VERY_LONG,,1,180000000,,"{'id': 178927, 'context': 65, 'bonus_lists': [6718, 7194, 1522]}"
1200630391,MEDIUM,,1,12298700,,"{'id': 172263, 'context': 13, 'bonus_lists': [6893], 'modifiers': [{'type': 9, 'value': 52}, {'type': 28, 'value': 391}, {'type': 29, 'value': 40}, {'type': 30, 'value': 32}]}"
1200630418,MEDIUM,,1,6286700,,"{'id': 173217, 'context': 0, 'bonus_lists': [6893], 'modifiers': [{'type': 9, 'value': 50}, {'type': 28, 'value': 391}, {'type': 29, 'value': 49}, {'type': 30, 'value': 32}]}"
1200630422,MEDIUM,,1,6286700,,"{'id': 173217, 'context': 0, 'bonus_lists': [6893], 'modifiers': [{'type': 9, 'value': 50}, {'type': 28, 'value': 391}, {'type': 29, 'value': 49}, {'type': 30, 'value': 32}]}"
1200630428,MEDIUM,230000,2,,,{'id': 180318}
1200630432,MEDIUM,,1,24999600,12499800,"{'id': 173215, 'context': 0, 'bonus_lists': [6893], 'modifiers': [{'type': 9, 'value': 60}, {'type': 28, 'value': 391}, {'type': 29, 'value': 40}, {'type': 30, 'value': 36}]}"
1200630434,MEDIUM,,1,1229000,,"{'id': 173222, 'context': 0, 'bonus_lists': [6893], 'modifiers': [{'type': 9, 'value': 50}, {'type': 28, 'value': 391}, {'type': 29, 'value': 40}, {'type': 30, 'value': 36}]}"
1200630435,MEDIUM,298800,3,,,{'id': 172413}
1200630436,MEDIUM,,1,199899900,185838300,"{'id': 171418, 'context': 65, 'bonus_lists': [6718, 7193, 1522]}"
1200630438,MEDIUM,,1,199899900,185838300,"{'id': 171418, 'context': 65, 'bonus_lists': [6718, 7193, 1522]}"
1200630440,MEDIUM,,1,199899900,185838300,"{'id': 171418, 'context': 65, 'bonus_lists': [6718, 7193, 1522]}"
1200630442,MEDIUM,,1,361000000,306850000,"{'id': 171415, 'context': 64, 'bonus_lists': [6717, 7193, 1507]}"
1200630445,MEDIUM,,1,361000000,306850000,"{'id': 171415, 'context': 64, 'bonus_lists': [6717, 7194, 1507]}"
1200630532,VERY_LONG,11000,8,,,{'id': 152508}
1200630549,VERY_LONG,,1,5001400,,"{'id': 82800, 'context': 0, 'pet_breed_id': 17, 'pet_level': 1, 'pet_quality_id': 3, 'pet_species_id': 1564}"
1200630578,VERY_LONG,,1,9753300,,"{'id': 171449, 'context': 13, 'bonus_lists': [6893], 'modifiers': [{'type': 9, 'value': 60}, {'type': 28, 'value': 391}, {'type': 29, 'value': 32}, {'type': 30, 'value': 49}]}"
1200630585,VERY_LONG,,1,9753300,,"{'id': 171449, 'context': 13, 'bonus_lists': [6893], 'modifiers': [{'type': 9, 'value': 60}, {'type': 28, 'value': 391}, {'type': 29, 'value': 40}, {'type': 30, 'value': 49}]}"
1200630586,VERY_LONG,,1,149995200,78942400,"{'id': 173241, 'context': 64, 'bonus_lists': [6717, 1507]}"
1200630588,VERY_LONG,,1,199998300,131374400,"{'id': 173241, 'context': 65, 'bonus_lists': [6718, 1522]}"
1200630589,VERY_LONG,3189300,169,,,{'id': 171349}
1200630592,VERY_LONG,3476600,132,,,{'id': 171270}
1200630595,VERY_LONG,679700,17,,,{'id': 172406}
1200630596,VERY_LONG,3016500,185,,,{'id': 171273}
1200630622,VERY_LONG,,1,180000000,,"{'id': 172315, 'context': 64, 'bonus_lists': [6717, 1507]}"
1200630627,VERY_LONG,,1,80001600,,"{'id': 172324, 'context': 63, 'bonus_lists': [6716, 1487]}"
1200630629,VERY_LONG,,1,80001600,,"{'id': 172324, 'context': 63, 'bonus_lists': [6716, 1487]}"
1200630632,VERY_LONG,,1,80001600,,"{'id': 172324, 'context': 63, 'bonus_lists': [6716, 1487]}"
1200630635,VERY_LONG,,1,80001600,,"{'id': 172324, 'context': 63, 'bonus_lists': [6716, 1487]}"
1200630637,VERY_LONG,110000,6,,,{'id': 83064}
1200630638,VERY_LONG,,1,80001600,,"{'id': 172324, 'context': 63, 'bonus_lists': [6716, 1487]}"
1200630657,VERY_LONG,120000,93,,,{'id': 74846}
1200630674,VERY_LONG,120000,4,,,{'id': 74865}
1200630700,VERY_LONG,120000,37,,,{'id': 74842}
1200630719,VERY_LONG,120000,15,,,{'id': 74848}
1200630735,VERY_LONG,70000,9,,,{'id': 74849}
1200630736,VERY_LONG,584800,300,,,{'id': 172049}
1200630738,VERY_LONG,7196400,20,,,{'id': 172042}
1200630741,VERY_LONG,998800,300,,,{'id': 172045}
1200630780,VERY_LONG,180000,25,,,{'id': 173127}
1200630827,VERY_LONG,290000,21,,,{'id': 173128}
1200630846,MEDIUM,709900,96,,,{'id': 172231}
1200630868,VERY_LONG,120000,40,,,{'id': 74840}
1200630869,VERY_LONG,130000,24,,,{'id': 173130}
1200630873,MEDIUM,,1,279999800,237999800,"{'id': 173242, 'context': 66, 'bonus_lists': [6758, 1532]}"
1200630874,MEDIUM,,1,159999100,135999200,"{'id': 173242, 'context': 65, 'bonus_lists': [6718, 1522]}"
1200630875,MEDIUM,,1,159999100,135999200,"{'id': 173242, 'context': 65, 'bonus_lists': [6718, 1522]}"
1200630876,MEDIUM,,1,159999100,135999200,"{'id': 173242, 'context': 65, 'bonus_lists': [6718, 1522]}"
1200630878,MEDIUM,3189200,40,,,{'id': 171349}
1200630882,MEDIUM,,1,139998800,118999000,"{'id': 173245, 'context': 65, 'bonus_lists': [6718, 7193, 1522]}"
1200630883,MEDIUM,,1,139998800,118999000,"{'id': 173245, 'context': 65, 'bonus_lists': [6718, 7194, 1522]}"
1200630885,MEDIUM,,1,550008500,467507200,"{'id': 173245, 'context': 66, 'bonus_lists': [6758, 7193, 1532]}"
1200630886,MEDIUM,,1,550008500,467507200,"{'id': 173245, 'context': 66, 'bonus_lists': [6758, 7193, 1532]}"
1200630887,MEDIUM,,1,599989500,509991100,"{'id': 173246, 'context': 66, 'bonus_lists': [6758, 1532]}"
1200630888,MEDIUM,,1,599989500,509991100,"{'id': 173246, 'context': 66, 'bonus_lists': [6758, 1532]}"
1200630891,MEDIUM,,1,199999000,169999200,"{'id': 173246, 'context': 64, 'bonus_lists': [6717, 1507]}"
1200630893,MEDIUM,,1,199499000,169574200,"{'id': 173244, 'context': 65, 'bonus_lists': [6718, 1522]}"
1200630895,MEDIUM,,1,439998800,373999000,"{'id': 173244, 'context': 66, 'bonus_lists': [6758, 1532]}"
1200630897,MEDIUM,,1,439998800,373999000,"{'id': 173244, 'context': 66, 'bonus_lists': [6758, 1532]}"
1200630901,MEDIUM,7196300,8,,,{'id': 172042}
1200630902,MEDIUM,,1,349999700,297499700,"{'id': 173249, 'context': 66, 'bonus_lists': [6758, 7193, 1532]}"
1200630910,MEDIUM,,1,159998800,135999000,"{'id': 173243, 'context': 65, 'bonus_lists': [6718, 1522]}"
1200630911,MEDIUM,,1,159998800,135999000,"{'id': 173243, 'context': 65, 'bonus_lists': [6718, 1522]}"
1200630912,MEDIUM,,1,399988600,339990300,"{'id': 173243, 'context': 66, 'bonus_lists': [6758, 1532]}"
1200630913,MEDIUM,998800,20,,,{'id': 172045}
1200630914,MEDIUM,15996600,5,,,{'id': 173163}
1200630917,MEDIUM,8009500,1,,,{'id': 173160}
1200630918,MEDIUM,,1,449997500,382497900,"{'id': 173248, 'context': 66, 'bonus_lists': [6758, 7194, 1532]}"
1200630920,MEDIUM,,1,349999000,297499200,"{'id': 173248, 'context': 65, 'bonus_lists': [6718, 7194, 1522]}"
1200630922,MEDIUM,2254800,5,,,{'id': 172366}
1200630925,MEDIUM,3016400,40,,,{'id': 171273}
1200630928,MEDIUM,1509200,3,,,{'id': 171266}
1200630930,MEDIUM,,1,149995100,127495800,"{'id': 173241, 'context': 64, 'bonus_lists': [6717, 1507]}"
1200630933,MEDIUM,,1,149995100,127495800,"{'id': 173241, 'context': 64, 'bonus_lists': [6717, 1507]}"
1200630934,MEDIUM,,1,199999100,189866000,"{'id': 173241, 'context': 66, 'bonus_lists': [6758, 1532]}"
1200630936,MEDIUM,,1,199999100,189866000,"{'id': 173241, 'context': 66, 'bonus_lists': [6758, 1532]}"
1200630938,MEDIUM,,1,199998200,169998500,"{'id': 173241, 'context': 65, 'bonus_lists': [6718, 1522]}"
1200630940,VERY_LONG,180000,25,,,{'id': 173129}
1200630941,MEDIUM,,1,199998200,169998500,"{'id': 173241, 'context': 65, 'bonus_lists': [6718, 1522]}"
1200630943,MEDIUM,,1,199998200,169998500,"{'id': 173241, 'context': 65, 'bonus_lists': [6718, 1522]}"
1200630946,MEDIUM,219900,40,,,{'id': 171267}
1200630949,MEDIUM,2258900,5,,,{'id': 172411}
1200630951,MEDIUM,679700,5,,,{'id': 172406}
1200630955,MEDIUM,2642500,5,,,{'id': 172412}
1200630957,MEDIUM,,1,349998800,297499000,"{'id': 173247, 'context': 65, 'bonus_lists': [6718, 1522]}"
1200630958,MEDIUM,,1,349998800,297499000,"{'id': 173247, 'context': 65, 'bonus_lists': [6718, 1522]}"
1200630960,MEDIUM,,1,297948800,253256500,"{'id': 173247, 'context': 66, 'bonus_lists': [6758, 1532]}"
1200630961,MEDIUM,88500,561,,,{'id': 169701}
1200630963,MEDIUM,290000,40,,,{'id': 171268}
1200633268,VERY_LONG,100000,3,,,{'id': 74847}
1200633278,VERY_LONG,40000,14,,,{'id': 74860}
1200633352,MEDIUM,,1,1657998700,1409298900,"{'id': 171414, 'context': 66, 'bonus_lists': [6758, 1532]}"
1200633353,MEDIUM,,1,200006800,185838300,"{'id': 171414, 'context': 65, 'bonus_lists': [6718, 1522]}"
1200633354,MEDIUM,,1,200006800,185838300,"{'id': 171414, 'context': 65, 'bonus_lists': [6718, 1522]}"
1200633356,MEDIUM,,1,200006800,185838300,"{'id': 171414, 'context': 65, 'bonus_lists': [6718, 1522]}"
1200633358,MEDIUM,,1,200006800,185838300,"{'id': 171414, 'context': 65, 'bonus_lists': [6718, 1522]}"
1200633359,MEDIUM,,1,200006800,185838300,"{'id': 171414, 'context': 65, 'bonus_lists': [6718, 1522]}"
1200633360,MEDIUM,,1,200006800,185838300,"{'id': 171414, 'context': 65, 'bonus_lists': [6718, 1522]}"
1200633363,MEDIUM,,1,249999400,212499500,"{'id': 171413, 'context': 65, 'bonus_lists': [6718, 1522]}"
1200633367,MEDIUM,,1,249999400,212499500,"{'id': 171413, 'context': 65, 'bonus_lists': [6718, 1522]}"
1200633370,MEDIUM,,1,249999400,212499500,"{'id': 171413, 'context': 65, 'bonus_lists': [6718, 1522]}"
1200633371,MEDIUM,,1,249999400,212499500,"{'id': 171413, 'context': 65, 'bonus_lists': [6718, 1522]}"
1200633373,MEDIUM,,1,249999400,212499500,"{'id': 171413, 'context': 65, 'bonus_lists': [6718, 1522]}"
1200633375,MEDIUM,,1,249999400,212499500,"{'id': 171413, 'context': 65, 'bonus_lists': [6718, 1522]}"
1200633377,MEDIUM,,1,170005600,147204700,"{'id': 171419, 'context': 65, 'bonus_lists': [6718, 7194, 1522]}"
1200633379,MEDIUM,,1,170005600,147204700,"{'id': 171419, 'context': 65, 'bonus_lists': [6718, 7193, 1522]}"
1200633381,MEDIUM,,1,170005600,147204700,"{'id': 171419, 'context': 65, 'bonus_lists': [6718, 7194, 1522]}"
1200633385,MEDIUM,,1,1687998500,1434798700,"{'id': 171417, 'context': 66, 'bonus_lists': [6758, 1532]}"
1200633388,MEDIUM,,1,1839997300,1563997700,"{'id': 171415, 'context': 66, 'bonus_lists': [6758, 7193, 1532]}"
1200633389,MEDIUM,,1,1839997300,1563997700,"{'id': 171415, 'context': 66, 'bonus_lists': [6758, 7194, 1532]}"
1200633390,MEDIUM,,1,630009400,535508000,"{'id': 171415, 'context': 65, 'bonus_lists': [6718, 7194, 1522]}"
1200633391,MEDIUM,,1,630009400,535508000,"{'id': 171415, 'context': 65, 'bonus_lists': [6718, 7193, 1522]}"
1200633393,MEDIUM,,1,630009400,535508000,"{'id': 171415, 'context': 65, 'bonus_lists': [6718, 7194, 1522]}"
1200633395,MEDIUM,,1,630009400,535508000,"{'id': 171415, 'context': 65, 'bonus_lists': [6718, 7193, 1522]}"
1200633398,MEDIUM,,1,299999900,254999900,"{'id': 171416, 'context': 65, 'bonus_lists': [6718, 1522]}"
1200633400,MEDIUM,,1,299999900,254999900,"{'id': 171416, 'context': 65, 'bonus_lists': [6718, 1522]}"
1200633402,MEDIUM,,1,1124997900,956248200,"{'id': 171412, 'context': 66, 'bonus_lists': [6758, 1532]}"
1200633453,MEDIUM,,1,499900,,"{'id': 86379, 'context': 0, 'modifiers': [{'type': 28, 'value': 1032}]}"
1200633460,MEDIUM,,1,4546400,,"{'id': 172237, 'context': 13, 'bonus_lists': [6887], 'modifiers': [{'type': 9, 'value': 51}, {'type': 28, 'value': 391}, {'type': 29, 'value': 32}, {'type': 30, 'value': 40}]}"
1200633464,MEDIUM,,1,4546400,,"{'id': 172237, 'context': 13, 'bonus_lists': [6887], 'modifiers': [{'type': 9, 'value': 51}, {'type': 28, 'value': 391}, {'type': 29, 'value': 40}, {'type': 30, 'value': 32}]}"
1200633467,MEDIUM,,1,12298700,,"{'id': 172263, 'context': 13, 'bonus_lists': [6893], 'modifiers': [{'type': 9, 'value': 52}, {'type': 28, 'value': 391}, {'type': 29, 'value': 49}, {'type': 30, 'value': 36}]}"
1200633492,MEDIUM,,1,5978300,,"{'id': 173222, 'context': 0, 'bonus_lists': [6893], 'modifiers': [{'type': 9, 'value': 50}, {'type': 28, 'value': 391}, {'type': 29, 'value': 36}, {'type': 30, 'value': 49}]}"
1200633496,MEDIUM,,1,5978300,,"{'id': 173222, 'context': 0, 'bonus_lists': [6893], 'modifiers': [{'type': 9, 'value': 50}, {'type': 28, 'value': 391}, {'type': 29, 'value': 40}, {'type': 30, 'value': 32}]}"
1200633517,MEDIUM,,1,4648400,,"{'id': 172239, 'context': 13, 'bonus_lists': [6890], 'modifiers': [{'type': 9, 'value': 51}, {'type': 28, 'value': 391}, {'type': 29, 'value': 32}, {'type': 30, 'value': 36}]}"
1200633519,MEDIUM,,1,4648400,,"{'id': 172239, 'context': 13, 'bonus_lists': [6890], 'modifiers': [{'type': 9, 'value': 51}, {'type': 28, 'value': 391}, {'type': 29, 'value': 32}, {'type': 30, 'value': 36}]}"
1200633523,MEDIUM,,1,4648400,,"{'id': 172239, 'context': 13, 'bonus_lists': [6890], 'modifiers': [{'type': 9, 'value': 51}, {'type': 28, 'value': 391}, {'type': 29, 'value': 36}, {'type': 30, 'value': 32}]}"
1200633538,MEDIUM,,1,5936900,,"{'id': 172234, 'context': 13, 'bonus_lists': [6890], 'modifiers': [{'type': 9, 'value': 51}, {'type': 28, 'value': 391}, {'type': 29, 'value': 40}, {'type': 30, 'value': 32}]}"
1200633587,MEDIUM,3016400,166,,,{'id': 171273}
1200633673,VERY_LONG,30000,3,,,{'id': 52078}
1200633839,VERY_LONG,,1,150000000,,"{'id': 172319, 'context': 64, 'bonus_lists': [6717, 1507]}"
1200633842,VERY_LONG,,1,150000000,,"{'id': 172319, 'context': 64, 'bonus_lists': [6717, 1507]}"
1200633862,VERY_LONG,,1,650005000,,"{'id': 172318, 'context': 66, 'bonus_lists': [6758, 1532]}"
1200634078,VERY_LONG,24600,39,,,{'id': 172092}
1200634096,VERY_LONG,427400,1,,,{'id': 172096}
1200636137,VERY_LONG,,1,980100,,"{'id': 176803, 'context': 0, 'bonus_lists': [6908, 6652, 1679], 'modifiers': [{'type': 9, 'value': 60}, {'type': 28, 'value': 2060}]}"
1200636141,VERY_LONG,,1,33847100,,"{'id': 177794, 'context': 4, 'bonus_lists': [6907, 6652, 7194, 1681], 'modifiers': [{'type': 9, 'value': 60}, {'type': 28, 'value': 750}]}"
1200636148,VERY_LONG,,1,501100,,"{'id': 177791, 'context': 0, 'bonus_lists': [6907, 6652, 1708], 'modifiers': [{'type': 9, 'value': 60}, {'type': 28, 'value': 1707}]}"
1200636167,VERY_LONG,513500,6,,,{'id': 173204}
1200636224,VERY_LONG,427400,11,,,{'id': 172096}
1200636239,VERY_LONG,24600,30,,,{'id': 172092}
1200636425,VERY_LONG,1470000,106,,,{'id': 124671}
1200636480,VERY_LONG,513500,3,,,{'id': 173204}
1200636486,VERY_LONG,1494900,1,,,{'id': 171833}
1200636503,VERY_LONG,165000,2,,,{'id': 171831}
1200636524,VERY_LONG,4000,3,,,{'id': 173032}
1200636567,VERY_LONG,24600,4,,,{'id': 172092}
1200636611,VERY_LONG,500,6,,,{'id': 171840}
1200636631,VERY_LONG,89900,4,,,{'id': 37702}
1200636640,VERY_LONG,39900,6,,,{'id': 171841}
1200636896,VERY_LONG,4000,4,,,{'id': 173032}
1200636967,VERY_LONG,24600,2,,,{'id': 172092}
1200636979,VERY_LONG,19000,3,,,{'id': 179315}
1200638122,VERY_LONG,8004500,19,,,{'id': 173160}
1200638128,VERY_LONG,4953000,75,,,{'id': 173049}
1200639426,VERY_LONG,824800,4,,,{'id': 172407}
1200639434,VERY_LONG,150000,3,,,{'id': 177716}
1200639438,VERY_LONG,,1,83300000,,"{'id': 172326, 'context': 63, 'bonus_lists': [6716, 1487]}"
1200639441,VERY_LONG,2199900,5,,,{'id': 183738}
1200639450,VERY_LONG,,1,79000000,,"{'id': 172325, 'context': 63, 'bonus_lists': [6716, 7194, 1487]}"
1200639456,VERY_LONG,550000,4,,,{'id': 172414}
1200639465,VERY_LONG,3604000,4,,,{'id': 172415}
1200639467,VERY_LONG,2258900,5,,,{'id': 172411}
1200639469,VERY_LONG,4907000,5,,,{'id': 177962}
1200639474,VERY_LONG,,1,72000000,,"{'id': 172323, 'context': 63, 'bonus_lists': [6716, 1487]}"
1200639491,VERY_LONG,109300,5,,,{'id': 172359}
1200639539,LONG,,1,32183600,,"{'id': 173218, 'context': 0, 'bonus_lists': [6893, 7185], 'modifiers': [{'type': 9, 'value': 60}, {'type': 28, 'value': 391}, {'type': 29, 'value': 40}, {'type': 30, 'value': 32}]}"
1200639540,LONG,,1,32183600,,"{'id': 173218, 'context': 0, 'bonus_lists': [6893, 7185], 'modifiers': [{'type': 9, 'value': 60}, {'type': 28, 'value': 391}, {'type': 29, 'value': 32}, {'type': 30, 'value': 40}]}"
1200639546,LONG,,1,33421300,,"{'id': 173214, 'context': 0, 'bonus_lists': [6893, 7185], 'modifiers': [{'type': 9, 'value': 60}, {'type': 28, 'value': 391}, {'type': 29, 'value': 36}, {'type': 30, 'value': 40}]}"
1200639547,LONG,,1,33421300,,"{'id': 173214, 'context': 0, 'bonus_lists': [6893, 7185], 'modifiers': [{'type': 9, 'value': 60}, {'type': 28, 'value': 391}, {'type': 29, 'value': 36}, {'type': 30, 'value': 32}]}"
1200639550,LONG,,1,33421300,,"{'id': 173214, 'context': 0, 'bonus_lists': [6893, 7185], 'modifiers': [{'type': 9, 'value': 60}, {'type': 28, 'value': 391}, {'type': 29, 'value': 36}, {'type': 30, 'value': 49}]}"
1200639562,LONG,,1,67009900,,"{'id': 173222, 'context': 0, 'bonus_lists': [6893, 7185], 'modifiers': [{'type': 9, 'value': 60}, {'type': 28, 'value': 391}, {'type': 29, 'value': 40}, {'type': 30, 'value': 49}]}"
1200639563,LONG,,1,67009900,,"{'id': 173222, 'context': 0, 'bonus_lists': [6893, 7185], 'modifiers': [{'type': 9, 'value': 60}, {'type': 28, 'value': 391}, {'type': 29, 'value': 49}, {'type': 30, 'value': 32}]}"
1200639566,LONG,,1,67009900,,"{'id': 173222, 'context': 0, 'bonus_lists': [6893, 7185], 'modifiers': [{'type': 9, 'value': 60}, {'type': 28, 'value': 391}, {'type': 29, 'value': 32}, {'type': 30, 'value': 40}]}"
1200639575,LONG,,1,29999900,,"{'id': 173220, 'context': 0, 'bonus_lists': [6893, 7185], 'modifiers': [{'type': 9, 'value': 60}, {'type': 28, 'value': 391}, {'type': 29, 'value': 40}, {'type': 30, 'value': 32}]}"
1200639576,LONG,,1,29999900,,"{'id': 173220, 'context': 0, 'bonus_lists': [6893, 7185], 'modifiers': [{'type': 9, 'value': 60}, {'type': 28, 'value': 391}, {'type': 29, 'value': 40}, {'type': 30, 'value': 32}]}"
1200639577,LONG,,1,29999900,,"{'id': 173220, 'context': 0, 'bonus_lists': [6893, 7185], 'modifiers': [{'type': 9, 'value': 60}, {'type': 28, 'value': 391}, {'type': 29, 'value': 49}, {'type': 30, 'value': 36}]}"
1200639580,LONG,,1,29999900,,"{'id': 173220, 'context': 0, 'bonus_lists': [6893, 7185], 'modifiers': [{'type': 9, 'value': 60}, {'type': 28, 'value': 391}, {'type': 29, 'value': 32}, {'type': 30, 'value': 49}]}"
1200639581,LONG,,1,29999900,,"{'id': 173220, 'context': 0, 'bonus_lists': [6893, 7185], 'modifiers': [{'type': 9, 'value': 60}, {'type': 28, 'value': 391}, {'type': 29, 'value': 49}, {'type': 30, 'value': 36}]}"
1200639620,VERY_LONG,3006400,40,,,{'id': 171273}
1200639640,LONG,,1,34999900,,"{'id': 173215, 'context': 0, 'bonus_lists': [6893, 7185], 'modifiers': [{'type': 9, 'value': 60}, {'type': 28, 'value': 391}, {'type': 29, 'value': 40}, {'type': 30, 'value': 49}]}"
1200639642,LONG,,1,34999900,,"{'id': 173215, 'context': 0, 'bonus_lists': [6893, 7185], 'modifiers': [{'type': 9, 'value': 60}, {'type': 28, 'value': 391}, {'type': 29, 'value': 32}, {'type': 30, 'value': 40}]}"
1200639643,LONG,,1,34999900,,"{'id': 173215, 'context': 0, 'bonus_lists': [6893, 7185], 'modifiers': [{'type': 9, 'value': 60}, {'type': 28, 'value': 391}, {'type': 29, 'value': 36}, {'type': 30, 'value': 32}]}"
1200639661,LONG,,1,67000600,,"{'id': 173219, 'context': 0, 'bonus_lists': [6893, 7185], 'modifiers': [{'type': 9, 'value': 60}, {'type': 28, 'value': 391}, {'type': 29, 'value': 32}, {'type': 30, 'value': 49}]}"
1200639674,LONG,,1,67000000,,"{'id': 173221, 'context': 0, 'bonus_lists': [6893, 7185], 'modifiers': [{'type': 9, 'value': 60}, {'type': 28, 'value': 391}, {'type': 29, 'value': 36}, {'type': 30, 'value': 40}]}"
1200639684,LONG,,1,31091000,,"{'id': 173217, 'context': 0, 'bonus_lists': [6893, 7185], 'modifiers': [{'type': 9, 'value': 60}, {'type': 28, 'value': 391}, {'type': 29, 'value': 32}, {'type': 30, 'value': 40}]}"
1200639686,LONG,,1,31091000,,"{'id': 173217, 'context': 0, 'bonus_lists': [6893, 7185], 'modifiers': [{'type': 9, 'value': 60}, {'type': 28, 'value': 391}, {'type': 29, 'value': 32}, {'type': 30, 'value': 49}]}"
1200639689,LONG,,1,31091000,,"{'id': 173217, 'context': 0, 'bonus_lists': [6893, 7185], 'modifiers': [{'type': 9, 'value': 60}, {'type': 28, 'value': 391}, {'type': 29, 'value': 32}, {'type': 30, 'value': 49}]}"
1200639692,LONG,,1,31091000,,"{'id': 173217, 'context': 0, 'bonus_lists': [6893, 7185], 'modifiers': [{'type': 9, 'value': 60}, {'type': 28, 'value': 391}, {'type': 29, 'value': 49}, {'type': 30, 'value': 40}]}"
1200639693,LONG,,1,31091000,,"{'id': 173217, 'context': 0, 'bonus_lists': [6893, 7185], 'modifiers': [{'type': 9, 'value': 60}, {'type': 28, 'value': 391}, {'type': 29, 'value': 49}, {'type': 30, 'value': 40}]}"
1200639704,LONG,,1,32015700,,"{'id': 173216, 'context': 0, 'bonus_lists': [6893, 7185], 'modifiers': [{'type': 9, 'value': 60}, {'type': 28, 'value': 391}, {'type': 29, 'value': 32}, {'type': 30, 'value': 40}]}"
1200639706,LONG,,1,32015700,,"{'id': 173216, 'context': 0, 'bonus_lists': [6893, 7185], 'modifiers': [{'type': 9, 'value': 60}, {'type': 28, 'value': 391}, {'type': 29, 'value': 32}, {'type': 30, 'value': 40}]}"
1200639707,LONG,,1,32015700,,"{'id': 173216, 'context': 0, 'bonus_lists': [6893, 7185], 'modifiers': [{'type': 9, 'value': 60}, {'type': 28, 'value': 391}, {'type': 29, 'value': 36}, {'type': 30, 'value': 49}]}"
1200639708,LONG,,1,32015700,,"{'id': 173216, 'context': 0, 'bonus_lists': [6893, 7185], 'modifiers': [{'type': 9, 'value': 60}, {'type': 28, 'value': 391}, {'type': 29, 'value': 32}, {'type': 30, 'value': 49}]}"
1200639712,LONG,,1,32015700,,"{'id': 173216, 'context': 0, 'bonus_lists': [6893, 7185], 'modifiers': [{'type': 9, 'value': 60}, {'type': 28, 'value': 391}, {'type': 29, 'value': 49}, {'type': 30, 'value': 36}]}"
1200639783,LONG,,1,59152100,,"{'id': 82800, 'context': 0, 'modifiers': [{'type': 6, 'value': 47848}], 'pet_breed_id': 4, 'pet_level': 1, 'pet_quality_id': 3, 'pet_species_id': 1178}"
1200639805,LONG,1219900,3,,,{'id': 23427}
1200639871,VERY_LONG,,1,4590000000,,"{'id': 183017, 'context': 6, 'bonus_lists': [7187, 6652, 7194, 1498, 6646], 'modifiers': [{'type': 28, 'value': 753}]}"
1200639884,LONG,,1,20970000,,"{'id': 82800, 'context': 0, 'modifiers': [{'type': 6, 'value': 90142}], 'pet_breed_id': 9, 'pet_level': 1, 'pet_quality_id': 3, 'pet_species_id': 2550}"
1200639938,LONG,,1,46294100,,"{'id': 171444, 'context': 13, 'bonus_lists': [6893, 7185], 'modifiers': [{'type': 9, 'value': 60}, {'type': 28, 'value': 391}, {'type': 29, 'value': 40}, {'type': 30, 'value': 32}]}"
1200639939,LONG,,1,46294100,,"{'id': 171444, 'context': 13, 'bonus_lists': [6893, 7185], 'modifiers': [{'type': 9, 'value': 60}, {'type': 28, 'value': 391}, {'type': 29, 'value': 36}, {'type': 30, 'value': 32}]}"
1200640025,VERY_LONG,,1,2800000,,"{'id': 172247, 'context': 13, 'bonus_lists': [6890], 'modifiers': [{'type': 9, 'value': 50}, {'type': 28, 'value': 391}, {'type': 29, 'value': 49}, {'type': 30, 'value': 40}]}"
1200640027,VERY_LONG,,1,2800000,,"{'id': 172247, 'context': 13, 'bonus_lists': [6890], 'modifiers': [{'type': 9, 'value': 50}, {'type': 28, 'value': 391}, {'type': 29, 'value': 40}, {'type': 30, 'value': 36}]}"
1200640028,VERY_LONG,,1,2800000,,"{'id': 172247, 'context': 13, 'bonus_lists': [6890], 'modifiers': [{'type': 9, 'value': 50}, {'type': 28, 'value': 391}, {'type': 29, 'value': 49}, {'type': 30, 'value': 32}]}"
1200640032,VERY_LONG,,1,2800000,,"{'id': 172247, 'context': 13, 'bonus_lists': [6890], 'modifiers': [{'type': 9, 'value': 50}, {'type': 28, 'value': 391}, {'type': 29, 'value': 36}, {'type': 30, 'value': 49}]}"
1200640034,VERY_LONG,,1,2800000,,"{'id': 172247, 'context': 13, 'bonus_lists': [6890], 'modifiers': [{'type': 9, 'value': 55}, {'type': 28, 'value': 391}, {'type': 29, 'value': 40}, {'type': 30, 'value': 32}]}"
1200640089,VERY_LONG,,1,5000000,,"{'id': 175543, 'context': 1, 'bonus_lists': [6907, 1691], 'modifiers': [{'type': 9, 'value': 60}, {'type': 28, 'value': 2044}]}"
1200643210,VERY_LONG,,1,450000,,"{'id': 172236, 'context': 13, 'bonus_lists': [6887], 'modifiers': [{'type': 9, 'value': 50}, {'type': 28, 'value': 391}, {'type': 29, 'value': 36}, {'type': 30, 'value': 49}]}"
1200643211,VERY_LONG,,1,450000,,"{'id': 172236, 'context': 13, 'bonus_lists': [6887], 'modifiers': [{'type': 9, 'value': 50}, {'type': 28, 'value': 391}, {'type': 29, 'value': 40}, {'type': 30, 'value': 32}]}"
1200643212,VERY_LONG,,1,450000,,"{'id': 172236, 'context': 13, 'bonus_lists': [6887], 'modifiers': [{'type': 9, 'value': 50}, {'type': 28, 'value': 391}, {'type': 29, 'value': 36}, {'type': 30, 'value': 32}]}"
1200643215,VERY_LONG,,1,450000,,"{'id': 172236, 'context': 13, 'bonus_lists': [6887], 'modifiers': [{'type': 9, 'value': 50}, {'type': 28, 'value': 391}, {'type': 29, 'value': 32}, {'type': 30, 'value': 49}]}"
1200643217,VERY_LONG,,1,450000,,"{'id': 172236, 'context': 13, 'bonus_lists': [6887], 'modifiers': [{'type': 9, 'value': 50}, {'type': 28, 'value': 391}, {'type': 29, 'value': 36}, {'type': 30, 'value': 49}]}"
1200643218,VERY_LONG,,1,450000,,"{'id': 172236, 'context': 13, 'bonus_lists': [6887], 'modifiers': [{'type': 9, 'value': 50}, {'type': 28, 'value': 391}, {'type': 29, 'value': 40}, {'type': 30, 'value': 49}]}"
1200643231,VERY_LONG,,1,4300000,,"{'id': 172246, 'context': 13, 'bonus_lists': [6885], 'modifiers': [{'type': 9, 'value': 50}, {'type': 28, 'value': 391}, {'type': 29, 'value': 40}, {'type': 30, 'value': 49}]}"
1200643248,VERY_LONG,,1,950000,,"{'id': 176980, 'context': 17, 'bonus_lists': [6907, 6652, 1691], 'modifiers': [{'type': 9, 'value': 56}, {'type': 28, 'value': 747}]}"
1200643260,VERY_LONG,165000,191,,,{'id': 123918}
1200643279,VERY_LONG,107700,66,,,{'id': 123919}
1200643306,VERY_LONG,5000,48,,,{'id': 124437}
1200643312,VERY_LONG,,1,1250000,,"{'id': 172244, 'context': 13, 'bonus_lists': [6887], 'modifiers': [{'type': 9, 'value': 50}, {'type': 28, 'value': 391}, {'type': 29, 'value': 36}, {'type': 30, 'value': 32}]}"
1200643383,VERY_LONG,,1,4500000,,"{'id': 177782, 'context': 17, 'bonus_lists': [6907, 6652, 1682], 'modifiers': [{'type': 9, 'value': 58}, {'type': 28, 'value': 747}]}"
1200646116,VERY_LONG,,1,1770000,,"{'id': 12006, 'context': 0, 'bonus_lists': [6654, 1677], 'modifiers': [{'type': 9, 'value': 30}, {'type': 28, 'value': 15}]}"
1200646119,VERY_LONG,,1,4550000,,"{'id': 8114, 'context': 1, 'bonus_lists': [6654], 'modifiers': [{'type': 9, 'value': 30}, {'type': 28, 'value': 282}]}"
1200646121,VERY_LONG,,1,220000000,,"{'id': 178926, 'context': 63, 'bonus_lists': [6716, 7193, 1487]}"
1200646122,VERY_LONG,,1,4870000,,"{'id': 9824, 'context': 0, 'bonus_lists': [6654, 1705], 'modifiers': [{'type': 9, 'value': 30}, {'type': 28, 'value': 25}]}"
1200646124,VERY_LONG,,1,6760000,,"{'id': 9918, 'context': 1, 'bonus_lists': [6655, 1679], 'modifiers': [{'type': 9, 'value': 30}, {'type': 28, 'value': 214}]}"
1200646130,VERY_LONG,89900,26,,,{'id': 2319}
1200646134,VERY_LONG,,1,860000,,"{'id': 15278, 'context': 1, 'bonus_lists': [6655, 1709], 'modifiers': [{'type': 9, 'value': 30}, {'type': 28, 'value': 205}]}"
1200646137,VERY_LONG,,1,7070000,,"{'id': 14174, 'context': 0, 'bonus_lists': [6654, 1706], 'modifiers': [{'type': 9, 'value': 30}, {'type': 28, 'value': 15}]}"
1200646140,VERY_LONG,,1,1410000,,"{'id': 7540, 'context': 1, 'bonus_lists': [6654, 1694], 'modifiers': [{'type': 9, 'value': 30}, {'type': 28, 'value': 214}]}"
1200646142,VERY_LONG,149400,5,,,{'id': 5523}
1200646145,VERY_LONG,,1,489900,,"{'id': 865, 'context': 0, 'bonus_lists': [6655, 1680], 'modifiers': [{'type': 9, 'value': 30}, {'type': 28, 'value': 23}]}"
1200646147,VERY_LONG,,1,2680000,,"{'id': 10081, 'context': 0, 'bonus_lists': [6654, 1695], 'modifiers': [{'type': 9, 'value': 30}, {'type': 28, 'value': 32}]}"
1200646152,VERY_LONG,38900,4,,,{'id': 108339}
1200646156,VERY_LONG,232600,37,,,{'id': 4625}
1200646158,VERY_LONG,,1,710000,,"{'id': 9797, 'context': 0, 'bonus_lists': [6654, 1692], 'modifiers': [{'type': 9, 'value': 30}, {'type': 28, 'value': 15}]}"
1200646162,VERY_LONG,48900,69,,,{'id': 2318}
1200646164,VERY_LONG,319900,2,,,{'id': 4232}
1200646167,VERY_LONG,11300,8,,,{'id': 108340}
1200646179,VERY_LONG,,1,4140000,,"{'id': 8298, 'context': 1, 'bonus_lists': [6654], 'modifiers': [{'type': 9, 'value': 30}, {'type': 28, 'value': 205}]}"
1200646184,VERY_LONG,,1,999100,,"{'id': 106732, 'context': 0, 'bonus_lists': [6654, 170], 'modifiers': [{'type': 9, 'value': 40}, {'type': 28, 'value': 176}]}"
1200646186,VERY_LONG,,1,1099800,,"{'id': 12833, 'context': 1, 'modifiers': [{'type': 28, 'value': 282}]}"
1200646188,VERY_LONG,,1,1099800,,"{'id': 12833, 'context': 1, 'modifiers': [{'type': 28, 'value': 282}]}"
1200646190,VERY_LONG,,1,990000,,"{'id': 3740, 'context': 1, 'bonus_lists': [6655, 1695], 'modifiers': [{'type': 9, 'value': 30}, {'type': 28, 'value': 215}]}"
1200646192,VERY_LONG,810000,1,,,{'id': 35948}
1200646193,VERY_LONG,,1,7540000,,"{'id': 7528, 'context': 1, 'bonus_lists': [6654, 1708], 'modifiers': [{'type': 9, 'value': 30}, {'type': 28, 'value': 282}]}"
1200646195,VERY_LONG,,1,1440000,,"{'id': 7532, 'context': 1, 'bonus_lists': [6654, 1691], 'modifiers': [{'type': 9, 'value': 30}, {'type': 28, 'value': 282}]}"
1200646198,VERY_LONG,,1,10600000,,"{'id': 12996, 'context': 0, 'bonus_lists': [6658], 'modifiers': [{'type': 9, 'value': 30}, {'type': 28, 'value': 11}]}"
1200646199,VERY_LONG,142300,1,,,{'id': 1206}
1200646201,VERY_LONG,,1,480000,,"{'id': 11975, 'context': 1, 'bonus_lists': [6654, 1678], 'modifiers': [{'type': 9, 'value': 30}, {'type': 28, 'value': 282}]}"
1200646202,VERY_LONG,,1,7630000,,"{'id': 8280, 'context': 1, 'bonus_lists': [6654], 'modifiers': [{'type': 9, 'value': 30}, {'type': 28, 'value': 282}]}"
1200646206,VERY_LONG,,1,1050000,,"{'id': 12040, 'context': 0, 'bonus_lists': [6654, 1708], 'modifiers': [{'type': 9, 'value': 30}, {'type': 28, 'value': 22}]}"
1200646209,VERY_LONG,,1,1120000,,"{'id': 15584, 'context': 0, 'bonus_lists': [6655, 1707], 'modifiers': [{'type': 9, 'value': 30}, {'type': 28, 'value': 23}]}"
1200646212,LONG,3189200,10,,,{'id': 171349}
1200646213,VERY_LONG,100000,2,,,{'id': 7286}
1200646214,LONG,13329900,1,,,{'id': 167539}
1200646218,VERY_LONG,700000,5,,,{'id': 74857}
1200646221,VERY_LONG,12200,8,,,{'id': 108341}
1200646225,VERY_LONG,,1,1780000,,"{'id': 6604, 'context': 0, 'bonus_lists': [6654, 1707], 'modifiers': [{'type': 9, 'value': 30}, {'type': 28, 'value': 15}]}"
1200646229,VERY_LONG,29900,1,,,{'id': 783}
1200646403,LONG,,1,89620000,,"{'id': 2800, 'context': 0, 'bonus_lists': [6658], 'modifiers': [{'type': 9, 'value': 30}, {'type': 28, 'value': 11}]}"
1200646444,LONG,88000,56,,,{'id': 169701}
1200646487,LONG,18000,17,,,{'id': 179315}
1200646533,LONG,554400,21,,,{'id': 173034}
1200646541,LONG,390500,50,,,{'id': 172053}
1200646601,LONG,4000,147,,,{'id': 173032}
1200646703,LONG,4900000,6,,,{'id': 177962}
1200646708,LONG,1460000,5,,,{'id': 172361}
1200646715,LONG,1410000,2,,,{'id': 172363}
1200646722,LONG,2140000,8,,,{'id': 172364}
1200646731,LONG,1470000,2,,,{'id': 177659}
1200646788,LONG,390500,1,,,{'id': 172053}
1200647012,LONG,,1,33315400,,"{'id': 173144, 'context': 13, 'bonus_lists': [7185], 'modifiers': [{'type': 9, 'value': 60}, {'type': 29, 'value': 36}]}"
1200647013,LONG,,1,33315400,,"{'id': 173144, 'context': 13, 'bonus_lists': [7185], 'modifiers': [{'type': 9, 'value': 60}, {'type': 29, 'value': 32}]}"
1200647020,LONG,,1,48522700,,"{'id': 173146, 'context': 13, 'bonus_lists': [7185], 'modifiers': [{'type': 9, 'value': 60}, {'type': 29, 'value': 49}]}"
1200647021,LONG,,1,48522700,,"{'id': 173146, 'context': 13, 'bonus_lists': [7185], 'modifiers': [{'type': 9, 'value': 60}, {'type': 29, 'value': 32}]}"
1200647024,LONG,,1,48522700,,"{'id': 173146, 'context': 13, 'bonus_lists': [7185], 'modifiers': [{'type': 9, 'value': 60}, {'type': 29, 'value': 32}]}"
1200647025,LONG,,1,48522700,,"{'id': 173146, 'context': 13, 'bonus_lists': [7185], 'modifiers': [{'type': 9, 'value': 60}, {'type': 29, 'value': 49}]}"
1200647026,LONG,,1,48522700,,"{'id': 173146, 'context': 13, 'bonus_lists': [7185], 'modifiers': [{'type': 9, 'value': 60}, {'type': 29, 'value': 32}]}"
1200647041,LONG,,1,38714000,,"{'id': 173145, 'context': 13, 'bonus_lists': [7185], 'modifiers': [{'type': 9, 'value': 60}, {'type': 29, 'value': 36}]}"
1200647043,LONG,,1,38714000,,"{'id': 173145, 'context': 13, 'bonus_lists': [7185], 'modifiers': [{'type': 9, 'value': 60}, {'type': 29, 'value': 32}]}"
1200647050,LONG,,1,18587400,,"{'id': 173147, 'context': 13, 'bonus_lists': [7185], 'modifiers': [{'type': 9, 'value': 60}, {'type': 29, 'value': 49}]}"
1200647053,LONG,,1,18587400,,"{'id': 173147, 'context': 13, 'bonus_lists': [7185], 'modifiers': [{'type': 9, 'value': 60}, {'type': 29, 'value': 49}]}"
1200647054,LONG,,1,18587400,,"{'id': 173147, 'context': 13, 'bonus_lists': [7185], 'modifiers': [{'type': 9, 'value': 60}, {'type': 29, 'value': 40}]}"
1200647055,LONG,,1,18587400,,"{'id': 173147, 'context': 13, 'bonus_lists': [7185], 'modifiers': [{'type': 9, 'value': 60}, {'type': 29, 'value': 36}]}"
1200647063,LONG,,1,29640000,,"{'id': 173131, 'context': 13, 'bonus_lists': [7185], 'modifiers': [{'type': 9, 'value': 60}, {'type': 29, 'value': 49}]}"
1200647064,LONG,,1,29640000,,"{'id': 173131, 'context': 13, 'bonus_lists': [7185], 'modifiers': [{'type': 9, 'value': 60}, {'type': 29, 'value': 36}]}"
1200647065,LONG,,1,29640000,,"{'id': 173131, 'context': 13, 'bonus_lists': [7185], 'modifiers': [{'type': 9, 'value': 60}, {'type': 29, 'value': 49}]}"
1200647066,LONG,,1,29640000,,"{'id': 173131, 'context': 13, 'bonus_lists': [7185], 'modifiers': [{'type': 9, 'value': 60}, {'type': 29, 'value': 36}]}"
1200647069,LONG,,1,29640000,,"{'id': 173131, 'context': 13, 'bonus_lists': [7185], 'modifiers': [{'type': 9, 'value': 60}, {'type': 29, 'value': 49}]}"
1200647075,LONG,,1,29690100,,"{'id': 173133, 'context': 13, 'bonus_lists': [7185], 'modifiers': [{'type': 9, 'value': 60}, {'type': 29, 'value': 32}]}"
1200647077,LONG,,1,29690100,,"{'id': 173133, 'context': 13, 'bonus_lists': [7185], 'modifiers': [{'type': 9, 'value': 60}, {'type': 29, 'value': 49}]}"
1200647078,LONG,,1,29690100,,"{'id': 173133, 'context': 13, 'bonus_lists': [7185], 'modifiers': [{'type': 9, 'value': 60}, {'type': 29, 'value': 49}]}"
1200647081,LONG,,1,29690100,,"{'id': 173133, 'context': 13, 'bonus_lists': [7185], 'modifiers': [{'type': 9, 'value': 60}, {'type': 29, 'value': 32}]}"
1200647083,LONG,,1,29690100,,"{'id': 173133, 'context': 13, 'bonus_lists': [7185], 'modifiers': [{'type': 9, 'value': 60}, {'type': 29, 'value': 49}]}"
1200647087,LONG,,1,46834900,,"{'id': 173132, 'context': 13, 'bonus_lists': [7185], 'modifiers': [{'type': 9, 'value': 60}, {'type': 29, 'value': 36}]}"
1200647088,LONG,,1,46834900,,"{'id': 173132, 'context': 13, 'bonus_lists': [7185], 'modifiers': [{'type': 9, 'value': 60}, {'type': 29, 'value': 32}]}"
1200649165,VERY_LONG,,1,191221100,,"{'id': 183970, 'context': 0, 'bonus_lists': [6912], 'modifiers': [{'type': 9, 'value': 60}, {'type': 28, 'value': 1707}]}"
1200649186,VERY_LONG,,1,27122700,,"{'id': 31151, 'context': 22, 'bonus_lists': [6658], 'modifiers': [{'type': 9, 'value': 30}, {'type': 28, 'value': 1076}]}"
1200649195,LONG,,1,180000000,,"{'id': 172315, 'context': 64, 'bonus_lists': [6717, 1507]}"
1200649199,VERY_LONG,608600,1,,,{'id': 171292}
1200649209,VERY_LONG,40000,6,,,{'id': 173108}
1200649225,VERY_LONG,200000,8,,,{'id': 182737}
1200649240,VERY_LONG,1009700,18,,,{'id': 171289}
1200649252,VERY_LONG,1499000,10,,,{'id': 171272}
1200649268,VERY_LONG,71000,9918,,,{'id': 152577}
1200649269,VERY_LONG,71000,1,,,{'id': 152577}
1200649281,VERY_LONG,75500,12,,,{'id': 171828}
1200649288,VERY_LONG,,1,1205009500,,"{'id': 159840, 'context': 54, 'bonus_lists': [1472, 4786]}"
1200649293,VERY_LONG,201100,31,,,{'id': 109141}
1200649326,VERY_LONG,,1,470000000,,"{'id': 163575, 'context': 0}"
1200649342,VERY_LONG,,1,1503200,,"{'id': 55738, 'context': 3, 'bonus_lists': [6654, 1685], 'modifiers': [{'type': 9, 'value': 35}, {'type': 28, 'value': 1029}]}"
1200649349,VERY_LONG,192400,1432,,,{'id': 152512}
1200649360,VERY_LONG,,1,500009200,,"{'id': 23540, 'context': 0}"
1200649375,VERY_LONG,,1,1503200,,"{'id': 55738, 'context': 3, 'bonus_lists': [6654, 1691], 'modifiers': [{'type': 9, 'value': 35}, {'type': 28, 'value': 1029}]}"
1200649390,VERY_LONG,,1,19300,,"{'id': 24892, 'context': 2, 'bonus_lists': [6654, 1708], 'modifiers': [{'type': 9, 'value': 30}, {'type': 28, 'value': 1079}]}"
1200649418,VERY_LONG,,1,190900,,"{'id': 82251, 'context': 0, 'bonus_lists': [6654, 1687], 'modifiers': [{'type': 9, 'value': 35}, {'type': 28, 'value': 1032}]}"
1200649433,VERY_LONG,88000,173,,,{'id': 169701}
1200649438,LONG,998800,16,,,{'id': 172045}
1200649452,LONG,,1,36334200,,"{'id': 173245, 'context': 63, 'bonus_lists': [6716, 7194, 1487]}"
1200649454,LONG,,1,36334200,,"{'id': 173245, 'context': 63, 'bonus_lists': [6716, 7193, 1487]}"
1200649455,LONG,,1,36334200,,"{'id': 173245, 'context': 63, 'bonus_lists': [6716, 7193, 1487]}"
1200649457,LONG,,1,36334200,,"{'id': 173245, 'context': 63, 'bonus_lists': [6716, 7194, 1487]}"
1200649485,LONG,,1,140000000,,"{'id': 172315, 'context': 63, 'bonus_lists': [6716, 1487]}"
1200649491,LONG,,1,80004000,71870800,"{'id': 173245, 'context': 64, 'bonus_lists': [6717, 7193, 1507]}"
1200649494,LONG,,1,80004000,71870800,"{'id': 173245, 'context': 64, 'bonus_lists': [6717, 7193, 1507]}"
1200649497,LONG,,1,80004000,71870800,"{'id': 173245, 'context': 64, 'bonus_lists': [6717, 7193, 1507]}"
1200649519,LONG,,1,139998800,118999000,"{'id': 173245, 'context': 65, 'bonus_lists': [6718, 7194, 1522]}"
1200649521,LONG,,1,139998800,118999000,"{'id': 173245, 'context': 65, 'bonus_lists': [6718, 7193, 1522]}"
1200649524,LONG,,1,139998800,118999000,"{'id': 173245, 'context': 65, 'bonus_lists': [6718, 7194, 1522]}"
1200649526,LONG,,1,139998800,118999000,"{'id': 173245, 'context': 65, 'bonus_lists': [6718, 7194, 1522]}"
1200649547,LONG,167400,20,,,{'id': 172044}
1200649573,LONG,,1,350000000,,"{'id': 172317, 'context': 64, 'bonus_lists': [6717, 7194, 1507]}"
1200649621,LONG,,1,454995000,,"{'id': 172317, 'context': 65, 'bonus_lists': [6718, 7193, 1522]}"
1200649629,VERY_LONG,,1,251800,,"{'id': 25319, 'context': 2, 'bonus_lists': [6655, 1680], 'modifiers': [{'type': 9, 'value': 30}, {'type': 28, 'value': 1079}]}"
1200649652,LONG,790100,7,,,{'id': 56516}
1200649671,LONG,,1,700000000,,"{'id': 172317, 'context': 66, 'bonus_lists': [6758, 7194, 1532]}"
1200649698,VERY_LONG,,1,3500100,,"{'id': 180793, 'context': 0, 'bonus_lists': [6908, 6652, 1702], 'modifiers': [{'type': 9, 'value': 60}, {'type': 28, 'value': 1707}]}"
1200649744,VERY_LONG,,1,400000,,"{'id': 82247, 'context': 0, 'bonus_lists': [6654, 1714], 'modifiers': [{'type': 9, 'value': 35}, {'type': 28, 'value': 1032}]}"
1200649761,LONG,,1,23000000,,"{'id': 173242, 'context': 63, 'bonus_lists': [6716, 1487]}"
1200649764,LONG,,1,23000000,,"{'id': 173242, 'context': 63, 'bonus_lists': [6716, 1487]}"
1200649765,LONG,,1,1100003500,,"{'id': 50452, 'context': 0}"
1200649769,LONG,,1,23000000,,"{'id': 173242, 'context': 63, 'bonus_lists': [6716, 1487]}"
1200649779,VERY_LONG,,1,500000,,"{'id': 82284, 'context': 0, 'bonus_lists': [6655, 1698], 'modifiers': [{'type': 9, 'value': 35}, {'type': 28, 'value': 1032}]}"
1200649806,VERY_LONG,,1,750000,,"{'id': 71361, 'context': 3, 'modifiers': [{'type': 28, 'value': 1029}]}"
1200649845,VERY_LONG,,1,1500000000,,"{'id': 164334, 'context': 0}"
1200649900,VERY_LONG,,1,897600,,"{'id': 24770, 'context': 2, 'bonus_lists': [6654, 1709], 'modifiers': [{'type': 9, 'value': 30}, {'type': 28, 'value': 1068}]}"
1200649953,VERY_LONG,,1,299700,,"{'id': 24651, 'context': 2, 'bonus_lists': [6654, 1678], 'modifiers': [{'type': 9, 'value': 30}, {'type': 28, 'value': 1068}]}"
1200649971,LONG,,1,159999100,135999200,"{'id': 173242, 'context': 65, 'bonus_lists': [6718, 1522]}"
1200649973,LONG,,1,159999100,135999200,"{'id': 173242, 'context': 65, 'bonus_lists': [6718, 1522]}"
1200649984,VERY_LONG,,1,28714300,,"{'id': 24647, 'context': 2, 'bonus_lists': [6654, 1680], 'modifiers': [{'type': 9, 'value': 30}, {'type': 28, 'value': 1079}]}"
1200650029,VERY_LONG,,1,4507100,,"{'id': 25011, 'context': 2, 'bonus_lists': [6654, 1706], 'modifiers': [{'type': 9, 'value': 30}, {'type': 28, 'value': 1079}]}"
1200650039,VERY_LONG,,1,28714300,,"{'id': 24647, 'context': 2, 'bonus_lists': [6654, 1695], 'modifiers': [{'type': 9, 'value': 30}, {'type': 28, 'value': 1079}]}"
1200650076,VERY_LONG,,1,496900,,"{'id': 24891, 'context': 2, 'bonus_lists': [6654, 1681], 'modifiers': [{'type': 9, 'value': 30}, {'type': 28, 'value': 1068}]}"
1200650091,LONG,,1,23000000,,"{'id': 173242, 'context': 63, 'bonus_lists': [6716, 1487]}"
1200650097,VERY_LONG,,1,496900,,"{'id': 24891, 'context': 2, 'bonus_lists': [6654, 1677], 'modifiers': [{'type': 9, 'value': 30}, {'type': 28, 'value': 1079}]}"
1200651141,LONG,,1,279999800,237999800,"{'id': 173242, 'context': 66, 'bonus_lists': [6758, 1532]}"
1200651147,VERY_LONG,,1,453800,,"{'id': 24881, 'context': 2, 'bonus_lists': [6654, 1691], 'modifiers': [{'type': 9, 'value': 30}, {'type': 28, 'value': 1068}]}"
1200651177,VERY_LONG,,1,1009900,,"{'id': 71025, 'context': 3, 'bonus_lists': [1699], 'modifiers': [{'type': 28, 'value': 1029}]}"
1200651187,VERY_LONG,,1,8910000,,"{'id': 172254, 'context': 13, 'bonus_lists': [6893], 'modifiers': [{'type': 9, 'value': 60}, {'type': 28, 'value': 391}, {'type': 29, 'value': 40}, {'type': 30, 'value': 32}]}"
1200651210,LONG,,1,150001600,,"{'id': 172324, 'context': 64, 'bonus_lists': [6717, 1507]}"
1200651212,LONG,,1,150001600,,"{'id': 172324, 'context': 64, 'bonus_lists': [6717, 1507]}"
1200651214,LONG,,1,150001600,,"{'id': 172324, 'context': 64, 'bonus_lists': [6717, 1507]}"
1200651217,LONG,,1,150001600,,"{'id': 172324, 'context': 64, 'bonus_lists': [6717, 1507]}"
1200651221,LONG,,1,150001600,,"{'id': 172324, 'context': 64, 'bonus_lists': [6717, 1507]}"
1200651224,VERY_LONG,,1,12638600,,"{'id': 24983, 'context': 2, 'bonus_lists': [6654, 1691], 'modifiers': [{'type': 9, 'value': 30}, {'type': 28, 'value': 1068}]}"
1200651252,LONG,,1,350001600,,"{'id': 172324, 'context': 65, 'bonus_lists': [6718, 1522]}"
1200651255,LONG,,1,350001600,,"{'id': 172324, 'context': 65, 'bonus_lists': [6718, 1522]}"
1200651256,LONG,,1,350001600,,"{'id': 172324, 'context': 65, 'bonus_lists': [6718, 1522]}"
1200651319,VERY_LONG,,1,6500400,,"{'id': 24900, 'context': 2, 'bonus_lists': [6654, 1695], 'modifiers': [{'type': 9, 'value': 30}, {'type': 28, 'value': 1068}]}"
1200651323,LONG,,1,245000000,,"{'id': 172318, 'context': 64, 'bonus_lists': [6717, 1507]}"
1200651328,LONG,,1,245000000,,"{'id': 172318, 'context': 64, 'bonus_lists': [6717, 1507]}"
1200651332,LONG,,1,245000000,,"{'id': 172318, 'context': 64, 'bonus_lists': [6717, 1507]}"
1200651352,LONG,,1,300000000,,"{'id': 172318, 'context': 65, 'bonus_lists': [6718, 1522]}"
1200651354,LONG,,1,300000000,,"{'id': 172318, 'context': 65, 'bonus_lists': [6718, 1522]}"
1200651355,LONG,,1,300000000,,"{'id': 172318, 'context': 65, 'bonus_lists': [6718, 1522]}"
1200651361,VERY_LONG,,1,1000500,,"{'id': 40439, 'context': 0, 'modifiers': [{'type': 28, 'value': 1018}]}"
1200651380,VERY_LONG,,1,1045000,,"{'id': 55610, 'context': 3, 'bonus_lists': [6654, 1688], 'modifiers': [{'type': 9, 'value': 35}, {'type': 28, 'value': 1029}]}"
1200651400,VERY_LONG,,1,1000000,,"{'id': 179329, 'context': 0, 'bonus_lists': [6908, 6652, 1683], 'modifiers': [{'type': 9, 'value': 60}, {'type': 28, 'value': 1707}]}"
1200651409,VERY_LONG,,1,26987600,,"{'id': 159571, 'context': 0, 'bonus_lists': [6655, 1680], 'modifiers': [{'type': 9, 'value': 47}, {'type': 28, 'value': 188}]}"
1200651434,VERY_LONG,,1,900000,,"{'id': 159520, 'context': 0, 'bonus_lists': [6655, 40, 1706], 'modifiers': [{'type': 9, 'value': 48}, {'type': 28, 'value': 187}]}"
1200651461,VERY_LONG,,1,1622300,,"{'id': 159511, 'context': 0, 'bonus_lists': [6655, 1692], 'modifiers': [{'type': 9, 'value': 49}, {'type': 28, 'value': 187}]}"
1200651480,VERY_LONG,,1,1393800,,"{'id': 55665, 'context': 3, 'bonus_lists': [6654, 1705], 'modifiers': [{'type': 9, 'value': 35}, {'type': 28, 'value': 1029}]}"
1200651481,VERY_LONG,,1,1449700,,"{'id': 10040, 'context': 0}"
1200651491,VERY_LONG,,1,1007700,,"{'id': 71341, 'context': 3, 'modifiers': [{'type': 28, 'value': 1029}]}"
1200651495,VERY_LONG,,1,2663100,,"{'id': 19028, 'context': 0}"
1200651497,VERY_LONG,,1,2663100,,"{'id': 19028, 'context': 0}"
1200651500,VERY_LONG,,1,1000000,,"{'id': 71023, 'context': 3, 'modifiers': [{'type': 28, 'value': 1029}]}"
1200651502,VERY_LONG,150000,1,,,{'id': 76509}
1200651511,VERY_LONG,,1,251800,,"{'id': 25319, 'context': 2, 'bonus_lists': [6655, 1677], 'modifiers': [{'type': 9, 'value': 30}, {'type': 28, 'value': 1068}]}"
1200651515,VERY_LONG,770000,3,,,{'id': 115803}
1200651526,LONG,3189100,40,,,{'id': 171349}
1200651528,LONG,7196300,2,,,{'id': 172042}
1200651532,LONG,15996500,5,,,{'id': 173163}
1200651535,LONG,550000,5,,,{'id': 172414}
1200651537,LONG,3006300,40,,,{'id': 171273}
1200651539,LONG,3476500,40,,,{'id': 171270}
1200651541,LONG,1348700,4,,,{'id': 177661}
1200651544,VERY_LONG,5349400,2,,,{'id': 76540}
1200651547,LONG,2258800,4,,,{'id': 172411}
1200651549,LONG,,1,650009700,552508200,"{'id': 171416, 'context': 66, 'bonus_lists': [6758, 1532]}"
1200651554,LONG,2642400,5,,,{'id': 172412}
1200651556,LONG,290000,40,,,{'id': 171268}
1200651570,VERY_LONG,945500,3,,,{'id': 38780}
1200651592,VERY_LONG,1009600,5,,,{'id': 38772}
1200651622,VERY_LONG,513500,6,,,{'id': 173204}
1200651689,VERY_LONG,199000,5,,,{'id': 3818}
1200651727,VERY_LONG,168000,1,,,{'id': 3356}
1200651763,VERY_LONG,10000,7,,,{'id': 108324}
1200651824,VERY_LONG,9000,3,,,{'id': 785}
1200651915,VERY_LONG,70000,6,,,{'id': 108328}
1200651952,LONG,88000,362,,,{'id': 169701}
1200651955,VERY_LONG,47000,39,,,{'id': 34054}
1200652013,VERY_LONG,170000,9,,,{'id': 108331}
1200652050,VERY_LONG,108900,5,,,{'id': 2452}
1200652071,VERY_LONG,259900,38,,,{'id': 108354}
1200652095,VERY_LONG,700000,12,,,{'id': 36901}
1200653134,VERY_LONG,232600,1,,,{'id': 4625}
1200653169,VERY_LONG,19800,5,,,{'id': 108326}
1200653228,VERY_LONG,,1,210000,,"{'id': 20753, 'context': 14}"
1200653238,VERY_LONG,,1,140000,,"{'id': 20752, 'context': 14}"
1200653240,VERY_LONG,,1,140000,,"{'id': 20752, 'context': 14}"
1200653250,VERY_LONG,,1,150000,,"{'id': 20755, 'context': 14}"
1200653273,LONG,165000,348,,,{'id': 171831}
1200653274,VERY_LONG,,1,499900,,"{'id': 10312, 'context': 0}"
1200653291,LONG,1494900,75,,,{'id': 171833}
1200653299,VERY_LONG,,1,140000,,"{'id': 20758, 'context': 14}"
1200653386,VERY_LONG,250000,3,,,{'id': 5471}
1200653430,VERY_LONG,19400,4,,,{'id': 7974}
1200653481,VERY_LONG,2900,3,,,{'id': 7912}
1200653508,VERY_LONG,50000,1,,,{'id': 6308}
1200653537,VERY_LONG,4000,5,,,{'id': 12205}
1200653558,VERY_LONG,28500,11,,,{'id': 10938}
1200653589,VERY_LONG,88000,187,,,{'id': 169701}
1200653640,VERY_LONG,550000,5,,,{'id': 172414}
1200653656,VERY_LONG,,1,5120700,,"{'id': 173140, 'context': 13, 'bonus_lists': [3363]}"
1200653670,VERY_LONG,,1,4151200,,"{'id': 173142, 'context': 13, 'bonus_lists': [3372]}"
1200653675,VERY_LONG,,1,4151200,,"{'id': 173142, 'context': 13, 'bonus_lists': [3375]}"
1200653682,VERY_LONG,,1,4151200,,"{'id': 173142, 'context': 13, 'bonus_lists': [3374]}"
1200653687,VERY_LONG,,1,4151200,,"{'id': 173142, 'context': 13, 'bonus_lists': [3372]}"
1200653693,VERY_LONG,,1,2750000,,"{'id': 177776, 'context': 2, 'bonus_lists': [6907, 6652, 7194, 1701], 'modifiers': [{'type': 9, 'value': 60}, {'type': 28, 'value': 748}]}"
1200653969,VERY_LONG,756400,6,,,{'id': 171288}
1200653990,LONG,,1,279999800,237999800,"{'id': 173242, 'context': 66, 'bonus_lists': [6758, 1532]}"
1200654017,LONG,,1,199999100,189866000,"{'id': 173241, 'context': 66, 'bonus_lists': [6758, 1532]}"
1200654030,LONG,,1,199998200,169998500,"{'id': 173241, 'context': 65, 'bonus_lists': [6718, 1522]}"
1200656241,LONG,584800,20,,,{'id': 172049}
1200656245,LONG,550000,1,,,{'id': 172416}
1200656247,LONG,219900,36,,,{'id': 171267}
1200656252,LONG,7200900,5,,,{'id': 172408}
1200656267,LONG,,1,15999500,7999800,"{'id': 173241, 'context': 63, 'bonus_lists': [6716, 1487]}"
1200656268,LONG,19999900,12,,,{'id': 58480}
1200656296,LONG,290000,10,,,{'id': 171268}
1200656326,VERY_LONG,5990000,20,,,{'id': 172347}
1200656335,VERY_LONG,5990000,15,,,{'id': 172347}
1200656478,LONG,,1,32183600,,"{'id': 173218, 'context': 0, 'bonus_lists': [6893, 7185], 'modifiers': [{'type': 9, 'value': 60}, {'type': 28, 'value': 391}, {'type': 29, 'value': 49}, {'type': 30, 'value': 36}]}"
1200656485,LONG,,1,31091000,,"{'id': 173217, 'context': 0, 'bonus_lists': [6893, 7185], 'modifiers': [{'type': 9, 'value': 60}, {'type': 28, 'value': 391}, {'type': 29, 'value': 36}, {'type': 30, 'value': 49}]}"
1200656493,VERY_LONG,24600,4,,,{'id': 172092}
1200656497,LONG,,1,29999900,,"{'id': 173220, 'context': 0, 'bonus_lists': [6893, 7185], 'modifiers': [{'type': 9, 'value': 60}, {'type': 28, 'value': 391}, {'type': 29, 'value': 32}, {'type': 30, 'value': 36}]}"
1200656507,LONG,,1,33421300,,"{'id': 173214, 'context': 0, 'bonus_lists': [6893, 7185], 'modifiers': [{'type': 9, 'value': 60}, {'type': 28, 'value': 391}, {'type': 29, 'value': 49}, {'type': 30, 'value': 40}]}"
1200656508,LONG,,1,33421300,,"{'id': 173214, 'context': 0, 'bonus_lists': [6893, 7185], 'modifiers': [{'type': 9, 'value': 60}, {'type': 28, 'value': 391}, {'type': 29, 'value': 40}, {'type': 30, 'value': 36}]}"
1200656510,LONG,,1,33421300,,"{'id': 173214, 'context': 0, 'bonus_lists': [6893, 7185], 'modifiers': [{'type': 9, 'value': 60}, {'type': 28, 'value': 391}, {'type': 29, 'value': 40}, {'type': 30, 'value': 49}]}"
1200656574,VERY_LONG,513500,2,,,{'id': 173204}
1200656836,VERY_LONG,513500,2,,,{'id': 173204}
1200657022,LONG,,1,69989300,,"{'id': 109172, 'context': 13, 'bonus_lists': [525, 182, 532]}"
1200658159,VERY_LONG,,1,11945800,,"{'id': 3197, 'context': 1, 'bonus_lists': [6655, 1695], 'modifiers': [{'type': 9, 'value': 30}, {'type': 28, 'value': 211}]}"
1200658170,VERY_LONG,,1,2485100,,"{'id': 3042, 'context': 1, 'bonus_lists': [6655], 'modifiers': [{'type': 9, 'value': 30}, {'type': 28, 'value': 211}]}"
1200658181,VERY_LONG,19900,29,,,{'id': 72988}
1200658218,VERY_LONG,,1,500000,,"{'id': 82207, 'context': 2, 'bonus_lists': [6654, 1715], 'modifiers': [{'type': 9, 'value': 35}, {'type': 28, 'value': 1186}]}"
1200658229,VERY_LONG,,1,43736300,,"{'id': 82800, 'context': 0, 'modifiers': [{'type': 6, 'value': 48708}], 'pet_breed_id': 9, 'pet_level': 1, 'pet_quality_id': 3, 'pet_species_id': 1245}"
1200658380,VERY_LONG,1494900,20,,,{'id': 171833}
1200658399,VERY_LONG,,1,72056700,,"{'id': 116064, 'context': 11, 'modifiers': [{'type': 28, 'value': 373}]}"
1200658502,VERY_LONG,,1,2999900,,"{'id': 175561, 'context': 0, 'bonus_lists': [6907, 1678], 'modifiers': [{'type': 9, 'value': 60}, {'type': 28, 'value': 1707}]}"
1200658536,VERY_LONG,4000,108,,,{'id': 173032}
1200658600,VERY_LONG,,1,950100,,"{'id': 172248, 'context': 13, 'bonus_lists': [6885], 'modifiers': [{'type': 9, 'value': 60}, {'type': 28, 'value': 391}, {'type': 29, 'value': 36}, {'type': 30, 'value': 40}]}"
1200658602,VERY_LONG,,1,950100,,"{'id': 172248, 'context': 13, 'bonus_lists': [6885], 'modifiers': [{'type': 9, 'value': 60}, {'type': 28, 'value': 391}, {'type': 29, 'value': 36}, {'type': 30, 'value': 49}]}"
1200658604,VERY_LONG,,1,950100,,"{'id': 172248, 'context': 13, 'bonus_lists': [6885], 'modifiers': [{'type': 9, 'value': 60}, {'type': 28, 'value': 391}, {'type': 29, 'value': 36}, {'type': 30, 'value': 32}]}"
1200658606,VERY_LONG,,1,950100,,"{'id': 172248, 'context': 13, 'bonus_lists': [6885], 'modifiers': [{'type': 9, 'value': 60}, {'type': 28, 'value': 391}, {'type': 29, 'value': 40}, {'type': 30, 'value': 49}]}"
1200658608,VERY_LONG,,1,950100,,"{'id': 172248, 'context': 13, 'bonus_lists': [6885], 'modifiers': [{'type': 9, 'value': 60}, {'type': 28, 'value': 391}, {'type': 29, 'value': 32}, {'type': 30, 'value': 40}]}"
1200658609,VERY_LONG,,1,950100,,"{'id': 172248, 'context': 13, 'bonus_lists': [6885], 'modifiers': [{'type': 9, 'value': 60}, {'type': 28, 'value': 391}, {'type': 29, 'value': 49}, {'type': 30, 'value': 36}]}"
1200658611,VERY_LONG,,1,950100,,"{'id': 172248, 'context': 13, 'bonus_lists': [6885], 'modifiers': [{'type': 9, 'value': 60}, {'type': 28, 'value': 391}, {'type': 29, 'value': 36}, {'type': 30, 'value': 49}]}"
1200658613,VERY_LONG,,1,950100,,"{'id': 172248, 'context': 13, 'bonus_lists': [6885], 'modifiers': [{'type': 9, 'value': 60}, {'type': 28, 'value': 391}, {'type': 29, 'value': 40}, {'type': 30, 'value': 32}]}"
1200658615,VERY_LONG,,1,950100,,"{'id': 172248, 'context': 13, 'bonus_lists': [6885], 'modifiers': [{'type': 9, 'value': 60}, {'type': 28, 'value': 391}, {'type': 29, 'value': 49}, {'type': 30, 'value': 36}]}"
1200658634,LONG,,1,29343600,,"{'id': 173131, 'context': 13, 'bonus_lists': [7185], 'modifiers': [{'type': 9, 'value': 60}, {'type': 29, 'value': 49}]}"
1200658639,LONG,,1,32982300,,"{'id': 173144, 'context': 13, 'bonus_lists': [7185], 'modifiers': [{'type': 9, 'value': 60}, {'type': 29, 'value': 49}]}"
1200658642,VERY_LONG,1000000,2,,,{'id': 172041}
1200658644,LONG,,1,1569100,,"{'id': 173144, 'context': 13, 'modifiers': [{'type': 29, 'value': 36}]}"
1200658645,VERY_LONG,,1,1990000,,"{'id': 176776, 'context': 0, 'bonus_lists': [6907, 42, 7193, 1714], 'modifiers': [{'type': 9, 'value': 60}, {'type': 28, 'value': 1707}]}"
1200658651,LONG,,1,48037500,,"{'id': 173146, 'context': 13, 'bonus_lists': [7185], 'modifiers': [{'type': 9, 'value': 60}, {'type': 29, 'value': 49}]}"
1200658657,LONG,,1,48515000,,"{'id': 173134, 'context': 13, 'bonus_lists': [7185], 'modifiers': [{'type': 9, 'value': 60}, {'type': 29, 'value': 40}]}"
1200658660,LONG,,1,29393200,,"{'id': 173133, 'context': 13, 'bonus_lists': [7185], 'modifiers': [{'type': 9, 'value': 60}, {'type': 29, 'value': 40}]}"
1200658666,LONG,,1,38326900,,"{'id': 173145, 'context': 13, 'bonus_lists': [7185], 'modifiers': [{'type': 9, 'value': 60}, {'type': 29, 'value': 40}]}"
1200658667,VERY_LONG,,1,2700000,,"{'id': 177776, 'context': 0, 'bonus_lists': [6907, 6652, 7193, 1684], 'modifiers': [{'type': 9, 'value': 60}, {'type': 28, 'value': 1707}]}"
1200658670,LONG,,1,46366600,,"{'id': 173132, 'context': 13, 'bonus_lists': [7185], 'modifiers': [{'type': 9, 'value': 60}, {'type': 29, 'value': 40}]}"
1200658671,VERY_LONG,3189100,2,,,{'id': 171349}
1200658677,LONG,,1,1816500,,"{'id': 173145, 'context': 13, 'modifiers': [{'type': 29, 'value': 40}]}"
1200658683,LONG,,1,18401600,,"{'id': 173147, 'context': 13, 'bonus_lists': [7185], 'modifiers': [{'type': 9, 'value': 60}, {'type': 29, 'value': 40}]}"
1200658685,VERY_LONG,,1,2440000,,"{'id': 178948, 'context': 0, 'bonus_lists': [6908, 6652, 1701], 'modifiers': [{'type': 9, 'value': 60}, {'type': 28, 'value': 2060}]}"
1200658686,LONG,,1,1489100,,"{'id': 173147, 'context': 13, 'modifiers': [{'type': 29, 'value': 49}]}"
1200658688,LONG,2033000,1,,,{'id': 172364}
1200658692,LONG,1339500,1,,,{'id': 172363}
1200658713,VERY_LONG,,1,1460009900,,"{'id': 183031, 'context': 5, 'bonus_lists': [7188, 40, 6935, 1485, 6646], 'modifiers': [{'type': 28, 'value': 752}]}"
1200658829,VERY_LONG,650400,5,,,{'id': 43011}
1200658883,VERY_LONG,7000,5,,,{'id': 17056}
1200659015,VERY_LONG,18000,2,,,{'id': 43501}
1200659051,VERY_LONG,660000,2,,,{'id': 184090}
1200659070,VERY_LONG,10000,13,,,{'id': 152513}
1200659089,LONG,427400,3,,,{'id': 172096}
1200660123,VERY_LONG,90000,3,,,{'id': 152512}
1200660142,VERY_LONG,80000,14,,,{'id': 168216}
1200660147,VERY_LONG,16509200,9,,,{'id': 172438}
1200660214,VERY_LONG,1000,200,,,{'id': 152509}
1200660266,VERY_LONG,786000,1,,,{'id': 172094}
1200660280,VERY_LONG,1494900,3,,,{'id': 171833}
1200660289,VERY_LONG,,1,7000000,,"{'id': 172253, 'context': 13, 'bonus_lists': [6893], 'modifiers': [{'type': 9, 'value': 60}, {'type': 28, 'value': 391}, {'type': 29, 'value': 40}, {'type': 30, 'value': 49}]}"
1200660307,VERY_LONG,,1,6500000,,"{'id': 172253, 'context': 13, 'bonus_lists': [6893], 'modifiers': [{'type': 9, 'value': 60}, {'type': 28, 'value': 391}, {'type': 29, 'value': 49}, {'type': 30, 'value': 32}]}"
1200660311,VERY_LONG,39900,6,,,{'id': 171841}
1200660314,VERY_LONG,,1,6500000,,"{'id': 172253, 'context': 13, 'bonus_lists': [6893], 'modifiers': [{'type': 9, 'value': 60}, {'type': 28, 'value': 391}, {'type': 29, 'value': 32}, {'type': 30, 'value': 36}]}"
1200660315,LONG,,1,299999900,,"{'id': 83087, 'context': 0}"
1200660316,VERY_LONG,513500,1,,,{'id': 173204}
1200660317,LONG,150697800,1,,,{'id': 168417}
1200660321,VERY_LONG,,1,6500000,,"{'id': 172253, 'context': 13, 'bonus_lists': [6893], 'modifiers': [{'type': 9, 'value': 60}, {'type': 28, 'value': 391}, {'type': 29, 'value': 32}, {'type': 30, 'value': 49}]}"
1200660336,VERY_LONG,,1,2000000,,"{'id': 172252, 'context': 13, 'bonus_lists': [6893], 'modifiers': [{'type': 9, 'value': 60}, {'type': 28, 'value': 391}, {'type': 29, 'value': 40}, {'type': 30, 'value': 49}]}"
1200660354,VERY_LONG,,1,2000000,,"{'id': 172252, 'context': 13, 'bonus_lists': [6893], 'modifiers': [{'type': 9, 'value': 60}, {'type': 28, 'value': 391}, {'type': 29, 'value': 36}, {'type': 30, 'value': 40}]}"
1200660358,VERY_LONG,,1,2000000,,"{'id': 172252, 'context': 13, 'bonus_lists': [6893], 'modifiers': [{'type': 9, 'value': 60}, {'type': 28, 'value': 391}, {'type': 29, 'value': 40}, {'type': 30, 'value': 36}]}"
1200660360,VERY_LONG,,1,2000000,,"{'id': 172252, 'context': 13, 'bonus_lists': [6893], 'modifiers': [{'type': 9, 'value': 60}, {'type': 28, 'value': 391}, {'type': 29, 'value': 40}, {'type': 30, 'value': 32}]}"
1200660362,VERY_LONG,,1,2000000,,"{'id': 172252, 'context': 13, 'bonus_lists': [6893], 'modifiers': [{'type': 9, 'value': 60}, {'type': 28, 'value': 391}, {'type': 29, 'value': 36}, {'type': 30, 'value': 32}]}"
1200660363,VERY_LONG,,1,2000000,,"{'id': 172252, 'context': 13, 'bonus_lists': [6893], 'modifiers': [{'type': 9, 'value': 60}, {'type': 28, 'value': 391}, {'type': 29, 'value': 32}, {'type': 30, 'value': 36}]}"
1200660375,VERY_LONG,165000,8,,,{'id': 171831}
1200660386,VERY_LONG,4000,13,,,{'id': 173032}
1200660392,VERY_LONG,,1,4000000,,"{'id': 172251, 'context': 13, 'bonus_lists': [6893], 'modifiers': [{'type': 9, 'value': 60}, {'type': 28, 'value': 391}, {'type': 29, 'value': 40}, {'type': 30, 'value': 49}]}"
1200660393,VERY_LONG,,1,4000000,,"{'id': 172251, 'context': 13, 'bonus_lists': [6893], 'modifiers': [{'type': 9, 'value': 60}, {'type': 28, 'value': 391}, {'type': 29, 'value': 32}, {'type': 30, 'value': 36}]}"
1200660394,VERY_LONG,,1,4000000,,"{'id': 172251, 'context': 13, 'bonus_lists': [6893], 'modifiers': [{'type': 9, 'value': 60}, {'type': 28, 'value': 391}, {'type': 29, 'value': 32}, {'type': 30, 'value': 36}]}"
1200660395,VERY_LONG,,1,4000000,,"{'id': 172251, 'context': 13, 'bonus_lists': [6893], 'modifiers': [{'type': 9, 'value': 60}, {'type': 28, 'value': 391}, {'type': 29, 'value': 36}, {'type': 30, 'value': 40}]}"
1200660397,VERY_LONG,,1,4000000,,"{'id': 172251, 'context': 13, 'bonus_lists': [6893], 'modifiers': [{'type': 9, 'value': 60}, {'type': 28, 'value': 391}, {'type': 29, 'value': 40}, {'type': 30, 'value': 36}]}"
1200660644,LONG,24600,13,,,{'id': 172092}
1200660652,LONG,3300,703,,,{'id': 172052}
1200660660,LONG,,1,4495000,,"{'id': 114821, 'context': 0}"
1200660672,LONG,25000000,1,,,{'id': 180457}
1200660690,LONG,4000,3,,,{'id': 173032}
1200660702,VERY_LONG,,1,4882800,,"{'id': 159585, 'context': 0, 'bonus_lists': [4796, 4802, 1684], 'modifiers': [{'type': 9, 'value': 50}]}"
1200660738,VERY_LONG,,1,72322600,,"{'id': 60222, 'context': 0}"
1200660743,LONG,554400,3,,,{'id': 173034}
1200660752,VERY_LONG,,1,3394800,,"{'id': 36471, 'context': 22, 'bonus_lists': [1681], 'modifiers': [{'type': 9, 'value': 45}]}"
1200660757,VERY_LONG,,1,18602500,,"{'id': 161987, 'context': 13, 'bonus_lists': [1717, 4926]}"
1200660761,VERY_LONG,,1,600004800,510004100,"{'id': 171413, 'context': 66, 'bonus_lists': [6758, 1532]}"
1200660762,VERY_LONG,,1,18602500,,"{'id': 161987, 'context': 13, 'bonus_lists': [1703, 4926]}"
1200660763,VERY_LONG,,1,600004800,510004100,"{'id': 171413, 'context': 66, 'bonus_lists': [6758, 1532]}"
1200660766,LONG,390500,3,,,{'id': 172053}
1200660771,VERY_LONG,,1,13339700,,"{'id': 161943, 'context': 13, 'bonus_lists': [1681]}"
1200660783,VERY_LONG,,1,1687998500,1434798700,"{'id': 171417, 'context': 66, 'bonus_lists': [6758, 1532]}"
1200660785,VERY_LONG,,1,1687998500,1434798700,"{'id': 171417, 'context': 66, 'bonus_lists': [6758, 1532]}"
1200660787,VERY_LONG,,1,10780000,,"{'id': 128898, 'context': 13, 'bonus_lists': [1684, 3392, 3408]}"
1200660791,VERY_LONG,,1,889400,,"{'id': 128893, 'context': 13, 'bonus_lists': [1699, 3392, 3408]}"
1200660792,VERY_LONG,,1,1657998700,1409298900,"{'id': 171414, 'context': 66, 'bonus_lists': [6758, 1532]}"
1200660799,VERY_LONG,,1,186300,,"{'id': 121047, 'context': 0, 'bonus_lists': [1812, 1680], 'modifiers': [{'type': 9, 'value': 41}]}"
1200660805,VERY_LONG,,1,200006800,185838300,"{'id': 171414, 'context': 65, 'bonus_lists': [6718, 1522]}"
1200660806,VERY_LONG,,1,200006800,185838300,"{'id': 171414, 'context': 65, 'bonus_lists': [6718, 1522]}"
1200660819,VERY_LONG,,1,1124997900,956248200,"{'id': 171412, 'context': 66, 'bonus_lists': [6758, 1532]}"
1200660823,VERY_LONG,,1,1124997900,956248200,"{'id': 171412, 'context': 66, 'bonus_lists': [6758, 1532]}"
1200660838,VERY_LONG,,1,170005600,147204700,"{'id': 171419, 'context': 65, 'bonus_lists': [6718, 7194, 1522]}"
1200660840,VERY_LONG,,1,170005600,147204700,"{'id': 171419, 'context': 65, 'bonus_lists': [6718, 7194, 1522]}"
1200660842,VERY_LONG,,1,170005600,147204700,"{'id': 171419, 'context': 65, 'bonus_lists': [6718, 7194, 1522]}"
1200660844,VERY_LONG,,1,170005600,147204700,"{'id': 171419, 'context': 65, 'bonus_lists': [6718, 7193, 1522]}"
1200660846,VERY_LONG,,1,170005600,147204700,"{'id': 171419, 'context': 65, 'bonus_lists': [6718, 7194, 1522]}"
1200660847,VERY_LONG,,1,170005600,147204700,"{'id': 171419, 'context': 65, 'bonus_lists': [6718, 7194, 1522]}"
1200660858,VERY_LONG,,1,99008600,88390900,"{'id': 171419, 'context': 64, 'bonus_lists': [6717, 7193, 1507]}"
1200660861,VERY_LONG,,1,99008600,88390900,"{'id': 171419, 'context': 64, 'bonus_lists': [6717, 7193, 1507]}"
1200660869,VERY_LONG,,1,1400999500,1190849600,"{'id': 171419, 'context': 66, 'bonus_lists': [6758, 7193, 1532]}"
1200660876,VERY_LONG,4003600,1,,,{'id': 61979}
1200660882,VERY_LONG,17700,9,,,{'id': 179315}
1200660900,VERY_LONG,3300,11,,,{'id': 172052}
1200660904,VERY_LONG,5990000,175,,,{'id': 172347}
1200660911,VERY_LONG,39200,3,,,{'id': 171841}
1200660915,VERY_LONG,,1,69909800,,"{'id': 171416, 'context': 63, 'bonus_lists': [6716, 1487]}"
1200660924,VERY_LONG,,1,1009980000,,"{'id': 172324, 'context': 66, 'bonus_lists': [6758, 1532]}"
1200660932,VERY_LONG,161700,12,,,{'id': 171831}
1200660934,VERY_LONG,,1,69909800,,"{'id': 171416, 'context': 63, 'bonus_lists': [6716, 1487]}"
1200660953,VERY_LONG,49300,1,,,{'id': 152876}
1200660973,VERY_LONG,46000,1,,,{'id': 152875}
1200660994,VERY_LONG,913000,6,,,{'id': 127004}
1200661009,VERY_LONG,14100,4,,,{'id': 10940}
1200661023,VERY_LONG,,1,2709700,,"{'id': 82800, 'context': 0, 'pet_breed_id': 7, 'pet_level': 1, 'pet_quality_id': 3, 'pet_species_id': 1151}"
1200661028,VERY_LONG,,1,1350500,,"{'id': 33154, 'context': 1}"
1200661062,LONG,1339500,1,,,{'id': 172363}
1200661081,LONG,,1,13428500,,"{'id': 171443, 'context': 13, 'bonus_lists': [6893], 'modifiers': [{'type': 9, 'value': 51}, {'type': 28, 'value': 391}, {'type': 29, 'value': 40}, {'type': 30, 'value': 32}]}"
1200661084,LONG,,1,13428500,,"{'id': 171443, 'context': 13, 'bonus_lists': [6893], 'modifiers': [{'type': 9, 'value': 51}, {'type': 28, 'value': 391}, {'type': 29, 'value': 40}, {'type': 30, 'value': 49}]}"
1200661096,LONG,1460000,3,,,{'id': 172361}
1200662104,LONG,,1,6500000,,"{'id': 172253, 'context': 13, 'bonus_lists': [6893], 'modifiers': [{'type': 9, 'value': 52}, {'type': 28, 'value': 391}, {'type': 29, 'value': 32}, {'type': 30, 'value': 40}]}"
1200662109,LONG,19537400,1,,,{'id': 173077}
1200662117,LONG,,1,4000000,,"{'id': 172251, 'context': 13, 'bonus_lists': [6893], 'modifiers': [{'type': 9, 'value': 52}, {'type': 28, 'value': 391}, {'type': 29, 'value': 40}, {'type': 30, 'value': 36}]}"
1200662128,LONG,,1,3509400,,"{'id': 172260, 'context': 13, 'bonus_lists': [6893], 'modifiers': [{'type': 9, 'value': 51}, {'type': 28, 'value': 391}, {'type': 29, 'value': 49}, {'type': 30, 'value': 40}]}"
1200662131,LONG,,1,3509400,,"{'id': 172260, 'context': 13, 'bonus_lists': [6893], 'modifiers': [{'type': 9, 'value': 52}, {'type': 28, 'value': 391}, {'type': 29, 'value': 40}, {'type': 30, 'value': 49}]}"
1200662137,LONG,,1,9753300,,"{'id': 171449, 'context': 13, 'bonus_lists': [6893], 'modifiers': [{'type': 9, 'value': 51}, {'type': 28, 'value': 391}, {'type': 29, 'value': 32}, {'type': 30, 'value': 36}]}"
1200662141,LONG,,1,9753300,,"{'id': 171449, 'context': 13, 'bonus_lists': [6893], 'modifiers': [{'type': 9, 'value': 51}, {'type': 28, 'value': 391}, {'type': 29, 'value': 40}, {'type': 30, 'value': 32}]}"
1200662145,LONG,,1,3947700,,"{'id': 172257, 'context': 13, 'bonus_lists': [6893], 'modifiers': [{'type': 9, 'value': 52}, {'type': 28, 'value': 391}, {'type': 29, 'value': 32}, {'type': 30, 'value': 36}]}"
1200662148,LONG,,1,3947700,,"{'id': 172257, 'context': 13, 'bonus_lists': [6893], 'modifiers': [{'type': 9, 'value': 52}, {'type': 28, 'value': 391}, {'type': 29, 'value': 49}, {'type': 30, 'value': 36}]}"
1200662199,VERY_LONG,999800,20,,,{'id': 169451}
1200662217,VERY_LONG,,1,264000,,"{'id': 82800, 'context': 0, 'modifiers': [{'type': 6, 'value': 61887}], 'pet_breed_id': 17, 'pet_level': 1, 'pet_quality_id': 3, 'pet_species_id': 1623}"
1200662225,VERY_LONG,999800,20,,,{'id': 169451}
1200662230,VERY_LONG,2100,22,,,{'id': 42780}
1200662231,VERY_LONG,,1,8998000,,"{'id': 82800, 'context': 0, 'modifiers': [{'type': 6, 'value': 90173}], 'pet_breed_id': 11, 'pet_level': 1, 'pet_quality_id': 3, 'pet_species_id': 2552}"
1200662236,VERY_LONG,,1,1400000,,"{'id': 82800, 'context': 0, 'modifiers': [{'type': 6, 'value': 45289}], 'pet_breed_id': 18, 'pet_level': 1, 'pet_quality_id': 3, 'pet_species_id': 2087}"
1200662245,VERY_LONG,,1,248000,,"{'id': 82800, 'context': 0, 'modifiers': [{'type': 6, 'value': 88060}], 'pet_breed_id': 6, 'pet_level': 1, 'pet_quality_id': 3, 'pet_species_id': 2468}"
1200662251,VERY_LONG,9989900,8,,,{'id': 168652}
1200662256,VERY_LONG,,1,276000000,,"{'id': 82800, 'context': 0, 'modifiers': [{'type': 6, 'value': 30969}], 'pet_breed_id': 20, 'pet_level': 1, 'pet_quality_id': 3, 'pet_species_id': 1516}"
1200662263,VERY_LONG,,1,508700,,"{'id': 82800, 'context': 0, 'modifiers': [{'type': 6, 'value': 90830}], 'pet_breed_id': 11, 'pet_level': 1, 'pet_quality_id': 3, 'pet_species_id': 2581}"
1200662271,VERY_LONG,,1,1755400,,"{'id': 82800, 'context': 0, 'modifiers': [{'type': 6, 'value': 79797}], 'pet_breed_id': 4, 'pet_level': 1, 'pet_quality_id': 3, 'pet_species_id': 2119}"
1200662277,VERY_LONG,,1,4004000,,"{'id': 82800, 'context': 0, 'modifiers': [{'type': 6, 'value': 79707}], 'pet_breed_id': 10, 'pet_level': 1, 'pet_quality_id': 3, 'pet_species_id': 2086}"
1200662283,VERY_LONG,7200000,9,,,{'id': 168651}
1200662287,VERY_LONG,,1,285000,,"{'id': 82800, 'context': 0, 'modifiers': [{'type': 6, 'value': 72658}], 'pet_breed_id': 7, 'pet_level': 1, 'pet_quality_id': 3, 'pet_species_id': 1934}"
1200662297,VERY_LONG,,1,2509800,,"{'id': 82800, 'context': 0, 'modifiers': [{'type': 6, 'value': 60819}], 'pet_breed_id': 15, 'pet_level': 1, 'pet_quality_id': 3, 'pet_species_id': 1566}"
1200662303,VERY_LONG,,1,79940000,,"{'id': 82800, 'context': 0, 'modifiers': [{'type': 6, 'value': 23000}], 'pet_breed_id': 7, 'pet_level': 1, 'pet_quality_id': 3, 'pet_species_id': 2547}"
1200662310,VERY_LONG,,1,756900,,"{'id': 82800, 'context': 0, 'modifiers': [{'type': 6, 'value': 79796}], 'pet_breed_id': 6, 'pet_level': 1, 'pet_quality_id': 3, 'pet_species_id': 2118}"
1200662317,VERY_LONG,,1,100000000,,"{'id': 82800, 'context': 0, 'modifiers': [{'type': 6, 'value': 86532}], 'pet_breed_id': 15, 'pet_level': 1, 'pet_quality_id': 3, 'pet_species_id': 2794}"
1200662321,VERY_LONG,,1,10009500,,"{'id': 82800, 'context': 0, 'pet_breed_id': 8, 'pet_level': 1, 'pet_quality_id': 3, 'pet_species_id': 1962}"
1200662329,VERY_LONG,,1,13248400,,"{'id': 82800, 'context': 0, 'modifiers': [{'type': 6, 'value': 90181}], 'pet_breed_id': 17, 'pet_level': 1, 'pet_quality_id': 3, 'pet_species_id': 2557}"
1200662344,VERY_LONG,,1,12000000,,"{'id': 82800, 'context': 0, 'modifiers': [{'type': 6, 'value': 61890}], 'pet_breed_id': 7, 'pet_level': 1, 'pet_quality_id': 3, 'pet_species_id': 1625}"
1200662350,VERY_LONG,9809800,7,,,{'id': 168654}
1200662359,VERY_LONG,,1,11110600,,"{'id': 82800, 'context': 0, 'modifiers': [{'type': 6, 'value': 47859}], 'pet_breed_id': 12, 'pet_level': 1, 'pet_quality_id': 3, 'pet_species_id': 2582}"
1200662376,VERY_LONG,,1,5839900,,"{'id': 82800, 'context': 0, 'modifiers': [{'type': 6, 'value': 71972}], 'pet_breed_id': 8, 'pet_level': 1, 'pet_quality_id': 3, 'pet_species_id': 2091}"
1200662382,VERY_LONG,,1,50004600,,"{'id': 82800, 'context': 0, 'modifiers': [{'type': 6, 'value': 48662}], 'pet_breed_id': 5, 'pet_level': 1, 'pet_quality_id': 3, 'pet_species_id': 1229}"
1200662392,VERY_LONG,,1,3000000,,"{'id': 82800, 'context': 0, 'pet_breed_id': 13, 'pet_level': 1, 'pet_quality_id': 3, 'pet_species_id': 1952}"
1200662402,VERY_LONG,,1,4000600,,"{'id': 82800, 'context': 0, 'modifiers': [{'type': 6, 'value': 94711}], 'pet_breed_id': 5, 'pet_level': 1, 'pet_quality_id': 3, 'pet_species_id': 2838}"
1200662404,VERY_LONG,,1,1551000,,"{'id': 82800, 'context': 0, 'modifiers': [{'type': 6, 'value': 46923}], 'pet_breed_id': 8, 'pet_level': 1, 'pet_quality_id': 3, 'pet_species_id': 1149}"
1200662408,VERY_LONG,,1,1000000,,"{'id': 82800, 'context': 0, 'pet_breed_id': 3, 'pet_level': 1, 'pet_quality_id': 3, 'pet_species_id': 1965}"
1200662413,VERY_LONG,,1,70001300,,"{'id': 82800, 'context': 0, 'modifiers': [{'type': 6, 'value': 5187}], 'pet_breed_id': 4, 'pet_level': 1, 'pet_quality_id': 3, 'pet_species_id': 2545}"
1200662426,VERY_LONG,,1,6399900,,"{'id': 82800, 'context': 0, 'modifiers': [{'type': 6, 'value': 88001}], 'pet_breed_id': 21, 'pet_level': 1, 'pet_quality_id': 3, 'pet_species_id': 2447}"
1200662442,VERY_LONG,,1,8000000,,"{'id': 82800, 'context': 0, 'modifiers': [{'type': 6, 'value': 88008}], 'pet_breed_id': 14, 'pet_level': 1, 'pet_quality_id': 3, 'pet_species_id': 2454}"
1200662450,VERY_LONG,,1,14999700,,"{'id': 82800, 'context': 0, 'modifiers': [{'type': 6, 'value': 61884}], 'pet_breed_id': 6, 'pet_level': 1, 'pet_quality_id': 3, 'pet_species_id': 1622}"
1200662460,VERY_LONG,,1,5200000,,"{'id': 82800, 'context': 0, 'modifiers': [{'type': 6, 'value': 46898}], 'pet_breed_id': 18, 'pet_level': 1, 'pet_quality_id': 3, 'pet_species_id': 1143}"
1200662463,VERY_LONG,,1,960000000,,"{'id': 184799, 'context': 1, 'bonus_lists': [6652, 1472, 6646], 'modifiers': [{'type': 28, 'value': 2044}]}"
1200662467,VERY_LONG,,1,951500,,"{'id': 82800, 'context': 0, 'modifiers': [{'type': 6, 'value': 46905}], 'pet_breed_id': 4, 'pet_level': 1, 'pet_quality_id': 3, 'pet_species_id': 1153}"
1200662473,VERY_LONG,,1,19999900,,"{'id': 82800, 'context': 0, 'modifiers': [{'type': 6, 'value': 79634}], 'pet_breed_id': 17, 'pet_level': 1, 'pet_quality_id': 3, 'pet_species_id': 2079}"
1200662482,VERY_LONG,,1,700000,,"{'id': 82800, 'context': 0, 'modifiers': [{'type': 6, 'value': 38283}], 'pet_breed_id': 22, 'pet_level': 1, 'pet_quality_id': 3, 'pet_species_id': 2089}"
1200662489,VERY_LONG,,1,2505700,,"{'id': 25024, 'context': 0, 'bonus_lists': [6654, 1706], 'modifiers': [{'type': 9, 'value': 30}, {'type': 28, 'value': 1008}]}"
1200662490,VERY_LONG,,1,2505700,,"{'id': 25024, 'context': 0, 'bonus_lists': [6654, 1709], 'modifiers': [{'type': 9, 'value': 30}, {'type': 28, 'value': 1009}]}"
1200662493,VERY_LONG,,1,880000,,"{'id': 82800, 'context': 0, 'modifiers': [{'type': 6, 'value': 73692}], 'pet_breed_id': 7, 'pet_level': 1, 'pet_quality_id': 3, 'pet_species_id': 1961}"
1200662513,VERY_LONG,,1,1006800,,"{'id': 82800, 'context': 0, 'modifiers': [{'type': 6, 'value': 65888}], 'pet_breed_id': 20, 'pet_level': 1, 'pet_quality_id': 3, 'pet_species_id': 2090}"
1200662525,VERY_LONG,,1,14414000,,"{'id': 82800, 'context': 0, 'modifiers': [{'type': 6, 'value': 61891}], 'pet_breed_id': 12, 'pet_level': 1, 'pet_quality_id': 3, 'pet_species_id': 1626}"
1200662527,VERY_LONG,,1,501700,,"{'id': 16804, 'context': 0, 'modifiers': [{'type': 28, 'value': 1004}]}"
1200662545,VERY_LONG,,1,1000000,,"{'id': 16817, 'context': 0, 'modifiers': [{'type': 28, 'value': 1004}]}"
1200662559,VERY_LONG,,1,1600000,,"{'id': 16864, 'context': 0, 'modifiers': [{'type': 28, 'value': 1004}]}"
1200662573,VERY_LONG,,1,999900,,"{'id': 16799, 'context': 0, 'modifiers': [{'type': 28, 'value': 1004}]}"
1200662584,VERY_LONG,,1,47195000,,"{'id': 121225, 'context': 0, 'bonus_lists': [1812, 1681], 'modifiers': [{'type': 9, 'value': 45}]}"
1200662596,VERY_LONG,,1,503400,,"{'id': 14685, 'context': 0, 'bonus_lists': [6654], 'modifiers': [{'type': 9, 'value': 30}, {'type': 28, 'value': 1007}]}"
1200662608,VERY_LONG,,1,558100,,"{'id': 25023, 'context': 0, 'bonus_lists': [6654, 1707], 'modifiers': [{'type': 9, 'value': 30}, {'type': 28, 'value': 1012}]}"
1200662609,VERY_LONG,,1,558100,,"{'id': 25023, 'context': 0, 'bonus_lists': [6654, 1708], 'modifiers': [{'type': 9, 'value': 30}, {'type': 28, 'value': 1012}]}"
1200662610,VERY_LONG,,1,558100,,"{'id': 25023, 'context': 0, 'bonus_lists': [6654, 1705], 'modifiers': [{'type': 9, 'value': 30}, {'type': 28, 'value': 1012}]}"
1200662625,VERY_LONG,,1,750000,,"{'id': 71361, 'context': 3, 'modifiers': [{'type': 28, 'value': 1029}]}"
1200662657,VERY_LONG,,1,509100,,"{'id': 24683, 'context': 0, 'bonus_lists': [1692]}"
1200662665,VERY_LONG,,1,30007000,,"{'id': 82800, 'context': 0, 'modifiers': [{'type': 6, 'value': 81665}], 'pet_breed_id': 11, 'pet_level': 1, 'pet_quality_id': 3, 'pet_species_id': 2546}"
1200662670,VERY_LONG,,1,14999900,,"{'id': 15195, 'context': 0, 'bonus_lists': [6654, 1680], 'modifiers': [{'type': 9, 'value': 30}, {'type': 28, 'value': 1007}]}"
1200662672,VERY_LONG,5000,21,,,{'id': 32428}
1200662675,VERY_LONG,,1,13378300,,"{'id': 66941, 'context': 3, 'bonus_lists': [6658], 'modifiers': [{'type': 9, 'value': 35}, {'type': 28, 'value': 1029}]}"
1200662676,VERY_LONG,3200,24,,,{'id': 152542}
1200662683,VERY_LONG,1000,1,,,{'id': 30809}
1200662684,VERY_LONG,,1,25530600,,"{'id': 15442, 'context': 0, 'bonus_lists': [6654, 1692], 'modifiers': [{'type': 9, 'value': 30}, {'type': 28, 'value': 1007}]}"
1200662688,VERY_LONG,1204800,6,,,{'id': 17203}
1200662692,VERY_LONG,2539900,97,,,{'id': 23445}
1200662695,VERY_LONG,,1,745200,,"{'id': 71029, 'context': 3, 'modifiers': [{'type': 28, 'value': 1029}]}"
1200662697,VERY_LONG,19900,4,,,{'id': 110610}
1200662703,VERY_LONG,245600,2,,,{'id': 163225}
1200662704,VERY_LONG,,1,2000000,,"{'id': 71640, 'context': 3, 'modifiers': [{'type': 28, 'value': 1029}]}"
1200662707,VERY_LONG,300,32,,,{'id': 154722}
1200662715,VERY_LONG,1600,59,,,{'id': 113264}
1200662719,VERY_LONG,,1,1000000,,"{'id': 16802, 'context': 0, 'modifiers': [{'type': 28, 'value': 1004}]}"
1200662721,VERY_LONG,,1,1000000,,"{'id': 16802, 'context': 0, 'modifiers': [{'type': 28, 'value': 1004}]}"
1200662722,VERY_LONG,37000,7,,,{'id': 17011}
1200662726,VERY_LONG,30000,33,,,{'id': 21887}
1200662733,VERY_LONG,200,16,,,{'id': 24477}
1200662735,VERY_LONG,,1,6475400,,"{'id': 16861, 'context': 0, 'modifiers': [{'type': 28, 'value': 1004}]}"
1200662736,VERY_LONG,,1,6475400,,"{'id': 16861, 'context': 0, 'modifiers': [{'type': 28, 'value': 1004}]}"
1200662741,VERY_LONG,13700,6,,,{'id': 25649}
1200662745,VERY_LONG,19900,23,,,{'id': 168185}
1200662751,VERY_LONG,,1,940000,,"{'id': 82800, 'context': 0, 'modifiers': [{'type': 6, 'value': 46902}], 'pet_breed_id': 9, 'pet_level': 1, 'pet_quality_id': 3, 'pet_species_id': 1150}"
1200662759,VERY_LONG,,1,999900,,"{'id': 82800, 'context': 0, 'modifiers': [{'type': 6, 'value': 73697}], 'pet_breed_id': 3, 'pet_level': 1, 'pet_quality_id': 3, 'pet_species_id': 1963}"
1200662761,VERY_LONG,90000,16,,,{'id': 152512}
1200662771,VERY_LONG,,1,501100,,"{'id': 37590, 'context': 22, 'modifiers': [{'type': 28, 'value': 1090}]}"
1200662784,VERY_LONG,30000,47,,,{'id': 152579}
1200662785,VERY_LONG,,1,3200000,,"{'id': 82800, 'context': 0, 'modifiers': [{'type': 6, 'value': 61888}], 'pet_breed_id': 4, 'pet_level': 1, 'pet_quality_id': 3, 'pet_species_id': 1624}"
1200662797,VERY_LONG,,1,499900,,"{'id': 24667, 'context': 0, 'bonus_lists': [1691]}"
1200662802,VERY_LONG,1900,28,,,{'id': 154165}
1200662804,VERY_LONG,10000,12,,,{'id': 152513}
1200662818,VERY_LONG,,1,1499800,,"{'id': 16840, 'context': 0, 'modifiers': [{'type': 28, 'value': 1004}]}"
1200662824,VERY_LONG,100,3,,,{'id': 124438}
1200662827,VERY_LONG,,1,12319000,,"{'id': 13070, 'context': 0, 'bonus_lists': [6658], 'modifiers': [{'type': 9, 'value': 30}, {'type': 28, 'value': 1004}]}"
1200662831,VERY_LONG,,1,12119700,,"{'id': 82800, 'context': 0, 'modifiers': [{'type': 6, 'value': 44445}], 'pet_breed_id': 8, 'pet_level': 1, 'pet_quality_id': 3, 'pet_species_id': 2583}"
1200662835,VERY_LONG,8500,1,,,{'id': 152631}
1200662842,VERY_LONG,,1,145900,,"{'id': 82800, 'context': 0, 'modifiers': [{'type': 6, 'value': 65070}], 'pet_breed_id': 6, 'pet_level': 1, 'pet_quality_id': 3, 'pet_species_id': 1706}"
1200662849,VERY_LONG,,1,600000,,"{'id': 21301, 'context': 11}"
1200662851,VERY_LONG,,1,600000,,"{'id': 21301, 'context': 11}"
1200662854,VERY_LONG,,1,600000,,"{'id': 21301, 'context': 11}"
1200662859,VERY_LONG,,1,26691300,,"{'id': 82800, 'context': 0, 'modifiers': [{'type': 6, 'value': 87870}], 'pet_breed_id': 5, 'pet_level': 1, 'pet_quality_id': 3, 'pet_species_id': 2433}"
1200662868,VERY_LONG,,1,1135900,,"{'id': 82800, 'context': 0, 'modifiers': [{'type': 6, 'value': 2177}], 'pet_breed_id': 5, 'pet_level': 1, 'pet_quality_id': 2, 'pet_species_id': 55}"
1200662869,VERY_LONG,,1,400000,,"{'id': 21305, 'context': 0}"
1200662871,VERY_LONG,,1,400000,,"{'id': 21305, 'context': 11}"
1200662872,VERY_LONG,3300,15,,,{'id': 172052}
1200662873,VERY_LONG,,1,400000,,"{'id': 21305, 'context': 11}"
1200662874,VERY_LONG,,1,400000,,"{'id': 21305, 'context': 11}"
1200662875,VERY_LONG,,1,400000,,"{'id': 21305, 'context': 11}"
1200662876,VERY_LONG,,1,400000,,"{'id': 21305, 'context': 0}"
1200662877,VERY_LONG,,1,400000,,"{'id': 21305, 'context': 11}"
1200662879,VERY_LONG,230000,8,,,{'id': 30183}
1200662884,VERY_LONG,2400,24,,,{'id': 71998}
1200662886,VERY_LONG,,1,1551000,,"{'id': 82800, 'context': 0, 'modifiers': [{'type': 6, 'value': 46923}], 'pet_breed_id': 8, 'pet_level': 1, 'pet_quality_id': 3, 'pet_species_id': 1149}"
1200662887,VERY_LONG,,1,1551000,,"{'id': 82800, 'context': 0, 'modifiers': [{'type': 6, 'value': 46923}], 'pet_breed_id': 8, 'pet_level': 1, 'pet_quality_id': 3, 'pet_species_id': 1149}"
1200662889,VERY_LONG,5000,5,,,{'id': 29740}
1200662896,VERY_LONG,,1,1541400,,"{'id': 21308, 'context': 0}"
1200662897,VERY_LONG,,1,1541400,,"{'id': 21308, 'context': 11}"
1200662898,VERY_LONG,,1,1541400,,"{'id': 21308, 'context': 11}"
1200662899,VERY_LONG,,1,1541400,,"{'id': 21308, 'context': 0}"
1200662900,VERY_LONG,,1,1541400,,"{'id': 21308, 'context': 11}"
1200662901,VERY_LONG,10900,5,,,{'id': 127759}
1200662909,VERY_LONG,100,10,,,{'id': 168303}
1200662910,VERY_LONG,,1,940000,,"{'id': 82800, 'context': 0, 'modifiers': [{'type': 6, 'value': 46902}], 'pet_breed_id': 9, 'pet_level': 1, 'pet_quality_id': 3, 'pet_species_id': 1150}"
1200662915,VERY_LONG,59800,14,,,{'id': 154164}
1200662917,VERY_LONG,390500,12,,,{'id': 172053}
1200662923,VERY_LONG,,1,4767100,,"{'id': 82800, 'context': 0, 'pet_breed_id': 12, 'pet_level': 1, 'pet_quality_id': 2, 'pet_species_id': 78}"
1200662924,VERY_LONG,2490000,2,,,{'id': 153443}
1200662925,VERY_LONG,,1,4767100,,"{'id': 82800, 'context': 0, 'pet_breed_id': 12, 'pet_level': 1, 'pet_quality_id': 2, 'pet_species_id': 78}"
1200662926,VERY_LONG,,1,4767100,,"{'id': 82800, 'context': 0, 'pet_breed_id': 22, 'pet_level': 1, 'pet_quality_id': 2, 'pet_species_id': 78}"
1200662929,VERY_LONG,17700,9,,,{'id': 179315}
1200662931,VERY_LONG,,1,504900,,"{'id': 82800, 'context': 0, 'modifiers': [{'type': 6, 'value': 95171}], 'pet_breed_id': 4, 'pet_level': 1, 'pet_quality_id': 3, 'pet_species_id': 2842}"
1200662937,VERY_LONG,,1,1782400,,"{'id': 82800, 'context': 0, 'modifiers': [{'type': 6, 'value': 99850}], 'pet_breed_id': 4, 'pet_level': 1, 'pet_quality_id': 3, 'pet_species_id': 3044}"
1200662938,VERY_LONG,47900,2,,,{'id': 62791}
1200662948,VERY_LONG,,1,729900,,"{'id': 177804, 'context': 0, 'bonus_lists': [6908, 6652, 1716], 'modifiers': [{'type': 9, 'value': 60}, {'type': 28, 'value': 2060}]}"
1200662949,VERY_LONG,150000,1183,,,{'id': 114931}
1200662958,VERY_LONG,,1,1650000,,"{'id': 180865, 'context': 0, 'bonus_lists': [6908, 42], 'modifiers': [{'type': 9, 'value': 60}, {'type': 28, 'value': 2060}]}"
1200662967,VERY_LONG,6400,908,,,{'id': 158187}
1200662996,VERY_LONG,4900,123,,,{'id': 153669}
1200663025,VERY_LONG,72000,7,,,{'id': 173126}
1200663058,VERY_LONG,160000,2,,,{'id': 22794}
1200663072,VERY_LONG,880000,37,,,{'id': 124106}
1200663083,VERY_LONG,50000,37,,,{'id': 124444}
1200663096,VERY_LONG,1500,20,,,{'id': 113262}
1200664134,VERY_LONG,800,192,,,{'id': 162515}
1200664145,VERY_LONG,19000,148,,,{'id': 152547}
1200664156,VERY_LONG,10000,3,,,{'id': 160298}
1200664170,VERY_LONG,48500,1,,,{'id': 23439}
1200664176,VERY_LONG,49000000,20,,,{'id': 126935}
1200664187,VERY_LONG,165000,38,,,{'id': 123918}
1200664196,VERY_LONG,49000000,4,,,{'id': 126935}
1200664208,VERY_LONG,340000,53,,,{'id': 29425}
1200664209,VERY_LONG,75000,2,,,{'id': 23438}
1200664216,VERY_LONG,20800,3,,,{'id': 17010}
1200664219,VERY_LONG,500000,1,,,{'id': 36924}
1200664222,VERY_LONG,31900,20,,,{'id': 109131}
1200664226,VERY_LONG,1000,23,,,{'id': 174353}
1200664229,VERY_LONG,4500,1,,,{'id': 21929}
1200664235,VERY_LONG,13000,18,,,{'id': 168302}
1200664243,VERY_LONG,10000,52,,,{'id': 7078}
1200664248,VERY_LONG,8600,179,,,{'id': 167738}
1200664253,VERY_LONG,50000,4,,,{'id': 133607}
1200664257,VERY_LONG,59800,19,,,{'id': 154164}
1200664258,VERY_LONG,78800,2,,,{'id': 124111}
1200664265,VERY_LONG,100,91,,,{'id': 124121}
1200664272,VERY_LONG,8500,130,,,{'id': 152631}
1200664275,VERY_LONG,14900,20,,,{'id': 168646}
1200664284,VERY_LONG,100,200,,,{'id': 124121}
1200664322,VERY_LONG,100,7,,,{'id': 124117}
1200664332,VERY_LONG,300,17,,,{'id': 124118}
1200664344,VERY_LONG,1100,31,,,{'id': 74837}
1200664370,VERY_LONG,500,1,,,{'id': 52722}
1200664379,VERY_LONG,25600,4,,,{'id': 151564}
1200664381,VERY_LONG,70000,1,,,{'id': 160400}
1200664391,VERY_LONG,,1,154600,,"{'id': 6365, 'context': 0}"
1200664392,VERY_LONG,50000,78,,,{'id': 160712}
1200664393,VERY_LONG,,1,154600,,"{'id': 6365, 'context': 0}"
1200664405,VERY_LONG,17700,1,,,{'id': 179315}
1200664410,VERY_LONG,,1,500000000,,"{'id': 183010, 'context': 3, 'bonus_lists': [7189, 6652, 1472, 6646], 'modifiers': [{'type': 28, 'value': 751}]}"
1200664428,VERY_LONG,100,184,,,{'id': 124121}
1200664432,VERY_LONG,5000,200,,,{'id': 27677}
1200664434,VERY_LONG,1000,198,,,{'id': 154897}
1200664436,VERY_LONG,5000,51,,,{'id': 142336}
1200664438,VERY_LONG,900000,23,,,{'id': 74859}
1200664440,VERY_LONG,1900,2,,,{'id': 109133}
1200664443,VERY_LONG,100,54,,,{'id': 124439}
1200664447,VERY_LONG,1000,6,,,{'id': 30809}
1200664449,VERY_LONG,693300,142,,,{'id': 43007}
1200664456,VERY_LONG,295000,3,,,{'id': 124107}
1200664458,VERY_LONG,100,96,,,{'id': 124438}
1200664464,VERY_LONG,4600,88,,,{'id': 142335}
1200664467,VERY_LONG,184500,16,,,{'id': 172934}
1200664471,VERY_LONG,44600,12,,,{'id': 183823}
1200664476,VERY_LONG,400000,3,,,{'id': 172921}
1200664482,VERY_LONG,6600,1,,,{'id': 153051}
1200664484,VERY_LONG,2200,1,,,{'id': 173038}
1200664490,VERY_LONG,500000,4,,,{'id': 74838}
1200664498,LONG,3300,11,,,{'id': 172052}
1200664501,VERY_LONG,247500,1,,,{'id': 74850}
1200664506,VERY_LONG,900,1,,,{'id': 22644}
1200664510,VERY_LONG,195000,8,,,{'id': 109132}
1200664518,VERY_LONG,14800,134,,,{'id': 74866}
1200664519,LONG,17700,16,,,{'id': 179315}
1200664524,VERY_LONG,57000,42,,,{'id': 133588}
1200664526,VERY_LONG,3197200,32,,,{'id': 133589}
1200664530,VERY_LONG,357500,92,,,{'id': 133591}
1200664531,VERY_LONG,513500,1,,,{'id': 173204}
1200664532,VERY_LONG,400000,5,,,{'id': 172921}
1200664535,VERY_LONG,70000,1,,,{'id': 74849}
1200664538,VERY_LONG,786000,2,,,{'id': 172094}
1200664539,VERY_LONG,500,51,,,{'id': 7077}
1200664542,VERY_LONG,7000,175,,,{'id': 152549}
1200664543,VERY_LONG,5000,200,,,{'id': 27677}
1200664548,VERY_LONG,200000,1,,,{'id': 27681}
1200664549,VERY_LONG,59900,97,,,{'id': 133593}
1200664555,VERY_LONG,1499000,8,,,{'id': 171272}
1200664559,VERY_LONG,10000,95,,,{'id': 152543}
1200664563,VERY_LONG,5000,2,,,{'id': 109135}
1200664567,VERY_LONG,756400,3,,,{'id': 171288}
1200664571,VERY_LONG,3930000000,5,,,{'id': 136633}
1200664774,LONG,5990000,27,,,{'id': 172347}
1200666160,VERY_LONG,,1,10008600,,"{'id': 82800, 'context': 0, 'modifiers': [{'type': 6, 'value': 55679}], 'pet_breed_id': 15, 'pet_level': 1, 'pet_quality_id': 3, 'pet_species_id': 1412}"
1200666166,VERY_LONG,,1,264000,,"{'id': 82800, 'context': 0, 'modifiers': [{'type': 6, 'value': 61887}], 'pet_breed_id': 17, 'pet_level': 1, 'pet_quality_id': 3, 'pet_species_id': 1623}"
1200666174,VERY_LONG,,1,74857200,,"{'id': 82800, 'context': 0, 'modifiers': [{'type': 6, 'value': 27627}], 'pet_breed_id': 4, 'pet_level': 1, 'pet_quality_id': 3, 'pet_species_id': 193}"
1200666184,VERY_LONG,,1,439000,,"{'id': 82800, 'context': 0, 'modifiers': [{'type': 6, 'value': 20026}], 'pet_breed_id': 13, 'pet_level': 1, 'pet_quality_id': 2, 'pet_species_id': 142}"
1200666195,VERY_LONG,,1,2189900,,"{'id': 82800, 'context': 0, 'modifiers': [{'type': 6, 'value': 59034}], 'pet_breed_id': 18, 'pet_level': 1, 'pet_quality_id': 2, 'pet_species_id': 1597}"
1200666206,VERY_LONG,,1,21520800,,"{'id': 82800, 'context': 0, 'modifiers': [{'type': 6, 'value': 37949}], 'pet_breed_id': 18, 'pet_level': 1, 'pet_quality_id': 3, 'pet_species_id': 1927}"
1200666218,VERY_LONG,,1,49933800,,"{'id': 82800, 'context': 0, 'modifiers': [{'type': 6, 'value': 97089}], 'pet_breed_id': 10, 'pet_level': 1, 'pet_quality_id': 2, 'pet_species_id': 3028}"
1200666230,VERY_LONG,,1,42951000,,"{'id': 82800, 'context': 0, 'modifiers': [{'type': 6, 'value': 88766}], 'pet_breed_id': 12, 'pet_level': 1, 'pet_quality_id': 3, 'pet_species_id': 2713}"
1200666244,VERY_LONG,,1,74880000,,"{'id': 82800, 'context': 0, 'modifiers': [{'type': 6, 'value': 99872}], 'pet_breed_id': 20, 'pet_level': 1, 'pet_quality_id': 2, 'pet_species_id': 3032}"
1200666255,VERY_LONG,,1,38889000,,"{'id': 82800, 'context': 0, 'modifiers': [{'type': 6, 'value': 16259}], 'pet_breed_id': 5, 'pet_level': 1, 'pet_quality_id': 2, 'pet_species_id': 125}"
1200666274,VERY_LONG,,1,99999900,,"{'id': 82800, 'context': 0, 'modifiers': [{'type': 6, 'value': 73663}], 'pet_breed_id': 9, 'pet_level': 1, 'pet_quality_id': 3, 'pet_species_id': 1953}"
1200666292,VERY_LONG,,1,236000000,,"{'id': 82800, 'context': 0, 'modifiers': [{'type': 6, 'value': 51502}], 'pet_breed_id': 6, 'pet_level': 1, 'pet_quality_id': 2, 'pet_species_id': 1345}"
1200666305,VERY_LONG,,1,1750400,,"{'id': 82800, 'context': 0, 'modifiers': [{'type': 6, 'value': 58825}], 'pet_breed_id': 20, 'pet_level': 1, 'pet_quality_id': 2, 'pet_species_id': 1471}"
1200666322,LONG,75500,823,,,{'id': 171828}
1200666326,VERY_LONG,,1,13000000,,"{'id': 82800, 'context': 0, 'modifiers': [{'type': 6, 'value': 90745}], 'pet_breed_id': 6, 'pet_level': 1, 'pet_quality_id': 3, 'pet_species_id': 2587}"
1200666340,VERY_LONG,,1,1269900,,"{'id': 82800, 'context': 0, 'modifiers': [{'type': 6, 'value': 5207}], 'pet_breed_id': 11, 'pet_level': 1, 'pet_quality_id': 2, 'pet_species_id': 50}"
1200666345,VERY_LONG,,1,84999100,,"{'id': 82800, 'context': 0, 'modifiers': [{'type': 6, 'value': 51267}], 'pet_breed_id': 14, 'pet_level': 1, 'pet_quality_id': 3, 'pet_species_id': 1332}"
1200666358,VERY_LONG,,1,139999000,,"{'id': 82800, 'context': 0, 'modifiers': [{'type': 6, 'value': 16587}], 'pet_breed_id': 3, 'pet_level': 1, 'pet_quality_id': 2, 'pet_species_id': 128}"
1200666367,VERY_LONG,,1,14998600,,"{'id': 82800, 'context': 0, 'modifiers': [{'type': 6, 'value': 47955}], 'pet_breed_id': 21, 'pet_level': 1, 'pet_quality_id': 2, 'pet_species_id': 652}"
1200666369,LONG,10000,2,,,{'id': 172052}
1200666376,VERY_LONG,,1,7991700,,"{'id': 82800, 'context': 0, 'modifiers': [{'type': 6, 'value': 61896}], 'pet_breed_id': 9, 'pet_level': 1, 'pet_quality_id': 3, 'pet_species_id': 1632}"
1200666378,VERY_LONG,,1,88807900,,"{'id': 166819, 'context': 11}"
1200666379,VERY_LONG,,1,102233500,,"{'id': 164355, 'context': 11}"
1200666380,LONG,1494900,40,,,{'id': 171833}
1200666383,VERY_LONG,,1,102233500,,"{'id': 164355, 'context': 11}"
1200666384,VERY_LONG,,1,987307200,,"{'id': 164429, 'context': 31}"
1200666386,VERY_LONG,,1,270000000,,"{'id': 164566, 'context': 31}"
1200666387,VERY_LONG,,1,300000000,,"{'id': 164428, 'context': 11}"
1200666391,VERY_LONG,,1,129500000,,"{'id': 82800, 'context': 0, 'modifiers': [{'type': 6, 'value': 51277}], 'pet_breed_id': 13, 'pet_level': 1, 'pet_quality_id': 2, 'pet_species_id': 1330}"
1200666392,VERY_LONG,,1,282052100,,"{'id': 164271, 'context': 11}"
1200666393,VERY_LONG,,1,38139700,,"{'id': 82800, 'context': 0, 'modifiers': [{'type': 6, 'value': 22855}], 'pet_breed_id': 13, 'pet_level': 1, 'pet_quality_id': 3, 'pet_species_id': 167}"
1200666394,VERY_LONG,,1,306000000,,"{'id': 82800, 'context': 0, 'modifiers': [{'type': 6, 'value': 90412}], 'pet_breed_id': 15, 'pet_level': 1, 'pet_quality_id': 3, 'pet_species_id': 2565}"
1200666396,VERY_LONG,,1,444136000,,"{'id': 164327, 'context': 11}"
1200666397,VERY_LONG,,1,444136000,,"{'id': 164327, 'context': 11}"
1200666400,VERY_LONG,,1,56787000,,"{'id': 164416, 'context': 11}"
1200666403,LONG,88000,535,,,{'id': 169701}
1200666405,VERY_LONG,,1,70504000,,"{'id': 166836, 'context': 11}"
1200666406,VERY_LONG,,1,218132900,,"{'id': 164389, 'context': 11}"
1200666408,VERY_LONG,,1,39999900,,"{'id': 82800, 'context': 0, 'modifiers': [{'type': 6, 'value': 69254}], 'pet_breed_id': 22, 'pet_level': 1, 'pet_quality_id': 3, 'pet_species_id': 1885}"
1200666409,VERY_LONG,,1,90368800,,"{'id': 164482, 'context': 31}"
1200666412,VERY_LONG,,1,714593200,,"{'id': 164433, 'context': 11}"
1200666415,VERY_LONG,,1,196279800,,"{'id': 164476, 'context': 11}"
1200666417,VERY_LONG,,1,50001400,,"{'id': 82800, 'context': 0, 'modifiers': [{'type': 6, 'value': 48855}], 'pet_breed_id': 6, 'pet_level': 1, 'pet_quality_id': 3, 'pet_species_id': 1230}"
1200666421,VERY_LONG,,1,246000000,,"{'id': 82800, 'context': 0, 'modifiers': [{'type': 6, 'value': 70937}], 'pet_breed_id': 3, 'pet_level': 1, 'pet_quality_id': 2, 'pet_species_id': 1911}"
1200666422,VERY_LONG,,1,263775300,,"{'id': 164522, 'context': 11}"
1200666424,VERY_LONG,,1,200001300,,"{'id': 82800, 'context': 0, 'modifiers': [{'type': 6, 'value': 40908}], 'pet_breed_id': 10, 'pet_level': 1, 'pet_quality_id': 2, 'pet_species_id': 1323}"
1200666426,VERY_LONG,,1,177805100,,"{'id': 164510, 'context': 11}"
1200666427,LONG,72000,2,,,{'id': 179314}
1200666428,VERY_LONG,,1,177805100,,"{'id': 164510, 'context': 11}"
1200666430,VERY_LONG,,1,100000000,,"{'id': 127695, 'context': 14}"
1200666432,VERY_LONG,,1,56909600,,"{'id': 164422, 'context': 11}"
1200666433,VERY_LONG,,1,56909600,,"{'id': 164422, 'context': 11}"
1200666435,VERY_LONG,,1,50000000,,"{'id': 164460, 'context': 11}"
1200666436,VERY_LONG,,1,50000000,,"{'id': 164460, 'context': 11}"
1200666438,VERY_LONG,,1,39990000,,"{'id': 82800, 'context': 0, 'modifiers': [{'type': 6, 'value': 98472}], 'pet_breed_id': 4, 'pet_level': 1, 'pet_quality_id': 2, 'pet_species_id': 3009}"
1200666439,VERY_LONG,,1,73420300,,"{'id': 164453, 'context': 11}"
1200666441,VERY_LONG,,1,401955600,,"{'id': 164317, 'context': 31}"
1200666443,VERY_LONG,,1,191941600,,"{'id': 164369, 'context': 11}"
1200666446,VERY_LONG,,1,235000000,,"{'id': 164434, 'context': 31}"
1200666449,VERY_LONG,,1,75000000,,"{'id': 164503, 'context': 11}"
1200666450,LONG,730000,86,,,{'id': 168583}
1200666452,VERY_LONG,,1,27355800,,"{'id': 164347, 'context': 11}"
1200666453,VERY_LONG,,1,276000000,,"{'id': 82800, 'context': 0, 'modifiers': [{'type': 6, 'value': 15436}], 'pet_breed_id': 12, 'pet_level': 1, 'pet_quality_id': 3, 'pet_species_id': 114}"
1200666454,VERY_LONG,,1,50000000,,"{'id': 164346, 'context': 11}"
1200666455,VERY_LONG,,1,199999900,,"{'id': 164549, 'context': 11}"
1200666457,VERY_LONG,,1,66479200,,"{'id': 82800, 'context': 0, 'modifiers': [{'type': 6, 'value': 79635}], 'pet_breed_id': 20, 'pet_level': 1, 'pet_quality_id': 3, 'pet_species_id': 2081}"
1200666459,VERY_LONG,,1,48978000,,"{'id': 82800, 'context': 0, 'modifiers': [{'type': 6, 'value': 33512}], 'pet_breed_id': 4, 'pet_level': 1, 'pet_quality_id': 2, 'pet_species_id': 261}"
1200666462,VERY_LONG,,1,44440000,,"{'id': 164456, 'context': 11}"
1200666464,VERY_LONG,,1,111111000,,"{'id': 164532, 'context': 11}"
1200666465,VERY_LONG,,1,336000000,,"{'id': 82800, 'context': 0, 'modifiers': [{'type': 6, 'value': 39163}], 'pet_breed_id': 3, 'pet_level': 1, 'pet_quality_id': 2, 'pet_species_id': 341}"
1200666467,VERY_LONG,,1,317707500,,"{'id': 164450, 'context': 31}"
1200666469,VERY_LONG,,1,67737900,,"{'id': 166835, 'context': 11}"
1200666471,LONG,500,163,,,{'id': 171840}
1200666472,VERY_LONG,,1,67737900,,"{'id': 166835, 'context': 11}"
1200666474,VERY_LONG,,1,48978000,,"{'id': 82800, 'context': 0, 'modifiers': [{'type': 6, 'value': 33512}], 'pet_breed_id': 4, 'pet_level': 1, 'pet_quality_id': 2, 'pet_species_id': 261}"
1200666476,VERY_LONG,,1,7199900,,"{'id': 18229, 'context': 0}"
1200666477,VERY_LONG,,1,611286700,,"{'id': 164449, 'context': 11}"
1200666479,VERY_LONG,,1,57008300,,"{'id': 164411, 'context': 11}"
1200666480,VERY_LONG,,1,55793100,,"{'id': 3423, 'context': 14}"
1200666482,VERY_LONG,,1,145018900,,"{'id': 164307, 'context': 31}"
1200666484,VERY_LONG,,1,150000000,,"{'id': 164443, 'context': 31}"
1200666485,VERY_LONG,,1,166894100,,"{'id': 164564, 'context': 11}"
1200666487,VERY_LONG,,1,199999900,,"{'id': 164547, 'context': 11}"
1200666490,VERY_LONG,,1,150000000,,"{'id': 164364, 'context': 11}"
1200666491,VERY_LONG,,1,407900,,"{'id': 82800, 'context': 0, 'modifiers': [{'type': 6, 'value': 19999}], 'pet_breed_id': 16, 'pet_level': 1, 'pet_quality_id': 2, 'pet_species_id': 141}"
1200666492,VERY_LONG,,1,107569400,,"{'id': 82800, 'context': 0, 'modifiers': [{'type': 6, 'value': 36637}], 'pet_breed_id': 8, 'pet_level': 1, 'pet_quality_id': 3, 'pet_species_id': 279}"
1200666494,VERY_LONG,,1,300478300,,"{'id': 82800, 'context': 0, 'modifiers': [{'type': 6, 'value': 80467}], 'pet_breed_id': 4, 'pet_level': 1, 'pet_quality_id': 2, 'pet_species_id': 2428}"
1200666496,VERY_LONG,,1,80486400,,"{'id': 169282, 'context': 11}"
1200666499,VERY_LONG,,1,50000000,,"{'id': 164413, 'context': 11}"
1200666500,VERY_LONG,,1,136912500,,"{'id': 166840, 'context': 11}"
1200666501,VERY_LONG,,1,63977300,,"{'id': 164500, 'context': 11}"
1200666503,VERY_LONG,,1,63977300,,"{'id': 164500, 'context': 11}"
1200666505,VERY_LONG,,1,54798400,,"{'id': 164396, 'context': 11}"
1200666509,VERY_LONG,,1,54798400,,"{'id': 164396, 'context': 11}"
1200666512,VERY_LONG,,1,71076300,,"{'id': 164479, 'context': 11}"
1200666515,VERY_LONG,,1,2000000000,,"{'id': 31336, 'context': 1}"
1200666518,VERY_LONG,,1,150017800,,"{'id': 164305, 'context': 11}"
1200666519,LONG,39900,25,,,{'id': 171841}
1200666521,VERY_LONG,,1,567704600,,"{'id': 164445, 'context': 11}"
1200666523,VERY_LONG,,1,33935200,,"{'id': 3420, 'context': 14}"
1200666524,VERY_LONG,,1,50000000,,"{'id': 164362, 'context': 11}"
1200666525,VERY_LONG,,1,1328827600,,"{'id': 164296, 'context': 11}"
1200666526,VERY_LONG,,1,316294600,,"{'id': 163926, 'context': 11}"
1200666528,VERY_LONG,,1,316294600,,"{'id': 163926, 'context': 11}"
1200666529,VERY_LONG,,1,29009900,,"{'id': 82800, 'context': 0, 'modifiers': [{'type': 6, 'value': 48856}], 'pet_breed_id': 4, 'pet_level': 1, 'pet_quality_id': 3, 'pet_species_id': 1228}"
1200666530,VERY_LONG,,1,233161600,,"{'id': 164340, 'context': 11}"
1200666531,VERY_LONG,,1,111325400,,"{'id': 163925, 'context': 11}"
1200666533,VERY_LONG,,1,79832000,,"{'id': 82800, 'context': 0, 'modifiers': [{'type': 6, 'value': 69488}], 'pet_breed_id': 21, 'pet_level': 1, 'pet_quality_id': 3, 'pet_species_id': 1701}"
1200666534,VERY_LONG,,1,181473400,,"{'id': 82800, 'context': 0, 'modifiers': [{'type': 6, 'value': 80458}], 'pet_breed_id': 18, 'pet_level': 1, 'pet_quality_id': 2, 'pet_species_id': 2476}"
1200666536,VERY_LONG,,1,46061500,,"{'id': 164418, 'context': 11}"
1200666540,VERY_LONG,,1,52105300,,"{'id': 165738, 'context': 13}"
1200666541,VERY_LONG,,1,163726400,,"{'id': 164313, 'context': 31}"
1200666544,VERY_LONG,,1,172007800,,"{'id': 164283, 'context': 11}"
1200666545,VERY_LONG,,1,348936800,,"{'id': 167962, 'context': 13, 'bonus_lists': [1695]}"
1200666547,VERY_LONG,,1,699000,,"{'id': 82800, 'context': 0, 'modifiers': [{'type': 6, 'value': 19985}], 'pet_breed_id': 22, 'pet_level': 1, 'pet_quality_id': 2, 'pet_species_id': 140}"
1200666549,VERY_LONG,,1,99992200,,"{'id': 166828, 'context': 11}"
1200666552,VERY_LONG,,1,99992200,,"{'id': 166828, 'context': 11}"
1200666555,VERY_LONG,,1,100000000,,"{'id': 164330, 'context': 11}"
1200666557,VERY_LONG,,1,236000000,,"{'id': 82800, 'context': 0, 'modifiers': [{'type': 6, 'value': 51502}], 'pet_breed_id': 6, 'pet_level': 1, 'pet_quality_id': 2, 'pet_species_id': 1345}"
1200666558,VERY_LONG,,1,179913300,,"{'id': 164569, 'context': 11}"
1200666559,VERY_LONG,441911100,1,,,{'id': 153251}
1200666560,VERY_LONG,,1,279215900,,"{'id': 164562, 'context': 11}"
1200666561,VERY_LONG,,1,1500000,,"{'id': 82800, 'context': 0, 'modifiers': [{'type': 6, 'value': 28215}], 'pet_breed_id': 15, 'pet_level': 1, 'pet_quality_id': 2, 'pet_species_id': 195}"
1200666562,VERY_LONG,,1,101053400,,"{'id': 164459, 'context': 11}"
1200666563,VERY_LONG,,1,730000200,,"{'id': 147038, 'context': 6, 'bonus_lists': [3563, 1472, 5855, 3336], 'modifiers': [{'type': 28, 'value': 498}]}"
1200666565,VERY_LONG,,1,109232700,,"{'id': 164455, 'context': 11}"
1200666566,VERY_LONG,,1,109232700,,"{'id': 164455, 'context': 11}"
1200666567,VERY_LONG,,1,92286200,,"{'id': 164458, 'context': 11}"
1200666568,VERY_LONG,,1,91640800,,"{'id': 164345, 'context': 11}"
1200666570,VERY_LONG,,1,89603300,,"{'id': 164486, 'context': 11}"
1200666572,VERY_LONG,,1,57535800,,"{'id': 165739, 'context': 13}"
1200666574,VERY_LONG,,1,57467200,,"{'id': 3422, 'context': 14}"
1200666576,VERY_LONG,,1,1250000,,"{'id': 82800, 'context': 0, 'modifiers': [{'type': 6, 'value': 22778}], 'pet_breed_id': 13, 'pet_level': 1, 'pet_quality_id': 2, 'pet_species_id': 254}"
1200666577,VERY_LONG,,1,420972200,,"{'id': 163960, 'context': 54, 'bonus_lists': [1472, 4783]}"
1200666578,VERY_LONG,,1,100000000,,"{'id': 164550, 'context': 11}"
1200666579,VERY_LONG,,1,89725800,,"{'id': 164475, 'context': 31}"
1200666582,VERY_LONG,,1,84525800,,"{'id': 164451, 'context': 11}"
1200666583,VERY_LONG,,1,544162100,,"{'id': 164273, 'context': 31}"
1200666585,VERY_LONG,,1,193358900,,"{'id': 164530, 'context': 31}"
1200666588,VERY_LONG,,1,122260500,,"{'id': 164480, 'context': 31}"
1200666589,VERY_LONG,,1,64999700,,"{'id': 82800, 'context': 0, 'modifiers': [{'type': 6, 'value': 48091}], 'pet_breed_id': 10, 'pet_level': 1, 'pet_quality_id': 3, 'pet_species_id': 1201}"
1200666591,VERY_LONG,,1,850000000,,"{'id': 164546, 'context': 31}"
1200666594,VERY_LONG,,1,52698800,,"{'id': 164343, 'context': 11}"
1200666595,VERY_LONG,,1,206000000,,"{'id': 82800, 'context': 0, 'modifiers': [{'type': 6, 'value': 80029}], 'pet_breed_id': 5, 'pet_level': 1, 'pet_quality_id': 2, 'pet_species_id': 2426}"
1200666598,VERY_LONG,,1,191445700,,"{'id': 82800, 'context': 0, 'modifiers': [{'type': 6, 'value': 15470}], 'pet_breed_id': 18, 'pet_level': 1, 'pet_quality_id': 2, 'pet_species_id': 207}"
1200666599,VERY_LONG,,1,120356400,,"{'id': 164509, 'context': 11}"
1200666602,VERY_LONG,,1,120356400,,"{'id': 164509, 'context': 11}"
1200666606,VERY_LONG,,1,92378500,,"{'id': 164461, 'context': 11}"
1200666609,VERY_LONG,,1,92378500,,"{'id': 164461, 'context': 11}"
1200666610,VERY_LONG,,1,220000,,"{'id': 82800, 'context': 0, 'modifiers': [{'type': 6, 'value': 1206}], 'pet_breed_id': 5, 'pet_level': 1, 'pet_quality_id': 2, 'pet_species_id': 75}"
1200666612,VERY_LONG,,1,379391500,,"{'id': 164448, 'context': 31}"
1200666615,VERY_LONG,,1,94531000,,"{'id': 164420, 'context': 11}"
1200666617,VERY_LONG,,1,178906300,,"{'id': 164387, 'context': 11}"
1200666619,VERY_LONG,,1,282188000,,"{'id': 164275, 'context': 11}"
1200666620,VERY_LONG,,1,100000000,,"{'id': 82800, 'context': 0, 'modifiers': [{'type': 6, 'value': 82688}], 'pet_breed_id': 17, 'pet_level': 1, 'pet_quality_id': 3, 'pet_species_id': 2163}"
1200666622,VERY_LONG,,1,165878900,,"{'id': 164485, 'context': 31}"
1200666624,VERY_LONG,,1,35821000,,"{'id': 164483, 'context': 31}"
1200666627,VERY_LONG,,1,35821000,,"{'id': 164483, 'context': 11}"
1200666629,VERY_LONG,,1,202357100,,"{'id': 164354, 'context': 11}"
1200666632,VERY_LONG,,1,3000,,"{'id': 82800, 'context': 0, 'modifiers': [{'type': 6, 'value': 98466}], 'pet_breed_id': 14, 'pet_level': 1, 'pet_quality_id': 2, 'pet_species_id': 3013}"
1200666633,VERY_LONG,,1,202357100,,"{'id': 164354, 'context': 11}"
1200666636,VERY_LONG,,1,161715500,,"{'id': 164442, 'context': 11}"
1200666637,VERY_LONG,,1,134236600,,"{'id': 164524, 'context': 11}"
1200666639,VERY_LONG,,1,134236600,,"{'id': 164524, 'context': 11}"
1200666641,VERY_LONG,,1,356000000,,"{'id': 82800, 'context': 0, 'modifiers': [{'type': 6, 'value': 60930}], 'pet_breed_id': 14, 'pet_level': 1, 'pet_quality_id': 3, 'pet_species_id': 1576}"
1200666642,VERY_LONG,,1,242947300,,"{'id': 164268, 'context': 11}"
1200666644,VERY_LONG,,1,246000000,,"{'id': 82800, 'context': 0, 'modifiers': [{'type': 6, 'value': 69092}], 'pet_breed_id': 12, 'pet_level': 1, 'pet_quality_id': 2, 'pet_species_id': 2408}"
1200666645,VERY_LONG,,1,150000000,,"{'id': 164278, 'context': 11}"
1200666646,VERY_LONG,,1,2499900,,"{'id': 82800, 'context': 0, 'modifiers': [{'type': 6, 'value': 1072}], 'pet_breed_id': 3, 'pet_level': 1, 'pet_quality_id': 2, 'pet_species_id': 70}"
1200666653,VERY_LONG,,1,98227300,,"{'id': 82800, 'context': 0, 'modifiers': [{'type': 6, 'value': 58617}], 'pet_breed_id': 22, 'pet_level': 1, 'pet_quality_id': 3, 'pet_species_id': 1458}"
1200666662,VERY_LONG,,1,22500000,,"{'id': 82800, 'context': 0, 'modifiers': [{'type': 6, 'value': 78222}], 'pet_breed_id': 17, 'pet_level': 1, 'pet_quality_id': 3, 'pet_species_id': 2071}"
1200666677,VERY_LONG,,1,14768500,,"{'id': 82800, 'context': 0, 'modifiers': [{'type': 6, 'value': 4626}], 'pet_breed_id': 5, 'pet_level': 1, 'pet_quality_id': 2, 'pet_species_id': 137}"
1200666688,VERY_LONG,,1,53485600,,"{'id': 82800, 'context': 0, 'modifiers': [{'type': 6, 'value': 2957}], 'pet_breed_id': 3, 'pet_level': 1, 'pet_quality_id': 2, 'pet_species_id': 77}"
1200666700,VERY_LONG,,1,999700,,"{'id': 82800, 'context': 0, 'modifiers': [{'type': 6, 'value': 99898}], 'pet_breed_id': 15, 'pet_level': 1, 'pet_quality_id': 2, 'pet_species_id': 2908}"
1200666714,VERY_LONG,,1,79999900,,"{'id': 82800, 'context': 0, 'modifiers': [{'type': 6, 'value': 36211}], 'pet_breed_id': 11, 'pet_level': 1, 'pet_quality_id': 3, 'pet_species_id': 277}"
1200666723,VERY_LONG,,1,20000000,,"{'id': 82800, 'context': 0, 'modifiers': [{'type': 6, 'value': 65590}], 'pet_breed_id': 8, 'pet_level': 1, 'pet_quality_id': 3, 'pet_species_id': 1752}"
1200666736,VERY_LONG,88000,4,,,{'id': 169701}
1200666738,VERY_LONG,,1,10000900,,"{'id': 82800, 'context': 0, 'modifiers': [{'type': 6, 'value': 68845}], 'pet_breed_id': 3, 'pet_level': 1, 'pet_quality_id': 3, 'pet_species_id': 1929}"
1200666745,VERY_LONG,500,15,,,{'id': 171840}
1200666751,VERY_LONG,,1,143439000,,"{'id': 82800, 'context': 0, 'modifiers': [{'type': 6, 'value': 86484}], 'pet_breed_id': 17, 'pet_level': 1, 'pet_quality_id': 2, 'pet_species_id': 2197}"
1200666752,VERY_LONG,1201300,10,,,{'id': 172439}
1200666758,VERY_LONG,1900,1,,,{'id': 109133}
1200666760,VERY_LONG,,1,9603000,,"{'id': 82800, 'context': 0, 'modifiers': [{'type': 6, 'value': 64222}], 'pet_breed_id': 7, 'pet_level': 1, 'pet_quality_id': 3, 'pet_species_id': 1688}"
1200666766,VERY_LONG,195000,1,,,{'id': 109132}
1200666777,VERY_LONG,,1,35007700,,"{'id': 82800, 'context': 0, 'modifiers': [{'type': 6, 'value': 81984}], 'pet_breed_id': 3, 'pet_level': 1, 'pet_quality_id': 3, 'pet_species_id': 2157}"
1200666779,VERY_LONG,72000,2,,,{'id': 179314}
1200666784,VERY_LONG,12800,9,,,{'id': 177061}
1200666786,VERY_LONG,,1,28999900,,"{'id': 82800, 'context': 0, 'modifiers': [{'type': 6, 'value': 24751}], 'pet_breed_id': 3, 'pet_level': 1, 'pet_quality_id': 3, 'pet_species_id': 2080}"
1200666793,VERY_LONG,24700,6,,,{'id': 172054}
1200666799,VERY_LONG,,1,32500000,,"{'id': 82800, 'context': 0, 'modifiers': [{'type': 6, 'value': 59038}], 'pet_breed_id': 8, 'pet_level': 1, 'pet_quality_id': 3, 'pet_species_id': 1568}"
1200666812,VERY_LONG,,1,59990000,,"{'id': 82800, 'context': 0, 'modifiers': [{'type': 6, 'value': 46001}], 'pet_breed_id': 10, 'pet_level': 1, 'pet_quality_id': 3, 'pet_species_id': 330}"
1200666819,VERY_LONG,2200,1,,,{'id': 173038}
1200666822,VERY_LONG,,1,65581000,,"{'id': 82800, 'context': 0, 'modifiers': [{'type': 6, 'value': 91111}], 'pet_breed_id': 10, 'pet_level': 1, 'pet_quality_id': 2, 'pet_species_id': 2699}"
1200666826,VERY_LONG,,1,1795000,,"{'id': 173217, 'context': 0, 'bonus_lists': [6893], 'modifiers': [{'type': 9, 'value': 52}, {'type': 28, 'value': 391}, {'type': 29, 'value': 49}, {'type': 30, 'value': 40}]}"
1200666835,VERY_LONG,,1,499900,,"{'id': 82800, 'context': 0, 'modifiers': [{'type': 6, 'value': 19986}], 'pet_breed_id': 22, 'pet_level': 1, 'pet_quality_id': 2, 'pet_species_id': 139}"
1200666857,VERY_LONG,,1,8983700,,"{'id': 82800, 'context': 0, 'modifiers': [{'type': 6, 'value': 29808}], 'pet_breed_id': 21, 'pet_level': 1, 'pet_quality_id': 2, 'pet_species_id': 238}"
1200666878,VERY_LONG,,1,125000900,,"{'id': 82800, 'context': 0, 'modifiers': [{'type': 6, 'value': 86806}], 'pet_breed_id': 4, 'pet_level': 1, 'pet_quality_id': 3, 'pet_species_id': 2199}"
1200666897,VERY_LONG,,1,21400000,,"{'id': 82800, 'context': 0, 'modifiers': [{'type': 6, 'value': 88003}], 'pet_breed_id': 7, 'pet_level': 1, 'pet_quality_id': 3, 'pet_species_id': 2452}"
1200666915,VERY_LONG,,1,470000,,"{'id': 82800, 'context': 0, 'modifiers': [{'type': 6, 'value': 39130}], 'pet_breed_id': 20, 'pet_level': 1, 'pet_quality_id': 2, 'pet_species_id': 1446}"
1200666938,VERY_LONG,,1,22624500,,"{'id': 82800, 'context': 0, 'modifiers': [{'type': 6, 'value': 42520}], 'pet_breed_id': 11, 'pet_level': 1, 'pet_quality_id': 3, 'pet_species_id': 2589}"
1200666974,VERY_LONG,,1,499900,,"{'id': 82800, 'context': 0, 'modifiers': [{'type': 6, 'value': 2955}], 'pet_breed_id': 21, 'pet_level': 1, 'pet_quality_id': 2, 'pet_species_id': 74}"
1200667001,LONG,3960000,5,,,{'id': 168419}
1200667008,VERY_LONG,,1,1100000,,"{'id': 82800, 'context': 0, 'modifiers': [{'type': 6, 'value': 19600}], 'pet_breed_id': 13, 'pet_level': 1, 'pet_quality_id': 2, 'pet_species_id': 136}"
1200667033,VERY_LONG,,1,3509700,,"{'id': 82800, 'context': 0, 'modifiers': [{'type': 6, 'value': 49122}], 'pet_breed_id': 21, 'pet_level': 1, 'pet_quality_id': 3, 'pet_species_id': 1565}"
1200667049,VERY_LONG,9990000,1,,,{'id': 19279}
1200667051,VERY_LONG,96791400,1,,,{'id': 19231}
1200667053,VERY_LONG,2189400,1,,,{'id': 74701}
1200667055,VERY_LONG,785900,59,,,{'id': 172094}
1200667056,VERY_LONG,,1,5000000,,"{'id': 82800, 'context': 0, 'modifiers': [{'type': 6, 'value': 99883}], 'pet_breed_id': 18, 'pet_level': 1, 'pet_quality_id': 2, 'pet_species_id': 2922}"
1200667057,VERY_LONG,5926700,1,,,{'id': 74700}
1200667059,VERY_LONG,20000000,1,,,{'id': 74713}
1200667062,VERY_LONG,2199800,2,,,{'id': 183738}
1200667066,VERY_LONG,17576700,1,,,{'id': 31911}
1200667069,VERY_LONG,,1,4998800,,"{'id': 173243, 'context': 63, 'bonus_lists': [6716, 1487]}"
1200667075,VERY_LONG,,1,4998800,,"{'id': 173243, 'context': 63, 'bonus_lists': [6716, 1487]}"
1200667080,VERY_LONG,,1,443800,,"{'id': 82400, 'context': 0, 'bonus_lists': [1713, 6848]}"
1200667083,VERY_LONG,37900,1,,,{'id': 177660}
1200667084,VERY_LONG,569700,2,,,{'id': 172418}
1200667093,VERY_LONG,799800,2,,,{'id': 177715}
1200667095,VERY_LONG,,1,600000,,"{'id': 4294, 'context': 1}"
1200667099,VERY_LONG,824700,2,,,{'id': 172407}
1200669116,VERY_LONG,19800,100,,,{'id': 72988}
1200669119,VERY_LONG,,1,756900,,"{'id': 82800, 'context': 0, 'modifiers': [{'type': 6, 'value': 79796}], 'pet_breed_id': 6, 'pet_level': 1, 'pet_quality_id': 3, 'pet_species_id': 2118}"
1200669120,VERY_LONG,298700,2,,,{'id': 172413}
1200669124,VERY_LONG,,1,36763200,,"{'id': 10325, 'context': 14, 'modifiers': [{'type': 28, 'value': 864}]}"
1200669126,VERY_LONG,14000,2,,,{'id': 36926}
1200669127,VERY_LONG,100008800,1,,,{'id': 19275}
1200669131,VERY_LONG,308100,1,,,{'id': 74710}
1200669138,VERY_LONG,47300,2,,,{'id': 10939}
1200669140,VERY_LONG,,1,1000000,,"{'id': 16817, 'context': 0, 'modifiers': [{'type': 28, 'value': 1004}]}"
1200669142,VERY_LONG,1500000,1,,,{'id': 74708}
1200669147,VERY_LONG,,1,94229800,,"{'id': 118877, 'context': 0, 'bonus_lists': [6658], 'modifiers': [{'type': 9, 'value': 40}, {'type': 28, 'value': 64}]}"
1200669155,VERY_LONG,,1,20000000,,"{'id': 82800, 'context': 0, 'modifiers': [{'type': 6, 'value': 45878}], 'pet_breed_id': 9, 'pet_level': 1, 'pet_quality_id': 3, 'pet_species_id': 293}"
1200669162,VERY_LONG,60000,2,,,{'id': 36917}
1200669163,VERY_LONG,99400,41,,,{'id': 124101}
1200669181,VERY_LONG,101180100,1,,,{'id': 37159}
1200669185,VERY_LONG,28100,70,,,{'id': 7070}
1200669191,VERY_LONG,97640900,1,,,{'id': 19234}
1200669194,VERY_LONG,,1,200000400,,"{'id': 82800, 'context': 0, 'modifiers': [{'type': 6, 'value': 73707}], 'pet_breed_id': 13, 'pet_level': 1, 'pet_quality_id': 3, 'pet_species_id': 1967}"
1200669198,VERY_LONG,,1,260881900,,"{'id': 67088, 'context': 0, 'bonus_lists': [6658], 'modifiers': [{'type': 9, 'value': 35}, {'type': 28, 'value': 52}]}"
1200669200,VERY_LONG,2642300,2,,,{'id': 172412}
1200669203,VERY_LONG,100303200,2,,,{'id': 44143}
1200669210,VERY_LONG,,1,164949700,,"{'id': 82800, 'context': 0, 'modifiers': [{'type': 6, 'value': 6291}], 'pet_breed_id': 19, 'pet_level': 1, 'pet_quality_id': 3, 'pet_species_id': 59}"
1200669216,VERY_LONG,28400,56,,,{'id': 10938}
1200669219,VERY_LONG,3999800,2,,,{'id': 172367}
1200669225,VERY_LONG,109200,2,,,{'id': 172359}
1200669232,VERY_LONG,,1,7658400,,"{'id': 82800, 'context': 0, 'modifiers': [{'type': 6, 'value': 79639}], 'pet_breed_id': 5, 'pet_level': 1, 'pet_quality_id': 3, 'pet_species_id': 2085}"
1200669245,VERY_LONG,,1,11998800,,"{'id': 82800, 'context': 0, 'modifiers': [{'type': 6, 'value': 90867}], 'pet_breed_id': 16, 'pet_level': 1, 'pet_quality_id': 3, 'pet_species_id': 2586}"
1200669259,VERY_LONG,,1,360000,,"{'id': 82800, 'context': 0, 'modifiers': [{'type': 6, 'value': 6190}], 'pet_breed_id': 5, 'pet_level': 1, 'pet_quality_id': 2, 'pet_species_id': 51}"
1200669266,VERY_LONG,,1,136290000,,"{'id': 173069, 'context': 13}"
1200669267,VERY_LONG,,1,136290000,,"{'id': 173069, 'context': 13}"
1200669268,VERY_LONG,,1,136290000,,"{'id': 173069, 'context': 13}"
1200669269,VERY_LONG,,1,136290000,,"{'id': 173069, 'context': 13}"
1200669272,VERY_LONG,,1,136290000,,"{'id': 173069, 'context': 13}"
1200669273,VERY_LONG,,1,136290000,,"{'id': 173069, 'context': 13}"
1200669275,VERY_LONG,,1,7999900,,"{'id': 82800, 'context': 0, 'modifiers': [{'type': 6, 'value': 48056}], 'pet_breed_id': 4, 'pet_level': 1, 'pet_quality_id': 3, 'pet_species_id': 1212}"
1200669276,VERY_LONG,,1,136290000,,"{'id': 173069, 'context': 13}"
1200669277,VERY_LONG,,1,136290000,,"{'id': 173069, 'context': 13}"
1200669280,VERY_LONG,,1,136290000,,"{'id': 173069, 'context': 13}"
1200669284,VERY_LONG,,1,136290000,,"{'id': 173069, 'context': 13}"
1200669285,VERY_LONG,,1,136290000,,"{'id': 173069, 'context': 13}"
1200669295,VERY_LONG,,1,7504100,,"{'id': 82800, 'context': 0, 'modifiers': [{'type': 6, 'value': 65113}], 'pet_breed_id': 20, 'pet_level': 1, 'pet_quality_id': 3, 'pet_species_id': 1717}"
1200669372,LONG,513500,2,,,{'id': 173204}
1200669387,LONG,500,24,,,{'id': 171840}
1200669390,LONG,75500,101,,,{'id': 171828}
1200669398,LONG,161700,16,,,{'id': 171831}
1200669400,LONG,39200,4,,,{'id': 171841}
1200669412,LONG,10000,49,,,{'id': 72093}
1200669417,LONG,12800,4,,,{'id': 177061}
1200669420,LONG,329800,8,,,{'id': 52329}
1200669430,LONG,381200,16,,,{'id': 171285}
1200669441,LONG,20000,3,,,{'id': 172069}
1200669443,LONG,10000,5,,,{'id': 172048}
1200669455,LONG,200000,5,,,{'id': 172040}
1200669471,LONG,219900,10,,,{'id': 171267}
1200669474,VERY_LONG,,1,172007800,,"{'id': 164283, 'context': 11}"
1200669475,VERY_LONG,,1,176473500,,"{'id': 164538, 'context': 11}"
1200669477,VERY_LONG,,1,79000000,,"{'id': 82800, 'context': 0, 'modifiers': [{'type': 6, 'value': 63691}], 'pet_breed_id': 9, 'pet_level': 1, 'pet_quality_id': 3, 'pet_species_id': 1665}"
1200669478,VERY_LONG,,1,179199400,,"{'id': 164551, 'context': 11}"
1200669480,VERY_LONG,,1,132149800,,"{'id': 164414, 'context': 11}"
1200669481,VERY_LONG,,1,147718800,,"{'id': 164349, 'context': 11}"
1200669483,VERY_LONG,,1,62715000,,"{'id': 82800, 'context': 0, 'modifiers': [{'type': 6, 'value': 42297}], 'pet_breed_id': 5, 'pet_level': 1, 'pet_quality_id': 2, 'pet_species_id': 846}"
1200669485,VERY_LONG,,1,99999800,,"{'id': 82800, 'context': 0, 'modifiers': [{'type': 6, 'value': 65667}], 'pet_breed_id': 12, 'pet_level': 1, 'pet_quality_id': 2, 'pet_species_id': 1756}"
1200669487,VERY_LONG,,1,9862600,,"{'id': 82800, 'context': 0, 'modifiers': [{'type': 6, 'value': 86229}], 'pet_breed_id': 5, 'pet_level': 1, 'pet_quality_id': 2, 'pet_species_id': 2190}"
1200669493,VERY_LONG,,1,296966600,,"{'id': 164515, 'context': 11}"
1200669496,VERY_LONG,,1,113781800,,"{'id': 82800, 'context': 0, 'modifiers': [{'type': 6, 'value': 54855}], 'pet_breed_id': 18, 'pet_level': 1, 'pet_quality_id': 3, 'pet_species_id': 1542}"
1200669498,VERY_LONG,,1,345963600,,"{'id': 164558, 'context': 11}"
1200669499,VERY_LONG,,1,432898700,,"{'id': 163967, 'context': 54, 'bonus_lists': [1472, 4786]}"
1200669504,VERY_LONG,,1,75000000,,"{'id': 164463, 'context': 11}"
1200669508,VERY_LONG,,1,75000000,,"{'id': 164463, 'context': 11}"
1200669513,VERY_LONG,,1,82652600,,"{'id': 164425, 'context': 11}"
1200669517,VERY_LONG,,1,82652600,,"{'id': 164425, 'context': 11}"
1200669520,VERY_LONG,,1,500000000,,"{'id': 82800, 'context': 0, 'modifiers': [{'type': 6, 'value': 39333}], 'pet_breed_id': 3, 'pet_level': 1, 'pet_quality_id': 2, 'pet_species_id': 342}"
1200669523,VERY_LONG,116400,4,,,{'id': 128768}
1200669525,VERY_LONG,,1,69909800,,"{'id': 171416, 'context': 63, 'bonus_lists': [6716, 1487]}"
1200669527,VERY_LONG,,1,172610000,,"{'id': 164291, 'context': 11}"
1200669529,VERY_LONG,,1,55995200,,"{'id': 82800, 'context': 0, 'modifiers': [{'type': 6, 'value': 46810}], 'pet_breed_id': 3, 'pet_level': 1, 'pet_quality_id': 3, 'pet_species_id': 1125}"
1200669532,VERY_LONG,,1,493760100,,"{'id': 164331, 'context': 11}"
1200669536,VERY_LONG,,1,22610500,,"{'id': 82800, 'context': 0, 'modifiers': [{'type': 6, 'value': 65087}], 'pet_breed_id': 14, 'pet_level': 1, 'pet_quality_id': 3, 'pet_species_id': 1716}"
1200669537,VERY_LONG,,1,175000000,,"{'id': 82800, 'context': 0, 'modifiers': [{'type': 6, 'value': 59885}], 'pet_breed_id': 3, 'pet_level': 1, 'pet_quality_id': 3, 'pet_species_id': 1536}"
1200669540,VERY_LONG,,1,32106500,,"{'id': 82800, 'context': 0, 'modifiers': [{'type': 6, 'value': 47856}], 'pet_breed_id': 9, 'pet_level': 1, 'pet_quality_id': 3, 'pet_species_id': 1346}"
1200669543,VERY_LONG,,1,2100000000,,"{'id': 2801, 'context': 0}"
1200669545,VERY_LONG,,1,56931800,,"{'id': 82800, 'context': 0, 'modifiers': [{'type': 6, 'value': 79638}], 'pet_breed_id': 4, 'pet_level': 1, 'pet_quality_id': 3, 'pet_species_id': 2083}"
1200669547,VERY_LONG,,1,60004100,,"{'id': 82800, 'context': 0, 'modifiers': [{'type': 6, 'value': 42872}], 'pet_breed_id': 13, 'pet_level': 1, 'pet_quality_id': 2, 'pet_species_id': 630}"
1200669549,VERY_LONG,,1,13097800,,"{'id': 13001, 'context': 0}"
1200669550,VERY_LONG,,1,90000000,,"{'id': 82800, 'context': 0, 'modifiers': [{'type': 6, 'value': 57822}], 'pet_breed_id': 15, 'pet_level': 1, 'pet_quality_id': 3, 'pet_species_id': 1430}"
1200669551,VERY_LONG,,1,1044472300,,"{'id': 163962, 'context': 54, 'bonus_lists': [4802, 1472, 4786]}"
1200669552,VERY_LONG,,1,57871500,,"{'id': 82800, 'context': 0, 'modifiers': [{'type': 6, 'value': 48212}], 'pet_breed_id': 18, 'pet_level': 1, 'pet_quality_id': 3, 'pet_species_id': 1200}"
1200669553,VERY_LONG,,1,100000000,,"{'id': 164481, 'context': 11}"
1200669556,VERY_LONG,,1,59999700,,"{'id': 82800, 'context': 0, 'modifiers': [{'type': 6, 'value': 29404}], 'pet_breed_id': 7, 'pet_level': 1, 'pet_quality_id': 2, 'pet_species_id': 1351}"
1200669559,VERY_LONG,3542700,19,,,{'id': 6657}
1200669560,VERY_LONG,,1,199999900,,"{'id': 164549, 'context': 11}"
1200669561,VERY_LONG,,1,52500000,,"{'id': 82800, 'context': 0, 'modifiers': [{'type': 6, 'value': 59017}], 'pet_breed_id': 13, 'pet_level': 1, 'pet_quality_id': 3, 'pet_species_id': 1545}"
1200669564,VERY_LONG,,1,32226700,,"{'id': 166822, 'context': 11}"
1200669568,VERY_LONG,,1,100000000,,"{'id': 82800, 'context': 0, 'modifiers': [{'type': 6, 'value': 54848}], 'pet_breed_id': 8, 'pet_level': 1, 'pet_quality_id': 3, 'pet_species_id': 1396}"
1200669569,VERY_LONG,,1,260831100,,"{'id': 940, 'context': 53, 'bonus_lists': [4247], 'modifiers': [{'type': 9, 'value': 50}]}"
1200669571,VERY_LONG,,1,149950000,,"{'id': 82800, 'context': 0, 'modifiers': [{'type': 6, 'value': 65672}], 'pet_breed_id': 8, 'pet_level': 1, 'pet_quality_id': 3, 'pet_species_id': 1760}"
1200669573,VERY_LONG,,1,66567500,,"{'id': 82800, 'context': 0, 'modifiers': [{'type': 6, 'value': 69490}], 'pet_breed_id': 12, 'pet_level': 1, 'pet_quality_id': 3, 'pet_species_id': 1699}"
1200669576,VERY_LONG,,1,149990000,,"{'id': 82800, 'context': 0, 'modifiers': [{'type': 6, 'value': 21382}], 'pet_breed_id': 3, 'pet_level': 1, 'pet_quality_id': 2, 'pet_species_id': 158}"
1200669579,VERY_LONG,,1,121852500,,"{'id': 82800, 'context': 0, 'modifiers': [{'type': 6, 'value': 29807}], 'pet_breed_id': 18, 'pet_level': 1, 'pet_quality_id': 2, 'pet_species_id': 233}"
1200669580,VERY_LONG,,1,29969800,,"{'id': 82800, 'context': 0, 'modifiers': [{'type': 6, 'value': 29805}], 'pet_breed_id': 8, 'pet_level': 1, 'pet_quality_id': 2, 'pet_species_id': 232}"
1200669582,VERY_LONG,,1,198828500,,"{'id': 163957, 'context': 54, 'bonus_lists': [1472, 4786]}"
1200669586,VERY_LONG,,1,1446764900,,"{'id': 164301, 'context': 11}"
1200669587,VERY_LONG,,1,199990000,,"{'id': 82800, 'context': 0, 'modifiers': [{'type': 6, 'value': 81219}], 'pet_breed_id': 10, 'pet_level': 1, 'pet_quality_id': 2, 'pet_species_id': 2421}"
1200669589,VERY_LONG,,1,107021000,,"{'id': 14192, 'context': 37, 'bonus_lists': [1679, 3835], 'modifiers': [{'type': 9, 'value': 18}]}"
1200669591,VERY_LONG,,1,79999800,,"{'id': 82800, 'context': 0, 'modifiers': [{'type': 6, 'value': 38429}], 'pet_breed_id': 3, 'pet_level': 1, 'pet_quality_id': 3, 'pet_species_id': 318}"
1200669594,VERY_LONG,,1,221248500,,"{'id': 164363, 'context': 11}"
1200669595,VERY_LONG,,1,76050900,,"{'id': 164457, 'context': 11}"
1200669596,VERY_LONG,,1,28323900,,"{'id': 165742, 'context': 11}"
1200669597,VERY_LONG,,1,199989900,,"{'id': 82800, 'context': 0, 'modifiers': [{'type': 6, 'value': 26846}], 'pet_breed_id': 19, 'pet_level': 1, 'pet_quality_id': 2, 'pet_species_id': 1999}"
1200669599,VERY_LONG,,1,172800000,,"{'id': 82800, 'context': 0, 'modifiers': [{'type': 6, 'value': 83052}], 'pet_breed_id': 16, 'pet_level': 1, 'pet_quality_id': 2, 'pet_species_id': 2429}"
1200669603,VERY_LONG,,1,233678400,,"{'id': 166832, 'context': 11}"
1200669604,VERY_LONG,,1,125363900,,"{'id': 164470, 'context': 11}"
1200669605,VERY_LONG,,1,150000000,,"{'id': 164542, 'context': 31}"
1200669606,VERY_LONG,,1,149749400,,"{'id': 166826, 'context': 11}"
1200669608,VERY_LONG,,1,125000000,,"{'id': 82800, 'context': 0, 'modifiers': [{'type': 6, 'value': 74484}], 'pet_breed_id': 6, 'pet_level': 1, 'pet_quality_id': 3, 'pet_species_id': 1805}"
1200669610,VERY_LONG,,1,759575000,,"{'id': 164559, 'context': 11}"
1200669613,VERY_LONG,,1,759575000,,"{'id': 164559, 'context': 11}"
1200669615,VERY_LONG,,1,274125000,,"{'id': 164270, 'context': 31}"
1200669616,VERY_LONG,,1,274125000,,"{'id': 164270, 'context': 11}"
1200669619,VERY_LONG,,1,160629000,,"{'id': 164507, 'context': 11}"
1200669623,VERY_LONG,,1,85570900,,"{'id': 82800, 'context': 0, 'modifiers': [{'type': 6, 'value': 65713}], 'pet_breed_id': 5, 'pet_level': 1, 'pet_quality_id': 3, 'pet_species_id': 1764}"
1200669624,VERY_LONG,,1,70504000,,"{'id': 166836, 'context': 11}"
1200669627,VERY_LONG,,1,439434500,,"{'id': 164491, 'context': 11}"
1200669628,VERY_LONG,,1,45748400,,"{'id': 166820, 'context': 11}"
1200669629,VERY_LONG,,1,99999900,,"{'id': 82800, 'context': 0, 'modifiers': [{'type': 6, 'value': 71828}], 'pet_breed_id': 10, 'pet_level': 1, 'pet_quality_id': 3, 'pet_species_id': 1920}"
1200669630,VERY_LONG,,1,199999900,,"{'id': 166825, 'context': 11}"
1200669631,VERY_LONG,,1,256000000,,"{'id': 82800, 'context': 0, 'modifiers': [{'type': 6, 'value': 30298}], 'pet_breed_id': 18, 'pet_level': 1, 'pet_quality_id': 3, 'pet_species_id': 2527}"
1200669632,VERY_LONG,,1,86884000,,"{'id': 82800, 'context': 0, 'modifiers': [{'type': 6, 'value': 65714}], 'pet_breed_id': 6, 'pet_level': 1, 'pet_quality_id': 3, 'pet_species_id': 1765}"
1200669634,VERY_LONG,,1,172242300,,"{'id': 166818, 'context': 11}"
1200669635,VERY_LONG,,1,301823300,,"{'id': 164494, 'context': 31}"
1200669638,VERY_LONG,,1,200000000,,"{'id': 164316, 'context': 11}"
1200669641,VERY_LONG,,1,54399400,,"{'id': 3419, 'context': 14}"
1200669644,VERY_LONG,,1,55033200,,"{'id': 82800, 'context': 0, 'modifiers': [{'type': 6, 'value': 36902}], 'pet_breed_id': 3, 'pet_level': 1, 'pet_quality_id': 3, 'pet_species_id': 267}"
1200669645,VERY_LONG,,1,199334200,,"{'id': 164517, 'context': 11}"
1200669646,VERY_LONG,,1,268028600,,"{'id': 164513, 'context': 11}"
1200669647,VERY_LONG,,1,268028600,,"{'id': 164513, 'context': 11}"
1200669648,VERY_LONG,,1,150000000,,"{'id': 164526, 'context': 31}"
1200669650,VERY_LONG,,1,48454000,,"{'id': 166823, 'context': 11}"
1200669653,VERY_LONG,,1,26242200,,"{'id': 164344, 'context': 11}"
1200669656,VERY_LONG,,1,42071500,,"{'id': 166839, 'context': 11}"
1200669657,VERY_LONG,,1,184635100,,"{'id': 118842, 'context': 29, 'bonus_lists': [3959], 'modifiers': [{'type': 9, 'value': 45}]}"
1200669658,VERY_LONG,,1,57482800,,"{'id': 3424, 'context': 14}"
1200669660,VERY_LONG,,1,135000000,,"{'id': 166831, 'context': 11}"
1200669662,VERY_LONG,,1,56416100,,"{'id': 3421, 'context': 14}"
1200669663,VERY_LONG,,1,115000000,,"{'id': 82800, 'context': 0, 'modifiers': [{'type': 6, 'value': 64097}], 'pet_breed_id': 6, 'pet_level': 1, 'pet_quality_id': 3, 'pet_species_id': 1672}"
1200669666,VERY_LONG,,1,415999600,,"{'id': 82800, 'context': 0, 'modifiers': [{'type': 6, 'value': 47960}], 'pet_breed_id': 13, 'pet_level': 1, 'pet_quality_id': 3, 'pet_species_id': 1209}"
1200669668,VERY_LONG,,1,196279800,,"{'id': 164476, 'context': 31}"
1200669669,VERY_LONG,,1,202196100,,"{'id': 164528, 'context': 11}"
1200669670,VERY_LONG,,1,179913300,,"{'id': 164569, 'context': 11}"
1200669672,VERY_LONG,,1,356920900,,"{'id': 164519, 'context': 11}"
1200669675,VERY_LONG,,1,337841600,,"{'id': 164306, 'context': 31}"
1200669676,VERY_LONG,,1,850000000,,"{'id': 164546, 'context': 31}"
1200669678,VERY_LONG,,1,59661500,,"{'id': 82800, 'context': 0, 'modifiers': [{'type': 6, 'value': 58768}], 'pet_breed_id': 16, 'pet_level': 1, 'pet_quality_id': 3, 'pet_species_id': 1571}"
1200669681,VERY_LONG,,1,29898600,,"{'id': 163927, 'context': 11}"
1200669684,VERY_LONG,,1,37868600,,"{'id': 164502, 'context': 11}"
1200669686,VERY_LONG,,1,37868600,,"{'id': 164502, 'context': 11}"
1200669690,VERY_LONG,,1,500123200,,"{'id': 166816, 'context': 11}"
1200669694,VERY_LONG,,1,88807900,,"{'id': 166819, 'context': 11}"
1200669696,VERY_LONG,,1,298397600,,"{'id': 164281, 'context': 11}"
1200669697,VERY_LONG,,1,161715500,,"{'id': 164442, 'context': 11}"
1200669699,VERY_LONG,,1,203481800,,"{'id': 163963, 'context': 54, 'bonus_lists': [4802, 1472, 4786]}"
1200669701,VERY_LONG,,1,172091100,,"{'id': 164360, 'context': 11}"
1200669703,VERY_LONG,,1,987307200,,"{'id': 164429, 'context': 31}"
1200669704,VERY_LONG,,1,210009400,,"{'id': 82800, 'context': 0, 'modifiers': [{'type': 6, 'value': 54752}], 'pet_breed_id': 16, 'pet_level': 1, 'pet_quality_id': 3, 'pet_species_id': 1395}"
1200669707,VERY_LONG,,1,293128400,,"{'id': 164518, 'context': 11}"
1200669708,VERY_LONG,,1,100000000,,"{'id': 164520, 'context': 31}"
1200669711,VERY_LONG,,1,81633800,,"{'id': 169288, 'context': 11}"
1200669712,VERY_LONG,,1,67036900,,"{'id': 82800, 'context': 0, 'modifiers': [{'type': 6, 'value': 23506}], 'pet_breed_id': 3, 'pet_level': 1, 'pet_quality_id': 3, 'pet_species_id': 174}"
1200669716,VERY_LONG,,1,107452900,,"{'id': 164415, 'context': 11}"
1200669717,VERY_LONG,,1,79091900,,"{'id': 166837, 'context': 11}"
1200669719,VERY_LONG,,1,79091900,,"{'id': 166837, 'context': 11}"
1200669721,VERY_LONG,,1,99734300,,"{'id': 164478, 'context': 31}"
1200669723,VERY_LONG,,1,50000000,,"{'id': 164465, 'context': 11}"
1200669724,VERY_LONG,,1,150000000,,"{'id': 164278, 'context': 11}"
1200669726,VERY_LONG,,1,71308400,,"{'id': 164426, 'context': 11}"
1200669728,VERY_LONG,,1,71308400,,"{'id': 164426, 'context': 11}"
1200669765,VERY_LONG,,1,10693100,,"{'id': 164342, 'context': 11, 'modifiers': [{'type': 28, 'value': 644}]}"
1200669772,VERY_LONG,,1,17822400,,"{'id': 164344, 'context': 11, 'modifiers': [{'type': 28, 'value': 644}]}"
1200669778,VERY_LONG,,1,29898600,,"{'id': 163927, 'context': 11, 'modifiers': [{'type': 28, 'value': 289}]}"
1200671616,VERY_LONG,400000,1,,,{'id': 172921}
1200671936,LONG,15999700,3,,,{'id': 110654}
1200671964,VERY_LONG,184500,2113,,,{'id': 172934}
1200671973,LONG,,1,163550000,,"{'id': 82800, 'context': 0, 'modifiers': [{'type': 6, 'value': 99875}], 'pet_breed_id': 10, 'pet_level': 1, 'pet_quality_id': 2, 'pet_species_id': 3037}"
1200671974,VERY_LONG,5509000,5,,,{'id': 127847}
1200672015,VERY_LONG,3508000,5,,,{'id': 127850}
1200672033,VERY_LONG,109000,3,,,{'id': 172359}
1200672044,VERY_LONG,199000,2,,,{'id': 172357}
1200672072,VERY_LONG,513000,1,,,{'id': 173204}
1200672077,VERY_LONG,400000,1,,,{'id': 172921}
1200672091,VERY_LONG,3426800,2,,,{'id': 171352}
1200672093,VERY_LONG,99000,164,,,{'id': 124101}
1200673106,VERY_LONG,112000,200,,,{'id': 124104}
1200673122,VERY_LONG,123000,200,,,{'id': 151565}
1200673140,VERY_LONG,2909900,1,,,{'id': 168189}
1200673158,VERY_LONG,8500,39,,,{'id': 167738}
1200673166,VERY_LONG,4000,2,,,{'id': 29740}
1200673174,VERY_LONG,4000,1,,,{'id': 21929}
1200673178,VERY_LONG,99000,1,,,{'id': 153711}
1200673184,VERY_LONG,99000,50,,,{'id': 111245}
1200673194,VERY_LONG,4000,2,,,{'id': 24478}
1200673200,LONG,5990000,13,,,{'id': 172347}
1200673206,VERY_LONG,39000,1,,,{'id': 33457}
1200673213,VERY_LONG,26000,5,,,{'id': 29451}
1200673240,VERY_LONG,,1,1799000,,"{'id': 173145, 'context': 13, 'modifiers': [{'type': 29, 'value': 36}]}"
1200673274,VERY_LONG,97000,2,,,{'id': 24479}
1200673292,VERY_LONG,45000,39,,,{'id': 152875}
1200673297,LONG,20000000,29,,,{'id': 34113}
1200673321,VERY_LONG,885000,5,,,{'id': 76132}
1200673365,VERY_LONG,1999000,2,,,{'id': 31902}
1200673383,VERY_LONG,87000,1,,,{'id': 113588}
1200673407,VERY_LONG,9000,87,,,{'id': 115504}
1200673426,VERY_LONG,,1,19998000,,"{'id': 13146, 'context': 0, 'bonus_lists': [6659], 'modifiers': [{'type': 9, 'value': 30}, {'type': 28, 'value': 1004}]}"
1200673460,VERY_LONG,,1,499999900,,"{'id': 183035, 'context': 3, 'bonus_lists': [7189, 6652, 7193, 1472, 6646], 'modifiers': [{'type': 28, 'value': 751}]}"
1200673486,VERY_LONG,,1,499900,,"{'id': 47631, 'context': 0, 'modifiers': [{'type': 28, 'value': 622}]}"
1200673605,VERY_LONG,730000,5,,,{'id': 168583}
1200673691,VERY_LONG,,1,180000000,,"{'id': 172315, 'context': 64, 'bonus_lists': [6717, 1507]}"
1200673721,VERY_LONG,,1,600005000,,"{'id': 172315, 'context': 65, 'bonus_lists': [6718, 1522]}"
1200673724,VERY_LONG,,1,600005000,,"{'id': 172315, 'context': 65, 'bonus_lists': [6718, 1522]}"
1200673729,VERY_LONG,,1,600005000,,"{'id': 172315, 'context': 65, 'bonus_lists': [6718, 1522]}"
1200673744,VERY_LONG,,1,360000000,,"{'id': 172316, 'context': 64, 'bonus_lists': [6717, 1507]}"
1200673747,VERY_LONG,,1,360000000,,"{'id': 172316, 'context': 64, 'bonus_lists': [6717, 1507]}"
1200673804,VERY_LONG,,1,454995000,,"{'id': 172317, 'context': 65, 'bonus_lists': [6718, 7194, 1522]}"
1200673805,VERY_LONG,,1,454995000,,"{'id': 172317, 'context': 65, 'bonus_lists': [6718, 7193, 1522]}"
1200673812,VERY_LONG,,1,700000000,,"{'id': 172317, 'context': 66, 'bonus_lists': [6758, 7193, 1532]}"
1200673856,VERY_LONG,,1,150000000,,"{'id': 172319, 'context': 64, 'bonus_lists': [6717, 1507]}"
1200673859,VERY_LONG,,1,150000000,,"{'id': 172319, 'context': 64, 'bonus_lists': [6717, 1507]}"
1200673861,VERY_LONG,,1,150000000,,"{'id': 172319, 'context': 64, 'bonus_lists': [6717, 1507]}"
1200673863,VERY_LONG,,1,150000000,,"{'id': 172319, 'context': 64, 'bonus_lists': [6717, 1507]}"
1200673867,VERY_LONG,,1,150000000,,"{'id': 172319, 'context': 64, 'bonus_lists': [6717, 1507]}"
1200673868,VERY_LONG,,1,150000000,,"{'id': 172319, 'context': 64, 'bonus_lists': [6717, 1507]}"
1200673871,VERY_LONG,,1,150000000,,"{'id': 172319, 'context': 64, 'bonus_lists': [6717, 1507]}"
1200673874,VERY_LONG,,1,150000000,,"{'id': 172319, 'context': 64, 'bonus_lists': [6717, 1507]}"
1200673876,VERY_LONG,,1,150000000,,"{'id': 172319, 'context': 64, 'bonus_lists': [6717, 1507]}"
1200673878,VERY_LONG,,1,150000000,,"{'id': 172319, 'context': 64, 'bonus_lists': [6717, 1507]}"
1200673942,VERY_LONG,,1,320000000,,"{'id': 172321, 'context': 64, 'bonus_lists': [6717, 7193, 1507]}"
1200673944,VERY_LONG,,1,320000000,,"{'id': 172321, 'context': 64, 'bonus_lists': [6717, 7193, 1507]}"
1200673985,VERY_LONG,,1,600000000,,"{'id': 172321, 'context': 65, 'bonus_lists': [6718, 7193, 1522]}"
1200673987,VERY_LONG,,1,600000000,,"{'id': 172321, 'context': 65, 'bonus_lists': [6718, 7193, 1522]}"
1200673990,VERY_LONG,,1,600000000,,"{'id': 172321, 'context': 65, 'bonus_lists': [6718, 7193, 1522]}"
1200673993,VERY_LONG,,1,600000000,,"{'id': 172321, 'context': 65, 'bonus_lists': [6718, 7194, 1522]}"
1200673997,VERY_LONG,,1,600000000,,"{'id': 172321, 'context': 65, 'bonus_lists': [6718, 7194, 1522]}"
1200674000,VERY_LONG,,1,600000000,,"{'id': 172321, 'context': 65, 'bonus_lists': [6718, 7194, 1522]}"
1200674005,VERY_LONG,,1,600000000,,"{'id': 172321, 'context': 65, 'bonus_lists': [6718, 7194, 1522]}"
1200674022,VERY_LONG,,1,72000000,,"{'id': 172323, 'context': 63, 'bonus_lists': [6716, 1487]}"
1200674048,VERY_LONG,5000000,1443,,,{'id': 172437}
1200674090,VERY_LONG,,1,79000000,,"{'id': 172325, 'context': 63, 'bonus_lists': [6716, 7194, 1487]}"
1200676142,VERY_LONG,,1,350000000,,"{'id': 172327, 'context': 65, 'bonus_lists': [6718, 1522]}"
1200676144,VERY_LONG,,1,350000000,,"{'id': 172327, 'context': 65, 'bonus_lists': [6718, 1522]}"
1200676149,VERY_LONG,,1,350000000,,"{'id': 172327, 'context': 65, 'bonus_lists': [6718, 1522]}"
1200676338,VERY_LONG,513000,9,,,{'id': 173204}
1200676345,VERY_LONG,,1,1489100,,"{'id': 173147, 'context': 13, 'modifiers': [{'type': 29, 'value': 40}]}"
1200676357,VERY_LONG,,1,1950000,,"{'id': 173131, 'context': 13, 'modifiers': [{'type': 29, 'value': 32}]}"
1200676366,VERY_LONG,,1,1799000,,"{'id': 173145, 'context': 13, 'modifiers': [{'type': 29, 'value': 40}]}"
1200676373,VERY_LONG,,1,1569100,,"{'id': 173144, 'context': 13, 'modifiers': [{'type': 29, 'value': 32}]}"
1200676379,VERY_LONG,,1,6489900,,"{'id': 173134, 'context': 13, 'modifiers': [{'type': 29, 'value': 49}]}"
1200676641,VERY_LONG,21344100,3,,,{'id': 42433}
1200676666,VERY_LONG,490000000,5,,,{'id': 19221}
1200676697,VERY_LONG,,1,1220005000,,"{'id': 172315, 'context': 66, 'bonus_lists': [6758, 1532]}"
1200676701,VERY_LONG,,1,1220005000,,"{'id': 172315, 'context': 66, 'bonus_lists': [6758, 1532]}"
1200676703,VERY_LONG,,1,1220005000,,"{'id': 172315, 'context': 66, 'bonus_lists': [6758, 1532]}"
1200676718,VERY_LONG,,1,180000000,,"{'id': 172315, 'context': 64, 'bonus_lists': [6717, 1507]}"
1200676895,VERY_LONG,,1,350000000,,"{'id': 164366, 'context': 11, 'modifiers': [{'type': 28, 'value': 645}]}"
1200676931,VERY_LONG,,1,3750000100,,"{'id': 82800, 'context': 0, 'modifiers': [{'type': 6, 'value': 30507}], 'pet_breed_id': 7, 'pet_level': 12, 'pet_quality_id': 3, 'pet_species_id': 302}"
1200676936,VERY_LONG,,1,1782400,,"{'id': 82800, 'context': 0, 'modifiers': [{'type': 6, 'value': 99850}], 'pet_breed_id': 4, 'pet_level': 1, 'pet_quality_id': 3, 'pet_species_id': 3044}"
1200676937,VERY_LONG,,1,1782400,,"{'id': 82800, 'context': 0, 'modifiers': [{'type': 6, 'value': 99850}], 'pet_breed_id': 4, 'pet_level': 1, 'pet_quality_id': 3, 'pet_species_id': 3044}"
1200677085,VERY_LONG,4953000,55,,,{'id': 173049}
1200677087,VERY_LONG,8004500,3,,,{'id': 173160}
1200677089,VERY_LONG,,1,4151200,,"{'id': 173142, 'context': 13, 'bonus_lists': [3375]}"
1200677090,VERY_LONG,,1,49998600,,"{'id': 173054, 'context': 13, 'modifiers': [{'type': 29, 'value': 49}, {'type': 30, 'value': 40}]}"
1200677092,VERY_LONG,,1,15903300,,"{'id': 173050, 'context': 13, 'modifiers': [{'type': 29, 'value': 49}, {'type': 30, 'value': 32}]}"
1200677094,VERY_LONG,7000000,1,,,{'id': 172370}
1200677097,VERY_LONG,381200,200,,,{'id': 171285}
1200677099,VERY_LONG,6760000,8,,,{'id': 173162}
1200678105,VERY_LONG,2642300,1,,,{'id': 172412}
1200678107,VERY_LONG,824700,1,,,{'id': 172407}
1200678110,VERY_LONG,7390000,4,,,{'id': 173161}
1200678115,VERY_LONG,,1,6489900,,"{'id': 173134, 'context': 13, 'modifiers': [{'type': 29, 'value': 40}]}"
1200678118,VERY_LONG,290000,134,,,{'id': 171268}
1200678120,VERY_LONG,,1,1834800,,"{'id': 173145, 'context': 13, 'modifiers': [{'type': 29, 'value': 32}]}"
1200678124,VERY_LONG,199000,1,,,{'id': 172357}
1200678129,VERY_LONG,1348700,1,,,{'id': 177661}
1200678132,VERY_LONG,15996500,7,,,{'id': 173163}
1200678135,VERY_LONG,280000,144,,,{'id': 171286}
1200678302,LONG,4953000,50,,,{'id': 173049}
1200678397,VERY_LONG,,1,550000000,,"{'id': 184788, 'context': 0, 'bonus_lists': [6652, 6935, 1472, 6646], 'modifiers': [{'type': 28, 'value': 1707}]}"
1200678855,VERY_LONG,554400,3,,,{'id': 173034}
1200678860,VERY_LONG,249700,3,,,{'id': 173035}
1200678864,VERY_LONG,17700,5,,,{'id': 179315}
1200678872,VERY_LONG,513000,1,,,{'id': 173204}
1200678890,VERY_LONG,12800,3,,,{'id': 177061}
1200678903,VERY_LONG,,1,1119900,,"{'id': 71951, 'context': 0}"
1200678914,VERY_LONG,,1,1339900,,"{'id': 71952, 'context': 0}"
1200678917,VERY_LONG,,1,1339900,,"{'id': 71952, 'context': 0}"
1200678922,LONG,1200000,2,,,{'id': 72238}
1200678930,LONG,75500,290,,,{'id': 171828}
1200678935,LONG,500,39,,,{'id': 171840}
1200678938,LONG,39200,16,,,{'id': 171841}
1200678941,LONG,1494900,3,,,{'id': 171833}
1200678947,LONG,259900,181,,,{'id': 168586}
1200678949,LONG,510000,27,,,{'id': 171315}
1200678953,LONG,88000,183,,,{'id': 169701}
1200678961,LONG,120000,25,,,{'id': 74840}
1200678987,VERY_LONG,,1,650000000,,"{'id': 183035, 'context': 5, 'bonus_lists': [7188, 42, 7193, 1485, 6646], 'modifiers': [{'type': 28, 'value': 752}]}"
1200679000,VERY_LONG,,1,900000000,,"{'id': 182978, 'context': 5, 'bonus_lists': [7188, 6652, 7194, 1485, 6646], 'modifiers': [{'type': 28, 'value': 752}]}"
1200679013,VERY_LONG,,1,100007500,,"{'id': 175007, 'context': 5, 'bonus_lists': [4823, 6578, 6579, 6545, 6515, 1502, 4786], 'modifiers': [{'type': 28, 'value': 786}]}"
1200679071,VERY_LONG,,1,4500000000,,"{'id': 182990, 'context': 6, 'bonus_lists': [7187, 6652, 1498, 6646], 'modifiers': [{'type': 28, 'value': 753}]}"
1200681113,VERY_LONG,,1,859990000,,"{'id': 183010, 'context': 5, 'bonus_lists': [7188, 6652, 1485, 6646], 'modifiers': [{'type': 28, 'value': 752}]}"
1200681118,VERY_LONG,,1,550000000,,"{'id': 184778, 'context': 5, 'bonus_lists': [7188, 6652, 1485, 6646], 'modifiers': [{'type': 28, 'value': 752}]}"
1200681122,LONG,9895100,2,,,{'id': 171276}
1200681129,VERY_LONG,,1,800000000,,"{'id': 183031, 'context': 5, 'bonus_lists': [7188, 6652, 7194, 1485, 6646], 'modifiers': [{'type': 28, 'value': 752}]}"
1200681135,LONG,1000000,1,,,{'id': 172041}
1200681164,LONG,16509200,25,,,{'id': 172438}
1200681359,LONG,7770000,2,,,{'id': 181468}
1200681391,VERY_LONG,,1,74499900,,"{'id': 171414, 'context': 63, 'bonus_lists': [6716, 1487]}"
1200681412,VERY_LONG,513000,5,,,{'id': 173204}
1200681438,VERY_LONG,149000,5,,,{'id': 109217}
1200681468,LONG,470600,20,,,{'id': 129032}
1200681503,VERY_LONG,209000,1,,,{'id': 154123}
1200681549,VERY_LONG,158000,2,,,{'id': 153714}
1200681598,VERY_LONG,49000,15,,,{'id': 152876}
1200681624,VERY_LONG,45000,1,,,{'id': 153702}
1200681635,LONG,,1,17500000,,"{'id': 172237, 'context': 13, 'bonus_lists': [6887, 7224], 'modifiers': [{'type': 9, 'value': 60}, {'type': 28, 'value': 391}, {'type': 29, 'value': 36}, {'type': 30, 'value': 32}]}"
1200681637,LONG,,1,17500000,,"{'id': 172237, 'context': 13, 'bonus_lists': [6887, 7224], 'modifiers': [{'type': 9, 'value': 60}, {'type': 28, 'value': 391}, {'type': 29, 'value': 36}, {'type': 30, 'value': 32}]}"
1200681638,LONG,,1,17500000,,"{'id': 172237, 'context': 13, 'bonus_lists': [6887, 7224], 'modifiers': [{'type': 9, 'value': 60}, {'type': 28, 'value': 391}, {'type': 29, 'value': 49}, {'type': 30, 'value': 36}]}"
1200681640,LONG,,1,17500000,,"{'id': 172237, 'context': 13, 'bonus_lists': [6887, 7224], 'modifiers': [{'type': 9, 'value': 60}, {'type': 28, 'value': 391}, {'type': 29, 'value': 32}, {'type': 30, 'value': 40}]}"
1200681648,LONG,,1,17500000,,"{'id': 172238, 'context': 13, 'bonus_lists': [6885, 7224], 'modifiers': [{'type': 9, 'value': 60}, {'type': 28, 'value': 391}, {'type': 29, 'value': 32}, {'type': 30, 'value': 40}]}"
1200681650,LONG,,1,17500000,,"{'id': 172238, 'context': 13, 'bonus_lists': [6885, 7224], 'modifiers': [{'type': 9, 'value': 60}, {'type': 28, 'value': 391}, {'type': 29, 'value': 49}, {'type': 30, 'value': 40}]}"
1200681651,LONG,,1,17500000,,"{'id': 172238, 'context': 13, 'bonus_lists': [6885, 7224], 'modifiers': [{'type': 9, 'value': 60}, {'type': 28, 'value': 391}, {'type': 29, 'value': 49}, {'type': 30, 'value': 32}]}"
1200681658,VERY_LONG,45000,1,,,{'id': 153704}
1200681664,LONG,,1,17500100,,"{'id': 172246, 'context': 13, 'bonus_lists': [6885, 7224], 'modifiers': [{'type': 9, 'value': 60}, {'type': 28, 'value': 391}, {'type': 29, 'value': 40}, {'type': 30, 'value': 36}]}"
1200681666,LONG,,1,17500100,,"{'id': 172246, 'context': 13, 'bonus_lists': [6885, 7224], 'modifiers': [{'type': 9, 'value': 60}, {'type': 28, 'value': 391}, {'type': 29, 'value': 32}, {'type': 30, 'value': 49}]}"
1200681668,LONG,,1,17500100,,"{'id': 172246, 'context': 13, 'bonus_lists': [6885, 7224], 'modifiers': [{'type': 9, 'value': 60}, {'type': 28, 'value': 391}, {'type': 29, 'value': 32}, {'type': 30, 'value': 49}]}"
1200681671,LONG,,1,17500100,,"{'id': 172246, 'context': 13, 'bonus_lists': [6885, 7224], 'modifiers': [{'type': 9, 'value': 60}, {'type': 28, 'value': 391}, {'type': 29, 'value': 49}, {'type': 30, 'value': 40}]}"
1200681691,VERY_LONG,418000,2,,,{'id': 154124}
1200681714,LONG,,1,17500000,,"{'id': 172239, 'context': 13, 'bonus_lists': [6890, 7224], 'modifiers': [{'type': 9, 'value': 60}, {'type': 28, 'value': 391}, {'type': 29, 'value': 36}, {'type': 30, 'value': 49}]}"
1200681718,LONG,,1,17500000,,"{'id': 172239, 'context': 13, 'bonus_lists': [6890, 7224], 'modifiers': [{'type': 9, 'value': 60}, {'type': 28, 'value': 391}, {'type': 29, 'value': 40}, {'type': 30, 'value': 36}]}"
1200681726,VERY_LONG,589000,2,,,{'id': 154122}
1200681746,VERY_LONG,494000,2,,,{'id': 154125}
1200681758,LONG,,1,17500000,,"{'id': 172234, 'context': 13, 'bonus_lists': [6890, 7224], 'modifiers': [{'type': 9, 'value': 60}, {'type': 28, 'value': 391}, {'type': 29, 'value': 36}, {'type': 30, 'value': 32}]}"
1200681760,LONG,,1,17500000,,"{'id': 172234, 'context': 13, 'bonus_lists': [6890, 7224], 'modifiers': [{'type': 9, 'value': 60}, {'type': 28, 'value': 391}, {'type': 29, 'value': 32}, {'type': 30, 'value': 40}]}"
1200681763,VERY_LONG,198000,2,,,{'id': 153713}
1200681789,VERY_LONG,229000,10,,,{'id': 152877}
1200681793,LONG,,1,17499900,,"{'id': 172236, 'context': 13, 'bonus_lists': [6887, 7224], 'modifiers': [{'type': 9, 'value': 60}, {'type': 28, 'value': 391}, {'type': 29, 'value': 32}, {'type': 30, 'value': 40}]}"
1200681795,LONG,,1,17499900,,"{'id': 172236, 'context': 13, 'bonus_lists': [6887, 7224], 'modifiers': [{'type': 9, 'value': 60}, {'type': 28, 'value': 391}, {'type': 29, 'value': 49}, {'type': 30, 'value': 32}]}"
1200681806,VERY_LONG,1497000,5,,,{'id': 130245}
1200681811,VERY_LONG,3768700,3,,,{'id': 76139}
1200681819,VERY_LONG,119600,3,,,{'id': 76141}
1200681843,VERY_LONG,168000,3,,,{'id': 76140}
1200681876,VERY_LONG,181000,6,,,{'id': 89112}
1200681880,LONG,,1,850000400,,"{'id': 172316, 'context': 66, 'bonus_lists': [6758, 1532]}"
1200681882,LONG,,1,850000400,,"{'id': 172316, 'context': 66, 'bonus_lists': [6758, 1532]}"
1200681928,LONG,,1,1009980000,,"{'id': 172324, 'context': 66, 'bonus_lists': [6758, 1532]}"
1200681930,LONG,,1,1009980000,,"{'id': 172324, 'context': 66, 'bonus_lists': [6758, 1532]}"
1200681947,LONG,,1,1100000000,,"{'id': 172320, 'context': 66, 'bonus_lists': [6758, 7194, 1532]}"
1200681949,LONG,,1,1100000000,,"{'id': 172320, 'context': 66, 'bonus_lists': [6758, 7194, 1532]}"
1200681981,LONG,,1,350001600,,"{'id': 172324, 'context': 65, 'bonus_lists': [6718, 1522]}"
1200681984,LONG,,1,350001600,,"{'id': 172324, 'context': 65, 'bonus_lists': [6718, 1522]}"
1200681986,LONG,,1,350001600,,"{'id': 172324, 'context': 65, 'bonus_lists': [6718, 1522]}"
1200681988,LONG,,1,350001600,,"{'id': 172324, 'context': 65, 'bonus_lists': [6718, 1522]}"
1200682003,LONG,,1,375003700,,"{'id': 172329, 'context': 65, 'bonus_lists': [6718, 7193, 1522]}"
1200682007,LONG,,1,375003700,,"{'id': 172329, 'context': 65, 'bonus_lists': [6718, 7194, 1522]}"
1200682031,LONG,,1,400005000,,"{'id': 172316, 'context': 65, 'bonus_lists': [6718, 1522]}"
1200682035,LONG,,1,400005000,,"{'id': 172316, 'context': 65, 'bonus_lists': [6718, 1522]}"
1200682054,LONG,,1,510000000,,"{'id': 172323, 'context': 66, 'bonus_lists': [6758, 1532]}"
1200682058,LONG,,1,510000000,,"{'id': 172323, 'context': 66, 'bonus_lists': [6758, 1532]}"
1200682098,LONG,,1,157331500,,"{'id': 172320, 'context': 64, 'bonus_lists': [6717, 7193, 1507]}"
1200682099,LONG,,1,157331500,,"{'id': 172320, 'context': 64, 'bonus_lists': [6717, 7193, 1507]}"
1200683102,LONG,,1,157331500,,"{'id': 172320, 'context': 64, 'bonus_lists': [6717, 7193, 1507]}"
1200683126,LONG,,1,300000000,,"{'id': 172320, 'context': 65, 'bonus_lists': [6718, 7194, 1522]}"
1200683128,LONG,,1,300000000,,"{'id': 172320, 'context': 65, 'bonus_lists': [6718, 7193, 1522]}"
1200683130,LONG,,1,300000000,,"{'id': 172320, 'context': 65, 'bonus_lists': [6718, 7194, 1522]}"
1200683132,LONG,,1,300000000,,"{'id': 172320, 'context': 65, 'bonus_lists': [6718, 7194, 1522]}"
1200683229,LONG,,1,350000000,,"{'id': 172319, 'context': 65, 'bonus_lists': [6718, 1522]}"
1200683232,LONG,,1,350000000,,"{'id': 172319, 'context': 65, 'bonus_lists': [6718, 1522]}"
1200683240,LONG,,1,2402900,,"{'id': 184479, 'context': 0}"
1200683241,LONG,,1,2402900,,"{'id': 184479, 'context': 0}"
1200683242,LONG,,1,2402900,,"{'id': 184479, 'context': 0}"
1200683243,LONG,,1,1240000000,,"{'id': 172319, 'context': 66, 'bonus_lists': [6758, 1532]}"
1200683244,LONG,,1,1240000000,,"{'id': 172319, 'context': 66, 'bonus_lists': [6758, 1532]}"
1200683245,LONG,,1,1240000000,,"{'id': 172319, 'context': 66, 'bonus_lists': [6758, 1532]}"
1200683248,LONG,2254800,37,,,{'id': 172366}
1200683250,LONG,,1,1100000000,,"{'id': 172329, 'context': 66, 'bonus_lists': [6758, 7194, 1532]}"
1200683252,LONG,,1,1100000000,,"{'id': 172329, 'context': 66, 'bonus_lists': [6758, 7193, 1532]}"
1200683253,LONG,,1,424900000,,"{'id': 172327, 'context': 66, 'bonus_lists': [6758, 1532]}"
1200683262,LONG,,1,150001600,,"{'id': 172324, 'context': 64, 'bonus_lists': [6717, 1507]}"
1200683263,LONG,,1,150001600,,"{'id': 172324, 'context': 64, 'bonus_lists': [6717, 1507]}"
1200683264,LONG,,1,150001600,,"{'id': 172324, 'context': 64, 'bonus_lists': [6717, 1507]}"
1200683268,LONG,,1,100000000,,"{'id': 172317, 'context': 63, 'bonus_lists': [6716, 7193, 1487]}"
1200683269,LONG,,1,100000000,,"{'id': 172317, 'context': 63, 'bonus_lists': [6716, 7194, 1487]}"
1200683270,LONG,,1,100000000,,"{'id': 172317, 'context': 63, 'bonus_lists': [6716, 7194, 1487]}"
1200683295,LONG,,1,140000000,,"{'id': 172315, 'context': 63, 'bonus_lists': [6716, 1487]}"
1200683297,LONG,,1,140000000,,"{'id': 172315, 'context': 63, 'bonus_lists': [6716, 1487]}"
1200683299,LONG,,1,140000000,,"{'id': 172315, 'context': 63, 'bonus_lists': [6716, 1487]}"
1200683313,VERY_LONG,199500,200,,,{'id': 113263}
1200683316,LONG,,1,83300000,,"{'id': 172326, 'context': 63, 'bonus_lists': [6716, 1487]}"
1200683317,LONG,,1,83300000,,"{'id': 172326, 'context': 63, 'bonus_lists': [6716, 1487]}"
1200683318,LONG,,1,83300000,,"{'id': 172326, 'context': 63, 'bonus_lists': [6716, 1487]}"
1200683321,LONG,,1,80001600,,"{'id': 172324, 'context': 63, 'bonus_lists': [6716, 1487]}"
1200683322,LONG,,1,80001600,,"{'id': 172324, 'context': 63, 'bonus_lists': [6716, 1487]}"
1200683323,LONG,,1,80001600,,"{'id': 172324, 'context': 63, 'bonus_lists': [6716, 1487]}"
1200683324,LONG,,1,80001600,,"{'id': 172324, 'context': 63, 'bonus_lists': [6716, 1487]}"
1200683325,LONG,,1,80001600,,"{'id': 172324, 'context': 63, 'bonus_lists': [6716, 1487]}"
1200683326,LONG,,1,80001600,,"{'id': 172324, 'context': 63, 'bonus_lists': [6716, 1487]}"
1200683327,LONG,,1,80001600,,"{'id': 172324, 'context': 63, 'bonus_lists': [6716, 1487]}"
1200683334,VERY_LONG,9000,200,,,{'id': 115504}
1200683336,LONG,,1,17500100,,"{'id': 172246, 'context': 13, 'bonus_lists': [6885, 7224], 'modifiers': [{'type': 9, 'value': 60}, {'type': 28, 'value': 391}, {'type': 29, 'value': 40}, {'type': 30, 'value': 32}]}"
1200683338,VERY_LONG,199500,40,,,{'id': 113263}
1200683349,VERY_LONG,198000,3,,,{'id': 22577}
1200683355,VERY_LONG,179500,200,,,{'id': 124442}
1200683359,VERY_LONG,59000,5,,,{'id': 154167}
1200683376,VERY_LONG,909000,5,,,{'id': 142406}
1200683412,VERY_LONG,149900,5,,,{'id': 142117}
1200683428,VERY_LONG,199999900,1,,,{'id': 130248}
1200683451,VERY_LONG,199999900,1,,,{'id': 130247}
1200683475,VERY_LONG,447000,3,,,{'id': 140587}
1200683527,VERY_LONG,184900,20,,,{'id': 35624}
1200683629,VERY_LONG,1939700,20,,,{'id': 36860}
1200683740,VERY_LONG,669700,20,,,{'id': 35627}
1200683769,VERY_LONG,1849000,20,,,{'id': 35625}
1200683899,VERY_LONG,,1,16989800,,"{'id': 82800, 'context': 0, 'modifiers': [{'type': 6, 'value': 86482}], 'pet_breed_id': 3, 'pet_level': 1, 'pet_quality_id': 3, 'pet_species_id': 2201}"
1200683962,VERY_LONG,16900,200,,,{'id': 109118}
1200685243,VERY_LONG,,1,47000000,,"{'id': 82800, 'context': 0, 'modifiers': [{'type': 6, 'value': 88025}], 'pet_breed_id': 5, 'pet_level': 1, 'pet_quality_id': 3, 'pet_species_id': 2462}"
1200685263,VERY_LONG,,1,30008700,,"{'id': 82800, 'context': 0, 'modifiers': [{'type': 6, 'value': 94706}], 'pet_breed_id': 6, 'pet_level': 1, 'pet_quality_id': 3, 'pet_species_id': 2833}"
1200685276,VERY_LONG,,1,567704600,,"{'id': 164445, 'context': 11}"
1200685298,VERY_LONG,,1,14050000,,"{'id': 71716, 'context': 0}"
1200685299,VERY_LONG,,1,14050000,,"{'id': 71716, 'context': 0}"
1200685302,VERY_LONG,,1,14050000,,"{'id': 71716, 'context': 0}"
1200685304,VERY_LONG,,1,14050000,,"{'id': 71716, 'context': 0}"
1200685324,VERY_LONG,,1,12899000,,"{'id': 82800, 'context': 0, 'modifiers': [{'type': 6, 'value': 92438}], 'pet_breed_id': 18, 'pet_level': 1, 'pet_quality_id': 3, 'pet_species_id': 2836}"
1200685335,VERY_LONG,,1,74880000,,"{'id': 82800, 'context': 0, 'modifiers': [{'type': 6, 'value': 99872}], 'pet_breed_id': 4, 'pet_level': 1, 'pet_quality_id': 2, 'pet_species_id': 3032}"
1200685346,VERY_LONG,,1,30008700,,"{'id': 82800, 'context': 0, 'modifiers': [{'type': 6, 'value': 94706}], 'pet_breed_id': 6, 'pet_level': 1, 'pet_quality_id': 3, 'pet_species_id': 2833}"
1200685352,VERY_LONG,,1,256000000,,"{'id': 82800, 'context': 0, 'modifiers': [{'type': 6, 'value': 30298}], 'pet_breed_id': 18, 'pet_level': 1, 'pet_quality_id': 3, 'pet_species_id': 2527}"
1200685361,VERY_LONG,,1,248000,,"{'id': 82800, 'context': 0, 'modifiers': [{'type': 6, 'value': 88060}], 'pet_breed_id': 6, 'pet_level': 1, 'pet_quality_id': 3, 'pet_species_id': 2468}"
1200685371,VERY_LONG,,1,5000000,,"{'id': 82800, 'context': 0, 'modifiers': [{'type': 6, 'value': 36743}], 'pet_breed_id': 8, 'pet_level': 1, 'pet_quality_id': 3, 'pet_species_id': 2568}"
1200685399,VERY_LONG,,1,99990100,,"{'id': 164368, 'context': 0}"
1200685422,VERY_LONG,,1,1782400,,"{'id': 82800, 'context': 0, 'modifiers': [{'type': 6, 'value': 99850}], 'pet_breed_id': 4, 'pet_level': 1, 'pet_quality_id': 3, 'pet_species_id': 3044}"
1200685479,VERY_LONG,,1,500123200,,"{'id': 166816, 'context': 14, 'modifiers': [{'type': 28, 'value': 186}]}"
1200685551,VERY_LONG,,1,2189900,,"{'id': 82800, 'context': 0, 'modifiers': [{'type': 6, 'value': 13610}], 'pet_breed_id': 3, 'pet_level': 1, 'pet_quality_id': 2, 'pet_species_id': 117}"
1200685586,VERY_LONG,,1,21968500,,"{'id': 82800, 'context': 0, 'modifiers': [{'type': 6, 'value': 95174}], 'pet_breed_id': 7, 'pet_level': 1, 'pet_quality_id': 3, 'pet_species_id': 2834}"
1200685608,VERY_LONG,2800900,25,,,{'id': 154128}
1200685626,VERY_LONG,229000,3,,,{'id': 152877}
1200685667,VERY_LONG,,1,12899000,,"{'id': 82800, 'context': 0, 'modifiers': [{'type': 6, 'value': 92438}], 'pet_breed_id': 18, 'pet_level': 1, 'pet_quality_id': 3, 'pet_species_id': 2836}"
1200685694,VERY_LONG,50000,94,,,{'id': 168313}
1200685700,VERY_LONG,45000,16,,,{'id': 152875}
1200685726,VERY_LONG,,1,15009800,,"{'id': 82800, 'context': 0, 'modifiers': [{'type': 6, 'value': 90230}], 'pet_breed_id': 17, 'pet_level': 1, 'pet_quality_id': 3, 'pet_species_id': 2563}"
1200685779,LONG,,1,310000000,,"{'id': 172323, 'context': 65, 'bonus_lists': [6718, 1522]}"
1200685780,LONG,,1,310000000,,"{'id': 172323, 'context': 65, 'bonus_lists': [6718, 1522]}"
1200685850,VERY_LONG,2561100,10,,,{'id': 27501}
1200685851,VERY_LONG,354200,25,,,{'id': 4419}
1200685854,VERY_LONG,3944100,10,,,{'id': 27499}
1200685856,VERY_LONG,24886000,4,,,{'id': 44147}
1200685860,VERY_LONG,2919900,1,,,{'id': 80587}
1200685863,VERY_LONG,50174800,6,,,{'id': 44155}
1200685870,VERY_LONG,4456100,10,,,{'id': 10308}
1200685871,VERY_LONG,3365500,10,,,{'id': 27503}
1200685873,VERY_LONG,1250000,10,,,{'id': 44314}
1200685881,VERY_LONG,5550000,2,,,{'id': 43369}
1200685889,VERY_LONG,1750000,1,,,{'id': 173086}
1200685892,VERY_LONG,101180100,3,,,{'id': 37159}
1200685900,VERY_LONG,386300,7,,,{'id': 2290}
1200685903,VERY_LONG,740000,8,,,{'id': 37118}
1200685909,LONG,,1,2402900,,"{'id': 184479, 'context': 0}"
1200685911,VERY_LONG,32920300,1,,,{'id': 44154}
1200685914,LONG,,1,2402900,,"{'id': 184479, 'context': 0}"
1200685917,LONG,,1,2402900,,"{'id': 184479, 'context': 0}"
1200685921,LONG,,1,2402900,,"{'id': 184479, 'context': 0}"
1200685922,VERY_LONG,2872100,10,,,{'id': 10310}
1200685925,LONG,,1,2402900,,"{'id': 184479, 'context': 0}"
1200685928,VERY_LONG,30212100,6,,,{'id': 44146}
1200685929,LONG,,1,2402900,,"{'id': 184479, 'context': 0}"
1200685933,LONG,,1,2402900,,"{'id': 184479, 'context': 0}"
1200685934,VERY_LONG,15854800,1,,,{'id': 37160}
1200685936,LONG,,1,2402900,,"{'id': 184479, 'context': 0}"
1200685937,LONG,,1,2402900,,"{'id': 184479, 'context': 0}"
1200685939,LONG,,1,2402900,,"{'id': 184479, 'context': 0}"
1200685942,LONG,,1,2402900,,"{'id': 184479, 'context': 0}"
1200685945,LONG,,1,2402900,,"{'id': 184479, 'context': 0}"
1200685948,LONG,,1,2402900,,"{'id': 184479, 'context': 0}"
1200685949,VERY_LONG,3979800,1,,,{'id': 43398}
1200685952,LONG,,1,2402900,,"{'id': 184479, 'context': 0}"
1200685953,VERY_LONG,284948400,3,,,{'id': 44145}
1200685955,LONG,,1,2402900,,"{'id': 184479, 'context': 0}"
1200685956,LONG,,1,2402900,,"{'id': 184479, 'context': 0}"
1200685959,LONG,,1,2402900,,"{'id': 184479, 'context': 0}"
1200685964,LONG,,1,2402900,,"{'id': 184479, 'context': 0}"
1200685965,VERY_LONG,632700,5,,,{'id': 1477}
1200685968,LONG,,1,2402900,,"{'id': 184479, 'context': 0}"
1200685969,VERY_LONG,3000,6,,,{'id': 173032}
1200685971,LONG,,1,2402900,,"{'id': 184479, 'context': 0}"
1200685972,VERY_LONG,15955700,2,,,{'id': 37147}
1200685975,LONG,,1,2402900,,"{'id': 184479, 'context': 0}"
1200685976,VERY_LONG,380000,25,,,{'id': 64670}
1200685979,LONG,,1,2402900,,"{'id': 184479, 'context': 0}"
1200685982,LONG,,1,2402900,,"{'id': 184479, 'context': 0}"
1200685984,VERY_LONG,2299900,5,,,{'id': 43535}
1200685986,LONG,,1,2402900,,"{'id': 184479, 'context': 0}"
1200685989,VERY_LONG,480000,4,,,{'id': 104126}
1200685991,LONG,,1,2402900,,"{'id': 184479, 'context': 0}"
1200685993,LONG,,1,2402900,,"{'id': 184479, 'context': 0}"
1200685997,LONG,,1,2402900,,"{'id': 184479, 'context': 0}"
1200685998,VERY_LONG,400000,5,,,{'id': 172921}
1200686000,VERY_LONG,41620100,3,,,{'id': 44165}
1200686001,LONG,,1,2402900,,"{'id': 184479, 'context': 0}"
1200686003,LONG,,1,2402900,,"{'id': 184479, 'context': 0}"
1200686004,VERY_LONG,293600,4,,,{'id': 104105}
1200686007,LONG,,1,2402900,,"{'id': 184479, 'context': 0}"
1200686008,VERY_LONG,1990000,4,,,{'id': 85221}
1200686009,LONG,,1,2402900,,"{'id': 184479, 'context': 0}"
1200686013,LONG,,1,2402900,,"{'id': 184479, 'context': 0}"
1200686014,VERY_LONG,181000,200,,,{'id': 89112}
1200686017,LONG,,1,2402900,,"{'id': 184479, 'context': 0}"
1200686020,LONG,,1,2402900,,"{'id': 184479, 'context': 0}"
1200686022,LONG,,1,2402900,,"{'id': 184479, 'context': 0}"
1200686029,VERY_LONG,181000,113,,,{'id': 89112}
1200686032,VERY_LONG,100303200,4,,,{'id': 44143}
1200686045,VERY_LONG,1502100,10,,,{'id': 4424}
1200686060,VERY_LONG,716800,25,,,{'id': 4426}
1200686063,VERY_LONG,57982900,2,,,{'id': 37145}
1200686065,VERY_LONG,411700,4,,,{'id': 2289}
1200686068,VERY_LONG,65475300,2,,,{'id': 44144}
1200686071,VERY_LONG,9956100,10,,,{'id': 4422}
1200686073,VERY_LONG,2776100,10,,,{'id': 27498}
1200686080,VERY_LONG,150500,8,,,{'id': 33461}
1200686083,VERY_LONG,330100,5,,,{'id': 1711}
1200687320,VERY_LONG,,1,1794000,,"{'id': 178943, 'context': 0, 'bonus_lists': [6908, 43, 1715], 'modifiers': [{'type': 9, 'value': 60}, {'type': 28, 'value': 1707}]}"
1200687333,VERY_LONG,,1,2999700,,"{'id': 176987, 'context': 0, 'bonus_lists': [6907, 6652, 6935, 1717], 'modifiers': [{'type': 9, 'value': 60}, {'type': 28, 'value': 1707}]}"
1200687340,VERY_LONG,,1,750000,,"{'id': 175550, 'context': 0, 'bonus_lists': [6907, 1707], 'modifiers': [{'type': 9, 'value': 59}, {'type': 28, 'value': 1707}]}"
1200687349,VERY_LONG,,1,2999900,,"{'id': 175561, 'context': 0, 'bonus_lists': [6907, 1691], 'modifiers': [{'type': 9, 'value': 56}, {'type': 28, 'value': 1707}]}"
1200687361,VERY_LONG,,1,99990000,,"{'id': 175554, 'context': 0, 'bonus_lists': [6907, 1715], 'modifiers': [{'type': 9, 'value': 58}, {'type': 28, 'value': 1707}]}"
1200687368,VERY_LONG,,1,1500000,,"{'id': 7472, 'context': 0, 'bonus_lists': [1680]}"
1200687376,VERY_LONG,,1,3500000,,"{'id': 175548, 'context': 0, 'bonus_lists': [6907, 1685], 'modifiers': [{'type': 9, 'value': 58}, {'type': 28, 'value': 1707}]}"
1200687379,VERY_LONG,,1,600000,,"{'id': 175568, 'context': 0, 'bonus_lists': [6907, 1682], 'modifiers': [{'type': 9, 'value': 57}, {'type': 28, 'value': 1707}]}"
1200687383,VERY_LONG,,1,1007500,,"{'id': 175556, 'context': 0, 'bonus_lists': [6907, 1691], 'modifiers': [{'type': 9, 'value': 57}, {'type': 28, 'value': 1707}]}"
1200687386,VERY_LONG,,1,1130400,,"{'id': 16827, 'context': 0}"
1200687388,VERY_LONG,,1,99990000,,"{'id': 175570, 'context': 0, 'bonus_lists': [6907, 1710], 'modifiers': [{'type': 9, 'value': 57}, {'type': 28, 'value': 1707}]}"
1200687389,VERY_LONG,,1,5000000,,"{'id': 176977, 'context': 0, 'bonus_lists': [6907, 6652, 1693], 'modifiers': [{'type': 9, 'value': 60}, {'type': 28, 'value': 1707}]}"
1200687392,VERY_LONG,1236300,1,,,{'id': 44157}
1200687395,VERY_LONG,,1,74990000,,"{'id': 182725, 'context': 0, 'bonus_lists': [6907, 6652, 7194], 'modifiers': [{'type': 9, 'value': 60}, {'type': 28, 'value': 2060}]}"
1200687398,LONG,4953000,71,,,{'id': 173049}
1200687402,VERY_LONG,1228600,1,,,{'id': 44156}
1200687403,LONG,3006300,200,,,{'id': 171273}
1200687407,LONG,65000,20,,,{'id': 79010}
1200687415,LONG,100,563,,,{'id': 124438}
1200687421,LONG,8500,1,,,{'id': 74250}
1200687428,LONG,300000,10,,,{'id': 22578}
1200687435,LONG,15996500,2,,,{'id': 173163}
1200687439,LONG,8004500,2,,,{'id': 173160}
1200687444,LONG,1756200,10,,,{'id': 173173}
1200687449,LONG,50000,1,,,{'id': 32227}
1200687509,VERY_LONG,7750000,2,,,{'id': 181468}
1200687762,VERY_LONG,20000,18,,,{'id': 172069}
1200687765,VERY_LONG,1000000,3,,,{'id': 172041}
1200687768,VERY_LONG,998800,6,,,{'id': 172045}
1200687789,VERY_LONG,,1,100008200,,"{'id': 171417, 'context': 64, 'bonus_lists': [6717, 1507]}"
1200687799,VERY_LONG,3604000,3,,,{'id': 172415}
1200687803,VERY_LONG,20000,3,,,{'id': 172069}
1200687805,VERY_LONG,40000,2,,,{'id': 152497}
1200687807,VERY_LONG,290000,1,,,{'id': 171268}
1200687811,LONG,,1,699000000,,"{'id': 108631, 'context': 0, 'modifiers': [{'type': 28, 'value': 176}]}"
1200687822,LONG,513000,1,,,{'id': 173204}
1200687824,VERY_LONG,643500,15,,,{'id': 118472}
1200687831,LONG,75500,4,,,{'id': 171828}
1200687834,LONG,20000,18,,,{'id': 52976}
1200687890,VERY_LONG,200,1,,,{'id': 3819}
1200687892,VERY_LONG,48900,4,,,{'id': 2318}
1200687899,VERY_LONG,90000,1,,,{'id': 8165}
1200687901,VERY_LONG,,1,14601100,,"{'id': 15606, 'context': 1, 'bonus_lists': [6654, 1695], 'modifiers': [{'type': 9, 'value': 20}, {'type': 28, 'value': 1913}]}"
1200687907,VERY_LONG,142300,1,,,{'id': 1206}
1200687945,VERY_LONG,249700,5,,,{'id': 173035}
1200687949,VERY_LONG,161700,7300,,,{'id': 171831}
1200687953,VERY_LONG,513000,2,,,{'id': 173204}
1200687957,VERY_LONG,75500,6184,,,{'id': 171828}
1200687968,VERY_LONG,425000,1062,,,{'id': 170554}
1200687974,VERY_LONG,3000,8,,,{'id': 173032}
1200687976,VERY_LONG,510000,66,,,{'id': 171315}
1200687979,LONG,,1,17499900,,"{'id': 172236, 'context': 13, 'bonus_lists': [6887, 7224], 'modifiers': [{'type': 9, 'value': 60}, {'type': 28, 'value': 391}, {'type': 29, 'value': 36}, {'type': 30, 'value': 49}]}"
1200687980,LONG,,1,17499900,,"{'id': 172236, 'context': 13, 'bonus_lists': [6887, 7224], 'modifiers': [{'type': 9, 'value': 60}, {'type': 28, 'value': 391}, {'type': 29, 'value': 40}, {'type': 30, 'value': 49}]}"
1200687987,VERY_LONG,500,295,,,{'id': 171840}
1200687994,LONG,,1,17500000,,"{'id': 172238, 'context': 13, 'bonus_lists': [6885, 7224], 'modifiers': [{'type': 9, 'value': 60}, {'type': 28, 'value': 391}, {'type': 29, 'value': 40}, {'type': 30, 'value': 36}]}"
1200688023,VERY_LONG,12800,819,,,{'id': 177061}
1200688045,LONG,,1,17500000,,"{'id': 172248, 'context': 13, 'bonus_lists': [6885, 7224], 'modifiers': [{'type': 9, 'value': 60}, {'type': 28, 'value': 391}, {'type': 29, 'value': 40}, {'type': 30, 'value': 49}]}"
1200688046,LONG,,1,17500000,,"{'id': 172248, 'context': 13, 'bonus_lists': [6885, 7224], 'modifiers': [{'type': 9, 'value': 60}, {'type': 28, 'value': 391}, {'type': 29, 'value': 49}, {'type': 30, 'value': 32}]}"
1200688047,LONG,,1,17500000,,"{'id': 172248, 'context': 13, 'bonus_lists': [6885, 7224], 'modifiers': [{'type': 9, 'value': 60}, {'type': 28, 'value': 391}, {'type': 29, 'value': 32}, {'type': 30, 'value': 40}]}"
1200688048,LONG,,1,17500000,,"{'id': 172248, 'context': 13, 'bonus_lists': [6885, 7224], 'modifiers': [{'type': 9, 'value': 60}, {'type': 28, 'value': 391}, {'type': 29, 'value': 40}, {'type': 30, 'value': 32}]}"
1200688049,LONG,,1,17500000,,"{'id': 172248, 'context': 13, 'bonus_lists': [6885, 7224], 'modifiers': [{'type': 9, 'value': 60}, {'type': 28, 'value': 391}, {'type': 29, 'value': 32}, {'type': 30, 'value': 40}]}"
1200688053,LONG,,1,17500000,,"{'id': 172242, 'context': 13, 'bonus_lists': [6890, 7224], 'modifiers': [{'type': 9, 'value': 60}, {'type': 28, 'value': 391}, {'type': 29, 'value': 36}, {'type': 30, 'value': 32}]}"
1200688054,LONG,,1,17500000,,"{'id': 172242, 'context': 13, 'bonus_lists': [6890, 7224], 'modifiers': [{'type': 9, 'value': 60}, {'type': 28, 'value': 391}, {'type': 29, 'value': 32}, {'type': 30, 'value': 36}]}"
1200688055,LONG,,1,17500000,,"{'id': 172242, 'context': 13, 'bonus_lists': [6890, 7224], 'modifiers': [{'type': 9, 'value': 60}, {'type': 28, 'value': 391}, {'type': 29, 'value': 49}, {'type': 30, 'value': 40}]}"
1200688057,LONG,,1,17500000,,"{'id': 172242, 'context': 13, 'bonus_lists': [6890, 7224], 'modifiers': [{'type': 9, 'value': 60}, {'type': 28, 'value': 391}, {'type': 29, 'value': 40}, {'type': 30, 'value': 49}]}"
1200688058,LONG,,1,17500000,,"{'id': 172242, 'context': 13, 'bonus_lists': [6890, 7224], 'modifiers': [{'type': 9, 'value': 60}, {'type': 28, 'value': 391}, {'type': 29, 'value': 32}, {'type': 30, 'value': 36}]}"
1200688088,LONG,,1,17500000,,"{'id': 172247, 'context': 13, 'bonus_lists': [6890, 7224], 'modifiers': [{'type': 9, 'value': 60}, {'type': 28, 'value': 391}, {'type': 29, 'value': 40}, {'type': 30, 'value': 32}]}"
1200688090,LONG,,1,17500000,,"{'id': 172247, 'context': 13, 'bonus_lists': [6890, 7224], 'modifiers': [{'type': 9, 'value': 60}, {'type': 28, 'value': 391}, {'type': 29, 'value': 49}, {'type': 30, 'value': 40}]}"
1200688091,LONG,,1,17500000,,"{'id': 172247, 'context': 13, 'bonus_lists': [6890, 7224], 'modifiers': [{'type': 9, 'value': 60}, {'type': 28, 'value': 391}, {'type': 29, 'value': 32}, {'type': 30, 'value': 49}]}"
1200688093,LONG,,1,17500000,,"{'id': 172247, 'context': 13, 'bonus_lists': [6890, 7224], 'modifiers': [{'type': 9, 'value': 60}, {'type': 28, 'value': 391}, {'type': 29, 'value': 40}, {'type': 30, 'value': 49}]}"
1200688094,LONG,,1,17500000,,"{'id': 172247, 'context': 13, 'bonus_lists': [6890, 7224], 'modifiers': [{'type': 9, 'value': 60}, {'type': 28, 'value': 391}, {'type': 29, 'value': 32}, {'type': 30, 'value': 40}]}"
1200690151,LONG,,1,17500000,,"{'id': 172245, 'context': 13, 'bonus_lists': [6887, 7224], 'modifiers': [{'type': 9, 'value': 60}, {'type': 28, 'value': 391}, {'type': 29, 'value': 36}, {'type': 30, 'value': 49}]}"
1200690154,LONG,,1,17500000,,"{'id': 172245, 'context': 13, 'bonus_lists': [6887, 7224], 'modifiers': [{'type': 9, 'value': 60}, {'type': 28, 'value': 391}, {'type': 29, 'value': 32}, {'type': 30, 'value': 40}]}"
1200690156,LONG,,1,17500000,,"{'id': 172245, 'context': 13, 'bonus_lists': [6887, 7224], 'modifiers': [{'type': 9, 'value': 60}, {'type': 28, 'value': 391}, {'type': 29, 'value': 32}, {'type': 30, 'value': 36}]}"
1200690159,LONG,,1,17500000,,"{'id': 172245, 'context': 13, 'bonus_lists': [6887, 7224], 'modifiers': [{'type': 9, 'value': 60}, {'type': 28, 'value': 391}, {'type': 29, 'value': 49}, {'type': 30, 'value': 32}]}"
1200690162,VERY_LONG,3006300,20,,,{'id': 171273}
1200690163,LONG,,1,17500000,,"{'id': 172245, 'context': 13, 'bonus_lists': [6887, 7224], 'modifiers': [{'type': 9, 'value': 60}, {'type': 28, 'value': 391}, {'type': 29, 'value': 40}, {'type': 30, 'value': 49}]}"
1200690167,LONG,,1,17500000,,"{'id': 172245, 'context': 13, 'bonus_lists': [6887, 7224], 'modifiers': [{'type': 9, 'value': 60}, {'type': 28, 'value': 391}, {'type': 29, 'value': 49}, {'type': 30, 'value': 36}]}"
1200690172,VERY_LONG,3006300,80,,,{'id': 171273}
1200690176,VERY_LONG,2000300,129,,,{'id': 171275}
1200690177,LONG,,1,17500000,,"{'id': 172244, 'context': 13, 'bonus_lists': [6887, 7224], 'modifiers': [{'type': 9, 'value': 60}, {'type': 28, 'value': 391}, {'type': 29, 'value': 49}, {'type': 30, 'value': 36}]}"
1200690178,LONG,,1,17500000,,"{'id': 172244, 'context': 13, 'bonus_lists': [6887, 7224], 'modifiers': [{'type': 9, 'value': 60}, {'type': 28, 'value': 391}, {'type': 29, 'value': 49}, {'type': 30, 'value': 36}]}"
1200690179,LONG,,1,17500000,,"{'id': 172244, 'context': 13, 'bonus_lists': [6887, 7224], 'modifiers': [{'type': 9, 'value': 60}, {'type': 28, 'value': 391}, {'type': 29, 'value': 32}, {'type': 30, 'value': 36}]}"
1200690180,LONG,,1,17500000,,"{'id': 172244, 'context': 13, 'bonus_lists': [6887, 7224], 'modifiers': [{'type': 9, 'value': 60}, {'type': 28, 'value': 391}, {'type': 29, 'value': 40}, {'type': 30, 'value': 49}]}"
1200690181,LONG,,1,17500000,,"{'id': 172244, 'context': 13, 'bonus_lists': [6887, 7224], 'modifiers': [{'type': 9, 'value': 60}, {'type': 28, 'value': 391}, {'type': 29, 'value': 40}, {'type': 30, 'value': 36}]}"
1200690183,VERY_LONG,219900,171,,,{'id': 171267}
1200690191,VERY_LONG,3476500,80,,,{'id': 171270}
1200690200,VERY_LONG,381200,172,,,{'id': 171285}
1200690204,LONG,,1,17500000,,"{'id': 172239, 'context': 13, 'bonus_lists': [6890, 7224], 'modifiers': [{'type': 9, 'value': 60}, {'type': 28, 'value': 391}, {'type': 29, 'value': 49}, {'type': 30, 'value': 40}]}"
1200690207,LONG,,1,17500000,,"{'id': 172239, 'context': 13, 'bonus_lists': [6890, 7224], 'modifiers': [{'type': 9, 'value': 60}, {'type': 28, 'value': 391}, {'type': 29, 'value': 36}, {'type': 30, 'value': 49}]}"
1200690210,LONG,,1,17500000,,"{'id': 172239, 'context': 13, 'bonus_lists': [6890, 7224], 'modifiers': [{'type': 9, 'value': 60}, {'type': 28, 'value': 391}, {'type': 29, 'value': 49}, {'type': 30, 'value': 32}]}"
1200690228,LONG,,1,17500000,,"{'id': 172238, 'context': 13, 'bonus_lists': [6885, 7224], 'modifiers': [{'type': 9, 'value': 60}, {'type': 28, 'value': 391}, {'type': 29, 'value': 49}, {'type': 30, 'value': 40}]}"
1200690255,LONG,,1,17500000,,"{'id': 172234, 'context': 13, 'bonus_lists': [6890, 7224], 'modifiers': [{'type': 9, 'value': 60}, {'type': 28, 'value': 391}, {'type': 29, 'value': 49}, {'type': 30, 'value': 32}]}"
1200690256,LONG,,1,17500000,,"{'id': 172234, 'context': 13, 'bonus_lists': [6890, 7224], 'modifiers': [{'type': 9, 'value': 60}, {'type': 28, 'value': 391}, {'type': 29, 'value': 40}, {'type': 30, 'value': 49}]}"
1200690278,LONG,,1,17500000,,"{'id': 172240, 'context': 13, 'bonus_lists': [6885, 7224], 'modifiers': [{'type': 9, 'value': 60}, {'type': 28, 'value': 391}, {'type': 29, 'value': 40}, {'type': 30, 'value': 32}]}"
1200690280,LONG,,1,17500000,,"{'id': 172240, 'context': 13, 'bonus_lists': [6885, 7224], 'modifiers': [{'type': 9, 'value': 60}, {'type': 28, 'value': 391}, {'type': 29, 'value': 40}, {'type': 30, 'value': 32}]}"
1200690283,LONG,,1,17500000,,"{'id': 172240, 'context': 13, 'bonus_lists': [6885, 7224], 'modifiers': [{'type': 9, 'value': 60}, {'type': 28, 'value': 391}, {'type': 29, 'value': 36}, {'type': 30, 'value': 40}]}"
1200690284,LONG,,1,17500000,,"{'id': 172240, 'context': 13, 'bonus_lists': [6885, 7224], 'modifiers': [{'type': 9, 'value': 60}, {'type': 28, 'value': 391}, {'type': 29, 'value': 36}, {'type': 30, 'value': 49}]}"
1200690285,LONG,,1,17500000,,"{'id': 172240, 'context': 13, 'bonus_lists': [6885, 7224], 'modifiers': [{'type': 9, 'value': 60}, {'type': 28, 'value': 391}, {'type': 29, 'value': 49}, {'type': 30, 'value': 40}]}"
1200690287,LONG,,1,17500000,,"{'id': 172240, 'context': 13, 'bonus_lists': [6885, 7224], 'modifiers': [{'type': 9, 'value': 60}, {'type': 28, 'value': 391}, {'type': 29, 'value': 40}, {'type': 30, 'value': 49}]}"
1200690555,VERY_LONG,75500,200,,,{'id': 171828}
1200690637,VERY_LONG,,1,1940000,,"{'id': 172256, 'context': 13, 'bonus_lists': [6893], 'modifiers': [{'type': 9, 'value': 50}, {'type': 28, 'value': 391}, {'type': 29, 'value': 49}, {'type': 30, 'value': 40}]}"
1200690643,VERY_LONG,,1,1940000,,"{'id': 172256, 'context': 13, 'bonus_lists': [6893], 'modifiers': [{'type': 9, 'value': 50}, {'type': 28, 'value': 391}, {'type': 29, 'value': 49}, {'type': 30, 'value': 32}]}"
1200690646,VERY_LONG,,1,1940000,,"{'id': 172256, 'context': 13, 'bonus_lists': [6893], 'modifiers': [{'type': 9, 'value': 50}, {'type': 28, 'value': 391}, {'type': 29, 'value': 49}, {'type': 30, 'value': 32}]}"
1200690649,VERY_LONG,,1,1940000,,"{'id': 172256, 'context': 13, 'bonus_lists': [6893], 'modifiers': [{'type': 9, 'value': 50}, {'type': 28, 'value': 391}, {'type': 29, 'value': 40}, {'type': 30, 'value': 36}]}"
1200690656,VERY_LONG,,1,450009700,,"{'id': 184789, 'context': 1, 'bonus_lists': [6652, 1472, 6646], 'modifiers': [{'type': 28, 'value': 747}]}"
1200690663,VERY_LONG,,1,450000,,"{'id': 173199, 'context': 0, 'bonus_lists': [6890], 'modifiers': [{'type': 9, 'value': 50}, {'type': 28, 'value': 391}, {'type': 29, 'value': 40}, {'type': 30, 'value': 49}]}"
1200690664,VERY_LONG,,1,450000,,"{'id': 173199, 'context': 0, 'bonus_lists': [6890], 'modifiers': [{'type': 9, 'value': 50}, {'type': 28, 'value': 391}, {'type': 29, 'value': 36}, {'type': 30, 'value': 49}]}"
1200690666,VERY_LONG,,1,450000,,"{'id': 173199, 'context': 0, 'bonus_lists': [6890], 'modifiers': [{'type': 9, 'value': 50}, {'type': 28, 'value': 391}, {'type': 29, 'value': 49}, {'type': 30, 'value': 40}]}"
1200690667,VERY_LONG,,1,450000,,"{'id': 173199, 'context': 0, 'bonus_lists': [6890], 'modifiers': [{'type': 9, 'value': 50}, {'type': 28, 'value': 391}, {'type': 29, 'value': 40}, {'type': 30, 'value': 49}]}"
1200690672,VERY_LONG,,1,690000,,"{'id': 172239, 'context': 13, 'bonus_lists': [6890], 'modifiers': [{'type': 9, 'value': 50}, {'type': 28, 'value': 391}, {'type': 29, 'value': 32}, {'type': 30, 'value': 49}]}"
1200690673,VERY_LONG,,1,690000,,"{'id': 172239, 'context': 13, 'bonus_lists': [6890], 'modifiers': [{'type': 9, 'value': 50}, {'type': 28, 'value': 391}, {'type': 29, 'value': 49}, {'type': 30, 'value': 32}]}"
1200690675,VERY_LONG,,1,690000,,"{'id': 172239, 'context': 13, 'bonus_lists': [6890], 'modifiers': [{'type': 9, 'value': 50}, {'type': 28, 'value': 391}, {'type': 29, 'value': 49}, {'type': 30, 'value': 32}]}"
1200690676,VERY_LONG,,1,690000,,"{'id': 172239, 'context': 13, 'bonus_lists': [6890], 'modifiers': [{'type': 9, 'value': 50}, {'type': 28, 'value': 391}, {'type': 29, 'value': 49}, {'type': 30, 'value': 40}]}"
1200690677,VERY_LONG,,1,690000,,"{'id': 172239, 'context': 13, 'bonus_lists': [6890], 'modifiers': [{'type': 9, 'value': 50}, {'type': 28, 'value': 391}, {'type': 29, 'value': 49}, {'type': 30, 'value': 40}]}"
1200690678,VERY_LONG,,1,690000,,"{'id': 172239, 'context': 13, 'bonus_lists': [6890], 'modifiers': [{'type': 9, 'value': 50}, {'type': 28, 'value': 391}, {'type': 29, 'value': 36}, {'type': 30, 'value': 40}]}"
1200690679,VERY_LONG,,1,690000,,"{'id': 172239, 'context': 13, 'bonus_lists': [6890], 'modifiers': [{'type': 9, 'value': 50}, {'type': 28, 'value': 391}, {'type': 29, 'value': 32}, {'type': 30, 'value': 36}]}"
1200690682,LONG,,1,350000000,,"{'id': 172317, 'context': 64, 'bonus_lists': [6717, 7194, 1507]}"
1200690683,LONG,,1,350000000,,"{'id': 172317, 'context': 64, 'bonus_lists': [6717, 7194, 1507]}"
1200690684,LONG,,1,350000000,,"{'id': 172317, 'context': 64, 'bonus_lists': [6717, 7194, 1507]}"
1200690685,LONG,,1,350000000,,"{'id': 172317, 'context': 64, 'bonus_lists': [6717, 7193, 1507]}"
1200690686,VERY_LONG,,1,450000,,"{'id': 172236, 'context': 13, 'bonus_lists': [6887], 'modifiers': [{'type': 9, 'value': 50}, {'type': 28, 'value': 391}, {'type': 29, 'value': 36}, {'type': 30, 'value': 49}]}"
1200690687,VERY_LONG,,1,450000,,"{'id': 172236, 'context': 13, 'bonus_lists': [6887], 'modifiers': [{'type': 9, 'value': 50}, {'type': 28, 'value': 391}, {'type': 29, 'value': 49}, {'type': 30, 'value': 36}]}"
1200690688,VERY_LONG,,1,450000,,"{'id': 172236, 'context': 13, 'bonus_lists': [6887], 'modifiers': [{'type': 9, 'value': 50}, {'type': 28, 'value': 391}, {'type': 29, 'value': 36}, {'type': 30, 'value': 40}]}"
1200690689,VERY_LONG,,1,450000,,"{'id': 172236, 'context': 13, 'bonus_lists': [6887], 'modifiers': [{'type': 9, 'value': 50}, {'type': 28, 'value': 391}, {'type': 29, 'value': 40}, {'type': 30, 'value': 36}]}"
1200690693,VERY_LONG,,1,600000,,"{'id': 173197, 'context': 0, 'bonus_lists': [6887], 'modifiers': [{'type': 9, 'value': 50}, {'type': 28, 'value': 391}, {'type': 29, 'value': 49}, {'type': 30, 'value': 32}]}"
1200690704,VERY_LONG,,1,9890000,,"{'id': 172250, 'context': 13, 'bonus_lists': [6893], 'modifiers': [{'type': 9, 'value': 50}, {'type': 28, 'value': 391}, {'type': 29, 'value': 40}, {'type': 30, 'value': 36}]}"
1200690706,VERY_LONG,,1,9890000,,"{'id': 172250, 'context': 13, 'bonus_lists': [6893], 'modifiers': [{'type': 9, 'value': 50}, {'type': 28, 'value': 391}, {'type': 29, 'value': 40}, {'type': 30, 'value': 36}]}"
1200690707,VERY_LONG,,1,9890000,,"{'id': 172250, 'context': 13, 'bonus_lists': [6893], 'modifiers': [{'type': 9, 'value': 50}, {'type': 28, 'value': 391}, {'type': 29, 'value': 32}, {'type': 30, 'value': 49}]}"
1200690713,LONG,,1,100000000,,"{'id': 172317, 'context': 63, 'bonus_lists': [6716, 7193, 1487]}"
1200690715,VERY_LONG,,1,7000400,,"{'id': 173220, 'context': 0, 'bonus_lists': [6893, 7180], 'modifiers': [{'type': 9, 'value': 57}, {'type': 28, 'value': 391}, {'type': 29, 'value': 36}, {'type': 30, 'value': 49}]}"
1200690717,VERY_LONG,511000,1,,,{'id': 169674}
1200690720,VERY_LONG,,1,41729400,,"{'id': 36542, 'context': 0, 'bonus_lists': [1707]}"
1200690722,VERY_LONG,,1,230972000,,"{'id': 811, 'context': 0}"
1200690724,VERY_LONG,420700,1,,,{'id': 44601}
1200690726,VERY_LONG,,1,73821600,,"{'id': 118796, 'context': 4}"
1200690727,VERY_LONG,8900,200,,,{'id': 173032}
1200690729,VERY_LONG,,1,1250000,,"{'id': 172244, 'context': 13, 'bonus_lists': [6887], 'modifiers': [{'type': 9, 'value': 50}, {'type': 28, 'value': 391}, {'type': 29, 'value': 32}, {'type': 30, 'value': 49}]}"
1200690730,VERY_LONG,,1,159715700,,"{'id': 37805, 'context': 0}"
1200690731,VERY_LONG,,1,1250000,,"{'id': 172244, 'context': 13, 'bonus_lists': [6887], 'modifiers': [{'type': 9, 'value': 50}, {'type': 28, 'value': 391}, {'type': 29, 'value': 32}, {'type': 30, 'value': 36}]}"
1200690732,VERY_LONG,,1,2509100,,"{'id': 37793, 'context': 0}"
1200690734,VERY_LONG,776400,1,,,{'id': 44482}
1200690737,VERY_LONG,,1,1809400,,"{'id': 118427, 'context': 1}"
1200690740,VERY_LONG,1499600,1,,,{'id': 81055}
1200690741,VERY_LONG,,1,2617200,,"{'id': 175571, 'context': 0, 'bonus_lists': [6907, 1684], 'modifiers': [{'type': 9, 'value': 56}, {'type': 28, 'value': 1231}]}"
1200690745,VERY_LONG,513000,7,,,{'id': 173204}
1200690748,VERY_LONG,,1,2303300,,"{'id': 173194, 'context': 0, 'bonus_lists': [6887], 'modifiers': [{'type': 9, 'value': 50}, {'type': 28, 'value': 391}, {'type': 29, 'value': 40}, {'type': 30, 'value': 36}]}"
1200690749,VERY_LONG,,1,2303300,,"{'id': 173194, 'context': 0, 'bonus_lists': [6887], 'modifiers': [{'type': 9, 'value': 50}, {'type': 28, 'value': 391}, {'type': 29, 'value': 36}, {'type': 30, 'value': 40}]}"
1200690750,VERY_LONG,,1,2303300,,"{'id': 173194, 'context': 0, 'bonus_lists': [6887], 'modifiers': [{'type': 9, 'value': 50}, {'type': 28, 'value': 391}, {'type': 29, 'value': 36}, {'type': 30, 'value': 49}]}"
1200690751,VERY_LONG,,1,2303300,,"{'id': 173194, 'context': 0, 'bonus_lists': [6887], 'modifiers': [{'type': 9, 'value': 50}, {'type': 28, 'value': 391}, {'type': 29, 'value': 32}, {'type': 30, 'value': 49}]}"
1200690758,VERY_LONG,510000,2,,,{'id': 171315}
1200690762,VERY_LONG,24600,3,,,{'id': 172092}
1200690767,VERY_LONG,,1,1000100,,"{'id': 172243, 'context': 13, 'bonus_lists': [6883], 'modifiers': [{'type': 29, 'value': 32}, {'type': 30, 'value': 49}]}"
1200690772,VERY_LONG,785900,2,,,{'id': 172094}
1200690777,VERY_LONG,,1,6000000,,"{'id': 176976, 'context': 0, 'bonus_lists': [6907, 6652, 7194, 1688], 'modifiers': [{'type': 9, 'value': 54}, {'type': 28, 'value': 1329}]}"
1200690780,VERY_LONG,72000,1,,,{'id': 179314}
1200690783,VERY_LONG,39400,39,,,{'id': 172089}
1200690806,VERY_LONG,,1,50000000,,"{'id': 69801, 'context': 2, 'bonus_lists': [4236], 'modifiers': [{'type': 9, 'value': 35}, {'type': 28, 'value': 1112}]}"
1200690827,VERY_LONG,,1,12500000,,"{'id': 93509, 'context': 0}"
1200690829,VERY_LONG,,1,12500000,,"{'id': 93509, 'context': 0}"
1200690830,VERY_LONG,,1,12500000,,"{'id': 93509, 'context': 0}"
1200690918,VERY_LONG,,1,40000000,,"{'id': 38591, 'context': 0}"
1200690920,VERY_LONG,,1,40000000,,"{'id': 38591, 'context': 0}"
1200690923,VERY_LONG,,1,40000000,,"{'id': 38591, 'context': 0}"
1200690925,VERY_LONG,,1,40000000,,"{'id': 38591, 'context': 0}"
1200690928,VERY_LONG,,1,40000000,,"{'id': 38591, 'context': 0}"
1200690930,VERY_LONG,,1,40000000,,"{'id': 38591, 'context': 0}"
1200690932,VERY_LONG,,1,40000000,,"{'id': 38591, 'context': 0}"
1200690962,VERY_LONG,,1,14233100,,"{'id': 121224, 'context': 0, 'bonus_lists': [1812, 1701], 'modifiers': [{'type': 9, 'value': 45}]}"
1200691017,VERY_LONG,,1,65000000,,"{'id': 75110, 'context': 0}"
1200691020,VERY_LONG,,1,65000000,,"{'id': 75110, 'context': 0}"
1200691021,VERY_LONG,,1,65000000,,"{'id': 75110, 'context': 0}"
1200691025,VERY_LONG,,1,65000000,,"{'id': 75110, 'context': 0}"
1200691049,VERY_LONG,,1,55902400,,"{'id': 44438, 'context': 0}"
1200691060,VERY_LONG,,1,20999900,,"{'id': 41112, 'context': 0, 'bonus_lists': [1695]}"
1200691091,VERY_LONG,,1,10000000,,"{'id': 43484, 'context': 0}"
1200691092,VERY_LONG,,1,10000000,,"{'id': 43484, 'context': 0}"
1200691094,VERY_LONG,,1,10000000,,"{'id': 43484, 'context': 0}"
1200691095,VERY_LONG,,1,10000000,,"{'id': 43484, 'context': 0}"
1200691096,VERY_LONG,,1,10000000,,"{'id': 43484, 'context': 0}"
1200691097,VERY_LONG,,1,10000000,,"{'id': 43484, 'context': 0}"
1200691098,VERY_LONG,,1,10000000,,"{'id': 43484, 'context': 0}"
1200691099,VERY_LONG,,1,10000000,,"{'id': 43484, 'context': 0}"
1200692101,VERY_LONG,,1,10000000,,"{'id': 43484, 'context': 0}"
1200692111,VERY_LONG,,1,732600,,"{'id': 178946, 'context': 0, 'bonus_lists': [6908, 6652, 1692], 'modifiers': [{'type': 9, 'value': 54}, {'type': 28, 'value': 1326}]}"
1200692119,VERY_LONG,,1,399900,,"{'id': 36679, 'context': 0, 'bonus_lists': [6655, 1678], 'modifiers': [{'type': 9, 'value': 50}, {'type': 28, 'value': 1401}]}"
1200692143,VERY_LONG,,1,50000000,,"{'id': 43265, 'context': 0}"
1200692144,VERY_LONG,,1,50000000,,"{'id': 43265, 'context': 0}"
1200692145,VERY_LONG,,1,50000000,,"{'id': 43265, 'context': 0}"
1200692146,VERY_LONG,,1,50000000,,"{'id': 43265, 'context': 0}"
1200692147,VERY_LONG,,1,50000000,,"{'id': 43265, 'context': 0}"
1200692148,VERY_LONG,,1,50000000,,"{'id': 43265, 'context': 0}"
1200692149,VERY_LONG,,1,50000000,,"{'id': 43265, 'context': 0}"
1200692158,VERY_LONG,,1,9490000,,"{'id': 82800, 'context': 0, 'modifiers': [{'type': 6, 'value': 61898}], 'pet_breed_id': 3, 'pet_level': 1, 'pet_quality_id': 3, 'pet_species_id': 1634}"
1200692164,VERY_LONG,,1,264000,,"{'id': 82800, 'context': 0, 'modifiers': [{'type': 6, 'value': 61887}], 'pet_breed_id': 17, 'pet_level': 1, 'pet_quality_id': 3, 'pet_species_id': 1623}"
1200692176,VERY_LONG,,1,14414000,,"{'id': 82800, 'context': 0, 'modifiers': [{'type': 6, 'value': 61891}], 'pet_breed_id': 12, 'pet_level': 1, 'pet_quality_id': 3, 'pet_species_id': 1626}"
1200692184,VERY_LONG,,1,15000000,,"{'id': 59463, 'context': 0, 'modifiers': [{'type': 28, 'value': 1026}]}"
1200692187,VERY_LONG,,1,6800300,,"{'id': 32739, 'context': 0, 'modifiers': [{'type': 28, 'value': 1013}]}"
1200692191,VERY_LONG,,1,150000000,,"{'id': 43458, 'context': 0}"
1200692192,VERY_LONG,,1,150000000,,"{'id': 43458, 'context': 0}"
1200692193,VERY_LONG,,1,5285200,,"{'id': 15217, 'context': 1, 'bonus_lists': [6655, 1695], 'modifiers': [{'type': 9, 'value': 30}, {'type': 28, 'value': 201}]}"
1200692194,VERY_LONG,,1,150000000,,"{'id': 43458, 'context': 0}"
1200692196,VERY_LONG,,1,150000000,,"{'id': 43458, 'context': 0}"
1200692197,VERY_LONG,,1,14999700,,"{'id': 82800, 'context': 0, 'modifiers': [{'type': 6, 'value': 61884}], 'pet_breed_id': 6, 'pet_level': 1, 'pet_quality_id': 3, 'pet_species_id': 1622}"
1200692200,VERY_LONG,,1,1000000,,"{'id': 71366, 'context': 5}"
1200692201,VERY_LONG,,1,951500,,"{'id': 82800, 'context': 0, 'modifiers': [{'type': 6, 'value': 46905}], 'pet_breed_id': 4, 'pet_level': 1, 'pet_quality_id': 3, 'pet_species_id': 1153}"
1200692204,VERY_LONG,1749800,944,,,{'id': 171428}
1200692205,VERY_LONG,,1,9000000,,"{'id': 82800, 'context': 0, 'modifiers': [{'type': 6, 'value': 46925}], 'pet_breed_id': 6, 'pet_level': 1, 'pet_quality_id': 3, 'pet_species_id': 1152}"
1200692215,VERY_LONG,,1,70000000,,"{'id': 75081, 'context': 0}"
1200692217,VERY_LONG,,1,70000000,,"{'id': 75081, 'context': 0}"
1200692218,VERY_LONG,,1,70000000,,"{'id': 75081, 'context': 0}"
1200692219,VERY_LONG,,1,70000000,,"{'id': 75081, 'context': 0}"
1200692220,VERY_LONG,,1,70000000,,"{'id': 75081, 'context': 0}"
1200692221,VERY_LONG,,1,70000000,,"{'id': 75081, 'context': 0}"
1200692224,VERY_LONG,,1,170000100,,"{'id': 108634, 'context': 0, 'modifiers': [{'type': 28, 'value': 176}]}"
1200692228,VERY_LONG,220700,83,,,{'id': 22575}
1200692229,VERY_LONG,5959100,131,,,{'id': 11371}
1200692233,VERY_LONG,,1,9890100,,"{'id': 153123, 'context': 0}"
1200692235,VERY_LONG,,1,2303300,,"{'id': 173194, 'context': 0, 'bonus_lists': [6887], 'modifiers': [{'type': 9, 'value': 53}, {'type': 28, 'value': 391}, {'type': 29, 'value': 40}, {'type': 30, 'value': 36}]}"
1200692237,VERY_LONG,,1,2303300,,"{'id': 173194, 'context': 0, 'bonus_lists': [6887], 'modifiers': [{'type': 9, 'value': 53}, {'type': 28, 'value': 391}, {'type': 29, 'value': 32}, {'type': 30, 'value': 36}]}"
1200692238,VERY_LONG,,1,2303300,,"{'id': 173194, 'context': 0, 'bonus_lists': [6887], 'modifiers': [{'type': 9, 'value': 53}, {'type': 28, 'value': 391}, {'type': 29, 'value': 36}, {'type': 30, 'value': 49}]}"
1200692239,VERY_LONG,,1,2303300,,"{'id': 173194, 'context': 0, 'bonus_lists': [6887], 'modifiers': [{'type': 9, 'value': 53}, {'type': 28, 'value': 391}, {'type': 29, 'value': 36}, {'type': 30, 'value': 40}]}"
1200692243,VERY_LONG,,1,102946200,,"{'id': 21804, 'context': 0, 'modifiers': [{'type': 28, 'value': 1006}]}"
1200692244,VERY_LONG,,1,750000,,"{'id': 173193, 'context': 0, 'bonus_lists': [6890], 'modifiers': [{'type': 9, 'value': 53}, {'type': 28, 'value': 391}, {'type': 29, 'value': 32}, {'type': 30, 'value': 36}]}"
1200692248,VERY_LONG,32000000,5,,,{'id': 86432}
1200692254,VERY_LONG,,1,450000,,"{'id': 173199, 'context': 0, 'bonus_lists': [6890], 'modifiers': [{'type': 9, 'value': 53}, {'type': 28, 'value': 391}, {'type': 29, 'value': 32}, {'type': 30, 'value': 36}]}"
1200692261,VERY_LONG,,1,11928900,,"{'id': 10383, 'context': 0, 'bonus_lists': [6654, 1705], 'modifiers': [{'type': 9, 'value': 30}, {'type': 28, 'value': 36}]}"
1200692266,VERY_LONG,,1,1000000,,"{'id': 31299, 'context': 3, 'bonus_lists': [6659], 'modifiers': [{'type': 9, 'value': 30}, {'type': 28, 'value': 1014}]}"
1200692274,VERY_LONG,,1,51346600,,"{'id': 15685, 'context': 0, 'bonus_lists': [6654, 1680], 'modifiers': [{'type': 9, 'value': 30}, {'type': 28, 'value': 1007}]}"
1200692279,VERY_LONG,,1,7991700,,"{'id': 82800, 'context': 0, 'modifiers': [{'type': 6, 'value': 61896}], 'pet_breed_id': 9, 'pet_level': 1, 'pet_quality_id': 3, 'pet_species_id': 1632}"
1200692285,VERY_LONG,,1,293857000,,"{'id': 47291, 'context': 0, 'modifiers': [{'type': 28, 'value': 622}]}"
1200692290,VERY_LONG,,1,11929500,,"{'id': 13083, 'context': 0, 'bonus_lists': [6659], 'modifiers': [{'type': 9, 'value': 30}, {'type': 28, 'value': 1006}]}"
1200692299,VERY_LONG,,1,8020000,,"{'id': 10381, 'context': 0, 'bonus_lists': [6654, 1709], 'modifiers': [{'type': 9, 'value': 30}, {'type': 28, 'value': 36}]}"
1200692304,VERY_LONG,,1,974400,,"{'id': 82800, 'context': 0, 'modifiers': [{'type': 6, 'value': 73706}], 'pet_breed_id': 11, 'pet_level': 1, 'pet_quality_id': 3, 'pet_species_id': 1966}"
1200692309,VERY_LONG,1494900,1,,,{'id': 171833}
1200692310,VERY_LONG,,1,62560800,,"{'id': 15675, 'context': 0, 'bonus_lists': [6655, 1706], 'modifiers': [{'type': 9, 'value': 30}, {'type': 28, 'value': 1007}]}"
1200692323,VERY_LONG,,1,235120500,,"{'id': 13028, 'context': 0, 'bonus_lists': [6659], 'modifiers': [{'type': 9, 'value': 30}, {'type': 28, 'value': 1006}]}"
1200692328,VERY_LONG,,1,5002200,,"{'id': 15239, 'context': 0, 'bonus_lists': [6655, 1707], 'modifiers': [{'type': 9, 'value': 30}, {'type': 28, 'value': 1006}]}"
1200692337,VERY_LONG,,1,25140100,,"{'id': 21801, 'context': 0, 'modifiers': [{'type': 28, 'value': 1006}]}"
1200692341,VERY_LONG,,1,18473600,,"{'id': 14931, 'context': 0, 'bonus_lists': [6654, 1693], 'modifiers': [{'type': 9, 'value': 30}, {'type': 28, 'value': 1006}]}"
1200692344,VERY_LONG,39400,18,,,{'id': 172089}
1200692347,VERY_LONG,,1,5140000,,"{'id': 21800, 'context': 0, 'modifiers': [{'type': 28, 'value': 1006}]}"
1200692351,VERY_LONG,,1,24437800,,"{'id': 15680, 'context': 0, 'bonus_lists': [6654, 1695], 'modifiers': [{'type': 9, 'value': 30}, {'type': 28, 'value': 1006}]}"
1200692360,VERY_LONG,,1,34515600,,"{'id': 14867, 'context': 0, 'bonus_lists': [6654], 'modifiers': [{'type': 9, 'value': 30}, {'type': 28, 'value': 1007}]}"
1200692361,VERY_LONG,427400,50,,,{'id': 172096}
1200692365,VERY_LONG,,1,45000000,,"{'id': 24702, 'context': 2, 'bonus_lists': [6654, 1677], 'modifiers': [{'type': 9, 'value': 30}, {'type': 28, 'value': 1072}]}"
1200692373,VERY_LONG,,1,78754500,,"{'id': 25089, 'context': 2, 'bonus_lists': [6655, 1677], 'modifiers': [{'type': 9, 'value': 30}, {'type': 28, 'value': 1072}]}"
1200692377,VERY_LONG,,1,60000000,,"{'id': 24695, 'context': 2, 'bonus_lists': [6654, 1705], 'modifiers': [{'type': 9, 'value': 30}, {'type': 28, 'value': 1065}]}"
1200692379,VERY_LONG,16509200,30,,,{'id': 172438}
1200692385,VERY_LONG,,1,45215400,,"{'id': 25178, 'context': 28, 'bonus_lists': [1705, 3869], 'modifiers': [{'type': 9, 'value': 50}]}"
1200692389,VERY_LONG,24600,92,,,{'id': 172092}
1200692391,VERY_LONG,,1,8999800,,"{'id': 10274, 'context': 0, 'bonus_lists': [6654, 1681], 'modifiers': [{'type': 9, 'value': 30}, {'type': 28, 'value': 1005}]}"
1200692399,VERY_LONG,,1,230444500,,"{'id': 94076, 'context': 0, 'bonus_lists': [1715]}"
1200692403,VERY_LONG,,1,12599900,,"{'id': 82800, 'context': 0, 'modifiers': [{'type': 6, 'value': 88002}], 'pet_breed_id': 19, 'pet_level': 1, 'pet_quality_id': 3, 'pet_species_id': 2448}"
1200692408,VERY_LONG,,1,6399900,,"{'id': 82800, 'context': 0, 'modifiers': [{'type': 6, 'value': 88001}], 'pet_breed_id': 21, 'pet_level': 1, 'pet_quality_id': 3, 'pet_species_id': 2447}"
1200692409,VERY_LONG,,1,6399900,,"{'id': 82800, 'context': 0, 'modifiers': [{'type': 6, 'value': 88001}], 'pet_breed_id': 21, 'pet_level': 1, 'pet_quality_id': 3, 'pet_species_id': 2447}"
1200692413,VERY_LONG,,1,263775300,,"{'id': 164522, 'context': 11}"
1200692414,VERY_LONG,,1,337841600,,"{'id': 164306, 'context': 11}"
1200692416,VERY_LONG,,1,48144200,,"{'id': 94043, 'context': 0, 'bonus_lists': [1692]}"
1200692420,VERY_LONG,,1,1600000,,"{'id': 10194, 'context': 1, 'bonus_lists': [6654, 1677], 'modifiers': [{'type': 9, 'value': 30}, {'type': 28, 'value': 201}]}"
1200692429,VERY_LONG,,1,790284700,,"{'id': 164303, 'context': 0}"
1200692434,VERY_LONG,,1,75000000,,"{'id': 164329, 'context': 11}"
1200692439,VERY_LONG,,1,144806700,,"{'id': 144403, 'context': 6, 'bonus_lists': [3445, 1808, 1472, 3528]}"
1200692446,VERY_LONG,,1,125620000,,"{'id': 164534, 'context': 0}"
1200692449,VERY_LONG,,1,9090000,,"{'id': 8127, 'context': 1, 'bonus_lists': [6654], 'modifiers': [{'type': 9, 'value': 30}, {'type': 28, 'value': 201}]}"
1200692452,VERY_LONG,,1,200007500,,"{'id': 31335, 'context': 0, 'bonus_lists': [6660], 'modifiers': [{'type': 9, 'value': 30}, {'type': 28, 'value': 1009}]}"
1200692483,VERY_LONG,,1,8928500,,"{'id': 31293, 'context': 2, 'bonus_lists': [6658], 'modifiers': [{'type': 9, 'value': 30}, {'type': 28, 'value': 1077}]}"
1200692494,VERY_LONG,3476500,200,,,{'id': 171270}
1200692501,VERY_LONG,,1,45389200,,"{'id': 31200, 'context': 2, 'bonus_lists': [6659], 'modifiers': [{'type': 9, 'value': 30}, {'type': 28, 'value': 1078}]}"
1200692509,VERY_LONG,,1,51424900,,"{'id': 25252, 'context': 2, 'bonus_lists': [6655, 1677], 'modifiers': [{'type': 9, 'value': 30}, {'type': 28, 'value': 1077}]}"
1200692529,VERY_LONG,,1,1000000000,,"{'id': 14554, 'context': 0, 'bonus_lists': [6660], 'modifiers': [{'type': 9, 'value': 30}, {'type': 28, 'value': 1007}]}"
1200692544,VERY_LONG,,1,25001400,,"{'id': 82800, 'context': 0, 'modifiers': [{'type': 6, 'value': 40224}], 'pet_breed_id': 15, 'pet_level': 1, 'pet_quality_id': 3, 'pet_species_id': 1631}"
1200692553,VERY_LONG,,1,14005000,,"{'id': 82800, 'context': 0, 'modifiers': [{'type': 6, 'value': 61894}], 'pet_breed_id': 12, 'pet_level': 1, 'pet_quality_id': 3, 'pet_species_id': 1629}"
1200692578,VERY_LONG,,1,857500,,"{'id': 24958, 'context': 2, 'bonus_lists': [6654, 1677], 'modifiers': [{'type': 9, 'value': 30}, {'type': 28, 'value': 1078}]}"
1200692591,VERY_LONG,,1,16231900,,"{'id': 154850, 'context': 0, 'bonus_lists': [4796, 1703], 'modifiers': [{'type': 9, 'value': 50}]}"
1200692594,LONG,15996500,1,,,{'id': 173163}
1200692596,LONG,8004500,1,,,{'id': 173160}
1200692598,VERY_LONG,67000,13,,,{'id': 172360}
1200692599,LONG,1000000,36,,,{'id': 172041}
1200692600,VERY_LONG,198000,10,,,{'id': 172357}
1200692602,LONG,7390000,3,,,{'id': 173161}
1200692604,LONG,3006300,40,,,{'id': 171273}
1200692605,LONG,280000,20,,,{'id': 171286}
1200692609,LONG,584800,30,,,{'id': 172049}
1200692614,LONG,2642300,2,,,{'id': 172412}
1200692615,LONG,2254800,2,,,{'id': 172366}
1200692616,VERY_LONG,5000000,42,,,{'id': 18562}
1200692619,LONG,3189100,5,,,{'id': 171349}
1200692653,LONG,584800,10,,,{'id': 172049}
1200692654,LONG,280000,20,,,{'id': 171286}
1200692731,VERY_LONG,,1,2400000,,"{'id': 184479, 'context': 0}"
1200692763,VERY_LONG,,1,65000000,,"{'id': 172326, 'context': 63, 'bonus_lists': [6716, 1487]}"
1200692772,VERY_LONG,,1,2400000,,"{'id': 184479, 'context': 0}"
1200692773,VERY_LONG,,1,2400000,,"{'id': 184479, 'context': 0}"
1200692774,VERY_LONG,,1,2400000,,"{'id': 184479, 'context': 0}"
1200692775,VERY_LONG,,1,2400000,,"{'id': 184479, 'context': 0}"
1200692776,VERY_LONG,,1,2400000,,"{'id': 184479, 'context': 0}"
1200692777,VERY_LONG,,1,2750000,,"{'id': 176962, 'context': 0, 'bonus_lists': [6907, 6652, 1704], 'modifiers': [{'type': 9, 'value': 60}, {'type': 28, 'value': 2060}]}"
1200692778,VERY_LONG,,1,2400000,,"{'id': 184479, 'context': 0}"
1200692781,VERY_LONG,,1,2400000,,"{'id': 184479, 'context': 0}"
1200692783,VERY_LONG,,1,2400000,,"{'id': 184479, 'context': 0}"
1200692784,VERY_LONG,,1,2400000,,"{'id': 184479, 'context': 0}"
1200692785,VERY_LONG,,1,2400000,,"{'id': 184479, 'context': 0}"
1200692786,VERY_LONG,,1,2400000,,"{'id': 184479, 'context': 0}"
1200692788,VERY_LONG,,1,2400000,,"{'id': 184479, 'context': 0}"
1200692789,VERY_LONG,,1,2400000,,"{'id': 184479, 'context': 0}"
1200692790,VERY_LONG,,1,2400000,,"{'id': 184479, 'context': 0}"
1200692792,VERY_LONG,,1,2400000,,"{'id': 184479, 'context': 0}"
1200692793,VERY_LONG,,1,2400000,,"{'id': 184479, 'context': 0}"
1200692796,VERY_LONG,,1,2400000,,"{'id': 184479, 'context': 0}"
1200692798,VERY_LONG,,1,2400000,,"{'id': 184479, 'context': 0}"
1200692799,VERY_LONG,,1,2400000,,"{'id': 184479, 'context': 0}"
1200692800,VERY_LONG,,1,2400000,,"{'id': 184479, 'context': 0}"
1200692802,VERY_LONG,,1,2400000,,"{'id': 184479, 'context': 0}"
1200692803,VERY_LONG,3476500,33,,,{'id': 171270}
1200692804,VERY_LONG,,1,2400000,,"{'id': 184479, 'context': 0}"
1200692806,VERY_LONG,,1,2400000,,"{'id': 184479, 'context': 0}"
1200692810,VERY_LONG,,1,7579100,,"{'id': 176961, 'context': 0, 'bonus_lists': [6907, 6652, 7194, 1715], 'modifiers': [{'type': 9, 'value': 60}, {'type': 28, 'value': 1707}]}"
1200692827,VERY_LONG,,1,12090400,,"{'id': 172255, 'context': 13, 'bonus_lists': [6893], 'modifiers': [{'type': 9, 'value': 55}, {'type': 28, 'value': 391}, {'type': 29, 'value': 32}, {'type': 30, 'value': 36}]}"
1200692829,VERY_LONG,,1,12090400,,"{'id': 172255, 'context': 13, 'bonus_lists': [6893], 'modifiers': [{'type': 9, 'value': 55}, {'type': 28, 'value': 391}, {'type': 29, 'value': 36}, {'type': 30, 'value': 40}]}"
1200692839,VERY_LONG,,1,140000000,,"{'id': 172315, 'context': 63, 'bonus_lists': [6716, 1487]}"
1200692840,VERY_LONG,,1,140000000,,"{'id': 172315, 'context': 63, 'bonus_lists': [6716, 1487]}"
1200692846,VERY_LONG,,1,1091100,,"{'id': 180795, 'context': 0, 'bonus_lists': [6908, 6652, 1687], 'modifiers': [{'type': 9, 'value': 60}, {'type': 28, 'value': 1707}]}"
1200692856,VERY_LONG,,1,10000000,,"{'id': 176970, 'context': 0, 'bonus_lists': [6907, 6652, 1712], 'modifiers': [{'type': 9, 'value': 60}, {'type': 28, 'value': 1707}]}"
1200692858,VERY_LONG,,1,400005000,,"{'id': 172316, 'context': 65, 'bonus_lists': [6718, 1522]}"
1200692861,VERY_LONG,,1,400005000,,"{'id': 172316, 'context': 65, 'bonus_lists': [6718, 1522]}"
1200692862,VERY_LONG,,1,400005000,,"{'id': 172316, 'context': 65, 'bonus_lists': [6718, 1522]}"
1200692863,VERY_LONG,,1,400005000,,"{'id': 172316, 'context': 65, 'bonus_lists': [6718, 1522]}"
1200692864,VERY_LONG,,1,400005000,,"{'id': 172316, 'context': 65, 'bonus_lists': [6718, 1522]}"
1200692865,VERY_LONG,,1,400005000,,"{'id': 172316, 'context': 65, 'bonus_lists': [6718, 1522]}"
1200692866,VERY_LONG,,1,400005000,,"{'id': 172316, 'context': 65, 'bonus_lists': [6718, 1522]}"
1200692868,VERY_LONG,,1,5002800,,"{'id': 175545, 'context': 0, 'bonus_lists': [6907, 1702], 'modifiers': [{'type': 9, 'value': 59}, {'type': 28, 'value': 807}]}"
1200692888,VERY_LONG,,1,5000000,,"{'id': 176979, 'context': 0, 'bonus_lists': [6907, 6652, 1690], 'modifiers': [{'type': 9, 'value': 60}, {'type': 28, 'value': 1707}]}"
1200692892,VERY_LONG,,1,2800000,,"{'id': 154695, 'context': 0}"
1200692895,VERY_LONG,,1,2800000,,"{'id': 154695, 'context': 0}"
1200692897,VERY_LONG,,1,2800000,,"{'id': 154695, 'context': 0}"
1200692898,VERY_LONG,,1,2800000,,"{'id': 154695, 'context': 0}"
1200692900,VERY_LONG,,1,2800000,,"{'id': 154695, 'context': 0}"
1200692901,VERY_LONG,,1,2800000,,"{'id': 154695, 'context': 0}"
1200692902,VERY_LONG,,1,2800000,,"{'id': 154695, 'context': 0}"
1200692907,VERY_LONG,,1,2800000,,"{'id': 154695, 'context': 0}"
1200692908,VERY_LONG,,1,850000400,,"{'id': 172316, 'context': 66, 'bonus_lists': [6758, 1532]}"
1200692909,VERY_LONG,,1,2800000,,"{'id': 154695, 'context': 0}"
1200692911,VERY_LONG,,1,2800000,,"{'id': 154695, 'context': 0}"
1200692913,VERY_LONG,,1,2800000,,"{'id': 154695, 'context': 0}"
1200692915,VERY_LONG,,1,2800000,,"{'id': 154695, 'context': 0}"
1200692917,VERY_LONG,,1,2800000,,"{'id': 154695, 'context': 0}"
1200692918,VERY_LONG,,1,2800000,,"{'id': 154695, 'context': 0}"
1200692920,VERY_LONG,,1,2800000,,"{'id': 154695, 'context': 0}"
1200692923,VERY_LONG,,1,2800000,,"{'id': 154695, 'context': 0}"
1200692926,VERY_LONG,,1,2800000,,"{'id': 154695, 'context': 0}"
1200692929,VERY_LONG,,1,2800000,,"{'id': 154695, 'context': 0}"
1200692931,VERY_LONG,,1,2800000,,"{'id': 154695, 'context': 0}"
1200692934,VERY_LONG,,1,1376500,,"{'id': 172234, 'context': 13, 'bonus_lists': [6890], 'modifiers': [{'type': 9, 'value': 50}, {'type': 28, 'value': 391}, {'type': 29, 'value': 36}, {'type': 30, 'value': 40}]}"
1200692935,VERY_LONG,,1,2800000,,"{'id': 154695, 'context': 0}"
1200692937,VERY_LONG,,1,2800000,,"{'id': 154695, 'context': 0}"
1200692940,VERY_LONG,,1,2800000,,"{'id': 154695, 'context': 0}"
1200692941,VERY_LONG,,1,2800000,,"{'id': 154695, 'context': 0}"
1200692945,VERY_LONG,,1,2800000,,"{'id': 154695, 'context': 0}"
1200692955,VERY_LONG,,1,350000000,,"{'id': 172317, 'context': 64, 'bonus_lists': [6717, 7193, 1507]}"
1200692987,VERY_LONG,,1,75000000,,"{'id': 167965, 'context': 13, 'bonus_lists': [1712, 5804]}"
1200693007,VERY_LONG,,1,2303300,,"{'id': 173194, 'context': 0, 'bonus_lists': [6887], 'modifiers': [{'type': 9, 'value': 50}, {'type': 28, 'value': 391}, {'type': 29, 'value': 49}, {'type': 30, 'value': 36}]}"
1200693008,VERY_LONG,,1,2303300,,"{'id': 173194, 'context': 0, 'bonus_lists': [6887], 'modifiers': [{'type': 9, 'value': 50}, {'type': 28, 'value': 391}, {'type': 29, 'value': 40}, {'type': 30, 'value': 32}]}"
1200693009,VERY_LONG,,1,2303300,,"{'id': 173194, 'context': 0, 'bonus_lists': [6887], 'modifiers': [{'type': 9, 'value': 50}, {'type': 28, 'value': 391}, {'type': 29, 'value': 32}, {'type': 30, 'value': 49}]}"
1200693024,VERY_LONG,,1,1425600,,"{'id': 178949, 'context': 0, 'bonus_lists': [6908, 6652, 1693], 'modifiers': [{'type': 9, 'value': 55}, {'type': 28, 'value': 745}]}"
1200693029,VERY_LONG,,1,350000000,,"{'id': 172319, 'context': 65, 'bonus_lists': [6718, 1522]}"
1200693044,VERY_LONG,,1,65000000,,"{'id': 172326, 'context': 63, 'bonus_lists': [6716, 1487]}"
1200693048,VERY_LONG,,1,65000000,,"{'id': 172326, 'context': 63, 'bonus_lists': [6716, 1487]}"
1200693050,VERY_LONG,,1,65000000,,"{'id': 172326, 'context': 63, 'bonus_lists': [6716, 1487]}"
1200693068,VERY_LONG,,1,375003700,,"{'id': 172329, 'context': 65, 'bonus_lists': [6718, 7193, 1522]}"
1200693069,VERY_LONG,,1,375003700,,"{'id': 172329, 'context': 65, 'bonus_lists': [6718, 7194, 1522]}"
1200693070,VERY_LONG,,1,375003700,,"{'id': 172329, 'context': 65, 'bonus_lists': [6718, 7194, 1522]}"
1200693076,VERY_LONG,,1,75000000,,"{'id': 75116, 'context': 0}"
1200693090,VERY_LONG,,1,55999900,,"{'id': 118602, 'context': 0, 'bonus_lists': [107]}"
1200694146,VERY_LONG,515000,2,,,{'id': 173039}
1200694152,VERY_LONG,66500,7,,,{'id': 22449}
1200694156,VERY_LONG,70000,1,,,{'id': 22450}
1200694173,VERY_LONG,,1,44692700,,"{'id': 123897, 'context': 13, 'bonus_lists': [1699, 3392, 3408]}"
1200694182,VERY_LONG,,1,1115200,,"{'id': 36265, 'context': 0, 'bonus_lists': [6654, 1679], 'modifiers': [{'type': 9, 'value': 50}, {'type': 28, 'value': 1401}]}"
1200694189,LONG,381200,50,,,{'id': 171285}
1200694192,VERY_LONG,,1,77987200,,"{'id': 1979, 'context': 54, 'bonus_lists': [4259], 'modifiers': [{'type': 9, 'value': 50}]}"
1200694214,VERY_LONG,,1,200000000,,"{'id': 87426, 'context': 29, 'bonus_lists': [4295], 'modifiers': [{'type': 9, 'value': 33}]}"
1200694234,VERY_LONG,,1,75000000,,"{'id': 118848, 'context': 29, 'bonus_lists': [3960], 'modifiers': [{'type': 9, 'value': 50}]}"
1200694241,VERY_LONG,,1,44692700,,"{'id': 123897, 'context': 13, 'bonus_lists': [1710, 3392, 3408]}"
1200694259,VERY_LONG,,1,25000000,,"{'id': 56518, 'context': 0}"
1200694260,VERY_LONG,,1,25000000,,"{'id': 56518, 'context': 0}"
1200694268,VERY_LONG,57600,20,,,{'id': 154164}
1200694274,VERY_LONG,,1,40000000,,"{'id': 132500, 'context': 13, 'bonus_lists': [1691, 6827, 3408]}"
1200694293,VERY_LONG,,1,50000000,,"{'id': 109171, 'context': 13, 'bonus_lists': [525, 64, 532, 6883]}"
1200694444,VERY_LONG,,1,34908700,,"{'id': 171419, 'context': 63, 'bonus_lists': [6716, 7194, 1487]}"
1200694466,VERY_LONG,,1,170005600,,"{'id': 171419, 'context': 65, 'bonus_lists': [6718, 7194, 1522]}"
1200694478,VERY_LONG,,1,180000000,,"{'id': 178927, 'context': 65, 'bonus_lists': [6718, 7193, 1522]}"
1200694484,VERY_LONG,12800,4,,,{'id': 177061}
1200694487,VERY_LONG,72000,9,,,{'id': 179314}
1200694495,VERY_LONG,,1,4658500,,"{'id': 171442, 'context': 13, 'bonus_lists': [6893], 'modifiers': [{'type': 9, 'value': 60}, {'type': 28, 'value': 391}, {'type': 29, 'value': 49}, {'type': 30, 'value': 40}]}"
1200694498,VERY_LONG,,1,4658500,,"{'id': 171442, 'context': 13, 'bonus_lists': [6893], 'modifiers': [{'type': 9, 'value': 60}, {'type': 28, 'value': 391}, {'type': 29, 'value': 32}, {'type': 30, 'value': 40}]}"
1200694506,VERY_LONG,,1,990000,,"{'id': 171444, 'context': 13, 'bonus_lists': [6893], 'modifiers': [{'type': 9, 'value': 60}, {'type': 28, 'value': 391}, {'type': 29, 'value': 32}, {'type': 30, 'value': 36}]}"
1200694507,VERY_LONG,,1,990000,,"{'id': 171444, 'context': 13, 'bonus_lists': [6893], 'modifiers': [{'type': 9, 'value': 60}, {'type': 28, 'value': 391}, {'type': 29, 'value': 49}, {'type': 30, 'value': 32}]}"
1200694508,VERY_LONG,,1,990000,,"{'id': 171444, 'context': 13, 'bonus_lists': [6893], 'modifiers': [{'type': 9, 'value': 60}, {'type': 28, 'value': 391}, {'type': 29, 'value': 40}, {'type': 30, 'value': 36}]}"
1200694511,VERY_LONG,,1,990000,,"{'id': 171444, 'context': 13, 'bonus_lists': [6893], 'modifiers': [{'type': 9, 'value': 60}, {'type': 28, 'value': 391}, {'type': 29, 'value': 32}, {'type': 30, 'value': 49}]}"
1200694513,VERY_LONG,,1,990000,,"{'id': 171444, 'context': 13, 'bonus_lists': [6893], 'modifiers': [{'type': 9, 'value': 60}, {'type': 28, 'value': 391}, {'type': 29, 'value': 49}, {'type': 30, 'value': 40}]}"
1200694562,VERY_LONG,3300,2,,,{'id': 172052}
1200694575,VERY_LONG,513000,15,,,{'id': 173204}
1200694870,VERY_LONG,1200,149,,,{'id': 21877}
1200694956,VERY_LONG,5900000,7,,,{'id': 172097}
1200694959,VERY_LONG,,1,1568000,,"{'id': 82800, 'context': 0, 'modifiers': [{'type': 6, 'value': 6299}], 'pet_breed_id': 18, 'pet_level': 1, 'pet_quality_id': 2, 'pet_species_id': 67}"
1200695044,VERY_LONG,72000,2,,,{'id': 179314}
1200695051,VERY_LONG,17700,1,,,{'id': 179315}
1200695057,VERY_LONG,3300,3,,,{'id': 172052}
1200695076,VERY_LONG,,1,1580000,,"{'id': 9906, 'context': 1, 'bonus_lists': [6654, 1680], 'modifiers': [{'type': 9, 'value': 21}, {'type': 28, 'value': 1905}]}"
1200695077,VERY_LONG,,1,179999800,,"{'id': 82800, 'context': 0, 'modifiers': [{'type': 6, 'value': 80254}], 'pet_breed_id': 4, 'pet_level': 1, 'pet_quality_id': 3, 'pet_species_id': 2756}"
1200695081,VERY_LONG,,1,32170400,,"{'id': 82800, 'context': 0, 'modifiers': [{'type': 6, 'value': 76763}], 'pet_breed_id': 5, 'pet_level': 1, 'pet_quality_id': 3, 'pet_species_id': 2559}"
1200695082,VERY_LONG,,1,32170400,,"{'id': 82800, 'context': 0, 'modifiers': [{'type': 6, 'value': 76763}], 'pet_breed_id': 5, 'pet_level': 1, 'pet_quality_id': 3, 'pet_species_id': 2559}"
1200695083,VERY_LONG,,1,32170400,,"{'id': 82800, 'context': 0, 'modifiers': [{'type': 6, 'value': 76763}], 'pet_breed_id': 5, 'pet_level': 1, 'pet_quality_id': 3, 'pet_species_id': 2559}"
1200695084,VERY_LONG,,1,32170400,,"{'id': 82800, 'context': 0, 'modifiers': [{'type': 6, 'value': 76763}], 'pet_breed_id': 5, 'pet_level': 1, 'pet_quality_id': 3, 'pet_species_id': 2559}"
1200695085,VERY_LONG,,1,32170400,,"{'id': 82800, 'context': 0, 'modifiers': [{'type': 6, 'value': 76763}], 'pet_breed_id': 5, 'pet_level': 1, 'pet_quality_id': 3, 'pet_species_id': 2559}"
1200695087,VERY_LONG,1749800,400,,,{'id': 171428}
1200695088,VERY_LONG,,1,15000000,,"{'id': 82800, 'context': 0, 'modifiers': [{'type': 6, 'value': 88000}], 'pet_breed_id': 22, 'pet_level': 1, 'pet_quality_id': 3, 'pet_species_id': 2446}"
1200695094,VERY_LONG,,1,34000000,,"{'id': 82800, 'context': 0, 'modifiers': [{'type': 6, 'value': 99852}], 'pet_breed_id': 10, 'pet_level': 1, 'pet_quality_id': 2, 'pet_species_id': 3035}"
1200695095,VERY_LONG,,1,34000000,,"{'id': 82800, 'context': 0, 'modifiers': [{'type': 6, 'value': 99852}], 'pet_breed_id': 20, 'pet_level': 1, 'pet_quality_id': 2, 'pet_species_id': 3035}"
1200695096,VERY_LONG,,1,34000000,,"{'id': 82800, 'context': 0, 'modifiers': [{'type': 6, 'value': 99852}], 'pet_breed_id': 10, 'pet_level': 1, 'pet_quality_id': 2, 'pet_species_id': 3035}"
1200695098,VERY_LONG,,1,34000000,,"{'id': 82800, 'context': 0, 'modifiers': [{'type': 6, 'value': 99852}], 'pet_breed_id': 22, 'pet_level': 1, 'pet_quality_id': 2, 'pet_species_id': 3035}"
1200697112,VERY_LONG,,1,27500000,,"{'id': 82800, 'context': 0, 'modifiers': [{'type': 6, 'value': 90176}], 'pet_breed_id': 15, 'pet_level': 1, 'pet_quality_id': 3, 'pet_species_id': 2553}"
1200697114,VERY_LONG,,1,27500000,,"{'id': 82800, 'context': 0, 'modifiers': [{'type': 6, 'value': 90176}], 'pet_breed_id': 5, 'pet_level': 1, 'pet_quality_id': 3, 'pet_species_id': 2553}"
1200697122,VERY_LONG,93234900,1,,,{'id': 77541}
1200697136,VERY_LONG,20000,2,,,{'id': 127835}
1200697143,VERY_LONG,99900,4,,,{'id': 63308}
1200697148,VERY_LONG,,1,333330000,,"{'id': 164356, 'context': 11, 'modifiers': [{'type': 28, 'value': 644}]}"
1200697164,VERY_LONG,,1,119990000,,"{'id': 164565, 'context': 11, 'modifiers': [{'type': 28, 'value': 289}]}"
1200697167,VERY_LONG,,1,183340000,,"{'id': 82800, 'context': 0, 'modifiers': [{'type': 6, 'value': 86465}], 'pet_breed_id': 13, 'pet_level': 1, 'pet_quality_id': 3, 'pet_species_id': 2682}"
1200697172,VERY_LONG,,1,99999900,,"{'id': 82800, 'context': 0, 'modifiers': [{'type': 6, 'value': 78837}], 'pet_breed_id': 6, 'pet_level': 1, 'pet_quality_id': 2, 'pet_species_id': 2474}"
1200697175,VERY_LONG,802900,1,,,{'id': 153647}
1200697180,VERY_LONG,,1,106539400,,"{'id': 82800, 'context': 0, 'modifiers': [{'type': 6, 'value': 93750}], 'pet_breed_id': 12, 'pet_level': 1, 'pet_quality_id': 2, 'pet_species_id': 2907}"
1200697184,VERY_LONG,,1,499900,,"{'id': 82800, 'context': 0, 'modifiers': [{'type': 6, 'value': 19986}], 'pet_breed_id': 18, 'pet_level': 1, 'pet_quality_id': 2, 'pet_species_id': 139}"
1200697189,VERY_LONG,,1,1399999900,,"{'id': 82800, 'context': 0, 'modifiers': [{'type': 6, 'value': 92233}], 'pet_breed_id': 8, 'pet_level': 1, 'pet_quality_id': 3, 'pet_species_id': 2845}"
1200697190,VERY_LONG,,1,5000000,,"{'id': 82800, 'context': 0, 'modifiers': [{'type': 6, 'value': 99883}], 'pet_breed_id': 4, 'pet_level': 1, 'pet_quality_id': 2, 'pet_species_id': 2922}"
1200697192,VERY_LONG,,1,2367100,400000,"{'id': 82800, 'context': 0, 'modifiers': [{'type': 6, 'value': 5585}], 'pet_breed_id': 5, 'pet_level': 1, 'pet_quality_id': 2, 'pet_species_id': 44}"
1200697193,VERY_LONG,,1,2096361600,,"{'id': 82800, 'context': 0, 'modifiers': [{'type': 6, 'value': 99915}], 'pet_breed_id': 5, 'pet_level': 1, 'pet_quality_id': 2, 'pet_species_id': 2960}"
1200697198,VERY_LONG,,1,52950000,,"{'id': 116690, 'context': 11, 'modifiers': [{'type': 28, 'value': 296}]}"
1200697204,VERY_LONG,290000,1,,,{'id': 171268}
1200697207,VERY_LONG,,1,96000000,,"{'id': 82800, 'context': 0, 'pet_breed_id': 19, 'pet_level': 1, 'pet_quality_id': 2, 'pet_species_id': 3045}"
1200697212,VERY_LONG,,1,369900,,"{'id': 82800, 'context': 0, 'modifiers': [{'type': 6, 'value': 29809}], 'pet_breed_id': 16, 'pet_level': 1, 'pet_quality_id': 2, 'pet_species_id': 236}"
1200697225,VERY_LONG,,1,3164900,,"{'id': 29363, 'context': 0}"
1200697229,VERY_LONG,700,66,,,{'id': 14344}
1200697232,VERY_LONG,,1,233000000,,"{'id': 82800, 'context': 0, 'modifiers': [{'type': 6, 'value': 95582}], 'pet_breed_id': 8, 'pet_level': 1, 'pet_quality_id': 2, 'pet_species_id': 2914}"
1200697242,VERY_LONG,,1,556000000,,"{'id': 82800, 'context': 0, 'modifiers': [{'type': 6, 'value': 99904}], 'pet_breed_id': 5, 'pet_level': 1, 'pet_quality_id': 2, 'pet_species_id': 2900}"
1200697253,VERY_LONG,4969100,2,,,{'id': 63305}
1200697261,VERY_LONG,,1,20970000,,"{'id': 82800, 'context': 0, 'modifiers': [{'type': 6, 'value': 90142}], 'pet_breed_id': 9, 'pet_level': 1, 'pet_quality_id': 3, 'pet_species_id': 2550}"
1200697268,VERY_LONG,,1,226000000,,"{'id': 82800, 'context': 0, 'modifiers': [{'type': 6, 'value': 95927}], 'pet_breed_id': 5, 'pet_level': 1, 'pet_quality_id': 2, 'pet_species_id': 2911}"
1200697274,VERY_LONG,,1,39990000,,"{'id': 82800, 'context': 0, 'modifiers': [{'type': 6, 'value': 98472}], 'pet_breed_id': 4, 'pet_level': 1, 'pet_quality_id': 2, 'pet_species_id': 3009}"
1200697284,VERY_LONG,6998500,1,,,{'id': 76086}
1200697292,VERY_LONG,,1,119998900,,"{'id': 82800, 'context': 0, 'modifiers': [{'type': 6, 'value': 99874}], 'pet_breed_id': 17, 'pet_level': 1, 'pet_quality_id': 2, 'pet_species_id': 2897}"
1200697297,VERY_LONG,,1,4763900,460000,"{'id': 82800, 'context': 0, 'modifiers': [{'type': 6, 'value': 5556}], 'pet_breed_id': 18, 'pet_level': 1, 'pet_quality_id': 2, 'pet_species_id': 40}"
1200697301,VERY_LONG,,1,47502400,,"{'id': 82800, 'context': 0, 'modifiers': [{'type': 6, 'value': 91114}], 'pet_breed_id': 9, 'pet_level': 1, 'pet_quality_id': 3, 'pet_species_id': 2700}"
1200697309,VERY_LONG,,1,170000000,,"{'id': 82800, 'context': 0, 'modifiers': [{'type': 6, 'value': 59330}], 'pet_breed_id': 5, 'pet_level': 1, 'pet_quality_id': 3, 'pet_species_id': 1523}"
1200697320,VERY_LONG,,1,48783300,,"{'id': 82800, 'context': 0, 'modifiers': [{'type': 6, 'value': 90878}], 'pet_breed_id': 7, 'pet_level': 1, 'pet_quality_id': 3, 'pet_species_id': 2717}"
1200697321,VERY_LONG,,1,48783300,,"{'id': 82800, 'context': 0, 'modifiers': [{'type': 6, 'value': 90878}], 'pet_breed_id': 7, 'pet_level': 1, 'pet_quality_id': 3, 'pet_species_id': 2717}"
1200697322,VERY_LONG,,1,48783300,,"{'id': 82800, 'context': 0, 'modifiers': [{'type': 6, 'value': 90878}], 'pet_breed_id': 7, 'pet_level': 1, 'pet_quality_id': 3, 'pet_species_id': 2717}"
1200697338,VERY_LONG,,1,88888500,,"{'id': 164461, 'context': 11, 'modifiers': [{'type': 28, 'value': 644}]}"
1200697344,VERY_LONG,,1,2751200,640000,"{'id': 82800, 'context': 0, 'modifiers': [{'type': 6, 'value': 5555}], 'pet_breed_id': 3, 'pet_level': 1, 'pet_quality_id': 2, 'pet_species_id': 45}"
1200697351,VERY_LONG,,1,11776200,,"{'id': 82800, 'context': 0, 'modifiers': [{'type': 6, 'value': 90183}], 'pet_breed_id': 18, 'pet_level': 1, 'pet_quality_id': 3, 'pet_species_id': 2560}"
1200697353,VERY_LONG,,1,11776200,,"{'id': 82800, 'context': 0, 'modifiers': [{'type': 6, 'value': 90183}], 'pet_breed_id': 18, 'pet_level': 1, 'pet_quality_id': 3, 'pet_species_id': 2560}"
1200697357,VERY_LONG,,1,19999900,,"{'id': 82800, 'context': 0, 'modifiers': [{'type': 6, 'value': 88064}], 'pet_breed_id': 14, 'pet_level': 1, 'pet_quality_id': 3, 'pet_species_id': 2473}"
1200697363,VERY_LONG,,1,4489000,,"{'id': 82800, 'context': 0, 'modifiers': [{'type': 6, 'value': 88061}], 'pet_breed_id': 15, 'pet_level': 1, 'pet_quality_id': 3, 'pet_species_id': 2471}"
1200697367,LONG,,1,2400000,,"{'id': 184479, 'context': 0}"
1200697369,LONG,,1,2400000,,"{'id': 184479, 'context': 0}"
1200697370,VERY_LONG,,1,876000000,,"{'id': 82800, 'context': 0, 'modifiers': [{'type': 6, 'value': 91024}], 'pet_breed_id': 18, 'pet_level': 1, 'pet_quality_id': 3, 'pet_species_id': 2690}"
1200697371,LONG,,1,2400000,,"{'id': 184479, 'context': 0}"
1200697373,LONG,,1,2400000,,"{'id': 184479, 'context': 0}"
1200697374,LONG,,1,2400000,,"{'id': 184479, 'context': 0}"
1200697376,LONG,,1,2400000,,"{'id': 184479, 'context': 0}"
1200697377,LONG,,1,2400000,,"{'id': 184479, 'context': 0}"
1200697379,LONG,,1,2400000,,"{'id': 184479, 'context': 0}"
1200697381,LONG,,1,2400000,,"{'id': 184479, 'context': 0}"
1200697382,LONG,,1,2400000,,"{'id': 184479, 'context': 0}"
1200697384,LONG,,1,2400000,,"{'id': 184479, 'context': 0}"
1200697386,LONG,,1,2400000,,"{'id': 184479, 'context': 0}"
1200697387,VERY_LONG,,1,8998000,,"{'id': 82800, 'context': 0, 'modifiers': [{'type': 6, 'value': 90173}], 'pet_breed_id': 11, 'pet_level': 1, 'pet_quality_id': 3, 'pet_species_id': 2552}"
1200697388,VERY_LONG,,1,8998000,,"{'id': 82800, 'context': 0, 'modifiers': [{'type': 6, 'value': 90173}], 'pet_breed_id': 11, 'pet_level': 1, 'pet_quality_id': 3, 'pet_species_id': 2552}"
1200697389,LONG,,1,2400000,,"{'id': 184479, 'context': 0}"
1200697391,LONG,,1,2400000,,"{'id': 184479, 'context': 0}"
1200697393,LONG,,1,2400000,,"{'id': 184479, 'context': 0}"
1200697394,LONG,,1,2400000,,"{'id': 184479, 'context': 0}"
1200697396,LONG,,1,2400000,,"{'id': 184479, 'context': 0}"
1200697397,LONG,,1,2400000,,"{'id': 184479, 'context': 0}"
1200697398,LONG,,1,2400000,,"{'id': 184479, 'context': 0}"
1200697399,LONG,,1,2400000,,"{'id': 184479, 'context': 0}"
1200697400,LONG,,1,2400000,,"{'id': 184479, 'context': 0}"
1200697401,LONG,,1,2400000,,"{'id': 184479, 'context': 0}"
1200697402,LONG,,1,2400000,,"{'id': 184479, 'context': 0}"
1200697403,VERY_LONG,,1,2000000000,,"{'id': 82800, 'context': 0, 'modifiers': [{'type': 6, 'value': 99928}], 'pet_breed_id': 5, 'pet_level': 1, 'pet_quality_id': 2, 'pet_species_id': 2964}"
1200697404,LONG,,1,2400000,,"{'id': 184479, 'context': 0}"
1200697405,LONG,,1,2400000,,"{'id': 184479, 'context': 0}"
1200697406,LONG,,1,2400000,,"{'id': 184479, 'context': 0}"
1200697407,LONG,,1,2400000,,"{'id': 184479, 'context': 0}"
1200697408,VERY_LONG,,1,5109900,600000,"{'id': 21843, 'context': 0}"
1200697409,LONG,,1,2400000,,"{'id': 184479, 'context': 0}"
1200697410,LONG,,1,2400000,,"{'id': 184479, 'context': 0}"
1200697412,LONG,,1,2400000,,"{'id': 184479, 'context': 0}"
1200697413,LONG,,1,2400000,,"{'id': 184479, 'context': 0}"
1200697414,LONG,,1,2400000,,"{'id': 184479, 'context': 0}"
1200697415,LONG,,1,2400000,,"{'id': 184479, 'context': 0}"
1200697416,LONG,,1,2400000,,"{'id': 184479, 'context': 0}"
1200697417,LONG,,1,2400000,,"{'id': 184479, 'context': 0}"
1200697418,LONG,,1,2400000,,"{'id': 184479, 'context': 0}"
1200697420,LONG,,1,2400000,,"{'id': 184479, 'context': 0}"
1200697422,LONG,,1,2400000,,"{'id': 184479, 'context': 0}"
1200697423,LONG,,1,2400000,,"{'id': 184479, 'context': 0}"
1200697427,VERY_LONG,38800,153,,,{'id': 172089}
1200697432,VERY_LONG,71800,6,,,{'id': 179314}
1200697437,VERY_LONG,37600,104,,,{'id': 21840}
1200697445,VERY_LONG,1494400,2,,,{'id': 171833}
1200697462,VERY_LONG,39200,7,,,{'id': 171841}
1200697467,VERY_LONG,,1,499900,150000,"{'id': 16251, 'context': 0}"
1200697471,VERY_LONG,24600,17,,,{'id': 172092}
1200697479,VERY_LONG,512200,4,,,{'id': 173204}
1200697481,VERY_LONG,,1,1733700,670000,"{'id': 44446, 'context': 0}"
1200697485,VERY_LONG,,1,106539400,,"{'id': 82800, 'context': 0, 'modifiers': [{'type': 6, 'value': 93750}], 'pet_breed_id': 12, 'pet_level': 1, 'pet_quality_id': 2, 'pet_species_id': 2907}"
1200697486,VERY_LONG,,1,106539400,,"{'id': 82800, 'context': 0, 'modifiers': [{'type': 6, 'value': 93750}], 'pet_breed_id': 20, 'pet_level': 1, 'pet_quality_id': 2, 'pet_species_id': 2907}"
1200697488,VERY_LONG,,1,15009800,,"{'id': 82800, 'context': 0, 'modifiers': [{'type': 6, 'value': 90230}], 'pet_breed_id': 17, 'pet_level': 1, 'pet_quality_id': 3, 'pet_species_id': 2563}"
1200697489,LONG,,1,2400000,,"{'id': 184479, 'context': 0}"
1200697490,LONG,,1,2400000,,"{'id': 184479, 'context': 0}"
1200697491,LONG,,1,2400000,,"{'id': 184479, 'context': 0}"
1200697492,LONG,,1,2400000,,"{'id': 184479, 'context': 0}"
1200697493,LONG,,1,2400000,,"{'id': 184479, 'context': 0}"
1200697494,LONG,,1,2400000,,"{'id': 184479, 'context': 0}"
1200697495,LONG,,1,2400000,,"{'id': 184479, 'context': 0}"
1200697496,LONG,,1,2400000,,"{'id': 184479, 'context': 0}"
1200697497,VERY_LONG,20000,1,,,{'id': 127835}
1200697498,LONG,,1,2400000,,"{'id': 184479, 'context': 0}"
1200697499,LONG,,1,2400000,,"{'id': 184479, 'context': 0}"
1200697501,LONG,,1,2400000,,"{'id': 184479, 'context': 0}"
1200697502,LONG,,1,2400000,,"{'id': 184479, 'context': 0}"
1200697506,VERY_LONG,144400,2,,,{'id': 180318}
1200697517,VERY_LONG,,1,75000000,,"{'id': 82800, 'context': 0, 'modifiers': [{'type': 6, 'value': 86805}], 'pet_breed_id': 19, 'pet_level': 1, 'pet_quality_id': 2, 'pet_species_id': 2411}"
1200697519,VERY_LONG,,1,75000000,,"{'id': 82800, 'context': 0, 'modifiers': [{'type': 6, 'value': 86805}], 'pet_breed_id': 19, 'pet_level': 1, 'pet_quality_id': 2, 'pet_species_id': 2411}"
1200697520,VERY_LONG,,1,75000000,,"{'id': 82800, 'context': 0, 'modifiers': [{'type': 6, 'value': 86805}], 'pet_breed_id': 19, 'pet_level': 1, 'pet_quality_id': 2, 'pet_species_id': 2411}"
1200697523,VERY_LONG,799500,3,,,{'id': 160053}
1200697527,VERY_LONG,,1,12500000,,"{'id': 82800, 'context': 0, 'modifiers': [{'type': 6, 'value': 88058}], 'pet_breed_id': 14, 'pet_level': 1, 'pet_quality_id': 3, 'pet_species_id': 2466}"
1200697534,VERY_LONG,,1,270000,,"{'id': 82800, 'context': 0, 'modifiers': [{'type': 6, 'value': 90184}], 'pet_breed_id': 9, 'pet_level': 1, 'pet_quality_id': 3, 'pet_species_id': 2561}"
1200697536,VERY_LONG,1200,200,,,{'id': 21877}
1200697555,VERY_LONG,,1,99997300,,"{'id': 164464, 'context': 11, 'modifiers': [{'type': 28, 'value': 289}]}"
1200697563,VERY_LONG,,1,1099990800,,"{'id': 82800, 'context': 0, 'modifiers': [{'type': 6, 'value': 99882}], 'pet_breed_id': 20, 'pet_level': 1, 'pet_quality_id': 2, 'pet_species_id': 2940}"
1200697566,VERY_LONG,11100,30,,,{'id': 4339}
1200697578,VERY_LONG,,1,269996400,,"{'id': 82800, 'context': 0, 'modifiers': [{'type': 6, 'value': 99860}], 'pet_breed_id': 10, 'pet_level': 1, 'pet_quality_id': 2, 'pet_species_id': 2947}"
1200697583,VERY_LONG,785500,17,,,{'id': 172094}
1200697589,VERY_LONG,,1,499900,,"{'id': 82800, 'context': 0, 'modifiers': [{'type': 6, 'value': 2955}], 'pet_breed_id': 21, 'pet_level': 1, 'pet_quality_id': 2, 'pet_species_id': 74}"
1200697591,VERY_LONG,,1,499900,,"{'id': 82800, 'context': 0, 'modifiers': [{'type': 6, 'value': 2955}], 'pet_breed_id': 21, 'pet_level': 1, 'pet_quality_id': 2, 'pet_species_id': 74}"
1200697602,VERY_LONG,,1,150000000,,"{'id': 82800, 'context': 0, 'modifiers': [{'type': 6, 'value': 88761}], 'pet_breed_id': 5, 'pet_level': 1, 'pet_quality_id': 2, 'pet_species_id': 2712}"
1200697603,VERY_LONG,,1,150000000,,"{'id': 82800, 'context': 0, 'modifiers': [{'type': 6, 'value': 88761}], 'pet_breed_id': 5, 'pet_level': 1, 'pet_quality_id': 2, 'pet_species_id': 2712}"
1200697609,VERY_LONG,,1,48783300,,"{'id': 82800, 'context': 0, 'modifiers': [{'type': 6, 'value': 90876}], 'pet_breed_id': 7, 'pet_level': 1, 'pet_quality_id': 3, 'pet_species_id': 2717}"
1200697610,VERY_LONG,,1,48783300,,"{'id': 82800, 'context': 0, 'modifiers': [{'type': 6, 'value': 90878}], 'pet_breed_id': 7, 'pet_level': 1, 'pet_quality_id': 3, 'pet_species_id': 2717}"
1200697613,VERY_LONG,,1,48783300,,"{'id': 82800, 'context': 0, 'modifiers': [{'type': 6, 'value': 90878}], 'pet_breed_id': 7, 'pet_level': 1, 'pet_quality_id': 3, 'pet_species_id': 2717}"
1200697614,VERY_LONG,,1,48783300,,"{'id': 82800, 'context': 0, 'modifiers': [{'type': 6, 'value': 90878}], 'pet_breed_id': 7, 'pet_level': 1, 'pet_quality_id': 3, 'pet_species_id': 2717}"
1200697615,VERY_LONG,,1,48783300,,"{'id': 82800, 'context': 0, 'modifiers': [{'type': 6, 'value': 90878}], 'pet_breed_id': 7, 'pet_level': 1, 'pet_quality_id': 3, 'pet_species_id': 2717}"
1200697616,VERY_LONG,,1,48783300,,"{'id': 82800, 'context': 0, 'modifiers': [{'type': 6, 'value': 90878}], 'pet_breed_id': 7, 'pet_level': 1, 'pet_quality_id': 3, 'pet_species_id': 2717}"
1200697623,VERY_LONG,,1,1400100,360000,"{'id': 39898, 'context': 0}"
1200697630,VERY_LONG,,1,6406000,,"{'id': 82800, 'context': 0, 'modifiers': [{'type': 6, 'value': 66487}], 'pet_breed_id': 7, 'pet_level': 1, 'pet_quality_id': 3, 'pet_species_id': 2551}"
1200697730,VERY_LONG,12700,1,,,{'id': 172935}
1200697739,VERY_LONG,5900000,1,,,{'id': 172097}
1200697749,VERY_LONG,427400,7,,,{'id': 172096}
1200697755,VERY_LONG,17700,3,,,{'id': 179315}
1200697761,VERY_LONG,24700,2,,,{'id': 172054}
1200697796,VERY_LONG,,1,360000,210000,"{'id': 82800, 'context': 0, 'modifiers': [{'type': 6, 'value': 6190}], 'pet_breed_id': 15, 'pet_level': 1, 'pet_quality_id': 2, 'pet_species_id': 51}"
1200697811,VERY_LONG,67600,14,,,{'id': 22450}
1200697839,LONG,49000,8000,,,{'id': 173202}
1200697840,VERY_LONG,,1,5763900,760000,"{'id': 82800, 'context': 0, 'modifiers': [{'type': 6, 'value': 5586}], 'pet_breed_id': 4, 'pet_level': 1, 'pet_quality_id': 2, 'pet_species_id': 41}"
1200697843,LONG,,1,470000000,,"{'id': 163575, 'context': 0}"
1200697858,VERY_LONG,,1,3765700,760000,"{'id': 82800, 'context': 0, 'modifiers': [{'type': 6, 'value': 22776}], 'pet_breed_id': 3, 'pet_level': 1, 'pet_quality_id': 2, 'pet_species_id': 191}"
1200697874,VERY_LONG,,1,3760100,760000,"{'id': 82800, 'context': 0, 'modifiers': [{'type': 6, 'value': 5554}], 'pet_breed_id': 3, 'pet_level': 1, 'pet_quality_id': 2, 'pet_species_id': 43}"
1200697892,VERY_LONG,,1,39300,,"{'id': 16248, 'context': 0}"
1200697975,VERY_LONG,17600,50,,,{'id': 156930}
1200698013,VERY_LONG,,1,4900000,560000,"{'id': 10321, 'context': 0}"
1200698036,LONG,,1,145006800,,"{'id': 173096, 'context': 13}"
1200698038,LONG,,1,145006800,,"{'id': 173096, 'context': 13}"
1200698040,LONG,,1,145006800,,"{'id': 173096, 'context': 13}"
1200698048,VERY_LONG,,1,462900,260000,"{'id': 21948, 'context': 0}"
1200698062,VERY_LONG,,1,561600,260000,"{'id': 10314, 'context': 0}"
1200698070,VERY_LONG,,1,761200,260000,"{'id': 10602, 'context': 0}"
1200699102,VERY_LONG,139500,862,,,{'id': 171829}
1200699106,VERY_LONG,510000,333,,,{'id': 171315}
1200699107,LONG,510000,2526,,,{'id': 171315}
1200699111,VERY_LONG,500,340,,,{'id': 171840}
1200699115,LONG,,1,249949800,,"{'id': 173087, 'context': 13}"
1200699116,LONG,,1,249949800,,"{'id': 173087, 'context': 13}"
1200699119,VERY_LONG,161700,804,,,{'id': 171831}
1200699121,LONG,,1,80003500,,"{'id': 173078, 'context': 13}"
1200699123,LONG,,1,80003500,,"{'id': 173078, 'context': 13}"
1200699125,LONG,,1,80003500,,"{'id': 173078, 'context': 13}"
1200699128,VERY_LONG,75500,408,,,{'id': 171828}
1200699134,VERY_LONG,88000,2512,,,{'id': 169701}
1200699135,LONG,1000000,8,,,{'id': 173102}
1200699140,LONG,980800,13,,,{'id': 173071}
1200699142,VERY_LONG,1494400,13,,,{'id': 171833}
1200699145,LONG,,1,15903200,,"{'id': 173050, 'context': 13, 'modifiers': [{'type': 29, 'value': 49}, {'type': 30, 'value': 32}]}"
1200699146,VERY_LONG,39200,25,,,{'id': 171841}
1200699148,LONG,47300,4,,,{'id': 10939}
1200699155,VERY_LONG,12800,67,,,{'id': 177061}
1200699157,LONG,22121600,17,,,{'id': 173072}
1200699161,LONG,4892400,2,,,{'id': 173076}
1200699164,VERY_LONG,4898900,2,,,{'id': 41976}
1200699166,LONG,8950000,4,,,{'id': 173103}
1200699173,LONG,5000000,4,,,{'id': 173088}
1200699180,LONG,2950000,7,,,{'id': 173083}
1200699181,VERY_LONG,5898700,2,,,{'id': 38373}
1200699185,LONG,3960000,13,,,{'id': 173104}
1200699188,LONG,9980800,3,,,{'id': 173082}
1200699193,LONG,48000100,2,,,{'id': 173099}
1200699194,VERY_LONG,1899000,2,,,{'id': 85569}
1200699197,LONG,18950000,13,,,{'id': 173101}
1200699198,LONG,10000000,4,,,{'id': 173093}
1200699202,LONG,19801400,4,,,{'id': 173090}
1200699203,LONG,1500000,15,,,{'id': 173079}
1200699205,VERY_LONG,8398800,2,,,{'id': 38374}
1200699206,LONG,10005900,1,,,{'id': 173094}
1200699208,LONG,1750000,11,,,{'id': 173086}
1200699209,VERY_LONG,4698800,1,,,{'id': 44963}
1200699215,LONG,40656900,3,,,{'id': 173073}
1200699218,LONG,13500400,1,,,{'id': 173095}
1200699220,LONG,1400000,1,,,{'id': 173070}
1200699221,VERY_LONG,2499000,2,,,{'id': 85568}
1200699222,LONG,19369500,1,,,{'id': 173089}
1200699223,LONG,1835300,1,,,{'id': 173081}
1200699226,VERY_LONG,149000,10,,,{'id': 43853}
1200699289,VERY_LONG,,1,27899000,,"{'id': 70138, 'context': 0}"
1200699294,VERY_LONG,,1,27899000,,"{'id': 70138, 'context': 0}"
1200699328,VERY_LONG,,1,32498900,16249500,"{'id': 82446, 'context': 0}"
1200699360,VERY_LONG,,1,14695300,7347700,"{'id': 54445, 'context': 0}"
1200699372,VERY_LONG,2500000,2,,,{'id': 151580}
1200699380,VERY_LONG,1499000,2,,,{'id': 130219}
1200699391,VERY_LONG,599000,2,,,{'id': 130215}
1200699414,VERY_LONG,1890000,2,,,{'id': 151583}
1200699422,VERY_LONG,1299000,2,,,{'id': 130220}
1200699432,VERY_LONG,1499000,2,,,{'id': 151585}
1200699442,VERY_LONG,999000,2,,,{'id': 130221}
1200699459,VERY_LONG,399000,2,,,{'id': 130217}
1200699467,VERY_LONG,799000,2,,,{'id': 130222}
1200699470,VERY_LONG,199000,3,,,{'id': 130218}
1200699476,VERY_LONG,16798900,1,,,{'id': 23571}
1200699478,VERY_LONG,1492500,115,,,{'id': 124640}
1200699479,VERY_LONG,5499000,6,,,{'id': 12360}
1200699483,VERY_LONG,299000,30,,,{'id': 12655}
1200699502,VERY_LONG,9299000,3,,,{'id': 23449}
1200699514,VERY_LONG,4299000,3,,,{'id': 23573}
1200699526,VERY_LONG,15799000,4,,,{'id': 37663}
1200699535,VERY_LONG,18799000,2,,,{'id': 58480}
1200699546,VERY_LONG,4900000,2,,,{'id': 177962}
1200699548,VERY_LONG,114699000,1,,,{'id': 17771}
1200699594,VERY_LONG,,1,12912600,,"{'id': 171448, 'context': 13, 'bonus_lists': [6893], 'modifiers': [{'type': 9, 'value': 50}, {'type': 28, 'value': 391}, {'type': 29, 'value': 32}, {'type': 30, 'value': 49}]}"
1200699601,VERY_LONG,,1,624799000,,"{'id': 65891, 'context': 0}"
1200699653,VERY_LONG,4500000,2,,,{'id': 177962}
1200699837,VERY_LONG,2399700,1,,,{'id': 168592}
1200699848,VERY_LONG,2108800,1,,,{'id': 172411}
1200699850,VERY_LONG,3499900,1,,,{'id': 153445}
1200699863,VERY_LONG,450000,21,,,{'id': 15994}
1200699867,VERY_LONG,179500,2,,,{'id': 124442}
1200699869,VERY_LONG,6684400,20,,,{'id': 60224}
1200699878,VERY_LONG,512200,34,,,{'id': 173204}
1200699887,VERY_LONG,150000,4,,,{'id': 172230}
1200699888,VERY_LONG,,1,17509900,9750000,"{'id': 10606, 'context': 1}"
1200699891,LONG,15996500,4,,,{'id': 173163}
1200699892,LONG,4953000,40,,,{'id': 173049}
1200699894,LONG,8004500,3,,,{'id': 173160}
1200699895,VERY_LONG,49000,20,,,{'id': 173202}
1200699898,LONG,290000,1,,,{'id': 171268}
1200699900,LONG,381200,25,,,{'id': 171285}
1200699911,VERY_LONG,39200,26,,,{'id': 171841}
1200699916,VERY_LONG,709900,2,,,{'id': 172231}
1200699962,VERY_LONG,1756200,2,,,{'id': 173173}
1200699975,VERY_LONG,6227100,4,,,{'id': 173172}
1200699985,VERY_LONG,,1,12599900,,"{'id': 82800, 'context': 0, 'modifiers': [{'type': 6, 'value': 88002}], 'pet_breed_id': 19, 'pet_level': 1, 'pet_quality_id': 3, 'pet_species_id': 2448}"
1200700000,LONG,512200,1,,,{'id': 173204}
1200700003,LONG,150000,4,,,{'id': 172230}
1200700005,VERY_LONG,71800,6,,,{'id': 179314}
1200700006,LONG,49000,5,,,{'id': 173202}
1200700010,VERY_LONG,,1,130000000,,"{'id': 82800, 'context': 0, 'modifiers': [{'type': 6, 'value': 91249}], 'pet_breed_id': 3, 'pet_level': 1, 'pet_quality_id': 3, 'pet_species_id': 2758}"
1200700014,LONG,5005300,1,,,{'id': 180317}
1200700017,VERY_LONG,,1,3236800,,"{'id': 15296, 'context': 1, 'bonus_lists': [1680]}"
1200700018,VERY_LONG,,1,3236800,,"{'id': 15296, 'context': 1, 'bonus_lists': [1680]}"
1200700020,VERY_LONG,,1,11999900,,"{'id': 7360, 'context': 1}"
1200700021,VERY_LONG,,1,11073400,,"{'id': 15638, 'context': 1, 'bonus_lists': [6654, 1677], 'modifiers': [{'type': 9, 'value': 30}, {'type': 28, 'value': 218}]}"
1200700022,VERY_LONG,,1,499700,,"{'id': 15235, 'context': 53, 'bonus_lists': [1681, 4281], 'modifiers': [{'type': 9, 'value': 50}]}"
1200700023,VERY_LONG,,1,132009600,,"{'id': 82800, 'context': 0, 'modifiers': [{'type': 6, 'value': 91250}], 'pet_breed_id': 16, 'pet_level': 1, 'pet_quality_id': 3, 'pet_species_id': 2757}"
1200700024,VERY_LONG,,1,16995100,,"{'id': 14955, 'context': 53, 'bonus_lists': [1679, 4277], 'modifiers': [{'type': 9, 'value': 50}]}"
1200700026,VERY_LONG,,1,16995100,,"{'id': 14955, 'context': 54, 'bonus_lists': [1677, 4277], 'modifiers': [{'type': 9, 'value': 50}]}"
1200700027,LONG,290000,39,,,{'id': 171268}
1200700028,VERY_LONG,,1,13422700,,"{'id': 15990, 'context': 42, 'bonus_lists': [3865], 'modifiers': [{'type': 9, 'value': 20}]}"
1200700030,VERY_LONG,,1,152260400,,"{'id': 165749, 'context': 11, 'bonus_lists': [6835], 'modifiers': [{'type': 28, 'value': 391}]}"
1200700031,VERY_LONG,64768800,1,,,{'id': 19282}
1200700032,LONG,2108800,4,,,{'id': 172411}
1200700033,VERY_LONG,,1,5006100,,"{'id': 14333, 'context': 1, 'bonus_lists': [1709]}"
1200700034,VERY_LONG,79182700,1,,,{'id': 19233}
1200700035,VERY_LONG,245600,2,,,{'id': 163225}
1200700045,VERY_LONG,38800,10,,,{'id': 172089}
1200700056,LONG,3960000,1,,,{'id': 168419}
1200702145,VERY_LONG,,1,275000000,175000000,"{'id': 82800, 'context': 0, 'modifiers': [{'type': 6, 'value': 90279}], 'pet_breed_id': 8, 'pet_level': 1, 'pet_quality_id': 3, 'pet_species_id': 2564}"
1200702177,VERY_LONG,,1,13248400,,"{'id': 82800, 'context': 0, 'modifiers': [{'type': 6, 'value': 90181}], 'pet_breed_id': 17, 'pet_level': 1, 'pet_quality_id': 3, 'pet_species_id': 2557}"
1200702212,VERY_LONG,210900,3,,,{'id': 173037}
1200702230,VERY_LONG,709900,31,,,{'id': 172231}
1200702236,VERY_LONG,,1,8000000,,"{'id': 82800, 'context': 0, 'modifiers': [{'type': 6, 'value': 88059}], 'pet_breed_id': 5, 'pet_level': 1, 'pet_quality_id': 3, 'pet_species_id': 2467}"
1200702239,VERY_LONG,38800,7,,,{'id': 172089}
1200702240,VERY_LONG,150000,1191,,,{'id': 172230}
1200702243,VERY_LONG,554400,8,,,{'id': 173034}
1200702246,VERY_LONG,3300,3,,,{'id': 172052}
1200702247,VERY_LONG,24600,3,,,{'id': 172092}
1200702248,VERY_LONG,24700,23,,,{'id': 172054}
1200702256,VERY_LONG,249700,21,,,{'id': 173035}
1200702262,VERY_LONG,50000,3,,,{'id': 9313}
1200702266,VERY_LONG,709900,2,,,{'id': 172231}
1200702271,VERY_LONG,88000,3,,,{'id': 169701}
1200702282,VERY_LONG,60000,4,,,{'id': 9318}
1200702328,VERY_LONG,730000,16,,,{'id': 168583}
1200702417,VERY_LONG,,1,97500000,47650000,"{'id': 127695, 'context': 14}"
1200702602,VERY_LONG,740000,180,,,{'id': 72096}
1200702606,VERY_LONG,,1,260004300,236603900,"{'id': 116691, 'context': 31}"
1200702609,VERY_LONG,,1,300000000,270000000,"{'id': 158886, 'context': 13, 'bonus_lists': [6883]}"
1200702613,LONG,,1,480009900,,"{'id': 95416, 'context': 1, 'bonus_lists': [6883]}"
1200702618,LONG,,1,249999400,,"{'id': 158887, 'context': 13}"
1200702649,LONG,,1,300000000,,"{'id': 172318, 'context': 65, 'bonus_lists': [6718, 1522]}"
1200702661,LONG,,1,245000000,,"{'id': 172318, 'context': 64, 'bonus_lists': [6717, 1507]}"
1200702668,VERY_LONG,3204000,3,,,{'id': 172415}
1200702669,VERY_LONG,740000,200,,,{'id': 72096}
1200702696,VERY_LONG,,1,52950000,,"{'id': 116690, 'context': 11}"
1200702710,VERY_LONG,,1,89990000,,"{'id': 116692, 'context': 11}"
1200702725,LONG,1260000,20,,,{'id': 104316}
1200702797,VERY_LONG,4500000,3,,,{'id': 172408}
1200702812,VERY_LONG,38800,1000,,,{'id': 172089}
1200702822,VERY_LONG,49000,17,,,{'id': 173202}
1200702829,VERY_LONG,,1,764000,,"{'id': 178953, 'context': 0, 'bonus_lists': [6908, 6652, 1685], 'modifiers': [{'type': 9, 'value': 60}, {'type': 28, 'value': 1707}]}"
1200702844,VERY_LONG,,1,100008200,,"{'id': 171417, 'context': 64, 'bonus_lists': [6717, 1507]}"
1200702865,VERY_LONG,3004000,3,,,{'id': 172415}
1200705136,VERY_LONG,,1,2800000,,"{'id': 154695, 'context': 0}"
1200705138,VERY_LONG,,1,2800000,,"{'id': 154695, 'context': 0}"
1200705141,VERY_LONG,,1,2800000,,"{'id': 154695, 'context': 0}"
1200705145,VERY_LONG,,1,2800000,,"{'id': 154695, 'context': 0}"
1200705146,VERY_LONG,,1,2800000,,"{'id': 154695, 'context': 0}"
1200705237,VERY_LONG,,1,249949800,,"{'id': 173087, 'context': 13}"
1200705239,VERY_LONG,,1,80003500,,"{'id': 173078, 'context': 13}"
1200705248,VERY_LONG,22121600,1,,,{'id': 173072}
1200705249,VERY_LONG,1400000,15,,,{'id': 173070}
1200705250,VERY_LONG,22271700,3,,,{'id': 173075}
1200705251,VERY_LONG,10000000,8,,,{'id': 173093}
1200705253,VERY_LONG,1500000,9,,,{'id': 173079}
1200705254,VERY_LONG,1835300,3,,,{'id': 173081}
1200705255,VERY_LONG,8950000,15,,,{'id': 173103}
1200705320,VERY_LONG,,1,760998100,,"{'id': 41508, 'context': 0, 'bonus_lists': [6883]}"
1200705321,LONG,7500,3105,,,{'id': 10620}
1200705322,LONG,5499000,56,,,{'id': 12360}
1200705324,VERY_LONG,49900,50,,,{'id': 37705}
1200705326,VERY_LONG,41800,50,,,{'id': 37701}
1200705327,VERY_LONG,99900,50,,,{'id': 37703}
1200705328,VERY_LONG,,1,133329500,,"{'id': 82800, 'context': 0, 'modifiers': [{'type': 6, 'value': 53748}], 'pet_breed_id': 18, 'pet_level': 25, 'pet_quality_id': 3, 'pet_species_id': 1387}"
1200705332,VERY_LONG,,1,996300,,"{'id': 60218, 'context': 0}"
1200705333,VERY_LONG,,1,996300,,"{'id': 60218, 'context': 0}"
1200705335,VERY_LONG,,1,996300,,"{'id': 60218, 'context': 0}"
1200705336,VERY_LONG,,1,996300,,"{'id': 60218, 'context': 0}"
1200705337,VERY_LONG,,1,996300,,"{'id': 60218, 'context': 0}"
1200705338,VERY_LONG,,1,996300,,"{'id': 60218, 'context': 0}"
1200705339,VERY_LONG,,1,996300,,"{'id': 60218, 'context': 0}"
1200705340,VERY_LONG,,1,996300,,"{'id': 60218, 'context': 0}"
1200705341,VERY_LONG,,1,996300,,"{'id': 60218, 'context': 0}"
1200705342,VERY_LONG,,1,996300,,"{'id': 60218, 'context': 0}"
1200705343,VERY_LONG,,1,996300,,"{'id': 60218, 'context': 0}"
1200705344,VERY_LONG,,1,996300,,"{'id': 60218, 'context': 0}"
1200705345,VERY_LONG,,1,996300,,"{'id': 60218, 'context': 0}"
1200705346,VERY_LONG,,1,996300,,"{'id': 60218, 'context': 0}"
1200705347,VERY_LONG,,1,996300,,"{'id': 60218, 'context': 0}"
1200705349,VERY_LONG,512200,2,,,{'id': 173204}
1200705350,VERY_LONG,49000,29,,,{'id': 173202}
1200705354,VERY_LONG,1756200,200,,,{'id': 173173}
1200705360,VERY_LONG,2999200,30,,,{'id': 68049}
1200705361,VERY_LONG,5659700,200,,,{'id': 173170}
1200705428,VERY_LONG,1000,2,,,{'id': 152511}
1200705449,VERY_LONG,513200,1595,,,{'id': 173204}
1200705452,VERY_LONG,,1,959999900,,"{'id': 184799, 'context': 0, 'bonus_lists': [6652, 1472, 6646], 'modifiers': [{'type': 28, 'value': 1707}]}"
1200705453,VERY_LONG,,1,2000000000,,"{'id': 181393, 'context': 0, 'bonus_lists': [6652, 1472, 6646], 'modifiers': [{'type': 28, 'value': 1707}]}"
1200705460,VERY_LONG,513000,1590,,,{'id': 173204}
1200705462,VERY_LONG,,1,649999900,,"{'id': 184804, 'context': 0, 'bonus_lists': [6652, 1472, 6646], 'modifiers': [{'type': 28, 'value': 1707}]}"
1200705463,VERY_LONG,,1,249999900,,"{'id': 184809, 'context': 0, 'bonus_lists': [6652, 1472, 6646], 'modifiers': [{'type': 28, 'value': 1707}]}"
1200705471,VERY_LONG,512800,1012,,,{'id': 173204}
1200705473,VERY_LONG,,1,450009600,,"{'id': 184789, 'context': 0, 'bonus_lists': [6652, 1472, 6646], 'modifiers': [{'type': 28, 'value': 1707}]}"
1200705475,VERY_LONG,,1,749999900,,"{'id': 184793, 'context': 0, 'bonus_lists': [43, 1472, 6646], 'modifiers': [{'type': 28, 'value': 1707}]}"
1200705482,VERY_LONG,30000,9,,,{'id': 152579}
1200705488,VERY_LONG,1000,7,,,{'id': 152509}
1200705500,VERY_LONG,2800,1,,,{'id': 152506}
1200705513,VERY_LONG,,1,999999800,,"{'id': 184800, 'context': 0, 'bonus_lists': [6652, 1472, 6646], 'modifiers': [{'type': 28, 'value': 1707}]}"
1200705514,VERY_LONG,,1,999999800,,"{'id': 184800, 'context': 0, 'bonus_lists': [6652, 1472, 6646], 'modifiers': [{'type': 28, 'value': 1707}]}"
1200705516,VERY_LONG,,1,1250008000,,"{'id': 184784, 'context': 0, 'bonus_lists': [6652, 7194, 1472, 6646], 'modifiers': [{'type': 28, 'value': 1707}]}"
1200705528,VERY_LONG,10000,1,,,{'id': 152513}
1200705532,VERY_LONG,5000,1,,,{'id': 152505}
1200705535,VERY_LONG,90000,7,,,{'id': 152512}
1200705583,VERY_LONG,,1,780500,,"{'id': 159171, 'context': 0, 'bonus_lists': [6654, 1710], 'modifiers': [{'type': 9, 'value': 33}, {'type': 28, 'value': 1227}]}"
1200705587,VERY_LONG,100000,1,,,{'id': 5635}
1200705591,VERY_LONG,500,8,,,{'id': 3173}
1200705595,VERY_LONG,10200,6,,,{'id': 2934}
1200705603,VERY_LONG,48900,9,,,{'id': 2318}
1200705606,VERY_LONG,1000,8,,,{'id': 154897}
1200705609,VERY_LONG,300,2,,,{'id': 154722}
1200705611,VERY_LONG,1700000,10,,,{'id': 171428}
1200705613,VERY_LONG,1900,2,,,{'id': 154165}
1200705619,VERY_LONG,6600,1,,,{'id': 153051}
1200705635,VERY_LONG,14000,8,,,{'id': 153050}
1200705662,VERY_LONG,71000,1,,,{'id': 152577}
1200705695,VERY_LONG,3000,2,,,{'id': 172052}
1200705731,VERY_LONG,19190000,10,,,{'id': 172043}
1200705737,VERY_LONG,29900,13,,,{'id': 152541}
1200705743,VERY_LONG,35000,2,,,{'id': 171841}
1200705749,VERY_LONG,89500,3,,,{'id': 152512}
1200705759,VERY_LONG,48500,19,,,{'id': 173202}
1200705770,VERY_LONG,,1,18500000,,"{'id': 82800, 'context': 0, 'modifiers': [{'type': 6, 'value': 47931}], 'pet_breed_id': 17, 'pet_level': 1, 'pet_quality_id': 3, 'pet_species_id': 1478}"
1200705778,VERY_LONG,48500,12,,,{'id': 173202}
1200705780,VERY_LONG,990000,28,,,{'id': 172055}
1200705783,VERY_LONG,24700,20,,,{'id': 172054}
1200705787,VERY_LONG,17700,6,,,{'id': 179315}
1200705789,VERY_LONG,390500,25,,,{'id': 172053}
1200705791,VERY_LONG,365900,7,,,{'id': 173033}
1200705792,VERY_LONG,3000,8,,,{'id': 173032}
1200705793,VERY_LONG,249700,10,,,{'id': 173035}
1200705796,VERY_LONG,405400,5,,,{'id': 173036}
1200705800,VERY_LONG,709900,7,,,{'id': 172231}
1200705806,VERY_LONG,1009500,20,,,{'id': 171290}
1200705810,VERY_LONG,756400,20,,,{'id': 171288}
1200705816,VERY_LONG,1009700,10,,,{'id': 171289}
1200705855,VERY_LONG,5000,1,,,{'id': 7910}
1200705858,VERY_LONG,50000,5,,,{'id': 173110}
1200705863,VERY_LONG,785500,6,,,{'id': 172094}
1200705865,VERY_LONG,15000,1,,,{'id': 52979}
1200705868,VERY_LONG,38800,119,,,{'id': 172089}
1200705870,VERY_LONG,24600,58,,,{'id': 172092}
1200705873,VERY_LONG,1494400,1,,,{'id': 171833}
1200705874,VERY_LONG,139500,6,,,{'id': 171829}
1200705875,VERY_LONG,150000,7,,,{'id': 171830}
1200705876,VERY_LONG,161700,7,,,{'id': 171831}
1200705905,VERY_LONG,,1,4450000000,,"{'id': 82800, 'context': 0, 'modifiers': [{'type': 6, 'value': 22903}], 'pet_breed_id': 15, 'pet_level': 25, 'pet_quality_id': 3, 'pet_species_id': 168}"
1200705928,VERY_LONG,,1,4999990000,,"{'id': 82800, 'context': 0, 'modifiers': [{'type': 6, 'value': 37846}], 'pet_breed_id': 15, 'pet_level': 1, 'pet_quality_id': 3, 'pet_species_id': 303}"
1200706036,VERY_LONG,130000,67,,,{'id': 173130}
1200706038,VERY_LONG,290000,5,,,{'id': 173128}
1200706062,VERY_LONG,295000,4,,,{'id': 171301}
1200708221,VERY_LONG,512200,1,,,{'id': 173204}
1200708224,VERY_LONG,150000,4,,,{'id': 172230}
1200708460,VERY_LONG,4900,77,,,{'id': 4338}
1200708465,VERY_LONG,,1,10542500,,"{'id': 10123, 'context': 1, 'bonus_lists': [6654, 1692], 'modifiers': [{'type': 9, 'value': 23}, {'type': 28, 'value': 1920}]}"
1200708471,VERY_LONG,39700,1,,,{'id': 12808}
1200708475,VERY_LONG,,1,1500000,,"{'id': 6585, 'context': 1, 'bonus_lists': [6654, 1679], 'modifiers': [{'type': 9, 'value': 24}, {'type': 28, 'value': 1920}]}"
1200708480,VERY_LONG,,1,1515100,,"{'id': 15325, 'context': 1, 'bonus_lists': [6655, 1695], 'modifiers': [{'type': 9, 'value': 23}, {'type': 28, 'value': 1920}]}"
1200708483,VERY_LONG,29900,2,,,{'id': 783}
1200708485,VERY_LONG,89900,5,,,{'id': 2319}
1200708486,VERY_LONG,48900,27,,,{'id': 2318}
1200708489,VERY_LONG,18000,2,,,{'id': 4304}
1200708589,VERY_LONG,,1,6509700,,"{'id': 82800, 'context': 0, 'modifiers': [{'type': 6, 'value': 99917}], 'pet_breed_id': 15, 'pet_level': 1, 'pet_quality_id': 2, 'pet_species_id': 3008}"
1200708590,VERY_LONG,7500000,2,,,{'id': 137287}
1200708591,VERY_LONG,,1,48597900,,"{'id': 4335, 'context': 1, 'bonus_lists': [6835]}"
1200708593,VERY_LONG,15196300,3,,,{'id': 139358}
1200708594,VERY_LONG,,1,1483049200,,"{'id': 161134, 'context': 13}"
1200708595,VERY_LONG,3000,2,,,{'id': 172052}
1200708596,VERY_LONG,,1,69142600,,"{'id': 138792, 'context': 13}"
1200708597,VERY_LONG,,1,69142600,,"{'id': 138792, 'context': 13}"
1200708598,VERY_LONG,,1,164801400,,"{'id': 82800, 'context': 0, 'modifiers': [{'type': 6, 'value': 6192}], 'pet_breed_id': 3, 'pet_level': 1, 'pet_quality_id': 3, 'pet_species_id': 49}"
1200708599,VERY_LONG,12944800,3,,,{'id': 137191}
1200708600,VERY_LONG,,1,2149999600,,"{'id': 72145, 'context': 0}"
1200708601,VERY_LONG,,1,99000000,,"{'id': 82800, 'context': 0, 'modifiers': [{'type': 6, 'value': 99916}], 'pet_breed_id': 13, 'pet_level': 1, 'pet_quality_id': 2, 'pet_species_id': 2959}"
1200708603,VERY_LONG,14000000,2,,,{'id': 153031}
1200708604,VERY_LONG,,1,34000000,,"{'id': 82800, 'context': 0, 'modifiers': [{'type': 6, 'value': 99852}], 'pet_breed_id': 10, 'pet_level': 1, 'pet_quality_id': 2, 'pet_species_id': 3035}"
1200708606,VERY_LONG,,1,274850000,,"{'id': 30733, 'context': 0}"
1200708607,VERY_LONG,,1,34700000,,"{'id': 138791, 'context': 13}"
1200708608,VERY_LONG,,1,34700000,,"{'id': 138791, 'context': 13}"
1200708609,VERY_LONG,,1,391762100,,"{'id': 142265, 'context': 0}"
1200708610,VERY_LONG,,1,14414000,,"{'id': 82800, 'context': 0, 'modifiers': [{'type': 6, 'value': 61891}], 'pet_breed_id': 12, 'pet_level': 1, 'pet_quality_id': 3, 'pet_species_id': 1626}"
1200708611,VERY_LONG,9850000,6,,,{'id': 128552}
1200708612,VERY_LONG,5000000,2,,,{'id': 110652}
1200708613,VERY_LONG,380500,1,,,{'id': 172053}
1200708614,VERY_LONG,,1,60004100,,"{'id': 82800, 'context': 0, 'modifiers': [{'type': 6, 'value': 42872}], 'pet_breed_id': 3, 'pet_level': 1, 'pet_quality_id': 2, 'pet_species_id': 630}"
1200708615,VERY_LONG,,1,30990000,,"{'id': 138793, 'context': 13}"
1200708616,VERY_LONG,,1,30990000,,"{'id': 138793, 'context': 13}"
1200708618,VERY_LONG,,1,336000000,,"{'id': 82800, 'context': 0, 'modifiers': [{'type': 6, 'value': 39163}], 'pet_breed_id': 3, 'pet_level': 1, 'pet_quality_id': 2, 'pet_species_id': 341}"
1200708619,VERY_LONG,19999800,3,,,{'id': 170173}
1200708620,VERY_LONG,23929300,2,,,{'id': 110649}
1200708621,VERY_LONG,,1,389983600,,"{'id': 94589, 'context': 0, 'bonus_lists': [6883]}"
1200708623,VERY_LONG,79615700,2,,,{'id': 153036}
1200708624,VERY_LONG,,1,759575000,,"{'id': 164559, 'context': 11}"
1200708625,VERY_LONG,,1,4009700,,"{'id': 82800, 'context': 0, 'modifiers': [{'type': 6, 'value': 90028}], 'pet_breed_id': 9, 'pet_level': 1, 'pet_quality_id': 2, 'pet_species_id': 2538}"
1200708626,LONG,1939700,9,,,{'id': 36860}
1200708628,VERY_LONG,,1,99970000,,"{'id': 82800, 'context': 0, 'modifiers': [{'type': 6, 'value': 22389}], 'pet_breed_id': 3, 'pet_level': 1, 'pet_quality_id': 3, 'pet_species_id': 164}"
1200708629,VERY_LONG,17700,3,,,{'id': 179315}
1200708630,VERY_LONG,,1,557565600,,"{'id': 44973, 'context': 15}"
1200708631,VERY_LONG,52321600,1,,,{'id': 139312}
1200708633,VERY_LONG,,1,260004300,,"{'id': 116691, 'context': 11}"
1200708634,VERY_LONG,,1,49933800,,"{'id': 82800, 'context': 0, 'modifiers': [{'type': 6, 'value': 97089}], 'pet_breed_id': 14, 'pet_level': 1, 'pet_quality_id': 2, 'pet_species_id': 3028}"
1200708635,VERY_LONG,22870000,3,,,{'id': 129020}
1200708636,VERY_LONG,11999400,2,,,{'id': 110626}
1200708637,VERY_LONG,512200,5,,,{'id': 173204}
1200708638,VERY_LONG,,1,299999300,,"{'id': 83089, 'context': 0}"
1200708639,VERY_LONG,441911100,1,,,{'id': 153251}
1200708640,VERY_LONG,,1,500000000,,"{'id': 82800, 'context': 0, 'modifiers': [{'type': 6, 'value': 39333}], 'pet_breed_id': 3, 'pet_level': 1, 'pet_quality_id': 2, 'pet_species_id': 342}"
1200708644,VERY_LONG,71800,5,,,{'id': 179314}
1200708645,LONG,109631000,23,,,{'id': 141333}
1200708646,VERY_LONG,,1,667082500,,"{'id': 172450, 'context': 23}"
1200708647,LONG,4600000,36,,,{'id': 132514}
1200708648,VERY_LONG,,1,27500000,,"{'id': 82800, 'context': 0, 'modifiers': [{'type': 6, 'value': 90176}], 'pet_breed_id': 5, 'pet_level': 1, 'pet_quality_id': 3, 'pet_species_id': 2553}"
1200708649,VERY_LONG,,1,356000000,,"{'id': 82800, 'context': 0, 'modifiers': [{'type': 6, 'value': 60930}], 'pet_breed_id': 14, 'pet_level': 1, 'pet_quality_id': 3, 'pet_species_id': 1576}"
1200708650,VERY_LONG,,1,267946700,,"{'id': 13034, 'context': 0}"
1200708652,VERY_LONG,,1,250000000,,"{'id': 67151, 'context': 0}"
1200708653,VERY_LONG,8987800,2,,,{'id': 110647}
1200708654,VERY_LONG,9998400,1,,,{'id': 110625}
1200708656,VERY_LONG,74102900,3,,,{'id': 139352}
1200708657,VERY_LONG,,1,1099997500,,"{'id': 82453, 'context': 1}"
1200708659,VERY_LONG,,1,119998900,,"{'id': 82800, 'context': 0, 'modifiers': [{'type': 6, 'value': 99874}], 'pet_breed_id': 17, 'pet_level': 1, 'pet_quality_id': 2, 'pet_species_id': 2897}"
1200708660,VERY_LONG,,1,556000000,,"{'id': 82800, 'context': 0, 'modifiers': [{'type': 6, 'value': 99904}], 'pet_breed_id': 5, 'pet_level': 1, 'pet_quality_id': 2, 'pet_species_id': 2900}"
1200708661,LONG,,1,260546300,,"{'id': 169321, 'context': 13, 'bonus_lists': [6883]}"
1200708663,VERY_LONG,19895300,1,,,{'id': 129021}
1200708664,VERY_LONG,,1,133222000,,"{'id': 82775, 'context': 1}"
1200708665,VERY_LONG,,1,999990000,,"{'id': 82800, 'context': 0, 'modifiers': [{'type': 6, 'value': 86101}], 'pet_breed_id': 6, 'pet_level': 1, 'pet_quality_id': 3, 'pet_species_id': 2187}"
1200708666,VERY_LONG,,1,145258400,,"{'id': 138794, 'context': 13}"
1200708667,VERY_LONG,,1,145258400,,"{'id': 138794, 'context': 13}"
1200708669,VERY_LONG,,1,654754900,,"{'id': 47602, 'context': 0}"
1200708670,VERY_LONG,,1,345990000,,"{'id': 82800, 'context': 0, 'modifiers': [{'type': 6, 'value': 74794}], 'pet_breed_id': 21, 'pet_level': 1, 'pet_quality_id': 2, 'pet_species_id': 3066}"
1200708671,VERY_LONG,21109900,2,,,{'id': 137293}
1200708672,VERY_LONG,,1,130000000,,"{'id': 82800, 'context': 0, 'modifiers': [{'type': 6, 'value': 91224}], 'pet_breed_id': 17, 'pet_level': 1, 'pet_quality_id': 3, 'pet_species_id': 2762}"
1200708674,VERY_LONG,20548500,1,,,{'id': 153033}
1200708675,VERY_LONG,33887800,3,,,{'id': 129022}
1200708677,VERY_LONG,,1,299999200,,"{'id': 83090, 'context': 1, 'bonus_lists': [6873]}"
1200708680,VERY_LONG,11677900,3,,,{'id': 139362}
1200708683,VERY_LONG,,1,456481800,,"{'id': 44413, 'context': 0, 'bonus_lists': [6883]}"
1200708685,VERY_LONG,23631000,2,,,{'id': 128546}
1200708687,VERY_LONG,22999900,2,,,{'id': 137250}
1200708689,LONG,,1,68969900,,"{'id': 54446, 'context': 0}"
1200708693,VERY_LONG,18005200,2,,,{'id': 110645}
1200708698,VERY_LONG,,1,55053900,,"{'id': 82800, 'context': 0, 'modifiers': [{'type': 6, 'value': 97090}], 'pet_breed_id': 15, 'pet_level': 1, 'pet_quality_id': 2, 'pet_species_id': 3029}"
1200708701,VERY_LONG,18624800,2,,,{'id': 128547}
1200708703,VERY_LONG,19599600,1,,,{'id': 3824}
1200708705,VERY_LONG,47912300,1,,,{'id': 140630}
1200708708,VERY_LONG,19996800,2,,,{'id': 110624}
1200708709,VERY_LONG,370000,13,,,{'id': 124669}
1200708711,VERY_LONG,22456000,3,,,{'id': 139438}
1200708712,VERY_LONG,20000000,2,,,{'id': 110633}
1200708713,VERY_LONG,,1,2300000000,,"{'id': 163573, 'context': 0}"
1200708714,VERY_LONG,30002300,1,,,{'id': 139435}
1200708715,VERY_LONG,16880000,3,,,{'id': 137249}
1200708716,VERY_LONG,,1,70002900,,"{'id': 82800, 'context': 0, 'modifiers': [{'type': 6, 'value': 45939}], 'pet_breed_id': 12, 'pet_level': 1, 'pet_quality_id': 3, 'pet_species_id': 337}"
1200708717,VERY_LONG,8000000,5,,,{'id': 141909}
1200708718,VERY_LONG,27528400,3,,,{'id': 139348}
1200708719,VERY_LONG,18135300,3,,,{'id': 137239}
1200708720,LONG,19990000,47,,,{'id': 72104}
1200708723,VERY_LONG,,1,98096700,,"{'id': 165741, 'context': 11, 'modifiers': [{'type': 28, 'value': 391}]}"
1200708724,VERY_LONG,,1,195000000,,"{'id': 153594, 'context': 13}"
1200708725,VERY_LONG,4329200,2,,,{'id': 110635}
1200708726,VERY_LONG,,1,6989800,,"{'id': 82800, 'context': 0, 'modifiers': [{'type': 6, 'value': 95141}], 'pet_breed_id': 8, 'pet_level': 1, 'pet_quality_id': 3, 'pet_species_id': 2832}"
1200708727,VERY_LONG,42459600,2,,,{'id': 151540}
1200708729,VERY_LONG,,1,1690000000,,"{'id': 163576, 'context': 0, 'modifiers': [{'type': 28, 'value': 805}]}"
1200708730,VERY_LONG,21940000,2,,,{'id': 166664}
1200708731,VERY_LONG,8885700,3,,,{'id': 162027}
1200708733,VERY_LONG,9998000,1,,,{'id': 110646}
1200708734,VERY_LONG,293136500,2,,,{'id': 38878}
1200708735,VERY_LONG,100000000,1,,,{'id': 137289}
1200708737,LONG,,1,8009400,,"{'id': 116261, 'context': 0}"
1200708738,LONG,,1,8009400,,"{'id': 116261, 'context': 0}"
1200708740,VERY_LONG,,1,8000000,,"{'id': 116260, 'context': 0}"
1200708742,VERY_LONG,240000,3,,,{'id': 19223}
1200708743,VERY_LONG,,1,8000000,,"{'id': 116260, 'context': 0}"
1200708744,VERY_LONG,,1,2000000000,,"{'id': 82800, 'context': 0, 'modifiers': [{'type': 6, 'value': 99928}], 'pet_breed_id': 8, 'pet_level': 1, 'pet_quality_id': 2, 'pet_species_id': 2964}"
1200708747,VERY_LONG,,1,8000000,,"{'id': 82800, 'context': 0, 'modifiers': [{'type': 6, 'value': 88008}], 'pet_breed_id': 14, 'pet_level': 1, 'pet_quality_id': 3, 'pet_species_id': 2454}"
1200708748,VERY_LONG,,1,4103108000,,"{'id': 82800, 'context': 0, 'modifiers': [{'type': 6, 'value': 16943}], 'pet_breed_id': 3, 'pet_level': 1, 'pet_quality_id': 3, 'pet_species_id': 130}"
1200708749,VERY_LONG,,1,4658500,,"{'id': 171442, 'context': 13, 'bonus_lists': [6893], 'modifiers': [{'type': 9, 'value': 60}, {'type': 28, 'value': 391}, {'type': 29, 'value': 40}, {'type': 30, 'value': 49}]}"
1200708750,VERY_LONG,,1,196000000,,"{'id': 82800, 'context': 0, 'modifiers': [{'type': 6, 'value': 97091}], 'pet_breed_id': 21, 'pet_level': 1, 'pet_quality_id': 2, 'pet_species_id': 3040}"
1200708751,VERY_LONG,,1,47257000,,"{'id': 82800, 'context': 0, 'modifiers': [{'type': 6, 'value': 87999}], 'pet_breed_id': 7, 'pet_level': 1, 'pet_quality_id': 3, 'pet_species_id': 2445}"
1200708753,VERY_LONG,,1,233000000,,"{'id': 82800, 'context': 0, 'modifiers': [{'type': 6, 'value': 95582}], 'pet_breed_id': 8, 'pet_level': 1, 'pet_quality_id': 2, 'pet_species_id': 2914}"
1200708754,VERY_LONG,,1,198999600,,"{'id': 82800, 'context': 0, 'modifiers': [{'type': 6, 'value': 98482}], 'pet_breed_id': 17, 'pet_level': 1, 'pet_quality_id': 2, 'pet_species_id': 3062}"
1200708755,LONG,18249800,5,,,{'id': 76096}
1200708756,VERY_LONG,,1,306000000,,"{'id': 82800, 'context': 0, 'modifiers': [{'type': 6, 'value': 90412}], 'pet_breed_id': 15, 'pet_level': 1, 'pet_quality_id': 3, 'pet_species_id': 2565}"
1200708757,VERY_LONG,,1,275000000,,"{'id': 82800, 'context': 0, 'modifiers': [{'type': 6, 'value': 90279}], 'pet_breed_id': 8, 'pet_level': 1, 'pet_quality_id': 3, 'pet_species_id': 2564}"
1200708759,VERY_LONG,100000000,1,,,{'id': 74728}
1200708760,VERY_LONG,,1,49999500,,"{'id': 82800, 'context': 0, 'modifiers': [{'type': 6, 'value': 99923}], 'pet_breed_id': 8, 'pet_level': 1, 'pet_quality_id': 2, 'pet_species_id': 3034}"
1200708762,VERY_LONG,26817000,2,,,{'id': 137288}
1200708763,VERY_LONG,100,3,,,{'id': 19305}
1200708764,VERY_LONG,29000000,2,,,{'id': 110631}
1200708765,VERY_LONG,22441600,2,,,{'id': 110632}
1200708766,VERY_LONG,,1,850000000,,"{'id': 151269, 'context': 14}"
1200708767,VERY_LONG,,1,299997500,,"{'id': 83088, 'context': 0}"
1200708768,VERY_LONG,20000700,2,,,{'id': 144305}
1200708770,VERY_LONG,1600,2,,,{'id': 73260}
1200708772,VERY_LONG,15999700,4,,,{'id': 110654}
1200708774,VERY_LONG,,1,3000000000,,"{'id': 82800, 'context': 0, 'modifiers': [{'type': 6, 'value': 38919}], 'pet_breed_id': 11, 'pet_level': 25, 'pet_quality_id': 3, 'pet_species_id': 333}"
1200708775,VERY_LONG,13916800,2,,,{'id': 137238}
1200708777,VERY_LONG,,1,35264500,,"{'id': 146953, 'context': 0}"
1200708778,VERY_LONG,,1,624799000,,"{'id': 65891, 'context': 0}"
1200708779,LONG,2630000,35,,,{'id': 77468}
1200708780,VERY_LONG,46956400,2,,,{'id': 139442}
1200708781,VERY_LONG,,1,500000000,,"{'id': 82800, 'context': 0, 'modifiers': [{'type': 6, 'value': 5448}], 'pet_breed_id': 7, 'pet_level': 25, 'pet_quality_id': 3, 'pet_species_id': 42}"
1200708786,VERY_LONG,3589400,1,,,{'id': 151257}
1200708821,VERY_LONG,49980000,20,,,{'id': 161344}
1200708823,VERY_LONG,24600,32,,,{'id': 172092}
1200708825,VERY_LONG,259900,5,,,{'id': 168586}
1200708826,VERY_LONG,17700,2,,,{'id': 179315}
1200708832,VERY_LONG,5900000,1,,,{'id': 172097}
1200708836,VERY_LONG,3999900,142,,,{'id': 168825}
1200708837,VERY_LONG,,1,2000000,,"{'id': 179332, 'context': 5, 'bonus_lists': [6908, 6652, 1691], 'modifiers': [{'type': 9, 'value': 60}, {'type': 28, 'value': 752}]}"
1200708839,VERY_LONG,38800,3,,,{'id': 172089}
1200708841,VERY_LONG,380500,1,,,{'id': 172053}
1200708842,VERY_LONG,512200,6,,,{'id': 173204}
1200708846,VERY_LONG,24700,3,,,{'id': 172054}
1200708863,VERY_LONG,161700,5,,,{'id': 171831}
1200708871,VERY_LONG,1900,1,,,{'id': 171441}
1200708969,VERY_LONG,,1,98194637000,,"{'id': 49282, 'context': 0}"
1200708977,VERY_LONG,,1,66327544000,,"{'id': 49286, 'context': 15}"
1200708986,VERY_LONG,,1,3563608200,,"{'id': 82800, 'context': 0, 'modifiers': [{'type': 6, 'value': 98470}], 'pet_breed_id': 15, 'pet_level': 1, 'pet_quality_id': 2, 'pet_species_id': 3011}"
1200708993,VERY_LONG,,1,5000000000,,"{'id': 158180, 'context': 0}"
1200709062,LONG,1849000,185,,,{'id': 35625}
1200709066,LONG,5050400,27,,,{'id': 58489}
1200709068,VERY_LONG,,1,366729900,,"{'id': 34061, 'context': 0, 'bonus_lists': [6883]}"
1200709070,VERY_LONG,,1,8993600,,"{'id': 82800, 'context': 0, 'modifiers': [{'type': 6, 'value': 88004}], 'pet_breed_id': 8, 'pet_level': 1, 'pet_quality_id': 3, 'pet_species_id': 2450}"
1200709071,VERY_LONG,,1,1156000000,,"{'id': 82800, 'context': 0, 'modifiers': [{'type': 6, 'value': 8409}], 'pet_breed_id': 10, 'pet_level': 25, 'pet_quality_id': 3, 'pet_species_id': 172}"
1200709072,VERY_LONG,39948100,2,,,{'id': 118015}
1200709073,VERY_LONG,,1,32170400,,"{'id': 82800, 'context': 0, 'modifiers': [{'type': 6, 'value': 76763}], 'pet_breed_id': 5, 'pet_level': 1, 'pet_quality_id': 3, 'pet_species_id': 2559}"
1200709075,VERY_LONG,,1,19999900,,"{'id': 82800, 'context': 0, 'modifiers': [{'type': 6, 'value': 28217}], 'pet_breed_id': 7, 'pet_level': 1, 'pet_quality_id': 2, 'pet_species_id': 196}"
1200709077,VERY_LONG,,1,587921300,,"{'id': 21874, 'context': 0}"
1200709079,VERY_LONG,5225600,200,,,{'id': 129034}
1200709085,VERY_LONG,,1,51677600,,"{'id': 128535, 'context': 13}"
1200709089,VERY_LONG,66910900,8,,,{'id': 74703}
1200709091,LONG,7000000,22,,,{'id': 41163}
1200709092,VERY_LONG,3499000,1,,,{'id': 128541}
1200709094,VERY_LONG,,1,499999800,,"{'id': 22383, 'context': 1}"
1200709095,VERY_LONG,,1,499998800,,"{'id': 94584, 'context': 0}"
1200709097,VERY_LONG,100000000,1,,,{'id': 38920}
1200709098,VERY_LONG,20000000,1,,,{'id': 38778}
1200709100,VERY_LONG,,1,268170300,,"{'id': 12260, 'context': 1, 'bonus_lists': [6867]}"
1200712102,VERY_LONG,,1,4999992900,,"{'id': 82800, 'context': 0, 'modifiers': [{'type': 6, 'value': 60441}], 'pet_breed_id': 20, 'pet_level': 25, 'pet_quality_id': 3, 'pet_species_id': 1544}"
1200712104,VERY_LONG,39476500,2,,,{'id': 76668}
1200712107,VERY_LONG,,1,367731400,,"{'id': 52251, 'context': 11}"
1200712110,LONG,2630000,10,,,{'id': 77468}
1200712111,VERY_LONG,31823100,2,,,{'id': 139271}
1200712112,VERY_LONG,24990000,2,,,{'id': 139278}
1200712113,VERY_LONG,59812800,2,,,{'id': 151542}
1200712114,VERY_LONG,20000000,1,,,{'id': 38849}
1200712115,VERY_LONG,,1,899997600,,"{'id': 87251, 'context': 0, 'bonus_lists': [6827]}"
1200712116,LONG,,1,387119300,,"{'id': 70165, 'context': 1, 'bonus_lists': [6882]}"
1200712120,VERY_LONG,,1,3406547100,,"{'id': 10626, 'context': 1, 'bonus_lists': [6710], 'modifiers': [{'type': 9, 'value': 30}, {'type': 28, 'value': 216}]}"
1200712121,VERY_LONG,,1,949926600,,"{'id': 10633, 'context': 1}"
1200712123,VERY_LONG,,1,343405100,,"{'id': 25682, 'context': 1, 'bonus_lists': [6863]}"
1200712125,VERY_LONG,,1,1190103100,,"{'id': 69941, 'context': 0}"
1200712126,VERY_LONG,2519200,19,,,{'id': 130250}
1200712129,VERY_LONG,12461700,2,,,{'id': 137188}
1200712131,VERY_LONG,35000000,3,,,{'id': 143750}
1200712135,VERY_LONG,,1,400000000,,"{'id': 164276, 'context': 11}"
1200712137,VERY_LONG,,1,1600000000,,"{'id': 82800, 'context': 0, 'modifiers': [{'type': 6, 'value': 61550}], 'pet_breed_id': 4, 'pet_level': 25, 'pet_quality_id': 3, 'pet_species_id': 1539}"
1200712139,VERY_LONG,,1,1003327800,,"{'id': 80008, 'context': 0}"
1200712143,VERY_LONG,3500000,14,,,{'id': 23784}
1200712144,VERY_LONG,115640300,1,,,{'id': 76885}
1200712145,VERY_LONG,,1,499998400,,"{'id': 94587, 'context': 0, 'bonus_lists': [6883]}"
1200712146,VERY_LONG,36138900,4,,,{'id': 144307}
1200712147,VERY_LONG,,1,39470000,,"{'id': 138790, 'context': 13}"
1200712149,VERY_LONG,,1,39470000,,"{'id': 138790, 'context': 13}"
1200712150,VERY_LONG,25000000,2,,,{'id': 41611}
1200712152,VERY_LONG,,1,86111600,,"{'id': 128533, 'context': 13}"
1200712153,VERY_LONG,20000000,1,,,{'id': 52773}
1200712156,VERY_LONG,1499300,13,,,{'id': 127840}
1200712158,VERY_LONG,29734200,1,,,{'id': 128558}
1200712159,VERY_LONG,8940000,1,,,{'id': 141908}
1200712160,VERY_LONG,,1,256000000,,"{'id': 82800, 'context': 0, 'modifiers': [{'type': 6, 'value': 30298}], 'pet_breed_id': 18, 'pet_level': 1, 'pet_quality_id': 3, 'pet_species_id': 2527}"
1200712161,VERY_LONG,20000000,2,,,{'id': 112115}
1200712162,VERY_LONG,21780000,2,,,{'id': 139289}
1200712163,LONG,470600,452,,,{'id': 129032}
1200712164,VERY_LONG,,1,500009200,,"{'id': 23540, 'context': 0, 'bonus_lists': [6883]}"
1200712166,VERY_LONG,46293200,2,,,{'id': 34330}
1200712167,VERY_LONG,145320300,1,,,{'id': 76888}
1200712168,VERY_LONG,,1,436095200,,"{'id': 144393, 'context': 14}"
1200712169,VERY_LONG,20989600,3,,,{'id': 139436}
1200712171,VERY_LONG,,1,269996400,,"{'id': 82800, 'context': 0, 'modifiers': [{'type': 6, 'value': 99860}], 'pet_breed_id': 12, 'pet_level': 1, 'pet_quality_id': 2, 'pet_species_id': 2947}"
1200712173,VERY_LONG,33194200,1,,,{'id': 76535}
1200712174,VERY_LONG,,1,885074600,,"{'id': 19167, 'context': 1}"
1200712177,VERY_LONG,22009000,3,,,{'id': 139315}
1200712179,VERY_LONG,,1,514544600,,"{'id': 44980, 'context': 15}"
1200712181,VERY_LONG,,1,482985800,,"{'id': 82800, 'context': 0, 'modifiers': [{'type': 6, 'value': 76761}], 'pet_breed_id': 11, 'pet_level': 1, 'pet_quality_id': 3, 'pet_species_id': 2419}"
1200712182,VERY_LONG,470600,152,,,{'id': 129032}
1200712183,VERY_LONG,6948400,1,,,{'id': 52755}
1200712186,VERY_LONG,16876000,3,,,{'id': 137267}
1200712187,VERY_LONG,25838600,2,,,{'id': 139270}
1200712189,LONG,,1,81989900,,"{'id': 173244, 'context': 64, 'bonus_lists': [6717, 1507]}"
1200712190,LONG,,1,81989900,,"{'id': 173244, 'context': 64, 'bonus_lists': [6717, 1507]}"
1200712191,VERY_LONG,,1,35000200,,"{'id': 138795, 'context': 13}"
1200712192,LONG,,1,81989900,,"{'id': 173244, 'context': 64, 'bonus_lists': [6717, 1507]}"
1200712193,VERY_LONG,,1,35000200,,"{'id': 138795, 'context': 13}"
1200712194,LONG,,1,81989900,,"{'id': 173244, 'context': 64, 'bonus_lists': [6717, 1507]}"
1200712196,LONG,,1,81989900,,"{'id': 173244, 'context': 64, 'bonus_lists': [6717, 1507]}"
1200712197,LONG,7022100,4,,,{'id': 132513}
1200712198,VERY_LONG,,1,499999800,,"{'id': 94577, 'context': 0}"
1200712199,LONG,,1,18940000,,"{'id': 142075, 'context': 0}"
1200712200,LONG,,1,18940000,,"{'id': 142075, 'context': 0}"
1200712201,LONG,,1,18940000,,"{'id': 142075, 'context': 0}"
1200712203,LONG,,1,18940000,,"{'id': 142075, 'context': 0}"
1200712204,VERY_LONG,,1,124740000,,"{'id': 138789, 'context': 13}"
1200712205,VERY_LONG,,1,124740000,,"{'id': 138789, 'context': 13}"
1200712206,VERY_LONG,50000000,1,,,{'id': 44463}
1200712208,VERY_LONG,,1,2250000000,,"{'id': 82800, 'context': 0, 'modifiers': [{'type': 6, 'value': 51278}], 'pet_breed_id': 14, 'pet_level': 25, 'pet_quality_id': 3, 'pet_species_id': 1337}"
1200712210,LONG,148623400,2,,,{'id': 13512}
1200712211,LONG,,1,119999700,,"{'id': 173247, 'context': 64, 'bonus_lists': [6717, 1507]}"
1200712213,LONG,,1,119999700,,"{'id': 173247, 'context': 64, 'bonus_lists': [6717, 1507]}"
1200712216,LONG,,1,119999700,,"{'id': 173247, 'context': 64, 'bonus_lists': [6717, 1507]}"
1200712219,VERY_LONG,14998500,6,,,{'id': 123956}
1200712221,LONG,4999800,26,,,{'id': 126936}
1200712222,VERY_LONG,27773300,2,,,{'id': 110656}
1200712224,VERY_LONG,,1,679999400,,"{'id': 90655, 'context': 0}"
1200712227,LONG,,1,99999700,,"{'id': 169328, 'context': 13, 'bonus_lists': [6883]}"
1200712231,LONG,114699000,10,,,{'id': 17771}
1200712234,LONG,,1,64999700,,"{'id': 82800, 'context': 0, 'modifiers': [{'type': 6, 'value': 48091}], 'pet_breed_id': 10, 'pet_level': 1, 'pet_quality_id': 3, 'pet_species_id': 1201}"
1200712237,LONG,,1,20970000,,"{'id': 82800, 'context': 0, 'modifiers': [{'type': 6, 'value': 90142}], 'pet_breed_id': 9, 'pet_level': 1, 'pet_quality_id': 3, 'pet_species_id': 2550}"
1200712240,LONG,,1,22952400,,"{'id': 82800, 'context': 0, 'modifiers': [{'type': 6, 'value': 87890}], 'pet_breed_id': 3, 'pet_level': 1, 'pet_quality_id': 3, 'pet_species_id': 2435}"
1200712241,LONG,1199500,40,,,{'id': 173056}
1200712242,VERY_LONG,15000000,1,,,{'id': 40152}
1200712245,LONG,58300,248,,,{'id': 3576}
1200712252,VERY_LONG,,1,4999990000,,"{'id': 82800, 'context': 0, 'modifiers': [{'type': 6, 'value': 37846}], 'pet_breed_id': 15, 'pet_level': 25, 'pet_quality_id': 3, 'pet_species_id': 303}"
1200712275,VERY_LONG,,1,427028200,,"{'id': 82800, 'context': 0, 'modifiers': [{'type': 6, 'value': 99865}], 'pet_breed_id': 11, 'pet_level': 25, 'pet_quality_id': 3, 'pet_species_id': 2917}"
1200712280,VERY_LONG,65000000,1,,,{'id': 29533}
1200712300,VERY_LONG,,1,4933817100,,"{'id': 82800, 'context': 0, 'pet_breed_id': 5, 'pet_level': 25, 'pet_quality_id': 3, 'pet_species_id': 169}"
1200712304,VERY_LONG,,1,981648800,,"{'id': 23543, 'context': 0}"
1200712307,VERY_LONG,,1,91823100,,"{'id': 70137, 'context': 0}"
1200712308,VERY_LONG,,1,91823100,,"{'id': 70137, 'context': 0}"
1200712317,VERY_LONG,,1,249722100,,"{'id': 25681, 'context': 1, 'bonus_lists': [6865]}"
1200712329,VERY_LONG,20000000,1,,,{'id': 38972}
1200712334,VERY_LONG,20000000,1,,,{'id': 38972}
1200712351,VERY_LONG,20000000,1,,,{'id': 44497}
1200712359,VERY_LONG,709900,5,,,{'id': 172231}
1200712362,VERY_LONG,150000,8,,,{'id': 172230}
1200712364,VERY_LONG,17026000,1,,,{'id': 38910}
1200712369,VERY_LONG,3000,6,,,{'id': 172052}
1200712372,VERY_LONG,85000000,1,,,{'id': 38854}
1200712374,VERY_LONG,990000,5,,,{'id': 172055}
1200712378,VERY_LONG,249700,5,,,{'id': 173035}
1200712380,VERY_LONG,24700,5,,,{'id': 172054}
1200712405,VERY_LONG,,1,299999900,,"{'id': 83087, 'context': 0}"
1200712406,VERY_LONG,,1,899999700,,"{'id': 87250, 'context': 1, 'bonus_lists': [6827]}"
1200712411,LONG,,1,699900000,627908000,"{'id': 95416, 'context': 1, 'bonus_lists': [6883]}"
1200712445,VERY_LONG,,1,203012100,190831400,"{'id': 82800, 'context': 0, 'modifiers': [{'type': 6, 'value': 69532}], 'pet_breed_id': 10, 'pet_level': 1, 'pet_quality_id': 3, 'pet_species_id': 1887}"
1200712446,VERY_LONG,,1,22500000,21150000,"{'id': 82800, 'context': 0, 'modifiers': [{'type': 6, 'value': 78222}], 'pet_breed_id': 17, 'pet_level': 1, 'pet_quality_id': 3, 'pet_species_id': 2071}"
1200712447,VERY_LONG,,1,55558400,52224900,"{'id': 82800, 'context': 0, 'modifiers': [{'type': 6, 'value': 46809}], 'pet_breed_id': 8, 'pet_level': 1, 'pet_quality_id': 3, 'pet_species_id': 1124}"
1200712448,VERY_LONG,,1,100000000,94000000,"{'id': 82800, 'context': 0, 'modifiers': [{'type': 6, 'value': 41833}], 'pet_breed_id': 9, 'pet_level': 1, 'pet_quality_id': 3, 'pet_species_id': 381}"
1200712449,VERY_LONG,,1,196000000,184240000,"{'id': 82800, 'context': 0, 'modifiers': [{'type': 6, 'value': 97091}], 'pet_breed_id': 3, 'pet_level': 1, 'pet_quality_id': 2, 'pet_species_id': 3040}"
1200712452,VERY_LONG,,1,777770000,731103800,"{'id': 82800, 'context': 0, 'modifiers': [{'type': 6, 'value': 59042}], 'pet_breed_id': 19, 'pet_level': 1, 'pet_quality_id': 3, 'pet_species_id': 1806}"
1200712453,VERY_LONG,,1,55995200,52635500,"{'id': 82800, 'context': 0, 'modifiers': [{'type': 6, 'value': 46810}], 'pet_breed_id': 3, 'pet_level': 1, 'pet_quality_id': 3, 'pet_species_id': 1125}"
1200712454,VERY_LONG,,1,105999600,99639600,"{'id': 82800, 'context': 0, 'modifiers': [{'type': 6, 'value': 90515}], 'pet_breed_id': 22, 'pet_level': 1, 'pet_quality_id': 2, 'pet_species_id': 2698}"
1200712455,VERY_LONG,,1,46780700,43973900,"{'id': 82800, 'context': 0, 'modifiers': [{'type': 6, 'value': 65128}], 'pet_breed_id': 8, 'pet_level': 1, 'pet_quality_id': 2, 'pet_species_id': 1725}"
1200712456,VERY_LONG,,1,106000000,99640000,"{'id': 82800, 'context': 0, 'modifiers': [{'type': 6, 'value': 99018}], 'pet_breed_id': 7, 'pet_level': 1, 'pet_quality_id': 2, 'pet_species_id': 2798}"
1200712457,VERY_LONG,,1,415999600,391039600,"{'id': 82800, 'context': 0, 'modifiers': [{'type': 6, 'value': 91631}], 'pet_breed_id': 6, 'pet_level': 1, 'pet_quality_id': 3, 'pet_species_id': 2753}"
1200712458,VERY_LONG,,1,76000000,71440000,"{'id': 82800, 'context': 0, 'modifiers': [{'type': 6, 'value': 47747}], 'pet_breed_id': 19, 'pet_level': 1, 'pet_quality_id': 3, 'pet_species_id': 1196}"
1200712459,VERY_LONG,,1,50005500,47005200,"{'id': 82800, 'context': 0, 'modifiers': [{'type': 6, 'value': 32790}], 'pet_breed_id': 3, 'pet_level': 1, 'pet_quality_id': 2, 'pet_species_id': 629}"
1200712460,VERY_LONG,,1,175000000,164500000,"{'id': 82800, 'context': 0, 'modifiers': [{'type': 6, 'value': 59885}], 'pet_breed_id': 3, 'pet_level': 1, 'pet_quality_id': 3, 'pet_species_id': 1536}"
1200712461,VERY_LONG,,1,25404000,23879800,"{'id': 82800, 'context': 0, 'modifiers': [{'type': 6, 'value': 34413}], 'pet_breed_id': 18, 'pet_level': 7, 'pet_quality_id': 3, 'pet_species_id': 266}"
1200712462,VERY_LONG,,1,78500200,73790200,"{'id': 82800, 'context': 0, 'modifiers': [{'type': 6, 'value': 48705}], 'pet_breed_id': 7, 'pet_level': 1, 'pet_quality_id': 3, 'pet_species_id': 1244}"
1200712463,VERY_LONG,,1,256000000,240640000,"{'id': 82800, 'context': 0, 'modifiers': [{'type': 6, 'value': 74529}], 'pet_breed_id': 13, 'pet_level': 1, 'pet_quality_id': 3, 'pet_species_id': 382}"
1200712465,VERY_LONG,,1,296000000,278240000,"{'id': 82800, 'context': 0, 'modifiers': [{'type': 6, 'value': 93747}], 'pet_breed_id': 4, 'pet_level': 1, 'pet_quality_id': 2, 'pet_species_id': 2934}"
1200712467,VERY_LONG,,1,139999000,131599100,"{'id': 82800, 'context': 0, 'modifiers': [{'type': 6, 'value': 16587}], 'pet_breed_id': 3, 'pet_level': 1, 'pet_quality_id': 2, 'pet_species_id': 128}"
1200712468,VERY_LONG,,1,57871500,54399200,"{'id': 82800, 'context': 0, 'modifiers': [{'type': 6, 'value': 48212}], 'pet_breed_id': 18, 'pet_level': 1, 'pet_quality_id': 3, 'pet_species_id': 1200}"
1200712469,VERY_LONG,,1,20000000,18800000,"{'id': 82800, 'context': 0, 'modifiers': [{'type': 6, 'value': 45878}], 'pet_breed_id': 9, 'pet_level': 1, 'pet_quality_id': 3, 'pet_species_id': 293}"
1200712470,VERY_LONG,,1,48978000,46039300,"{'id': 82800, 'context': 0, 'modifiers': [{'type': 6, 'value': 33512}], 'pet_breed_id': 4, 'pet_level': 1, 'pet_quality_id': 2, 'pet_species_id': 261}"
1200712471,VERY_LONG,,1,216000000,203040000,"{'id': 82800, 'context': 0, 'modifiers': [{'type': 6, 'value': 88012}], 'pet_breed_id': 11, 'pet_level': 1, 'pet_quality_id': 3, 'pet_species_id': 2456}"
1200712472,VERY_LONG,,1,236000000,221840000,"{'id': 82800, 'context': 0, 'modifiers': [{'type': 6, 'value': 75353}], 'pet_breed_id': 7, 'pet_level': 1, 'pet_quality_id': 2, 'pet_species_id': 2410}"
1200712473,VERY_LONG,,1,32274800,30338300,"{'id': 82800, 'context': 0, 'modifiers': [{'type': 6, 'value': 36901}], 'pet_breed_id': 3, 'pet_level': 1, 'pet_quality_id': 2, 'pet_species_id': 292}"
1200712474,VERY_LONG,,1,52645800,49487100,"{'id': 82800, 'context': 0, 'modifiers': [{'type': 6, 'value': 48661}], 'pet_breed_id': 10, 'pet_level': 1, 'pet_quality_id': 3, 'pet_species_id': 1232}"
1200712475,VERY_LONG,,1,756000000,710640000,"{'id': 82800, 'context': 0, 'modifiers': [{'type': 6, 'value': 47959}], 'pet_breed_id': 20, 'pet_level': 1, 'pet_quality_id': 3, 'pet_species_id': 1206}"
1200712477,VERY_LONG,,1,335000000,314900000,"{'id': 82800, 'context': 0, 'modifiers': [{'type': 6, 'value': 98460}], 'pet_breed_id': 8, 'pet_level': 1, 'pet_quality_id': 2, 'pet_species_id': 3023}"
1200712478,VERY_LONG,,1,210088800,197483500,"{'id': 82800, 'context': 0, 'modifiers': [{'type': 6, 'value': 28726}], 'pet_breed_id': 15, 'pet_level': 1, 'pet_quality_id': 3, 'pet_species_id': 1943}"
1200712479,VERY_LONG,,1,296000000,278240000,"{'id': 82800, 'context': 0, 'modifiers': [{'type': 6, 'value': 99922}], 'pet_breed_id': 4, 'pet_level': 1, 'pet_quality_id': 2, 'pet_species_id': 2962}"
1200712480,VERY_LONG,,1,27500000,25850000,"{'id': 82800, 'context': 0, 'modifiers': [{'type': 6, 'value': 90176}], 'pet_breed_id': 15, 'pet_level': 1, 'pet_quality_id': 3, 'pet_species_id': 2553}"
1200712481,VERY_LONG,,1,216000000,203040000,"{'id': 82800, 'context': 0, 'modifiers': [{'type': 6, 'value': 28539}], 'pet_breed_id': 10, 'pet_level': 1, 'pet_quality_id': 2, 'pet_species_id': 215}"
1200712482,VERY_LONG,,1,55758000,52412500,"{'id': 82800, 'context': 0, 'modifiers': [{'type': 6, 'value': 87903}], 'pet_breed_id': 3, 'pet_level': 1, 'pet_quality_id': 3, 'pet_species_id': 2437}"
1200712483,VERY_LONG,,1,296000000,278240000,"{'id': 82800, 'context': 0, 'modifiers': [{'type': 6, 'value': 80467}], 'pet_breed_id': 4, 'pet_level': 1, 'pet_quality_id': 2, 'pet_species_id': 2428}"
1200712484,VERY_LONG,,1,47502400,44652300,"{'id': 82800, 'context': 0, 'modifiers': [{'type': 6, 'value': 91114}], 'pet_breed_id': 9, 'pet_level': 1, 'pet_quality_id': 3, 'pet_species_id': 2700}"
1200712485,VERY_LONG,,1,296000000,278240000,"{'id': 82800, 'context': 0, 'modifiers': [{'type': 6, 'value': 90991}], 'pet_breed_id': 16, 'pet_level': 1, 'pet_quality_id': 3, 'pet_species_id': 2706}"
1200712486,VERY_LONG,,1,346000000,325240000,"{'id': 82800, 'context': 0, 'modifiers': [{'type': 6, 'value': 90874}], 'pet_breed_id': 6, 'pet_level': 1, 'pet_quality_id': 3, 'pet_species_id': 2718}"
1200712487,VERY_LONG,,1,256000000,240640000,"{'id': 82800, 'context': 0, 'modifiers': [{'type': 6, 'value': 61016}], 'pet_breed_id': 14, 'pet_level': 1, 'pet_quality_id': 2, 'pet_species_id': 1601}"
1200712488,VERY_LONG,,1,149999900,140999900,"{'id': 82800, 'context': 0, 'modifiers': [{'type': 6, 'value': 65671}], 'pet_breed_id': 8, 'pet_level': 1, 'pet_quality_id': 2, 'pet_species_id': 1759}"
1200712489,VERY_LONG,,1,12296100,11558300,"{'id': 82800, 'context': 0, 'modifiers': [{'type': 6, 'value': 64425}], 'pet_breed_id': 8, 'pet_level': 1, 'pet_quality_id': 3, 'pet_species_id': 1690}"
1200712490,VERY_LONG,,1,14005000,13164700,"{'id': 82800, 'context': 0, 'modifiers': [{'type': 6, 'value': 61894}], 'pet_breed_id': 12, 'pet_level': 1, 'pet_quality_id': 3, 'pet_species_id': 1629}"
1200712492,VERY_LONG,,1,226000000,212440000,"{'id': 82800, 'context': 0, 'modifiers': [{'type': 6, 'value': 39137}], 'pet_breed_id': 3, 'pet_level': 1, 'pet_quality_id': 3, 'pet_species_id': 343}"
1200712493,VERY_LONG,,1,365020000,343118800,"{'id': 82800, 'context': 0, 'modifiers': [{'type': 6, 'value': 80852}], 'pet_breed_id': 10, 'pet_level': 25, 'pet_quality_id': 3, 'pet_species_id': 2420}"
1200712494,VERY_LONG,,1,49974600,46976100,"{'id': 82800, 'context': 0, 'modifiers': [{'type': 6, 'value': 99014}], 'pet_breed_id': 3, 'pet_level': 1, 'pet_quality_id': 2, 'pet_species_id': 2953}"
1200712496,VERY_LONG,,1,399000000,375060000,"{'id': 82800, 'context': 0, 'modifiers': [{'type': 6, 'value': 6293}], 'pet_breed_id': 4, 'pet_level': 1, 'pet_quality_id': 3, 'pet_species_id': 57}"
1200712497,VERY_LONG,,1,181473400,170585000,"{'id': 82800, 'context': 0, 'modifiers': [{'type': 6, 'value': 80458}], 'pet_breed_id': 18, 'pet_level': 1, 'pet_quality_id': 2, 'pet_species_id': 2476}"
1200712498,VERY_LONG,,1,256000000,240640000,"{'id': 82800, 'context': 0, 'modifiers': [{'type': 6, 'value': 30298}], 'pet_breed_id': 18, 'pet_level': 1, 'pet_quality_id': 3, 'pet_species_id': 2527}"
1200712499,VERY_LONG,,1,18500000,18000000,"{'id': 82800, 'context': 0, 'modifiers': [{'type': 6, 'value': 47931}], 'pet_breed_id': 17, 'pet_level': 1, 'pet_quality_id': 3, 'pet_species_id': 1478}"
1200712500,VERY_LONG,,1,250000000,235000000,"{'id': 82800, 'context': 0, 'modifiers': [{'type': 6, 'value': 97518}], 'pet_breed_id': 10, 'pet_level': 1, 'pet_quality_id': 2, 'pet_species_id': 2910}"
1200712501,VERY_LONG,,1,75000000,70500000,"{'id': 82800, 'context': 0, 'modifiers': [{'type': 6, 'value': 86805}], 'pet_breed_id': 19, 'pet_level': 1, 'pet_quality_id': 2, 'pet_species_id': 2411}"
1200712502,VERY_LONG,,1,55033200,51731200,"{'id': 82800, 'context': 0, 'modifiers': [{'type': 6, 'value': 36902}], 'pet_breed_id': 3, 'pet_level': 1, 'pet_quality_id': 3, 'pet_species_id': 267}"
1200712503,VERY_LONG,,1,79999800,75199800,"{'id': 82800, 'context': 0, 'modifiers': [{'type': 6, 'value': 38429}], 'pet_breed_id': 3, 'pet_level': 1, 'pet_quality_id': 3, 'pet_species_id': 318}"
1200712506,VERY_LONG,,1,399900000,375906000,"{'id': 82800, 'context': 0, 'modifiers': [{'type': 6, 'value': 90993}], 'pet_breed_id': 7, 'pet_level': 1, 'pet_quality_id': 3, 'pet_species_id': 2707}"
1200712507,VERY_LONG,,1,222229700,208895900,"{'id': 82800, 'context': 0, 'modifiers': [{'type': 6, 'value': 15381}], 'pet_breed_id': 7, 'pet_level': 1, 'pet_quality_id': 3, 'pet_species_id': 338}"
1200712508,VERY_LONG,,1,84165000,79115100,"{'id': 82800, 'context': 0, 'modifiers': [{'type': 6, 'value': 74473}], 'pet_breed_id': 18, 'pet_level': 1, 'pet_quality_id': 1, 'pet_species_id': 2000}"
1200712509,VERY_LONG,,1,999990000,939990600,"{'id': 82800, 'context': 0, 'modifiers': [{'type': 6, 'value': 86101}], 'pet_breed_id': 6, 'pet_level': 1, 'pet_quality_id': 3, 'pet_species_id': 2187}"
1200712510,VERY_LONG,,1,64999700,61099700,"{'id': 82800, 'context': 0, 'modifiers': [{'type': 6, 'value': 48091}], 'pet_breed_id': 10, 'pet_level': 1, 'pet_quality_id': 3, 'pet_species_id': 1201}"
1200712511,VERY_LONG,,1,162673600,152913200,"{'id': 82800, 'context': 0, 'modifiers': [{'type': 6, 'value': 59668}], 'pet_breed_id': 8, 'pet_level': 1, 'pet_quality_id': 3, 'pet_species_id': 1533}"
1200712512,VERY_LONG,,1,183340000,172339600,"{'id': 82800, 'context': 0, 'modifiers': [{'type': 6, 'value': 86465}], 'pet_breed_id': 3, 'pet_level': 1, 'pet_quality_id': 3, 'pet_species_id': 2682}"
1200712513,VERY_LONG,,1,27000000,25380000,"{'id': 82800, 'context': 0, 'modifiers': [{'type': 6, 'value': 90182}], 'pet_breed_id': 4, 'pet_level': 1, 'pet_quality_id': 3, 'pet_species_id': 2558}"
1200712515,VERY_LONG,,1,19993300,18793700,"{'id': 82800, 'context': 0, 'modifiers': [{'type': 6, 'value': 59602}], 'pet_breed_id': 8, 'pet_level': 1, 'pet_quality_id': 2, 'pet_species_id': 1532}"
1200712516,VERY_LONG,,1,106000000,99640000,"{'id': 82800, 'context': 0, 'modifiers': [{'type': 6, 'value': 98459}], 'pet_breed_id': 5, 'pet_level': 1, 'pet_quality_id': 2, 'pet_species_id': 3022}"
1200712517,VERY_LONG,,1,60000000,56400000,"{'id': 82800, 'context': 0, 'modifiers': [{'type': 6, 'value': 87895}], 'pet_breed_id': 16, 'pet_level': 1, 'pet_quality_id': 3, 'pet_species_id': 2436}"
1200712520,VERY_LONG,,1,94490700,88821300,"{'id': 82800, 'context': 0, 'pet_breed_id': 8, 'pet_level': 1, 'pet_quality_id': 3, 'pet_species_id': 1063}"
1200712521,VERY_LONG,,1,18399900,17295900,"{'id': 82800, 'context': 0, 'modifiers': [{'type': 6, 'value': 60617}], 'pet_breed_id': 18, 'pet_level': 1, 'pet_quality_id': 3, 'pet_species_id': 1570}"
1200712523,VERY_LONG,,1,17129900,16102100,"{'id': 82800, 'context': 0, 'modifiers': [{'type': 6, 'value': 47732}], 'pet_breed_id': 19, 'pet_level': 1, 'pet_quality_id': 3, 'pet_species_id': 1185}"
1200712524,VERY_LONG,,1,52115300,48988400,"{'id': 82800, 'context': 0, 'modifiers': [{'type': 6, 'value': 38232}], 'pet_breed_id': 8, 'pet_level': 1, 'pet_quality_id': 3, 'pet_species_id': 310}"
1200712525,VERY_LONG,,1,106000000,99640000,"{'id': 82800, 'context': 0, 'modifiers': [{'type': 6, 'value': 95584}], 'pet_breed_id': 18, 'pet_level': 1, 'pet_quality_id': 2, 'pet_species_id': 2942}"
1200712526,VERY_LONG,,1,136000000,127840000,"{'id': 82800, 'context': 0, 'modifiers': [{'type': 6, 'value': 50919}], 'pet_breed_id': 20, 'pet_level': 1, 'pet_quality_id': 3, 'pet_species_id': 2590}"
1200712528,VERY_LONG,,1,296000000,278240000,"{'id': 82800, 'context': 0, 'modifiers': [{'type': 6, 'value': 90412}], 'pet_breed_id': 15, 'pet_level': 1, 'pet_quality_id': 3, 'pet_species_id': 2565}"
1200712529,VERY_LONG,,1,89989900,84590500,"{'id': 82800, 'context': 0, 'modifiers': [{'type': 6, 'value': 74800}], 'pet_breed_id': 10, 'pet_level': 1, 'pet_quality_id': 2, 'pet_species_id': 2716}"
1200712530,VERY_LONG,,1,156800000,147392000,"{'id': 82800, 'context': 0, 'modifiers': [{'type': 6, 'value': 48651}], 'pet_breed_id': 8, 'pet_level': 1, 'pet_quality_id': 3, 'pet_species_id': 1237}"
1200712532,VERY_LONG,,1,47000000,44180000,"{'id': 82800, 'context': 0, 'modifiers': [{'type': 6, 'value': 88021}], 'pet_breed_id': 5, 'pet_level': 1, 'pet_quality_id': 3, 'pet_species_id': 2462}"
1200712533,VERY_LONG,,1,29990000,28190600,"{'id': 82800, 'context': 0, 'modifiers': [{'type': 6, 'value': 90140}], 'pet_breed_id': 16, 'pet_level': 1, 'pet_quality_id': 3, 'pet_species_id': 2548}"
1200712534,VERY_LONG,,1,12499900,11749900,"{'id': 82800, 'context': 0, 'modifiers': [{'type': 6, 'value': 75333}], 'pet_breed_id': 3, 'pet_level': 1, 'pet_quality_id': 2, 'pet_species_id': 2714}"
1200712535,VERY_LONG,,1,31614200,29717300,"{'id': 82800, 'context': 0, 'modifiers': [{'type': 6, 'value': 87945}], 'pet_breed_id': 3, 'pet_level': 1, 'pet_quality_id': 3, 'pet_species_id': 2440}"
1200712536,VERY_LONG,,1,120000000,112800000,"{'id': 82800, 'context': 0, 'pet_breed_id': 6, 'pet_level': 1, 'pet_quality_id': 3, 'pet_species_id': 2078}"
1200712537,VERY_LONG,,1,556000000,522640000,"{'id': 82800, 'context': 0, 'modifiers': [{'type': 6, 'value': 15595}], 'pet_breed_id': 3, 'pet_level': 1, 'pet_quality_id': 2, 'pet_species_id': 115}"
1200712538,VERY_LONG,,1,466000000,438040000,"{'id': 82800, 'context': 0, 'modifiers': [{'type': 6, 'value': 95148}], 'pet_breed_id': 16, 'pet_level': 1, 'pet_quality_id': 3, 'pet_species_id': 2852}"
1200712539,VERY_LONG,,1,164949700,155052700,"{'id': 82800, 'context': 0, 'modifiers': [{'type': 6, 'value': 6291}], 'pet_breed_id': 19, 'pet_level': 1, 'pet_quality_id': 3, 'pet_species_id': 59}"
1200712540,VERY_LONG,,1,106000000,99640000,"{'id': 82800, 'context': 0, 'modifiers': [{'type': 6, 'value': 99856}], 'pet_breed_id': 6, 'pet_level': 1, 'pet_quality_id': 2, 'pet_species_id': 2946}"
1200712541,VERY_LONG,,1,876000000,823440000,"{'id': 82800, 'context': 0, 'modifiers': [{'type': 6, 'value': 91024}], 'pet_breed_id': 18, 'pet_level': 1, 'pet_quality_id': 3, 'pet_species_id': 2690}"
1200712542,VERY_LONG,,1,29009900,28000000,"{'id': 82800, 'context': 0, 'modifiers': [{'type': 6, 'value': 48856}], 'pet_breed_id': 4, 'pet_level': 1, 'pet_quality_id': 3, 'pet_species_id': 1228}"
1200712544,VERY_LONG,,1,216000000,203040000,"{'id': 82800, 'context': 0, 'modifiers': [{'type': 6, 'value': 46924}], 'pet_breed_id': 9, 'pet_level': 1, 'pet_quality_id': 3, 'pet_species_id': 1154}"
1200712546,VERY_LONG,,1,99900000,93906000,"{'id': 82800, 'context': 0, 'modifiers': [{'type': 6, 'value': 99900}], 'pet_breed_id': 18, 'pet_level': 1, 'pet_quality_id': 2, 'pet_species_id': 2909}"
1200712548,VERY_LONG,,1,66479200,62490400,"{'id': 82800, 'context': 0, 'modifiers': [{'type': 6, 'value': 79635}], 'pet_breed_id': 21, 'pet_level': 1, 'pet_quality_id': 3, 'pet_species_id': 2081}"
1200712549,VERY_LONG,,1,92365500,86823600,"{'id': 82800, 'context': 0, 'modifiers': [{'type': 6, 'value': 1072}], 'pet_breed_id': 4, 'pet_level': 1, 'pet_quality_id': 2, 'pet_species_id': 2063}"
1200712550,VERY_LONG,,1,178050300,167367300,"{'id': 82800, 'context': 0, 'modifiers': [{'type': 6, 'value': 28489}], 'pet_breed_id': 7, 'pet_level': 1, 'pet_quality_id': 2, 'pet_species_id': 205}"
1200712551,VERY_LONG,,1,39366600,37004600,"{'id': 82800, 'context': 0, 'modifiers': [{'type': 6, 'value': 99851}], 'pet_breed_id': 13, 'pet_level': 1, 'pet_quality_id': 2, 'pet_species_id': 2918}"
1200712552,VERY_LONG,,1,175000000,164500000,"{'id': 82800, 'context': 0, 'modifiers': [{'type': 6, 'value': 91235}], 'pet_breed_id': 20, 'pet_level': 1, 'pet_quality_id': 3, 'pet_species_id': 2681}"
1200712553,VERY_LONG,,1,90000000,84600000,"{'id': 82800, 'context': 0, 'modifiers': [{'type': 6, 'value': 57822}], 'pet_breed_id': 21, 'pet_level': 1, 'pet_quality_id': 3, 'pet_species_id': 1430}"
1200712554,VERY_LONG,,1,63999900,60159900,"{'id': 82800, 'context': 0, 'modifiers': [{'type': 6, 'value': 47858}], 'pet_breed_id': 7, 'pet_level': 1, 'pet_quality_id': 3, 'pet_species_id': 1344}"
1200712555,VERY_LONG,,1,236000000,221840000,"{'id': 82800, 'context': 0, 'modifiers': [{'type': 6, 'value': 68666}], 'pet_breed_id': 6, 'pet_level': 1, 'pet_quality_id': 3, 'pet_species_id': 1886}"
1200712556,VERY_LONG,,1,130000000,122200000,"{'id': 82800, 'context': 0, 'modifiers': [{'type': 6, 'value': 91224}], 'pet_breed_id': 18, 'pet_level': 1, 'pet_quality_id': 3, 'pet_species_id': 2762}"
1200712557,VERY_LONG,,1,56931800,53515900,"{'id': 82800, 'context': 0, 'modifiers': [{'type': 6, 'value': 79638}], 'pet_breed_id': 4, 'pet_level': 1, 'pet_quality_id': 3, 'pet_species_id': 2083}"
1200712558,VERY_LONG,,1,37500000,35250000,"{'id': 82800, 'context': 0, 'modifiers': [{'type': 6, 'value': 97479}], 'pet_breed_id': 17, 'pet_level': 1, 'pet_quality_id': 2, 'pet_species_id': 3038}"
1200712559,VERY_LONG,,1,330000000,310200000,"{'id': 82800, 'context': 0, 'modifiers': [{'type': 6, 'value': 855}], 'pet_breed_id': 18, 'pet_level': 1, 'pet_quality_id': 3, 'pet_species_id': 1276}"
1200712560,VERY_LONG,,1,32106500,30180100,"{'id': 82800, 'context': 0, 'modifiers': [{'type': 6, 'value': 47856}], 'pet_breed_id': 19, 'pet_level': 1, 'pet_quality_id': 3, 'pet_species_id': 1346}"
1200712561,VERY_LONG,,1,496000000,466240000,"{'id': 82800, 'context': 0, 'modifiers': [{'type': 6, 'value': 88790}], 'pet_breed_id': 9, 'pet_level': 1, 'pet_quality_id': 1, 'pet_species_id': 2531}"
1200712562,VERY_LONG,,1,77779900,73113100,"{'id': 82800, 'context': 0, 'modifiers': [{'type': 6, 'value': 99870}], 'pet_breed_id': 8, 'pet_level': 1, 'pet_quality_id': 2, 'pet_species_id': 3039}"
1200712563,VERY_LONG,,1,99900000,93906000,"{'id': 82800, 'context': 0, 'modifiers': [{'type': 6, 'value': 99883}], 'pet_breed_id': 18, 'pet_level': 1, 'pet_quality_id': 2, 'pet_species_id': 2922}"
1200712564,VERY_LONG,,1,1356000000,1274640000,"{'id': 82800, 'context': 0, 'modifiers': [{'type': 6, 'value': 98481}], 'pet_breed_id': 22, 'pet_level': 1, 'pet_quality_id': 2, 'pet_species_id': 3061}"
1200712565,VERY_LONG,,1,275000000,258500000,"{'id': 82800, 'context': 0, 'modifiers': [{'type': 6, 'value': 90279}], 'pet_breed_id': 8, 'pet_level': 1, 'pet_quality_id': 3, 'pet_species_id': 2564}"
1200712566,VERY_LONG,,1,32000000,30080000,"{'id': 82800, 'context': 0, 'modifiers': [{'type': 6, 'value': 68861}], 'pet_breed_id': 15, 'pet_level': 1, 'pet_quality_id': 3, 'pet_species_id': 2050}"
1200712567,VERY_LONG,,1,206000000,193640000,"{'id': 82800, 'context': 0, 'modifiers': [{'type': 6, 'value': 80029}], 'pet_breed_id': 5, 'pet_level': 1, 'pet_quality_id': 2, 'pet_species_id': 2426}"
1200712568,VERY_LONG,,1,110001500,103401400,"{'id': 82800, 'context': 0, 'modifiers': [{'type': 6, 'value': 99876}], 'pet_breed_id': 20, 'pet_level': 1, 'pet_quality_id': 3, 'pet_species_id': 2898}"
1200712570,VERY_LONG,,1,176000000,165440000,"{'id': 82800, 'context': 0, 'modifiers': [{'type': 6, 'value': 78240}], 'pet_breed_id': 19, 'pet_level': 1, 'pet_quality_id': 3, 'pet_species_id': 2693}"
1200712572,VERY_LONG,,1,365980000,344021200,"{'id': 82800, 'context': 0, 'modifiers': [{'type': 6, 'value': 18269}], 'pet_breed_id': 6, 'pet_level': 25, 'pet_quality_id': 3, 'pet_species_id': 132}"
1200712574,VERY_LONG,,1,16999700,15979700,"{'id': 82800, 'context': 0, 'modifiers': [{'type': 6, 'value': 48857}], 'pet_breed_id': 6, 'pet_level': 1, 'pet_quality_id': 3, 'pet_species_id': 1227}"
1200712575,VERY_LONG,,1,85570900,80436600,"{'id': 82800, 'context': 0, 'modifiers': [{'type': 6, 'value': 65713}], 'pet_breed_id': 5, 'pet_level': 1, 'pet_quality_id': 3, 'pet_species_id': 1764}"
1200712576,VERY_LONG,,1,11279900,10603100,"{'id': 82800, 'context': 0, 'modifiers': [{'type': 6, 'value': 99114}], 'pet_breed_id': 8, 'pet_level': 1, 'pet_quality_id': 3, 'pet_species_id': 3046}"
1200712577,VERY_LONG,,1,32500000,30550000,"{'id': 82800, 'context': 0, 'modifiers': [{'type': 6, 'value': 59038}], 'pet_breed_id': 8, 'pet_level': 1, 'pet_quality_id': 3, 'pet_species_id': 1568}"
1200712578,VERY_LONG,,1,21968500,20650400,"{'id': 82800, 'context': 0, 'modifiers': [{'type': 6, 'value': 95174}], 'pet_breed_id': 7, 'pet_level': 1, 'pet_quality_id': 3, 'pet_species_id': 2834}"
1200712579,VERY_LONG,,1,296000000,278240000,"{'id': 82800, 'context': 0, 'modifiers': [{'type': 6, 'value': 95929}], 'pet_breed_id': 17, 'pet_level': 1, 'pet_quality_id': 2, 'pet_species_id': 2912}"
1200712580,VERY_LONG,,1,200008900,188008400,"{'id': 82800, 'context': 0, 'pet_breed_id': 10, 'pet_level': 1, 'pet_quality_id': 3, 'pet_species_id': 2135}"
1200712582,VERY_LONG,,1,234443100,220376500,"{'id': 82800, 'context': 0, 'modifiers': [{'type': 6, 'value': 33217}], 'pet_breed_id': 9, 'pet_level': 1, 'pet_quality_id': 3, 'pet_species_id': 278}"
1200712583,VERY_LONG,,1,346000000,325240000,"{'id': 82800, 'context': 0, 'modifiers': [{'type': 6, 'value': 45960}], 'pet_breed_id': 5, 'pet_level': 25, 'pet_quality_id': 2, 'pet_species_id': 213}"
1200712584,VERY_LONG,,1,230000000,216200000,"{'id': 82800, 'context': 0, 'modifiers': [{'type': 6, 'value': 78244}], 'pet_breed_id': 3, 'pet_level': 1, 'pet_quality_id': 3, 'pet_species_id': 2403}"
1200712585,VERY_LONG,,1,26399900,24815900,"{'id': 82800, 'context': 0, 'pet_breed_id': 6, 'pet_level': 1, 'pet_quality_id': 3, 'pet_species_id': 1598}"
1200712586,VERY_LONG,,1,21520800,20229600,"{'id': 82800, 'context': 0, 'modifiers': [{'type': 6, 'value': 37949}], 'pet_breed_id': 18, 'pet_level': 1, 'pet_quality_id': 3, 'pet_species_id': 1927}"
1200712587,VERY_LONG,,1,47257000,44421600,"{'id': 82800, 'context': 0, 'modifiers': [{'type': 6, 'value': 87999}], 'pet_breed_id': 7, 'pet_level': 1, 'pet_quality_id': 3, 'pet_species_id': 2445}"
1200712588,VERY_LONG,,1,158779600,149252800,"{'id': 82800, 'context': 0, 'modifiers': [{'type': 6, 'value': 51272}], 'pet_breed_id': 8, 'pet_level': 1, 'pet_quality_id': 3, 'pet_species_id': 1335}"
1200712589,VERY_LONG,,1,11110600,10444000,"{'id': 82800, 'context': 0, 'modifiers': [{'type': 6, 'value': 47859}], 'pet_breed_id': 12, 'pet_level': 1, 'pet_quality_id': 3, 'pet_species_id': 2582}"
1200712590,VERY_LONG,,1,99999700,93999700,"{'id': 82800, 'context': 0, 'modifiers': [{'type': 6, 'value': 58770}], 'pet_breed_id': 14, 'pet_level': 1, 'pet_quality_id': 3, 'pet_species_id': 1467}"
1200712591,VERY_LONG,,1,110002700,103402500,"{'id': 82800, 'context': 0, 'modifiers': [{'type': 6, 'value': 27678}], 'pet_breed_id': 12, 'pet_level': 1, 'pet_quality_id': 3, 'pet_species_id': 335}"
1200712593,VERY_LONG,,1,99999900,93999900,"{'id': 82800, 'context': 0, 'modifiers': [{'type': 6, 'value': 73663}], 'pet_breed_id': 5, 'pet_level': 1, 'pet_quality_id': 3, 'pet_species_id': 1953}"
1200712594,VERY_LONG,,1,67036900,63014700,"{'id': 82800, 'context': 0, 'modifiers': [{'type': 6, 'value': 23506}], 'pet_breed_id': 3, 'pet_level': 1, 'pet_quality_id': 3, 'pet_species_id': 174}"
1200712595,VERY_LONG,,1,150000000,141000000,"{'id': 82800, 'context': 0, 'modifiers': [{'type': 6, 'value': 6290}], 'pet_breed_id': 18, 'pet_level': 21, 'pet_quality_id': 3, 'pet_species_id': 58}"
1200712596,VERY_LONG,,1,28999900,27259900,"{'id': 82800, 'context': 0, 'modifiers': [{'type': 6, 'value': 24751}], 'pet_breed_id': 3, 'pet_level': 1, 'pet_quality_id': 3, 'pet_species_id': 2080}"
1200712598,VERY_LONG,,1,198999600,187059600,"{'id': 82800, 'context': 0, 'modifiers': [{'type': 6, 'value': 98482}], 'pet_breed_id': 7, 'pet_level': 1, 'pet_quality_id': 2, 'pet_species_id': 3062}"
1200712600,VERY_LONG,,1,67300000,63262000,"{'id': 82800, 'context': 0, 'pet_breed_id': 6, 'pet_level': 1, 'pet_quality_id': 3, 'pet_species_id': 1155}"
1200712601,VERY_LONG,,1,125000900,117500800,"{'id': 82800, 'context': 0, 'modifiers': [{'type': 6, 'value': 86806}], 'pet_breed_id': 4, 'pet_level': 1, 'pet_quality_id': 3, 'pet_species_id': 2199}"
1200712602,VERY_LONG,,1,106000000,99640000,"{'id': 82800, 'context': 0, 'modifiers': [{'type': 6, 'value': 99917}], 'pet_breed_id': 15, 'pet_level': 1, 'pet_quality_id': 2, 'pet_species_id': 3008}"
1200712603,VERY_LONG,,1,60000000,56400000,"{'id': 82800, 'context': 0, 'modifiers': [{'type': 6, 'value': 74513}], 'pet_breed_id': 22, 'pet_level': 1, 'pet_quality_id': 3, 'pet_species_id': 2001}"
1200712715,VERY_LONG,,1,34354000,32292800,"{'id': 82800, 'context': 0, 'modifiers': [{'type': 6, 'value': 55291}], 'pet_breed_id': 19, 'pet_level': 1, 'pet_quality_id': 3, 'pet_species_id': 1453}"
1200712716,VERY_LONG,,1,366000000,344040000,"{'id': 82800, 'context': 0, 'modifiers': [{'type': 6, 'value': 47960}], 'pet_breed_id': 13, 'pet_level': 1, 'pet_quality_id': 3, 'pet_species_id': 1209}"
1200712717,VERY_LONG,,1,14901800,14007700,"{'id': 82800, 'context': 0, 'modifiers': [{'type': 6, 'value': 79760}], 'pet_breed_id': 15, 'pet_level': 1, 'pet_quality_id': 3, 'pet_species_id': 2120}"
1200712718,VERY_LONG,,1,436000000,409840000,"{'id': 82800, 'context': 0, 'modifiers': [{'type': 6, 'value': 92161}], 'pet_breed_id': 9, 'pet_level': 1, 'pet_quality_id': 3, 'pet_species_id': 2704}"
1200712719,VERY_LONG,,1,146000000,137240000,"{'id': 82800, 'context': 0, 'modifiers': [{'type': 6, 'value': 92162}], 'pet_breed_id': 18, 'pet_level': 1, 'pet_quality_id': 2, 'pet_species_id': 2710}"
1200712722,VERY_LONG,,1,62715000,58952100,"{'id': 82800, 'context': 0, 'modifiers': [{'type': 6, 'value': 42297}], 'pet_breed_id': 15, 'pet_level': 1, 'pet_quality_id': 2, 'pet_species_id': 846}"
1200712725,VERY_LONG,,1,198780000,186853200,"{'id': 82800, 'context': 0, 'modifiers': [{'type': 6, 'value': 45942}], 'pet_breed_id': 9, 'pet_level': 1, 'pet_quality_id': 3, 'pet_species_id': 868}"
1200712727,VERY_LONG,,1,156672000,148000000,"{'id': 82800, 'context': 0, 'modifiers': [{'type': 6, 'value': 47252}], 'pet_breed_id': 19, 'pet_level': 1, 'pet_quality_id': 3, 'pet_species_id': 2703}"
1200712728,VERY_LONG,,1,44000000,41360000,"{'id': 82800, 'context': 0, 'modifiers': [{'type': 6, 'value': 99907}], 'pet_breed_id': 9, 'pet_level': 1, 'pet_quality_id': 2, 'pet_species_id': 3033}"
1200712731,VERY_LONG,,1,151874300,142761800,"{'id': 82800, 'context': 0, 'modifiers': [{'type': 6, 'value': 88468}], 'pet_breed_id': 5, 'pet_level': 1, 'pet_quality_id': 2, 'pet_species_id': 2415}"
1200712734,VERY_LONG,,1,70001300,65801200,"{'id': 82800, 'context': 0, 'modifiers': [{'type': 6, 'value': 5187}], 'pet_breed_id': 4, 'pet_level': 1, 'pet_quality_id': 3, 'pet_species_id': 2545}"
1200712736,VERY_LONG,,1,346000000,325240000,"{'id': 82800, 'context': 0, 'modifiers': [{'type': 6, 'value': 82003}], 'pet_breed_id': 8, 'pet_level': 1, 'pet_quality_id': 3, 'pet_species_id': 2575}"
1200712738,VERY_LONG,,1,61593100,57897500,"{'id': 82800, 'context': 0, 'modifiers': [{'type': 6, 'value': 38455}], 'pet_breed_id': 3, 'pet_level': 1, 'pet_quality_id': 3, 'pet_species_id': 317}"
1200712740,VERY_LONG,,1,165909800,155955200,"{'id': 82800, 'context': 0, 'modifiers': [{'type': 6, 'value': 99894}], 'pet_breed_id': 18, 'pet_level': 1, 'pet_quality_id': 2, 'pet_species_id': 2928}"
1200712743,VERY_LONG,,1,336000000,315840000,"{'id': 82800, 'context': 0, 'modifiers': [{'type': 6, 'value': 86445}], 'pet_breed_id': 8, 'pet_level': 1, 'pet_quality_id': 2, 'pet_species_id': 2196}"
1200712745,VERY_LONG,,1,13018500,12237400,"{'id': 82800, 'context': 0, 'modifiers': [{'type': 6, 'value': 48666}], 'pet_breed_id': 3, 'pet_level': 1, 'pet_quality_id': 3, 'pet_species_id': 1231}"
1200712748,VERY_LONG,,1,130000000,122200000,"{'id': 82800, 'context': 0, 'modifiers': [{'type': 6, 'value': 27682}], 'pet_breed_id': 3, 'pet_level': 1, 'pet_quality_id': 2, 'pet_species_id': 2406}"
1200712749,VERY_LONG,,1,66567500,62573500,"{'id': 82800, 'context': 0, 'modifiers': [{'type': 6, 'value': 69490}], 'pet_breed_id': 12, 'pet_level': 1, 'pet_quality_id': 3, 'pet_species_id': 1699}"
1200712752,VERY_LONG,,1,110000000,108000000,"{'id': 82800, 'context': 0, 'modifiers': [{'type': 6, 'value': 47991}], 'pet_breed_id': 3, 'pet_level': 1, 'pet_quality_id': 3, 'pet_species_id': 1338}"
1200712755,VERY_LONG,,1,276000000,259440000,"{'id': 82800, 'context': 0, 'modifiers': [{'type': 6, 'value': 15436}], 'pet_breed_id': 12, 'pet_level': 1, 'pet_quality_id': 3, 'pet_species_id': 114}"
1200712757,VERY_LONG,,1,59999700,56399700,"{'id': 82800, 'context': 0, 'modifiers': [{'type': 6, 'value': 29404}], 'pet_breed_id': 7, 'pet_level': 1, 'pet_quality_id': 2, 'pet_species_id': 1351}"
1200712759,VERY_LONG,,1,15751000,14805900,"{'id': 82800, 'context': 0, 'pet_breed_id': 7, 'pet_level': 1, 'pet_quality_id': 2, 'pet_species_id': 166}"
1200712761,VERY_LONG,,1,556000000,522640000,"{'id': 82800, 'context': 0, 'modifiers': [{'type': 6, 'value': 95147}], 'pet_breed_id': 8, 'pet_level': 1, 'pet_quality_id': 3, 'pet_species_id': 2851}"
1200712763,VERY_LONG,,1,48783300,45856300,"{'id': 82800, 'context': 0, 'modifiers': [{'type': 6, 'value': 90878}], 'pet_breed_id': 7, 'pet_level': 1, 'pet_quality_id': 3, 'pet_species_id': 2717}"
1200712765,VERY_LONG,,1,280000000,263200000,"{'id': 82800, 'context': 0, 'modifiers': [{'type': 6, 'value': 75374}], 'pet_breed_id': 22, 'pet_level': 1, 'pet_quality_id': 2, 'pet_species_id': 2685}"
1200712767,VERY_LONG,,1,106000000,99640000,"{'id': 82800, 'context': 0, 'modifiers': [{'type': 6, 'value': 8909}], 'pet_breed_id': 9, 'pet_level': 1, 'pet_quality_id': 2, 'pet_species_id': 85}"
1200712769,VERY_LONG,,1,22610500,21253900,"{'id': 82800, 'context': 0, 'modifiers': [{'type': 6, 'value': 65087}], 'pet_breed_id': 14, 'pet_level': 1, 'pet_quality_id': 3, 'pet_species_id': 1716}"
1200712772,VERY_LONG,,1,100000000,94000000,"{'id': 82800, 'context': 0, 'modifiers': [{'type': 6, 'value': 54848}], 'pet_breed_id': 8, 'pet_level': 1, 'pet_quality_id': 3, 'pet_species_id': 1396}"
1200712773,VERY_LONG,,1,117753900,110688700,"{'id': 82800, 'context': 0, 'modifiers': [{'type': 6, 'value': 59603}], 'pet_breed_id': 18, 'pet_level': 1, 'pet_quality_id': 2, 'pet_species_id': 1596}"
1200712774,VERY_LONG,,1,60000000,56400000,"{'id': 82800, 'context': 0, 'modifiers': [{'type': 6, 'value': 57823}], 'pet_breed_id': 22, 'pet_level': 1, 'pet_quality_id': 3, 'pet_species_id': 1429}"
1200712775,VERY_LONG,,1,366000000,344040000,"{'id': 82800, 'context': 0, 'modifiers': [{'type': 6, 'value': 86135}], 'pet_breed_id': 8, 'pet_level': 1, 'pet_quality_id': 2, 'pet_species_id': 2189}"
1200712776,VERY_LONG,,1,556000000,522640000,"{'id': 82800, 'context': 0, 'modifiers': [{'type': 6, 'value': 99857}], 'pet_breed_id': 6, 'pet_level': 1, 'pet_quality_id': 2, 'pet_species_id': 2945}"
1200712777,VERY_LONG,,1,216000000,203040000,"{'id': 82800, 'context': 0, 'modifiers': [{'type': 6, 'value': 99891}], 'pet_breed_id': 16, 'pet_level': 1, 'pet_quality_id': 2, 'pet_species_id': 3006}"
1200712778,VERY_LONG,,1,22679700,21318900,"{'id': 82800, 'context': 0, 'modifiers': [{'type': 6, 'value': 78261}], 'pet_breed_id': 3, 'pet_level': 1, 'pet_quality_id': 3, 'pet_species_id': 2072}"
1200712780,VERY_LONG,,1,399990000,375990600,"{'id': 82800, 'context': 0, 'modifiers': [{'type': 6, 'value': 5448}], 'pet_breed_id': 7, 'pet_level': 1, 'pet_quality_id': 2, 'pet_species_id': 42}"
1200712781,VERY_LONG,,1,175000000,164500000,"{'id': 82800, 'context': 0, 'modifiers': [{'type': 6, 'value': 95572}], 'pet_breed_id': 7, 'pet_level': 1, 'pet_quality_id': 2, 'pet_species_id': 2958}"
1200712782,VERY_LONG,,1,179980000,169181200,"{'id': 82800, 'context': 0, 'modifiers': [{'type': 6, 'value': 45957}], 'pet_breed_id': 13, 'pet_level': 1, 'pet_quality_id': 3, 'pet_species_id': 848}"
1200712783,VERY_LONG,,1,150000000,141000000,"{'id': 82800, 'context': 0, 'modifiers': [{'type': 6, 'value': 88761}], 'pet_breed_id': 5, 'pet_level': 1, 'pet_quality_id': 2, 'pet_species_id': 2712}"
1200712784,VERY_LONG,,1,34490000,32420600,"{'id': 82800, 'context': 0, 'modifiers': [{'type': 6, 'value': 90944}], 'pet_breed_id': 4, 'pet_level': 1, 'pet_quality_id': 3, 'pet_species_id': 2695}"
1200712785,VERY_LONG,,1,14257200,13401800,"{'id': 82800, 'context': 0, 'modifiers': [{'type': 6, 'value': 29808}], 'pet_breed_id': 21, 'pet_level': 1, 'pet_quality_id': 2, 'pet_species_id': 238}"
1200712786,VERY_LONG,,1,87999900,82719900,"{'id': 82800, 'context': 0, 'modifiers': [{'type': 6, 'value': 91021}], 'pet_breed_id': 4, 'pet_level': 1, 'pet_quality_id': 3, 'pet_species_id': 2691}"
1200712787,VERY_LONG,,1,120000000,112800000,"{'id': 82800, 'context': 0, 'modifiers': [{'type': 6, 'value': 6292}], 'pet_breed_id': 14, 'pet_level': 1, 'pet_quality_id': 3, 'pet_species_id': 1563}"
1200712789,VERY_LONG,,1,49126900,46179300,"{'id': 82800, 'context': 0, 'modifiers': [{'type': 6, 'value': 31722}], 'pet_breed_id': 3, 'pet_level': 1, 'pet_quality_id': 3, 'pet_species_id': 253}"
1200712790,VERY_LONG,,1,28987000,27247800,"{'id': 82800, 'context': 0, 'modifiers': [{'type': 6, 'value': 59578}], 'pet_breed_id': 14, 'pet_level': 1, 'pet_quality_id': 3, 'pet_species_id': 1530}"
1200712791,VERY_LONG,,1,340000000,319600000,"{'id': 82800, 'context': 0, 'modifiers': [{'type': 6, 'value': 98453}], 'pet_breed_id': 19, 'pet_level': 1, 'pet_quality_id': 2, 'pet_species_id': 3016}"
1200712792,VERY_LONG,,1,239985800,225586700,"{'id': 82800, 'context': 0, 'modifiers': [{'type': 6, 'value': 74790}], 'pet_breed_id': 20, 'pet_level': 1, 'pet_quality_id': 2, 'pet_species_id': 319}"
1200712794,VERY_LONG,,1,10057900,10000000,"{'id': 82800, 'context': 0, 'modifiers': [{'type': 6, 'value': 29802}], 'pet_breed_id': 20, 'pet_level': 1, 'pet_quality_id': 2, 'pet_species_id': 235}"
1200712795,VERY_LONG,,1,366000000,344040000,"{'id': 82800, 'context': 0, 'modifiers': [{'type': 6, 'value': 78849}], 'pet_breed_id': 5, 'pet_level': 1, 'pet_quality_id': 3, 'pet_species_id': 2577}"
1200712796,VERY_LONG,,1,132223200,124289800,"{'id': 82800, 'context': 0, 'modifiers': [{'type': 6, 'value': 58547}], 'pet_breed_id': 18, 'pet_level': 1, 'pet_quality_id': 3, 'pet_species_id': 1450}"
1200712797,VERY_LONG,,1,396000000,372240000,"{'id': 82800, 'context': 0, 'modifiers': [{'type': 6, 'value': 99889}], 'pet_breed_id': 18, 'pet_level': 1, 'pet_quality_id': 2, 'pet_species_id': 2904}"
1200712798,VERY_LONG,,1,145000000,136300000,"{'id': 82800, 'context': 0, 'modifiers': [{'type': 6, 'value': 88037}], 'pet_breed_id': 15, 'pet_level': 1, 'pet_quality_id': 3, 'pet_species_id': 2460}"
1200712799,VERY_LONG,,1,121852500,114541400,"{'id': 82800, 'context': 0, 'modifiers': [{'type': 6, 'value': 29807}], 'pet_breed_id': 18, 'pet_level': 1, 'pet_quality_id': 2, 'pet_species_id': 233}"
1200712800,VERY_LONG,,1,149950000,140953000,"{'id': 82800, 'context': 0, 'modifiers': [{'type': 6, 'value': 65672}], 'pet_breed_id': 8, 'pet_level': 1, 'pet_quality_id': 3, 'pet_species_id': 1760}"
1200712801,VERY_LONG,,1,14998600,14098700,"{'id': 82800, 'context': 0, 'modifiers': [{'type': 6, 'value': 47955}], 'pet_breed_id': 21, 'pet_level': 6, 'pet_quality_id': 2, 'pet_species_id': 652}"
1200712802,VERY_LONG,,1,191445700,179959000,"{'id': 82800, 'context': 0, 'modifiers': [{'type': 6, 'value': 15470}], 'pet_breed_id': 8, 'pet_level': 1, 'pet_quality_id': 2, 'pet_species_id': 207}"
1200712808,VERY_LONG,,1,149990000,140990600,"{'id': 82800, 'context': 0, 'modifiers': [{'type': 6, 'value': 21382}], 'pet_breed_id': 3, 'pet_level': 1, 'pet_quality_id': 2, 'pet_species_id': 158}"
1200712809,VERY_LONG,,1,99999900,93999900,"{'id': 82800, 'context': 0, 'modifiers': [{'type': 6, 'value': 78837}], 'pet_breed_id': 6, 'pet_level': 1, 'pet_quality_id': 2, 'pet_species_id': 2474}"
1200712810,VERY_LONG,,1,59999900,56399900,"{'id': 82800, 'context': 0, 'modifiers': [{'type': 6, 'value': 99908}], 'pet_breed_id': 18, 'pet_level': 1, 'pet_quality_id': 3, 'pet_species_id': 2961}"
1200712811,VERY_LONG,,1,306000000,287640000,"{'id': 82800, 'context': 0, 'modifiers': [{'type': 6, 'value': 89742}], 'pet_breed_id': 3, 'pet_level': 1, 'pet_quality_id': 3, 'pet_species_id': 2529}"
1200712812,VERY_LONG,,1,196000000,184240000,"{'id': 82800, 'context': 0, 'modifiers': [{'type': 6, 'value': 95576}], 'pet_breed_id': 14, 'pet_level': 1, 'pet_quality_id': 2, 'pet_species_id': 2944}"
1200712813,VERY_LONG,,1,556000000,522640000,"{'id': 82800, 'context': 0, 'modifiers': [{'type': 6, 'value': 93744}], 'pet_breed_id': 18, 'pet_level': 1, 'pet_quality_id': 2, 'pet_species_id': 2933}"
1200712814,VERY_LONG,,1,346000000,325240000,"{'id': 82800, 'context': 0, 'modifiers': [{'type': 6, 'value': 83641}], 'pet_breed_id': 3, 'pet_level': 1, 'pet_quality_id': 2, 'pet_species_id': 2416}"
1200712815,VERY_LONG,,1,230000000,216200000,"{'id': 82800, 'context': 0, 'modifiers': [{'type': 6, 'value': 38473}], 'pet_breed_id': 4, 'pet_level': 1, 'pet_quality_id': 2, 'pet_species_id': 1517}"
1200712816,VERY_LONG,,1,19994200,18794500,"{'id': 82800, 'context': 0, 'modifiers': [{'type': 6, 'value': 59577}], 'pet_breed_id': 17, 'pet_level': 1, 'pet_quality_id': 3, 'pet_species_id': 1531}"
1200712817,VERY_LONG,,1,80000000,75200000,"{'id': 82800, 'context': 0, 'modifiers': [{'type': 6, 'value': 60875}], 'pet_breed_id': 3, 'pet_level': 1, 'pet_quality_id': 3, 'pet_species_id': 1495}"
1200712819,VERY_LONG,,1,29999700,28199700,"{'id': 82800, 'context': 0, 'modifiers': [{'type': 6, 'value': 60609}], 'pet_breed_id': 22, 'pet_level': 1, 'pet_quality_id': 3, 'pet_species_id': 1656}"
1200712821,VERY_LONG,,1,74744500,70259800,"{'id': 82800, 'context': 0, 'modifiers': [{'type': 6, 'value': 88873}], 'pet_breed_id': 12, 'pet_level': 1, 'pet_quality_id': 3, 'pet_species_id': 2680}"
1200712823,VERY_LONG,,1,316000000,297040000,"{'id': 82800, 'context': 0, 'modifiers': [{'type': 6, 'value': 92158}], 'pet_breed_id': 20, 'pet_level': 1, 'pet_quality_id': 3, 'pet_species_id': 2709}"
1200712825,VERY_LONG,,1,356000000,334640000,"{'id': 82800, 'context': 0, 'modifiers': [{'type': 6, 'value': 81079}], 'pet_breed_id': 11, 'pet_level': 1, 'pet_quality_id': 2, 'pet_species_id': 2405}"
1200712827,VERY_LONG,,1,19999900,18799900,"{'id': 82800, 'context': 0, 'modifiers': [{'type': 6, 'value': 28217}], 'pet_breed_id': 7, 'pet_level': 1, 'pet_quality_id': 2, 'pet_species_id': 196}"
1200712832,VERY_LONG,,1,80006900,75206500,"{'id': 82800, 'context': 0, 'modifiers': [{'type': 6, 'value': 99871}], 'pet_breed_id': 18, 'pet_level': 1, 'pet_quality_id': 2, 'pet_species_id': 3030}"
1200712837,VERY_LONG,,1,10000900,10000000,"{'id': 82800, 'context': 0, 'modifiers': [{'type': 6, 'value': 68845}], 'pet_breed_id': 3, 'pet_level': 1, 'pet_quality_id': 3, 'pet_species_id': 1929}"
1200712839,VERY_LONG,,1,290008000,272607500,"{'id': 82800, 'context': 0, 'modifiers': [{'type': 6, 'value': 51504}], 'pet_breed_id': 8, 'pet_level': 1, 'pet_quality_id': 3, 'pet_species_id': 1348}"
1200712841,VERY_LONG,,1,416000000,391040000,"{'id': 82800, 'context': 0, 'modifiers': [{'type': 6, 'value': 96387}], 'pet_breed_id': 11, 'pet_level': 1, 'pet_quality_id': 2, 'pet_species_id': 2913}"
1200712843,VERY_LONG,,1,58909800,55375200,"{'id': 82800, 'context': 0, 'modifiers': [{'type': 6, 'value': 45938}], 'pet_breed_id': 7, 'pet_level': 1, 'pet_quality_id': 3, 'pet_species_id': 834}"
1200712845,VERY_LONG,,1,39563400,37189600,"{'id': 82800, 'context': 0, 'modifiers': [{'type': 6, 'value': 46811}], 'pet_breed_id': 7, 'pet_level': 1, 'pet_quality_id': 3, 'pet_species_id': 1126}"
1200712848,VERY_LONG,,1,1000000000,940000000,"{'id': 82800, 'context': 0, 'modifiers': [{'type': 6, 'value': 93752}], 'pet_breed_id': 5, 'pet_level': 25, 'pet_quality_id': 3, 'pet_species_id': 2905}"
1200712849,VERY_LONG,,1,1399999900,1315999900,"{'id': 82800, 'context': 0, 'modifiers': [{'type': 6, 'value': 92233}], 'pet_breed_id': 8, 'pet_level': 1, 'pet_quality_id': 3, 'pet_species_id': 2845}"
1200712850,VERY_LONG,,1,190000000,178600000,"{'id': 82800, 'context': 0, 'modifiers': [{'type': 6, 'value': 95578}], 'pet_breed_id': 5, 'pet_level': 1, 'pet_quality_id': 2, 'pet_species_id': 3025}"
1200712851,VERY_LONG,,1,170489100,160259800,"{'id': 82800, 'context': 0, 'modifiers': [{'type': 6, 'value': 46163}], 'pet_breed_id': 5, 'pet_level': 1, 'pet_quality_id': 3, 'pet_species_id': 1061}"
1200712852,VERY_LONG,,1,99000000,93060000,"{'id': 82800, 'context': 0, 'modifiers': [{'type': 6, 'value': 99916}], 'pet_breed_id': 3, 'pet_level': 1, 'pet_quality_id': 2, 'pet_species_id': 2959}"
1200712854,VERY_LONG,,1,206000000,193640000,"{'id': 82800, 'context': 0, 'modifiers': [{'type': 6, 'value': 84863}], 'pet_breed_id': 10, 'pet_level': 1, 'pet_quality_id': 2, 'pet_species_id': 2413}"
1200712856,VERY_LONG,,1,74880000,70387200,"{'id': 82800, 'context': 0, 'modifiers': [{'type': 6, 'value': 99872}], 'pet_breed_id': 14, 'pet_level': 1, 'pet_quality_id': 2, 'pet_species_id': 3032}"
1200712858,VERY_LONG,,1,49999500,46999500,"{'id': 82800, 'context': 0, 'modifiers': [{'type': 6, 'value': 99923}], 'pet_breed_id': 8, 'pet_level': 1, 'pet_quality_id': 2, 'pet_species_id': 3034}"
1200712861,VERY_LONG,,1,12000000,11280000,"{'id': 82800, 'context': 0, 'modifiers': [{'type': 6, 'value': 61890}], 'pet_breed_id': 7, 'pet_level': 1, 'pet_quality_id': 3, 'pet_species_id': 1625}"
1200712863,VERY_LONG,,1,346000000,325240000,"{'id': 82800, 'context': 0, 'modifiers': [{'type': 6, 'value': 99879}], 'pet_breed_id': 5, 'pet_level': 1, 'pet_quality_id': 2, 'pet_species_id': 2923}"
1200712866,VERY_LONG,,1,79940000,75143600,"{'id': 82800, 'context': 0, 'modifiers': [{'type': 6, 'value': 23000}], 'pet_breed_id': 7, 'pet_level': 1, 'pet_quality_id': 3, 'pet_species_id': 2547}"
1200712868,VERY_LONG,,1,15149200,14240200,"{'id': 82800, 'context': 0, 'modifiers': [{'type': 6, 'value': 66485}], 'pet_breed_id': 17, 'pet_level': 1, 'pet_quality_id': 3, 'pet_species_id': 1884}"
1200712870,VERY_LONG,,1,295979500,278220700,"{'id': 82800, 'context': 0, 'modifiers': [{'type': 6, 'value': 99890}], 'pet_breed_id': 11, 'pet_level': 1, 'pet_quality_id': 2, 'pet_species_id': 2903}"
1200712872,VERY_LONG,,1,20000000,18800000,"{'id': 82800, 'context': 0, 'modifiers': [{'type': 6, 'value': 98466}], 'pet_breed_id': 4, 'pet_level': 1, 'pet_quality_id': 2, 'pet_species_id': 3013}"
1200712874,VERY_LONG,,1,86884000,81671000,"{'id': 82800, 'context': 0, 'modifiers': [{'type': 6, 'value': 65714}], 'pet_breed_id': 6, 'pet_level': 1, 'pet_quality_id': 3, 'pet_species_id': 1765}"
1200712876,VERY_LONG,,1,102769400,96603200,"{'id': 82800, 'context': 0, 'modifiers': [{'type': 6, 'value': 90029}], 'pet_breed_id': 5, 'pet_level': 1, 'pet_quality_id': 3, 'pet_species_id': 2539}"
1200712878,VERY_LONG,,1,42500000,39950000,"{'id': 82800, 'context': 0, 'modifiers': [{'type': 6, 'value': 60820}], 'pet_breed_id': 18, 'pet_level': 2, 'pet_quality_id': 3, 'pet_species_id': 1567}"
1200712881,VERY_LONG,,1,276000000,259440000,"{'id': 82800, 'context': 0, 'modifiers': [{'type': 6, 'value': 30969}], 'pet_breed_id': 20, 'pet_level': 1, 'pet_quality_id': 3, 'pet_species_id': 1516}"
1200712883,VERY_LONG,,1,135000000,126900000,"{'id': 82800, 'context': 0, 'modifiers': [{'type': 6, 'value': 58169}], 'pet_breed_id': 18, 'pet_level': 1, 'pet_quality_id': 3, 'pet_species_id': 1521}"
1200712886,VERY_LONG,,1,50661300,47621600,"{'id': 82800, 'context': 0, 'modifiers': [{'type': 6, 'value': 88007}], 'pet_breed_id': 12, 'pet_level': 1, 'pet_quality_id': 3, 'pet_species_id': 2453}"
1200712888,VERY_LONG,,1,44686600,42005400,"{'id': 82800, 'context': 0, 'modifiers': [{'type': 6, 'value': 51413}], 'pet_breed_id': 10, 'pet_level': 1, 'pet_quality_id': 2, 'pet_species_id': 1321}"
1200712890,VERY_LONG,,1,70002900,65802700,"{'id': 82800, 'context': 0, 'modifiers': [{'type': 6, 'value': 45939}], 'pet_breed_id': 12, 'pet_level': 1, 'pet_quality_id': 3, 'pet_species_id': 337}"
1200712892,VERY_LONG,,1,366000000,344040000,"{'id': 82800, 'context': 0, 'modifiers': [{'type': 6, 'value': 80951}], 'pet_breed_id': 10, 'pet_level': 1, 'pet_quality_id': 2, 'pet_species_id': 2407}"
1200712894,VERY_LONG,,1,149999800,140999800,"{'id': 82800, 'context': 0, 'modifiers': [{'type': 6, 'value': 91656}], 'pet_breed_id': 10, 'pet_level': 1, 'pet_quality_id': 3, 'pet_species_id': 2721}"
1200712896,VERY_LONG,,1,105000000,98700000,"{'id': 82800, 'context': 0, 'modifiers': [{'type': 6, 'value': 22388}], 'pet_breed_id': 8, 'pet_level': 1, 'pet_quality_id': 3, 'pet_species_id': 163}"
1200712899,VERY_LONG,,1,22952400,21575300,"{'id': 82800, 'context': 0, 'modifiers': [{'type': 6, 'value': 87890}], 'pet_breed_id': 3, 'pet_level': 1, 'pet_quality_id': 3, 'pet_species_id': 2435}"
1200712901,VERY_LONG,,1,146000000,137240000,"{'id': 82800, 'context': 0, 'modifiers': [{'type': 6, 'value': 99875}], 'pet_breed_id': 8, 'pet_level': 1, 'pet_quality_id': 2, 'pet_species_id': 3037}"
1200712902,VERY_LONG,,1,13162500,12372800,"{'id': 82800, 'context': 0, 'modifiers': [{'type': 6, 'value': 28216}], 'pet_breed_id': 11, 'pet_level': 1, 'pet_quality_id': 3, 'pet_species_id': 198}"
1200712904,VERY_LONG,,1,17009100,15988600,"{'id': 82800, 'context': 0, 'modifiers': [{'type': 6, 'value': 8910}], 'pet_breed_id': 7, 'pet_level': 1, 'pet_quality_id': 2, 'pet_species_id': 86}"
1200712906,VERY_LONG,,1,54190200,50938800,"{'id': 82800, 'context': 0, 'modifiers': [{'type': 6, 'value': 42430}], 'pet_breed_id': 4, 'pet_level': 1, 'pet_quality_id': 3, 'pet_species_id': 1518}"
1200712907,VERY_LONG,,1,115000000,108100000,"{'id': 82800, 'context': 0, 'modifiers': [{'type': 6, 'value': 64097}], 'pet_breed_id': 6, 'pet_level': 1, 'pet_quality_id': 3, 'pet_species_id': 1672}"
1200712908,VERY_LONG,,1,42951000,40373900,"{'id': 82800, 'context': 0, 'modifiers': [{'type': 6, 'value': 88766}], 'pet_breed_id': 12, 'pet_level': 1, 'pet_quality_id': 3, 'pet_species_id': 2713}"
1200712909,VERY_LONG,,1,345970000,325211800,"{'id': 82800, 'context': 0, 'modifiers': [{'type': 6, 'value': 81097}], 'pet_breed_id': 12, 'pet_level': 1, 'pet_quality_id': 3, 'pet_species_id': 2576}"
1200712910,VERY_LONG,,1,306000000,287640000,"{'id': 82800, 'context': 0, 'modifiers': [{'type': 6, 'value': 80460}], 'pet_breed_id': 8, 'pet_level': 1, 'pet_quality_id': 2, 'pet_species_id': 2414}"
1200712911,VERY_LONG,,1,91765000,86259100,"{'id': 82800, 'context': 0, 'modifiers': [{'type': 6, 'value': 90030}], 'pet_breed_id': 3, 'pet_level': 1, 'pet_quality_id': 3, 'pet_species_id': 2540}"
1200712912,VERY_LONG,,1,119998900,112799000,"{'id': 82800, 'context': 0, 'modifiers': [{'type': 6, 'value': 99874}], 'pet_breed_id': 8, 'pet_level': 1, 'pet_quality_id': 2, 'pet_species_id': 2897}"
1200712913,VERY_LONG,,1,236000000,221840000,"{'id': 82800, 'context': 0, 'modifiers': [{'type': 6, 'value': 71945}], 'pet_breed_id': 7, 'pet_level': 1, 'pet_quality_id': 3, 'pet_species_id': 1723}"
1200712914,VERY_LONG,,1,216000000,203040000,"{'id': 82800, 'context': 0, 'modifiers': [{'type': 6, 'value': 28482}], 'pet_breed_id': 3, 'pet_level': 1, 'pet_quality_id': 2, 'pet_species_id': 204}"
1200712915,VERY_LONG,,1,59661500,56081800,"{'id': 82800, 'context': 0, 'modifiers': [{'type': 6, 'value': 58768}], 'pet_breed_id': 16, 'pet_level': 1, 'pet_quality_id': 3, 'pet_species_id': 1571}"
1200712916,VERY_LONG,,1,269996400,253796600,"{'id': 82800, 'context': 0, 'modifiers': [{'type': 6, 'value': 99860}], 'pet_breed_id': 19, 'pet_level': 1, 'pet_quality_id': 2, 'pet_species_id': 2947}"
1200712917,VERY_LONG,,1,81000000,76140000,"{'id': 82800, 'context': 0, 'modifiers': [{'type': 6, 'value': 99850}], 'pet_breed_id': 14, 'pet_level': 1, 'pet_quality_id': 3, 'pet_species_id': 3044}"
1200712918,VERY_LONG,,1,24001000,22560900,"{'id': 82800, 'context': 0, 'modifiers': [{'type': 6, 'value': 91810}], 'pet_breed_id': 18, 'pet_level': 1, 'pet_quality_id': 3, 'pet_species_id': 2835}"
1200712919,VERY_LONG,,1,65581000,61646100,"{'id': 82800, 'context': 0, 'modifiers': [{'type': 6, 'value': 91111}], 'pet_breed_id': 10, 'pet_level': 1, 'pet_quality_id': 2, 'pet_species_id': 2699}"
1200712920,VERY_LONG,,1,346000000,325240000,"{'id': 82800, 'context': 0, 'modifiers': [{'type': 6, 'value': 76624}], 'pet_breed_id': 7, 'pet_level': 1, 'pet_quality_id': 2, 'pet_species_id': 2423}"
1200712921,VERY_LONG,,1,366000000,344040000,"{'id': 82800, 'context': 0, 'modifiers': [{'type': 6, 'value': 47711}], 'pet_breed_id': 11, 'pet_level': 1, 'pet_quality_id': 3, 'pet_species_id': 1204}"
1200712922,VERY_LONG,,1,14252300,13397200,"{'id': 82800, 'context': 0, 'modifiers': [{'type': 6, 'value': 65071}], 'pet_breed_id': 7, 'pet_level': 1, 'pet_quality_id': 3, 'pet_species_id': 1705}"
1200712923,VERY_LONG,,1,125000000,117500000,"{'id': 82800, 'context': 0, 'modifiers': [{'type': 6, 'value': 74484}], 'pet_breed_id': 6, 'pet_level': 1, 'pet_quality_id': 3, 'pet_species_id': 1805}"
1200712924,VERY_LONG,,1,38139700,35851300,"{'id': 82800, 'context': 0, 'modifiers': [{'type': 6, 'value': 22855}], 'pet_breed_id': 3, 'pet_level': 11, 'pet_quality_id': 3, 'pet_species_id': 167}"
1200712925,VERY_LONG,,1,366000000,344040000,"{'id': 82800, 'context': 0, 'modifiers': [{'type': 6, 'value': 99865}], 'pet_breed_id': 21, 'pet_level': 1, 'pet_quality_id': 2, 'pet_species_id': 2917}"
1200712926,VERY_LONG,,1,59000400,55460400,"{'id': 82800, 'context': 0, 'modifiers': [{'type': 6, 'value': 23507}], 'pet_breed_id': 7, 'pet_level': 1, 'pet_quality_id': 3, 'pet_species_id': 173}"
1200712927,VERY_LONG,,1,139999900,131599900,"{'id': 82800, 'context': 0, 'modifiers': [{'type': 6, 'value': 51505}], 'pet_breed_id': 4, 'pet_level': 1, 'pet_quality_id': 2, 'pet_species_id': 1349}"
1200712928,VERY_LONG,,1,30000600,28200600,"{'id': 82800, 'context': 0, 'modifiers': [{'type': 6, 'value': 43868}], 'pet_breed_id': 13, 'pet_level': 1, 'pet_quality_id': 2, 'pet_species_id': 792}"
1200712929,VERY_LONG,,1,115552200,108619100,"{'id': 82800, 'context': 0, 'modifiers': [{'type': 6, 'value': 47958}], 'pet_breed_id': 21, 'pet_level': 1, 'pet_quality_id': 3, 'pet_species_id': 1208}"
1200712930,VERY_LONG,,1,74857200,70365800,"{'id': 82800, 'context': 0, 'modifiers': [{'type': 6, 'value': 27627}], 'pet_breed_id': 4, 'pet_level': 1, 'pet_quality_id': 3, 'pet_species_id': 193}"
1200712931,VERY_LONG,,1,121116800,113849800,"{'id': 82800, 'context': 0, 'modifiers': [{'type': 6, 'value': 99855}], 'pet_breed_id': 16, 'pet_level': 1, 'pet_quality_id': 2, 'pet_species_id': 2931}"
1200712933,VERY_LONG,,1,110004500,103404200,"{'id': 82800, 'context': 0, 'modifiers': [{'type': 6, 'value': 21381}], 'pet_breed_id': 3, 'pet_level': 1, 'pet_quality_id': 2, 'pet_species_id': 157}"
1200712934,VERY_LONG,,1,113881000,107048100,"{'id': 82800, 'context': 0, 'modifiers': [{'type': 6, 'value': 91248}], 'pet_breed_id': 5, 'pet_level': 1, 'pet_quality_id': 3, 'pet_species_id': 2761}"
1200712935,VERY_LONG,,1,51845500,48734800,"{'id': 82800, 'context': 0, 'modifiers': [{'type': 6, 'value': 29810}], 'pet_breed_id': 3, 'pet_level': 1, 'pet_quality_id': 2, 'pet_species_id': 237}"
1200713037,VERY_LONG,,1,26691300,25089800,"{'id': 82800, 'context': 0, 'modifiers': [{'type': 6, 'value': 87870}], 'pet_breed_id': 5, 'pet_level': 1, 'pet_quality_id': 3, 'pet_species_id': 2433}"
1200713038,VERY_LONG,,1,15006100,14105700,"{'id': 82800, 'context': 0, 'modifiers': [{'type': 6, 'value': 60975}], 'pet_breed_id': 16, 'pet_level': 1, 'pet_quality_id': 3, 'pet_species_id': 1600}"
1200713039,VERY_LONG,,1,100000000,94000000,"{'id': 82800, 'context': 0, 'modifiers': [{'type': 6, 'value': 82688}], 'pet_breed_id': 17, 'pet_level': 1, 'pet_quality_id': 3, 'pet_species_id': 2163}"
1200713040,VERY_LONG,,1,50007700,47007200,"{'id': 82800, 'context': 0, 'modifiers': [{'type': 6, 'value': 45854}], 'pet_breed_id': 5, 'pet_level': 1, 'pet_quality_id': 3, 'pet_species_id': 836}"
1200713042,VERY_LONG,,1,235980000,221821200,"{'id': 82800, 'context': 0, 'modifiers': [{'type': 6, 'value': 4732}], 'pet_breed_id': 19, 'pet_level': 1, 'pet_quality_id': 2, 'pet_species_id': 206}"
1200713043,VERY_LONG,,1,356000000,334640000,"{'id': 82800, 'context': 0, 'modifiers': [{'type': 6, 'value': 63584}], 'pet_breed_id': 3, 'pet_level': 1, 'pet_quality_id': 3, 'pet_species_id': 1664}"
1200713044,VERY_LONG,,1,19177800,18027100,"{'id': 82800, 'context': 0, 'modifiers': [{'type': 6, 'value': 60889}], 'pet_breed_id': 3, 'pet_level': 1, 'pet_quality_id': 3, 'pet_species_id': 1588}"
1200713046,VERY_LONG,,1,44989900,42290500,"{'id': 82800, 'context': 0, 'modifiers': [{'type': 6, 'value': 63447}], 'pet_breed_id': 18, 'pet_level': 1, 'pet_quality_id': 3, 'pet_species_id': 1661}"
1200713047,VERY_LONG,,1,190006100,178605700,"{'id': 82800, 'context': 0, 'modifiers': [{'type': 6, 'value': 87763}], 'pet_breed_id': 13, 'pet_level': 1, 'pet_quality_id': 2, 'pet_species_id': 2793}"
1200713048,VERY_LONG,,1,396000000,372240000,"{'id': 82800, 'context': 0, 'modifiers': [{'type': 6, 'value': 51417}], 'pet_breed_id': 20, 'pet_level': 1, 'pet_quality_id': 3, 'pet_species_id': 1331}"
1200713049,VERY_LONG,,1,1156000000,1086640000,"{'id': 82800, 'context': 0, 'modifiers': [{'type': 6, 'value': 8409}], 'pet_breed_id': 10, 'pet_level': 1, 'pet_quality_id': 3, 'pet_species_id': 172}"
1200713050,VERY_LONG,,1,233000000,219020000,"{'id': 82800, 'context': 0, 'modifiers': [{'type': 6, 'value': 95582}], 'pet_breed_id': 8, 'pet_level': 1, 'pet_quality_id': 2, 'pet_species_id': 2914}"
1200713051,VERY_LONG,,1,306000000,287640000,"{'id': 82800, 'context': 0, 'modifiers': [{'type': 6, 'value': 99873}], 'pet_breed_id': 8, 'pet_level': 1, 'pet_quality_id': 2, 'pet_species_id': 2892}"
1200713052,VERY_LONG,,1,49933800,46937800,"{'id': 82800, 'context': 0, 'modifiers': [{'type': 6, 'value': 97089}], 'pet_breed_id': 14, 'pet_level': 1, 'pet_quality_id': 2, 'pet_species_id': 3028}"
1200713053,VERY_LONG,,1,12463500,11715700,"{'id': 82800, 'context': 0, 'modifiers': [{'type': 6, 'value': 65113}], 'pet_breed_id': 20, 'pet_level': 1, 'pet_quality_id': 3, 'pet_species_id': 1717}"
1200713054,VERY_LONG,,1,366000000,344040000,"{'id': 82800, 'context': 0, 'modifiers': [{'type': 6, 'value': 99864}], 'pet_breed_id': 13, 'pet_level': 1, 'pet_quality_id': 2, 'pet_species_id': 2965}"
1200713055,VERY_LONG,,1,47999900,45119900,"{'id': 82800, 'context': 0, 'modifiers': [{'type': 6, 'value': 28501}], 'pet_breed_id': 9, 'pet_level': 1, 'pet_quality_id': 3, 'pet_species_id': 165}"
1200713056,VERY_LONG,,1,225999800,212439800,"{'id': 82800, 'context': 0, 'modifiers': [{'type': 6, 'value': 36499}], 'pet_breed_id': 19, 'pet_level': 1, 'pet_quality_id': 2, 'pet_species_id': 271}"
1200713057,VERY_LONG,,1,172800000,162432000,"{'id': 82800, 'context': 0, 'modifiers': [{'type': 6, 'value': 83052}], 'pet_breed_id': 16, 'pet_level': 1, 'pet_quality_id': 2, 'pet_species_id': 2429}"
1200713058,VERY_LONG,,1,36075700,33911200,"{'id': 82800, 'context': 0, 'modifiers': [{'type': 6, 'value': 79637}], 'pet_breed_id': 21, 'pet_level': 1, 'pet_quality_id': 3, 'pet_species_id': 2082}"
1200713059,VERY_LONG,,1,54980000,51681200,"{'id': 82800, 'context': 0, 'modifiers': [{'type': 6, 'value': 57803}], 'pet_breed_id': 17, 'pet_level': 1, 'pet_quality_id': 3, 'pet_species_id': 1428}"
1200713060,VERY_LONG,,1,170000000,159800000,"{'id': 82800, 'context': 0, 'modifiers': [{'type': 6, 'value': 59330}], 'pet_breed_id': 5, 'pet_level': 1, 'pet_quality_id': 3, 'pet_species_id': 1523}"
1200713061,VERY_LONG,,1,14999700,14099700,"{'id': 82800, 'context': 0, 'modifiers': [{'type': 6, 'value': 61884}], 'pet_breed_id': 6, 'pet_level': 1, 'pet_quality_id': 3, 'pet_species_id': 1622}"
1200713062,VERY_LONG,,1,216000000,203040000,"{'id': 82800, 'context': 0, 'modifiers': [{'type': 6, 'value': 86529}], 'pet_breed_id': 5, 'pet_level': 1, 'pet_quality_id': 2, 'pet_species_id': 2422}"
1200713063,VERY_LONG,,1,156000000,146640000,"{'id': 82800, 'context': 0, 'modifiers': [{'type': 6, 'value': 60909}], 'pet_breed_id': 20, 'pet_level': 1, 'pet_quality_id': 2, 'pet_species_id': 1575}"
1200713064,VERY_LONG,,1,150000000,141000000,"{'id': 82800, 'context': 0, 'modifiers': [{'type': 6, 'value': 81058}], 'pet_breed_id': 3, 'pet_level': 1, 'pet_quality_id': 2, 'pet_species_id': 2424}"
1200713065,VERY_LONG,,1,140000000,131600000,"{'id': 82800, 'context': 0, 'modifiers': [{'type': 6, 'value': 51268}], 'pet_breed_id': 6, 'pet_level': 1, 'pet_quality_id': 3, 'pet_species_id': 1322}"
1200713066,VERY_LONG,,1,275910000,259355400,"{'id': 82800, 'context': 0, 'modifiers': [{'type': 6, 'value': 87976}], 'pet_breed_id': 3, 'pet_level': 1, 'pet_quality_id': 3, 'pet_species_id': 2443}"
1200713067,VERY_LONG,,1,236000000,221840000,"{'id': 82800, 'context': 0, 'modifiers': [{'type': 6, 'value': 16205}], 'pet_breed_id': 3, 'pet_level': 1, 'pet_quality_id': 2, 'pet_species_id': 209}"
1200713068,VERY_LONG,,1,196000000,184240000,"{'id': 82800, 'context': 0, 'modifiers': [{'type': 6, 'value': 38135}], 'pet_breed_id': 6, 'pet_level': 1, 'pet_quality_id': 2, 'pet_species_id': 289}"
1200713069,VERY_LONG,,1,216000000,203040000,"{'id': 82800, 'context': 0, 'modifiers': [{'type': 6, 'value': 28502}], 'pet_breed_id': 5, 'pet_level': 1, 'pet_quality_id': 2, 'pet_species_id': 210}"
1200713070,VERY_LONG,,1,250000000,235000000,"{'id': 82800, 'context': 0, 'modifiers': [{'type': 6, 'value': 81966}], 'pet_breed_id': 11, 'pet_level': 1, 'pet_quality_id': 2, 'pet_species_id': 2404}"
1200713071,VERY_LONG,,1,35632300,33494400,"{'id': 82800, 'context': 0, 'modifiers': [{'type': 6, 'value': 53610}], 'pet_breed_id': 20, 'pet_level': 1, 'pet_quality_id': 3, 'pet_species_id': 1385}"
1200713072,VERY_LONG,,1,132009600,124089000,"{'id': 82800, 'context': 0, 'modifiers': [{'type': 6, 'value': 91250}], 'pet_breed_id': 22, 'pet_level': 1, 'pet_quality_id': 3, 'pet_species_id': 2757}"
1200713073,VERY_LONG,,1,196000000,184240000,"{'id': 82800, 'context': 0, 'modifiers': [{'type': 6, 'value': 80414}], 'pet_breed_id': 3, 'pet_level': 1, 'pet_quality_id': 2, 'pet_species_id': 2409}"
1200713074,VERY_LONG,,1,25009500,23508900,"{'id': 82800, 'context': 0, 'modifiers': [{'type': 6, 'value': 48001}], 'pet_breed_id': 13, 'pet_level': 1, 'pet_quality_id': 3, 'pet_species_id': 1202}"
1200713075,VERY_LONG,,1,79999900,78000000,"{'id': 82800, 'context': 0, 'modifiers': [{'type': 6, 'value': 36211}], 'pet_breed_id': 11, 'pet_level': 1, 'pet_quality_id': 3, 'pet_species_id': 277}"
1200713076,VERY_LONG,,1,57499900,54049900,"{'id': 82800, 'context': 0, 'modifiers': [{'type': 6, 'value': 45386}], 'pet_breed_id': 5, 'pet_level': 1, 'pet_quality_id': 3, 'pet_species_id': 844}"
1200713077,VERY_LONG,,1,226000000,212440000,"{'id': 82800, 'context': 0, 'modifiers': [{'type': 6, 'value': 95927}], 'pet_breed_id': 15, 'pet_level': 1, 'pet_quality_id': 2, 'pet_species_id': 2911}"
1200713078,VERY_LONG,,1,140000000,131600000,"{'id': 82800, 'context': 0, 'modifiers': [{'type': 6, 'value': 78161}], 'pet_breed_id': 8, 'pet_level': 1, 'pet_quality_id': 2, 'pet_species_id': 2418}"
1200713079,VERY_LONG,,1,99970000,93971800,"{'id': 82800, 'context': 0, 'modifiers': [{'type': 6, 'value': 22389}], 'pet_breed_id': 3, 'pet_level': 1, 'pet_quality_id': 3, 'pet_species_id': 164}"
1200713080,VERY_LONG,,1,10871300,10219000,"{'id': 82800, 'context': 0, 'modifiers': [{'type': 6, 'value': 61889}], 'pet_breed_id': 19, 'pet_level': 4, 'pet_quality_id': 3, 'pet_species_id': 1627}"
1200713081,VERY_LONG,,1,79000000,74260000,"{'id': 82800, 'context': 0, 'modifiers': [{'type': 6, 'value': 63691}], 'pet_breed_id': 9, 'pet_level': 1, 'pet_quality_id': 3, 'pet_species_id': 1665}"
1200713082,VERY_LONG,,1,130000000,122200000,"{'id': 82800, 'context': 0, 'modifiers': [{'type': 6, 'value': 91249}], 'pet_breed_id': 15, 'pet_level': 1, 'pet_quality_id': 3, 'pet_species_id': 2758}"
1200713083,VERY_LONG,,1,106539400,100147000,"{'id': 82800, 'context': 0, 'modifiers': [{'type': 6, 'value': 93750}], 'pet_breed_id': 20, 'pet_level': 1, 'pet_quality_id': 2, 'pet_species_id': 2907}"
1200713084,VERY_LONG,,1,440000000,413600000,"{'id': 82800, 'context': 0, 'modifiers': [{'type': 6, 'value': 20042}], 'pet_breed_id': 3, 'pet_level': 1, 'pet_quality_id': 3, 'pet_species_id': 146}"
1200713085,VERY_LONG,,1,39999900,37599900,"{'id': 82800, 'context': 0, 'modifiers': [{'type': 6, 'value': 69254}], 'pet_breed_id': 22, 'pet_level': 1, 'pet_quality_id': 3, 'pet_species_id': 1885}"
1200713087,VERY_LONG,,1,67002100,62982000,"{'id': 82800, 'context': 0, 'modifiers': [{'type': 6, 'value': 1418}], 'pet_breed_id': 14, 'pet_level': 1, 'pet_quality_id': 2, 'pet_species_id': 2065}"
1200713088,VERY_LONG,,1,295997800,278237900,"{'id': 82800, 'context': 0, 'modifiers': [{'type': 6, 'value': 99902}], 'pet_breed_id': 10, 'pet_level': 1, 'pet_quality_id': 2, 'pet_species_id': 2899}"
1200713089,VERY_LONG,,1,396000000,372240000,"{'id': 82800, 'context': 0, 'modifiers': [{'type': 6, 'value': 76383}], 'pet_breed_id': 4, 'pet_level': 1, 'pet_quality_id': 2, 'pet_species_id': 2417}"
1200713090,VERY_LONG,,1,96000000,90240000,"{'id': 82800, 'context': 0, 'pet_breed_id': 19, 'pet_level': 1, 'pet_quality_id': 2, 'pet_species_id': 3045}"
1200713091,VERY_LONG,,1,306000000,287640000,"{'id': 82800, 'context': 0, 'modifiers': [{'type': 6, 'value': 87977}], 'pet_breed_id': 3, 'pet_level': 1, 'pet_quality_id': 3, 'pet_species_id': 2444}"
1200713092,VERY_LONG,,1,12992900,12213300,"{'id': 82800, 'context': 0, 'modifiers': [{'type': 6, 'value': 9905}], 'pet_breed_id': 7, 'pet_level': 1, 'pet_quality_id': 3, 'pet_species_id': 286}"
1200713093,VERY_LONG,,1,556000000,522640000,"{'id': 82800, 'context': 0, 'modifiers': [{'type': 6, 'value': 99904}], 'pet_breed_id': 5, 'pet_level': 1, 'pet_quality_id': 2, 'pet_species_id': 2900}"
1200713094,VERY_LONG,,1,43444800,40838100,"{'id': 82800, 'context': 0, 'modifiers': [{'type': 6, 'value': 65717}], 'pet_breed_id': 4, 'pet_level': 1, 'pet_quality_id': 3, 'pet_species_id': 1766}"
1200713095,VERY_LONG,,1,75000000,70500000,"{'id': 82800, 'context': 0, 'modifiers': [{'type': 6, 'value': 47749}], 'pet_breed_id': 17, 'pet_level': 1, 'pet_quality_id': 3, 'pet_species_id': 1197}"
1200713096,VERY_LONG,,1,32170400,30240200,"{'id': 82800, 'context': 0, 'modifiers': [{'type': 6, 'value': 76763}], 'pet_breed_id': 5, 'pet_level': 1, 'pet_quality_id': 3, 'pet_species_id': 2559}"
1200713097,VERY_LONG,,1,79999700,75199700,"{'id': 82800, 'context': 0, 'modifiers': [{'type': 6, 'value': 99868}], 'pet_breed_id': 16, 'pet_level': 1, 'pet_quality_id': 2, 'pet_species_id': 3026}"
1200713099,VERY_LONG,,1,143439000,134832700,"{'id': 82800, 'context': 0, 'modifiers': [{'type': 6, 'value': 86484}], 'pet_breed_id': 17, 'pet_level': 1, 'pet_quality_id': 2, 'pet_species_id': 2197}"
1200713100,VERY_LONG,,1,124000000,116560000,"{'id': 82800, 'context': 0, 'modifiers': [{'type': 6, 'value': 91027}], 'pet_breed_id': 8, 'pet_level': 1, 'pet_quality_id': 2, 'pet_species_id': 2689}"
1200715101,VERY_LONG,,1,179999800,169199800,"{'id': 82800, 'context': 0, 'modifiers': [{'type': 6, 'value': 80254}], 'pet_breed_id': 4, 'pet_level': 1, 'pet_quality_id': 3, 'pet_species_id': 2756}"
1200715102,VERY_LONG,,1,44400000,41736000,"{'id': 82800, 'context': 0, 'modifiers': [{'type': 6, 'value': 99869}], 'pet_breed_id': 19, 'pet_level': 1, 'pet_quality_id': 2, 'pet_species_id': 3027}"
1200715104,VERY_LONG,,1,416000000,391040000,"{'id': 82800, 'context': 0, 'modifiers': [{'type': 6, 'value': 95144}], 'pet_breed_id': 14, 'pet_level': 1, 'pet_quality_id': 3, 'pet_species_id': 2846}"
1200715105,VERY_LONG,,1,199990000,187990600,"{'id': 82800, 'context': 0, 'modifiers': [{'type': 6, 'value': 81219}], 'pet_breed_id': 10, 'pet_level': 1, 'pet_quality_id': 2, 'pet_species_id': 2421}"
1200715106,VERY_LONG,,1,49950000,46953000,"{'id': 82800, 'context': 0, 'modifiers': [{'type': 6, 'value': 98477}], 'pet_breed_id': 18, 'pet_level': 1, 'pet_quality_id': 2, 'pet_species_id': 3064}"
1200715107,VERY_LONG,,1,345990000,325230600,"{'id': 82800, 'context': 0, 'modifiers': [{'type': 6, 'value': 74794}], 'pet_breed_id': 21, 'pet_level': 1, 'pet_quality_id': 2, 'pet_species_id': 3066}"
1200715109,VERY_LONG,,1,107569400,101115200,"{'id': 82800, 'context': 0, 'modifiers': [{'type': 6, 'value': 36637}], 'pet_breed_id': 8, 'pet_level': 1, 'pet_quality_id': 3, 'pet_species_id': 279}"
1200715110,VERY_LONG,,1,186000000,174840000,"{'id': 82800, 'context': 0, 'modifiers': [{'type': 6, 'value': 99629}], 'pet_breed_id': 8, 'pet_level': 1, 'pet_quality_id': 3, 'pet_species_id': 3054}"
1200715111,VERY_LONG,,1,756000000,710640000,"{'id': 82800, 'context': 0, 'modifiers': [{'type': 6, 'value': 47957}], 'pet_breed_id': 22, 'pet_level': 1, 'pet_quality_id': 3, 'pet_species_id': 1207}"
1200715112,VERY_LONG,,1,38794000,36466400,"{'id': 82800, 'context': 0, 'modifiers': [{'type': 6, 'value': 65638}], 'pet_breed_id': 22, 'pet_level': 1, 'pet_quality_id': 3, 'pet_species_id': 1755}"
1200715113,VERY_LONG,,1,49989800,46990400,"{'id': 82800, 'context': 0, 'modifiers': [{'type': 6, 'value': 10269}], 'pet_breed_id': 12, 'pet_level': 1, 'pet_quality_id': 2, 'pet_species_id': 116}"
1200715114,VERY_LONG,,1,199990000,187990600,"{'id': 82800, 'context': 0, 'modifiers': [{'type': 6, 'value': 74514}], 'pet_breed_id': 6, 'pet_level': 1, 'pet_quality_id': 3, 'pet_species_id': 2002}"
1200715116,VERY_LONG,,1,956000000,898640000,"{'id': 82800, 'context': 0, 'modifiers': [{'type': 6, 'value': 99859}], 'pet_breed_id': 5, 'pet_level': 1, 'pet_quality_id': 2, 'pet_species_id': 2949}"
1200715117,VERY_LONG,,1,113781800,106954900,"{'id': 82800, 'context': 0, 'modifiers': [{'type': 6, 'value': 54855}], 'pet_breed_id': 18, 'pet_level': 1, 'pet_quality_id': 3, 'pet_species_id': 1542}"
1200715120,VERY_LONG,,1,129999900,122199900,"{'id': 82800, 'context': 0, 'modifiers': [{'type': 6, 'value': 51269}], 'pet_breed_id': 9, 'pet_level': 1, 'pet_quality_id': 3, 'pet_species_id': 1334}"
1200715121,VERY_LONG,,1,59890000,56296600,"{'id': 82800, 'context': 0, 'modifiers': [{'type': 6, 'value': 50613}], 'pet_breed_id': 8, 'pet_level': 1, 'pet_quality_id': 3, 'pet_species_id': 2702}"
1200715122,VERY_LONG,,1,226000000,212440000,"{'id': 82800, 'context': 0, 'modifiers': [{'type': 6, 'value': 69092}], 'pet_breed_id': 12, 'pet_level': 1, 'pet_quality_id': 2, 'pet_species_id': 2408}"
1200715124,VERY_LONG,,1,52500000,49350000,"{'id': 82800, 'context': 0, 'modifiers': [{'type': 6, 'value': 59017}], 'pet_breed_id': 13, 'pet_level': 1, 'pet_quality_id': 3, 'pet_species_id': 1545}"
1200715125,VERY_LONG,,1,250000000,235000000,"{'id': 82800, 'context': 0, 'modifiers': [{'type': 6, 'value': 88619}], 'pet_breed_id': 17, 'pet_level': 1, 'pet_quality_id': 3, 'pet_species_id': 2701}"
1200715126,VERY_LONG,,1,184470000,173401800,"{'id': 82800, 'context': 0, 'modifiers': [{'type': 6, 'value': 86488}], 'pet_breed_id': 11, 'pet_level': 1, 'pet_quality_id': 2, 'pet_species_id': 2198}"
1200715127,VERY_LONG,,1,1356000000,1274640000,"{'id': 82800, 'context': 0, 'modifiers': [{'type': 6, 'value': 99858}], 'pet_breed_id': 4, 'pet_level': 1, 'pet_quality_id': 2, 'pet_species_id': 2948}"
1200715128,VERY_LONG,,1,250000000,235000000,"{'id': 82800, 'context': 0, 'modifiers': [{'type': 6, 'value': 74036}], 'pet_breed_id': 17, 'pet_level': 1, 'pet_quality_id': 3, 'pet_species_id': 1984}"
1200715130,VERY_LONG,,1,226000000,212440000,"{'id': 82800, 'context': 0, 'modifiers': [{'type': 6, 'value': 84857}], 'pet_breed_id': 17, 'pet_level': 1, 'pet_quality_id': 2, 'pet_species_id': 2412}"
1200715131,VERY_LONG,,1,99999800,93999800,"{'id': 82800, 'context': 0, 'modifiers': [{'type': 6, 'value': 65667}], 'pet_breed_id': 12, 'pet_level': 1, 'pet_quality_id': 2, 'pet_species_id': 1756}"
1200715132,VERY_LONG,,1,306000000,287640000,"{'id': 82800, 'context': 0, 'modifiers': [{'type': 6, 'value': 88764}], 'pet_breed_id': 18, 'pet_level': 1, 'pet_quality_id': 3, 'pet_species_id': 2711}"
1200715134,VERY_LONG,,1,79832000,75042100,"{'id': 82800, 'context': 0, 'modifiers': [{'type': 6, 'value': 69488}], 'pet_breed_id': 21, 'pet_level': 1, 'pet_quality_id': 3, 'pet_species_id': 1701}"
1200715135,VERY_LONG,,1,250000000,235000000,"{'id': 82800, 'context': 0, 'modifiers': [{'type': 6, 'value': 88024}], 'pet_breed_id': 5, 'pet_level': 1, 'pet_quality_id': 2, 'pet_species_id': 2475}"
1200715136,VERY_LONG,,1,124841600,117351100,"{'id': 82800, 'context': 0, 'modifiers': [{'type': 6, 'value': 81099}], 'pet_breed_id': 7, 'pet_level': 1, 'pet_quality_id': 2, 'pet_species_id': 2427}"
1200715137,VERY_LONG,,1,30007000,28206600,"{'id': 82800, 'context': 0, 'modifiers': [{'type': 6, 'value': 81665}], 'pet_breed_id': 11, 'pet_level': 1, 'pet_quality_id': 3, 'pet_species_id': 2546}"
1200715139,VERY_LONG,,1,55053900,51750700,"{'id': 82800, 'context': 0, 'modifiers': [{'type': 6, 'value': 97090}], 'pet_breed_id': 8, 'pet_level': 1, 'pet_quality_id': 2, 'pet_species_id': 3029}"
1200715140,VERY_LONG,,1,25001400,23501300,"{'id': 82800, 'context': 0, 'modifiers': [{'type': 6, 'value': 40224}], 'pet_breed_id': 15, 'pet_level': 1, 'pet_quality_id': 3, 'pet_species_id': 1631}"
1200715142,VERY_LONG,,1,50001400,47001300,"{'id': 82800, 'context': 0, 'modifiers': [{'type': 6, 'value': 48855}], 'pet_breed_id': 7, 'pet_level': 1, 'pet_quality_id': 3, 'pet_species_id': 1230}"
1200715143,VERY_LONG,,1,195999800,184239800,"{'id': 82800, 'context': 0, 'modifiers': [{'type': 6, 'value': 75381}], 'pet_breed_id': 22, 'pet_level': 1, 'pet_quality_id': 2, 'pet_species_id': 2425}"
1200715144,VERY_LONG,,1,250000000,235000000,"{'id': 82800, 'context': 0, 'modifiers': [{'type': 6, 'value': 47708}], 'pet_breed_id': 4, 'pet_level': 1, 'pet_quality_id': 3, 'pet_species_id': 1183}"
1200715145,VERY_LONG,,1,86371800,81189500,"{'id': 82800, 'context': 0, 'modifiers': [{'type': 6, 'value': 70232}], 'pet_breed_id': 3, 'pet_level': 1, 'pet_quality_id': 3, 'pet_species_id': 229}"
1200715146,VERY_LONG,,1,366000000,344040000,"{'id': 82800, 'context': 0, 'modifiers': [{'type': 6, 'value': 49259}], 'pet_breed_id': 20, 'pet_level': 1, 'pet_quality_id': 3, 'pet_species_id': 1448}"
1200715147,VERY_LONG,,1,129999900,122199900,"{'id': 82800, 'context': 0, 'modifiers': [{'type': 6, 'value': 65112}], 'pet_breed_id': 17, 'pet_level': 1, 'pet_quality_id': 3, 'pet_species_id': 1719}"
1200715148,VERY_LONG,,1,25711700,24169000,"{'id': 82800, 'context': 0, 'modifiers': [{'type': 6, 'value': 33559}], 'pet_breed_id': 5, 'pet_level': 1, 'pet_quality_id': 2, 'pet_species_id': 262}"
1200715149,VERY_LONG,,1,250000000,235000000,"{'id': 82800, 'context': 0, 'modifiers': [{'type': 6, 'value': 79798}], 'pet_breed_id': 14, 'pet_level': 1, 'pet_quality_id': 3, 'pet_species_id': 2121}"
1200715151,VERY_LONG,,1,241920300,227405100,"{'id': 82800, 'context': 0, 'modifiers': [{'type': 6, 'value': 78989}], 'pet_breed_id': 8, 'pet_level': 1, 'pet_quality_id': 2, 'pet_species_id': 2077}"
1200715154,VERY_LONG,,1,98417500,92512500,"{'id': 82800, 'context': 0, 'modifiers': [{'type': 6, 'value': 80466}], 'pet_breed_id': 14, 'pet_level': 1, 'pet_quality_id': 3, 'pet_species_id': 2708}"
1200715157,VERY_LONG,,1,21400000,20116000,"{'id': 82800, 'context': 0, 'modifiers': [{'type': 6, 'value': 88003}], 'pet_breed_id': 7, 'pet_level': 1, 'pet_quality_id': 3, 'pet_species_id': 2452}"
1200715159,VERY_LONG,,1,70676300,66435700,"{'id': 82800, 'context': 0, 'pet_breed_id': 19, 'pet_level': 1, 'pet_quality_id': 3, 'pet_species_id': 1336}"
1200715161,VERY_LONG,,1,149999300,140999300,"{'id': 82800, 'context': 0, 'modifiers': [{'type': 6, 'value': 2176}], 'pet_breed_id': 7, 'pet_level': 1, 'pet_quality_id': 2, 'pet_species_id': 127}"
1200715163,VERY_LONG,,1,223273600,209877200,"{'id': 82800, 'context': 0, 'modifiers': [{'type': 6, 'value': 28493}], 'pet_breed_id': 3, 'pet_level': 1, 'pet_quality_id': 2, 'pet_species_id': 212}"
1200715165,VERY_LONG,,1,676000000,635440000,"{'id': 82800, 'context': 0, 'modifiers': [{'type': 6, 'value': 86088}], 'pet_breed_id': 18, 'pet_level': 1, 'pet_quality_id': 3, 'pet_species_id': 2186}"
1200715167,VERY_LONG,,1,14500000,13630000,"{'id': 82800, 'context': 0, 'modifiers': [{'type': 6, 'value': 60016}], 'pet_breed_id': 20, 'pet_level': 1, 'pet_quality_id': 3, 'pet_species_id': 1541}"
1200715170,VERY_LONG,,1,236000000,221840000,"{'id': 82800, 'context': 0, 'modifiers': [{'type': 6, 'value': 51502}], 'pet_breed_id': 9, 'pet_level': 1, 'pet_quality_id': 2, 'pet_species_id': 1345}"
1200715173,VERY_LONG,,1,326000000,306440000,"{'id': 82800, 'context': 0, 'modifiers': [{'type': 6, 'value': 39163}], 'pet_breed_id': 3, 'pet_level': 1, 'pet_quality_id': 2, 'pet_species_id': 341}"
1200715175,VERY_LONG,,1,11999900,11279900,"{'id': 82800, 'context': 0, 'pet_breed_id': 6, 'pet_level': 1, 'pet_quality_id': 2, 'pet_species_id': 1039}"
1200715177,VERY_LONG,,1,83510300,78499700,"{'id': 82800, 'context': 0, 'modifiers': [{'type': 6, 'value': 6288}], 'pet_breed_id': 18, 'pet_level': 1, 'pet_quality_id': 3, 'pet_species_id': 56}"
1200715179,VERY_LONG,,1,676000000,635440000,"{'id': 82800, 'context': 0, 'modifiers': [{'type': 6, 'value': 94165}], 'pet_breed_id': 18, 'pet_level': 1, 'pet_quality_id': 3, 'pet_species_id': 2754}"
1200715181,VERY_LONG,,1,19999900,18799900,"{'id': 82800, 'context': 0, 'modifiers': [{'type': 6, 'value': 79634}], 'pet_breed_id': 22, 'pet_level': 1, 'pet_quality_id': 3, 'pet_species_id': 2079}"
1200715183,VERY_LONG,,1,346000000,325240000,"{'id': 82800, 'context': 0, 'modifiers': [{'type': 6, 'value': 66147}], 'pet_breed_id': 19, 'pet_level': 1, 'pet_quality_id': 3, 'pet_species_id': 1803}"
1200715184,VERY_LONG,,1,275399900,258875900,"{'id': 82800, 'context': 0, 'modifiers': [{'type': 6, 'value': 86231}], 'pet_breed_id': 3, 'pet_level': 1, 'pet_quality_id': 2, 'pet_species_id': 2192}"
1200715185,VERY_LONG,,1,19999500,18799500,"{'id': 82800, 'context': 0, 'modifiers': [{'type': 6, 'value': 93753}], 'pet_breed_id': 13, 'pet_level': 1, 'pet_quality_id': 2, 'pet_species_id': 2935}"
1200715186,VERY_LONG,,1,55340000,52019600,"{'id': 82800, 'context': 0, 'modifiers': [{'type': 6, 'value': 69489}], 'pet_breed_id': 10, 'pet_level': 1, 'pet_quality_id': 3, 'pet_species_id': 1700}"
1200715187,VERY_LONG,,1,38889000,36555700,"{'id': 82800, 'context': 0, 'modifiers': [{'type': 6, 'value': 16259}], 'pet_breed_id': 5, 'pet_level': 1, 'pet_quality_id': 2, 'pet_species_id': 125}"
1200715188,VERY_LONG,,1,14414000,13549200,"{'id': 82800, 'context': 0, 'modifiers': [{'type': 6, 'value': 61891}], 'pet_breed_id': 12, 'pet_level': 1, 'pet_quality_id': 3, 'pet_species_id': 1626}"
1200715189,VERY_LONG,,1,1646000000,1547240000,"{'id': 82800, 'context': 0, 'modifiers': [{'type': 6, 'value': 99921}], 'pet_breed_id': 10, 'pet_level': 1, 'pet_quality_id': 3, 'pet_species_id': 2963}"
1200715190,VERY_LONG,,1,178500000,167790000,"{'id': 82800, 'context': 0, 'modifiers': [{'type': 6, 'value': 64720}], 'pet_breed_id': 10, 'pet_level': 1, 'pet_quality_id': 3, 'pet_species_id': 1692}"
1200715191,VERY_LONG,,1,125000000,117500000,"{'id': 82800, 'context': 0, 'modifiers': [{'type': 6, 'value': 88004}], 'pet_breed_id': 8, 'pet_level': 1, 'pet_quality_id': 3, 'pet_species_id': 2450}"
1200715192,VERY_LONG,,1,366000000,344040000,"{'id': 82800, 'context': 0, 'modifiers': [{'type': 6, 'value': 76761}], 'pet_breed_id': 11, 'pet_level': 1, 'pet_quality_id': 2, 'pet_species_id': 2419}"
1200715194,VERY_LONG,,1,140681600,132240700,"{'id': 82800, 'context': 0, 'modifiers': [{'type': 6, 'value': 99909}], 'pet_breed_id': 9, 'pet_level': 1, 'pet_quality_id': 2, 'pet_species_id': 2896}"
1200715195,VERY_LONG,,1,50004600,47004300,"{'id': 82800, 'context': 0, 'modifiers': [{'type': 6, 'value': 48662}], 'pet_breed_id': 10, 'pet_level': 1, 'pet_quality_id': 3, 'pet_species_id': 1229}"
1200715196,VERY_LONG,,1,64989500,61090100,"{'id': 82800, 'context': 0, 'modifiers': [{'type': 6, 'value': 88019}], 'pet_breed_id': 11, 'pet_level': 1, 'pet_quality_id': 3, 'pet_species_id': 2696}"
1200715197,VERY_LONG,,1,34499900,32429900,"{'id': 82800, 'context': 0, 'modifiers': [{'type': 6, 'value': 99896}], 'pet_breed_id': 4, 'pet_level': 1, 'pet_quality_id': 2, 'pet_species_id': 2921}"
1200715199,VERY_LONG,,1,20000000,18800000,"{'id': 82800, 'context': 0, 'modifiers': [{'type': 6, 'value': 99899}], 'pet_breed_id': 17, 'pet_level': 1, 'pet_quality_id': 2, 'pet_species_id': 2925}"
1200715200,VERY_LONG,,1,226000000,212440000,"{'id': 82800, 'context': 0, 'modifiers': [{'type': 6, 'value': 29806}], 'pet_breed_id': 14, 'pet_level': 1, 'pet_quality_id': 3, 'pet_species_id': 239}"
1200715201,VERY_LONG,,1,48642300,45723800,"{'id': 82800, 'context': 0, 'modifiers': [{'type': 6, 'value': 27681}], 'pet_breed_id': 10, 'pet_level': 1, 'pet_quality_id': 2, 'pet_species_id': 126}"
1200715202,VERY_LONG,,1,99989800,93990400,"{'id': 82800, 'context': 0, 'modifiers': [{'type': 6, 'value': 99866}], 'pet_breed_id': 9, 'pet_level': 1, 'pet_quality_id': 2, 'pet_species_id': 2916}"
1200715203,VERY_LONG,,1,29989600,28190200,"{'id': 82800, 'context': 0, 'modifiers': [{'type': 6, 'value': 15905}], 'pet_breed_id': 20, 'pet_level': 1, 'pet_quality_id': 2, 'pet_species_id': 845}"
1200715204,VERY_LONG,,1,150009100,141008600,"{'id': 82800, 'context': 0, 'modifiers': [{'type': 6, 'value': 58760}], 'pet_breed_id': 17, 'pet_level': 1, 'pet_quality_id': 3, 'pet_species_id': 1663}"
1200715205,VERY_LONG,,1,87735500,82471400,"{'id': 82800, 'context': 0, 'modifiers': [{'type': 6, 'value': 60876}], 'pet_breed_id': 18, 'pet_level': 1, 'pet_quality_id': 3, 'pet_species_id': 1574}"
1200715276,VERY_LONG,,1,129500000,121730000,"{'id': 82800, 'context': 0, 'modifiers': [{'type': 6, 'value': 51277}], 'pet_breed_id': 14, 'pet_level': 1, 'pet_quality_id': 2, 'pet_species_id': 1330}"
1200715277,VERY_LONG,,1,164801400,154913300,"{'id': 82800, 'context': 0, 'modifiers': [{'type': 6, 'value': 6192}], 'pet_breed_id': 3, 'pet_level': 1, 'pet_quality_id': 3, 'pet_species_id': 49}"
1200715278,VERY_LONG,,1,34000000,31960000,"{'id': 82800, 'context': 0, 'modifiers': [{'type': 6, 'value': 99852}], 'pet_breed_id': 12, 'pet_level': 1, 'pet_quality_id': 2, 'pet_species_id': 3035}"
1200715279,VERY_LONG,,1,199000000,190000000,"{'id': 82800, 'context': 0, 'modifiers': [{'type': 6, 'value': 98456}], 'pet_breed_id': 6, 'pet_level': 1, 'pet_quality_id': 2, 'pet_species_id': 3019}"
1200715280,VERY_LONG,,1,66614500,62617600,"{'id': 82800, 'context': 0, 'modifiers': [{'type': 6, 'value': 54511}], 'pet_breed_id': 16, 'pet_level': 1, 'pet_quality_id': 3, 'pet_species_id': 1394}"
1200715281,VERY_LONG,,1,169900000,159706000,"{'id': 82800, 'context': 0, 'modifiers': [{'type': 6, 'value': 17192}], 'pet_breed_id': 12, 'pet_level': 1, 'pet_quality_id': 3, 'pet_species_id': 339}"
1200715282,VERY_LONG,,1,59152100,55603000,"{'id': 82800, 'context': 0, 'modifiers': [{'type': 6, 'value': 47848}], 'pet_breed_id': 4, 'pet_level': 1, 'pet_quality_id': 3, 'pet_species_id': 1178}"
1200715283,VERY_LONG,,1,47361500,44519800,"{'id': 82800, 'context': 0, 'modifiers': [{'type': 6, 'value': 90411}], 'pet_breed_id': 18, 'pet_level': 1, 'pet_quality_id': 2, 'pet_species_id': 2530}"
1200715284,VERY_LONG,,1,20970000,19711800,"{'id': 82800, 'context': 0, 'modifiers': [{'type': 6, 'value': 90142}], 'pet_breed_id': 9, 'pet_level': 1, 'pet_quality_id': 3, 'pet_species_id': 2550}"
1200715285,VERY_LONG,,1,210009400,197408800,"{'id': 82800, 'context': 0, 'modifiers': [{'type': 6, 'value': 54752}], 'pet_breed_id': 16, 'pet_level': 1, 'pet_quality_id': 3, 'pet_species_id': 1395}"
1200715286,VERY_LONG,,1,79500000,74730000,"{'id': 82800, 'context': 0, 'modifiers': [{'type': 6, 'value': 90413}], 'pet_breed_id': 15, 'pet_level': 1, 'pet_quality_id': 3, 'pet_species_id': 2720}"
1200715287,VERY_LONG,,1,356000000,334640000,"{'id': 82800, 'context': 0, 'modifiers': [{'type': 6, 'value': 60930}], 'pet_breed_id': 14, 'pet_level': 1, 'pet_quality_id': 3, 'pet_species_id': 1576}"
1200715289,VERY_LONG,,1,236000000,221840000,"{'id': 82800, 'context': 0, 'modifiers': [{'type': 6, 'value': 84157}], 'pet_breed_id': 10, 'pet_level': 1, 'pet_quality_id': 2, 'pet_species_id': 2439}"
1200715290,VERY_LONG,,1,19722900,18539500,"{'id': 82800, 'context': 0, 'modifiers': [{'type': 6, 'value': 59766}], 'pet_breed_id': 11, 'pet_level': 1, 'pet_quality_id': 3, 'pet_species_id': 1954}"
1200715291,VERY_LONG,,1,345980000,325221200,"{'id': 82800, 'context': 0, 'modifiers': [{'type': 6, 'value': 80967}], 'pet_breed_id': 20, 'pet_level': 1, 'pet_quality_id': 3, 'pet_species_id': 2555}"
1200715292,VERY_LONG,,1,315980000,297021200,"{'id': 82800, 'context': 0, 'modifiers': [{'type': 6, 'value': 83653}], 'pet_breed_id': 3, 'pet_level': 1, 'pet_quality_id': 3, 'pet_species_id': 2477}"
1200715293,VERY_LONG,,1,60004100,56403900,"{'id': 82800, 'context': 0, 'modifiers': [{'type': 6, 'value': 42872}], 'pet_breed_id': 3, 'pet_level': 1, 'pet_quality_id': 2, 'pet_species_id': 630}"
1200715294,VERY_LONG,,1,556000000,522640000,"{'id': 82800, 'context': 0, 'modifiers': [{'type': 6, 'value': 77989}], 'pet_breed_id': 7, 'pet_level': 1, 'pet_quality_id': 3, 'pet_species_id': 2528}"
1200715295,VERY_LONG,,1,250000000,235000000,"{'id': 82800, 'context': 0, 'pet_breed_id': 3, 'pet_level': 1, 'pet_quality_id': 2, 'pet_species_id': 308}"
1200715296,VERY_LONG,,1,200001300,188001200,"{'id': 82800, 'context': 0, 'modifiers': [{'type': 6, 'value': 40908}], 'pet_breed_id': 10, 'pet_level': 1, 'pet_quality_id': 2, 'pet_species_id': 1323}"
1200715297,VERY_LONG,,1,331955700,312038400,"{'id': 82800, 'context': 0, 'modifiers': [{'type': 6, 'value': 95176}], 'pet_breed_id': 4, 'pet_level': 1, 'pet_quality_id': 3, 'pet_species_id': 2837}"
1200715299,VERY_LONG,,1,10999900,10339900,"{'id': 82800, 'context': 0, 'modifiers': [{'type': 6, 'value': 25457}], 'pet_breed_id': 3, 'pet_level': 1, 'pet_quality_id': 3, 'pet_species_id': 186}"
1200715301,VERY_LONG,,1,19464100,18296300,"{'id': 82800, 'context': 0, 'modifiers': [{'type': 6, 'value': 44655}], 'pet_breed_id': 8, 'pet_level': 1, 'pet_quality_id': 3, 'pet_species_id': 650}"
1200715302,VERY_LONG,,1,35007700,32907200,"{'id': 82800, 'context': 0, 'modifiers': [{'type': 6, 'value': 81984}], 'pet_breed_id': 3, 'pet_level': 1, 'pet_quality_id': 3, 'pet_species_id': 2157}"
1200715303,VERY_LONG,,1,28000000,26320000,"{'id': 82800, 'context': 0, 'modifiers': [{'type': 6, 'value': 99927}], 'pet_breed_id': 17, 'pet_level': 1, 'pet_quality_id': 2, 'pet_species_id': 2920}"
1200715304,VERY_LONG,,1,77176000,72545400,"{'id': 82800, 'context': 0, 'modifiers': [{'type': 6, 'value': 92157}], 'pet_breed_id': 16, 'pet_level': 1, 'pet_quality_id': 3, 'pet_species_id': 2686}"
1200715305,VERY_LONG,,1,306000000,287640000,"{'id': 82800, 'context': 0, 'modifiers': [{'type': 6, 'value': 95143}], 'pet_breed_id': 16, 'pet_level': 1, 'pet_quality_id': 3, 'pet_species_id': 2849}"
1200715306,VERY_LONG,,1,84999100,79899200,"{'id': 82800, 'context': 0, 'modifiers': [{'type': 6, 'value': 51267}], 'pet_breed_id': 14, 'pet_level': 1, 'pet_quality_id': 3, 'pet_species_id': 1332}"
1200715307,VERY_LONG,,1,19999900,18799900,"{'id': 82800, 'context': 0, 'modifiers': [{'type': 6, 'value': 58613}], 'pet_breed_id': 20, 'pet_level': 1, 'pet_quality_id': 3, 'pet_species_id': 1577}"
1200715308,VERY_LONG,,1,270000000,253800000,"{'id': 82800, 'context': 0, 'modifiers': [{'type': 6, 'value': 51271}], 'pet_breed_id': 17, 'pet_level': 1, 'pet_quality_id': 3, 'pet_species_id': 1328}"
1200715309,VERY_LONG,,1,246000000,231240000,"{'id': 82800, 'context': 0, 'modifiers': [{'type': 6, 'value': 70937}], 'pet_breed_id': 3, 'pet_level': 1, 'pet_quality_id': 2, 'pet_species_id': 1911}"
1200715310,VERY_LONG,,1,366000000,344040000,"{'id': 82800, 'context': 0, 'modifiers': [{'type': 6, 'value': 49084}], 'pet_breed_id': 10, 'pet_level': 1, 'pet_quality_id': 3, 'pet_species_id': 1256}"
1200715311,VERY_LONG,,1,172502000,162151900,"{'id': 82800, 'context': 0, 'modifiers': [{'type': 6, 'value': 99919}], 'pet_breed_id': 19, 'pet_level': 1, 'pet_quality_id': 2, 'pet_species_id': 2889}"
1200715313,VERY_LONG,,1,99999900,93999900,"{'id': 82800, 'context': 0, 'modifiers': [{'type': 6, 'value': 71828}], 'pet_breed_id': 10, 'pet_level': 1, 'pet_quality_id': 3, 'pet_species_id': 1920}"
1200715314,VERY_LONG,,1,59990000,56390600,"{'id': 82800, 'context': 0, 'modifiers': [{'type': 6, 'value': 46001}], 'pet_breed_id': 10, 'pet_level': 1, 'pet_quality_id': 3, 'pet_species_id': 330}"
1200715315,VERY_LONG,,1,799990000,751990600,"{'id': 82800, 'context': 0, 'modifiers': [{'type': 6, 'value': 88785}], 'pet_breed_id': 14, 'pet_level': 1, 'pet_quality_id': 2, 'pet_species_id': 2532}"
1200715316,VERY_LONG,,1,19000000,17860000,"{'id': 82800, 'context': 0, 'modifiers': [{'type': 6, 'value': 88034}], 'pet_breed_id': 11, 'pet_level': 1, 'pet_quality_id': 3, 'pet_species_id': 2461}"
1200715317,VERY_LONG,,1,126000000,118440000,"{'id': 82800, 'context': 0, 'modifiers': [{'type': 6, 'value': 88016}], 'pet_breed_id': 10, 'pet_level': 1, 'pet_quality_id': 3, 'pet_species_id': 2455}"
1200715318,VERY_LONG,,1,44676000,41995400,"{'id': 82800, 'context': 0, 'modifiers': [{'type': 6, 'value': 74038}], 'pet_breed_id': 11, 'pet_level': 1, 'pet_quality_id': 3, 'pet_species_id': 2438}"
1200715319,VERY_LONG,,1,26180300,24609500,"{'id': 82800, 'context': 0, 'modifiers': [{'type': 6, 'value': 72239}], 'pet_breed_id': 8, 'pet_level': 1, 'pet_quality_id': 3, 'pet_species_id': 1931}"
1200715321,VERY_LONG,,1,19990000,18790600,"{'id': 82800, 'context': 0, 'modifiers': [{'type': 6, 'value': 99903}], 'pet_breed_id': 8, 'pet_level': 1, 'pet_quality_id': 2, 'pet_species_id': 2901}"
1200715322,VERY_LONG,,1,43736300,41112100,"{'id': 82800, 'context': 0, 'modifiers': [{'type': 6, 'value': 48708}], 'pet_breed_id': 9, 'pet_level': 1, 'pet_quality_id': 3, 'pet_species_id': 1245}"
1200715324,VERY_LONG,,1,166000000,156040000,"{'id': 82800, 'context': 0, 'modifiers': [{'type': 6, 'value': 90519}], 'pet_breed_id': 13, 'pet_level': 1, 'pet_quality_id': 3, 'pet_species_id': 2697}"
1200715325,VERY_LONG,,1,106000000,99640000,"{'id': 82800, 'context': 0, 'modifiers': [{'type': 6, 'value': 99898}], 'pet_breed_id': 15, 'pet_level': 1, 'pet_quality_id': 2, 'pet_species_id': 2908}"
1200715326,VERY_LONG,,1,98227300,92333700,"{'id': 82800, 'context': 0, 'modifiers': [{'type': 6, 'value': 58617}], 'pet_breed_id': 13, 'pet_level': 1, 'pet_quality_id': 3, 'pet_species_id': 1458}"
1200715327,VERY_LONG,,1,999990000,939990600,"{'id': 82800, 'context': 0, 'modifiers': [{'type': 6, 'value': 99878}], 'pet_breed_id': 20, 'pet_level': 1, 'pet_quality_id': 2, 'pet_species_id': 2938}"
1200715328,VERY_LONG,,1,436000000,409840000,"{'id': 82800, 'context': 0, 'modifiers': [{'type': 6, 'value': 98454}], 'pet_breed_id': 7, 'pet_level': 25, 'pet_quality_id': 3, 'pet_species_id': 3017}"
1200715329,VERY_LONG,,1,199989900,187990500,"{'id': 82800, 'context': 0, 'modifiers': [{'type': 6, 'value': 26846}], 'pet_breed_id': 18, 'pet_level': 1, 'pet_quality_id': 2, 'pet_species_id': 1999}"
1200715330,VERY_LONG,,1,39990000,37590600,"{'id': 82800, 'context': 0, 'modifiers': [{'type': 6, 'value': 98472}], 'pet_breed_id': 4, 'pet_level': 1, 'pet_quality_id': 2, 'pet_species_id': 3009}"
1200715331,VERY_LONG,,1,120000000,112800000,"{'id': 82800, 'context': 0, 'modifiers': [{'type': 6, 'value': 98468}], 'pet_breed_id': 9, 'pet_level': 1, 'pet_quality_id': 2, 'pet_species_id': 2956}"
1200715332,VERY_LONG,,1,555990000,522630600,"{'id': 82800, 'context': 0, 'modifiers': [{'type': 6, 'value': 6294}], 'pet_breed_id': 5, 'pet_level': 1, 'pet_quality_id': 3, 'pet_species_id': 87}"
1200715333,VERY_LONG,,1,326000000,306440000,"{'id': 82800, 'context': 0, 'modifiers': [{'type': 6, 'value': 95149}], 'pet_breed_id': 18, 'pet_level': 1, 'pet_quality_id': 3, 'pet_species_id': 2853}"
1200715334,VERY_LONG,,1,175000000,164500000,"{'id': 82800, 'context': 0, 'modifiers': [{'type': 6, 'value': 51270}], 'pet_breed_id': 19, 'pet_level': 1, 'pet_quality_id': 3, 'pet_species_id': 1333}"
1200715335,VERY_LONG,,1,255999900,240639900,"{'id': 82800, 'context': 0, 'modifiers': [{'type': 6, 'value': 95575}], 'pet_breed_id': 15, 'pet_level': 1, 'pet_quality_id': 2, 'pet_species_id': 3047}"
1200715336,VERY_LONG,,1,70867600,66615500,"{'id': 82800, 'context': 0, 'modifiers': [{'type': 6, 'value': 21393}], 'pet_breed_id': 16, 'pet_level': 1, 'pet_quality_id': 2, 'pet_species_id': 159}"
1200715337,VERY_LONG,,1,100000000,94000000,"{'id': 82800, 'context': 0, 'modifiers': [{'type': 6, 'value': 86532}], 'pet_breed_id': 15, 'pet_level': 1, 'pet_quality_id': 3, 'pet_species_id': 2794}"
1200715338,VERY_LONG,,1,100000000,94000000,"{'id': 82800, 'context': 0, 'modifiers': [{'type': 6, 'value': 57824}], 'pet_breed_id': 18, 'pet_level': 1, 'pet_quality_id': 3, 'pet_species_id': 1432}"
1200715339,VERY_LONG,,1,149989400,140990000,"{'id': 82800, 'context': 0, 'modifiers': [{'type': 6, 'value': 73308}], 'pet_breed_id': 10, 'pet_level': 1, 'pet_quality_id': 3, 'pet_species_id': 1949}"
1200715341,VERY_LONG,,1,250000000,235000000,"{'id': 82800, 'context': 0, 'modifiers': [{'type': 6, 'value': 95146}], 'pet_breed_id': 8, 'pet_level': 1, 'pet_quality_id': 3, 'pet_species_id': 2850}"
1200715343,VERY_LONG,,1,250000000,235000000,"{'id': 82800, 'context': 0, 'modifiers': [{'type': 6, 'value': 92502}], 'pet_breed_id': 16, 'pet_level': 1, 'pet_quality_id': 3, 'pet_species_id': 2766}"
1200715344,VERY_LONG,,1,166000000,156040000,"{'id': 82800, 'context': 0, 'modifiers': [{'type': 6, 'value': 91220}], 'pet_breed_id': 3, 'pet_level': 1, 'pet_quality_id': 3, 'pet_species_id': 2763}"
1200715345,VERY_LONG,,1,276000000,259440000,"{'id': 82800, 'context': 0, 'modifiers': [{'type': 6, 'value': 88028}], 'pet_breed_id': 15, 'pet_level': 1, 'pet_quality_id': 3, 'pet_species_id': 2562}"
1200715346,VERY_LONG,,1,29969800,28171600,"{'id': 82800, 'context': 0, 'modifiers': [{'type': 6, 'value': 29805}], 'pet_breed_id': 8, 'pet_level': 1, 'pet_quality_id': 2, 'pet_species_id': 232}"
1200715347,VERY_LONG,,1,19999300,18799300,"{'id': 82800, 'context': 0, 'modifiers': [{'type': 6, 'value': 62440}], 'pet_breed_id': 22, 'pet_level': 1, 'pet_quality_id': 3, 'pet_species_id': 1655}"
1200715348,VERY_LONG,,1,416000000,391040000,"{'id': 82800, 'context': 0, 'modifiers': [{'type': 6, 'value': 29803}], 'pet_breed_id': 10, 'pet_level': 1, 'pet_quality_id': 3, 'pet_species_id': 234}"
1200715350,VERY_LONG,,1,15283600,14366600,"{'id': 82800, 'context': 0, 'modifiers': [{'type': 6, 'value': 901}], 'pet_breed_id': 3, 'pet_level': 1, 'pet_quality_id': 2, 'pet_species_id': 95}"
1200715351,VERY_LONG,,1,30000000,28200000,"{'id': 82800, 'context': 0, 'modifiers': [{'type': 6, 'value': 58170}], 'pet_breed_id': 6, 'pet_level': 1, 'pet_quality_id': 1, 'pet_species_id': 1426}"
1200715352,VERY_LONG,,1,224990000,211490600,"{'id': 82800, 'context': 0, 'pet_breed_id': 4, 'pet_level': 4, 'pet_quality_id': 2, 'pet_species_id': 218}"
1200715354,VERY_LONG,,1,127000000,119380000,"{'id': 82800, 'context': 0, 'modifiers': [{'type': 6, 'value': 47748}], 'pet_breed_id': 8, 'pet_level': 1, 'pet_quality_id': 3, 'pet_species_id': 1198}"
1200715355,VERY_LONG,,1,88174200,82883700,"{'id': 82800, 'context': 0, 'modifiers': [{'type': 6, 'value': 91232}], 'pet_breed_id': 15, 'pet_level': 1, 'pet_quality_id': 3, 'pet_species_id': 2760}"
1200715356,VERY_LONG,,1,32500000,30550000,"{'id': 82800, 'context': 0, 'modifiers': [{'type': 6, 'value': 66212}], 'pet_breed_id': 22, 'pet_level': 1, 'pet_quality_id': 3, 'pet_species_id': 1808}"
1200715357,VERY_LONG,,1,80504900,75674600,"{'id': 82800, 'context': 0, 'modifiers': [{'type': 6, 'value': 79783}], 'pet_breed_id': 4, 'pet_level': 1, 'pet_quality_id': 3, 'pet_species_id': 2117}"
1200715358,VERY_LONG,,1,12506300,11755900,"{'id': 82800, 'context': 0, 'modifiers': [{'type': 6, 'value': 51475}], 'pet_breed_id': 7, 'pet_level': 1, 'pet_quality_id': 3, 'pet_species_id': 1343}"
1200715359,VERY_LONG,,1,99999800,93999800,"{'id': 82800, 'context': 0, 'modifiers': [{'type': 6, 'value': 91219}], 'pet_breed_id': 20, 'pet_level': 1, 'pet_quality_id': 3, 'pet_species_id': 2765}"
1200715360,VERY_LONG,,1,216000000,203040000,"{'id': 82800, 'context': 0, 'modifiers': [{'type': 6, 'value': 92073}], 'pet_breed_id': 7, 'pet_level': 1, 'pet_quality_id': 3, 'pet_species_id': 2755}"
1200715361,VERY_LONG,,1,366000000,344040000,"{'id': 82800, 'context': 0, 'modifiers': [{'type': 6, 'value': 81213}], 'pet_breed_id': 11, 'pet_level': 1, 'pet_quality_id': 3, 'pet_species_id': 2578}"
1200715362,VERY_LONG,,1,436000000,409840000,"{'id': 82800, 'context': 0, 'modifiers': [{'type': 6, 'value': 95581}], 'pet_breed_id': 21, 'pet_level': 1, 'pet_quality_id': 2, 'pet_species_id': 2915}"
1200715364,VERY_LONG,,1,34649900,32570900,"{'id': 82800, 'context': 0, 'modifiers': [{'type': 6, 'value': 57970}], 'pet_breed_id': 16, 'pet_level': 1, 'pet_quality_id': 3, 'pet_species_id': 1442}"
1200715365,VERY_LONG,,1,556000000,522640000,"{'id': 82800, 'context': 0, 'modifiers': [{'type': 6, 'value': 98467}], 'pet_breed_id': 19, 'pet_level': 1, 'pet_quality_id': 2, 'pet_species_id': 2954}"
1200715366,VERY_LONG,,1,150000000,141000000,"{'id': 82800, 'context': 0, 'modifiers': [{'type': 6, 'value': 38229}], 'pet_breed_id': 18, 'pet_level': 1, 'pet_quality_id': 3, 'pet_species_id': 309}"
1200715367,VERY_LONG,88000,2024,,,{'id': 169701}
1200715368,VERY_LONG,,1,19989700,18790300,"{'id': 82800, 'context': 0, 'modifiers': [{'type': 6, 'value': 98457}], 'pet_breed_id': 15, 'pet_level': 1, 'pet_quality_id': 2, 'pet_species_id': 3020}"
1200715369,VERY_LONG,,1,333330000,313330200,"{'id': 82800, 'context': 0, 'modifiers': [{'type': 6, 'value': 48704}], 'pet_breed_id': 8, 'pet_level': 25, 'pet_quality_id': 3, 'pet_species_id': 1243}"
1200715380,VERY_LONG,259900,1977,,,{'id': 168586}
1200715432,VERY_LONG,,1,4007000,,"{'id': 177784, 'context': 0, 'bonus_lists': [6907, 6652, 1692], 'modifiers': [{'type': 9, 'value': 60}, {'type': 28, 'value': 1707}]}"
1200715436,VERY_LONG,,1,501100,,"{'id': 177791, 'context': 2, 'bonus_lists': [6907, 6652, 1692], 'modifiers': [{'type': 9, 'value': 60}, {'type': 28, 'value': 748}]}"
1200715460,VERY_LONG,,1,1507100,,"{'id': 177794, 'context': 0, 'bonus_lists': [6907, 6652, 7194, 1698], 'modifiers': [{'type': 9, 'value': 60}, {'type': 28, 'value': 1707}]}"
1200715462,VERY_LONG,,1,1000000,,"{'id': 177808, 'context': 0, 'bonus_lists': [6908, 6652, 1700], 'modifiers': [{'type': 9, 'value': 60}, {'type': 28, 'value': 2060}]}"
1200715470,VERY_LONG,,1,504000,,"{'id': 176789, 'context': 0, 'bonus_lists': [6907, 6652, 7194, 1687], 'modifiers': [{'type': 9, 'value': 58}, {'type': 28, 'value': 1324}]}"
1200715472,VERY_LONG,,1,995100,,"{'id': 176991, 'context': 0, 'bonus_lists': [6907, 6652, 6935, 1698], 'modifiers': [{'type': 9, 'value': 56}, {'type': 28, 'value': 1707}]}"
1200715476,VERY_LONG,,1,1477800,,"{'id': 176781, 'context': 0, 'bonus_lists': [6907, 6652, 1698], 'modifiers': [{'type': 9, 'value': 60}, {'type': 28, 'value': 1707}]}"
1200715486,VERY_LONG,,1,5000000,,"{'id': 180862, 'context': 0, 'bonus_lists': [6908, 43], 'modifiers': [{'type': 9, 'value': 60}, {'type': 28, 'value': 2060}]}"
1200715491,VERY_LONG,,1,481100,,"{'id': 178950, 'context': 0, 'bonus_lists': [6908, 6652, 1684], 'modifiers': [{'type': 9, 'value': 60}, {'type': 28, 'value': 1707}]}"
1200715493,VERY_LONG,,1,1220000,,"{'id': 176794, 'context': 0, 'bonus_lists': [6908, 6652, 1685], 'modifiers': [{'type': 9, 'value': 60}, {'type': 28, 'value': 1707}]}"
1200715495,VERY_LONG,,1,860000,,"{'id': 177767, 'context': 0, 'bonus_lists': [6907, 6652, 1705], 'modifiers': [{'type': 9, 'value': 60}, {'type': 28, 'value': 1707}]}"
1200715727,VERY_LONG,1494400,6,,,{'id': 171833}
1200715732,VERY_LONG,35000,3,,,{'id': 171841}
1200715734,VERY_LONG,139500,6,,,{'id': 171829}
1200715737,VERY_LONG,150000,6,,,{'id': 171830}
1200715740,VERY_LONG,161700,6,,,{'id': 171831}
1200715747,VERY_LONG,38800,7,,,{'id': 172089}
1200715754,VERY_LONG,24600,1,,,{'id': 172092}
1200718272,VERY_LONG,9895100,553,,,{'id': 171276}
1200718462,LONG,,1,35999900,,"{'id': 171389, 'context': 13, 'modifiers': [{'type': 29, 'value': 32}, {'type': 30, 'value': 36}]}"
1200718463,LONG,,1,1508800,,"{'id': 172242, 'context': 13, 'bonus_lists': [6890], 'modifiers': [{'type': 9, 'value': 60}, {'type': 28, 'value': 391}, {'type': 29, 'value': 49}, {'type': 30, 'value': 36}]}"
1200718464,LONG,24848100,1,,,{'id': 168412}
1200718465,LONG,1700000,180,,,{'id': 171428}
1200718467,LONG,998800,40,,,{'id': 172045}
1200718538,LONG,3960000,1,,,{'id': 168419}
1200718607,LONG,,1,4000000000,,"{'id': 183017, 'context': 6, 'bonus_lists': [7187, 6652, 7193, 1498, 6646], 'modifiers': [{'type': 28, 'value': 753}]}"
1200718810,VERY_LONG,1239000,6,,,{'id': 172233}
1200718812,VERY_LONG,349900,15,,,{'id': 172920}
1200718814,VERY_LONG,249700,5,,,{'id': 173035}
1200718816,VERY_LONG,380500,37,,,{'id': 172053}
1200718819,VERY_LONG,3000,33,,,{'id': 172052}
1200718827,VERY_LONG,,1,1382000,,"{'id': 172923, 'context': 13, 'modifiers': [{'type': 29, 'value': 49}, {'type': 30, 'value': 32}]}"
1200718829,VERY_LONG,,1,1382000,,"{'id': 172923, 'context': 13, 'modifiers': [{'type': 29, 'value': 36}, {'type': 30, 'value': 40}]}"
1200718830,VERY_LONG,,1,1382000,,"{'id': 172923, 'context': 13, 'modifiers': [{'type': 29, 'value': 40}, {'type': 30, 'value': 36}]}"
1200718842,VERY_LONG,365900,5,,,{'id': 173033}
1200718879,VERY_LONG,512200,17,,,{'id': 173204}
1200718891,VERY_LONG,405400,19,,,{'id': 173036}
1200718894,VERY_LONG,210900,10,,,{'id': 173037}
1200718911,VERY_LONG,17700,27,,,{'id': 179315}
1200718915,VERY_LONG,71800,31,,,{'id': 179314}
1200718920,VERY_LONG,990000,26,,,{'id': 172055}
1200718923,VERY_LONG,24700,72,,,{'id': 172054}
1200718958,VERY_LONG,,1,10000000,,"{'id': 71360, 'context': 5, 'modifiers': [{'type': 28, 'value': 1029}]}"
1200718973,VERY_LONG,,1,10003800,,"{'id': 90720, 'context': 0, 'bonus_lists': [6694], 'modifiers': [{'type': 9, 'value': 35}, {'type': 28, 'value': 167}]}"
1200718975,VERY_LONG,,1,2500000000,,"{'id': 182982, 'context': 6, 'bonus_lists': [7187, 6652, 7193, 1498, 6646], 'modifiers': [{'type': 28, 'value': 753}]}"
1200718979,VERY_LONG,709900,2,,,{'id': 172231}
1200718987,VERY_LONG,,1,5000000,,"{'id': 87427, 'context': 0, 'bonus_lists': [6658], 'modifiers': [{'type': 9, 'value': 35}, {'type': 28, 'value': 1033}]}"
1200718991,VERY_LONG,24700,9,,,{'id': 172054}
1200718993,VERY_LONG,88000,20,,,{'id': 169701}
1200718995,VERY_LONG,2400,18,,,{'id': 71998}
1200718998,VERY_LONG,75500,1,,,{'id': 74248}
1200719002,VERY_LONG,1000000,20,,,{'id': 79011}
1200719010,VERY_LONG,1000000,16,,,{'id': 72235}
1200719018,VERY_LONG,104900,8,,,{'id': 76133}
1200719024,VERY_LONG,,1,2000000,,"{'id': 86192, 'context': 0, 'modifiers': [{'type': 28, 'value': 1033}]}"
1200719026,VERY_LONG,1494400,5,,,{'id': 171833}
1200719027,VERY_LONG,500,5,,,{'id': 171840}
1200719031,VERY_LONG,10900,24,,,{'id': 127759}
1200719037,VERY_LONG,,1,220000000,,"{'id': 178926, 'context': 63, 'bonus_lists': [6716, 7193, 1487]}"
1200719087,VERY_LONG,512200,1,,,{'id': 173204}
1200719093,VERY_LONG,709900,5,,,{'id': 172231}
1200719095,VERY_LONG,150000,3,,,{'id': 172230}
1200721167,VERY_LONG,180000,10,,,{'id': 173127}
1200721172,VERY_LONG,130000,5,,,{'id': 173130}
1200721286,VERY_LONG,6990000,1,,,{'id': 12363}
1200721662,LONG,,1,48037500,,"{'id': 173146, 'context': 13, 'bonus_lists': [6650, 7185], 'modifiers': [{'type': 9, 'value': 60}, {'type': 29, 'value': 40}]}"
1200721664,LONG,,1,48037500,,"{'id': 173146, 'context': 13, 'bonus_lists': [6650, 7185], 'modifiers': [{'type': 9, 'value': 60}, {'type': 29, 'value': 49}]}"
1200721666,LONG,,1,48037500,,"{'id': 173146, 'context': 13, 'bonus_lists': [6647, 7185], 'modifiers': [{'type': 9, 'value': 60}, {'type': 29, 'value': 49}]}"
1200721668,LONG,,1,48037500,,"{'id': 173146, 'context': 13, 'bonus_lists': [6648, 7185], 'modifiers': [{'type': 9, 'value': 60}, {'type': 29, 'value': 49}]}"
1200721670,LONG,,1,48037500,,"{'id': 173146, 'context': 13, 'bonus_lists': [6648, 7185], 'modifiers': [{'type': 9, 'value': 60}, {'type': 29, 'value': 49}]}"
1200721673,LONG,,1,48037500,,"{'id': 173146, 'context': 13, 'bonus_lists': [6647, 7185], 'modifiers': [{'type': 9, 'value': 60}, {'type': 29, 'value': 49}]}"
1200721674,LONG,,1,48037500,,"{'id': 173146, 'context': 13, 'bonus_lists': [6647, 7185], 'modifiers': [{'type': 9, 'value': 60}, {'type': 29, 'value': 40}]}"
1200721686,LONG,,1,46366600,,"{'id': 173132, 'context': 13, 'bonus_lists': [6647, 7185], 'modifiers': [{'type': 9, 'value': 60}, {'type': 29, 'value': 32}]}"
1200721687,LONG,,1,46366600,,"{'id': 173132, 'context': 13, 'bonus_lists': [6649, 7185], 'modifiers': [{'type': 9, 'value': 60}, {'type': 29, 'value': 36}]}"
1200721689,LONG,,1,46366600,,"{'id': 173132, 'context': 13, 'bonus_lists': [6650, 7185], 'modifiers': [{'type': 9, 'value': 60}, {'type': 29, 'value': 36}]}"
1200721690,LONG,,1,46366600,,"{'id': 173132, 'context': 13, 'bonus_lists': [7185, 6647], 'modifiers': [{'type': 9, 'value': 60}, {'type': 29, 'value': 32}]}"
1200721691,LONG,,1,46366600,,"{'id': 173132, 'context': 13, 'bonus_lists': [6649, 7185], 'modifiers': [{'type': 9, 'value': 60}, {'type': 29, 'value': 32}]}"
1200721692,LONG,,1,46366600,,"{'id': 173132, 'context': 13, 'bonus_lists': [6650, 7185], 'modifiers': [{'type': 9, 'value': 60}, {'type': 29, 'value': 32}]}"
1200721697,LONG,,1,38326900,,"{'id': 173145, 'context': 13, 'bonus_lists': [6649, 7185], 'modifiers': [{'type': 9, 'value': 60}, {'type': 29, 'value': 32}]}"
1200721698,LONG,,1,38326900,,"{'id': 173145, 'context': 13, 'bonus_lists': [6650, 7185], 'modifiers': [{'type': 9, 'value': 60}, {'type': 29, 'value': 32}]}"
1200721699,LONG,,1,38326900,,"{'id': 173145, 'context': 13, 'bonus_lists': [6649, 7185], 'modifiers': [{'type': 9, 'value': 60}, {'type': 29, 'value': 32}]}"
1200721700,LONG,,1,38326900,,"{'id': 173145, 'context': 13, 'bonus_lists': [6647, 7185], 'modifiers': [{'type': 9, 'value': 60}, {'type': 29, 'value': 36}]}"
1200721701,LONG,,1,38326900,,"{'id': 173145, 'context': 13, 'bonus_lists': [6650, 7185], 'modifiers': [{'type': 9, 'value': 60}, {'type': 29, 'value': 32}]}"
1200721702,LONG,,1,38326900,,"{'id': 173145, 'context': 13, 'bonus_lists': [6647, 7185], 'modifiers': [{'type': 9, 'value': 60}, {'type': 29, 'value': 40}]}"
1200721709,LONG,,1,32982300,,"{'id': 173144, 'context': 13, 'bonus_lists': [6647, 7185], 'modifiers': [{'type': 9, 'value': 60}, {'type': 29, 'value': 32}]}"
1200721710,LONG,,1,32982300,,"{'id': 173144, 'context': 13, 'bonus_lists': [6649, 7185], 'modifiers': [{'type': 9, 'value': 60}, {'type': 29, 'value': 49}]}"
1200721711,LONG,,1,32982300,,"{'id': 173144, 'context': 13, 'bonus_lists': [6648, 7185], 'modifiers': [{'type': 9, 'value': 60}, {'type': 29, 'value': 36}]}"
1200721713,LONG,,1,32982300,,"{'id': 173144, 'context': 13, 'bonus_lists': [6648, 7185], 'modifiers': [{'type': 9, 'value': 60}, {'type': 29, 'value': 36}]}"
1200721715,LONG,,1,32982300,,"{'id': 173144, 'context': 13, 'bonus_lists': [6649, 7185], 'modifiers': [{'type': 9, 'value': 60}, {'type': 29, 'value': 36}]}"
1200721716,LONG,,1,32982300,,"{'id': 173144, 'context': 13, 'bonus_lists': [6647, 7185], 'modifiers': [{'type': 9, 'value': 60}, {'type': 29, 'value': 49}]}"
1200721804,VERY_LONG,,1,378000000,,"{'id': 178927, 'context': 64, 'bonus_lists': [6717, 7193, 1507]}"
1200721806,VERY_LONG,,1,378000000,,"{'id': 178927, 'context': 64, 'bonus_lists': [6717, 7193, 1507]}"
1200721808,VERY_LONG,,1,378000000,,"{'id': 178927, 'context': 64, 'bonus_lists': [6717, 7194, 1507]}"
1200721810,VERY_LONG,,1,378000000,,"{'id': 178927, 'context': 64, 'bonus_lists': [6717, 7194, 1507]}"
1200721812,VERY_LONG,,1,378000000,,"{'id': 178927, 'context': 64, 'bonus_lists': [6717, 7193, 1507]}"
1200721815,VERY_LONG,,1,890000000,,"{'id': 178927, 'context': 66, 'bonus_lists': [6758, 7194, 1532]}"
1200721888,LONG,,1,48515000,,"{'id': 173134, 'context': 13, 'bonus_lists': [6648, 7185], 'modifiers': [{'type': 9, 'value': 60}, {'type': 29, 'value': 49}]}"
1200721890,LONG,,1,48515000,,"{'id': 173134, 'context': 13, 'bonus_lists': [6650, 7185], 'modifiers': [{'type': 9, 'value': 60}, {'type': 29, 'value': 36}]}"
1200721891,LONG,,1,48515000,,"{'id': 173134, 'context': 13, 'bonus_lists': [6648, 7185], 'modifiers': [{'type': 9, 'value': 60}, {'type': 29, 'value': 36}]}"
1200721893,LONG,,1,48515000,,"{'id': 173134, 'context': 13, 'bonus_lists': [6649, 7185], 'modifiers': [{'type': 9, 'value': 60}, {'type': 29, 'value': 49}]}"
1200721895,LONG,,1,48515000,,"{'id': 173134, 'context': 13, 'bonus_lists': [6649, 7185], 'modifiers': [{'type': 9, 'value': 60}, {'type': 29, 'value': 49}]}"
1200721898,LONG,,1,48515000,,"{'id': 173134, 'context': 13, 'bonus_lists': [6650, 7185], 'modifiers': [{'type': 9, 'value': 60}, {'type': 29, 'value': 49}]}"
1200721900,LONG,,1,48515000,,"{'id': 173134, 'context': 13, 'bonus_lists': [6650, 7185], 'modifiers': [{'type': 9, 'value': 60}, {'type': 29, 'value': 49}]}"
1200721946,VERY_LONG,1000,33,,,{'id': 154898}
1200721957,LONG,,1,29393200,,"{'id': 173133, 'context': 13, 'bonus_lists': [6647, 7185], 'modifiers': [{'type': 9, 'value': 60}, {'type': 29, 'value': 40}]}"
1200721958,VERY_LONG,1000,38,,,{'id': 154897}
1200721959,LONG,,1,29393200,,"{'id': 173133, 'context': 13, 'bonus_lists': [6648, 7185], 'modifiers': [{'type': 9, 'value': 60}, {'type': 29, 'value': 40}]}"
1200721960,LONG,,1,29393200,,"{'id': 173133, 'context': 13, 'bonus_lists': [6647, 7185], 'modifiers': [{'type': 9, 'value': 60}, {'type': 29, 'value': 32}]}"
1200721961,LONG,,1,29393200,,"{'id': 173133, 'context': 13, 'bonus_lists': [6650, 7185], 'modifiers': [{'type': 9, 'value': 60}, {'type': 29, 'value': 49}]}"
1200721963,LONG,,1,29393200,,"{'id': 173133, 'context': 13, 'bonus_lists': [6648, 7185], 'modifiers': [{'type': 9, 'value': 60}, {'type': 29, 'value': 49}]}"
1200721964,LONG,,1,29393200,,"{'id': 173133, 'context': 13, 'bonus_lists': [6650, 7185], 'modifiers': [{'type': 9, 'value': 60}, {'type': 29, 'value': 40}]}"
1200721967,VERY_LONG,300,13,,,{'id': 154722}
1200721968,LONG,,1,29343600,,"{'id': 173131, 'context': 13, 'bonus_lists': [6648, 7185], 'modifiers': [{'type': 9, 'value': 60}, {'type': 29, 'value': 32}]}"
1200721969,LONG,,1,29343600,,"{'id': 173131, 'context': 13, 'bonus_lists': [6647, 7185], 'modifiers': [{'type': 9, 'value': 60}, {'type': 29, 'value': 49}]}"
1200721970,LONG,,1,29343600,,"{'id': 173131, 'context': 13, 'bonus_lists': [6647, 7185], 'modifiers': [{'type': 9, 'value': 60}, {'type': 29, 'value': 49}]}"
1200721971,LONG,,1,29343600,,"{'id': 173131, 'context': 13, 'bonus_lists': [6649, 7185], 'modifiers': [{'type': 9, 'value': 60}, {'type': 29, 'value': 49}]}"
1200721972,LONG,,1,29343600,,"{'id': 173131, 'context': 13, 'bonus_lists': [6649, 7185], 'modifiers': [{'type': 9, 'value': 60}, {'type': 29, 'value': 32}]}"
1200721973,LONG,,1,29343600,,"{'id': 173131, 'context': 13, 'bonus_lists': [6648, 7185], 'modifiers': [{'type': 9, 'value': 60}, {'type': 29, 'value': 49}]}"
1200721974,VERY_LONG,1900,11,,,{'id': 154165}
1200722000,VERY_LONG,29900,120,,,{'id': 152541}
1200722004,VERY_LONG,,1,2500400,,"{'id': 11039, 'context': 0, 'modifiers': [{'type': 28, 'value': 9}]}"
1200722011,VERY_LONG,,1,10005500,,"{'id': 159551, 'context': 0, 'bonus_lists': [6655, 1680], 'modifiers': [{'type': 9, 'value': 35}, {'type': 28, 'value': 187}]}"
1200723131,VERY_LONG,87700,2133,,,{'id': 169701}
1200723149,VERY_LONG,258800,401,,,{'id': 168586}
1200723221,VERY_LONG,9895100,4,,,{'id': 171276}
1200723222,VERY_LONG,53900,21,,,{'id': 171370}
1200723223,VERY_LONG,2000300,24,,,{'id': 171275}
1200723224,VERY_LONG,1349500,8,,,{'id': 171274}
1200723226,VERY_LONG,190000,10,,,{'id': 171271}
1200723228,VERY_LONG,30000,5,,,{'id': 171263}
1200723230,VERY_LONG,709900,2,,,{'id': 172231}
1200723242,VERY_LONG,1009700,10,,,{'id': 171289}
1200723250,VERY_LONG,756400,15,,,{'id': 171288}
1200723264,VERY_LONG,106000,1,,,{'id': 171287}
1200723275,VERY_LONG,24700,40,,,{'id': 172054}
1200723288,VERY_LONG,380500,19,,,{'id': 172053}
1200723296,VERY_LONG,3000,18,,,{'id': 172052}
1200723303,VERY_LONG,210900,9,,,{'id': 173037}
1200723318,VERY_LONG,365900,26,,,{'id': 173033}
1200723324,VERY_LONG,3000,24,,,{'id': 173032}
1200723331,VERY_LONG,1700000,8,,,{'id': 171428}
1200723337,VERY_LONG,785500,23,,,{'id': 172094}
1200723344,VERY_LONG,512200,23,,,{'id': 173204}
1200723353,VERY_LONG,184500,1,,,{'id': 172934}
1200723358,VERY_LONG,48500,37,,,{'id': 173202}
1200723360,VERY_LONG,249700,3,,,{'id': 173035}
1200723362,VERY_LONG,71800,3,,,{'id': 179314}
1200723363,VERY_LONG,24400,4,,,{'id': 172092}
1200723364,VERY_LONG,10000000,1,,,{'id': 168638}
1200723365,VERY_LONG,740000,7,,,{'id': 37118}
1200723366,VERY_LONG,38500,15,,,{'id': 172089}
1200723367,VERY_LONG,17700,1,,,{'id': 179315}
1200723368,VERY_LONG,150000,4,,,{'id': 172230}
1200723369,VERY_LONG,330100,10,,,{'id': 1711}
1200723371,VERY_LONG,386300,6,,,{'id': 2290}
1200723373,VERY_LONG,411700,10,,,{'id': 2289}
1200723375,VERY_LONG,632700,9,,,{'id': 1477}
1200723414,VERY_LONG,87700,2426,,,{'id': 169701}
1200723428,VERY_LONG,152600,200,,,{'id': 171829}
1200723432,VERY_LONG,500,407,,,{'id': 171840}
1200723441,VERY_LONG,39100,37,,,{'id': 171841}
1200723443,VERY_LONG,,1,6855400,,"{'id': 176802, 'context': 0, 'bonus_lists': [6908, 40, 1689], 'modifiers': [{'type': 9, 'value': 60}, {'type': 28, 'value': 1707}]}"
1200723444,VERY_LONG,,1,8400000,,"{'id': 176800, 'context': 0, 'bonus_lists': [6908, 6652, 1679], 'modifiers': [{'type': 9, 'value': 60}, {'type': 28, 'value': 1707}]}"
1200723445,VERY_LONG,,1,790200,,"{'id': 176799, 'context': 0, 'bonus_lists': [6908, 6652, 1697], 'modifiers': [{'type': 9, 'value': 60}, {'type': 28, 'value': 1707}]}"
1200723446,VERY_LONG,,1,1200000,,"{'id': 176794, 'context': 0, 'bonus_lists': [6908, 6652, 1694], 'modifiers': [{'type': 9, 'value': 60}, {'type': 28, 'value': 1707}]}"
1200723449,VERY_LONG,,1,2264000,,"{'id': 176797, 'context': 0, 'bonus_lists': [6908, 6652, 1711], 'modifiers': [{'type': 9, 'value': 60}, {'type': 28, 'value': 1707}]}"
1200723450,VERY_LONG,,1,99500000,,"{'id': 176777, 'context': 0, 'bonus_lists': [6907, 40, 1707], 'modifiers': [{'type': 9, 'value': 60}, {'type': 28, 'value': 1707}]}"
1200723451,VERY_LONG,,1,1592000,,"{'id': 176776, 'context': 0, 'bonus_lists': [6907, 6652, 7193, 1715], 'modifiers': [{'type': 9, 'value': 60}, {'type': 28, 'value': 1707}]}"
1200723453,VERY_LONG,,1,36000000,,"{'id': 176775, 'context': 0, 'bonus_lists': [6907, 6652, 7194, 1714], 'modifiers': [{'type': 9, 'value': 60}, {'type': 28, 'value': 1707}]}"
1200723454,VERY_LONG,,1,3200000,,"{'id': 176767, 'context': 0, 'bonus_lists': [6907, 6652, 1711], 'modifiers': [{'type': 9, 'value': 60}, {'type': 28, 'value': 1707}]}"
1200723457,VERY_LONG,,1,5002600,,"{'id': 176779, 'context': 0, 'bonus_lists': [6907, 6652, 1676], 'modifiers': [{'type': 9, 'value': 60}, {'type': 28, 'value': 2060}]}"
1200723461,VERY_LONG,,1,2264000,,"{'id': 176797, 'context': 0, 'bonus_lists': [6908, 6652, 1676], 'modifiers': [{'type': 9, 'value': 60}, {'type': 28, 'value': 1707}]}"
1200723464,VERY_LONG,20100,9,,,{'id': 35954}
1200723467,VERY_LONG,110600,5,,,{'id': 128768}
1200723469,VERY_LONG,16900,20,,,{'id': 179315}
1200723471,VERY_LONG,68300,5,,,{'id': 179314}
1200723473,VERY_LONG,5605000,23,,,{'id': 172097}
1200723475,VERY_LONG,406100,53,,,{'id': 172096}
1200723476,VERY_LONG,259800,1077,,,{'id': 168586}
1200723478,VERY_LONG,746300,173,,,{'id': 172094}
1200723479,VERY_LONG,23200,523,,,{'id': 172092}
1200723484,VERY_LONG,36600,2249,,,{'id': 172089}
1200723486,VERY_LONG,23500,11,,,{'id': 172054}
1200723488,VERY_LONG,361500,36,,,{'id': 172053}
1200723491,VERY_LONG,2900,150,,,{'id': 172052}
1200723510,VERY_LONG,75500,1103,,,{'id': 171828}
1200723516,VERY_LONG,1494400,17,,,{'id': 171833}
1200723542,VERY_LONG,152600,1487,,,{'id': 171829}
1200723708,VERY_LONG,,1,140009500,,"{'id': 173241, 'context': 64, 'bonus_lists': [6717, 1507]}"
1200723709,VERY_LONG,,1,140009500,,"{'id': 173241, 'context': 64, 'bonus_lists': [6717, 1507]}"
1200723710,VERY_LONG,,1,140009500,,"{'id': 173241, 'context': 64, 'bonus_lists': [6717, 1507]}"
1200723711,VERY_LONG,,1,140009500,,"{'id': 173241, 'context': 64, 'bonus_lists': [6717, 1507]}"
1200723712,VERY_LONG,,1,140009500,,"{'id': 173241, 'context': 64, 'bonus_lists': [6717, 1507]}"
1200723713,VERY_LONG,,1,140009500,,"{'id': 173241, 'context': 64, 'bonus_lists': [6717, 1507]}"
1200723728,VERY_LONG,,1,15009500,,"{'id': 173241, 'context': 63, 'bonus_lists': [6716, 1487]}"
1200723729,VERY_LONG,,1,15009500,,"{'id': 173241, 'context': 63, 'bonus_lists': [6716, 1487]}"
1200723730,VERY_LONG,,1,15009500,,"{'id': 173241, 'context': 63, 'bonus_lists': [6716, 1487]}"
1200723731,VERY_LONG,,1,15009500,,"{'id': 173241, 'context': 63, 'bonus_lists': [6716, 1487]}"
1200723732,VERY_LONG,,1,15009500,,"{'id': 173241, 'context': 63, 'bonus_lists': [6716, 1487]}"
1200723733,VERY_LONG,,1,15009500,,"{'id': 173241, 'context': 63, 'bonus_lists': [6716, 1487]}"
1200723734,VERY_LONG,,1,15009500,,"{'id': 173241, 'context': 63, 'bonus_lists': [6716, 1487]}"
1200723735,VERY_LONG,,1,15009500,,"{'id': 173241, 'context': 63, 'bonus_lists': [6716, 1487]}"
1200723736,VERY_LONG,,1,15009500,,"{'id': 173241, 'context': 63, 'bonus_lists': [6716, 1487]}"
1200723737,VERY_LONG,,1,15009500,,"{'id': 173241, 'context': 63, 'bonus_lists': [6716, 1487]}"
1200723753,VERY_LONG,195000,10,,,{'id': 109132}
1200723758,VERY_LONG,1800000,12,,,{'id': 27438}
1200723759,VERY_LONG,1150000,10,,,{'id': 27425}
1200723763,VERY_LONG,8000,10,,,{'id': 109134}
1200723767,VERY_LONG,50000,5,,,{'id': 36782}
1200723768,VERY_LONG,1900,10,,,{'id': 109133}
1200723773,VERY_LONG,5000,10,,,{'id': 109135}
1200723776,VERY_LONG,23200,1,,,{'id': 172092}
1200723778,VERY_LONG,75500,10,,,{'id': 171828}
1200723781,VERY_LONG,23500,3,,,{'id': 172054}
1200723783,VERY_LONG,16900,1,,,{'id': 179315}
1200723786,VERY_LONG,2900,1,,,{'id': 172052}
1200723788,VERY_LONG,68300,5,,,{'id': 179314}
1200723803,VERY_LONG,169900,10,,,{'id': 109136}
1200723828,VERY_LONG,1000000,19,,,{'id': 27422}
1200723859,VERY_LONG,,1,6408000,,"{'id': 176790, 'context': 0, 'bonus_lists': [6907, 6652, 7193, 1681], 'modifiers': [{'type': 9, 'value': 60}, {'type': 28, 'value': 1707}]}"
1200723865,VERY_LONG,,1,3200000,,"{'id': 13036, 'context': 0, 'bonus_lists': [6659], 'modifiers': [{'type': 9, 'value': 30}, {'type': 28, 'value': 1004}]}"
1200723871,VERY_LONG,,1,2674800,,"{'id': 176785, 'context': 0, 'bonus_lists': [6907, 6652, 7193, 1685], 'modifiers': [{'type': 9, 'value': 60}, {'type': 28, 'value': 1707}]}"
1200723878,VERY_LONG,,1,1855800,,"{'id': 13107, 'context': 0, 'bonus_lists': [6658], 'modifiers': [{'type': 9, 'value': 30}, {'type': 28, 'value': 1004}]}"
1200723885,VERY_LONG,316400,12,,,{'id': 74247}
1200723891,VERY_LONG,486600,16,,,{'id': 173204}
1200723903,VERY_LONG,406100,43,,,{'id': 172096}
1200723923,VERY_LONG,746300,78,,,{'id': 172094}
1200723930,VERY_LONG,22100,551,,,{'id': 172092}
1200723974,VERY_LONG,,1,3811200,,"{'id': 82800, 'context': 0, 'modifiers': [{'type': 6, 'value': 5556}], 'pet_breed_id': 18, 'pet_level': 1, 'pet_quality_id': 3, 'pet_species_id': 40}"
1200723976,VERY_LONG,,1,4112400,,"{'id': 82800, 'context': 0, 'modifiers': [{'type': 6, 'value': 99114}], 'pet_breed_id': 8, 'pet_level': 1, 'pet_quality_id': 3, 'pet_species_id': 3046}"
1200723977,VERY_LONG,,1,1426000,,"{'id': 82800, 'context': 0, 'modifiers': [{'type': 6, 'value': 99850}], 'pet_breed_id': 18, 'pet_level': 1, 'pet_quality_id': 3, 'pet_species_id': 3044}"
1200723978,VERY_LONG,,1,1426000,,"{'id': 82800, 'context': 0, 'modifiers': [{'type': 6, 'value': 99850}], 'pet_breed_id': 14, 'pet_level': 1, 'pet_quality_id': 3, 'pet_species_id': 3044}"
1200723981,VERY_LONG,365900,1,,,{'id': 173033}
1200723983,VERY_LONG,990000,1,,,{'id': 172055}
1200723987,VERY_LONG,68300,14,,,{'id': 179314}
1200723990,VERY_LONG,75500,38,,,{'id': 171828}
1200723992,VERY_LONG,139500,1,,,{'id': 171829}
1200723997,VERY_LONG,347800,8,,,{'id': 171832}
1200724001,VERY_LONG,161700,4,,,{'id': 171831}
1200724005,VERY_LONG,1494400,3,,,{'id': 171833}
1200724008,VERY_LONG,,1,70539400,,"{'id': 82800, 'context': 0, 'modifiers': [{'type': 6, 'value': 91232}], 'pet_breed_id': 20, 'pet_level': 1, 'pet_quality_id': 3, 'pet_species_id': 2760}"
1200724010,VERY_LONG,,1,125337600,,"{'id': 82800, 'context': 0, 'modifiers': [{'type': 6, 'value': 47252}], 'pet_breed_id': 19, 'pet_level': 8, 'pet_quality_id': 3, 'pet_species_id': 2703}"
1200724011,VERY_LONG,,1,138240000,,"{'id': 82800, 'context': 0, 'modifiers': [{'type': 6, 'value': 83052}], 'pet_breed_id': 16, 'pet_level': 5, 'pet_quality_id': 3, 'pet_species_id': 2429}"
1200724023,VERY_LONG,,1,4672000,,"{'id': 82800, 'context': 0, 'modifiers': [{'type': 6, 'value': 71972}], 'pet_breed_id': 8, 'pet_level': 1, 'pet_quality_id': 3, 'pet_species_id': 2091}"
1200724029,VERY_LONG,,1,560000,,"{'id': 82800, 'context': 0, 'modifiers': [{'type': 6, 'value': 38283}], 'pet_breed_id': 10, 'pet_level': 1, 'pet_quality_id': 3, 'pet_species_id': 2089}"
1200724038,VERY_LONG,,1,3203200,,"{'id': 82800, 'context': 0, 'modifiers': [{'type': 6, 'value': 79707}], 'pet_breed_id': 14, 'pet_level': 1, 'pet_quality_id': 3, 'pet_species_id': 2086}"
1200724045,VERY_LONG,,1,11051100,,"{'id': 2882, 'context': 0}"
1200724051,VERY_LONG,,1,22393600,,"{'id': 82800, 'context': 0, 'modifiers': [{'type': 6, 'value': 79709}], 'pet_breed_id': 9, 'pet_level': 1, 'pet_quality_id': 3, 'pet_species_id': 2088}"
1200726162,VERY_LONG,,1,28860600,,"{'id': 82800, 'context': 0, 'modifiers': [{'type': 6, 'value': 79637}], 'pet_breed_id': 21, 'pet_level': 1, 'pet_quality_id': 3, 'pet_species_id': 2082}"
1200726163,VERY_LONG,,1,25600000,,"{'id': 82800, 'context': 0, 'modifiers': [{'type': 6, 'value': 68861}], 'pet_breed_id': 15, 'pet_level': 1, 'pet_quality_id': 3, 'pet_species_id': 2050}"
1200726164,VERY_LONG,,1,4000000,,"{'id': 82800, 'context': 0, 'modifiers': [{'type': 6, 'value': 28216}], 'pet_breed_id': 11, 'pet_level': 1, 'pet_quality_id': 3, 'pet_species_id': 198}"
1200726165,VERY_LONG,,1,704000,,"{'id': 82800, 'context': 0, 'modifiers': [{'type': 6, 'value': 73692}], 'pet_breed_id': 12, 'pet_level': 1, 'pet_quality_id': 3, 'pet_species_id': 1961}"
1200726166,VERY_LONG,,1,6329600,,"{'id': 82800, 'context': 0, 'modifiers': [{'type': 6, 'value': 73673}], 'pet_breed_id': 13, 'pet_level': 1, 'pet_quality_id': 3, 'pet_species_id': 1957}"
1200726167,VERY_LONG,,1,6329600,,"{'id': 82800, 'context': 0, 'modifiers': [{'type': 6, 'value': 73673}], 'pet_breed_id': 3, 'pet_level': 1, 'pet_quality_id': 3, 'pet_species_id': 1957}"
1200726168,VERY_LONG,,1,2001200,,"{'id': 82800, 'context': 0, 'modifiers': [{'type': 6, 'value': 68860}], 'pet_breed_id': 20, 'pet_level': 1, 'pet_quality_id': 3, 'pet_species_id': 1928}"
1200726169,VERY_LONG,,1,575200,,"{'id': 82800, 'context': 0, 'modifiers': [{'type': 6, 'value': 71827}], 'pet_breed_id': 14, 'pet_level': 1, 'pet_quality_id': 3, 'pet_species_id': 1921}"
1200726170,VERY_LONG,,1,575200,,"{'id': 82800, 'context': 0, 'modifiers': [{'type': 6, 'value': 71827}], 'pet_breed_id': 14, 'pet_level': 1, 'pet_quality_id': 3, 'pet_species_id': 1921}"
1200726171,VERY_LONG,,1,3012600,,"{'id': 82800, 'context': 0, 'modifiers': [{'type': 6, 'value': 22776}], 'pet_breed_id': 3, 'pet_level': 1, 'pet_quality_id': 3, 'pet_species_id': 191}"
1200726172,VERY_LONG,,1,12500,,"{'id': 82800, 'context': 0, 'modifiers': [{'type': 6, 'value': 65091}], 'pet_breed_id': 8, 'pet_level': 1, 'pet_quality_id': 3, 'pet_species_id': 1907}"
1200726173,VERY_LONG,,1,26000000,,"{'id': 82800, 'context': 0, 'modifiers': [{'type': 6, 'value': 66212}], 'pet_breed_id': 22, 'pet_level': 1, 'pet_quality_id': 3, 'pet_species_id': 1808}"
1200726174,VERY_LONG,,1,26000000,,"{'id': 82800, 'context': 0, 'modifiers': [{'type': 6, 'value': 66212}], 'pet_breed_id': 22, 'pet_level': 1, 'pet_quality_id': 3, 'pet_species_id': 1808}"
1200726175,VERY_LONG,,1,31035200,,"{'id': 82800, 'context': 0, 'modifiers': [{'type': 6, 'value': 65638}], 'pet_breed_id': 22, 'pet_level': 7, 'pet_quality_id': 3, 'pet_species_id': 1755}"
1200726176,VERY_LONG,,1,6003300,,"{'id': 82800, 'context': 0, 'modifiers': [{'type': 6, 'value': 65113}], 'pet_breed_id': 20, 'pet_level': 4, 'pet_quality_id': 3, 'pet_species_id': 1717}"
1200726177,VERY_LONG,,1,6003300,,"{'id': 82800, 'context': 0, 'modifiers': [{'type': 6, 'value': 65113}], 'pet_breed_id': 20, 'pet_level': 1, 'pet_quality_id': 3, 'pet_species_id': 1717}"
1200726178,VERY_LONG,,1,18088400,,"{'id': 82800, 'context': 0, 'modifiers': [{'type': 6, 'value': 65087}], 'pet_breed_id': 14, 'pet_level': 1, 'pet_quality_id': 3, 'pet_species_id': 1716}"
1200726179,VERY_LONG,,1,63865600,,"{'id': 82800, 'context': 0, 'modifiers': [{'type': 6, 'value': 69488}], 'pet_breed_id': 21, 'pet_level': 1, 'pet_quality_id': 3, 'pet_species_id': 1701}"
1200726181,VERY_LONG,,1,23999800,,"{'id': 82800, 'context': 0, 'modifiers': [{'type': 6, 'value': 60609}], 'pet_breed_id': 22, 'pet_level': 1, 'pet_quality_id': 3, 'pet_species_id': 1656}"
1200726182,VERY_LONG,,1,6393400,,"{'id': 82800, 'context': 0, 'modifiers': [{'type': 6, 'value': 61896}], 'pet_breed_id': 9, 'pet_level': 1, 'pet_quality_id': 3, 'pet_species_id': 1632}"
1200726183,VERY_LONG,,1,6393400,,"{'id': 82800, 'context': 0, 'modifiers': [{'type': 6, 'value': 61896}], 'pet_breed_id': 7, 'pet_level': 1, 'pet_quality_id': 3, 'pet_species_id': 1632}"
1200726184,VERY_LONG,,1,4120000,,"{'id': 82800, 'context': 0, 'pet_breed_id': 22, 'pet_level': 1, 'pet_quality_id': 3, 'pet_species_id': 1628}"
1200726185,VERY_LONG,,1,9600000,,"{'id': 82800, 'context': 0, 'modifiers': [{'type': 6, 'value': 61890}], 'pet_breed_id': 7, 'pet_level': 6, 'pet_quality_id': 3, 'pet_species_id': 1625}"
1200726186,VERY_LONG,,1,2560000,,"{'id': 82800, 'context': 0, 'modifiers': [{'type': 6, 'value': 61888}], 'pet_breed_id': 4, 'pet_level': 1, 'pet_quality_id': 3, 'pet_species_id': 1624}"
1200726187,VERY_LONG,,1,211200,,"{'id': 82800, 'context': 0, 'modifiers': [{'type': 6, 'value': 61887}], 'pet_breed_id': 22, 'pet_level': 1, 'pet_quality_id': 3, 'pet_species_id': 1623}"
1200726190,VERY_LONG,,1,47729200,,"{'id': 82800, 'context': 0, 'modifiers': [{'type': 6, 'value': 58768}], 'pet_breed_id': 13, 'pet_level': 1, 'pet_quality_id': 3, 'pet_species_id': 1571}"
1200726192,VERY_LONG,,1,26000000,,"{'id': 82800, 'context': 0, 'modifiers': [{'type': 6, 'value': 59038}], 'pet_breed_id': 8, 'pet_level': 1, 'pet_quality_id': 3, 'pet_species_id': 1568}"
1200726193,VERY_LONG,,1,2007900,,"{'id': 82800, 'context': 0, 'modifiers': [{'type': 6, 'value': 60819}], 'pet_breed_id': 15, 'pet_level': 1, 'pet_quality_id': 3, 'pet_species_id': 1566}"
1200726194,VERY_LONG,,1,21120000,,"{'id': 82800, 'context': 0, 'pet_breed_id': 3, 'pet_level': 1, 'pet_quality_id': 3, 'pet_species_id': 1598}"
1200726195,VERY_LONG,,1,16000000,,"{'id': 82800, 'context': 0, 'modifiers': [{'type': 6, 'value': 58613}], 'pet_breed_id': 13, 'pet_level': 1, 'pet_quality_id': 3, 'pet_species_id': 1577}"
1200726197,VERY_LONG,,1,14720000,,"{'id': 82800, 'context': 0, 'modifiers': [{'type': 6, 'value': 60617}], 'pet_breed_id': 18, 'pet_level': 10, 'pet_quality_id': 3, 'pet_species_id': 1570}"
1200726198,VERY_LONG,,1,14720000,,"{'id': 82800, 'context': 0, 'modifiers': [{'type': 6, 'value': 60617}], 'pet_breed_id': 18, 'pet_level': 1, 'pet_quality_id': 3, 'pet_species_id': 1570}"
1200726199,VERY_LONG,,1,96000000,,"{'id': 82800, 'context': 0, 'modifiers': [{'type': 6, 'value': 6292}], 'pet_breed_id': 19, 'pet_level': 1, 'pet_quality_id': 3, 'pet_species_id': 1563}"
1200726200,VERY_LONG,,1,11065600,,"{'id': 82800, 'context': 0, 'modifiers': [{'type': 6, 'value': 59352}], 'pet_breed_id': 17, 'pet_level': 1, 'pet_quality_id': 3, 'pet_species_id': 1524}"
1200726208,VERY_LONG,,1,64000000,,"{'id': 82800, 'context': 0, 'modifiers': [{'type': 6, 'value': 60875}], 'pet_breed_id': 5, 'pet_level': 1, 'pet_quality_id': 3, 'pet_species_id': 1495}"
1200726209,VERY_LONG,,1,27483200,,"{'id': 82800, 'context': 0, 'modifiers': [{'type': 6, 'value': 55291}], 'pet_breed_id': 19, 'pet_level': 1, 'pet_quality_id': 3, 'pet_species_id': 1453}"
1200726212,VERY_LONG,,1,6400000,,"{'id': 82800, 'context': 0, 'modifiers': [{'type': 6, 'value': 57825}], 'pet_breed_id': 15, 'pet_level': 1, 'pet_quality_id': 3, 'pet_species_id': 1434}"
1200726213,VERY_LONG,,1,72000000,,"{'id': 82800, 'context': 0, 'modifiers': [{'type': 6, 'value': 57822}], 'pet_breed_id': 13, 'pet_level': 1, 'pet_quality_id': 3, 'pet_species_id': 1430}"
1200726217,VERY_LONG,,1,2223000,,"{'id': 82800, 'context': 0, 'modifiers': [{'type': 6, 'value': 58722}], 'pet_breed_id': 17, 'pet_level': 1, 'pet_quality_id': 3, 'pet_species_id': 1416}"
1200726218,VERY_LONG,,1,2223000,,"{'id': 82800, 'context': 0, 'modifiers': [{'type': 6, 'value': 58722}], 'pet_breed_id': 17, 'pet_level': 1, 'pet_quality_id': 3, 'pet_species_id': 1416}"
1200726219,VERY_LONG,,1,125440000,,"{'id': 82800, 'context': 0, 'modifiers': [{'type': 6, 'value': 48651}], 'pet_breed_id': 8, 'pet_level': 6, 'pet_quality_id': 3, 'pet_species_id': 1237}"
1200726224,VERY_LONG,,1,7680000,,"{'id': 82800, 'context': 0, 'modifiers': [{'type': 6, 'value': 48668}], 'pet_breed_id': 9, 'pet_level': 1, 'pet_quality_id': 3, 'pet_species_id': 1234}"
1200726229,VERY_LONG,,1,1240800,,"{'id': 82800, 'context': 0, 'modifiers': [{'type': 6, 'value': 46923}], 'pet_breed_id': 8, 'pet_level': 1, 'pet_quality_id': 3, 'pet_species_id': 1149}"
1200726236,VERY_LONG,,1,12480000,,"{'id': 82800, 'context': 0, 'modifiers': [{'type': 6, 'value': 46900}], 'pet_breed_id': 4, 'pet_level': 3, 'pet_quality_id': 3, 'pet_species_id': 1147}"
1200726242,VERY_LONG,,1,12480000,,"{'id': 82800, 'context': 0, 'modifiers': [{'type': 6, 'value': 46900}], 'pet_breed_id': 4, 'pet_level': 25, 'pet_quality_id': 3, 'pet_species_id': 1147}"
1200726248,VERY_LONG,,1,12480000,,"{'id': 82800, 'context': 0, 'modifiers': [{'type': 6, 'value': 46900}], 'pet_breed_id': 4, 'pet_level': 1, 'pet_quality_id': 3, 'pet_species_id': 1147}"
1200726262,VERY_LONG,71000,1433,,,{'id': 152577}
1200726265,VERY_LONG,,1,44796200,,"{'id': 82800, 'context': 0, 'modifiers': [{'type': 6, 'value': 46810}], 'pet_breed_id': 3, 'pet_level': 1, 'pet_quality_id': 3, 'pet_species_id': 1125}"
1200726282,VERY_LONG,,1,2300000000,,"{'id': 163573, 'context': 0, 'modifiers': [{'type': 28, 'value': 188}]}"
1200726295,VERY_LONG,,1,367731400,,"{'id': 52251, 'context': 11}"
1200726307,VERY_LONG,,1,12912600,,"{'id': 171448, 'context': 13, 'bonus_lists': [6893], 'modifiers': [{'type': 9, 'value': 56}, {'type': 28, 'value': 391}, {'type': 29, 'value': 36}, {'type': 30, 'value': 49}]}"
1200726328,VERY_LONG,,1,7682400,,"{'id': 82800, 'context': 0, 'modifiers': [{'type': 6, 'value': 64222}], 'pet_breed_id': 6, 'pet_level': 1, 'pet_quality_id': 3, 'pet_species_id': 1688}"
1200726341,VERY_LONG,12800,3,,,{'id': 177061}
1200726342,VERY_LONG,486600,2,,,{'id': 173204}
1200726343,VERY_LONG,150000,6,,,{'id': 171830}
1200726344,VERY_LONG,161700,29,,,{'id': 171831}
1200726349,VERY_LONG,35000,2,,,{'id': 171841}
1200726512,LONG,28500,3844,,,{'id': 173202}
1200726515,LONG,486600,491,,,{'id': 173204}
1200726518,LONG,36600,29,,,{'id': 172089}
1200726525,LONG,249700,5,,,{'id': 173035}
1200726538,VERY_LONG,,1,349999700,,"{'id': 173249, 'context': 66, 'bonus_lists': [6758, 7194, 1532]}"
1200726539,VERY_LONG,,1,349999700,,"{'id': 173249, 'context': 66, 'bonus_lists': [6758, 7193, 1532]}"
1200726547,VERY_LONG,,1,449997500,,"{'id': 173248, 'context': 66, 'bonus_lists': [6758, 7193, 1532]}"
1200726548,VERY_LONG,,1,349999000,,"{'id': 173248, 'context': 65, 'bonus_lists': [6718, 7193, 1522]}"
1200726551,VERY_LONG,,1,297948800,,"{'id': 173247, 'context': 66, 'bonus_lists': [6758, 1532]}"
1200726554,VERY_LONG,,1,349998800,,"{'id': 173247, 'context': 65, 'bonus_lists': [6718, 1522]}"
1200726555,VERY_LONG,,1,349998800,,"{'id': 173247, 'context': 65, 'bonus_lists': [6718, 1522]}"
1200726558,VERY_LONG,,1,599989500,,"{'id': 173246, 'context': 66, 'bonus_lists': [6758, 1532]}"
1200726581,VERY_LONG,,1,300000000,,"{'id': 173246, 'context': 64, 'bonus_lists': [6717, 1507]}"
1200726591,VERY_LONG,,1,550008500,,"{'id': 173245, 'context': 66, 'bonus_lists': [6758, 7194, 1532]}"
1200726601,VERY_LONG,,1,439998800,,"{'id': 173244, 'context': 66, 'bonus_lists': [6758, 1532]}"
1200726626,VERY_LONG,,1,399988600,,"{'id': 173243, 'context': 66, 'bonus_lists': [6758, 1532]}"
1200726631,VERY_LONG,,1,159998800,,"{'id': 173243, 'context': 65, 'bonus_lists': [6718, 1522]}"
1200726643,VERY_LONG,,1,199998200,,"{'id': 173241, 'context': 65, 'bonus_lists': [6718, 1522]}"
1200726644,VERY_LONG,,1,199998200,,"{'id': 173241, 'context': 65, 'bonus_lists': [6718, 1522]}"
1200726645,VERY_LONG,,1,140009500,,"{'id': 173241, 'context': 64, 'bonus_lists': [6717, 1507]}"
1200726646,VERY_LONG,,1,140009500,,"{'id': 173241, 'context': 64, 'bonus_lists': [6717, 1507]}"
1200726664,VERY_LONG,,1,140009500,,"{'id': 173241, 'context': 64, 'bonus_lists': [6717, 1507]}"
1200726746,VERY_LONG,,1,804200,,"{'id': 175563, 'context': 23, 'bonus_lists': [6907, 1694], 'modifiers': [{'type': 9, 'value': 60}, {'type': 28, 'value': 749}]}"
1200726747,VERY_LONG,,1,2580200,,"{'id': 177798, 'context': 0, 'bonus_lists': [6907, 41, 1704], 'modifiers': [{'type': 9, 'value': 60}, {'type': 28, 'value': 2060}]}"
1200726748,VERY_LONG,,1,3369800,,"{'id': 9956, 'context': 0, 'bonus_lists': [6654, 1695], 'modifiers': [{'type': 9, 'value': 30}, {'type': 28, 'value': 26}]}"
1200726750,VERY_LONG,,1,1039800,,"{'id': 176801, 'context': 17, 'bonus_lists': [6908, 6652, 1702], 'modifiers': [{'type': 9, 'value': 55}, {'type': 28, 'value': 747}]}"
1200726752,VERY_LONG,,1,440000,,"{'id': 177787, 'context': 2, 'bonus_lists': [6907, 6652, 7193, 1699], 'modifiers': [{'type': 9, 'value': 60}, {'type': 28, 'value': 748}]}"
1200726754,VERY_LONG,,1,2000000,,"{'id': 176788, 'context': 0, 'bonus_lists': [6907, 6652, 7193, 1686], 'modifiers': [{'type': 9, 'value': 60}, {'type': 28, 'value': 2060}]}"
1200726756,VERY_LONG,1600,1,,,{'id': 58267}
1200726757,VERY_LONG,220000,3,,,{'id': 62779}
1200726760,VERY_LONG,,1,2450000,,"{'id': 179334, 'context': 17, 'bonus_lists': [6908, 6652, 1699], 'modifiers': [{'type': 9, 'value': 56}, {'type': 28, 'value': 747}]}"
1200726761,VERY_LONG,,1,1001700,,"{'id': 175544, 'context': 0, 'bonus_lists': [6907, 1678], 'modifiers': [{'type': 9, 'value': 60}, {'type': 28, 'value': 1707}]}"
1200726762,VERY_LONG,,1,149990000,,"{'id': 175573, 'context': 23, 'bonus_lists': [6907, 1688], 'modifiers': [{'type': 9, 'value': 60}, {'type': 28, 'value': 749}]}"
1200726764,VERY_LONG,,1,2000000,,"{'id': 175569, 'context': 0, 'bonus_lists': [6907, 1709], 'modifiers': [{'type': 9, 'value': 60}, {'type': 28, 'value': 1707}]}"
1200726765,VERY_LONG,,1,1200000,,"{'id': 177806, 'context': 0, 'bonus_lists': [6908, 6652, 1681], 'modifiers': [{'type': 9, 'value': 60}, {'type': 28, 'value': 2060}]}"
1200726766,VERY_LONG,,1,1091100,,"{'id': 180795, 'context': 23, 'bonus_lists': [6908, 6652, 1686], 'modifiers': [{'type': 9, 'value': 60}, {'type': 28, 'value': 749}]}"
1200726769,VERY_LONG,,1,517600,,"{'id': 176973, 'context': 23, 'bonus_lists': [6907, 6652, 1695], 'modifiers': [{'type': 9, 'value': 60}, {'type': 28, 'value': 749}]}"
1200726770,VERY_LONG,27500,1,,,{'id': 53071}
1200726771,VERY_LONG,86900,1,,,{'id': 35947}
1200726773,VERY_LONG,,1,2250000,,"{'id': 177790, 'context': 17, 'bonus_lists': [6907, 6652, 1701], 'modifiers': [{'type': 9, 'value': 59}, {'type': 28, 'value': 747}]}"
1200726774,VERY_LONG,,1,3009300,,"{'id': 176992, 'context': 17, 'bonus_lists': [6907, 6652, 7194, 1697], 'modifiers': [{'type': 9, 'value': 59}, {'type': 28, 'value': 747}]}"
1200726776,VERY_LONG,,1,8653400,,"{'id': 175549, 'context': 0, 'bonus_lists': [6907, 1688], 'modifiers': [{'type': 9, 'value': 60}, {'type': 28, 'value': 1707}]}"
1200726791,VERY_LONG,,1,7253000,,"{'id': 176768, 'context': 0, 'bonus_lists': [6907, 6652, 1685], 'modifiers': [{'type': 9, 'value': 60}, {'type': 28, 'value': 2060}]}"
1200726796,VERY_LONG,,1,860000,,"{'id': 177767, 'context': 0, 'bonus_lists': [6907, 41, 1677], 'modifiers': [{'type': 9, 'value': 60}, {'type': 28, 'value': 1707}]}"
1200726804,VERY_LONG,75500,5,,,{'id': 171828}
1200726812,VERY_LONG,,1,1001100,,"{'id': 177783, 'context': 17, 'bonus_lists': [6907, 6652, 7193, 1684], 'modifiers': [{'type': 9, 'value': 59}, {'type': 28, 'value': 747}]}"
1200726818,VERY_LONG,,1,2000000,,"{'id': 177789, 'context': 0, 'bonus_lists': [6907, 6652, 1682], 'modifiers': [{'type': 9, 'value': 60}, {'type': 28, 'value': 2060}]}"
1200726836,VERY_LONG,,1,573700,,"{'id': 176984, 'context': 0, 'bonus_lists': [6907, 42, 1677], 'modifiers': [{'type': 9, 'value': 60}, {'type': 28, 'value': 1707}]}"
1200726843,VERY_LONG,,1,1091100,,"{'id': 180795, 'context': 17, 'bonus_lists': [6908, 6652, 1702], 'modifiers': [{'type': 9, 'value': 57}, {'type': 28, 'value': 747}]}"
1200726849,VERY_LONG,,1,99990000,,"{'id': 177792, 'context': 5, 'bonus_lists': [6907, 6652, 1710], 'modifiers': [{'type': 9, 'value': 60}, {'type': 28, 'value': 752}]}"
1200726935,VERY_LONG,,1,6000000,,"{'id': 176976, 'context': 23, 'bonus_lists': [6907, 43, 7194, 1691], 'modifiers': [{'type': 9, 'value': 60}, {'type': 28, 'value': 749}]}"
1200726944,VERY_LONG,,1,2461300,,"{'id': 177780, 'context': 2, 'bonus_lists': [6907, 43, 1676], 'modifiers': [{'type': 9, 'value': 60}, {'type': 28, 'value': 748}]}"
1200726952,VERY_LONG,,1,7579100,,"{'id': 176961, 'context': 17, 'bonus_lists': [6907, 6652, 7193, 1708], 'modifiers': [{'type': 9, 'value': 55}, {'type': 28, 'value': 747}]}"
1200726958,VERY_LONG,,1,24160900,,"{'id': 177774, 'context': 5, 'bonus_lists': [6907, 6652, 1685], 'modifiers': [{'type': 9, 'value': 60}, {'type': 28, 'value': 752}]}"
1200726962,VERY_LONG,,1,9610500,,"{'id': 176974, 'context': 0, 'bonus_lists': [6907, 6652, 7193, 1686], 'modifiers': [{'type': 9, 'value': 60}, {'type': 28, 'value': 1707}]}"
1200726963,VERY_LONG,,1,690000,,"{'id': 15229, 'context': 0, 'bonus_lists': [6655, 1692], 'modifiers': [{'type': 9, 'value': 30}, {'type': 28, 'value': 26}]}"
1200726965,VERY_LONG,,1,761500,,"{'id': 183971, 'context': 17, 'bonus_lists': [6908, 6652, 1714], 'modifiers': [{'type': 9, 'value': 53}, {'type': 28, 'value': 747}]}"
1200726966,VERY_LONG,,1,1742300,,"{'id': 177810, 'context': 23, 'bonus_lists': [6908, 6652, 1686], 'modifiers': [{'type': 9, 'value': 60}, {'type': 28, 'value': 749}]}"
1200726969,VERY_LONG,,1,69990000,,"{'id': 176986, 'context': 0, 'bonus_lists': [6907, 6652, 7193, 1704], 'modifiers': [{'type': 9, 'value': 60}, {'type': 28, 'value': 1707}]}"
1200726970,VERY_LONG,,1,2854200,,"{'id': 175553, 'context': 0, 'bonus_lists': [6907, 1692], 'modifiers': [{'type': 9, 'value': 60}, {'type': 28, 'value': 1707}]}"
1200726972,VERY_LONG,,1,10135800,,"{'id': 10209, 'context': 1, 'bonus_lists': [6654, 1692], 'modifiers': [{'type': 9, 'value': 30}, {'type': 28, 'value': 214}]}"
1200726973,VERY_LONG,250000,2,,,{'id': 53069}
1200726977,VERY_LONG,,1,1000000,,"{'id': 177808, 'context': 3, 'bonus_lists': [6908, 6652, 1677], 'modifiers': [{'type': 9, 'value': 60}, {'type': 28, 'value': 751}]}"
1200726979,VERY_LONG,2291600,1,,,{'id': 35953}
1200726981,VERY_LONG,54900,3,,,{'id': 172451}
1200726983,VERY_LONG,17300,5,,,{'id': 172046}
1200726986,VERY_LONG,600,1,,,{'id': 53070}
1200726988,VERY_LONG,,1,5001900,,"{'id': 175565, 'context': 0, 'bonus_lists': [6907, 1682], 'modifiers': [{'type': 9, 'value': 60}, {'type': 28, 'value': 1707}]}"
1200727007,VERY_LONG,,1,20006500,,"{'id': 37799, 'context': 2, 'bonus_lists': [4196], 'modifiers': [{'type': 9, 'value': 30}, {'type': 28, 'value': 1099}]}"
1200727010,VERY_LONG,,1,3500100,,"{'id': 180793, 'context': 17, 'bonus_lists': [6908, 6652, 1681], 'modifiers': [{'type': 9, 'value': 57}, {'type': 28, 'value': 747}]}"
1200727011,VERY_LONG,,1,732600,,"{'id': 178946, 'context': 0, 'bonus_lists': [6908, 6652, 1692], 'modifiers': [{'type': 9, 'value': 60}, {'type': 28, 'value': 1707}]}"
1200727013,VERY_LONG,,1,902200,,"{'id': 178947, 'context': 0, 'bonus_lists': [6908, 6652, 1681], 'modifiers': [{'type': 9, 'value': 60}, {'type': 28, 'value': 2060}]}"
1200727014,VERY_LONG,,1,3123400,,"{'id': 176792, 'context': 17, 'bonus_lists': [6907, 6652, 7194, 1708], 'modifiers': [{'type': 9, 'value': 59}, {'type': 28, 'value': 747}]}"
1200727015,VERY_LONG,8000,11,,,{'id': 109134}
1200727016,VERY_LONG,1999600,6,,,{'id': 52982}
1200727017,VERY_LONG,17300,15,,,{'id': 172046}
1200727019,VERY_LONG,14200,7,,,{'id': 62783}
1200727020,VERY_LONG,75500,7,,,{'id': 171828}
1200727021,VERY_LONG,2100,19,,,{'id': 42780}
1200727022,VERY_LONG,19200,1,,,{'id': 62781}
1200727023,VERY_LONG,20000,1,,,{'id': 62780}
1200727024,VERY_LONG,39700,2,,,{'id': 12808}
1200727027,VERY_LONG,70000,1,,,{'id': 62778}
1200728208,VERY_LONG,,1,450000000,,"{'id': 184778, 'context': 5, 'bonus_lists': [7188, 41, 1485, 6646], 'modifiers': [{'type': 28, 'value': 752}]}"
1200728532,VERY_LONG,36200,4830,,,{'id': 172089}
1200728536,VERY_LONG,22100,1020,,,{'id': 172092}
1200728540,VERY_LONG,746300,468,,,{'id': 172094}
1200728542,VERY_LONG,5605000,69,,,{'id': 172097}
1200728547,VERY_LONG,361500,163,,,{'id': 172053}
1200728548,VERY_LONG,406100,120,,,{'id': 172096}
1200728759,VERY_LONG,28500,8,,,{'id': 173202}
1200728760,VERY_LONG,486600,1,,,{'id': 173204}
1200728761,VERY_LONG,2900,1,,,{'id': 172052}
1200728779,VERY_LONG,35000,10,,,{'id': 171841}
1200728785,VERY_LONG,75500,22,,,{'id': 171828}
1200728792,VERY_LONG,500,5,,,{'id': 171840}
1200728794,VERY_LONG,150000,1,,,{'id': 171830}
1200728795,VERY_LONG,16900,1,,,{'id': 179315}
1200729069,LONG,14513000,5,,,{'id': 173053}
1200729070,LONG,12461700,1,,,{'id': 137188}
1200729071,LONG,5000000,3,,,{'id': 173062}
1200729072,LONG,14425000,1,,,{'id': 137274}
1200729073,LONG,8004500,1,,,{'id': 173160}
1200729074,LONG,16880000,1,,,{'id': 137249}
1200729075,LONG,14660600,5,,,{'id': 173051}
1200729076,LONG,,1,20000000,,"{'id': 180755, 'context': 13}"
1200729077,LONG,,1,20000000,,"{'id': 180755, 'context': 13}"
1200729078,LONG,26103700,7,,,{'id': 175924}
1200729079,LONG,66408600,3,,,{'id': 168956}
1200729080,LONG,,1,115000000,,"{'id': 129211, 'context': 13, 'bonus_lists': [6835]}"
1200729082,LONG,7390000,1,,,{'id': 173161}
1200729083,LONG,33887800,1,,,{'id': 129022}
1200729084,LONG,19809900,10,,,{'id': 177842}
1200729085,LONG,5000000,2,,,{'id': 173088}
1200729086,LONG,35000000,10,,,{'id': 173067}
1200729087,LONG,20001600,1,,,{'id': 173092}
1200729088,LONG,13500400,2,,,{'id': 173095}
1200729089,LONG,22835100,10,,,{'id': 177841}
1200729090,LONG,19999800,1,,,{'id': 170173}
1200730118,LONG,10000000,1,,,{'id': 173093}
1200730119,LONG,7390000,4,,,{'id': 173161}
1200730120,LONG,19369500,1,,,{'id': 173089}
1200730121,LONG,6760000,4,,,{'id': 173162}
1200730122,LONG,,1,83382100,,"{'id': 170312, 'context': 13, 'bonus_lists': [1710, 6873]}"
1200730123,LONG,35000200,2,,,{'id': 170168}
1200730124,LONG,31823100,1,,,{'id': 139271}
1200730125,LONG,,1,1500000000,,"{'id': 183008, 'context': 5, 'bonus_lists': [7188, 41, 1485, 6646], 'modifiers': [{'type': 28, 'value': 752}]}"
1200730126,LONG,13916800,1,,,{'id': 137238}
1200730127,LONG,126064200,2,,,{'id': 170164}
1200730128,LONG,18135300,1,,,{'id': 137239}
1200730129,LONG,61076400,1,,,{'id': 170165}
1200730130,LONG,15996500,4,,,{'id': 173163}
1200730132,LONG,8004500,3,,,{'id': 173160}
1200730136,VERY_LONG,730000,3,,,{'id': 168583}
1200730138,VERY_LONG,36200,75,,,{'id': 172089}
1200730140,VERY_LONG,746300,11,,,{'id': 172094}
1200730141,VERY_LONG,5605000,1,,,{'id': 172097}
1200730200,VERY_LONG,450000,561,,,{'id': 173059}
1200730205,VERY_LONG,400000,220,,,{'id': 173058}
1200730210,VERY_LONG,,1,49989300,,"{'id': 9913, 'context': 1, 'bonus_lists': [6654, 1678], 'modifiers': [{'type': 9, 'value': 48}, {'type': 28, 'value': 282}]}"
1200730215,VERY_LONG,12200,76,,,{'id': 34056}
1200730352,VERY_LONG,9980000,1,,,{'id': 153709}
1200730362,VERY_LONG,4407400,2,,,{'id': 43386}
1200730365,VERY_LONG,150000,3,,,{'id': 177716}
1200730366,VERY_LONG,1749700,1,,,{'id': 168446}
1200730410,VERY_LONG,,1,279800,249900,"{'id': 21841, 'context': 0}"
1200730411,VERY_LONG,,1,279800,249900,"{'id': 21841, 'context': 0}"
1200730412,VERY_LONG,,1,279800,249900,"{'id': 21841, 'context': 0}"
1200730431,VERY_LONG,,1,18930000,18690000,"{'id': 142075, 'context': 0}"
1200730434,VERY_LONG,,1,6072100,,"{'id': 2977, 'context': 1, 'bonus_lists': [6654], 'modifiers': [{'type': 9, 'value': 30}, {'type': 28, 'value': 202}]}"
1200730436,VERY_LONG,,1,22006000,,"{'id': 15978, 'context': 1, 'bonus_lists': [6655, 1693], 'modifiers': [{'type': 9, 'value': 30}, {'type': 28, 'value': 206}]}"
1200730437,VERY_LONG,,1,5207000,,"{'id': 15237, 'context': 1, 'bonus_lists': [6655, 1708], 'modifiers': [{'type': 9, 'value': 30}, {'type': 28, 'value': 205}]}"
1200730438,VERY_LONG,,1,106636600,,"{'id': 8113, 'context': 1, 'bonus_lists': [6654], 'modifiers': [{'type': 9, 'value': 30}, {'type': 28, 'value': 201}]}"
1200730439,VERY_LONG,,1,4575800,,"{'id': 10278, 'context': 1, 'bonus_lists': [6654, 1707], 'modifiers': [{'type': 9, 'value': 30}, {'type': 28, 'value': 201}]}"
1200730440,VERY_LONG,,1,28842100,,"{'id': 8268, 'context': 1, 'bonus_lists': [6654], 'modifiers': [{'type': 9, 'value': 30}, {'type': 28, 'value': 201}]}"
1200730442,VERY_LONG,,1,66179400,,"{'id': 15565, 'context': 1, 'bonus_lists': [6654, 1694], 'modifiers': [{'type': 9, 'value': 30}, {'type': 28, 'value': 281}]}"
1200730443,VERY_LONG,,1,21989900,,"{'id': 14421, 'context': 1, 'bonus_lists': [6654], 'modifiers': [{'type': 9, 'value': 30}, {'type': 28, 'value': 281}]}"
1200730444,VERY_LONG,,1,69917900,,"{'id': 14773, 'context': 1, 'bonus_lists': [6654], 'modifiers': [{'type': 9, 'value': 30}, {'type': 28, 'value': 281}]}"
1200730445,VERY_LONG,,1,1109800,,"{'id': 15219, 'context': 1, 'bonus_lists': [6655, 1679], 'modifiers': [{'type': 9, 'value': 30}, {'type': 28, 'value': 205}]}"
1200730446,VERY_LONG,,1,38969800,,"{'id': 8252, 'context': 1, 'bonus_lists': [6654], 'modifiers': [{'type': 9, 'value': 30}, {'type': 28, 'value': 205}]}"
1200730447,VERY_LONG,,1,26365400,,"{'id': 15233, 'context': 1, 'bonus_lists': [6655, 1679], 'modifiers': [{'type': 9, 'value': 30}, {'type': 28, 'value': 281}]}"
1200730448,VERY_LONG,,1,26211600,,"{'id': 15233, 'context': 1, 'bonus_lists': [6655, 1695], 'modifiers': [{'type': 9, 'value': 30}, {'type': 28, 'value': 281}]}"
1200730449,VERY_LONG,,1,26211600,,"{'id': 15233, 'context': 1, 'bonus_lists': [6655, 1692], 'modifiers': [{'type': 9, 'value': 30}, {'type': 28, 'value': 206}]}"
1200730450,VERY_LONG,,1,3003600,,"{'id': 15324, 'context': 1, 'bonus_lists': [6655, 1708], 'modifiers': [{'type': 9, 'value': 30}, {'type': 28, 'value': 205}]}"
1200730451,VERY_LONG,,1,9678900,,"{'id': 10146, 'context': 1, 'bonus_lists': [6654, 1681], 'modifiers': [{'type': 9, 'value': 30}, {'type': 28, 'value': 205}]}"
1200730453,VERY_LONG,,1,4433600,,"{'id': 9936, 'context': 1, 'bonus_lists': [6654, 1709], 'modifiers': [{'type': 9, 'value': 30}, {'type': 28, 'value': 201}]}"
1200730454,VERY_LONG,,1,45772500,,"{'id': 14761, 'context': 1, 'bonus_lists': [6654], 'modifiers': [{'type': 9, 'value': 30}, {'type': 28, 'value': 280}]}"
1200730455,VERY_LONG,,1,4414700,,"{'id': 2983, 'context': 1, 'bonus_lists': [6654], 'modifiers': [{'type': 9, 'value': 30}, {'type': 28, 'value': 8}]}"
1200730456,VERY_LONG,,1,6201500,,"{'id': 10200, 'context': 1, 'bonus_lists': [6654, 1693], 'modifiers': [{'type': 9, 'value': 30}, {'type': 28, 'value': 201}]}"
1200730457,VERY_LONG,,1,6357900,,"{'id': 10223, 'context': 1, 'bonus_lists': [6654, 1677], 'modifiers': [{'type': 9, 'value': 30}, {'type': 28, 'value': 205}]}"
1200730458,VERY_LONG,,1,38947300,,"{'id': 8295, 'context': 1, 'bonus_lists': [6654], 'modifiers': [{'type': 9, 'value': 30}, {'type': 28, 'value': 205}]}"
1200730459,VERY_LONG,,1,11123500,,"{'id': 10182, 'context': 1, 'bonus_lists': [6654, 1706], 'modifiers': [{'type': 9, 'value': 30}, {'type': 28, 'value': 205}]}"
1200730460,VERY_LONG,,1,11123500,,"{'id': 10182, 'context': 1, 'bonus_lists': [6654, 1707], 'modifiers': [{'type': 9, 'value': 30}, {'type': 28, 'value': 205}]}"
1200730461,VERY_LONG,,1,4170600,,"{'id': 6573, 'context': 1, 'bonus_lists': [6654, 1695], 'modifiers': [{'type': 9, 'value': 30}, {'type': 28, 'value': 215}]}"
1200730462,VERY_LONG,,1,13126300,,"{'id': 8249, 'context': 1, 'bonus_lists': [6654], 'modifiers': [{'type': 9, 'value': 30}, {'type': 28, 'value': 201}]}"
1200730463,VERY_LONG,,1,3800300,,"{'id': 10190, 'context': 1, 'bonus_lists': [6654, 1705], 'modifiers': [{'type': 9, 'value': 30}, {'type': 28, 'value': 201}]}"
1200730464,VERY_LONG,,1,5030700,,"{'id': 15265, 'context': 1, 'bonus_lists': [6655, 1708], 'modifiers': [{'type': 9, 'value': 30}, {'type': 28, 'value': 205}]}"
1200730466,VERY_LONG,,1,30531600,,"{'id': 13093, 'context': 1, 'bonus_lists': [6658], 'modifiers': [{'type': 9, 'value': 30}, {'type': 28, 'value': 281}]}"
1200730467,VERY_LONG,,1,12210800,,"{'id': 10170, 'context': 1, 'bonus_lists': [6654, 1691], 'modifiers': [{'type': 9, 'value': 30}, {'type': 28, 'value': 205}]}"
1200730468,VERY_LONG,,1,22843300,,"{'id': 10275, 'context': 1, 'bonus_lists': [6654, 1693], 'modifiers': [{'type': 9, 'value': 30}, {'type': 28, 'value': 205}]}"
1200730469,VERY_LONG,,1,48825500,,"{'id': 8277, 'context': 1, 'bonus_lists': [6654], 'modifiers': [{'type': 9, 'value': 30}, {'type': 28, 'value': 201}]}"
1200730470,VERY_LONG,,1,11411700,,"{'id': 10111, 'context': 1, 'bonus_lists': [6654, 1708], 'modifiers': [{'type': 9, 'value': 30}, {'type': 28, 'value': 201}]}"
1200730471,VERY_LONG,,1,12542400,,"{'id': 12011, 'context': 1, 'bonus_lists': [6654, 1679], 'modifiers': [{'type': 9, 'value': 30}, {'type': 28, 'value': 280}]}"
1200730472,VERY_LONG,,1,3556900,,"{'id': 10214, 'context': 1, 'bonus_lists': [6654, 1705], 'modifiers': [{'type': 9, 'value': 30}, {'type': 28, 'value': 205}]}"
1200730473,VERY_LONG,,1,1649800,1604900,"{'id': 127035, 'context': 0}"
1200730474,VERY_LONG,,1,62511600,,"{'id': 15568, 'context': 1, 'bonus_lists': [6654, 1695], 'modifiers': [{'type': 9, 'value': 30}, {'type': 28, 'value': 280}]}"
1200730475,VERY_LONG,,1,8715200,,"{'id': 10113, 'context': 1, 'bonus_lists': [6654, 1706], 'modifiers': [{'type': 9, 'value': 30}, {'type': 28, 'value': 205}]}"
1200730476,VERY_LONG,,1,13321400,,"{'id': 3041, 'context': 1, 'bonus_lists': [6655], 'modifiers': [{'type': 9, 'value': 30}, {'type': 28, 'value': 206}]}"
1200730477,VERY_LONG,,1,670000,,"{'id': 15323, 'context': 1, 'bonus_lists': [6655, 1705], 'modifiers': [{'type': 9, 'value': 30}, {'type': 28, 'value': 216}]}"
1200730478,VERY_LONG,,1,43989800,,"{'id': 14233, 'context': 1, 'bonus_lists': [6654, 1677], 'modifiers': [{'type': 9, 'value': 30}, {'type': 28, 'value': 206}]}"
1200730480,VERY_LONG,,1,6015200,,"{'id': 8260, 'context': 1, 'bonus_lists': [6654], 'modifiers': [{'type': 9, 'value': 30}, {'type': 28, 'value': 201}]}"
1200730482,VERY_LONG,,1,5889800,,"{'id': 3202, 'context': 1, 'bonus_lists': [6654], 'modifiers': [{'type': 9, 'value': 30}, {'type': 28, 'value': 215}]}"
1200730483,VERY_LONG,,1,8131600,,"{'id': 1951, 'context': 1, 'bonus_lists': [6710], 'modifiers': [{'type': 9, 'value': 30}, {'type': 28, 'value': 202}]}"
1200730484,VERY_LONG,,1,27593200,,"{'id': 14769, 'context': 1, 'bonus_lists': [6654], 'modifiers': [{'type': 9, 'value': 30}, {'type': 28, 'value': 280}]}"
1200730485,VERY_LONG,,1,52566800,,"{'id': 14232, 'context': 1, 'bonus_lists': [6654, 1705], 'modifiers': [{'type': 9, 'value': 30}, {'type': 28, 'value': 281}]}"
1200730486,VERY_LONG,,1,43989900,,"{'id': 10102, 'context': 1, 'bonus_lists': [6654, 1691], 'modifiers': [{'type': 9, 'value': 30}, {'type': 28, 'value': 205}]}"
1200730487,VERY_LONG,,1,4138100,,"{'id': 10188, 'context': 1, 'bonus_lists': [6654, 1681], 'modifiers': [{'type': 9, 'value': 30}, {'type': 28, 'value': 201}]}"
1200730488,VERY_LONG,,1,49374300,,"{'id': 15362, 'context': 1, 'bonus_lists': [6654, 1680], 'modifiers': [{'type': 9, 'value': 30}, {'type': 28, 'value': 281}]}"
1200730489,VERY_LONG,,1,5776600,,"{'id': 10109, 'context': 1, 'bonus_lists': [6654, 1706], 'modifiers': [{'type': 9, 'value': 30}, {'type': 28, 'value': 201}]}"
1200730490,VERY_LONG,,1,8043200,,"{'id': 10198, 'context': 1, 'bonus_lists': [6654, 1681], 'modifiers': [{'type': 9, 'value': 30}, {'type': 28, 'value': 201}]}"
1200730491,VERY_LONG,,1,990000,,"{'id': 11603, 'context': 0, 'bonus_lists': [6710], 'modifiers': [{'type': 9, 'value': 30}, {'type': 28, 'value': 27}]}"
1200730499,VERY_LONG,,1,941500,,"{'id': 82800, 'context': 0, 'modifiers': [{'type': 6, 'value': 46905}], 'pet_breed_id': 4, 'pet_level': 1, 'pet_quality_id': 3, 'pet_species_id': 1153}"
1200730500,VERY_LONG,,1,56921800,,"{'id': 82800, 'context': 0, 'modifiers': [{'type': 6, 'value': 79638}], 'pet_breed_id': 12, 'pet_level': 1, 'pet_quality_id': 3, 'pet_species_id': 2083}"
1200730501,VERY_LONG,,1,11100600,,"{'id': 82800, 'context': 0, 'modifiers': [{'type': 6, 'value': 47859}], 'pet_breed_id': 12, 'pet_level': 1, 'pet_quality_id': 3, 'pet_species_id': 2582}"
1200730503,VERY_LONG,,1,1751000,,"{'id': 82800, 'context': 0, 'modifiers': [{'type': 6, 'value': 66157}], 'pet_breed_id': 13, 'pet_level': 1, 'pet_quality_id': 3, 'pet_species_id': 1804}"
1200730505,VERY_LONG,,1,3999600,,"{'id': 82800, 'context': 0, 'modifiers': [{'type': 6, 'value': 90715}], 'pet_breed_id': 14, 'pet_level': 1, 'pet_quality_id': 3, 'pet_species_id': 2580}"
1200730506,VERY_LONG,,1,14242300,,"{'id': 82800, 'context': 0, 'modifiers': [{'type': 6, 'value': 65071}], 'pet_breed_id': 7, 'pet_level': 1, 'pet_quality_id': 3, 'pet_species_id': 1705}"
1200730508,VERY_LONG,,1,3690000,,"{'id': 82800, 'context': 0, 'modifiers': [{'type': 6, 'value': 62466}], 'pet_breed_id': 10, 'pet_level': 1, 'pet_quality_id': 3, 'pet_species_id': 1633}"
1200730509,VERY_LONG,,1,3193200,,"{'id': 82800, 'context': 0, 'modifiers': [{'type': 6, 'value': 79707}], 'pet_breed_id': 14, 'pet_level': 1, 'pet_quality_id': 3, 'pet_species_id': 2086}"
1200730511,VERY_LONG,,1,1689900,,"{'id': 82800, 'context': 0, 'modifiers': [{'type': 6, 'value': 23574}], 'pet_breed_id': 5, 'pet_level': 1, 'pet_quality_id': 3, 'pet_species_id': 175}"
1200730539,VERY_LONG,14800,5,,,{'id': 14047}
1200730541,VERY_LONG,133000,1,,,{'id': 765}
1200730542,VERY_LONG,93600,5,,,{'id': 14227}
1200730544,VERY_LONG,31600,5,,,{'id': 12208}
1200730546,VERY_LONG,49700,2,,,{'id': 7067}
1200730547,VERY_LONG,222600,2,,,{'id': 4625}
1200730549,VERY_LONG,309900,5,,,{'id': 4232}
1200730550,VERY_LONG,1243500,5,,,{'id': 3819}
1200730552,VERY_LONG,177300,3,,,{'id': 2447}
1200730554,VERY_LONG,193800,5,,,{'id': 10286}
1200730556,VERY_LONG,11700,1,,,{'id': 7909}
1200730558,VERY_LONG,290000,1,,,{'id': 8165}
1200730559,VERY_LONG,11835000,5,,,{'id': 18945}
1200730562,VERY_LONG,,1,10760000,,"{'id': 4690, 'context': 1, 'modifiers': [{'type': 28, 'value': 202}]}"
1200730564,VERY_LONG,130000,1,,,{'id': 3820}
1200730568,VERY_LONG,1372000,5,,,{'id': 7974}
1200730569,VERY_LONG,190000,2,,,{'id': 7971}
1200730571,VERY_LONG,4990000,3,,,{'id': 2449}
1200730572,VERY_LONG,49000,3,,,{'id': 2453}
1200730575,VERY_LONG,189000,2,,,{'id': 3818}
1200730577,VERY_LONG,1049500,5,,,{'id': 4304}
1200730578,VERY_LONG,490000,65,,,{'id': 168487}
1200730579,VERY_LONG,25836500,1,,,{'id': 3821}
1200730584,VERY_LONG,629600,5,,,{'id': 10285}
1200730585,VERY_LONG,4990000,5,,,{'id': 8167}
1200730586,VERY_LONG,890000,5,,,{'id': 3712}
1200730587,VERY_LONG,11400,5,,,{'id': 8150}
1200730589,VERY_LONG,166000,5,,,{'id': 4234}
1200730590,VERY_LONG,137700,5,,,{'id': 4337}
1200730592,VERY_LONG,2166900,5,,,{'id': 25708}
1200730593,VERY_LONG,20000,5,,,{'id': 11754}
1200730596,VERY_LONG,23500,5,,,{'id': 12203}
1200730597,VERY_LONG,946600,4,,,{'id': 15412}
1200730598,VERY_LONG,1189000,3,,,{'id': 4235}
1200730599,VERY_LONG,20000,5,,,{'id': 21887}
1200730600,VERY_LONG,989300,5,,,{'id': 8831}
1200730601,VERY_LONG,393800,1,,,{'id': 3358}
1200730602,VERY_LONG,19900,2,,,{'id': 785}
1200730604,VERY_LONG,151000,5,,,{'id': 52976}
1200730621,VERY_LONG,190000,6,,,{'id': 159791}
1200730637,VERY_LONG,,1,1649800,1604900,"{'id': 127035, 'context': 0}"
1200730639,VERY_LONG,300,200,,,{'id': 154722}
1200730644,VERY_LONG,17100,11,,,{'id': 158381}
1200730682,LONG,5980000,20,,,{'id': 172347}
1200697509,VERY_LONG,,1,72000,30000,"{'id': 3914, 'context': 0}"
1200730735,VERY_LONG,6489600,1,,,{'id': 76131}
1200730736,VERY_LONG,172000,5,,,{'id': 17010}
1200730737,VERY_LONG,14000,5,,,{'id': 152505}
1200730738,VERY_LONG,319800,5,,,{'id': 52329}
1200730739,VERY_LONG,790000,2,,,{'id': 3355}
1200730741,VERY_LONG,89000,1,,,{'id': 12202}
1200730742,VERY_LONG,166400,5,,,{'id': 27682}
1200730743,VERY_LONG,12100,5,,,{'id': 172092}
1200730744,VERY_LONG,60400,5,,,{'id': 7076}
1200730745,VERY_LONG,20000,5,,,{'id': 21887}
1200730746,VERY_LONG,306400,1,,,{'id': 74247}
1200730747,VERY_LONG,1240000,5,,,{'id': 4233}
1200730748,VERY_LONG,17900,2,,,{'id': 109126}
1200730749,VERY_LONG,27000,5,,,{'id': 17011}
1200730752,VERY_LONG,6400,5,,,{'id': 109128}
1200730753,VERY_LONG,47600,1,,,{'id': 154164}
1200730754,VERY_LONG,70000,5,,,{'id': 22790}
1200730755,VERY_LONG,30500,4,,,{'id': 109127}
1200730756,VERY_LONG,12000,2,,,{'id': 113262}
1200730757,VERY_LONG,37500,5,,,{'id': 33470}
1200730758,VERY_LONG,497300,5,,,{'id': 27678}
1200730759,VERY_LONG,86400,5,,,{'id': 151566}
1200730760,VERY_LONG,9600,5,,,{'id': 21877}
1200730761,VERY_LONG,27600,5,,,{'id': 21840}
1200730762,VERY_LONG,80100,5,,,{'id': 53010}
1200730763,VERY_LONG,15000,5,,,{'id': 152509}
1200730764,VERY_LONG,13500,3,,,{'id': 172054}
1200730765,VERY_LONG,9800,4,,,{'id': 72988}
1200730767,VERY_LONG,110000,5,,,{'id': 8170}
1200730768,VERY_LONG,38900,1,,,{'id': 2318}
1200730769,VERY_LONG,253600,5,,,{'id': 2934}
1200730770,VERY_LONG,3304700,5,,,{'id': 23793}
1200730771,VERY_LONG,26200,4,,,{'id': 172089}
1200730772,VERY_LONG,200468900,5,,,{'id': 52985}
1200730773,VERY_LONG,219900,5,,,{'id': 52988}
1200730774,VERY_LONG,10000,5,,,{'id': 152511}
1200730776,VERY_LONG,79900,5,,,{'id': 2319}
1200730777,VERY_LONG,11400,5,,,{'id': 8150}
1200730778,VERY_LONG,6900,3,,,{'id': 179315}
1200730779,VERY_LONG,32200,3,,,{'id': 109125}
1200730780,VERY_LONG,15000,1,,,{'id': 124113}
1200730782,VERY_LONG,94800,3,,,{'id': 7078}
1200730783,VERY_LONG,20000,5,,,{'id': 11754}
1200730785,VERY_LONG,39000,5,,,{'id': 152876}
1200730787,VERY_LONG,128600,3,,,{'id': 109124}
1200730788,VERY_LONG,140000,5,,,{'id': 177062}
1200730789,VERY_LONG,58300,2,,,{'id': 179314}
1200730790,VERY_LONG,28314100,5,,,{'id': 4289}
1200730791,VERY_LONG,900,5,,,{'id': 154165}
1200730792,VERY_LONG,21400,5,,,{'id': 153050}
1200730793,VERY_LONG,1097000,2,,,{'id': 12804}
1200730794,VERY_LONG,110000,2,,,{'id': 124119}
1200730795,VERY_LONG,804000,2,,,{'id': 109133}
1200730796,VERY_LONG,359300,2,,,{'id': 109134}
1200730797,VERY_LONG,9000,5,,,{'id': 154898}
1200730799,VERY_LONG,32700,5,,,{'id': 172052}
1200730800,VERY_LONG,44700,5,,,{'id': 7077}
1200730801,VERY_LONG,1748900,1,,,{'id': 7079}
1200730802,VERY_LONG,398200,5,,,{'id': 109135}
1200730804,VERY_LONG,8800,3,,,{'id': 154897}
1200730805,VERY_LONG,11900,3,,,{'id': 152631}
1200730806,VERY_LONG,89000,5,,,{'id': 124101}
1200730807,VERY_LONG,40000,5,,,{'id': 128304}
1200730808,VERY_LONG,27800,5,,,{'id': 7075}
1200730809,VERY_LONG,46700,5,,,{'id': 7068}
1200730810,VERY_LONG,4300,5,,,{'id': 124438}
1200730811,VERY_LONG,144800,5,,,{'id': 52327}
1200730812,VERY_LONG,19900,5,,,{'id': 152506}
1200730813,VERY_LONG,35000,5,,,{'id': 152875}
1200730814,VERY_LONG,25500,5,,,{'id': 7070}
1200730815,VERY_LONG,638100,5,,,{'id': 3857}
1200730816,VERY_LONG,5300,3,,,{'id': 124439}
1200730817,VERY_LONG,1130000,5,,,{'id': 52186}
1200730818,VERY_LONG,3600,4,,,{'id': 74249}
1200730819,VERY_LONG,490000,5,,,{'id': 52987}
1200730820,VERY_LONG,65500,5,,,{'id': 74248}
1200730821,VERY_LONG,171000,2,,,{'id': 89112}
1200730822,VERY_LONG,,1,19800,14900,"{'id': 4498, 'context': 0}"
1200730823,VERY_LONG,,1,19800,14900,"{'id': 4498, 'context': 0, 'modifiers': [{'type': 28, 'value': 73}]}"
1200730834,VERY_LONG,,1,679800,652900,"{'id': 4500, 'context': 0}"
1200730835,VERY_LONG,,1,679800,652900,"{'id': 4500, 'context': 0}"
1200730836,VERY_LONG,,1,679800,652900,"{'id': 4500, 'context': 0, 'modifiers': [{'type': 28, 'value': 1008}]}"
1200730861,VERY_LONG,,1,679800,652900,"{'id': 4500, 'context': 0, 'modifiers': [{'type': 28, 'value': 1739}]}"
1200730882,VERY_LONG,,1,5000000,,"{'id': 82800, 'context': 0, 'modifiers': [{'type': 6, 'value': 94713}], 'pet_breed_id': 14, 'pet_level': 1, 'pet_quality_id': 3, 'pet_species_id': 2840}"
1200730883,VERY_LONG,,1,5000000,,"{'id': 82800, 'context': 0, 'modifiers': [{'type': 6, 'value': 94713}], 'pet_breed_id': 14, 'pet_level': 1, 'pet_quality_id': 3, 'pet_species_id': 2840}"
1200730896,VERY_LONG,,1,245000000,,"{'id': 172318, 'context': 64, 'bonus_lists': [6717, 1507]}"
1200730897,VERY_LONG,,1,245000000,,"{'id': 172318, 'context': 64, 'bonus_lists': [6717, 1507]}"
1200730901,VERY_LONG,730000,9990,,,{'id': 168583}
1200730947,VERY_LONG,9000000,901,,,{'id': 172232}
1200730950,VERY_LONG,,1,378000000,,"{'id': 178927, 'context': 64, 'bonus_lists': [6717, 7194, 1507]}"
1200730951,VERY_LONG,,1,378000000,,"{'id': 178927, 'context': 64, 'bonus_lists': [6717, 7194, 1507]}"
1200730953,VERY_LONG,,1,890000000,,"{'id': 178927, 'context': 66, 'bonus_lists': [6758, 7193, 1532]}"
1200730981,VERY_LONG,,1,5009900,,"{'id': 82800, 'context': 0, 'modifiers': [{'type': 6, 'value': 88064}], 'pet_breed_id': 14, 'pet_level': 1, 'pet_quality_id': 3, 'pet_species_id': 2473}"
1200730983,VERY_LONG,,1,2000000,,"{'id': 82800, 'context': 0, 'modifiers': [{'type': 6, 'value': 88038}], 'pet_breed_id': 9, 'pet_level': 1, 'pet_quality_id': 3, 'pet_species_id': 2463}"
1200730984,VERY_LONG,,1,5000000,,"{'id': 82800, 'context': 0, 'modifiers': [{'type': 6, 'value': 88008}], 'pet_breed_id': 14, 'pet_level': 1, 'pet_quality_id': 3, 'pet_species_id': 2454}"
1200730985,VERY_LONG,,1,5007800,,"{'id': 82800, 'context': 0, 'modifiers': [{'type': 6, 'value': 94714}], 'pet_breed_id': 14, 'pet_level': 1, 'pet_quality_id': 3, 'pet_species_id': 2841}"
1200730987,VERY_LONG,,1,5008700,,"{'id': 82800, 'context': 0, 'modifiers': [{'type': 6, 'value': 95152}], 'pet_breed_id': 13, 'pet_level': 1, 'pet_quality_id': 3, 'pet_species_id': 2796}"
1200731061,VERY_LONG,9000000,1060,,,{'id': 172232}
1200733117,VERY_LONG,608600,3,,,{'id': 171292}
1200733120,VERY_LONG,1009500,20,,,{'id': 171290}
1200733121,VERY_LONG,1009700,22,,,{'id': 171289}
1200733122,VERY_LONG,756400,12,,,{'id': 171288}
1200733129,VERY_LONG,25000,8,,,{'id': 172089}
1200733133,VERY_LONG,,1,1592000,,"{'id': 176776, 'context': 0, 'bonus_lists': [6907, 6652, 7194, 1716], 'modifiers': [{'type': 9, 'value': 60}, {'type': 28, 'value': 1707}]}"
1200733134,VERY_LONG,,1,504000,,"{'id': 176789, 'context': 0, 'bonus_lists': [6907, 6652, 7194, 1689], 'modifiers': [{'type': 9, 'value': 60}, {'type': 28, 'value': 1707}]}"
1200733136,VERY_LONG,3000500,16,,,{'id': 171278}
1200733142,VERY_LONG,3489900,3,,,{'id': 180057}
1200733143,VERY_LONG,,1,22834500,,"{'id': 15775, 'context': 1, 'modifiers': [{'type': 28, 'value': 205}]}"
1200733144,VERY_LONG,,1,489900,,"{'id': 13494, 'context': 1, 'modifiers': [{'type': 28, 'value': 205}]}"
1200733145,VERY_LONG,,1,1189800,,"{'id': 56494, 'context': 0, 'bonus_lists': [1684, 6846]}"
1200733147,VERY_LONG,,1,1190000,,"{'id': 13490, 'context': 1, 'modifiers': [{'type': 28, 'value': 205}]}"
1200733148,VERY_LONG,,1,4821900,,"{'id': 56483, 'context': 0, 'bonus_lists': [1713, 6844]}"
1200733149,VERY_LONG,,1,12709800,,"{'id': 56480, 'context': 0, 'bonus_lists': [6845]}"
1200733150,VERY_LONG,351500,16,,,{'id': 172053}
1200733152,VERY_LONG,,1,440000,,"{'id': 16048, 'context': 1, 'modifiers': [{'type': 28, 'value': 201}]}"
1200733153,VERY_LONG,,1,14919100,,"{'id': 56481, 'context': 0, 'bonus_lists': [1691, 6844]}"
1200733154,VERY_LONG,,1,14763300,,"{'id': 56499, 'context': 0, 'bonus_lists': [1702, 6844]}"
1200733160,VERY_LONG,5575000,7,,,{'id': 172097}
1200733163,VERY_LONG,2900,45,,,{'id': 172052}
1200733168,VERY_LONG,53000,11,,,{'id': 179314}
1200733175,VERY_LONG,13500,23,,,{'id': 172054}
1200733178,VERY_LONG,6900,5,,,{'id': 179315}
1200733183,VERY_LONG,736300,21,,,{'id': 172094}
1200733187,VERY_LONG,709900,158,,,{'id': 172231}
1200733189,VERY_LONG,26499700,37,,,{'id': 172365}
1200733190,VERY_LONG,20008000,111,,,{'id': 172368}
1200733193,VERY_LONG,,1,909800,,"{'id': 182691, 'context': 0, 'bonus_lists': [6908, 6652], 'modifiers': [{'type': 9, 'value': 60}, {'type': 28, 'value': 2060}]}"
1200733202,VERY_LONG,466600,5,,,{'id': 173204}
1200733208,VERY_LONG,198000,1,,,{'id': 5466}
1200733211,VERY_LONG,101000,7,,,{'id': 89112}
1200733237,VERY_LONG,1494400,21,,,{'id': 171833}
1200733248,VERY_LONG,,1,842105300,,"{'id': 172321, 'context': 66, 'bonus_lists': [6758, 7194, 1532]}"
1200733249,VERY_LONG,406100,22,,,{'id': 172096}
1200733251,VERY_LONG,736300,3,,,{'id': 172094}
1200733869,VERY_LONG,,1,17025800,,"{'id': 55347, 'context': 1, 'bonus_lists': [6655, 1695], 'modifiers': [{'type': 9, 'value': 35}, {'type': 28, 'value': 257}]}"
1200733870,VERY_LONG,,1,23035100,,"{'id': 55528, 'context': 1, 'bonus_lists': [6654, 1714], 'modifiers': [{'type': 9, 'value': 35}, {'type': 28, 'value': 257}]}"
1200733871,VERY_LONG,,1,940000,,"{'id': 55725, 'context': 1, 'bonus_lists': [6654, 1693], 'modifiers': [{'type': 9, 'value': 35}, {'type': 28, 'value': 257}]}"
1200733872,VERY_LONG,6461500,1,,,{'id': 52979}
1200733873,VERY_LONG,292200,2,,,{'id': 52325}
1200733874,VERY_LONG,,1,20064400,,"{'id': 55716, 'context': 1, 'bonus_lists': [6654, 1700], 'modifiers': [{'type': 9, 'value': 35}, {'type': 28, 'value': 257}]}"
1200733875,VERY_LONG,,1,24806500,,"{'id': 55328, 'context': 1, 'bonus_lists': [6655, 1684], 'modifiers': [{'type': 9, 'value': 35}, {'type': 28, 'value': 257}]}"
1200733876,VERY_LONG,2989900,5,,,{'id': 56477}
1200736284,VERY_LONG,3006300,100,,,{'id': 171273}
1200736285,VERY_LONG,3476500,78,,,{'id': 171270}
1200736511,LONG,35000000,23,,,{'id': 173067}
1200736512,LONG,4953000,40,,,{'id': 173049}
1200736513,LONG,15996500,2,,,{'id': 173163}
1200736514,LONG,6760000,3,,,{'id': 173162}
1200736515,LONG,7390000,2,,,{'id': 173161}
1200736618,LONG,,1,159999100,,"{'id': 173242, 'context': 65, 'bonus_lists': [6718, 1522]}"
1200736619,LONG,,1,159999100,,"{'id': 173242, 'context': 65, 'bonus_lists': [6718, 1522]}"
1200736620,LONG,,1,159999100,,"{'id': 173242, 'context': 65, 'bonus_lists': [6718, 1522]}"
1200736625,LONG,,1,279999800,,"{'id': 173242, 'context': 66, 'bonus_lists': [6758, 1532]}"
1200736627,LONG,,1,279999800,,"{'id': 173242, 'context': 66, 'bonus_lists': [6758, 1532]}"
1200736636,LONG,,1,170005600,,"{'id': 171419, 'context': 65, 'bonus_lists': [6718, 7193, 1522]}"
1200736637,LONG,,1,170005600,,"{'id': 171419, 'context': 65, 'bonus_lists': [6718, 7194, 1522]}"
1200736645,LONG,,1,1124997900,,"{'id': 171412, 'context': 66, 'bonus_lists': [6758, 1532]}"
1200736654,LONG,,1,299999900,,"{'id': 171416, 'context': 65, 'bonus_lists': [6718, 1522]}"
1200736657,LONG,,1,299999900,,"{'id': 171416, 'context': 65, 'bonus_lists': [6718, 1522]}"
1200736661,LONG,,1,200006800,,"{'id': 171414, 'context': 65, 'bonus_lists': [6718, 1522]}"
1200736663,LONG,,1,200006800,,"{'id': 171414, 'context': 65, 'bonus_lists': [6718, 1522]}"
1200736672,LONG,,1,630009400,,"{'id': 171415, 'context': 65, 'bonus_lists': [6718, 7193, 1522]}"
1200736675,LONG,,1,1839997300,,"{'id': 171415, 'context': 66, 'bonus_lists': [6758, 7194, 1532]}"
1200736687,LONG,,1,1687998500,,"{'id': 171417, 'context': 66, 'bonus_lists': [6758, 1532]}"
1200736691,LONG,,1,249999400,,"{'id': 171413, 'context': 65, 'bonus_lists': [6718, 1522]}"
1200736692,LONG,,1,249999400,,"{'id': 171413, 'context': 65, 'bonus_lists': [6718, 1522]}"
1200736693,LONG,,1,249999400,,"{'id': 171413, 'context': 65, 'bonus_lists': [6718, 1522]}"
1200736694,LONG,,1,35000200,,"{'id': 138795, 'context': 13}"
1200736705,VERY_LONG,9895100,10,,,{'id': 171276}
1200736708,VERY_LONG,,1,300000000,,"{'id': 172318, 'context': 65, 'bonus_lists': [6718, 1522]}"
1200736714,VERY_LONG,,1,420000000,,"{'id': 172327, 'context': 66, 'bonus_lists': [6758, 1532]}"
1200736716,VERY_LONG,,1,420000000,,"{'id': 172327, 'context': 66, 'bonus_lists': [6758, 1532]}"
1200736729,VERY_LONG,7750000,10,,,{'id': 181468}
1200289719,LONG,,1,49974600,24500000,"{'id': 82800, 'context': 0, 'modifiers': [{'type': 6, 'value': 99014}], 'pet_breed_id': 3, 'pet_level': 1, 'pet_quality_id': 2, 'pet_species_id': 2953}"
1200736910,VERY_LONG,29900,65,,,{'id': 152541}
1200736916,VERY_LONG,300,5,,,{'id': 154722}
1200736918,VERY_LONG,11000,1,,,{'id': 152508}
1200736923,VERY_LONG,1000,1,,,{'id': 152511}
1200736926,VERY_LONG,71000,2,,,{'id': 152577}
1200736929,VERY_LONG,900,8,,,{'id': 154165}
1200736932,VERY_LONG,1000,53,,,{'id': 154897}
1200736933,VERY_LONG,47600,67,,,{'id': 154164}
1200736935,VERY_LONG,1000,66,,,{'id': 154897}
1200736939,VERY_LONG,1000,14,,,{'id': 154898}
1200736940,VERY_LONG,30000,6,,,{'id': 152579}
1200736942,VERY_LONG,89500,12,,,{'id': 152512}
1200736943,VERY_LONG,14000,30,,,{'id': 153050}
1200736946,VERY_LONG,700,8,,,{'id': 154899}
1200736951,VERY_LONG,6600,2,,,{'id': 153051}
1200738469,LONG,,1,199697800,,"{'id': 172924, 'context': 13}"
1200738659,VERY_LONG,9895100,1000,,,{'id': 171276}
1200738663,VERY_LONG,9895100,958,,,{'id': 171276}
1200738666,VERY_LONG,,1,300000000,,"{'id': 172318, 'context': 65, 'bonus_lists': [6718, 1522]}"
1200738933,VERY_LONG,,1,102490000,,"{'id': 24166, 'context': 1, 'modifiers': [{'type': 28, 'value': 222}]}"
1200738935,VERY_LONG,9600,5,,,{'id': 21877}
1200738939,VERY_LONG,235900,1,,,{'id': 33458}
1200738941,VERY_LONG,,1,490000,,"{'id': 24654, 'context': 1, 'bonus_lists': [6654, 1693], 'modifiers': [{'type': 9, 'value': 30}, {'type': 28, 'value': 224}]}"
1200738943,VERY_LONG,,1,32824900,,"{'id': 24728, 'context': 1, 'bonus_lists': [6654, 1695], 'modifiers': [{'type': 9, 'value': 30}, {'type': 28, 'value': 222}]}"
1200738944,VERY_LONG,140500,1,,,{'id': 33461}
1200738946,VERY_LONG,,1,27880600,,"{'id': 24741, 'context': 1, 'bonus_lists': [6654, 1707], 'modifiers': [{'type': 9, 'value': 30}, {'type': 28, 'value': 222}]}"
1200738948,VERY_LONG,,1,990000,,"{'id': 24890, 'context': 1, 'bonus_lists': [6654, 1706], 'modifiers': [{'type': 9, 'value': 30}, {'type': 28, 'value': 225}]}"
1200738950,VERY_LONG,,1,22519900,,"{'id': 25329, 'context': 1, 'bonus_lists': [6655, 1709], 'modifiers': [{'type': 9, 'value': 30}, {'type': 28, 'value': 222}]}"
1200738951,VERY_LONG,,1,22519900,,"{'id': 25329, 'context': 1, 'bonus_lists': [6655, 1708], 'modifiers': [{'type': 9, 'value': 30}, {'type': 28, 'value': 222}]}"
1200738953,VERY_LONG,,1,11088700,,"{'id': 24630, 'context': 1, 'bonus_lists': [6654, 1708], 'modifiers': [{'type': 9, 'value': 30}, {'type': 28, 'value': 222}]}"
1200738955,VERY_LONG,84800,2,,,{'id': 13446}
1200738958,VERY_LONG,,1,4293200,,"{'id': 25055, 'context': 1, 'bonus_lists': [6654, 1692], 'modifiers': [{'type': 9, 'value': 30}, {'type': 28, 'value': 225}]}"
1200738959,VERY_LONG,,1,5043700,,"{'id': 24779, 'context': 1, 'bonus_lists': [6654, 1708], 'modifiers': [{'type': 9, 'value': 30}, {'type': 28, 'value': 225}]}"
1200738961,VERY_LONG,59800,1,,,{'id': 22829}
1200738963,VERY_LONG,242000,5,,,{'id': 30809}
1200738964,VERY_LONG,2439900,2,,,{'id': 25707}
1200738966,VERY_LONG,20000,5,,,{'id': 21887}
1200738967,VERY_LONG,,1,3888600,,"{'id': 24666, 'context': 1, 'bonus_lists': [6654, 1708], 'modifiers': [{'type': 9, 'value': 30}, {'type': 28, 'value': 225}]}"
1200738969,VERY_LONG,225400,4,,,{'id': 31671}
1200738970,VERY_LONG,,1,12750100,,"{'id': 24855, 'context': 1, 'bonus_lists': [6654, 1706], 'modifiers': [{'type': 9, 'value': 30}, {'type': 28, 'value': 219}]}"
1200738972,VERY_LONG,,1,58721900,,"{'id': 25333, 'context': 1, 'bonus_lists': [6655, 1694], 'modifiers': [{'type': 9, 'value': 30}, {'type': 28, 'value': 225}]}"
1200738973,VERY_LONG,16097200,2,,,{'id': 29740}
1200738975,VERY_LONG,,1,8733800,,"{'id': 24852, 'context': 1, 'bonus_lists': [6654, 1695], 'modifiers': [{'type': 9, 'value': 30}, {'type': 28, 'value': 222}]}"
1200738976,VERY_LONG,14890700,1,,,{'id': 33447}
1200738978,VERY_LONG,,1,7856000,,"{'id': 24974, 'context': 1, 'bonus_lists': [6654, 1681], 'modifiers': [{'type': 9, 'value': 30}, {'type': 28, 'value': 219}]}"
1200738979,VERY_LONG,188000,5,,,{'id': 22577}
1200738981,VERY_LONG,,1,17351300,,"{'id': 25288, 'context': 1, 'bonus_lists': [6655, 1678], 'modifiers': [{'type': 9, 'value': 30}, {'type': 28, 'value': 219}]}"
1200738982,VERY_LONG,,1,3114700,,"{'id': 24671, 'context': 1, 'bonus_lists': [6654, 1681], 'modifiers': [{'type': 9, 'value': 30}, {'type': 28, 'value': 225}]}"
1200738983,VERY_LONG,,1,5185200,,"{'id': 24660, 'context': 1, 'bonus_lists': [6654, 1681], 'modifiers': [{'type': 9, 'value': 30}, {'type': 28, 'value': 224}]}"
1200738984,VERY_LONG,,1,5185200,,"{'id': 24660, 'context': 1, 'bonus_lists': [6654, 1692], 'modifiers': [{'type': 9, 'value': 30}, {'type': 28, 'value': 224}]}"
1200738985,VERY_LONG,,1,8875000,,"{'id': 25063, 'context': 1, 'bonus_lists': [6654, 1695], 'modifiers': [{'type': 9, 'value': 30}, {'type': 28, 'value': 222}]}"
1200738986,VERY_LONG,111500,3,,,{'id': 22832}
1200739003,VERY_LONG,1110000,1,,,{'id': 173042}
1200739005,VERY_LONG,365900,1974,,,{'id': 173033}
1200739006,VERY_LONG,249700,5,,,{'id': 173035}
1200739007,VERY_LONG,554400,1480,,,{'id': 173034}
1200739009,VERY_LONG,210900,1761,,,{'id': 173037}
1200739188,LONG,5980000,2,,,{'id': 172347}
1200739500,VERY_LONG,2150000,4,,,{'id': 183738}
1200739587,VERY_LONG,490000,200,,,{'id': 168487}
1200739592,VERY_LONG,490000,200,,,{'id': 168487}
1200739606,VERY_LONG,490000,54,,,{'id': 168487}
1200741245,VERY_LONG,,1,490000,,"{'id': 82800, 'context': 0, 'modifiers': [{'type': 6, 'value': 46902}], 'pet_breed_id': 9, 'pet_level': 1, 'pet_quality_id': 3, 'pet_species_id': 1150}"
1200741246,VERY_LONG,,1,990000,,"{'id': 82800, 'context': 0, 'modifiers': [{'type': 6, 'value': 45289}], 'pet_breed_id': 18, 'pet_level': 1, 'pet_quality_id': 3, 'pet_species_id': 2087}"
1200741345,VERY_LONG,89500,12,,,{'id': 152512}
1200741349,VERY_LONG,11000,2,,,{'id': 152508}
1200741358,VERY_LONG,5000,4,,,{'id': 6289}
1200741361,VERY_LONG,2900,3,,,{'id': 5503}
1200741363,VERY_LONG,49900,9,,,{'id': 2672}
1200741365,VERY_LONG,1000,7,,,{'id': 154898}
1200741368,VERY_LONG,1000,4,,,{'id': 154897}
1200741370,VERY_LONG,300,6,,,{'id': 154722}
1200741372,VERY_LONG,900,2,,,{'id': 154165}
1200741373,VERY_LONG,47600,11,,,{'id': 154164}
1200741374,VERY_LONG,8500,7,,,{'id': 152631}
1200741376,VERY_LONG,29900,18,,,{'id': 152541}
1200741377,VERY_LONG,600,8,,,{'id': 1468}
1200741626,LONG,6489600,14,,,{'id': 76131}
1200741627,LONG,,1,27899000,,"{'id': 70138, 'context': 0}"
1200741628,LONG,2474600,50,,,{'id': 175970}
1200741629,LONG,,1,69142600,,"{'id': 138792, 'context': 13}"
1200741630,LONG,,1,68969900,,"{'id': 54446, 'context': 0}"
1200741632,LONG,,1,50298400,,"{'id': 173428, 'context': 13, 'modifiers': [{'type': 29, 'value': 36}, {'type': 30, 'value': 32}]}"
1200741633,LONG,,1,25362000,,"{'id': 173194, 'context': 0, 'bonus_lists': [6887, 7224], 'modifiers': [{'type': 9, 'value': 54}, {'type': 28, 'value': 391}, {'type': 29, 'value': 32}, {'type': 30, 'value': 36}]}"
1200741634,LONG,870000,10,,,{'id': 171291}
1200741635,LONG,3189100,57,,,{'id': 171349}
1200741636,LONG,401600,50,,,{'id': 173059}
1200741637,LONG,550000,8,,,{'id': 172414}
1200741638,LONG,44948000,1,,,{'id': 128315}
1200741639,LONG,2530200,50,,,{'id': 54849}
1200741640,LONG,,1,39470000,,"{'id': 138790, 'context': 13}"
1200741641,LONG,2539900,47,,,{'id': 23445}
1200741642,VERY_LONG,6744000,20,,,{'id': 58488}
1200741643,LONG,,1,30990000,,"{'id': 138793, 'context': 13}"
1200741644,LONG,,1,8009400,,"{'id': 116261, 'context': 0}"
1200741645,LONG,,1,8000000,,"{'id': 116260, 'context': 0}"
1200741646,LONG,,1,124740000,,"{'id': 138789, 'context': 13}"
1200741648,LONG,,1,34700000,,"{'id': 138791, 'context': 13}"
1200741649,LONG,,1,145258400,,"{'id': 138794, 'context': 13}"
1200741650,LONG,,1,35000200,,"{'id': 138795, 'context': 13}"
1200741651,LONG,14513000,10,,,{'id': 173053}
1200741653,LONG,8004500,17,,,{'id': 173160}
1200741654,LONG,18799000,116,,,{'id': 58480}
1200741655,LONG,4953000,10,,,{'id': 173049}
1200741656,VERY_LONG,100000,25,,,{'id': 109138}
1200741659,LONG,,1,126312500,,"{'id': 138787, 'context': 13}"
1200741660,LONG,290000,20,,,{'id': 171268}
1200741661,LONG,354900,52,,,{'id': 52328}
1200741662,LONG,26499700,5,,,{'id': 172365}
1200741663,LONG,1009500,10,,,{'id': 171290}
1200741664,LONG,3006300,60,,,{'id': 171273}
1200741665,LONG,280000,30,,,{'id': 171286}
1200741666,LONG,1939700,20,,,{'id': 36860}
1200741667,LONG,30500000,7,,,{'id': 173048}
1200741669,LONG,15996500,19,,,{'id': 173163}
1200741670,LONG,,1,20000000,,"{'id': 180755, 'context': 13}"
1200741671,LONG,,1,26746200,,"{'id': 173142, 'context': 13, 'bonus_lists': [3377, 7224], 'modifiers': [{'type': 9, 'value': 55}]}"
1200741672,LONG,,1,13000000,,"{'id': 41984, 'context': 0, 'bonus_lists': [6883]}"
1200741674,LONG,780000,42,,,{'id': 23446}
1200741675,LONG,28466600,1,,,{'id': 172043}
1200741676,LONG,1348700,10,,,{'id': 177661}
1200741677,LONG,2108800,11,,,{'id': 172411}
1200741678,LONG,,1,25489500,,"{'id': 173193, 'context': 0, 'bonus_lists': [6890, 7224], 'modifiers': [{'type': 9, 'value': 54}, {'type': 28, 'value': 391}, {'type': 29, 'value': 32}, {'type': 30, 'value': 40}]}"
1200741679,LONG,,1,1308865000,,"{'id': 45861, 'context': 0}"
1200741680,LONG,451000,15,,,{'id': 172406}
1200741681,LONG,,1,14695300,,"{'id': 54445, 'context': 0}"
1200741683,LONG,3768700,50,,,{'id': 76139}
1200741684,LONG,1840000,25,,,{'id': 36913}
1200741685,LONG,2000100,14,,,{'id': 172410}
1200741686,LONG,2642300,9,,,{'id': 172412}
1200741835,LONG,425000,3087,,,{'id': 170554}
1200741837,LONG,1494400,136,,,{'id': 171833}
1200741838,LONG,510000,514,,,{'id': 171315}
1200741839,LONG,161700,844,,,{'id': 171831}
1200741848,VERY_LONG,1999900,1,,,{'id': 153442}
1200741849,VERY_LONG,50000,15,,,{'id': 173110}
1200741850,VERY_LONG,,1,2000000,,"{'id': 71640, 'context': 0}"
1200741851,VERY_LONG,,1,2000000,,"{'id': 71640, 'context': 0}"
1200741852,VERY_LONG,184600,2,,,{'id': 153431}
1200741853,VERY_LONG,7390000,13,,,{'id': 173161}
1200741854,VERY_LONG,,1,81001900,,"{'id': 90725, 'context': 0}"
1200741855,VERY_LONG,,1,214080100,,"{'id': 116515, 'context': 0, 'bonus_lists': [47]}"
1200741856,VERY_LONG,130000,25,,,{'id': 173130}
1200741857,VERY_LONG,,1,45893800,,"{'id': 24840, 'context': 22, 'bonus_lists': [6654, 1709], 'modifiers': [{'type': 9, 'value': 30}, {'type': 28, 'value': 1066}]}"
1200741858,VERY_LONG,290000,5,,,{'id': 153439}
1200741859,VERY_LONG,,1,499900,,"{'id': 30307, 'context': 0}"
1200741860,VERY_LONG,37600,50,,,{'id': 173109}
1200741861,VERY_LONG,5659700,50,,,{'id': 173170}
1200741862,VERY_LONG,15996500,8,,,{'id': 173163}
1200741864,VERY_LONG,,1,13999700,,"{'id': 69957, 'context': 0}"
1200741866,VERY_LONG,8322500,50,,,{'id': 173171}
1200741867,VERY_LONG,1999700,1,,,{'id': 136375}
1200741869,VERY_LONG,,1,214686700,,"{'id': 69965, 'context': 5}"
1200741871,VERY_LONG,,1,18696300,,"{'id': 25124, 'context': 0, 'bonus_lists': [6655, 1691], 'modifiers': [{'type': 9, 'value': 30}, {'type': 28, 'value': 1008}]}"
1200741872,VERY_LONG,65300,25,,,{'id': 153440}
1200741874,VERY_LONG,,1,27808900,,"{'id': 55789, 'context': 0}"
1200741876,VERY_LONG,,1,129401600,,"{'id': 67140, 'context': 0, 'bonus_lists': [6660], 'modifiers': [{'type': 9, 'value': 35}, {'type': 28, 'value': 54}]}"
1200741877,VERY_LONG,2108800,4,,,{'id': 172411}
1200741879,VERY_LONG,,1,4000000,,"{'id': 25304, 'context': 0, 'bonus_lists': [6655, 1693], 'modifiers': [{'type': 9, 'value': 30}, {'type': 28, 'value': 43}]}"
1200741881,VERY_LONG,,1,17576600,,"{'id': 69876, 'context': 0, 'bonus_lists': [6694], 'modifiers': [{'type': 9, 'value': 35}, {'type': 28, 'value': 54}]}"
1200741882,VERY_LONG,6760000,11,,,{'id': 173162}
1200741884,VERY_LONG,,1,44000000,,"{'id': 69966, 'context': 0}"
1200741887,VERY_LONG,,1,65999900,,"{'id': 69971, 'context': 0}"
1200741889,VERY_LONG,9996900,1,,,{'id': 87577}
1200741890,VERY_LONG,4953000,25,,,{'id': 173049}
1200741892,VERY_LONG,,1,115467100,,"{'id': 31284, 'context': 0, 'bonus_lists': [6658], 'modifiers': [{'type': 9, 'value': 30}, {'type': 28, 'value': 43}]}"
1200741894,VERY_LONG,,1,114004200,,"{'id': 116474, 'context': 28, 'bonus_lists': [3875, 57, 550], 'modifiers': [{'type': 9, 'value': 38}]}"
1200741895,VERY_LONG,,1,38697000,,"{'id': 24961, 'context': 22, 'bonus_lists': [6654, 1678], 'modifiers': [{'type': 9, 'value': 30}, {'type': 28, 'value': 1066}]}"
1200741897,VERY_LONG,40000,50,,,{'id': 173108}
1200741899,VERY_LONG,,1,18485500,,"{'id': 116633, 'context': 0, 'bonus_lists': [87, 550]}"
1200741900,VERY_LONG,,1,200006900,,"{'id': 164417, 'context': 11}"
1200741901,VERY_LONG,98500,2,,,{'id': 153441}
1200741904,VERY_LONG,,1,148841000,,"{'id': 116509, 'context': 0, 'bonus_lists': [120]}"
1200741908,VERY_LONG,,1,54190200,,"{'id': 82800, 'context': 0, 'modifiers': [{'type': 6, 'value': 42430}], 'pet_breed_id': 14, 'pet_level': 1, 'pet_quality_id': 3, 'pet_species_id': 1518}"
1200741920,VERY_LONG,,1,1690000000,,"{'id': 52496, 'context': 0, 'modifiers': [{'type': 28, 'value': 56}]}"
1200741932,VERY_LONG,,1,1690000000,,"{'id': 52494, 'context': 0, 'modifiers': [{'type': 28, 'value': 56}]}"
1200741949,VERY_LONG,,1,500690000,,"{'id': 164341, 'context': 11, 'modifiers': [{'type': 28, 'value': 644}]}"
1200741952,VERY_LONG,,1,107452900,,"{'id': 164415, 'context': 11}"
1200741957,VERY_LONG,,1,99996900,,"{'id': 166487, 'context': 11}"
1200741963,VERY_LONG,,1,50000000,,"{'id': 164346, 'context': 11}"
1200741967,VERY_LONG,,1,49126900,,"{'id': 82800, 'context': 0, 'modifiers': [{'type': 6, 'value': 31722}], 'pet_breed_id': 3, 'pet_level': 1, 'pet_quality_id': 3, 'pet_species_id': 253}"
1200741975,VERY_LONG,,1,299990000,,"{'id': 1973, 'context': 0}"
1200741980,VERY_LONG,,1,300006900,,"{'id': 130167, 'context': 11}"
1200741985,VERY_LONG,,1,179256900,,"{'id': 164408, 'context': 11}"
1200741992,VERY_LONG,,1,102233500,,"{'id': 164355, 'context': 11}"
1200742003,VERY_LONG,,1,50006900,,"{'id': 163938, 'context': 54, 'bonus_lists': [42, 1472, 4786]}"
1200744324,VERY_LONG,,1,990000,,"{'id': 6336, 'context': 0, 'bonus_lists': [6654, 1705], 'modifiers': [{'type': 9, 'value': 14}, {'type': 28, 'value': 73}]}"
1200744556,VERY_LONG,732200,1052,,,{'id': 172094}
1200744560,VERY_LONG,402500,323,,,{'id': 172096}
1200744562,VERY_LONG,5572500,103,,,{'id': 172097}
1200744564,VERY_LONG,350100,559,,,{'id': 172053}
1200744566,VERY_LONG,2500,311,,,{'id': 179315}
1200744761,VERY_LONG,2500,55,,,{'id': 179315}
1200744762,VERY_LONG,402500,84,,,{'id': 172096}
1200744763,VERY_LONG,732200,244,,,{'id': 172094}
1200747339,VERY_LONG,7650000,7,,,{'id': 181468}
1200747566,VERY_LONG,35000,3,,,{'id': 171841}
1200747569,VERY_LONG,2500,4,,,{'id': 179315}
1200747575,VERY_LONG,13500,4,,,{'id': 172054}
1200747584,VERY_LONG,210900,1,,,{'id': 173037}
1200747620,VERY_LONG,500,88,,,{'id': 171840}
1200750328,LONG,,1,229990000,,"{'id': 171417, 'context': 65, 'bonus_lists': [6718, 1522]}"
1200750341,LONG,,1,444136000,,"{'id': 164327, 'context': 11}"
1200750342,LONG,,1,9800000,,"{'id': 180751, 'context': 13}"
1200750343,LONG,5980000,20,,,{'id': 172347}
1200750345,LONG,600000,20,,,{'id': 172346}
1200750347,LONG,1239000,20,,,{'id': 172233}
1200750356,LONG,584800,20,,,{'id': 172049}
1200750359,LONG,680000,20,,,{'id': 172047}
1200750360,LONG,998800,12,,,{'id': 172045}
1200750361,LONG,19190000,10,,,{'id': 172043}
1200750362,LONG,7196300,5,,,{'id': 172042}
1200750366,LONG,3426800,5,,,{'id': 171352}
1200750367,LONG,3189100,20,,,{'id': 171349}
1200750368,LONG,295000,5,,,{'id': 171301}
1200750370,LONG,280000,20,,,{'id': 171286}
1200750373,LONG,381200,20,,,{'id': 171285}
1200750374,LONG,3000500,5,,,{'id': 171278}
1200750381,LONG,2000300,20,,,{'id': 171275}
1200750383,LONG,3006300,20,,,{'id': 171273}
1200750385,LONG,659300,20,,,{'id': 171269}
1200750386,LONG,290000,20,,,{'id': 171268}
1200750394,LONG,1259300,20,,,{'id': 171266}
1200750399,LONG,1700000,2,,,{'id': 171428}
1200750401,LONG,870000,2,,,{'id': 171291}
1200750402,LONG,1009500,2,,,{'id': 171290}
1200750404,LONG,,1,70002900,,"{'id': 82800, 'context': 0, 'modifiers': [{'type': 6, 'value': 45939}], 'pet_breed_id': 12, 'pet_level': 1, 'pet_quality_id': 3, 'pet_species_id': 337}"
1200750405,LONG,,1,64989500,,"{'id': 82800, 'context': 0, 'modifiers': [{'type': 6, 'value': 88019}], 'pet_breed_id': 21, 'pet_level': 1, 'pet_quality_id': 3, 'pet_species_id': 2696}"
1200750406,LONG,,1,40004400,,"{'id': 82800, 'context': 0, 'modifiers': [{'type': 6, 'value': 90513}], 'pet_breed_id': 21, 'pet_level': 1, 'pet_quality_id': 3, 'pet_species_id': 2694}"
1200750407,LONG,,1,55758000,,"{'id': 82800, 'context': 0, 'modifiers': [{'type': 6, 'value': 87903}], 'pet_breed_id': 3, 'pet_level': 1, 'pet_quality_id': 3, 'pet_species_id': 2437}"
1200750411,LONG,,1,7999900,,"{'id': 82800, 'context': 0, 'modifiers': [{'type': 6, 'value': 48056}], 'pet_breed_id': 10, 'pet_level': 1, 'pet_quality_id': 3, 'pet_species_id': 1212}"
1200750412,LONG,,1,52950000,,"{'id': 116690, 'context': 11}"
1200750414,LONG,9895100,10,,,{'id': 171276}
1200750675,VERY_LONG,15009200,27,,,{'id': 172438}
1200756127,VERY_LONG,35000,6,,,{'id': 152875}
1200756129,VERY_LONG,71000,1,,,{'id': 152577}
1200756154,VERY_LONG,3003500,10,,,{'id': 172415}
1200756158,VERY_LONG,799300,1,,,{'id': 177715}
1200756159,VERY_LONG,3129500,4,,,{'id': 172419}
1200756162,VERY_LONG,2149500,8,,,{'id': 183738}
1200756164,VERY_LONG,149500,4,,,{'id': 177716}
1200756165,VERY_LONG,569200,2,,,{'id': 172418}
1200756166,VERY_LONG,197500,5,,,{'id': 172357}
1200756169,VERY_LONG,6989500,1,,,{'id': 12363}
1200756177,VERY_LONG,1493900,172,,,{'id': 171833}
1200756180,VERY_LONG,509500,8,,,{'id': 171315}
1200756191,VERY_LONG,402000,1,,,{'id': 172096}
1200756600,VERY_LONG,7650000,7,,,{'id': 181468}
1200756602,VERY_LONG,38960000,2,,,{'id': 180445}
1200756620,VERY_LONG,,1,99000000,,"{'id': 82800, 'context': 0, 'modifiers': [{'type': 6, 'value': 99916}], 'pet_breed_id': 3, 'pet_level': 1, 'pet_quality_id': 2, 'pet_species_id': 2959}"
1200756622,VERY_LONG,,1,49950000,,"{'id': 82800, 'context': 0, 'modifiers': [{'type': 6, 'value': 98477}], 'pet_breed_id': 8, 'pet_level': 1, 'pet_quality_id': 2, 'pet_species_id': 3064}"
1200756625,VERY_LONG,,1,84999100,,"{'id': 82800, 'context': 0, 'modifiers': [{'type': 6, 'value': 51267}], 'pet_breed_id': 16, 'pet_level': 1, 'pet_quality_id': 3, 'pet_species_id': 1332}"
1200756628,VERY_LONG,,1,55340000,,"{'id': 82800, 'context': 0, 'modifiers': [{'type': 6, 'value': 69489}], 'pet_breed_id': 10, 'pet_level': 1, 'pet_quality_id': 3, 'pet_species_id': 1700}"
1200756795,VERY_LONG,,1,2000000,,"{'id': 39896, 'context': 0, 'modifiers': [{'type': 28, 'value': 49}]}"
1200756796,VERY_LONG,,1,2000000,,"{'id': 39896, 'context': 0, 'modifiers': [{'type': 28, 'value': 49}]}"
1200756797,VERY_LONG,,1,2000000,,"{'id': 39896, 'context': 0, 'modifiers': [{'type': 28, 'value': 49}]}"
1200756812,VERY_LONG,,1,3000000,,"{'id': 39899, 'context': 0, 'modifiers': [{'type': 28, 'value': 49}]}"
1200756813,VERY_LONG,,1,3000000,,"{'id': 39899, 'context': 0, 'modifiers': [{'type': 28, 'value': 49}]}"
1200756814,VERY_LONG,,1,3000000,,"{'id': 39899, 'context': 0, 'modifiers': [{'type': 28, 'value': 49}]}"
1200756829,VERY_LONG,,1,1400000,,"{'id': 82800, 'context': 0, 'modifiers': [{'type': 6, 'value': 28215}], 'pet_breed_id': 9, 'pet_level': 1, 'pet_quality_id': 2, 'pet_species_id': 195}"
1200756873,VERY_LONG,,1,1500000,,"{'id': 82800, 'context': 0, 'modifiers': [{'type': 6, 'value': 98459}], 'pet_breed_id': 15, 'pet_level': 1, 'pet_quality_id': 2, 'pet_species_id': 3022}"
1200756914,VERY_LONG,,1,1500000,,"{'id': 82800, 'context': 0, 'modifiers': [{'type': 6, 'value': 98459}], 'pet_breed_id': 5, 'pet_level': 1, 'pet_quality_id': 2, 'pet_species_id': 3022}"
1200756923,VERY_LONG,,1,250000,,"{'id': 82800, 'context': 0, 'modifiers': [{'type': 6, 'value': 99900}], 'pet_breed_id': 18, 'pet_level': 1, 'pet_quality_id': 2, 'pet_species_id': 2909}"
1200756924,VERY_LONG,,1,250000,,"{'id': 82800, 'context': 0, 'modifiers': [{'type': 6, 'value': 99900}], 'pet_breed_id': 18, 'pet_level': 1, 'pet_quality_id': 2, 'pet_species_id': 2909}"
1200756938,VERY_LONG,,1,279990000,,"{'id': 173242, 'context': 66, 'bonus_lists': [6758, 1532]}"
1200756947,VERY_LONG,,1,1330000,,"{'id': 177807, 'context': 0, 'bonus_lists': [6706], 'modifiers': [{'type': 9, 'value': 55}, {'type': 28, 'value': 746}]}"
1200756957,VERY_LONG,,1,480000,,"{'id': 82800, 'context': 0, 'modifiers': [{'type': 6, 'value': 61547}], 'pet_breed_id': 8, 'pet_level': 1, 'pet_quality_id': 2, 'pet_species_id': 1540}"
1200756970,VERY_LONG,,1,360000,,"{'id': 82800, 'context': 0, 'modifiers': [{'type': 6, 'value': 6190}], 'pet_breed_id': 3, 'pet_level': 1, 'pet_quality_id': 2, 'pet_species_id': 51}"
1200757010,VERY_LONG,,1,5000000,,"{'id': 173134, 'context': 13, 'bonus_lists': [6649], 'modifiers': [{'type': 29, 'value': 49}]}"
1200757040,VERY_LONG,,1,16000000,,"{'id': 82800, 'context': 0, 'modifiers': [{'type': 6, 'value': 28217}], 'pet_breed_id': 7, 'pet_level': 1, 'pet_quality_id': 2, 'pet_species_id': 196}"
1200757090,VERY_LONG,,1,570000,,"{'id': 82800, 'context': 0, 'modifiers': [{'type': 6, 'value': 71827}], 'pet_breed_id': 14, 'pet_level': 1, 'pet_quality_id': 3, 'pet_species_id': 1921}"
1200757100,VERY_LONG,,1,50000,,"{'id': 82800, 'context': 0, 'modifiers': [{'type': 6, 'value': 66157}], 'pet_breed_id': 13, 'pet_level': 1, 'pet_quality_id': 3, 'pet_species_id': 1804}"
1200758109,VERY_LONG,,1,2500000,,"{'id': 82800, 'context': 0, 'pet_breed_id': 13, 'pet_level': 1, 'pet_quality_id': 3, 'pet_species_id': 1952}"
1200758112,LONG,350100,7,,,{'id': 172053}
1200758113,VERY_LONG,,1,900000,,"{'id': 82800, 'context': 0, 'modifiers': [{'type': 6, 'value': 45289}], 'pet_breed_id': 18, 'pet_level': 1, 'pet_quality_id': 3, 'pet_species_id': 2087}"
1200758121,LONG,87700,1002,,,{'id': 169701}
1200758124,LONG,1493900,43,,,{'id': 171833}
1200758126,VERY_LONG,1000000,1,,,{'id': 173074}
1200758127,LONG,75500,1055,,,{'id': 171828}
1200758133,LONG,486600,1,,,{'id': 173204}
1200758139,LONG,150000,640,,,{'id': 171830}
1200758142,VERY_LONG,190000,1,,,{'id': 171271}
1200758143,LONG,500,212,,,{'id': 171840}
1200758149,LONG,71800,9,,,{'id': 179314}
1200758159,LONG,510000,122,,,{'id': 171315}
1200758161,VERY_LONG,,1,30000000,,"{'id': 82800, 'context': 0, 'modifiers': [{'type': 6, 'value': 69254}], 'pet_breed_id': 22, 'pet_level': 1, 'pet_quality_id': 3, 'pet_species_id': 1885}"
1200758164,LONG,10000,4,,,{'id': 179315}
1200758171,LONG,388800,864,,,{'id': 168589}
1200758172,VERY_LONG,,1,6000000,,"{'id': 82800, 'context': 0, 'modifiers': [{'type': 6, 'value': 99917}], 'pet_breed_id': 15, 'pet_level': 1, 'pet_quality_id': 2, 'pet_species_id': 3008}"
1200758174,LONG,39200,31,,,{'id': 171841}
1200758180,VERY_LONG,,1,30000000,,"{'id': 82800, 'context': 0, 'modifiers': [{'type': 6, 'value': 99896}], 'pet_breed_id': 4, 'pet_level': 1, 'pet_quality_id': 2, 'pet_species_id': 2921}"
1200758188,VERY_LONG,,1,3000000,,"{'id': 182561, 'context': 11, 'bonus_lists': [6706, 6652], 'modifiers': [{'type': 9, 'value': 59}, {'type': 28, 'value': 1324}]}"
1200758194,VERY_LONG,,1,6000000,,"{'id': 82800, 'context': 0, 'modifiers': [{'type': 6, 'value': 57825}], 'pet_breed_id': 20, 'pet_level': 1, 'pet_quality_id': 3, 'pet_species_id': 1434}"
1200758632,VERY_LONG,35500,5,,,{'id': 128650}
1200758633,VERY_LONG,,1,3003300,,"{'id': 82800, 'context': 0, 'modifiers': [{'type': 6, 'value': 59602}], 'pet_breed_id': 8, 'pet_level': 1, 'pet_quality_id': 2, 'pet_species_id': 1532}"
1200758634,VERY_LONG,,1,3003300,,"{'id': 82800, 'context': 0, 'modifiers': [{'type': 6, 'value': 59602}], 'pet_breed_id': 8, 'pet_level': 1, 'pet_quality_id': 2, 'pet_species_id': 1532}"
1200758636,VERY_LONG,,1,1500000,,"{'id': 82800, 'context': 0, 'modifiers': [{'type': 6, 'value': 98459}], 'pet_breed_id': 5, 'pet_level': 1, 'pet_quality_id': 2, 'pet_species_id': 3022}"
1200758638,VERY_LONG,71300,5,,,{'id': 21213}
1200758639,VERY_LONG,,1,560900,,"{'id': 1725, 'context': 0}"
1200758641,VERY_LONG,,1,560900,,"{'id': 1725, 'context': 0}"
1200760951,VERY_LONG,,1,17500000,,"{'id': 173249, 'context': 64, 'bonus_lists': [6717, 7194, 1507]}"
1200760952,VERY_LONG,,1,17500000,,"{'id': 173249, 'context': 64, 'bonus_lists': [6717, 7193, 1507]}"
1200760953,VERY_LONG,,1,17500000,,"{'id': 173249, 'context': 64, 'bonus_lists': [6717, 7194, 1507]}"
1200760954,VERY_LONG,,1,17500000,,"{'id': 173249, 'context': 64, 'bonus_lists': [6717, 7193, 1507]}"
1200760955,VERY_LONG,,1,17500000,,"{'id': 173249, 'context': 64, 'bonus_lists': [6717, 7194, 1507]}"
1200760978,VERY_LONG,,1,35000000,,"{'id': 173249, 'context': 65, 'bonus_lists': [6718, 7193, 1522]}"
1200760980,VERY_LONG,,1,35000000,,"{'id': 173249, 'context': 65, 'bonus_lists': [6718, 7193, 1522]}"
1200760981,VERY_LONG,,1,35000000,,"{'id': 173249, 'context': 65, 'bonus_lists': [6718, 7194, 1522]}"
1200762891,VERY_LONG,,1,350000000,,"{'id': 172327, 'context': 65, 'bonus_lists': [6718, 1522]}"
1200762996,VERY_LONG,,1,8052200,,"{'id': 14166, 'context': 1, 'bonus_lists': [6654, 1678], 'modifiers': [{'type': 9, 'value': 30}, {'type': 28, 'value': 8}]}"
1200762997,VERY_LONG,,1,6023300,,"{'id': 12044, 'context': 1, 'bonus_lists': [6654, 1692], 'modifiers': [{'type': 9, 'value': 30}, {'type': 28, 'value': 201}]}"
1200762998,VERY_LONG,,1,6182500,,"{'id': 3651, 'context': 1, 'bonus_lists': [6655], 'modifiers': [{'type': 9, 'value': 30}, {'type': 28, 'value': 202}]}"
1200762999,VERY_LONG,,1,132414700,,"{'id': 9942, 'context': 1, 'bonus_lists': [6654, 1678], 'modifiers': [{'type': 9, 'value': 30}, {'type': 28, 'value': 201}]}"
1200763000,VERY_LONG,,1,4146200,,"{'id': 3195, 'context': 1, 'bonus_lists': [6655, 1679], 'modifiers': [{'type': 9, 'value': 30}, {'type': 28, 'value': 202}]}"
1200763001,VERY_LONG,,1,4446100,,"{'id': 10179, 'context': 1, 'bonus_lists': [6654, 1707], 'modifiers': [{'type': 9, 'value': 30}, {'type': 28, 'value': 201}]}"
1200763002,VERY_LONG,,1,4475300,,"{'id': 3740, 'context': 1, 'bonus_lists': [6655, 1706], 'modifiers': [{'type': 9, 'value': 30}, {'type': 28, 'value': 215}]}"
1200763003,VERY_LONG,,1,3249600,,"{'id': 15271, 'context': 1, 'bonus_lists': [6655, 1706], 'modifiers': [{'type': 9, 'value': 30}, {'type': 28, 'value': 201}]}"
1200764207,VERY_LONG,1493900,6,,,{'id': 171833}
1200764209,VERY_LONG,87700,123,,,{'id': 169701}
1200764214,VERY_LONG,75500,478,,,{'id': 171828}
1200764222,VERY_LONG,466600,2,,,{'id': 173204}
1200764226,VERY_LONG,509500,17,,,{'id': 171315}
1200764228,VERY_LONG,161700,142,,,{'id': 171831}
1200764231,VERY_LONG,425000,104,,,{'id': 170554}
1200764233,VERY_LONG,12800,17,,,{'id': 177061}
1200764273,VERY_LONG,,1,35000000,,"{'id': 173249, 'context': 65, 'bonus_lists': [6718, 7194, 1522]}"
1200764275,VERY_LONG,,1,35000000,,"{'id': 173249, 'context': 65, 'bonus_lists': [6718, 7194, 1522]}"
1200764276,VERY_LONG,,1,35000000,,"{'id': 173249, 'context': 65, 'bonus_lists': [6718, 7193, 1522]}"
1200764655,VERY_LONG,87700,5555,,,{'id': 169701}
1200764665,LONG,,1,279990000,,"{'id': 173242, 'context': 66, 'bonus_lists': [6758, 1532]}"
1200764671,VERY_LONG,477800,5555,,,{'id': 168589}
1200764693,VERY_LONG,,1,300000000,,"{'id': 172318, 'context': 65, 'bonus_lists': [6718, 1522]}"
1200764699,VERY_LONG,19000,419,,,{'id': 2996}
1200764700,VERY_LONG,456800,150,,,{'id': 172051}
1200764701,VERY_LONG,54500,45,,,{'id': 36917}
1200764702,VERY_LONG,35900,4600,,,{'id': 172935}
1200764703,VERY_LONG,,1,245000000,,"{'id': 172318, 'context': 64, 'bonus_lists': [6717, 1507]}"
1200764704,VERY_LONG,1200,2200,,,{'id': 171840}
1200764705,VERY_LONG,1042100,40,,,{'id': 172920}
1200764706,VERY_LONG,8900,4000,,,{'id': 172052}
1200764707,VERY_LONG,,1,2756500,,"{'id': 82800, 'context': 0, 'modifiers': [{'type': 6, 'value': 45880}], 'pet_breed_id': 6, 'pet_level': 1, 'pet_quality_id': 3, 'pet_species_id': 211}"
1200764709,VERY_LONG,7300,1160,,,{'id': 173032}
1200764711,VERY_LONG,3500,4951,,,{'id': 152542}
1200764714,VERY_LONG,355400,9,,,{'id': 159466}
1200764715,VERY_LONG,,1,59995000,,"{'id': 172318, 'context': 63, 'bonus_lists': [6716, 1487]}"
1200764719,VERY_LONG,,1,350000000,,"{'id': 172317, 'context': 64, 'bonus_lists': [6717, 7194, 1507]}"
1200764885,VERY_LONG,1239500,321,,,{'id': 171315}
1200764908,VERY_LONG,707200,234,,,{'id': 171315}
1200765000,VERY_LONG,661300,3333,,,{'id': 168589}
1200765012,VERY_LONG,388800,1111,,,{'id': 168589}
1200766104,VERY_LONG,777700,974,,,{'id': 171831}
1200766126,VERY_LONG,425000,677,,,{'id': 170554}
1200766137,VERY_LONG,959500,966,,,{'id': 171830}
1200766141,VERY_LONG,1200,3200,,,{'id': 171840}
1200766142,VERY_LONG,8900,7800,,,{'id': 172052}
1200766143,VERY_LONG,,1,1755400,,"{'id': 82800, 'context': 0, 'modifiers': [{'type': 6, 'value': 79797}], 'pet_breed_id': 4, 'pet_level': 1, 'pet_quality_id': 3, 'pet_species_id': 2119}"
1200766144,VERY_LONG,,1,8277600,,"{'id': 82800, 'context': 0, 'modifiers': [{'type': 6, 'value': 65130}], 'pet_breed_id': 21, 'pet_level': 1, 'pet_quality_id': 2, 'pet_species_id': 1727}"
1200766146,VERY_LONG,4500,1200,,,{'id': 14047}
1200766147,VERY_LONG,155500,1,,,{'id': 4404}
1200766150,VERY_LONG,240000,47,,,{'id': 173130}
1200766151,VERY_LONG,3500,3200,,,{'id': 152542}
1200766152,VERY_LONG,1042100,57,,,{'id': 172920}
1200766154,VERY_LONG,,1,5763900,,"{'id': 82800, 'context': 0, 'modifiers': [{'type': 6, 'value': 5586}], 'pet_breed_id': 4, 'pet_level': 1, 'pet_quality_id': 2, 'pet_species_id': 41}"
1200766156,VERY_LONG,40000,175,,,{'id': 152497}
1200766157,VERY_LONG,35900,47,,,{'id': 172935}
1200766158,VERY_LONG,,1,699000,,"{'id': 82800, 'context': 0, 'modifiers': [{'type': 6, 'value': 19985}], 'pet_breed_id': 12, 'pet_level': 1, 'pet_quality_id': 2, 'pet_species_id': 140}"
1200766159,VERY_LONG,,1,699000,,"{'id': 82800, 'context': 0, 'modifiers': [{'type': 6, 'value': 19985}], 'pet_breed_id': 4, 'pet_level': 1, 'pet_quality_id': 2, 'pet_species_id': 140}"
1200766161,VERY_LONG,,1,699000,,"{'id': 82800, 'context': 0, 'modifiers': [{'type': 6, 'value': 19985}], 'pet_breed_id': 4, 'pet_level': 1, 'pet_quality_id': 2, 'pet_species_id': 140}"
1200766180,VERY_LONG,258800,9912,,,{'id': 168586}
1200766203,VERY_LONG,509500,1374,,,{'id': 171315}
1200766219,VERY_LONG,75500,2101,,,{'id': 171828}
1200766235,VERY_LONG,87700,1633,,,{'id': 169701}
1200766251,VERY_LONG,139500,2302,,,{'id': 171829}
1200766260,VERY_LONG,258800,1600,,,{'id': 168586}
1200766427,LONG,,1,249900,,"{'id': 17722, 'context': 11}"
1200766432,LONG,502000,1,,,{'id': 173080}
1200766437,LONG,,1,8009400,,"{'id': 82800, 'context': 0, 'modifiers': [{'type': 6, 'value': 28502}], 'pet_breed_id': 5, 'pet_level': 1, 'pet_quality_id': 3, 'pet_species_id': 1511}"
1200766442,LONG,22000000,2,,,{'id': 180457}
1200766444,LONG,7650000,6,,,{'id': 181468}
1200766449,LONG,365900,12,,,{'id': 173033}
1200766452,LONG,2953400,2,,,{'id': 124116}
1200766465,VERY_LONG,,1,5999900,,"{'id': 82800, 'context': 0, 'modifiers': [{'type': 6, 'value': 90422}], 'pet_breed_id': 16, 'pet_level': 1, 'pet_quality_id': 2, 'pet_species_id': 2526}"
1200766467,VERY_LONG,4500,4600,,,{'id': 14047}
1200766468,VERY_LONG,456800,612,,,{'id': 172051}
1200766469,VERY_LONG,1200,3000,,,{'id': 171840}
1200766470,VERY_LONG,319200,118,,,{'id': 74842}
1200766471,VERY_LONG,53000,5683,,,{'id': 179314}
1200766472,VERY_LONG,226900,324,,,{'id': 153636}
1200766474,VERY_LONG,619800,113,,,{'id': 173127}
1200766475,VERY_LONG,,1,3978800,,"{'id': 82800, 'context': 0, 'modifiers': [{'type': 6, 'value': 61548}], 'pet_breed_id': 5, 'pet_level': 1, 'pet_quality_id': 2, 'pet_species_id': 1538}"
1200766477,VERY_LONG,,1,3978800,,"{'id': 82800, 'context': 0, 'modifiers': [{'type': 6, 'value': 61548}], 'pet_breed_id': 5, 'pet_level': 1, 'pet_quality_id': 2, 'pet_species_id': 1538}"
1200766478,VERY_LONG,2642300,25,,,{'id': 172412}
1200766505,VERY_LONG,258800,2560,,,{'id': 168586}
1200766507,VERY_LONG,75500,969,,,{'id': 171828}
1200766508,VERY_LONG,139500,544,,,{'id': 171829}
1200766510,VERY_LONG,509500,193,,,{'id': 171315}
1200766512,VERY_LONG,87700,1730,,,{'id': 169701}
1200766514,VERY_LONG,1493900,74,,,{'id': 171833}
1200766654,VERY_LONG,4500,4989,,,{'id': 14047}
1200766656,VERY_LONG,,1,8277600,,"{'id': 82800, 'context': 0, 'modifiers': [{'type': 6, 'value': 65130}], 'pet_breed_id': 21, 'pet_level': 1, 'pet_quality_id': 2, 'pet_species_id': 1727}"
1200766657,VERY_LONG,456800,20,,,{'id': 172051}
1200766658,VERY_LONG,1200,8000,,,{'id': 171840}
1200766662,VERY_LONG,,1,26000000,,"{'id': 82800, 'context': 0, 'modifiers': [{'type': 6, 'value': 66212}], 'pet_breed_id': 22, 'pet_level': 1, 'pet_quality_id': 3, 'pet_species_id': 1808}"
1200766667,VERY_LONG,1042100,30,,,{'id': 172920}
1200766669,VERY_LONG,23000,20,,,{'id': 172048}
1200766671,VERY_LONG,634900,188,,,{'id': 173129}
1200766672,VERY_LONG,,1,4672000,,"{'id': 82800, 'context': 0, 'modifiers': [{'type': 6, 'value': 71972}], 'pet_breed_id': 8, 'pet_level': 1, 'pet_quality_id': 3, 'pet_species_id': 2091}"
1200766674,VERY_LONG,,1,4672000,,"{'id': 82800, 'context': 0, 'modifiers': [{'type': 6, 'value': 71972}], 'pet_breed_id': 8, 'pet_level': 1, 'pet_quality_id': 3, 'pet_species_id': 2091}"
1200766676,VERY_LONG,3500,1800,,,{'id': 152542}
1200766679,VERY_LONG,,1,10008600,,"{'id': 82800, 'context': 0, 'pet_breed_id': 15, 'pet_level': 1, 'pet_quality_id': 3, 'pet_species_id': 1412}"
1200766681,VERY_LONG,,1,140000000,,"{'id': 82800, 'context': 0, 'modifiers': [{'type': 6, 'value': 51268}], 'pet_breed_id': 7, 'pet_level': 1, 'pet_quality_id': 3, 'pet_species_id': 1322}"
1200766683,VERY_LONG,,1,6761600,,"{'id': 82800, 'context': 0, 'modifiers': [{'type': 6, 'value': 19987}], 'pet_breed_id': 3, 'pet_level': 1, 'pet_quality_id': 2, 'pet_species_id': 138}"
1200766685,VERY_LONG,33500,3,,,{'id': 124115}
1200766686,VERY_LONG,,1,4767100,,"{'id': 82800, 'context': 0, 'modifiers': [{'type': 6, 'value': 6303}], 'pet_breed_id': 22, 'pet_level': 1, 'pet_quality_id': 2, 'pet_species_id': 78}"
1200766688,VERY_LONG,2555100,29,,,{'id': 126936}
1200766690,VERY_LONG,3426800,13,,,{'id': 171352}
1200766693,VERY_LONG,1200,2108,,,{'id': 171840}
1200766722,VERY_LONG,9000000,50,,,{'id': 172232}
1200766751,VERY_LONG,381200,63,,,{'id': 171285}
1200766876,VERY_LONG,8004500,2,,,{'id': 173160}
1200766927,VERY_LONG,,1,4586100,,"{'id': 25294, 'context': 22, 'bonus_lists': [6655, 1706], 'modifiers': [{'type': 9, 'value': 30}, {'type': 28, 'value': 1071}]}"
1200766947,VERY_LONG,150000,223,,,{'id': 172230}
1200766992,VERY_LONG,,1,1283100,,"{'id': 178949, 'context': 0, 'bonus_lists': [6908, 6652, 1687], 'modifiers': [{'type': 9, 'value': 60}, {'type': 28, 'value': 2060}]}"
1200766994,VERY_LONG,,1,1755400,,"{'id': 82800, 'context': 0, 'modifiers': [{'type': 6, 'value': 79797}], 'pet_breed_id': 4, 'pet_level': 1, 'pet_quality_id': 3, 'pet_species_id': 2119}"
1200766996,VERY_LONG,19369500,11,,,{'id': 173089}
1200766997,VERY_LONG,1200,6200,,,{'id': 171840}
1200766999,VERY_LONG,13900,1068,,,{'id': 152508}
1200767002,VERY_LONG,36400,11,,,{'id': 34056}
1200767005,VERY_LONG,4500,4000,,,{'id': 14047}
1200767008,VERY_LONG,,1,26000000,,"{'id': 82800, 'context': 0, 'modifiers': [{'type': 6, 'value': 66212}], 'pet_breed_id': 22, 'pet_level': 1, 'pet_quality_id': 3, 'pet_species_id': 1808}"
1200767010,VERY_LONG,2268700,87,,,{'id': 171272}
1200767012,VERY_LONG,8900,6600,,,{'id': 172052}
1200767013,VERY_LONG,400000,7,,,{'id': 172921}
1200767014,VERY_LONG,11994100,57,,,{'id': 131746}
1200767015,VERY_LONG,,1,8191300,,"{'id': 82800, 'context': 0, 'modifiers': [{'type': 6, 'value': 20027}], 'pet_breed_id': 8, 'pet_level': 1, 'pet_quality_id': 2, 'pet_species_id': 143}"
1200767016,VERY_LONG,450000,85,,,{'id': 11370}
1200767039,VERY_LONG,,1,961800,,"{'id': 159532, 'context': 0, 'bonus_lists': [4796, 1695], 'modifiers': [{'type': 9, 'value': 50}]}"
1200767055,VERY_LONG,,1,90000,,"{'id': 82255, 'context': 9, 'bonus_lists': [1713]}"
1200767060,VERY_LONG,,1,155900,,"{'id': 25056, 'context': 22, 'bonus_lists': [6654, 1692], 'modifiers': [{'type': 9, 'value': 30}, {'type': 28, 'value': 1070}]}"
1200767068,VERY_LONG,,1,5509800,,"{'id': 24883, 'context': 22, 'bonus_lists': [6654, 1681], 'modifiers': [{'type': 9, 'value': 30}, {'type': 28, 'value': 1070}]}"
1200767088,VERY_LONG,,1,3000000,,"{'id': 24675, 'context': 22, 'bonus_lists': [6654, 1694], 'modifiers': [{'type': 9, 'value': 30}, {'type': 28, 'value': 1070}]}"
1200768103,VERY_LONG,,1,2322200,,"{'id': 177798, 'context': 0, 'bonus_lists': [6907, 6652, 1679], 'modifiers': [{'type': 9, 'value': 60}, {'type': 28, 'value': 1707}]}"
1200768121,VERY_LONG,,1,4246200,,"{'id': 177793, 'context': 0, 'bonus_lists': [6907, 6652, 1709], 'modifiers': [{'type': 9, 'value': 60}, {'type': 28, 'value': 2060}]}"
1200768134,VERY_LONG,100,106,,,{'id': 12203}
1200768141,VERY_LONG,900,55,,,{'id': 12208}
1200768150,VERY_LONG,,1,4500000,,"{'id': 177772, 'context': 17, 'bonus_lists': [6907, 6652, 7194, 1683], 'modifiers': [{'type': 9, 'value': 57}, {'type': 28, 'value': 747}]}"
1200768154,VERY_LONG,30000,6,,,{'id': 75014}
1200768167,VERY_LONG,4300,59,,,{'id': 113261}
1200768177,VERY_LONG,10000,4,,,{'id': 18945}
1200768186,VERY_LONG,,1,900000,,"{'id': 177770, 'context': 17, 'bonus_lists': [6907, 6652, 7194, 1690], 'modifiers': [{'type': 9, 'value': 57}, {'type': 28, 'value': 747}]}"
1200768240,VERY_LONG,,1,621000,,"{'id': 176791, 'context': 17, 'bonus_lists': [6907, 6652, 7193, 1685], 'modifiers': [{'type': 9, 'value': 57}, {'type': 28, 'value': 747}]}"
1200768246,VERY_LONG,,1,2565000,,"{'id': 175553, 'context': 0, 'bonus_lists': [6907, 1717], 'modifiers': [{'type': 9, 'value': 60}, {'type': 28, 'value': 1707}]}"
1200768250,VERY_LONG,,1,9862600,,"{'id': 82800, 'context': 0, 'modifiers': [{'type': 6, 'value': 86229}], 'pet_breed_id': 5, 'pet_level': 1, 'pet_quality_id': 2, 'pet_species_id': 2190}"
1200768251,VERY_LONG,2534200,46,,,{'id': 60224}
1200768253,VERY_LONG,,1,5763900,,"{'id': 82800, 'context': 0, 'modifiers': [{'type': 6, 'value': 5586}], 'pet_breed_id': 4, 'pet_level': 1, 'pet_quality_id': 2, 'pet_species_id': 41}"
1200768254,VERY_LONG,16600,200,,,{'id': 177061}
1200768256,VERY_LONG,,1,20028400,,"{'id': 82800, 'context': 0, 'modifiers': [{'type': 6, 'value': 2957}], 'pet_breed_id': 3, 'pet_level': 1, 'pet_quality_id': 2, 'pet_species_id': 77}"
1200768257,VERY_LONG,8900,3400,,,{'id': 172052}
1200768258,VERY_LONG,30000,185,,,{'id': 22447}
1200768259,VERY_LONG,13900,3180,,,{'id': 152508}
1200768260,VERY_LONG,866800,20,,,{'id': 112090}
1200768261,VERY_LONG,,1,6761600,,"{'id': 82800, 'context': 0, 'modifiers': [{'type': 6, 'value': 19987}], 'pet_breed_id': 3, 'pet_level': 1, 'pet_quality_id': 2, 'pet_species_id': 138}"
1200768262,VERY_LONG,356900,17,,,{'id': 171268}
1200768263,VERY_LONG,226900,600,,,{'id': 153636}
1200768264,VERY_LONG,,1,7207700,,"{'id': 82800, 'context': 0, 'modifiers': [{'type': 6, 'value': 48663}], 'pet_breed_id': 5, 'pet_level': 1, 'pet_quality_id': 3, 'pet_species_id': 1235}"
1200768265,VERY_LONG,4500,1400,,,{'id': 14047}
1200768267,VERY_LONG,456800,320,,,{'id': 172051}
1200768268,VERY_LONG,3500,3200,,,{'id': 152542}
1200768269,VERY_LONG,35900,1400,,,{'id': 172935}
1200768270,VERY_LONG,,1,10999900,,"{'id': 82800, 'context': 0, 'modifiers': [{'type': 6, 'value': 25457}], 'pet_breed_id': 4, 'pet_level': 1, 'pet_quality_id': 3, 'pet_species_id': 186}"
1200768271,VERY_LONG,200000,136,,,{'id': 152561}
1200768272,VERY_LONG,,1,2499900,,"{'id': 82800, 'context': 0, 'modifiers': [{'type': 6, 'value': 1072}], 'pet_breed_id': 22, 'pet_level': 1, 'pet_quality_id': 2, 'pet_species_id': 70}"
1200768273,VERY_LONG,,1,2499900,,"{'id': 82800, 'context': 0, 'modifiers': [{'type': 6, 'value': 1072}], 'pet_breed_id': 5, 'pet_level': 1, 'pet_quality_id': 2, 'pet_species_id': 70}"
1200768274,VERY_LONG,,1,79993400,,"{'id': 182716, 'context': 0, 'modifiers': [{'type': 28, 'value': 2060}]}"
1200768275,VERY_LONG,,1,4007400,,"{'id': 82800, 'context': 0, 'modifiers': [{'type': 6, 'value': 37712}], 'pet_breed_id': 21, 'pet_level': 1, 'pet_quality_id': 2, 'pet_species_id': 306}"
1200768279,VERY_LONG,30000,29,,,{'id': 75014}
1200768282,VERY_LONG,20001600,6,,,{'id': 173092}
1200768286,VERY_LONG,,1,1264400,,"{'id': 95409, 'context': 0}"
1200768294,VERY_LONG,,1,3306600,,"{'id': 95411, 'context': 0}"
1200768312,VERY_LONG,,1,6004600,,"{'id': 95412, 'context': 0}"
1200768314,VERY_LONG,,1,279990000,,"{'id': 173242, 'context': 66, 'bonus_lists': [6758, 1532]}"
1200768319,VERY_LONG,4998700,1,,,{'id': 31903}
1200768323,VERY_LONG,6070900,1,,,{'id': 31915}
1200768325,VERY_LONG,270000,4,,,{'id': 22578}
1200768329,VERY_LONG,169200,7,,,{'id': 22577}
1200768332,LONG,2250000,4,,,{'id': 172362}
1200768335,VERY_LONG,675000,5,,,{'id': 49908}
1200768339,VERY_LONG,14400,1,,,{'id': 23572}
1200768344,LONG,2033000,4,,,{'id': 172364}
1200768346,VERY_LONG,1100,42,,,{'id': 21877}
1200768349,VERY_LONG,2300,4,,,{'id': 179315}
1200768352,VERY_LONG,47700,18,,,{'id': 179314}
1200768356,VERY_LONG,61900,3,,,{'id': 22445}
1200768386,VERY_LONG,45000,3,,,{'id': 102542}
1200768394,VERY_LONG,9900,13,,,{'id': 152576}
1200768399,VERY_LONG,700,2,,,{'id': 154899}
1200768408,VERY_LONG,2700,1,,,{'id': 172052}
1200768425,VERY_LONG,900,6,,,{'id': 30809}
1200768435,VERY_LONG,1900,9,,,{'id': 42780}
1200768442,VERY_LONG,719200,7,,,{'id': 168822}
1200768448,VERY_LONG,4500,8000,,,{'id': 14047}
1200768449,VERY_LONG,,1,4672000,,"{'id': 82800, 'context': 0, 'modifiers': [{'type': 6, 'value': 71972}], 'pet_breed_id': 8, 'pet_level': 1, 'pet_quality_id': 3, 'pet_species_id': 2091}"
1200768450,VERY_LONG,,1,1755400,,"{'id': 82800, 'context': 0, 'modifiers': [{'type': 6, 'value': 79797}], 'pet_breed_id': 4, 'pet_level': 1, 'pet_quality_id': 3, 'pet_species_id': 2119}"
1200768451,VERY_LONG,35900,1096,,,{'id': 172935}
1200768452,VERY_LONG,1200,6400,,,{'id': 171840}
1200768453,VERY_LONG,56800,21,,,{'id': 2997}
1200768454,VERY_LONG,43100,7,,,{'id': 154881}
1200768455,VERY_LONG,27000,34,,,{'id': 25649}
1200768456,VERY_LONG,23000,140,,,{'id': 172048}
1200768457,VERY_LONG,,1,4007400,,"{'id': 82800, 'context': 0, 'modifiers': [{'type': 6, 'value': 37712}], 'pet_breed_id': 21, 'pet_level': 1, 'pet_quality_id': 2, 'pet_species_id': 306}"
1200768458,VERY_LONG,483300,3,,,{'id': 180055}
1200768459,VERY_LONG,1042100,2,,,{'id': 172920}
1200768460,VERY_LONG,8900,940,,,{'id': 172052}
1200768461,VERY_LONG,,1,2751200,,"{'id': 82800, 'context': 0, 'modifiers': [{'type': 6, 'value': 5555}], 'pet_breed_id': 3, 'pet_level': 1, 'pet_quality_id': 2, 'pet_species_id': 45}"
1200768462,VERY_LONG,4500,872,,,{'id': 14047}
1200768472,VERY_LONG,990000,1,,,{'id': 172055}
1200768506,VERY_LONG,,1,1330000,,"{'id': 177807, 'context': 0, 'bonus_lists': [6706], 'modifiers': [{'type': 9, 'value': 60}, {'type': 28, 'value': 746}]}"
1200768544,LONG,28500,7600,,,{'id': 173202}
1200768709,VERY_LONG,9895100,3,,,{'id': 171276}
1200768716,VERY_LONG,8900,858,,,{'id': 172052}
1200768718,VERY_LONG,23000,311,,,{'id': 172048}
1200768719,VERY_LONG,77000,207,,,{'id': 158202}
1200768721,VERY_LONG,,1,14768500,,"{'id': 82800, 'context': 0, 'modifiers': [{'type': 6, 'value': 4626}], 'pet_breed_id': 11, 'pet_level': 1, 'pet_quality_id': 2, 'pet_species_id': 137}"
1200768722,VERY_LONG,,1,369900,,"{'id': 82800, 'context': 0, 'modifiers': [{'type': 6, 'value': 29809}], 'pet_breed_id': 6, 'pet_level': 1, 'pet_quality_id': 2, 'pet_species_id': 236}"
1200768723,VERY_LONG,,1,369900,,"{'id': 82800, 'context': 0, 'modifiers': [{'type': 6, 'value': 29809}], 'pet_breed_id': 6, 'pet_level': 1, 'pet_quality_id': 2, 'pet_species_id': 236}"
1200768724,VERY_LONG,,1,369900,,"{'id': 82800, 'context': 0, 'modifiers': [{'type': 6, 'value': 29809}], 'pet_breed_id': 16, 'pet_level': 2, 'pet_quality_id': 2, 'pet_species_id': 236}"
1200768726,VERY_LONG,4500,1400,,,{'id': 14047}
1200768728,VERY_LONG,6200,663,,,{'id': 168650}
1200768729,VERY_LONG,240000,870,,,{'id': 173130}
1200768730,VERY_LONG,,1,2751200,,"{'id': 82800, 'context': 0, 'modifiers': [{'type': 6, 'value': 5555}], 'pet_breed_id': 3, 'pet_level': 1, 'pet_quality_id': 2, 'pet_species_id': 45}"
1200768732,VERY_LONG,634900,49,,,{'id': 173129}
1200768734,VERY_LONG,319800,38,,,{'id': 172413}
1200768735,VERY_LONG,369100,5,,,{'id': 124444}
1200768736,VERY_LONG,2766900,7,,,{'id': 130175}
1200768737,VERY_LONG,7300,3207,,,{'id': 173032}
1200768739,VERY_LONG,,1,1990000,,"{'id': 82800, 'context': 0, 'modifiers': [{'type': 6, 'value': 89609}], 'pet_breed_id': 5, 'pet_level': 1, 'pet_quality_id': 3, 'pet_species_id': 2525}"
1200768741,VERY_LONG,898100,154,,,{'id': 174349}
1200768742,VERY_LONG,891800,52,,,{'id': 7069}
1200768745,VERY_LONG,9863200,1,,,{'id': 168653}
1200768747,VERY_LONG,1200,1537,,,{'id': 171840}
1200768748,VERY_LONG,,1,10008600,,"{'id': 82800, 'context': 0, 'modifiers': [{'type': 6, 'value': 55679}], 'pet_breed_id': 15, 'pet_level': 1, 'pet_quality_id': 3, 'pet_species_id': 1412}"
1200768750,VERY_LONG,,1,3012600,,"{'id': 82800, 'context': 0, 'modifiers': [{'type': 6, 'value': 22776}], 'pet_breed_id': 3, 'pet_level': 1, 'pet_quality_id': 2, 'pet_species_id': 191}"
1200768751,VERY_LONG,68800,1,,,{'id': 172061}
1200768753,VERY_LONG,,1,5000000,,"{'id': 82800, 'context': 0, 'modifiers': [{'type': 6, 'value': 6295}], 'pet_breed_id': 12, 'pet_level': 1, 'pet_quality_id': 2, 'pet_species_id': 65}"
1200768754,VERY_LONG,,1,5000000,,"{'id': 82800, 'context': 0, 'modifiers': [{'type': 6, 'value': 6295}], 'pet_breed_id': 22, 'pet_level': 1, 'pet_quality_id': 2, 'pet_species_id': 65}"
1200768755,VERY_LONG,,1,5000000,,"{'id': 82800, 'context': 0, 'modifiers': [{'type': 6, 'value': 6295}], 'pet_breed_id': 12, 'pet_level': 1, 'pet_quality_id': 2, 'pet_species_id': 65}"
1200768756,VERY_LONG,190000,95,,,{'id': 171271}
1200768759,VERY_LONG,6249400,11,,,{'id': 172008}
1200768760,VERY_LONG,65300,47,,,{'id': 153440}
1200768761,VERY_LONG,1290400,24,,,{'id': 165017}
1200768762,VERY_LONG,10000,260,,,{'id': 7078}
1200768803,LONG,28500,37,,,{'id': 173202}
1200768926,VERY_LONG,38960000,2,,,{'id': 180445}
1200768937,VERY_LONG,,1,627400,,"{'id': 177813, 'context': 2, 'bonus_lists': [6907, 6652, 607], 'modifiers': [{'type': 9, 'value': 60}, {'type': 28, 'value': 748}]}"
1200768944,VERY_LONG,,1,2450000,,"{'id': 179334, 'context': 0, 'bonus_lists': [6908, 6652, 1706], 'modifiers': [{'type': 9, 'value': 60}, {'type': 28, 'value': 2060}]}"
1200768946,VERY_LONG,,1,975300,,"{'id': 177773, 'context': 2, 'bonus_lists': [6907, 6652, 7193, 1693], 'modifiers': [{'type': 9, 'value': 60}, {'type': 28, 'value': 748}]}"
1200768951,VERY_LONG,,1,6000000,,"{'id': 177769, 'context': 2, 'bonus_lists': [6907, 6652, 1683], 'modifiers': [{'type': 9, 'value': 60}, {'type': 28, 'value': 748}]}"
1200768955,VERY_LONG,,1,3200000,,"{'id': 176767, 'context': 0, 'bonus_lists': [6907, 6652, 1692], 'modifiers': [{'type': 9, 'value': 60}, {'type': 28, 'value': 1707}]}"
1200768957,VERY_LONG,,1,984000,,"{'id': 175547, 'context': 1, 'bonus_lists': [6907, 1680], 'modifiers': [{'type': 9, 'value': 60}, {'type': 28, 'value': 747}]}"
1200768964,VERY_LONG,,1,1502300,,"{'id': 177810, 'context': 2, 'bonus_lists': [6908, 1711], 'modifiers': [{'type': 9, 'value': 60}, {'type': 28, 'value': 748}]}"
1200768969,VERY_LONG,,1,3510000,,"{'id': 175555, 'context': 2, 'bonus_lists': [6907, 1692], 'modifiers': [{'type': 9, 'value': 60}, {'type': 28, 'value': 748}]}"
1200768976,VERY_LONG,,1,1250000000,,"{'id': 184807, 'context': 0, 'bonus_lists': [6652, 1472, 6646], 'modifiers': [{'type': 28, 'value': 2060}]}"
1200768986,VERY_LONG,,1,19000000,,"{'id': 182557, 'context': 0, 'bonus_lists': [6907, 6652, 1692], 'modifiers': [{'type': 9, 'value': 60}, {'type': 28, 'value': 2060}]}"
1200768990,VERY_LONG,325000,20,,,{'id': 171832}
1200768998,VERY_LONG,125000,64,,,{'id': 171830}
1200769003,VERY_LONG,725000,16,,,{'id': 172094}
1200769016,VERY_LONG,150000,31,,,{'id': 171831}
1200769019,VERY_LONG,135000,25,,,{'id': 171829}
1200769029,VERY_LONG,27500,68,,,{'id': 173202}
1200769045,VERY_LONG,22500,63,,,{'id': 172089}
1200769058,VERY_LONG,200000,7,,,{'id': 173037}
1200769078,VERY_LONG,1490000,22,,,{'id': 171833}
1200770106,VERY_LONG,975000,35,,,{'id': 172055}
1200770139,VERY_LONG,240000,27,,,{'id': 173035}
1200770177,VERY_LONG,360000,24,,,{'id': 173033}
1200770200,VERY_LONG,400000,23,,,{'id': 173036}
1200770248,VERY_LONG,7650000,11,,,{'id': 181468}
1200770252,VERY_LONG,350000,22,,,{'id': 172053}
1200770255,VERY_LONG,550000,20,,,{'id': 173034}
1200770256,VERY_LONG,12500,29,,,{'id': 172054}
1200770259,VERY_LONG,15000,2549,,,{'id': 124437}
1200770260,VERY_LONG,79900,136,,,{'id': 2319}
1200770262,VERY_LONG,4500,1800,,,{'id': 14047}
1200770264,VERY_LONG,252200,8,,,{'id': 154990}
1200770265,VERY_LONG,166000,134,,,{'id': 4234}
1200770266,VERY_LONG,51100,33,,,{'id': 4377}
1200770268,VERY_LONG,19900,45,,,{'id': 2835}
1200770269,VERY_LONG,319800,84,,,{'id': 172413}
1200770270,VERY_LONG,468700,562,,,{'id': 171437}
1200770271,VERY_LONG,3749700,44,,,{'id': 60838}
1200770272,VERY_LONG,7300,872,,,{'id': 173032}
1200770273,VERY_LONG,70000,62,,,{'id': 180733}
1200770274,VERY_LONG,300000,161,,,{'id': 173128}
1200770275,VERY_LONG,13000,142,,,{'id': 74843}
1200770276,VERY_LONG,,1,7207700,,"{'id': 82800, 'context': 0, 'modifiers': [{'type': 6, 'value': 48663}], 'pet_breed_id': 12, 'pet_level': 1, 'pet_quality_id': 3, 'pet_species_id': 1235}"
1200770280,VERY_LONG,150000,1239,,,{'id': 23425}
1200770281,VERY_LONG,,1,49933800,,"{'id': 82800, 'context': 0, 'modifiers': [{'type': 6, 'value': 97089}], 'pet_breed_id': 10, 'pet_level': 1, 'pet_quality_id': 2, 'pet_species_id': 3028}"
1200770282,VERY_LONG,32800,21,,,{'id': 94288}
1200770283,VERY_LONG,,1,13000300,,"{'id': 82800, 'context': 0, 'modifiers': [{'type': 6, 'value': 73671}], 'pet_breed_id': 4, 'pet_level': 1, 'pet_quality_id': 3, 'pet_species_id': 1955}"
1200770284,VERY_LONG,3500,1532,,,{'id': 152542}
1200770285,VERY_LONG,634900,11,,,{'id': 173129}
1200770286,VERY_LONG,240000,14,,,{'id': 173130}
1200770287,VERY_LONG,,1,1002900,,"{'id': 82800, 'context': 0, 'pet_breed_id': 13, 'pet_level': 1, 'pet_quality_id': 3, 'pet_species_id': 1960}"
1200770288,VERY_LONG,46200,110,,,{'id': 2770}
1200770289,VERY_LONG,37900,86,,,{'id': 177660}
1200770402,VERY_LONG,,1,840005300,,"{'id': 172321, 'context': 66, 'bonus_lists': [6758, 7193, 1532]}"
1200770464,VERY_LONG,7650000,4,,,{'id': 181468}
1200770514,VERY_LONG,,1,350000000,,"{'id': 173244, 'context': 65, 'bonus_lists': [6718, 1522]}"
1200770515,VERY_LONG,,1,350000000,,"{'id': 173244, 'context': 65, 'bonus_lists': [6718, 1522]}"
1200770520,VERY_LONG,500,24,,,{'id': 171840}
1200770523,VERY_LONG,75500,24,,,{'id': 171828}
1200770525,VERY_LONG,27500,18,,,{'id': 173202}
1200770531,VERY_LONG,730000,6,,,{'id': 168583}
1200770533,VERY_LONG,22500,60,,,{'id': 172089}
1200770541,VERY_LONG,240000,5,,,{'id': 173035}
1200772197,LONG,24848100,5,,,{'id': 168412}
1200772431,VERY_LONG,2750000,2,,,{'id': 87559}
1200772437,VERY_LONG,10900,52,,,{'id': 127759}
1200772443,VERY_LONG,10000,17,,,{'id': 22447}
1200772448,VERY_LONG,5337100,1,,,{'id': 43109}
1200772452,VERY_LONG,70000,2,,,{'id': 22790}
1200772477,VERY_LONG,447000,4,,,{'id': 140587}
1200772480,VERY_LONG,749800,2,,,{'id': 3731}
1200772486,VERY_LONG,158800,1,,,{'id': 19272}
1200772490,VERY_LONG,61900,8,,,{'id': 22445}
1200772491,VERY_LONG,158800,1,,,{'id': 19230}
1200772495,VERY_LONG,700200,1,,,{'id': 39343}
1200772500,VERY_LONG,25000,2,,,{'id': 124108}
1200772525,VERY_LONG,300000,1,,,{'id': 41809}
1200772535,VERY_LONG,258000,499,,,{'id': 168586}
1200772537,VERY_LONG,100,325,,,{'id': 124117}
1200772539,VERY_LONG,94600,7,,,{'id': 27674}
1200772540,VERY_LONG,1000,530,,,{'id': 154897}
1200772543,VERY_LONG,516700,1,,,{'id': 124110}
1200772546,VERY_LONG,,1,60905100,,"{'id': 13037, 'context': 0, 'bonus_lists': [6659], 'modifiers': [{'type': 9, 'value': 41}, {'type': 28, 'value': 16}]}"
1200772547,VERY_LONG,220300,4,,,{'id': 22791}
1200772548,VERY_LONG,8500,13,,,{'id': 152631}
1200772550,VERY_LONG,13000,65,,,{'id': 109144}
1200772553,VERY_LONG,5762400,19,,,{'id': 43127}
1200772554,VERY_LONG,2049900,2,,,{'id': 43125}
1200772556,VERY_LONG,1397700,1,,,{'id': 43124}
1200772561,VERY_LONG,45000,2,,,{'id': 52718}
1200772563,LONG,466600,1664,,,{'id': 173204}
1200772565,VERY_LONG,295000,7,,,{'id': 124107}
1200772568,VERY_LONG,4802500,2,,,{'id': 43120}
1200772570,VERY_LONG,2800900,2,,,{'id': 154128}
1200772572,VERY_LONG,1000000,3,,,{'id': 128499}
1200772574,VERY_LONG,32900,5,,,{'id': 5470}
1200772578,VERY_LONG,274300,1,,,{'id': 113111}
1200772584,VERY_LONG,,1,1220000,,"{'id': 21219, 'context': 14}"
1200772588,VERY_LONG,105900,2,,,{'id': 12204}
1200772591,VERY_LONG,69200,9,,,{'id': 154129}
1200772594,VERY_LONG,1849000,11,,,{'id': 35625}
1200772595,VERY_LONG,155000,4,,,{'id': 128500}
1200772605,VERY_LONG,5000000,50,,,{'id': 172437}
1200772609,VERY_LONG,20008000,3,,,{'id': 172368}
1200772615,VERY_LONG,150000,123,,,{'id': 172230}
1200772706,VERY_LONG,,1,3947900,,"{'id': 172257, 'context': 13, 'bonus_lists': [6893], 'modifiers': [{'type': 9, 'value': 60}, {'type': 28, 'value': 391}, {'type': 29, 'value': 36}, {'type': 30, 'value': 49}]}"
1200772709,VERY_LONG,,1,3947900,,"{'id': 172257, 'context': 13, 'bonus_lists': [6893], 'modifiers': [{'type': 9, 'value': 60}, {'type': 28, 'value': 391}, {'type': 29, 'value': 40}, {'type': 30, 'value': 49}]}"
1200772711,VERY_LONG,,1,460317900,,"{'id': 25214, 'context': 1, 'bonus_lists': [6655, 1709], 'modifiers': [{'type': 9, 'value': 45}, {'type': 28, 'value': 1887}]}"
1200772713,VERY_LONG,,1,6391600,,"{'id': 81967, 'context': 0, 'bonus_lists': [1679]}"
1200772716,VERY_LONG,,1,67624900,,"{'id': 78885, 'context': 0, 'modifiers': [{'type': 28, 'value': 1030}]}"
1200772720,VERY_LONG,,1,95287200,,"{'id': 177779, 'context': 17, 'bonus_lists': [6907, 6652, 7193, 1689], 'modifiers': [{'type': 9, 'value': 58}, {'type': 28, 'value': 747}]}"
1200772723,VERY_LONG,,1,12182100,,"{'id': 177779, 'context': 0, 'bonus_lists': [6907, 6652, 7193, 1717], 'modifiers': [{'type': 9, 'value': 60}, {'type': 28, 'value': 2060}]}"
1200772725,VERY_LONG,148565200,11,,,{'id': 58086}
1200772727,VERY_LONG,,1,1261865900,,"{'id': 159822, 'context': 0, 'bonus_lists': [6655, 1714], 'modifiers': [{'type': 9, 'value': 60}, {'type': 28, 'value': 807}]}"
1200772728,VERY_LONG,,1,9730900,,"{'id': 25052, 'context': 1, 'bonus_lists': [6654, 1708], 'modifiers': [{'type': 9, 'value': 42}, {'type': 28, 'value': 1890}]}"
1200772730,VERY_LONG,,1,13337900,,"{'id': 82031, 'context': 0, 'bonus_lists': [1694]}"
1200772731,VERY_LONG,,1,128423100,,"{'id': 25220, 'context': 22, 'bonus_lists': [6655, 1679], 'modifiers': [{'type': 9, 'value': 30}, {'type': 28, 'value': 1079}]}"
1200772732,VERY_LONG,,1,166081800,,"{'id': 25130, 'context': 22, 'bonus_lists': [6655, 1678], 'modifiers': [{'type': 9, 'value': 30}, {'type': 28, 'value': 1076}]}"
1200772734,VERY_LONG,,1,2999900,,"{'id': 175561, 'context': 0, 'bonus_lists': [6907, 1680], 'modifiers': [{'type': 9, 'value': 60}, {'type': 28, 'value': 1707}]}"
1200772735,VERY_LONG,,1,2999900,,"{'id': 175561, 'context': 1, 'bonus_lists': [6907, 1687], 'modifiers': [{'type': 9, 'value': 60}, {'type': 28, 'value': 747}]}"
1200772737,VERY_LONG,,1,2999900,,"{'id': 175561, 'context': 2, 'bonus_lists': [6907, 1710], 'modifiers': [{'type': 9, 'value': 60}, {'type': 28, 'value': 748}]}"
1200772738,VERY_LONG,,1,13377300,,"{'id': 81986, 'context': 22, 'bonus_lists': [6654, 1708], 'modifiers': [{'type': 9, 'value': 35}, {'type': 28, 'value': 1127}]}"
1200772739,VERY_LONG,306400,1,,,{'id': 74247}
1200772740,VERY_LONG,,1,13930800,,"{'id': 2657, 'context': 0}"
1200772741,VERY_LONG,140000,1,,,{'id': 124112}
1200772743,VERY_LONG,,1,575522200,,"{'id': 159573, 'context': 0, 'bonus_lists': [6655, 4802, 1709], 'modifiers': [{'type': 9, 'value': 50}, {'type': 28, 'value': 1225}]}"
1200772744,VERY_LONG,,1,480286800,,"{'id': 115348, 'context': 0, 'bonus_lists': [3637, 5739], 'modifiers': [{'type': 9, 'value': 8}]}"
1200772746,VERY_LONG,,1,38453900,,"{'id': 176783, 'context': 2, 'bonus_lists': [6907, 6652, 1692], 'modifiers': [{'type': 9, 'value': 60}, {'type': 28, 'value': 748}]}"
1200772748,VERY_LONG,,1,44770300,,"{'id': 176783, 'context': 17, 'bonus_lists': [6907, 6652, 1714], 'modifiers': [{'type': 9, 'value': 59}, {'type': 28, 'value': 747}]}"
1200772749,VERY_LONG,,1,14965600,,"{'id': 24894, 'context': 1, 'bonus_lists': [6654, 1681], 'modifiers': [{'type': 9, 'value': 46}, {'type': 28, 'value': 1896}]}"
1200772751,VERY_LONG,,1,18765100,,"{'id': 25124, 'context': 0, 'bonus_lists': [6655, 1692], 'modifiers': [{'type': 9, 'value': 60}]}"
1200772752,VERY_LONG,,1,11047800,,"{'id': 25008, 'context': 1, 'bonus_lists': [6654, 1707], 'modifiers': [{'type': 9, 'value': 46}, {'type': 28, 'value': 1896}]}"
1200772753,VERY_LONG,,1,5509800,,"{'id': 24883, 'context': 22, 'bonus_lists': [6654, 1681], 'modifiers': [{'type': 9, 'value': 30}, {'type': 28, 'value': 1075}]}"
1200772755,VERY_LONG,,1,1794000,,"{'id': 178943, 'context': 0, 'bonus_lists': [6908, 6652, 1699], 'modifiers': [{'type': 9, 'value': 60}, {'type': 28, 'value': 2060}]}"
1200772756,VERY_LONG,,1,9393000,,"{'id': 856, 'context': 0}"
1200772758,VERY_LONG,,1,9393000,,"{'id': 856, 'context': 0}"
1200772760,VERY_LONG,,1,44589000,,"{'id': 24611, 'context': 22, 'bonus_lists': [6654, 1708], 'modifiers': [{'type': 9, 'value': 30}, {'type': 28, 'value': 1076}]}"
1200772761,VERY_LONG,,1,1106539300,,"{'id': 183010, 'context': 4, 'bonus_lists': [7186, 40, 1459, 6646], 'modifiers': [{'type': 28, 'value': 750}]}"
1200772762,VERY_LONG,,1,66681000,,"{'id': 24717, 'context': 0, 'bonus_lists': [6654, 1707], 'modifiers': [{'type': 9, 'value': 60}]}"
1200772763,VERY_LONG,,1,65822300,,"{'id': 24818, 'context': 28, 'bonus_lists': [1709, 3840], 'modifiers': [{'type': 9, 'value': 27}]}"
1200772765,VERY_LONG,,1,4032800,,"{'id': 25306, 'context': 1, 'bonus_lists': [6655, 1706], 'modifiers': [{'type': 9, 'value': 46}, {'type': 28, 'value': 1896}]}"
1200772766,VERY_LONG,,1,1119367500,,"{'id': 85830, 'context': 0}"
1200772767,VERY_LONG,,1,537137500,,"{'id': 176789, 'context': 17, 'bonus_lists': [6907, 6652, 7193, 1714], 'modifiers': [{'type': 9, 'value': 52}, {'type': 28, 'value': 747}]}"
1200772769,VERY_LONG,1716100,5,,,{'id': 44739}
1200772770,VERY_LONG,,1,1110000,,"{'id': 172245, 'context': 13, 'bonus_lists': [6887], 'modifiers': [{'type': 9, 'value': 60}, {'type': 28, 'value': 391}, {'type': 29, 'value': 49}, {'type': 30, 'value': 36}]}"
1200772771,VERY_LONG,,1,1110000,,"{'id': 172245, 'context': 13, 'bonus_lists': [6887], 'modifiers': [{'type': 9, 'value': 60}, {'type': 28, 'value': 391}, {'type': 29, 'value': 32}, {'type': 30, 'value': 49}]}"
1200772772,VERY_LONG,,1,28382400,,"{'id': 25297, 'context': 1, 'bonus_lists': [6655, 1677], 'modifiers': [{'type': 9, 'value': 45}, {'type': 28, 'value': 1887}]}"
1200772773,VERY_LONG,,1,4742800,,"{'id': 55438, 'context': 22, 'bonus_lists': [6655, 1712], 'modifiers': [{'type': 9, 'value': 35}, {'type': 28, 'value': 1115}]}"
1200772775,VERY_LONG,,1,26639800,,"{'id': 82067, 'context': 0, 'bonus_lists': [1694]}"
1200772777,VERY_LONG,,1,82086000,,"{'id': 24876, 'context': 1, 'bonus_lists': [6654, 1706], 'modifiers': [{'type': 9, 'value': 47}, {'type': 28, 'value': 1898}]}"
1200772779,VERY_LONG,45000,2,,,{'id': 152550}
1200772780,VERY_LONG,,1,7442588100,,"{'id': 154813, 'context': 0, 'bonus_lists': [6654, 4802, 1682], 'modifiers': [{'type': 9, 'value': 50}, {'type': 28, 'value': 1225}]}"
1200772781,VERY_LONG,,1,102341600,,"{'id': 141285, 'context': 0, 'bonus_lists': [6654], 'modifiers': [{'type': 9, 'value': 46}, {'type': 28, 'value': 1705}]}"
1200772782,VERY_LONG,862500,3,,,{'id': 76085}
1200772783,VERY_LONG,,1,138716300,,"{'id': 15129, 'context': 0, 'bonus_lists': [6654, 1708], 'modifiers': [{'type': 9, 'value': 30}, {'type': 28, 'value': 19}]}"
1200772784,VERY_LONG,,1,17322600,,"{'id': 171385, 'context': 13, 'modifiers': [{'type': 29, 'value': 36}, {'type': 30, 'value': 40}]}"
1200772785,VERY_LONG,,1,15000000,,"{'id': 176988, 'context': 0, 'bonus_lists': [6907, 43, 7193, 1706], 'modifiers': [{'type': 9, 'value': 60}, {'type': 28, 'value': 2060}]}"
1200772787,VERY_LONG,,1,3164900,,"{'id': 29363, 'context': 0}"
1200772789,VERY_LONG,,1,7996700,,"{'id': 175556, 'context': 0, 'bonus_lists': [6907, 1702], 'modifiers': [{'type': 9, 'value': 60}, {'type': 28, 'value': 1707}]}"
1200772791,VERY_LONG,,1,1106926600,,"{'id': 23508, 'context': 0, 'bonus_lists': [6878]}"
1200772792,VERY_LONG,,1,1106926600,,"{'id': 23508, 'context': 1}"
1200772793,VERY_LONG,,1,2800000,,"{'id': 172247, 'context': 13, 'bonus_lists': [6890], 'modifiers': [{'type': 9, 'value': 60}, {'type': 28, 'value': 391}, {'type': 29, 'value': 36}, {'type': 30, 'value': 32}]}"
1200772794,VERY_LONG,,1,434037500,,"{'id': 36113, 'context': 22, 'bonus_lists': [6654, 1692], 'modifiers': [{'type': 9, 'value': 30}, {'type': 28, 'value': 1101}]}"
1200772795,VERY_LONG,,1,22251000,,"{'id': 24645, 'context': 1, 'bonus_lists': [6654, 1691], 'modifiers': [{'type': 9, 'value': 42}, {'type': 28, 'value': 1890}]}"
1200772796,VERY_LONG,,1,24001300,,"{'id': 24636, 'context': 0, 'bonus_lists': [6654, 1709], 'modifiers': [{'type': 9, 'value': 60}]}"
1200772797,VERY_LONG,,1,99990000,,"{'id': 176772, 'context': 0, 'bonus_lists': [6907, 6652, 1682], 'modifiers': [{'type': 9, 'value': 60}, {'type': 28, 'value': 1707}]}"
1200772798,VERY_LONG,,1,17932100,,"{'id': 81978, 'context': 0, 'bonus_lists': [1685]}"
1200772801,VERY_LONG,999900,10,,,{'id': 57192}
1200772804,VERY_LONG,,1,1790000,,"{'id': 172259, 'context': 13, 'bonus_lists': [6893], 'modifiers': [{'type': 9, 'value': 60}, {'type': 28, 'value': 391}, {'type': 29, 'value': 32}, {'type': 30, 'value': 40}]}"
1200772806,VERY_LONG,4980000,1,,,{'id': 31910}
1200772807,VERY_LONG,499500,1,,,{'id': 6361}
1200772808,VERY_LONG,,1,33782000,,"{'id': 81969, 'context': 0, 'bonus_lists': [1716]}"
1200772809,VERY_LONG,,1,71489500,,"{'id': 36157, 'context': 22, 'bonus_lists': [6654, 1691], 'modifiers': [{'type': 9, 'value': 30}, {'type': 28, 'value': 1087}]}"
1200772810,VERY_LONG,,1,1039800,,"{'id': 176801, 'context': 0, 'bonus_lists': [6908, 6652, 1708], 'modifiers': [{'type': 9, 'value': 60}, {'type': 28, 'value': 1707}]}"
1200772811,VERY_LONG,,1,621000,,"{'id': 176791, 'context': 0, 'bonus_lists': [6907, 6652, 6935, 1683], 'modifiers': [{'type': 9, 'value': 60}, {'type': 28, 'value': 1707}]}"
1200772812,VERY_LONG,,1,19746600,,"{'id': 41788, 'context': 0, 'modifiers': [{'type': 28, 'value': 49}]}"
1200772814,VERY_LONG,,1,1239200,,"{'id': 176774, 'context': 2, 'bonus_lists': [6907, 40, 7193, 1712], 'modifiers': [{'type': 9, 'value': 60}, {'type': 28, 'value': 748}]}"
1200772815,VERY_LONG,100000,3,,,{'id': 9312}
1200772817,VERY_LONG,,1,14621300,,"{'id': 55744, 'context': 22, 'bonus_lists': [6654, 1715], 'modifiers': [{'type': 9, 'value': 35}, {'type': 28, 'value': 1114}]}"
1200772819,VERY_LONG,,1,6669900,,"{'id': 176800, 'context': 0, 'bonus_lists': [6908, 6652, 1704], 'modifiers': [{'type': 9, 'value': 60}, {'type': 28, 'value': 2060}]}"
1200772821,VERY_LONG,,1,6669900,,"{'id': 176800, 'context': 23, 'bonus_lists': [6908, 6652, 1714], 'modifiers': [{'type': 9, 'value': 60}, {'type': 28, 'value': 749}]}"
1200772822,VERY_LONG,,1,2440000,,"{'id': 178948, 'context': 2, 'bonus_lists': [6908, 6652, 1691], 'modifiers': [{'type': 9, 'value': 60}, {'type': 28, 'value': 748}]}"
1200772823,VERY_LONG,,1,25146800,,"{'id': 55504, 'context': 0, 'bonus_lists': [1684]}"
1200772824,VERY_LONG,,1,4095773300,,"{'id': 119335, 'context': 5, 'bonus_lists': [566]}"
1200772825,VERY_LONG,,1,89077800,,"{'id': 55705, 'context': 5, 'bonus_lists': [6654, 1708], 'modifiers': [{'type': 9, 'value': 35}, {'type': 28, 'value': 1029}]}"
1200772826,VERY_LONG,,1,7156300,,"{'id': 24877, 'context': 1, 'bonus_lists': [6654, 1679], 'modifiers': [{'type': 9, 'value': 39}, {'type': 28, 'value': 1900}]}"
1200772827,VERY_LONG,,1,757600,,"{'id': 177799, 'context': 0, 'bonus_lists': [6908, 43, 1686], 'modifiers': [{'type': 9, 'value': 60}, {'type': 28, 'value': 2060}]}"
1200772828,VERY_LONG,,1,45999900,,"{'id': 38410, 'context': 0}"
1200772829,VERY_LONG,,1,164959700,,"{'id': 24822, 'context': 1, 'bonus_lists': [6654, 1679], 'modifiers': [{'type': 9, 'value': 45}, {'type': 28, 'value': 1887}]}"
1200772831,VERY_LONG,20000,1,,,{'id': 11754}
1200772832,VERY_LONG,,1,10097300,,"{'id': 81972, 'context': 22, 'bonus_lists': [6654, 1686], 'modifiers': [{'type': 9, 'value': 35}, {'type': 28, 'value': 1127}]}"
1200772833,VERY_LONG,999600,1,,,{'id': 41807}
1200772834,VERY_LONG,,1,39033800,,"{'id': 82206, 'context': 22, 'bonus_lists': [6654, 1686], 'modifiers': [{'type': 9, 'value': 35}, {'type': 28, 'value': 1130}]}"
1200772835,VERY_LONG,960600,15,,,{'id': 40536}
1200772836,VERY_LONG,,1,950100,,"{'id': 172248, 'context': 13, 'bonus_lists': [6885], 'modifiers': [{'type': 9, 'value': 60}, {'type': 28, 'value': 391}, {'type': 29, 'value': 36}, {'type': 30, 'value': 49}]}"
1200772837,VERY_LONG,,1,950100,,"{'id': 172248, 'context': 13, 'bonus_lists': [6885], 'modifiers': [{'type': 9, 'value': 60}, {'type': 28, 'value': 391}, {'type': 29, 'value': 49}, {'type': 30, 'value': 36}]}"
1200772838,VERY_LONG,,1,5963700,,"{'id': 10130, 'context': 0, 'bonus_lists': [6654, 1692], 'modifiers': [{'type': 9, 'value': 27}, {'type': 28, 'value': 1775}]}"
1200772839,VERY_LONG,,1,9900,,"{'id': 34498, 'context': 11, 'modifiers': [{'type': 28, 'value': 391}]}"
1200772840,VERY_LONG,,1,91559300,,"{'id': 121188, 'context': 0, 'bonus_lists': [6654, 43, 1697], 'modifiers': [{'type': 9, 'value': 45}, {'type': 28, 'value': 1161}]}"
1200772841,VERY_LONG,,1,6424900,,"{'id': 81970, 'context': 0, 'bonus_lists': [1700]}"
1200772842,VERY_LONG,,1,4177300,,"{'id': 24887, 'context': 22, 'bonus_lists': [6654, 1707], 'modifiers': [{'type': 9, 'value': 30}, {'type': 28, 'value': 1070}]}"
1200772844,VERY_LONG,,1,10937900,,"{'id': 172258, 'context': 13, 'bonus_lists': [6893], 'modifiers': [{'type': 9, 'value': 51}, {'type': 28, 'value': 391}, {'type': 29, 'value': 32}, {'type': 30, 'value': 49}]}"
1200772845,VERY_LONG,,1,3826100,,"{'id': 25004, 'context': 22, 'bonus_lists': [6654, 1692], 'modifiers': [{'type': 9, 'value': 30}, {'type': 28, 'value': 1075}]}"
1200772846,VERY_LONG,,1,1952854200,,"{'id': 20895, 'context': 0}"
1200772847,VERY_LONG,,1,160308100,,"{'id': 82114, 'context': 22, 'bonus_lists': [6655, 1692], 'modifiers': [{'type': 9, 'value': 35}, {'type': 28, 'value': 1127}]}"
1200772848,VERY_LONG,,1,2458275600,,"{'id': 140670, 'context': 0}"
1200772849,VERY_LONG,,1,58737300,,"{'id': 25093, 'context': 1, 'bonus_lists': [6655, 1708], 'modifiers': [{'type': 9, 'value': 43}, {'type': 28, 'value': 1891}]}"
1200772850,VERY_LONG,,1,14721100,,"{'id': 82086, 'context': 22, 'bonus_lists': [6654, 1691], 'modifiers': [{'type': 9, 'value': 35}, {'type': 28, 'value': 1130}]}"
1200772851,VERY_LONG,,1,230296800,,"{'id': 36105, 'context': 22, 'bonus_lists': [6654, 1691], 'modifiers': [{'type': 9, 'value': 30}, {'type': 28, 'value': 1101}]}"
1200772852,VERY_LONG,,1,690000,,"{'id': 172239, 'context': 13, 'bonus_lists': [6890], 'modifiers': [{'type': 9, 'value': 60}, {'type': 28, 'value': 391}, {'type': 29, 'value': 32}, {'type': 30, 'value': 36}]}"
1200772853,VERY_LONG,,1,690000,,"{'id': 172239, 'context': 13, 'bonus_lists': [6890], 'modifiers': [{'type': 9, 'value': 60}, {'type': 28, 'value': 391}, {'type': 29, 'value': 49}, {'type': 30, 'value': 32}]}"
1200772854,VERY_LONG,7650000,3,,,{'id': 181468}
1200772862,VERY_LONG,7650000,11,,,{'id': 181468}
1200773066,LONG,,1,250000000,,"{'id': 171416, 'context': 65, 'bonus_lists': [6718, 1522]}"
1200774134,LONG,30000000,1,,,{'id': 184100}
1200774155,VERY_LONG,,1,55000100,,"{'id': 108633, 'context': 0}"
1200774160,LONG,55000,12,,,{'id': 124101}
1200774163,VERY_LONG,,1,4495000,,"{'id': 114821, 'context': 0}"
1200774166,VERY_LONG,,1,4495000,,"{'id': 114821, 'context': 0}"
1200774167,LONG,20000,27,,,{'id': 128304}
1200774169,VERY_LONG,,1,4495000,,"{'id': 114821, 'context': 0}"
1200774179,LONG,95000,102,,,{'id': 123918}
1200774195,LONG,2500,149,,,{'id': 124437}
1200774205,LONG,80000,3,,,{'id': 123919}
1200774219,LONG,700,63,,,{'id': 124120}
1200774226,LONG,145000,40,,,{'id': 171831}
1200774230,LONG,400,22,,,{'id': 171840}
1200774236,LONG,20000,200,,,{'id': 128304}
1200774243,LONG,2000,1,,,{'id': 29740}
1200774255,LONG,120000,35,,,{'id': 124103}
1200774256,LONG,500,4,,,{'id': 30809}
1200774262,LONG,5000,1,,,{'id': 2251}
1200774268,LONG,3500,7,,,{'id': 180430}
1200774272,LONG,60000,5,,,{'id': 124119}
1200774276,LONG,8000,5,,,{'id': 177061}
1200774291,LONG,400000,50,,,{'id': 170554}
1200774317,LONG,200,16,,,{'id': 124118}
1200774387,VERY_LONG,,1,4495000,,"{'id': 114821, 'context': 0}"
1200774684,VERY_LONG,18826000,2,,,{'id': 129018}
1200774687,VERY_LONG,15196300,1,,,{'id': 139358}
1200775004,VERY_LONG,,1,249949800,,"{'id': 173087, 'context': 13}"
1200775021,VERY_LONG,,1,145006800,,"{'id': 173096, 'context': 13}"
1200775024,VERY_LONG,,1,80003500,,"{'id': 173078, 'context': 13}"
1200775040,LONG,22121600,2,,,{'id': 173072}
1200775041,LONG,40656900,2,,,{'id': 173073}
1200775043,LONG,20008000,3,,,{'id': 172368}
1200775044,LONG,5000000,2,,,{'id': 173088}
1200775045,LONG,,1,1799000,,"{'id': 173145, 'context': 13, 'modifiers': [{'type': 29, 'value': 32}]}"
1200775049,LONG,,1,1799000,,"{'id': 173145, 'context': 13, 'modifiers': [{'type': 29, 'value': 40}]}"
1200775051,LONG,,1,4430000,,"{'id': 172261, 'context': 13, 'bonus_lists': [6893], 'modifiers': [{'type': 9, 'value': 51}, {'type': 28, 'value': 391}, {'type': 29, 'value': 40}, {'type': 30, 'value': 36}]}"
1200775056,LONG,1835300,2,,,{'id': 173081}
1200775059,LONG,4953000,50,,,{'id': 173049}
1200775061,LONG,349900,2,,,{'id': 172920}
1200775062,LONG,,1,9890000,,"{'id': 172250, 'context': 13, 'bonus_lists': [6893], 'modifiers': [{'type': 9, 'value': 52}, {'type': 28, 'value': 391}, {'type': 29, 'value': 36}, {'type': 30, 'value': 49}]}"
1200775063,LONG,,1,9890000,,"{'id': 172250, 'context': 13, 'bonus_lists': [6893], 'modifiers': [{'type': 9, 'value': 52}, {'type': 28, 'value': 391}, {'type': 29, 'value': 32}, {'type': 30, 'value': 36}]}"
1200775066,LONG,3003500,3,,,{'id': 172415}
1200775070,LONG,,1,12912600,,"{'id': 171448, 'context': 13, 'bonus_lists': [6893], 'modifiers': [{'type': 9, 'value': 51}, {'type': 28, 'value': 391}, {'type': 29, 'value': 49}, {'type': 30, 'value': 36}]}"
1200775078,LONG,3960000,2,,,{'id': 173104}
1200775079,LONG,,1,1705600,,"{'id': 87408, 'context': 0, 'modifiers': [{'type': 28, 'value': 1032}]}"
1200775080,LONG,,1,1229000,,"{'id': 173222, 'context': 0, 'bonus_lists': [6893], 'modifiers': [{'type': 9, 'value': 50}, {'type': 28, 'value': 391}, {'type': 29, 'value': 40}, {'type': 30, 'value': 36}]}"
1200775081,LONG,18950000,2,,,{'id': 173101}
1200775082,LONG,10005900,2,,,{'id': 173094}
1200775085,LONG,7000000,3,,,{'id': 172370}
1200775086,LONG,799300,3,,,{'id': 177715}
1200775088,LONG,13500400,2,,,{'id': 173095}
1200775091,LONG,4500000,1,,,{'id': 177962}
1200775093,LONG,2254800,3,,,{'id': 172366}
1200775098,LONG,,1,1940000,,"{'id': 172256, 'context': 13, 'bonus_lists': [6893], 'modifiers': [{'type': 9, 'value': 52}, {'type': 28, 'value': 391}, {'type': 29, 'value': 32}, {'type': 30, 'value': 40}]}"
1200778102,LONG,10000000,2,,,{'id': 173093}
1200778106,LONG,,1,12090400,,"{'id': 172255, 'context': 13, 'bonus_lists': [6893], 'modifiers': [{'type': 9, 'value': 52}, {'type': 28, 'value': 391}, {'type': 29, 'value': 32}, {'type': 30, 'value': 40}]}"
1200778111,LONG,,1,12090400,,"{'id': 172255, 'context': 13, 'bonus_lists': [6893], 'modifiers': [{'type': 9, 'value': 52}, {'type': 28, 'value': 391}, {'type': 29, 'value': 49}, {'type': 30, 'value': 40}]}"
1200778115,LONG,,1,9983300,,"{'id': 172258, 'context': 13, 'bonus_lists': [6893], 'modifiers': [{'type': 9, 'value': 52}, {'type': 28, 'value': 391}, {'type': 29, 'value': 40}, {'type': 30, 'value': 36}]}"
1200778117,LONG,,1,9983300,,"{'id': 172258, 'context': 13, 'bonus_lists': [6893], 'modifiers': [{'type': 9, 'value': 51}, {'type': 28, 'value': 391}, {'type': 29, 'value': 49}, {'type': 30, 'value': 40}]}"
1200778121,LONG,20001600,1,,,{'id': 173092}
1200778122,LONG,48000100,2,,,{'id': 173099}
1200778123,LONG,8950000,2,,,{'id': 173103}
1200778124,LONG,,1,450000,,"{'id': 86284, 'context': 0, 'modifiers': [{'type': 28, 'value': 1032}]}"
1200778125,LONG,4892400,2,,,{'id': 173076}
1200778126,LONG,9980800,2,,,{'id': 173082}
1200778128,LONG,,1,6500000,,"{'id': 172253, 'context': 13, 'bonus_lists': [6893], 'modifiers': [{'type': 9, 'value': 52}, {'type': 28, 'value': 391}, {'type': 29, 'value': 32}, {'type': 30, 'value': 40}]}"
1200778129,LONG,2108800,3,,,{'id': 172411}
1200778130,LONG,,1,499900,,"{'id': 86272, 'context': 0, 'modifiers': [{'type': 28, 'value': 1034}]}"
1200778134,LONG,1500000,2,,,{'id': 173079}
1200778235,LONG,,1,145006800,,"{'id': 173096, 'context': 13}"
1200778236,LONG,,1,64404700,,"{'id': 176800, 'context': 0, 'bonus_lists': [6908, 6652, 1708], 'modifiers': [{'type': 9, 'value': 55}, {'type': 28, 'value': 1707}]}"
1200778238,LONG,7390000,5,,,{'id': 173161}
1200778239,LONG,19369500,2,,,{'id': 173089}
1200778241,LONG,6760000,3,,,{'id': 173162}
1200778242,LONG,,1,249949800,,"{'id': 173087, 'context': 13}"
1200778244,LONG,35000000,10,,,{'id': 173067}
1200778245,LONG,15996500,5,,,{'id': 173163}
1200778246,LONG,8004500,5,,,{'id': 173160}
1200778247,LONG,4500000,2,,,{'id': 177962}
1200778251,LONG,20001600,1,,,{'id': 173092}
1200778253,LONG,,1,5000000,,"{'id': 173134, 'context': 13, 'modifiers': [{'type': 29, 'value': 40}]}"
1200778255,LONG,,1,5000000,,"{'id': 173134, 'context': 13, 'modifiers': [{'type': 29, 'value': 49}]}"
1200778335,LONG,509500,188,,,{'id': 171315}
1200778348,LONG,87700,2343,,,{'id': 169701}
1200778355,LONG,388800,5956,,,{'id': 168589}
1200778425,VERY_LONG,,1,550000000,,"{'id': 183008, 'context': 3, 'bonus_lists': [7189, 6652, 1472, 6646], 'modifiers': [{'type': 28, 'value': 751}]}"
1200778621,LONG,2950000,2,,,{'id': 173083}
1200778624,LONG,,1,1382000,,"{'id': 172923, 'context': 13, 'modifiers': [{'type': 29, 'value': 36}, {'type': 30, 'value': 32}]}"
1200778660,LONG,,1,12912600,,"{'id': 171448, 'context': 13, 'bonus_lists': [6893], 'modifiers': [{'type': 9, 'value': 51}, {'type': 28, 'value': 391}, {'type': 29, 'value': 32}, {'type': 30, 'value': 36}]}"
1200778679,LONG,7650000,17,,,{'id': 181468}
1200778682,LONG,1490000,189,,,{'id': 171833}
1200778935,VERY_LONG,19990000,10,,,{'id': 72104}
1200782188,VERY_LONG,38950000,2,,,{'id': 180445}
1200782211,VERY_LONG,27500,66,,,{'id': 173202}
1200782216,VERY_LONG,135000,8,,,{'id': 171829}
1200782220,VERY_LONG,75500,8,,,{'id': 171828}
1200782227,VERY_LONG,400,4,,,{'id': 171840}
1200782237,VERY_LONG,12500,20,,,{'id': 172054}
1200782251,VERY_LONG,7650000,12,,,{'id': 181468}
1200782333,LONG,1201300,13,,,{'id': 172439}
1200782460,LONG,4500000,2,,,{'id': 177962}
1200782510,LONG,5000000,2,,,{'id': 172437}
1200782549,VERY_LONG,,1,30000000,,"{'id': 55035, 'context': 0}"
1200782551,VERY_LONG,,1,30000000,,"{'id': 55035, 'context': 0}"
1200782561,VERY_LONG,,1,22998700,,"{'id': 55041, 'context': 0}"
1200782569,VERY_LONG,,1,19999400,,"{'id': 54852, 'context': 0}"
1200782579,VERY_LONG,,1,19999400,,"{'id': 55027, 'context': 0}"
1200782599,VERY_LONG,5980000,22,,,{'id': 172347}
1200784132,VERY_LONG,,1,30000000,,"{'id': 13048, 'context': 0, 'bonus_lists': [6659], 'modifiers': [{'type': 9, 'value': 30}, {'type': 28, 'value': 16}]}"
1200784154,VERY_LONG,,1,19999300,,"{'id': 54853, 'context': 0}"
1200784165,VERY_LONG,,1,99997300,,"{'id': 164464, 'context': 11, 'modifiers': [{'type': 28, 'value': 644}]}"
1200784171,VERY_LONG,3000,200,,,{'id': 173032}
1200784177,VERY_LONG,,1,400000000,,"{'id': 164320, 'context': 31}"
1200784186,LONG,,1,1250000000,,"{'id': 184807, 'context': 0, 'bonus_lists': [6652, 1472, 6646], 'modifiers': [{'type': 28, 'value': 1707}]}"
1200784226,LONG,5000,26,,,{'id': 6289}
1200784242,LONG,,1,4950000,,"{'id': 18649, 'context': 14, 'modifiers': [{'type': 28, 'value': 868}]}"
1200784254,LONG,,1,1450200,,"{'id': 22647, 'context': 14, 'modifiers': [{'type': 28, 'value': 4}]}"
1200784260,LONG,,1,999900,,"{'id': 68757, 'context': 0, 'bonus_lists': [6654], 'modifiers': [{'type': 9, 'value': 10}, {'type': 28, 'value': 73}]}"
1200784265,LONG,,1,760000,,"{'id': 15926, 'context': 0, 'bonus_lists': [6655], 'modifiers': [{'type': 9, 'value': 18}, {'type': 28, 'value': 1813}]}"
1200784289,LONG,,1,7853900,,"{'id': 9749, 'context': 0, 'bonus_lists': [6654, 1693], 'modifiers': [{'type': 9, 'value': 18}, {'type': 28, 'value': 1813}]}"
1200784304,LONG,5000,5,,,{'id': 6291}
1200784321,LONG,,1,954000,,"{'id': 2958, 'context': 0, 'bonus_lists': [6654], 'modifiers': [{'type': 9, 'value': 18}, {'type': 28, 'value': 1813}]}"
1200784331,LONG,,1,450000,,"{'id': 6337, 'context': 0, 'bonus_lists': [6654, 1679], 'modifiers': [{'type': 9, 'value': 29}, {'type': 28, 'value': 1789}]}"
1200784338,LONG,3000000,11,,,{'id': 63128}
1200784341,LONG,,1,353700,,"{'id': 6201, 'context': 0, 'bonus_lists': [6713], 'modifiers': [{'type': 9, 'value': 29}, {'type': 28, 'value': 1789}]}"
1200784434,VERY_LONG,12100,78,,,{'id': 172092}
1200784438,VERY_LONG,325000,11,,,{'id': 171832}
1200784442,VERY_LONG,125000,19,,,{'id': 171830}
1200784446,VERY_LONG,145000,18,,,{'id': 171831}
1200784603,LONG,19190000,4,,,{'id': 172043}
1200784606,VERY_LONG,,1,790000000,,"{'id': 183616, 'context': 0, 'modifiers': [{'type': 28, 'value': 1401}]}"
1200784618,LONG,,1,1250000000,,"{'id': 184807, 'context': 2, 'bonus_lists': [6652, 1472, 6646], 'modifiers': [{'type': 28, 'value': 748}]}"
1200784648,LONG,8504300,2,,,{'id': 173100}
1200784651,LONG,,1,80003500,,"{'id': 173078, 'context': 13}"
1200784653,LONG,6760000,2,,,{'id': 173162}
1200784655,LONG,4500000,1,,,{'id': 177962}
1200784682,VERY_LONG,,1,36334200,,"{'id': 173245, 'context': 63, 'bonus_lists': [6716, 7193, 1487]}"
1200784684,VERY_LONG,,1,36334200,,"{'id': 173245, 'context': 63, 'bonus_lists': [6716, 7194, 1487]}"
1200784754,VERY_LONG,,1,79990000,,"{'id': 173245, 'context': 64, 'bonus_lists': [6717, 7194, 1507]}"
1200784756,VERY_LONG,,1,79990000,,"{'id': 173245, 'context': 64, 'bonus_lists': [6717, 7194, 1507]}"
1200787302,VERY_LONG,,1,100007700,,"{'id': 172329, 'context': 63, 'bonus_lists': [6716, 7193, 1487]}"
1200787303,VERY_LONG,,1,100007700,,"{'id': 172329, 'context': 63, 'bonus_lists': [6716, 7194, 1487]}"
1200787465,VERY_LONG,,1,356000000,,"{'id': 82800, 'context': 0, 'modifiers': [{'type': 6, 'value': 81079}], 'pet_breed_id': 11, 'pet_level': 1, 'pet_quality_id': 2, 'pet_species_id': 2405}"
1200787475,VERY_LONG,,1,216000000,,"{'id': 82800, 'context': 0, 'modifiers': [{'type': 6, 'value': 86529}], 'pet_breed_id': 5, 'pet_level': 1, 'pet_quality_id': 2, 'pet_species_id': 2422}"
1200787492,VERY_LONG,,1,50006900,,"{'id': 163938, 'context': 54, 'bonus_lists': [4802, 1472, 4786]}"
1200787505,VERY_LONG,,1,47999900,,"{'id': 82800, 'context': 0, 'modifiers': [{'type': 6, 'value': 28501}], 'pet_breed_id': 9, 'pet_level': 1, 'pet_quality_id': 3, 'pet_species_id': 165}"
1200787515,VERY_LONG,,1,121852500,,"{'id': 82800, 'context': 0, 'modifiers': [{'type': 6, 'value': 29807}], 'pet_breed_id': 18, 'pet_level': 1, 'pet_quality_id': 2, 'pet_species_id': 233}"
1200787527,VERY_LONG,,1,198999600,,"{'id': 82800, 'context': 0, 'modifiers': [{'type': 6, 'value': 98482}], 'pet_breed_id': 17, 'pet_level': 1, 'pet_quality_id': 2, 'pet_species_id': 3062}"
1200787539,VERY_LONG,,1,100000000,,"{'id': 82800, 'context': 0, 'modifiers': [{'type': 6, 'value': 86532}], 'pet_breed_id': 8, 'pet_level': 1, 'pet_quality_id': 3, 'pet_species_id': 2794}"
1200787558,VERY_LONG,,1,25001400,,"{'id': 82800, 'context': 0, 'modifiers': [{'type': 6, 'value': 40224}], 'pet_breed_id': 15, 'pet_level': 1, 'pet_quality_id': 3, 'pet_species_id': 1631}"
1200787571,VERY_LONG,,1,175000000,,"{'id': 82800, 'context': 0, 'modifiers': [{'type': 6, 'value': 91235}], 'pet_breed_id': 10, 'pet_level': 1, 'pet_quality_id': 3, 'pet_species_id': 2681}"
1200787579,VERY_LONG,,1,149990000,,"{'id': 82800, 'context': 0, 'modifiers': [{'type': 6, 'value': 21382}], 'pet_breed_id': 3, 'pet_level': 25, 'pet_quality_id': 2, 'pet_species_id': 158}"
1200787590,VERY_LONG,,1,199990000,,"{'id': 82800, 'context': 0, 'modifiers': [{'type': 6, 'value': 81219}], 'pet_breed_id': 10, 'pet_level': 1, 'pet_quality_id': 2, 'pet_species_id': 2421}"
1200787604,VERY_LONG,,1,110001500,,"{'id': 82800, 'context': 0, 'modifiers': [{'type': 6, 'value': 99876}], 'pet_breed_id': 4, 'pet_level': 1, 'pet_quality_id': 3, 'pet_species_id': 2898}"
1200787625,VERY_LONG,,1,500000000,,"{'id': 82800, 'context': 0, 'modifiers': [{'type': 6, 'value': 99878}], 'pet_breed_id': 20, 'pet_level': 1, 'pet_quality_id': 2, 'pet_species_id': 2938}"
1200787629,VERY_LONG,,1,346000000,,"{'id': 82800, 'context': 0, 'modifiers': [{'type': 6, 'value': 99879}], 'pet_breed_id': 5, 'pet_level': 1, 'pet_quality_id': 2, 'pet_species_id': 2923}"
1200787636,VERY_LONG,,1,1000000000,,"{'id': 147064, 'context': 6, 'bonus_lists': [3563, 1472, 3528], 'modifiers': [{'type': 28, 'value': 498}]}"
1200787651,VERY_LONG,,1,7682400,,"{'id': 82800, 'context': 0, 'modifiers': [{'type': 6, 'value': 64222}], 'pet_breed_id': 6, 'pet_level': 1, 'pet_quality_id': 3, 'pet_species_id': 1688}"
1200787660,VERY_LONG,,1,146000000,,"{'id': 82800, 'context': 0, 'modifiers': [{'type': 6, 'value': 92162}], 'pet_breed_id': 18, 'pet_level': 1, 'pet_quality_id': 2, 'pet_species_id': 2710}"
1200787669,VERY_LONG,,1,74880000,,"{'id': 82800, 'context': 0, 'modifiers': [{'type': 6, 'value': 99872}], 'pet_breed_id': 4, 'pet_level': 1, 'pet_quality_id': 2, 'pet_species_id': 3032}"
1200787691,VERY_LONG,,1,250006000,,"{'id': 164435, 'context': 31}"
1200787849,VERY_LONG,,1,550000000,,"{'id': 172315, 'context': 65, 'bonus_lists': [6718, 1522]}"
1200787881,VERY_LONG,,1,1210000000,,"{'id': 172315, 'context': 66, 'bonus_lists': [6758, 1532]}"
1200787900,VERY_LONG,,1,300000000,,"{'id': 172319, 'context': 65, 'bonus_lists': [6718, 1522]}"
1200787901,VERY_LONG,,1,300000000,,"{'id': 172319, 'context': 65, 'bonus_lists': [6718, 1522]}"
1200787914,VERY_LONG,8504300,1,,,{'id': 173100}
1200787915,VERY_LONG,,1,80003500,67202900,"{'id': 173078, 'context': 13}"
1200787916,VERY_LONG,,1,80003500,67202900,"{'id': 173078, 'context': 13}"
1200787918,VERY_LONG,,1,80003500,67202900,"{'id': 173078, 'context': 13}"
1200787921,VERY_LONG,18950000,1,,,{'id': 173101}
1200787922,VERY_LONG,502000,1,,,{'id': 173080}
1200787923,VERY_LONG,,1,145000000,,"{'id': 172319, 'context': 64, 'bonus_lists': [6717, 1507]}"
1200787924,VERY_LONG,9980800,3,,,{'id': 173082}
1200787925,VERY_LONG,3960000,3,,,{'id': 173104}
1200787926,VERY_LONG,10000000,3,,,{'id': 173093}
1200787928,VERY_LONG,22835100,3,,,{'id': 177841}
1200787930,VERY_LONG,19369500,3,,,{'id': 173089}
1200787932,VERY_LONG,22121600,3,,,{'id': 173072}
1200787934,VERY_LONG,4892400,3,,,{'id': 173076}
1200787936,VERY_LONG,1500000,3,,,{'id': 173079}
1200787937,VERY_LONG,655000,3,,,{'id': 173084}
1200787939,VERY_LONG,980800,3,,,{'id': 173071}
1200787940,VERY_LONG,1000000,2,,,{'id': 173074}
1200787941,VERY_LONG,,1,136290000,114483600,"{'id': 173069, 'context': 13}"
1200787942,VERY_LONG,,1,136290000,114483600,"{'id': 173069, 'context': 13}"
1200787943,VERY_LONG,,1,136290000,114483600,"{'id': 173069, 'context': 13}"
1200787944,VERY_LONG,7196300,10,,,{'id': 172042}
1200787946,VERY_LONG,1835300,3,,,{'id': 173081}
1200787947,VERY_LONG,19809900,3,,,{'id': 177842}
1200787949,VERY_LONG,1000000,2,,,{'id': 173102}
1200787953,VERY_LONG,,1,145006800,121805700,"{'id': 173096, 'context': 13}"
1200787954,VERY_LONG,,1,216000000,,"{'id': 82800, 'context': 0, 'modifiers': [{'type': 6, 'value': 99891}], 'pet_breed_id': 16, 'pet_level': 1, 'pet_quality_id': 2, 'pet_species_id': 3006}"
1200787956,VERY_LONG,,1,145006800,121805700,"{'id': 173096, 'context': 13}"
1200787958,VERY_LONG,,1,145006800,121805700,"{'id': 173096, 'context': 13}"
1200787960,VERY_LONG,,1,249949800,209957800,"{'id': 173087, 'context': 13}"
1200787962,VERY_LONG,,1,249949800,209957800,"{'id': 173087, 'context': 13}"
1200787963,VERY_LONG,,1,249949800,209957800,"{'id': 173087, 'context': 13}"
1200787967,LONG,,1,997500,,"{'id': 6217, 'context': 0, 'modifiers': [{'type': 28, 'value': 864}]}"
1200787969,VERY_LONG,5980000,81,,,{'id': 172347}
1200787972,LONG,5000,200,,,{'id': 110609}
1200787977,VERY_LONG,19190000,5,,,{'id': 172043}
1200787988,LONG,,1,9990100,,"{'id': 22235, 'context': 14, 'modifiers': [{'type': 28, 'value': 378}]}"
1200787994,LONG,125000,10,,,{'id': 82441}
1200787997,LONG,,1,186000000,,"{'id': 82800, 'context': 0, 'modifiers': [{'type': 6, 'value': 99629}], 'pet_breed_id': 8, 'pet_level': 1, 'pet_quality_id': 3, 'pet_species_id': 3054}"
1200788006,LONG,9600,20,,,{'id': 178217}
1200788013,LONG,19900,20,,,{'id': 179992}
1200788015,LONG,,1,3164900,,"{'id': 29363, 'context': 0}"
1200788018,LONG,3000,25,,,{'id': 173032}
1200788022,LONG,7650000,8,,,{'id': 181468}
1200788029,LONG,,1,1057600,,"{'id': 27944, 'context': 31, 'modifiers': [{'type': 28, 'value': 302}]}"
1200788035,LONG,,1,8009400,,"{'id': 82800, 'context': 0, 'modifiers': [{'type': 6, 'value': 28502}], 'pet_breed_id': 5, 'pet_level': 1, 'pet_quality_id': 3, 'pet_species_id': 1511}"
1200788039,LONG,400,6,,,{'id': 171840}
1200788045,LONG,,1,163776300,,"{'id': 82800, 'context': 0, 'modifiers': [{'type': 6, 'value': 78849}], 'pet_breed_id': 5, 'pet_level': 1, 'pet_quality_id': 3, 'pet_species_id': 2577}"
1200788052,LONG,,1,7682400,,"{'id': 82800, 'context': 0, 'modifiers': [{'type': 6, 'value': 64222}], 'pet_breed_id': 6, 'pet_level': 1, 'pet_quality_id': 3, 'pet_species_id': 1688}"
1200788055,LONG,,1,70539400,,"{'id': 82800, 'context': 0, 'modifiers': [{'type': 6, 'value': 91232}], 'pet_breed_id': 20, 'pet_level': 1, 'pet_quality_id': 3, 'pet_species_id': 2760}"
1200788061,LONG,2149500,2,,,{'id': 183738}
1200788067,LONG,,1,7579100,,"{'id': 176961, 'context': 0, 'bonus_lists': [6907, 6652, 7194, 1689], 'modifiers': [{'type': 9, 'value': 60}, {'type': 28, 'value': 2060}]}"
1200788075,LONG,,1,975300,,"{'id': 177773, 'context': 0, 'bonus_lists': [6907, 6652, 7193, 1698], 'modifiers': [{'type': 9, 'value': 60}, {'type': 28, 'value': 1707}]}"
1200788080,LONG,,1,39990000,,"{'id': 127704, 'context': 14}"
